{
    "class": "02958343",
    "model": "d0552c332fd0182df3cf3d2cc3dcb043",
    "remove_doubles": true,
    "edge_split": true,
    "denoise": true,
    "camera_angle_x": 0.6911112070083618,
    "scale_factor": 2.284800369550841,
    "hdri_file": "/data/IndoorHDRDataset2018/9C4A1536-f8cef6d27b.exr",
    "center_offset": [
        0.0,
        0.0,
        -3.725290298461914e-09
    ],
    "lights": [],
    "frames": [
        {
            "file_path": "/data/shapenet_blender/all_50_random/02958343/d0552c332fd0182df3cf3d2cc3dcb043/r_0",
            "rotation": 0.12566370614359174,
            "transform_matrix": [
                [
                    -0.23807531595230103,
                    -0.46547001600265503,
                    -0.8524423837661743,
                    -3.4363045692443848
                ],
                [
                    -0.9712467193603516,
                    0.11409759521484375,
                    0.20895357429981232,
                    0.8423186540603638
                ],
                [
                    0.0,
                    0.8776782751083374,
                    -0.47925013303756714,
                    -1.9319188594818115
                ],
                [
                    0.0,
                    0.0,
                    0.0,
                    1.0
                ]
            ]
        },
        {
            "file_path": "/data/shapenet_blender/all_50_random/02958343/d0552c332fd0182df3cf3d2cc3dcb043/r_1",
            "rotation": 0.12566370614359174,
            "transform_matrix": [
                [
                    -0.9869815707206726,
                    -0.06740345060825348,
                    -0.1460278183221817,
                    -0.588657021522522
                ],
                [
                    -0.16083329916000366,
                    0.41363298892974854,
                    0.8961251378059387,
                    3.612396240234375
                ],
                [
                    -3.725290076417309e-09,
                    0.9079451560974121,
                    -0.41908887028694153,
                    -1.689401388168335
                ],
                [
                    0.0,
                    0.0,
                    0.0,
                    1.0
                ]
            ]
        },
        {
            "file_path": "/data/shapenet_blender/all_50_random/02958343/d0552c332fd0182df3cf3d2cc3dcb043/r_2",
            "rotation": 0.12566370614359174,
            "transform_matrix": [
                [
                    0.8958508968353271,
                    -0.3199293911457062,
                    0.30837714672088623,
                    1.2431080341339111
                ],
                [
                    0.44435498118400574,
                    0.645000159740448,
                    -0.6217100620269775,
                    -2.5061933994293213
                ],
                [
                    1.4901162970204496e-08,
                    0.6939882636070251,
                    0.7199862599372864,
                    2.902357339859009
                ],
                [
                    0.0,
                    0.0,
                    0.0,
                    1.0
                ]
            ]
        },
        {
            "file_path": "/data/shapenet_blender/all_50_random/02958343/d0552c332fd0182df3cf3d2cc3dcb043/r_3",
            "rotation": 0.12566370614359174,
            "transform_matrix": [
                [
                    0.19503147900104523,
                    -0.815142035484314,
                    -0.545441210269928,
                    -2.1987438201904297
                ],
                [
                    -0.9807970523834229,
                    -0.1620909720659256,
                    -0.10846096277236938,
                    -0.43722012639045715
                ],
                [
                    -1.4901162970204496e-08,
                    0.5561202168464661,
                    -0.8311017751693726,
                    -3.350278377532959
                ],
                [
                    0.0,
                    0.0,
                    0.0,
                    1.0
                ]
            ]
        },
        {
            "file_path": "/data/shapenet_blender/all_50_random/02958343/d0552c332fd0182df3cf3d2cc3dcb043/r_4",
            "rotation": 0.12566370614359174,
            "transform_matrix": [
                [
                    -0.40959519147872925,
                    0.20762604475021362,
                    -0.8883260488510132,
                    -3.5809569358825684
                ],
                [
                    -0.9122675061225891,
                    -0.09322115033864975,
                    0.3988458216190338,
                    1.6077989339828491
                ],
                [
                    7.450581485102248e-09,
                    0.9737562537193298,
                    0.22759339213371277,
                    0.9174582958221436
                ],
                [
                    0.0,
                    0.0,
                    0.0,
                    1.0
                ]
            ]
        },
        {
            "file_path": "/data/shapenet_blender/all_50_random/02958343/d0552c332fd0182df3cf3d2cc3dcb043/r_5",
            "rotation": 0.12566370614359174,
            "transform_matrix": [
                [
                    0.22475656867027283,
                    -0.698491096496582,
                    -0.6794075965881348,
                    -2.7387797832489014
                ],
                [
                    -0.9744150042533875,
                    -0.16111253201961517,
                    -0.15671077370643616,
                    -0.6317213773727417
                ],
                [
                    0.0,
                    0.6972467303276062,
                    -0.7168311476707458,
                    -2.889639139175415
                ],
                [
                    0.0,
                    0.0,
                    0.0,
                    1.0
                ]
            ]
        },
        {
            "file_path": "/data/shapenet_blender/all_50_random/02958343/d0552c332fd0182df3cf3d2cc3dcb043/r_6",
            "rotation": 0.12566370614359174,
            "transform_matrix": [
                [
                    0.24830494821071625,
                    -0.12513792514801025,
                    -0.9605650305747986,
                    -3.872161388397217
                ],
                [
                    -0.9686819911003113,
                    -0.03207695484161377,
                    -0.2462243139743805,
                    -0.992561936378479
                ],
                [
                    -1.862645371275562e-09,
                    0.9916206002235413,
                    -0.12918372452259064,
                    -0.5207562446594238
                ],
                [
                    0.0,
                    0.0,
                    0.0,
                    1.0
                ]
            ]
        },
        {
            "file_path": "/data/shapenet_blender/all_50_random/02958343/d0552c332fd0182df3cf3d2cc3dcb043/r_7",
            "rotation": 0.12566370614359174,
            "transform_matrix": [
                [
                    -0.9934586882591248,
                    0.057894594967365265,
                    0.09842821210622787,
                    0.39677682518959045
                ],
                [
                    0.11419238895177841,
                    0.5036753416061401,
                    0.8563125133514404,
                    3.451906204223633
                ],
                [
                    0.0,
                    0.861950695514679,
                    -0.5069918632507324,
                    -2.0437495708465576
                ],
                [
                    0.0,
                    0.0,
                    0.0,
                    1.0
                ]
            ]
        },
        {
            "file_path": "/data/shapenet_blender/all_50_random/02958343/d0552c332fd0182df3cf3d2cc3dcb043/r_8",
            "rotation": 0.12566370614359174,
            "transform_matrix": [
                [
                    -0.8494682908058167,
                    0.12869182229042053,
                    -0.5117050409317017,
                    -2.062748908996582
                ],
                [
                    -0.5276396870613098,
                    -0.20718613266944885,
                    0.8238144516944885,
                    3.3209023475646973
                ],
                [
                    0.0,
                    0.9698001742362976,
                    0.24390093982219696,
                    0.9831961393356323
                ],
                [
                    0.0,
                    0.0,
                    0.0,
                    1.0
                ]
            ]
        },
        {
            "file_path": "/data/shapenet_blender/all_50_random/02958343/d0552c332fd0182df3cf3d2cc3dcb043/r_9",
            "rotation": 0.12566370614359174,
            "transform_matrix": [
                [
                    0.3381609618663788,
                    -0.6202545166015625,
                    0.7077651023864746,
                    2.8530924320220947
                ],
                [
                    0.9410881996154785,
                    0.22287587821483612,
                    -0.25432103872299194,
                    -1.0252008438110352
                ],
                [
                    0.0,
                    0.7520709037780762,
                    0.6590821743011475,
                    2.6568453311920166
                ],
                [
                    0.0,
                    0.0,
                    0.0,
                    1.0
                ]
            ]
        },
        {
            "file_path": "/data/shapenet_blender/all_50_random/02958343/d0552c332fd0182df3cf3d2cc3dcb043/r_10",
            "rotation": 0.12566370614359174,
            "transform_matrix": [
                [
                    0.9942948818206787,
                    0.0022032062988728285,
                    -0.10664410144090652,
                    -0.42989614605903625
                ],
                [
                    -0.10666687786579132,
                    0.020537178963422775,
                    -0.9940826296806335,
                    -4.007275581359863
                ],
                [
                    0.0,
                    0.9997866153717041,
                    0.020655019208788872,
                    0.08326305449008942
                ],
                [
                    0.0,
                    0.0,
                    0.0,
                    1.0
                ]
            ]
        },
        {
            "file_path": "/data/shapenet_blender/all_50_random/02958343/d0552c332fd0182df3cf3d2cc3dcb043/r_11",
            "rotation": 0.12566370614359174,
            "transform_matrix": [
                [
                    -0.9849068522453308,
                    0.06725648790597916,
                    -0.15948332846164703,
                    -0.6428978443145752
                ],
                [
                    -0.17308484017848969,
                    -0.38271045684814453,
                    0.907509982585907,
                    3.658289670944214
                ],
                [
                    0.0,
                    0.9214169383049011,
                    0.3885752856731415,
                    1.5663970708847046
                ],
                [
                    0.0,
                    0.0,
                    0.0,
                    1.0
                ]
            ]
        },
        {
            "file_path": "/data/shapenet_blender/all_50_random/02958343/d0552c332fd0182df3cf3d2cc3dcb043/r_12",
            "rotation": 0.12566370614359174,
            "transform_matrix": [
                [
                    0.9634585976600647,
                    -0.15252092480659485,
                    -0.22019293904304504,
                    -0.8876261711120605
                ],
                [
                    -0.2678573727607727,
                    -0.548603892326355,
                    -0.7920138835906982,
                    -3.1927103996276855
                ],
                [
                    -1.4901162970204496e-08,
                    0.8220529556274414,
                    -0.5694109201431274,
                    -2.2953691482543945
                ],
                [
                    0.0,
                    0.0,
                    0.0,
                    1.0
                ]
            ]
        },
        {
            "file_path": "/data/shapenet_blender/all_50_random/02958343/d0552c332fd0182df3cf3d2cc3dcb043/r_13",
            "rotation": 0.12566370614359174,
            "transform_matrix": [
                [
                    -0.9658285975456238,
                    -0.25176721811294556,
                    -0.06155109778046608,
                    -0.24812041223049164
                ],
                [
                    -0.2591819763183594,
                    0.938197910785675,
                    0.22936706244945526,
                    0.9246082305908203
                ],
                [
                    0.0,
                    0.237481951713562,
                    -0.9713919162750244,
                    -3.9158060550689697
                ],
                [
                    0.0,
                    0.0,
                    0.0,
                    1.0
                ]
            ]
        },
        {
            "file_path": "/data/shapenet_blender/all_50_random/02958343/d0552c332fd0182df3cf3d2cc3dcb043/r_14",
            "rotation": 0.12566370614359174,
            "transform_matrix": [
                [
                    -0.930486261844635,
                    0.1275048404932022,
                    0.34342077374458313,
                    1.384373426437378
                ],
                [
                    0.36632677912712097,
                    0.32386791706085205,
                    0.8723039627075195,
                    3.5163698196411133
                ],
                [
                    7.450580596923828e-09,
                    0.9374710321426392,
                    -0.3480631113052368,
                    -1.4030872583389282
                ],
                [
                    0.0,
                    0.0,
                    0.0,
                    1.0
                ]
            ]
        },
        {
            "file_path": "/data/shapenet_blender/all_50_random/02958343/d0552c332fd0182df3cf3d2cc3dcb043/r_15",
            "rotation": 0.12566370614359174,
            "transform_matrix": [
                [
                    -0.002887249691411853,
                    0.054894592612981796,
                    -0.9984878897666931,
                    -4.025033950805664
                ],
                [
                    -0.9999958872795105,
                    -0.00015849505143705755,
                    0.0028828957583755255,
                    0.011621326208114624
                ],
                [
                    -1.4551916963090328e-11,
                    0.9984921813011169,
                    0.054894812405109406,
                    0.22128809988498688
                ],
                [
                    0.0,
                    0.0,
                    0.0,
                    1.0
                ]
            ]
        },
        {
            "file_path": "/data/shapenet_blender/all_50_random/02958343/d0552c332fd0182df3cf3d2cc3dcb043/r_16",
            "rotation": 0.12566370614359174,
            "transform_matrix": [
                [
                    -0.6530296206474304,
                    -0.4618125557899475,
                    0.6002344489097595,
                    2.4196224212646484
                ],
                [
                    0.7573322653770447,
                    -0.39820998907089233,
                    0.5175679326057434,
                    2.086383104324341
                ],
                [
                    -1.4901160305669237e-08,
                    0.7925642132759094,
                    0.6097884774208069,
                    2.4581360816955566
                ],
                [
                    0.0,
                    0.0,
                    0.0,
                    1.0
                ]
            ]
        },
        {
            "file_path": "/data/shapenet_blender/all_50_random/02958343/d0552c332fd0182df3cf3d2cc3dcb043/r_17",
            "rotation": 0.12566370614359174,
            "transform_matrix": [
                [
                    0.4854174256324768,
                    -0.8122309446334839,
                    -0.32349759340286255,
                    -1.304060459136963
                ],
                [
                    -0.8742824792861938,
                    -0.4509652853012085,
                    -0.1796116977930069,
                    -0.7240378856658936
                ],
                [
                    0.0,
                    0.3700149953365326,
                    -0.9290257692337036,
                    -3.745022773742676
                ],
                [
                    0.0,
                    0.0,
                    0.0,
                    1.0
                ]
            ]
        },
        {
            "file_path": "/data/shapenet_blender/all_50_random/02958343/d0552c332fd0182df3cf3d2cc3dcb043/r_18",
            "rotation": 0.12566370614359174,
            "transform_matrix": [
                [
                    -0.8170426487922668,
                    -0.1740267127752304,
                    -0.5496872067451477,
                    -2.215859889984131
                ],
                [
                    -0.5765772461891174,
                    0.24660572409629822,
                    0.7789379358291626,
                    3.1399991512298584
                ],
                [
                    -1.4901161193847656e-08,
                    0.9533625841140747,
                    -0.30182725191116333,
                    -1.2167046070098877
                ],
                [
                    0.0,
                    0.0,
                    0.0,
                    1.0
                ]
            ]
        },
        {
            "file_path": "/data/shapenet_blender/all_50_random/02958343/d0552c332fd0182df3cf3d2cc3dcb043/r_19",
            "rotation": 0.12566370614359174,
            "transform_matrix": [
                [
                    0.49059948325157166,
                    0.4131898880004883,
                    -0.7671936750411987,
                    -3.0926568508148193
                ],
                [
                    -0.8713850975036621,
                    0.23263049125671387,
                    -0.4319385588169098,
                    -1.7412000894546509
                ],
                [
                    0.0,
                    0.8804300427436829,
                    0.47417593002319336,
                    1.9114644527435303
                ],
                [
                    0.0,
                    0.0,
                    0.0,
                    1.0
                ]
            ]
        },
        {
            "file_path": "/data/shapenet_blender/all_50_random/02958343/d0552c332fd0182df3cf3d2cc3dcb043/r_20",
            "rotation": 0.12566370614359174,
            "transform_matrix": [
                [
                    0.4301988482475281,
                    -0.43815532326698303,
                    0.7892711162567139,
                    3.1816537380218506
                ],
                [
                    0.9027342796325684,
                    0.20880332589149475,
                    -0.37612786889076233,
                    -1.516219973564148
                ],
                [
                    0.0,
                    0.8743118047714233,
                    0.4853646755218506,
                    1.956567645072937
                ],
                [
                    0.0,
                    0.0,
                    0.0,
                    1.0
                ]
            ]
        },
        {
            "file_path": "/data/shapenet_blender/all_50_random/02958343/d0552c332fd0182df3cf3d2cc3dcb043/r_21",
            "rotation": 0.12566370614359174,
            "transform_matrix": [
                [
                    -0.9281880855560303,
                    0.08779960870742798,
                    -0.36160486936569214,
                    -1.4576756954193115
                ],
                [
                    -0.37211132049560547,
                    -0.21900583803653717,
                    0.901980996131897,
                    3.6360013484954834
                ],
                [
                    0.0,
                    0.9717651605606079,
                    0.23594987392425537,
                    0.951144278049469
                ],
                [
                    0.0,
                    0.0,
                    0.0,
                    1.0
                ]
            ]
        },
        {
            "file_path": "/data/shapenet_blender/all_50_random/02958343/d0552c332fd0182df3cf3d2cc3dcb043/r_22",
            "rotation": 0.12566370614359174,
            "transform_matrix": [
                [
                    -0.9325870871543884,
                    0.054313428699970245,
                    -0.3568350374698639,
                    -1.438448190689087
                ],
                [
                    -0.36094486713409424,
                    -0.1403316855430603,
                    0.921968400478363,
                    3.716573715209961
                ],
                [
                    0.0,
                    0.9886136651039124,
                    0.15047568082809448,
                    0.6065869331359863
                ],
                [
                    0.0,
                    0.0,
                    0.0,
                    1.0
                ]
            ]
        },
        {
            "file_path": "/data/shapenet_blender/all_50_random/02958343/d0552c332fd0182df3cf3d2cc3dcb043/r_23",
            "rotation": 0.12566370614359174,
            "transform_matrix": [
                [
                    -0.8729945421218872,
                    0.11275700479745865,
                    0.47451701760292053,
                    1.9128392934799194
                ],
                [
                    0.4877299964427948,
                    0.20182529091835022,
                    0.8493444323539734,
                    3.4238169193267822
                ],
                [
                    0.0,
                    0.972909152507782,
                    -0.2311873584985733,
                    -0.9319460391998291
                ],
                [
                    0.0,
                    0.0,
                    0.0,
                    1.0
                ]
            ]
        },
        {
            "file_path": "/data/shapenet_blender/all_50_random/02958343/d0552c332fd0182df3cf3d2cc3dcb043/r_24",
            "rotation": 0.12566370614359174,
            "transform_matrix": [
                [
                    -0.01970064640045166,
                    -0.15428778529167175,
                    -0.9878295063972473,
                    -3.9820680618286133
                ],
                [
                    -0.9998059868812561,
                    0.003040159121155739,
                    0.019464656710624695,
                    0.07846453785896301
                ],
                [
                    0.0,
                    0.9880212545394897,
                    -0.1543177217245102,
                    -0.6220746040344238
                ],
                [
                    0.0,
                    0.0,
                    0.0,
                    1.0
                ]
            ]
        },
        {
            "file_path": "/data/shapenet_blender/all_50_random/02958343/d0552c332fd0182df3cf3d2cc3dcb043/r_25",
            "rotation": 0.12566370614359174,
            "transform_matrix": [
                [
                    -0.48707762360572815,
                    -0.6558884978294373,
                    -0.5766849517822266,
                    -2.3246915340423584
                ],
                [
                    -0.8733587265014648,
                    0.3657931089401245,
                    0.32162079215049744,
                    1.296494960784912
                ],
                [
                    0.0,
                    0.6603071689605713,
                    -0.7509956359863281,
                    -3.027360439300537
                ],
                [
                    0.0,
                    0.0,
                    0.0,
                    1.0
                ]
            ]
        },
        {
            "file_path": "/data/shapenet_blender/all_50_random/02958343/d0552c332fd0182df3cf3d2cc3dcb043/r_26",
            "rotation": 0.12566370614359174,
            "transform_matrix": [
                [
                    -0.9902563095092773,
                    0.059488143771886826,
                    -0.12591129541397095,
                    -0.5075646638870239
                ],
                [
                    -0.13925693929195404,
                    -0.42302030324935913,
                    0.8953554034233093,
                    3.609292984008789
                ],
                [
                    -3.725290742551124e-09,
                    0.9041652679443359,
                    0.427182674407959,
                    1.7220284938812256
                ],
                [
                    0.0,
                    0.0,
                    0.0,
                    1.0
                ]
            ]
        },
        {
            "file_path": "/data/shapenet_blender/all_50_random/02958343/d0552c332fd0182df3cf3d2cc3dcb043/r_27",
            "rotation": 0.12566370614359174,
            "transform_matrix": [
                [
                    0.9902850985527039,
                    -0.09908709675073624,
                    0.09755636006593704,
                    0.39326226711273193
                ],
                [
                    0.139052152633667,
                    0.705666720867157,
                    -0.6947653293609619,
                    -2.8006887435913086
                ],
                [
                    0.0,
                    0.7015811800956726,
                    0.7125895023345947,
                    2.872540235519409
                ],
                [
                    0.0,
                    0.0,
                    0.0,
                    1.0
                ]
            ]
        },
        {
            "file_path": "/data/shapenet_blender/all_50_random/02958343/d0552c332fd0182df3cf3d2cc3dcb043/r_28",
            "rotation": 0.12566370614359174,
            "transform_matrix": [
                [
                    -0.9067633152008057,
                    0.12266222387552261,
                    -0.4034033417701721,
                    -1.6261709928512573
                ],
                [
                    -0.4216400384902954,
                    -0.2637927830219269,
                    0.8675441741943359,
                    3.497182607650757
                ],
                [
                    7.450580596923828e-09,
                    0.9567484259605408,
                    0.2909168601036072,
                    1.1727235317230225
                ],
                [
                    0.0,
                    0.0,
                    0.0,
                    1.0
                ]
            ]
        },
        {
            "file_path": "/data/shapenet_blender/all_50_random/02958343/d0552c332fd0182df3cf3d2cc3dcb043/r_29",
            "rotation": 0.12566370614359174,
            "transform_matrix": [
                [
                    -0.7678399085998535,
                    0.333016574382782,
                    -0.547285795211792,
                    -2.2061798572540283
                ],
                [
                    -0.6406417489051819,
                    -0.39913636445999146,
                    0.6559483408927917,
                    2.644212484359741
                ],
                [
                    0.0,
                    0.854277491569519,
                    0.5198171138763428,
                    2.0954501628875732
                ],
                [
                    0.0,
                    0.0,
                    0.0,
                    1.0
                ]
            ]
        },
        {
            "file_path": "/data/shapenet_blender/all_50_random/02958343/d0552c332fd0182df3cf3d2cc3dcb043/r_30",
            "rotation": 0.12566370614359174,
            "transform_matrix": [
                [
                    0.988154947757721,
                    0.11927442997694016,
                    0.09655819088220596,
                    0.38923850655555725
                ],
                [
                    0.15345969796180725,
                    -0.7680298089981079,
                    -0.6217557787895203,
                    -2.506377696990967
                ],
                [
                    7.450580596923828e-09,
                    0.6292088627815247,
                    -0.7772363424301147,
                    -3.1331398487091064
                ],
                [
                    0.0,
                    0.0,
                    0.0,
                    1.0
                ]
            ]
        },
        {
            "file_path": "/data/shapenet_blender/all_50_random/02958343/d0552c332fd0182df3cf3d2cc3dcb043/r_31",
            "rotation": 0.12566370614359174,
            "transform_matrix": [
                [
                    -0.5566990375518799,
                    -0.07674866914749146,
                    0.8271613121032715,
                    3.3343939781188965
                ],
                [
                    0.8307143449783325,
                    -0.05143274366855621,
                    0.5543180108070374,
                    2.234527349472046
                ],
                [
                    7.450581485102248e-09,
                    0.9957229495048523,
                    0.09238877892494202,
                    0.37243106961250305
                ],
                [
                    0.0,
                    0.0,
                    0.0,
                    1.0
                ]
            ]
        },
        {
            "file_path": "/data/shapenet_blender/all_50_random/02958343/d0552c332fd0182df3cf3d2cc3dcb043/r_32",
            "rotation": 0.12566370614359174,
            "transform_matrix": [
                [
                    0.6605150699615479,
                    0.5773935914039612,
                    -0.47993379831314087,
                    -1.9346749782562256
                ],
                [
                    -0.7508127689361572,
                    0.5079523921012878,
                    -0.42221376299858093,
                    -1.7019981145858765
                ],
                [
                    0.0,
                    0.6392188668251038,
                    0.7690247893333435,
                    3.1000380516052246
                ],
                [
                    0.0,
                    0.0,
                    0.0,
                    1.0
                ]
            ]
        },
        {
            "file_path": "/data/shapenet_blender/all_50_random/02958343/d0552c332fd0182df3cf3d2cc3dcb043/r_33",
            "rotation": 0.12566370614359174,
            "transform_matrix": [
                [
                    0.9724977016448975,
                    -0.1006498709321022,
                    0.21004237234592438,
                    0.8467079401016235
                ],
                [
                    0.23291243612766266,
                    0.42025136947631836,
                    -0.8770065307617188,
                    -3.5353267192840576
                ],
                [
                    -7.450580596923828e-09,
                    0.9018084406852722,
                    0.43213599920272827,
                    1.7419960498809814
                ],
                [
                    0.0,
                    0.0,
                    0.0,
                    1.0
                ]
            ]
        },
        {
            "file_path": "/data/shapenet_blender/all_50_random/02958343/d0552c332fd0182df3cf3d2cc3dcb043/r_34",
            "rotation": 0.12566370614359174,
            "transform_matrix": [
                [
                    0.5866491198539734,
                    -0.7842852473258972,
                    0.2018393725156784,
                    0.8136405348777771
                ],
                [
                    0.8098410964012146,
                    0.5681365132331848,
                    -0.14621250331401825,
                    -0.5894014239311218
                ],
                [
                    -1.4901160305669237e-08,
                    0.24923346936702728,
                    0.9684435129165649,
                    3.9039206504821777
                ],
                [
                    0.0,
                    0.0,
                    0.0,
                    1.0
                ]
            ]
        },
        {
            "file_path": "/data/shapenet_blender/all_50_random/02958343/d0552c332fd0182df3cf3d2cc3dcb043/r_35",
            "rotation": 0.12566370614359174,
            "transform_matrix": [
                [
                    0.4906119406223297,
                    -0.3740517199039459,
                    0.7870103120803833,
                    3.1725399494171143
                ],
                [
                    0.8713781237602234,
                    0.2106022983789444,
                    -0.44311031699180603,
                    -1.7862348556518555
                ],
                [
                    -1.4901160305669237e-08,
                    0.9031787514686584,
                    0.4292645752429962,
                    1.7304208278656006
                ],
                [
                    0.0,
                    0.0,
                    0.0,
                    1.0
                ]
            ]
        },
        {
            "file_path": "/data/shapenet_blender/all_50_random/02958343/d0552c332fd0182df3cf3d2cc3dcb043/r_36",
            "rotation": 0.12566370614359174,
            "transform_matrix": [
                [
                    0.9448056221008301,
                    -0.028478115797042847,
                    -0.32639145851135254,
                    -1.3157260417938232
                ],
                [
                    -0.32763150334358215,
                    -0.08212362229824066,
                    -0.9412296414375305,
                    -3.794218063354492
                ],
                [
                    -1.862645371275562e-09,
                    0.9962151646614075,
                    -0.08692117780447006,
                    -0.3503904640674591
                ],
                [
                    0.0,
                    0.0,
                    0.0,
                    1.0
                ]
            ]
        },
        {
            "file_path": "/data/shapenet_blender/all_50_random/02958343/d0552c332fd0182df3cf3d2cc3dcb043/r_37",
            "rotation": 0.12566370614359174,
            "transform_matrix": [
                [
                    0.6147907376289368,
                    -0.14447298645973206,
                    0.7753450274467468,
                    3.1255156993865967
                ],
                [
                    0.7886902093887329,
                    0.11261793226003647,
                    -0.6043880581855774,
                    -2.436366081237793
                ],
                [
                    -7.450580152834618e-09,
                    0.983079195022583,
                    0.18318091332912445,
                    0.7384258508682251
                ],
                [
                    0.0,
                    0.0,
                    0.0,
                    1.0
                ]
            ]
        },
        {
            "file_path": "/data/shapenet_blender/all_50_random/02958343/d0552c332fd0182df3cf3d2cc3dcb043/r_38",
            "rotation": 0.12566370614359174,
            "transform_matrix": [
                [
                    -0.6615569591522217,
                    -0.36522749066352844,
                    -0.6549437642097473,
                    -2.640162706375122
                ],
                [
                    -0.7498949766159058,
                    0.32220351696014404,
                    0.5777910351753235,
                    2.3291501998901367
                ],
                [
                    1.4901161193847656e-08,
                    0.8733806610107422,
                    -0.48703816533088684,
                    -1.9633136987686157
                ],
                [
                    0.0,
                    0.0,
                    0.0,
                    1.0
                ]
            ]
        },
        {
            "file_path": "/data/shapenet_blender/all_50_random/02958343/d0552c332fd0182df3cf3d2cc3dcb043/r_39",
            "rotation": 0.12566370614359174,
            "transform_matrix": [
                [
                    0.826802670955658,
                    -0.07278933376073837,
                    0.5577625632286072,
                    2.248412847518921
                ],
                [
                    0.5624921321868896,
                    0.1069924607872963,
                    -0.819850742816925,
                    -3.3049240112304688
                ],
                [
                    0.0,
                    0.99159175157547,
                    0.12940508127212524,
                    0.5216485857963562
                ],
                [
                    0.0,
                    0.0,
                    0.0,
                    1.0
                ]
            ]
        },
        {
            "file_path": "/data/shapenet_blender/all_50_random/02958343/d0552c332fd0182df3cf3d2cc3dcb043/r_40",
            "rotation": 0.12566370614359174,
            "transform_matrix": [
                [
                    0.9851551651954651,
                    -0.010271092876791954,
                    -0.1713590770959854,
                    -0.6907705664634705
                ],
                [
                    -0.17166665196418762,
                    -0.058943428099155426,
                    -0.9833900928497314,
                    -3.964172601699829
                ],
                [
                    -9.31322685637781e-10,
                    0.9982084035873413,
                    -0.05983162298798561,
                    -0.24118900299072266
                ],
                [
                    0.0,
                    0.0,
                    0.0,
                    1.0
                ]
            ]
        },
        {
            "file_path": "/data/shapenet_blender/all_50_random/02958343/d0552c332fd0182df3cf3d2cc3dcb043/r_41",
            "rotation": 0.12566370614359174,
            "transform_matrix": [
                [
                    -0.7392963767051697,
                    0.12578238546848297,
                    -0.6615282893180847,
                    -2.666705846786499
                ],
                [
                    -0.6733802556991577,
                    -0.13809502124786377,
                    0.7262842655181885,
                    2.9277455806732178
