{
    "class": "02958343",
    "model": "baf3415a57e6f282b23c333ee1a445e",
    "remove_doubles": true,
    "edge_split": true,
    "denoise": true,
    "camera_angle_x": 0.6911112070083618,
    "scale_factor": 2.3029429851532988,
    "hdri_file": "/data/IndoorHDRDataset2018/9C4A4833-a8c0745bc0.exr",
    "center_offset": [
        0.0,
        0.0,
        -9.313225746154785e-10
    ],
    "lights": [],
    "frames": [
        {
            "file_path": "/data/shapenet_blender/all_50_random/02958343/baf3415a57e6f282b23c333ee1a445e/r_0",
            "rotation": 0.12566370614359174,
            "transform_matrix": [
                [
                    0.9984889030456543,
                    -0.010468734428286552,
                    0.05394725874066353,
                    0.21746835112571716
                ],
                [
                    0.05495363101363182,
                    0.1902133822441101,
                    -0.9802035093307495,
                    -3.951326847076416
                ],
                [
                    -9.313225746154785e-10,
                    0.9816870093345642,
                    0.19050122797489166,
                    0.767935037612915
                ],
                [
                    0.0,
                    0.0,
                    0.0,
                    1.0
                ]
            ]
        },
        {
            "file_path": "/data/shapenet_blender/all_50_random/02958343/baf3415a57e6f282b23c333ee1a445e/r_1",
            "rotation": 0.12566370614359174,
            "transform_matrix": [
                [
                    -0.4307892322540283,
                    0.04884710907936096,
                    0.9011296033859253,
                    3.6325697898864746
                ],
                [
                    0.9024525880813599,
                    0.023317357525229454,
                    0.43015772104263306,
                    1.7340213060379028
                ],
                [
                    1.8626449271863521e-09,
                    0.9985341429710388,
                    -0.05412706360220909,
                    -0.2181931883096695
                ],
                [
                    0.0,
                    0.0,
                    0.0,
                    1.0
                ]
            ]
        },
        {
            "file_path": "/data/shapenet_blender/all_50_random/02958343/baf3415a57e6f282b23c333ee1a445e/r_2",
            "rotation": 0.12566370614359174,
            "transform_matrix": [
                [
                    -0.9501228332519531,
                    -0.21885859966278076,
                    0.222188338637352,
                    0.8956698775291443
                ],
                [
                    0.31187623739242554,
                    -0.666746973991394,
                    0.6768909692764282,
                    2.72863507270813
                ],
                [
                    0.0,
                    0.7124247550964355,
                    0.7017483115196228,
                    2.8288381099700928
                ],
                [
                    0.0,
                    0.0,
                    0.0,
                    1.0
                ]
            ]
        },
        {
            "file_path": "/data/shapenet_blender/all_50_random/02958343/baf3415a57e6f282b23c333ee1a445e/r_3",
            "rotation": 0.12566370614359174,
            "transform_matrix": [
                [
                    0.29203251004219055,
                    0.011587307788431644,
                    0.9563381671905518,
                    3.8551225662231445
                ],
                [
                    0.9564083814620972,
                    -0.0035381021443754435,
                    -0.2920110821723938,
                    -1.1771342754364014
                ],
                [
                    -2.3283064365386963e-10,
                    0.9999266266822815,
                    -0.012115437537431717,
                    -0.048838891088962555
                ],
                [
                    0.0,
                    0.0,
                    0.0,
                    1.0
                ]
            ]
        },
        {
            "file_path": "/data/shapenet_blender/all_50_random/02958343/baf3415a57e6f282b23c333ee1a445e/r_4",
            "rotation": 0.12566370614359174,
            "transform_matrix": [
                [
                    -0.03215155005455017,
                    0.36825329065322876,
                    0.9291693568229675,
                    3.7456016540527344
                ],
                [
                    0.9994831085205078,
                    0.011846037581562996,
                    0.029889686033129692,
                    0.12048918753862381
                ],
                [
                    0.0,
                    0.9296500086784363,
                    -0.3684437870979309,
                    -1.4852445125579834
                ],
                [
                    0.0,
                    0.0,
                    0.0,
                    1.0
                ]
            ]
        },
        {
            "file_path": "/data/shapenet_blender/all_50_random/02958343/baf3415a57e6f282b23c333ee1a445e/r_5",
            "rotation": 0.12566370614359174,
            "transform_matrix": [
                [
                    -0.9931303858757019,
                    0.03755985572934151,
                    -0.11082088947296143,
                    -0.446733295917511
                ],
                [
                    -0.1170128732919693,
                    -0.31878402829170227,
                    0.9405767917633057,
                    3.791586399078369
                ],
                [
                    0.0,
                    0.9470828175544739,
                    0.32098910212516785,
                    1.2939484119415283
                ],
                [
                    0.0,
                    0.0,
                    0.0,
                    1.0
                ]
            ]
        },
        {
            "file_path": "/data/shapenet_blender/all_50_random/02958343/baf3415a57e6f282b23c333ee1a445e/r_6",
            "rotation": 0.12566370614359174,
            "transform_matrix": [
                [
                    0.8162262439727783,
                    -0.06520698964595795,
                    -0.5740405917167664,
                    -2.3140318393707275
                ],
                [
                    -0.577732264995575,
                    -0.09212511777877808,
                    -0.8110105991363525,
                    -3.2692885398864746
                ],
                [
                    3.725290076417309e-09,
                    0.9936100840568542,
                    -0.11286711692810059,
                    -0.4549819231033325
                ],
                [
                    0.0,
                    0.0,
                    0.0,
                    1.0
                ]
            ]
        },
        {
            "file_path": "/data/shapenet_blender/all_50_random/02958343/baf3415a57e6f282b23c333ee1a445e/r_7",
            "rotation": 0.12566370614359174,
            "transform_matrix": [
                [
                    -0.11457975208759308,
                    -0.2469361424446106,
                    0.9622339010238647,
                    3.8788886070251465
                ],
                [
                    0.993414044380188,
                    -0.028481461107730865,
                    0.1109834536910057,
                    0.44738858938217163
                ],
                [
                    0.0,
                    0.9686130285263062,
                    0.24857324361801147,
                    1.0020307302474976
                ],
                [
                    0.0,
                    0.0,
                    0.0,
                    1.0
                ]
            ]
        },
        {
            "file_path": "/data/shapenet_blender/all_50_random/02958343/baf3415a57e6f282b23c333ee1a445e/r_8",
            "rotation": 0.12566370614359174,
            "transform_matrix": [
                [
                    0.20518356561660767,
                    -0.0019297081744298339,
                    0.9787216782569885,
                    3.945352792739868
                ],
                [
                    0.978723406791687,
                    0.0004045518289785832,
                    -0.20518319308757782,
                    -0.8271198272705078
                ],
                [
                    2.9103821783116324e-11,
                    0.9999980926513672,
                    0.0019716580864042044,
                    0.007948007434606552
                ],
                [
                    0.0,
                    0.0,
                    0.0,
                    1.0
                ]
            ]
        },
        {
            "file_path": "/data/shapenet_blender/all_50_random/02958343/baf3415a57e6f282b23c333ee1a445e/r_9",
            "rotation": 0.12566370614359174,
            "transform_matrix": [
                [
                    -0.17542584240436554,
                    0.4849355220794678,
                    0.8567749261856079,
                    3.453770160675049
                ],
                [
                    0.9844927191734314,
                    0.08641020953655243,
                    0.15266793966293335,
                    0.6154241561889648
                ],
                [
                    0.0,
                    0.8702704310417175,
                    -0.4925740659236908,
                    -1.9856295585632324
                ],
                [
                    0.0,
                    0.0,
                    0.0,
                    1.0
                ]
            ]
        },
        {
            "file_path": "/data/shapenet_blender/all_50_random/02958343/baf3415a57e6f282b23c333ee1a445e/r_10",
            "rotation": 0.12566370614359174,
            "transform_matrix": [
                [
                    -0.4196832478046417,
                    -0.10044725984334946,
                    0.9020954966545105,
                    3.6364634037017822
                ],
                [
                    0.9076705574989319,
                    -0.04644419997930527,
                    0.41710546612739563,
                    1.681406021118164
                ],
                [
                    3.725290076417309e-09,
                    0.9938576817512512,
                    0.11066488921642303,
                    0.4461044669151306
                ],
                [
                    0.0,
                    0.0,
                    0.0,
                    1.0
                ]
            ]
        },
        {
            "file_path": "/data/shapenet_blender/all_50_random/02958343/baf3415a57e6f282b23c333ee1a445e/r_11",
            "rotation": 0.12566370614359174,
            "transform_matrix": [
                [
                    -0.14774547517299652,
                    -0.2735990881919861,
                    -0.9504286646842957,
                    -3.831300735473633
                ],
                [
                    -0.989025354385376,
                    0.04087158292531967,
                    0.14197972416877747,
                    0.5723386406898499
                ],
                [
                    0.0,
                    0.9609749913215637,
                    -0.2766350209712982,
                    -1.1151515245437622
                ],
                [
                    0.0,
                    0.0,
                    0.0,
                    1.0
                ]
            ]
        },
        {
            "file_path": "/data/shapenet_blender/all_50_random/02958343/baf3415a57e6f282b23c333ee1a445e/r_12",
            "rotation": 0.12566370614359174,
            "transform_matrix": [
                [
                    0.6665238738059998,
                    -0.6882236003875732,
                    0.2865206301212311,
                    1.1550017595291138
                ],
                [
                    0.7454836368560791,
                    0.6153286695480347,
                    -0.2561730742454529,
                    -1.032666802406311
                ],
                [
                    0.0,
                    0.3843420743942261,
                    0.923190712928772,
                    3.721501111984253
                ],
                [
                    0.0,
                    0.0,
                    0.0,
                    1.0
                ]
            ]
        },
        {
            "file_path": "/data/shapenet_blender/all_50_random/02958343/baf3415a57e6f282b23c333ee1a445e/r_13",
            "rotation": 0.12566370614359174,
            "transform_matrix": [
                [
                    0.5453149676322937,
                    -0.4374498426914215,
                    0.7150309681892395,
                    2.8823819160461426
                ],
                [
                    0.8382312655448914,
                    0.2845848798751831,
                    -0.46516647934913635,
                    -1.8751460313796997
                ],
                [
                    0.0,
                    0.8530234694480896,
                    0.5218725204467773,
                    2.1037354469299316
                ],
                [
                    0.0,
                    0.0,
                    0.0,
                    1.0
                ]
            ]
        },
        {
            "file_path": "/data/shapenet_blender/all_50_random/02958343/baf3415a57e6f282b23c333ee1a445e/r_14",
            "rotation": 0.12566370614359174,
            "transform_matrix": [
                [
                    0.9999434351921082,
                    -0.0042660837061703205,
                    -0.009736559353768826,
                    -0.03924933075904846
                ],
                [
                    -0.010630148462951183,
                    -0.40129658579826355,
                    -0.915886402130127,
                    -3.69205641746521
                ],
                [
                    0.0,
                    0.915938138961792,
                    -0.4013192057609558,
                    -1.6177695989608765
                ],
                [
                    0.0,
                    0.0,
                    0.0,
                    1.0
                ]
            ]
        },
        {
            "file_path": "/data/shapenet_blender/all_50_random/02958343/baf3415a57e6f282b23c333ee1a445e/r_15",
            "rotation": 0.12566370614359174,
            "transform_matrix": [
                [
                    -0.8326368927955627,
                    -0.46358320116996765,
                    0.3029959797859192,
                    1.2214158773422241
                ],
                [
                    0.5538194179534912,
                    -0.6969717144966125,
                    0.45553767681121826,
                    1.8363311290740967
                ],
                [
                    1.4901161193847656e-08,
                    0.5471025109291077,
                    0.8370656371116638,
                    3.374319553375244
                ],
                [
                    0.0,
                    0.0,
                    0.0,
                    1.0
                ]
            ]
        },
        {
            "file_path": "/data/shapenet_blender/all_50_random/02958343/baf3415a57e6f282b23c333ee1a445e/r_16",
            "rotation": 0.12566370614359174,
            "transform_matrix": [
                [
                    -0.827116847038269,
                    0.46120762825012207,
                    0.3211933672428131,
                    1.2947719097137451
                ],
                [
                    0.5620298981666565,
                    0.6787407398223877,
                    0.47268739342689514,
                    1.9054638147354126
                ],
                [
                    0.0,
                    0.571488082408905,
                    -0.8206104040145874,
                    -3.307986259460449
                ],
                [
                    0.0,
                    0.0,
                    0.0,
                    1.0
                ]
            ]
        },
        {
            "file_path": "/data/shapenet_blender/all_50_random/02958343/baf3415a57e6f282b23c333ee1a445e/r_17",
            "rotation": 0.12566370614359174,
            "transform_matrix": [
                [
                    -0.6499415040016174,
                    -0.07573578506708145,
                    -0.7562011480331421,
                    -3.048344373703003
                ],
                [
                    -0.7599842548370361,
                    0.06476953625679016,
                    0.6467061638832092,
                    2.6069560050964355
                ],
                [
                    -3.725290742551124e-09,
                    0.9950219392776489,
                    -0.0996544286608696,
                    -0.4017198383808136
                ],
                [
                    0.0,
                    0.0,
                    0.0,
                    1.0
                ]
            ]
        },
        {
            "file_path": "/data/shapenet_blender/all_50_random/02958343/baf3415a57e6f282b23c333ee1a445e/r_18",
            "rotation": 0.12566370614359174,
            "transform_matrix": [
                [
                    -0.20743292570114136,
                    -0.6269590854644775,
                    -0.7509286403656006,
                    -3.027090311050415
                ],
                [
                    -0.9782493114471436,
                    0.13294357061386108,
                    0.15923069417476654,
                    0.6418794989585876
                ],
                [
                    0.0,
                    0.767625093460083,
                    -0.6408990621566772,
                    -2.5835471153259277
                ],
                [
                    0.0,
                    0.0,
                    0.0,
                    1.0
                ]
            ]
        },
        {
            "file_path": "/data/shapenet_blender/all_50_random/02958343/baf3415a57e6f282b23c333ee1a445e/r_19",
            "rotation": 0.12566370614359174,
            "transform_matrix": [
                [
                    0.6479387879371643,
                    0.21902398765087128,
                    -0.7295230031013489,
                    -2.9408013820648193
                ],
                [
                    -0.7616924047470093,
                    0.18631424009799957,
                    -0.6205736994743347,
                    -2.501612663269043
                ],
                [
                    0.0,
                    0.9577658772468567,
                    0.28754913806915283,
                    1.1591476202011108
                ],
                [
                    0.0,
                    0.0,
                    0.0,
                    1.0
                ]
            ]
        },
        {
            "file_path": "/data/shapenet_blender/all_50_random/02958343/baf3415a57e6f282b23c333ee1a445e/r_20",
            "rotation": 0.12566370614359174,
            "transform_matrix": [
                [
                    0.5205609202384949,
                    -0.5879348516464233,
                    0.6191518306732178,
                    2.4958810806274414
                ],
                [
                    0.8538246154785156,
                    0.3584528863430023,
                    -0.3774853050708771,
                    -1.5216920375823975
                ],
                [
                    0.0,
                    0.7251511812210083,
                    0.6885896325111389,
                    2.7757937908172607
                ],
                [
                    0.0,
                    0.0,
                    0.0,
                    1.0
                ]
            ]
        },
        {
            "file_path": "/data/shapenet_blender/all_50_random/02958343/baf3415a57e6f282b23c333ee1a445e/r_21",
            "rotation": 0.12566370614359174,
            "transform_matrix": [
                [
                    0.4421498775482178,
                    -0.5318690538406372,
                    -0.7222316265106201,
                    -2.9114091396331787
                ],
                [
                    -0.8969411253929138,
                    -0.2621864676475525,
                    -0.356026291847229,
                    -1.4351880550384521
                ],
                [
                    0.0,
                    0.8052163124084473,
                    -0.5929809808731079,
                    -2.390383005142212
                ],
                [
                    0.0,
                    0.0,
                    0.0,
                    1.0
                ]
            ]
        },
        {
            "file_path": "/data/shapenet_blender/all_50_random/02958343/baf3415a57e6f282b23c333ee1a445e/r_22",
            "rotation": 0.12566370614359174,
            "transform_matrix": [
                [
                    -0.0525531992316246,
                    0.3213578462600708,
                    -0.9454984068870544,
                    -3.8114259243011475
                ],
                [
                    -0.9986181855201721,
                    -0.01691175252199173,
                    0.04975772276520729,
                    0.20057979226112366
                ],
                [
                    -1.862645371275562e-09,
                    0.946806788444519,
                    0.3218025267124176,
                    1.2972275018692017
                ],
                [
                    0.0,
                    0.0,
                    0.0,
                    1.0
                ]
            ]
        },
        {
            "file_path": "/data/shapenet_blender/all_50_random/02958343/baf3415a57e6f282b23c333ee1a445e/r_23",
            "rotation": 0.12566370614359174,
            "transform_matrix": [
                [
                    -0.029573138803243637,
                    0.7457557916641235,
                    -0.665562629699707,
                    -2.682968854904175
                ],
                [
                    -0.9995627403259277,
                    -0.02206398732960224,
                    0.019691385328769684,
                    0.07937851548194885
                ],
                [
                    -9.31322685637781e-10,
                    0.6658537983894348,
                    0.7460821866989136,
                    3.0075535774230957
                ],
                [
                    0.0,
                    0.0,
                    0.0,
                    1.0
                ]
            ]
        },
        {
            "file_path": "/data/shapenet_blender/all_50_random/02958343/baf3415a57e6f282b23c333ee1a445e/r_24",
            "rotation": 0.12566370614359174,
            "transform_matrix": [
                [
                    0.9295334815979004,
                    -0.033014681190252304,
                    0.3672567307949066,
                    1.4804593324661255
                ],
                [
                    0.36873769760131836,
                    0.08322515338659286,
                    -0.9258002042770386,
                    -3.732020139694214
                ],
                [
                    1.8626449271863521e-09,
                    0.9959837198257446,
                    0.08953431993722916,
                    0.3609244227409363
                ],
                [
                    0.0,
                    0.0,
                    0.0,
                    1.0
                ]
            ]
        },
        {
            "file_path": "/data/shapenet_blender/all_50_random/02958343/baf3415a57e6f282b23c333ee1a445e/r_25",
            "rotation": 0.12566370614359174,
            "transform_matrix": [
                [
                    -0.6865370869636536,
                    -0.2120378464460373,
                    0.695490300655365,
                    2.8036110401153564
                ],
                [
                    0.727094829082489,
                    -0.20021025836467743,
                    0.656695544719696,
                    2.6472244262695312
                ],
                [
                    -1.4901162970204496e-08,
                    0.9565331935882568,
                    0.29162341356277466,
                    1.1755715608596802
                ],
                [
                    0.0,
                    0.0,
                    0.0,
                    1.0
                ]
            ]
        },
        {
            "file_path": "/data/shapenet_blender/all_50_random/02958343/baf3415a57e6f282b23c333ee1a445e/r_26",
            "rotation": 0.12566370614359174,
            "transform_matrix": [
                [
                    -0.8211961984634399,
                    0.10875942558050156,
                    -0.5601858496665955,
                    -2.25818133354187
                ],
                [
                    -0.5706459283828735,
                    -0.15651178359985352,
                    0.8061434030532837,
                    3.2496681213378906
                ],
                [
                    0.0,
                    0.9816696643829346,
                    0.1905900090932846,
                    0.7682929039001465
                ],
                [
                    0.0,
                    0.0,
                    0.0,
                    1.0
                ]
            ]
        },
        {
            "file_path": "/data/shapenet_blender/all_50_random/02958343/baf3415a57e6f282b23c333ee1a445e/r_27",
            "rotation": 0.12566370614359174,
            "transform_matrix": [
                [
                    0.8500665426254272,
                    0.11570397019386292,
                    0.5138087868690491,
                    2.0712294578552246
                ],
                [
                    0.526675283908844,
                    -0.18674896657466888,
                    -0.8292996287345886,
                    -3.3430137634277344
                ],
                [
                    7.450580596923828e-09,
                    0.9755703210830688,
                    -0.21968746185302734,
                    -0.8855884671211243
                ],
                [
                    0.0,
                    0.0,
                    0.0,
                    1.0
                ]
            ]
        },
        {
            "file_path": "/data/shapenet_blender/all_50_random/02958343/baf3415a57e6f282b23c333ee1a445e/r_28",
            "rotation": 0.12566370614359174,
            "transform_matrix": [
                [
                    0.010649425908923149,
                    -0.13470475375652313,
                    -0.9908285140991211,
                    -3.994157552719116
                ],
                [
                    -0.9999433159828186,
                    -0.0014346096431836486,
                    -0.010552353225648403,
                    -0.04253789782524109
                ],
                [
                    0.0,
                    0.9908846616744995,
                    -0.13471239805221558,
                    -0.5430430173873901
                ],
                [
                    0.0,
                    0.0,
                    0.0,
                    1.0
                ]
            ]
        },
        {
            "file_path": "/data/shapenet_blender/all_50_random/02958343/baf3415a57e6f282b23c333ee1a445e/r_29",
            "rotation": 0.12566370614359174,
            "transform_matrix": [
                [
                    -0.3114919364452362,
                    -0.06813662499189377,
                    -0.9478027820587158,
                    -3.8207151889801025
                ],
                [
                    -0.9502488374710083,
                    0.02233521267771721,
                    0.31069013476371765,
                    1.2524319887161255
                ],
                [
                    0.0,
                    0.9974258542060852,
                    -0.07170398533344269,
                    -0.2890480160713196
                ],
                [
                    0.0,
                    0.0,
                    0.0,
                    1.0
                ]
            ]
        },
        {
            "file_path": "/data/shapenet_blender/all_50_random/02958343/baf3415a57e6f282b23c333ee1a445e/r_30",
            "rotation": 0.12566370614359174,
            "transform_matrix": [
                [
                    -0.5334393978118896,
                    -0.2590101957321167,
                    -0.8052057027816772,
                    -3.2458879947662354
                ],
                [
                    -0.8458384275436401,
                    0.1633482724428177,
                    0.5078138113021851,
                    2.047062873840332
                ],
                [
                    0.0,
                    0.9519616961479187,
                    -0.30621713399887085,
                    -1.234400749206543
                ],
                [
                    0.0,
                    0.0,
                    0.0,
                    1.0
                ]
            ]
        },
        {
            "file_path": "/data/shapenet_blender/all_50_random/02958343/baf3415a57e6f282b23c333ee1a445e/r_31",
            "rotation": 0.12566370614359174,
            "transform_matrix": [
                [
                    0.2537834644317627,
                    0.045306697487831116,
                    0.9661993980407715,
                    3.894874334335327
                ],
                [
                    0.9672611355781555,
                    -0.011887267231941223,
                    -0.2535049021244049,
                    -1.0219109058380127
                ],
                [
                    9.31322685637781e-10,
                    0.9989023804664612,
                    -0.04684019833803177,
                    -0.18881887197494507
                ],
                [
                    0.0,
                    0.0,
                    0.0,
                    1.0
                ]
            ]
        },
        {
            "file_path": "/data/shapenet_blender/all_50_random/02958343/baf3415a57e6f282b23c333ee1a445e/r_32",
            "rotation": 0.12566370614359174,
            "transform_matrix": [
                [
                    -0.9415199160575867,
                    0.2501850426197052,
                    0.22571589052677155,
                    0.9098898768424988
                ],
                [
                    0.33695733547210693,
                    0.6990624666213989,
                    0.6306911706924438,
                    2.5423974990844727
                ],
                [
                    0.0,
                    0.6698649525642395,
                    -0.7424829006195068,
                    -2.993044376373291
                ],
                [
                    0.0,
                    0.0,
                    0.0,
                    1.0
                ]
            ]
        },
        {
            "file_path": "/data/shapenet_blender/all_50_random/02958343/baf3415a57e6f282b23c333ee1a445e/r_33",
            "rotation": 0.12566370614359174,
            "transform_matrix": [
                [
                    -0.4587981700897217,
                    0.2450898289680481,
                    0.8540698289871216,
                    3.4428656101226807
                ],
                [
                    0.8885406255722046,
                    0.12655219435691833,
                    0.44099918007850647,
                    1.7777245044708252
                ],
                [
                    0.0,
                    0.961205244064331,
                    -0.2758341133594513,
                    -1.1119228601455688
                ],
                [
                    0.0,
                    0.0,
                    0.0,
                    1.0
                ]
            ]
        },
        {
            "file_path": "/data/shapenet_blender/all_50_random/02958343/baf3415a57e6f282b23c333ee1a445e/r_34",
            "rotation": 0.12566370614359174,
            "transform_matrix": [
                [
                    -0.6905100345611572,
                    -0.11185277253389359,
                    0.7146222591400146,
                    2.880734443664551
                ],
                [
                    0.7233229279518127,
                    -0.10677867382764816,
                    0.6822040677070618,
                    2.7500524520874023
                ],
                [
                    0.0,
                    0.987971305847168,
                    0.1546373963356018,
                    0.6233632564544678
                ],
                [
                    0.0,
                    0.0,
                    0.0,
                    1.0
                ]
            ]
        },
        {
            "file_path": "/data/shapenet_blender/all_50_random/02958343/baf3415a57e6f282b23c333ee1a445e/r_35",
            "rotation": 0.12566370614359174,
            "transform_matrix": [
                [
                    -0.5293871164321899,
                    -0.09623410552740097,
                    0.8429046869277954,
                    3.397857427597046
                ],
                [
                    0.8483803868293762,
                    -0.06004983186721802,
                    0.5259702801704407,
                    2.1202540397644043
                ],
                [
                    3.725290298461914e-09,
                    0.9935455918312073,
                    0.11343275010585785,
                    0.4572620391845703
                ],
                [
                    0.0,
                    0.0,
                    0.0,
                    1.0
                ]
            ]
        },
        {
            "file_path": "/data/shapenet_blender/all_50_random/02958343/baf3415a57e6f282b23c333ee1a445e/r_36",
            "rotation": 0.12566370614359174,
            "transform_matrix": [
                [
                    -0.9557030200958252,
                    -0.07864174246788025,
                    -0.2836320996284485,
                    -1.143357515335083
                ],
                [
                    -0.2943325936794281,
                    0.25535106658935547,
                    0.9209582805633545,
                    3.712501287460327
                ],
                [
                    0.0,
                    0.963644802570343,
                    -0.26718661189079285,
                    -1.0770636796951294
                ],
                [
                    0.0,
                    0.0,
                    0.0,
                    1.0
                ]
            ]
        },
        {
            "file_path": "/data/shapenet_blender/all_50_random/02958343/baf3415a57e6f282b23c333ee1a445e/r_37",
            "rotation": 0.12566370614359174,
            "transform_matrix": [
                [
                    -0.485405296087265,
                    0.2430700957775116,
                    -0.8398205637931824,
                    -3.385425090789795
                ],
                [
                    -0.8742892146110535,
                    -0.13495248556137085,
                    0.46626830101013184,
                    1.8795876502990723
                ],
                [
                    0.0,
                    0.9605752229690552,
                    0.2780202031135559,
                    1.1207352876663208
                ],
                [
                    0.0,
                    0.0,
                    0.0,
                    1.0
                ]
            ]
        },
        {
            "file_path": "/data/shapenet_blender/all_50_random/02958343/baf3415a57e6f282b23c333ee1a445e/r_38",
            "rotation": 0.12566370614359174,
            "transform_matrix": [
                [
                    -0.8999625444412231,
                    -0.023221377283334732,
                    -0.43534839153289795,
                    -1.7549452781677246
                ],
                [
                    -0.43596720695495605,
                    0.047935646027326584,
                    0.898685097694397,
                    3.6227149963378906
                ],
                [
                    0.0,
                    0.9985803961753845,
                    -0.05326405167579651,
                    -0.21471422910690308
                ],
                [
                    0.0,
                    0.0,
                    0.0,
                    1.0
                ]
            ]
        },
        {
            "file_path": "/data/shapenet_blender/all_50_random/02958343/baf3415a57e6f282b23c333ee1a445e/r_39",
            "rotation": 0.12566370614359174,
            "transform_matrix": [
                [
                    0.6929187774658203,
                    0.1920214742422104,
                    -0.694975733757019,
                    -2.801537036895752
                ],
                [
                    -0.7210157513618469,
                    0.18453867733478546,
                    -0.6678935289382935,
                    -2.6923651695251465
                ],
                [
                    0.0,
                    0.9638844728469849,
                    0.26632076501846313,
                    1.0735734701156616
                ],
                [
                    0.0,
                    0.0,
                    0.0,
                    1.0
                ]
            ]
        },
        {
            "file_path": "/data/shapenet_blender/all_50_random/02958343/baf3415a57e6f282b23c333ee1a445e/r_40",
            "rotation": 0.12566370614359174,
            "transform_matrix": [
                [
                    -0.16682854294776917,
                    0.10890816897153854,
                    -0.9799526333808899,
                    -3.9503157138824463
                ],
                [
                    -0.9859859943389893,
                    -0.018427232280373573,
                    0.16580770909786224,
                    0.6683923006057739
                ],
                [
                    0.0,
                    0.9938810467720032,
                    0.11045611649751663,
                    0.4452628791332245
                ],
                [
                    0.0,
                    0.0,
                    0.0,
                    1.0
                ]
            ]
        },
        {
            "file_path": "/data/shapenet_blender/all_50_random/02958343/baf3415a57e6f282b23c333ee1a445e/r_41",
            "rotation": 0.12566370614359174,
            "transform_matrix": [
                [
                    0.7142953872680664,
                    -0.06471970677375793,
                    0.696845293045044,
                    2.8090734481811523
                ],
                [
                    0.6998443603515625,
                    0.06605610251426697,
                    -0.7112343907356262,
                    -2.8670778274536133
                ],
                [
                    -3.725290298461914e-09,
                    0.9957147836685181,
                    0.09247728437185287,
