{
    "class": "02958343",
    "model": "b41bb2a3159a9506977b27045b1d8055",
    "remove_doubles": true,
    "edge_split": true,
    "denoise": true,
    "camera_angle_x": 0.6911112070083618,
    "scale_factor": 2.298773863755865,
    "hdri_file": "/data/IndoorHDRDataset2018/9C4A9799-7440cd3c3b.exr",
    "center_offset": [
        0.0,
        0.0,
        0.0
    ],
    "lights": [],
    "frames": [
        {
            "file_path": "/data/shapenet_blender/all_50_random/02958343/b41bb2a3159a9506977b27045b1d8055/r_0",
            "rotation": 0.12566370614359174,
            "transform_matrix": [
                [
                    -0.3917449414730072,
                    0.17049242556095123,
                    0.9041395783424377,
                    3.644702672958374
                ],
                [
                    0.9200738072395325,
                    0.07259151339530945,
                    0.3849605619907379,
                    1.5518255233764648
                ],
                [
                    0.0,
                    0.9826814532279968,
                    -0.1853030025959015,
                    -0.7469801902770996
                ],
                [
                    0.0,
                    0.0,
                    0.0,
                    1.0
                ]
            ]
        },
        {
            "file_path": "/data/shapenet_blender/all_50_random/02958343/b41bb2a3159a9506977b27045b1d8055/r_1",
            "rotation": 0.12566370614359174,
            "transform_matrix": [
                [
                    -0.9983974695205688,
                    0.008703934960067272,
                    -0.05591787025332451,
                    -0.22541216015815735
                ],
                [
                    -0.05659123510122299,
                    -0.15355712175369263,
                    0.9865178465843201,
                    3.976780891418457
                ],
                [
                    0.0,
                    0.9881014227867126,
                    0.15380358695983887,
                    0.6200021505355835
                ],
                [
                    0.0,
                    0.0,
                    0.0,
                    1.0
                ]
            ]
        },
        {
            "file_path": "/data/shapenet_blender/all_50_random/02958343/b41bb2a3159a9506977b27045b1d8055/r_2",
            "rotation": 0.12566370614359174,
            "transform_matrix": [
                [
                    0.714611828327179,
                    -0.6143003702163696,
                    -0.3346116840839386,
                    -1.348862886428833
                ],
                [
                    -0.6995211243629456,
                    -0.6275525689125061,
                    -0.34183019399642944,
                    -1.3779616355895996
                ],
                [
                    0.0,
                    0.4783439338207245,
                    -0.8781725764274597,
                    -3.540026903152466
                ],
                [
                    0.0,
                    0.0,
                    0.0,
                    1.0
                ]
            ]
        },
        {
            "file_path": "/data/shapenet_blender/all_50_random/02958343/b41bb2a3159a9506977b27045b1d8055/r_3",
            "rotation": 0.12566370614359174,
            "transform_matrix": [
                [
                    0.26162344217300415,
                    -0.013872629962861538,
                    0.9650703072547913,
                    3.8903229236602783
                ],
                [
                    0.9651700258255005,
                    0.003760378807783127,
                    -0.2615963816642761,
                    -1.0545287132263184
                ],
                [
                    -2.3283064365386963e-10,
                    0.999896764755249,
                    0.014373250305652618,
                    0.05794042348861694
                ],
                [
                    0.0,
                    0.0,
                    0.0,
                    1.0
                ]
            ]
        },
        {
            "file_path": "/data/shapenet_blender/all_50_random/02958343/b41bb2a3159a9506977b27045b1d8055/r_4",
            "rotation": 0.12566370614359174,
            "transform_matrix": [
                [
                    0.9801465272903442,
                    -0.13029484450817108,
                    0.14945296943187714,
                    0.6024641990661621
                ],
                [
                    0.19827492535114288,
                    0.644095778465271,
                    -0.7388015389442444,
                    -2.9782042503356934
                ],
                [
                    0.0,
                    0.7537664771080017,
                    0.6571423411369324,
                    2.6490254402160645
                ],
                [
                    0.0,
                    0.0,
                    0.0,
                    1.0
                ]
            ]
        },
        {
            "file_path": "/data/shapenet_blender/all_50_random/02958343/b41bb2a3159a9506977b27045b1d8055/r_5",
            "rotation": 0.12566370614359174,
            "transform_matrix": [
                [
                    -0.48894864320755005,
                    -0.29372119903564453,
                    0.8213751316070557,
                    3.3110690116882324
                ],
                [
                    0.8723126649856567,
                    -0.16463659703731537,
                    0.4603971242904663,
                    1.8559201955795288
                ],
                [
                    1.4901162970204496e-08,
                    0.9416062831878662,
                    0.33671557903289795,
                    1.3573439121246338
                ],
                [
                    0.0,
                    0.0,
                    0.0,
                    1.0
                ]
            ]
        },
        {
            "file_path": "/data/shapenet_blender/all_50_random/02958343/b41bb2a3159a9506977b27045b1d8055/r_6",
            "rotation": 0.12566370614359174,
            "transform_matrix": [
                [
                    0.29641979932785034,
                    0.6842758655548096,
                    -0.6662595272064209,
                    -2.6857783794403076
                ],
                [
                    -0.9550577998161316,
                    0.2123776376247406,
                    -0.20678593218326569,
                    -0.8335807919502258
                ],
                [
                    0.0,
                    0.6976118087768555,
                    0.7164758443832397,
                    2.888206720352173
                ],
                [
                    0.0,
                    0.0,
                    0.0,
                    1.0
                ]
            ]
        },
        {
            "file_path": "/data/shapenet_blender/all_50_random/02958343/b41bb2a3159a9506977b27045b1d8055/r_7",
            "rotation": 0.12566370614359174,
            "transform_matrix": [
                [
                    -0.8827016353607178,
                    -0.0019155389163643122,
                    -0.4699298143386841,
                    -1.8943476676940918
                ],
                [
                    -0.4699336886405945,
                    0.0035980595275759697,
                    0.8826943635940552,
                    3.5582547187805176
                ],
                [
                    1.1641531488804091e-10,
                    0.9999916553497314,
                    -0.004076189827173948,
                    -0.016431646421551704
                ],
                [
                    0.0,
                    0.0,
                    0.0,
                    1.0
                ]
            ]
        },
        {
            "file_path": "/data/shapenet_blender/all_50_random/02958343/b41bb2a3159a9506977b27045b1d8055/r_8",
            "rotation": 0.12566370614359174,
            "transform_matrix": [
                [
                    0.6521695256233215,
                    -0.021872278302907944,
                    -0.7577574849128723,
                    -3.0546181201934814
                ],
                [
                    -0.7580731511116028,
                    -0.01881670020520687,
                    -0.6518980264663696,
                    -2.627885103225708
                ],
                [
                    -9.31322685637781e-10,
                    0.9995836019515991,
                    -0.028852464631199837,
                    -0.11630800366401672
                ],
                [
                    0.0,
                    0.0,
                    0.0,
                    1.0
                ]
            ]
        },
        {
            "file_path": "/data/shapenet_blender/all_50_random/02958343/b41bb2a3159a9506977b27045b1d8055/r_9",
            "rotation": 0.12566370614359174,
            "transform_matrix": [
                [
                    0.5568252205848694,
                    -0.020556412637233734,
                    0.8303753137588501,
                    3.3473498821258545
                ],
                [
                    0.8306296467781067,
                    0.013780303299427032,
                    -0.556654691696167,
                    -2.2439467906951904
                ],
                [
                    0.0,
                    0.999693751335144,
                    0.02474799007177353,
                    0.09976233541965485
                ],
                [
                    0.0,
                    0.0,
                    0.0,
                    1.0
                ]
            ]
        },
        {
            "file_path": "/data/shapenet_blender/all_50_random/02958343/b41bb2a3159a9506977b27045b1d8055/r_10",
            "rotation": 0.12566370614359174,
            "transform_matrix": [
                [
                    -0.39055779576301575,
                    -0.3017077147960663,
                    0.8697339296340942,
                    3.506009578704834
                ],
                [
                    0.9205784797668457,
                    -0.12800027430057526,
                    0.3689868748188019,
                    1.487433671951294
                ],
                [
                    0.0,
                    0.9447689056396484,
                    0.32773712277412415,
                    1.321150541305542
                ],
                [
                    0.0,
                    0.0,
                    0.0,
                    1.0
                ]
            ]
        },
        {
            "file_path": "/data/shapenet_blender/all_50_random/02958343/b41bb2a3159a9506977b27045b1d8055/r_11",
            "rotation": 0.12566370614359174,
            "transform_matrix": [
                [
                    -0.3007807433605194,
                    -0.04853706806898117,
                    -0.9524573087692261,
                    -3.8394784927368164
                ],
                [
                    -0.9536933302879333,
                    0.01530787255614996,
                    0.30039092898368835,
                    1.2109147310256958
                ],
                [
                    0.0,
                    0.9987040758132935,
                    -0.050893787294626236,
                    -0.20515944063663483
                ],
                [
                    0.0,
                    0.0,
                    0.0,
                    1.0
                ]
            ]
        },
        {
            "file_path": "/data/shapenet_blender/all_50_random/02958343/b41bb2a3159a9506977b27045b1d8055/r_12",
            "rotation": 0.12566370614359174,
            "transform_matrix": [
                [
                    -0.8997082114219666,
                    0.3139898180961609,
                    -0.3032088577747345,
                    -1.2222740650177002
                ],
                [
                    -0.4364919662475586,
                    -0.6472036838531494,
                    0.624981701374054,
                    2.5193819999694824
                ],
                [
                    0.0,
                    0.6946493983268738,
                    0.7193484306335449,
                    2.8997864723205566
                ],
                [
                    0.0,
                    0.0,
                    0.0,
                    1.0
                ]
            ]
        },
        {
            "file_path": "/data/shapenet_blender/all_50_random/02958343/b41bb2a3159a9506977b27045b1d8055/r_13",
            "rotation": 0.12566370614359174,
            "transform_matrix": [
                [
                    0.043997228145599365,
                    -0.8216963410377502,
                    0.5682246685028076,
                    2.2905869483947754
                ],
                [
                    0.999031662940979,
                    0.03618740290403366,
                    -0.025024544447660446,
                    -0.10087716579437256
                ],
                [
                    1.862645371275562e-09,
                    0.5687754154205322,
                    0.8224928379058838,
                    3.3155746459960938
                ],
                [
                    0.0,
                    0.0,
                    0.0,
                    1.0
                ]
            ]
        },
        {
            "file_path": "/data/shapenet_blender/all_50_random/02958343/b41bb2a3159a9506977b27045b1d8055/r_14",
            "rotation": 0.12566370614359174,
            "transform_matrix": [
                [
                    0.8445218801498413,
                    -0.36218753457069397,
                    0.39446544647216797,
                    1.5901410579681396
                ],
                [
                    0.5355210304260254,
                    0.5711731910705566,
                    -0.6220757961273193,
                    -2.5076677799224854
                ],
                [
                    1.4901161193847656e-08,
                    0.7366012334823608,
                    0.6763273477554321,
                    2.726362705230713
                ],
                [
                    0.0,
                    0.0,
                    0.0,
                    1.0
                ]
            ]
        },
        {
            "file_path": "/data/shapenet_blender/all_50_random/02958343/b41bb2a3159a9506977b27045b1d8055/r_15",
            "rotation": 0.12566370614359174,
            "transform_matrix": [
                [
                    -0.003912881016731262,
                    -0.9074097871780396,
                    -0.42022860050201416,
                    -1.693995714187622
                ],
                [
                    -0.9999923706054688,
                    0.003550613531842828,
                    0.0016443169442936778,
                    0.006628453731536865
                ],
                [
                    1.1641532182693481e-10,
                    0.4202316701412201,
                    -0.907416820526123,
                    -3.657914161682129
                ],
                [
                    0.0,
                    0.0,
                    0.0,
                    1.0
                ]
            ]
        },
        {
            "file_path": "/data/shapenet_blender/all_50_random/02958343/b41bb2a3159a9506977b27045b1d8055/r_16",
            "rotation": 0.12566370614359174,
            "transform_matrix": [
                [
                    0.9926130771636963,
                    -0.059855952858924866,
                    0.10553045570850372,
                    0.42540690302848816
                ],
                [
                    0.1213236004114151,
                    0.4897134602069855,
                    -0.863400936126709,
                    -3.480480670928955
                ],
                [
                    0.0,
                    0.8698263764381409,
                    0.4933578670024872,
                    1.9887893199920654
                ],
                [
                    0.0,
                    0.0,
                    0.0,
                    1.0
                ]
            ]
        },
        {
            "file_path": "/data/shapenet_blender/all_50_random/02958343/b41bb2a3159a9506977b27045b1d8055/r_17",
            "rotation": 0.12566370614359174,
            "transform_matrix": [
                [
                    -0.15068267285823822,
                    0.44247934222221375,
                    -0.8840286731719971,
                    -3.563633441925049
                ],
                [
                    -0.9885822534561157,
                    -0.06744403392076492,
                    0.13474629819393158,
                    0.5431796908378601
                ],
                [
                    -7.450580596923828e-09,
                    0.8942388892173767,
                    0.4475899040699005,
                    1.8042925596237183
                ],
                [
                    0.0,
                    0.0,
                    0.0,
                    1.0
                ]
            ]
        },
        {
            "file_path": "/data/shapenet_blender/all_50_random/02958343/b41bb2a3159a9506977b27045b1d8055/r_18",
            "rotation": 0.12566370614359174,
            "transform_matrix": [
                [
                    0.9323407411575317,
                    -0.0016821513418108225,
                    -0.3615770637989044,
                    -1.4575637578964233
                ],
                [
                    -0.3615809977054596,
                    -0.004337446764111519,
                    -0.9323306083679199,
                    -3.758344888687134
                ],
                [
                    -1.1641532182693481e-10,
                    0.9999892115592957,
                    -0.00465221144258976,
                    -0.018753664568066597
                ],
                [
                    0.0,
                    0.0,
                    0.0,
                    1.0
                ]
            ]
        },
        {
            "file_path": "/data/shapenet_blender/all_50_random/02958343/b41bb2a3159a9506977b27045b1d8055/r_19",
            "rotation": 0.12566370614359174,
            "transform_matrix": [
                [
                    0.40320342779159546,
                    0.4131755530834198,
                    0.8165249228477478,
                    3.2915172576904297
                ],
                [
                    0.9151104092597961,
                    -0.1820477694272995,
                    -0.35976606607437134,
                    -1.4502633810043335
                ],
                [
                    -1.4901161193847656e-08,
                    0.8922693729400635,
                    -0.4515034556388855,
                    -1.820068597793579
                ],
                [
                    0.0,
                    0.0,
                    0.0,
                    1.0
                ]
            ]
        },
        {
            "file_path": "/data/shapenet_blender/all_50_random/02958343/b41bb2a3159a9506977b27045b1d8055/r_20",
            "rotation": 0.12566370614359174,
            "transform_matrix": [
                [
                    -0.15846584737300873,
                    -0.5242283344268799,
                    -0.8367037773132324,
                    -3.372860908508301
                ],
                [
                    -0.9873644709587097,
                    0.08413538336753845,
                    0.13428574800491333,
                    0.541323184967041
                ],
                [
                    0.0,
                    0.8474113345146179,
                    -0.5309369564056396,
                    -2.140275239944458
                ],
                [
                    0.0,
                    0.0,
                    0.0,
                    1.0
                ]
            ]
        },
        {
            "file_path": "/data/shapenet_blender/all_50_random/02958343/b41bb2a3159a9506977b27045b1d8055/r_21",
            "rotation": 0.12566370614359174,
            "transform_matrix": [
                [
                    0.06323202699422836,
                    0.9572528004646301,
                    -0.28225627541542053,
                    -1.1378114223480225
                ],
                [
                    -0.9979989528656006,
                    0.06065040081739426,
                    -0.01788342371582985,
                    -0.07209038734436035
                ],
                [
                    0.0,
                    0.2828221917152405,
                    0.9591723084449768,
                    3.8665473461151123
                ],
                [
                    0.0,
                    0.0,
                    0.0,
                    1.0
                ]
            ]
        },
        {
            "file_path": "/data/shapenet_blender/all_50_random/02958343/b41bb2a3159a9506977b27045b1d8055/r_22",
            "rotation": 0.12566370614359174,
            "transform_matrix": [
                [
                    -0.3312768340110779,
                    0.046367231756448746,
                    0.9423935413360596,
                    3.798910140991211
                ],
                [
                    0.9435335993766785,
                    0.016279643401503563,
                    0.33087655901908875,
                    1.3338061571121216
                ],
                [
                    0.0,
                    0.9987917542457581,
                    -0.049142107367515564,
                    -0.19809818267822266
                ],
                [
                    0.0,
                    0.0,
                    0.0,
                    1.0
                ]
            ]
        },
        {
            "file_path": "/data/shapenet_blender/all_50_random/02958343/b41bb2a3159a9506977b27045b1d8055/r_23",
            "rotation": 0.12566370614359174,
            "transform_matrix": [
                [
                    0.8811776041984558,
                    -0.21714840829372406,
                    -0.4199672341346741,
                    -1.6929421424865723
                ],
                [
                    -0.4727852940559387,
                    -0.40472137928009033,
                    -0.782735288143158,
                    -3.1553070545196533
                ],
                [
                    1.4901161193847656e-08,
                    0.8882831335067749,
                    -0.4592960476875305,
                    -1.8514816761016846
                ],
                [
                    0.0,
                    0.0,
                    0.0,
                    1.0
                ]
            ]
        },
        {
            "file_path": "/data/shapenet_blender/all_50_random/02958343/b41bb2a3159a9506977b27045b1d8055/r_24",
            "rotation": 0.12566370614359174,
            "transform_matrix": [
                [
                    -0.9320516586303711,
                    0.31279149651527405,
                    -0.18286961317062378,
                    -0.7371710538864136
                ],
                [
                    -0.3623255789279938,
                    -0.804629385471344,
                    0.47041642665863037,
                    1.8963093757629395
                ],
                [
                    -1.4901162970204496e-08,
                    0.5047105550765991,
                    0.863288402557373,
                    3.480027198791504
                ],
                [
                    0.0,
                    0.0,
                    0.0,
                    1.0
                ]
            ]
        },
        {
            "file_path": "/data/shapenet_blender/all_50_random/02958343/b41bb2a3159a9506977b27045b1d8055/r_25",
            "rotation": 0.12566370614359174,
            "transform_matrix": [
                [
                    -0.8420426845550537,
                    -0.10777677595615387,
                    -0.528533935546875,
                    -2.1305885314941406
                ],
                [
                    -0.5394107103347778,
                    0.16824406385421753,
                    0.8250635862350464,
                    3.3259377479553223
                ],
                [
                    0.0,
                    0.9798357486724854,
                    -0.1998046338558197,
                    -0.805438220500946
                ],
                [
                    0.0,
                    0.0,
                    0.0,
                    1.0
                ]
            ]
        },
        {
            "file_path": "/data/shapenet_blender/all_50_random/02958343/b41bb2a3159a9506977b27045b1d8055/r_26",
            "rotation": 0.12566370614359174,
            "transform_matrix": [
                [
                    -0.6398694515228271,
                    0.15974806249141693,
                    0.7516964673995972,
                    3.0301856994628906
                ],
                [
                    0.7684836387634277,
                    0.13301247358322144,
                    0.6258917450904846,
                    2.523050546646118
                ],
                [
                    -7.450580596923828e-09,
                    0.9781555533409119,
                    -0.2078743726015091,
                    -0.8379684686660767
                ],
                [
                    0.0,
                    0.0,
                    0.0,
                    1.0
                ]
            ]
        },
        {
            "file_path": "/data/shapenet_blender/all_50_random/02958343/b41bb2a3159a9506977b27045b1d8055/r_27",
            "rotation": 0.12566370614359174,
            "transform_matrix": [
                [
                    -0.32440102100372314,
                    -0.30238091945648193,
                    0.8962866067886353,
                    3.6130471229553223
                ],
                [
                    0.9459196329116821,
                    -0.10370086133480072,
                    0.30737945437431335,
                    1.239086389541626
                ],
                [
                    1.4901161193847656e-08,
                    0.9475293755531311,
                    0.3196686804294586,
                    1.2886258363723755
                ],
                [
                    0.0,
                    0.0,
                    0.0,
                    1.0
                ]
            ]
        },
        {
            "file_path": "/data/shapenet_blender/all_50_random/02958343/b41bb2a3159a9506977b27045b1d8055/r_28",
            "rotation": 0.12566370614359174,
            "transform_matrix": [
                [
                    -0.05315607041120529,
                    -0.2628271281719208,
                    0.9633775353431702,
                    3.8834991455078125
                ],
                [
                    0.9985862970352173,
                    -0.013990635052323341,
                    0.05128186196088791,
                    0.20672379434108734
                ],
                [
                    -9.31322685637781e-10,
                    0.9647414684295654,
                    0.26319921016693115,
                    1.0609899759292603
                ],
                [
                    0.0,
                    0.0,
                    0.0,
                    1.0
                ]
            ]
        },
        {
            "file_path": "/data/shapenet_blender/all_50_random/02958343/b41bb2a3159a9506977b27045b1d8055/r_29",
            "rotation": 0.12566370614359174,
            "transform_matrix": [
                [
                    -0.9752558469772339,
                    -0.0688011646270752,
                    0.2101009339094162,
                    0.8469438552856445
                ],
                [
                    0.22107917070388794,
                    -0.30350545048713684,
                    0.9268271327018738,
                    3.736159324645996
                ],
                [
                    -7.450580152834618e-09,
                    0.9503423571586609,
                    0.31120601296424866,
                    1.2545113563537598
                ],
                [
                    0.0,
                    0.0,
                    0.0,
                    1.0
                ]
            ]
        },
        {
            "file_path": "/data/shapenet_blender/all_50_random/02958343/b41bb2a3159a9506977b27045b1d8055/r_30",
            "rotation": 0.12566370614359174,
            "transform_matrix": [
                [
                    -0.09087193012237549,
                    0.29793572425842285,
                    0.9502508044242859,
                    3.8305835723876953
                ],
                [
                    0.995862603187561,
                    0.027186477556824684,
                    0.0867098793387413,
                    0.3495387136936188
                ],
                [
                    0.0,
                    0.9541986584663391,
                    -0.2991735339164734,
                    -1.2060071229934692
                ],
                [
                    0.0,
                    0.0,
                    0.0,
                    1.0
                ]
            ]
        },
        {
            "file_path": "/data/shapenet_blender/all_50_random/02958343/b41bb2a3159a9506977b27045b1d8055/r_31",
            "rotation": 0.12566370614359174,
            "transform_matrix": [
                [
                    -0.6056650280952454,
                    0.27380919456481934,
                    0.7471268177032471,
                    3.0117645263671875
                ],
                [
                    0.7957198619842529,
                    0.20841084420681,
                    0.5686782598495483,
                    2.2924153804779053
                ],
                [
                    1.4901162970204496e-08,
                    0.9389320611953735,
                    -0.34410250186920166,
                    -1.387121558189392
                ],
                [
                    0.0,
                    0.0,
                    0.0,
                    1.0
                ]
            ]
        },
        {
            "file_path": "/data/shapenet_blender/all_50_random/02958343/b41bb2a3159a9506977b27045b1d8055/r_32",
            "rotation": 0.12566370614359174,
            "transform_matrix": [
                [
                    0.5061922073364258,
                    0.5147982239723206,
                    -0.691919207572937,
                    -2.789215087890625
                ],
                [
                    -0.8624206781387329,
                    0.3021574914455414,
                    -0.4061174690723419,
                    -1.6371116638183594
                ],
                [
                    1.4901160305669237e-08,
                    0.8022988438606262,
                    0.5969225764274597,
                    2.4062716960906982
                ],
                [
                    0.0,
                    0.0,
                    0.0,
                    1.0
                ]
            ]
        },
        {
            "file_path": "/data/shapenet_blender/all_50_random/02958343/b41bb2a3159a9506977b27045b1d8055/r_33",
            "rotation": 0.12566370614359174,
            "transform_matrix": [
                [
                    -0.40777069330215454,
                    0.3451932370662689,
                    0.8453192710876465,
                    3.407590866088867
                ],
                [
                    0.9130843877792358,
                    0.15415845811367035,
                    0.3775077164173126,
                    1.5217822790145874
                ],
                [
                    0.0,
                    0.9257844686508179,
                    -0.37805184721946716,
                    -1.5239757299423218
                ],
                [
                    0.0,
                    0.0,
                    0.0,
                    1.0
                ]
            ]
        },
        {
            "file_path": "/data/shapenet_blender/all_50_random/02958343/b41bb2a3159a9506977b27045b1d8055/r_34",
            "rotation": 0.12566370614359174,
            "transform_matrix": [
                [
                    0.17702268064022064,
                    -0.3664882779121399,
                    0.9134271740913391,
                    3.682142972946167
                ],
                [
                    0.9842067360877991,
                    0.06591778993606567,
                    -0.16429202258586884,
                    -0.662282407283783
                ],
                [
                    0.0,
                    0.928084671497345,
                    0.3723691999912262,
                    1.501068353652954
                ],
                [
                    0.0,
                    0.0,
                    0.0,
                    1.0
                ]
            ]
        },
        {
            "file_path": "/data/shapenet_blender/all_50_random/02958343/b41bb2a3159a9506977b27045b1d8055/r_35",
            "rotation": 0.12566370614359174,
            "transform_matrix": [
                [
                    0.275817334651947,
                    0.3670678436756134,
                    0.8883614540100098,
                    3.581099510192871
                ],
                [
                    0.9612100720405579,
                    -0.10532940179109573,
                    -0.2549135982990265,
                    -1.0275895595550537
                ],
                [
                    0.0,
                    0.9242115020751953,
                    -0.3818809688091278,
                    -1.5394114255905151
                ],
                [
                    0.0,
                    0.0,
                    0.0,
                    1.0
                ]
            ]
        },
        {
            "file_path": "/data/shapenet_blender/all_50_random/02958343/b41bb2a3159a9506977b27045b1d8055/r_36",
            "rotation": 0.12566370614359174,
            "transform_matrix": [
                [
                    0.3225044310092926,
                    -0.9417789578437805,
                    0.09509541094303131,
                    0.38334184885025024
                ],
                [
                    0.946567952632904,
                    0.3208727538585663,
                    -0.03239988163113594,
                    -0.13060809671878815
                ],
                [
                    0.0,
                    0.1004636138677597,
                    0.9949407577514648,
                    4.010734558105469
                ],
                [
                    0.0,
                    0.0,
                    0.0,
                    1.0
                ]
            ]
        },
        {
            "file_path": "/data/shapenet_blender/all_50_random/02958343/b41bb2a3159a9506977b27045b1d8055/r_37",
            "rotation": 0.12566370614359174,
            "transform_matrix": [
                [
                    -0.9593641757965088,
                    -0.1415497362613678,
                    0.24409806728363037,
                    0.9839908480644226
                ],
                [
                    0.28217053413391113,
                    -0.48126131296157837,
                    0.8299199342727661,
                    3.3455145359039307
                ],
                [
                    7.450580596923828e-09,
                    0.8650727868080139,
                    0.501646101474762,
                    2.022200345993042
                ],
                [
                    0.0,
                    0.0,
                    0.0,
                    1.0
                ]
            ]
        },
        {
            "file_path": "/data/shapenet_blender/all_50_random/02958343/b41bb2a3159a9506977b27045b1d8055/r_38",
            "rotation": 0.12566370614359174,
            "transform_matrix": [
                [
                    -0.9016406536102295,
                    -0.1620255410671234,
                    -0.40098869800567627,
                    -1.616437315940857
                ],
                [
                    -0.4324861466884613,
                    0.3377884328365326,
                    0.8359752297401428,
                    3.3699240684509277
                ],
                [
                    0.0,
                    0.9271712303161621,
                    -0.37463757395744324,
                    -1.5102125406265259
                ],
                [
                    0.0,
                    0.0,
                    0.0,
                    1.0
                ]
            ]
        },
        {
            "file_path": "/data/shapenet_blender/all_50_random/02958343/b41bb2a3159a9506977b27045b1d8055/r_39",
            "rotation": 0.12566370614359174,
            "transform_matrix": [
                [
                    0.17097297310829163,
                    -0.020304087549448013,
                    0.9850665926933289,
                    3.9709298610687256
                ],
                [
                    0.9852757453918457,
                    0.003523328574374318,
                    -0.1709366738796234,
                    -0.6890676617622375
                ],
                [
                    0.0,
                    0.9997875690460205,
                    0.020607519894838333,
                    0.08307155966758728
                ],
                [
                    0.0,
                    0.0,
                    0.0,
                    1.0
                ]
            ]
        },
        {
            "file_path": "/data/shapenet_blender/all_50_random/02958343/b41bb2a3159a9506977b27045b1d8055/r_40",
            "rotation": 0.12566370614359174,
            "transform_matrix": [
                [
                    -0.98802250623703,
                    0.04914611205458641,
                    -0.1462748497724533,
                    -0.5896527767181396
                ],
                [
                    -0.15431033074855804,
                    -0.31467410922050476,
                    0.9365727305412292,
                    3.7754454612731934
                ],
                [
                    0.0,
                    0.9479265809059143,
                    0.31848883628845215,
                    1.2838695049285889
                ],
                [
                    0.0,
                    0.0,
                    0.0,
                    1.0
                ]
            ]
        },
        {
            "file_path": "/data/shapenet_blender/all_50_random/02958343/b41bb2a3159a9506977b27045b1d8055/r_41",
            "rotation": 0.12566370614359174,
            "transform_matrix": [
                [
                    0.6166244745254517,
                    -0.4336170256137848,
                    0.6570771932601929,
                    2.6487631797790527
                ],
                [
                    0.7872574329376221,
                    0.33963334560394287,
                    -0.5146599411964417,
                    -2.0746607780456543
                ],
                [
