{
    "class": "02958343",
    "model": "f044724a6fb07ec73b294ac02412e874",
    "remove_doubles": true,
    "edge_split": true,
    "denoise": true,
    "camera_angle_x": 0.6911112070083618,
    "scale_factor": 2.280884053131937,
    "hdri_file": "/data/IndoorHDRDataset2018/9C4A0120-0fd27f2a38.exr",
    "center_offset": [
        0.0,
        0.0,
        0.0
    ],
    "lights": [],
    "frames": [
        {
            "file_path": "/data/shapenet_blender/all_50_random/02958343/f044724a6fb07ec73b294ac02412e874/r_0",
            "rotation": 0.12566370614359174,
            "transform_matrix": [
                [
                    -0.18185344338417053,
                    0.3489292860031128,
                    -0.9193354249000549,
                    -3.7059595584869385
                ],
                [
                    -0.983325719833374,
                    -0.06452998518943787,
                    0.170019268989563,
                    0.685369610786438
                ],
                [
                    0.0,
                    0.9349247217178345,
                    0.35484614968299866,
                    1.43043053150177
                ],
                [
                    0.0,
                    0.0,
                    0.0,
                    1.0
                ]
            ]
        },
        {
            "file_path": "/data/shapenet_blender/all_50_random/02958343/f044724a6fb07ec73b294ac02412e874/r_1",
            "rotation": 0.12566370614359174,
            "transform_matrix": [
                [
                    0.5884555578231812,
                    -0.7208787202835083,
                    0.36613377928733826,
                    1.4759324789047241
                ],
                [
                    0.8085296750068665,
                    0.5246623754501343,
                    -0.2664756178855896,
                    -1.07419753074646
                ],
                [
                    -1.4901162970204496e-08,
                    0.45283907651901245,
                    0.891592264175415,
                    3.594123363494873
                ],
                [
                    0.0,
                    0.0,
                    0.0,
                    1.0
                ]
            ]
        },
        {
            "file_path": "/data/shapenet_blender/all_50_random/02958343/f044724a6fb07ec73b294ac02412e874/r_2",
            "rotation": 0.12566370614359174,
            "transform_matrix": [
                [
                    -0.30076703429222107,
                    -0.36667105555534363,
                    0.8803927898406982,
                    3.5489768981933594
                ],
                [
                    0.9536975622177124,
                    -0.11563685536384583,
                    0.2776489853858948,
                    1.1192388534545898
                ],
                [
                    0.0,
                    0.9231361150741577,
                    0.38447311520576477,
                    1.5498607158660889
                ],
                [
                    0.0,
                    0.0,
                    0.0,
                    1.0
                ]
            ]
        },
        {
            "file_path": "/data/shapenet_blender/all_50_random/02958343/f044724a6fb07ec73b294ac02412e874/r_3",
            "rotation": 0.12566370614359174,
            "transform_matrix": [
                [
                    0.9999978542327881,
                    -5.196029451326467e-05,
                    0.0020737475715577602,
                    0.008359543047845364
                ],
                [
                    0.002074398333206773,
                    0.02504831552505493,
                    -0.9996841549873352,
                    -4.029855251312256
                ],
                [
                    0.0,
                    0.9996861219406128,
                    0.025048375129699707,
                    0.1009732186794281
                ],
                [
                    0.0,
                    0.0,
                    0.0,
                    1.0
                ]
            ]
        },
        {
            "file_path": "/data/shapenet_blender/all_50_random/02958343/f044724a6fb07ec73b294ac02412e874/r_4",
            "rotation": 0.12566370614359174,
            "transform_matrix": [
                [
                    -0.994097113609314,
                    0.001264548976905644,
                    -0.10848653316497803,
                    -0.4373232126235962
                ],
                [
                    -0.10849389433860779,
                    -0.011586682870984077,
                    0.9940295815467834,
                    4.00706148147583
                ],
                [
                    0.0,
                    0.9999321103096008,
                    0.011655484326183796,
                    0.04698476195335388
                ],
                [
                    0.0,
                    0.0,
                    0.0,
                    1.0
                ]
            ]
        },
        {
            "file_path": "/data/shapenet_blender/all_50_random/02958343/f044724a6fb07ec73b294ac02412e874/r_5",
            "rotation": 0.12566370614359174,
            "transform_matrix": [
                [
                    -0.8567341566085815,
                    0.2066112905740738,
                    -0.4725657105445862,
                    -1.9049732685089111
                ],
                [
                    -0.5157582759857178,
                    -0.3432052731513977,
                    0.7849863171577454,
                    3.1643810272216797
                ],
                [
                    0.0,
                    0.9162542223930359,
                    0.4005971848964691,
                    1.614858865737915
                ],
                [
                    0.0,
                    0.0,
                    0.0,
                    1.0
                ]
            ]
        },
        {
            "file_path": "/data/shapenet_blender/all_50_random/02958343/f044724a6fb07ec73b294ac02412e874/r_6",
            "rotation": 0.12566370614359174,
            "transform_matrix": [
                [
                    0.7184582948684692,
                    -0.19359305500984192,
                    0.6680863499641418,
                    2.6931421756744385
                ],
                [
                    0.6955699920654297,
                    0.19996339082717896,
                    -0.6900702714920044,
                    -2.78176212310791
                ],
                [
                    0.0,
                    0.960487425327301,
                    0.2783229351043701,
                    1.1219556331634521
                ],
                [
                    0.0,
                    0.0,
                    0.0,
                    1.0
                ]
            ]
        },
        {
            "file_path": "/data/shapenet_blender/all_50_random/02958343/f044724a6fb07ec73b294ac02412e874/r_7",
            "rotation": 0.12566370614359174,
            "transform_matrix": [
                [
                    -0.4217992126941681,
                    0.10408119112253189,
                    -0.9006955027580261,
                    -3.6308200359344482
                ],
                [
                    -0.9066892862319946,
                    -0.04841941222548485,
                    0.41901084780693054,
                    1.6890869140625
                ],
                [
                    0.0,
                    0.9933894276618958,
                    0.11479256302118301,
                    0.4627436399459839
                ],
                [
                    0.0,
                    0.0,
                    0.0,
                    1.0
                ]
            ]
        },
        {
            "file_path": "/data/shapenet_blender/all_50_random/02958343/f044724a6fb07ec73b294ac02412e874/r_8",
            "rotation": 0.12566370614359174,
            "transform_matrix": [
                [
                    0.29582735896110535,
                    -0.6854732632637024,
                    -0.6652913689613342,
                    -2.681875228881836
                ],
                [
                    -0.9552413821220398,
                    -0.21228326857089996,
                    -0.20603317022323608,
                    -0.8305462598800659
                ],
                [
                    0.0,
                    0.6964640617370605,
                    -0.7175916433334351,
                    -2.892704486846924
                ],
                [
                    0.0,
                    0.0,
                    0.0,
                    1.0
                ]
            ]
        },
        {
            "file_path": "/data/shapenet_blender/all_50_random/02958343/f044724a6fb07ec73b294ac02412e874/r_9",
            "rotation": 0.12566370614359174,
            "transform_matrix": [
                [
                    0.8512279987335205,
                    0.44924622774124146,
                    -0.2712723910808563,
                    -1.0935341119766235
                ],
                [
                    -0.5247960090637207,
                    0.7286849021911621,
                    -0.44000834226608276,
                    -1.7737306356430054
                ],
                [
                    0.0,
                    0.5169101357460022,
                    0.8560395240783691,
                    3.450806140899658
                ],
                [
                    0.0,
                    0.0,
                    0.0,
                    1.0
                ]
            ]
        },
        {
            "file_path": "/data/shapenet_blender/all_50_random/02958343/f044724a6fb07ec73b294ac02412e874/r_10",
            "rotation": 0.12566370614359174,
            "transform_matrix": [
                [
                    -0.9523743391036987,
                    -0.1234324499964714,
                    -0.2788323760032654,
                    -1.124009370803833
                ],
                [
                    -0.30493125319480896,
                    0.3855094611644745,
                    0.8708611726760864,
                    3.5105538368225098
                ],
                [
                    -7.450580596923828e-09,
                    0.9144105315208435,
                    -0.4047877788543701,
                    -1.6317518949508667
                ],
                [
                    0.0,
                    0.0,
                    0.0,
                    1.0
                ]
            ]
        },
        {
            "file_path": "/data/shapenet_blender/all_50_random/02958343/f044724a6fb07ec73b294ac02412e874/r_11",
            "rotation": 0.12566370614359174,
            "transform_matrix": [
                [
                    0.17771200835704803,
                    0.565790593624115,
                    0.8051704168319702,
                    3.2457456588745117
                ],
                [
                    0.9840825200080872,
                    -0.10217414051294327,
                    -0.1454029083251953,
                    -0.5861378908157349
                ],
                [
                    0.0,
                    0.8181940317153931,
                    -0.5749422311782837,
                    -2.3176662921905518
                ],
                [
                    0.0,
                    0.0,
                    0.0,
                    1.0
                ]
            ]
        },
        {
            "file_path": "/data/shapenet_blender/all_50_random/02958343/f044724a6fb07ec73b294ac02412e874/r_12",
            "rotation": 0.12566370614359174,
            "transform_matrix": [
                [
                    -0.5471733808517456,
                    -0.017753349617123604,
                    0.8368309736251831,
                    3.373373508453369
                ],
                [
                    0.8370193243026733,
                    -0.011605659499764442,
                    0.5470502972602844,
                    2.205230236053467
                ],
                [
                    0.0,
                    0.9997750520706177,
                    0.02121020294725895,
                    0.0855010598897934
                ],
                [
                    0.0,
                    0.0,
                    0.0,
                    1.0
                ]
            ]
        },
        {
            "file_path": "/data/shapenet_blender/all_50_random/02958343/f044724a6fb07ec73b294ac02412e874/r_13",
            "rotation": 0.12566370614359174,
            "transform_matrix": [
                [
                    0.9925937056541443,
                    0.04297662898898125,
                    0.11362548917531967,
                    0.45803898572921753
                ],
                [
                    0.12148144841194153,
                    -0.3511509895324707,
                    -0.928404688835144,
                    -3.742518901824951
                ],
                [
                    0.0,
                    0.9353320598602295,
                    -0.3537710905075073,
                    -1.4260969161987305
                ],
                [
                    0.0,
                    0.0,
                    0.0,
                    1.0
                ]
            ]
        },
        {
            "file_path": "/data/shapenet_blender/all_50_random/02958343/f044724a6fb07ec73b294ac02412e874/r_14",
            "rotation": 0.12566370614359174,
            "transform_matrix": [
                [
                    -0.9527837634086609,
                    0.1933000385761261,
                    0.23417596518993378,
                    0.9439935088157654
                ],
                [
                    0.3036499619483948,
                    0.606531023979187,
                    0.7347903251647949,
                    2.9620344638824463
                ],
                [
                    0.0,
                    0.7712036967277527,
                    -0.6365883946418762,
                    -2.5661699771881104
                ],
                [
                    0.0,
                    0.0,
                    0.0,
                    1.0
                ]
            ]
        },
        {
            "file_path": "/data/shapenet_blender/all_50_random/02958343/f044724a6fb07ec73b294ac02412e874/r_15",
            "rotation": 0.12566370614359174,
            "transform_matrix": [
                [
                    0.6854334473609924,
                    -0.21925872564315796,
                    0.6943390369415283,
                    2.7989702224731445
                ],
                [
                    0.728135347366333,
                    0.20640018582344055,
                    -0.653619110584259,
                    -2.6348228454589844
                ],
                [
                    -1.4901161193847656e-08,
                    0.953585147857666,
                    0.30112358927726746,
                    1.2138680219650269
                ],
                [
                    0.0,
                    0.0,
                    0.0,
                    1.0
                ]
            ]
        },
        {
            "file_path": "/data/shapenet_blender/all_50_random/02958343/f044724a6fb07ec73b294ac02412e874/r_16",
            "rotation": 0.12566370614359174,
            "transform_matrix": [
                [
                    -0.9765687584877014,
                    0.04336659237742424,
                    -0.21079088747501373,
                    -0.8497253060340881
                ],
                [
                    -0.21520563960075378,
                    -0.1967906653881073,
                    0.9565353393554688,
                    3.855917453765869
                ],
                [
                    0.0,
                    0.9794859290122986,
                    0.20151235163211823,
                    0.8123223185539246
                ],
                [
                    0.0,
                    0.0,
                    0.0,
                    1.0
                ]
            ]
        },
        {
            "file_path": "/data/shapenet_blender/all_50_random/02958343/f044724a6fb07ec73b294ac02412e874/r_17",
            "rotation": 0.12566370614359174,
            "transform_matrix": [
                [
                    -0.5976992249488831,
                    0.09821344912052155,
                    0.795681893825531,
                    3.207496404647827
                ],
                [
                    0.8017203211784363,
                    0.07322017848491669,
                    0.5931974649429321,
                    2.3912553787231445
                ],
                [
                    -3.725290076417309e-09,
                    0.9924681186676025,
                    -0.122503362596035,
                    -0.49382683634757996
                ],
                [
                    0.0,
                    0.0,
                    0.0,
                    1.0
                ]
            ]
        },
        {
            "file_path": "/data/shapenet_blender/all_50_random/02958343/f044724a6fb07ec73b294ac02412e874/r_18",
            "rotation": 0.12566370614359174,
            "transform_matrix": [
                [
                    -0.007865805178880692,
                    -0.346514493227005,
                    0.9380115270614624,
                    3.7812459468841553
                ],
                [
                    0.9999690651893616,
                    -0.0027256999164819717,
                    0.007378444075584412,
                    0.029743462800979614
                ],
                [
                    0.0,
                    0.9380406141281128,
                    0.3465251922607422,
                    1.3968878984451294
                ],
                [
                    0.0,
                    0.0,
                    0.0,
                    1.0
                ]
            ]
        },
        {
            "file_path": "/data/shapenet_blender/all_50_random/02958343/f044724a6fb07ec73b294ac02412e874/r_19",
            "rotation": 0.12566370614359174,
            "transform_matrix": [
                [
                    0.04340476170182228,
                    0.9526424407958984,
                    -0.3009791672229767,
                    -1.2132856845855713
                ],
                [
                    -0.9990575909614563,
                    0.04138822481036186,
                    -0.013076252304017544,
                    -0.052712053060531616
                ],
                [
                    9.313225191043273e-10,
                    0.3012629449367523,
                    0.9535411596298218,
                    3.8438467979431152
                ],
                [
                    0.0,
                    0.0,
                    0.0,
                    1.0
                ]
            ]
        },
        {
            "file_path": "/data/shapenet_blender/all_50_random/02958343/f044724a6fb07ec73b294ac02412e874/r_20",
            "rotation": 0.12566370614359174,
            "transform_matrix": [
                [
                    -0.7332096099853516,
                    0.4995352327823639,
                    0.4613763093948364,
                    1.8598674535751343
                ],
                [
                    0.6800026297569275,
                    0.5386214852333069,
                    0.49747681617736816,
                    2.0053932666778564
                ],
                [
                    1.4901161193847656e-08,
                    0.67849200963974,
                    -0.7346076965332031,
                    -2.961298704147339
                ],
                [
                    0.0,
                    0.0,
                    0.0,
                    1.0
                ]
            ]
        },
        {
            "file_path": "/data/shapenet_blender/all_50_random/02958343/f044724a6fb07ec73b294ac02412e874/r_21",
            "rotation": 0.12566370614359174,
            "transform_matrix": [
                [
                    0.8999835252761841,
                    0.013786899857223034,
                    0.43570592999458313,
                    1.7563867568969727
                ],
                [
                    0.4359240233898163,
                    -0.028463635593652725,
                    -0.8995332717895508,
                    -3.6261346340179443
                ],
                [
                    -9.313225746154785e-10,
                    0.9994997382164001,
                    -0.03162684291601181,
                    -0.12749187648296356
                ],
                [
                    0.0,
                    0.0,
                    0.0,
                    1.0
                ]
            ]
        },
        {
            "file_path": "/data/shapenet_blender/all_50_random/02958343/f044724a6fb07ec73b294ac02412e874/r_22",
            "rotation": 0.12566370614359174,
            "transform_matrix": [
                [
                    -0.46702444553375244,
                    -0.18905042111873627,
                    0.8637986779212952,
                    3.482083797454834
                ],
                [
                    0.884244441986084,
                    -0.09984926879405975,
                    0.456225723028183,
                    1.8391047716140747
                ],
                [
                    0.0,
                    0.9768775701522827,
                    0.21379885077476501,
                    0.8618507385253906
                ],
                [
                    0.0,
                    0.0,
                    0.0,
                    1.0
                ]
            ]
        },
        {
            "file_path": "/data/shapenet_blender/all_50_random/02958343/f044724a6fb07ec73b294ac02412e874/r_23",
            "rotation": 0.12566370614359174,
            "transform_matrix": [
                [
                    -0.5272924304008484,
                    0.5244054198265076,
                    0.6685518026351929,
                    2.6950185298919678
                ],
                [
                    0.8496838212013245,
                    0.3254328668117523,
                    0.4148865044116974,
                    1.6724610328674316
                ],
                [
                    0.0,
                    0.7868241667747498,
                    -0.6171771287918091,
                    -2.4879205226898193
                ],
                [
                    0.0,
                    0.0,
                    0.0,
                    1.0
                ]
            ]
        },
        {
            "file_path": "/data/shapenet_blender/all_50_random/02958343/f044724a6fb07ec73b294ac02412e874/r_24",
            "rotation": 0.12566370614359174,
            "transform_matrix": [
                [
                    0.962911069393158,
                    0.07966730743646622,
                    0.25778940320014954,
                    1.039182424545288
                ],
                [
                    0.2698189616203308,
                    -0.28431111574172974,
                    -0.9199808835983276,
                    -3.708561897277832
                ],
                [
                    0.0,
                    0.9554163217544556,
                    -0.29526203870773315,
                    -1.190239429473877
                ],
                [
                    0.0,
                    0.0,
                    0.0,
                    1.0
                ]
            ]
        },
        {
            "file_path": "/data/shapenet_blender/all_50_random/02958343/f044724a6fb07ec73b294ac02412e874/r_25",
            "rotation": 0.12566370614359174,
            "transform_matrix": [
                [
                    -0.9524908661842346,
                    -0.027343835681676865,
                    -0.3033373951911926,
                    -1.222792148590088
                ],
                [
                    -0.3045673668384552,
                    0.08551393449306488,
                    0.9486443400382996,
                    3.8241076469421387
                ],
                [
                    0.0,
                    0.9959616661071777,
                    -0.08977928012609482,
                    -0.3619118630886078
                ],
                [
                    0.0,
                    0.0,
                    0.0,
                    1.0
                ]
            ]
        },
        {
            "file_path": "/data/shapenet_blender/all_50_random/02958343/f044724a6fb07ec73b294ac02412e874/r_26",
            "rotation": 0.12566370614359174,
            "transform_matrix": [
                [
                    0.5336904525756836,
                    -0.2794003188610077,
                    -0.7981916069984436,
                    -3.2176132202148438
                ],
                [
                    -0.8456798195838928,
                    -0.17632359266281128,
                    -0.5037216544151306,
                    -2.030566930770874
                ],
                [
                    -1.4901160305669237e-08,
                    0.9438459873199463,
                    -0.33038556575775146,
                    -1.3318268060684204
                ],
                [
                    0.0,
                    0.0,
                    0.0,
                    1.0
                ]
            ]
        },
        {
            "file_path": "/data/shapenet_blender/all_50_random/02958343/f044724a6fb07ec73b294ac02412e874/r_27",
            "rotation": 0.12566370614359174,
            "transform_matrix": [
                [
                    -0.7791850566864014,
                    0.23154477775096893,
                    -0.5824583768844604,
                    -2.3479647636413574
                ],
                [
                    -0.6267940402030945,
                    -0.28783971071243286,
                    0.724070131778717,
                    2.9188201427459717
                ],
                [
                    0.0,
                    0.9292659163475037,
                    0.36941128969192505,
                    1.4891445636749268
                ],
                [
                    0.0,
                    0.0,
                    0.0,
                    1.0
                ]
            ]
        },
        {
            "file_path": "/data/shapenet_blender/all_50_random/02958343/f044724a6fb07ec73b294ac02412e874/r_28",
            "rotation": 0.12566370614359174,
            "transform_matrix": [
                [
                    0.6076066493988037,
                    0.7698869705200195,
                    0.19516226649284363,
                    0.7867242693901062
                ],
                [
                    0.7942381501197815,
                    -0.588977575302124,
                    -0.14930269122123718,
                    -0.601858377456665
                ],
                [
                    7.450580596923828e-09,
                    0.2457224726676941,
                    -0.9693402051925659,
                    -3.9075353145599365
                ],
                [
                    0.0,
                    0.0,
                    0.0,
                    1.0
                ]
            ]
        },
        {
            "file_path": "/data/shapenet_blender/all_50_random/02958343/f044724a6fb07ec73b294ac02412e874/r_29",
            "rotation": 0.12566370614359174,
            "transform_matrix": [
                [
                    -0.8706245422363281,
                    0.10765386372804642,
                    -0.4800245463848114,
                    -1.9350409507751465
                ],
                [
                    -0.49194809794425964,
                    -0.1905202865600586,
                    0.8495228290557861,
                    3.4245362281799316
                ],
                [
                    0.0,
                    0.9757625460624695,
                    0.21883177757263184,
                    0.8821391463279724
                ],
                [
                    0.0,
                    0.0,
                    0.0,
                    1.0
                ]
            ]
        },
        {
            "file_path": "/data/shapenet_blender/all_50_random/02958343/f044724a6fb07ec73b294ac02412e874/r_30",
            "rotation": 0.12566370614359174,
            "transform_matrix": [
                [
                    0.852753221988678,
                    0.36134859919548035,
                    -0.3771459460258484,
                    -1.5203239917755127
                ],
                [
                    -0.5223139524459839,
                    0.5899539589881897,
                    -0.6157454252243042,
                    -2.482149124145508
                ],
                [
                    0.0,
                    0.7220674753189087,
                    0.6918225884437561,
                    2.7888259887695312
                ],
                [
                    0.0,
                    0.0,
                    0.0,
                    1.0
                ]
            ]
        },
        {
            "file_path": "/data/shapenet_blender/all_50_random/02958343/f044724a6fb07ec73b294ac02412e874/r_31",
            "rotation": 0.12566370614359174,
            "transform_matrix": [
                [
                    -0.7239273190498352,
                    0.5507949590682983,
                    0.4153962731361389,
                    1.6745160818099976
                ],
                [
                    0.689876139163971,
                    0.5779813528060913,
                    0.435899555683136,
                    1.7571674585342407
                ],
                [
                    -2.9802320611338473e-08,
                    0.6021316647529602,
                    -0.7983967065811157,
                    -3.218440294265747
                ],
                [
                    0.0,
                    0.0,
                    0.0,
                    1.0
                ]
            ]
        },
        {
            "file_path": "/data/shapenet_blender/all_50_random/02958343/f044724a6fb07ec73b294ac02412e874/r_32",
            "rotation": 0.12566370614359174,
            "transform_matrix": [
                [
                    -0.9977014064788818,
                    -0.01806425116956234,
                    -0.06531257182359695,
                    -0.2632834315299988
                ],
                [
                    -0.06776466965675354,
                    0.26596054434776306,
                    0.9615991115570068,
                    3.8763301372528076
                ],
                [
                    0.0,
                    0.9638146758079529,
                    -0.2665732502937317,
                    -1.0745912790298462
                ],
                [
                    0.0,
                    0.0,
                    0.0,
                    1.0
                ]
            ]
        },
        {
            "file_path": "/data/shapenet_blender/all_50_random/02958343/f044724a6fb07ec73b294ac02412e874/r_33",
            "rotation": 0.12566370614359174,
            "transform_matrix": [
                [
                    0.227842777967453,
                    -0.8231856822967529,
                    -0.5200507640838623,
                    -2.0963919162750244
                ],
                [
                    -0.9736979603767395,
                    -0.1926233023405075,
                    -0.1216905266046524,
                    -0.4905502200126648
                ],
                [
                    0.0,
                    0.5340986251831055,
                    -0.8454220294952393,
                    -3.408005475997925
                ],
                [
                    0.0,
                    0.0,
                    0.0,
                    1.0
                ]
            ]
        },
        {
            "file_path": "/data/shapenet_blender/all_50_random/02958343/f044724a6fb07ec73b294ac02412e874/r_34",
            "rotation": 0.12566370614359174,
            "transform_matrix": [
                [
                    -0.5102347731590271,
                    0.5931911468505859,
                    0.6227236986160278,
                    2.5102791786193848
                ],
                [
                    0.8600351810455322,
                    0.3519236743450165,
                    0.36944451928138733,
                    1.4892783164978027
                ],
                [
                    0.0,
                    0.7240676283836365,
                    -0.6897289752960205,
                    -2.780386209487915
                ],
                [
                    0.0,
                    0.0,
                    0.0,
                    1.0
                ]
            ]
        },
        {
            "file_path": "/data/shapenet_blender/all_50_random/02958343/f044724a6fb07ec73b294ac02412e874/r_35",
            "rotation": 0.12566370614359174,
            "transform_matrix": [
                [
                    0.8545811176300049,
                    -0.11156369745731354,
                    -0.5071929097175598,
                    -2.044559955596924
                ],
                [
                    -0.5193179249763489,
                    -0.18358740210533142,
                    -0.8346284031867981,
                    -3.364494800567627
                ],
                [
                    0.0,
                    0.9766520261764526,
                    -0.21482735872268677,
                    -0.865996778011322
                ],
                [
                    0.0,
                    0.0,
                    0.0,
                    1.0
                ]
            ]
        },
        {
            "file_path": "/data/shapenet_blender/all_50_random/02958343/f044724a6fb07ec73b294ac02412e874/r_36",
            "rotation": 0.12566370614359174,
            "transform_matrix": [
                [
                    0.896773099899292,
                    0.1006283387541771,
                    0.4308966398239136,
                    1.7369999885559082
                ],
                [
                    0.44249069690704346,
                    -0.203938290476799,
                    -0.8732760548591614,
                    -3.5202887058258057
                ],
                [
                    0.0,
                    0.9737982153892517,
                    -0.22741347551345825,
                    -0.9167330861091614
                ],
                [
                    0.0,
                    0.0,
                    0.0,
                    1.0
                ]
            ]
        },
        {
            "file_path": "/data/shapenet_blender/all_50_random/02958343/f044724a6fb07ec73b294ac02412e874/r_37",
            "rotation": 0.12566370614359174,
            "transform_matrix": [
                [
                    0.7146079540252686,
                    0.1644546240568161,
                    0.6799191832542419,
                    2.740841865539551
                ],
                [
                    0.6995251774787903,
                    -0.16800053417682648,
                    -0.6945793032646179,
                    -2.799938678741455
                ],
                [
                    7.450580596923828e-09,
                    0.9719724655151367,
                    -0.23509468138217926,
                    -0.9476969838142395
                ],
                [
                    0.0,
                    0.0,
                    0.0,
                    1.0
                ]
            ]
        },
        {
            "file_path": "/data/shapenet_blender/all_50_random/02958343/f044724a6fb07ec73b294ac02412e874/r_38",
            "rotation": 0.12566370614359174,
            "transform_matrix": [
                [
                    0.07863407582044601,
                    -0.857856810092926,
                    -0.5078368782997131,
                    -2.0471558570861816
                ],
                [
                    -0.9969035983085632,
                    -0.06766629964113235,
                    -0.04005732014775276,
                    -0.1614762246608734
                ],
                [
                    3.725290298461914e-09,
                    0.5094141960144043,
                    -0.8605214357376099,
                    -3.4688727855682373
                ],
                [
                    0.0,
                    0.0,
                    0.0,
                    1.0
                ]
            ]
        },
        {
            "file_path": "/data/shapenet_blender/all_50_random/02958343/f044724a6fb07ec73b294ac02412e874/r_39",
            "rotation": 0.12566370614359174,
            "transform_matrix": [
                [
                    -0.49557819962501526,
                    -0.30088376998901367,
                    -0.8147828578948975,
                    -3.2844948768615723
                ],
                [
                    -0.8685633540153503,
                    0.17167595028877258,
                    0.46489256620407104,
                    1.8740419149398804
                ],
                [
                    -1.4901161193847656e-08,
                    0.9380812048912048,
                    -0.3464154601097107,
                    -1.396445393562317
                ],
                [
                    0.0,
                    0.0,
                    0.0,
                    1.0
                ]
            ]
        },
        {
            "file_path": "/data/shapenet_blender/all_50_random/02958343/f044724a6fb07ec73b294ac02412e874/r_40",
            "rotation": 0.12566370614359174,
            "transform_matrix": [
                [
                    0.4529995322227478,
                    0.05923932418227196,
                    0.8895403742790222,
                    3.5858519077301025
                ],
                [
                    0.8915106654167175,
                    -0.030101029202342033,
                    -0.45199838280677795,
                    -1.8220638036727905
                ],
                [
                    1.8626450382086546e-09,
                    0.9977898597717285,
                    -0.06644824892282486,
                    -0.2678614556789398
                ],
                [
                    0.0,
                    0.0,
                    0.0,
                    1.0
                ]
            ]
        },
        {
            "file_path": "/data/shapenet_blender/all_50_random/02958343/f044724a6fb07ec73b294ac02412e874/r_41",
            "rotation": 0.12566370614359174,
            "transform_matrix": [
                [
                    -0.7131632566452026,
                    0.09445352107286453,
                    0.6946054697036743,
                    2.800044298171997
                ],
                [
                    0.700998067855835,
                    0.09609267115592957,
                    0.706659734249115,
                    2.8486363887786865
                ],
                [
                    7.450580596923828e-09,
                    0.9908808469772339,
                    -0.13474148511886597,
                    -0.5431603193283081
