{
    "class": "02958343",
    "model": "6b896508bdd231887c3c6f82a395b347",
    "remove_doubles": true,
    "edge_split": true,
    "denoise": true,
    "camera_angle_x": 0.6911112070083618,
    "scale_factor": 2.2289164877845935,
    "hdri_file": "/data/IndoorHDRDataset2018/9C4A6647-f3017a3fbb.exr",
    "center_offset": [
        0.0,
        0.0,
        -1.3969838619232178e-09
    ],
    "lights": [],
    "frames": [
        {
            "file_path": "/data/shapenet_blender/all_50_random/02958343/6b896508bdd231887c3c6f82a395b347/r_0",
            "rotation": 0.12566370614359174,
            "transform_matrix": [
                [
                    -0.5018906593322754,
                    -0.6606641411781311,
                    0.5582371354103088,
                    2.250325918197632
                ],
                [
                    0.8649311065673828,
                    -0.3833613395690918,
                    0.3239263892173767,
                    1.3057889938354492
                ],
                [
                    0.0,
                    0.6454122066497803,
                    0.7638344168663025,
                    3.0791149139404297
                ],
                [
                    0.0,
                    0.0,
                    0.0,
                    1.0
                ]
            ]
        },
        {
            "file_path": "/data/shapenet_blender/all_50_random/02958343/6b896508bdd231887c3c6f82a395b347/r_1",
            "rotation": 0.12566370614359174,
            "transform_matrix": [
                [
                    0.14485205709934235,
                    -0.4227306842803955,
                    -0.8946042060852051,
                    -3.60626482963562
                ],
                [
                    -0.9894533157348633,
                    -0.061886101961135864,
                    -0.13096652925014496,
                    -0.527942955493927
                ],
                [
                    3.725290298461914e-09,
                    0.9041398167610168,
                    -0.4272365868091583,
                    -1.7222458124160767
                ],
                [
                    0.0,
                    0.0,
                    0.0,
                    1.0
                ]
            ]
        },
        {
            "file_path": "/data/shapenet_blender/all_50_random/02958343/6b896508bdd231887c3c6f82a395b347/r_2",
            "rotation": 0.12566370614359174,
            "transform_matrix": [
                [
                    0.4690006375312805,
                    -0.3722754716873169,
                    0.8009053468704224,
                    3.22855281829834
                ],
                [
                    0.8831979632377625,
                    0.1976877748966217,
                    -0.42530113458633423,
                    -1.7144436836242676
                ],
                [
                    -1.4901162970204496e-08,
                    0.9068244099617004,
                    0.4215086102485657,
                    1.699155569076538
                ],
                [
                    0.0,
                    0.0,
                    0.0,
                    1.0
                ]
            ]
        },
        {
            "file_path": "/data/shapenet_blender/all_50_random/02958343/6b896508bdd231887c3c6f82a395b347/r_3",
            "rotation": 0.12566370614359174,
            "transform_matrix": [
                [
                    -0.535321056842804,
                    -0.5433361530303955,
                    0.6466971039772034,
                    2.606919765472412
                ],
                [
                    0.8446485996246338,
                    -0.34435534477233887,
                    0.4098634421825409,
                    1.6522125005722046
                ],
                [
                    -1.4901161193847656e-08,
                    0.765640377998352,
                    0.6432687044143677,
                    2.593099355697632
                ],
                [
                    0.0,
                    0.0,
                    0.0,
                    1.0
                ]
            ]
        },
        {
            "file_path": "/data/shapenet_blender/all_50_random/02958343/6b896508bdd231887c3c6f82a395b347/r_4",
            "rotation": 0.12566370614359174,
            "transform_matrix": [
                [
                    -0.29464128613471985,
                    0.8231737017631531,
                    0.4853570759296417,
                    1.956537127494812
                ],
                [
                    0.9556080102920532,
                    0.25380802154541016,
                    0.1496494710445404,
                    0.603256344795227
                ],
                [
                    -7.450581485102248e-09,
                    0.507904052734375,
                    -0.8614135384559631,
                    -3.4724693298339844
                ],
                [
                    0.0,
                    0.0,
                    0.0,
                    1.0
                ]
            ]
        },
        {
            "file_path": "/data/shapenet_blender/all_50_random/02958343/6b896508bdd231887c3c6f82a395b347/r_5",
            "rotation": 0.12566370614359174,
            "transform_matrix": [
                [
                    0.8476852774620056,
                    -0.2518966794013977,
                    0.4668808877468109,
                    1.8820570707321167
                ],
                [
                    0.5304995179176331,
                    0.4025057554244995,
                    -0.7460290789604187,
                    -3.0073394775390625
                ],
                [
                    1.4901161193847656e-08,
                    0.8800779581069946,
                    0.47482922673225403,
                    1.914097785949707
                ],
                [
                    0.0,
                    0.0,
                    0.0,
                    1.0
                ]
            ]
        },
        {
            "file_path": "/data/shapenet_blender/all_50_random/02958343/6b896508bdd231887c3c6f82a395b347/r_6",
            "rotation": 0.12566370614359174,
            "transform_matrix": [
                [
                    0.7232332229614258,
                    -0.07070817053318024,
                    0.6869745850563049,
                    2.7692830562591553
                ],
                [
                    0.6906039118766785,
                    0.0740489512681961,
                    -0.7194324135780334,
                    -2.9001247882843018
                ],
                [
                    3.725290742551124e-09,
                    0.9947446584701538,
                    0.10238601267337799,
                    0.41273123025894165
                ],
                [
                    0.0,
                    0.0,
                    0.0,
                    1.0
                ]
            ]
        },
        {
            "file_path": "/data/shapenet_blender/all_50_random/02958343/6b896508bdd231887c3c6f82a395b347/r_7",
            "rotation": 0.12566370614359174,
            "transform_matrix": [
                [
                    0.8363972902297974,
                    0.19605153799057007,
                    0.5118626356124878,
                    2.0633842945098877
                ],
                [
                    0.5481236577033997,
                    -0.29916054010391235,
                    -0.7810655832290649,
                    -3.148576021194458
                ],
                [
                    0.0,
                    0.9338451623916626,
                    -0.35767754912376404,
                    -1.4418443441390991
                ],
                [
                    0.0,
                    0.0,
                    0.0,
                    1.0
                ]
            ]
        },
        {
            "file_path": "/data/shapenet_blender/all_50_random/02958343/6b896508bdd231887c3c6f82a395b347/r_8",
            "rotation": 0.12566370614359174,
            "transform_matrix": [
                [
                    0.2873998284339905,
                    -0.7506615519523621,
                    0.5949020385742188,
                    2.3981270790100098
                ],
                [
                    0.9578106999397278,
                    0.22524285316467285,
                    -0.1785057932138443,
                    -0.7195799350738525
                ],
                [
                    0.0,
                    0.6211060285568237,
                    0.7837263345718384,
                    3.159302234649658
                ],
                [
                    0.0,
                    0.0,
                    0.0,
                    1.0
                ]
            ]
        },
        {
            "file_path": "/data/shapenet_blender/all_50_random/02958343/6b896508bdd231887c3c6f82a395b347/r_9",
            "rotation": 0.12566370614359174,
            "transform_matrix": [
                [
                    -0.4540533721446991,
                    0.8310485482215881,
                    -0.32123786211013794,
                    -1.2949512004852295
                ],
                [
                    -0.8909744620323181,
                    -0.4235142767429352,
                    0.1637074202299118,
                    0.6599256992340088
                ],
                [
                    -1.4901161193847656e-08,
                    0.360546737909317,
                    0.9327411651611328,
                    3.759999990463257
                ],
                [
                    0.0,
                    0.0,
                    0.0,
                    1.0
                ]
            ]
        },
        {
            "file_path": "/data/shapenet_blender/all_50_random/02958343/6b896508bdd231887c3c6f82a395b347/r_10",
            "rotation": 0.12566370614359174,
            "transform_matrix": [
                [
                    0.6022512912750244,
                    0.5622296333312988,
                    0.5667373538017273,
                    2.2845916748046875
                ],
                [
                    0.7983065843582153,
                    -0.4241522550582886,
                    -0.4275529384613037,
                    -1.723521113395691
                ],
                [
                    0.0,
                    0.7099244594573975,
                    -0.7042776942253113,
                    -2.83903431892395
                ],
                [
                    0.0,
                    0.0,
                    0.0,
                    1.0
                ]
            ]
        },
        {
            "file_path": "/data/shapenet_blender/all_50_random/02958343/6b896508bdd231887c3c6f82a395b347/r_11",
            "rotation": 0.12566370614359174,
            "transform_matrix": [
                [
                    0.8967397212982178,
                    -0.1367531716823578,
                    -0.42089971899986267,
                    -1.6967010498046875
                ],
                [
                    -0.44255855679512024,
                    -0.2770978510379791,
                    -0.8528532981872559,
                    -3.4379615783691406
                ],
                [
                    -1.4901162970204496e-08,
                    0.9510600566864014,
                    -0.3090059459209442,
                    -1.2456427812576294
                ],
                [
                    0.0,
                    0.0,
                    0.0,
                    1.0
                ]
            ]
        },
        {
            "file_path": "/data/shapenet_blender/all_50_random/02958343/6b896508bdd231887c3c6f82a395b347/r_12",
            "rotation": 0.12566370614359174,
            "transform_matrix": [
                [
                    0.29484936594963074,
                    -0.7009108066558838,
                    -0.6494518518447876,
                    -2.6180241107940674
                ],
                [
                    -0.9555437564849854,
                    -0.2162780463695526,
                    -0.2003994882106781,
                    -0.8078361749649048
                ],
                [
                    -1.4901162970204496e-08,
                    0.6796672344207764,
                    -0.7335204482078552,
                    -2.9569156169891357
                ],
                [
                    0.0,
                    0.0,
                    0.0,
                    1.0
                ]
            ]
        },
        {
            "file_path": "/data/shapenet_blender/all_50_random/02958343/6b896508bdd231887c3c6f82a395b347/r_13",
            "rotation": 0.12566370614359174,
            "transform_matrix": [
                [
                    0.417669415473938,
                    -0.42718008160591125,
                    0.8019160628318787,
                    3.2326271533966064
                ],
                [
                    0.9085990190505981,
                    0.19636830687522888,
                    -0.3686288595199585,
                    -1.4859904050827026
                ],
                [
                    0.0,
                    0.8825852274894714,
                    0.47015243768692017,
                    1.89524507522583
                ],
                [
                    0.0,
                    0.0,
                    0.0,
                    1.0
                ]
            ]
        },
        {
            "file_path": "/data/shapenet_blender/all_50_random/02958343/6b896508bdd231887c3c6f82a395b347/r_14",
            "rotation": 0.12566370614359174,
            "transform_matrix": [
                [
                    0.34682151675224304,
                    -0.040661174803972244,
                    -0.9370493292808533,
                    -3.7773666381835938
                ],
                [
                    -0.9379311800003052,
                    -0.015035402029752731,
                    -0.34649547934532166,
                    -1.3967679738998413
                ],
                [
                    9.313225746154785e-10,
                    0.999059796333313,
                    -0.04335198551416397,
                    -0.1747574508190155
                ],
                [
                    0.0,
                    0.0,
                    0.0,
                    1.0
                ]
            ]
        },
        {
            "file_path": "/data/shapenet_blender/all_50_random/02958343/6b896508bdd231887c3c6f82a395b347/r_15",
            "rotation": 0.12566370614359174,
            "transform_matrix": [
                [
                    -0.03815083205699921,
                    0.017853466793894768,
                    0.9991124272346497,
                    4.027551174163818
                ],
                [
                    0.9992719888687134,
                    0.0006816207896918058,
                    0.03814473748207092,
                    0.15376636385917664
                ],
                [
                    5.820766091346741e-11,
                    0.9998403787612915,
                    -0.01786646991968155,
                    -0.07202205061912537
                ],
                [
                    0.0,
                    0.0,
                    0.0,
                    1.0
                ]
            ]
        },
        {
            "file_path": "/data/shapenet_blender/all_50_random/02958343/6b896508bdd231887c3c6f82a395b347/r_16",
            "rotation": 0.12566370614359174,
            "transform_matrix": [
                [
                    0.38779497146606445,
                    -0.458575963973999,
                    0.7995768189430237,
                    3.2231972217559814
                ],
                [
                    0.9217455983161926,
                    0.1929311603307724,
                    -0.33639636635780334,
                    -1.3560571670532227
                ],
                [
                    0.0,
                    0.867459237575531,
                    0.49750816822052,
                    2.0055196285247803
                ],
                [
                    0.0,
                    0.0,
                    0.0,
                    1.0
                ]
            ]
        },
        {
            "file_path": "/data/shapenet_blender/all_50_random/02958343/6b896508bdd231887c3c6f82a395b347/r_17",
            "rotation": 0.12566370614359174,
            "transform_matrix": [
                [
                    -0.9840278029441833,
                    -0.06457576155662537,
                    -0.16588911414146423,
                    -0.6687204837799072
                ],
                [
                    -0.17801468074321747,
                    0.3569612205028534,
                    0.9170001745223999,
                    3.6965460777282715
                ],
                [
                    -3.725290298461914e-09,
                    0.9318844079971313,
                    -0.3627552092075348,
                    -1.462313175201416
                ],
                [
                    0.0,
                    0.0,
                    0.0,
                    1.0
                ]
            ]
        },
        {
            "file_path": "/data/shapenet_blender/all_50_random/02958343/6b896508bdd231887c3c6f82a395b347/r_18",
            "rotation": 0.12566370614359174,
            "transform_matrix": [
                [
                    0.47605571150779724,
                    0.05231727287173271,
                    -0.8778574466705322,
                    -3.538756847381592
                ],
                [
                    -0.8794152140617371,
                    0.028321020305156708,
                    -0.4752124547958374,
                    -1.9156428575515747
                ],
                [
                    -1.862645371275562e-09,
                    0.9982287883758545,
                    0.059490982443094254,
                    0.2398158311843872
                ],
                [
                    0.0,
                    0.0,
                    0.0,
                    1.0
                ]
            ]
        },
        {
            "file_path": "/data/shapenet_blender/all_50_random/02958343/6b896508bdd231887c3c6f82a395b347/r_19",
            "rotation": 0.12566370614359174,
            "transform_matrix": [
                [
                    0.12711948156356812,
                    0.19576936960220337,
                    -0.9723759293556213,
                    -3.9197728633880615
                ],
                [
                    -0.9918874502182007,
                    0.02508964017033577,
                    -0.12461890280246735,
                    -0.5023548603057861
                ],
                [
                    -1.862645149230957e-09,
                    0.9803289771080017,
                    0.19737054407596588,
                    0.7956261038780212
                ],
                [
                    0.0,
                    0.0,
                    0.0,
                    1.0
                ]
            ]
        },
        {
            "file_path": "/data/shapenet_blender/all_50_random/02958343/6b896508bdd231887c3c6f82a395b347/r_20",
            "rotation": 0.12566370614359174,
            "transform_matrix": [
                [
                    -0.37372204661369324,
                    0.13366007804870605,
                    -0.9178597927093506,
                    -3.7000114917755127
                ],
                [
                    -0.92754065990448,
                    -0.053853943943977356,
                    0.3698214590549469,
                    1.4907981157302856
                ],
                [
                    -3.725290076417309e-09,
                    0.9895629286766052,
                    0.1441015601158142,
                    0.580892026424408
                ],
                [
                    0.0,
                    0.0,
                    0.0,
                    1.0
                ]
            ]
        },
        {
            "file_path": "/data/shapenet_blender/all_50_random/02958343/6b896508bdd231887c3c6f82a395b347/r_21",
            "rotation": 0.12566370614359174,
            "transform_matrix": [
                [
                    -0.14982594549655914,
                    -0.5569384098052979,
                    -0.8169282674789429,
                    -3.2931432723999023
                ],
                [
                    -0.9887123703956604,
                    0.08439645916223526,
                    0.12379439920186996,
                    0.4990311861038208
                ],
                [
                    0.0,
                    0.826254665851593,
                    -0.5632966756820679,
                    -2.270721435546875
                ],
                [
                    0.0,
                    0.0,
                    0.0,
                    1.0
                ]
            ]
        },
        {
            "file_path": "/data/shapenet_blender/all_50_random/02958343/6b896508bdd231887c3c6f82a395b347/r_22",
            "rotation": 0.12566370614359174,
            "transform_matrix": [
                [
                    0.1250085085630417,
                    0.4515746235847473,
                    0.8834326267242432,
                    3.5612308979034424
                ],
                [
                    0.9921556711196899,
                    -0.05689699202775955,
                    -0.11130975186824799,
                    -0.44870397448539734
                ],
                [
                    0.0,
                    0.8904173374176025,
                    -0.45514488220214844,
                    -1.8347476720809937
                ],
                [
                    0.0,
                    0.0,
                    0.0,
                    1.0
                ]
            ]
        },
        {
            "file_path": "/data/shapenet_blender/all_50_random/02958343/6b896508bdd231887c3c6f82a395b347/r_23",
            "rotation": 0.12566370614359174,
            "transform_matrix": [
                [
                    0.9545996189117432,
                    -0.08376527577638626,
                    -0.28587251901626587,
                    -1.1523890495300293
                ],
                [
                    -0.29789218306541443,
                    -0.2684269845485687,
                    -0.9160824418067932,
                    -3.6928467750549316
                ],
                [
                    0.0,
                    0.9596511125564575,
                    -0.28119325637817383,
                    -1.1335264444351196
                ],
                [
                    0.0,
                    0.0,
                    0.0,
                    1.0
                ]
            ]
        },
        {
            "file_path": "/data/shapenet_blender/all_50_random/02958343/6b896508bdd231887c3c6f82a395b347/r_24",
            "rotation": 0.12566370614359174,
            "transform_matrix": [
                [
                    0.90762859582901,
                    0.31145551800727844,
                    -0.28143537044525146,
                    -1.1345022916793823
                ],
                [
                    -0.41977426409721375,
                    0.673423707485199,
                    -0.608514666557312,
                    -2.453001022338867
                ],
                [
                    0.0,
                    0.6704446077346802,
                    0.7419595718383789,
                    2.9909346103668213
                ],
                [
                    0.0,
                    0.0,
                    0.0,
                    1.0
                ]
            ]
        },
        {
            "file_path": "/data/shapenet_blender/all_50_random/02958343/6b896508bdd231887c3c6f82a395b347/r_25",
            "rotation": 0.12566370614359174,
            "transform_matrix": [
                [
                    0.9421418905258179,
                    -0.15437428653240204,
                    -0.2975519299507141,
                    -1.1994702816009521
                ],
                [
                    -0.3352142572402954,
                    -0.43387916684150696,
                    -0.8362894654273987,
                    -3.3711910247802734
                ],
                [
                    0.0,
                    0.8876470327377319,
                    -0.46052420139312744,
                    -1.856432557106018
                ],
                [
                    0.0,
                    0.0,
                    0.0,
                    1.0
                ]
            ]
        },
        {
            "file_path": "/data/shapenet_blender/all_50_random/02958343/6b896508bdd231887c3c6f82a395b347/r_26",
            "rotation": 0.12566370614359174,
            "transform_matrix": [
                [
                    0.6922809481620789,
                    0.032508209347724915,
                    -0.7208954095840454,
                    -2.906022548675537
                ],
                [
                    -0.7216280698776245,
                    0.031186172738671303,
                    -0.6915780901908875,
                    -2.7878406047821045
                ],
                [
                    1.862645149230957e-09,
                    0.9989847540855408,
                    0.04504842683672905,
                    0.18159602582454681
                ],
                [
                    0.0,
                    0.0,
                    0.0,
                    1.0
                ]
            ]
        },
        {
            "file_path": "/data/shapenet_blender/all_50_random/02958343/6b896508bdd231887c3c6f82a395b347/r_27",
            "rotation": 0.12566370614359174,
            "transform_matrix": [
                [
                    -0.6607798337936401,
                    -0.050362296402454376,
                    -0.7488881945610046,
                    -3.0188651084899902
                ],
                [
                    -0.7505798935890198,
                    0.044336915016174316,
                    0.659290611743927,
                    2.6576857566833496
                ],
                [
                    0.0,
                    0.9977462291717529,
                    -0.06709785759449005,
                    -0.2704801559448242
                ],
                [
                    0.0,
                    0.0,
                    0.0,
                    1.0
                ]
            ]
        },
        {
            "file_path": "/data/shapenet_blender/all_50_random/02958343/6b896508bdd231887c3c6f82a395b347/r_28",
            "rotation": 0.12566370614359174,
            "transform_matrix": [
                [
                    0.8958438634872437,
                    0.1955505758523941,
                    0.3990285098552704,
                    1.6085351705551147
                ],
                [
                    0.4443688988685608,
                    -0.3942282497882843,
                    -0.8044379949569702,
                    -3.242792844772339
                ],
                [
                    0.0,
                    0.8979666233062744,
                    -0.44006356596946716,
                    -1.7739527225494385
                ],
                [
                    0.0,
                    0.0,
                    0.0,
                    1.0
                ]
            ]
        },
        {
            "file_path": "/data/shapenet_blender/all_50_random/02958343/6b896508bdd231887c3c6f82a395b347/r_29",
            "rotation": 0.12566370614359174,
            "transform_matrix": [
                [
                    0.920402467250824,
                    -0.2730717658996582,
                    -0.2798055112361908,
                    -1.127932071685791
                ],
                [
                    -0.3909723162651062,
                    -0.6428483724594116,
                    -0.6587005853652954,
                    -2.6553070545196533
                ],
                [
                    1.4901162970204496e-08,
                    0.7156659364700317,
                    -0.6984427571296692,
                    -2.8155128955841064
                ],
                [
                    0.0,
                    0.0,
                    0.0,
                    1.0
                ]
            ]
        },
        {
            "file_path": "/data/shapenet_blender/all_50_random/02958343/6b896508bdd231887c3c6f82a395b347/r_30",
            "rotation": 0.12566370614359174,
            "transform_matrix": [
                [
                    0.24695976078510284,
                    0.28423526883125305,
                    -0.9264022707939148,
                    -3.7344470024108887
                ],
                [
                    -0.9690257906913757,
                    0.07243838906288147,
                    -0.23609699308872223,
                    -0.9517374038696289
                ],
                [
                    0.0,
                    0.956014096736908,
                    0.2933206558227539,
                    1.1824133396148682
                ],
                [
                    0.0,
                    0.0,
                    0.0,
                    1.0
                ]
            ]
        },
        {
            "file_path": "/data/shapenet_blender/all_50_random/02958343/6b896508bdd231887c3c6f82a395b347/r_31",
            "rotation": 0.12566370614359174,
            "transform_matrix": [
                [
                    0.3476431965827942,
                    0.24414458870887756,
                    -0.9052830934524536,
                    -3.64931321144104
                ],
                [
                    -0.9376269578933716,
                    0.09052130579948425,
                    -0.33565109968185425,
                    -1.3530529737472534
                ],
                [
                    7.450581485102248e-09,
                    0.9655046463012695,
                    0.2603856027126312,
                    1.0496480464935303
                ],
                [
                    0.0,
                    0.0,
                    0.0,
                    1.0
                ]
            ]
        },
        {
            "file_path": "/data/shapenet_blender/all_50_random/02958343/6b896508bdd231887c3c6f82a395b347/r_32",
            "rotation": 0.12566370614359174,
            "transform_matrix": [
                [
                    -0.6682595014572144,
                    0.5576975345611572,
                    -0.49234411120414734,
                    -1.9847025871276855
                ],
                [
                    -0.7439283132553101,
                    -0.5009711980819702,
                    0.44226521253585815,
                    1.7828280925750732
                ],
                [
                    0.0,
                    0.6618165373802185,
                    0.7496657967567444,
                    3.0219995975494385
                ],
                [
                    0.0,
                    0.0,
                    0.0,
                    1.0
                ]
            ]
        },
        {
            "file_path": "/data/shapenet_blender/all_50_random/02958343/6b896508bdd231887c3c6f82a395b347/r_33",
            "rotation": 0.12566370614359174,
            "transform_matrix": [
                [
                    -0.845561683177948,
                    0.11168452352285385,
                    -0.522065281867981,
                    -2.1045124530792236
                ],
                [
                    -0.5338779091835022,
                    -0.1768871545791626,
                    0.8268526792526245,
                    3.3331496715545654
                ],
                [
                    0.0,
                    0.9778738617897034,
                    0.20919492840766907,
                    0.843291699886322
                ],
                [
                    0.0,
                    0.0,
                    0.0,
                    1.0
                ]
            ]
        },
        {
            "file_path": "/data/shapenet_blender/all_50_random/02958343/6b896508bdd231887c3c6f82a395b347/r_34",
            "rotation": 0.12566370614359174,
            "transform_matrix": [
                [
                    -0.9015190005302429,
                    0.002664316212758422,
                    -0.4327314794063568,
                    -1.744396448135376
                ],
                [
                    -0.4327397346496582,
                    -0.005550522822886705,
                    0.9015018343925476,
                    3.6340701580047607
                ],
                [
                    2.3283067140944524e-10,
                    0.9999809861183167,
                    0.0061568571254611015,
                    0.024819085374474525
                ],
                [
                    0.0,
                    0.0,
                    0.0,
                    1.0
                ]
            ]
        },
        {
            "file_path": "/data/shapenet_blender/all_50_random/02958343/6b896508bdd231887c3c6f82a395b347/r_35",
            "rotation": 0.12566370614359174,
            "transform_matrix": [
                [
                    0.856362521648407,
                    0.21640664339065552,
                    0.46884042024612427,
                    1.8899561166763306
                ],
                [
                    0.5163750648498535,
                    -0.3588913679122925,
                    -0.7775305509567261,
                    -3.1343257427215576
                ],
                [
                    1.4901159417490817e-08,
                    0.9079455137252808,
                    -0.4190881848335266,
                    -1.6893984079360962
                ],
                [
                    0.0,
                    0.0,
                    0.0,
                    1.0
                ]
            ]
        },
        {
            "file_path": "/data/shapenet_blender/all_50_random/02958343/6b896508bdd231887c3c6f82a395b347/r_36",
            "rotation": 0.12566370614359174,
            "transform_matrix": [
                [
                    -0.24133220314979553,
                    0.543258547782898,
                    -0.8041324019432068,
                    -3.241560935974121
                ],
                [
                    -0.970442533493042,
                    -0.13509896397590637,
                    0.19997376203536987,
                    0.8061199188232422
                ],
                [
                    0.0,
                    0.8286242485046387,
                    0.5598050951957703,
                    2.256646156311035
                ],
                [
                    0.0,
                    0.0,
                    0.0,
                    1.0
                ]
            ]
        },
        {
            "file_path": "/data/shapenet_blender/all_50_random/02958343/6b896508bdd231887c3c6f82a395b347/r_37",
            "rotation": 0.12566370614359174,
            "transform_matrix": [
                [
                    -0.9347354769706726,
                    -0.10494236648082733,
                    0.3394949436187744,
                    1.3685479164123535
                ],
                [
                    0.3553445041179657,
                    -0.27605140209198,
                    0.8930431008338928,
                    3.5999717712402344
                ],
                [
                    -7.450580596923828e-09,
                    0.9553966522216797,
                    0.29532569646835327,
                    1.1904959678649902
                ],
                [
                    0.0,
                    0.0,
                    0.0,
                    1.0
                ]
            ]
        },
        {
            "file_path": "/data/shapenet_blender/all_50_random/02958343/6b896508bdd231887c3c6f82a395b347/r_38",
            "rotation": 0.12566370614359174,
            "transform_matrix": [
                [
                    0.36291661858558655,
                    0.2299487292766571,
                    -0.9030033349990845,
                    -3.640122890472412
                ],
                [
                    -0.9318215847015381,
                    0.08955816179513931,
                    -0.351692795753479,
                    -1.4177190065383911
                ],
                [
                    7.450580596923828e-09,
                    0.9690731763839722,
                    0.2467733472585678,
                    0.9947751760482788
                ],
                [
                    0.0,
                    0.0,
                    0.0,
                    1.0
                ]
            ]
        },
        {
            "file_path": "/data/shapenet_blender/all_50_random/02958343/6b896508bdd231887c3c6f82a395b347/r_39",
            "rotation": 0.12566370614359174,
            "transform_matrix": [
                [
                    0.6850071549415588,
                    0.0021099362056702375,
                    0.7285333275794983,
                    2.936811685562134
                ],
                [
                    0.7285364866256714,
                    -0.001983869820833206,
                    -0.6850042343139648,
                    -2.761340379714966
                ],
                [
                    0.0,
                    0.9999958276748657,
                    -0.0028961298521608114,
                    -0.011674672365188599
                ],
                [
                    0.0,
                    0.0,
                    0.0,
                    1.0
                ]
            ]
        },
        {
            "file_path": "/data/shapenet_blender/all_50_random/02958343/6b896508bdd231887c3c6f82a395b347/r_40",
            "rotation": 0.12566370614359174,
            "transform_matrix": [
                [
                    -0.4780880808830261,
                    -0.23248057067394257,
                    0.8469855785369873,
                    3.4143080711364746
                ],
                [
                    0.8783119320869446,
                    -0.1265452355146408,
                    0.46103635430336,
                    1.8584970235824585
                ],
                [
                    -7.450580596923828e-09,
                    0.9643334746360779,
                    0.26469022035598755,
                    1.067000389099121
                ],
                [
                    0.0,
                    0.0,
                    0.0,
                    1.0
                ]
            ]
        },
        {
            "file_path": "/data/shapenet_blender/all_50_random/02958343/6b896508bdd231887c3c6f82a395b347/r_41",
            "rotation": 0.12566370614359174,
            "transform_matrix": [
                [
                    0.43349960446357727,
                    -0.7871103286743164,
                    0.4387885332107544,
                    1.768813133239746
                ],
                [
                    0.9011538624763489,
                    0.37863901257514954,
                    -0.21107898652553558,
                    -0.8508865833282471
