{
    "class": "02958343",
    "model": "92cc3ad1d3da26955fcb05674109534a",
    "remove_doubles": true,
    "edge_split": true,
    "denoise": true,
    "camera_angle_x": 0.6911112070083618,
    "scale_factor": 2.2400755396567176,
    "hdri_file": "/data/IndoorHDRDataset2018/AG8A0111-ffd7e1ad93.exr",
    "center_offset": [
        0.0,
        -1.6298145055770874e-09,
        -3.725290298461914e-09
    ],
    "lights": [],
    "frames": [
        {
            "file_path": "/data/shapenet_blender/all_50_random/02958343/92cc3ad1d3da26955fcb05674109534a/r_0",
            "rotation": 0.12566370614359174,
            "transform_matrix": [
                [
                    -0.12637576460838318,
                    0.9602053761482239,
                    -0.24906735122203827,
                    -1.0040225982666016
                ],
                [
                    -0.9919824600219727,
                    -0.12232745438814163,
                    0.03173047676682472,
                    0.12790964543819427
                ],
                [
                    0.0,
                    0.2510804235935211,
                    0.9679661989212036,
                    3.901996612548828
                ],
                [
                    0.0,
                    0.0,
                    0.0,
                    1.0
                ]
            ]
        },
        {
            "file_path": "/data/shapenet_blender/all_50_random/02958343/92cc3ad1d3da26955fcb05674109534a/r_1",
            "rotation": 0.12566370614359174,
            "transform_matrix": [
                [
                    -0.6400820016860962,
                    0.16109488904476166,
                    0.751227855682373,
                    3.028296709060669
                ],
                [
                    0.7683066129684448,
                    0.13420936465263367,
                    0.6258535981178284,
                    2.5228967666625977
                ],
                [
                    7.450581485102248e-09,
                    0.9777709245681763,
                    -0.20967526733875275,
                    -0.8452280759811401
                ],
                [
                    0.0,
                    0.0,
                    0.0,
                    1.0
                ]
            ]
        },
        {
            "file_path": "/data/shapenet_blender/all_50_random/02958343/92cc3ad1d3da26955fcb05674109534a/r_2",
            "rotation": 0.12566370614359174,
            "transform_matrix": [
                [
                    0.951217770576477,
                    0.023198561742901802,
                    0.3076469302177429,
                    1.2401642799377441
                ],
                [
                    0.3085203170776367,
                    -0.07152488827705383,
                    -0.9485248923301697,
                    -3.8236258029937744
                ],
                [
                    0.0,
                    0.9971688985824585,
                    -0.07519298791885376,
                    -0.30311259627342224
                ],
                [
                    0.0,
                    0.0,
                    0.0,
                    1.0
                ]
            ]
        },
        {
            "file_path": "/data/shapenet_blender/all_50_random/02958343/92cc3ad1d3da26955fcb05674109534a/r_3",
            "rotation": 0.12566370614359174,
            "transform_matrix": [
                [
                    0.6522122025489807,
                    0.08864422142505646,
                    -0.7528355717658997,
                    -3.0347774028778076
                ],
                [
                    -0.7580365538597107,
                    0.07626920938491821,
                    -0.6477373242378235,
                    -2.6111128330230713
                ],
                [
                    3.725290742551124e-09,
                    0.9931390285491943,
                    0.11693926155567169,
                    0.4713972806930542
                ],
                [
                    0.0,
                    0.0,
                    0.0,
                    1.0
                ]
            ]
        },
        {
            "file_path": "/data/shapenet_blender/all_50_random/02958343/92cc3ad1d3da26955fcb05674109534a/r_4",
            "rotation": 0.12566370614359174,
            "transform_matrix": [
                [
                    0.8446111679077148,
                    0.00798049382865429,
                    -0.5353207588195801,
                    -2.157946825027466
                ],
                [
                    -0.5353801846504211,
                    0.012589958496391773,
                    -0.8445174098014832,
                    -3.404358148574829
                ],
                [
                    0.0,
                    0.9998888373374939,
                    0.014906220138072968,
                    0.06008888781070709
                ],
                [
                    0.0,
                    0.0,
                    0.0,
                    1.0
                ]
            ]
        },
        {
            "file_path": "/data/shapenet_blender/all_50_random/02958343/92cc3ad1d3da26955fcb05674109534a/r_5",
            "rotation": 0.12566370614359174,
            "transform_matrix": [
                [
                    -0.5029259920120239,
                    0.3873899281024933,
                    -0.7726541757583618,
                    -3.114668607711792
                ],
                [
                    -0.8643295764923096,
                    -0.22540992498397827,
                    0.4495829939842224,
                    1.8123270273208618
                ],
                [
                    0.0,
                    0.8939346671104431,
                    0.4481970965862274,
                    1.8067402839660645
                ],
                [
                    0.0,
                    0.0,
                    0.0,
                    1.0
                ]
            ]
        },
        {
            "file_path": "/data/shapenet_blender/all_50_random/02958343/92cc3ad1d3da26955fcb05674109534a/r_6",
            "rotation": 0.12566370614359174,
            "transform_matrix": [
                [
                    0.709445059299469,
                    -0.3808605372905731,
                    0.5929864645004272,
                    2.3904049396514893
                ],
                [
                    0.7047606706619263,
                    0.38339200615882874,
                    -0.5969278812408447,
                    -2.4062931537628174
                ],
                [
                    0.0,
                    0.8414011597633362,
                    0.540411114692688,
                    2.178466796875
                ],
                [
                    0.0,
                    0.0,
                    0.0,
                    1.0
                ]
            ]
        },
        {
            "file_path": "/data/shapenet_blender/all_50_random/02958343/92cc3ad1d3da26955fcb05674109534a/r_7",
            "rotation": 0.12566370614359174,
            "transform_matrix": [
                [
                    0.9858600497245789,
                    0.02943362109363079,
                    -0.16496542096138,
                    -0.664996862411499
                ],
                [
                    -0.16757065057754517,
                    0.17316535115242004,
                    -0.9705327749252319,
                    -3.9123427867889404
                ],
                [
                    1.862645149230957e-09,
                    0.9844527244567871,
                    0.175649031996727,
                    0.7080639004707336
                ],
                [
                    0.0,
                    0.0,
                    0.0,
                    1.0
                ]
            ]
        },
        {
            "file_path": "/data/shapenet_blender/all_50_random/02958343/92cc3ad1d3da26955fcb05674109534a/r_8",
            "rotation": 0.12566370614359174,
            "transform_matrix": [
                [
                    0.0514991357922554,
                    0.5640125274658203,
                    -0.8241587281227112,
                    -3.3222899436950684
                ],
                [
                    -0.9986730813980103,
                    0.02908475138247013,
                    -0.042499855160713196,
                    -0.17132239043712616
                ],
                [
                    0.0,
                    0.8252537250518799,
                    0.5647619962692261,
                    2.2766284942626953
                ],
                [
                    0.0,
                    0.0,
                    0.0,
                    1.0
                ]
            ]
        },
        {
            "file_path": "/data/shapenet_blender/all_50_random/02958343/92cc3ad1d3da26955fcb05674109534a/r_9",
            "rotation": 0.12566370614359174,
            "transform_matrix": [
                [
                    0.7476202249526978,
                    0.17825311422348022,
                    -0.6397576332092285,
                    -2.5789453983306885
                ],
                [
                    -0.6641265153884888,
                    0.2006630301475525,
                    -0.7201877236366272,
                    -2.903169631958008
                ],
                [
                    0.0,
                    0.9633069038391113,
                    0.2684023380279541,
                    1.081964373588562
                ],
                [
                    0.0,
                    0.0,
                    0.0,
                    1.0
                ]
            ]
        },
        {
            "file_path": "/data/shapenet_blender/all_50_random/02958343/92cc3ad1d3da26955fcb05674109534a/r_10",
            "rotation": 0.12566370614359174,
            "transform_matrix": [
                [
                    -0.9045125842094421,
                    -0.19733601808547974,
                    0.37804165482521057,
                    1.5239346027374268
                ],
                [
                    0.42644697427749634,
                    -0.4185582995414734,
                    0.8018428087234497,
                    3.2323317527770996
                ],
                [
                    0.0,
                    0.8864915370941162,
                    0.4627446234226227,
                    1.865383267402649
                ],
                [
                    0.0,
                    0.0,
                    0.0,
                    1.0
                ]
            ]
        },
        {
            "file_path": "/data/shapenet_blender/all_50_random/02958343/92cc3ad1d3da26955fcb05674109534a/r_11",
            "rotation": 0.12566370614359174,
            "transform_matrix": [
                [
                    0.4800095856189728,
                    -0.2996996343135834,
                    -0.824482262134552,
                    -3.323593854904175
                ],
                [
                    -0.8772631287574768,
                    -0.16398578882217407,
                    -0.45112961530685425,
                    -1.8185614347457886
                ],
                [
                    0.0,
                    0.9398343563079834,
                    -0.34163030982017517,
                    -1.3771556615829468
                ],
                [
                    0.0,
                    0.0,
                    0.0,
                    1.0
                ]
            ]
        },
        {
            "file_path": "/data/shapenet_blender/all_50_random/02958343/92cc3ad1d3da26955fcb05674109534a/r_12",
            "rotation": 0.12566370614359174,
            "transform_matrix": [
                [
                    0.5431938767433167,
                    -0.001229455810971558,
                    -0.8396063446998596,
                    -3.384561538696289
                ],
                [
                    -0.8396072387695312,
                    -0.0007954110624268651,
                    -0.5431932806968689,
                    -2.1896822452545166
                ],
                [
                    0.0,
                    0.999998927116394,
                    -0.001464322442188859,
                    -0.005902872420847416
                ],
                [
                    0.0,
                    0.0,
                    0.0,
                    1.0
                ]
            ]
        },
        {
            "file_path": "/data/shapenet_blender/all_50_random/02958343/92cc3ad1d3da26955fcb05674109534a/r_13",
            "rotation": 0.12566370614359174,
            "transform_matrix": [
                [
                    -0.1408013254404068,
                    0.5131851434707642,
                    0.8466498851776123,
                    3.412954807281494
                ],
                [
                    0.9900377988815308,
                    0.0729842334985733,
                    0.12040897458791733,
                    0.48538410663604736
                ],
                [
                    3.725290076417309e-09,
                    0.8551691770553589,
                    -0.5183489322662354,
                    -2.089531421661377
                ],
                [
                    0.0,
                    0.0,
                    0.0,
                    1.0
                ]
            ]
        },
        {
            "file_path": "/data/shapenet_blender/all_50_random/02958343/92cc3ad1d3da26955fcb05674109534a/r_14",
            "rotation": 0.12566370614359174,
            "transform_matrix": [
                [
                    -0.9070293307304382,
                    0.3668936491012573,
                    0.2066076546907425,
                    0.832862138748169
                ],
                [
                    0.42106732726097107,
                    0.7903327941894531,
                    0.44505757093429565,
                    1.7940845489501953
                ],
                [
                    -1.4901160305669237e-08,
                    0.49067604541778564,
                    -0.8713420033454895,
                    -3.5124921798706055
                ],
                [
                    0.0,
                    0.0,
                    0.0,
                    1.0
                ]
            ]
        },
        {
            "file_path": "/data/shapenet_blender/all_50_random/02958343/92cc3ad1d3da26955fcb05674109534a/r_15",
            "rotation": 0.12566370614359174,
            "transform_matrix": [
                [
                    0.9991912841796875,
                    -0.030818162485957146,
                    0.025828944519162178,
                    0.10411980748176575
                ],
                [
                    0.04021061584353447,
                    0.7657986879348755,
                    -0.6418219208717346,
                    -2.5872669219970703
                ],
                [
                    0.0,
                    0.6423414349555969,
                    0.7664185762405396,
                    3.0895321369171143
                ],
                [
                    0.0,
                    0.0,
                    0.0,
                    1.0
                ]
            ]
        },
        {
            "file_path": "/data/shapenet_blender/all_50_random/02958343/92cc3ad1d3da26955fcb05674109534a/r_16",
            "rotation": 0.12566370614359174,
            "transform_matrix": [
                [
                    0.9083505868911743,
                    0.2748514711856842,
                    0.31520774960517883,
                    1.2706432342529297
                ],
                [
                    0.41820967197418213,
                    -0.5969768762588501,
                    -0.6846306324005127,
                    -2.7598345279693604
                ],
                [
                    0.0,
                    0.7537075281143188,
                    -0.6572098135948181,
                    -2.6492977142333984
                ],
                [
                    0.0,
                    0.0,
                    0.0,
                    1.0
                ]
            ]
        },
        {
            "file_path": "/data/shapenet_blender/all_50_random/02958343/92cc3ad1d3da26955fcb05674109534a/r_17",
            "rotation": 0.12566370614359174,
            "transform_matrix": [
                [
                    0.6192907691001892,
                    0.1644527018070221,
                    -0.7677462100982666,
                    -3.094883918762207
                ],
                [
                    -0.7851617336273193,
                    0.12971091270446777,
                    -0.6055544018745422,
                    -2.441067934036255
                ],
                [
                    7.450580596923828e-09,
                    0.9778192043304443,
                    0.20945073664188385,
                    0.844322919845581
                ],
                [
                    0.0,
                    0.0,
                    0.0,
                    1.0
                ]
            ]
        },
        {
            "file_path": "/data/shapenet_blender/all_50_random/02958343/92cc3ad1d3da26955fcb05674109534a/r_18",
            "rotation": 0.12566370614359174,
            "transform_matrix": [
                [
                    0.4426693916320801,
                    -0.7330082058906555,
                    0.5164715051651001,
                    2.081963300704956
                ],
                [
                    0.896685004234314,
                    0.3618665337562561,
                    -0.25496816635131836,
                    -1.027809500694275
                ],
                [
                    1.4901162970204496e-08,
                    0.5759788155555725,
                    0.8174645900726318,
                    3.2953052520751953
                ],
                [
                    0.0,
                    0.0,
                    0.0,
                    1.0
                ]
            ]
        },
        {
            "file_path": "/data/shapenet_blender/all_50_random/02958343/92cc3ad1d3da26955fcb05674109534a/r_19",
            "rotation": 0.12566370614359174,
            "transform_matrix": [
                [
                    0.3720112144947052,
                    0.12172224372625351,
                    -0.9202126264572144,
                    -3.709496021270752
                ],
                [
                    -0.9282283186912537,
                    0.048783302307128906,
                    -0.36879873275756836,
                    -1.4866753816604614
                ],
                [
                    3.725290742551124e-09,
                    0.9913645386695862,
                    0.13113397359848022,
                    0.5286180377006531
                ],
                [
                    0.0,
                    0.0,
                    0.0,
                    1.0
                ]
            ]
        },
        {
            "file_path": "/data/shapenet_blender/all_50_random/02958343/92cc3ad1d3da26955fcb05674109534a/r_20",
            "rotation": 0.12566370614359174,
            "transform_matrix": [
                [
                    0.3926839232444763,
                    -0.6760052442550659,
                    -0.6235513091087341,
                    -2.513615608215332
                ],
                [
                    -0.9196736216545105,
                    -0.28864195942878723,
                    -0.2662450671195984,
                    -1.073268175125122
                ],
                [
                    -1.4901162970204496e-08,
                    0.6780136227607727,
                    -0.7350492477416992,
                    -2.963078260421753
                ],
                [
                    0.0,
                    0.0,
                    0.0,
                    1.0
                ]
            ]
        },
        {
            "file_path": "/data/shapenet_blender/all_50_random/02958343/92cc3ad1d3da26955fcb05674109534a/r_21",
            "rotation": 0.12566370614359174,
            "transform_matrix": [
                [
                    0.755955696105957,
                    0.01747603714466095,
                    -0.6543893814086914,
                    -2.637928009033203
                ],
                [
                    -0.6546226143836975,
                    0.020181259140372276,
                    -0.7556862831115723,
                    -3.046268939971924
                ],
                [
                    0.0,
                    0.9996435642242432,
                    0.026696348562836647,
                    0.10761642456054688
                ],
                [
                    0.0,
                    0.0,
                    0.0,
                    1.0
                ]
            ]
        },
        {
            "file_path": "/data/shapenet_blender/all_50_random/02958343/92cc3ad1d3da26955fcb05674109534a/r_22",
            "rotation": 0.12566370614359174,
            "transform_matrix": [
                [
                    0.4556790888309479,
                    0.025605058297514915,
                    0.8897758722305298,
                    3.5868008136749268
                ],
                [
                    0.8901441097259521,
                    -0.013107641600072384,
                    -0.4554905891418457,
                    -1.8361411094665527
                ],
                [
                    0.0,
                    0.9995861649513245,
                    -0.02876507118344307,
                    -0.11595569550991058
                ],
                [
                    0.0,
                    0.0,
                    0.0,
                    1.0
                ]
            ]
        },
        {
            "file_path": "/data/shapenet_blender/all_50_random/02958343/92cc3ad1d3da26955fcb05674109534a/r_23",
            "rotation": 0.12566370614359174,
            "transform_matrix": [
                [
                    0.5558289885520935,
                    0.21355541050434113,
                    -0.8033978343009949,
                    -3.238600492477417
                ],
                [
                    -0.8312966227531433,
                    0.1427893340587616,
                    -0.5371750593185425,
                    -2.165422201156616
                ],
                [
                    -7.450580596923828e-09,
                    0.966439425945282,
                    0.2568943202495575,
                    1.035574197769165
                ],
                [
                    0.0,
                    0.0,
                    0.0,
                    1.0
                ]
            ]
        },
        {
            "file_path": "/data/shapenet_blender/all_50_random/02958343/92cc3ad1d3da26955fcb05674109534a/r_24",
            "rotation": 0.12566370614359174,
            "transform_matrix": [
                [
                    0.16035813093185425,
                    -0.0356050543487072,
                    -0.9864165186882019,
                    -3.976372241973877
                ],
                [
                    -0.9870589375495911,
                    -0.005784416105598211,
                    -0.16025376319885254,
                    -0.6460036039352417
                ],
                [
                    4.656612873077393e-10,
                    0.9993491768836975,
                    -0.03607186675071716,
                    -0.14541034400463104
                ],
                [
                    0.0,
                    0.0,
                    0.0,
                    1.0
                ]
            ]
        },
        {
            "file_path": "/data/shapenet_blender/all_50_random/02958343/92cc3ad1d3da26955fcb05674109534a/r_25",
            "rotation": 0.12566370614359174,
            "transform_matrix": [
                [
                    -0.9783259630203247,
                    -0.06290987879037857,
                    -0.19728317856788635,
                    -0.795274019241333
                ],
                [
                    -0.20707079768180847,
                    0.2972237765789032,
                    0.9320834279060364,
                    3.7573487758636475
                ],
                [
                    -3.725290298461914e-09,
                    0.952733039855957,
                    -0.3038085103034973,
                    -1.224691390991211
                ],
                [
                    0.0,
                    0.0,
                    0.0,
                    1.0
                ]
            ]
        },
        {
            "file_path": "/data/shapenet_blender/all_50_random/02958343/92cc3ad1d3da26955fcb05674109534a/r_26",
            "rotation": 0.12566370614359174,
            "transform_matrix": [
                [
                    0.9099091291427612,
                    -0.2756595313549042,
                    -0.3099634051322937,
                    -1.249502420425415
                ],
                [
                    -0.41480782628059387,
                    -0.6046779155731201,
                    -0.679925799369812,
                    -2.74086856842041
                ],
                [
                    0.0,
                    0.7472459077835083,
                    -0.6645476222038269,
                    -2.678877115249634
                ],
                [
                    0.0,
                    0.0,
                    0.0,
                    1.0
                ]
            ]
        },
        {
            "file_path": "/data/shapenet_blender/all_50_random/02958343/92cc3ad1d3da26955fcb05674109534a/r_27",
            "rotation": 0.12566370614359174,
            "transform_matrix": [
                [
                    -0.7933059334754944,
                    -0.555781364440918,
                    0.2485412061214447,
                    1.001901626586914
                ],
                [
                    0.6088231205940247,
                    -0.7241916656494141,
                    0.3238530457019806,
                    1.3054933547973633
                ],
                [
                    -1.4901159417490817e-08,
                    0.40823236107826233,
                    0.912878155708313,
                    3.679929494857788
                ],
                [
                    0.0,
                    0.0,
                    0.0,
                    1.0
                ]
            ]
        },
        {
            "file_path": "/data/shapenet_blender/all_50_random/02958343/92cc3ad1d3da26955fcb05674109534a/r_28",
            "rotation": 0.12566370614359174,
            "transform_matrix": [
                [
                    0.04759515821933746,
                    -0.8092463612556458,
                    -0.5855382680892944,
                    -2.3603804111480713
                ],
                [
                    -0.9988666772842407,
                    -0.038559913635253906,
                    -0.02790040895342827,
                    -0.11247014999389648
                ],
                [
                    0.0,
                    0.5862026810646057,
                    -0.8101643919944763,
                    -3.2658772468566895
                ],
                [
                    0.0,
                    0.0,
                    0.0,
                    1.0
                ]
            ]
        },
        {
            "file_path": "/data/shapenet_blender/all_50_random/02958343/92cc3ad1d3da26955fcb05674109534a/r_29",
            "rotation": 0.12566370614359174,
            "transform_matrix": [
                [
                    -0.7728383541107178,
                    0.16735751926898956,
                    -0.6121375560760498,
                    -2.4676053524017334
                ],
                [
                    -0.634602963924408,
                    -0.20381295680999756,
                    0.7454792857170105,
                    3.0051231384277344
                ],
                [
                    0.0,
                    0.9645992517471313,
                    0.2637200355529785,
                    1.0630894899368286
                ],
                [
                    0.0,
                    0.0,
                    0.0,
                    1.0
                ]
            ]
        },
        {
            "file_path": "/data/shapenet_blender/all_50_random/02958343/92cc3ad1d3da26955fcb05674109534a/r_30",
            "rotation": 0.12566370614359174,
            "transform_matrix": [
                [
                    0.6122393608093262,
                    -0.4836244285106659,
                    -0.6255161166191101,
                    -2.521536350250244
                ],
                [
                    -0.7906725406646729,
                    -0.374483585357666,
                    -0.4843542277812958,
                    -1.952494502067566
                ],
                [
                    1.4901161193847656e-08,
                    0.7911191582679749,
                    -0.6116620302200317,
                    -2.465688705444336
                ],
                [
                    0.0,
                    0.0,
                    0.0,
                    1.0
                ]
            ]
        },
        {
            "file_path": "/data/shapenet_blender/all_50_random/02958343/92cc3ad1d3da26955fcb05674109534a/r_31",
            "rotation": 0.12566370614359174,
            "transform_matrix": [
                [
                    -0.6732196807861328,
                    -0.22207118570804596,
                    -0.7053080201148987,
                    -2.8431878089904785
                ],
                [
                    -0.7394424080848694,
                    0.20218300819396973,
                    0.6421422958374023,
                    2.5885586738586426
                ],
                [
                    0.0,
                    0.9538376331329346,
                    -0.30032244324684143,
                    -1.2106386423110962
                ],
                [
                    0.0,
                    0.0,
                    0.0,
                    1.0
                ]
            ]
        },
        {
            "file_path": "/data/shapenet_blender/all_50_random/02958343/92cc3ad1d3da26955fcb05674109534a/r_32",
            "rotation": 0.12566370614359174,
            "transform_matrix": [
                [
                    0.8538603186607361,
                    -0.2505216896533966,
                    0.4562472105026245,
                    1.8391914367675781
                ],
                [
                    0.5205023288726807,
                    0.4109693765640259,
                    -0.7484527230262756,
                    -3.0171096324920654
                ],
                [
                    0.0,
                    0.8765518069267273,
                    0.4813075065612793,
                    1.9402127265930176
                ],
                [
                    0.0,
                    0.0,
                    0.0,
                    1.0
                ]
            ]
        },
        {
            "file_path": "/data/shapenet_blender/all_50_random/02958343/92cc3ad1d3da26955fcb05674109534a/r_33",
            "rotation": 0.12566370614359174,
            "transform_matrix": [
                [
                    0.009595672599971294,
                    0.11122562736272812,
                    -0.9937488436698914,
                    -4.005929470062256
                ],
                [
                    -0.9999539256095886,
                    0.0010673337383195758,
                    -0.00953612755984068,
                    -0.038441359996795654
                ],
                [
                    -1.164153010102531e-10,
                    0.9937946796417236,
                    0.11123073846101761,
                    0.44838541746139526
                ],
                [
                    0.0,
                    0.0,
                    0.0,
                    1.0
                ]
            ]
        },
        {
            "file_path": "/data/shapenet_blender/all_50_random/02958343/92cc3ad1d3da26955fcb05674109534a/r_34",
            "rotation": 0.12566370614359174,
            "transform_matrix": [
                [
                    0.6663880944252014,
                    0.4770784378051758,
                    0.5729948282241821,
                    2.309816360473633
                ],
                [
                    0.7456050515174866,
                    -0.4263910949230194,
                    -0.5121168494224548,
                    -2.0644092559814453
                ],
                [
                    -1.4901160305669237e-08,
                    0.7684964537620544,
                    -0.6398539543151855,
                    -2.579334020614624
                ],
                [
                    0.0,
                    0.0,
                    0.0,
                    1.0
                ]
            ]
        },
        {
            "file_path": "/data/shapenet_blender/all_50_random/02958343/92cc3ad1d3da26955fcb05674109534a/r_35",
            "rotation": 0.12566370614359174,
            "transform_matrix": [
                [
                    0.17393876612186432,
                    -0.6413551568984985,
                    -0.7472675442695618,
                    -3.012331962585449
                ],
                [
                    -0.984756588935852,
                    -0.11328335106372833,
                    -0.13199079036712646,
                    -0.5320719480514526
                ],
                [
                    7.450581485102248e-09,
                    0.7588348984718323,
                    -0.6512829661369324,
                    -2.625405788421631
                ],
                [
                    0.0,
                    0.0,
                    0.0,
                    1.0
                ]
            ]
        },
        {
            "file_path": "/data/shapenet_blender/all_50_random/02958343/92cc3ad1d3da26955fcb05674109534a/r_36",
            "rotation": 0.12566370614359174,
            "transform_matrix": [
                [
                    0.8353989720344543,
                    -0.4734227657318115,
                    0.2792479395866394,
                    1.1256844997406006
                ],
                [
                    0.5496439933776855,
                    0.7195509672164917,
                    -0.42442643642425537,
                    -1.7109177112579346
                ],
                [
                    1.4901161193847656e-08,
                    0.5080522894859314,
                    0.8613261580467224,
                    3.472116708755493
                ],
                [
                    0.0,
                    0.0,
                    0.0,
                    1.0
                ]
            ]
        },
        {
            "file_path": "/data/shapenet_blender/all_50_random/02958343/92cc3ad1d3da26955fcb05674109534a/r_37",
            "rotation": 0.12566370614359174,
            "transform_matrix": [
                [
                    0.04957079142332077,
                    0.037952616810798645,
                    0.998049259185791,
                    4.023265361785889
                ],
                [
                    0.9987705945968628,
                    -0.0018836570670828223,
                    -0.04953499138355255,
                    -0.19968193769454956
                ],
                [
                    -1.1641531488804091e-10,
                    0.9992777109146118,
                    -0.037999335676431656,
                    -0.15318022668361664
                ],
                [
                    0.0,
                    0.0,
                    0.0,
                    1.0
                ]
            ]
        },
        {
            "file_path": "/data/shapenet_blender/all_50_random/02958343/92cc3ad1d3da26955fcb05674109534a/r_38",
            "rotation": 0.12566370614359174,
            "transform_matrix": [
                [
                    0.44991740584373474,
                    0.005261506885290146,
                    0.8930546641349792,
                    3.6000185012817383
                ],
                [
                    0.8930702209472656,
                    -0.0026506802532821894,
                    -0.4499095678329468,
                    -1.813643455505371
                ],
                [
                    2.3283064365386963e-10,
                    0.9999827146530151,
                    -0.005891481414437294,
                    -0.023749321699142456
                ],
                [
                    0.0,
                    0.0,
                    0.0,
                    1.0
                ]
            ]
        },
        {
            "file_path": "/data/shapenet_blender/all_50_random/02958343/92cc3ad1d3da26955fcb05674109534a/r_39",
            "rotation": 0.12566370614359174,
            "transform_matrix": [
                [
                    0.3773776888847351,
                    -0.12351962924003601,
                    0.9177847504615784,
                    3.699708938598633
                ],
                [
                    0.9260594844818115,
                    0.050335370004177094,
                    -0.37400561571121216,
                    -1.5076650381088257
                ],
                [
                    0.0,
                    0.9910646677017212,
                    0.1333819478750229,
                    0.53767991065979
                ],
                [
                    0.0,
                    0.0,
                    0.0,
                    1.0
                ]
            ]
        },
        {
            "file_path": "/data/shapenet_blender/all_50_random/02958343/92cc3ad1d3da26955fcb05674109534a/r_40",
            "rotation": 0.12566370614359174,
            "transform_matrix": [
                [
                    0.5503271818161011,
                    -0.05121321231126785,
                    -0.8333768844604492,
                    -3.359449863433838
                ],
                [
                    -0.8349490165710449,
                    -0.033755384385585785,
                    -0.5492910146713257,
                    -2.2142632007598877
                ],
                [
                    0.0,
                    0.9981171488761902,
                    -0.06133691966533661,
                    -0.2472570538520813
                ],
                [
                    0.0,
                    0.0,
                    0.0,
                    1.0
                ]
            ]
        },
        {
            "file_path": "/data/shapenet_blender/all_50_random/02958343/92cc3ad1d3da26955fcb05674109534a/r_41",
            "rotation": 0.12566370614359174,
            "transform_matrix": [
                [
                    0.14593605697155,
                    0.01861068606376648,
                    0.9891189336776733,
                    3.9872660636901855
                ],
                [
                    0.989294171333313,
                    -0.0027453615330159664,
                    -0.14591020345687866,
                    -0.5881828665733337
                ],
