{
    "class": "02958343",
    "model": "f9cad36ae25540a0bb20fd1bc4860856",
    "remove_doubles": true,
    "edge_split": true,
    "denoise": true,
    "camera_angle_x": 0.6911112070083618,
    "scale_factor": 2.4069184996642234,
    "hdri_file": "/data/IndoorHDRDataset2018/AG8A0339-61ff55b93e.exr",
    "center_offset": [
        0.0,
        -3.725290298461914e-09,
        0.0
    ],
    "lights": [],
    "frames": [
        {
            "file_path": "/data/shapenet_blender/all_50_random/02958343/f9cad36ae25540a0bb20fd1bc4860856/r_0",
            "rotation": 0.12566370614359174,
            "transform_matrix": [
                [
                    0.04526539519429207,
                    -0.34893998503685,
                    -0.9360511898994446,
                    -3.773343086242676
                ],
                [
                    -0.9989749789237976,
                    -0.015811113640666008,
                    -0.04241420328617096,
                    -0.17097711563110352
                ],
                [
                    -9.313225746154785e-10,
                    0.93701171875,
                    -0.34929800033569336,
                    -1.4080653190612793
                ],
                [
                    0.0,
                    0.0,
                    0.0,
                    1.0
                ]
            ]
        },
        {
            "file_path": "/data/shapenet_blender/all_50_random/02958343/f9cad36ae25540a0bb20fd1bc4860856/r_1",
            "rotation": 0.12566370614359174,
            "transform_matrix": [
                [
                    0.7578259706497192,
                    -0.6114389300346375,
                    -0.22768917679786682,
                    -0.9178444147109985
                ],
                [
                    -0.6524568200111389,
                    -0.71018385887146,
                    -0.2644600570201874,
                    -1.0660725831985474
                ],
                [
                    0.0,
                    0.34897202253341675,
                    -0.9371331334114075,
                    -3.7777044773101807
                ],
                [
                    0.0,
                    0.0,
                    0.0,
                    1.0
                ]
            ]
        },
        {
            "file_path": "/data/shapenet_blender/all_50_random/02958343/f9cad36ae25540a0bb20fd1bc4860856/r_2",
            "rotation": 0.12566370614359174,
            "transform_matrix": [
                [
                    -0.9585482478141785,
                    0.10611975938081741,
                    0.2644312381744385,
                    1.0659565925598145
                ],
                [
                    0.28493034839630127,
                    0.35700270533561707,
                    0.8895861506462097,
                    3.5860369205474854
                ],
                [
                    0.0,
                    0.9280558824539185,
                    -0.37244099378585815,
                    -1.5013577938079834
                ],
                [
                    0.0,
                    0.0,
                    0.0,
                    1.0
                ]
            ]
        },
        {
            "file_path": "/data/shapenet_blender/all_50_random/02958343/f9cad36ae25540a0bb20fd1bc4860856/r_3",
            "rotation": 0.12566370614359174,
            "transform_matrix": [
                [
                    -0.9356346726417542,
                    -0.031683385372161865,
                    -0.35154521465301514,
                    -1.4171241521835327
                ],
                [
                    -0.35297009348869324,
                    0.08398465812206268,
                    0.9318576455116272,
                    3.7564384937286377
                ],
                [
                    0.0,
                    0.9959631562232971,
                    -0.08976224809885025,
                    -0.3618432283401489
                ],
                [
                    0.0,
                    0.0,
                    0.0,
                    1.0
                ]
            ]
        },
        {
            "file_path": "/data/shapenet_blender/all_50_random/02958343/f9cad36ae25540a0bb20fd1bc4860856/r_4",
            "rotation": 0.12566370614359174,
            "transform_matrix": [
                [
                    -0.27055811882019043,
                    -0.24756227433681488,
                    0.9303285479545593,
                    3.750274419784546
                ],
                [
                    0.9627037048339844,
                    -0.06957486271858215,
                    0.2614594101905823,
                    1.0539765357971191
                ],
                [
                    -7.450580596923828e-09,
                    0.9663706421852112,
                    0.25715315341949463,
                    1.0366175174713135
                ],
                [
                    0.0,
                    0.0,
                    0.0,
                    1.0
                ]
            ]
        },
        {
            "file_path": "/data/shapenet_blender/all_50_random/02958343/f9cad36ae25540a0bb20fd1bc4860856/r_5",
            "rotation": 0.12566370614359174,
            "transform_matrix": [
                [
                    -0.9562714695930481,
                    0.2373095154762268,
                    -0.1709650158882141,
                    -0.6891821026802063
                ],
                [
                    -0.2924805283546448,
                    -0.7758886814117432,
                    0.5589738488197327,
                    2.2532958984375
                ],
                [
                    0.0,
                    0.5845347046852112,
                    0.8113685846328735,
                    3.2707316875457764
                ],
                [
                    0.0,
                    0.0,
                    0.0,
                    1.0
                ]
            ]
        },
        {
            "file_path": "/data/shapenet_blender/all_50_random/02958343/f9cad36ae25540a0bb20fd1bc4860856/r_6",
            "rotation": 0.12566370614359174,
            "transform_matrix": [
                [
                    -0.49196165800094604,
                    -0.41524094343185425,
                    -0.7652115225791931,
                    -3.0846662521362305
                ],
                [
                    -0.8706167936325073,
                    0.23464125394821167,
                    0.43240001797676086,
                    1.7430602312088013
                ],
                [
                    0.0,
                    0.8789303302764893,
                    -0.4769502580165863,
                    -1.9226479530334473
                ],
                [
                    0.0,
                    0.0,
                    0.0,
                    1.0
                ]
            ]
        },
        {
            "file_path": "/data/shapenet_blender/all_50_random/02958343/f9cad36ae25540a0bb20fd1bc4860856/r_7",
            "rotation": 0.12566370614359174,
            "transform_matrix": [
                [
                    0.008579456247389317,
                    0.981571614742279,
                    -0.19090162217617035,
                    -0.7695491313934326
                ],
                [
                    -0.9999632239341736,
                    0.008421660400927067,
                    -0.0016378923319280148,
                    -0.006602555513381958
                ],
                [
                    0.0,
                    0.1909085214138031,
                    0.9816077351570129,
                    3.9569876194000244
                ],
                [
                    0.0,
                    0.0,
                    0.0,
                    1.0
                ]
            ]
        },
        {
            "file_path": "/data/shapenet_blender/all_50_random/02958343/f9cad36ae25540a0bb20fd1bc4860856/r_8",
            "rotation": 0.12566370614359174,
            "transform_matrix": [
                [
                    -0.7274075746536255,
                    0.04821545258164406,
                    -0.6845097541809082,
                    -2.7593469619750977
                ],
                [
                    -0.6862057447433472,
                    -0.05111045017838478,
                    0.7256097197532654,
                    2.9250264167785645
                ],
                [
                    0.0,
                    0.9975284337997437,
                    0.07026385515928268,
                    0.28324267268180847
                ],
                [
                    0.0,
                    0.0,
                    0.0,
                    1.0
                ]
            ]
        },
        {
            "file_path": "/data/shapenet_blender/all_50_random/02958343/f9cad36ae25540a0bb20fd1bc4860856/r_9",
            "rotation": 0.12566370614359174,
            "transform_matrix": [
                [
                    -0.6798816919326782,
                    -0.10286135971546173,
                    0.7260719537734985,
                    2.926889657974243
                ],
                [
                    0.7333219051361084,
                    -0.09536541998386383,
                    0.6731600165367126,
                    2.713594913482666
                ],
                [
                    7.450581485102248e-09,
                    0.9901135563850403,
                    0.14026768505573273,
                    0.5654371380805969
                ],
                [
                    0.0,
                    0.0,
                    0.0,
                    1.0
                ]
            ]
        },
        {
            "file_path": "/data/shapenet_blender/all_50_random/02958343/f9cad36ae25540a0bb20fd1bc4860856/r_10",
            "rotation": 0.12566370614359174,
            "transform_matrix": [
                [
                    0.7570907473564148,
                    0.26711195707321167,
                    0.5962086319923401,
                    2.4033942222595215
                ],
                [
                    0.6533097624778748,
                    -0.30954381823539734,
                    -0.6909189224243164,
                    -2.7851834297180176
                ],
                [
                    -1.4901159417490817e-08,
                    0.9125973582267761,
                    -0.4088595509529114,
                    -1.6481657028198242
                ],
                [
                    0.0,
                    0.0,
                    0.0,
                    1.0
                ]
            ]
        },
        {
            "file_path": "/data/shapenet_blender/all_50_random/02958343/f9cad36ae25540a0bb20fd1bc4860856/r_11",
            "rotation": 0.12566370614359174,
            "transform_matrix": [
                [
                    -0.9328999519348145,
                    -0.24413323402404785,
                    0.2647579312324524,
                    1.0672733783721924
                ],
                [
                    0.3601358234882355,
                    -0.6324055194854736,
                    0.6858319640159607,
                    2.764677047729492
                ],
                [
                    0.0,
                    0.7351614236831665,
                    0.6778921484947205,
                    2.732670545578003
                ],
                [
                    0.0,
                    0.0,
                    0.0,
                    1.0
                ]
            ]
        },
        {
            "file_path": "/data/shapenet_blender/all_50_random/02958343/f9cad36ae25540a0bb20fd1bc4860856/r_12",
            "rotation": 0.12566370614359174,
            "transform_matrix": [
                [
                    -0.4433285892009735,
                    -0.17796456813812256,
                    0.87851482629776,
                    3.5414066314697266
                ],
                [
                    0.8963592052459717,
                    -0.08801916241645813,
                    0.4345029890537262,
                    1.751537561416626
                ],
                [
                    7.450580596923828e-09,
                    0.980092465877533,
                    0.1985415816307068,
                    0.8003467321395874
                ],
                [
                    0.0,
                    0.0,
                    0.0,
                    1.0
                ]
            ]
        },
        {
            "file_path": "/data/shapenet_blender/all_50_random/02958343/f9cad36ae25540a0bb20fd1bc4860856/r_13",
            "rotation": 0.12566370614359174,
            "transform_matrix": [
                [
                    -0.912443220615387,
                    0.14124420285224915,
                    -0.3840540647506714,
                    -1.5481714010238647
                ],
                [
                    -0.4092034697532654,
                    -0.3149468004703522,
                    0.8563650250434875,
                    3.452117919921875
                ],
                [
                    -7.450580596923828e-09,
                    0.9385406970977783,
                    0.3451686501502991,
                    1.3914192914962769
                ],
                [
                    0.0,
                    0.0,
                    0.0,
                    1.0
                ]
            ]
        },
        {
            "file_path": "/data/shapenet_blender/all_50_random/02958343/f9cad36ae25540a0bb20fd1bc4860856/r_14",
            "rotation": 0.12566370614359174,
            "transform_matrix": [
                [
                    0.1232181116938591,
                    -0.4248332381248474,
                    0.8968466520309448,
                    3.615304708480835
                ],
                [
                    0.9923796653747559,
                    0.052749112248420715,
                    -0.11135631799697876,
                    -0.44889169931411743
                ],
                [
                    0.0,
                    0.9037333726882935,
                    0.4280954897403717,
                    1.725708246231079
                ],
                [
                    0.0,
                    0.0,
                    0.0,
                    1.0
                ]
            ]
        },
        {
            "file_path": "/data/shapenet_blender/all_50_random/02958343/f9cad36ae25540a0bb20fd1bc4860856/r_15",
            "rotation": 0.12566370614359174,
            "transform_matrix": [
                [
                    0.6052294373512268,
                    -0.39964333176612854,
                    -0.6884638071060181,
                    -2.7752864360809326
                ],
                [
                    -0.796051025390625,
                    -0.30384474992752075,
                    -0.5234320163726807,
                    -2.1100218296051025
                ],
                [
                    0.0,
                    0.8648488521575928,
                    -0.5020323395729065,
                    -2.023756980895996
                ],
                [
                    0.0,
                    0.0,
                    0.0,
                    1.0
                ]
            ]
        },
        {
            "file_path": "/data/shapenet_blender/all_50_random/02958343/f9cad36ae25540a0bb20fd1bc4860856/r_16",
            "rotation": 0.12566370614359174,
            "transform_matrix": [
                [
                    0.9990213513374329,
                    -0.00926661305129528,
                    -0.04324863851070404,
                    -0.1743408441543579
                ],
                [
                    -0.044230248779058456,
                    -0.20930343866348267,
                    -0.9768498539924622,
                    -3.93780779838562
                ],
                [
                    9.313225746154785e-10,
                    0.977806806564331,
                    -0.20950846374034882,
                    -0.8445556163787842
                ],
                [
                    0.0,
                    0.0,
                    0.0,
                    1.0
                ]
            ]
        },
        {
            "file_path": "/data/shapenet_blender/all_50_random/02958343/f9cad36ae25540a0bb20fd1bc4860856/r_17",
            "rotation": 0.12566370614359174,
            "transform_matrix": [
                [
                    0.9581671953201294,
                    0.18417246639728546,
                    0.21908043324947357,
                    0.8831414580345154
                ],
                [
                    0.28620925545692444,
                    -0.6165698766708374,
                    -0.73343425989151,
                    -2.9565680027008057
                ],
                [
                    0.0,
                    0.7654553055763245,
                    -0.643488883972168,
                    -2.5939865112304688
                ],
                [
                    0.0,
                    0.0,
                    0.0,
                    1.0
                ]
            ]
        },
        {
            "file_path": "/data/shapenet_blender/all_50_random/02958343/f9cad36ae25540a0bb20fd1bc4860856/r_18",
            "rotation": 0.12566370614359174,
            "transform_matrix": [
                [
                    -0.8279789090156555,
                    0.4470754563808441,
                    -0.33848869800567627,
                    -1.364491581916809
                ],
                [
                    -0.5607593655586243,
                    -0.660120964050293,
                    0.49978920817375183,
                    2.0147147178649902
                ],
                [
                    1.4901162970204496e-08,
                    0.6036255955696106,
                    0.7972678542137146,
                    3.2138895988464355
                ],
                [
                    0.0,
                    0.0,
                    0.0,
                    1.0
                ]
            ]
        },
        {
            "file_path": "/data/shapenet_blender/all_50_random/02958343/f9cad36ae25540a0bb20fd1bc4860856/r_19",
            "rotation": 0.12566370614359174,
            "transform_matrix": [
                [
                    -0.9943403601646423,
                    0.0483483262360096,
                    -0.09460310637950897,
                    -0.3813573122024536
                ],
                [
                    -0.10624174773693085,
                    -0.4525028169155121,
                    0.8854116797447205,
                    3.5692086219787598
                ],
                [
                    0.0,
                    0.8904512524604797,
                    0.45507845282554626,
                    1.8344799280166626
                ],
                [
                    0.0,
                    0.0,
                    0.0,
                    1.0
                ]
            ]
        },
        {
            "file_path": "/data/shapenet_blender/all_50_random/02958343/f9cad36ae25540a0bb20fd1bc4860856/r_20",
            "rotation": 0.12566370614359174,
            "transform_matrix": [
                [
                    -0.5312725305557251,
                    0.21616920828819275,
                    -0.8191582560539246,
                    -3.3021328449249268
                ],
                [
                    -0.8472009897232056,
                    -0.1355578601360321,
                    0.5136871337890625,
                    2.070739269256592
                ],
                [
                    0.0,
                    0.9668995141983032,
                    0.25515690445899963,
                    1.028570532798767
                ],
                [
                    0.0,
                    0.0,
                    0.0,
                    1.0
                ]
            ]
        },
        {
            "file_path": "/data/shapenet_blender/all_50_random/02958343/f9cad36ae25540a0bb20fd1bc4860856/r_21",
            "rotation": 0.12566370614359174,
            "transform_matrix": [
                [
                    -0.503846287727356,
                    0.07259362190961838,
                    0.8607374429702759,
                    3.4697437286376953
                ],
                [
                    0.8637933135032654,
                    0.04234349727630615,
                    0.5020638704299927,
                    2.0238842964172363
                ],
                [
                    0.0,
                    0.9964622855186462,
                    -0.08404050022363663,
                    -0.3387780785560608
                ],
                [
                    0.0,
                    0.0,
                    0.0,
                    1.0
                ]
            ]
        },
        {
            "file_path": "/data/shapenet_blender/all_50_random/02958343/f9cad36ae25540a0bb20fd1bc4860856/r_22",
            "rotation": 0.12566370614359174,
            "transform_matrix": [
                [
                    0.9619214534759521,
                    0.1696050763130188,
                    -0.2143394500017166,
                    -0.8640300035476685
                ],
                [
                    -0.2733263671398163,
                    0.5968936085700989,
                    -0.7543279528617859,
                    -3.0407934188842773
                ],
                [
                    0.0,
                    0.7841888070106506,
                    0.620522141456604,
                    2.5014050006866455
                ],
                [
                    0.0,
                    0.0,
                    0.0,
                    1.0
                ]
            ]
        },
        {
            "file_path": "/data/shapenet_blender/all_50_random/02958343/f9cad36ae25540a0bb20fd1bc4860856/r_23",
            "rotation": 0.12566370614359174,
            "transform_matrix": [
                [
                    0.816909909248352,
                    -0.5596479177474976,
                    0.13947197794914246,
                    0.5622295141220093
                ],
                [
                    0.576765239238739,
                    0.7926654815673828,
                    -0.1975431740283966,
                    -0.7963219881057739
                ],
                [
                    7.450580152834618e-09,
                    0.24181754887104034,
                    0.9703217148780823,
                    3.911491870880127
                ],
                [
                    0.0,
                    0.0,
                    0.0,
                    1.0
                ]
            ]
        },
        {
            "file_path": "/data/shapenet_blender/all_50_random/02958343/f9cad36ae25540a0bb20fd1bc4860856/r_24",
            "rotation": 0.12566370614359174,
            "transform_matrix": [
                [
                    -0.04105665907263756,
                    -0.9774205088615417,
                    -0.20727665722370148,
                    -0.8355589509010315
                ],
                [
                    -0.9991567730903625,
                    0.040163490921258926,
                    0.008517269976437092,
                    0.0343342125415802
                ],
                [
                    -9.313225191043273e-10,
                    0.20745161175727844,
                    -0.9782452583312988,
                    -3.9434328079223633
                ],
                [
                    0.0,
                    0.0,
                    0.0,
                    1.0
                ]
            ]
        },
        {
            "file_path": "/data/shapenet_blender/all_50_random/02958343/f9cad36ae25540a0bb20fd1bc4860856/r_25",
            "rotation": 0.12566370614359174,
            "transform_matrix": [
                [
                    -0.7904003262519836,
                    0.06932543963193893,
                    0.6086553931236267,
                    2.453568458557129
                ],
                [
                    0.6125907897949219,
                    0.08944771438837051,
                    0.7853226065635681,
                    3.165736675262451
                ],
                [
                    0.0,
                    0.9935758709907532,
                    -0.11316762119531631,
                    -0.4561932682991028
                ],
                [
                    0.0,
                    0.0,
                    0.0,
                    1.0
                ]
            ]
        },
        {
            "file_path": "/data/shapenet_blender/all_50_random/02958343/f9cad36ae25540a0bb20fd1bc4860856/r_26",
            "rotation": 0.12566370614359174,
            "transform_matrix": [
                [
                    0.5707895755767822,
                    0.1842723935842514,
                    -0.8001517653465271,
                    -3.2255148887634277
                ],
                [
                    -0.8210963010787964,
                    0.12809798121452332,
                    -0.5562298893928528,
                    -2.242234468460083
                ],
                [
                    7.450580152834618e-09,
                    0.9744920134544373,
                    0.2244223803281784,
                    0.9046755433082581
                ],
                [
                    0.0,
                    0.0,
                    0.0,
                    1.0
                ]
            ]
        },
        {
            "file_path": "/data/shapenet_blender/all_50_random/02958343/f9cad36ae25540a0bb20fd1bc4860856/r_27",
            "rotation": 0.12566370614359174,
            "transform_matrix": [
                [
                    -0.23939642310142517,
                    -0.21954502165317535,
                    -0.945774495601654,
                    -3.8125388622283936
                ],
                [
                    -0.9709218740463257,
                    0.054132360965013504,
                    0.2331959307193756,
                    0.9400428533554077
                ],
                [
                    0.0,
                    0.9740993976593018,
                    -0.22612018883228302,
                    -0.9115196466445923
                ],
                [
                    0.0,
                    0.0,
                    0.0,
                    1.0
                ]
            ]
        },
        {
            "file_path": "/data/shapenet_blender/all_50_random/02958343/f9cad36ae25540a0bb20fd1bc4860856/r_28",
            "rotation": 0.12566370614359174,
            "transform_matrix": [
                [
                    0.0043761213310062885,
                    0.06753543764352798,
                    -0.9977073073387146,
                    -4.021886348724365
                ],
                [
                    -0.9999904632568359,
                    0.00029554610955528915,
                    -0.004366130102425814,
                    -0.01760043203830719
                ],
                [
                    0.0,
                    0.9977167844772339,
                    0.06753608584403992,
                    0.2722466289997101
                ],
                [
                    0.0,
                    0.0,
                    0.0,
                    1.0
                ]
            ]
        },
        {
            "file_path": "/data/shapenet_blender/all_50_random/02958343/f9cad36ae25540a0bb20fd1bc4860856/r_29",
            "rotation": 0.12566370614359174,
            "transform_matrix": [
                [
                    -0.9598700404167175,
                    -0.03422950953245163,
                    -0.27834829688072205,
                    -1.1220579147338867
                ],
                [
                    -0.28044506907463074,
                    0.11715621501207352,
                    0.952693521976471,
                    3.840430498123169
                ],
                [
                    3.725290298461914e-09,
                    0.9925233721733093,
                    -0.12205424159765244,
                    -0.49201637506484985
                ],
                [
                    0.0,
                    0.0,
                    0.0,
                    1.0
                ]
            ]
        },
        {
            "file_path": "/data/shapenet_blender/all_50_random/02958343/f9cad36ae25540a0bb20fd1bc4860856/r_30",
            "rotation": 0.12566370614359174,
            "transform_matrix": [
                [
                    0.5519218444824219,
                    0.7533136010169983,
                    0.3576321601867676,
                    1.4416613578796387
                ],
                [
                    0.8338958621025085,
                    -0.4985877275466919,
                    -0.23670223355293274,
                    -0.95417720079422
                ],
                [
                    0.0,
                    0.4288691580295563,
                    -0.9033666849136353,
                    -3.641587495803833
                ],
                [
                    0.0,
                    0.0,
                    0.0,
                    1.0
                ]
            ]
        },
        {
            "file_path": "/data/shapenet_blender/all_50_random/02958343/f9cad36ae25540a0bb20fd1bc4860856/r_31",
            "rotation": 0.12566370614359174,
            "transform_matrix": [
                [
                    0.8708856105804443,
                    0.07946603745222092,
                    -0.48501884937286377,
                    -1.9551734924316406
                ],
                [
                    -0.491485595703125,
                    0.14080949127674103,
                    -0.8594269156455994,
                    -3.464460611343384
                ],
                [
                    7.450580152834618e-09,
                    0.9868423342704773,
                    0.16168537735939026,
                    0.6517745852470398
                ],
                [
                    0.0,
                    0.0,
                    0.0,
                    1.0
                ]
            ]
        },
        {
            "file_path": "/data/shapenet_blender/all_50_random/02958343/f9cad36ae25540a0bb20fd1bc4860856/r_32",
            "rotation": 0.12566370614359174,
            "transform_matrix": [
                [
                    0.5855602025985718,
                    0.6073684096336365,
                    -0.5368638038635254,
                    -2.1641674041748047
                ],
                [
                    -0.8106290102005005,
                    0.4387343227863312,
                    -0.38780513405799866,
                    -1.5632926225662231
                ],
                [
                    -1.4901162970204496e-08,
                    0.6622806191444397,
                    0.7492557764053345,
                    3.0203468799591064
                ],
                [
                    0.0,
                    0.0,
                    0.0,
                    1.0
                ]
            ]
        },
        {
            "file_path": "/data/shapenet_blender/all_50_random/02958343/f9cad36ae25540a0bb20fd1bc4860856/r_33",
            "rotation": 0.12566370614359174,
            "transform_matrix": [
                [
                    -0.9861738085746765,
                    0.0487464964389801,
                    -0.15838301181793213,
                    -0.6384624242782593
                ],
                [
                    -0.16571484506130219,
                    -0.29009178280830383,
                    0.9425418972969055,
                    3.7995080947875977
                ],
                [
                    3.725290742551124e-09,
                    0.955756425857544,
                    0.2941589057445526,
                    1.1857925653457642
                ],
                [
                    0.0,
                    0.0,
                    0.0,
                    1.0
                ]
            ]
        },
        {
            "file_path": "/data/shapenet_blender/all_50_random/02958343/f9cad36ae25540a0bb20fd1bc4860856/r_34",
            "rotation": 0.12566370614359174,
            "transform_matrix": [
                [
                    -0.768168032169342,
                    0.030608544126152992,
                    0.6395161747932434,
                    2.577972173690796
                ],
                [
                    0.64024817943573,
                    0.036724042147397995,
                    0.7672896981239319,
                    3.093043804168701
                ],
                [
                    0.0,
                    0.9988564252853394,
                    -0.04780730977654457,
                    -0.19271743297576904
                ],
                [
                    0.0,
                    0.0,
                    0.0,
                    1.0
                ]
            ]
        },
        {
            "file_path": "/data/shapenet_blender/all_50_random/02958343/f9cad36ae25540a0bb20fd1bc4860856/r_35",
            "rotation": 0.12566370614359174,
            "transform_matrix": [
                [
                    -0.3501377999782562,
                    0.2173505574464798,
                    -0.9111324548721313,
                    -3.6728923320770264
                ],
                [
                    -0.936698317527771,
                    -0.08124563097953796,
                    0.3405812680721283,
                    1.372926950454712
                ],
                [
                    -7.450581485102248e-09,
                    0.9727063775062561,
                    0.23203909397125244,
                    0.9353795051574707
                ],
                [
                    0.0,
                    0.0,
                    0.0,
                    1.0
                ]
            ]
        },
        {
            "file_path": "/data/shapenet_blender/all_50_random/02958343/f9cad36ae25540a0bb20fd1bc4860856/r_36",
            "rotation": 0.12566370614359174,
            "transform_matrix": [
                [
                    -0.3974793255329132,
                    -0.042917560786008835,
                    0.9166068434715271,
                    3.694960594177246
                ],
                [
                    0.9176111221313477,
                    -0.018590493127703667,
                    0.3970443308353424,
                    1.6005370616912842
                ],
                [
                    0.0,
                    0.9989056587219238,
                    0.046770963817834854,
                    0.1885398030281067
                ],
                [
                    0.0,
                    0.0,
                    0.0,
                    1.0
                ]
            ]
        },
        {
            "file_path": "/data/shapenet_blender/all_50_random/02958343/f9cad36ae25540a0bb20fd1bc4860856/r_37",
            "rotation": 0.12566370614359174,
            "transform_matrix": [
                [
                    0.995797872543335,
                    0.049887388944625854,
                    0.07679732888936996,
                    0.3095799386501312
                ],
                [
                    0.09157828241586685,
                    -0.542462170124054,
                    -0.835073709487915,
                    -3.3662898540496826
                ],
                [
                    0.0,
                    0.8385975956916809,
                    -0.5447512865066528,
                    -2.19596266746521
                ],
                [
                    0.0,
                    0.0,
                    0.0,
                    1.0
                ]
            ]
        },
        {
            "file_path": "/data/shapenet_blender/all_50_random/02958343/f9cad36ae25540a0bb20fd1bc4860856/r_38",
            "rotation": 0.12566370614359174,
            "transform_matrix": [
                [
                    -0.6936235427856445,
                    0.49650445580482483,
                    -0.5218904614448547,
                    -2.1038079261779785
                ],
                [
                    -0.7203377485275269,
                    -0.4780912697315216,
                    0.5025358200073242,
                    2.025786876678467
                ],
                [
                    0.0,
                    0.7245080471038818,
                    0.6892662048339844,
                    2.7785212993621826
                ],
                [
                    0.0,
                    0.0,
                    0.0,
                    1.0
                ]
            ]
        },
        {
            "file_path": "/data/shapenet_blender/all_50_random/02958343/f9cad36ae25540a0bb20fd1bc4860856/r_39",
            "rotation": 0.12566370614359174,
            "transform_matrix": [
                [
                    0.8667004704475403,
                    0.3097860515117645,
                    0.3909769654273987,
                    1.5760785341262817
                ],
                [
                    0.4988290071487427,
                    -0.5382439494132996,
                    -0.6793107390403748,
                    -2.738389253616333
                ],
                [
                    0.0,
                    0.7837896347045898,
                    -0.6210264563560486,
                    -2.5034377574920654
                ],
                [
                    0.0,
                    0.0,
                    0.0,
                    1.0
                ]
            ]
        },
        {
            "file_path": "/data/shapenet_blender/all_50_random/02958343/f9cad36ae25540a0bb20fd1bc4860856/r_40",
            "rotation": 0.12566370614359174,
            "transform_matrix": [
                [
                    -0.6615422368049622,
                    0.36194702982902527,
                    -0.6567770838737488,
                    -2.6475532054901123
                ],
                [
                    -0.7499077916145325,
                    -0.3192968964576721,
                    0.5793855786323547,
                    2.335577964782715
                ],
                [
                    0.0,
                    0.8758103847503662,
                    0.4826553165912628,
                    1.945645809173584
                ],
                [
                    0.0,
                    0.0,
                    0.0,
                    1.0
                ]
            ]
        },
        {
            "file_path": "/data/shapenet_blender/all_50_random/02958343/f9cad36ae25540a0bb20fd1bc4860856/r_41",
            "rotation": 0.12566370614359174,
            "transform_matrix": [
                [
                    0.5287865400314331,
                    -0.52850341796875,
                    0.6641301512718201,
                    2.6771938800811768
                ],
                [
                    0.8487547636032104,
                    0.3292653262615204,
                    -0.41376274824142456,
                    -1.6679308414459229
                ],
                [
                    0.0,
                    0.7824757099151611,
                    0.6226810216903687,
