{
    "class": "02958343",
    "model": "a495bebb2ebd72f3dd7cb6e3ad90d3ea",
    "remove_doubles": true,
    "edge_split": true,
    "denoise": true,
    "camera_angle_x": 0.6911112070083618,
    "scale_factor": 2.289220145587451,
    "hdri_file": "/data/IndoorHDRDataset2018/9C4A9295-4a0dcd60c3.exr",
    "center_offset": [
        0.0,
        0.0,
        2.7939677238464355e-09
    ],
    "lights": [],
    "frames": [
        {
            "file_path": "/data/shapenet_blender/all_50_random/02958343/a495bebb2ebd72f3dd7cb6e3ad90d3ea/r_0",
            "rotation": 0.12566370614359174,
            "transform_matrix": [
                [
                    0.1371781975030899,
                    0.20915095508098602,
                    -0.9682137966156006,
                    -3.9029946327209473
                ],
                [
                    -0.9905464053153992,
                    0.028964772820472717,
                    -0.13408541679382324,
                    -0.5405156016349792
                ],
                [
                    0.0,
                    0.9774542450904846,
                    0.21114705502986908,
                    0.851161003112793
                ],
                [
                    0.0,
                    0.0,
                    0.0,
                    1.0
                ]
            ]
        },
        {
            "file_path": "/data/shapenet_blender/all_50_random/02958343/a495bebb2ebd72f3dd7cb6e3ad90d3ea/r_1",
            "rotation": 0.12566370614359174,
            "transform_matrix": [
                [
                    0.18568532168865204,
                    0.6852673292160034,
                    0.7042227387428284,
                    2.8388125896453857
                ],
                [
                    0.982609212398529,
                    -0.12949614226818085,
                    -0.13307815790176392,
                    -0.5364552140235901
                ],
                [
                    1.4901160305669237e-08,
                    0.716686487197876,
                    -0.6973955035209656,
                    -2.811291217803955
                ],
                [
                    0.0,
                    0.0,
                    0.0,
                    1.0
                ]
            ]
        },
        {
            "file_path": "/data/shapenet_blender/all_50_random/02958343/a495bebb2ebd72f3dd7cb6e3ad90d3ea/r_2",
            "rotation": 0.12566370614359174,
            "transform_matrix": [
                [
                    0.42387890815734863,
                    -0.017660057172179222,
                    -0.9055466651916504,
                    -3.6503753662109375
                ],
                [
                    -0.9057188630104065,
                    -0.008264956064522266,
                    -0.4237983226776123,
                    -1.708385705947876
                ],
                [
                    -9.313225746154785e-10,
                    0.9998098611831665,
                    -0.019498389214277267,
                    -0.07860051840543747
                ],
                [
                    0.0,
                    0.0,
                    0.0,
                    1.0
                ]
            ]
        },
        {
            "file_path": "/data/shapenet_blender/all_50_random/02958343/a495bebb2ebd72f3dd7cb6e3ad90d3ea/r_3",
            "rotation": 0.12566370614359174,
            "transform_matrix": [
                [
                    0.3671762943267822,
                    -0.05090611055493355,
                    0.9287573099136353,
                    3.743940591812134
                ],
                [
                    0.9301514029502869,
                    0.020095134153962135,
                    -0.36662596464157104,
                    -1.4779165983200073
                ],
                [
                    0.0,
                    0.9985012412071228,
                    0.05472884699702263,
                    0.2206190526485443
                ],
                [
                    0.0,
                    0.0,
                    0.0,
                    1.0
                ]
            ]
        },
        {
            "file_path": "/data/shapenet_blender/all_50_random/02958343/a495bebb2ebd72f3dd7cb6e3ad90d3ea/r_4",
            "rotation": 0.12566370614359174,
            "transform_matrix": [
                [
                    -0.6818901300430298,
                    -0.010454119183123112,
                    0.7313798666000366,
                    2.948286533355713
                ],
                [
                    0.7314545512199402,
                    -0.009745731949806213,
                    0.6818205118179321,
                    2.7485063076019287
                ],
                [
                    -9.313225191043273e-10,
                    0.9998978972434998,
                    0.014292231760919094,
                    0.05761382728815079
                ],
                [
                    0.0,
                    0.0,
                    0.0,
                    1.0
                ]
            ]
        },
        {
            "file_path": "/data/shapenet_blender/all_50_random/02958343/a495bebb2ebd72f3dd7cb6e3ad90d3ea/r_5",
            "rotation": 0.12566370614359174,
            "transform_matrix": [
                [
                    -0.956091046333313,
                    -0.22131337225437164,
                    0.1921204924583435,
                    0.7744624614715576
                ],
                [
                    0.2930697798728943,
                    -0.7219977974891663,
                    0.6267609000205994,
                    2.5265541076660156
                ],
                [
                    0.0,
                    0.655545175075531,
                    0.7551559209823608,
                    3.044130802154541
                ],
                [
                    0.0,
                    0.0,
                    0.0,
                    1.0
                ]
            ]
        },
        {
            "file_path": "/data/shapenet_blender/all_50_random/02958343/a495bebb2ebd72f3dd7cb6e3ad90d3ea/r_6",
            "rotation": 0.12566370614359174,
            "transform_matrix": [
                [
                    -0.4896124005317688,
                    -0.06140841171145439,
                    0.8697749972343445,
                    3.5061755180358887
                ],
                [
                    0.8719401955604553,
                    -0.034482087939977646,
                    0.48839661478996277,
                    1.96878981590271
                ],
                [
                    -1.862645149230957e-09,
                    0.9975168704986572,
                    0.0704273134469986,
                    0.2839016020298004
                ],
                [
                    0.0,
                    0.0,
                    0.0,
                    1.0
                ]
            ]
        },
        {
            "file_path": "/data/shapenet_blender/all_50_random/02958343/a495bebb2ebd72f3dd7cb6e3ad90d3ea/r_7",
            "rotation": 0.12566370614359174,
            "transform_matrix": [
                [
                    -0.46334272623062134,
                    0.04895152524113655,
                    -0.884826123714447,
                    -3.5668482780456543
                ],
                [
                    -0.8861792087554932,
                    -0.025594521313905716,
                    0.46263524889945984,
                    1.8649423122406006
                ],
                [
                    0.0,
                    0.9984732270240784,
                    0.05523885041475296,
                    0.2226749211549759
                ],
                [
                    0.0,
                    0.0,
                    0.0,
                    1.0
                ]
            ]
        },
        {
            "file_path": "/data/shapenet_blender/all_50_random/02958343/a495bebb2ebd72f3dd7cb6e3ad90d3ea/r_8",
            "rotation": 0.12566370614359174,
            "transform_matrix": [
                [
                    -0.7667624950408936,
                    0.15444490313529968,
                    0.6230747699737549,
                    2.5116946697235107
                ],
                [
                    0.6419310569763184,
                    0.18447861075401306,
                    0.744239330291748,
                    3.00012469291687
                ],
                [
                    7.450581485102248e-09,
                    0.9706257581710815,
                    -0.24059425294399261,
                    -0.9698664546012878
                ],
                [
                    0.0,
                    0.0,
                    0.0,
                    1.0
                ]
            ]
        },
        {
            "file_path": "/data/shapenet_blender/all_50_random/02958343/a495bebb2ebd72f3dd7cb6e3ad90d3ea/r_9",
            "rotation": 0.12566370614359174,
            "transform_matrix": [
                [
                    -0.9029619097709656,
                    -0.4109031856060028,
                    -0.12577147781848907,
                    -0.5070010423660278
                ],
                [
                    -0.4297207295894623,
                    0.8634210824966431,
                    0.26428061723709106,
                    1.0653492212295532
                ],
                [
                    0.0,
                    0.2926819920539856,
                    -0.9562098383903503,
                    -3.854605197906494
                ],
                [
                    0.0,
                    0.0,
                    0.0,
                    1.0
                ]
            ]
        },
        {
            "file_path": "/data/shapenet_blender/all_50_random/02958343/a495bebb2ebd72f3dd7cb6e3ad90d3ea/r_10",
            "rotation": 0.12566370614359174,
            "transform_matrix": [
                [
                    0.7626239061355591,
                    0.22994153201580048,
                    0.6045921444892883,
                    2.4371891021728516
                ],
                [
                    0.6468422412872314,
                    -0.2710999548435211,
                    -0.7128111720085144,
                    -2.873434066772461
                ],
                [
                    1.4901162970204496e-08,
                    0.9346826672554016,
                    -0.35548314452171326,
                    -1.432998538017273
                ],
                [
                    0.0,
                    0.0,
                    0.0,
                    1.0
                ]
            ]
        },
        {
            "file_path": "/data/shapenet_blender/all_50_random/02958343/a495bebb2ebd72f3dd7cb6e3ad90d3ea/r_11",
            "rotation": 0.12566370614359174,
            "transform_matrix": [
                [
                    0.9013575315475464,
                    0.1860456019639969,
                    0.3910773992538452,
                    1.5764834880828857
                ],
                [
                    0.43307560682296753,
                    -0.3872154951095581,
                    -0.8139469027519226,
                    -3.281125068664551
                ],
                [
                    0.0,
                    0.9030234217643738,
                    -0.4295913875102997,
                    -1.7317384481430054
                ],
                [
                    0.0,
                    0.0,
                    0.0,
                    1.0
                ]
            ]
        },
        {
            "file_path": "/data/shapenet_blender/all_50_random/02958343/a495bebb2ebd72f3dd7cb6e3ad90d3ea/r_12",
            "rotation": 0.12566370614359174,
            "transform_matrix": [
                [
                    -0.865587055683136,
                    0.29057446122169495,
                    0.40783023834228516,
                    1.6440162658691406
                ],
                [
                    0.5007584095001221,
                    0.5022730827331543,
                    0.7049558162689209,
                    2.8417677879333496
                ],
                [
                    0.0,
                    0.8144250512123108,
                    -0.5802687406539917,
                    -2.3391380310058594
                ],
                [
                    0.0,
                    0.0,
                    0.0,
                    1.0
                ]
            ]
        },
        {
            "file_path": "/data/shapenet_blender/all_50_random/02958343/a495bebb2ebd72f3dd7cb6e3ad90d3ea/r_13",
            "rotation": 0.12566370614359174,
            "transform_matrix": [
                [
                    -0.46286270022392273,
                    0.025684956461191177,
                    0.8860577344894409,
                    3.5718131065368652
                ],
                [
                    0.886430025100708,
                    0.01341178361326456,
                    0.4626682996749878,
                    1.865075707435608
                ],
                [
                    0.0,
                    0.9995799660682678,
                    -0.028975732624530792,
                    -0.11680492013692856
                ],
                [
                    0.0,
                    0.0,
                    0.0,
                    1.0
                ]
            ]
        },
        {
            "file_path": "/data/shapenet_blender/all_50_random/02958343/a495bebb2ebd72f3dd7cb6e3ad90d3ea/r_14",
            "rotation": 0.12566370614359174,
            "transform_matrix": [
                [
                    -0.6823405027389526,
                    0.3196363151073456,
                    -0.6574525833129883,
                    -2.6502764225006104
                ],
                [
                    -0.7310344576835632,
                    -0.29834550619125366,
                    0.6136599183082581,
                    2.4737424850463867
                ],
                [
                    -2.9802322387695312e-08,
                    0.8993456363677979,
                    0.43723833560943604,
                    1.7625641822814941
                ],
                [
                    0.0,
                    0.0,
                    0.0,
                    1.0
                ]
            ]
        },
        {
            "file_path": "/data/shapenet_blender/all_50_random/02958343/a495bebb2ebd72f3dd7cb6e3ad90d3ea/r_15",
            "rotation": 0.12566370614359174,
            "transform_matrix": [
                [
                    0.7840978503227234,
                    -0.1001850888133049,
                    -0.6124978065490723,
                    -2.469057559967041
                ],
                [
                    -0.6206372380256653,
                    -0.12657137215137482,
                    -0.7738146185874939,
                    -3.1193466186523438
                ],
                [
                    0.0,
                    0.9868853092193604,
                    -0.1614229381084442,
                    -0.6507166624069214
                ],
                [
                    0.0,
                    0.0,
                    0.0,
                    1.0
                ]
            ]
        },
        {
            "file_path": "/data/shapenet_blender/all_50_random/02958343/a495bebb2ebd72f3dd7cb6e3ad90d3ea/r_16",
            "rotation": 0.12566370614359174,
            "transform_matrix": [
                [
                    -0.7395796179771423,
                    0.009219222702085972,
                    0.6730058789253235,
                    2.7129735946655273
                ],
                [
                    0.6730690598487854,
                    0.010130236856639385,
                    0.7395102381706238,
                    2.9810612201690674
                ],
                [
                    4.656612873077393e-10,
                    0.9999061226844788,
                    -0.013697292655706406,
                    -0.05521555244922638
                ],
                [
                    0.0,
                    0.0,
                    0.0,
                    1.0
                ]
            ]
        },
        {
            "file_path": "/data/shapenet_blender/all_50_random/02958343/a495bebb2ebd72f3dd7cb6e3ad90d3ea/r_17",
            "rotation": 0.12566370614359174,
            "transform_matrix": [
                [
                    -0.7784477472305298,
                    0.023073066025972366,
                    -0.6272851824760437,
                    -2.528667688369751
                ],
                [
                    -0.6277094483375549,
                    -0.028613833710551262,
                    0.7779215574264526,
                    3.1359024047851562
                ],
                [
                    1.862645149230957e-09,
                    0.9993242621421814,
                    0.03675754740834236,
                    0.1481744349002838
                ],
                [
                    0.0,
                    0.0,
                    0.0,
                    1.0
                ]
            ]
        },
        {
            "file_path": "/data/shapenet_blender/all_50_random/02958343/a495bebb2ebd72f3dd7cb6e3ad90d3ea/r_18",
            "rotation": 0.12566370614359174,
            "transform_matrix": [
                [
                    0.0854463279247284,
                    0.7454977035522461,
                    -0.6610084176063538,
                    -2.6646103858947754
                ],
                [
                    -0.9963427782058716,
                    0.0639338567852974,
                    -0.056688062846660614,
                    -0.22851690649986267
                ],
                [
                    0.0,
                    0.6634348034858704,
                    0.7482340335845947,
                    3.016228199005127
                ],
                [
                    0.0,
                    0.0,
                    0.0,
                    1.0
                ]
            ]
        },
        {
            "file_path": "/data/shapenet_blender/all_50_random/02958343/a495bebb2ebd72f3dd7cb6e3ad90d3ea/r_19",
            "rotation": 0.12566370614359174,
            "transform_matrix": [
                [
                    -0.16423654556274414,
                    0.012287648394703865,
                    0.9863443970680237,
                    3.976081609725952
                ],
                [
                    0.9864209890365601,
                    0.0020458619110286236,
                    0.1642238050699234,
                    0.6620073914527893
                ],
                [
                    0.0,
                    0.9999224543571472,
                    -0.012456799857318401,
                    -0.050214968621730804
                ],
                [
                    0.0,
                    0.0,
                    0.0,
                    1.0
                ]
            ]
        },
        {
            "file_path": "/data/shapenet_blender/all_50_random/02958343/a495bebb2ebd72f3dd7cb6e3ad90d3ea/r_20",
            "rotation": 0.12566370614359174,
            "transform_matrix": [
                [
                    -0.49366292357444763,
                    -0.08102378994226456,
                    0.8658706545829773,
                    3.490436315536499
                ],
                [
                    0.8696533441543579,
                    -0.04599354416131973,
                    0.4915156662464142,
                    1.98136305809021
                ],
                [
                    -3.725290298461914e-09,
                    0.9956504106521606,
                    0.09316791594028473,
                    0.3755718767642975
                ],
                [
                    0.0,
                    0.0,
                    0.0,
                    1.0
                ]
            ]
        },
        {
            "file_path": "/data/shapenet_blender/all_50_random/02958343/a495bebb2ebd72f3dd7cb6e3ad90d3ea/r_21",
            "rotation": 0.12566370614359174,
            "transform_matrix": [
                [
                    -0.9496889710426331,
                    0.2962419092655182,
                    0.10164519399404526,
                    0.40974488854408264
                ],
                [
                    0.3131948411464691,
                    0.8982831835746765,
                    0.30821487307548523,
                    1.242453932762146
                ],
                [
                    0.0,
                    0.32454296946525574,
                    -0.9458709359169006,
                    -3.812927722930908
                ],
                [
                    0.0,
                    0.0,
                    0.0,
                    1.0
                ]
            ]
        },
        {
            "file_path": "/data/shapenet_blender/all_50_random/02958343/a495bebb2ebd72f3dd7cb6e3ad90d3ea/r_22",
            "rotation": 0.12566370614359174,
            "transform_matrix": [
                [
                    -0.8272480368614197,
                    -0.28846877813339233,
                    0.4821271300315857,
                    1.9435166120529175
                ],
                [
                    0.5618370175361633,
                    -0.4247409999370575,
                    0.7098832726478577,
                    2.861630916595459
                ],
                [
                    0.0,
                    0.8581263422966003,
                    0.5134385228157043,
                    2.069736957550049
                ],
                [
                    0.0,
                    0.0,
                    0.0,
                    1.0
                ]
            ]
        },
        {
            "file_path": "/data/shapenet_blender/all_50_random/02958343/a495bebb2ebd72f3dd7cb6e3ad90d3ea/r_23",
            "rotation": 0.12566370614359174,
            "transform_matrix": [
                [
                    -0.11899996548891068,
                    0.27327245473861694,
                    -0.9545475840568542,
                    -3.8479044437408447
                ],
                [
                    -0.9928942918777466,
                    -0.0327521376311779,
                    0.11440404504537582,
                    0.4611774682998657
                ],
                [
                    0.0,
                    0.9613789319992065,
                    0.2752281427383423,
                    1.1094801425933838
                ],
                [
                    0.0,
                    0.0,
                    0.0,
                    1.0
                ]
            ]
        },
        {
            "file_path": "/data/shapenet_blender/all_50_random/02958343/a495bebb2ebd72f3dd7cb6e3ad90d3ea/r_24",
            "rotation": 0.12566370614359174,
            "transform_matrix": [
                [
                    -0.9992411732673645,
                    -0.010062657296657562,
                    -0.037625379860401154,
                    -0.15167275071144104
                ],
                [
                    -0.038947734981775284,
                    0.258167028427124,
                    0.9653148651123047,
                    3.8913087844848633
                ],
                [
                    -9.313225191043273e-10,
                    0.9660479426383972,
                    -0.2583630383014679,
                    -1.0414947271347046
                ],
                [
                    0.0,
                    0.0,
                    0.0,
                    1.0
                ]
            ]
        },
        {
            "file_path": "/data/shapenet_blender/all_50_random/02958343/a495bebb2ebd72f3dd7cb6e3ad90d3ea/r_25",
            "rotation": 0.12566370614359174,
            "transform_matrix": [
                [
                    -0.7264404892921448,
                    0.10464030504226685,
                    -0.6792161464691162,
                    -2.7380080223083496
                ],
                [
                    -0.6872294545173645,
                    -0.11061073839664459,
                    0.7179700136184692,
                    2.8942298889160156
                ],
                [
                    7.450581485102248e-09,
                    0.9883397221565247,
                    0.15226401388645172,
                    0.6137959361076355
                ],
                [
                    0.0,
                    0.0,
                    0.0,
                    1.0
                ]
            ]
        },
        {
            "file_path": "/data/shapenet_blender/all_50_random/02958343/a495bebb2ebd72f3dd7cb6e3ad90d3ea/r_26",
            "rotation": 0.12566370614359174,
            "transform_matrix": [
                [
                    -0.04579443112015724,
                    0.33861517906188965,
                    0.9398099184036255,
                    3.78849458694458
                ],
                [
                    0.9989508986473083,
                    0.015522975474596024,
                    0.04308326169848442,
                    0.17367416620254517
                ],
                [
                    0.0,
                    0.9407968521118164,
                    -0.338970810174942,
                    -1.366434931755066
                ],
                [
                    0.0,
                    0.0,
                    0.0,
                    1.0
                ]
            ]
        },
        {
            "file_path": "/data/shapenet_blender/all_50_random/02958343/a495bebb2ebd72f3dd7cb6e3ad90d3ea/r_27",
            "rotation": 0.12566370614359174,
            "transform_matrix": [
                [
                    0.10895423591136932,
                    -0.16566921770572662,
                    0.980144202709198,
                    3.951087713241577
                ],
                [
                    0.9940468072891235,
                    0.01815846376121044,
                    -0.10743041336536407,
                    -0.43306586146354675
                ],
                [
                    -1.862645371275562e-09,
                    0.9860140681266785,
                    0.16666139662265778,
                    0.6718335747718811
                ],
                [
                    0.0,
                    0.0,
                    0.0,
                    1.0
                ]
            ]
        },
        {
            "file_path": "/data/shapenet_blender/all_50_random/02958343/a495bebb2ebd72f3dd7cb6e3ad90d3ea/r_28",
            "rotation": 0.12566370614359174,
            "transform_matrix": [
                [
                    -0.7692135572433472,
                    0.3710101544857025,
                    0.5202518105506897,
                    2.0972023010253906
                ],
                [
                    0.6389918327331543,
                    0.4466192126274109,
                    0.6262751817703247,
                    2.5245962142944336
                ],
                [
                    0.0,
                    0.8141760230064392,
                    -0.5806179642677307,
                    -2.340546131134033
                ],
                [
                    0.0,
                    0.0,
                    0.0,
                    1.0
                ]
            ]
        },
        {
            "file_path": "/data/shapenet_blender/all_50_random/02958343/a495bebb2ebd72f3dd7cb6e3ad90d3ea/r_29",
            "rotation": 0.12566370614359174,
            "transform_matrix": [
                [
                    -0.23491916060447693,
                    0.11475718021392822,
                    0.965216875076294,
                    3.890913963317871
                ],
                [
                    0.9720149636268616,
                    0.027734819799661636,
                    0.23327617347240448,
                    0.9403663873672485
                ],
                [
                    -1.862645371275562e-09,
                    0.9930062890052795,
                    -0.1180611252784729,
                    -0.475919634103775
                ],
                [
                    0.0,
                    0.0,
                    0.0,
                    1.0
                ]
            ]
        },
        {
            "file_path": "/data/shapenet_blender/all_50_random/02958343/a495bebb2ebd72f3dd7cb6e3ad90d3ea/r_30",
            "rotation": 0.12566370614359174,
            "transform_matrix": [
                [
                    0.749261736869812,
                    -0.055934492498636246,
                    -0.6599077582359314,
                    -2.660173177719116
                ],
                [
                    -0.6622740626335144,
                    -0.06328131258487701,
                    -0.7465845942497253,
                    -3.0095787048339844
                ],
                [
                    0.0,
                    0.996427059173584,
                    -0.08445821702480316,
                    -0.34046196937561035
                ],
                [
                    0.0,
                    0.0,
                    0.0,
                    1.0
                ]
            ]
        },
        {
            "file_path": "/data/shapenet_blender/all_50_random/02958343/a495bebb2ebd72f3dd7cb6e3ad90d3ea/r_31",
            "rotation": 0.12566370614359174,
            "transform_matrix": [
                [
                    -0.9147112369537354,
                    -0.2150314897298813,
                    0.34214743971824646,
                    1.3792405128479004
                ],
                [
                    0.4041082262992859,
                    -0.48673030734062195,
                    0.7744611501693726,
                    3.121953010559082
                ],
                [
                    0.0,
                    0.8466728925704956,
                    0.5321135520935059,
                    2.1450185775756836
                ],
                [
                    0.0,
                    0.0,
                    0.0,
                    1.0
                ]
            ]
        },
        {
            "file_path": "/data/shapenet_blender/all_50_random/02958343/a495bebb2ebd72f3dd7cb6e3ad90d3ea/r_32",
            "rotation": 0.12566370614359174,
            "transform_matrix": [
                [
                    0.9007031917572021,
                    -0.24155813455581665,
                    -0.36108654737472534,
                    -1.4555864334106445
                ],
                [
                    -0.43443506956100464,
                    -0.5008163452148438,
                    -0.7486315369606018,
                    -3.0178303718566895
                ],
                [
                    -1.4901161193847656e-08,
                    0.8311633467674255,
                    -0.5560281872749329,
                    -2.2414212226867676
                ],
                [
                    0.0,
                    0.0,
                    0.0,
                    1.0
                ]
            ]
        },
        {
            "file_path": "/data/shapenet_blender/all_50_random/02958343/a495bebb2ebd72f3dd7cb6e3ad90d3ea/r_33",
            "rotation": 0.12566370614359174,
            "transform_matrix": [
                [
                    -0.711254358291626,
                    0.07932458817958832,
                    -0.6984445452690125,
                    -2.8155198097229004
                ],
                [
                    -0.7029346823692322,
                    -0.08026345074176788,
                    0.7067111134529114,
                    2.848843574523926
                ],
                [
                    -3.725290298461914e-09,
                    0.9936121702194214,
                    0.11284775286912918,
                    0.45490381121635437
                ],
                [
                    0.0,
                    0.0,
                    0.0,
                    1.0
                ]
            ]
        },
        {
            "file_path": "/data/shapenet_blender/all_50_random/02958343/a495bebb2ebd72f3dd7cb6e3ad90d3ea/r_34",
            "rotation": 0.12566370614359174,
            "transform_matrix": [
                [
                    0.9946607351303101,
                    0.03137103095650673,
                    -0.09831596910953522,
                    -0.3963243365287781
                ],
                [
                    -0.10319967567920685,
                    0.30236077308654785,
                    -0.9475905299186707,
                    -3.819859504699707
                ],
                [
                    0.0,
                    0.9526772499084473,
                    0.3039838373661041,
                    1.225398063659668
                ],
                [
                    0.0,
                    0.0,
                    0.0,
                    1.0
                ]
            ]
        },
        {
            "file_path": "/data/shapenet_blender/all_50_random/02958343/a495bebb2ebd72f3dd7cb6e3ad90d3ea/r_35",
            "rotation": 0.12566370614359174,
            "transform_matrix": [
                [
                    0.988365113735199,
                    -0.06891250610351562,
                    0.1355932354927063,
                    0.5465939044952393
                ],
                [
                    0.15210017561912537,
                    0.44780170917510986,
                    -0.8811010718345642,
                    -3.5518321990966797
                ],
                [
                    -3.725290298461914e-09,
                    0.8914733529090881,
                    0.4530731737613678,
                    1.8263964653015137
                ],
                [
                    0.0,
                    0.0,
                    0.0,
                    1.0
                ]
            ]
        },
        {
            "file_path": "/data/shapenet_blender/all_50_random/02958343/a495bebb2ebd72f3dd7cb6e3ad90d3ea/r_36",
            "rotation": 0.12566370614359174,
            "transform_matrix": [
                [
                    0.8046152591705322,
                    0.1724443882703781,
                    0.5682051777839661,
                    2.290508270263672
                ],
                [
                    0.59379643201828,
                    -0.23366829752922058,
                    -0.7699382901191711,
                    -3.1037204265594482
                ],
                [
                    0.0,
                    0.9569023847579956,
                    -0.2904099225997925,
                    -1.1706798076629639
                ],
                [
                    0.0,
                    0.0,
                    0.0,
                    1.0
                ]
            ]
        },
        {
            "file_path": "/data/shapenet_blender/all_50_random/02958343/a495bebb2ebd72f3dd7cb6e3ad90d3ea/r_37",
            "rotation": 0.12566370614359174,
            "transform_matrix": [
                [
                    0.8979512453079224,
                    -0.25139111280441284,
                    0.3612285554409027,
                    1.456158995628357
                ],
                [
                    0.4400950074195862,
                    0.5129278302192688,
                    -0.7370354533195496,
                    -2.9710850715637207
                ],
                [
                    -1.4901161193847656e-08,
                    0.8207967877388,
                    0.5712201595306396,
                    2.3026623725891113
                ],
                [
                    0.0,
                    0.0,
                    0.0,
                    1.0
                ]
            ]
        },
        {
            "file_path": "/data/shapenet_blender/all_50_random/02958343/a495bebb2ebd72f3dd7cb6e3ad90d3ea/r_38",
            "rotation": 0.12566370614359174,
            "transform_matrix": [
                [
                    -0.8844898343086243,
                    -0.07969604432582855,
                    -0.45970237255096436,
                    -1.8531194925308228
                ],
                [
                    -0.46655943989753723,
                    0.15108543634414673,
                    0.8714903593063354,
                    3.513089895248413
                ],
                [
                    0.0,
                    0.985302746295929,
                    -0.17081651091575623,
                    -0.6885833740234375
                ],
                [
                    0.0,
                    0.0,
                    0.0,
                    1.0
                ]
            ]
        },
        {
            "file_path": "/data/shapenet_blender/all_50_random/02958343/a495bebb2ebd72f3dd7cb6e3ad90d3ea/r_39",
            "rotation": 0.12566370614359174,
            "transform_matrix": [
                [
                    -0.7072154879570007,
                    0.029010426253080368,
                    -0.706402599811554,
                    -2.847599983215332
                ],
                [
                    -0.7069979310035706,
                    -0.029019352048635483,
                    0.706619918346405,
                    2.848475933074951
                ],
                [
                    0.0,
                    0.9991576671600342,
                    0.04103325679898262,
                    0.1654103547334671
                ],
                [
                    0.0,
                    0.0,
                    0.0,
                    1.0
                ]
            ]
        },
        {
            "file_path": "/data/shapenet_blender/all_50_random/02958343/a495bebb2ebd72f3dd7cb6e3ad90d3ea/r_40",
            "rotation": 0.12566370614359174,
            "transform_matrix": [
                [
                    0.3261518180370331,
                    -0.47389429807662964,
                    -0.8179541230201721,
                    -3.297278881072998
                ],
                [
                    -0.9453175067901611,
                    -0.16350218653678894,
                    -0.2822090983390808,
                    -1.1376214027404785
                ],
                [
                    0.0,
                    0.8652693033218384,
                    -0.5013070106506348,
                    -2.0208334922790527
                ],
                [
                    0.0,
                    0.0,
                    0.0,
                    1.0
                ]
            ]
        },
        {
            "file_path": "/data/shapenet_blender/all_50_random/02958343/a495bebb2ebd72f3dd7cb6e3ad90d3ea/r_41",
            "rotation": 0.12566370614359174,
            "transform_matrix": [
                [
                    0.9423648118972778,
                    -0.1996644288301468,
                    0.26848235726356506,
                    1.082287073135376
                ],
                [
                    0.33458736538887024,
                    0.562354564666748,
                    -0.7561801671981812,
                    -3.048259973526001
                ],
                [
                    0.0,
