{
    "class": "02958343",
    "model": "78f9e32385dd7db27996cb12b5662363",
    "remove_doubles": true,
    "edge_split": true,
    "denoise": true,
    "camera_angle_x": 0.6911112070083618,
    "scale_factor": 2.1855869968562316,
    "hdri_file": "/data/IndoorHDRDataset2018/AG8A2815-af3239e9b8.exr",
    "center_offset": [
        0.0,
        0.0,
        9.313225746154785e-10
    ],
    "lights": [],
    "frames": [
        {
            "file_path": "/data/shapenet_blender/all_50_random/02958343/78f9e32385dd7db27996cb12b5662363/r_0",
            "rotation": 0.12566370614359174,
            "transform_matrix": [
                [
                    0.9167511463165283,
                    -0.08562388271093369,
                    -0.39017418026924133,
                    -1.5728424787521362
                ],
                [
                    -0.3994588255882263,
                    -0.1965053528547287,
                    -0.8954430818557739,
                    -3.6096465587615967
                ],
                [
                    -7.450580596923828e-09,
                    0.9767569303512573,
                    -0.21434973180294037,
                    -0.8640714287757874
                ],
                [
                    0.0,
                    0.0,
                    0.0,
                    1.0
                ]
            ]
        },
        {
            "file_path": "/data/shapenet_blender/all_50_random/02958343/78f9e32385dd7db27996cb12b5662363/r_1",
            "rotation": 0.12566370614359174,
            "transform_matrix": [
                [
                    0.9939987063407898,
                    -0.06381643563508987,
                    0.08884870260953903,
                    0.3581605851650238
                ],
                [
                    0.10939209908246994,
                    0.5798723697662354,
                    -0.8073298335075378,
                    -3.254450559616089
                ],
                [
                    7.450580596923828e-09,
                    0.812204122543335,
                    0.5833733081817627,
                    2.3516530990600586
                ],
                [
                    0.0,
                    0.0,
                    0.0,
                    1.0
                ]
            ]
        },
        {
            "file_path": "/data/shapenet_blender/all_50_random/02958343/78f9e32385dd7db27996cb12b5662363/r_2",
            "rotation": 0.12566370614359174,
            "transform_matrix": [
                [
                    -0.5721032619476318,
                    0.8087480664253235,
                    0.13647139072418213,
                    0.5501337647438049
                ],
                [
                    0.8201816082000732,
                    0.564128041267395,
                    0.09519322216510773,
                    0.38373616337776184
                ],
                [
                    -7.450580596923828e-09,
                    0.16639161109924316,
                    -0.9860597252845764,
                    -3.9749338626861572
                ],
                [
                    0.0,
                    0.0,
                    0.0,
                    1.0
                ]
            ]
        },
        {
            "file_path": "/data/shapenet_blender/all_50_random/02958343/78f9e32385dd7db27996cb12b5662363/r_3",
            "rotation": 0.12566370614359174,
            "transform_matrix": [
                [
                    -0.20328378677368164,
                    -0.042192328721284866,
                    0.97821044921875,
                    3.9432919025421143
                ],
                [
                    0.9791199564933777,
                    -0.008759924210608006,
                    0.2030949741601944,
                    0.8187019228935242
                ],
                [
                    0.0,
                    0.9990710020065308,
                    0.04309210926294327,
                    0.17370982468128204
                ],
                [
                    0.0,
                    0.0,
                    0.0,
                    1.0
                ]
            ]
        },
        {
            "file_path": "/data/shapenet_blender/all_50_random/02958343/78f9e32385dd7db27996cb12b5662363/r_4",
            "rotation": 0.12566370614359174,
            "transform_matrix": [
                [
                    -0.9751909375190735,
                    0.07164420932531357,
                    0.2094513475894928,
                    0.8443253636360168
                ],
                [
                    0.22136569023132324,
                    0.31561705470085144,
                    0.9227042198181152,
                    3.7195396423339844
                ],
                [
                    0.0,
                    0.9461780190467834,
                    -0.3236464560031891,
                    -1.3046605587005615
                ],
                [
                    0.0,
                    0.0,
                    0.0,
                    1.0
                ]
            ]
        },
        {
            "file_path": "/data/shapenet_blender/all_50_random/02958343/78f9e32385dd7db27996cb12b5662363/r_5",
            "rotation": 0.12566370614359174,
            "transform_matrix": [
                [
                    -0.25886139273643494,
                    0.12207494676113129,
                    0.9581693410873413,
                    3.862504243850708
                ],
                [
                    0.9659145474433899,
                    0.03271561861038208,
                    0.25678572058677673,
                    1.035136342048645
                ],
                [
                    -3.725290742551124e-09,
                    0.9919814467430115,
                    -0.12638278305530548,
                    -0.5094652771949768
                ],
                [
                    0.0,
                    0.0,
                    0.0,
                    1.0
                ]
            ]
        },
        {
            "file_path": "/data/shapenet_blender/all_50_random/02958343/78f9e32385dd7db27996cb12b5662363/r_6",
            "rotation": 0.12566370614359174,
            "transform_matrix": [
                [
                    -0.07560507208108902,
                    -0.8749165534973145,
                    0.4783356785774231,
                    1.9282329082489014
                ],
                [
                    0.9971377849578857,
                    -0.06633800268173218,
                    0.036268413066864014,
                    0.1462026685476303
                ],
                [
                    0.0,
                    0.47970864176750183,
                    0.8774276971817017,
                    3.53702449798584
                ],
                [
                    0.0,
                    0.0,
                    0.0,
                    1.0
                ]
            ]
        },
        {
            "file_path": "/data/shapenet_blender/all_50_random/02958343/78f9e32385dd7db27996cb12b5662363/r_7",
            "rotation": 0.12566370614359174,
            "transform_matrix": [
                [
                    -0.5536113977432251,
                    -0.046144865453243256,
                    0.8314957022666931,
                    3.3518664836883545
                ],
                [
                    0.8327751755714417,
                    -0.030676132068037987,
                    0.5527607798576355,
                    2.228250026702881
                ],
                [
                    0.0,
                    0.9984636902809143,
                    0.05541094392538071,
                    0.22336865961551666
                ],
                [
                    0.0,
                    0.0,
                    0.0,
                    1.0
                ]
            ]
        },
        {
            "file_path": "/data/shapenet_blender/all_50_random/02958343/78f9e32385dd7db27996cb12b5662363/r_8",
            "rotation": 0.12566370614359174,
            "transform_matrix": [
                [
                    -0.9753480553627014,
                    0.19963409006595612,
                    -0.0940343588590622,
                    -0.3790646195411682
                ],
                [
                    -0.22067226469516754,
                    -0.882361650466919,
                    0.41562196612358093,
                    1.6754257678985596
                ],
                [
                    0.0,
                    0.42612674832344055,
                    0.9046633839607239,
                    3.6468148231506348
                ],
                [
                    0.0,
                    0.0,
                    0.0,
                    1.0
                ]
            ]
        },
        {
            "file_path": "/data/shapenet_blender/all_50_random/02958343/78f9e32385dd7db27996cb12b5662363/r_9",
            "rotation": 0.12566370614359174,
            "transform_matrix": [
                [
                    -0.38073623180389404,
                    -0.15196596086025238,
                    0.9121108651161194,
                    3.6768364906311035
                ],
                [
                    0.924683690071106,
                    -0.06257160753011703,
                    0.37555938959121704,
                    1.5139282941818237
                ],
                [
                    0.0,
                    0.9864030480384827,
                    0.16434375941753387,
                    0.6624909043312073
                ],
                [
                    0.0,
                    0.0,
                    0.0,
                    1.0
                ]
            ]
        },
        {
            "file_path": "/data/shapenet_blender/all_50_random/02958343/78f9e32385dd7db27996cb12b5662363/r_10",
            "rotation": 0.12566370614359174,
            "transform_matrix": [
                [
                    -0.7047179341316223,
                    -0.045883532613515854,
                    0.7080023288726807,
                    2.85404896736145
                ],
                [
                    0.7094876766204834,
                    -0.04557506740093231,
                    0.7032425999641418,
                    2.8348617553710938
                ],
                [
                    0.0,
                    0.9979066848754883,
                    0.0646713525056839,
                    0.2606985867023468
                ],
                [
                    0.0,
                    0.0,
                    0.0,
                    1.0
                ]
            ]
        },
        {
            "file_path": "/data/shapenet_blender/all_50_random/02958343/78f9e32385dd7db27996cb12b5662363/r_11",
            "rotation": 0.12566370614359174,
            "transform_matrix": [
                [
                    0.23028302192687988,
                    0.946296215057373,
                    0.22692091763019562,
                    0.9147475361824036
                ],
                [
                    0.9731237292289734,
                    -0.22393447160720825,
                    -0.05369926989078522,
                    -0.2164686918258667
                ],
                [
                    0.0,
                    0.23318815231323242,
                    -0.9724315404891968,
                    -3.919997215270996
                ],
                [
                    0.0,
                    0.0,
                    0.0,
                    1.0
                ]
            ]
        },
        {
            "file_path": "/data/shapenet_blender/all_50_random/02958343/78f9e32385dd7db27996cb12b5662363/r_12",
            "rotation": 0.12566370614359174,
            "transform_matrix": [
                [
                    0.25069931149482727,
                    -0.6322597861289978,
                    0.7330740094184875,
                    2.955115795135498
                ],
                [
                    0.9680649638175964,
                    0.1637360155582428,
                    -0.1898438185453415,
                    -0.7652848958969116
                ],
                [
                    -7.450580152834618e-09,
                    0.7572569251060486,
                    0.6531170606613159,
                    2.6327991485595703
                ],
                [
                    0.0,
                    0.0,
                    0.0,
                    1.0
                ]
            ]
        },
        {
            "file_path": "/data/shapenet_blender/all_50_random/02958343/78f9e32385dd7db27996cb12b5662363/r_13",
            "rotation": 0.12566370614359174,
            "transform_matrix": [
                [
                    0.9618120193481445,
                    0.18476812541484833,
                    -0.20193685591220856,
                    -0.8140335083007812
                ],
                [
                    -0.27371108531951904,
                    0.6492692828178406,
                    -0.7095996141433716,
                    -2.860487461090088
                ],
                [
                    1.4901161193847656e-08,
                    0.7377737164497375,
                    0.6750480532646179,
                    2.721205711364746
                ],
                [
                    0.0,
                    0.0,
                    0.0,
                    1.0
                ]
            ]
        },
        {
            "file_path": "/data/shapenet_blender/all_50_random/02958343/78f9e32385dd7db27996cb12b5662363/r_14",
            "rotation": 0.12566370614359174,
            "transform_matrix": [
                [
                    0.2086150199174881,
                    0.6194468140602112,
                    0.7568126916885376,
                    3.050809144973755
                ],
                [
                    0.977997899055481,
                    -0.1321331113576889,
                    -0.1614343822002411,
                    -0.6507627367973328
                ],
                [
                    0.0,
                    0.7738386988639832,
                    -0.6333826780319214,
                    -2.5532469749450684
                ],
                [
                    0.0,
                    0.0,
                    0.0,
                    1.0
                ]
            ]
        },
        {
            "file_path": "/data/shapenet_blender/all_50_random/02958343/78f9e32385dd7db27996cb12b5662363/r_15",
            "rotation": 0.12566370614359174,
            "transform_matrix": [
                [
                    -0.5779794454574585,
                    0.5663928985595703,
                    -0.5874851942062378,
                    -2.3682286739349365
                ],
                [
                    -0.8160514235496521,
                    -0.4011554419994354,
                    0.4160943329334259,
                    1.6773298978805542
                ],
                [
                    0.0,
                    0.719912052154541,
                    0.694065272808075,
                    2.7978665828704834
                ],
                [
                    0.0,
                    0.0,
                    0.0,
                    1.0
                ]
            ]
        },
        {
            "file_path": "/data/shapenet_blender/all_50_random/02958343/78f9e32385dd7db27996cb12b5662363/r_16",
            "rotation": 0.12566370614359174,
            "transform_matrix": [
                [
                    -0.7098978757858276,
                    0.3667094111442566,
                    0.6013060212135315,
                    2.4239423274993896
                ],
                [
                    0.7043044567108154,
                    0.36962175369262695,
                    0.606081485748291,
                    2.443192958831787
                ],
                [
                    0.0,
                    0.8537586331367493,
                    -0.5206688046455383,
                    -2.0988833904266357
                ],
                [
                    0.0,
                    0.0,
                    0.0,
                    1.0
                ]
            ]
        },
        {
            "file_path": "/data/shapenet_blender/all_50_random/02958343/78f9e32385dd7db27996cb12b5662363/r_17",
            "rotation": 0.12566370614359174,
            "transform_matrix": [
                [
                    0.3742653429508209,
                    0.7248124480247498,
                    0.5784222483634949,
                    2.3316946029663086
                ],
                [
                    0.9273216128349304,
                    -0.2925330102443695,
                    -0.23345020413398743,
                    -0.9410678744316101
                ],
                [
                    -1.4901160305669237e-08,
                    0.623755693435669,
                    -0.7816192507743835,
                    -3.150808095932007
                ],
                [
                    0.0,
                    0.0,
                    0.0,
                    1.0
                ]
            ]
        },
        {
            "file_path": "/data/shapenet_blender/all_50_random/02958343/78f9e32385dd7db27996cb12b5662363/r_18",
            "rotation": 0.12566370614359174,
            "transform_matrix": [
                [
                    0.8055911064147949,
                    -0.4131351709365845,
                    -0.4246673882007599,
                    -1.7118890285491943
                ],
                [
                    -0.5924720168113708,
                    -0.5617446899414062,
                    -0.5774251818656921,
                    -2.3276753425598145
                ],
                [
                    0.0,
                    0.7167720794677734,
                    -0.6973074674606323,
                    -2.810936212539673
                ],
                [
                    0.0,
                    0.0,
                    0.0,
                    1.0
                ]
            ]
        },
        {
            "file_path": "/data/shapenet_blender/all_50_random/02958343/78f9e32385dd7db27996cb12b5662363/r_19",
            "rotation": 0.12566370614359174,
            "transform_matrix": [
                [
                    0.5773341655731201,
                    -0.6187912821769714,
                    -0.532712459564209,
                    -2.147432804107666
                ],
                [
                    -0.8165079951286316,
                    -0.4375331997871399,
                    -0.3766688406467438,
                    -1.51840078830719
                ],
                [
                    0.0,
                    0.6524277329444885,
                    -0.7578508257865906,
                    -3.054994583129883
                ],
                [
                    0.0,
                    0.0,
                    0.0,
                    1.0
                ]
            ]
        },
        {
            "file_path": "/data/shapenet_blender/all_50_random/02958343/78f9e32385dd7db27996cb12b5662363/r_20",
            "rotation": 0.12566370614359174,
            "transform_matrix": [
                [
                    -0.7295259237289429,
                    0.30641940236091614,
                    -0.6114729046821594,
                    -2.464925765991211
                ],
                [
                    -0.6839531064033508,
                    -0.32683655619621277,
                    0.6522162556648254,
                    2.6291675567626953
                ],
                [
                    2.9802317058624794e-08,
                    0.8940274715423584,
                    0.44801226258277893,
                    1.805994987487793
                ],
                [
                    0.0,
                    0.0,
                    0.0,
                    1.0
                ]
            ]
        },
        {
            "file_path": "/data/shapenet_blender/all_50_random/02958343/78f9e32385dd7db27996cb12b5662363/r_21",
            "rotation": 0.12566370614359174,
            "transform_matrix": [
                [
                    -0.017049800604581833,
                    -0.4908519387245178,
                    0.8710761070251465,
                    3.511420249938965
                ],
                [
                    0.9998546838760376,
                    -0.008370145224034786,
                    0.014853834174573421,
                    0.05987772345542908
                ],
                [
                    0.0,
                    0.8712027668952942,
                    0.49092328548431396,
                    1.9789751768112183
                ],
                [
                    0.0,
                    0.0,
                    0.0,
                    1.0
                ]
            ]
        },
        {
            "file_path": "/data/shapenet_blender/all_50_random/02958343/78f9e32385dd7db27996cb12b5662363/r_22",
            "rotation": 0.12566370614359174,
            "transform_matrix": [
                [
                    -0.41310733556747437,
                    -0.4538784921169281,
                    0.7895167469978333,
                    3.1826438903808594
                ],
                [
                    0.9106823801994324,
                    -0.20589013397693634,
                    0.35814368724823,
                    1.443723440170288
                ],
                [
                    0.0,
                    0.8669506311416626,
                    0.49839386343955994,
                    2.009089946746826
                ],
                [
                    0.0,
                    0.0,
                    0.0,
                    1.0
                ]
            ]
        },
        {
            "file_path": "/data/shapenet_blender/all_50_random/02958343/78f9e32385dd7db27996cb12b5662363/r_23",
            "rotation": 0.12566370614359174,
            "transform_matrix": [
                [
                    0.6546308398246765,
                    -0.013729587197303772,
                    0.7558240294456482,
                    3.0468242168426514
                ],
                [
                    0.7559486627578735,
                    0.011889445595443249,
                    -0.6545228958129883,
                    -2.6384661197662354
                ],
                [
                    0.0,
                    0.9998350739479065,
                    0.018162062391638756,
                    0.0732136145234108
                ],
                [
                    0.0,
                    0.0,
                    0.0,
                    1.0
                ]
            ]
        },
        {
            "file_path": "/data/shapenet_blender/all_50_random/02958343/78f9e32385dd7db27996cb12b5662363/r_24",
            "rotation": 0.12566370614359174,
            "transform_matrix": [
                [
                    0.6788807511329651,
                    0.06445883959531784,
                    0.7314136028289795,
                    2.94842267036438
                ],
                [
                    0.7342485189437866,
                    -0.0595981627702713,
                    -0.6762596368789673,
                    -2.7260899543762207
                ],
                [
                    -3.725290298461914e-09,
                    0.9961391091346741,
                    -0.08778884261846542,
                    -0.3538881838321686
                ],
                [
                    0.0,
                    0.0,
                    0.0,
                    1.0
                ]
            ]
        },
        {
            "file_path": "/data/shapenet_blender/all_50_random/02958343/78f9e32385dd7db27996cb12b5662363/r_25",
            "rotation": 0.12566370614359174,
            "transform_matrix": [
                [
                    0.5215163826942444,
                    -0.15691545605659485,
                    0.8386882543563843,
                    3.3808608055114746
                ],
                [
                    0.8532412052154541,
                    0.09590956568717957,
                    -0.5126214027404785,
                    -2.0664432048797607
                ],
                [
                    0.0,
                    0.9829440116882324,
                    0.18390513956546783,
                    0.7413454055786133
                ],
                [
                    0.0,
                    0.0,
                    0.0,
                    1.0
                ]
            ]
        },
        {
            "file_path": "/data/shapenet_blender/all_50_random/02958343/78f9e32385dd7db27996cb12b5662363/r_26",
            "rotation": 0.12566370614359174,
            "transform_matrix": [
                [
                    -0.9974892735481262,
                    -0.029552407562732697,
                    0.06435699760913849,
                    0.2594313621520996
                ],
                [
                    0.07081785053014755,
                    -0.4162539839744568,
                    0.9064863324165344,
                    3.654163360595703
                ],
                [
                    3.725290298461914e-09,
                    0.9087679982185364,
                    0.4173016846179962,
                    1.682196855545044
                ],
                [
                    0.0,
                    0.0,
                    0.0,
                    1.0
                ]
            ]
        },
        {
            "file_path": "/data/shapenet_blender/all_50_random/02958343/78f9e32385dd7db27996cb12b5662363/r_27",
            "rotation": 0.12566370614359174,
            "transform_matrix": [
                [
                    -0.4290684461593628,
                    -0.1591707020998001,
                    -0.8891370892524719,
                    -3.584226608276367
                ],
                [
                    -0.9032719731330872,
                    0.07560860365629196,
                    0.42235416173934937,
                    1.7025642395019531
                ],
                [
                    7.450580596923828e-09,
                    0.9843515157699585,
                    -0.17621569335460663,
                    -0.7103482484817505
                ],
                [
                    0.0,
                    0.0,
                    0.0,
                    1.0
                ]
            ]
        },
        {
            "file_path": "/data/shapenet_blender/all_50_random/02958343/78f9e32385dd7db27996cb12b5662363/r_28",
            "rotation": 0.12566370614359174,
            "transform_matrix": [
                [
                    -0.9531964063644409,
                    -0.07948730140924454,
                    -0.29171642661094666,
                    -1.1759464740753174
                ],
                [
                    -0.3023519814014435,
                    0.25059208273887634,
                    0.9196667075157166,
                    3.7072951793670654
                ],
                [
                    0.0,
                    0.9648240208625793,
                    -0.2628965973854065,
                    -1.059770107269287
                ],
                [
                    0.0,
                    0.0,
                    0.0,
                    1.0
                ]
            ]
        },
        {
            "file_path": "/data/shapenet_blender/all_50_random/02958343/78f9e32385dd7db27996cb12b5662363/r_29",
            "rotation": 0.12566370614359174,
            "transform_matrix": [
                [
                    -0.664774477481842,
                    0.1404666155576706,
                    0.7337192893028259,
                    2.957717180252075
                ],
                [
                    0.7470441460609436,
                    0.12499745935201645,
                    0.6529170274734497,
                    2.631992816925049
                ],
                [
                    0.0,
                    0.9821633100509644,
                    -0.18802987039089203,
                    -0.7579726576805115
                ],
                [
                    0.0,
                    0.0,
                    0.0,
                    1.0
                ]
            ]
        },
        {
            "file_path": "/data/shapenet_blender/all_50_random/02958343/78f9e32385dd7db27996cb12b5662363/r_30",
            "rotation": 0.12566370614359174,
            "transform_matrix": [
                [
                    -0.05167476087808609,
                    0.5937029123306274,
                    -0.8030233383178711,
                    -3.237090587615967
                ],
                [
                    -0.9986639618873596,
                    -0.030720502138137817,
                    0.04155155271291733,
                    0.16749966144561768
                ],
                [
                    -1.862645149230957e-09,
                    0.8040975332260132,
                    0.5944972634315491,
                    2.3964951038360596
                ],
                [
                    0.0,
                    0.0,
                    0.0,
                    1.0
                ]
            ]
        },
        {
            "file_path": "/data/shapenet_blender/all_50_random/02958343/78f9e32385dd7db27996cb12b5662363/r_31",
            "rotation": 0.12566370614359174,
            "transform_matrix": [
                [
                    -0.13186758756637573,
                    0.7946497201919556,
                    -0.5925728678703308,
                    -2.388737916946411
                ],
                [
                    -0.9912674427032471,
                    -0.1057116687297821,
                    0.07882952690124512,
                    0.3177720308303833
                ],
                [
                    0.0,
                    0.5977930426597595,
                    0.8016502261161804,
                    3.231555700302124
                ],
                [
                    0.0,
                    0.0,
                    0.0,
                    1.0
                ]
            ]
        },
        {
            "file_path": "/data/shapenet_blender/all_50_random/02958343/78f9e32385dd7db27996cb12b5662363/r_32",
            "rotation": 0.12566370614359174,
            "transform_matrix": [
                [
                    0.2581075131893158,
                    -0.26117143034935,
                    -0.930145263671875,
                    -3.749535083770752
                ],
                [
                    -0.966116189956665,
                    -0.06977453082799911,
                    -0.24849751591682434,
                    -1.001725435256958
                ],
                [
                    0.0,
                    0.9627674221992493,
                    -0.2703312933444977,
                    -1.0897401571273804
                ],
                [
                    0.0,
                    0.0,
                    0.0,
                    1.0
                ]
            ]
        },
        {
            "file_path": "/data/shapenet_blender/all_50_random/02958343/78f9e32385dd7db27996cb12b5662363/r_33",
            "rotation": 0.12566370614359174,
            "transform_matrix": [
                [
                    0.779062032699585,
                    -0.5664063692092896,
                    0.2687864601612091,
                    1.0835129022598267
                ],
                [
                    0.6269469261169434,
                    0.7038326859474182,
                    -0.33400169014930725,
                    -1.3464038372039795
                ],
                [
                    -1.4901161193847656e-08,
                    0.4287227690219879,
                    0.9034360647201538,
                    3.641867160797119
                ],
                [
                    0.0,
                    0.0,
                    0.0,
                    1.0
                ]
            ]
        },
        {
            "file_path": "/data/shapenet_blender/all_50_random/02958343/78f9e32385dd7db27996cb12b5662363/r_34",
            "rotation": 0.12566370614359174,
            "transform_matrix": [
                [
                    -0.6446216106414795,
                    0.04591494798660278,
                    -0.7631217241287231,
                    -3.076241970062256
                ],
                [
                    -0.7645018100738525,
                    -0.03871510550379753,
                    0.6434579491615295,
                    2.5938620567321777
                ],
                [
                    0.0,
                    0.9981948733329773,
                    0.06005864962935448,
                    0.2421041578054428
                ],
                [
                    0.0,
                    0.0,
                    0.0,
                    1.0
                ]
            ]
        },
        {
            "file_path": "/data/shapenet_blender/all_50_random/02958343/78f9e32385dd7db27996cb12b5662363/r_35",
            "rotation": 0.12566370614359174,
            "transform_matrix": [
                [
                    0.32214608788490295,
                    0.011548422276973724,
                    -0.94661945104599,
                    -3.8159453868865967
                ],
                [
                    -0.9466899633407593,
                    0.003929775208234787,
                    -0.32212206721305847,
                    -1.2985156774520874
                ],
                [
                    -2.3283061589829401e-10,
                    0.9999256730079651,
                    0.01219873409718275,
                    0.04917467385530472
                ],
                [
                    0.0,
                    0.0,
                    0.0,
                    1.0
                ]
            ]
        },
        {
            "file_path": "/data/shapenet_blender/all_50_random/02958343/78f9e32385dd7db27996cb12b5662363/r_36",
            "rotation": 0.12566370614359174,
            "transform_matrix": [
                [
                    -0.27784332633018494,
                    -0.837536096572876,
                    -0.47046399116516113,
                    -1.8965011835098267
                ],
                [
                    -0.9606264233589172,
                    0.2422417551279068,
                    0.13607296347618103,
                    0.548527717590332
                ],
                [
                    0.0,
                    0.48974713683128357,
                    -0.8718644380569458,
                    -3.5145981311798096
                ],
                [
                    0.0,
                    0.0,
                    0.0,
                    1.0
                ]
            ]
        },
        {
            "file_path": "/data/shapenet_blender/all_50_random/02958343/78f9e32385dd7db27996cb12b5662363/r_37",
            "rotation": 0.12566370614359174,
            "transform_matrix": [
                [
                    0.9167839884757996,
                    0.08740325272083282,
                    -0.3897022008895874,
                    -1.5709396600723267
                ],
                [
                    -0.39938339591026306,
                    0.20063403248786926,
                    -0.8945607542991638,
                    -3.6060893535614014
                ],
                [
                    7.4505797087454084e-09,
                    0.9757595062255859,
                    0.21884550154209137,
                    0.8821943402290344
                ],
                [
                    0.0,
                    0.0,
                    0.0,
                    1.0
                ]
            ]
        },
        {
            "file_path": "/data/shapenet_blender/all_50_random/02958343/78f9e32385dd7db27996cb12b5662363/r_38",
            "rotation": 0.12566370614359174,
            "transform_matrix": [
                [
                    0.014869065023958683,
                    -0.18353532254695892,
                    -0.9829005599021912,
                    -3.9621992111206055
                ],
                [
                    -0.9998894333839417,
                    -0.002729300409555435,
                    -0.014616427943110466,
                    -0.058920711278915405
                ],
                [
                    -2.3283062977608182e-10,
                    0.9830093383789062,
                    -0.18355560302734375,
                    -0.739936351776123
                ],
                [
                    0.0,
                    0.0,
                    0.0,
                    1.0
                ]
            ]
        },
        {
            "file_path": "/data/shapenet_blender/all_50_random/02958343/78f9e32385dd7db27996cb12b5662363/r_39",
            "rotation": 0.12566370614359174,
            "transform_matrix": [
                [
                    -0.7937215566635132,
                    -0.14890064299106598,
                    -0.589775025844574,
                    -2.3774595260620117
                ],
                [
                    -0.6082812547683716,
                    0.19429440796375275,
                    0.7695735096931458,
                    3.102250337600708
                ],
                [
                    0.0,
                    0.9695762395858765,
                    -0.24478913843631744,
                    -0.9867766499519348
                ],
                [
                    0.0,
                    0.0,
                    0.0,
                    1.0
                ]
            ]
        },
        {
            "file_path": "/data/shapenet_blender/all_50_random/02958343/78f9e32385dd7db27996cb12b5662363/r_40",
            "rotation": 0.12566370614359174,
            "transform_matrix": [
                [
                    0.9994097352027893,
                    -0.0006712437025271356,
                    0.034347422420978546,
                    0.13845890760421753
                ],
                [
                    0.03435398265719414,
                    0.019527502357959747,
                    -0.9992188811302185,
                    -4.027980327606201
                ],
                [
                    0.0,
                    0.9998091459274292,
                    0.019539032131433487,
                    0.07876436412334442
                ],
                [
                    0.0,
                    0.0,
                    0.0,
                    1.0
                ]
            ]
        },
        {
            "file_path": "/data/shapenet_blender/all_50_random/02958343/78f9e32385dd7db27996cb12b5662363/r_41",
            "rotation": 0.12566370614359174,
            "transform_matrix": [
                [
                    -0.7961916923522949,
                    -0.3090085983276367,
                    -0.5201850533485413,
                    -2.096933126449585
                ],
                [
                    -0.6050444841384888,
                    0.4066314101219177,
                    0.6845232844352722,
                    2.759401559829712
                ],
                [
                    -1.4901161193847656e-08,
                    0.8597467541694641,
