{
    "class": "02958343",
    "model": "e61dadc02535e6e44b6e62b17dc78f70",
    "remove_doubles": true,
    "edge_split": true,
    "denoise": true,
    "camera_angle_x": 0.6911112070083618,
    "scale_factor": 2.3654082148271134,
    "hdri_file": "/data/IndoorHDRDataset2018/AG8A8710-4a14a72a31.exr",
    "center_offset": [
        0.0,
        -2.3283064365386963e-09,
        0.0
    ],
    "lights": [],
    "frames": [
        {
            "file_path": "/data/shapenet_blender/all_50_random/02958343/e61dadc02535e6e44b6e62b17dc78f70/r_0",
            "rotation": 0.12566370614359174,
            "transform_matrix": [
                [
                    -0.5822670459747314,
                    -0.6461920142173767,
                    -0.49335676431655884,
                    -1.9887850284576416
                ],
                [
                    -0.812997579574585,
                    0.4628012478351593,
                    0.3533409833908081,
                    1.424363136291504
                ],
                [
                    1.4901161193847656e-08,
                    0.60683673620224,
                    -0.794826328754425,
                    -3.204047918319702
                ],
                [
                    0.0,
                    0.0,
                    0.0,
                    1.0
                ]
            ]
        },
        {
            "file_path": "/data/shapenet_blender/all_50_random/02958343/e61dadc02535e6e44b6e62b17dc78f70/r_1",
            "rotation": 0.12566370614359174,
            "transform_matrix": [
                [
                    0.999910295009613,
                    -0.005892511457204819,
                    -0.012021010741591454,
                    -0.048458248376846313
                ],
                [
                    -0.013387545011937618,
                    -0.4401092827320099,
                    -0.8978443741798401,
                    -3.619326591491699
                ],
                [
                    -4.6566123179658803e-10,
                    0.8979249596595764,
                    -0.44014862179756165,
                    -1.7742959260940552
                ],
                [
                    0.0,
                    0.0,
                    0.0,
                    1.0
                ]
            ]
        },
        {
            "file_path": "/data/shapenet_blender/all_50_random/02958343/e61dadc02535e6e44b6e62b17dc78f70/r_2",
            "rotation": 0.12566370614359174,
            "transform_matrix": [
                [
                    0.880520224571228,
                    0.19255901873111725,
                    -0.4331342875957489,
                    -1.7460201978683472
                ],
                [
                    -0.47400879859924316,
                    0.3576982319355011,
                    -0.8045915961265564,
                    -3.243412494659424
                ],
                [
                    0.0,
                    0.9137685894966125,
                    0.4062351584434509,
                    1.6375863552093506
                ],
                [
                    0.0,
                    0.0,
                    0.0,
                    1.0
                ]
            ]
        },
        {
            "file_path": "/data/shapenet_blender/all_50_random/02958343/e61dadc02535e6e44b6e62b17dc78f70/r_3",
            "rotation": 0.12566370614359174,
            "transform_matrix": [
                [
                    0.3556913733482361,
                    0.12957264482975006,
                    -0.9255779981613159,
                    -3.73112416267395
                ],
                [
                    -0.9346035122871399,
                    0.04931275546550751,
                    -0.3522564470767975,
                    -1.419991135597229
                ],
                [
                    0.0,
                    0.990342915058136,
                    0.1386391818523407,
                    0.558872401714325
                ],
                [
                    0.0,
                    0.0,
                    0.0,
                    1.0
                ]
            ]
        },
        {
            "file_path": "/data/shapenet_blender/all_50_random/02958343/e61dadc02535e6e44b6e62b17dc78f70/r_4",
            "rotation": 0.12566370614359174,
            "transform_matrix": [
                [
                    -0.9970003366470337,
                    0.03787264972925186,
                    -0.06749894469976425,
                    -0.27209699153900146
                ],
                [
                    -0.07739797979593277,
                    -0.4878557026386261,
                    0.8694861531257629,
                    3.5050110816955566
                ],
                [
                    -3.725290742551124e-09,
                    0.8721022605895996,
                    0.48932352662086487,
                    1.9725263118743896
                ],
                [
                    0.0,
                    0.0,
                    0.0,
                    1.0
                ]
            ]
        },
        {
            "file_path": "/data/shapenet_blender/all_50_random/02958343/e61dadc02535e6e44b6e62b17dc78f70/r_5",
            "rotation": 0.12566370614359174,
            "transform_matrix": [
                [
                    0.5401052832603455,
                    0.3508375287055969,
                    -0.7649831175804138,
                    -3.0837457180023193
                ],
                [
                    -0.8415973782539368,
                    0.22515422105789185,
                    -0.490937203168869,
                    -1.9790313243865967
                ],
                [
                    -1.4901160305669237e-08,
                    0.9089656472206116,
                    0.41687092185020447,
                    1.6804605722427368
                ],
                [
                    0.0,
                    0.0,
                    0.0,
                    1.0
                ]
            ]
        },
        {
            "file_path": "/data/shapenet_blender/all_50_random/02958343/e61dadc02535e6e44b6e62b17dc78f70/r_6",
            "rotation": 0.12566370614359174,
            "transform_matrix": [
                [
                    0.6956349611282349,
                    -0.07595010846853256,
                    0.7143693566322327,
                    2.8797149658203125
                ],
                [
                    0.7183954119682312,
                    0.07354382425546646,
                    -0.6917364597320557,
                    -2.7884788513183594
                ],
                [
                    3.725290298461914e-09,
                    0.9943956732749939,
                    0.10572187602519989,
                    0.426178514957428
                ],
                [
                    0.0,
                    0.0,
                    0.0,
                    1.0
                ]
            ]
        },
        {
            "file_path": "/data/shapenet_blender/all_50_random/02958343/e61dadc02535e6e44b6e62b17dc78f70/r_7",
            "rotation": 0.12566370614359174,
            "transform_matrix": [
                [
                    -0.14982186257839203,
                    -0.059150490909814835,
                    0.9869419932365417,
                    3.9784905910491943
                ],
                [
                    0.9887130260467529,
                    -0.008963203988969326,
                    0.14955349266529083,
                    0.60286945104599
                ],
                [
                    -9.31322685637781e-10,
                    0.99820876121521,
                    0.05982574075460434,
                    0.24116529524326324
                ],
                [
                    0.0,
                    0.0,
                    0.0,
                    1.0
                ]
            ]
        },
        {
            "file_path": "/data/shapenet_blender/all_50_random/02958343/e61dadc02535e6e44b6e62b17dc78f70/r_8",
            "rotation": 0.12566370614359174,
            "transform_matrix": [
                [
                    -0.2459757775068283,
                    -0.5134652256965637,
                    -0.8221006393432617,
                    -3.313993215560913
                ],
                [
                    -0.969275951385498,
                    0.13030345737934113,
                    0.20862670242786407,
                    0.841001033782959
                ],
                [
                    0.0,
                    0.8481593728065491,
                    -0.5297410488128662,
                    -2.1354541778564453
                ],
                [
                    0.0,
                    0.0,
                    0.0,
                    1.0
                ]
            ]
        },
        {
            "file_path": "/data/shapenet_blender/all_50_random/02958343/e61dadc02535e6e44b6e62b17dc78f70/r_9",
            "rotation": 0.12566370614359174,
            "transform_matrix": [
                [
                    -0.8014379739761353,
                    0.18741640448570251,
                    -0.5679545402526855,
                    -2.2894976139068604
                ],
                [
                    -0.5980779528617859,
                    -0.2511422336101532,
                    0.7610719203948975,
                    3.067978620529175
                ],
                [
                    -1.4901161193847656e-08,
                    0.9496328830718994,
                    0.31336459517478943,
                    1.2632129192352295
                ],
                [
                    0.0,
                    0.0,
                    0.0,
                    1.0
                ]
            ]
        },
        {
            "file_path": "/data/shapenet_blender/all_50_random/02958343/e61dadc02535e6e44b6e62b17dc78f70/r_10",
            "rotation": 0.12566370614359174,
            "transform_matrix": [
                [
                    -0.9922000765800476,
                    0.03372065722942352,
                    0.1200084239244461,
                    0.48376941680908203
                ],
                [
                    0.12465595453977585,
                    0.26839980483055115,
                    0.9552080631256104,
                    3.850566864013672
                ],
                [
                    3.725290742551124e-09,
                    0.9627171754837036,
                    -0.2705098092556,
                    -1.090459942817688
                ],
                [
                    0.0,
                    0.0,
                    0.0,
                    1.0
                ]
            ]
        },
        {
            "file_path": "/data/shapenet_blender/all_50_random/02958343/e61dadc02535e6e44b6e62b17dc78f70/r_11",
            "rotation": 0.12566370614359174,
            "transform_matrix": [
                [
                    0.7174658179283142,
                    0.2742782533168793,
                    0.6403235197067261,
                    2.5812265872955322
                ],
                [
                    0.696593701839447,
                    -0.28249651193618774,
                    -0.6595095992088318,
                    -2.6585681438446045
                ],
                [
                    1.4901161193847656e-08,
                    0.9192208647727966,
                    -0.3937421441078186,
                    -1.587225317955017
                ],
                [
                    0.0,
                    0.0,
                    0.0,
                    1.0
                ]
            ]
        },
        {
            "file_path": "/data/shapenet_blender/all_50_random/02958343/e61dadc02535e6e44b6e62b17dc78f70/r_12",
            "rotation": 0.12566370614359174,
            "transform_matrix": [
                [
                    0.9999427199363708,
                    0.0028644020203500986,
                    -0.010309580713510513,
                    -0.04155924916267395
                ],
                [
                    -0.010700104758143425,
                    0.26768314838409424,
                    -0.9634475708007812,
                    -3.8837814331054688
                ],
                [
                    0.0,
                    0.9635027050971985,
                    0.2676984965801239,
                    1.0791271924972534
                ],
                [
                    0.0,
                    0.0,
                    0.0,
                    1.0
                ]
            ]
        },
        {
            "file_path": "/data/shapenet_blender/all_50_random/02958343/e61dadc02535e6e44b6e62b17dc78f70/r_13",
            "rotation": 0.12566370614359174,
            "transform_matrix": [
                [
                    0.9011512994766235,
                    -0.25492098927497864,
                    -0.3506300151348114,
                    -1.4134347438812256
                ],
                [
                    -0.4335044324398041,
                    -0.5299193859100342,
                    -0.7288753390312195,
                    -2.938190460205078
                ],
                [
                    -2.9802317058624794e-08,
                    0.8088268041610718,
                    -0.5880469083786011,
                    -2.370492935180664
                ],
                [
                    0.0,
                    0.0,
                    0.0,
                    1.0
                ]
            ]
        },
        {
            "file_path": "/data/shapenet_blender/all_50_random/02958343/e61dadc02535e6e44b6e62b17dc78f70/r_14",
            "rotation": 0.12566370614359174,
            "transform_matrix": [
                [
                    0.2726147174835205,
                    -0.2317054718732834,
                    0.9338060021400452,
                    3.7642927169799805
                ],
                [
                    0.9621233344078064,
                    0.06565304845571518,
                    -0.2645910978317261,
                    -1.0666009187698364
                ],
                [
                    -3.725290298461914e-09,
                    0.970568060874939,
                    0.24082718789577484,
                    0.9708055257797241
                ],
                [
                    0.0,
                    0.0,
                    0.0,
                    1.0
                ]
            ]
        },
        {
            "file_path": "/data/shapenet_blender/all_50_random/02958343/e61dadc02535e6e44b6e62b17dc78f70/r_15",
            "rotation": 0.12566370614359174,
            "transform_matrix": [
                [
                    0.8479275703430176,
                    0.49697718024253845,
                    -0.18447883427143097,
                    -0.7436579465866089
                ],
                [
                    -0.530112087726593,
                    0.7949275374412537,
                    -0.2950785458087921,
                    -1.1894996166229248
                ],
                [
                    0.0,
                    0.34799978137016296,
                    0.937494695186615,
                    3.7791619300842285
                ],
                [
                    0.0,
                    0.0,
                    0.0,
                    1.0
                ]
            ]
        },
        {
            "file_path": "/data/shapenet_blender/all_50_random/02958343/e61dadc02535e6e44b6e62b17dc78f70/r_16",
            "rotation": 0.12566370614359174,
            "transform_matrix": [
                [
                    0.9992378950119019,
                    0.0012596441665664315,
                    0.03901324421167374,
                    0.15726742148399353
                ],
                [
                    0.03903357312083244,
                    -0.032246194779872894,
                    -0.9987174868583679,
                    -4.025959014892578
                ],
                [
                    0.0,
                    0.9994790554046631,
                    -0.03227079287171364,
                    -0.1300877332687378
                ],
                [
                    0.0,
                    0.0,
                    0.0,
                    1.0
                ]
            ]
        },
        {
            "file_path": "/data/shapenet_blender/all_50_random/02958343/e61dadc02535e6e44b6e62b17dc78f70/r_17",
            "rotation": 0.12566370614359174,
            "transform_matrix": [
                [
                    -0.9222147464752197,
                    -0.19562314450740814,
                    -0.3335436284542084,
                    -1.344557285308838
                ],
                [
                    -0.3866778314113617,
                    0.46655523777008057,
                    0.7954913377761841,
                    3.206727981567383
                ],
                [
                    1.4901158529312397e-08,
                    0.8625879287719727,
                    -0.5059072375297546,
                    -2.039377212524414
                ],
                [
                    0.0,
                    0.0,
                    0.0,
                    1.0
                ]
            ]
        },
        {
            "file_path": "/data/shapenet_blender/all_50_random/02958343/e61dadc02535e6e44b6e62b17dc78f70/r_18",
            "rotation": 0.12566370614359174,
            "transform_matrix": [
                [
                    6.838766239525285e-06,
                    0.12302494049072266,
                    -0.9924036264419556,
                    -4.00050687789917
                ],
                [
                    -1.0,
                    8.413387604377931e-07,
                    -6.786816356907366e-06,
                    -2.7358531951904297e-05
                ],
                [
                    -5.684341886080802e-14,
                    0.9924035668373108,
                    0.12302494794130325,
                    0.49592941999435425
                ],
                [
                    0.0,
                    0.0,
                    0.0,
                    1.0
                ]
            ]
        },
        {
            "file_path": "/data/shapenet_blender/all_50_random/02958343/e61dadc02535e6e44b6e62b17dc78f70/r_19",
            "rotation": 0.12566370614359174,
            "transform_matrix": [
                [
                    -0.9375510215759277,
                    0.01380852609872818,
                    0.34757378697395325,
                    1.4011147022247314
                ],
                [
                    0.34784799814224243,
                    0.03721797093749046,
                    0.9368119239807129,
                    3.77640962600708
                ],
                [
                    9.31322685637781e-10,
                    0.9992117285728455,
                    -0.039697013795375824,
                    -0.1600237786769867
                ],
                [
                    0.0,
                    0.0,
                    0.0,
                    1.0
                ]
            ]
        },
        {
            "file_path": "/data/shapenet_blender/all_50_random/02958343/e61dadc02535e6e44b6e62b17dc78f70/r_20",
            "rotation": 0.12566370614359174,
            "transform_matrix": [
                [
                    -0.9986668229103088,
                    0.009582198224961758,
                    -0.05072357878088951,
                    -0.20447328686714172
                ],
                [
                    -0.051620736718177795,
                    -0.18537944555282593,
                    0.9813101887702942,
                    3.9557878971099854
                ],
                [
                    0.0,
                    0.982620120048523,
                    0.18562693893909454,
                    0.7482861280441284
                ],
                [
                    0.0,
                    0.0,
                    0.0,
                    1.0
                ]
            ]
        },
        {
            "file_path": "/data/shapenet_blender/all_50_random/02958343/e61dadc02535e6e44b6e62b17dc78f70/r_21",
            "rotation": 0.12566370614359174,
            "transform_matrix": [
                [
                    -0.07661141455173492,
                    0.7534395456314087,
                    0.6530386209487915,
                    2.6324827671051025
                ],
                [
                    0.997061014175415,
                    0.057892218232154846,
                    0.0501776859164238,
                    0.2022727131843567
                ],
                [
                    0.0,
                    0.6549634337425232,
                    -0.7556604146957397,
                    -3.0461645126342773
                ],
                [
                    0.0,
                    0.0,
                    0.0,
                    1.0
                ]
            ]
        },
        {
            "file_path": "/data/shapenet_blender/all_50_random/02958343/e61dadc02535e6e44b6e62b17dc78f70/r_22",
            "rotation": 0.12566370614359174,
            "transform_matrix": [
                [
                    -0.9385333061218262,
                    0.2168298363685608,
                    0.2685892581939697,
                    1.0827178955078125
                ],
                [
                    0.3451889157295227,
                    0.5895380973815918,
                    0.7302666902542114,
                    2.9437992572784424
                ],
                [
                    1.4901162970204496e-08,
                    0.7780936360359192,
                    -0.6281483173370361,
                    -2.53214693069458
                ],
                [
                    0.0,
                    0.0,
                    0.0,
                    1.0
                ]
            ]
        },
        {
            "file_path": "/data/shapenet_blender/all_50_random/02958343/e61dadc02535e6e44b6e62b17dc78f70/r_23",
            "rotation": 0.12566370614359174,
            "transform_matrix": [
                [
                    0.7290069460868835,
                    -0.45829105377197266,
                    -0.508446991443634,
                    -2.0496151447296143
                ],
                [
                    -0.684506356716156,
                    -0.4880850613117218,
                    -0.5415017008781433,
                    -2.1828629970550537
                ],
                [
                    0.0,
                    0.7427935600280762,
                    -0.6695204973220825,
                    -2.698923110961914
                ],
                [
                    0.0,
                    0.0,
                    0.0,
                    1.0
                ]
            ]
        },
        {
            "file_path": "/data/shapenet_blender/all_50_random/02958343/e61dadc02535e6e44b6e62b17dc78f70/r_24",
            "rotation": 0.12566370614359174,
            "transform_matrix": [
                [
                    0.0314699187874794,
                    -0.04086071997880936,
                    0.9986691474914551,
                    4.025763988494873
                ],
                [
                    0.999504804611206,
                    0.0012865206226706505,
                    -0.031443607062101364,
                    -0.12675324082374573
                ],
                [
                    -1.1641533570472262e-10,
                    0.9991639256477356,
                    0.040880974382162094,
                    0.16479647159576416
                ],
                [
                    0.0,
                    0.0,
                    0.0,
                    1.0
                ]
            ]
        },
        {
            "file_path": "/data/shapenet_blender/all_50_random/02958343/e61dadc02535e6e44b6e62b17dc78f70/r_25",
            "rotation": 0.12566370614359174,
            "transform_matrix": [
                [
                    0.9997725486755371,
                    0.017935244366526604,
                    -0.01154833659529686,
                    -0.046552836894989014
                ],
                [
                    -0.021331598982214928,
                    0.8405916094779968,
                    -0.5412490963935852,
                    -2.181845188140869
                ],
                [
                    0.0,
                    0.5413723587989807,
                    0.840782880783081,
                    3.3893043994903564
                ],
                [
                    0.0,
                    0.0,
                    0.0,
                    1.0
                ]
            ]
        },
        {
            "file_path": "/data/shapenet_blender/all_50_random/02958343/e61dadc02535e6e44b6e62b17dc78f70/r_26",
            "rotation": 0.12566370614359174,
            "transform_matrix": [
                [
                    0.8897848725318909,
                    -0.21605081856250763,
                    0.40200117230415344,
                    1.620518684387207
                ],
                [
                    0.4563802480697632,
                    0.4212249517440796,
                    -0.7837643027305603,
                    -3.1594552993774414
                ],
                [
                    0.0,
                    0.8808470368385315,
                    0.47340089082717896,
                    1.9083400964736938
                ],
                [
                    0.0,
                    0.0,
                    0.0,
                    1.0
                ]
            ]
        },
        {
            "file_path": "/data/shapenet_blender/all_50_random/02958343/e61dadc02535e6e44b6e62b17dc78f70/r_27",
            "rotation": 0.12566370614359174,
            "transform_matrix": [
                [
                    -0.484253466129303,
                    0.6647011041641235,
                    -0.568920910358429,
                    -2.293393850326538
                ],
                [
                    -0.874927818775177,
                    -0.3678975999355316,
                    0.31488534808158875,
                    1.269343614578247
                ],
                [
                    0.0,
                    0.6502490639686584,
                    0.759721040725708,
                    3.0625336170196533
                ],
                [
                    0.0,
                    0.0,
                    0.0,
                    1.0
                ]
            ]
        },
        {
            "file_path": "/data/shapenet_blender/all_50_random/02958343/e61dadc02535e6e44b6e62b17dc78f70/r_28",
            "rotation": 0.12566370614359174,
            "transform_matrix": [
                [
                    -0.8346934914588928,
                    -0.06579147279262543,
                    0.5467707514762878,
                    2.204103469848633
                ],
                [
                    0.5507147908210754,
                    -0.0997171625494957,
                    0.8287156820297241,
                    3.3406598567962646
                ],
                [
                    3.725290298461914e-09,
                    0.9928383827209473,
                    0.11946559697389603,
                    0.4815812110900879
                ],
                [
                    0.0,
                    0.0,
                    0.0,
                    1.0
                ]
            ]
        },
        {
            "file_path": "/data/shapenet_blender/all_50_random/02958343/e61dadc02535e6e44b6e62b17dc78f70/r_29",
            "rotation": 0.12566370614359174,
            "transform_matrix": [
                [
                    -0.8755775690078735,
                    -0.26699313521385193,
                    0.40258997678756714,
                    1.622892141342163
                ],
                [
                    0.48307764530181885,
                    -0.48392465710639954,
                    0.7296937108039856,
                    2.9414894580841064
                ],
                [
                    1.4901161193847656e-08,
                    0.8333856463432312,
                    0.5526919364929199,
                    2.2279725074768066
                ],
                [
                    0.0,
                    0.0,
                    0.0,
                    1.0
                ]
            ]
        },
        {
            "file_path": "/data/shapenet_blender/all_50_random/02958343/e61dadc02535e6e44b6e62b17dc78f70/r_30",
            "rotation": 0.12566370614359174,
            "transform_matrix": [
                [
                    -0.6174361109733582,
                    0.19222678244113922,
                    0.762772262096405,
                    3.074833393096924
                ],
                [
                    0.7866210341453552,
                    0.1508830040693283,
                    0.598716676235199,
                    2.413504123687744
                ],
                [
                    7.450580596923828e-09,
                    0.9696820378303528,
                    -0.2443702220916748,
                    -0.9850878715515137
                ],
                [
                    0.0,
                    0.0,
                    0.0,
                    1.0
                ]
            ]
        },
        {
            "file_path": "/data/shapenet_blender/all_50_random/02958343/e61dadc02535e6e44b6e62b17dc78f70/r_31",
            "rotation": 0.12566370614359174,
            "transform_matrix": [
                [
                    0.9372227191925049,
                    0.07816091179847717,
                    0.3398596942424774,
                    1.3700183629989624
                ],
                [
                    0.34873166680336,
                    -0.21005886793136597,
                    -0.9133790731430054,
                    -3.6819491386413574
                ],
                [
                    0.0,
                    0.9745594263076782,
                    -0.2241290807723999,
                    -0.9034932851791382
                ],
                [
                    0.0,
                    0.0,
                    0.0,
                    1.0
                ]
            ]
        },
        {
            "file_path": "/data/shapenet_blender/all_50_random/02958343/e61dadc02535e6e44b6e62b17dc78f70/r_32",
            "rotation": 0.12566370614359174,
            "transform_matrix": [
                [
                    -0.8869352340698242,
                    0.39155009388923645,
                    -0.24501930177211761,
                    -0.9877043962478638
                ],
                [
                    -0.46189385652542114,
                    -0.7518601417541504,
                    0.47048962116241455,
                    1.896604299545288
                ],
                [
                    1.4901161193847656e-08,
                    0.5304666757583618,
                    0.8477057814598083,
                    3.4172112941741943
                ],
                [
                    0.0,
                    0.0,
                    0.0,
                    1.0
                ]
            ]
        },
        {
            "file_path": "/data/shapenet_blender/all_50_random/02958343/e61dadc02535e6e44b6e62b17dc78f70/r_33",
            "rotation": 0.12566370614359174,
            "transform_matrix": [
                [
                    -0.9483141303062439,
                    0.011782052926719189,
                    -0.3171141445636749,
                    -1.2783280611038208
                ],
                [
                    -0.317332923412323,
                    -0.035209350287914276,
                    0.9476602673530579,
                    3.820140838623047
                ],
                [
                    0.0,
                    0.9993104934692383,
                    0.03712835907936096,
                    0.14966920018196106
                ],
                [
                    0.0,
                    0.0,
                    0.0,
                    1.0
                ]
            ]
        },
        {
            "file_path": "/data/shapenet_blender/all_50_random/02958343/e61dadc02535e6e44b6e62b17dc78f70/r_34",
            "rotation": 0.12566370614359174,
            "transform_matrix": [
                [
                    0.29197239875793457,
                    -0.772282063961029,
                    0.5642095804214478,
                    2.2744016647338867
                ],
                [
                    0.956426739692688,
                    0.23575781285762787,
                    -0.17223863303661346,
                    -0.6943161487579346
                ],
                [
                    0.0,
                    0.589914083480835,
                    0.8074660301208496,
                    3.2549996376037598
                ],
                [
                    0.0,
                    0.0,
                    0.0,
                    1.0
                ]
            ]
        },
        {
            "file_path": "/data/shapenet_blender/all_50_random/02958343/e61dadc02535e6e44b6e62b17dc78f70/r_35",
            "rotation": 0.12566370614359174,
            "transform_matrix": [
                [
                    -0.3671155869960785,
                    -0.5499169230461121,
                    -0.7502115964889526,
                    -3.024199962615967
                ],
                [
                    -0.9301753640174866,
                    0.21703766286373138,
                    0.29608863592147827,
                    1.1935715675354004
                ],
                [
                    1.4901161193847656e-08,
                    0.8065271377563477,
                    -0.5911970138549805,
                    -2.3831915855407715
                ],
                [
                    0.0,
                    0.0,
                    0.0,
                    1.0
                ]
            ]
        },
        {
            "file_path": "/data/shapenet_blender/all_50_random/02958343/e61dadc02535e6e44b6e62b17dc78f70/r_36",
            "rotation": 0.12566370614359174,
            "transform_matrix": [
                [
                    0.9520414471626282,
                    -0.29880064725875854,
                    -0.06584279984235764,
                    -0.2654208242893219
                ],
                [
                    -0.30596914887428284,
                    -0.9297362565994263,
                    -0.20487383008003235,
                    -0.8258728384971619
                ],
                [
                    -3.725290298461914e-09,
                    0.21519429981708527,
                    -0.976571261882782,
                    -3.9366846084594727
                ],
                [
                    0.0,
                    0.0,
                    0.0,
                    1.0
                ]
            ]
        },
        {
            "file_path": "/data/shapenet_blender/all_50_random/02958343/e61dadc02535e6e44b6e62b17dc78f70/r_37",
            "rotation": 0.12566370614359174,
            "transform_matrix": [
                [
                    0.41877737641334534,
                    -0.5463854670524597,
                    0.7253194451332092,
                    2.923856496810913
                ],
                [
                    0.9080889821052551,
                    0.2519729733467102,
                    -0.33449074625968933,
                    -1.3483754396438599
                ],
                [
                    -1.4901161193847656e-08,
                    0.7987317442893982,
                    0.6016871333122253,
                    2.42547869682312
                ],
                [
                    0.0,
                    0.0,
                    0.0,
                    1.0
                ]
            ]
        },
        {
            "file_path": "/data/shapenet_blender/all_50_random/02958343/e61dadc02535e6e44b6e62b17dc78f70/r_38",
            "rotation": 0.12566370614359174,
            "transform_matrix": [
                [
                    -0.8326200246810913,
                    0.355032354593277,
                    0.4250833988189697,
                    1.7135659456253052
                ],
                [
                    0.5538445711135864,
                    0.5337364673614502,
                    0.639047384262085,
                    2.576082468032837
                ],
                [
                    -1.4901160305669237e-08,
                    0.7675138711929321,
                    -0.641032338142395,
                    -2.5840840339660645
                ],
                [
                    0.0,
                    0.0,
                    0.0,
                    1.0
                ]
            ]
        },
        {
            "file_path": "/data/shapenet_blender/all_50_random/02958343/e61dadc02535e6e44b6e62b17dc78f70/r_39",
            "rotation": 0.12566370614359174,
            "transform_matrix": [
                [
                    -0.9979044795036316,
                    0.01148701086640358,
                    -0.06367623060941696,
                    -0.25668710470199585
                ],
                [
                    -0.0647040456533432,
                    -0.17715953290462494,
                    0.9820528626441956,
                    3.9587817192077637
                ],
                [
                    0.0,
                    0.9841150641441345,
                    0.17753155529499054,
                    0.715652585029602
                ],
                [
                    0.0,
                    0.0,
                    0.0,
                    1.0
                ]
            ]
        },
        {
            "file_path": "/data/shapenet_blender/all_50_random/02958343/e61dadc02535e6e44b6e62b17dc78f70/r_40",
            "rotation": 0.12566370614359174,
            "transform_matrix": [
                [
                    0.9811130166053772,
                    -0.009641923941671848,
                    0.193195179104805,
                    0.7787947654724121
                ],
                [
                    0.1934356689453125,
                    0.04890420660376549,
                    -0.9798933267593384,
                    -3.9500765800476074
                ],
                [
                    0.0,
                    0.9987568259239197,
                    0.04984564334154129,
                    0.20093423128128052
                ],
                [
                    0.0,
                    0.0,
                    0.0,
                    1.0
                ]
            ]
        },
        {
            "file_path": "/data/shapenet_blender/all_50_random/02958343/e61dadc02535e6e44b6e62b17dc78f70/r_41",
            "rotation": 0.12566370614359174,
            "transform_matrix": [
                [
                    -0.9981431365013123,
                    -0.029536761343479156,
                    0.05327173322439194,
                    0.21474522352218628
                ],
                [
                    0.06091221794486046,
                    -0.4840066432952881,
                    0.8729417324066162,
