{
    "class": "02958343",
    "model": "953531696c554fb275dadc997718614d",
    "remove_doubles": true,
    "edge_split": true,
    "denoise": true,
    "camera_angle_x": 0.6911112070083618,
    "scale_factor": 2.2848968316378073,
    "hdri_file": "/data/IndoorHDRDataset2018/9C4A4031-c547d713dd.exr",
    "center_offset": [
        0.0,
        0.0,
        -9.313225746154785e-10
    ],
    "lights": [],
    "frames": [
        {
            "file_path": "/data/shapenet_blender/all_50_random/02958343/953531696c554fb275dadc997718614d/r_0",
            "rotation": 0.12566370614359174,
            "transform_matrix": [
                [
                    0.661222517490387,
                    0.1796281933784485,
                    0.7283669114112854,
                    2.936141014099121
                ],
                [
                    0.7501897811889648,
                    -0.15832555294036865,
                    -0.6419877409934998,
                    -2.587935447692871
                ],
                [
                    0.0,
                    0.9709102511405945,
                    -0.23944365978240967,
                    -0.965228259563446
                ],
                [
                    0.0,
                    0.0,
                    0.0,
                    1.0
                ]
            ]
        },
        {
            "file_path": "/data/shapenet_blender/all_50_random/02958343/953531696c554fb275dadc997718614d/r_1",
            "rotation": 0.12566370614359174,
            "transform_matrix": [
                [
                    0.7800521850585938,
                    -0.019906016066670418,
                    -0.625397801399231,
                    -2.521059274673462
                ],
                [
                    -0.6257145404815674,
                    -0.0248159971088171,
                    -0.7796573042869568,
                    -3.1428990364074707
                ],
                [
                    0.0,
                    0.9994937777519226,
                    -0.031813256442546844,
                    -0.1282433420419693
                ],
                [
                    0.0,
                    0.0,
                    0.0,
                    1.0
                ]
            ]
        },
        {
            "file_path": "/data/shapenet_blender/all_50_random/02958343/953531696c554fb275dadc997718614d/r_2",
            "rotation": 0.12566370614359174,
            "transform_matrix": [
                [
                    0.08055748790502548,
                    0.06548219919204712,
                    -0.9945966005325317,
                    -4.009347438812256
                ],
                [
                    -0.9967500567436218,
                    0.00529228150844574,
                    -0.08038344234228134,
                    -0.3240360617637634
                ],
                [
                    4.656613428188905e-10,
                    0.9978396892547607,
                    0.06569570302963257,
                    0.2648278772830963
                ],
                [
                    0.0,
                    0.0,
                    0.0,
                    1.0
                ]
            ]
        },
        {
            "file_path": "/data/shapenet_blender/all_50_random/02958343/953531696c554fb275dadc997718614d/r_3",
            "rotation": 0.12566370614359174,
            "transform_matrix": [
                [
                    0.4336435794830322,
                    0.05691764876246452,
                    -0.8992850184440613,
                    -3.625133991241455
                ],
                [
                    -0.9010845422744751,
                    0.027391405776143074,
                    -0.4327775537967682,
                    -1.7445822954177856
                ],
                [
                    0.0,
                    0.9980030655860901,
                    0.06316570937633514,
                    0.25462913513183594
                ],
                [
                    0.0,
                    0.0,
                    0.0,
                    1.0
                ]
            ]
        },
        {
            "file_path": "/data/shapenet_blender/all_50_random/02958343/953531696c554fb275dadc997718614d/r_4",
            "rotation": 0.12566370614359174,
            "transform_matrix": [
                [
                    0.40453964471817017,
                    -0.45775654911994934,
                    0.791711151599884,
                    3.1914899349212646
                ],
                [
                    0.9145205616950989,
                    0.20248933136463165,
                    -0.3502146899700165,
                    -1.411760687828064
                ],
                [
                    0.0,
                    0.8657117486000061,
                    0.5005426406860352,
                    2.017752170562744
                ],
                [
                    0.0,
                    0.0,
                    0.0,
                    1.0
                ]
            ]
        },
        {
            "file_path": "/data/shapenet_blender/all_50_random/02958343/953531696c554fb275dadc997718614d/r_5",
            "rotation": 0.12566370614359174,
            "transform_matrix": [
                [
                    0.12769028544425964,
                    -0.32763195037841797,
                    -0.9361369609832764,
                    -3.773688793182373
                ],
                [
                    -0.9918140769004822,
                    -0.042180705815553665,
                    -0.12052219361066818,
                    -0.48584049940109253
                ],
                [
                    3.725290298461914e-09,
                    0.9438632726669312,
                    -0.3303360641002655,
                    -1.3316272497177124
                ],
                [
                    0.0,
                    0.0,
                    0.0,
                    1.0
                ]
            ]
        },
        {
            "file_path": "/data/shapenet_blender/all_50_random/02958343/953531696c554fb275dadc997718614d/r_6",
            "rotation": 0.12566370614359174,
            "transform_matrix": [
                [
                    -0.19673864543437958,
                    0.843891978263855,
                    0.49913936853408813,
                    2.0120952129364014
                ],
                [
                    0.9804560542106628,
                    0.16933564841747284,
                    0.1001574769616127,
                    0.40374770760536194
                ],
                [
                    0.0,
                    0.5090890526771545,
                    -0.8607138395309448,
                    -3.4696483612060547
                ],
                [
                    0.0,
                    0.0,
                    0.0,
                    1.0
                ]
            ]
        },
        {
            "file_path": "/data/shapenet_blender/all_50_random/02958343/953531696c554fb275dadc997718614d/r_7",
            "rotation": 0.12566370614359174,
            "transform_matrix": [
                [
                    -0.5538947582244873,
                    0.2275421917438507,
                    0.8008901476860046,
                    3.22849178314209
                ],
                [
                    0.8325867652893066,
                    0.15137694776058197,
                    0.5328079462051392,
                    2.147817850112915
                ],
                [
                    -1.4901162970204496e-08,
                    0.9619300961494446,
                    -0.27329549193382263,
                    -1.1016894578933716
                ],
                [
                    0.0,
                    0.0,
                    0.0,
                    1.0
                ]
            ]
        },
        {
            "file_path": "/data/shapenet_blender/all_50_random/02958343/953531696c554fb275dadc997718614d/r_8",
            "rotation": 0.12566370614359174,
            "transform_matrix": [
                [
                    -0.9999987483024597,
                    -6.432779173337622e-06,
                    -0.0015830951742827892,
                    -0.00638166069984436
                ],
                [
                    -0.0015831082127988338,
                    0.004063380416482687,
                    0.9999905228614807,
                    4.03109073638916
                ],
                [
                    -4.547472966763555e-13,
                    0.9999918341636658,
                    -0.004063385538756847,
                    -0.016380030661821365
                ],
                [
                    0.0,
                    0.0,
                    0.0,
                    1.0
                ]
            ]
        },
        {
            "file_path": "/data/shapenet_blender/all_50_random/02958343/953531696c554fb275dadc997718614d/r_9",
            "rotation": 0.12566370614359174,
            "transform_matrix": [
                [
                    -0.9882349967956543,
                    -0.004463013261556625,
                    0.15287816524505615,
                    0.6162716150283813
                ],
                [
                    0.15294329822063446,
                    -0.028837520629167557,
                    0.9878141283988953,
                    3.982006072998047
                ],
                [
                    -4.656612873077393e-10,
                    0.9995741844177246,
                    0.02918083406984806,
                    0.1176317036151886
                ],
                [
                    0.0,
                    0.0,
                    0.0,
                    1.0
                ]
            ]
        },
        {
            "file_path": "/data/shapenet_blender/all_50_random/02958343/953531696c554fb275dadc997718614d/r_10",
            "rotation": 0.12566370614359174,
            "transform_matrix": [
                [
                    0.4841849207878113,
                    0.054660696536302567,
                    -0.8732566237449646,
                    -3.520210027694702
                ],
                [
                    -0.8749657273292542,
                    0.03024791181087494,
                    -0.48323914408683777,
                    -1.9479992389678955
                ],
                [
                    1.862645149230957e-09,
                    0.9980468153953552,
                    0.06247181072831154,
                    0.25183191895484924
                ],
                [
                    0.0,
                    0.0,
                    0.0,
                    1.0
                ]
            ]
        },
        {
            "file_path": "/data/shapenet_blender/all_50_random/02958343/953531696c554fb275dadc997718614d/r_11",
            "rotation": 0.12566370614359174,
            "transform_matrix": [
                [
                    -0.9531708359718323,
                    0.1265031397342682,
                    0.27470383048057556,
                    1.107366681098938
                ],
                [
                    0.30243220925331116,
                    0.3986979126930237,
                    0.86577969789505,
                    3.490070104598999
                ],
                [
                    7.450580152834618e-09,
                    0.9083154797554016,
                    -0.4182858169078827,
                    -1.6861642599105835
                ],
                [
                    0.0,
                    0.0,
                    0.0,
                    1.0
                ]
            ]
        },
        {
            "file_path": "/data/shapenet_blender/all_50_random/02958343/953531696c554fb275dadc997718614d/r_12",
            "rotation": 0.12566370614359174,
            "transform_matrix": [
                [
                    0.9530882835388184,
                    0.17805781960487366,
                    -0.24478194117546082,
                    -0.9867476224899292
                ],
                [
                    -0.30269259214401245,
                    0.5606507062911987,
                    -0.7707449793815613,
                    -3.1069726943969727
                ],
                [
                    0.0,
                    0.8086817264556885,
                    0.5882462859153748,
                    2.3712968826293945
                ],
                [
                    0.0,
                    0.0,
                    0.0,
                    1.0
                ]
            ]
        },
        {
            "file_path": "/data/shapenet_blender/all_50_random/02958343/953531696c554fb275dadc997718614d/r_13",
            "rotation": 0.12566370614359174,
            "transform_matrix": [
                [
                    0.9634823799133301,
                    -0.18283763527870178,
                    -0.19563248753547668,
                    -0.7886197566986084
                ],
                [
                    -0.2677716910839081,
                    -0.6578770279884338,
                    -0.7039148211479187,
                    -2.837571382522583
                ],
                [
                    0.0,
                    0.7305943369865417,
                    -0.6828116774559021,
                    -2.752501964569092
                ],
                [
                    0.0,
                    0.0,
                    0.0,
                    1.0
                ]
            ]
        },
        {
            "file_path": "/data/shapenet_blender/all_50_random/02958343/953531696c554fb275dadc997718614d/r_14",
            "rotation": 0.12566370614359174,
            "transform_matrix": [
                [
                    0.30446308851242065,
                    -0.48733067512512207,
                    0.8184198141098022,
                    3.2991557121276855
                ],
                [
                    0.9525241255760193,
                    0.1557694971561432,
                    -0.26159822940826416,
                    -1.05453622341156
                ],
                [
                    -1.4901161193847656e-08,
                    0.8592115640640259,
                    0.5116203427314758,
                    2.0624074935913086
                ],
                [
                    0.0,
                    0.0,
                    0.0,
                    1.0
                ]
            ]
        },
        {
            "file_path": "/data/shapenet_blender/all_50_random/02958343/953531696c554fb275dadc997718614d/r_15",
            "rotation": 0.12566370614359174,
            "transform_matrix": [
                [
                    -0.03979575261473656,
                    0.19604752957820892,
                    -0.9797864556312561,
                    -3.949645757675171
                ],
                [
                    -0.9992079138755798,
                    -0.007808043155819178,
                    0.03902224451303482,
                    0.15730372071266174
                ],
                [
                    4.656613428188905e-10,
                    0.9805632829666138,
                    0.19620293378829956,
                    0.7909193634986877
                ],
                [
                    0.0,
                    0.0,
                    0.0,
                    1.0
                ]
            ]
        },
        {
            "file_path": "/data/shapenet_blender/all_50_random/02958343/953531696c554fb275dadc997718614d/r_16",
            "rotation": 0.12566370614359174,
            "transform_matrix": [
                [
                    -0.9370791912078857,
                    -0.04855789989233017,
                    0.34572362899780273,
                    1.3936564922332764
                ],
                [
                    0.3491170406341553,
                    -0.1303362250328064,
                    0.9279707670211792,
                    3.740769863128662
                ],
                [
                    3.725290742551124e-09,
                    0.990280032157898,
                    0.1390877515077591,
                    0.5606806874275208
                ],
                [
                    0.0,
                    0.0,
                    0.0,
                    1.0
                ]
            ]
        },
        {
            "file_path": "/data/shapenet_blender/all_50_random/02958343/953531696c554fb275dadc997718614d/r_17",
            "rotation": 0.12566370614359174,
            "transform_matrix": [
                [
                    0.9101965427398682,
                    0.3218192756175995,
                    -0.2607193887233734,
                    -1.0509934425354004
                ],
                [
                    -0.4141766130924225,
                    0.7072315812110901,
                    -0.5729581713676453,
                    -2.3096683025360107
                ],
                [
                    0.0,
                    0.6294883489608765,
                    0.7770098447799683,
                    3.1322269439697266
                ],
                [
                    0.0,
                    0.0,
                    0.0,
                    1.0
                ]
            ]
        },
        {
            "file_path": "/data/shapenet_blender/all_50_random/02958343/953531696c554fb275dadc997718614d/r_18",
            "rotation": 0.12566370614359174,
            "transform_matrix": [
                [
                    0.9839892983436584,
                    -0.020587684586644173,
                    -0.17703412473201752,
                    -0.7136474251747131
                ],
                [
                    -0.17822720110416412,
                    -0.11366423964500427,
                    -0.9774023294448853,
                    -3.940035104751587
                ],
                [
                    1.862645149230957e-09,
                    0.9933057427406311,
                    -0.11551368981599808,
                    -0.46565061807632446
                ],
                [
                    0.0,
                    0.0,
                    0.0,
                    1.0
                ]
            ]
        },
        {
            "file_path": "/data/shapenet_blender/all_50_random/02958343/953531696c554fb275dadc997718614d/r_19",
            "rotation": 0.12566370614359174,
            "transform_matrix": [
                [
                    0.8917213082313538,
                    -0.12089075148105621,
                    0.4361405670642853,
                    1.75813889503479
                ],
                [
                    0.45258504152297974,
                    0.2381892055273056,
                    -0.8593210577964783,
                    -3.464034080505371
                ],
                [
                    -7.450580596923828e-09,
                    0.9636656045913696,
                    0.26711171865463257,
                    1.0767617225646973
                ],
                [
                    0.0,
                    0.0,
                    0.0,
                    1.0
                ]
            ]
        },
        {
            "file_path": "/data/shapenet_blender/all_50_random/02958343/953531696c554fb275dadc997718614d/r_20",
            "rotation": 0.12566370614359174,
            "transform_matrix": [
                [
                    -0.7425251603126526,
                    -0.13381153345108032,
                    -0.6563161611557007,
                    -2.6456947326660156
                ],
                [
                    -0.6698181629180908,
                    0.14833642542362213,
                    0.7275575399398804,
                    2.932878017425537
                ],
                [
                    0.0,
                    0.9798421859741211,
                    -0.19977295398712158,
                    -0.8053104281425476
                ],
                [
                    0.0,
                    0.0,
                    0.0,
                    1.0
                ]
            ]
        },
        {
            "file_path": "/data/shapenet_blender/all_50_random/02958343/953531696c554fb275dadc997718614d/r_21",
            "rotation": 0.12566370614359174,
            "transform_matrix": [
                [
                    0.8852073550224304,
                    0.1677926927804947,
                    0.4338819682598114,
                    1.7490341663360596
                ],
                [
                    0.4651966989040375,
                    -0.31928715109825134,
                    -0.8256195783615112,
                    -3.328178882598877
                ],
                [
                    0.0,
                    0.9326849579811096,
                    -0.36069199442863464,
                    -1.453995943069458
                ],
                [
                    0.0,
                    0.0,
                    0.0,
                    1.0
                ]
            ]
        },
        {
            "file_path": "/data/shapenet_blender/all_50_random/02958343/953531696c554fb275dadc997718614d/r_22",
            "rotation": 0.12566370614359174,
            "transform_matrix": [
                [
                    0.8101188540458679,
                    -0.4541679620742798,
                    0.37072744965553284,
                    1.494450330734253
                ],
                [
                    0.5862656831741333,
                    0.6275824308395386,
                    -0.5122818946838379,
                    -2.0650746822357178
                ],
                [
                    0.0,
                    0.6323541402816772,
                    0.77467942237854,
                    3.122832775115967
                ],
                [
                    0.0,
                    0.0,
                    0.0,
                    1.0
                ]
            ]
        },
        {
            "file_path": "/data/shapenet_blender/all_50_random/02958343/953531696c554fb275dadc997718614d/r_23",
            "rotation": 0.12566370614359174,
            "transform_matrix": [
                [
                    0.9988952875137329,
                    0.010020834393799305,
                    0.04591257497668266,
                    0.18507951498031616
                ],
                [
                    0.046993423253297806,
                    -0.2130035161972046,
                    -0.9759206771850586,
                    -3.9340620040893555
                ],
                [
                    0.0,
                    0.9769999980926514,
                    -0.2132391333580017,
                    -0.859594464302063
                ],
                [
                    0.0,
                    0.0,
                    0.0,
                    1.0
                ]
            ]
        },
        {
            "file_path": "/data/shapenet_blender/all_50_random/02958343/953531696c554fb275dadc997718614d/r_24",
            "rotation": 0.12566370614359174,
            "transform_matrix": [
                [
                    -0.8265711665153503,
                    -0.04771113023161888,
                    -0.5608062744140625,
                    -2.2606825828552246
                ],
                [
                    -0.5628321766853333,
                    0.07006821036338806,
                    0.8235959410667419,
                    3.320021629333496
                ],
                [
                    3.725290076417309e-09,
                    0.9964005351066589,
                    -0.08476972579956055,
                    -0.3417177200317383
                ],
                [
                    0.0,
                    0.0,
                    0.0,
                    1.0
                ]
            ]
        },
        {
            "file_path": "/data/shapenet_blender/all_50_random/02958343/953531696c554fb275dadc997718614d/r_25",
            "rotation": 0.12566370614359174,
            "transform_matrix": [
                [
                    0.21760648488998413,
                    0.013485043309628963,
                    -0.9759434461593628,
                    -3.9341537952423096
                ],
                [
                    -0.9760366678237915,
                    0.0030064783059060574,
                    -0.2175856977701187,
                    -0.8771160244941711
                ],
                [
                    2.3283064365386963e-10,
                    0.9999045729637146,
                    0.013816124759614468,
                    0.055694580078125
                ],
                [
                    0.0,
                    0.0,
                    0.0,
                    1.0
                ]
            ]
        },
        {
            "file_path": "/data/shapenet_blender/all_50_random/02958343/953531696c554fb275dadc997718614d/r_26",
            "rotation": 0.12566370614359174,
            "transform_matrix": [
                [
                    0.37260353565216064,
                    0.2786995470523834,
                    -0.8851513862609863,
                    -3.568159580230713
                ],
                [
                    -0.9279906153678894,
                    0.11190247535705566,
                    -0.3554028868675232,
                    -1.4326750040054321
                ],
                [
                    0.0,
                    0.9538365602493286,
                    0.30032584071159363,
                    1.2106523513793945
                ],
                [
                    0.0,
                    0.0,
                    0.0,
                    1.0
                ]
            ]
        },
        {
            "file_path": "/data/shapenet_blender/all_50_random/02958343/953531696c554fb275dadc997718614d/r_27",
            "rotation": 0.12566370614359174,
            "transform_matrix": [
                [
                    -0.3214913606643677,
                    -0.00016153811884578317,
                    -0.9469125866889954,
                    -3.8171262741088867
                ],
                [
                    -0.9469125270843506,
                    5.484467692440376e-05,
                    0.32149139046669006,
                    1.2959730625152588
                ],
                [
                    0.0,
                    1.0,
                    -0.0001705945614958182,
                    -0.0006876885890960693
                ],
                [
                    0.0,
                    0.0,
                    0.0,
                    1.0
                ]
            ]
        },
        {
            "file_path": "/data/shapenet_blender/all_50_random/02958343/953531696c554fb275dadc997718614d/r_28",
            "rotation": 0.12566370614359174,
            "transform_matrix": [
                [
                    -0.8232553005218506,
                    -0.26952940225601196,
                    -0.49960461258888245,
                    -2.0139706134796143
                ],
                [
                    -0.5676714777946472,
                    0.39088010787963867,
                    0.724542498588562,
                    2.9207241535186768
                ],
                [
                    -1.4901162970204496e-08,
                    0.8800945281982422,
                    -0.4747982919216156,
                    -1.913973093032837
                ],
                [
                    0.0,
                    0.0,
                    0.0,
                    1.0
                ]
            ]
        },
        {
            "file_path": "/data/shapenet_blender/all_50_random/02958343/953531696c554fb275dadc997718614d/r_29",
            "rotation": 0.12566370614359174,
            "transform_matrix": [
                [
                    0.9835229516029358,
                    0.014941612258553505,
                    -0.18016478419303894,
                    -0.7262674570083618
                ],
                [
                    -0.18078331649303436,
                    0.08128747344017029,
                    -0.9801579713821411,
                    -3.951143264770508
                ],
                [
                    0.0,
                    0.9965786933898926,
                    0.08264929056167603,
                    0.33316993713378906
                ],
                [
                    0.0,
                    0.0,
                    0.0,
                    1.0
                ]
            ]
        },
        {
            "file_path": "/data/shapenet_blender/all_50_random/02958343/953531696c554fb275dadc997718614d/r_30",
            "rotation": 0.12566370614359174,
            "transform_matrix": [
                [
                    -0.9996339678764343,
                    0.010132111608982086,
                    -0.025086484849452972,
                    -0.10112684965133667
                ],
                [
                    -0.027055339887738228,
                    -0.37435874342918396,
                    0.926889181137085,
                    3.7364096641540527
                ],
                [
                    -9.313225746154785e-10,
                    0.927228569984436,
                    0.3744957745075226,
                    1.5096406936645508
                ],
                [
                    0.0,
                    0.0,
                    0.0,
                    1.0
                ]
            ]
        },
        {
            "file_path": "/data/shapenet_blender/all_50_random/02958343/953531696c554fb275dadc997718614d/r_31",
            "rotation": 0.12566370614359174,
            "transform_matrix": [
                [
                    -0.04596484452486038,
                    0.0441637858748436,
                    -0.9979663491249084,
                    -4.022931098937988
                ],
                [
                    -0.9989430904388428,
                    -0.0020321293268352747,
                    0.04591989889740944,
                    0.18510903418064117
                ],
                [
                    0.0,
                    0.9990221858024597,
                    0.0442105196416378,
                    0.1782183051109314
                ],
                [
                    0.0,
                    0.0,
                    0.0,
                    1.0
                ]
            ]
        },
        {
            "file_path": "/data/shapenet_blender/all_50_random/02958343/953531696c554fb275dadc997718614d/r_32",
            "rotation": 0.12566370614359174,
            "transform_matrix": [
                [
                    0.0769134983420372,
                    0.05144964158535004,
                    -0.9957094192504883,
                    -4.013833045959473
                ],
                [
                    -0.9970378279685974,
                    0.003968928474932909,
                    -0.07681102305650711,
                    -0.30963513255119324
                ],
                [
                    -4.656613428188905e-10,
                    0.9986676573753357,
                    0.051602501422166824,
                    0.20801633596420288
                ],
                [
                    0.0,
                    0.0,
                    0.0,
                    1.0
                ]
            ]
        },
        {
            "file_path": "/data/shapenet_blender/all_50_random/02958343/953531696c554fb275dadc997718614d/r_33",
            "rotation": 0.12566370614359174,
            "transform_matrix": [
                [
                    -0.9393032789230347,
                    0.038396477699279785,
                    -0.3409329056739807,
                    -1.3743445873260498
                ],
                [
                    -0.3430882692337036,
                    -0.10512145608663559,
                    0.9334022998809814,
                    3.762665271759033
                ],
                [
                    0.0,
                    0.9937177896499634,
                    0.11191429942846298,
                    0.45114099979400635
                ],
                [
                    0.0,
                    0.0,
                    0.0,
                    1.0
                ]
            ]
        },
        {
            "file_path": "/data/shapenet_blender/all_50_random/02958343/953531696c554fb275dadc997718614d/r_34",
            "rotation": 0.12566370614359174,
            "transform_matrix": [
                [
                    -0.3268810212612152,
                    -0.19355742633342743,
                    -0.9250321388244629,
                    -3.7289233207702637
                ],
                [
                    -0.9450654983520508,
                    0.06694800406694412,
                    0.3199518620967865,
                    1.2897670269012451
                ],
                [
                    0.0,
                    0.978801965713501,
                    -0.20480850338935852,
                    -0.8256093859672546
                ],
                [
                    0.0,
                    0.0,
                    0.0,
                    1.0
                ]
            ]
        },
        {
            "file_path": "/data/shapenet_blender/all_50_random/02958343/953531696c554fb275dadc997718614d/r_35",
            "rotation": 0.12566370614359174,
            "transform_matrix": [
                [
                    0.3268512189388275,
                    -0.1446346491575241,
                    -0.9339426755905151,
                    -3.764843702316284
                ],
                [
                    -0.9450758695602417,
                    -0.050021395087242126,
                    -0.32300081849098206,
                    -1.3020581007003784
                ],
                [
                    -3.725290742551124e-09,
                    0.9882198572158813,
                    -0.15304026007652283,
                    -0.616925060749054
                ],
                [
                    0.0,
                    0.0,
                    0.0,
                    1.0
                ]
            ]
        },
        {
            "file_path": "/data/shapenet_blender/all_50_random/02958343/953531696c554fb275dadc997718614d/r_36",
            "rotation": 0.12566370614359174,
            "transform_matrix": [
                [
                    0.4468906819820404,
                    -0.004728122614324093,
                    -0.8945760726928711,
                    -3.606151580810547
                ],
                [
                    -0.8945885300636292,
                    -0.0023619283456355333,
                    -0.4468844532966614,
                    -1.8014488220214844
                ],
                [
                    -2.3283061589829401e-10,
                    0.9999860525131226,
                    -0.005285248160362244,
                    -0.021305516362190247
                ],
                [
                    0.0,
                    0.0,
                    0.0,
                    1.0
                ]
            ]
        },
        {
            "file_path": "/data/shapenet_blender/all_50_random/02958343/953531696c554fb275dadc997718614d/r_37",
            "rotation": 0.12566370614359174,
            "transform_matrix": [
                [
                    -0.25555670261383057,
                    -0.668059766292572,
                    -0.6988467574119568,
                    -2.817141532897949
                ],
                [
                    -0.9667940735816956,
                    0.17659102380275726,
                    0.18472908437252045,
                    0.7446668148040771
                ],
                [
                    -7.450580596923828e-09,
                    0.7228496670722961,
                    -0.6910051703453064,
                    -2.7855312824249268
                ],
                [
                    0.0,
                    0.0,
                    0.0,
                    1.0
                ]
            ]
        },
        {
            "file_path": "/data/shapenet_blender/all_50_random/02958343/953531696c554fb275dadc997718614d/r_38",
            "rotation": 0.12566370614359174,
            "transform_matrix": [
                [
                    -0.8245620727539062,
                    -0.00637417659163475,
                    -0.5657356977462769,
                    -2.2805535793304443
                ],
                [
                    -0.5657716393470764,
                    0.009289798326790333,
                    0.8245096802711487,
                    3.323704719543457
                ],
                [
                    4.656612873077393e-10,
                    0.9999365210533142,
                    -0.011266342364251614,
                    -0.045416079461574554
                ],
                [
                    0.0,
                    0.0,
                    0.0,
                    1.0
                ]
            ]
        },
        {
            "file_path": "/data/shapenet_blender/all_50_random/02958343/953531696c554fb275dadc997718614d/r_39",
            "rotation": 0.12566370614359174,
            "transform_matrix": [
                [
                    -0.9927995204925537,
                    -0.08340492099523544,
                    0.08598029613494873,
                    0.34659767150878906
                ],
                [
                    0.11978727579116821,
                    -0.6912618279457092,
                    0.7126065492630005,
                    2.8726089000701904
                ],
                [
                    3.725290076417309e-09,
                    0.7177748680114746,
                    0.6962752938270569,
                    2.8067755699157715
                ],
                [
                    0.0,
                    0.0,
                    0.0,
                    1.0
                ]
            ]
        },
        {
            "file_path": "/data/shapenet_blender/all_50_random/02958343/953531696c554fb275dadc997718614d/r_40",
            "rotation": 0.12566370614359174,
            "transform_matrix": [
                [
                    0.3900209665298462,
                    -0.7413674592971802,
                    -0.5461298227310181,
                    -2.2015199661254883
                ],
                [
                    -0.9208060503005981,
                    -0.31401708722114563,
                    -0.231321319937706,
                    -0.9324861168861389
                ],
                [
                    0.0,
                    0.5930997729301453,
                    -0.8051288723945618,
                    -3.2455785274505615
                ],
                [
                    0.0,
                    0.0,
                    0.0,
                    1.0
                ]
            ]
        },
        {
            "file_path": "/data/shapenet_blender/all_50_random/02958343/953531696c554fb275dadc997718614d/r_41",
            "rotation": 0.12566370614359174,
            "transform_matrix": [
                [
                    0.8815523982048035,
                    0.1380957067012787,
                    0.4514365494251251,
                    1.8197989463806152
                ],
                [
                    0.47208622097969055,
                    -0.25787365436553955,
