{
    "class": "02958343",
    "model": "71b00ea32b1810ac373af83f3f2fe606",
    "remove_doubles": true,
    "edge_split": true,
    "denoise": true,
    "camera_angle_x": 0.6911112070083618,
    "scale_factor": 2.3127564029043555,
    "hdri_file": "/data/IndoorHDRDataset2018/9C4A2069-b987fb04c3.exr",
    "center_offset": [
        0.0,
        0.0,
        -1.862645149230957e-09
    ],
    "lights": [],
    "frames": [
        {
            "file_path": "/data/shapenet_blender/all_50_random/02958343/71b00ea32b1810ac373af83f3f2fe606/r_0",
            "rotation": 0.12566370614359174,
            "transform_matrix": [
                [
                    -0.27255675196647644,
                    0.8734546303749084,
                    0.40347227454185486,
                    1.6264488697052002
                ],
                [
                    0.9621397256851196,
                    0.2474338710308075,
                    0.11429638415575027,
                    0.4607434868812561
                ],
                [
                    0.0,
                    0.41934895515441895,
                    -0.9078250527381897,
                    -3.659559965133667
                ],
                [
                    0.0,
                    0.0,
                    0.0,
                    1.0
                ]
            ]
        },
        {
            "file_path": "/data/shapenet_blender/all_50_random/02958343/71b00ea32b1810ac373af83f3f2fe606/r_1",
            "rotation": 0.12566370614359174,
            "transform_matrix": [
                [
                    -0.9622552394866943,
                    -0.05419401079416275,
                    0.2666981518268585,
                    1.0750945806503296
                ],
                [
                    0.2721486985683441,
                    -0.19161757826805115,
                    0.9429834485054016,
                    3.801287889480591
                ],
                [
                    0.0,
                    0.9799723625183105,
                    0.19913382828235626,
                    0.8027341365814209
                ],
                [
                    0.0,
                    0.0,
                    0.0,
                    1.0
                ]
            ]
        },
        {
            "file_path": "/data/shapenet_blender/all_50_random/02958343/71b00ea32b1810ac373af83f3f2fe606/r_2",
            "rotation": 0.12566370614359174,
            "transform_matrix": [
                [
                    0.994278073310852,
                    -0.0878361314535141,
                    -0.06079348549246788,
                    -0.24506637454032898
                ],
                [
                    -0.1068224385380745,
                    -0.8175580501556396,
                    -0.5658514499664307,
                    -2.281020164489746
                ],
                [
                    -3.725290076417309e-09,
                    0.5691078305244446,
                    -0.8222628831863403,
                    -3.314647674560547
                ],
                [
                    0.0,
                    0.0,
                    0.0,
                    1.0
                ]
            ]
        },
        {
            "file_path": "/data/shapenet_blender/all_50_random/02958343/71b00ea32b1810ac373af83f3f2fe606/r_3",
            "rotation": 0.12566370614359174,
            "transform_matrix": [
                [
                    -0.4605393707752228,
                    -0.3239801824092865,
                    0.8264020085334778,
                    3.3313329219818115
                ],
                [
                    0.8876392841339111,
                    -0.16809263825416565,
                    0.42876729369163513,
                    1.7284162044525146
                ],
                [
                    -1.4901160305669237e-08,
                    0.9310110211372375,
                    0.36499083042144775,
                    1.4713250398635864
                ],
                [
                    0.0,
                    0.0,
                    0.0,
                    1.0
                ]
            ]
        },
        {
            "file_path": "/data/shapenet_blender/all_50_random/02958343/71b00ea32b1810ac373af83f3f2fe606/r_4",
            "rotation": 0.12566370614359174,
            "transform_matrix": [
                [
                    0.8931561708450317,
                    0.11717354506254196,
                    0.43421483039855957,
                    1.7503759860992432
                ],
                [
                    0.44974684715270996,
                    -0.23269596695899963,
                    -0.862311065196991,
                    -3.4760870933532715
                ],
                [
                    0.0,
                    0.9654651284217834,
                    -0.2605322599411011,
                    -1.050239086151123
                ],
                [
                    0.0,
                    0.0,
                    0.0,
                    1.0
                ]
            ]
        },
        {
            "file_path": "/data/shapenet_blender/all_50_random/02958343/71b00ea32b1810ac373af83f3f2fe606/r_5",
            "rotation": 0.12566370614359174,
            "transform_matrix": [
                [
                    0.9820562601089478,
                    -0.0979166179895401,
                    0.1611769050359726,
                    0.6497249603271484
                ],
                [
                    0.18858864903450012,
                    0.5098908543586731,
                    -0.8393124938011169,
                    -3.3833770751953125
                ],
                [
                    7.450581485102248e-09,
                    0.8546481728553772,
                    0.5192074179649353,
                    2.0929923057556152
                ],
                [
                    0.0,
                    0.0,
                    0.0,
                    1.0
                ]
            ]
        },
        {
            "file_path": "/data/shapenet_blender/all_50_random/02958343/71b00ea32b1810ac373af83f3f2fe606/r_6",
            "rotation": 0.12566370614359174,
            "transform_matrix": [
                [
                    -0.6525475382804871,
                    0.2997438907623291,
                    -0.6959420442581177,
                    -2.805431842803955
                ],
                [
                    -0.7577477693557739,
                    -0.2581295967102051,
                    0.5993224382400513,
                    2.4159457683563232
                ],
                [
                    0.0,
                    0.9184347987174988,
                    0.3955721855163574,
                    1.594602346420288
                ],
                [
                    0.0,
                    0.0,
                    0.0,
                    1.0
                ]
            ]
        },
        {
            "file_path": "/data/shapenet_blender/all_50_random/02958343/71b00ea32b1810ac373af83f3f2fe606/r_7",
            "rotation": 0.12566370614359174,
            "transform_matrix": [
                [
                    -0.7373947501182556,
                    -0.3662603497505188,
                    0.5675404071807861,
                    2.2878286838531494
                ],
                [
                    0.6754619479179382,
                    -0.39984261989593506,
                    0.6195780038833618,
                    2.4975991249084473
                ],
                [
                    -1.4901160305669237e-08,
                    0.8402256965637207,
                    0.5422367453575134,
                    2.185826539993286
                ],
                [
                    0.0,
                    0.0,
                    0.0,
                    1.0
                ]
            ]
        },
        {
            "file_path": "/data/shapenet_blender/all_50_random/02958343/71b00ea32b1810ac373af83f3f2fe606/r_8",
            "rotation": 0.12566370614359174,
            "transform_matrix": [
                [
                    -0.3718271851539612,
                    0.7582541704177856,
                    0.5355326533317566,
                    2.1588010787963867
                ],
                [
                    0.928301990032196,
                    0.3037152886390686,
                    0.21450519561767578,
                    0.8646981120109558
                ],
                [
                    0.0,
                    0.5768948197364807,
                    -0.8168184161186218,
                    -3.2927002906799316
                ],
                [
                    0.0,
                    0.0,
                    0.0,
                    1.0
                ]
            ]
        },
        {
            "file_path": "/data/shapenet_blender/all_50_random/02958343/71b00ea32b1810ac373af83f3f2fe606/r_9",
            "rotation": 0.12566370614359174,
            "transform_matrix": [
                [
                    -0.6081750988960266,
                    -0.5409350991249084,
                    0.5809580087661743,
                    2.341916561126709
                ],
                [
                    0.7938029766082764,
                    -0.41443946957588196,
                    0.44510316848754883,
                    1.794268250465393
                ],
                [
                    0.0,
                    0.731866717338562,
                    0.6814476847648621,
                    2.7470035552978516
                ],
                [
                    0.0,
                    0.0,
                    0.0,
                    1.0
                ]
            ]
        },
        {
            "file_path": "/data/shapenet_blender/all_50_random/02958343/71b00ea32b1810ac373af83f3f2fe606/r_10",
            "rotation": 0.12566370614359174,
            "transform_matrix": [
                [
                    0.2078894078731537,
                    -0.7401450872421265,
                    -0.6395055055618286,
                    -2.5779292583465576
                ],
                [
                    -0.9781523942947388,
                    -0.1573050618171692,
                    -0.1359158605337143,
                    -0.5478943586349487
                ],
                [
                    0.0,
                    0.6537892818450928,
                    -0.7566766738891602,
                    -3.0502612590789795
                ],
                [
                    0.0,
                    0.0,
                    0.0,
                    1.0
                ]
            ]
        },
        {
            "file_path": "/data/shapenet_blender/all_50_random/02958343/71b00ea32b1810ac373af83f3f2fe606/r_11",
            "rotation": 0.12566370614359174,
            "transform_matrix": [
                [
                    0.11377421766519547,
                    0.14654524624347687,
                    0.9826391935348511,
                    3.9611456394195557
                ],
                [
                    0.993506669998169,
                    -0.016782041639089584,
                    -0.1125296950340271,
                    -0.4536217451095581
                ],
                [
                    0.0,
                    0.9890614748001099,
                    -0.1475030481815338,
                    -0.5946038961410522
                ],
                [
                    0.0,
                    0.0,
                    0.0,
                    1.0
                ]
            ]
        },
        {
            "file_path": "/data/shapenet_blender/all_50_random/02958343/71b00ea32b1810ac373af83f3f2fe606/r_12",
            "rotation": 0.12566370614359174,
            "transform_matrix": [
                [
                    0.9734693765640259,
                    0.19437433779239655,
                    0.1207314059138298,
                    0.4866839051246643
                ],
                [
                    0.22881752252578735,
                    -0.8269360065460205,
                    -0.5136333703994751,
                    -2.0705225467681885
                ],
                [
                    0.0,
                    0.527631938457489,
                    -0.8494730591773987,
                    -3.4243357181549072
                ],
                [
                    0.0,
                    0.0,
                    0.0,
                    1.0
                ]
            ]
        },
        {
            "file_path": "/data/shapenet_blender/all_50_random/02958343/71b00ea32b1810ac373af83f3f2fe606/r_13",
            "rotation": 0.12566370614359174,
            "transform_matrix": [
                [
                    -0.9611073732376099,
                    -0.011691243387758732,
                    0.2759273052215576,
                    1.112298607826233
                ],
                [
                    0.276174932718277,
                    -0.040686316788196564,
                    0.9602457284927368,
                    3.8708746433258057
                ],
                [
                    0.0,
                    0.9991035461425781,
                    0.04233274236321449,
                    0.1706487536430359
                ],
                [
                    0.0,
                    0.0,
                    0.0,
                    1.0
                ]
            ]
        },
        {
            "file_path": "/data/shapenet_blender/all_50_random/02958343/71b00ea32b1810ac373af83f3f2fe606/r_14",
            "rotation": 0.12566370614359174,
            "transform_matrix": [
                [
                    -0.7600972056388855,
                    -0.14317446947097778,
                    -0.6338402032852173,
                    -2.5550918579101562
                ],
                [
                    -0.6498095393180847,
                    0.16747444868087769,
                    0.741417407989502,
                    2.9887495040893555
                ],
                [
                    0.0,
                    0.9754247069358826,
                    -0.22033295035362244,
                    -0.8881905674934387
                ],
                [
                    0.0,
                    0.0,
                    0.0,
                    1.0
                ]
            ]
        },
        {
            "file_path": "/data/shapenet_blender/all_50_random/02958343/71b00ea32b1810ac373af83f3f2fe606/r_15",
            "rotation": 0.12566370614359174,
            "transform_matrix": [
                [
                    0.9951774477958679,
                    -0.05697564780712128,
                    0.0798475444316864,
                    0.32187575101852417
                ],
                [
                    0.09809105843305588,
                    0.5780433416366577,
                    -0.8100888729095459,
                    -3.2655727863311768
                ],
                [
                    -3.725290298461914e-09,
                    0.8140145540237427,
                    0.5808444619178772,
                    2.341459035873413
                ],
                [
                    0.0,
                    0.0,
                    0.0,
                    1.0
                ]
            ]
        },
        {
            "file_path": "/data/shapenet_blender/all_50_random/02958343/71b00ea32b1810ac373af83f3f2fe606/r_16",
            "rotation": 0.12566370614359174,
            "transform_matrix": [
                [
                    0.7329236268997192,
                    -0.07652775943279266,
                    0.6759929656982422,
                    2.7250149250030518
                ],
                [
                    0.6803109645843506,
                    0.0824461281299591,
                    -0.7282717227935791,
                    -2.9357571601867676
                ],
                [
                    0.0,
                    0.9936529994010925,
                    0.11248937249183655,
                    0.4534591734409332
                ],
                [
                    0.0,
                    0.0,
                    0.0,
                    1.0
                ]
            ]
        },
        {
            "file_path": "/data/shapenet_blender/all_50_random/02958343/71b00ea32b1810ac373af83f3f2fe606/r_17",
            "rotation": 0.12566370614359174,
            "transform_matrix": [
                [
                    0.9126003980636597,
                    0.004158398136496544,
                    -0.40883153676986694,
                    -1.64805269241333
                ],
                [
                    -0.4088526666164398,
                    0.009281964041292667,
                    -0.9125531911849976,
                    -3.678619623184204
                ],
                [
                    0.0,
                    0.9999483227729797,
                    0.010170895606279373,
                    0.04100019112229347
                ],
                [
                    0.0,
                    0.0,
                    0.0,
                    1.0
                ]
            ]
        },
        {
            "file_path": "/data/shapenet_blender/all_50_random/02958343/71b00ea32b1810ac373af83f3f2fe606/r_18",
            "rotation": 0.12566370614359174,
            "transform_matrix": [
                [
                    -0.6912533640861511,
                    0.49451345205307007,
                    -0.5269016027450562,
                    -2.1240084171295166
                ],
                [
                    -0.7226125597953796,
                    -0.4730530083179474,
                    0.5040356516838074,
                    2.031832695007324
                ],
                [
                    1.4901162970204496e-08,
                    0.7291619777679443,
                    0.6843410730361938,
                    2.7586669921875
                ],
                [
                    0.0,
                    0.0,
                    0.0,
                    1.0
                ]
            ]
        },
        {
            "file_path": "/data/shapenet_blender/all_50_random/02958343/71b00ea32b1810ac373af83f3f2fe606/r_19",
            "rotation": 0.12566370614359174,
            "transform_matrix": [
                [
                    0.5349220633506775,
                    0.4737759530544281,
                    0.6995673775672913,
                    2.8200464248657227
                ],
                [
                    0.8449013829231262,
                    -0.29995599389076233,
                    -0.44290855526924133,
                    -1.78542160987854
                ],
                [
                    0.0,
                    0.8279869556427002,
                    -0.5607470870018005,
                    -2.260444164276123
                ],
                [
                    0.0,
                    0.0,
                    0.0,
                    1.0
                ]
            ]
        },
        {
            "file_path": "/data/shapenet_blender/all_50_random/02958343/71b00ea32b1810ac373af83f3f2fe606/r_20",
            "rotation": 0.12566370614359174,
            "transform_matrix": [
                [
                    0.9987705945968628,
                    0.021519476547837257,
                    0.04465719684958458,
                    0.18001893162727356
                ],
                [
                    0.04957170411944389,
                    -0.433574378490448,
                    -0.8997531533241272,
                    -3.627021312713623
                ],
                [
                    -1.862645149230957e-09,
                    0.9008607864379883,
                    -0.43410801887512207,
                    -1.7499455213546753
                ],
                [
                    0.0,
                    0.0,
                    0.0,
                    1.0
                ]
            ]
        },
        {
            "file_path": "/data/shapenet_blender/all_50_random/02958343/71b00ea32b1810ac373af83f3f2fe606/r_21",
            "rotation": 0.12566370614359174,
            "transform_matrix": [
                [
                    0.40125834941864014,
                    -0.022362980991601944,
                    -0.9156918525695801,
                    -3.691272020339966
                ],
                [
                    -0.9159648418426514,
                    -0.00979659054428339,
                    -0.4011387526988983,
                    -1.617042064666748
                ],
                [
                    0.0,
                    0.9997018575668335,
                    -0.02441466972231865,
                    -0.09841868281364441
                ],
                [
                    0.0,
                    0.0,
                    0.0,
                    1.0
                ]
            ]
        },
        {
            "file_path": "/data/shapenet_blender/all_50_random/02958343/71b00ea32b1810ac373af83f3f2fe606/r_22",
            "rotation": 0.12566370614359174,
            "transform_matrix": [
                [
                    -0.05670025199651718,
                    -0.9572552442550659,
                    -0.28363236784935,
                    -1.1433587074279785
                ],
                [
                    -0.9983912706375122,
                    0.05436406657099724,
                    0.016107937321066856,
                    0.064933180809021
                ],
                [
                    9.31322685637781e-10,
                    0.28408926725387573,
                    -0.9587976932525635,
                    -3.865037441253662
                ],
                [
                    0.0,
                    0.0,
                    0.0,
                    1.0
                ]
            ]
        },
        {
            "file_path": "/data/shapenet_blender/all_50_random/02958343/71b00ea32b1810ac373af83f3f2fe606/r_23",
            "rotation": 0.12566370614359174,
            "transform_matrix": [
                [
                    0.9911913871765137,
                    0.0008172244997695088,
                    0.13243462145328522,
                    0.5338611006736755
                ],
                [
                    0.13243715465068817,
                    -0.006116303615272045,
                    -0.9911724328994751,
                    -3.995544195175171
                ],
                [
                    5.820766091346741e-11,
                    0.9999809265136719,
                    -0.006170657463371754,
                    -0.024874716997146606
                ],
                [
                    0.0,
                    0.0,
                    0.0,
                    1.0
                ]
            ]
        },
        {
            "file_path": "/data/shapenet_blender/all_50_random/02958343/71b00ea32b1810ac373af83f3f2fe606/r_24",
            "rotation": 0.12566370614359174,
            "transform_matrix": [
                [
                    0.9689919948577881,
                    0.046599239110946655,
                    -0.24265828728675842,
                    -0.978186845779419
                ],
                [
                    -0.24709215760231018,
                    0.18274271488189697,
                    -0.9516042470932007,
                    -3.8360393047332764
                ],
                [
                    0.0,
                    0.9820557236671448,
                    0.18859057128429413,
                    0.7602329254150391
                ],
                [
                    0.0,
                    0.0,
                    0.0,
                    1.0
                ]
            ]
        },
        {
            "file_path": "/data/shapenet_blender/all_50_random/02958343/71b00ea32b1810ac373af83f3f2fe606/r_25",
            "rotation": 0.12566370614359174,
            "transform_matrix": [
                [
                    0.6162602305412292,
                    0.40250664949417114,
                    0.6769133806228638,
                    2.7287251949310303
                ],
                [
                    0.7875427007675171,
                    -0.3149656057357788,
                    -0.5296916961669922,
                    -2.1352555751800537
                ],
                [
                    1.4901162970204496e-08,
                    0.8595259785652161,
                    -0.511091947555542,
                    -2.0602774620056152
                ],
                [
                    0.0,
                    0.0,
                    0.0,
                    1.0
                ]
            ]
        },
        {
            "file_path": "/data/shapenet_blender/all_50_random/02958343/71b00ea32b1810ac373af83f3f2fe606/r_26",
            "rotation": 0.12566370614359174,
            "transform_matrix": [
                [
                    -0.9187417030334473,
                    -0.273680180311203,
                    -0.2846277952194214,
                    -1.1473714113235474
                ],
                [
                    -0.39485931396484375,
                    0.6367872953414917,
                    0.6622596979141235,
                    2.669654369354248
                ],
                [
                    1.4901162970204496e-08,
                    0.7208334803581238,
                    -0.6931081414222717,
                    -2.794008493423462
                ],
                [
                    0.0,
                    0.0,
                    0.0,
                    1.0
                ]
            ]
        },
        {
            "file_path": "/data/shapenet_blender/all_50_random/02958343/71b00ea32b1810ac373af83f3f2fe606/r_27",
            "rotation": 0.12566370614359174,
            "transform_matrix": [
                [
                    -0.5082916617393494,
                    0.5582173466682434,
                    0.6557689905166626,
                    2.643489360809326
                ],
                [
                    0.8611849546432495,
                    0.329473078250885,
                    0.3870503604412079,
                    1.560249924659729
                ],
                [
                    0.0,
                    0.7614729404449463,
                    -0.6481967568397522,
                    -2.612964630126953
                ],
                [
                    0.0,
                    0.0,
                    0.0,
                    1.0
                ]
            ]
        },
        {
            "file_path": "/data/shapenet_blender/all_50_random/02958343/71b00ea32b1810ac373af83f3f2fe606/r_28",
            "rotation": 0.12566370614359174,
            "transform_matrix": [
                [
                    -0.8895596861839294,
                    0.1245109960436821,
                    0.43952298164367676,
                    1.7717738151550293
                ],
                [
                    0.4568187892436981,
                    0.2424592822790146,
                    0.8558796644210815,
                    3.4501612186431885
                ],
                [
                    0.0,
                    0.9621384739875793,
                    -0.2725609540939331,
                    -1.0987282991409302
                ],
                [
                    0.0,
                    0.0,
                    0.0,
                    1.0
                ]
            ]
        },
        {
            "file_path": "/data/shapenet_blender/all_50_random/02958343/71b00ea32b1810ac373af83f3f2fe606/r_29",
            "rotation": 0.12566370614359174,
            "transform_matrix": [
                [
                    -0.9988200664520264,
                    0.03513876348733902,
                    0.03352533280849457,
                    0.13514494895935059
                ],
                [
                    0.04856625944375992,
                    0.722668468952179,
                    0.6894864439964294,
                    2.7794089317321777
                ],
                [
                    0.0,
                    0.6903010606765747,
                    -0.7235221862792969,
                    -2.916611433029175
                ],
                [
                    0.0,
                    0.0,
                    0.0,
                    1.0
                ]
            ]
        },
        {
            "file_path": "/data/shapenet_blender/all_50_random/02958343/71b00ea32b1810ac373af83f3f2fe606/r_30",
            "rotation": 0.12566370614359174,
            "transform_matrix": [
                [
                    -0.9666139483451843,
                    -0.08549617230892181,
                    0.24155312776565552,
                    0.9737318158149719
                ],
                [
                    0.2562372088432312,
                    -0.3225206434726715,
                    0.9112205505371094,
                    3.6732475757598877
                ],
                [
                    0.0,
                    0.9426934123039246,
                    0.3336602449417114,
                    1.3450274467468262
                ],
                [
                    0.0,
                    0.0,
                    0.0,
                    1.0
                ]
            ]
        },
        {
            "file_path": "/data/shapenet_blender/all_50_random/02958343/71b00ea32b1810ac373af83f3f2fe606/r_31",
            "rotation": 0.12566370614359174,
            "transform_matrix": [
                [
                    0.5329463481903076,
                    -0.8411760926246643,
                    -0.09160240739583969,
                    -0.36926111578941345
                ],
                [
                    -0.8461490273475647,
                    -0.5298141837120056,
                    -0.05769571661949158,
                    -0.23257887363433838
                ],
                [
                    3.725290076417309e-09,
                    0.10825825482606888,
                    -0.9941228032112122,
                    -4.007437229156494
                ],
                [
                    0.0,
                    0.0,
                    0.0,
                    1.0
                ]
            ]
        },
        {
            "file_path": "/data/shapenet_blender/all_50_random/02958343/71b00ea32b1810ac373af83f3f2fe606/r_32",
            "rotation": 0.12566370614359174,
            "transform_matrix": [
                [
                    0.4483111500740051,
                    0.5226923823356628,
                    0.7251274585723877,
                    2.9230823516845703
                ],
                [
                    0.8938775658607483,
                    -0.2621486783027649,
                    -0.3636770248413086,
                    -1.4660289287567139
                ],
                [
                    0.0,
                    0.8112156391143799,
                    -0.5847470760345459,
                    -2.3571908473968506
                ],
                [
                    0.0,
                    0.0,
                    0.0,
                    1.0
                ]
            ]
        },
        {
            "file_path": "/data/shapenet_blender/all_50_random/02958343/71b00ea32b1810ac373af83f3f2fe606/r_33",
            "rotation": 0.12566370614359174,
            "transform_matrix": [
                [
                    -0.7368332147598267,
                    -0.6728953719139099,
                    0.06548681110143661,
                    0.263985812664032
                ],
                [
                    0.6760744452476501,
                    -0.733368456363678,
                    0.07137210667133331,
                    0.28771018981933594
                ],
                [
                    0.0,
                    0.09686315804719925,
                    0.9952976107597351,
                    4.012173175811768
                ],
                [
                    0.0,
                    0.0,
                    0.0,
                    1.0
                ]
            ]
        },
        {
            "file_path": "/data/shapenet_blender/all_50_random/02958343/71b00ea32b1810ac373af83f3f2fe606/r_34",
            "rotation": 0.12566370614359174,
            "transform_matrix": [
                [
                    -0.6516631841659546,
                    -0.001285281963646412,
                    0.7585073113441467,
                    3.057640790939331
                ],
                [
                    0.7585084438323975,
                    -0.0011042343685403466,
                    0.651662290096283,
                    2.626934766769409
                ],
                [
                    5.820766091346741e-11,
                    0.9999985694885254,
                    0.0016944861272349954,
                    0.006830692291259766
                ],
                [
                    0.0,
                    0.0,
                    0.0,
                    1.0
                ]
            ]
        },
        {
            "file_path": "/data/shapenet_blender/all_50_random/02958343/71b00ea32b1810ac373af83f3f2fe606/r_35",
            "rotation": 0.12566370614359174,
            "transform_matrix": [
                [
                    -0.9474573135375977,
                    -0.06334581226110458,
                    0.31354761123657227,
                    1.2639509439468384
                ],
                [
                    0.31988251209259033,
                    -0.18762342631816864,
                    0.9286940097808838,
                    3.743685483932495
                ],
                [
                    3.725290742551124e-09,
                    0.9801962375640869,
                    0.19802837073802948,
                    0.7982779741287231
                ],
                [
                    0.0,
                    0.0,
                    0.0,
                    1.0
                ]
            ]
        },
        {
            "file_path": "/data/shapenet_blender/all_50_random/02958343/71b00ea32b1810ac373af83f3f2fe606/r_36",
            "rotation": 0.12566370614359174,
            "transform_matrix": [
                [
                    -0.8028436899185181,
                    0.159325510263443,
                    0.5745062232017517,
                    2.315908908843994
                ],
                [
                    0.5961896777153015,
                    0.2145516574382782,
                    0.7736442685127258,
                    3.1186599731445312
                ],
                [
                    7.450580596923828e-09,
                    0.9636301398277283,
                    -0.26723960041999817,
                    -1.077277421951294
                ],
                [
                    0.0,
                    0.0,
                    0.0,
                    1.0
                ]
            ]
        },
        {
            "file_path": "/data/shapenet_blender/all_50_random/02958343/71b00ea32b1810ac373af83f3f2fe606/r_37",
            "rotation": 0.12566370614359174,
            "transform_matrix": [
                [
                    -0.10558201372623444,
                    -0.021334193646907806,
                    -0.9941816926002502,
                    -4.007674694061279
                ],
                [
                    -0.9944106340408325,
                    0.0022651676554232836,
                    0.10555769503116608,
                    0.42551666498184204
                ],
                [
                    0.0,
                    0.9997697472572327,
                    -0.021454110741615295,
                    -0.08648428320884705
                ],
                [
                    0.0,
                    0.0,
                    0.0,
                    1.0
                ]
            ]
        },
        {
            "file_path": "/data/shapenet_blender/all_50_random/02958343/71b00ea32b1810ac373af83f3f2fe606/r_38",
            "rotation": 0.12566370614359174,
            "transform_matrix": [
                [
                    -0.5624569058418274,
                    -0.7967352867126465,
                    -0.22103196382522583,
                    -0.8910082578659058
                ],
                [
                    -0.8268266916275024,
                    0.541986882686615,
                    0.1503591239452362,
                    0.6061169505119324
                ],
                [
                    1.4901161193847656e-08,
                    0.26732560992240906,
                    -0.9636062979698181,
                    -3.884420871734619
                ],
                [
                    0.0,
                    0.0,
                    0.0,
                    1.0
                ]
            ]
        },
        {
            "file_path": "/data/shapenet_blender/all_50_random/02958343/71b00ea32b1810ac373af83f3f2fe606/r_39",
            "rotation": 0.12566370614359174,
            "transform_matrix": [
                [
                    0.24880366027355194,
                    0.33886393904685974,
                    -0.9073411822319031,
                    -3.657608985900879
                ],
                [
                    -0.968553900718689,
                    0.08704790472984314,
                    -0.2330792397260666,
                    -0.9395723938941956
                ],
                [
                    0.0,
                    0.9367997646331787,
                    0.3498658239841461,
                    1.4103542566299438
                ],
                [
                    0.0,
                    0.0,
                    0.0,
                    1.0
                ]
            ]
        },
        {
            "file_path": "/data/shapenet_blender/all_50_random/02958343/71b00ea32b1810ac373af83f3f2fe606/r_40",
            "rotation": 0.12566370614359174,
            "transform_matrix": [
                [
                    -0.8222610354423523,
                    0.18580730259418488,
                    0.5379241704940796,
                    2.1684420108795166
                ],
                [
                    0.5691105723381042,
                    0.26845765113830566,
                    0.7772023677825928,
                    3.1330032348632812
                ],
                [
                    0.0,
                    0.9452016353607178,
                    -0.32648715376853943,
                    -1.3161119222640991
                ],
                [
                    0.0,
                    0.0,
                    0.0,
                    1.0
                ]
            ]
        },
        {
            "file_path": "/data/shapenet_blender/all_50_random/02958343/71b00ea32b1810ac373af83f3f2fe606/r_41",
            "rotation": 0.12566370614359174,
            "transform_matrix": [
                [
                    -0.9908478260040283,
                    0.04336929693818092,
                    -0.12782713770866394,
                    -0.5152876973152161
                ],
                [
                    -0.13498397171497345,
                    -0.318351686000824,
                    0.9383131265640259,
                    3.782461166381836
                ],
                [
                    -3.725290298461914e-09,
                    0.9469801187515259,
