{
    "class": "02958343",
    "model": "c9bc4690b171e5d7f0ae46ab6a68f9fe",
    "remove_doubles": true,
    "edge_split": true,
    "denoise": true,
    "camera_angle_x": 0.6911112070083618,
    "scale_factor": 2.3726367805301756,
    "hdri_file": "/data/IndoorHDRDataset2018/AG8A0235-646e01f309.exr",
    "center_offset": [
        0.0,
        -1.862645149230957e-09,
        0.0
    ],
    "lights": [],
    "frames": [
        {
            "file_path": "/data/shapenet_blender/all_50_random/02958343/c9bc4690b171e5d7f0ae46ab6a68f9fe/r_0",
            "rotation": 0.12566370614359174,
            "transform_matrix": [
                [
                    -0.9933044910430908,
                    0.047691091895103455,
                    -0.10522250831127167,
                    -0.4241654872894287
                ],
                [
                    -0.11552583426237106,
                    -0.4100535213947296,
                    0.904715359210968,
                    3.647024154663086
                ],
                [
                    3.725290298461914e-09,
                    0.9108136296272278,
                    0.4128175973892212,
                    1.6641209125518799
                ],
                [
                    0.0,
                    0.0,
                    0.0,
                    1.0
                ]
            ]
        },
        {
            "file_path": "/data/shapenet_blender/all_50_random/02958343/c9bc4690b171e5d7f0ae46ab6a68f9fe/r_1",
            "rotation": 0.12566370614359174,
            "transform_matrix": [
                [
                    0.9834761619567871,
                    -0.07050228118896484,
                    -0.16674542427062988,
                    -0.6721723079681396
                ],
                [
                    -0.18103758990764618,
                    -0.3829995095729828,
                    -0.9058347940444946,
                    -3.6515369415283203
                ],
                [
                    0.0,
                    0.9210541844367981,
                    -0.38943442702293396,
                    -1.5698603391647339
                ],
                [
                    0.0,
                    0.0,
                    0.0,
                    1.0
                ]
            ]
        },
        {
            "file_path": "/data/shapenet_blender/all_50_random/02958343/c9bc4690b171e5d7f0ae46ab6a68f9fe/r_2",
            "rotation": 0.12566370614359174,
            "transform_matrix": [
                [
                    0.6661449074745178,
                    -0.30501842498779297,
                    0.6805987358093262,
                    2.7435812950134277
                ],
                [
                    0.7458223700523376,
                    0.272432804107666,
                    -0.6078892350196838,
                    -2.4504799842834473
                ],
                [
                    -1.4901162970204496e-08,
                    0.9125480055809021,
                    0.40896934270858765,
                    1.6486082077026367
                ],
                [
                    0.0,
                    0.0,
                    0.0,
                    1.0
                ]
            ]
        },
        {
            "file_path": "/data/shapenet_blender/all_50_random/02958343/c9bc4690b171e5d7f0ae46ab6a68f9fe/r_3",
            "rotation": 0.12566370614359174,
            "transform_matrix": [
                [
                    0.963626503944397,
                    0.002773428801447153,
                    -0.26723814010620117,
                    -1.0772713422775269
                ],
                [
                    -0.26725250482559204,
                    0.010000091046094894,
                    -0.9635746479034424,
                    -3.884293556213379
                ],
                [
                    0.0,
                    0.9999461770057678,
                    0.010377557948231697,
                    0.04183327406644821
                ],
                [
                    0.0,
                    0.0,
                    0.0,
                    1.0
                ]
            ]
        },
        {
            "file_path": "/data/shapenet_blender/all_50_random/02958343/c9bc4690b171e5d7f0ae46ab6a68f9fe/r_4",
            "rotation": 0.12566370614359174,
            "transform_matrix": [
                [
                    0.9450186491012573,
                    0.24928385019302368,
                    -0.21165388822555542,
                    -0.8532041907310486
                ],
                [
                    -0.32701653242111206,
                    0.7203851938247681,
                    -0.6116414070129395,
                    -2.4656057357788086
                ],
                [
                    -1.4901162970204496e-08,
                    0.647226870059967,
                    0.7622972726821899,
                    3.0729188919067383
                ],
                [
                    0.0,
                    0.0,
                    0.0,
                    1.0
                ]
            ]
        },
        {
            "file_path": "/data/shapenet_blender/all_50_random/02958343/c9bc4690b171e5d7f0ae46ab6a68f9fe/r_5",
            "rotation": 0.12566370614359174,
            "transform_matrix": [
                [
                    0.7337703108787537,
                    -0.6180553436279297,
                    0.28211459517478943,
                    1.1372404098510742
                ],
                [
                    0.6793976426124573,
                    0.6675187349319458,
                    -0.30469241738319397,
                    -1.2282545566558838
                ],
                [
                    0.0,
                    0.4152422547340393,
                    0.9097107648849487,
                    3.667161703109741
                ],
                [
                    0.0,
                    0.0,
                    0.0,
                    1.0
                ]
            ]
        },
        {
            "file_path": "/data/shapenet_blender/all_50_random/02958343/c9bc4690b171e5d7f0ae46ab6a68f9fe/r_6",
            "rotation": 0.12566370614359174,
            "transform_matrix": [
                [
                    -0.1834864765405655,
                    -0.5477737188339233,
                    -0.816257655620575,
                    -3.2904398441314697
                ],
                [
                    -0.9830223321914673,
                    0.10224495083093643,
                    0.15235893428325653,
                    0.6141785383224487
                ],
                [
                    0.0,
                    0.8303552269935608,
                    -0.5572343468666077,
                    -2.246283531188965
                ],
                [
                    0.0,
                    0.0,
                    0.0,
                    1.0
                ]
            ]
        },
        {
            "file_path": "/data/shapenet_blender/all_50_random/02958343/c9bc4690b171e5d7f0ae46ab6a68f9fe/r_7",
            "rotation": 0.12566370614359174,
            "transform_matrix": [
                [
                    -0.9994439482688904,
                    -0.015310724265873432,
                    0.029619447886943817,
                    0.11939981579780579
                ],
                [
                    0.03334261104464531,
                    -0.4589385688304901,
                    0.8878421783447266,
                    3.5790061950683594
                ],
                [
                    0.0,
                    0.8883361220359802,
                    0.4591938555240631,
                    1.851069688796997
                ],
                [
                    0.0,
                    0.0,
                    0.0,
                    1.0
                ]
            ]
        },
        {
            "file_path": "/data/shapenet_blender/all_50_random/02958343/c9bc4690b171e5d7f0ae46ab6a68f9fe/r_8",
            "rotation": 0.12566370614359174,
            "transform_matrix": [
                [
                    0.6539000272750854,
                    -0.306417316198349,
                    -0.691753625869751,
                    -2.788548231124878
                ],
                [
                    -0.7565810084342957,
                    -0.2648312449455261,
                    -0.5978708267211914,
                    -2.410094738006592
                ],
                [
                    0.0,
                    0.9143155217170715,
                    -0.405002623796463,
                    -1.6326179504394531
                ],
                [
                    0.0,
                    0.0,
                    0.0,
                    1.0
                ]
            ]
        },
        {
            "file_path": "/data/shapenet_blender/all_50_random/02958343/c9bc4690b171e5d7f0ae46ab6a68f9fe/r_9",
            "rotation": 0.12566370614359174,
            "transform_matrix": [
                [
                    0.7340235114097595,
                    0.28958356380462646,
                    -0.614288866519928,
                    -2.4762775897979736
                ],
                [
                    -0.6791240572929382,
                    0.3129930794239044,
                    -0.6639471054077148,
                    -2.6764564514160156
                ],
                [
                    -1.4901162970204496e-08,
                    0.9045310616493225,
                    0.42640751600265503,
                    1.718903660774231
                ],
                [
                    0.0,
                    0.0,
                    0.0,
                    1.0
                ]
            ]
        },
        {
            "file_path": "/data/shapenet_blender/all_50_random/02958343/c9bc4690b171e5d7f0ae46ab6a68f9fe/r_10",
            "rotation": 0.12566370614359174,
            "transform_matrix": [
                [
                    -0.976173460483551,
                    0.17148713767528534,
                    -0.13295644521713257,
                    -0.5359646081924438
                ],
                [
                    -0.2169913649559021,
                    -0.7714647650718689,
                    0.5981277227401733,
                    2.41113018989563
                ],
                [
                    -7.450580152834618e-09,
                    0.6127269268035889,
                    0.7902946472167969,
                    3.1857798099517822
                ],
                [
                    0.0,
                    0.0,
                    0.0,
                    1.0
                ]
            ]
        },
        {
            "file_path": "/data/shapenet_blender/all_50_random/02958343/c9bc4690b171e5d7f0ae46ab6a68f9fe/r_11",
            "rotation": 0.12566370614359174,
            "transform_matrix": [
                [
                    0.3106869161128998,
                    -0.2983711361885071,
                    -0.9024679064750671,
                    -3.6379644870758057
                ],
                [
                    -0.9505122900009155,
                    -0.09752636402845383,
                    -0.29498299956321716,
                    -1.1891144514083862
                ],
                [
                    0.0,
                    0.9494542479515076,
                    -0.31390559673309326,
                    -1.2653939723968506
                ],
                [
                    0.0,
                    0.0,
                    0.0,
                    1.0
                ]
            ]
        },
        {
            "file_path": "/data/shapenet_blender/all_50_random/02958343/c9bc4690b171e5d7f0ae46ab6a68f9fe/r_12",
            "rotation": 0.12566370614359174,
            "transform_matrix": [
                [
                    0.9579310417175293,
                    -0.18760894238948822,
                    -0.21718883514404297,
                    -0.8755162358283997
                ],
                [
                    -0.286998450756073,
                    -0.6261930465698242,
                    -0.7249234914779663,
                    -2.922260284423828
                ],
                [
                    -1.4901161193847656e-08,
                    0.7567595839500427,
                    -0.6536931395530701,
                    -2.6351215839385986
                ],
                [
                    0.0,
                    0.0,
                    0.0,
                    1.0
                ]
            ]
        },
        {
            "file_path": "/data/shapenet_blender/all_50_random/02958343/c9bc4690b171e5d7f0ae46ab6a68f9fe/r_13",
            "rotation": 0.12566370614359174,
            "transform_matrix": [
                [
                    0.7941977381706238,
                    0.5612764358520508,
                    -0.23284898698329926,
                    -0.9386443495750427
                ],
                [
                    -0.6076592803001404,
                    0.7335762977600098,
                    -0.30432865023612976,
                    -1.2267881631851196
                ],
                [
                    -1.4901160305669237e-08,
                    0.3831900656223297,
                    0.9236694574356079,
                    3.723430871963501
                ],
                [
                    0.0,
                    0.0,
                    0.0,
                    1.0
                ]
            ]
        },
        {
            "file_path": "/data/shapenet_blender/all_50_random/02958343/c9bc4690b171e5d7f0ae46ab6a68f9fe/r_14",
            "rotation": 0.12566370614359174,
            "transform_matrix": [
                [
                    0.9996871948242188,
                    -0.006244190037250519,
                    -0.024218909442424774,
                    -0.09762954711914062
                ],
                [
                    -0.025010909885168076,
                    -0.24958056211471558,
                    -0.9680309891700745,
                    -3.9022576808929443
                ],
                [
                    4.656613428188905e-10,
                    0.9683338403701782,
                    -0.24965867400169373,
                    -1.006406307220459
                ],
                [
                    0.0,
                    0.0,
                    0.0,
                    1.0
                ]
            ]
        },
        {
            "file_path": "/data/shapenet_blender/all_50_random/02958343/c9bc4690b171e5d7f0ae46ab6a68f9fe/r_15",
            "rotation": 0.12566370614359174,
            "transform_matrix": [
                [
                    -0.34502220153808594,
                    0.20637765526771545,
                    -0.9156243205070496,
                    -3.690999746322632
                ],
                [
                    -0.9385945796966553,
                    -0.0758632943034172,
                    0.33657848834991455,
                    1.3567912578582764
                ],
                [
                    0.0,
                    0.9755269289016724,
                    0.21987947821617126,
                    0.8863625526428223
                ],
                [
                    0.0,
                    0.0,
                    0.0,
                    1.0
                ]
            ]
        },
        {
            "file_path": "/data/shapenet_blender/all_50_random/02958343/c9bc4690b171e5d7f0ae46ab6a68f9fe/r_16",
            "rotation": 0.12566370614359174,
            "transform_matrix": [
                [
                    -0.8573387861251831,
                    0.35525527596473694,
                    0.3725104033946991,
                    1.501637578010559
                ],
                [
                    0.5147526860237122,
                    0.591690182685852,
                    0.6204291582107544,
                    2.501030206680298
                ],
                [
                    -1.4901162970204496e-08,
                    0.7236686944961548,
                    -0.6901473999023438,
                    -2.782073497772217
                ],
                [
                    0.0,
                    0.0,
                    0.0,
                    1.0
                ]
            ]
        },
        {
            "file_path": "/data/shapenet_blender/all_50_random/02958343/c9bc4690b171e5d7f0ae46ab6a68f9fe/r_17",
            "rotation": 0.12566370614359174,
            "transform_matrix": [
                [
                    0.21765346825122833,
                    -0.5798937678337097,
                    -0.7850797176361084,
                    -3.164757490158081
                ],
                [
                    -0.9760260581970215,
                    -0.12931610643863678,
                    -0.17507249116897583,
                    -0.7057397961616516
                ],
                [
                    -7.450580152834618e-09,
                    0.8043633103370667,
                    -0.5941376090049744,
                    -2.395045280456543
                ],
                [
                    0.0,
                    0.0,
                    0.0,
                    1.0
                ]
            ]
        },
        {
            "file_path": "/data/shapenet_blender/all_50_random/02958343/c9bc4690b171e5d7f0ae46ab6a68f9fe/r_18",
            "rotation": 0.12566370614359174,
            "transform_matrix": [
                [
                    -0.7101396918296814,
                    0.16024579107761383,
                    0.685582160949707,
                    2.7636702060699463
                ],
                [
                    0.7040608525276184,
                    0.16162936389446259,
                    0.6915014982223511,
                    2.787531614303589
                ],
                [
                    -7.450580596923828e-09,
                    0.9737541675567627,
                    -0.22760222852230072,
                    -0.9174939393997192
                ],
                [
                    0.0,
                    0.0,
                    0.0,
                    1.0
                ]
            ]
        },
        {
            "file_path": "/data/shapenet_blender/all_50_random/02958343/c9bc4690b171e5d7f0ae46ab6a68f9fe/r_19",
            "rotation": 0.12566370614359174,
            "transform_matrix": [
                [
                    0.99615079164505,
                    0.017325537279248238,
                    0.08592669665813446,
                    0.34638160467147827
                ],
                [
                    0.08765598386526108,
                    -0.19689296185970306,
                    -0.9764986038208008,
                    -3.936391830444336
                ],
                [
                    -1.862645149230957e-09,
                    0.9802718758583069,
                    -0.19765374064445496,
                    -0.7967677116394043
                ],
                [
                    0.0,
                    0.0,
                    0.0,
                    1.0
                ]
            ]
        },
        {
            "file_path": "/data/shapenet_blender/all_50_random/02958343/c9bc4690b171e5d7f0ae46ab6a68f9fe/r_20",
            "rotation": 0.12566370614359174,
            "transform_matrix": [
                [
                    -0.08846276253461838,
                    -0.1616697758436203,
                    0.9828718304634094,
                    3.962083339691162
                ],
                [
                    0.9960795044898987,
                    -0.01435804646462202,
                    0.08728977292776108,
                    0.3518763482570648
                ],
                [
                    9.313225746154785e-10,
                    0.9867404103279114,
                    0.16230608522891998,
                    0.6542767882347107
                ],
                [
                    0.0,
                    0.0,
                    0.0,
                    1.0
                ]
            ]
        },
        {
            "file_path": "/data/shapenet_blender/all_50_random/02958343/c9bc4690b171e5d7f0ae46ab6a68f9fe/r_21",
            "rotation": 0.12566370614359174,
            "transform_matrix": [
                [
                    0.5839628577232361,
                    -0.759414792060852,
                    -0.2868388295173645,
                    -1.1562843322753906
                ],
                [
                    -0.8117803931236267,
                    -0.5462930798530579,
                    -0.20634055137634277,
                    -0.8317853808403015
                ],
                [
                    0.0,
                    0.3533453643321991,
                    -0.9354929327964783,
                    -3.771092653274536
                ],
                [
                    0.0,
                    0.0,
                    0.0,
                    1.0
                ]
            ]
        },
        {
            "file_path": "/data/shapenet_blender/all_50_random/02958343/c9bc4690b171e5d7f0ae46ab6a68f9fe/r_22",
            "rotation": 0.12566370614359174,
            "transform_matrix": [
                [
                    0.9634222388267517,
                    0.07224580645561218,
                    0.2580661177635193,
                    1.0402977466583252
                ],
                [
                    0.267987996339798,
                    -0.2597251236438751,
                    -0.9277528524398804,
                    -3.739891290664673
                ],
                [
                    7.4505797087454084e-09,
                    0.9629762768745422,
                    -0.2695860266685486,
                    -1.0867360830307007
                ],
                [
                    0.0,
                    0.0,
                    0.0,
                    1.0
                ]
            ]
        },
        {
            "file_path": "/data/shapenet_blender/all_50_random/02958343/c9bc4690b171e5d7f0ae46ab6a68f9fe/r_23",
            "rotation": 0.12566370614359174,
            "transform_matrix": [
                [
                    -0.5543336868286133,
                    -0.07978234440088272,
                    -0.828461766242981,
                    -3.3396360874176025
                ],
                [
                    -0.8322945237159729,
                    0.05313749238848686,
                    0.5517809987068176,
                    2.2243003845214844
                ],
                [
                    0.0,
                    0.9953949451446533,
                    -0.09585831314325333,
                    -0.3864172101020813
                ],
                [
                    0.0,
                    0.0,
                    0.0,
                    1.0
                ]
            ]
        },
        {
            "file_path": "/data/shapenet_blender/all_50_random/02958343/c9bc4690b171e5d7f0ae46ab6a68f9fe/r_24",
            "rotation": 0.12566370614359174,
            "transform_matrix": [
                [
                    0.8884007930755615,
                    -0.12278537452220917,
                    0.44234347343444824,
                    1.7831435203552246
                ],
                [
                    0.4590685963630676,
                    0.23761725425720215,
                    -0.8560339212417603,
                    -3.4507830142974854
                ],
                [
                    7.450580152834618e-09,
                    0.9635672569274902,
                    0.267466276884079,
                    1.0781910419464111
                ],
                [
                    0.0,
                    0.0,
                    0.0,
                    1.0
                ]
            ]
        },
        {
            "file_path": "/data/shapenet_blender/all_50_random/02958343/c9bc4690b171e5d7f0ae46ab6a68f9fe/r_25",
            "rotation": 0.12566370614359174,
            "transform_matrix": [
                [
                    -0.903012752532959,
                    -0.18678797781467438,
                    -0.3868826925754547,
                    -1.559574007987976
                ],
                [
                    -0.42961376905441284,
                    0.3926129639148712,
                    0.8131955862045288,
                    3.2780961990356445
                ],
                [
                    0.0,
                    0.9005361795425415,
                    -0.43478119373321533,
                    -1.7526590824127197
                ],
                [
                    0.0,
                    0.0,
                    0.0,
                    1.0
                ]
            ]
        },
        {
            "file_path": "/data/shapenet_blender/all_50_random/02958343/c9bc4690b171e5d7f0ae46ab6a68f9fe/r_26",
            "rotation": 0.12566370614359174,
            "transform_matrix": [
                [
                    -0.9673988223075867,
                    -0.13684701919555664,
                    0.2131015509366989,
                    0.8590399026870728
                ],
                [
                    0.25325754284858704,
                    -0.5227313041687012,
                    0.8140100836753845,
                    3.2813799381256104
                ],
                [
                    0.0,
                    0.8414421081542969,
                    0.540347158908844,
                    2.1782093048095703
                ],
                [
                    0.0,
                    0.0,
                    0.0,
                    1.0
                ]
            ]
        },
        {
            "file_path": "/data/shapenet_blender/all_50_random/02958343/c9bc4690b171e5d7f0ae46ab6a68f9fe/r_27",
            "rotation": 0.12566370614359174,
            "transform_matrix": [
                [
                    -0.45945650339126587,
                    0.7985637784004211,
                    0.38883885741233826,
                    1.5674595832824707
                ],
                [
                    0.8882004022598267,
                    0.41308844089508057,
                    0.20114214718341827,
                    0.8108299374580383
                ],
                [
                    0.0,
                    0.43778273463249207,
                    -0.899080753326416,
                    -3.6243104934692383
                ],
                [
                    0.0,
                    0.0,
                    0.0,
                    1.0
                ]
            ]
        },
        {
            "file_path": "/data/shapenet_blender/all_50_random/02958343/c9bc4690b171e5d7f0ae46ab6a68f9fe/r_28",
            "rotation": 0.12566370614359174,
            "transform_matrix": [
                [
                    -0.6574000716209412,
                    -0.024075888097286224,
                    0.7531570792198181,
                    3.0360732078552246
                ],
                [
                    0.7535417675971985,
                    -0.02100413106381893,
                    0.6570644378662109,
                    2.6487114429473877
                ],
                [
                    0.0,
                    0.9994893670082092,
                    0.03195030987262726,
                    0.1287958174943924
                ],
                [
                    0.0,
                    0.0,
                    0.0,
                    1.0
                ]
            ]
        },
        {
            "file_path": "/data/shapenet_blender/all_50_random/02958343/c9bc4690b171e5d7f0ae46ab6a68f9fe/r_29",
            "rotation": 0.12566370614359174,
            "transform_matrix": [
                [
                    -0.9795061945915222,
                    0.1669250875711441,
                    0.11271081864833832,
                    0.4543517827987671
                ],
                [
                    0.2014143019914627,
                    0.8117802739143372,
                    0.5481286644935608,
                    2.2095770835876465
                ],
                [
                    0.0,
                    0.5595968961715698,
                    -0.8287649750709534,
                    -3.340857982635498
                ],
                [
                    0.0,
                    0.0,
                    0.0,
                    1.0
                ]
            ]
        },
        {
            "file_path": "/data/shapenet_blender/all_50_random/02958343/c9bc4690b171e5d7f0ae46ab6a68f9fe/r_30",
            "rotation": 0.12566370614359174,
            "transform_matrix": [
                [
                    -0.07663340121507645,
                    0.07999882102012634,
                    -0.993844747543335,
                    -4.006316184997559
                ],
                [
                    -0.9970593452453613,
                    -0.0061486633494496346,
                    0.07638632506132126,
                    0.3079231083393097
                ],
                [
                    -4.656612873077393e-10,
                    0.9967759251594543,
                    0.08023477345705032,
                    0.3234367072582245
                ],
                [
                    0.0,
                    0.0,
                    0.0,
                    1.0
                ]
            ]
        },
        {
            "file_path": "/data/shapenet_blender/all_50_random/02958343/c9bc4690b171e5d7f0ae46ab6a68f9fe/r_31",
            "rotation": 0.12566370614359174,
            "transform_matrix": [
                [
                    -0.8756737112998962,
                    -0.022750310599803925,
                    -0.4823668897151947,
                    -1.9444832801818848
                ],
                [
                    -0.4829031229019165,
                    0.04125434160232544,
                    0.8747013807296753,
                    3.526034355163574
                ],
                [
                    0.0,
                    0.998889684677124,
                    -0.04711153358221054,
                    -0.18991267681121826
                ],
                [
                    0.0,
                    0.0,
                    0.0,
                    1.0
                ]
            ]
        },
        {
            "file_path": "/data/shapenet_blender/all_50_random/02958343/c9bc4690b171e5d7f0ae46ab6a68f9fe/r_32",
            "rotation": 0.12566370614359174,
            "transform_matrix": [
                [
                    0.7634514570236206,
                    0.5475023984909058,
                    0.3426119387149811,
                    1.3811129331588745
                ],
                [
                    0.645865261554718,
                    -0.6471806168556213,
                    -0.4049878418445587,
                    -1.6325582265853882
                ],
                [
                    -1.4901162970204496e-08,
                    0.5304696559906006,
                    -0.8477038741111755,
                    -3.417203664779663
                ],
                [
                    0.0,
                    0.0,
                    0.0,
                    1.0
                ]
            ]
        },
        {
            "file_path": "/data/shapenet_blender/all_50_random/02958343/c9bc4690b171e5d7f0ae46ab6a68f9fe/r_33",
            "rotation": 0.12566370614359174,
            "transform_matrix": [
                [
                    0.5820178389549255,
                    0.12277498841285706,
                    -0.8038541674613953,
                    -3.2404396533966064
                ],
                [
                    -0.8131759166717529,
                    0.08787425607442856,
                    -0.5753458738327026,
                    -2.319293260574341
                ],
                [
                    0.0,
                    0.988536536693573,
                    0.1509820520877838,
                    0.6086280941963196
                ],
                [
                    0.0,
                    0.0,
                    0.0,
                    1.0
                ]
            ]
        },
        {
            "file_path": "/data/shapenet_blender/all_50_random/02958343/c9bc4690b171e5d7f0ae46ab6a68f9fe/r_34",
            "rotation": 0.12566370614359174,
            "transform_matrix": [
                [
                    0.10761923342943192,
                    0.20561806857585907,
                    -0.972696840763092,
                    -3.9210665225982666
                ],
                [
                    -0.9941921234130859,
                    0.0222577303647995,
                    -0.105292409658432,
                    -0.42444729804992676
                ],
                [
                    1.862645149230957e-09,
                    0.9783790707588196,
                    0.20681923627853394,
                    0.8337150812149048
                ],
                [
                    0.0,
                    0.0,
                    0.0,
                    1.0
                ]
            ]
        },
        {
            "file_path": "/data/shapenet_blender/all_50_random/02958343/c9bc4690b171e5d7f0ae46ab6a68f9fe/r_35",
            "rotation": 0.12566370614359174,
            "transform_matrix": [
                [
                    0.4296634793281555,
                    -0.2829855680465698,
                    0.8575013279914856,
                    3.456698417663574
                ],
                [
                    0.9029892086982727,
                    0.13465118408203125,
                    -0.4080192744731903,
                    -1.6447782516479492
                ],
                [
                    0.0,
                    0.9496253132820129,
                    0.31338757276535034,
                    1.2633056640625
                ],
                [
                    0.0,
                    0.0,
                    0.0,
                    1.0
                ]
            ]
        },
        {
            "file_path": "/data/shapenet_blender/all_50_random/02958343/c9bc4690b171e5d7f0ae46ab6a68f9fe/r_36",
            "rotation": 0.12566370614359174,
            "transform_matrix": [
                [
                    0.7521718740463257,
                    -0.40673133730888367,
                    0.5184661746025085,
                    2.0900039672851562
                ],
                [
                    0.6589670181274414,
                    0.46425971388816833,
                    -0.5917984247207642,
                    -2.385615825653076
                ],
                [
                    1.4901161193847656e-08,
                    0.7867862582206726,
                    0.6172255873680115,
                    2.4881160259246826
                ],
                [
                    0.0,
                    0.0,
                    0.0,
                    1.0
                ]
            ]
        },
        {
            "file_path": "/data/shapenet_blender/all_50_random/02958343/c9bc4690b171e5d7f0ae46ab6a68f9fe/r_37",
            "rotation": 0.12566370614359174,
            "transform_matrix": [
                [
                    -0.9041731357574463,
                    -0.3035746216773987,
                    -0.3005220890045166,
                    -1.2114434242248535
                ],
                [
                    -0.4271664023399353,
                    0.6425693035125732,
                    0.6361081004142761,
                    2.5642340183258057
                ],
                [
                    0.0,
                    0.7035247683525085,
                    -0.7106706500053406,
                    -2.864805221557617
                ],
                [
                    0.0,
                    0.0,
                    0.0,
                    1.0
                ]
            ]
        },
        {
            "file_path": "/data/shapenet_blender/all_50_random/02958343/c9bc4690b171e5d7f0ae46ab6a68f9fe/r_38",
            "rotation": 0.12566370614359174,
            "transform_matrix": [
                [
                    0.27040085196495056,
                    -0.4927067160606384,
                    -0.8271175622940063,
                    -3.3342175483703613
                ],
                [
                    -0.9627478718757629,
                    -0.1383833885192871,
                    -0.23230722546577454,
                    -0.9364603757858276
                ],
                [
                    0.0,
                    0.8591217398643494,
                    -0.5117713212966919,
                    -2.063016176223755
                ],
                [
                    0.0,
                    0.0,
                    0.0,
                    1.0
                ]
            ]
        },
        {
            "file_path": "/data/shapenet_blender/all_50_random/02958343/c9bc4690b171e5d7f0ae46ab6a68f9fe/r_39",
            "rotation": 0.12566370614359174,
            "transform_matrix": [
                [
                    -0.0892753154039383,
                    0.42272138595581055,
                    -0.9018515944480896,
                    -3.6354804039001465
                ],
                [
                    -0.996006965637207,
                    -0.037889882922172546,
                    0.08083586394786835,
                    0.32585981488227844
                ],
                [
                    -3.725290298461914e-09,
                    0.9054672122001648,
                    0.42441606521606445,
                    1.7108759880065918
                ],
                [
                    0.0,
                    0.0,
                    0.0,
                    1.0
                ]
            ]
        },
        {
            "file_path": "/data/shapenet_blender/all_50_random/02958343/c9bc4690b171e5d7f0ae46ab6a68f9fe/r_40",
            "rotation": 0.12566370614359174,
            "transform_matrix": [
                [
                    0.8034203052520752,
                    0.4050630033016205,
                    -0.43639424443244934,
                    -1.7591614723205566
                ],
                [
                    -0.5954124927520752,
                    0.5465720295906067,
                    -0.588848888874054,
                    -2.3737258911132812
                ],
                [
                    0.0,
                    0.7329276204109192,
                    0.6803065538406372,
                    2.742403507232666
                ],
                [
                    0.0,
                    0.0,
                    0.0,
                    1.0
                ]
            ]
        },
        {
            "file_path": "/data/shapenet_blender/all_50_random/02958343/c9bc4690b171e5d7f0ae46ab6a68f9fe/r_41",
            "rotation": 0.12566370614359174,
            "transform_matrix": [
                [
                    0.9999704360961914,
                    0.001983514055609703,
                    -0.007430329453200102,
                    -0.02995261549949646
                ],
                [
                    -0.007690521888434887,
                    0.25790905952453613,
                    -0.9661386013031006,
                    -3.8946292400360107
                ],
                [
