{
    "class": "02958343",
    "model": "c951be855f20a1bfb2a29f45da811562",
    "remove_doubles": true,
    "edge_split": true,
    "denoise": true,
    "camera_angle_x": 0.6911112070083618,
    "scale_factor": 2.2577107965820282,
    "hdri_file": "/data/IndoorHDRDataset2018/9C4A8124-c8e8102910.exr",
    "center_offset": [
        0.0,
        -1.862645149230957e-09,
        -3.725290298461914e-09
    ],
    "lights": [],
    "frames": [
        {
            "file_path": "/data/shapenet_blender/all_50_random/02958343/c951be855f20a1bfb2a29f45da811562/r_0",
            "rotation": 0.12566370614359174,
            "transform_matrix": [
                [
                    -0.8100616335868835,
                    -0.12935981154441833,
                    -0.5718968510627747,
                    -2.3053901195526123
                ],
                [
                    -0.5863445997238159,
                    0.17871643602848053,
                    0.7901014685630798,
                    3.1850011348724365
                ],
                [
                    -1.4901160305669237e-08,
                    0.9753596186637878,
                    -0.2206207662820816,
                    -0.8893508315086365
                ],
                [
                    0.0,
                    0.0,
                    0.0,
                    1.0
                ]
            ]
        },
        {
            "file_path": "/data/shapenet_blender/all_50_random/02958343/c951be855f20a1bfb2a29f45da811562/r_1",
            "rotation": 0.12566370614359174,
            "transform_matrix": [
                [
                    0.036870453506708145,
                    -0.46917057037353516,
                    0.8823375105857849,
                    3.556816339492798
                ],
                [
                    0.9993201494216919,
                    0.01731030084192753,
                    -0.03255431726574898,
                    -0.1312306523323059
                ],
                [
                    -9.31322685637781e-10,
                    0.8829379081726074,
                    0.46948981285095215,
                    1.8925739526748657
                ],
                [
                    0.0,
                    0.0,
                    0.0,
                    1.0
                ]
            ]
        },
        {
            "file_path": "/data/shapenet_blender/all_50_random/02958343/c951be855f20a1bfb2a29f45da811562/r_2",
            "rotation": 0.12566370614359174,
            "transform_matrix": [
                [
                    -0.9655330181121826,
                    -0.047386106103658676,
                    -0.2559310495853424,
                    -1.0316911935806274
                ],
                [
                    -0.260280966758728,
                    0.17578254640102386,
                    0.9493967890739441,
                    3.827141046524048
                ],
                [
                    0.0,
                    0.9832878708839417,
                    -0.18205752968788147,
                    -0.7338974475860596
                ],
                [
                    0.0,
                    0.0,
                    0.0,
                    1.0
                ]
            ]
        },
        {
            "file_path": "/data/shapenet_blender/all_50_random/02958343/c951be855f20a1bfb2a29f45da811562/r_3",
            "rotation": 0.12566370614359174,
            "transform_matrix": [
                [
                    0.9396106004714966,
                    -0.07974541187286377,
                    -0.33282533288002014,
                    -1.341661810874939
                ],
                [
                    -0.34224557876586914,
                    -0.2189352810382843,
                    -0.9137479662895203,
                    -3.6834359169006348
                ],
                [
                    0.0,
                    0.9724752306938171,
                    -0.23300640285015106,
                    -0.9392788410186768
                ],
                [
                    0.0,
                    0.0,
                    0.0,
                    1.0
                ]
            ]
        },
        {
            "file_path": "/data/shapenet_blender/all_50_random/02958343/c951be855f20a1bfb2a29f45da811562/r_4",
            "rotation": 0.12566370614359174,
            "transform_matrix": [
                [
                    -0.08418095856904984,
                    0.291473388671875,
                    0.9528676271438599,
                    3.841132402420044
                ],
                [
                    0.9964505434036255,
                    0.024623911827802658,
                    0.08049903810024261,
                    0.32450202107429504
                ],
                [
                    0.0,
                    0.9562619924545288,
                    -0.29251164197921753,
                    -1.179152250289917
                ],
                [
                    0.0,
                    0.0,
                    0.0,
                    1.0
                ]
            ]
        },
        {
            "file_path": "/data/shapenet_blender/all_50_random/02958343/c951be855f20a1bfb2a29f45da811562/r_5",
            "rotation": 0.12566370614359174,
            "transform_matrix": [
                [
                    0.4455036520957947,
                    -0.4641386568546295,
                    0.7655728459358215,
                    3.086122751235962
                ],
                [
                    0.8952800631523132,
                    0.23096176981925964,
                    -0.38095957040786743,
                    -1.535697102546692
                ],
                [
                    0.0,
                    0.8551209568977356,
                    0.5184284448623657,
                    2.0898518562316895
                ],
                [
                    0.0,
                    0.0,
                    0.0,
                    1.0
                ]
            ]
        },
        {
            "file_path": "/data/shapenet_blender/all_50_random/02958343/c951be855f20a1bfb2a29f45da811562/r_6",
            "rotation": 0.12566370614359174,
            "transform_matrix": [
                [
                    -0.002194570377469063,
                    0.013371654786169529,
                    -0.9999082088470459,
                    -4.030758857727051
                ],
                [
                    -0.999997615814209,
                    -2.934510848717764e-05,
                    0.0021943743340671062,
                    0.008845806121826172
                ],
                [
                    1.8189894035458565e-12,
                    0.9999105930328369,
                    0.013371686451137066,
                    0.053902991116046906
                ],
                [
                    0.0,
                    0.0,
                    0.0,
                    1.0
                ]
            ]
        },
        {
            "file_path": "/data/shapenet_blender/all_50_random/02958343/c951be855f20a1bfb2a29f45da811562/r_7",
            "rotation": 0.12566370614359174,
            "transform_matrix": [
                [
                    -0.8331105709075928,
                    -0.23650939762592316,
                    0.49999016523361206,
                    2.0155248641967773
                ],
                [
                    0.5531066060066223,
                    -0.3562396168708801,
                    0.7531045079231262,
                    3.0358614921569824
                ],
                [
                    1.4901162970204496e-08,
                    0.9039671421051025,
                    0.4276018440723419,
                    1.7237181663513184
                ],
                [
                    0.0,
                    0.0,
                    0.0,
                    1.0
                ]
            ]
        },
        {
            "file_path": "/data/shapenet_blender/all_50_random/02958343/c951be855f20a1bfb2a29f45da811562/r_8",
            "rotation": 0.12566370614359174,
            "transform_matrix": [
                [
                    0.944402277469635,
                    0.05035356804728508,
                    -0.3249136209487915,
                    -1.3097686767578125
                ],
                [
                    -0.3287922441959381,
                    0.14463242888450623,
                    -0.933261513710022,
                    -3.7620975971221924
                ],
                [
                    0.0,
                    0.9882033467292786,
                    0.15314707159996033,
                    0.6173555850982666
                ],
                [
                    0.0,
                    0.0,
                    0.0,
                    1.0
                ]
            ]
        },
        {
            "file_path": "/data/shapenet_blender/all_50_random/02958343/c951be855f20a1bfb2a29f45da811562/r_9",
            "rotation": 0.12566370614359174,
            "transform_matrix": [
                [
                    -0.5154513716697693,
                    -0.1372443437576294,
                    -0.8458568453788757,
                    -3.4097580909729004
                ],
                [
                    -0.8569188714027405,
                    0.08255483210086823,
                    0.5087974071502686,
                    2.05102801322937
                ],
                [
                    0.0,
                    0.9870910048484802,
                    -0.16016028821468353,
                    -0.6456267833709717
                ],
                [
                    0.0,
                    0.0,
                    0.0,
                    1.0
                ]
            ]
        },
        {
            "file_path": "/data/shapenet_blender/all_50_random/02958343/c951be855f20a1bfb2a29f45da811562/r_10",
            "rotation": 0.12566370614359174,
            "transform_matrix": [
                [
                    -0.9478402137756348,
                    -0.02028004638850689,
                    0.3180999457836151,
                    1.2823020219802856
                ],
                [
                    0.31874576210975647,
                    -0.0603058822453022,
                    0.9459198117256165,
                    3.813124895095825
                ],
                [
                    1.8626450382086546e-09,
                    0.9979739189147949,
                    0.06362451612949371,
                    0.2564786672592163
                ],
                [
                    0.0,
                    0.0,
                    0.0,
                    1.0
                ]
            ]
        },
        {
            "file_path": "/data/shapenet_blender/all_50_random/02958343/c951be855f20a1bfb2a29f45da811562/r_11",
            "rotation": 0.12566370614359174,
            "transform_matrix": [
                [
                    -0.18173377215862274,
                    0.412565141916275,
                    0.892615795135498,
                    3.5982489585876465
                ],
                [
                    0.9833478331565857,
                    0.07624668627977371,
                    0.1649654656648636,
                    0.6649969816207886
                ],
                [
                    0.0,
                    0.9077314734458923,
                    -0.41955164074897766,
                    -1.6912665367126465
                ],
                [
                    0.0,
                    0.0,
                    0.0,
                    1.0
                ]
            ]
        },
        {
            "file_path": "/data/shapenet_blender/all_50_random/02958343/c951be855f20a1bfb2a29f45da811562/r_12",
            "rotation": 0.12566370614359174,
            "transform_matrix": [
                [
                    0.4499891996383667,
                    0.4738123416900635,
                    0.7569752335548401,
                    3.0514650344848633
                ],
                [
                    0.8930341005325317,
                    -0.23874837160110474,
                    -0.3814307749271393,
                    -1.5375967025756836
                ],
                [
                    0.0,
                    0.8476444482803345,
                    -0.5305646061897278,
                    -2.1387746334075928
                ],
                [
                    0.0,
                    0.0,
                    0.0,
                    1.0
                ]
            ]
        },
        {
            "file_path": "/data/shapenet_blender/all_50_random/02958343/c951be855f20a1bfb2a29f45da811562/r_13",
            "rotation": 0.12566370614359174,
            "transform_matrix": [
                [
                    -0.9983229637145996,
                    0.015393119305372238,
                    0.05580497905611992,
                    0.22495707869529724
                ],
                [
                    0.05788906663656235,
                    0.265461266040802,
                    0.9623819589614868,
                    3.879486083984375
                ],
                [
                    0.0,
                    0.963998556137085,
                    -0.2659071683883667,
                    -1.0719062089920044
                ],
                [
                    0.0,
                    0.0,
                    0.0,
                    1.0
                ]
            ]
        },
        {
            "file_path": "/data/shapenet_blender/all_50_random/02958343/c951be855f20a1bfb2a29f45da811562/r_14",
            "rotation": 0.12566370614359174,
            "transform_matrix": [
                [
                    0.7221823334693909,
                    -0.5139470100402832,
                    0.46293753385543823,
                    1.8661608695983887
                ],
                [
                    0.6917027831077576,
                    0.5365938544273376,
                    -0.4833366274833679,
                    -1.9483922719955444
                ],
                [
                    -1.4901159417490817e-08,
                    0.6692723035812378,
                    0.7430171966552734,
                    2.9951980113983154
                ],
                [
                    0.0,
                    0.0,
                    0.0,
                    1.0
                ]
            ]
        },
        {
            "file_path": "/data/shapenet_blender/all_50_random/02958343/c951be855f20a1bfb2a29f45da811562/r_15",
            "rotation": 0.12566370614359174,
            "transform_matrix": [
                [
                    -0.24531957507133484,
                    0.17852698266506195,
                    -0.9528622031211853,
                    -3.8411104679107666
                ],
                [
                    -0.9694423079490662,
                    -0.04517665132880211,
                    0.24112392961978912,
                    0.9720016717910767
                ],
                [
                    3.725290742551124e-09,
                    0.9828973412513733,
                    0.18415431678295135,
                    0.7423498034477234
                ],
                [
                    0.0,
                    0.0,
                    0.0,
                    1.0
                ]
            ]
        },
        {
            "file_path": "/data/shapenet_blender/all_50_random/02958343/c951be855f20a1bfb2a29f45da811562/r_16",
            "rotation": 0.12566370614359174,
            "transform_matrix": [
                [
                    0.6152023673057556,
                    -0.7633580565452576,
                    -0.197004035115242,
                    -0.7941486835479736
                ],
                [
                    -0.7883692979812622,
                    -0.5956848859786987,
                    -0.15373170375823975,
                    -0.6197122931480408
                ],
                [
                    7.450580596923828e-09,
                    0.24988804757595062,
                    -0.968274712562561,
                    -3.903240203857422
                ],
                [
                    0.0,
                    0.0,
                    0.0,
                    1.0
                ]
            ]
        },
        {
            "file_path": "/data/shapenet_blender/all_50_random/02958343/c951be855f20a1bfb2a29f45da811562/r_17",
            "rotation": 0.12566370614359174,
            "transform_matrix": [
                [
                    0.14498509466648102,
                    -0.5652352571487427,
                    0.8120887875556946,
                    3.273634910583496
                ],
                [
                    0.9894338250160217,
                    0.08282584697008133,
                    -0.11899813264608383,
                    -0.4796968400478363
                ],
                [
                    0.0,
                    0.8207611441612244,
                    0.5712714195251465,
                    2.3028690814971924
                ],
                [
                    0.0,
                    0.0,
                    0.0,
                    1.0
                ]
            ]
        },
        {
            "file_path": "/data/shapenet_blender/all_50_random/02958343/c951be855f20a1bfb2a29f45da811562/r_18",
            "rotation": 0.12566370614359174,
            "transform_matrix": [
                [
                    0.2411588430404663,
                    0.3458396792411804,
                    -0.906773030757904,
                    -3.6553189754486084
                ],
                [
                    -0.9704856872558594,
                    0.08593872934579849,
                    -0.22532671689987183,
                    -0.9083210229873657
                ],
                [
                    0.0,
                    0.9343496561050415,
                    0.3563573658466339,
                    1.4365224838256836
                ],
                [
                    0.0,
                    0.0,
                    0.0,
                    1.0
                ]
            ]
        },
        {
            "file_path": "/data/shapenet_blender/all_50_random/02958343/c951be855f20a1bfb2a29f45da811562/r_19",
            "rotation": 0.12566370614359174,
            "transform_matrix": [
                [
                    0.6385177373886108,
                    0.45227712392807007,
                    -0.6226881146430969,
                    -2.510136365890503
                ],
                [
                    -0.7696071863174438,
                    0.37523940205574036,
                    -0.5166237950325012,
                    -2.0825774669647217
                ],
                [
                    -1.4901161193847656e-08,
                    0.8090987801551819,
                    0.5876726508140564,
                    2.3689844608306885
                ],
                [
                    0.0,
                    0.0,
                    0.0,
                    1.0
                ]
            ]
        },
        {
            "file_path": "/data/shapenet_blender/all_50_random/02958343/c951be855f20a1bfb2a29f45da811562/r_20",
            "rotation": 0.12566370614359174,
            "transform_matrix": [
                [
                    -0.9901727437973022,
                    0.11427931487560272,
                    0.08061165362596512,
                    0.3249559700489044
                ],
                [
                    0.1398499310016632,
                    0.8091263175010681,
                    0.5707508325576782,
                    2.3007702827453613
                ],
                [
                    7.450580596923828e-09,
                    0.5764154195785522,
                    -0.8171567916870117,
                    -3.2940642833709717
                ],
                [
                    0.0,
                    0.0,
                    0.0,
                    1.0
                ]
            ]
        },
        {
            "file_path": "/data/shapenet_blender/all_50_random/02958343/c951be855f20a1bfb2a29f45da811562/r_21",
            "rotation": 0.12566370614359174,
            "transform_matrix": [
                [
                    0.8680242896080017,
                    0.14180245995521545,
                    0.47584226727485657,
                    1.9181815385818481
                ],
                [
                    0.4965216815471649,
                    -0.24790051579475403,
                    -0.831872284412384,
                    -3.353384494781494
                ],
                [
                    7.450580596923828e-09,
                    0.9583513736724854,
                    -0.28559166193008423,
                    -1.151256799697876
                ],
                [
                    0.0,
                    0.0,
                    0.0,
                    1.0
                ]
            ]
        },
        {
            "file_path": "/data/shapenet_blender/all_50_random/02958343/c951be855f20a1bfb2a29f45da811562/r_22",
            "rotation": 0.12566370614359174,
            "transform_matrix": [
                [
                    -0.10140416771173477,
                    -0.41285666823387146,
                    -0.9051334857940674,
                    -3.648709774017334
                ],
                [
                    -0.9948453903198242,
                    0.04208230599761009,
                    0.09225986897945404,
                    0.3719114363193512
                ],
                [
                    3.725290298461914e-09,
                    0.9098233580589294,
                    -0.41499581933021545,
                    -1.6729016304016113
                ],
                [
                    0.0,
                    0.0,
                    0.0,
                    1.0
                ]
            ]
        },
        {
            "file_path": "/data/shapenet_blender/all_50_random/02958343/c951be855f20a1bfb2a29f45da811562/r_23",
            "rotation": 0.12566370614359174,
            "transform_matrix": [
                [
                    0.6438357830047607,
                    0.1222570389509201,
                    0.7553334832191467,
                    3.044846773147583
                ],
                [
                    0.7651637196540833,
                    -0.10287138819694519,
                    -0.6355642676353455,
                    -2.5620415210723877
                ],
                [
                    0.0,
                    0.9871528148651123,
                    -0.1597789227962494,
                    -0.6440894603729248
                ],
                [
                    0.0,
                    0.0,
                    0.0,
                    1.0
                ]
            ]
        },
        {
            "file_path": "/data/shapenet_blender/all_50_random/02958343/c951be855f20a1bfb2a29f45da811562/r_24",
            "rotation": 0.12566370614359174,
            "transform_matrix": [
                [
                    -0.7323101162910461,
                    -0.23123006522655487,
                    -0.6405109763145447,
                    -2.5819826126098633
                ],
                [
                    -0.6809711456298828,
                    0.24866269528865814,
                    0.6887996792793274,
                    2.7766406536102295
                ],
                [
                    -1.4901161193847656e-08,
                    0.9405845999717712,
                    -0.3395592272281647,
                    -1.3688071966171265
                ],
                [
                    0.0,
                    0.0,
                    0.0,
                    1.0
                ]
            ]
        },
        {
            "file_path": "/data/shapenet_blender/all_50_random/02958343/c951be855f20a1bfb2a29f45da811562/r_25",
            "rotation": 0.12566370614359174,
            "transform_matrix": [
                [
                    0.7470353841781616,
                    0.3213275969028473,
                    0.5819680094718933,
                    2.3459880352020264
                ],
                [
                    0.6647842526435852,
                    -0.3610841631889343,
                    -0.6539725661277771,
                    -2.6362476348876953
                ],
                [
                    0.0,
                    0.8754238486289978,
                    -0.4833561182022095,
                    -1.9484708309173584
                ],
                [
                    0.0,
                    0.0,
                    0.0,
                    1.0
                ]
            ]
        },
        {
            "file_path": "/data/shapenet_blender/all_50_random/02958343/c951be855f20a1bfb2a29f45da811562/r_26",
            "rotation": 0.12566370614359174,
            "transform_matrix": [
                [
                    -0.7699710130691528,
                    -0.039282117038965225,
                    0.6368685960769653,
                    2.5672993659973145
                ],
                [
                    0.6380789279937744,
                    -0.047401804476976395,
                    0.7685105204582214,
                    3.0979650020599365
                ],
                [
                    0.0,
                    0.998103141784668,
                    0.06156310439109802,
                    0.24816881120204926
                ],
                [
                    0.0,
                    0.0,
                    0.0,
                    1.0
                ]
            ]
        },
        {
            "file_path": "/data/shapenet_blender/all_50_random/02958343/c951be855f20a1bfb2a29f45da811562/r_27",
            "rotation": 0.12566370614359174,
            "transform_matrix": [
                [
                    0.9063682556152344,
                    0.0024347607977688313,
                    0.42248135805130005,
                    1.703076958656311
                ],
                [
                    0.42248836159706116,
                    -0.005223314743489027,
                    -0.906353235244751,
                    -3.6536269187927246
                ],
                [
                    -2.328306020205062e-10,
                    0.9999834299087524,
                    -0.00576290488243103,
                    -0.023231014609336853
                ],
                [
                    0.0,
                    0.0,
                    0.0,
                    1.0
                ]
            ]
        },
        {
            "file_path": "/data/shapenet_blender/all_50_random/02958343/c951be855f20a1bfb2a29f45da811562/r_28",
            "rotation": 0.12566370614359174,
            "transform_matrix": [
                [
                    -0.7892860770225525,
                    0.19922490417957306,
                    0.580807089805603,
                    2.341308355331421
                ],
                [
                    0.6140255928039551,
                    0.2560894191265106,
                    0.7465860843658447,
                    3.009584665298462
                ],
                [
                    0.0,
                    0.9459004998207092,
                    -0.32445698976516724,
                    -1.3079279661178589
                ],
                [
                    0.0,
                    0.0,
                    0.0,
                    1.0
                ]
            ]
        },
        {
            "file_path": "/data/shapenet_blender/all_50_random/02958343/c951be855f20a1bfb2a29f45da811562/r_29",
            "rotation": 0.12566370614359174,
            "transform_matrix": [
                [
                    0.639828085899353,
                    0.005261942278593779,
                    -0.7685000896453857,
                    -3.0979230403900146
                ],
                [
                    -0.7685182094573975,
                    0.004380817990750074,
                    -0.6398130059242249,
                    -2.5791687965393066
                ],
                [
                    0.0,
                    0.9999765157699585,
                    0.006846868433058262,
                    0.02760060876607895
                ],
                [
                    0.0,
                    0.0,
                    0.0,
                    1.0
                ]
            ]
        },
        {
            "file_path": "/data/shapenet_blender/all_50_random/02958343/c951be855f20a1bfb2a29f45da811562/r_30",
            "rotation": 0.12566370614359174,
            "transform_matrix": [
                [
                    -0.13992272317409515,
                    0.8519495725631714,
                    -0.5045826435089111,
                    -2.0340375900268555
                ],
                [
                    -0.9901624321937561,
                    -0.12039146572351456,
                    0.07130403816699982,
                    0.28743577003479004
                ],
                [
                    0.0,
                    0.5095958113670349,
                    0.8604139089584351,
                    3.4684393405914307
                ],
                [
                    0.0,
                    0.0,
                    0.0,
                    1.0
                ]
            ]
        },
        {
            "file_path": "/data/shapenet_blender/all_50_random/02958343/c951be855f20a1bfb2a29f45da811562/r_31",
            "rotation": 0.12566370614359174,
            "transform_matrix": [
                [
                    -0.9843347072601318,
                    0.17254360020160675,
                    -0.036249931901693344,
                    -0.14612814784049988
                ],
                [
                    -0.17631040513515472,
                    -0.9633047580718994,
                    0.20238208770751953,
                    0.815828263759613
                ],
                [
                    3.725290742551124e-09,
                    0.20560294389724731,
                    0.9786354899406433,
                    3.9450058937072754
                ],
                [
                    0.0,
                    0.0,
                    0.0,
                    1.0
                ]
            ]
        },
        {
            "file_path": "/data/shapenet_blender/all_50_random/02958343/c951be855f20a1bfb2a29f45da811562/r_32",
            "rotation": 0.12566370614359174,
            "transform_matrix": [
                [
                    0.04500739648938179,
                    0.15277999639511108,
                    -0.9872347712516785,
                    -3.979670763015747
                ],
                [
                    -0.9989867210388184,
                    0.006883204914629459,
                    -0.04447793960571289,
                    -0.1792963147163391
                ],
                [
                    -4.656613428188905e-10,
                    0.9882361888885498,
                    0.1529349833726883,
                    0.6165006160736084
                ],
                [
                    0.0,
                    0.0,
                    0.0,
                    1.0
                ]
            ]
        },
        {
            "file_path": "/data/shapenet_blender/all_50_random/02958343/c951be855f20a1bfb2a29f45da811562/r_33",
            "rotation": 0.12566370614359174,
            "transform_matrix": [
                [
                    -0.03045201301574707,
                    -0.10119109600782394,
                    -0.9944008588790894,
                    -4.0085577964782715
                ],
                [
                    -0.9995362162590027,
                    0.00308290240354836,
                    0.030295558273792267,
                    0.1221252977848053
                ],
                [
                    0.0,
                    0.9948621392250061,
                    -0.10123805701732635,
                    -0.4081036448478699
                ],
                [
                    0.0,
                    0.0,
                    0.0,
                    1.0
                ]
            ]
        },
        {
            "file_path": "/data/shapenet_blender/all_50_random/02958343/c951be855f20a1bfb2a29f45da811562/r_34",
            "rotation": 0.12566370614359174,
            "transform_matrix": [
                [
                    0.8604034781455994,
                    -0.07161257416009903,
                    0.5045567750930786,
                    2.033933162689209
                ],
                [
                    0.5096134543418884,
                    0.1209067553281784,
                    -0.8518660664558411,
                    -3.4339816570281982
                ],
                [
                    3.725290076417309e-09,
                    0.9900773167610168,
                    0.14052334427833557,
                    0.5664676427841187
                ],
                [
                    0.0,
                    0.0,
                    0.0,
                    1.0
                ]
            ]
        },
        {
            "file_path": "/data/shapenet_blender/all_50_random/02958343/c951be855f20a1bfb2a29f45da811562/r_35",
            "rotation": 0.12566370614359174,
            "transform_matrix": [
                [
                    0.6768401265144348,
                    0.3141977787017822,
                    0.6657079458236694,
                    2.6835548877716064
                ],
                [
                    0.7361299991607666,
                    -0.28889143466949463,
                    -0.612089991569519,
                    -2.467413902282715
                ],
                [
                    1.4901161193847656e-08,
                    0.9043347835540771,
                    -0.4268237054347992,
                    -1.7205815315246582
                ],
                [
                    0.0,
                    0.0,
                    0.0,
                    1.0
                ]
            ]
        },
        {
            "file_path": "/data/shapenet_blender/all_50_random/02958343/c951be855f20a1bfb2a29f45da811562/r_36",
            "rotation": 0.12566370614359174,
            "transform_matrix": [
                [
                    -0.9669418931007385,
                    -0.037808820605278015,
                    -0.25217849016189575,
                    -1.0165640115737915
                ],
                [
                    -0.2549970746040344,
                    0.14337000250816345,
                    0.9562538862228394,
                    3.854782819747925
                ],
                [
                    -3.725290742551124e-09,
                    0.9889466762542725,
                    -0.1482715904712677,
                    -0.597701907157898
                ],
                [
                    0.0,
                    0.0,
                    0.0,
                    1.0
                ]
            ]
        },
        {
            "file_path": "/data/shapenet_blender/all_50_random/02958343/c951be855f20a1bfb2a29f45da811562/r_37",
            "rotation": 0.12566370614359174,
            "transform_matrix": [
                [
                    -0.2334241420030594,
                    0.7773988246917725,
                    -0.5840926170349121,
                    -2.354552745819092
                ],
                [
                    -0.9723750352859497,
                    -0.18661899864673615,
                    0.140214741230011,
                    0.5652236938476562
                ],
                [
                    0.0,
                    0.6006864905357361,
                    0.7994845509529114,
                    3.222825288772583
                ],
                [
                    0.0,
                    0.0,
                    0.0,
                    1.0
                ]
            ]
        },
        {
            "file_path": "/data/shapenet_blender/all_50_random/02958343/c951be855f20a1bfb2a29f45da811562/r_38",
            "rotation": 0.12566370614359174,
            "transform_matrix": [
                [
                    0.4755477011203766,
                    -0.39449042081832886,
                    0.7862771153450012,
                    3.1695845127105713
                ],
                [
                    0.8796900510787964,
                    0.21325580775737762,
                    -0.4250499904155731,
                    -1.7134313583374023
                ],
                [
                    -1.4901162970204496e-08,
                    0.8938115835189819,
                    0.44844257831573486,
                    1.8077298402786255
                ],
                [
                    0.0,
                    0.0,
                    0.0,
                    1.0
                ]
            ]
        },
        {
            "file_path": "/data/shapenet_blender/all_50_random/02958343/c951be855f20a1bfb2a29f45da811562/r_39",
            "rotation": 0.12566370614359174,
            "transform_matrix": [
                [
                    0.9994720220565796,
                    -0.02668192610144615,
                    -0.018541358411312103,
                    -0.07474261522293091
                ],
                [
                    -0.03249164670705795,
                    -0.8207597732543945,
                    -0.5703486800193787,
                    -2.29914927482605
                ],
                [
                    0.0,
                    0.5706498622894287,
                    -0.8211933374404907,
                    -3.3103363513946533
                ],
                [
                    0.0,
                    0.0,
                    0.0,
                    1.0
                ]
            ]
        },
        {
            "file_path": "/data/shapenet_blender/all_50_random/02958343/c951be855f20a1bfb2a29f45da811562/r_40",
            "rotation": 0.12566370614359174,
            "transform_matrix": [
                [
                    -0.9976081848144531,
                    0.03290635719895363,
                    -0.06078869104385376,
                    -0.24504704773426056
                ],
                [
                    -0.0691237598657608,
                    -0.47491127252578735,
                    0.8773147463798523,
                    3.5365688800811768
                ],
                [
                    0.0,
                    0.8794181942939758,
                    0.47604990005493164,
                    1.9190185070037842
                ],
                [
                    0.0,
                    0.0,
                    0.0,
                    1.0
                ]
            ]
        },
        {
            "file_path": "/data/shapenet_blender/all_50_random/02958343/c951be855f20a1bfb2a29f45da811562/r_41",
            "rotation": 0.12566370614359174,
            "transform_matrix": [
                [
                    0.9321503639221191,
                    -0.040572695434093475,
                    -0.35979121923446655,
                    -1.4503648281097412
                ],
                [
                    -0.3620716631412506,
                    -0.10445404797792435,
                    -0.9262793660163879,
                    -3.7339515686035156
