{
    "class": "02958343",
    "model": "b5a6e71a63189e53e8a3b392b986583",
    "remove_doubles": true,
    "edge_split": true,
    "denoise": true,
    "camera_angle_x": 0.6911112070083618,
    "scale_factor": 2.263598347811703,
    "hdri_file": "/data/IndoorHDRDataset2018/AG8A6088-66123ce7d8.exr",
    "center_offset": [
        0.0,
        -1.862645149230957e-09,
        0.0
    ],
    "lights": [],
    "frames": [
        {
            "file_path": "/data/shapenet_blender/all_50_random/02958343/b5a6e71a63189e53e8a3b392b986583/r_0",
            "rotation": 0.12566370614359174,
            "transform_matrix": [
                [
                    -0.03399074822664261,
                    0.5438916087150574,
                    0.8384667634963989,
                    3.37996768951416
                ],
                [
                    0.9994221925735474,
                    0.018497971817851067,
                    0.02851659245789051,
                    0.11495406180620193
                ],
                [
                    9.313225746154785e-10,
                    0.838951587677002,
                    -0.5442060828208923,
                    -2.1937649250030518
                ],
                [
                    0.0,
                    0.0,
                    0.0,
                    1.0
                ]
            ]
        },
        {
            "file_path": "/data/shapenet_blender/all_50_random/02958343/b5a6e71a63189e53e8a3b392b986583/r_1",
            "rotation": 0.12566370614359174,
            "transform_matrix": [
                [
                    -0.6822134256362915,
                    -0.2819129228591919,
                    0.6746183633804321,
                    2.7194736003875732
                ],
                [
                    0.7311530113220215,
                    -0.2630431354045868,
                    0.6294628977775574,
                    2.5374460220336914
                ],
                [
                    0.0,
                    0.9226773381233215,
                    0.3855730891227722,
                    1.5542948246002197
                ],
                [
                    0.0,
                    0.0,
                    0.0,
                    1.0
                ]
            ]
        },
        {
            "file_path": "/data/shapenet_blender/all_50_random/02958343/b5a6e71a63189e53e8a3b392b986583/r_2",
            "rotation": 0.12566370614359174,
            "transform_matrix": [
                [
                    -0.5487141609191895,
                    -0.1557382196187973,
                    -0.8213759064674377,
                    -3.3110721111297607
                ],
                [
                    -0.8360099792480469,
                    0.10221859067678452,
                    0.5391091108322144,
                    2.173218250274658
                ],
                [
                    -7.450580152834618e-09,
                    0.9824952483177185,
                    -0.1862875074148178,
                    -0.750948965549469
                ],
                [
                    0.0,
                    0.0,
                    0.0,
                    1.0
                ]
            ]
        },
        {
            "file_path": "/data/shapenet_blender/all_50_random/02958343/b5a6e71a63189e53e8a3b392b986583/r_3",
            "rotation": 0.12566370614359174,
            "transform_matrix": [
                [
                    -0.9997825622558594,
                    -0.0007422958151437342,
                    -0.020837094634771347,
                    -0.08399701118469238
                ],
                [
                    -0.02085031196475029,
                    0.03559344261884689,
                    0.9991488456726074,
                    4.027697563171387
                ],
                [
                    0.0,
                    0.999366044998169,
                    -0.0356011837720871,
                    -0.14351296424865723
                ],
                [
                    0.0,
                    0.0,
                    0.0,
                    1.0
                ]
            ]
        },
        {
            "file_path": "/data/shapenet_blender/all_50_random/02958343/b5a6e71a63189e53e8a3b392b986583/r_4",
            "rotation": 0.12566370614359174,
            "transform_matrix": [
                [
                    0.9923645257949829,
                    0.0037775335367769003,
                    -0.12328162044286728,
                    -0.49696409702301025
                ],
                [
                    -0.12333948165178299,
                    0.030393270775675774,
                    -0.9918989539146423,
                    -3.9984726905822754
                ],
                [
                    0.0,
                    0.9995309114456177,
                    0.030627120286226273,
                    0.12346187233924866
                ],
                [
                    0.0,
                    0.0,
                    0.0,
                    1.0
                ]
            ]
        },
        {
            "file_path": "/data/shapenet_blender/all_50_random/02958343/b5a6e71a63189e53e8a3b392b986583/r_5",
            "rotation": 0.12566370614359174,
            "transform_matrix": [
                [
                    -0.45732298493385315,
                    -0.17897453904151917,
                    -0.871104896068573,
                    -3.511536121368408
                ],
                [
                    -0.8893006443977356,
                    0.09203768521547318,
                    0.4479658007621765,
                    1.8058079481124878
                ],
                [
                    7.450580596923828e-09,
                    0.979539155960083,
                    -0.20125314593315125,
                    -0.8112773895263672
                ],
                [
                    0.0,
                    0.0,
                    0.0,
                    1.0
                ]
            ]
        },
        {
            "file_path": "/data/shapenet_blender/all_50_random/02958343/b5a6e71a63189e53e8a3b392b986583/r_6",
            "rotation": 0.12566370614359174,
            "transform_matrix": [
                [
                    0.9928504824638367,
                    0.0860213115811348,
                    -0.08275461196899414,
                    -0.33359450101852417
                ],
                [
                    -0.11936495453119278,
                    0.7155056595802307,
                    -0.6883339881896973,
                    -2.7747631072998047
                ],
                [
                    0.0,
                    0.6932907700538635,
                    0.720658004283905,
                    2.9050652980804443
                ],
                [
                    0.0,
                    0.0,
                    0.0,
                    1.0
                ]
            ]
        },
        {
            "file_path": "/data/shapenet_blender/all_50_random/02958343/b5a6e71a63189e53e8a3b392b986583/r_7",
            "rotation": 0.12566370614359174,
            "transform_matrix": [
                [
                    0.9835748076438904,
                    0.174201101064682,
                    -0.04727227985858917,
                    -0.19056066870689392
                ],
                [
                    -0.18050122261047363,
                    0.949244499206543,
                    -0.2575927972793579,
                    -1.0383899211883545
                ],
                [
                    0.0,
                    0.26189449429512024,
                    0.9650964140892029,
                    3.890428304672241
                ],
                [
                    0.0,
                    0.0,
                    0.0,
                    1.0
                ]
            ]
        },
        {
            "file_path": "/data/shapenet_blender/all_50_random/02958343/b5a6e71a63189e53e8a3b392b986583/r_8",
            "rotation": 0.12566370614359174,
            "transform_matrix": [
                [
                    -0.05080685764551163,
                    -0.8977389931678772,
                    0.437588095664978,
                    1.7639740705490112
                ],
                [
                    0.9987084865570068,
                    -0.0456702820956707,
                    0.022261226549744606,
                    0.08973787724971771
                ],
                [
                    1.862645149230957e-09,
                    0.43815407156944275,
                    0.8988999128341675,
                    3.6235814094543457
                ],
                [
                    0.0,
                    0.0,
                    0.0,
                    1.0
                ]
            ]
        },
        {
            "file_path": "/data/shapenet_blender/all_50_random/02958343/b5a6e71a63189e53e8a3b392b986583/r_9",
            "rotation": 0.12566370614359174,
            "transform_matrix": [
                [
                    -0.9997089505195618,
                    0.0006046766065992415,
                    -0.0241176076233387,
                    -0.09722119569778442
                ],
                [
                    -0.02412519045174122,
                    -0.02505682408809662,
                    0.9993947744369507,
                    4.028689384460449
                ],
                [
                    -5.820766091346741e-11,
                    0.9996858239173889,
                    0.025064116343855858,
                    0.1010366901755333
                ],
                [
                    0.0,
                    0.0,
                    0.0,
                    1.0
                ]
            ]
        },
        {
            "file_path": "/data/shapenet_blender/all_50_random/02958343/b5a6e71a63189e53e8a3b392b986583/r_10",
            "rotation": 0.12566370614359174,
            "transform_matrix": [
                [
                    0.9661843180656433,
                    0.21267138421535492,
                    -0.14580360054969788,
                    -0.5877531170845032
                ],
                [
                    -0.25785231590270996,
                    0.7968893647193909,
                    -0.5463327169418335,
                    -2.2023377418518066
                ],
                [
                    0.0,
                    0.5654539465904236,
                    0.8247798681259155,
                    3.324794054031372
                ],
                [
                    0.0,
                    0.0,
                    0.0,
                    1.0
                ]
            ]
        },
        {
            "file_path": "/data/shapenet_blender/all_50_random/02958343/b5a6e71a63189e53e8a3b392b986583/r_11",
            "rotation": 0.12566370614359174,
            "transform_matrix": [
                [
                    0.5347836017608643,
                    0.010228771716356277,
                    0.8449271321296692,
                    3.406010389328003
                ],
                [
                    0.8449891209602356,
                    -0.00647366838529706,
                    -0.5347443222999573,
                    -2.155623435974121
                ],
                [
                    4.656612873077393e-10,
                    0.9999268054962158,
                    -0.012105210684239864,
                    -0.048797667026519775
                ],
                [
                    0.0,
                    0.0,
                    0.0,
                    1.0
                ]
            ]
        },
        {
            "file_path": "/data/shapenet_blender/all_50_random/02958343/b5a6e71a63189e53e8a3b392b986583/r_12",
            "rotation": 0.12566370614359174,
            "transform_matrix": [
                [
                    0.42549386620521545,
                    -0.8389225602149963,
                    -0.33935782313346863,
                    -1.367995262145996
                ],
                [
                    -0.904961347579956,
                    -0.3944438099861145,
                    -0.15955893695354462,
                    -0.6432027220726013
                ],
                [
                    0.0,
                    0.37499716877937317,
                    -0.9270259737968445,
                    -3.7369613647460938
                ],
                [
                    0.0,
                    0.0,
                    0.0,
                    1.0
                ]
            ]
        },
        {
            "file_path": "/data/shapenet_blender/all_50_random/02958343/b5a6e71a63189e53e8a3b392b986583/r_13",
            "rotation": 0.12566370614359174,
            "transform_matrix": [
                [
                    0.725684642791748,
                    -0.3443867564201355,
                    0.5956337451934814,
                    2.401076555252075
                ],
                [
                    0.688027560710907,
                    0.3632357120513916,
                    -0.6282339096069336,
                    -2.532492160797119
                ],
                [
                    -1.4901161193847656e-08,
                    0.8657121658325195,
                    0.5005420446395874,
                    2.017749786376953
                ],
                [
                    0.0,
                    0.0,
                    0.0,
                    1.0
                ]
            ]
        },
        {
            "file_path": "/data/shapenet_blender/all_50_random/02958343/b5a6e71a63189e53e8a3b392b986583/r_14",
            "rotation": 0.12566370614359174,
            "transform_matrix": [
                [
                    -0.9797504544258118,
                    0.009738383814692497,
                    -0.19998593628406525,
                    -0.8061690330505371
                ],
                [
                    -0.200222909450531,
                    -0.04765281453728676,
                    0.9785908460617065,
                    3.9448256492614746
                ],
                [
                    9.313225746154785e-10,
                    0.9988164305686951,
                    0.048637714236974716,
                    0.19606488943099976
                ],
                [
                    0.0,
                    0.0,
                    0.0,
                    1.0
                ]
            ]
        },
        {
            "file_path": "/data/shapenet_blender/all_50_random/02958343/b5a6e71a63189e53e8a3b392b986583/r_15",
            "rotation": 0.12566370614359174,
            "transform_matrix": [
                [
                    0.03949515148997307,
                    -0.22774766385555267,
                    -0.9729188680648804,
                    -3.921961545944214
                ],
                [
                    -0.9992197751998901,
                    -0.009001951664686203,
                    -0.03845558315515518,
                    -0.15501943230628967
                ],
                [
                    0.0,
                    0.9736785292625427,
                    -0.22792550921440125,
                    -0.9187971949577332
                ],
                [
                    0.0,
                    0.0,
                    0.0,
                    1.0
                ]
            ]
        },
        {
            "file_path": "/data/shapenet_blender/all_50_random/02958343/b5a6e71a63189e53e8a3b392b986583/r_16",
            "rotation": 0.12566370614359174,
            "transform_matrix": [
                [
                    -0.8880324363708496,
                    0.19054968655109406,
                    0.41843676567077637,
                    1.6867725849151611
                ],
                [
                    0.4597809910774231,
                    0.36803242564201355,
                    0.8081791996955872,
                    3.2578744888305664
                ],
                [
                    -1.4901162970204496e-08,
                    0.9100784063339233,
                    -0.41443583369255066,
                    -1.6706442832946777
                ],
                [
                    0.0,
                    0.0,
                    0.0,
                    1.0
                ]
            ]
        },
        {
            "file_path": "/data/shapenet_blender/all_50_random/02958343/b5a6e71a63189e53e8a3b392b986583/r_17",
            "rotation": 0.12566370614359174,
            "transform_matrix": [
                [
                    0.3889439105987549,
                    0.5518546104431152,
                    -0.7376850247383118,
                    -2.973703384399414
                ],
                [
                    -0.9212614297866821,
                    0.23298542201519012,
                    -0.31144046783447266,
                    -1.2554566860198975
                ],
                [
                    0.0,
                    0.8007335662841797,
                    0.5990206003189087,
                    2.414729356765747
                ],
                [
                    0.0,
                    0.0,
                    0.0,
                    1.0
                ]
            ]
        },
        {
            "file_path": "/data/shapenet_blender/all_50_random/02958343/b5a6e71a63189e53e8a3b392b986583/r_18",
            "rotation": 0.12566370614359174,
            "transform_matrix": [
                [
                    0.9979787468910217,
                    0.035148944705724716,
                    -0.05294431000947952,
                    -0.21342533826828003
                ],
                [
                    -0.06354957818984985,
                    0.5519769191741943,
                    -0.8314342498779297,
                    -3.351618766784668
                ],
                [
                    0.0,
                    0.833118200302124,
                    0.5530949234962463,
                    2.2295968532562256
                ],
                [
                    0.0,
                    0.0,
                    0.0,
                    1.0
                ]
            ]
        },
        {
            "file_path": "/data/shapenet_blender/all_50_random/02958343/b5a6e71a63189e53e8a3b392b986583/r_19",
            "rotation": 0.12566370614359174,
            "transform_matrix": [
                [
                    -0.9878395795822144,
                    0.05796966329216957,
                    0.1442653387784958,
                    0.581552267074585
                ],
                [
                    0.1554766148328781,
                    0.3683173358440399,
                    0.9166073799133301,
                    3.694962978363037
                ],
                [
                    -3.725290298461914e-09,
                    0.9278910756111145,
                    -0.37285134196281433,
                    -1.50301194190979
                ],
                [
                    0.0,
                    0.0,
                    0.0,
                    1.0
                ]
            ]
        },
        {
            "file_path": "/data/shapenet_blender/all_50_random/02958343/b5a6e71a63189e53e8a3b392b986583/r_20",
            "rotation": 0.12566370614359174,
            "transform_matrix": [
                [
                    -0.12078087776899338,
                    0.08383551239967346,
                    -0.9891327619552612,
                    -3.987321615219116
                ],
                [
                    -0.9926792979240417,
                    -0.010200399905443192,
                    0.12034935504198074,
                    0.485143780708313
                ],
                [
                    0.0,
                    0.9964273571968079,
                    0.08445378392934799,
                    0.34044408798217773
                ],
                [
                    0.0,
                    0.0,
                    0.0,
                    1.0
                ]
            ]
        },
        {
            "file_path": "/data/shapenet_blender/all_50_random/02958343/b5a6e71a63189e53e8a3b392b986583/r_21",
            "rotation": 0.12566370614359174,
            "transform_matrix": [
                [
                    -0.0627412497997284,
                    -0.2490992397069931,
                    -0.9664435386657715,
                    -3.8958585262298584
                ],
                [
                    -0.9980298280715942,
                    0.015659650787711143,
                    0.06075558066368103,
                    0.24491357803344727
                ],
                [
                    -9.313225746154785e-10,
                    0.9683513045310974,
                    -0.24959097802639008,
                    -1.0061334371566772
                ],
                [
                    0.0,
                    0.0,
                    0.0,
                    1.0
                ]
            ]
        },
        {
            "file_path": "/data/shapenet_blender/all_50_random/02958343/b5a6e71a63189e53e8a3b392b986583/r_22",
            "rotation": 0.12566370614359174,
            "transform_matrix": [
                [
                    -0.20473812520503998,
                    -0.9117003679275513,
                    0.35620853304862976,
                    1.4359225034713745
                ],
                [
                    0.9788168668746948,
                    -0.19069942831993103,
                    0.07450777292251587,
                    0.3003504276275635
                ],
                [
                    0.0,
                    0.36391741037368774,
                    0.9314311742782593,
                    3.7547192573547363
                ],
                [
                    0.0,
                    0.0,
                    0.0,
                    1.0
                ]
            ]
        },
        {
            "file_path": "/data/shapenet_blender/all_50_random/02958343/b5a6e71a63189e53e8a3b392b986583/r_23",
            "rotation": 0.12566370614359174,
            "transform_matrix": [
                [
                    0.6482133269309998,
                    -0.07147741317749023,
                    -0.7580966353416443,
                    -3.05598521232605
                ],
                [
                    -0.7614589333534241,
                    -0.06084716320037842,
                    -0.6453511118888855,
                    -2.6014935970306396
                ],
                [
                    3.725290742551124e-09,
                    0.9955844879150391,
                    -0.09386904537677765,
                    -0.37839823961257935
                ],
                [
                    0.0,
                    0.0,
                    0.0,
                    1.0
                ]
            ]
        },
        {
            "file_path": "/data/shapenet_blender/all_50_random/02958343/b5a6e71a63189e53e8a3b392b986583/r_24",
            "rotation": 0.12566370614359174,
            "transform_matrix": [
                [
                    -0.9428057670593262,
                    -0.09042292833328247,
                    -0.320844441652298,
                    -1.293365240097046
                ],
                [
                    -0.33334288001060486,
                    0.25574642419815063,
                    0.9074559807777405,
                    3.658071756362915
                ],
                [
                    0.0,
                    0.9625056982040405,
                    -0.271261066198349,
                    -1.093488335609436
                ],
                [
                    0.0,
                    0.0,
                    0.0,
                    1.0
                ]
            ]
        },
        {
            "file_path": "/data/shapenet_blender/all_50_random/02958343/b5a6e71a63189e53e8a3b392b986583/r_25",
            "rotation": 0.12566370614359174,
            "transform_matrix": [
                [
                    -0.18467676639556885,
                    0.22741499543190002,
                    -0.9561259150505066,
                    -3.854267120361328
                ],
                [
                    -0.9827992916107178,
                    -0.042733319103717804,
                    0.17966462671756744,
                    0.7242513298988342
                ],
                [
                    -3.725290298461914e-09,
                    0.9728597402572632,
                    0.2313951551914215,
                    0.9327837824821472
                ],
                [
                    0.0,
                    0.0,
                    0.0,
                    1.0
                ]
            ]
        },
        {
            "file_path": "/data/shapenet_blender/all_50_random/02958343/b5a6e71a63189e53e8a3b392b986583/r_26",
            "rotation": 0.12566370614359174,
            "transform_matrix": [
                [
                    -0.7445591688156128,
                    -0.017562834545969963,
                    -0.6673254370689392,
                    -2.6900744438171387
                ],
                [
                    -0.6675564646720886,
                    0.019588710740208626,
                    0.7443014979362488,
                    3.0003750324249268
                ],
                [
                    9.313225191043273e-10,
                    0.9996538162231445,
                    -0.026309141889214516,
                    -0.10605552792549133
                ],
                [
                    0.0,
                    0.0,
                    0.0,
                    1.0
                ]
            ]
        },
        {
            "file_path": "/data/shapenet_blender/all_50_random/02958343/b5a6e71a63189e53e8a3b392b986583/r_27",
            "rotation": 0.12566370614359174,
            "transform_matrix": [
                [
                    0.906066358089447,
                    -0.04457540065050125,
                    0.42078131437301636,
                    1.696223497390747
                ],
                [
                    0.42313575744628906,
                    0.09544991701841354,
                    -0.9010247588157654,
                    -3.6321465969085693
                ],
                [
                    -3.725290298461914e-09,
                    0.9944356679916382,
                    0.10534540563821793,
                    0.424660861492157
                ],
                [
                    0.0,
                    0.0,
                    0.0,
                    1.0
                ]
            ]
        },
        {
            "file_path": "/data/shapenet_blender/all_50_random/02958343/b5a6e71a63189e53e8a3b392b986583/r_28",
            "rotation": 0.12566370614359174,
            "transform_matrix": [
                [
                    -0.9917191863059998,
                    0.017999358475208282,
                    0.12715770304203033,
                    0.5125890970230103
                ],
                [
                    0.12842531502246857,
                    0.13899369537830353,
                    0.9819305539131165,
                    3.9582886695861816
                ],
                [
                    1.862645149230957e-09,
                    0.9901296496391296,
                    -0.14015428721904755,
                    -0.5649800300598145
                ],
                [
                    0.0,
                    0.0,
                    0.0,
                    1.0
                ]
            ]
        },
        {
            "file_path": "/data/shapenet_blender/all_50_random/02958343/b5a6e71a63189e53e8a3b392b986583/r_29",
            "rotation": 0.12566370614359174,
            "transform_matrix": [
                [
                    -0.9669930934906006,
                    -0.08884172141551971,
                    -0.23881301283836365,
                    -0.9626860618591309
                ],
                [
                    -0.2548028826713562,
                    0.3371599316596985,
                    0.9063104391098022,
                    3.653454303741455
                ],
                [
                    0.0,
                    0.9372460842132568,
                    -0.3486684262752533,
                    -1.4055273532867432
                ],
                [
                    0.0,
                    0.0,
                    0.0,
                    1.0
                ]
            ]
        },
        {
            "file_path": "/data/shapenet_blender/all_50_random/02958343/b5a6e71a63189e53e8a3b392b986583/r_30",
            "rotation": 0.12566370614359174,
            "transform_matrix": [
                [
                    0.7801674008369446,
                    -0.1746484935283661,
                    0.6006969213485718,
                    2.4214868545532227
                ],
                [
                    0.6255708932876587,
                    0.21780912578105927,
                    -0.7491463422775269,
                    -3.0199055671691895
                ],
                [
                    0.0,
                    0.9602381587028503,
                    0.2791825234889984,
                    1.1254208087921143
                ],
                [
                    0.0,
                    0.0,
                    0.0,
                    1.0
                ]
            ]
        },
        {
            "file_path": "/data/shapenet_blender/all_50_random/02958343/b5a6e71a63189e53e8a3b392b986583/r_31",
            "rotation": 0.12566370614359174,
            "transform_matrix": [
                [
                    -0.08049127459526062,
                    0.09987673908472061,
                    -0.9917387366294861,
                    -3.9978268146514893
                ],
                [
                    -0.9967553019523621,
                    -0.008065377362072468,
                    0.08008617907762527,
                    0.3228377103805542
                ],
                [
                    0.0,
                    0.9949671030044556,
                    0.10020186752080917,
                    0.40392664074897766
                ],
                [
                    0.0,
                    0.0,
                    0.0,
                    1.0
                ]
            ]
        },
        {
            "file_path": "/data/shapenet_blender/all_50_random/02958343/b5a6e71a63189e53e8a3b392b986583/r_32",
            "rotation": 0.12566370614359174,
            "transform_matrix": [
                [
                    0.6475440859794617,
                    0.6193798184394836,
                    -0.4439091682434082,
                    -1.7894550561904907
                ],
                [
                    -0.7620279788970947,
                    0.5263267755508423,
                    -0.3772181272506714,
                    -1.5206148624420166
                ],
                [
                    -1.4901161193847656e-08,
                    0.5825364589691162,
                    0.8128045201301575,
                    3.276519775390625
                ],
                [
                    0.0,
                    0.0,
                    0.0,
                    1.0
                ]
            ]
        },
        {
            "file_path": "/data/shapenet_blender/all_50_random/02958343/b5a6e71a63189e53e8a3b392b986583/r_33",
            "rotation": 0.12566370614359174,
            "transform_matrix": [
                [
                    -0.6689944267272949,
                    0.00877416506409645,
                    0.7432156801223755,
                    2.9959981441497803
                ],
                [
                    0.7432675361633301,
                    0.00789738167077303,
                    0.6689477562904358,
                    2.6966145038604736
                ],
                [
                    0.0,
                    0.9999303817749023,
                    -0.0118048544973135,
                    -0.04758688807487488
                ],
                [
                    0.0,
                    0.0,
                    0.0,
                    1.0
                ]
            ]
        },
        {
            "file_path": "/data/shapenet_blender/all_50_random/02958343/b5a6e71a63189e53e8a3b392b986583/r_34",
            "rotation": 0.12566370614359174,
            "transform_matrix": [
                [
                    -0.16992820799350739,
                    -0.9379150867462158,
                    -0.30238980054855347,
                    -1.2189723253250122
                ],
                [
                    -0.9854564070701599,
                    0.16173037886619568,
                    0.052142899483442307,
                    0.21019475162029266
                ],
                [
                    7.450580596923828e-09,
                    0.3068525195121765,
                    -0.9517570734024048,
                    -3.836655378341675
                ],
                [
                    0.0,
                    0.0,
                    0.0,
                    1.0
                ]
            ]
        },
        {
            "file_path": "/data/shapenet_blender/all_50_random/02958343/b5a6e71a63189e53e8a3b392b986583/r_35",
            "rotation": 0.12566370614359174,
            "transform_matrix": [
                [
                    -0.2098015546798706,
                    0.021219827234745026,
                    -0.9775137305259705,
                    -3.940483808517456
                ],
                [
                    -0.9777439832687378,
                    -0.004553291015326977,
                    0.2097521424293518,
                    0.8455379605293274
                ],
                [
                    -4.656612873077393e-10,
                    0.9997644424438477,
                    0.021702848374843597,
                    0.08748698234558105
                ],
                [
                    0.0,
                    0.0,
                    0.0,
                    1.0
                ]
            ]
        },
        {
            "file_path": "/data/shapenet_blender/all_50_random/02958343/b5a6e71a63189e53e8a3b392b986583/r_36",
            "rotation": 0.12566370614359174,
            "transform_matrix": [
                [
                    0.3549436628818512,
                    0.20528781414031982,
                    0.9120701551437378,
                    3.6766719818115234
                ],
                [
                    0.9348875880241394,
                    -0.07794050127267838,
                    -0.34628069400787354,
                    -1.3959019184112549
                ],
                [
                    -7.4505792646561986e-09,
                    0.9755931496620178,
                    -0.219585582613945,
                    -0.8851776719093323
                ],
                [
                    0.0,
                    0.0,
                    0.0,
                    1.0
                ]
            ]
        },
        {
            "file_path": "/data/shapenet_blender/all_50_random/02958343/b5a6e71a63189e53e8a3b392b986583/r_37",
            "rotation": 0.12566370614359174,
            "transform_matrix": [
                [
                    -0.25727567076683044,
                    -0.8382892608642578,
                    0.48070797324180603,
                    1.9377959966659546
                ],
                [
                    0.9663379788398743,
                    -0.22318428754806519,
                    0.12798263132572174,
                    0.5159145593643188
                ],
                [
                    0.0,
                    0.4974532723426819,
                    0.8674907088279724,
                    3.496967077255249
                ],
                [
                    0.0,
                    0.0,
                    0.0,
                    1.0
                ]
            ]
        },
        {
            "file_path": "/data/shapenet_blender/all_50_random/02958343/b5a6e71a63189e53e8a3b392b986583/r_38",
            "rotation": 0.12566370614359174,
            "transform_matrix": [
                [
                    -0.46764522790908813,
                    0.12420718371868134,
                    -0.8751459717750549,
                    -3.5278263092041016
                ],
                [
                    -0.8839162588119507,
                    -0.06571312248706818,
                    0.4630052149295807,
                    1.8664337396621704
                ],
                [
                    0.0,
                    0.9900779128074646,
                    0.1405191719532013,
                    0.5664508938789368
                ],
                [
                    0.0,
                    0.0,
                    0.0,
                    1.0
                ]
            ]
        },
        {
            "file_path": "/data/shapenet_blender/all_50_random/02958343/b5a6e71a63189e53e8a3b392b986583/r_39",
            "rotation": 0.12566370614359174,
            "transform_matrix": [
                [
                    -0.8605740666389465,
                    -0.44179603457450867,
                    -0.2534334361553192,
                    -1.0216230154037476
                ],
                [
                    -0.5093253254890442,
                    0.7464741468429565,
                    0.4282101094722748,
                    1.726170301437378
                ],
                [
                    0.0,
                    0.49758657813072205,
                    -0.8674142360687256,
                    -3.4966588020324707
                ],
                [
                    0.0,
                    0.0,
                    0.0,
                    1.0
                ]
            ]
        },
        {
            "file_path": "/data/shapenet_blender/all_50_random/02958343/b5a6e71a63189e53e8a3b392b986583/r_40",
            "rotation": 0.12566370614359174,
            "transform_matrix": [
                [
                    -0.8957256078720093,
                    -0.29076021909713745,
                    0.33635413646698,
                    1.3558869361877441
                ],
                [
                    0.4446072578430176,
                    -0.585778534412384,
                    0.677634060382843,
                    2.731630325317383
                ],
                [
                    1.4901161193847656e-08,
                    0.7565196752548218,
                    0.6539708971977234,
                    2.6362409591674805
                ],
                [
                    0.0,
                    0.0,
                    0.0,
                    1.0
                ]
            ]
        },
        {
            "file_path": "/data/shapenet_blender/all_50_random/02958343/b5a6e71a63189e53e8a3b392b986583/r_41",
            "rotation": 0.12566370614359174,
            "transform_matrix": [
                [
                    -0.4016532301902771,
                    -0.05294810235500336,
                    -0.9142598509788513,
                    -3.685499668121338
                ],
                [
                    -0.9157918691635132,
                    0.02322228066623211,
                    0.4009813070297241,
                    1.6164075136184692
                ],
                [
