{
    "class": "02958343",
    "model": "279adb2c37867b3a18d9ca1acf6633f6",
    "remove_doubles": true,
    "edge_split": true,
    "denoise": true,
    "camera_angle_x": 0.6911112070083618,
    "scale_factor": 2.23021884363771,
    "hdri_file": "/data/IndoorHDRDataset2018/9C4A7962-09a6a98dd4.exr",
    "center_offset": [
        0.0,
        -3.725290298461914e-09,
        0.0
    ],
    "lights": [],
    "frames": [
        {
            "file_path": "/data/shapenet_blender/all_50_random/02958343/279adb2c37867b3a18d9ca1acf6633f6/r_0",
            "rotation": 0.12566370614359174,
            "transform_matrix": [
                [
                    0.6927235126495361,
                    -0.7137064933776855,
                    -0.10371702909469604,
                    -0.41809672117233276
                ],
                [
                    -0.7212033271789551,
                    -0.6855226755142212,
                    -0.09962131083011627,
                    -0.4015863537788391
                ],
                [
                    0.0,
                    0.1438114494085312,
                    -0.989605188369751,
                    -3.9892261028289795
                ],
                [
                    0.0,
                    0.0,
                    0.0,
                    1.0
                ]
            ]
        },
        {
            "file_path": "/data/shapenet_blender/all_50_random/02958343/279adb2c37867b3a18d9ca1acf6633f6/r_1",
            "rotation": 0.12566370614359174,
            "transform_matrix": [
                [
                    0.9333592057228088,
                    0.02868736907839775,
                    -0.35779544711112976,
                    -1.4423197507858276
                ],
                [
                    -0.3589437007904053,
                    0.07459559291601181,
                    -0.9303734302520752,
                    -3.750455617904663
                ],
                [
                    -1.862645149230957e-09,
                    0.9968011379241943,
                    0.07992162555456161,
                    0.32217440009117126
                ],
                [
                    0.0,
                    0.0,
                    0.0,
                    1.0
                ]
            ]
        },
        {
            "file_path": "/data/shapenet_blender/all_50_random/02958343/279adb2c37867b3a18d9ca1acf6633f6/r_2",
            "rotation": 0.12566370614359174,
            "transform_matrix": [
                [
                    -0.5005138516426086,
                    0.16000409424304962,
                    -0.8508140444755554,
                    -3.429741144180298
                ],
                [
                    -0.8657285571098328,
                    -0.09250505268573761,
                    0.49189117550849915,
                    1.9828767776489258
                ],
                [
                    7.450580596923828e-09,
                    0.9827723503112793,
                    0.18482017517089844,
                    0.7450339794158936
                ],
                [
                    0.0,
                    0.0,
                    0.0,
                    1.0
                ]
            ]
        },
        {
            "file_path": "/data/shapenet_blender/all_50_random/02958343/279adb2c37867b3a18d9ca1acf6633f6/r_3",
            "rotation": 0.12566370614359174,
            "transform_matrix": [
                [
                    -0.8958053588867188,
                    0.08628027141094208,
                    0.4359912872314453,
                    1.7575371265411377
                ],
                [
                    0.44444647431373596,
                    0.17390243709087372,
                    0.8787634968757629,
                    3.5424089431762695
                ],
                [
                    7.450580152834618e-09,
                    0.980975866317749,
                    -0.19412970542907715,
                    -0.7825618982315063
                ],
                [
                    0.0,
                    0.0,
                    0.0,
                    1.0
                ]
            ]
        },
        {
            "file_path": "/data/shapenet_blender/all_50_random/02958343/279adb2c37867b3a18d9ca1acf6633f6/r_4",
            "rotation": 0.12566370614359174,
            "transform_matrix": [
                [
                    -0.1292065680027008,
                    0.7268717885017395,
                    0.6745092868804932,
                    2.719034194946289
                ],
                [
                    0.991617739200592,
                    0.09471049904823303,
                    0.0878877341747284,
                    0.3542868196964264
                ],
                [
                    7.450581485102248e-09,
                    0.680211067199707,
                    -0.7330161333084106,
                    -2.954882860183716
                ],
                [
                    0.0,
                    0.0,
                    0.0,
                    1.0
                ]
            ]
        },
        {
            "file_path": "/data/shapenet_blender/all_50_random/02958343/279adb2c37867b3a18d9ca1acf6633f6/r_5",
            "rotation": 0.12566370614359174,
            "transform_matrix": [
                [
                    -0.5717069506645203,
                    -0.7182217240333557,
                    -0.39662155508995056,
                    -1.598832607269287
                ],
                [
                    -0.8204578161239624,
                    0.5004673600196838,
                    0.27637168765068054,
                    1.1140899658203125
                ],
                [
                    0.0,
                    0.48341482877731323,
                    -0.8753913044929504,
                    -3.528815269470215
                ],
                [
                    0.0,
                    0.0,
                    0.0,
                    1.0
                ]
            ]
        },
        {
            "file_path": "/data/shapenet_blender/all_50_random/02958343/279adb2c37867b3a18d9ca1acf6633f6/r_6",
            "rotation": 0.12566370614359174,
            "transform_matrix": [
                [
                    0.9929534196853638,
                    0.059592049568891525,
                    -0.10243204981088638,
                    -0.41291680932044983
                ],
                [
                    -0.11850543320178986,
                    0.49931997060775757,
                    -0.8582749962806702,
                    -3.4598171710968018
                ],
                [
                    3.725290298461914e-09,
                    0.8643658757209778,
                    0.5028634667396545,
                    2.0271074771881104
                ],
                [
                    0.0,
                    0.0,
                    0.0,
                    1.0
                ]
            ]
        },
        {
            "file_path": "/data/shapenet_blender/all_50_random/02958343/279adb2c37867b3a18d9ca1acf6633f6/r_7",
            "rotation": 0.12566370614359174,
            "transform_matrix": [
                [
                    0.9207629561424255,
                    -0.32834285497665405,
                    0.21068082749843597,
                    0.8492816090583801
                ],
                [
                    0.39012229442596436,
                    0.774951696395874,
                    -0.4972468912601471,
                    -2.0044662952423096
                ],
                [
                    0.0,
                    0.5400378108024597,
                    0.8416407108306885,
                    3.3927621841430664
                ],
                [
                    0.0,
                    0.0,
                    0.0,
                    1.0
                ]
            ]
        },
        {
            "file_path": "/data/shapenet_blender/all_50_random/02958343/279adb2c37867b3a18d9ca1acf6633f6/r_8",
            "rotation": 0.12566370614359174,
            "transform_matrix": [
                [
                    -0.967897355556488,
                    0.05451320484280586,
                    -0.24536313116550446,
                    -0.9890904426574707
                ],
                [
                    -0.2513459026813507,
                    -0.20992261171340942,
                    0.9448585510253906,
                    3.8088467121124268
                ],
                [
                    0.0,
                    0.9761970043182373,
                    0.21688520908355713,
                    0.874292254447937
                ],
                [
                    0.0,
                    0.0,
                    0.0,
                    1.0
                ]
            ]
        },
        {
            "file_path": "/data/shapenet_blender/all_50_random/02958343/279adb2c37867b3a18d9ca1acf6633f6/r_9",
            "rotation": 0.12566370614359174,
            "transform_matrix": [
                [
                    -0.7936066389083862,
                    0.23140737414360046,
                    -0.5627068877220154,
                    -2.268343925476074
                ],
                [
                    -0.6084311008453369,
                    -0.3018360435962677,
                    0.7339662909507751,
                    2.9587128162384033
                ],
                [
                    -1.4901160305669237e-08,
                    0.9248489737510681,
                    0.3803345561027527,
                    1.5331776142120361
                ],
                [
                    0.0,
                    0.0,
                    0.0,
                    1.0
                ]
            ]
        },
        {
            "file_path": "/data/shapenet_blender/all_50_random/02958343/279adb2c37867b3a18d9ca1acf6633f6/r_10",
            "rotation": 0.12566370614359174,
            "transform_matrix": [
                [
                    -0.3710116744041443,
                    -0.2180914580821991,
                    0.9026552438735962,
                    3.6387195587158203
                ],
                [
                    0.9286282062530518,
                    -0.08713334798812866,
                    0.36063480377197266,
                    1.4537653923034668
                ],
                [
                    7.450580152834618e-09,
                    0.9720308184623718,
                    0.2348533570766449,
                    0.9467241764068604
                ],
                [
                    0.0,
                    0.0,
                    0.0,
                    1.0
                ]
            ]
        },
        {
            "file_path": "/data/shapenet_blender/all_50_random/02958343/279adb2c37867b3a18d9ca1acf6633f6/r_11",
            "rotation": 0.12566370614359174,
            "transform_matrix": [
                [
                    0.9543536305427551,
                    -0.12314976006746292,
                    -0.27210861444473267,
                    -1.0969048738479614
                ],
                [
                    -0.2986786365509033,
                    -0.39349454641342163,
                    -0.8694556355476379,
                    -3.504887819290161
                ],
                [
                    0.0,
                    0.9110413193702698,
                    -0.41231513023376465,
                    -1.6620954275131226
                ],
                [
                    0.0,
                    0.0,
                    0.0,
                    1.0
                ]
            ]
        },
        {
            "file_path": "/data/shapenet_blender/all_50_random/02958343/279adb2c37867b3a18d9ca1acf6633f6/r_12",
            "rotation": 0.12566370614359174,
            "transform_matrix": [
                [
                    0.9032706618309021,
                    0.06934702396392822,
                    -0.4234301447868347,
                    -1.7069015502929688
                ],
                [
                    -0.42907118797302246,
                    0.14598773419857025,
                    -0.8913952708244324,
                    -3.5933291912078857
                ],
                [
                    -3.725290298461914e-09,
                    0.986852765083313,
                    0.16162128746509552,
                    0.6515162587165833
                ],
                [
                    0.0,
                    0.0,
                    0.0,
                    1.0
                ]
            ]
        },
        {
            "file_path": "/data/shapenet_blender/all_50_random/02958343/279adb2c37867b3a18d9ca1acf6633f6/r_13",
            "rotation": 0.12566370614359174,
            "transform_matrix": [
                [
                    -0.23924142122268677,
                    0.41204458475112915,
                    -0.879194438457489,
                    -3.5441460609436035
                ],
                [
                    -0.9709601998329163,
                    -0.10152644664049149,
                    0.21663065254688263,
                    0.8732661008834839
                ],
                [
                    0.0,
                    0.9054897427558899,
                    0.4243681728839874,
                    1.7106828689575195
                ],
                [
                    0.0,
                    0.0,
                    0.0,
                    1.0
                ]
            ]
        },
        {
            "file_path": "/data/shapenet_blender/all_50_random/02958343/279adb2c37867b3a18d9ca1acf6633f6/r_14",
            "rotation": 0.12566370614359174,
            "transform_matrix": [
                [
                    -0.5070720314979553,
                    -0.013712598942220211,
                    -0.8617945909500122,
                    -3.4740052223205566
                ],
                [
                    -0.8619037866592407,
                    0.008067346177995205,
                    0.5070078372955322,
                    2.043813943862915
                ],
                [
                    0.0,
                    0.9998733997344971,
                    -0.01590966433286667,
                    -0.0641339048743248
                ],
                [
                    0.0,
                    0.0,
                    0.0,
                    1.0
                ]
            ]
        },
        {
            "file_path": "/data/shapenet_blender/all_50_random/02958343/279adb2c37867b3a18d9ca1acf6633f6/r_15",
            "rotation": 0.12566370614359174,
            "transform_matrix": [
                [
                    -0.6887788772583008,
                    -0.6018186211585999,
                    -0.4042251408100128,
                    -1.629483699798584
                ],
                [
                    -0.7249714732170105,
                    0.5717741250991821,
                    0.3840450644493103,
                    1.5481351613998413
                ],
                [
                    0.0,
                    0.5575738549232483,
                    -0.8301272988319397,
                    -3.3463501930236816
                ],
                [
                    0.0,
                    0.0,
                    0.0,
                    1.0
                ]
            ]
        },
        {
            "file_path": "/data/shapenet_blender/all_50_random/02958343/279adb2c37867b3a18d9ca1acf6633f6/r_16",
            "rotation": 0.12566370614359174,
            "transform_matrix": [
                [
                    -0.5337311029434204,
                    -0.21214279532432556,
                    -0.8186125755310059,
                    -3.2999329566955566
                ],
                [
                    -0.8456543684005737,
                    0.1338929980993271,
                    0.5166637897491455,
                    2.0827383995056152
                ],
                [
                    -7.450581485102248e-09,
                    0.9680227637290955,
                    -0.2508623003959656,
                    -1.0112582445144653
                ],
                [
                    0.0,
                    0.0,
                    0.0,
                    1.0
                ]
            ]
        },
        {
            "file_path": "/data/shapenet_blender/all_50_random/02958343/279adb2c37867b3a18d9ca1acf6633f6/r_17",
            "rotation": 0.12566370614359174,
            "transform_matrix": [
                [
                    0.28604456782341003,
                    -0.7462906241416931,
                    0.6010231375694275,
                    2.4228017330169678
                ],
                [
                    0.9582163095474243,
                    0.2227810025215149,
                    -0.17941607534885406,
                    -0.7232493162155151
                ],
                [
                    -1.4901161193847656e-08,
                    0.6272311806678772,
                    0.7788330912590027,
                    3.1395766735076904
                ],
                [
                    0.0,
                    0.0,
                    0.0,
                    1.0
                ]
            ]
        },
        {
            "file_path": "/data/shapenet_blender/all_50_random/02958343/279adb2c37867b3a18d9ca1acf6633f6/r_18",
            "rotation": 0.12566370614359174,
            "transform_matrix": [
                [
                    -0.34193655848503113,
                    -0.21140596270561218,
                    -0.9156346321105957,
                    -3.6910414695739746
                ],
                [
                    -0.9397231340408325,
                    0.07692417502403259,
                    0.3331714868545532,
                    1.34305739402771
                ],
                [
                    0.0,
                    0.9743664860725403,
                    -0.22496624290943146,
                    -0.9068679809570312
                ],
                [
                    0.0,
                    0.0,
                    0.0,
                    1.0
                ]
            ]
        },
        {
            "file_path": "/data/shapenet_blender/all_50_random/02958343/279adb2c37867b3a18d9ca1acf6633f6/r_19",
            "rotation": 0.12566370614359174,
            "transform_matrix": [
                [
                    0.14482593536376953,
                    0.5344693064689636,
                    0.8326871395111084,
                    3.3566691875457764
                ],
                [
                    0.9894572496414185,
                    -0.07822977006435394,
                    -0.12187963724136353,
                    -0.49131253361701965
                ],
                [
                    0.0,
                    0.8415595889091492,
                    -0.5401642322540283,
                    -2.17747163772583
                ],
                [
                    0.0,
                    0.0,
                    0.0,
                    1.0
                ]
            ]
        },
        {
            "file_path": "/data/shapenet_blender/all_50_random/02958343/279adb2c37867b3a18d9ca1acf6633f6/r_20",
            "rotation": 0.12566370614359174,
            "transform_matrix": [
                [
                    0.4536619484424591,
                    -0.1059606745839119,
                    0.8848520517349243,
                    3.566952705383301
                ],
                [
                    0.8911738395690918,
                    0.053940460085868835,
                    -0.4504437744617462,
                    -1.815796971321106
                ],
                [
                    -3.725290298461914e-09,
                    0.9929062128067017,
                    0.1189001128077507,
                    0.47930169105529785
                ],
                [
                    0.0,
                    0.0,
                    0.0,
                    1.0
                ]
            ]
        },
        {
            "file_path": "/data/shapenet_blender/all_50_random/02958343/279adb2c37867b3a18d9ca1acf6633f6/r_21",
            "rotation": 0.12566370614359174,
            "transform_matrix": [
                [
                    0.08905696123838425,
                    -0.41944462060928345,
                    0.9034019708633423,
                    3.6417298316955566
                ],
                [
                    0.9960265159606934,
                    0.03750348091125488,
                    -0.0807751938700676,
                    -0.3256152272224426
                ],
                [
                    3.725290076417309e-09,
                    0.9070059657096863,
                    0.421117901802063,
                    1.6975805759429932
                ],
                [
                    0.0,
                    0.0,
                    0.0,
                    1.0
                ]
            ]
        },
        {
            "file_path": "/data/shapenet_blender/all_50_random/02958343/279adb2c37867b3a18d9ca1acf6633f6/r_22",
            "rotation": 0.12566370614359174,
            "transform_matrix": [
                [
                    0.6249884366989136,
                    -0.004673060495406389,
                    0.7806200385093689,
                    3.146780014038086
                ],
                [
                    0.7806339859962463,
                    0.0037413290701806545,
                    -0.6249772310256958,
                    -2.5193638801574707
                ],
                [
                    2.3283061589829401e-10,
                    0.9999821186065674,
                    0.0059862383641302586,
                    0.024131298065185547
                ],
                [
                    0.0,
                    0.0,
                    0.0,
                    1.0
                ]
            ]
        },
        {
            "file_path": "/data/shapenet_blender/all_50_random/02958343/279adb2c37867b3a18d9ca1acf6633f6/r_23",
            "rotation": 0.12566370614359174,
            "transform_matrix": [
                [
                    -0.2994915246963501,
                    -0.044002220034599304,
                    0.9530836343765259,
                    3.842003345489502
                ],
                [
                    0.9540989995002747,
                    -0.013812289573252201,
                    0.2991727888584137,
                    1.20600426197052
                ],
                [
                    0.0,
                    0.9989359974861145,
                    0.04611912742257118,
                    0.18591216206550598
                ],
                [
                    0.0,
                    0.0,
                    0.0,
                    1.0
                ]
            ]
        },
        {
            "file_path": "/data/shapenet_blender/all_50_random/02958343/279adb2c37867b3a18d9ca1acf6633f6/r_24",
            "rotation": 0.12566370614359174,
            "transform_matrix": [
                [
                    -0.8395115733146667,
                    -0.3327011168003082,
                    -0.4295698404312134,
                    -1.7316514253616333
                ],
                [
                    -0.5433417558670044,
                    0.5140528678894043,
                    0.6637237071990967,
                    2.675555944442749
                ],
                [
                    0.0,
                    0.7906069755554199,
                    -0.6123238205909729,
                    -2.4683563709259033
                ],
                [
                    0.0,
                    0.0,
                    0.0,
                    1.0
                ]
            ]
        },
        {
            "file_path": "/data/shapenet_blender/all_50_random/02958343/279adb2c37867b3a18d9ca1acf6633f6/r_25",
            "rotation": 0.12566370614359174,
            "transform_matrix": [
                [
                    -0.2772774398326874,
                    -0.04107047989964485,
                    -0.959911584854126,
                    -3.869527578353882
                ],
                [
                    -0.9607899785041809,
                    0.011852659285068512,
                    0.27702391147613525,
                    1.1167192459106445
                ],
                [
                    0.0,
                    0.9990859031677246,
                    -0.04274657368659973,
                    -0.17231696844100952
                ],
                [
                    0.0,
                    0.0,
                    0.0,
                    1.0
                ]
            ]
        },
        {
            "file_path": "/data/shapenet_blender/all_50_random/02958343/279adb2c37867b3a18d9ca1acf6633f6/r_26",
            "rotation": 0.12566370614359174,
            "transform_matrix": [
                [
                    -0.3125770688056946,
                    0.8506380915641785,
                    0.42274144291877747,
                    1.7041254043579102
                ],
                [
                    0.9498924612998962,
                    0.27991586923599243,
                    0.13910973072052002,
                    0.5607693195343018
                ],
                [
                    7.450581485102248e-09,
                    0.4450414180755615,
                    -0.8955098986625671,
                    -3.6099162101745605
                ],
                [
                    0.0,
                    0.0,
                    0.0,
                    1.0
                ]
            ]
        },
        {
            "file_path": "/data/shapenet_blender/all_50_random/02958343/279adb2c37867b3a18d9ca1acf6633f6/r_27",
            "rotation": 0.12566370614359174,
            "transform_matrix": [
                [
                    -0.0843721330165863,
                    -0.8615099191665649,
                    -0.5006815195083618,
                    -2.0183117389678955
                ],
                [
                    -0.9964343309402466,
                    0.07294753938913345,
                    0.0423947349190712,
                    0.1708986461162567
                ],
                [
                    0.0,
                    0.5024732351303101,
                    -0.8645927906036377,
                    -3.4852850437164307
                ],
                [
                    0.0,
                    0.0,
                    0.0,
                    1.0
                ]
            ]
        },
        {
            "file_path": "/data/shapenet_blender/all_50_random/02958343/279adb2c37867b3a18d9ca1acf6633f6/r_28",
            "rotation": 0.12566370614359174,
            "transform_matrix": [
                [
                    -0.5881300568580627,
                    0.17811822891235352,
                    -0.7889087200164795,
                    -3.180192708969116
                ],
                [
                    -0.8087664842605591,
                    -0.12952649593353271,
                    0.5736896395683289,
                    2.3126168251037598
                ],
                [
                    7.450581485102248e-09,
                    0.9754469394683838,
                    0.2202344685792923,
                    0.8877935409545898
                ],
                [
                    0.0,
                    0.0,
                    0.0,
                    1.0
                ]
            ]
        },
        {
            "file_path": "/data/shapenet_blender/all_50_random/02958343/279adb2c37867b3a18d9ca1acf6633f6/r_29",
            "rotation": 0.12566370614359174,
            "transform_matrix": [
                [
                    -0.5754909515380859,
                    -0.23666423559188843,
                    -0.7828155159950256,
                    -3.155630588531494
                ],
                [
                    -0.817808210849762,
                    0.16654044389724731,
                    0.5508666038513184,
                    2.220614433288574
                ],
                [
                    1.4901161193847656e-08,
                    0.9572117924690247,
                    -0.28938838839530945,
                    -1.1665620803833008
                ],
                [
                    0.0,
                    0.0,
                    0.0,
                    1.0
                ]
            ]
        },
        {
            "file_path": "/data/shapenet_blender/all_50_random/02958343/279adb2c37867b3a18d9ca1acf6633f6/r_30",
            "rotation": 0.12566370614359174,
            "transform_matrix": [
                [
                    -0.5696455240249634,
                    -0.6082094311714172,
                    0.5527975559234619,
                    2.228398323059082
                ],
                [
                    0.8218904733657837,
                    -0.42154496908187866,
                    0.383139431476593,
                    1.5444844961166382
                ],
                [
                    0.0,
                    0.6725925803184509,
                    0.7400128245353699,
                    2.9830870628356934
                ],
                [
                    0.0,
                    0.0,
                    0.0,
                    1.0
                ]
            ]
        },
        {
            "file_path": "/data/shapenet_blender/all_50_random/02958343/279adb2c37867b3a18d9ca1acf6633f6/r_31",
            "rotation": 0.12566370614359174,
            "transform_matrix": [
                [
                    0.9844757318496704,
                    0.09794855117797852,
                    -0.14564891159534454,
                    -0.587129533290863
                ],
                [
                    -0.17552071809768677,
                    0.549382209777832,
                    -0.8169280886650085,
                    -3.293142557144165
                ],
                [
                    0.0,
                    0.8298102617263794,
                    0.558045506477356,
                    2.2495534420013428
                ],
                [
                    0.0,
                    0.0,
                    0.0,
                    1.0
                ]
            ]
        },
        {
            "file_path": "/data/shapenet_blender/all_50_random/02958343/279adb2c37867b3a18d9ca1acf6633f6/r_32",
            "rotation": 0.12566370614359174,
            "transform_matrix": [
                [
                    -0.42143529653549194,
                    -0.6732139587402344,
                    -0.6075978875160217,
                    -2.449305772781372
                ],
                [
                    -0.9068585634231567,
                    0.31285595893859863,
                    0.28236284852027893,
                    1.138241171836853
                ],
                [
                    1.4901162970204496e-08,
                    0.6700030565261841,
                    -0.7423582673072815,
                    -2.992542028427124
                ],
                [
                    0.0,
                    0.0,
                    0.0,
                    1.0
                ]
            ]
        },
        {
            "file_path": "/data/shapenet_blender/all_50_random/02958343/279adb2c37867b3a18d9ca1acf6633f6/r_33",
            "rotation": 0.12566370614359174,
            "transform_matrix": [
                [
                    0.5230506062507629,
                    0.15926527976989746,
                    -0.8372888565063477,
                    -3.3752193450927734
                ],
                [
                    -0.8523017168045044,
                    0.0977398157119751,
                    -0.5138373970985413,
                    -2.0713448524475098
                ],
                [
                    7.450581485102248e-09,
                    0.9823855757713318,
                    0.1868649274110794,
                    0.7532766461372375
                ],
                [
                    0.0,
                    0.0,
                    0.0,
                    1.0
                ]
            ]
        },
        {
            "file_path": "/data/shapenet_blender/all_50_random/02958343/279adb2c37867b3a18d9ca1acf6633f6/r_34",
            "rotation": 0.12566370614359174,
            "transform_matrix": [
                [
                    -0.0358179546892643,
                    0.17707841098308563,
                    -0.9835447072982788,
                    -3.9647955894470215
                ],
                [
                    -0.9993583559989929,
                    -0.0063466597348451614,
                    0.035251181572675705,
                    0.14210206270217896
                ],
                [
                    -4.656612873077393e-10,
                    0.9841762781143188,
                    0.17719212174415588,
                    0.7142843008041382
                ],
                [
                    0.0,
                    0.0,
                    0.0,
                    1.0
                ]
            ]
        },
        {
            "file_path": "/data/shapenet_blender/all_50_random/02958343/279adb2c37867b3a18d9ca1acf6633f6/r_35",
            "rotation": 0.12566370614359174,
            "transform_matrix": [
                [
                    -0.41391220688819885,
                    0.15363240242004395,
                    -0.8972590565681458,
                    -3.616966724395752
                ],
                [
                    -0.9103168249130249,
                    -0.06985515356063843,
                    0.4079749584197998,
                    1.6445995569229126
                ],
                [
                    7.450580152834618e-09,
                    0.9856557846069336,
                    0.168768048286438,
                    0.6803257465362549
                ],
                [
                    0.0,
                    0.0,
                    0.0,
                    1.0
                ]
            ]
        },
        {
            "file_path": "/data/shapenet_blender/all_50_random/02958343/279adb2c37867b3a18d9ca1acf6633f6/r_36",
            "rotation": 0.12566370614359174,
            "transform_matrix": [
                [
                    0.24276097118854523,
                    -0.060599103569984436,
                    0.9681915640830994,
                    3.902904987335205
                ],
                [
                    0.9700860977172852,
                    0.015164733864367008,
                    -0.24228686094284058,
                    -0.9766895771026611
                ],
                [
                    -9.313225191043273e-10,
                    0.9980469942092896,
                    0.06246776506304741,
                    0.2518156170845032
                ],
                [
                    0.0,
                    0.0,
                    0.0,
                    1.0
                ]
            ]
        },
        {
            "file_path": "/data/shapenet_blender/all_50_random/02958343/279adb2c37867b3a18d9ca1acf6633f6/r_37",
            "rotation": 0.12566370614359174,
            "transform_matrix": [
                [
                    -0.779467761516571,
                    0.00010363962792325765,
                    -0.6264423727989197,
                    -2.5252699851989746
                ],
                [
                    -0.6264424324035645,
                    -0.00012895636609755456,
                    0.7794676423072815,
                    3.142134666442871
                ],
                [
                    0.0,
                    1.0,
                    0.0001654415827943012,
                    0.0006669163703918457
                ],
                [
                    0.0,
                    0.0,
                    0.0,
                    1.0
                ]
            ]
        },
        {
            "file_path": "/data/shapenet_blender/all_50_random/02958343/279adb2c37867b3a18d9ca1acf6633f6/r_38",
            "rotation": 0.12566370614359174,
            "transform_matrix": [
                [
                    -0.8185662031173706,
                    0.3797835111618042,
                    0.43094536662101746,
                    1.7371963262557983
                ],
                [
                    0.5744122266769409,
                    0.5412105321884155,
                    0.614118754863739,
                    2.4755918979644775
                ],
                [
                    0.0,
                    0.7502371072769165,
                    -0.6611688137054443,
                    -2.6652567386627197
                ],
                [
                    0.0,
                    0.0,
                    0.0,
                    1.0
                ]
            ]
        },
        {
            "file_path": "/data/shapenet_blender/all_50_random/02958343/279adb2c37867b3a18d9ca1acf6633f6/r_39",
            "rotation": 0.12566370614359174,
            "transform_matrix": [
                [
                    0.9172046184539795,
                    0.21695972979068756,
                    0.3341616094112396,
                    1.3470485210418701
                ],
                [
                    0.3984161913394928,
                    -0.4994688034057617,
                    -0.7692824006080627,
                    -3.101076602935791
                ],
                [
                    -1.4901159417490817e-08,
                    0.8387247920036316,
                    -0.5445554256439209,
                    -2.1951730251312256
                ],
                [
                    0.0,
                    0.0,
                    0.0,
                    1.0
                ]
            ]
        },
        {
            "file_path": "/data/shapenet_blender/all_50_random/02958343/279adb2c37867b3a18d9ca1acf6633f6/r_40",
            "rotation": 0.12566370614359174,
            "transform_matrix": [
                [
                    -0.43467938899993896,
                    -0.667911946773529,
                    -0.6041088700294495,
                    -2.4352407455444336
                ],
                [
                    -0.9005852937698364,
                    0.3223765194416046,
                    0.2915811240673065,
                    1.1754010915756226
                ],
                [
                    0.0,
                    0.6707958579063416,
                    -0.7416420578956604,
                    -2.989654779434204
                ],
                [
                    0.0,
                    0.0,
                    0.0,
                    1.0
                ]
            ]
        },
        {
            "file_path": "/data/shapenet_blender/all_50_random/02958343/279adb2c37867b3a18d9ca1acf6633f6/r_41",
            "rotation": 0.12566370614359174,
            "transform_matrix": [
                [
                    -0.986762285232544,
                    0.050097137689590454,
                    0.15424183011054993,
                    0.6217687129974365
                ],
                [
                    0.1621735692024231,
                    0.30482134222984314,
                    0.9385007619857788,
                    3.783217668533325
                ],
