{
    "class": "02958343",
    "model": "cbe2dc469c47bb80425b2c354eccabaf",
    "remove_doubles": true,
    "edge_split": true,
    "denoise": true,
    "camera_angle_x": 0.6911112070083618,
    "scale_factor": 2.240456947443753,
    "hdri_file": "/data/IndoorHDRDataset2018/AG8A9816-402784745c.exr",
    "center_offset": [
        0.0,
        -1.862645149230957e-09,
        -3.725290298461914e-09
    ],
    "lights": [],
    "frames": [
        {
            "file_path": "/data/shapenet_blender/all_50_random/02958343/cbe2dc469c47bb80425b2c354eccabaf/r_0",
            "rotation": 0.12566370614359174,
            "transform_matrix": [
                [
                    -0.9887690544128418,
                    0.0006347201415337622,
                    -0.14944970607757568,
                    -0.6024510860443115
                ],
                [
                    -0.14945106208324432,
                    -0.004199311602860689,
                    0.9887601137161255,
                    3.9858198165893555
                ],
                [
                    5.8207657444020455e-11,
                    0.9999909996986389,
                    0.004247008822858334,
                    0.01712024211883545
                ],
                [
                    0.0,
                    0.0,
                    0.0,
                    1.0
                ]
            ]
        },
        {
            "file_path": "/data/shapenet_blender/all_50_random/02958343/cbe2dc469c47bb80425b2c354eccabaf/r_1",
            "rotation": 0.12566370614359174,
            "transform_matrix": [
                [
                    0.9837197661399841,
                    -0.014427769929170609,
                    -0.17912930250167847,
                    -0.722093403339386
                ],
                [
                    -0.17970940470695496,
                    -0.0789768397808075,
                    -0.9805442094802856,
                    -3.952700614929199
                ],
                [
                    9.313225746154785e-10,
                    0.9967719912528992,
                    -0.08028388023376465,
                    -0.32363471388816833
                ],
                [
                    0.0,
                    0.0,
                    0.0,
                    1.0
                ]
            ]
        },
        {
            "file_path": "/data/shapenet_blender/all_50_random/02958343/cbe2dc469c47bb80425b2c354eccabaf/r_2",
            "rotation": 0.12566370614359174,
            "transform_matrix": [
                [
                    -0.16607385873794556,
                    -0.016310174018144608,
                    -0.9859784245491028,
                    -3.9746062755584717
                ],
                [
                    -0.986113429069519,
                    0.0027468374464660883,
                    0.16605111956596375,
                    0.6693734526634216
                ],
                [
                    -2.3283067140944524e-10,
                    0.9998632073402405,
                    -0.016539856791496277,
                    -0.06667429208755493
                ],
                [
                    0.0,
                    0.0,
                    0.0,
                    1.0
                ]
            ]
        },
        {
            "file_path": "/data/shapenet_blender/all_50_random/02958343/cbe2dc469c47bb80425b2c354eccabaf/r_3",
            "rotation": 0.12566370614359174,
            "transform_matrix": [
                [
                    -0.8116981983184814,
                    -0.4605199992656708,
                    0.35925936698913574,
                    1.44822096824646
                ],
                [
                    0.584077000617981,
                    -0.6399896740913391,
                    0.49926668405532837,
                    2.012608528137207
                ],
                [
                    0.0,
                    0.6150891184806824,
                    0.7884575724601746,
                    3.1783742904663086
                ],
                [
                    0.0,
                    0.0,
                    0.0,
                    1.0
                ]
            ]
        },
        {
            "file_path": "/data/shapenet_blender/all_50_random/02958343/cbe2dc469c47bb80425b2c354eccabaf/r_4",
            "rotation": 0.12566370614359174,
            "transform_matrix": [
                [
                    0.9286093711853027,
                    0.2066035121679306,
                    -0.3082203269004822,
                    -1.242475986480713
                ],
                [
                    -0.3710590600967407,
                    0.5170442461967468,
                    -0.7713497281074524,
                    -3.109410524368286
                ],
                [
                    0.0,
                    0.8306505084037781,
                    0.5567940473556519,
                    2.244508743286133
                ],
                [
                    0.0,
                    0.0,
                    0.0,
                    1.0
                ]
            ]
        },
        {
            "file_path": "/data/shapenet_blender/all_50_random/02958343/cbe2dc469c47bb80425b2c354eccabaf/r_5",
            "rotation": 0.12566370614359174,
            "transform_matrix": [
                [
                    0.01179055217653513,
                    -0.907724916934967,
                    -0.4194003641605377,
                    -1.6906567811965942
                ],
                [
                    -0.9999305009841919,
                    -0.010703321546316147,
                    -0.004945305176079273,
                    -0.019935160875320435
                ],
                [
                    -4.6566123179658803e-10,
                    0.4194295108318329,
                    -0.9077879786491394,
                    -3.659409999847412
                ],
                [
                    0.0,
                    0.0,
                    0.0,
                    1.0
                ]
            ]
        },
        {
            "file_path": "/data/shapenet_blender/all_50_random/02958343/cbe2dc469c47bb80425b2c354eccabaf/r_6",
            "rotation": 0.12566370614359174,
            "transform_matrix": [
                [
                    0.3190980553627014,
                    0.0800926610827446,
                    0.9443312287330627,
                    3.8067212104797363
                ],
                [
                    0.9477217197418213,
                    -0.026967216283082962,
                    -0.31795650720596313,
                    -1.2817238569259644
                ],
                [
                    0.0,
                    0.996422529220581,
                    -0.08451073616743088,
                    -0.3406737148761749
                ],
                [
                    0.0,
                    0.0,
                    0.0,
                    1.0
                ]
            ]
        },
        {
            "file_path": "/data/shapenet_blender/all_50_random/02958343/cbe2dc469c47bb80425b2c354eccabaf/r_7",
            "rotation": 0.12566370614359174,
            "transform_matrix": [
                [
                    -0.9465855360031128,
                    -0.08766574412584305,
                    0.31030696630477905,
                    1.250887393951416
                ],
                [
                    0.3224526047706604,
                    -0.2573498487472534,
                    0.9109310507774353,
                    3.6720805168151855
                ],
                [
                    7.450580152834618e-09,
                    0.9623334407806396,
                    0.2718717157840729,
                    1.0959498882293701
                ],
                [
                    0.0,
                    0.0,
                    0.0,
                    1.0
                ]
            ]
        },
        {
            "file_path": "/data/shapenet_blender/all_50_random/02958343/cbe2dc469c47bb80425b2c354eccabaf/r_8",
            "rotation": 0.12566370614359174,
            "transform_matrix": [
                [
                    -0.49531495571136475,
                    -0.8237320780754089,
                    0.27591416239738464,
                    1.1122455596923828
                ],
                [
                    0.8687134981155396,
                    -0.46966785192489624,
                    0.15731815993785858,
                    0.6341697573661804
                ],
                [
                    0.0,
                    0.3176124095916748,
                    0.9482206106185913,
                    3.822399616241455
                ],
                [
                    0.0,
                    0.0,
                    0.0,
                    1.0
                ]
            ]
        },
        {
            "file_path": "/data/shapenet_blender/all_50_random/02958343/cbe2dc469c47bb80425b2c354eccabaf/r_9",
            "rotation": 0.12566370614359174,
            "transform_matrix": [
                [
                    0.9980049133300781,
                    -0.02693936973810196,
                    0.057102032005786896,
                    0.2301856428384781
                ],
                [
                    0.0631377324461937,
                    0.42582499980926514,
                    -0.9025999307632446,
                    -3.6384963989257812
                ],
                [
                    0.0,
                    0.9044041633605957,
                    0.4266764223575592,
                    1.7199876308441162
                ],
                [
                    0.0,
                    0.0,
                    0.0,
                    1.0
                ]
            ]
        },
        {
            "file_path": "/data/shapenet_blender/all_50_random/02958343/cbe2dc469c47bb80425b2c354eccabaf/r_10",
            "rotation": 0.12566370614359174,
            "transform_matrix": [
                [
                    0.993481457233429,
                    0.076056107878685,
                    0.0849127322435379,
                    0.34229418635368347
                ],
                [
                    0.11399431526660919,
                    -0.6628430485725403,
                    -0.7400301098823547,
                    -2.983156681060791
                ],
                [
                    3.725290298461914e-09,
                    0.7448856234550476,
                    -0.6671921610832214,
                    -2.689537525177002
                ],
                [
                    0.0,
                    0.0,
                    0.0,
                    1.0
                ]
            ]
        },
        {
            "file_path": "/data/shapenet_blender/all_50_random/02958343/cbe2dc469c47bb80425b2c354eccabaf/r_11",
            "rotation": 0.12566370614359174,
            "transform_matrix": [
                [
                    -0.08969052881002426,
                    0.07020356506109238,
                    -0.9934923052787781,
                    -4.0048956871032715
                ],
                [
                    -0.9959697127342224,
                    -0.006322075147181749,
                    0.08946743607521057,
                    0.3606547713279724
                ],
                [
                    0.0,
                    0.997512698173523,
                    0.07048764079809189,
                    0.2841447591781616
                ],
                [
                    0.0,
                    0.0,
                    0.0,
                    1.0
                ]
            ]
        },
        {
            "file_path": "/data/shapenet_blender/all_50_random/02958343/cbe2dc469c47bb80425b2c354eccabaf/r_12",
            "rotation": 0.12566370614359174,
            "transform_matrix": [
                [
                    0.9438382983207703,
                    0.05000486969947815,
                    0.32660189270973206,
                    1.3165744543075562
                ],
                [
                    0.3304077982902527,
                    -0.14284321665763855,
                    -0.9329664707183838,
                    -3.760908365249634
                ],
                [
                    0.0,
                    0.988481342792511,
                    -0.15134286880493164,
                    -0.6100826859474182
                ],
                [
                    0.0,
                    0.0,
                    0.0,
                    1.0
                ]
            ]
        },
        {
            "file_path": "/data/shapenet_blender/all_50_random/02958343/cbe2dc469c47bb80425b2c354eccabaf/r_13",
            "rotation": 0.12566370614359174,
            "transform_matrix": [
                [
                    -0.4200970530509949,
                    -0.15691570937633514,
                    -0.8938097357749939,
                    -3.603062391281128
                ],
                [
                    -0.9074792265892029,
                    0.07264058291912079,
                    0.41376906633377075,
                    1.6679564714431763
                ],
                [
                    0.0,
                    0.9849368333816528,
                    -0.1729138344526291,
                    -0.697037935256958
                ],
                [
                    0.0,
                    0.0,
                    0.0,
                    1.0
                ]
            ]
        },
        {
            "file_path": "/data/shapenet_blender/all_50_random/02958343/cbe2dc469c47bb80425b2c354eccabaf/r_14",
            "rotation": 0.12566370614359174,
            "transform_matrix": [
                [
                    0.3189023733139038,
                    0.5322673916816711,
                    -0.7842146754264832,
                    -3.1612703800201416
                ],
                [
                    -0.9477875828742981,
                    0.1790921837091446,
                    -0.2638649642467499,
                    -1.063673734664917
                ],
                [
                    0.0,
                    0.8274160623550415,
                    0.5615894198417664,
                    2.2638392448425293
                ],
                [
                    0.0,
                    0.0,
                    0.0,
                    1.0
                ]
            ]
        },
        {
            "file_path": "/data/shapenet_blender/all_50_random/02958343/cbe2dc469c47bb80425b2c354eccabaf/r_15",
            "rotation": 0.12566370614359174,
            "transform_matrix": [
                [
                    0.9782973527908325,
                    -0.020233917981386185,
                    0.20621566474437714,
                    0.8312820196151733
                ],
                [
                    0.20720599591732025,
                    0.09553193300962448,
                    -0.973621666431427,
                    -3.9247946739196777
                ],
                [
                    0.0,
                    0.9952207803726196,
                    0.09765120595693588,
                    0.39364463090896606
                ],
                [
                    0.0,
                    0.0,
                    0.0,
                    1.0
                ]
            ]
        },
        {
            "file_path": "/data/shapenet_blender/all_50_random/02958343/cbe2dc469c47bb80425b2c354eccabaf/r_16",
            "rotation": 0.12566370614359174,
            "transform_matrix": [
                [
                    -0.7237366437911987,
                    0.04528316482901573,
                    -0.6885889768600464,
                    -2.7757909297943115
                ],
                [
                    -0.6900764107704163,
                    -0.04749197140336037,
                    0.722176730632782,
                    2.9111874103546143
                ],
                [
                    0.0,
                    0.9978446960449219,
                    0.06562051177024841,
                    0.26452475786209106
                ],
                [
                    0.0,
                    0.0,
                    0.0,
                    1.0
                ]
            ]
        },
        {
            "file_path": "/data/shapenet_blender/all_50_random/02958343/cbe2dc469c47bb80425b2c354eccabaf/r_17",
            "rotation": 0.12566370614359174,
            "transform_matrix": [
                [
                    -0.6217502355575562,
                    0.6500988602638245,
                    -0.43680432438850403,
                    -1.7608146667480469
                ],
                [
                    -0.7832156419754028,
                    -0.516076385974884,
                    0.3467540144920349,
                    1.3978102207183838
                ],
                [
                    -1.4901162970204496e-08,
                    0.5577062964439392,
                    0.8300382494926453,
                    3.345991373062134
                ],
                [
                    0.0,
                    0.0,
                    0.0,
                    1.0
                ]
            ]
        },
        {
            "file_path": "/data/shapenet_blender/all_50_random/02958343/cbe2dc469c47bb80425b2c354eccabaf/r_18",
            "rotation": 0.12566370614359174,
            "transform_matrix": [
                [
                    -0.5202316641807556,
                    -0.015881864354014397,
                    -0.8538774847984314,
                    -3.4420900344848633
                ],
                [
                    -0.8540252447128296,
                    0.009674478322267532,
                    0.5201416611671448,
                    2.0967581272125244
                ],
                [
                    0.0,
                    0.9998270273208618,
                    -0.018596481531858444,
                    -0.07496481388807297
                ],
                [
                    0.0,
                    0.0,
                    0.0,
                    1.0
                ]
            ]
        },
        {
            "file_path": "/data/shapenet_blender/all_50_random/02958343/cbe2dc469c47bb80425b2c354eccabaf/r_19",
            "rotation": 0.12566370614359174,
            "transform_matrix": [
                [
                    -0.5925846099853516,
                    0.10044018924236298,
                    -0.7992215156555176,
                    -3.2217652797698975
                ],
                [
                    -0.8055081963539124,
                    -0.07389038801193237,
                    0.5879597663879395,
                    2.3701419830322266
                ],
                [
                    3.725290742551124e-09,
                    0.9921954274177551,
                    0.12469170242547989,
                    0.5026483535766602
                ],
                [
                    0.0,
                    0.0,
                    0.0,
                    1.0
                ]
            ]
        },
        {
            "file_path": "/data/shapenet_blender/all_50_random/02958343/cbe2dc469c47bb80425b2c354eccabaf/r_20",
            "rotation": 0.12566370614359174,
            "transform_matrix": [
                [
                    -0.6706451773643494,
                    -0.01778162643313408,
                    0.7415651082992554,
                    2.989344835281372
                ],
                [
                    0.7417783141136169,
                    -0.016076449304819107,
                    0.670452356338501,
                    2.7026801109313965
                ],
                [
                    0.0,
                    0.9997125864028931,
                    0.023971615359187126,
                    0.09663268178701401
                ],
                [
                    0.0,
                    0.0,
                    0.0,
                    1.0
                ]
            ]
        },
        {
            "file_path": "/data/shapenet_blender/all_50_random/02958343/cbe2dc469c47bb80425b2c354eccabaf/r_21",
            "rotation": 0.12566370614359174,
            "transform_matrix": [
                [
                    0.7492818832397461,
                    -0.30469799041748047,
                    0.5879929065704346,
                    2.3702754974365234
                ],
                [
                    0.6622511744499207,
                    0.3447403311729431,
                    -0.665264904499054,
                    -2.6817688941955566
                ],
                [
                    0.0,
                    0.8878700733184814,
                    0.46009427309036255,
                    1.8546994924545288
                ],
                [
                    0.0,
                    0.0,
                    0.0,
                    1.0
                ]
            ]
        },
        {
            "file_path": "/data/shapenet_blender/all_50_random/02958343/cbe2dc469c47bb80425b2c354eccabaf/r_22",
            "rotation": 0.12566370614359174,
            "transform_matrix": [
                [
                    -0.3497397005558014,
                    0.17826463282108307,
                    -0.9197303056716919,
                    -3.7075514793395996
                ],
                [
                    -0.936846911907196,
                    -0.06654899567365646,
                    0.343349814414978,
                    1.384087324142456
                ],
                [
                    0.0,
                    0.9817296266555786,
                    0.190281480550766,
                    0.7670491933822632
                ],
                [
                    0.0,
                    0.0,
                    0.0,
                    1.0
                ]
            ]
        },
        {
            "file_path": "/data/shapenet_blender/all_50_random/02958343/cbe2dc469c47bb80425b2c354eccabaf/r_23",
            "rotation": 0.12566370614359174,
            "transform_matrix": [
                [
                    0.8602330684661865,
                    0.06528662145137787,
                    0.5057043433189392,
                    2.0385594367980957
                ],
                [
                    0.509901225566864,
                    -0.11014233529567719,
                    -0.8531526327133179,
                    -3.4391682147979736
                ],
                [
                    3.725290742551124e-09,
                    0.9917692542076111,
                    -0.12803778052330017,
                    -0.5161368250846863
                ],
                [
                    0.0,
                    0.0,
                    0.0,
                    1.0
                ]
            ]
        },
        {
            "file_path": "/data/shapenet_blender/all_50_random/02958343/cbe2dc469c47bb80425b2c354eccabaf/r_24",
            "rotation": 0.12566370614359174,
            "transform_matrix": [
                [
                    -0.9440293312072754,
                    -0.013276190496981144,
                    -0.3295941650867462,
                    -1.328636646270752
                ],
                [
                    -0.32986149191856384,
                    0.03799508139491081,
                    0.9432643055915833,
                    3.8024203777313232
                ],
                [
                    9.313225746154785e-10,
                    0.9991897940635681,
                    -0.04024776816368103,
                    -0.16224396228790283
                ],
                [
                    0.0,
                    0.0,
                    0.0,
                    1.0
                ]
            ]
        },
        {
            "file_path": "/data/shapenet_blender/all_50_random/02958343/cbe2dc469c47bb80425b2c354eccabaf/r_25",
            "rotation": 0.12566370614359174,
            "transform_matrix": [
                [
                    0.7564045786857605,
                    -0.24870118498802185,
                    0.6049793362617493,
                    2.4387497901916504
                ],
                [
                    0.6541041731834412,
                    0.2875974178314209,
                    -0.6995965838432312,
                    -2.8201639652252197
                ],
                [
                    -1.4901162970204496e-08,
                    0.9248974323272705,
                    0.38021647930145264,
                    1.5327016115188599
                ],
                [
                    0.0,
                    0.0,
                    0.0,
                    1.0
                ]
            ]
        },
        {
            "file_path": "/data/shapenet_blender/all_50_random/02958343/cbe2dc469c47bb80425b2c354eccabaf/r_26",
            "rotation": 0.12566370614359174,
            "transform_matrix": [
                [
                    0.9905964136123657,
                    0.10255245119333267,
                    -0.09056445211172104,
                    -0.36507701873779297
                ],
                [
                    -0.13681715726852417,
                    0.7425099015235901,
                    -0.6557132601737976,
                    -2.6432650089263916
                ],
                [
                    0.0,
                    0.6619378924369812,
                    0.7495585083961487,
                    3.0215673446655273
                ],
                [
                    0.0,
                    0.0,
                    0.0,
                    1.0
                ]
            ]
        },
        {
            "file_path": "/data/shapenet_blender/all_50_random/02958343/cbe2dc469c47bb80425b2c354eccabaf/r_27",
            "rotation": 0.12566370614359174,
            "transform_matrix": [
                [
                    -0.6669030785560608,
                    -0.31638607382774353,
                    0.6746406555175781,
                    2.7195637226104736
                ],
                [
                    0.7451444864273071,
                    -0.28316500782966614,
                    0.6038023233413696,
                    2.4340052604675293
                ],
                [
                    -1.4901161193847656e-08,
                    0.905382513999939,
                    0.424596905708313,
                    1.7116049528121948
                ],
                [
                    0.0,
                    0.0,
                    0.0,
                    1.0
                ]
            ]
        },
        {
            "file_path": "/data/shapenet_blender/all_50_random/02958343/cbe2dc469c47bb80425b2c354eccabaf/r_28",
            "rotation": 0.12566370614359174,
            "transform_matrix": [
                [
                    -0.18353615701198578,
                    -0.7541469931602478,
                    -0.6305368542671204,
                    -2.5417754650115967
                ],
                [
                    -0.9830130338668823,
                    0.14080509543418884,
                    0.11772612482309341,
                    0.4745692014694214
                ],
                [
                    0.0,
                    0.6414329409599304,
                    -0.7671791315078735,
                    -3.0925979614257812
                ],
                [
                    0.0,
                    0.0,
                    0.0,
                    1.0
                ]
            ]
        },
        {
            "file_path": "/data/shapenet_blender/all_50_random/02958343/cbe2dc469c47bb80425b2c354eccabaf/r_29",
            "rotation": 0.12566370614359174,
            "transform_matrix": [
                [
                    0.9921935200691223,
                    -0.012901561334729195,
                    0.12403810024261475,
                    0.5000135898590088
                ],
                [
                    0.12470725178718567,
                    0.10264716297388077,
                    -0.9868696331977844,
                    -3.978198766708374
                ],
                [
                    0.0,
                    0.9946341514587402,
                    0.10345476865768433,
                    0.41703951358795166
                ],
                [
                    0.0,
                    0.0,
                    0.0,
                    1.0
                ]
            ]
        },
        {
            "file_path": "/data/shapenet_blender/all_50_random/02958343/cbe2dc469c47bb80425b2c354eccabaf/r_30",
            "rotation": 0.12566370614359174,
            "transform_matrix": [
                [
                    -0.6926724910736084,
                    -0.05072057247161865,
                    -0.7194666862487793,
                    -2.9002625942230225
                ],
                [
                    -0.7212522029876709,
                    0.048710767179727554,
                    0.6909577250480652,
                    2.78533935546875
                ],
                [
                    0.0,
                    0.9975243210792542,
                    -0.0703229308128357,
                    -0.28348076343536377
                ],
                [
                    0.0,
                    0.0,
                    0.0,
                    1.0
                ]
            ]
        },
        {
            "file_path": "/data/shapenet_blender/all_50_random/02958343/cbe2dc469c47bb80425b2c354eccabaf/r_31",
            "rotation": 0.12566370614359174,
            "transform_matrix": [
                [
                    -0.516955554485321,
                    -0.5423691868782043,
                    -0.6622632145881653,
                    -2.669668674468994
                ],
                [
                    -0.856012225151062,
                    0.3275429308414459,
                    0.3999483287334442,
                    1.612243413925171
                ],
                [
                    -1.4901161193847656e-08,
                    0.7736608386039734,
                    -0.6335997581481934,
                    -2.5541224479675293
                ],
                [
                    0.0,
                    0.0,
                    0.0,
                    1.0
                ]
            ]
        },
        {
            "file_path": "/data/shapenet_blender/all_50_random/02958343/cbe2dc469c47bb80425b2c354eccabaf/r_32",
            "rotation": 0.12566370614359174,
            "transform_matrix": [
                [
                    0.5767413973808289,
                    -0.01091553084552288,
                    -0.8168538212776184,
                    -3.2928433418273926
                ],
                [
                    -0.8169267177581787,
                    -0.007706244941800833,
                    -0.5766898393630981,
                    -2.324711322784424
                ],
                [
                    4.6566123179658803e-10,
                    0.9999107718467712,
                    -0.013361700810492039,
                    -0.05386274307966232
                ],
                [
                    0.0,
                    0.0,
                    0.0,
                    1.0
                ]
            ]
        },
        {
            "file_path": "/data/shapenet_blender/all_50_random/02958343/cbe2dc469c47bb80425b2c354eccabaf/r_33",
            "rotation": 0.12566370614359174,
            "transform_matrix": [
                [
                    -0.26090294122695923,
                    -0.002435019239783287,
                    0.9653618931770325,
                    3.891498565673828
                ],
                [
                    0.9653649926185608,
                    -0.000658096862025559,
                    0.2609021067619324,
                    1.0517301559448242
                ],
                [
                    0.0,
                    0.9999968409538269,
                    0.0025223814882338047,
                    0.01016804575920105
                ],
                [
                    0.0,
                    0.0,
                    0.0,
                    1.0
                ]
            ]
        },
        {
            "file_path": "/data/shapenet_blender/all_50_random/02958343/cbe2dc469c47bb80425b2c354eccabaf/r_34",
            "rotation": 0.12566370614359174,
            "transform_matrix": [
                [
                    -0.07583647966384888,
                    -0.8974226713180542,
                    0.4346050024032593,
                    1.7519488334655762
                ],
                [
                    0.9971203207969666,
                    -0.06825392693281174,
                    0.03305410221219063,
                    0.1332453489303589
                ],
                [
                    -3.725290298461914e-09,
                    0.43586015701293945,
                    0.9000144004821777,
                    3.6280741691589355
                ],
                [
                    0.0,
                    0.0,
                    0.0,
                    1.0
                ]
            ]
        },
        {
            "file_path": "/data/shapenet_blender/all_50_random/02958343/cbe2dc469c47bb80425b2c354eccabaf/r_35",
            "rotation": 0.12566370614359174,
            "transform_matrix": [
                [
                    -0.41571882367134094,
                    -0.3279591500759125,
                    0.8483045101165771,
                    3.4196250438690186
                ],
                [
                    0.9094931483268738,
                    -0.14990633726119995,
                    0.38775017857551575,
                    1.5630711317062378
                ],
                [
                    0.0,
                    0.932722270488739,
                    0.3605954945087433,
                    1.4536070823669434
                ],
                [
                    0.0,
                    0.0,
                    0.0,
                    1.0
                ]
            ]
        },
        {
            "file_path": "/data/shapenet_blender/all_50_random/02958343/cbe2dc469c47bb80425b2c354eccabaf/r_36",
            "rotation": 0.12566370614359174,
            "transform_matrix": [
                [
                    -0.5898650884628296,
                    0.6230034828186035,
                    0.513737142086029,
                    2.0709407329559326
                ],
                [
                    0.8075018525123596,
                    0.4550924599170685,
                    0.37527546286582947,
                    1.5127837657928467
                ],
                [
                    2.980232594040899e-08,
                    0.6362054347991943,
                    -0.7715195417404175,
                    -3.1100947856903076
                ],
                [
                    0.0,
                    0.0,
                    0.0,
                    1.0
                ]
            ]
        },
        {
            "file_path": "/data/shapenet_blender/all_50_random/02958343/cbe2dc469c47bb80425b2c354eccabaf/r_37",
            "rotation": 0.12566370614359174,
            "transform_matrix": [
                [
                    -0.9260277152061462,
                    -0.3266873359680176,
                    -0.1890714466571808,
                    -0.7621713280677795
                ],
                [
                    -0.3774554431438446,
                    0.8014761209487915,
                    0.46385717391967773,
                    1.8698679208755493
                ],
                [
                    -1.4901159417490817e-08,
                    0.5009106397628784,
                    -0.8654990196228027,
                    -3.4889378547668457
                ],
                [
                    0.0,
                    0.0,
                    0.0,
                    1.0
                ]
            ]
        },
        {
            "file_path": "/data/shapenet_blender/all_50_random/02958343/cbe2dc469c47bb80425b2c354eccabaf/r_38",
            "rotation": 0.12566370614359174,
            "transform_matrix": [
                [
                    -0.17556710541248322,
                    -0.5420020222663879,
                    0.8218331933021545,
                    3.312915802001953
                ],
                [
                    0.9844675064086914,
                    -0.0966590940952301,
                    0.1465633660554886,
                    0.5908159017562866
                ],
                [
                    7.450581485102248e-09,
                    0.8347997069358826,
                    0.5505535006523132,
                    2.2193524837493896
                ],
                [
                    0.0,
                    0.0,
                    0.0,
                    1.0
                ]
            ]
        },
        {
            "file_path": "/data/shapenet_blender/all_50_random/02958343/cbe2dc469c47bb80425b2c354eccabaf/r_39",
            "rotation": 0.12566370614359174,
            "transform_matrix": [
                [
                    0.3055713474750519,
                    0.16412819921970367,
                    -0.9379169344902039,
                    -3.7808640003204346
                ],
                [
                    -0.9521691799163818,
                    0.05267222970724106,
                    -0.3009974956512451,
                    -1.2133597135543823
                ],
                [
                    0.0,
                    0.98503178358078,
                    0.1723729372024536,
                    0.6948575377464294
                ],
                [
                    0.0,
                    0.0,
                    0.0,
                    1.0
                ]
            ]
        },
        {
            "file_path": "/data/shapenet_blender/all_50_random/02958343/cbe2dc469c47bb80425b2c354eccabaf/r_40",
            "rotation": 0.12566370614359174,
            "transform_matrix": [
                [
                    -0.1798267513513565,
                    0.09345241636037827,
                    -0.979249119758606,
                    -3.947479724884033
                ],
                [
                    -0.9836983680725098,
                    -0.01708373799920082,
                    0.17901340126991272,
                    0.7216261625289917
                ],
                [
                    0.0,
                    0.9954771399497986,
                    0.09500108659267426,
                    0.3829616606235504
                ],
                [
                    0.0,
                    0.0,
                    0.0,
                    1.0
                ]
            ]
        },
        {
            "file_path": "/data/shapenet_blender/all_50_random/02958343/cbe2dc469c47bb80425b2c354eccabaf/r_41",
            "rotation": 0.12566370614359174,
            "transform_matrix": [
                [
                    -0.432269424200058,
                    0.46503061056137085,
                    0.7725863456726074,
                    3.1143951416015625
                ],
                [
                    0.9017446041107178,
                    0.22292178869247437,
                    0.3703548312187195,
                    1.492948055267334
                ],
                [
