{
    "class": "02958343",
    "model": "70899bf99412a69db38722563212fa4b",
    "remove_doubles": true,
    "edge_split": true,
    "denoise": true,
    "camera_angle_x": 0.6911112070083618,
    "scale_factor": 2.26147653901627,
    "hdri_file": "/data/IndoorHDRDataset2018/AG8A4551-df55f70998.exr",
    "center_offset": [
        0.0,
        0.0,
        -1.3969838619232178e-09
    ],
    "lights": [],
    "frames": [
        {
            "file_path": "/data/shapenet_blender/all_50_random/02958343/70899bf99412a69db38722563212fa4b/r_0",
            "rotation": 0.12566370614359174,
            "transform_matrix": [
                [
                    -0.997735857963562,
                    0.023048339411616325,
                    -0.06318271160125732,
                    -0.25469768047332764
                ],
                [
                    -0.06725534796714783,
                    -0.3419230282306671,
                    0.9373180866241455,
                    3.7784502506256104
                ],
                [
                    0.0,
                    0.9394452571868896,
                    0.34269896149635315,
                    1.3814637660980225
                ],
                [
                    0.0,
                    0.0,
                    0.0,
                    1.0
                ]
            ]
        },
        {
            "file_path": "/data/shapenet_blender/all_50_random/02958343/70899bf99412a69db38722563212fa4b/r_1",
            "rotation": 0.12566370614359174,
            "transform_matrix": [
                [
                    -0.9967409372329712,
                    -0.030678417533636093,
                    0.07460889965295792,
                    0.30075812339782715
                ],
                [
                    0.08067003637552261,
                    -0.3790556490421295,
                    0.9218508005142212,
                    3.716099977493286
                ],
                [
                    1.862645371275562e-09,
                    0.9248651266098022,
                    0.3802950382232666,
                    1.5330185890197754
                ],
                [
                    0.0,
                    0.0,
                    0.0,
                    1.0
                ]
            ]
        },
        {
            "file_path": "/data/shapenet_blender/all_50_random/02958343/70899bf99412a69db38722563212fa4b/r_2",
            "rotation": 0.12566370614359174,
            "transform_matrix": [
                [
                    0.4929135739803314,
                    -0.15621887147426605,
                    -0.8559391498565674,
                    -3.4504010677337646
                ],
                [
                    -0.8700782656669617,
                    -0.08850054442882538,
                    -0.4849035441875458,
                    -1.9547086954116821
                ],
                [
                    0.0,
                    0.9837496280670166,
                    -0.17954574525356293,
                    -0.7237720489501953
                ],
                [
                    0.0,
                    0.0,
                    0.0,
                    1.0
                ]
            ]
        },
        {
            "file_path": "/data/shapenet_blender/all_50_random/02958343/70899bf99412a69db38722563212fa4b/r_3",
            "rotation": 0.12566370614359174,
            "transform_matrix": [
                [
                    -0.0625561848282814,
                    -0.6581926941871643,
                    -0.750245988368988,
                    -3.0243382453918457
                ],
                [
                    -0.9980415105819702,
                    0.04125482216477394,
                    0.04702462628483772,
                    0.1895623356103897
                ],
                [
                    0.0,
                    0.7517182230949402,
                    -0.6594843864440918,
                    -2.6584665775299072
                ],
                [
                    0.0,
                    0.0,
                    0.0,
                    1.0
                ]
            ]
        },
        {
            "file_path": "/data/shapenet_blender/all_50_random/02958343/70899bf99412a69db38722563212fa4b/r_4",
            "rotation": 0.12566370614359174,
            "transform_matrix": [
                [
                    0.9897469282150269,
                    0.0837172195315361,
                    -0.11572601646184921,
                    -0.4665065109729767
                ],
                [
                    -0.14283238351345062,
                    0.5801125764846802,
                    -0.8019152879714966,
                    -3.232624053955078
                ],
                [
                    0.0,
                    0.8102225661277771,
                    0.5861220955848694,
                    2.362734079360962
                ],
                [
                    0.0,
                    0.0,
                    0.0,
                    1.0
                ]
            ]
        },
        {
            "file_path": "/data/shapenet_blender/all_50_random/02958343/70899bf99412a69db38722563212fa4b/r_5",
            "rotation": 0.12566370614359174,
            "transform_matrix": [
                [
                    -0.7686724662780762,
                    0.2539432942867279,
                    -0.5870737433433533,
                    -2.366569995880127
                ],
                [
                    -0.6396427154541016,
                    -0.30516910552978516,
                    0.7054991126060486,
                    2.8439579010009766
                ],
                [
                    0.0,
                    0.9178151488304138,
                    0.3970080018043518,
                    1.6003904342651367
                ],
                [
                    0.0,
                    0.0,
                    0.0,
                    1.0
                ]
            ]
        },
        {
            "file_path": "/data/shapenet_blender/all_50_random/02958343/70899bf99412a69db38722563212fa4b/r_6",
            "rotation": 0.12566370614359174,
            "transform_matrix": [
                [
                    -0.16008228063583374,
                    -0.5495786070823669,
                    0.8199615478515625,
                    3.305370807647705
                ],
                [
                    0.9871037006378174,
                    -0.08912721276283264,
                    0.1329762190580368,
                    0.5360442996025085
                ],
                [
                    0.0,
                    0.8306741714477539,
                    0.5567587614059448,
                    2.244366407394409
                ],
                [
                    0.0,
                    0.0,
                    0.0,
                    1.0
                ]
            ]
        },
        {
            "file_path": "/data/shapenet_blender/all_50_random/02958343/70899bf99412a69db38722563212fa4b/r_7",
            "rotation": 0.12566370614359174,
            "transform_matrix": [
                [
                    -0.23145925998687744,
                    -0.07091626524925232,
                    -0.9702563881874084,
                    -3.911228656768799
                ],
                [
                    -0.9728446006774902,
                    0.016872404143214226,
                    0.23084348440170288,
                    0.9305598735809326
                ],
                [
                    0.0,
                    0.9973394870758057,
                    -0.07289578765630722,
                    -0.2938523292541504
                ],
                [
                    0.0,
                    0.0,
                    0.0,
                    1.0
                ]
            ]
        },
        {
            "file_path": "/data/shapenet_blender/all_50_random/02958343/70899bf99412a69db38722563212fa4b/r_8",
            "rotation": 0.12566370614359174,
            "transform_matrix": [
                [
                    -0.23305656015872955,
                    0.16480769217014313,
                    -0.9583960175514221,
                    -3.8634181022644043
                ],
                [
                    -0.9724631905555725,
                    -0.03949713706970215,
                    0.22968527674674988,
                    0.9258910417556763
                ],
                [
                    3.725290298461914e-09,
                    0.9855346083641052,
                    0.16947443783283234,
                    0.6831733584403992
                ],
                [
                    0.0,
                    0.0,
                    0.0,
                    1.0
                ]
            ]
        },
        {
            "file_path": "/data/shapenet_blender/all_50_random/02958343/70899bf99412a69db38722563212fa4b/r_9",
            "rotation": 0.12566370614359174,
            "transform_matrix": [
                [
                    0.25641199946403503,
                    -0.31404271721839905,
                    0.9141280651092529,
                    3.6849679946899414
                ],
                [
                    0.9665675759315491,
                    0.08330956101417542,
                    -0.24250078201293945,
                    -0.9775519371032715
                ],
                [
                    -7.450580596923828e-09,
                    0.9457465410232544,
                    0.3249050974845886,
                    1.3097343444824219
                ],
                [
                    0.0,
                    0.0,
                    0.0,
                    1.0
                ]
            ]
        },
        {
            "file_path": "/data/shapenet_blender/all_50_random/02958343/70899bf99412a69db38722563212fa4b/r_10",
            "rotation": 0.12566370614359174,
            "transform_matrix": [
                [
                    -0.8872882723808289,
                    0.023618200793862343,
                    0.46061018109321594,
                    1.8567789793014526
                ],
                [
                    0.4612152874469757,
                    0.045436810702085495,
                    0.8861241340637207,
                    3.572080612182617
                ],
                [
                    0.0,
                    0.9986878633499146,
                    -0.051208630204200745,
                    -0.20642858743667603
                ],
                [
                    0.0,
                    0.0,
                    0.0,
                    1.0
                ]
            ]
        },
        {
            "file_path": "/data/shapenet_blender/all_50_random/02958343/70899bf99412a69db38722563212fa4b/r_11",
            "rotation": 0.12566370614359174,
            "transform_matrix": [
                [
                    0.9447484016418457,
                    -0.07151752710342407,
                    0.3198997676372528,
                    1.2895572185516357
                ],
                [
                    0.32779666781425476,
                    0.20612189173698425,
                    -0.9219886660575867,
                    -3.7166550159454346
                ],
                [
                    7.450580596923828e-09,
                    0.9759092926979065,
                    0.21817652881145477,
                    0.8794976472854614
                ],
                [
                    0.0,
                    0.0,
                    0.0,
                    1.0
                ]
            ]
        },
        {
            "file_path": "/data/shapenet_blender/all_50_random/02958343/70899bf99412a69db38722563212fa4b/r_12",
            "rotation": 0.12566370614359174,
            "transform_matrix": [
                [
                    0.9305443167686462,
                    -0.3397931754589081,
                    -0.1364840269088745,
                    -0.5501847267150879
                ],
                [
                    -0.36617931723594666,
                    -0.8634912371635437,
                    -0.34683674573898315,
                    -1.3981436491012573
                ],
                [
                    0.0,
                    0.3727244734764099,
                    -0.9279419779777527,
                    -3.7406537532806396
                ],
                [
                    0.0,
                    0.0,
                    0.0,
                    1.0
                ]
            ]
        },
        {
            "file_path": "/data/shapenet_blender/all_50_random/02958343/70899bf99412a69db38722563212fa4b/r_13",
            "rotation": 0.12566370614359174,
            "transform_matrix": [
                [
                    -0.8806360960006714,
                    0.09560605138540268,
                    0.46404704451560974,
                    1.8706334829330444
                ],
                [
                    0.4737934172153473,
                    0.17770220339298248,
                    0.8625205755233765,
                    3.476931571960449
                ],
                [
                    0.0,
                    0.9794290661811829,
                    -0.20178848505020142,
                    -0.8134353756904602
                ],
                [
                    0.0,
                    0.0,
                    0.0,
                    1.0
                ]
            ]
        },
        {
            "file_path": "/data/shapenet_blender/all_50_random/02958343/70899bf99412a69db38722563212fa4b/r_14",
            "rotation": 0.12566370614359174,
            "transform_matrix": [
                [
                    0.8795868158340454,
                    0.08893392235040665,
                    -0.4673518240451813,
                    -1.883955478668213
                ],
                [
                    -0.4757383167743683,
                    0.16442887485027313,
                    -0.8640811443328857,
                    -3.483222484588623
                ],
                [
                    1.4901159417490817e-08,
                    0.9823716282844543,
                    0.18693873286247253,
                    0.7535741329193115
                ],
                [
                    0.0,
                    0.0,
                    0.0,
                    1.0
                ]
            ]
        },
        {
            "file_path": "/data/shapenet_blender/all_50_random/02958343/70899bf99412a69db38722563212fa4b/r_15",
            "rotation": 0.12566370614359174,
            "transform_matrix": [
                [
                    -0.9392855167388916,
                    -0.004361322615295649,
                    0.3431089520454407,
                    1.383116602897644
                ],
                [
                    0.343136727809906,
                    -0.011938468553125858,
                    0.939209520816803,
                    3.7860748767852783
                ],
                [
                    -4.656612873077393e-10,
                    0.9999192953109741,
                    0.01271015778183937,
                    0.051236286759376526
                ],
                [
                    0.0,
                    0.0,
                    0.0,
                    1.0
                ]
            ]
        },
        {
            "file_path": "/data/shapenet_blender/all_50_random/02958343/70899bf99412a69db38722563212fa4b/r_16",
            "rotation": 0.12566370614359174,
            "transform_matrix": [
                [
                    0.9690145254135132,
                    0.11495116353034973,
                    -0.21862511336803436,
                    -0.8813060522079468
                ],
                [
                    -0.2470034807920456,
                    0.45096269249916077,
                    -0.8576839566230774,
                    -3.457434892654419
                ],
                [
                    0.0,
                    0.885109543800354,
                    0.46538275480270386,
                    1.8760180473327637
                ],
                [
                    0.0,
                    0.0,
                    0.0,
                    1.0
                ]
            ]
        },
        {
            "file_path": "/data/shapenet_blender/all_50_random/02958343/70899bf99412a69db38722563212fa4b/r_17",
            "rotation": 0.12566370614359174,
            "transform_matrix": [
                [
                    0.8003186583518982,
                    0.03573525696992874,
                    -0.5985089540481567,
                    -2.4126670360565186
                ],
                [
                    -0.599574863910675,
                    0.04769977927207947,
                    -0.7988958358764648,
                    -3.220452308654785
                ],
                [
                    -3.725290298461914e-09,
                    0.9982222318649292,
                    0.059600986540317535,
                    0.24025927484035492
                ],
                [
                    0.0,
                    0.0,
                    0.0,
                    1.0
                ]
            ]
        },
        {
            "file_path": "/data/shapenet_blender/all_50_random/02958343/70899bf99412a69db38722563212fa4b/r_18",
            "rotation": 0.12566370614359174,
            "transform_matrix": [
                [
                    -0.08750250935554504,
                    0.25612229108810425,
                    -0.9626758694648743,
                    -3.8806700706481934
                ],
                [
                    -0.9961643218994141,
                    -0.022497637197375298,
                    0.08456090837717056,
                    0.34087589383125305
                ],
                [
                    1.8626450382086546e-09,
                    0.9663825631141663,
                    0.2571084797382355,
                    1.0364372730255127
                ],
                [
                    0.0,
                    0.0,
                    0.0,
                    1.0
                ]
            ]
        },
        {
            "file_path": "/data/shapenet_blender/all_50_random/02958343/70899bf99412a69db38722563212fa4b/r_19",
            "rotation": 0.12566370614359174,
            "transform_matrix": [
                [
                    -0.8850622177124023,
                    -0.027096008881926537,
                    0.4646834135055542,
                    1.8731987476348877
                ],
                [
                    0.4654727578163147,
                    -0.051521070301532745,
                    0.883561372756958,
                    3.5617499351501465
                ],
                [
                    0.0,
                    0.9983041882514954,
                    0.058211807161569595,
                    0.23465929925441742
                ],
                [
                    0.0,
                    0.0,
                    0.0,
                    1.0
                ]
            ]
        },
        {
            "file_path": "/data/shapenet_blender/all_50_random/02958343/70899bf99412a69db38722563212fa4b/r_20",
            "rotation": 0.12566370614359174,
            "transform_matrix": [
                [
                    0.6992822885513306,
                    -0.2591843903064728,
                    -0.6662037968635559,
                    -2.685553550720215
                ],
                [
                    -0.7148454785346985,
                    -0.25354158878326416,
                    -0.6516996026039124,
                    -2.6270854473114014
                ],
                [
                    0.0,
                    0.9319548606872559,
                    -0.3625740110874176,
                    -1.4615826606750488
                ],
                [
                    0.0,
                    0.0,
                    0.0,
                    1.0
                ]
            ]
        },
        {
            "file_path": "/data/shapenet_blender/all_50_random/02958343/70899bf99412a69db38722563212fa4b/r_21",
            "rotation": 0.12566370614359174,
            "transform_matrix": [
                [
                    0.4447952210903168,
                    -0.06821052730083466,
                    0.8930310606956482,
                    3.5999233722686768
                ],
                [
                    0.8956322073936462,
                    0.03387519717216492,
                    -0.44350340962409973,
                    -1.7878193855285645
                ],
                [
                    -1.8626450382086546e-09,
                    0.9970957040786743,
                    0.07615907490253448,
                    0.3070070445537567
                ],
                [
                    0.0,
                    0.0,
                    0.0,
                    1.0
                ]
            ]
        },
        {
            "file_path": "/data/shapenet_blender/all_50_random/02958343/70899bf99412a69db38722563212fa4b/r_22",
            "rotation": 0.12566370614359174,
            "transform_matrix": [
                [
                    0.4906269609928131,
                    0.37929803133010864,
                    0.7844858765602112,
                    3.1623640060424805
                ],
                [
                    0.8713697791099548,
                    -0.21356472373008728,
                    -0.4417067766189575,
                    -1.7805770635604858
                ],
                [
                    0.0,
                    0.9002905488014221,
                    -0.4352894127368927,
                    -1.7547078132629395
                ],
                [
                    0.0,
                    0.0,
                    0.0,
                    1.0
                ]
            ]
        },
        {
            "file_path": "/data/shapenet_blender/all_50_random/02958343/70899bf99412a69db38722563212fa4b/r_23",
            "rotation": 0.12566370614359174,
            "transform_matrix": [
                [
                    -0.9444685578346252,
                    -0.17446166276931763,
                    -0.27846387028694153,
                    -1.1225237846374512
                ],
                [
                    -0.32860156893730164,
                    0.5014386773109436,
                    0.8003625273704529,
                    3.2263643741607666
                ],
                [
                    -1.4901158529312397e-08,
                    0.8474209308624268,
                    -0.5309215188026428,
                    -2.1402130126953125
                ],
                [
                    0.0,
                    0.0,
                    0.0,
                    1.0
                ]
            ]
        },
        {
            "file_path": "/data/shapenet_blender/all_50_random/02958343/70899bf99412a69db38722563212fa4b/r_24",
            "rotation": 0.12566370614359174,
            "transform_matrix": [
                [
                    0.8359348177909851,
                    0.4909593462944031,
                    -0.2452995330095291,
                    -0.988834023475647
                ],
                [
                    -0.5488287210464478,
                    0.7477924823760986,
                    -0.3736218810081482,
                    -1.5061179399490356
                ],
                [
                    -1.4901161193847656e-08,
                    0.4469510614871979,
                    0.8945584893226624,
                    3.6060805320739746
                ],
                [
                    0.0,
                    0.0,
                    0.0,
                    1.0
                ]
            ]
        },
        {
            "file_path": "/data/shapenet_blender/all_50_random/02958343/70899bf99412a69db38722563212fa4b/r_25",
            "rotation": 0.12566370614359174,
            "transform_matrix": [
                [
                    0.6930204629898071,
                    -0.16707509756088257,
                    -0.7012905478477478,
                    -2.8269925117492676
                ],
                [
                    -0.7209177613258362,
                    -0.16060981154441833,
                    -0.6741527915000916,
                    -2.7175967693328857
                ],
                [
                    0.0,
                    0.9727745652198792,
                    -0.23175331950187683,
                    -0.9342275261878967
                ],
                [
                    0.0,
                    0.0,
                    0.0,
                    1.0
                ]
            ]
        },
        {
            "file_path": "/data/shapenet_blender/all_50_random/02958343/70899bf99412a69db38722563212fa4b/r_26",
            "rotation": 0.12566370614359174,
            "transform_matrix": [
                [
                    -0.9496917724609375,
                    -0.12386850267648697,
                    -0.287649005651474,
                    -1.1595503091812134
                ],
                [
                    -0.31318581104278564,
                    0.3756137490272522,
                    0.8722550272941589,
                    3.5161726474761963
                ],
                [
                    0.0,
                    0.9184611439704895,
                    -0.3955111503601074,
                    -1.5943565368652344
                ],
                [
                    0.0,
                    0.0,
                    0.0,
                    1.0
                ]
            ]
        },
        {
            "file_path": "/data/shapenet_blender/all_50_random/02958343/70899bf99412a69db38722563212fa4b/r_27",
            "rotation": 0.12566370614359174,
            "transform_matrix": [
                [
                    -0.8853533864021301,
                    0.0632646232843399,
                    -0.46059417724609375,
                    -1.8567144870758057
                ],
                [
                    -0.46491870284080505,
                    -0.12047600746154785,
                    0.8771181106567383,
                    3.535776138305664
                ],
                [
                    3.725290298461914e-09,
                    0.9906982183456421,
                    0.13607674837112427,
                    0.5485429167747498
                ],
                [
                    0.0,
                    0.0,
                    0.0,
                    1.0
                ]
            ]
        },
        {
            "file_path": "/data/shapenet_blender/all_50_random/02958343/70899bf99412a69db38722563212fa4b/r_28",
            "rotation": 0.12566370614359174,
            "transform_matrix": [
                [
                    -0.40016302466392517,
                    0.8434391617774963,
                    0.3584410846233368,
                    1.4449222087860107
                ],
                [
                    0.916443943977356,
                    0.3682856857776642,
                    0.15651243925094604,
                    0.6309218406677246
                ],
                [
                    0.0,
                    0.39112168550491333,
                    -0.9203389883041382,
                    -3.710005044937134
                ],
                [
                    0.0,
                    0.0,
                    0.0,
                    1.0
                ]
            ]
        },
        {
            "file_path": "/data/shapenet_blender/all_50_random/02958343/70899bf99412a69db38722563212fa4b/r_29",
            "rotation": 0.12566370614359174,
            "transform_matrix": [
                [
                    0.7569862604141235,
                    -0.5467301607131958,
                    0.3578518331050873,
                    1.4425468444824219
                ],
                [
                    0.6534307599067688,
                    0.6333757638931274,
                    -0.4145640730857849,
                    -1.67116117477417
                ],
                [
                    0.0,
                    0.5476506352424622,
                    0.8367070555686951,
                    3.3728740215301514
                ],
                [
                    0.0,
                    0.0,
                    0.0,
                    1.0
                ]
            ]
        },
        {
            "file_path": "/data/shapenet_blender/all_50_random/02958343/70899bf99412a69db38722563212fa4b/r_30",
            "rotation": 0.12566370614359174,
            "transform_matrix": [
                [
                    0.9914082884788513,
                    0.09107805043458939,
                    0.09388448297977448,
                    0.37846046686172485
                ],
                [
                    0.13080330193042755,
                    -0.690315306186676,
                    -0.7115863561630249,
                    -2.8684964179992676
                ],
                [
                    0.0,
                    0.7177530527114868,
                    -0.6962977051734924,
                    -2.806865930557251
                ],
                [
                    0.0,
                    0.0,
                    0.0,
                    1.0
                ]
            ]
        },
        {
            "file_path": "/data/shapenet_blender/all_50_random/02958343/70899bf99412a69db38722563212fa4b/r_31",
            "rotation": 0.12566370614359174,
            "transform_matrix": [
                [
                    0.2347784787416458,
                    0.3215676546096802,
                    -0.9173185229301453,
                    -3.697829246520996
                ],
                [
                    -0.9720489978790283,
                    0.07766805589199066,
                    -0.22155945003032684,
                    -0.8931347131729126
                ],
                [
                    -7.450581485102248e-09,
                    0.9436959028244019,
                    0.3308142423629761,
                    1.3335548639297485
                ],
                [
                    0.0,
                    0.0,
                    0.0,
                    1.0
                ]
            ]
        },
        {
            "file_path": "/data/shapenet_blender/all_50_random/02958343/70899bf99412a69db38722563212fa4b/r_32",
            "rotation": 0.12566370614359174,
            "transform_matrix": [
                [
                    0.9032091498374939,
                    0.16466009616851807,
                    0.39635875821113586,
                    1.5977734327316284
                ],
                [
                    0.4292007088661194,
                    -0.3465104103088379,
                    -0.8340966105461121,
                    -3.362351179122925
                ],
                [
                    0.0,
                    0.9234811663627625,
                    -0.38364356756210327,
                    -1.5465167760849
                ],
                [
                    0.0,
                    0.0,
                    0.0,
                    1.0
                ]
            ]
        },
        {
            "file_path": "/data/shapenet_blender/all_50_random/02958343/70899bf99412a69db38722563212fa4b/r_33",
            "rotation": 0.12566370614359174,
            "transform_matrix": [
                [
                    -0.04094671830534935,
                    -0.4127214848995209,
                    -0.9099364280700684,
                    -3.6680710315704346
                ],
                [
                    -0.9991613626480103,
                    0.016913777217268944,
                    0.03729018568992615,
                    0.15032154321670532
                ],
                [
                    1.862645149230957e-09,
                    0.9107001423835754,
                    -0.4130679666996002,
                    -1.6651302576065063
                ],
                [
                    0.0,
                    0.0,
                    0.0,
                    1.0
                ]
            ]
        },
        {
            "file_path": "/data/shapenet_blender/all_50_random/02958343/70899bf99412a69db38722563212fa4b/r_34",
            "rotation": 0.12566370614359174,
            "transform_matrix": [
                [
                    0.042074911296367645,
                    -0.24503302574157715,
                    -0.9686012864112854,
                    -3.9045567512512207
                ],
                [
                    -0.999114453792572,
                    -0.010318879969418049,
                    -0.04078993201255798,
                    -0.1644294708967209
                ],
                [
                    0.0,
                    0.9694598317146301,
                    -0.24525019526481628,
                    -0.9886351823806763
                ],
                [
                    0.0,
                    0.0,
                    0.0,
                    1.0
                ]
            ]
        },
        {
            "file_path": "/data/shapenet_blender/all_50_random/02958343/70899bf99412a69db38722563212fa4b/r_35",
            "rotation": 0.12566370614359174,
            "transform_matrix": [
                [
                    -0.35183510184288025,
                    -0.19323763251304626,
                    -0.9158990979194641,
                    -3.692107677459717
                ],
                [
                    -0.9360620379447937,
                    0.07263170927762985,
                    0.34425652027130127,
                    1.387742519378662
                ],
                [
                    0.0,
                    0.9784599542617798,
                    -0.20643675327301025,
                    -0.832173228263855
                ],
                [
                    0.0,
                    0.0,
                    0.0,
                    1.0
                ]
            ]
        },
        {
            "file_path": "/data/shapenet_blender/all_50_random/02958343/70899bf99412a69db38722563212fa4b/r_36",
            "rotation": 0.12566370614359174,
            "transform_matrix": [
                [
                    0.9666594862937927,
                    0.11381641775369644,
                    -0.22938039898872375,
                    -0.9246619939804077
                ],
                [
                    -0.2560654878616333,
                    0.4296623766422272,
                    -0.8659219145774841,
                    -3.490642786026001
                ],
                [
                    -7.450580596923828e-09,
                    0.8957879543304443,
                    0.44448164105415344,
                    1.7917628288269043
                ],
                [
                    0.0,
                    0.0,
                    0.0,
                    1.0
                ]
            ]
        },
        {
            "file_path": "/data/shapenet_blender/all_50_random/02958343/70899bf99412a69db38722563212fa4b/r_37",
            "rotation": 0.12566370614359174,
            "transform_matrix": [
                [
                    0.24818645417690277,
                    -0.9437474012374878,
                    0.21850480139255524,
                    0.8808211088180542
                ],
                [
                    0.9687122702598572,
                    0.24179039895534515,
                    -0.05598146468400955,
                    -0.2256685197353363
                ],
                [
                    0.0,
                    0.22556191682815552,
                    0.9742287397384644,
                    3.927241802215576
                ],
                [
                    0.0,
                    0.0,
                    0.0,
                    1.0
                ]
            ]
        },
        {
            "file_path": "/data/shapenet_blender/all_50_random/02958343/70899bf99412a69db38722563212fa4b/r_38",
            "rotation": 0.12566370614359174,
            "transform_matrix": [
                [
                    0.7529452443122864,
                    0.3668927848339081,
                    0.5463177561759949,
                    2.202277421951294
                ],
                [
                    0.6580831408500671,
                    -0.41978007555007935,
                    -0.6250690221786499,
                    -2.5197339057922363
                ],
                [
                    0.0,
                    0.8301652669906616,
                    -0.5575173497200012,
                    -2.247424364089966
                ],
                [
                    0.0,
                    0.0,
                    0.0,
                    1.0
                ]
            ]
        },
        {
            "file_path": "/data/shapenet_blender/all_50_random/02958343/70899bf99412a69db38722563212fa4b/r_39",
            "rotation": 0.12566370614359174,
            "transform_matrix": [
                [
                    0.9905425310134888,
                    0.034884802997112274,
                    0.1326971799135208,
                    0.5349195003509521
                ],
                [
                    0.13720601797103882,
                    -0.25184667110443115,
                    -0.9579914808273315,
                    -3.8617873191833496
                ],
                [
                    3.725290298461914e-09,
                    0.9671381711959839,
                    -0.2542512118816376,
                    -1.0249195098876953
                ],
                [
                    0.0,
                    0.0,
                    0.0,
                    1.0
                ]
            ]
        },
        {
            "file_path": "/data/shapenet_blender/all_50_random/02958343/70899bf99412a69db38722563212fa4b/r_40",
            "rotation": 0.12566370614359174,
            "transform_matrix": [
                [
                    -0.8640385866165161,
                    -0.4724845886230469,
                    0.1737689971923828,
                    0.7004852890968323
                ],
                [
                    0.503425657749176,
                    -0.8109338283538818,
                    0.2982428967952728,
                    1.2022557258605957
                ],
                [
                    -1.4901162970204496e-08,
                    0.34517309069633484,
                    0.9385389685630798,
                    3.783371925354004
                ],
                [
                    0.0,
                    0.0,
                    0.0,
                    1.0
                ]
            ]
        },
        {
            "file_path": "/data/shapenet_blender/all_50_random/02958343/70899bf99412a69db38722563212fa4b/r_41",
            "rotation": 0.12566370614359174,
            "transform_matrix": [
                [
                    -0.5459117293357849,
                    -0.1019674688577652,
                    0.8316147327423096,
                    3.3523459434509277
                ],
                [
                    0.8378427624702454,
                    -0.06643876433372498,
                    0.5418537259101868,
                    2.1842823028564453
                ],
                [
                    0.0,
