{
    "class": "02958343",
    "model": "3154c3dce06ae7e216abce8cb03e7794",
    "remove_doubles": true,
    "edge_split": true,
    "denoise": true,
    "camera_angle_x": 0.6911112070083618,
    "scale_factor": 2.3268450553618893,
    "hdri_file": "/data/IndoorHDRDataset2018/AG8A0255-a2957bb390.exr",
    "center_offset": [
        0.0,
        0.0,
        -3.725290298461914e-09
    ],
    "lights": [],
    "frames": [
        {
            "file_path": "/data/shapenet_blender/all_50_random/02958343/3154c3dce06ae7e216abce8cb03e7794/r_0",
            "rotation": 0.12566370614359174,
            "transform_matrix": [
                [
                    0.8161463737487793,
                    0.09725382179021835,
                    0.5696024894714355,
                    2.2961409091949463
                ],
                [
                    0.5778453946113586,
                    -0.13736087083816528,
                    -0.8045040369033813,
                    -3.2430591583251953
                ],
                [
                    0.0,
                    0.9857350587844849,
                    -0.1683042347431183,
                    -0.6784560084342957
                ],
                [
                    0.0,
                    0.0,
                    0.0,
                    1.0
                ]
            ]
        },
        {
            "file_path": "/data/shapenet_blender/all_50_random/02958343/3154c3dce06ae7e216abce8cb03e7794/r_1",
            "rotation": 0.12566370614359174,
            "transform_matrix": [
                [
                    -0.33571290969848633,
                    -0.20023351907730103,
                    -0.920436441898346,
                    -3.7103981971740723
                ],
                [
                    -0.9419642686843872,
                    0.07136255502700806,
                    0.3280404508113861,
                    1.3223735094070435
                ],
                [
                    0.0,
                    0.9771457314491272,
                    -0.2125701755285263,
                    -0.8568978309631348
                ],
                [
                    0.0,
                    0.0,
                    0.0,
                    1.0
                ]
            ]
        },
        {
            "file_path": "/data/shapenet_blender/all_50_random/02958343/3154c3dce06ae7e216abce8cb03e7794/r_2",
            "rotation": 0.12566370614359174,
            "transform_matrix": [
                [
                    0.9629117846488953,
                    -0.011981401592493057,
                    -0.26955002546310425,
                    -1.0865910053253174
                ],
                [
                    -0.26981616020202637,
                    -0.04275885596871376,
                    -0.9619619250297546,
                    -3.8777928352355957
                ],
                [
                    0.0,
                    0.9990134835243225,
                    -0.04440578818321228,
                    -0.1790054738521576
                ],
                [
                    0.0,
                    0.0,
                    0.0,
                    1.0
                ]
            ]
        },
        {
            "file_path": "/data/shapenet_blender/all_50_random/02958343/3154c3dce06ae7e216abce8cb03e7794/r_3",
            "rotation": 0.12566370614359174,
            "transform_matrix": [
                [
                    0.6037596464157104,
                    0.03910401463508606,
                    -0.7962066531181335,
                    -3.209611654281616
                ],
                [
                    -0.7971663475036621,
                    0.029616689309477806,
                    -0.6030328273773193,
                    -2.430903196334839
                ],
                [
                    -1.862645149230957e-09,
                    0.9987960457801819,
                    0.04905376955866814,
                    0.19774207472801208
                ],
                [
                    0.0,
                    0.0,
                    0.0,
                    1.0
                ]
            ]
        },
        {
            "file_path": "/data/shapenet_blender/all_50_random/02958343/3154c3dce06ae7e216abce8cb03e7794/r_4",
            "rotation": 0.12566370614359174,
            "transform_matrix": [
                [
                    -0.9749031662940979,
                    -0.06192776933312416,
                    -0.21384309232234955,
                    -0.8620291352272034
                ],
                [
                    -0.2226295918226242,
                    0.27118396759033203,
                    0.9364268183708191,
                    3.774857521057129
                ],
                [
                    -3.725290742551124e-09,
                    0.9605332612991333,
                    -0.2781650424003601,
                    -1.12131929397583
                ],
                [
                    0.0,
                    0.0,
                    0.0,
                    1.0
                ]
            ]
        },
        {
            "file_path": "/data/shapenet_blender/all_50_random/02958343/3154c3dce06ae7e216abce8cb03e7794/r_5",
            "rotation": 0.12566370614359174,
            "transform_matrix": [
                [
                    -0.9319438338279724,
                    -0.25695735216140747,
                    -0.25583913922309875,
                    -1.0313206911087036
                ],
                [
                    -0.36260277032852173,
                    0.6604191660881042,
                    0.6575452089309692,
                    2.6506497859954834
                ],
                [
                    0.0,
                    0.7055633068084717,
                    -0.7086468935012817,
                    -2.856647253036499
                ],
                [
                    0.0,
                    0.0,
                    0.0,
                    1.0
                ]
            ]
        },
        {
            "file_path": "/data/shapenet_blender/all_50_random/02958343/3154c3dce06ae7e216abce8cb03e7794/r_6",
            "rotation": 0.12566370614359174,
            "transform_matrix": [
                [
                    0.26966068148612976,
                    -0.5338470339775085,
                    -0.8014302253723145,
                    -3.230668544769287
                ],
                [
                    -0.9629554152488708,
                    -0.14949555695056915,
                    -0.22442807257175446,
                    -0.9046984910964966
                ],
                [
                    0.0,
                    0.8322610259056091,
                    -0.5543839931488037,
                    -2.2347934246063232
                ],
                [
                    0.0,
                    0.0,
                    0.0,
                    1.0
                ]
            ]
        },
        {
            "file_path": "/data/shapenet_blender/all_50_random/02958343/3154c3dce06ae7e216abce8cb03e7794/r_7",
            "rotation": 0.12566370614359174,
            "transform_matrix": [
                [
                    -0.310377299785614,
                    -0.04494785517454147,
                    0.9495501518249512,
                    3.827759265899658
                ],
                [
                    0.9506133794784546,
                    -0.014675571583211422,
                    0.31003013253211975,
                    1.2497715950012207
                ],
                [
                    1.8626450382086546e-09,
                    0.998881459236145,
                    0.047283001244068146,
                    0.19060389697551727
                ],
                [
                    0.0,
                    0.0,
                    0.0,
                    1.0
                ]
            ]
        },
        {
            "file_path": "/data/shapenet_blender/all_50_random/02958343/3154c3dce06ae7e216abce8cb03e7794/r_8",
            "rotation": 0.12566370614359174,
            "transform_matrix": [
                [
                    -0.44029712677001953,
                    -0.6027789115905762,
                    0.6654291749000549,
                    2.6824307441711426
                ],
                [
                    0.8978521823883057,
                    -0.2955963611602783,
                    0.3263193964958191,
                    1.315435528755188
                ],
                [
                    -1.4901161193847656e-08,
                    0.7411345839500427,
                    0.6713565587997437,
                    2.706324815750122
                ],
                [
                    0.0,
                    0.0,
                    0.0,
                    1.0
                ]
            ]
        },
        {
            "file_path": "/data/shapenet_blender/all_50_random/02958343/3154c3dce06ae7e216abce8cb03e7794/r_9",
            "rotation": 0.12566370614359174,
            "transform_matrix": [
                [
                    -0.513679027557373,
                    0.23576191067695618,
                    -0.824954628944397,
                    -3.325498580932617
                ],
                [
                    -0.8579825162887573,
                    -0.14115199446678162,
                    0.49390503764152527,
                    1.990994930267334
                ],
                [
                    0.0,
                    0.9615052342414856,
                    0.2747863829135895,
                    1.1076993942260742
                ],
                [
                    0.0,
                    0.0,
                    0.0,
                    1.0
                ]
            ]
        },
        {
            "file_path": "/data/shapenet_blender/all_50_random/02958343/3154c3dce06ae7e216abce8cb03e7794/r_10",
            "rotation": 0.12566370614359174,
            "transform_matrix": [
                [
                    0.9969828724861145,
                    -0.06256002187728882,
                    0.04595023766160011,
                    0.18523132801055908
                ],
                [
                    0.07762204110622406,
                    0.8035252094268799,
                    -0.5901879668235779,
                    -2.3791236877441406
                ],
                [
                    0.0,
                    0.5919739603996277,
                    0.805957019329071,
                    3.2489166259765625
                ],
                [
                    0.0,
                    0.0,
                    0.0,
                    1.0
                ]
            ]
        },
        {
            "file_path": "/data/shapenet_blender/all_50_random/02958343/3154c3dce06ae7e216abce8cb03e7794/r_11",
            "rotation": 0.12566370614359174,
            "transform_matrix": [
                [
                    0.8840432167053223,
                    0.1399836540222168,
                    -0.44595101475715637,
                    -1.7976858615875244
                ],
                [
                    -0.4674053490161896,
                    0.26476287841796875,
                    -0.8434648513793945,
                    -3.4001152515411377
                ],
                [
                    -1.4901161193847656e-08,
                    0.9540991187095642,
                    0.29949095845222473,
                    1.2072864770889282
                ],
                [
                    0.0,
                    0.0,
                    0.0,
                    1.0
                ]
            ]
        },
        {
            "file_path": "/data/shapenet_blender/all_50_random/02958343/3154c3dce06ae7e216abce8cb03e7794/r_12",
            "rotation": 0.12566370614359174,
            "transform_matrix": [
                [
                    -0.3941272497177124,
                    -0.19239646196365356,
                    -0.8986920118331909,
                    -3.6227433681488037
                ],
                [
                    -0.9190559387207031,
                    0.08250714838504791,
                    0.3853943645954132,
                    1.5535743236541748
                ],
                [
                    0.0,
                    0.9778425693511963,
                    -0.20934142172336578,
                    -0.8438822627067566
                ],
                [
                    0.0,
                    0.0,
                    0.0,
                    1.0
                ]
            ]
        },
        {
            "file_path": "/data/shapenet_blender/all_50_random/02958343/3154c3dce06ae7e216abce8cb03e7794/r_13",
            "rotation": 0.12566370614359174,
            "transform_matrix": [
                [
                    -0.08056549727916718,
                    -0.0853717029094696,
                    -0.9930863976478577,
                    -4.003259658813477
                ],
                [
                    -0.9967494010925293,
                    0.0069004446268081665,
                    0.08026942610740662,
                    0.3235764503479004
                ],
                [
                    -4.656613428188905e-10,
                    0.9963252544403076,
                    -0.08565011620521545,
                    -0.3452666997909546
                ],
                [
                    0.0,
                    0.0,
                    0.0,
                    1.0
                ]
            ]
        },
        {
            "file_path": "/data/shapenet_blender/all_50_random/02958343/3154c3dce06ae7e216abce8cb03e7794/r_14",
            "rotation": 0.12566370614359174,
            "transform_matrix": [
                [
                    0.03306669741868973,
                    -0.2776072323322296,
                    0.9601253271102905,
                    3.870389223098755
                ],
                [
                    0.9994531869888306,
                    0.009184576570987701,
                    -0.031765542924404144,
                    -0.1280510127544403
                ],
                [
                    0.0,
                    0.9606508016586304,
                    0.2777591049671173,
                    1.1196829080581665
                ],
                [
                    0.0,
                    0.0,
                    0.0,
                    1.0
                ]
            ]
        },
        {
            "file_path": "/data/shapenet_blender/all_50_random/02958343/3154c3dce06ae7e216abce8cb03e7794/r_15",
            "rotation": 0.12566370614359174,
            "transform_matrix": [
                [
                    0.19561782479286194,
                    -0.9288330078125,
                    0.3146471381187439,
                    1.2683831453323364
                ],
                [
                    0.9806802868843079,
                    0.18527576327323914,
                    -0.06276315450668335,
                    -0.25300636887550354
                ],
                [
                    0.0,
                    0.3208456337451935,
                    0.9471314549446106,
                    3.8180088996887207
                ],
                [
                    0.0,
                    0.0,
                    0.0,
                    1.0
                ]
            ]
        },
        {
            "file_path": "/data/shapenet_blender/all_50_random/02958343/3154c3dce06ae7e216abce8cb03e7794/r_16",
            "rotation": 0.12566370614359174,
            "transform_matrix": [
                [
                    0.960199773311615,
                    -0.17315815389156342,
                    0.21916332840919495,
                    0.883475661277771
                ],
                [
                    0.27931398153305054,
                    0.5952670574188232,
                    -0.7534193992614746,
                    -3.037130832672119
                ],
                [
                    0.0,
                    0.7846486568450928,
                    0.6199407577514648,
                    2.499061107635498
                ],
                [
                    0.0,
                    0.0,
                    0.0,
                    1.0
                ]
            ]
        },
        {
            "file_path": "/data/shapenet_blender/all_50_random/02958343/3154c3dce06ae7e216abce8cb03e7794/r_17",
            "rotation": 0.12566370614359174,
            "transform_matrix": [
                [
                    -0.12974615395069122,
                    -0.404805451631546,
                    -0.9051510691642761,
                    -3.648780584335327
                ],
                [
                    -0.9915472865104675,
                    0.052969690412282944,
                    0.11844101548194885,
                    0.47745099663734436
                ],
                [
                    0.0,
                    0.9128671884536743,
                    -0.4082563817501068,
                    -1.6457340717315674
                ],
                [
                    0.0,
                    0.0,
                    0.0,
                    1.0
                ]
            ]
        },
        {
            "file_path": "/data/shapenet_blender/all_50_random/02958343/3154c3dce06ae7e216abce8cb03e7794/r_18",
            "rotation": 0.12566370614359174,
            "transform_matrix": [
                [
                    0.1167561262845993,
                    0.8647786378860474,
                    -0.48839107155799866,
                    -1.9687674045562744
                ],
                [
                    -0.993160605430603,
                    0.10166352242231369,
                    -0.05741533637046814,
                    -0.23144862055778503
                ],
                [
                    0.0,
                    0.49175435304641724,
                    0.8707339763641357,
                    3.5100409984588623
                ],
                [
                    0.0,
                    0.0,
                    0.0,
                    1.0
                ]
            ]
        },
        {
            "file_path": "/data/shapenet_blender/all_50_random/02958343/3154c3dce06ae7e216abce8cb03e7794/r_19",
            "rotation": 0.12566370614359174,
            "transform_matrix": [
                [
                    -0.6555248498916626,
                    -0.25749242305755615,
                    -0.7099188566207886,
                    -2.861774444580078
                ],
                [
                    -0.7551735043525696,
                    0.2235151082277298,
                    0.6162417531013489,
                    2.484149932861328
                ],
                [
                    0.0,
                    0.9400736689567566,
                    -0.3409712314605713,
                    -1.374498963356018
                ],
                [
                    0.0,
                    0.0,
                    0.0,
                    1.0
                ]
            ]
        },
        {
            "file_path": "/data/shapenet_blender/all_50_random/02958343/3154c3dce06ae7e216abce8cb03e7794/r_20",
            "rotation": 0.12566370614359174,
            "transform_matrix": [
                [
                    -0.4575476050376892,
                    -0.04272482171654701,
                    -0.8881580233573914,
                    -3.58027982711792
                ],
                [
                    -0.8891851902008057,
                    0.02198489010334015,
                    0.45701903104782104,
                    1.8423027992248535
                ],
                [
                    -1.862645371275562e-09,
                    0.9988449215888977,
                    -0.048049408942461014,
                    -0.1936933845281601
                ],
                [
                    0.0,
                    0.0,
                    0.0,
                    1.0
                ]
            ]
        },
        {
            "file_path": "/data/shapenet_blender/all_50_random/02958343/3154c3dce06ae7e216abce8cb03e7794/r_21",
            "rotation": 0.12566370614359174,
            "transform_matrix": [
                [
                    -0.9290083646774292,
                    -0.2872040569782257,
                    0.23336100578308105,
                    0.9407082796096802
                ],
                [
                    0.3700588643550873,
                    -0.7210068702697754,
                    0.5858374238014221,
                    2.361586093902588
                ],
                [
                    0.0,
                    0.6306051015853882,
                    0.7761039137840271,
                    3.128574848175049
                ],
                [
                    0.0,
                    0.0,
                    0.0,
                    1.0
                ]
            ]
        },
        {
            "file_path": "/data/shapenet_blender/all_50_random/02958343/3154c3dce06ae7e216abce8cb03e7794/r_22",
            "rotation": 0.12566370614359174,
            "transform_matrix": [
                [
                    -0.985226571559906,
                    0.10317070782184601,
                    -0.1366909295320511,
                    -0.5510187745094299
                ],
                [
                    -0.171255961060524,
                    -0.5935356616973877,
                    0.7863757610321045,
                    3.1699819564819336
                ],
                [
                    0.0,
                    0.7981674075126648,
                    0.6024356484413147,
                    2.4284956455230713
                ],
                [
                    0.0,
                    0.0,
                    0.0,
                    1.0
                ]
            ]
        },
        {
            "file_path": "/data/shapenet_blender/all_50_random/02958343/3154c3dce06ae7e216abce8cb03e7794/r_23",
            "rotation": 0.12566370614359174,
            "transform_matrix": [
                [
                    0.43975791335105896,
                    -0.7394556403160095,
                    0.5097237229347229,
                    2.054762125015259
                ],
                [
                    0.898116409778595,
                    0.3620705008506775,
                    -0.24958349764347076,
                    -1.006103277206421
                ],
                [
                    0.0,
                    0.5675475597381592,
                    0.8233405947685242,
                    3.3189921379089355
                ],
                [
                    0.0,
                    0.0,
                    0.0,
                    1.0
                ]
            ]
        },
        {
            "file_path": "/data/shapenet_blender/all_50_random/02958343/3154c3dce06ae7e216abce8cb03e7794/r_24",
            "rotation": 0.12566370614359174,
            "transform_matrix": [
                [
                    -0.1755075752735138,
                    -0.6380449533462524,
                    0.7497305274009705,
                    3.0222599506378174
                ],
                [
                    0.9844779968261719,
                    -0.11374731361865997,
                    0.1336580216884613,
                    0.5387926697731018
                ],
                [
                    0.0,
                    0.7615512013435364,
                    0.6481047868728638,
                    2.612593650817871
                ],
                [
                    0.0,
                    0.0,
                    0.0,
                    1.0
                ]
            ]
        },
        {
            "file_path": "/data/shapenet_blender/all_50_random/02958343/3154c3dce06ae7e216abce8cb03e7794/r_25",
            "rotation": 0.12566370614359174,
            "transform_matrix": [
                [
                    -0.45318928360939026,
                    0.3293762803077698,
                    0.8283300399780273,
                    3.3391053676605225
                ],
                [
                    0.8914143443107605,
                    0.16745275259017944,
                    0.4211176335811615,
                    1.6975796222686768
                ],
                [
                    0.0,
                    0.9292312860488892,
                    -0.36949849128723145,
                    -1.4894962310791016
                ],
                [
                    0.0,
                    0.0,
                    0.0,
                    1.0
                ]
            ]
        },
        {
            "file_path": "/data/shapenet_blender/all_50_random/02958343/3154c3dce06ae7e216abce8cb03e7794/r_26",
            "rotation": 0.12566370614359174,
            "transform_matrix": [
                [
                    0.9915788769721985,
                    0.0258946493268013,
                    0.12688890099525452,
                    0.5115056037902832
                ],
                [
                    0.12950417399406433,
                    -0.19826841354370117,
                    -0.9715545177459717,
                    -3.916461706161499
                ],
                [
                    0.0,
                    0.9798056483268738,
                    -0.19995222985744476,
                    -0.8060332536697388
                ],
                [
                    0.0,
                    0.0,
                    0.0,
                    1.0
                ]
            ]
        },
        {
            "file_path": "/data/shapenet_blender/all_50_random/02958343/3154c3dce06ae7e216abce8cb03e7794/r_27",
            "rotation": 0.12566370614359174,
            "transform_matrix": [
                [
                    -0.9926641583442688,
                    -0.022165147587656975,
                    -0.11885470896959305,
                    -0.47911858558654785
                ],
                [
                    -0.12090381234884262,
                    0.18198390305042267,
                    0.9758402705192566,
                    3.9337375164031982
                ],
                [
                    1.8626448161640496e-09,
                    0.9830517172813416,
                    -0.1833287477493286,
                    -0.7390217185020447
                ],
                [
                    0.0,
                    0.0,
                    0.0,
                    1.0
                ]
            ]
        },
        {
            "file_path": "/data/shapenet_blender/all_50_random/02958343/3154c3dce06ae7e216abce8cb03e7794/r_28",
            "rotation": 0.12566370614359174,
            "transform_matrix": [
                [
                    0.991579532623291,
                    -0.009742500260472298,
                    -0.12913264334201813,
                    -0.5205503106117249
                ],
                [
                    -0.1294996440410614,
                    -0.07459837943315506,
                    -0.9887693524360657,
                    -3.985856771469116
                ],
                [
                    0.0,
                    0.9971660375595093,
                    -0.0752318724989891,
                    -0.3032693862915039
                ],
                [
                    0.0,
                    0.0,
                    0.0,
                    1.0
                ]
            ]
        },
        {
            "file_path": "/data/shapenet_blender/all_50_random/02958343/3154c3dce06ae7e216abce8cb03e7794/r_29",
            "rotation": 0.12566370614359174,
            "transform_matrix": [
                [
                    -0.5214949250221252,
                    0.2750643789768219,
                    0.8077020049095154,
                    3.255951166152954
                ],
                [
                    0.8532543778419495,
                    0.1681147962808609,
                    0.4936540722846985,
                    1.989983320236206
                ],
                [
                    -1.4901161193847656e-08,
                    0.9466134309768677,
                    -0.32237085700035095,
                    -1.2995185852050781
                ],
                [
                    0.0,
                    0.0,
                    0.0,
                    1.0
                ]
            ]
        },
        {
            "file_path": "/data/shapenet_blender/all_50_random/02958343/3154c3dce06ae7e216abce8cb03e7794/r_30",
            "rotation": 0.12566370614359174,
            "transform_matrix": [
                [
                    0.8066296577453613,
                    -0.1460019201040268,
                    -0.572740912437439,
                    -2.3087925910949707
                ],
                [
                    -0.5910573601722717,
                    -0.1992521733045578,
                    -0.7816327214241028,
                    -3.150862455368042
                ],
                [
                    7.450581485102248e-09,
                    0.9690108299255371,
                    -0.24701818823814392,
                    -0.9957622289657593
                ],
                [
                    0.0,
                    0.0,
                    0.0,
                    1.0
                ]
            ]
        },
        {
            "file_path": "/data/shapenet_blender/all_50_random/02958343/3154c3dce06ae7e216abce8cb03e7794/r_31",
            "rotation": 0.12566370614359174,
            "transform_matrix": [
                [
                    0.1824226826429367,
                    0.9828162789344788,
                    0.028180480003356934,
                    0.11359915137290955
                ],
                [
                    0.9832202792167664,
                    -0.18234772980213165,
                    -0.005228491500020027,
                    -0.02107672393321991
                ],
                [
                    0.0,
                    0.028661224991083145,
                    -0.9995891451835632,
                    -4.029472827911377
                ],
                [
                    0.0,
                    0.0,
                    0.0,
                    1.0
                ]
            ]
        },
        {
            "file_path": "/data/shapenet_blender/all_50_random/02958343/3154c3dce06ae7e216abce8cb03e7794/r_32",
            "rotation": 0.12566370614359174,
            "transform_matrix": [
                [
                    0.2992531657218933,
                    -0.3267877697944641,
                    -0.8964692950248718,
                    -3.613783359527588
                ],
                [
                    -0.954173743724823,
                    -0.10248897969722748,
                    -0.28115561604499817,
                    -1.133374571800232
                ],
                [
                    0.0,
                    0.9395241141319275,
                    -0.3424825072288513,
                    -1.3805911540985107
                ],
                [
                    0.0,
                    0.0,
                    0.0,
                    1.0
                ]
            ]
        },
        {
            "file_path": "/data/shapenet_blender/all_50_random/02958343/3154c3dce06ae7e216abce8cb03e7794/r_33",
            "rotation": 0.12566370614359174,
            "transform_matrix": [
                [
                    -0.9943459630012512,
                    0.014753206633031368,
                    0.10516005009412766,
                    0.42391371726989746
                ],
                [
                    0.10618990659713745,
                    0.13814677298069,
                    0.9847025871276855,
                    3.9694631099700928
                ],
                [
                    -9.31322685637781e-10,
                    0.9903018474578857,
                    -0.13893231749534607,
                    -0.5600540637969971
                ],
                [
                    0.0,
                    0.0,
                    0.0,
                    1.0
                ]
            ]
        },
        {
            "file_path": "/data/shapenet_blender/all_50_random/02958343/3154c3dce06ae7e216abce8cb03e7794/r_34",
            "rotation": 0.12566370614359174,
            "transform_matrix": [
                [
                    -0.9211422204971313,
                    -0.03906669095158577,
                    -0.3872608244419098,
                    -1.5610984563827515
                ],
                [
                    -0.38922640681266785,
                    0.09245511889457703,
                    0.9164904356002808,
                    3.694491386413574
                ],
                [
                    -3.725291186640334e-09,
                    0.994949996471405,
                    -0.10037010163068771,
                    -0.40460485219955444
                ],
                [
                    0.0,
                    0.0,
                    0.0,
                    1.0
                ]
            ]
        },
        {
            "file_path": "/data/shapenet_blender/all_50_random/02958343/3154c3dce06ae7e216abce8cb03e7794/r_35",
            "rotation": 0.12566370614359174,
            "transform_matrix": [
                [
                    -0.7871126532554626,
                    0.29934370517730713,
                    -0.5393023490905762,
                    -2.173997402191162
                ],
                [
                    -0.6168092489242554,
                    -0.3819936513900757,
                    0.6882057189941406,
                    2.7742459774017334
                ],
                [
                    -2.9802322387695312e-08,
                    0.874342143535614,
                    0.48531001806259155,
                    1.9563472270965576
                ],
                [
                    0.0,
                    0.0,
                    0.0,
                    1.0
                ]
            ]
        },
        {
            "file_path": "/data/shapenet_blender/all_50_random/02958343/3154c3dce06ae7e216abce8cb03e7794/r_36",
            "rotation": 0.12566370614359174,
            "transform_matrix": [
                [
                    -0.9947697520256042,
                    -0.052363183349370956,
                    -0.08770031481981277,
                    -0.35353127121925354
                ],
                [
                    -0.10214328020811081,
                    0.5099630951881409,
                    0.8541102409362793,
                    3.443028450012207
                ],
                [
                    -7.450581485102248e-09,
                    0.8586008548736572,
                    -0.5126444697380066,
                    -2.0665359497070312
                ],
                [
                    0.0,
                    0.0,
                    0.0,
                    1.0
                ]
            ]
        },
        {
            "file_path": "/data/shapenet_blender/all_50_random/02958343/3154c3dce06ae7e216abce8cb03e7794/r_37",
            "rotation": 0.12566370614359174,
            "transform_matrix": [
                [
                    -0.7787315845489502,
                    -0.009353850968182087,
                    -0.6272873878479004,
                    -2.5286762714385986
                ],
                [
                    -0.6273570656776428,
                    0.011610835790634155,
                    0.7786451578140259,
                    3.1388189792633057
                ],
                [
                    0.0,
                    0.9998888373374939,
                    -0.01490993145853281,
                    -0.06010385602712631
                ],
                [
                    0.0,
                    0.0,
                    0.0,
                    1.0
                ]
            ]
        },
        {
            "file_path": "/data/shapenet_blender/all_50_random/02958343/3154c3dce06ae7e216abce8cb03e7794/r_38",
            "rotation": 0.12566370614359174,
            "transform_matrix": [
                [
                    -0.35861635208129883,
                    0.043711625039577484,
                    0.9324609637260437,
                    3.7588706016540527
                ],
                [
                    0.9334850311279297,
                    0.016792668029665947,
                    0.35822293162345886,
                    1.4440429210662842
                ],
                [
                    -1.862645149230957e-09,
                    0.9989030361175537,
                    -0.04682627320289612,
                    -0.18876275420188904
                ],
                [
                    0.0,
                    0.0,
                    0.0,
                    1.0
                ]
            ]
        },
        {
            "file_path": "/data/shapenet_blender/all_50_random/02958343/3154c3dce06ae7e216abce8cb03e7794/r_39",
            "rotation": 0.12566370614359174,
            "transform_matrix": [
                [
                    -0.9958485960960388,
                    0.03378644958138466,
                    -0.08452238142490387,
                    -0.34072062373161316
                ],
                [
                    -0.09102503210306168,
                    -0.3696366548538208,
                    0.9247070550918579,
                    3.7276134490966797
                ],
                [
                    -1.862645149230957e-09,
                    0.928561806678772,
                    0.371177613735199,
                    1.4962648153305054
                ],
                [
                    0.0,
                    0.0,
                    0.0,
                    1.0
                ]
            ]
        },
        {
            "file_path": "/data/shapenet_blender/all_50_random/02958343/3154c3dce06ae7e216abce8cb03e7794/r_40",
            "rotation": 0.12566370614359174,
            "transform_matrix": [
                [
                    -0.8099027872085571,
                    0.37144890427589417,
                    -0.4539639353752136,
                    -1.8299872875213623
                ],
                [
                    -0.5865642428398132,
                    -0.5128806829452515,
                    0.6268139481544495,
                    2.5267679691314697
                ],
                [
                    1.4901162970204496e-08,
                    0.7739372253417969,
                    0.6332620978355408,
                    2.5527613162994385
                ],
                [
                    0.0,
                    0.0,
                    0.0,
                    1.0
                ]
            ]
        },
        {
            "file_path": "/data/shapenet_blender/all_50_random/02958343/3154c3dce06ae7e216abce8cb03e7794/r_41",
            "rotation": 0.12566370614359174,
            "transform_matrix": [
                [
                    -0.9566128253936768,
                    0.2467183917760849,
                    -0.1549903005361557,
                    -0.6247859597206116
                ],
                [
                    -0.29136228561401367,
                    -0.8100361227989197,
                    0.5088706016540527,
                    2.051323175430298
                ],
                [
