{
    "class": "02958343",
    "model": "45189b11f0524a85e921d7ca67acd2a",
    "remove_doubles": true,
    "edge_split": true,
    "denoise": true,
    "camera_angle_x": 0.6911112070083618,
    "scale_factor": 2.20614667655521,
    "hdri_file": "/data/IndoorHDRDataset2018/AG8A0171-092ff81e06.exr",
    "center_offset": [
        0.0,
        0.0,
        0.0
    ],
    "lights": [],
    "frames": [
        {
            "file_path": "/data/shapenet_blender/all_50_random/02958343/45189b11f0524a85e921d7ca67acd2a/r_0",
            "rotation": 0.12566370614359174,
            "transform_matrix": [
                [
                    0.4275507926940918,
                    0.5710635781288147,
                    0.7007758021354675,
                    2.8249175548553467
                ],
                [
                    0.9039914011955261,
                    -0.27008962631225586,
                    -0.33143818378448486,
                    -1.3360700607299805
                ],
                [
                    0.0,
                    0.7752017974853516,
                    -0.6317135691642761,
                    -2.5465188026428223
                ],
                [
                    0.0,
                    0.0,
                    0.0,
                    1.0
                ]
            ]
        },
        {
            "file_path": "/data/shapenet_blender/all_50_random/02958343/45189b11f0524a85e921d7ca67acd2a/r_1",
            "rotation": 0.12566370614359174,
            "transform_matrix": [
                [
                    0.014573217369616032,
                    -0.5993985533714294,
                    -0.8003179430961609,
                    -3.2261850833892822
                ],
                [
                    -0.999893844127655,
                    -0.00873609259724617,
                    -0.011664444580674171,
                    -0.04702088236808777
                ],
                [
                    -4.656612873077393e-10,
                    0.8004030585289001,
                    -0.5994622111320496,
                    -2.4165096282958984
                ],
                [
                    0.0,
                    0.0,
                    0.0,
                    1.0
                ]
            ]
        },
        {
            "file_path": "/data/shapenet_blender/all_50_random/02958343/45189b11f0524a85e921d7ca67acd2a/r_2",
            "rotation": 0.12566370614359174,
            "transform_matrix": [
                [
                    -0.2614291310310364,
                    -0.37754708528518677,
                    0.88832026720047,
                    3.5809338092803955
                ],
                [
                    0.9652226567268372,
                    -0.10225807875394821,
                    0.24060025811195374,
                    0.9698907136917114
                ],
                [
                    0.0,
                    0.920326828956604,
                    0.39115020632743835,
                    1.5767769813537598
                ],
                [
                    0.0,
                    0.0,
                    0.0,
                    1.0
                ]
            ]
        },
        {
            "file_path": "/data/shapenet_blender/all_50_random/02958343/45189b11f0524a85e921d7ca67acd2a/r_3",
            "rotation": 0.12566370614359174,
            "transform_matrix": [
                [
                    -0.9590758085250854,
                    0.27373018860816956,
                    -0.07242541760206223,
                    -0.29195618629455566
                ],
                [
                    -0.2831495702266693,
                    -0.9271707534790039,
                    0.2453172206878662,
                    0.9889053702354431
                ],
                [
                    0.0,
                    0.2557850480079651,
                    0.9667336940765381,
                    3.8970282077789307
                ],
                [
                    0.0,
                    0.0,
                    0.0,
                    1.0
                ]
            ]
        },
        {
            "file_path": "/data/shapenet_blender/all_50_random/02958343/45189b11f0524a85e921d7ca67acd2a/r_4",
            "rotation": 0.12566370614359174,
            "transform_matrix": [
                [
                    -0.5290321111679077,
                    0.25053003430366516,
                    -0.8107772469520569,
                    -3.26834774017334
                ],
                [
                    -0.8486018776893616,
                    -0.15618446469306946,
                    0.5054516196250916,
                    2.0375406742095947
                ],
                [
                    0.0,
                    0.9554271101951599,
                    0.2952268719673157,
                    1.1900975704193115
                ],
                [
                    0.0,
                    0.0,
                    0.0,
                    1.0
                ]
            ]
        },
        {
            "file_path": "/data/shapenet_blender/all_50_random/02958343/45189b11f0524a85e921d7ca67acd2a/r_5",
            "rotation": 0.12566370614359174,
            "transform_matrix": [
                [
                    0.6909314393997192,
                    -0.22590260207653046,
                    0.6867179870605469,
                    2.768249034881592
                ],
                [
                    0.7229202389717102,
                    0.2159065455198288,
                    -0.6563311219215393,
                    -2.6457555294036865
                ],
                [
                    0.0,
                    0.9499222040176392,
                    0.3124861717224121,
                    1.2596721649169922
                ],
                [
                    0.0,
                    0.0,
                    0.0,
                    1.0
                ]
            ]
        },
        {
            "file_path": "/data/shapenet_blender/all_50_random/02958343/45189b11f0524a85e921d7ca67acd2a/r_6",
            "rotation": 0.12566370614359174,
            "transform_matrix": [
                [
                    -0.9035849571228027,
                    0.04072725772857666,
                    -0.42646872997283936,
                    -1.7191505432128906
                ],
                [
                    -0.42840906977653503,
                    -0.08590046316385269,
                    0.8994924426078796,
                    3.6259703636169434
                ],
                [
                    0.0,
                    0.9954709410667419,
                    0.09506627917289734,
                    0.3832244575023651
                ],
                [
                    0.0,
                    0.0,
                    0.0,
                    1.0
                ]
            ]
        },
        {
            "file_path": "/data/shapenet_blender/all_50_random/02958343/45189b11f0524a85e921d7ca67acd2a/r_7",
            "rotation": 0.12566370614359174,
            "transform_matrix": [
                [
                    -0.9258326888084412,
                    -0.11828684061765671,
                    0.3589458763599396,
                    1.4469571113586426
                ],
                [
                    0.3779337704181671,
                    -0.28976988792419434,
                    0.8793176412582397,
                    3.544642686843872
                ],
                [
                    0.0,
                    0.9497585892677307,
                    0.31298303604125977,
                    1.2616750001907349
                ],
                [
                    0.0,
                    0.0,
                    0.0,
                    1.0
                ]
            ]
        },
        {
            "file_path": "/data/shapenet_blender/all_50_random/02958343/45189b11f0524a85e921d7ca67acd2a/r_8",
            "rotation": 0.12566370614359174,
            "transform_matrix": [
                [
                    -0.19474145770072937,
                    -0.4432467222213745,
                    -0.8749903440475464,
                    -3.5271987915039062
                ],
                [
                    -0.9808546304702759,
                    0.08800336718559265,
                    0.17372287809848785,
                    0.7002993226051331
                ],
                [
                    0.0,
                    0.892069399356842,
                    -0.4518984854221344,
                    -1.821661114692688
                ],
                [
                    0.0,
                    0.0,
                    0.0,
                    1.0
                ]
            ]
        },
        {
            "file_path": "/data/shapenet_blender/all_50_random/02958343/45189b11f0524a85e921d7ca67acd2a/r_9",
            "rotation": 0.12566370614359174,
            "transform_matrix": [
                [
                    -0.44973304867744446,
                    -0.3827817142009735,
                    0.8069810271263123,
                    3.253044605255127
                ],
                [
                    0.8931631445884705,
                    -0.19274146854877472,
                    0.4063379168510437,
                    1.63800048828125
                ],
                [
                    -1.4901162970204496e-08,
                    0.9035091996192932,
                    0.42856869101524353,
                    1.7276155948638916
                ],
                [
                    0.0,
                    0.0,
                    0.0,
                    1.0
                ]
            ]
        },
        {
            "file_path": "/data/shapenet_blender/all_50_random/02958343/45189b11f0524a85e921d7ca67acd2a/r_10",
            "rotation": 0.12566370614359174,
            "transform_matrix": [
                [
                    0.9974395036697388,
                    0.004795691464096308,
                    -0.07135326415300369,
                    -0.2876341640949249
                ],
                [
                    -0.07151423394680023,
                    0.06688755005598068,
                    -0.9951943755149841,
                    -4.011756420135498
                ],
                [
                    0.0,
                    0.9977490305900574,
                    0.06705925613641739,
                    0.2703244686126709
                ],
                [
                    0.0,
                    0.0,
                    0.0,
                    1.0
                ]
            ]
        },
        {
            "file_path": "/data/shapenet_blender/all_50_random/02958343/45189b11f0524a85e921d7ca67acd2a/r_11",
            "rotation": 0.12566370614359174,
            "transform_matrix": [
                [
                    -0.620197057723999,
                    0.35301879048347473,
                    0.7005236744880676,
                    2.8239011764526367
                ],
                [
                    0.784446120262146,
                    0.2791029214859009,
                    0.5538464784622192,
                    2.2326266765594482
                ],
                [
                    0.0,
                    0.8930169343948364,
                    -0.45002299547195435,
                    -1.814100742340088
                ],
                [
                    0.0,
                    0.0,
                    0.0,
                    1.0
                ]
            ]
        },
        {
            "file_path": "/data/shapenet_blender/all_50_random/02958343/45189b11f0524a85e921d7ca67acd2a/r_12",
            "rotation": 0.12566370614359174,
            "transform_matrix": [
                [
                    0.8723875284194946,
                    0.28294849395751953,
                    -0.39859774708747864,
                    -1.6067988872528076
                ],
                [
                    -0.48881494998931885,
                    0.5049778819084167,
                    -0.711376965045929,
                    -2.867652177810669
                ],
                [
                    0.0,
                    0.815436840057373,
                    0.5788459181785583,
                    2.333402633666992
                ],
                [
                    0.0,
                    0.0,
                    0.0,
                    1.0
                ]
            ]
        },
        {
            "file_path": "/data/shapenet_blender/all_50_random/02958343/45189b11f0524a85e921d7ca67acd2a/r_13",
            "rotation": 0.12566370614359174,
            "transform_matrix": [
                [
                    0.8702919483184814,
                    -0.4084475040435791,
                    0.2752499580383301,
                    1.1095678806304932
                ],
                [
                    0.49253618717193604,
                    0.7217105627059937,
                    -0.4863557517528534,
                    -1.9605624675750732
                ],
                [
                    -1.4901161193847656e-08,
                    0.5588420033454895,
                    0.8292741775512695,
                    3.3429107666015625
                ],
                [
                    0.0,
                    0.0,
                    0.0,
                    1.0
                ]
            ]
        },
        {
            "file_path": "/data/shapenet_blender/all_50_random/02958343/45189b11f0524a85e921d7ca67acd2a/r_14",
            "rotation": 0.12566370614359174,
            "transform_matrix": [
                [
                    0.8139041662216187,
                    0.285143107175827,
                    0.5062147378921509,
                    2.040616989135742
                ],
                [
                    0.5809990763664246,
                    -0.399448424577713,
                    -0.7091410160064697,
                    -2.8586387634277344
                ],
                [
                    1.4901160305669237e-08,
                    0.871283233165741,
                    -0.49078062176704407,
                    -1.9783999919891357
                ],
                [
                    0.0,
                    0.0,
                    0.0,
                    1.0
                ]
            ]
        },
        {
            "file_path": "/data/shapenet_blender/all_50_random/02958343/45189b11f0524a85e921d7ca67acd2a/r_15",
            "rotation": 0.12566370614359174,
            "transform_matrix": [
                [
                    0.020588241517543793,
                    -0.5334378480911255,
                    -0.8455885648727417,
                    -3.408676862716675
                ],
                [
                    -0.9997880458831787,
                    -0.010984876193106174,
                    -0.01741287298500538,
                    -0.07019354403018951
                ],
                [
                    0.0,
                    0.8457679152488708,
                    -0.5335508584976196,
                    -2.1508126258850098
                ],
                [
                    0.0,
                    0.0,
                    0.0,
                    1.0
                ]
            ]
        },
        {
            "file_path": "/data/shapenet_blender/all_50_random/02958343/45189b11f0524a85e921d7ca67acd2a/r_16",
            "rotation": 0.12566370614359174,
            "transform_matrix": [
                [
                    -0.5428013205528259,
                    -0.6636255383491516,
                    -0.5147501826286316,
                    -2.0750246047973633
                ],
                [
                    -0.8398612141609192,
                    0.42890045046806335,
                    0.33268246054649353,
                    1.3410860300064087
                ],
                [
                    1.4901162970204496e-08,
                    0.6128991842269897,
                    -0.7901610136032104,
                    -3.185241222381592
                ],
                [
                    0.0,
                    0.0,
                    0.0,
                    1.0
                ]
            ]
        },
        {
            "file_path": "/data/shapenet_blender/all_50_random/02958343/45189b11f0524a85e921d7ca67acd2a/r_17",
            "rotation": 0.12566370614359174,
            "transform_matrix": [
                [
                    0.9641456604003906,
                    -0.261430025100708,
                    -0.04558151960372925,
                    -0.18374499678611755
                ],
                [
                    -0.26537394523620605,
                    -0.9498167037963867,
                    -0.16560488939285278,
                    -0.6675747036933899
                ],
                [
                    3.725290742551124e-09,
                    0.17176319658756256,
                    -0.9851381182670593,
                    -3.971219062805176
                ],
                [
                    0.0,
                    0.0,
                    0.0,
                    1.0
                ]
            ]
        },
        {
            "file_path": "/data/shapenet_blender/all_50_random/02958343/45189b11f0524a85e921d7ca67acd2a/r_18",
            "rotation": 0.12566370614359174,
            "transform_matrix": [
                [
                    -0.3491463363170624,
                    -0.8621454238891602,
                    -0.36715421080589294,
                    -1.4800457954406738
                ],
                [
                    -0.9370682835578918,
                    0.3212305009365082,
                    0.13679958879947662,
                    0.5514566898345947
                ],
                [
                    -7.4505797087454084e-09,
                    0.3918115198612213,
                    -0.9200455546379089,
                    -3.7088217735290527
                ],
                [
                    0.0,
                    0.0,
                    0.0,
                    1.0
                ]
            ]
        },
        {
            "file_path": "/data/shapenet_blender/all_50_random/02958343/45189b11f0524a85e921d7ca67acd2a/r_19",
            "rotation": 0.12566370614359174,
            "transform_matrix": [
                [
                    0.7841060161590576,
                    0.3842909634113312,
                    -0.4873379170894623,
                    -1.9645220041275024
                ],
                [
                    -0.6206269860267639,
                    0.48551687598228455,
                    -0.6157073378562927,
                    -2.4819955825805664
                ],
                [
                    1.4901161193847656e-08,
                    0.7852348685264587,
                    0.6191980242729187,
                    2.4960670471191406
                ],
                [
                    0.0,
                    0.0,
                    0.0,
                    1.0
                ]
            ]
        },
        {
            "file_path": "/data/shapenet_blender/all_50_random/02958343/45189b11f0524a85e921d7ca67acd2a/r_20",
            "rotation": 0.12566370614359174,
            "transform_matrix": [
                [
                    0.6987143158912659,
                    -0.20577935874462128,
                    0.6851665377616882,
                    2.7619946002960205
                ],
                [
                    0.7154008746147156,
                    0.20097960531711578,
                    -0.669185221195221,
                    -2.6975719928741455
                ],
                [
                    0.0,
                    0.9577378034591675,
                    0.28764209151268005,
                    1.1595224142074585
                ],
                [
                    0.0,
                    0.0,
                    0.0,
                    1.0
                ]
            ]
        },
        {
            "file_path": "/data/shapenet_blender/all_50_random/02958343/45189b11f0524a85e921d7ca67acd2a/r_21",
            "rotation": 0.12566370614359174,
            "transform_matrix": [
                [
                    0.9424748420715332,
                    -0.18511264026165009,
                    0.2783425450325012,
                    1.1220347881317139
                ],
                [
                    0.33427727222442627,
                    0.521914005279541,
                    -0.7847701907157898,
                    -3.1635100841522217
                ],
                [
                    0.0,
                    0.832669734954834,
                    0.5537697076797485,
                    2.2323174476623535
                ],
                [
                    0.0,
                    0.0,
                    0.0,
                    1.0
                ]
            ]
        },
        {
            "file_path": "/data/shapenet_blender/all_50_random/02958343/45189b11f0524a85e921d7ca67acd2a/r_22",
            "rotation": 0.12566370614359174,
            "transform_matrix": [
                [
                    -0.08648184686899185,
                    0.981863260269165,
                    0.1687166392803192,
                    0.6801185011863708
                ],
                [
                    0.9962534308433533,
                    0.085232675075531,
                    0.01464579813182354,
                    0.059039101004600525
                ],
                [
                    9.31322685637781e-10,
                    0.1693510115146637,
                    -0.9855557680130005,
                    -3.972902297973633
                ],
                [
                    0.0,
                    0.0,
                    0.0,
                    1.0
                ]
            ]
        },
        {
            "file_path": "/data/shapenet_blender/all_50_random/02958343/45189b11f0524a85e921d7ca67acd2a/r_23",
            "rotation": 0.12566370614359174,
            "transform_matrix": [
                [
                    -0.15585936605930328,
                    -0.7845012545585632,
                    -0.6002212762832642,
                    -2.419569253921509
                ],
                [
                    -0.9877792000770569,
                    0.1237846240401268,
                    0.09470751136541367,
                    0.38177818059921265
                ],
                [
                    7.450580152834618e-09,
                    0.6076471209526062,
                    -0.7942070960998535,
                    -3.2015511989593506
                ],
                [
                    0.0,
                    0.0,
                    0.0,
                    1.0
                ]
            ]
        },
        {
            "file_path": "/data/shapenet_blender/all_50_random/02958343/45189b11f0524a85e921d7ca67acd2a/r_24",
            "rotation": 0.12566370614359174,
            "transform_matrix": [
                [
                    0.05252057686448097,
                    0.19983690977096558,
                    -0.9784205555915833,
                    -3.9441394805908203
                ],
                [
                    -0.998619794845581,
                    0.010510057210922241,
                    -0.05145823955535889,
                    -0.20743480324745178
                ],
                [
                    0.0,
                    0.9797728061676025,
                    0.20011310279369354,
                    0.8066816926002502
                ],
                [
                    0.0,
                    0.0,
                    0.0,
                    1.0
                ]
            ]
        },
        {
            "file_path": "/data/shapenet_blender/all_50_random/02958343/45189b11f0524a85e921d7ca67acd2a/r_25",
            "rotation": 0.12566370614359174,
            "transform_matrix": [
                [
                    -0.9462323188781738,
                    0.015601999126374722,
                    -0.3231114149093628,
                    -1.3025039434432983
                ],
                [
                    -0.32348787784576416,
                    -0.04563729837536812,
                    0.9451310634613037,
                    3.8099453449249268
                ],
                [
                    1.8626450382086546e-09,
                    0.9988362789154053,
                    0.04823054000735283,
                    0.19442354142665863
                ],
                [
                    0.0,
                    0.0,
                    0.0,
                    1.0
                ]
            ]
        },
        {
            "file_path": "/data/shapenet_blender/all_50_random/02958343/45189b11f0524a85e921d7ca67acd2a/r_26",
            "rotation": 0.12566370614359174,
            "transform_matrix": [
                [
                    -0.5466145873069763,
                    0.1902749240398407,
                    -0.8154800534248352,
                    -3.2873055934906006
                ],
                [
                    -0.8373842835426331,
                    -0.12420469522476196,
                    0.5323163270950317,
                    2.1458358764648438
                ],
                [
                    7.450580596923828e-09,
                    0.9738421440124512,
                    0.22722531855106354,
                    0.9159746170043945
                ],
                [
                    0.0,
                    0.0,
                    0.0,
                    1.0
                ]
            ]
        },
        {
            "file_path": "/data/shapenet_blender/all_50_random/02958343/45189b11f0524a85e921d7ca67acd2a/r_27",
            "rotation": 0.12566370614359174,
            "transform_matrix": [
                [
                    0.21663062274456024,
                    0.34897446632385254,
                    0.9117499589920044,
                    3.675381660461426
                ],
                [
                    0.9762536287307739,
                    -0.07743741571903229,
                    -0.2023172527551651,
                    -0.8155669569969177
                ],
                [
                    0.0,
                    0.9339272975921631,
                    -0.35746294260025024,
                    -1.440979242324829
                ],
                [
                    0.0,
                    0.0,
                    0.0,
                    1.0
                ]
            ]
        },
        {
            "file_path": "/data/shapenet_blender/all_50_random/02958343/45189b11f0524a85e921d7ca67acd2a/r_28",
            "rotation": 0.12566370614359174,
            "transform_matrix": [
                [
                    -0.8114055395126343,
                    -0.01988513208925724,
                    0.5841452479362488,
                    2.354764938354492
                ],
                [
                    0.5844836831092834,
                    -0.02760540321469307,
                    0.8109357357025146,
                    3.268986701965332
                ],
                [
                    1.862645149230957e-09,
                    0.9994211196899414,
                    0.034021709114313126,
                    0.13714590668678284
                ],
                [
                    0.0,
                    0.0,
                    0.0,
                    1.0
                ]
            ]
        },
        {
            "file_path": "/data/shapenet_blender/all_50_random/02958343/45189b11f0524a85e921d7ca67acd2a/r_29",
            "rotation": 0.12566370614359174,
            "transform_matrix": [
                [
                    0.4957726001739502,
                    0.4928760528564453,
                    0.7150402665138245,
                    2.8824198246002197
                ],
                [
                    0.8684523701667786,
                    -0.281367689371109,
                    -0.4081943929195404,
                    -1.6454843282699585
                ],
                [
                    0.0,
                    0.8233501315116882,
                    -0.5675337314605713,
                    -2.28780198097229
                ],
                [
                    0.0,
                    0.0,
                    0.0,
                    1.0
                ]
            ]
        },
        {
            "file_path": "/data/shapenet_blender/all_50_random/02958343/45189b11f0524a85e921d7ca67acd2a/r_30",
            "rotation": 0.12566370614359174,
            "transform_matrix": [
                [
                    -0.034728843718767166,
                    0.2277841866016388,
                    -0.9730921387672424,
                    -3.9226598739624023
                ],
                [
                    -0.9993968605995178,
                    -0.007915454916656017,
                    0.03381475806236267,
                    0.13631165027618408
                ],
                [
                    -4.656613428188905e-10,
                    0.9736793637275696,
                    0.22792169451713562,
                    0.9187817573547363
                ],
                [
                    0.0,
                    0.0,
                    0.0,
                    1.0
                ]
            ]
        },
        {
            "file_path": "/data/shapenet_blender/all_50_random/02958343/45189b11f0524a85e921d7ca67acd2a/r_31",
            "rotation": 0.12566370614359174,
            "transform_matrix": [
                [
                    -0.9739204049110413,
                    0.17335103452205658,
                    -0.1463848501443863,
                    -0.5900962352752686
                ],
                [
                    -0.22689010202884674,
                    -0.7441052794456482,
                    0.6283535361289978,
                    2.5329740047454834
                ],
                [
                    0.0,
                    0.6451796293258667,
                    0.764030933380127,
                    3.079907178878784
                ],
                [
                    0.0,
                    0.0,
                    0.0,
                    1.0
                ]
            ]
        },
        {
            "file_path": "/data/shapenet_blender/all_50_random/02958343/45189b11f0524a85e921d7ca67acd2a/r_32",
            "rotation": 0.12566370614359174,
            "transform_matrix": [
                [
                    0.9955564737319946,
                    0.052554063498973846,
                    0.07813780754804611,
                    0.3149835765361786
                ],
                [
                    0.09416713565587997,
                    -0.5556135773658752,
                    -0.8260908126831055,
                    -3.330078601837158
                ],
                [
                    0.0,
                    0.8297778964042664,
                    -0.5580936074256897,
                    -2.2497472763061523
                ],
                [
                    0.0,
                    0.0,
                    0.0,
                    1.0
                ]
            ]
        },
        {
            "file_path": "/data/shapenet_blender/all_50_random/02958343/45189b11f0524a85e921d7ca67acd2a/r_33",
            "rotation": 0.12566370614359174,
            "transform_matrix": [
                [
                    0.21402761340141296,
                    -0.40680181980133057,
                    0.8880903124809265,
                    3.5800065994262695
                ],
                [
                    0.9768276810646057,
                    0.08913221955299377,
                    -0.19458481669425964,
                    -0.7843964695930481
                ],
                [
                    0.0,
                    0.9091576337814331,
                    0.416452020406723,
                    1.678771734237671
                ],
                [
                    0.0,
                    0.0,
                    0.0,
                    1.0
                ]
            ]
        },
        {
            "file_path": "/data/shapenet_blender/all_50_random/02958343/45189b11f0524a85e921d7ca67acd2a/r_34",
            "rotation": 0.12566370614359174,
            "transform_matrix": [
                [
                    0.5729697942733765,
                    -0.36162304878234863,
                    -0.735482394695282,
                    -2.9648244380950928
                ],
                [
                    -0.8195763826370239,
                    -0.25281235575675964,
                    -0.5141792297363281,
                    -2.0727226734161377
                ],
                [
                    1.4901161193847656e-08,
                    0.8973931670188904,
                    -0.4412315785884857,
                    -1.7786613702774048
                ],
                [
                    0.0,
                    0.0,
                    0.0,
                    1.0
                ]
            ]
        },
        {
            "file_path": "/data/shapenet_blender/all_50_random/02958343/45189b11f0524a85e921d7ca67acd2a/r_35",
            "rotation": 0.12566370614359174,
            "transform_matrix": [
                [
                    -0.47823473811149597,
                    -0.005684725008904934,
                    0.8782137036323547,
                    3.5401923656463623
                ],
                [
                    0.8782321214675903,
                    -0.003095574676990509,
                    0.4782247245311737,
                    1.9277852773666382
                ],
                [
                    0.0,
                    0.9999790787696838,
                    0.006472919601947069,
                    0.026093170046806335
                ],
                [
                    0.0,
                    0.0,
                    0.0,
                    1.0
                ]
            ]
        },
        {
            "file_path": "/data/shapenet_blender/all_50_random/02958343/45189b11f0524a85e921d7ca67acd2a/r_36",
            "rotation": 0.12566370614359174,
            "transform_matrix": [
                [
                    -0.7676402926445007,
                    -0.17818599939346313,
                    -0.6156118512153625,
                    -2.4816110134124756
                ],
                [
                    -0.6408808827400208,
                    0.2134293168783188,
                    0.7373733520507812,
                    2.972447395324707
                ],
                [
                    0.0,
                    0.9605714678764343,
                    -0.27803292870521545,
                    -1.1207866668701172
                ],
                [
                    0.0,
                    0.0,
                    0.0,
                    1.0
                ]
            ]
        },
        {
            "file_path": "/data/shapenet_blender/all_50_random/02958343/45189b11f0524a85e921d7ca67acd2a/r_37",
            "rotation": 0.12566370614359174,
            "transform_matrix": [
                [
                    -0.8993738889694214,
                    0.01124254148453474,
                    0.43703553080558777,
                    1.7617465257644653
                ],
                [
                    0.4371800422668457,
                    0.023128338158130646,
                    0.8990765810012817,
                    3.624293327331543
                ],
                [
                    0.0,
                    0.9996691942214966,
                    -0.02571604587137699,
                    -0.10366468876600266
                ],
                [
                    0.0,
                    0.0,
                    0.0,
                    1.0
                ]
            ]
        },
        {
            "file_path": "/data/shapenet_blender/all_50_random/02958343/45189b11f0524a85e921d7ca67acd2a/r_38",
            "rotation": 0.12566370614359174,
            "transform_matrix": [
                [
                    0.6320656538009644,
                    -0.14098984003067017,
                    0.7619808912277222,
                    3.071643114089966
                ],
                [
                    0.7749149799346924,
                    0.11499951779842377,
                    -0.6215159893035889,
                    -2.505411148071289
                ],
                [
                    7.450581485102248e-09,
                    0.9833091497421265,
                    0.18194235861301422,
                    0.7334331274032593
                ],
                [
                    0.0,
                    0.0,
                    0.0,
                    1.0
                ]
            ]
        },
        {
            "file_path": "/data/shapenet_blender/all_50_random/02958343/45189b11f0524a85e921d7ca67acd2a/r_39",
            "rotation": 0.12566370614359174,
            "transform_matrix": [
                [
                    0.12539918720722198,
                    0.04794842749834061,
                    -0.9909470081329346,
                    -3.9946351051330566
                ],
                [
                    -0.9921064376831055,
                    0.006060532759875059,
                    -0.1252526342868805,
                    -0.5049095153808594
                ],
                [
                    0.0,
                    0.9988313317298889,
                    0.04832993075251579,
                    0.1948241889476776
                ],
                [
                    0.0,
                    0.0,
                    0.0,
                    1.0
                ]
            ]
        },
        {
            "file_path": "/data/shapenet_blender/all_50_random/02958343/45189b11f0524a85e921d7ca67acd2a/r_40",
            "rotation": 0.12566370614359174,
            "transform_matrix": [
                [
                    -0.9004793167114258,
                    0.13158930838108063,
                    0.4145132005214691,
                    1.6709562540054321
                ],
                [
                    0.4348987936973572,
                    0.2724621295928955,
                    0.858269989490509,
                    3.4597971439361572
                ],
                [
                    7.450580596923828e-09,
                    0.9531257152557373,
                    -0.3025745153427124,
                    -1.219717025756836
                ],
                [
                    0.0,
                    0.0,
                    0.0,
                    1.0
                ]
            ]
        },
        {
            "file_path": "/data/shapenet_blender/all_50_random/02958343/45189b11f0524a85e921d7ca67acd2a/r_41",
            "rotation": 0.12566370614359174,
            "transform_matrix": [
                [
                    -0.9154382944107056,
                    -0.18663613498210907,
                    0.356566458940506,
                    1.4373655319213867
                ],
                [
                    0.4024583399295807,
                    -0.4245256185531616,
                    0.8110519051551819,
                    3.2694549560546875
                ],
                [
                    1.4901161193847656e-08,
                    0.8859711289405823,
                    0.4637402594089508,
