{
    "class": "02958343",
    "model": "44108b58784ea6a1b5c12c7484d0ec31",
    "remove_doubles": true,
    "edge_split": true,
    "denoise": true,
    "camera_angle_x": 0.6911112070083618,
    "scale_factor": 2.291452100465025,
    "hdri_file": "/data/IndoorHDRDataset2018/AG8A8952-e2d2e71214.exr",
    "center_offset": [
        0.0,
        -2.7939677238464355e-09,
        -3.725290298461914e-09
    ],
    "lights": [],
    "frames": [
        {
            "file_path": "/data/shapenet_blender/all_50_random/02958343/44108b58784ea6a1b5c12c7484d0ec31/r_0",
            "rotation": 0.12566370614359174,
            "transform_matrix": [
                [
                    0.5029160380363464,
                    0.20796731114387512,
                    -0.83894282579422,
                    -3.3818864822387695
                ],
                [
                    -0.8643352389335632,
                    0.12100639939308167,
                    -0.48814138770103455,
                    -1.9677608013153076
                ],
                [
                    -7.4505797087454084e-09,
                    0.9706219434738159,
                    0.2406095415353775,
                    0.9699280261993408
                ],
                [
                    0.0,
                    0.0,
                    0.0,
                    1.0
                ]
            ]
        },
        {
            "file_path": "/data/shapenet_blender/all_50_random/02958343/44108b58784ea6a1b5c12c7484d0ec31/r_1",
            "rotation": 0.12566370614359174,
            "transform_matrix": [
                [
                    -0.9892551898956299,
                    0.10241793841123581,
                    0.10433056950569153,
                    0.4205700159072876
                ],
                [
                    0.1461995393037796,
                    0.6930081248283386,
                    0.7059499025344849,
                    2.8457753658294678
                ],
                [
                    0.0,
                    0.713617742061615,
                    -0.700535237789154,
                    -2.8239481449127197
                ],
                [
                    0.0,
                    0.0,
                    0.0,
                    1.0
                ]
            ]
        },
        {
            "file_path": "/data/shapenet_blender/all_50_random/02958343/44108b58784ea6a1b5c12c7484d0ec31/r_2",
            "rotation": 0.12566370614359174,
            "transform_matrix": [
                [
                    0.21545393764972687,
                    0.055772993713617325,
                    0.9749199151992798,
                    3.930027961730957
                ],
                [
                    0.9765140414237976,
                    -0.012305516749620438,
                    -0.2151022106409073,
                    -0.8671047687530518
                ],
                [
                    -9.31322685637781e-10,
                    0.9983676075935364,
                    -0.057114377617836,
                    -0.23023542761802673
                ],
                [
                    0.0,
                    0.0,
                    0.0,
                    1.0
                ]
            ]
        },
        {
            "file_path": "/data/shapenet_blender/all_50_random/02958343/44108b58784ea6a1b5c12c7484d0ec31/r_3",
            "rotation": 0.12566370614359174,
            "transform_matrix": [
                [
                    0.6248628497123718,
                    0.1659056693315506,
                    -0.7629033923149109,
                    -3.075362205505371
                ],
                [
                    -0.7807344794273376,
                    0.13278304040431976,
                    -0.6105917096138,
                    -2.461374044418335
                ],
                [
                    7.450580152834618e-09,
                    0.9771612286567688,
                    0.2124994546175003,
                    0.8566127419471741
                ],
                [
                    0.0,
                    0.0,
                    0.0,
                    1.0
                ]
            ]
        },
        {
            "file_path": "/data/shapenet_blender/all_50_random/02958343/44108b58784ea6a1b5c12c7484d0ec31/r_4",
            "rotation": 0.12566370614359174,
            "transform_matrix": [
                [
                    -0.4129277169704437,
                    -0.10253946483135223,
                    -0.9049731492996216,
                    -3.6480634212493896
                ],
                [
                    -0.9107638001441956,
                    0.04648997634649277,
                    0.4103023409843445,
                    1.6539816856384277
                ],
                [
                    0.0,
                    0.9936418533325195,
                    -0.11258625239133835,
                    -0.4538497030735016
                ],
                [
                    0.0,
                    0.0,
                    0.0,
                    1.0
                ]
            ]
        },
        {
            "file_path": "/data/shapenet_blender/all_50_random/02958343/44108b58784ea6a1b5c12c7484d0ec31/r_5",
            "rotation": 0.12566370614359174,
            "transform_matrix": [
                [
                    0.9979864358901978,
                    -0.02058529667556286,
                    0.05999479070305824,
                    0.2418467402458191
                ],
                [
                    0.06342814117670059,
                    0.32389169931411743,
                    -0.9439656138420105,
                    -3.8052470684051514
                ],
                [
                    -1.862645149230957e-09,
                    0.9458701610565186,
                    0.3245451748371124,
                    1.3082834482192993
                ],
                [
                    0.0,
                    0.0,
                    0.0,
                    1.0
                ]
            ]
        },
        {
            "file_path": "/data/shapenet_blender/all_50_random/02958343/44108b58784ea6a1b5c12c7484d0ec31/r_6",
            "rotation": 0.12566370614359174,
            "transform_matrix": [
                [
                    0.8975837826728821,
                    0.17176802456378937,
                    -0.4060039222240448,
                    -1.6366541385650635
                ],
                [
                    -0.4408440589904785,
                    0.3497295677661896,
                    -0.8266472816467285,
                    -3.332321882247925
                ],
                [
                    0.0,
                    0.920969545841217,
                    0.38963446021080017,
                    1.570666790008545
                ],
                [
                    0.0,
                    0.0,
                    0.0,
                    1.0
                ]
            ]
        },
        {
            "file_path": "/data/shapenet_blender/all_50_random/02958343/44108b58784ea6a1b5c12c7484d0ec31/r_7",
            "rotation": 0.12566370614359174,
            "transform_matrix": [
                [
                    -0.3000229299068451,
                    0.11246218532323837,
                    0.9472794532775879,
                    3.818605899810791
                ],
                [
                    0.9539320468902588,
                    0.03537068888545036,
                    0.29793059825897217,
                    1.20099675655365
                ],
                [
                    0.0,
                    0.9930262565612793,
                    -0.1178932785987854,
                    -0.4752430319786072
                ],
                [
                    0.0,
                    0.0,
                    0.0,
                    1.0
                ]
            ]
        },
        {
            "file_path": "/data/shapenet_blender/all_50_random/02958343/44108b58784ea6a1b5c12c7484d0ec31/r_8",
            "rotation": 0.12566370614359174,
            "transform_matrix": [
                [
                    -0.8506673574447632,
                    -0.13704396784305573,
                    -0.5075273513793945,
                    -2.045908212661743
                ],
                [
                    -0.5257043242454529,
                    0.22175739705562592,
                    0.821254312992096,
                    3.310581922531128
                ],
                [
                    -7.4505797087454084e-09,
                    0.9654234647750854,
                    -0.26068639755249023,
                    -1.0508605241775513
                ],
                [
                    0.0,
                    0.0,
                    0.0,
                    1.0
                ]
            ]
        },
        {
            "file_path": "/data/shapenet_blender/all_50_random/02958343/44108b58784ea6a1b5c12c7484d0ec31/r_9",
            "rotation": 0.12566370614359174,
            "transform_matrix": [
                [
                    0.5286188721656799,
                    0.6558127999305725,
                    -0.5389541983604431,
                    -2.1725940704345703
                ],
                [
                    -0.848859429359436,
                    0.4084010124206543,
                    -0.335628479719162,
                    -1.352961778640747
                ],
                [
                    -1.4901162970204496e-08,
                    0.6349158883094788,
                    0.772581160068512,
                    3.1143746376037598
                ],
                [
                    0.0,
                    0.0,
                    0.0,
                    1.0
                ]
            ]
        },
        {
            "file_path": "/data/shapenet_blender/all_50_random/02958343/44108b58784ea6a1b5c12c7484d0ec31/r_10",
            "rotation": 0.12566370614359174,
            "transform_matrix": [
                [
                    -0.8044144511222839,
                    0.399257630109787,
                    -0.4398985207080841,
                    -1.7732876539230347
                ],
                [
                    -0.5940684676170349,
                    -0.5406255125999451,
                    0.5956563949584961,
                    2.401167631149292
                ],
                [
                    -1.4901161193847656e-08,
                    0.7404844164848328,
                    0.6720734238624573,
                    2.709214687347412
                ],
                [
                    0.0,
                    0.0,
                    0.0,
                    1.0
                ]
            ]
        },
        {
            "file_path": "/data/shapenet_blender/all_50_random/02958343/44108b58784ea6a1b5c12c7484d0ec31/r_11",
            "rotation": 0.12566370614359174,
            "transform_matrix": [
                [
                    -0.8470317721366882,
                    -0.220663383603096,
                    0.48357507586479187,
                    1.9493534564971924
                ],
                [
                    0.5315423011779785,
                    -0.35163503885269165,
                    0.7705942988395691,
                    3.1063649654388428
                ],
                [
                    -1.4901161193847656e-08,
                    0.909758448600769,
                    0.41513797640800476,
                    1.673474669456482
                ],
                [
                    0.0,
                    0.0,
                    0.0,
                    1.0
                ]
            ]
        },
        {
            "file_path": "/data/shapenet_blender/all_50_random/02958343/44108b58784ea6a1b5c12c7484d0ec31/r_12",
            "rotation": 0.12566370614359174,
            "transform_matrix": [
                [
                    -0.9871115684509277,
                    0.05599602684378624,
                    0.14991773664951324,
                    0.604337751865387
                ],
                [
                    0.16003401577472687,
                    0.3453911244869232,
                    0.9247130155563354,
                    3.72763729095459
                ],
                [
                    -3.725290298461914e-09,
                    0.9367867708206177,
                    -0.3499008119106293,
                    -1.4104952812194824
                ],
                [
                    0.0,
                    0.0,
                    0.0,
                    1.0
                ]
            ]
        },
        {
            "file_path": "/data/shapenet_blender/all_50_random/02958343/44108b58784ea6a1b5c12c7484d0ec31/r_13",
            "rotation": 0.12566370614359174,
            "transform_matrix": [
                [
                    0.8478869199752808,
                    0.016389764845371246,
                    -0.5299237966537476,
                    -2.1361911296844482
                ],
                [
                    -0.5301772356033325,
                    0.026211360469460487,
                    -0.8474816083908081,
                    -3.4163076877593994
                ],
                [
                    -9.31322685637781e-10,
                    0.9995220303535461,
                    0.03091374784708023,
                    0.12461730092763901
                ],
                [
                    0.0,
                    0.0,
                    0.0,
                    1.0
                ]
            ]
        },
        {
            "file_path": "/data/shapenet_blender/all_50_random/02958343/44108b58784ea6a1b5c12c7484d0ec31/r_14",
            "rotation": 0.12566370614359174,
            "transform_matrix": [
                [
                    -0.21483635902404785,
                    0.03156178817152977,
                    0.9761399626731873,
                    3.934946060180664
                ],
                [
                    0.9766501188278198,
                    0.006942732259631157,
                    0.21472413837909698,
                    0.865580677986145
                ],
                [
                    -4.656612873077393e-10,
                    0.999477744102478,
                    -0.03231637552380562,
                    -0.13027147948741913
                ],
                [
                    0.0,
                    0.0,
                    0.0,
                    1.0
                ]
            ]
        },
        {
            "file_path": "/data/shapenet_blender/all_50_random/02958343/44108b58784ea6a1b5c12c7484d0ec31/r_15",
            "rotation": 0.12566370614359174,
            "transform_matrix": [
                [
                    -0.9567511081695557,
                    -0.008289671503007412,
                    0.2907896339893341,
                    1.172210454940796
                ],
                [
                    0.29090777039527893,
                    -0.0272634606808424,
                    0.9563625454902649,
                    3.8552207946777344
                ],
                [
                    0.0,
                    0.9995938539505005,
                    0.028495876118540764,
                    0.11487054824829102
                ],
                [
                    0.0,
                    0.0,
                    0.0,
                    1.0
                ]
            ]
        },
        {
            "file_path": "/data/shapenet_blender/all_50_random/02958343/44108b58784ea6a1b5c12c7484d0ec31/r_16",
            "rotation": 0.12566370614359174,
            "transform_matrix": [
                [
                    0.9982122778892517,
                    0.05783284828066826,
                    0.015091431327164173,
                    0.06083551049232483
                ],
                [
                    0.05976948142051697,
                    -0.9658685326576233,
                    -0.2520425319671631,
                    -1.0160160064697266
                ],
                [
                    0.0,
                    0.25249385833740234,
                    -0.9675983786582947,
                    -3.9005141258239746
                ],
                [
                    0.0,
                    0.0,
                    0.0,
                    1.0
                ]
            ]
        },
        {
            "file_path": "/data/shapenet_blender/all_50_random/02958343/44108b58784ea6a1b5c12c7484d0ec31/r_17",
            "rotation": 0.12566370614359174,
            "transform_matrix": [
                [
                    0.2530879080295563,
                    -0.09073694050312042,
                    0.9631787538528442,
                    3.882697820663452
                ],
                [
                    0.9674432873725891,
                    0.0237372275441885,
                    -0.2519722878932953,
                    -1.015732765197754
                ],
                [
                    1.862645149230957e-09,
                    0.9955919981002808,
                    0.0937904492020607,
                    0.37808138132095337
                ],
                [
                    0.0,
                    0.0,
                    0.0,
                    1.0
                ]
            ]
        },
        {
            "file_path": "/data/shapenet_blender/all_50_random/02958343/44108b58784ea6a1b5c12c7484d0ec31/r_18",
            "rotation": 0.12566370614359174,
            "transform_matrix": [
                [
                    0.9359695911407471,
                    0.18420948088169098,
                    -0.30004629492759705,
                    -1.2095253467559814
                ],
                [
                    -0.3520807921886444,
                    0.48970139026641846,
                    -0.7976413369178772,
                    -3.215394973754883
                ],
                [
                    -1.4901160305669237e-08,
                    0.8522084951400757,
                    0.5232022404670715,
                    2.109095573425293
                ],
                [
                    0.0,
                    0.0,
                    0.0,
                    1.0
                ]
            ]
        },
        {
            "file_path": "/data/shapenet_blender/all_50_random/02958343/44108b58784ea6a1b5c12c7484d0ec31/r_19",
            "rotation": 0.12566370614359174,
            "transform_matrix": [
                [
                    -0.7374891042709351,
                    -0.47231584787368774,
                    0.48272934556007385,
                    1.9459443092346191
                ],
                [
                    0.6753591299057007,
                    -0.5157667398452759,
                    0.5271382331848145,
                    2.124962329864502
                ],
                [
                    -1.4901161193847656e-08,
                    0.7147743701934814,
                    0.6993550658226013,
                    2.819190740585327
                ],
                [
                    0.0,
                    0.0,
                    0.0,
                    1.0
                ]
            ]
        },
        {
            "file_path": "/data/shapenet_blender/all_50_random/02958343/44108b58784ea6a1b5c12c7484d0ec31/r_20",
            "rotation": 0.12566370614359174,
            "transform_matrix": [
                [
                    -0.05451100319623947,
                    -0.00648646242916584,
                    -0.9984920620918274,
                    -4.025050640106201
                ],
                [
                    -0.9985131621360779,
                    0.0003541101177688688,
                    0.054509855806827545,
                    0.2197362780570984
                ],
                [
                    2.9103830456733704e-11,
                    0.9999788403511047,
                    -0.006496121175587177,
                    -0.026186704635620117
                ],
                [
                    0.0,
                    0.0,
                    0.0,
                    1.0
                ]
            ]
        },
        {
            "file_path": "/data/shapenet_blender/all_50_random/02958343/44108b58784ea6a1b5c12c7484d0ec31/r_21",
            "rotation": 0.12566370614359174,
            "transform_matrix": [
                [
                    -0.5109732747077942,
                    -0.46412354707717896,
                    0.7235299348831177,
                    2.916642665863037
                ],
                [
                    0.8595967292785645,
                    -0.27589067816734314,
                    0.4300905764102936,
                    1.7337507009506226
                ],
                [
                    0.0,
                    0.841708779335022,
                    0.5399317145347595,
                    2.176534652709961
                ],
                [
                    0.0,
                    0.0,
                    0.0,
                    1.0
                ]
            ]
        },
        {
            "file_path": "/data/shapenet_blender/all_50_random/02958343/44108b58784ea6a1b5c12c7484d0ec31/r_22",
            "rotation": 0.12566370614359174,
            "transform_matrix": [
                [
                    -0.07512864470481873,
                    0.017243798822164536,
                    0.9970247745513916,
                    4.019134998321533
                ],
                [
                    0.9971739053726196,
                    0.0012991748517379165,
                    0.07511740922927856,
                    0.30280792713165283
                ],
                [
                    0.0,
                    0.9998505115509033,
                    -0.017292670905590057,
                    -0.06970898061990738
                ],
                [
                    0.0,
                    0.0,
                    0.0,
                    1.0
                ]
            ]
        },
        {
            "file_path": "/data/shapenet_blender/all_50_random/02958343/44108b58784ea6a1b5c12c7484d0ec31/r_23",
            "rotation": 0.12566370614359174,
            "transform_matrix": [
                [
                    -0.9891334176063538,
                    0.003637928981333971,
                    -0.14697574079036713,
                    -0.5924782156944275
                ],
                [
                    -0.14702077209949493,
                    -0.02447543479502201,
                    0.9888305068016052,
                    3.9861035346984863
                ],
                [
                    -2.3283064365386963e-10,
                    0.9996938109397888,
                    0.024744318798184395,
                    0.09974754601716995
                ],
                [
                    0.0,
                    0.0,
                    0.0,
                    1.0
                ]
            ]
        },
        {
            "file_path": "/data/shapenet_blender/all_50_random/02958343/44108b58784ea6a1b5c12c7484d0ec31/r_24",
            "rotation": 0.12566370614359174,
            "transform_matrix": [
                [
                    -0.743618905544281,
                    0.32548511028289795,
                    0.5840293765068054,
                    2.354297637939453
                ],
                [
                    0.6686037182807922,
                    0.36200353503227234,
                    0.6495556235313416,
                    2.6184425354003906
                ],
                [
                    -1.4901161193847656e-08,
                    0.8735060691833496,
                    -0.4868132174015045,
                    -1.962406873703003
                ],
                [
                    0.0,
                    0.0,
                    0.0,
                    1.0
                ]
            ]
        },
        {
            "file_path": "/data/shapenet_blender/all_50_random/02958343/44108b58784ea6a1b5c12c7484d0ec31/r_25",
            "rotation": 0.12566370614359174,
            "transform_matrix": [
                [
                    0.8744702339172363,
                    -0.4418216943740845,
                    0.2002384066581726,
                    0.8071868419647217
                ],
                [
                    0.48507916927337646,
                    0.796488344669342,
                    -0.3609772026538849,
                    -1.4551455974578857
                ],
                [
                    0.0,
                    0.4127953052520752,
                    0.9108238220214844,
                    3.6716482639312744
                ],
                [
                    0.0,
                    0.0,
                    0.0,
                    1.0
                ]
            ]
        },
        {
            "file_path": "/data/shapenet_blender/all_50_random/02958343/44108b58784ea6a1b5c12c7484d0ec31/r_26",
            "rotation": 0.12566370614359174,
            "transform_matrix": [
                [
                    0.1211031898856163,
                    -0.3600565791130066,
                    0.9250368475914001,
                    3.72894287109375
                ],
                [
                    0.99263995885849,
                    0.043927308171987534,
                    -0.11285553872585297,
                    -0.454935222864151
                ],
                [
                    0.0,
                    0.9318956732749939,
                    0.36272627115249634,
                    1.4621963500976562
                ],
                [
                    0.0,
                    0.0,
                    0.0,
                    1.0
                ]
            ]
        },
        {
            "file_path": "/data/shapenet_blender/all_50_random/02958343/44108b58784ea6a1b5c12c7484d0ec31/r_27",
            "rotation": 0.12566370614359174,
            "transform_matrix": [
                [
                    -0.5568247437477112,
                    0.18908359110355377,
                    0.8088222742080688,
                    3.260467052459717
                ],
                [
                    0.8306300640106201,
                    0.12675489485263824,
                    0.5422055721282959,
                    2.1857008934020996
                ],
                [
                    0.0,
                    0.9737457036972046,
                    -0.22763873636722565,
                    -0.9176411628723145
                ],
                [
                    0.0,
                    0.0,
                    0.0,
                    1.0
                ]
            ]
        },
        {
            "file_path": "/data/shapenet_blender/all_50_random/02958343/44108b58784ea6a1b5c12c7484d0ec31/r_28",
            "rotation": 0.12566370614359174,
            "transform_matrix": [
                [
                    -0.002516956767067313,
                    -0.12048545479774475,
                    -0.9927118420600891,
                    -4.001749515533447
                ],
                [
                    -0.9999969005584717,
                    0.0003032576059922576,
                    0.0024986204225569963,
                    0.010072261095046997
                ],
                [
                    -2.9103833926180656e-11,
                    0.992715060710907,
                    -0.1204858273267746,
                    -0.48569390177726746
                ],
                [
                    0.0,
                    0.0,
                    0.0,
                    1.0
                ]
            ]
        },
        {
            "file_path": "/data/shapenet_blender/all_50_random/02958343/44108b58784ea6a1b5c12c7484d0ec31/r_29",
            "rotation": 0.12566370614359174,
            "transform_matrix": [
                [
                    0.450702041387558,
                    -0.21800611913204193,
                    -0.8656447529792786,
                    -3.48952579498291
                ],
                [
                    -0.892674446105957,
                    -0.11006902903318405,
                    -0.4370550513267517,
                    -1.761825442314148
                ],
                [
                    0.0,
                    0.9697206616401672,
                    -0.24421681463718414,
                    -0.9844695329666138
                ],
                [
                    0.0,
                    0.0,
                    0.0,
                    1.0
                ]
            ]
        },
        {
            "file_path": "/data/shapenet_blender/all_50_random/02958343/44108b58784ea6a1b5c12c7484d0ec31/r_30",
            "rotation": 0.12566370614359174,
            "transform_matrix": [
                [
                    0.9637208580970764,
                    -0.001295029534958303,
                    -0.2669089138507843,
                    -1.0759443044662476
                ],
                [
                    -0.266912043094635,
                    -0.004675873555243015,
                    -0.9637095332145691,
                    -3.8848373889923096
                ],
                [
                    0.0,
                    0.9999881982803345,
                    -0.004851896315813065,
                    -0.0195586197078228
                ],
                [
                    0.0,
                    0.0,
                    0.0,
                    1.0
                ]
            ]
        },
        {
            "file_path": "/data/shapenet_blender/all_50_random/02958343/44108b58784ea6a1b5c12c7484d0ec31/r_31",
            "rotation": 0.12566370614359174,
            "transform_matrix": [
                [
                    0.9997174143791199,
                    0.005356332287192345,
                    -0.023162679746747017,
                    -0.09337174892425537
                ],
                [
                    -0.023773936554789543,
                    0.22523903846740723,
                    -0.9740134477615356,
                    -3.9263737201690674
                ],
                [
                    0.0,
                    0.9742887616157532,
                    0.22530272603034973,
                    0.90822434425354
                ],
                [
                    0.0,
                    0.0,
                    0.0,
                    1.0
                ]
            ]
        },
        {
            "file_path": "/data/shapenet_blender/all_50_random/02958343/44108b58784ea6a1b5c12c7484d0ec31/r_32",
            "rotation": 0.12566370614359174,
            "transform_matrix": [
                [
                    -0.9925915002822876,
                    -0.10581536591053009,
                    -0.05970993638038635,
                    -0.2406984567642212
                ],
                [
                    -0.12149965763092041,
                    0.8644586205482483,
                    0.48780032992362976,
                    1.966386079788208
                ],
                [
                    0.0,
                    0.49144119024276733,
                    -0.8709107637405396,
                    -3.510753631591797
                ],
                [
                    0.0,
                    0.0,
                    0.0,
                    1.0
                ]
            ]
        },
        {
            "file_path": "/data/shapenet_blender/all_50_random/02958343/44108b58784ea6a1b5c12c7484d0ec31/r_33",
            "rotation": 0.12566370614359174,
            "transform_matrix": [
                [
                    0.98681640625,
                    -0.0031126984395086765,
                    0.1618136465549469,
                    0.6522916555404663
                ],
                [
                    0.16184359788894653,
                    0.018979201093316078,
                    -0.9866338968276978,
                    -3.977248191833496
                ],
                [
                    0.0,
                    0.999815046787262,
                    0.01923275552690029,
                    0.07752971351146698
                ],
                [
                    0.0,
                    0.0,
                    0.0,
                    1.0
                ]
            ]
        },
        {
            "file_path": "/data/shapenet_blender/all_50_random/02958343/44108b58784ea6a1b5c12c7484d0ec31/r_34",
            "rotation": 0.12566370614359174,
            "transform_matrix": [
                [
                    -0.613335132598877,
                    -0.4889938533306122,
                    0.6202458739280701,
                    2.500291109085083
                ],
                [
                    0.7898228168487549,
                    -0.3797271251678467,
                    0.48165056109428406,
                    1.9415955543518066
                ],
                [
                    2.9802322387695312e-08,
                    0.7852974534034729,
                    0.6191185116767883,
                    2.495746612548828
                ],
                [
                    0.0,
                    0.0,
                    0.0,
                    1.0
                ]
            ]
        },
        {
            "file_path": "/data/shapenet_blender/all_50_random/02958343/44108b58784ea6a1b5c12c7484d0ec31/r_35",
            "rotation": 0.12566370614359174,
            "transform_matrix": [
                [
                    0.697078287601471,
                    -0.00013385106285568327,
                    -0.7169950008392334,
                    -2.8902993202209473
                ],
                [
                    -0.7169950008392334,
                    -0.0001301329320995137,
                    -0.697078287601471,
                    -2.8100123405456543
                ],
                [
                    7.275957614183426e-12,
                    0.9999999403953552,
                    -0.00018668339180294424,
                    -0.0007525448454543948
                ],
                [
                    0.0,
                    0.0,
                    0.0,
                    1.0
                ]
            ]
        },
        {
            "file_path": "/data/shapenet_blender/all_50_random/02958343/44108b58784ea6a1b5c12c7484d0ec31/r_36",
            "rotation": 0.12566370614359174,
            "transform_matrix": [
                [
                    0.9933013319969177,
                    -0.01246691681444645,
                    -0.11487895250320435,
                    -0.4630919098854065
                ],
                [
                    -0.11555346101522446,
                    -0.10716601461172104,
                    -0.9875032305717468,
                    -3.980753183364868
                ],
                [
                    9.31322685637781e-10,
                    0.9941629767417908,
                    -0.10788872092962265,
                    -0.43491336703300476
                ],
                [
                    0.0,
                    0.0,
                    0.0,
                    1.0
                ]
            ]
        },
        {
            "file_path": "/data/shapenet_blender/all_50_random/02958343/44108b58784ea6a1b5c12c7484d0ec31/r_37",
            "rotation": 0.12566370614359174,
            "transform_matrix": [
                [
                    0.17563748359680176,
                    -0.8141768574714661,
                    -0.5534143447875977,
                    -2.2308847904205322
                ],
                [
                    -0.9844549298286438,
                    -0.14525800943374634,
                    -0.09873514622449875,
                    -0.3980141282081604
                ],
                [
                    0.0,
                    0.5621531009674072,
                    -0.8270331025123596,
                    -3.3338773250579834
                ],
                [
                    0.0,
                    0.0,
                    0.0,
                    1.0
                ]
            ]
        },
        {
            "file_path": "/data/shapenet_blender/all_50_random/02958343/44108b58784ea6a1b5c12c7484d0ec31/r_38",
            "rotation": 0.12566370614359174,
            "transform_matrix": [
                [
                    0.055655673146247864,
                    0.2138289213180542,
                    0.9752843976020813,
                    3.931497097015381
                ],
                [
                    0.9984500408172607,
                    -0.011919266544282436,
                    -0.05436437204480171,
                    -0.21914979815483093
                ],
                [
                    -9.313225746154785e-10,
                    0.9767983555793762,
                    -0.21416087448596954,
                    -0.8633100986480713
                ],
                [
                    0.0,
                    0.0,
                    0.0,
                    1.0
                ]
            ]
        },
        {
            "file_path": "/data/shapenet_blender/all_50_random/02958343/44108b58784ea6a1b5c12c7484d0ec31/r_39",
            "rotation": 0.12566370614359174,
            "transform_matrix": [
                [
                    0.3429858982563019,
                    -0.0449582003057003,
                    0.938264012336731,
                    3.7822632789611816
                ],
                [
                    0.9393405914306641,
                    0.016415802761912346,
                    -0.3425928056240082,
                    -1.3810358047485352
                ],
                [
                    -1.862645149230957e-09,
                    0.9988539814949036,
                    0.04786144942045212,
                    0.19293567538261414
                ],
                [
                    0.0,
                    0.0,
                    0.0,
                    1.0
                ]
            ]
        },
        {
            "file_path": "/data/shapenet_blender/all_50_random/02958343/44108b58784ea6a1b5c12c7484d0ec31/r_40",
            "rotation": 0.12566370614359174,
            "transform_matrix": [
                [
                    -0.8318790197372437,
                    0.07405570149421692,
                    0.5499936938285828,
                    2.2170958518981934
                ],
                [
                    0.5549570918083191,
                    0.11100926250219345,
                    0.8244388699531555,
                    3.3234195709228516
                ],
                [
                    3.725290298461914e-09,
                    0.9910563826560974,
                    -0.13344398140907288,
                    -0.5379299521446228
                ],
                [
                    0.0,
                    0.0,
                    0.0,
                    1.0
                ]
            ]
        },
        {
            "file_path": "/data/shapenet_blender/all_50_random/02958343/44108b58784ea6a1b5c12c7484d0ec31/r_41",
            "rotation": 0.12566370614359174,
            "transform_matrix": [
                [
                    0.9756460189819336,
                    -0.12446732819080353,
                    0.18061786890029907,
                    0.7280939817428589
                ],
                [
                    0.21935118734836578,
                    0.5536147952079773,
