{
    "class": "02958343",
    "model": "9e2e375fd5fd55b02a9eb0f146e94477",
    "remove_doubles": true,
    "edge_split": true,
    "denoise": true,
    "camera_angle_x": 0.6911112070083618,
    "scale_factor": 2.2115575296784113,
    "hdri_file": "/data/IndoorHDRDataset2018/9C4A7830-0cd17635eb.exr",
    "center_offset": [
        0.0,
        0.0,
        -1.862645149230957e-09
    ],
    "lights": [],
    "frames": [
        {
            "file_path": "/data/shapenet_blender/all_50_random/02958343/9e2e375fd5fd55b02a9eb0f146e94477/r_0",
            "rotation": 0.12566370614359174,
            "transform_matrix": [
                [
                    -0.5747543573379517,
                    -0.663623034954071,
                    0.4788128733634949,
                    1.9301565885543823
                ],
                [
                    0.818325936794281,
                    -0.4660981595516205,
                    0.336296021938324,
                    1.3556526899337769
                ],
                [
                    0.0,
                    0.5851126909255981,
                    0.8109519481658936,
                    3.269052028656006
                ],
                [
                    0.0,
                    0.0,
                    0.0,
                    1.0
                ]
            ]
        },
        {
            "file_path": "/data/shapenet_blender/all_50_random/02958343/9e2e375fd5fd55b02a9eb0f146e94477/r_1",
            "rotation": 0.12566370614359174,
            "transform_matrix": [
                [
                    0.9426546692848206,
                    -0.042824696749448776,
                    0.3310110867023468,
                    1.3343483209609985
                ],
                [
                    0.333769828081131,
                    0.12094832211732864,
                    -0.9348632097244263,
                    -3.768554210662842
                ],
                [
                    0.0,
                    0.9917345643043518,
                    0.1283060908317566,
                    0.5172184109687805
                ],
                [
                    0.0,
                    0.0,
                    0.0,
                    1.0
                ]
            ]
        },
        {
            "file_path": "/data/shapenet_blender/all_50_random/02958343/9e2e375fd5fd55b02a9eb0f146e94477/r_2",
            "rotation": 0.12566370614359174,
            "transform_matrix": [
                [
                    0.9922949075698853,
                    0.04054990038275719,
                    0.11707480996847153,
                    0.4719436466693878
                ],
                [
                    0.12389836460351944,
                    -0.32476183772087097,
                    -0.937645435333252,
                    -3.7797696590423584
                ],
                [
                    0.0,
                    0.9449262022972107,
                    -0.3272835612297058,
                    -1.3193222284317017
                ],
                [
                    0.0,
                    0.0,
                    0.0,
                    1.0
                ]
            ]
        },
        {
            "file_path": "/data/shapenet_blender/all_50_random/02958343/9e2e375fd5fd55b02a9eb0f146e94477/r_3",
            "rotation": 0.12566370614359174,
            "transform_matrix": [
                [
                    0.947475254535675,
                    0.1167658269405365,
                    0.2977522015571594,
                    1.20027756690979
                ],
                [
                    0.3198290765285492,
                    -0.34591206908226013,
                    -0.8820738196372986,
                    -3.555753231048584
                ],
                [
                    0.0,
                    0.9309729337692261,
                    -0.36508822441101074,
                    -1.4717177152633667
                ],
                [
                    0.0,
                    0.0,
                    0.0,
                    1.0
                ]
            ]
        },
        {
            "file_path": "/data/shapenet_blender/all_50_random/02958343/9e2e375fd5fd55b02a9eb0f146e94477/r_4",
            "rotation": 0.12566370614359174,
            "transform_matrix": [
                [
                    -0.9433023929595947,
                    0.20923785865306854,
                    -0.257682204246521,
                    -1.0387500524520874
                ],
                [
                    -0.3319346010684967,
                    -0.5946188569068909,
                    0.7322895526885986,
                    2.951953172683716
                ],
                [
                    0.0,
                    0.7763041257858276,
                    0.6303586363792419,
                    2.5410566329956055
                ],
                [
                    0.0,
                    0.0,
                    0.0,
                    1.0
                ]
            ]
        },
        {
            "file_path": "/data/shapenet_blender/all_50_random/02958343/9e2e375fd5fd55b02a9eb0f146e94477/r_5",
            "rotation": 0.12566370614359174,
            "transform_matrix": [
                [
                    0.1423908919095993,
                    0.009614079259335995,
                    0.9897637963294983,
                    3.98986554145813
                ],
                [
                    0.9898105263710022,
                    -0.0013830499956384301,
                    -0.14238417148590088,
                    -0.5739689469337463
                ],
                [
                    1.1641532182693481e-10,
                    0.9999528527259827,
                    -0.009713050909340382,
                    -0.03915455937385559
                ],
                [
                    0.0,
                    0.0,
                    0.0,
                    1.0
                ]
            ]
        },
        {
            "file_path": "/data/shapenet_blender/all_50_random/02958343/9e2e375fd5fd55b02a9eb0f146e94477/r_6",
            "rotation": 0.12566370614359174,
            "transform_matrix": [
                [
                    0.9979621767997742,
                    -0.05373801663517952,
                    -0.03440764173865318,
                    -0.1387016475200653
                ],
                [
                    -0.06380957365036011,
                    -0.8404461145401001,
                    -0.5381249785423279,
                    -2.1692512035369873
                ],
                [
                    0.0,
                    0.5392239093780518,
                    -0.8421624302864075,
                    -3.3948652744293213
                ],
                [
                    0.0,
                    0.0,
                    0.0,
                    1.0
                ]
            ]
        },
        {
            "file_path": "/data/shapenet_blender/all_50_random/02958343/9e2e375fd5fd55b02a9eb0f146e94477/r_7",
            "rotation": 0.12566370614359174,
            "transform_matrix": [
                [
                    0.4345570206642151,
                    0.10759114474058151,
                    -0.8941947817802429,
                    -3.604614496231079
                ],
                [
                    -0.9006444215774536,
                    0.05191225931048393,
                    -0.43144509196281433,
                    -1.739210844039917
                ],
                [
                    0.0,
                    0.9928389191627502,
                    0.11946020275354385,
                    0.48155948519706726
                ],
                [
                    0.0,
                    0.0,
                    0.0,
                    1.0
                ]
            ]
        },
        {
            "file_path": "/data/shapenet_blender/all_50_random/02958343/9e2e375fd5fd55b02a9eb0f146e94477/r_8",
            "rotation": 0.12566370614359174,
            "transform_matrix": [
                [
                    -0.41363829374313354,
                    0.8903127312660217,
                    -0.19038544595241547,
                    -0.767468273639679
                ],
                [
                    -0.9104413390159607,
                    -0.4044933021068573,
                    0.08649729192256927,
                    0.3486817479133606
                ],
                [
                    7.450580596923828e-09,
                    0.20911341905593872,
                    0.9778913855552673,
                    3.9420063495635986
                ],
                [
                    0.0,
                    0.0,
                    0.0,
                    1.0
                ]
            ]
        },
        {
            "file_path": "/data/shapenet_blender/all_50_random/02958343/9e2e375fd5fd55b02a9eb0f146e94477/r_9",
            "rotation": 0.12566370614359174,
            "transform_matrix": [
                [
                    0.7465934157371521,
                    0.060078904032707214,
                    0.6625622510910034,
                    2.6708741188049316
                ],
                [
                    0.6652806401252747,
                    -0.06742194294929504,
                    -0.7435427904129028,
                    -2.99731707572937
                ],
                [
                    3.725290298461914e-09,
                    0.9959140419960022,
                    -0.0903061032295227,
                    -0.36403557658195496
                ],
                [
                    0.0,
                    0.0,
                    0.0,
                    1.0
                ]
            ]
        },
        {
            "file_path": "/data/shapenet_blender/all_50_random/02958343/9e2e375fd5fd55b02a9eb0f146e94477/r_10",
            "rotation": 0.12566370614359174,
            "transform_matrix": [
                [
                    0.6010154485702515,
                    -0.021523630246520042,
                    -0.7989475131034851,
                    -3.220660448074341
                ],
                [
                    -0.7992374897003174,
                    -0.016185471788048744,
                    -0.6007974147796631,
                    -2.421891927719116
                ],
                [
                    -9.31322685637781e-10,
                    0.9996373057365417,
                    -0.026930207386612892,
                    -0.10855913907289505
                ],
                [
                    0.0,
                    0.0,
                    0.0,
                    1.0
                ]
            ]
        },
        {
            "file_path": "/data/shapenet_blender/all_50_random/02958343/9e2e375fd5fd55b02a9eb0f146e94477/r_11",
            "rotation": 0.12566370614359174,
            "transform_matrix": [
                [
                    0.0868905708193779,
                    0.6242549419403076,
                    0.7763735055923462,
                    3.1296613216400146
                ],
                [
                    0.9962177872657776,
                    -0.054447803646326065,
                    -0.06771565228700638,
                    -0.2729704976081848
                ],
                [
                    3.725290076417309e-09,
                    0.7793209552764893,
                    -0.6266250014305115,
                    -2.526005983352661
                ],
                [
                    0.0,
                    0.0,
                    0.0,
                    1.0
                ]
            ]
        },
        {
            "file_path": "/data/shapenet_blender/all_50_random/02958343/9e2e375fd5fd55b02a9eb0f146e94477/r_12",
            "rotation": 0.12566370614359174,
            "transform_matrix": [
                [
                    0.9517894983291626,
                    -0.2338002622127533,
                    0.19858071208000183,
                    0.8005044460296631
                ],
                [
                    0.30675214529037476,
                    0.7254346609115601,
                    -0.6161555647850037,
                    -2.483802556991577
                ],
                [
                    0.0,
                    0.647365391254425,
                    0.7621797323226929,
                    3.0724446773529053
                ],
                [
                    0.0,
                    0.0,
                    0.0,
                    1.0
                ]
            ]
        },
        {
            "file_path": "/data/shapenet_blender/all_50_random/02958343/9e2e375fd5fd55b02a9eb0f146e94477/r_13",
            "rotation": 0.12566370614359174,
            "transform_matrix": [
                [
                    -0.9466171860694885,
                    -0.17134498059749603,
                    -0.27305078506469727,
                    -1.1007027626037598
                ],
                [
                    -0.32235977053642273,
                    0.503158688545227,
                    0.8018202185630798,
                    3.2322402000427246
                ],
                [
                    0.0,
                    0.8470373153686523,
                    -0.531533420085907,
                    -2.142679452896118
                ],
                [
                    0.0,
                    0.0,
                    0.0,
                    1.0
                ]
            ]
        },
        {
            "file_path": "/data/shapenet_blender/all_50_random/02958343/9e2e375fd5fd55b02a9eb0f146e94477/r_14",
            "rotation": 0.12566370614359174,
            "transform_matrix": [
                [
                    -0.7177220582962036,
                    -0.1761370152235031,
                    0.6736844182014465,
                    2.7157087326049805
                ],
                [
                    0.6963295936584473,
                    -0.18154825270175934,
                    0.6943811774253845,
                    2.799139976501465
                ],
                [
                    0.0,
                    0.9674791693687439,
                    0.25295060873031616,
                    1.0196765661239624
                ],
                [
                    0.0,
                    0.0,
                    0.0,
                    1.0
                ]
            ]
        },
        {
            "file_path": "/data/shapenet_blender/all_50_random/02958343/9e2e375fd5fd55b02a9eb0f146e94477/r_15",
            "rotation": 0.12566370614359174,
            "transform_matrix": [
                [
                    -0.7345559000968933,
                    -0.4471485912799835,
                    -0.5103780031204224,
                    -2.0573995113372803
                ],
                [
                    -0.6785480976104736,
                    0.4840565025806427,
                    0.5525048971176147,
                    2.2272183895111084
                ],
                [
                    0.0,
                    0.7521617412567139,
                    -0.6589784622192383,
                    -2.6564271450042725
                ],
                [
                    0.0,
                    0.0,
                    0.0,
                    1.0
                ]
            ]
        },
        {
            "file_path": "/data/shapenet_blender/all_50_random/02958343/9e2e375fd5fd55b02a9eb0f146e94477/r_16",
            "rotation": 0.12566370614359174,
            "transform_matrix": [
                [
                    -0.11206145584583282,
                    -0.22536993026733398,
                    0.9678070545196533,
                    3.901355266571045
                ],
                [
                    0.9937013387680054,
                    -0.025415364652872086,
                    0.10914131253957748,
                    0.4399627447128296
                ],
                [
                    -1.862645149230957e-09,
                    0.9739418029785156,
                    0.22679844498634338,
                    0.914253830909729
                ],
                [
                    0.0,
                    0.0,
                    0.0,
                    1.0
                ]
            ]
        },
        {
            "file_path": "/data/shapenet_blender/all_50_random/02958343/9e2e375fd5fd55b02a9eb0f146e94477/r_17",
            "rotation": 0.12566370614359174,
            "transform_matrix": [
                [
                    -0.4236237704753876,
                    0.1330641657114029,
                    0.8960115909576416,
                    3.611938238143921
                ],
                [
                    0.9058381915092468,
                    0.06222871318459511,
                    0.41902828216552734,
                    1.6891570091247559
                ],
                [
                    3.7252898543727042e-09,
                    0.9891519546508789,
                    -0.1468961536884308,
                    -0.5921573638916016
                ],
                [
                    0.0,
                    0.0,
                    0.0,
                    1.0
                ]
            ]
        },
        {
            "file_path": "/data/shapenet_blender/all_50_random/02958343/9e2e375fd5fd55b02a9eb0f146e94477/r_18",
            "rotation": 0.12566370614359174,
            "transform_matrix": [
                [
                    -0.19084134697914124,
                    0.46897774934768677,
                    -0.862345278263092,
                    -3.4762251377105713
                ],
                [
                    -0.9816209077835083,
                    -0.09117607772350311,
                    0.1676524430513382,
                    0.6758286952972412
                ],
                [
                    7.450580596923828e-09,
                    0.8784911036491394,
                    0.4777584969997406,
                    1.9259061813354492
                ],
                [
                    0.0,
                    0.0,
                    0.0,
                    1.0
                ]
            ]
        },
        {
            "file_path": "/data/shapenet_blender/all_50_random/02958343/9e2e375fd5fd55b02a9eb0f146e94477/r_19",
            "rotation": 0.12566370614359174,
            "transform_matrix": [
                [
                    0.49112945795059204,
                    0.6520959734916687,
                    0.5775489211082458,
                    2.328173875808716
                ],
                [
                    0.871086597442627,
                    -0.3676598072052002,
                    -0.32562923431396484,
                    -1.3126533031463623
                ],
                [
                    1.4901161193847656e-08,
                    0.6630211472511292,
                    -0.7486006617546082,
                    -3.0177054405212402
                ],
                [
                    0.0,
                    0.0,
                    0.0,
                    1.0
                ]
            ]
        },
        {
            "file_path": "/data/shapenet_blender/all_50_random/02958343/9e2e375fd5fd55b02a9eb0f146e94477/r_20",
            "rotation": 0.12566370614359174,
            "transform_matrix": [
                [
                    -0.18172404170036316,
                    -0.017051784321665764,
                    0.9832016825675964,
                    3.9634127616882324
                ],
                [
                    0.9833495616912842,
                    -0.0031511879060417414,
                    0.18169671297073364,
                    0.7324428558349609
                ],
                [
                    0.0,
                    0.9998496174812317,
                    0.017340511083602905,
                    0.06990183889865875
                ],
                [
                    0.0,
                    0.0,
                    0.0,
                    1.0
                ]
            ]
        },
        {
            "file_path": "/data/shapenet_blender/all_50_random/02958343/9e2e375fd5fd55b02a9eb0f146e94477/r_21",
            "rotation": 0.12566370614359174,
            "transform_matrix": [
                [
                    -0.4193774163722992,
                    -0.3822873532772064,
                    -0.823394775390625,
                    -3.3192105293273926
                ],
                [
                    -0.9078119993209839,
                    0.17660339176654816,
                    0.3803795874118805,
                    1.533359169960022
                ],
                [
                    0.0,
                    0.9070102572441101,
                    -0.4211084842681885,
                    -1.6975425481796265
                ],
                [
                    0.0,
                    0.0,
                    0.0,
                    1.0
                ]
            ]
        },
        {
            "file_path": "/data/shapenet_blender/all_50_random/02958343/9e2e375fd5fd55b02a9eb0f146e94477/r_22",
            "rotation": 0.12566370614359174,
            "transform_matrix": [
                [
                    -0.6644709706306458,
                    -0.20142269134521484,
                    -0.7196576595306396,
                    -2.9010329246520996
                ],
                [
                    -0.7473140954971313,
                    0.1790940910577774,
                    0.6398804187774658,
                    2.5794405937194824
                ],
                [
                    0.0,
                    0.962992250919342,
                    -0.2695288360118866,
                    -1.0865055322647095
                ],
                [
                    0.0,
                    0.0,
                    0.0,
                    1.0
                ]
            ]
        },
        {
            "file_path": "/data/shapenet_blender/all_50_random/02958343/9e2e375fd5fd55b02a9eb0f146e94477/r_23",
            "rotation": 0.12566370614359174,
            "transform_matrix": [
                [
                    0.4283865988254547,
                    0.7597072720527649,
                    0.4892134368419647,
                    1.972082495689392
                ],
                [
                    0.9035954475402832,
                    -0.36017048358917236,
                    -0.23193177580833435,
                    -0.9349468946456909
                ],
                [
                    -1.4901158529312397e-08,
                    0.5414074659347534,
                    -0.8407602906227112,
                    -3.3892130851745605
                ],
                [
                    0.0,
                    0.0,
                    0.0,
                    1.0
                ]
            ]
        },
        {
            "file_path": "/data/shapenet_blender/all_50_random/02958343/9e2e375fd5fd55b02a9eb0f146e94477/r_24",
            "rotation": 0.12566370614359174,
            "transform_matrix": [
                [
                    -0.4372270703315735,
                    -0.3229183554649353,
                    -0.8393784761428833,
                    -3.3836429119110107
                ],
                [
                    -0.8993512392044067,
                    0.1569894403219223,
                    0.40807080268859863,
                    1.6449860334396362
                ],
                [
                    1.4901162970204496e-08,
                    0.9333155155181885,
                    -0.35905706882476807,
                    -1.4474053382873535
                ],
                [
                    0.0,
                    0.0,
                    0.0,
                    1.0
                ]
            ]
        },
        {
            "file_path": "/data/shapenet_blender/all_50_random/02958343/9e2e375fd5fd55b02a9eb0f146e94477/r_25",
            "rotation": 0.12566370614359174,
            "transform_matrix": [
                [
                    -0.9240934252738953,
                    -0.23892496526241302,
                    0.29827234148979187,
                    1.2023742198944092
                ],
                [
                    0.38216692209243774,
                    -0.5777291655540466,
                    0.7212333083152771,
                    2.9073843955993652
                ],
                [
                    -1.4901162970204496e-08,
                    0.7804766893386841,
                    0.6251848340034485,
                    2.520200729370117
                ],
                [
                    0.0,
                    0.0,
                    0.0,
                    1.0
                ]
            ]
        },
        {
            "file_path": "/data/shapenet_blender/all_50_random/02958343/9e2e375fd5fd55b02a9eb0f146e94477/r_26",
            "rotation": 0.12566370614359174,
            "transform_matrix": [
                [
                    0.6041908860206604,
                    -0.018913952633738518,
                    0.7966151833534241,
                    3.2112584114074707
                ],
                [
                    0.7968396544456482,
                    0.014341200701892376,
                    -0.6040206551551819,
                    -2.434885025024414
                ],
                [
                    -9.313225746154785e-10,
                    0.9997182488441467,
                    0.02373621240258217,
                    0.09568373113870621
                ],
                [
                    0.0,
                    0.0,
                    0.0,
                    1.0
                ]
            ]
        },
        {
            "file_path": "/data/shapenet_blender/all_50_random/02958343/9e2e375fd5fd55b02a9eb0f146e94477/r_27",
            "rotation": 0.12566370614359174,
            "transform_matrix": [
                [
                    0.9242420792579651,
                    -0.08017661422491074,
                    -0.37329381704330444,
                    -1.5047955513000488
                ],
                [
                    -0.38180696964263916,
                    -0.19408392906188965,
                    -0.903634250164032,
                    -3.6426661014556885
                ],
                [
                    0.0,
                    0.9777029752731323,
                    -0.20999252796173096,
                    -0.8465069532394409
                ],
                [
                    0.0,
                    0.0,
                    0.0,
                    1.0
                ]
            ]
        },
        {
            "file_path": "/data/shapenet_blender/all_50_random/02958343/9e2e375fd5fd55b02a9eb0f146e94477/r_28",
            "rotation": 0.12566370614359174,
            "transform_matrix": [
                [
                    0.05590203404426575,
                    -0.5379053950309753,
                    0.8411496877670288,
                    3.3907828330993652
                ],
                [
                    0.9984363317489624,
                    0.03011709824204445,
                    -0.04709561914205551,
                    -0.18984851241111755
                ],
                [
                    0.0,
                    0.8424670696258545,
                    0.5387478470802307,
                    2.171761989593506
                ],
                [
                    0.0,
                    0.0,
                    0.0,
                    1.0
                ]
            ]
        },
        {
            "file_path": "/data/shapenet_blender/all_50_random/02958343/9e2e375fd5fd55b02a9eb0f146e94477/r_29",
            "rotation": 0.12566370614359174,
            "transform_matrix": [
                [
                    0.8008411526679993,
                    0.2627169191837311,
                    -0.5381760001182556,
                    -2.169456958770752
                ],
                [
                    -0.598876953125,
                    0.35131508111953735,
                    -0.7196694612503052,
                    -2.901080369949341
                ],
                [
                    0.0,
                    0.8986420035362244,
                    0.4386826753616333,
                    1.7683864831924438
                ],
                [
                    0.0,
                    0.0,
                    0.0,
                    1.0
                ]
            ]
        },
        {
            "file_path": "/data/shapenet_blender/all_50_random/02958343/9e2e375fd5fd55b02a9eb0f146e94477/r_30",
            "rotation": 0.12566370614359174,
            "transform_matrix": [
                [
                    0.3991803824901581,
                    0.31488561630249023,
                    -0.8611050248146057,
                    -3.4712257385253906
                ],
                [
                    -0.9168723225593567,
                    0.13709233701229095,
                    -0.3749008774757385,
                    -1.5112738609313965
                ],
                [
                    0.0,
                    0.9391765594482422,
                    0.34343451261520386,
                    1.3844289779663086
                ],
                [
                    0.0,
                    0.0,
                    0.0,
                    1.0
                ]
            ]
        },
        {
            "file_path": "/data/shapenet_blender/all_50_random/02958343/9e2e375fd5fd55b02a9eb0f146e94477/r_31",
            "rotation": 0.12566370614359174,
            "transform_matrix": [
                [
                    0.9479749798774719,
                    -0.2607508599758148,
                    -0.18262650072574615,
                    -0.7361909747123718
                ],
                [
                    -0.3183448314666748,
                    -0.7764701843261719,
                    -0.543829619884491,
                    -2.1922473907470703
                ],
                [
                    0.0,
                    0.5736749768257141,
                    -0.8190829157829285,
                    -3.3018288612365723
                ],
                [
                    0.0,
                    0.0,
                    0.0,
                    1.0
                ]
            ]
        },
        {
            "file_path": "/data/shapenet_blender/all_50_random/02958343/9e2e375fd5fd55b02a9eb0f146e94477/r_32",
            "rotation": 0.12566370614359174,
            "transform_matrix": [
                [
                    0.7912260293960571,
                    -0.6043553948402405,
                    0.09335989505052567,
                    0.37634578347206116
                ],
                [
                    0.6115239858627319,
                    0.781950831413269,
                    -0.12079456448554993,
                    -0.4869384765625
                ],
                [
                    0.0,
                    0.15266749262809753,
                    0.9882776141166687,
                    3.983874559402466
                ],
                [
                    0.0,
                    0.0,
                    0.0,
                    1.0
                ]
            ]
        },
        {
            "file_path": "/data/shapenet_blender/all_50_random/02958343/9e2e375fd5fd55b02a9eb0f146e94477/r_33",
            "rotation": 0.12566370614359174,
            "transform_matrix": [
                [
                    -0.1858883500099182,
                    0.02005722001194954,
                    -0.9823662042617798,
                    -3.9600443840026855
                ],
                [
                    -0.9825709462165833,
                    -0.0037945390213280916,
                    0.1858496218919754,
                    0.749183714389801
                ],
                [
                    -2.3283064365386963e-10,
                    0.9997915625572205,
                    0.020413003861904144,
                    0.08228743821382523
                ],
                [
                    0.0,
                    0.0,
                    0.0,
                    1.0
                ]
            ]
        },
        {
            "file_path": "/data/shapenet_blender/all_50_random/02958343/9e2e375fd5fd55b02a9eb0f146e94477/r_34",
            "rotation": 0.12566370614359174,
            "transform_matrix": [
                [
                    0.6487292647361755,
                    0.1899358034133911,
                    0.7369359731674194,
                    2.9706838130950928
                ],
                [
                    0.761019229888916,
                    -0.16191041469573975,
                    -0.6281996369361877,
                    -2.532353639602661
                ],
                [
                    7.450580596923828e-09,
                    0.968353807926178,
                    -0.24958087503910065,
                    -1.0060926675796509
                ],
                [
                    0.0,
                    0.0,
                    0.0,
                    1.0
                ]
            ]
        },
        {
            "file_path": "/data/shapenet_blender/all_50_random/02958343/9e2e375fd5fd55b02a9eb0f146e94477/r_35",
            "rotation": 0.12566370614359174,
            "transform_matrix": [
                [
                    -0.4026632308959961,
                    0.03429216518998146,
                    -0.9147055745124817,
                    -3.687296152114868
                ],
                [
                    -0.91534823179245,
                    -0.015085182152688503,
                    0.4023805260658264,
                    1.622047781944275
                ],
                [
                    -9.313225746154785e-10,
                    0.9992979764938354,
                    0.03746351972222328,
                    0.15102027356624603
                ],
                [
                    0.0,
                    0.0,
                    0.0,
                    1.0
                ]
            ]
        },
        {
            "file_path": "/data/shapenet_blender/all_50_random/02958343/9e2e375fd5fd55b02a9eb0f146e94477/r_36",
            "rotation": 0.12566370614359174,
            "transform_matrix": [
                [
                    -0.8306255340576172,
                    -0.35913848876953125,
                    -0.42553573846817017,
                    -1.7153894901275635
                ],
                [
                    -0.5568313002586365,
                    0.5357270240783691,
                    0.6347718238830566,
                    2.558846950531006
                ],
                [
                    0.0,
                    0.7642092704772949,
                    -0.6449682116508484,
                    -2.599950075149536
                ],
                [
                    0.0,
                    0.0,
                    0.0,
                    1.0
                ]
            ]
        },
        {
            "file_path": "/data/shapenet_blender/all_50_random/02958343/9e2e375fd5fd55b02a9eb0f146e94477/r_37",
            "rotation": 0.12566370614359174,
            "transform_matrix": [
                [
                    -0.8175640106201172,
                    -0.3535844683647156,
                    -0.45449650287628174,
                    -1.8321341276168823
                ],
                [
                    -0.5758377313613892,
                    0.5020128488540649,
                    0.6452859044075012,
                    2.6012308597564697
                ],
                [
                    0.0,
                    0.7892788648605347,
                    -0.6140348315238953,
                    -2.4752538204193115
                ],
                [
                    0.0,
                    0.0,
                    0.0,
                    1.0
                ]
            ]
        },
        {
            "file_path": "/data/shapenet_blender/all_50_random/02958343/9e2e375fd5fd55b02a9eb0f146e94477/r_38",
            "rotation": 0.12566370614359174,
            "transform_matrix": [
                [
                    -0.4508897066116333,
                    -0.11919780820608139,
                    -0.8845848441123962,
                    -3.56587553024292
                ],
                [
                    -0.8925796747207642,
                    0.060213182121515274,
                    0.44685107469558716,
                    1.801314353942871
                ],
                [
                    0.0,
                    0.9910430312156677,
                    -0.13354304432868958,
                    -0.5383292436599731
                ],
                [
                    0.0,
                    0.0,
                    0.0,
                    1.0
                ]
            ]
        },
        {
            "file_path": "/data/shapenet_blender/all_50_random/02958343/9e2e375fd5fd55b02a9eb0f146e94477/r_39",
            "rotation": 0.12566370614359174,
            "transform_matrix": [
                [
                    -0.2762320041656494,
                    -0.7326482534408569,
                    -0.6220307946205139,
                    -2.507486581802368
                ],
                [
                    -0.9610910415649414,
                    0.21057410538196564,
                    0.17878098785877228,
                    0.7206892967224121
                ],
                [
                    0.0,
                    0.6472132205963135,
                    -0.7623089551925659,
                    -3.0729658603668213
                ],
                [
                    0.0,
                    0.0,
                    0.0,
                    1.0
                ]
            ]
        },
        {
            "file_path": "/data/shapenet_blender/all_50_random/02958343/9e2e375fd5fd55b02a9eb0f146e94477/r_40",
            "rotation": 0.12566370614359174,
            "transform_matrix": [
                [
                    0.9723646640777588,
                    0.046542879194021225,
                    -0.22878125309944153,
                    -0.9222468137741089
                ],
                [
                    -0.23346762359142303,
                    0.19384554028511047,
                    -0.9528465867042542,
                    -3.841047763824463
                ],
                [
                    3.725290742551124e-09,
                    0.9799274206161499,
                    0.19935473799705505,
                    0.80362468957901
                ],
                [
                    0.0,
                    0.0,
                    0.0,
                    1.0
                ]
            ]
        },
        {
            "file_path": "/data/shapenet_blender/all_50_random/02958343/9e2e375fd5fd55b02a9eb0f146e94477/r_41",
            "rotation": 0.12566370614359174,
            "transform_matrix": [
                [
                    -0.6540700793266296,
                    -0.7496699094772339,
                    -0.1009320318698883,
                    -0.4068699777126312
                ],
                [
                    -0.7564340233802795,
                    0.6482213735580444,
                    0.0872734859585762,
                    0.35181063413619995
                ],
                [
                    -7.450580596923828e-09,
