{
    "class": "02958343",
    "model": "3cad25b218e0cd506436916a86a90ed7",
    "remove_doubles": true,
    "edge_split": true,
    "denoise": true,
    "camera_angle_x": 0.6911112070083618,
    "scale_factor": 2.2383257213627874,
    "hdri_file": "/data/IndoorHDRDataset2018/9C4A4668-16193e7517.exr",
    "center_offset": [
        0.0,
        -1.979060471057892e-09,
        -3.725290298461914e-09
    ],
    "lights": [],
    "frames": [
        {
            "file_path": "/data/shapenet_blender/all_50_random/02958343/3cad25b218e0cd506436916a86a90ed7/r_0",
            "rotation": 0.12566370614359174,
            "transform_matrix": [
                [
                    -0.4692838191986084,
                    0.18356402218341827,
                    0.8637573719024658,
                    3.4819176197052
                ],
                [
                    0.8830474019050598,
                    0.09755265712738037,
                    0.4590323865413666,
                    1.8504188060760498
                ],
                [
                    0.0,
                    0.9781551361083984,
                    -0.20787560939788818,
                    -0.837973415851593
                ],
                [
                    0.0,
                    0.0,
                    0.0,
                    1.0
                ]
            ]
        },
        {
            "file_path": "/data/shapenet_blender/all_50_random/02958343/3cad25b218e0cd506436916a86a90ed7/r_1",
            "rotation": 0.12566370614359174,
            "transform_matrix": [
                [
                    0.560291588306427,
                    0.18150021135807037,
                    0.8081651926040649,
                    3.2578179836273193
                ],
                [
                    0.8282954096794128,
                    -0.12277388572692871,
                    -0.5466747283935547,
                    -2.203716278076172
                ],
                [
                    0.0,
                    0.9756966829299927,
                    -0.21912503242492676,
                    -0.8833212852478027
                ],
                [
                    0.0,
                    0.0,
                    0.0,
                    1.0
                ]
            ]
        },
        {
            "file_path": "/data/shapenet_blender/all_50_random/02958343/3cad25b218e0cd506436916a86a90ed7/r_2",
            "rotation": 0.12566370614359174,
            "transform_matrix": [
                [
                    0.9818418622016907,
                    -0.059669747948646545,
                    -0.1800728589296341,
                    -0.7258968949317932
                ],
                [
                    -0.189701646566391,
                    -0.30883362889289856,
                    -0.9320059418678284,
                    -3.757035970687866
                ],
                [
                    3.725290298461914e-09,
                    0.9492424726486206,
                    -0.314545214176178,
                    -1.2679722309112549
                ],
                [
                    0.0,
                    0.0,
                    0.0,
                    1.0
                ]
            ]
        },
        {
            "file_path": "/data/shapenet_blender/all_50_random/02958343/3cad25b218e0cd506436916a86a90ed7/r_3",
            "rotation": 0.12566370614359174,
            "transform_matrix": [
                [
                    0.9987028241157532,
                    0.006903992500156164,
                    -0.050449058413505554,
                    -0.20336665213108063
                ],
                [
                    -0.05091927573084831,
                    0.1354111284017563,
                    -0.989480197429657,
                    -3.988722085952759
                ],
                [
                    4.656612873077393e-10,
                    0.9907653331756592,
                    0.13558702170848846,
                    0.546568751335144
                ],
                [
                    0.0,
                    0.0,
                    0.0,
                    1.0
                ]
            ]
        },
        {
            "file_path": "/data/shapenet_blender/all_50_random/02958343/3cad25b218e0cd506436916a86a90ed7/r_4",
            "rotation": 0.12566370614359174,
            "transform_matrix": [
                [
                    -0.26624247431755066,
                    0.40608450770378113,
                    -0.8741912245750427,
                    -3.523977518081665
                ],
                [
                    -0.9639061093330383,
                    -0.1121654286980629,
                    0.24146215617656708,
                    0.973365068435669
                ],
                [
                    7.450580596923828e-09,
                    0.9069257378578186,
                    0.42129045724868774,
                    1.698276162147522
                ],
                [
                    0.0,
                    0.0,
                    0.0,
                    1.0
                ]
            ]
        },
        {
            "file_path": "/data/shapenet_blender/all_50_random/02958343/3cad25b218e0cd506436916a86a90ed7/r_5",
            "rotation": 0.12566370614359174,
            "transform_matrix": [
                [
                    0.8633559942245483,
                    0.10447703301906586,
                    -0.4936608672142029,
                    -1.9900106191635132
                ],
                [
                    -0.5045953989028931,
                    0.17875880002975464,
                    -0.8446471095085144,
                    -3.404881477355957
                ],
                [
                    0.0,
                    0.9783300757408142,
                    0.2070510983467102,
                    0.8346496820449829
                ],
                [
                    0.0,
                    0.0,
                    0.0,
                    1.0
                ]
            ]
        },
        {
            "file_path": "/data/shapenet_blender/all_50_random/02958343/3cad25b218e0cd506436916a86a90ed7/r_6",
            "rotation": 0.12566370614359174,
            "transform_matrix": [
                [
                    -0.8215610980987549,
                    -0.03448360040783882,
                    0.569076657295227,
                    2.2940213680267334
                ],
                [
                    0.5701205134391785,
                    -0.049691930413246155,
                    0.8200569152832031,
                    3.305755138397217
                ],
                [
                    1.862645149230957e-09,
                    0.9981690645217896,
                    0.06048476696014404,
                    0.2438218891620636
                ],
                [
                    0.0,
                    0.0,
                    0.0,
                    1.0
                ]
            ]
        },
        {
            "file_path": "/data/shapenet_blender/all_50_random/02958343/3cad25b218e0cd506436916a86a90ed7/r_7",
            "rotation": 0.12566370614359174,
            "transform_matrix": [
                [
                    -0.7240312099456787,
                    -0.571037769317627,
                    0.38690394163131714,
                    1.559659719467163
                ],
                [
                    0.6897672414779663,
                    -0.5994039177894592,
                    0.4061232805252075,
                    1.6371352672576904
                ],
                [
                    0.0,
                    0.5609195232391357,
                    0.8278703093528748,
                    3.337251901626587
                ],
                [
                    0.0,
                    0.0,
                    0.0,
                    1.0
                ]
            ]
        },
        {
            "file_path": "/data/shapenet_blender/all_50_random/02958343/3cad25b218e0cd506436916a86a90ed7/r_8",
            "rotation": 0.12566370614359174,
            "transform_matrix": [
                [
                    -0.005807962734252214,
                    0.5979434847831726,
                    -0.8015171885490417,
                    -3.2310190200805664
                ],
                [
                    -0.9999831318855286,
                    -0.003472892101854086,
                    0.004655260592699051,
                    0.018765956163406372
                ],
                [
                    0.0,
                    0.801530659198761,
                    0.5979536175727844,
                    2.410428047180176
                ],
                [
                    0.0,
                    0.0,
                    0.0,
                    1.0
                ]
            ]
        },
        {
            "file_path": "/data/shapenet_blender/all_50_random/02958343/3cad25b218e0cd506436916a86a90ed7/r_9",
            "rotation": 0.12566370614359174,
            "transform_matrix": [
                [
                    0.09550388157367706,
                    -0.03801090270280838,
                    -0.994702935218811,
                    -4.0097761154174805
                ],
                [
                    -0.9954290986061096,
                    -0.0036468582693487406,
                    -0.09543421119451523,
                    -0.38470762968063354
                ],
                [
                    0.0,
                    0.9992706179618835,
                    -0.038185443729162216,
                    -0.1539304554462433
                ],
                [
                    0.0,
                    0.0,
                    0.0,
                    1.0
                ]
            ]
        },
        {
            "file_path": "/data/shapenet_blender/all_50_random/02958343/3cad25b218e0cd506436916a86a90ed7/r_10",
            "rotation": 0.12566370614359174,
            "transform_matrix": [
                [
                    -0.4099442660808563,
                    0.737892210483551,
                    0.5361536741256714,
                    2.161304473876953
                ],
                [
                    0.9121105074882507,
                    0.3316425681114197,
                    0.24097202718257904,
                    0.9713892936706543
                ],
                [
                    0.0,
                    0.587816596031189,
                    -0.8089942336082458,
                    -3.261160135269165
                ],
                [
                    0.0,
                    0.0,
                    0.0,
                    1.0
                ]
            ]
        },
        {
            "file_path": "/data/shapenet_blender/all_50_random/02958343/3cad25b218e0cd506436916a86a90ed7/r_11",
            "rotation": 0.12566370614359174,
            "transform_matrix": [
                [
                    0.4863159954547882,
                    0.011475150473415852,
                    0.8737075924873352,
                    3.5220282077789307
                ],
                [
                    0.8737830519676208,
                    -0.006386653520166874,
                    -0.48627400398254395,
                    -1.9602333307266235
                ],
                [
                    4.656612873077393e-10,
                    0.99991375207901,
                    -0.013132723048329353,
                    -0.052939705550670624
                ],
                [
                    0.0,
                    0.0,
                    0.0,
                    1.0
                ]
            ]
        },
        {
            "file_path": "/data/shapenet_blender/all_50_random/02958343/3cad25b218e0cd506436916a86a90ed7/r_12",
            "rotation": 0.12566370614359174,
            "transform_matrix": [
                [
                    -0.06494615226984024,
                    0.7872733473777771,
                    0.6131742596626282,
                    2.471784830093384
                ],
                [
                    0.9978888034820557,
                    0.05123855546116829,
                    0.03990756347775459,
                    0.16087254881858826
                ],
                [
                    -3.725290298461914e-09,
                    0.6144715547561646,
                    -0.7889388203620911,
                    -3.180314302444458
                ],
                [
                    0.0,
                    0.0,
                    0.0,
                    1.0
                ]
            ]
        },
        {
            "file_path": "/data/shapenet_blender/all_50_random/02958343/3cad25b218e0cd506436916a86a90ed7/r_13",
            "rotation": 0.12566370614359174,
            "transform_matrix": [
                [
                    0.3943544924259186,
                    0.3039354979991913,
                    -0.8672414422035217,
                    -3.495962142944336
                ],
                [
                    -0.9189584255218506,
                    0.1304284632205963,
                    -0.3721610903739929,
                    -1.5002293586730957
                ],
                [
                    7.450580596923828e-09,
                    0.9437222480773926,
                    0.3307391405105591,
                    1.3332520723342896
                ],
                [
                    0.0,
                    0.0,
                    0.0,
                    1.0
                ]
            ]
        },
        {
            "file_path": "/data/shapenet_blender/all_50_random/02958343/3cad25b218e0cd506436916a86a90ed7/r_14",
            "rotation": 0.12566370614359174,
            "transform_matrix": [
                [
                    -0.9247822761535645,
                    -0.24422697722911835,
                    -0.2917719781398773,
                    -1.1761704683303833
                ],
                [
                    -0.38049668073654175,
                    0.5935841798782349,
                    0.709140419960022,
                    2.8586363792419434
                ],
                [
                    1.4901161193847656e-08,
                    0.7668187618255615,
                    -0.6418637037277222,
                    -2.587435245513916
                ],
                [
                    0.0,
                    0.0,
                    0.0,
                    1.0
                ]
            ]
        },
        {
            "file_path": "/data/shapenet_blender/all_50_random/02958343/3cad25b218e0cd506436916a86a90ed7/r_15",
            "rotation": 0.12566370614359174,
            "transform_matrix": [
                [
                    0.9062567353248596,
                    -0.3752468526363373,
                    -0.19464929401874542,
                    -0.7846564650535583
                ],
                [
                    -0.4227275848388672,
                    -0.8044661283493042,
                    -0.41729533672332764,
                    -1.6821714639663696
                ],
                [
                    -1.4901161193847656e-08,
                    0.4604603946208954,
                    -0.887680172920227,
                    -3.5783534049987793
                ],
                [
                    0.0,
                    0.0,
                    0.0,
                    1.0
                ]
            ]
        },
        {
            "file_path": "/data/shapenet_blender/all_50_random/02958343/3cad25b218e0cd506436916a86a90ed7/r_16",
            "rotation": 0.12566370614359174,
            "transform_matrix": [
                [
                    0.7675876617431641,
                    0.1518409699201584,
                    0.6226985454559326,
                    2.5101780891418457
                ],
                [
                    0.6409440040588379,
                    -0.1818431317806244,
                    -0.7457371354103088,
                    -3.006162643432617
                ],
                [
                    7.450580596923828e-09,
                    0.9715335369110107,
                    -0.23690208792686462,
                    -0.9549828767776489
                ],
                [
                    0.0,
                    0.0,
                    0.0,
                    1.0
                ]
            ]
        },
        {
            "file_path": "/data/shapenet_blender/all_50_random/02958343/3cad25b218e0cd506436916a86a90ed7/r_17",
            "rotation": 0.12566370614359174,
            "transform_matrix": [
                [
                    -0.2166992574930191,
                    -0.1544211059808731,
                    -0.9639478921890259,
                    -3.885798215866089
                ],
                [
                    -0.9762383103370667,
                    0.034277427941560745,
                    0.2139711081981659,
                    0.8625451326370239
                ],
                [
                    0.0,
                    0.9874103665351868,
                    -0.15817970037460327,
                    -0.6376427412033081
                ],
                [
                    0.0,
                    0.0,
                    0.0,
                    1.0
                ]
            ]
        },
        {
            "file_path": "/data/shapenet_blender/all_50_random/02958343/3cad25b218e0cd506436916a86a90ed7/r_18",
            "rotation": 0.12566370614359174,
            "transform_matrix": [
                [
                    -0.9289480447769165,
                    0.1654069721698761,
                    0.33120402693748474,
                    1.3351261615753174
                ],
                [
                    0.3702101707458496,
                    0.4150466322898865,
                    0.8310720324516296,
                    3.350158452987671
                ],
                [
                    -1.4901161193847656e-08,
                    0.8946378231048584,
                    -0.4467920958995819,
                    -1.8010765314102173
                ],
                [
                    0.0,
                    0.0,
                    0.0,
                    1.0
                ]
            ]
        },
        {
            "file_path": "/data/shapenet_blender/all_50_random/02958343/3cad25b218e0cd506436916a86a90ed7/r_19",
            "rotation": 0.12566370614359174,
            "transform_matrix": [
                [
                    -0.6697983741760254,
                    -0.5109454393386841,
                    -0.538799524307251,
                    -2.1719703674316406
                ],
                [
                    -0.74254310131073,
                    0.46088963747024536,
                    0.4860149621963501,
                    1.9591889381408691
                ],
                [
                    0.0,
                    0.7256138324737549,
                    -0.688102126121521,
                    -2.7738285064697266
                ],
                [
                    0.0,
                    0.0,
                    0.0,
                    1.0
                ]
            ]
        },
        {
            "file_path": "/data/shapenet_blender/all_50_random/02958343/3cad25b218e0cd506436916a86a90ed7/r_20",
            "rotation": 0.12566370614359174,
            "transform_matrix": [
                [
                    -0.7028178572654724,
                    0.06922599673271179,
                    -0.7079935073852539,
                    -2.854013204574585
                ],
                [
                    -0.7113698124885559,
                    -0.068393774330616,
                    0.6994821429252625,
                    2.819702625274658
                ],
                [
                    0.0,
                    0.9952537417411804,
                    0.09731364995241165,
                    0.3922838568687439
                ],
                [
                    0.0,
                    0.0,
                    0.0,
                    1.0
                ]
            ]
        },
        {
            "file_path": "/data/shapenet_blender/all_50_random/02958343/3cad25b218e0cd506436916a86a90ed7/r_21",
            "rotation": 0.12566370614359174,
            "transform_matrix": [
                [
                    -0.15061046183109283,
                    -0.7731174230575562,
                    -0.6161216497421265,
                    -2.483665704727173
                ],
                [
                    -0.9885932803153992,
                    0.11778309941291809,
                    0.0938650593161583,
                    0.37838214635849
                ],
                [
                    0.0,
                    0.6232306957244873,
                    -0.7820380330085754,
                    -3.152496099472046
                ],
                [
                    0.0,
                    0.0,
                    0.0,
                    1.0
                ]
            ]
        },
        {
            "file_path": "/data/shapenet_blender/all_50_random/02958343/3cad25b218e0cd506436916a86a90ed7/r_22",
            "rotation": 0.12566370614359174,
            "transform_matrix": [
                [
                    -0.9983446598052979,
                    -0.053886353969573975,
                    -0.020105358213186264,
                    -0.08104729652404785
                ],
                [
                    -0.05751491338014603,
                    0.9353600740432739,
                    0.3489890992641449,
                    1.4068201780319214
                ],
                [
                    -1.862645149230957e-09,
                    0.349567711353302,
                    -0.9369109869003296,
                    -3.7768092155456543
                ],
                [
                    0.0,
                    0.0,
                    0.0,
                    1.0
                ]
            ]
        },
        {
            "file_path": "/data/shapenet_blender/all_50_random/02958343/3cad25b218e0cd506436916a86a90ed7/r_23",
            "rotation": 0.12566370614359174,
            "transform_matrix": [
                [
                    0.9537673592567444,
                    -0.007452462334185839,
                    0.3004533648490906,
                    1.2111663818359375
                ],
                [
                    0.3005458116531372,
                    0.023650024086236954,
                    -0.9534740447998047,
                    -3.8435771465301514
                ],
                [
                    0.0,
                    0.9996924996376038,
                    0.02479642629623413,
                    0.09995760023593903
                ],
                [
                    0.0,
                    0.0,
                    0.0,
                    1.0
                ]
            ]
        },
        {
            "file_path": "/data/shapenet_blender/all_50_random/02958343/3cad25b218e0cd506436916a86a90ed7/r_24",
            "rotation": 0.12566370614359174,
            "transform_matrix": [
                [
                    -0.8813868165016174,
                    0.2406245619058609,
                    0.40651804208755493,
                    1.6387267112731934
                ],
                [
                    0.4723950922489166,
                    0.4489532709121704,
                    0.7584745287895203,
                    3.057508945465088
                ],
                [
                    0.0,
                    0.8605467081069946,
                    -0.5093713402748108,
                    -2.053341865539551
                ],
                [
                    0.0,
                    0.0,
                    0.0,
                    1.0
                ]
            ]
        },
        {
            "file_path": "/data/shapenet_blender/all_50_random/02958343/3cad25b218e0cd506436916a86a90ed7/r_25",
            "rotation": 0.12566370614359174,
            "transform_matrix": [
                [
                    -0.9485815763473511,
                    -0.2550017833709717,
                    -0.18752890825271606,
                    -0.7559531927108765
                ],
                [
                    -0.31653279066085815,
                    0.7641861438751221,
                    0.5619843006134033,
                    2.2654311656951904
                ],
                [
                    -1.4901161193847656e-08,
                    0.59244704246521,
                    -0.8056093454360962,
                    -3.2475152015686035
                ],
                [
                    0.0,
                    0.0,
                    0.0,
                    1.0
                ]
            ]
        },
        {
            "file_path": "/data/shapenet_blender/all_50_random/02958343/3cad25b218e0cd506436916a86a90ed7/r_26",
            "rotation": 0.12566370614359174,
            "transform_matrix": [
                [
                    0.7022985219955444,
                    -0.34124788641929626,
                    0.6247612833976746,
                    2.518493413925171
                ],
                [
                    0.7118826508522034,
                    0.3366536498069763,
                    -0.6163501143455505,
                    -2.4845869541168213
                ],
                [
                    0.0,
                    0.8776184916496277,
                    0.47935977578163147,
                    1.932361125946045
                ],
                [
                    0.0,
                    0.0,
                    0.0,
                    1.0
                ]
            ]
        },
        {
            "file_path": "/data/shapenet_blender/all_50_random/02958343/3cad25b218e0cd506436916a86a90ed7/r_27",
            "rotation": 0.12566370614359174,
            "transform_matrix": [
                [
                    -0.655925452709198,
                    -0.2535191774368286,
                    0.7109781503677368,
                    2.866044521331787
                ],
                [
                    0.75482577085495,
                    -0.2203020602464676,
                    0.6178229451179504,
                    2.4905240535736084
                ],
                [
                    -1.4901161193847656e-08,
                    0.9419103264808655,
                    0.33586448431015015,
                    1.3539130687713623
                ],
                [
                    0.0,
                    0.0,
                    0.0,
                    1.0
                ]
            ]
        },
        {
            "file_path": "/data/shapenet_blender/all_50_random/02958343/3cad25b218e0cd506436916a86a90ed7/r_28",
            "rotation": 0.12566370614359174,
            "transform_matrix": [
                [
                    0.6652007102966309,
                    -0.07133159041404724,
                    -0.7432494163513184,
                    -2.9961345195770264
                ],
                [
                    -0.7466644644737244,
                    -0.06354905664920807,
                    -0.662158191204071,
                    -2.6692452430725098
                ],
                [
                    0.0,
                    0.9954261779785156,
                    -0.09553364664316177,
                    -0.38510847091674805
                ],
                [
                    0.0,
                    0.0,
                    0.0,
                    1.0
                ]
            ]
        },
        {
            "file_path": "/data/shapenet_blender/all_50_random/02958343/3cad25b218e0cd506436916a86a90ed7/r_29",
            "rotation": 0.12566370614359174,
            "transform_matrix": [
                [
                    -0.844351053237915,
                    -0.16243860125541687,
                    -0.5105732679367065,
                    -2.0581867694854736
                ],
                [
                    -0.5357903838157654,
                    0.25598666071891785,
                    0.8046113848686218,
                    3.2434921264648438
                ],
                [
                    0.0,
                    0.9529346823692322,
                    -0.3031756579875946,
                    -1.2221401929855347
                ],
                [
                    0.0,
                    0.0,
                    0.0,
                    1.0
                ]
            ]
        },
        {
            "file_path": "/data/shapenet_blender/all_50_random/02958343/3cad25b218e0cd506436916a86a90ed7/r_30",
            "rotation": 0.12566370614359174,
            "transform_matrix": [
                [
                    0.9271110892295837,
                    -0.29286161065101624,
                    -0.23387394845485687,
                    -0.942776083946228
                ],
                [
                    -0.37478649616241455,
                    -0.7244530320167542,
                    -0.5785350203514099,
                    -2.3321495056152344
                ],
                [
                    1.4901160305669237e-08,
                    0.6240191459655762,
                    -0.781408965587616,
                    -3.149960517883301
                ],
                [
                    0.0,
                    0.0,
                    0.0,
                    1.0
                ]
            ]
        },
        {
            "file_path": "/data/shapenet_blender/all_50_random/02958343/3cad25b218e0cd506436916a86a90ed7/r_31",
            "rotation": 0.12566370614359174,
            "transform_matrix": [
                [
                    -0.5389959216117859,
                    0.4234240651130676,
                    0.728145182132721,
                    2.9352471828460693
                ],
                [
                    0.8423084020614624,
                    0.27095043659210205,
                    0.46594250202178955,
                    1.8782743215560913
                ],
                [
                    1.4901161193847656e-08,
                    0.8644639253616333,
                    -0.5026947855949402,
                    -2.0264275074005127
                ],
                [
                    0.0,
                    0.0,
                    0.0,
                    1.0
                ]
            ]
        },
        {
            "file_path": "/data/shapenet_blender/all_50_random/02958343/3cad25b218e0cd506436916a86a90ed7/r_32",
            "rotation": 0.12566370614359174,
            "transform_matrix": [
                [
                    -0.40026363730430603,
                    0.41739127039909363,
                    0.8158268332481384,
                    3.288703441619873
                ],
                [
                    0.9164000153541565,
                    0.18230745196342468,
                    0.35633546113967896,
                    1.436434268951416
                ],
                [
                    0.0,
                    0.8902519941329956,
                    -0.4554683566093445,
                    -1.8360518217086792
                ],
                [
                    0.0,
                    0.0,
                    0.0,
                    1.0
                ]
            ]
        },
        {
            "file_path": "/data/shapenet_blender/all_50_random/02958343/3cad25b218e0cd506436916a86a90ed7/r_33",
            "rotation": 0.12566370614359174,
            "transform_matrix": [
                [
                    0.9980039000511169,
                    -0.010726114735007286,
                    0.06223607063293457,
                    0.2508816421031952
                ],
                [
                    0.06315360963344574,
                    0.1695026308298111,
                    -0.9835041761398315,
                    -3.964632272720337
                ],
                [
                    9.313225746154785e-10,
                    0.9854713678359985,
                    0.16984166204929352,
                    0.6846536993980408
                ],
                [
                    0.0,
                    0.0,
                    0.0,
                    1.0
                ]
            ]
        },
        {
            "file_path": "/data/shapenet_blender/all_50_random/02958343/3cad25b218e0cd506436916a86a90ed7/r_34",
            "rotation": 0.12566370614359174,
            "transform_matrix": [
                [
                    -0.41626986861228943,
                    -0.8530126214027405,
                    -0.31478387117385864,
                    -1.2689344882965088
                ],
                [
                    -0.9092411398887634,
                    0.39052724838256836,
                    0.14411473274230957,
                    0.5809451341629028
                ],
                [
                    -7.450580596923828e-09,
                    0.34620508551597595,
                    -0.9381587505340576,
                    -3.78183913230896
                ],
                [
                    0.0,
                    0.0,
                    0.0,
                    1.0
                ]
            ]
        },
        {
            "file_path": "/data/shapenet_blender/all_50_random/02958343/3cad25b218e0cd506436916a86a90ed7/r_35",
            "rotation": 0.12566370614359174,
            "transform_matrix": [
                [
                    -0.6879623532295227,
                    0.43021416664123535,
                    -0.5844857096672058,
                    -2.356137275695801
                ],
                [
                    -0.7257463932037354,
                    -0.40781617164611816,
                    0.5540559887886047,
                    2.233471155166626
                ],
                [
                    1.4901162970204496e-08,
                    0.8053579926490784,
                    0.5927886366844177,
                    2.3896074295043945
                ],
                [
                    0.0,
                    0.0,
                    0.0,
                    1.0
                ]
            ]
        },
        {
            "file_path": "/data/shapenet_blender/all_50_random/02958343/3cad25b218e0cd506436916a86a90ed7/r_36",
            "rotation": 0.12566370614359174,
            "transform_matrix": [
                [
                    0.04537782073020935,
                    0.7941129207611084,
                    -0.6060736179351807,
                    -2.4431612491607666
                ],
                [
                    -0.9989699721336365,
                    0.036072272807359695,
                    -0.02753065899014473,
                    -0.11097964644432068
                ],
                [
                    0.0,
                    0.6066986322402954,
                    0.7949317693710327,
                    3.204472780227661
                ],
                [
                    0.0,
                    0.0,
                    0.0,
                    1.0
                ]
            ]
        },
        {
            "file_path": "/data/shapenet_blender/all_50_random/02958343/3cad25b218e0cd506436916a86a90ed7/r_37",
            "rotation": 0.12566370614359174,
            "transform_matrix": [
                [
                    0.9942125082015991,
                    -0.10323771834373474,
                    0.029723387211561203,
                    0.1198188066482544
                ],
                [
                    0.10743140429258347,
                    0.9554024934768677,
                    -0.275071918964386,
                    -1.108850359916687
                ],
                [
                    -1.862645149230957e-09,
                    0.2766731381416321,
                    0.960964024066925,
                    3.873769998550415
                ],
                [
                    0.0,
                    0.0,
                    0.0,
                    1.0
                ]
            ]
        },
        {
            "file_path": "/data/shapenet_blender/all_50_random/02958343/3cad25b218e0cd506436916a86a90ed7/r_38",
            "rotation": 0.12566370614359174,
            "transform_matrix": [
                [
                    0.7506073713302612,
                    0.41110914945602417,
                    -0.517279326915741,
                    -2.085219621658325
                ],
                [
                    -0.6607486009597778,
                    0.46701809763908386,
                    -0.5876269340515137,
                    -2.368799924850464
                ],
                [
                    0.0,
                    0.7828686237335205,
                    0.6221870183944702,
                    2.5081160068511963
                ],
                [
                    0.0,
                    0.0,
                    0.0,
                    1.0
                ]
            ]
        },
        {
            "file_path": "/data/shapenet_blender/all_50_random/02958343/3cad25b218e0cd506436916a86a90ed7/r_39",
            "rotation": 0.12566370614359174,
            "transform_matrix": [
                [
                    -0.9781787991523743,
                    0.03127892315387726,
                    -0.20539681613445282,
                    -0.8279811143875122
                ],
                [
                    -0.20776484906673431,
                    -0.14726446568965912,
                    0.967029869556427,
                    3.8982224464416504
                ],
                [
                    0.0,
                    0.9886023998260498,
                    0.15054963529109955,
                    0.6068850755691528
                ],
                [
                    0.0,
                    0.0,
                    0.0,
                    1.0
                ]
            ]
        },
        {
            "file_path": "/data/shapenet_blender/all_50_random/02958343/3cad25b218e0cd506436916a86a90ed7/r_40",
            "rotation": 0.12566370614359174,
            "transform_matrix": [
                [
                    -0.4187335968017578,
                    0.30460360646247864,
                    -0.8554991483688354,
                    -3.448627471923828
                ],
                [
                    -0.908109188079834,
                    -0.1404542177915573,
                    0.3944748640060425,
                    1.5901790857315063
                ],
                [
                    0.0,
                    0.942066490650177,
                    0.3354262113571167,
                    1.3521462678909302
                ],
                [
                    0.0,
                    0.0,
                    0.0,
                    1.0
                ]
            ]
        },
        {
            "file_path": "/data/shapenet_blender/all_50_random/02958343/3cad25b218e0cd506436916a86a90ed7/r_41",
            "rotation": 0.12566370614359174,
            "transform_matrix": [
                [
                    -0.9727600812911987,
                    -0.15412181615829468,
                    0.17315968871116638,
                    0.698029100894928
                ],
                [
                    0.2318141907453537,
                    -0.646740198135376,
                    0.7266286611557007,
                    2.9291341304779053
                ],
                [
