{
    "class": "02958343",
    "model": "dd5eceae670f164ca134736201a79843",
    "remove_doubles": true,
    "edge_split": true,
    "denoise": true,
    "camera_angle_x": 0.6911112070083618,
    "scale_factor": 2.209239418844647,
    "hdri_file": "/data/IndoorHDRDataset2018/AG8A7001-5bbf61b6dc.exr",
    "center_offset": [
        0.0,
        0.0,
        2.7939677238464355e-09
    ],
    "lights": [],
    "frames": [
        {
            "file_path": "/data/shapenet_blender/all_50_random/02958343/dd5eceae670f164ca134736201a79843/r_0",
            "rotation": 0.12566370614359174,
            "transform_matrix": [
                [
                    -0.9286018013954163,
                    -0.06908752769231796,
                    0.3645898103713989,
                    1.4697085618972778
                ],
                [
                    0.37107792496681213,
                    -0.1728876829147339,
                    0.9123656153678894,
                    3.677863359451294
                ],
                [
                    7.450580596923828e-09,
                    0.9825155138969421,
                    0.18618066608905792,
                    0.750518262386322
                ],
                [
                    0.0,
                    0.0,
                    0.0,
                    1.0
                ]
            ]
        },
        {
            "file_path": "/data/shapenet_blender/all_50_random/02958343/dd5eceae670f164ca134736201a79843/r_1",
            "rotation": 0.12566370614359174,
            "transform_matrix": [
                [
                    -0.9647042751312256,
                    0.16210472583770752,
                    -0.20752795040607452,
                    -0.8365719318389893
                ],
                [
                    -0.2633359432220459,
                    -0.5938540697097778,
                    0.7602574825286865,
                    3.0646958351135254
                ],
                [
                    1.4901162970204496e-08,
                    0.7880730628967285,
                    0.6155816316604614,
                    2.4814889430999756
                ],
                [
                    0.0,
                    0.0,
                    0.0,
                    1.0
                ]
            ]
        },
        {
            "file_path": "/data/shapenet_blender/all_50_random/02958343/dd5eceae670f164ca134736201a79843/r_2",
            "rotation": 0.12566370614359174,
            "transform_matrix": [
                [
                    0.7249026298522949,
                    0.09799747169017792,
                    -0.68184494972229,
                    -2.748605251312256
                ],
                [
                    -0.6888513565063477,
                    0.10312619805335999,
                    -0.7175295352935791,
                    -2.8924543857574463
                ],
                [
                    0.0,
                    0.9898289442062378,
                    0.14226213097572327,
                    0.573477029800415
                ],
                [
                    0.0,
                    0.0,
                    0.0,
                    1.0
                ]
            ]
        },
        {
            "file_path": "/data/shapenet_blender/all_50_random/02958343/dd5eceae670f164ca134736201a79843/r_3",
            "rotation": 0.12566370614359174,
            "transform_matrix": [
                [
                    0.9113791584968567,
                    -0.010817760601639748,
                    -0.4114255905151367,
                    -1.658509612083435
                ],
                [
                    -0.4115677773952484,
                    -0.02395494282245636,
                    -0.9110643267631531,
                    -3.6726176738739014
                ],
                [
                    -9.313224635931761e-10,
                    0.9996545910835266,
                    -0.026284271851181984,
                    -0.10595528781414032
                ],
                [
                    0.0,
                    0.0,
                    0.0,
                    1.0
                ]
            ]
        },
        {
            "file_path": "/data/shapenet_blender/all_50_random/02958343/dd5eceae670f164ca134736201a79843/r_4",
            "rotation": 0.12566370614359174,
            "transform_matrix": [
                [
                    -0.5914736986160278,
                    -0.747852087020874,
                    -0.30145683884620667,
                    -1.2152113914489746
                ],
                [
                    -0.8063243627548218,
                    0.5485817193984985,
                    0.2211315929889679,
                    0.8914099931716919
                ],
                [
                    -1.4901161193847656e-08,
                    0.3738654553890228,
                    -0.9274829030036926,
                    -3.7388031482696533
                ],
                [
                    0.0,
                    0.0,
                    0.0,
                    1.0
                ]
            ]
        },
        {
            "file_path": "/data/shapenet_blender/all_50_random/02958343/dd5eceae670f164ca134736201a79843/r_5",
            "rotation": 0.12566370614359174,
            "transform_matrix": [
                [
                    0.764920175075531,
                    -0.4326862096786499,
                    0.4771578013896942,
                    1.9234845638275146
                ],
                [
                    0.6441249251365662,
                    0.5138295888900757,
                    -0.566641092300415,
                    -2.284203290939331
                ],
                [
                    -1.4901160305669237e-08,
                    0.7407844662666321,
                    0.6717426776885986,
                    2.707881450653076
                ],
                [
                    0.0,
                    0.0,
                    0.0,
                    1.0
                ]
            ]
        },
        {
            "file_path": "/data/shapenet_blender/all_50_random/02958343/dd5eceae670f164ca134736201a79843/r_6",
            "rotation": 0.12566370614359174,
            "transform_matrix": [
                [
                    -0.9942424893379211,
                    -0.09312845021486282,
                    0.053001537919044495,
                    0.21365603804588318
                ],
                [
                    0.10715445131063461,
                    -0.864100992679596,
                    0.49177971482276917,
                    1.9824274778366089
                ],
                [
                    0.0,
                    0.49462753534317017,
                    0.8691050410270691,
                    3.503474473953247
                ],
                [
                    0.0,
                    0.0,
                    0.0,
                    1.0
                ]
            ]
        },
        {
            "file_path": "/data/shapenet_blender/all_50_random/02958343/dd5eceae670f164ca134736201a79843/r_7",
            "rotation": 0.12566370614359174,
            "transform_matrix": [
                [
                    0.27915674448013306,
                    0.19830508530139923,
                    -0.9395459294319153,
                    -3.787430763244629
                ],
                [
                    -0.9602455496788025,
                    0.05765004828572273,
                    -0.273139089345932,
                    -1.101058840751648
                ],
                [
                    -3.725290298461914e-09,
                    0.9784433841705322,
                    0.20651498436927795,
                    0.8324885368347168
                ],
                [
                    0.0,
                    0.0,
                    0.0,
                    1.0
                ]
            ]
        },
        {
            "file_path": "/data/shapenet_blender/all_50_random/02958343/dd5eceae670f164ca134736201a79843/r_8",
            "rotation": 0.12566370614359174,
            "transform_matrix": [
                [
                    0.862616777420044,
                    -0.15715590119361877,
                    0.4808266758918762,
                    1.9382743835449219
                ],
                [
                    0.5058579444885254,
                    0.2679908573627472,
                    -0.8199320435523987,
                    -3.3052518367767334
                ],
                [
                    0.0,
                    0.9505171179771423,
                    0.31067201495170593,
                    1.2523589134216309
                ],
                [
                    0.0,
                    0.0,
                    0.0,
                    1.0
                ]
            ]
        },
        {
            "file_path": "/data/shapenet_blender/all_50_random/02958343/dd5eceae670f164ca134736201a79843/r_9",
            "rotation": 0.12566370614359174,
            "transform_matrix": [
                [
                    0.2537924647331238,
                    0.41097986698150635,
                    0.8756054639816284,
                    3.5296785831451416
                ],
                [
                    0.9672586917877197,
                    -0.10783423483371735,
                    -0.22974419593811035,
                    -0.9261284470558167
                ],
                [
                    7.450580596923828e-09,
                    0.9052442908287048,
                    -0.4248913824558258,
                    -1.712791919708252
                ],
                [
                    0.0,
                    0.0,
                    0.0,
                    1.0
                ]
            ]
        },
        {
            "file_path": "/data/shapenet_blender/all_50_random/02958343/dd5eceae670f164ca134736201a79843/r_10",
            "rotation": 0.12566370614359174,
            "transform_matrix": [
                [
                    0.6913294792175293,
                    -0.41813990473747253,
                    0.5892559289932251,
                    2.375366687774658
                ],
                [
                    0.7225396633148193,
                    0.40007829666137695,
                    -0.56380295753479,
                    -2.2727622985839844
                ],
                [
                    0.0,
                    0.8155343532562256,
                    0.5787085890769958,
                    2.3328490257263184
                ],
                [
                    0.0,
                    0.0,
                    0.0,
                    1.0
                ]
            ]
        },
        {
            "file_path": "/data/shapenet_blender/all_50_random/02958343/dd5eceae670f164ca134736201a79843/r_11",
            "rotation": 0.12566370614359174,
            "transform_matrix": [
                [
                    -0.9844896197319031,
                    0.10281791538000107,
                    0.14215746521949768,
                    0.5730551481246948
                ],
                [
                    0.17544309794902802,
                    0.5769572854042053,
                    0.7977091073989868,
                    3.2156684398651123
                ],
                [
                    7.450580596923828e-09,
                    0.8102768659591675,
                    -0.5860471129417419,
                    -2.362431764602661
                ],
                [
                    0.0,
                    0.0,
                    0.0,
                    1.0
                ]
            ]
        },
        {
            "file_path": "/data/shapenet_blender/all_50_random/02958343/dd5eceae670f164ca134736201a79843/r_12",
            "rotation": 0.12566370614359174,
            "transform_matrix": [
                [
                    -0.8958972692489624,
                    -0.18531784415245056,
                    0.4037638306617737,
                    1.6276240348815918
                ],
                [
                    0.4442610740661621,
                    -0.37371212244033813,
                    0.8142305016517639,
                    3.2822680473327637
                ],
                [
                    0.0,
                    0.9088435769081116,
                    0.41713714599609375,
                    1.6815335750579834
                ],
                [
                    0.0,
                    0.0,
                    0.0,
                    1.0
                ]
            ]
        },
        {
            "file_path": "/data/shapenet_blender/all_50_random/02958343/dd5eceae670f164ca134736201a79843/r_13",
            "rotation": 0.12566370614359174,
            "transform_matrix": [
                [
                    0.1463913768529892,
                    0.47037163376808167,
                    -0.8702414035797119,
                    -3.5080552101135254
                ],
                [
                    -0.989226758480072,
                    0.06960826367139816,
                    -0.12878325581550598,
                    -0.5191419124603271
                ],
                [
                    0.0,
                    0.8797188401222229,
                    0.47549426555633545,
                    1.9167786836624146
                ],
                [
                    0.0,
                    0.0,
                    0.0,
                    1.0
                ]
            ]
        },
        {
            "file_path": "/data/shapenet_blender/all_50_random/02958343/dd5eceae670f164ca134736201a79843/r_14",
            "rotation": 0.12566370614359174,
            "transform_matrix": [
                [
                    0.9023813009262085,
                    -0.10761619359254837,
                    0.41728487610816956,
                    1.6821292638778687
                ],
                [
                    0.4309384524822235,
                    0.2253473550081253,
                    -0.8737908601760864,
                    -3.5223639011383057
                ],
                [
                    0.0,
                    0.9683167934417725,
                    0.24972516298294067,
                    1.0066744089126587
                ],
                [
                    0.0,
                    0.0,
                    0.0,
                    1.0
                ]
            ]
        },
        {
            "file_path": "/data/shapenet_blender/all_50_random/02958343/dd5eceae670f164ca134736201a79843/r_15",
            "rotation": 0.12566370614359174,
            "transform_matrix": [
                [
                    -0.7335061430931091,
                    -0.32031092047691345,
                    0.5994744300842285,
                    2.4165587425231934
                ],
                [
                    0.679682731628418,
                    -0.3456759750843048,
                    0.6469461917877197,
                    2.6079235076904297
                ],
                [
                    -2.9802322387695312e-08,
                    0.8819915056228638,
                    0.4712652564048767,
                    1.8997310400009155
                ],
                [
                    0.0,
                    0.0,
                    0.0,
                    1.0
                ]
            ]
        },
        {
            "file_path": "/data/shapenet_blender/all_50_random/02958343/dd5eceae670f164ca134736201a79843/r_16",
            "rotation": 0.12566370614359174,
            "transform_matrix": [
                [
                    0.7271503210067749,
                    -0.39149487018585205,
                    0.5639007687568665,
                    2.2731566429138184
                ],
                [
                    0.6864781379699707,
                    0.4146899878978729,
                    -0.5973105430603027,
                    -2.4078357219696045
                ],
                [
                    0.0,
                    0.8214400410652161,
                    0.5702946782112122,
                    2.298931360244751
                ],
                [
                    0.0,
                    0.0,
                    0.0,
                    1.0
                ]
            ]
        },
        {
            "file_path": "/data/shapenet_blender/all_50_random/02958343/dd5eceae670f164ca134736201a79843/r_17",
            "rotation": 0.12566370614359174,
            "transform_matrix": [
                [
                    0.988644540309906,
                    0.14866021275520325,
                    -0.02196131832897663,
                    -0.08852891623973846
                ],
                [
                    -0.1502736508846283,
                    0.9780298471450806,
                    -0.14448267221450806,
                    -0.5824283361434937
                ],
                [
                    -1.862645371275562e-09,
                    0.1461421400308609,
                    0.9892635941505432,
                    3.987849235534668
                ],
                [
                    0.0,
                    0.0,
                    0.0,
                    1.0
                ]
            ]
        },
        {
            "file_path": "/data/shapenet_blender/all_50_random/02958343/dd5eceae670f164ca134736201a79843/r_18",
            "rotation": 0.12566370614359174,
            "transform_matrix": [
                [
                    0.19851157069206238,
                    0.7901135087013245,
                    -0.5799255967140198,
                    -2.3377552032470703
                ],
                [
                    -0.9800985455513,
                    0.1600315272808075,
                    -0.11745955795049667,
                    -0.47349464893341064
                ],
                [
                    0.0,
                    0.591701328754425,
                    0.806157112121582,
                    3.249723434448242
                ],
                [
                    0.0,
                    0.0,
                    0.0,
                    1.0
                ]
            ]
        },
        {
            "file_path": "/data/shapenet_blender/all_50_random/02958343/dd5eceae670f164ca134736201a79843/r_19",
            "rotation": 0.12566370614359174,
            "transform_matrix": [
                [
                    0.9997182488441467,
                    0.011769140139222145,
                    0.02061590366065502,
                    0.08310537040233612
                ],
                [
                    0.02373874932527542,
                    -0.4956379234790802,
                    -0.8682047128677368,
                    -3.499845266342163
                ],
                [
                    9.313225746154785e-10,
                    0.8684495687484741,
                    -0.49577757716178894,
                    -1.9985435009002686
                ],
                [
                    0.0,
                    0.0,
                    0.0,
                    1.0
                ]
            ]
        },
        {
            "file_path": "/data/shapenet_blender/all_50_random/02958343/dd5eceae670f164ca134736201a79843/r_20",
            "rotation": 0.12566370614359174,
            "transform_matrix": [
                [
                    0.7911733388900757,
                    -0.38462841510772705,
                    0.4755057096481323,
                    1.9168250560760498
                ],
                [
                    0.6115919947624207,
                    0.4975665807723999,
                    -0.6151281595230103,
                    -2.479661226272583
                ],
                [
                    1.4901161193847656e-08,
                    0.7774885892868042,
                    0.6288970112800598,
                    2.5351650714874268
                ],
                [
                    0.0,
                    0.0,
                    0.0,
                    1.0
                ]
            ]
        },
        {
            "file_path": "/data/shapenet_blender/all_50_random/02958343/dd5eceae670f164ca134736201a79843/r_21",
            "rotation": 0.12566370614359174,
            "transform_matrix": [
                [
                    0.6696515083312988,
                    -0.40977388620376587,
                    -0.6193966865539551,
                    -2.4968678951263428
                ],
                [
                    -0.7426754832267761,
                    -0.3694826364517212,
                    -0.5584941506385803,
                    -2.251361846923828
                ],
                [
                    0.0,
                    0.8340070843696594,
                    -0.5517536401748657,
                    -2.2241899967193604
                ],
                [
                    0.0,
                    0.0,
                    0.0,
                    1.0
                ]
            ]
        },
        {
            "file_path": "/data/shapenet_blender/all_50_random/02958343/dd5eceae670f164ca134736201a79843/r_22",
            "rotation": 0.12566370614359174,
            "transform_matrix": [
                [
                    -0.22224247455596924,
                    0.2866757810115814,
                    0.9318932890892029,
                    3.756582260131836
                ],
                [
                    0.9749914407730103,
                    0.06534574180841446,
                    0.2124185562133789,
                    0.8562866449356079
                ],
                [
                    0.0,
                    0.9557964205741882,
                    -0.29402902722358704,
                    -1.1852689981460571
                ],
                [
                    0.0,
                    0.0,
                    0.0,
                    1.0
                ]
            ]
        },
        {
            "file_path": "/data/shapenet_blender/all_50_random/02958343/dd5eceae670f164ca134736201a79843/r_23",
            "rotation": 0.12566370614359174,
            "transform_matrix": [
                [
                    0.8982917666435242,
                    0.004104960709810257,
                    -0.4393804371356964,
                    -1.7711992263793945
                ],
                [
                    -0.43939968943595886,
                    0.008392022922635078,
                    -0.8982524871826172,
                    -3.6209716796875
                ],
                [
                    -4.656613428188905e-10,
                    0.9999563694000244,
                    0.009342201985418797,
                    0.03765961900353432
                ],
                [
                    0.0,
                    0.0,
                    0.0,
                    1.0
                ]
            ]
        },
        {
            "file_path": "/data/shapenet_blender/all_50_random/02958343/dd5eceae670f164ca134736201a79843/r_24",
            "rotation": 0.12566370614359174,
            "transform_matrix": [
                [
                    -0.897234320640564,
                    0.22967062890529633,
                    -0.37712332606315613,
                    -1.5202327966690063
                ],
                [
                    -0.4415547847747803,
                    -0.4666881263256073,
                    0.7663103342056274,
                    3.0890958309173584
                ],
                [
                    0.0,
                    0.8540805578231812,
                    0.5201407074928284,
                    2.096754312515259
                ],
                [
                    0.0,
                    0.0,
                    0.0,
                    1.0
                ]
            ]
        },
        {
            "file_path": "/data/shapenet_blender/all_50_random/02958343/dd5eceae670f164ca134736201a79843/r_25",
            "rotation": 0.12566370614359174,
            "transform_matrix": [
                [
                    -0.866821825504303,
                    0.11554775387048721,
                    0.48504504561424255,
                    1.9552791118621826
                ],
                [
                    0.49861809611320496,
                    0.20087379217147827,
                    0.8432257771492004,
                    3.3991518020629883
                ],
                [
                    7.450581485102248e-09,
                    0.9727785587310791,
                    -0.23173601925373077,
                    -0.9341577887535095
                ],
                [
                    0.0,
                    0.0,
                    0.0,
                    1.0
                ]
            ]
        },
        {
            "file_path": "/data/shapenet_blender/all_50_random/02958343/dd5eceae670f164ca134736201a79843/r_26",
            "rotation": 0.12566370614359174,
            "transform_matrix": [
                [
                    -0.8246518969535828,
                    -0.09606371819972992,
                    -0.5574235916137695,
                    -2.24704647064209
                ],
                [
                    -0.5656406283378601,
                    0.14005205035209656,
                    0.8126721978187561,
                    3.275986433029175
                ],
                [
                    0.0,
                    0.985473096370697,
                    -0.16983172297477722,
                    -0.6846135854721069
                ],
                [
                    0.0,
                    0.0,
                    0.0,
                    1.0
                ]
            ]
        },
        {
            "file_path": "/data/shapenet_blender/all_50_random/02958343/dd5eceae670f164ca134736201a79843/r_27",
            "rotation": 0.12566370614359174,
            "transform_matrix": [
                [
                    -0.30215275287628174,
                    -0.7541907429695129,
                    0.5830092430114746,
                    2.3501856327056885
                ],
                [
                    0.9532595276832581,
                    -0.239054337143898,
                    0.18479527533054352,
                    0.7449336647987366
                ],
                [
                    1.4901162970204496e-08,
                    0.6115955114364624,
                    0.7911704182624817,
                    3.189310312271118
                ],
                [
                    0.0,
                    0.0,
                    0.0,
                    1.0
                ]
            ]
        },
        {
            "file_path": "/data/shapenet_blender/all_50_random/02958343/dd5eceae670f164ca134736201a79843/r_28",
            "rotation": 0.12566370614359174,
            "transform_matrix": [
                [
                    0.713182270526886,
                    -0.2118498980998993,
                    0.6681996583938599,
                    2.693598747253418
                ],
                [
                    0.700978696346283,
                    0.21553805470466614,
                    -0.6798325777053833,
                    -2.740492343902588
                ],
                [
                    1.4901159417490817e-08,
                    0.9532381892204285,
                    0.3022201955318451,
                    1.2182884216308594
                ],
                [
                    0.0,
                    0.0,
                    0.0,
                    1.0
                ]
            ]
        },
        {
            "file_path": "/data/shapenet_blender/all_50_random/02958343/dd5eceae670f164ca134736201a79843/r_29",
            "rotation": 0.12566370614359174,
            "transform_matrix": [
                [
                    0.9640675187110901,
                    -0.17946279048919678,
                    -0.19587484002113342,
                    -0.789596676826477
                ],
                [
                    -0.2656573951244354,
                    -0.6512683033943176,
                    -0.7108274102210999,
                    -2.8654367923736572
                ],
                [
                    0.0,
                    0.7373211979866028,
                    -0.6755423545837402,
                    -2.723198175430298
                ],
                [
                    0.0,
                    0.0,
                    0.0,
                    1.0
                ]
            ]
        },
        {
            "file_path": "/data/shapenet_blender/all_50_random/02958343/dd5eceae670f164ca134736201a79843/r_30",
            "rotation": 0.12566370614359174,
            "transform_matrix": [
                [
                    -0.8109852075576782,
                    0.13845422863960266,
                    -0.5684483051300049,
                    -2.2914884090423584
                ],
                [
                    -0.5850667357444763,
                    -0.19191713631153107,
                    0.7879496812820435,
                    3.1763267517089844
                ],
                [
                    -7.450581485102248e-09,
                    0.9715956449508667,
                    0.23664692044258118,
                    0.9539542198181152
                ],
                [
                    0.0,
                    0.0,
                    0.0,
                    1.0
                ]
            ]
        },
        {
            "file_path": "/data/shapenet_blender/all_50_random/02958343/dd5eceae670f164ca134736201a79843/r_31",
            "rotation": 0.12566370614359174,
            "transform_matrix": [
                [
                    -0.5312408804893494,
                    0.20343537628650665,
                    -0.822433590888977,
                    -3.315335750579834
                ],
                [
                    -0.847220778465271,
                    -0.1275620460510254,
                    0.5156984329223633,
                    2.0788469314575195
                ],
                [
                    -1.4901161193847656e-08,
                    0.9707428812980652,
                    0.24012090265750885,
                    0.9679583311080933
                ],
                [
                    0.0,
                    0.0,
                    0.0,
                    1.0
                ]
            ]
        },
        {
            "file_path": "/data/shapenet_blender/all_50_random/02958343/dd5eceae670f164ca134736201a79843/r_32",
            "rotation": 0.12566370614359174,
            "transform_matrix": [
                [
                    -0.7961316704750061,
                    0.29008540511131287,
                    0.531059980392456,
                    2.1407713890075684
                ],
                [
                    0.6051234006881714,
                    0.3816514015197754,
                    0.6986900568008423,
                    2.816509962081909
                ],
                [
                    0.0,
                    0.8776061534881592,
                    -0.4793822467327118,
                    -1.9324517250061035
                ],
                [
                    0.0,
                    0.0,
                    0.0,
                    1.0
                ]
            ]
        },
        {
            "file_path": "/data/shapenet_blender/all_50_random/02958343/dd5eceae670f164ca134736201a79843/r_33",
            "rotation": 0.12566370614359174,
            "transform_matrix": [
                [
                    -0.34020256996154785,
                    0.4670637845993042,
                    0.8161578178405762,
                    3.2900373935699463
                ],
                [
                    0.9403521418571472,
                    0.16897530853748322,
                    0.29527127742767334,
                    1.1902766227722168
                ],
                [
                    0.0,
                    0.8679278492927551,
                    -0.4966902732849121,
                    -2.0022225379943848
                ],
                [
                    0.0,
                    0.0,
                    0.0,
                    1.0
                ]
            ]
        },
        {
            "file_path": "/data/shapenet_blender/all_50_random/02958343/dd5eceae670f164ca134736201a79843/r_34",
            "rotation": 0.12566370614359174,
            "transform_matrix": [
                [
                    -0.978154718875885,
                    -0.05717592313885689,
                    -0.1998608261346817,
                    -0.8056647777557373
                ],
                [
                    -0.20787844061851501,
                    0.26903653144836426,
                    0.9404285550117493,
                    3.7909886837005615
                ],
                [
                    -7.450581485102248e-09,
                    0.9614312648773193,
                    -0.2750450074672699,
                    -1.1087418794631958
                ],
                [
                    0.0,
                    0.0,
                    0.0,
                    1.0
                ]
            ]
        },
        {
            "file_path": "/data/shapenet_blender/all_50_random/02958343/dd5eceae670f164ca134736201a79843/r_35",
            "rotation": 0.12566370614359174,
            "transform_matrix": [
                [
                    0.9194192290306091,
                    -0.11185673624277115,
                    -0.37703612446784973,
                    -1.5198813676834106
                ],
                [
                    -0.39327871799468994,
                    -0.2615021765232086,
                    -0.8814467787742615,
                    -3.5532257556915283
                ],
                [
                    -7.450580152834618e-09,
                    0.9586994647979736,
                    -0.2844209671020508,
                    -1.1465376615524292
                ],
                [
                    0.0,
                    0.0,
                    0.0,
                    1.0
                ]
            ]
        },
        {
            "file_path": "/data/shapenet_blender/all_50_random/02958343/dd5eceae670f164ca134736201a79843/r_36",
            "rotation": 0.12566370614359174,
            "transform_matrix": [
                [
                    0.68199622631073,
                    0.07971726357936859,
                    -0.7269981503486633,
                    -2.9306232929229736
                ],
                [
                    -0.7313557267189026,
                    0.07433711737394333,
                    -0.6779327392578125,
                    -2.7328343391418457
                ],
                [
                    3.725290298461914e-09,
                    0.9940418601036072,
                    0.10899929702281952,
                    0.4393902122974396
                ],
                [
                    0.0,
                    0.0,
                    0.0,
                    1.0
                ]
            ]
        },
        {
            "file_path": "/data/shapenet_blender/all_50_random/02958343/dd5eceae670f164ca134736201a79843/r_37",
            "rotation": 0.12566370614359174,
            "transform_matrix": [
                [
                    -0.9954210519790649,
                    0.022203806787729263,
                    -0.09297279268503189,
                    -0.37478527426719666
                ],
                [
                    -0.09558738023042679,
                    -0.2312244176864624,
                    0.9681934118270874,
                    3.902911901473999
                ],
                [
                    0.0,
                    0.972646951675415,
                    0.23228807747364044,
                    0.936383068561554
                ],
                [
                    0.0,
                    0.0,
                    0.0,
                    1.0
                ]
            ]
        },
        {
            "file_path": "/data/shapenet_blender/all_50_random/02958343/dd5eceae670f164ca134736201a79843/r_38",
            "rotation": 0.12566370614359174,
            "transform_matrix": [
                [
                    -0.01842227764427662,
                    -0.04202508181333542,
                    -0.9989467263221741,
                    -4.026882648468018
                ],
                [
                    -0.9998303651809692,
                    0.0007743290043435991,
                    0.01840599626302719,
                    0.07419693470001221
                ],
                [
                    -1.1641532182693481e-10,
                    0.9991163015365601,
                    -0.04203221574425697,
                    -0.1694372594356537
                ],
                [
                    0.0,
                    0.0,
                    0.0,
                    1.0
                ]
            ]
        },
        {
            "file_path": "/data/shapenet_blender/all_50_random/02958343/dd5eceae670f164ca134736201a79843/r_39",
            "rotation": 0.12566370614359174,
            "transform_matrix": [
                [
                    0.3475533723831177,
                    -0.8323040008544922,
                    0.4318294823169708,
                    1.740760326385498
                ],
                [
                    0.937660276889801,
                    0.3085019886493683,
                    -0.1600620150566101,
                    -0.6452306509017944
                ],
                [
                    0.0,
                    0.46053946018218994,
                    0.8876392245292664,
                    3.578188180923462
                ],
                [
                    0.0,
                    0.0,
                    0.0,
                    1.0
                ]
            ]
        },
        {
            "file_path": "/data/shapenet_blender/all_50_random/02958343/dd5eceae670f164ca134736201a79843/r_40",
            "rotation": 0.12566370614359174,
            "transform_matrix": [
                [
                    -0.9619078040122986,
                    -0.13067951798439026,
                    0.24011723697185516,
                    0.967943549156189
                ],
                [
                    0.27337414026260376,
                    -0.4598154127597809,
                    0.8448883295059204,
                    3.405853748321533
                ],
                [
                    0.0,
                    0.8783464431762695,
                    0.478024423122406,
                    1.9269781112670898
                ],
                [
                    0.0,
                    0.0,
                    0.0,
                    1.0
                ]
            ]
        },
        {
            "file_path": "/data/shapenet_blender/all_50_random/02958343/dd5eceae670f164ca134736201a79843/r_41",
            "rotation": 0.12566370614359174,
            "transform_matrix": [
                [
                    -0.7611988186836243,
                    -0.43892988562583923,
                    0.47740638256073,
                    1.9244866371154785
                ],
                [
                    0.6485185027122498,
                    -0.5151940584182739,
                    0.5603558421134949,
                    2.258866548538208
                ],
                [
