{
    "class": "02958343",
    "model": "4fd5c18c1536d65be129fc90649e41d3",
    "remove_doubles": true,
    "edge_split": true,
    "denoise": true,
    "camera_angle_x": 0.6911112070083618,
    "scale_factor": 2.2975591846337626,
    "hdri_file": "/data/IndoorHDRDataset2018/9C4A0349-5bb184d532.exr",
    "center_offset": [
        0.0,
        0.0,
        1.1641532182693481e-09
    ],
    "lights": [],
    "frames": [
        {
            "file_path": "/data/shapenet_blender/all_50_random/02958343/4fd5c18c1536d65be129fc90649e41d3/r_0",
            "rotation": 0.12566370614359174,
            "transform_matrix": [
                [
                    0.6054812669754028,
                    -0.3840095102787018,
                    -0.6970860958099365,
                    -2.810044050216675
                ],
                [
                    -0.7958595156669617,
                    -0.29215025901794434,
                    -0.530335545539856,
                    -2.1378509998321533
                ],
                [
                    0.0,
                    0.8758909106254578,
                    -0.48250913619995117,
                    -1.9450565576553345
                ],
                [
                    0.0,
                    0.0,
                    0.0,
                    1.0
                ]
            ]
        },
        {
            "file_path": "/data/shapenet_blender/all_50_random/02958343/4fd5c18c1536d65be129fc90649e41d3/r_1",
            "rotation": 0.12566370614359174,
            "transform_matrix": [
                [
                    -0.9121164083480835,
                    -0.17383071780204773,
                    0.3712500333786011,
                    1.4965568780899048
                ],
                [
                    0.40993139147758484,
                    -0.3867814838886261,
                    0.8260486125946045,
                    3.329908609390259
                ],
                [
                    1.4901161193847656e-08,
                    0.9056395888328552,
                    0.42404836416244507,
                    1.7093937397003174
                ],
                [
                    0.0,
                    0.0,
                    0.0,
                    1.0
                ]
            ]
        },
        {
            "file_path": "/data/shapenet_blender/all_50_random/02958343/4fd5c18c1536d65be129fc90649e41d3/r_2",
            "rotation": 0.12566370614359174,
            "transform_matrix": [
                [
                    -0.9988479614257812,
                    0.044414594769477844,
                    0.018168140202760696,
                    0.07323811948299408
                ],
                [
                    0.047986846417188644,
                    0.9244914054870605,
                    0.37817052006721497,
                    1.524454116821289
                ],
                [
                    1.8626450382086546e-09,
                    0.37860655784606934,
                    -0.9255576729774475,
                    -3.7310423851013184
                ],
                [
                    0.0,
                    0.0,
                    0.0,
                    1.0
                ]
            ]
        },
        {
            "file_path": "/data/shapenet_blender/all_50_random/02958343/4fd5c18c1536d65be129fc90649e41d3/r_3",
            "rotation": 0.12566370614359174,
            "transform_matrix": [
                [
                    -0.3263629376888275,
                    0.6831983327865601,
                    0.6532436013221741,
                    2.6333091259002686
                ],
                [
                    0.945244550704956,
                    0.23588670790195465,
                    0.225544273853302,
                    0.9091980457305908
                ],
                [
                    0.0,
                    0.6910842061042786,
                    -0.7227742075920105,
                    -2.9135959148406982
                ],
                [
                    0.0,
                    0.0,
                    0.0,
                    1.0
                ]
            ]
        },
        {
            "file_path": "/data/shapenet_blender/all_50_random/02958343/4fd5c18c1536d65be129fc90649e41d3/r_4",
            "rotation": 0.12566370614359174,
            "transform_matrix": [
                [
                    -0.9719588160514832,
                    0.00474248081445694,
                    -0.2351037710905075,
                    -0.9477336406707764
                ],
                [
                    -0.23515161871910095,
                    -0.019602229818701744,
                    0.9717610478401184,
                    3.9172940254211426
                ],
                [
                    0.0,
                    0.9997965097427368,
                    0.02016776241362095,
                    0.08129885047674179
                ],
                [
                    0.0,
                    0.0,
                    0.0,
                    1.0
                ]
            ]
        },
        {
            "file_path": "/data/shapenet_blender/all_50_random/02958343/4fd5c18c1536d65be129fc90649e41d3/r_5",
            "rotation": 0.12566370614359174,
            "transform_matrix": [
                [
                    -0.7419435977935791,
                    0.006630777847021818,
                    0.6704295873641968,
                    2.7025880813598633
                ],
                [
                    0.670462429523468,
                    0.007337715942412615,
                    0.7419072389602661,
                    2.9907236099243164
                ],
                [
                    0.0,
                    0.999951183795929,
                    -0.009889855980873108,
                    -0.039867281913757324
                ],
                [
                    0.0,
                    0.0,
                    0.0,
                    1.0
                ]
            ]
        },
        {
            "file_path": "/data/shapenet_blender/all_50_random/02958343/4fd5c18c1536d65be129fc90649e41d3/r_6",
            "rotation": 0.12566370614359174,
            "transform_matrix": [
                [
                    -0.5421761870384216,
                    -0.02617994323372841,
                    -0.8398568630218506,
                    -3.385571241378784
                ],
                [
                    -0.8402647972106934,
                    0.016892462968826294,
                    0.5419129729270935,
                    2.184520959854126
                ],
                [
                    0.0,
                    0.9995144605636597,
                    -0.03115677833557129,
                    -0.12559698522090912
                ],
                [
                    0.0,
                    0.0,
                    0.0,
                    1.0
                ]
            ]
        },
        {
            "file_path": "/data/shapenet_blender/all_50_random/02958343/4fd5c18c1536d65be129fc90649e41d3/r_7",
            "rotation": 0.12566370614359174,
            "transform_matrix": [
                [
                    0.6042490005493164,
                    -0.20003552734851837,
                    -0.7712774276733398,
                    -3.109118700027466
                ],
                [
                    -0.7967954277992249,
                    -0.15169674158096313,
                    -0.5848974585533142,
                    -2.357797145843506
                ],
                [
                    0.0,
                    0.967974066734314,
                    -0.25105002522468567,
                    -1.0120149850845337
                ],
                [
                    0.0,
                    0.0,
                    0.0,
                    1.0
                ]
            ]
        },
        {
            "file_path": "/data/shapenet_blender/all_50_random/02958343/4fd5c18c1536d65be129fc90649e41d3/r_8",
            "rotation": 0.12566370614359174,
            "transform_matrix": [
                [
                    -0.5426197052001953,
                    0.8332738280296326,
                    0.10591771453619003,
                    0.426967978477478
                ],
                [
                    0.8399785161018372,
                    0.5382884740829468,
                    0.06842202693223953,
                    0.27581802010536194
                ],
                [
                    0.0,
                    0.126095250248909,
                    -0.9920181035995483,
                    -3.998952865600586
                ],
                [
                    0.0,
                    0.0,
                    0.0,
                    1.0
                ]
            ]
        },
        {
            "file_path": "/data/shapenet_blender/all_50_random/02958343/4fd5c18c1536d65be129fc90649e41d3/r_9",
            "rotation": 0.12566370614359174,
            "transform_matrix": [
                [
                    -0.21898576617240906,
                    0.738414466381073,
                    -0.6378002166748047,
                    -2.5710551738739014
                ],
                [
                    -0.9757281541824341,
                    -0.16572469472885132,
                    0.14314351975917816,
                    0.5770300626754761
                ],
                [
                    0.0,
                    0.6536659598350525,
                    0.7567830085754395,
                    3.050690174102783
                ],
                [
                    0.0,
                    0.0,
                    0.0,
                    1.0
                ]
            ]
        },
        {
            "file_path": "/data/shapenet_blender/all_50_random/02958343/4fd5c18c1536d65be129fc90649e41d3/r_10",
            "rotation": 0.12566370614359174,
            "transform_matrix": [
                [
                    0.9956944584846497,
                    0.020676441490650177,
                    -0.09036076813936234,
                    -0.3642559051513672
                ],
                [
                    -0.09269619733095169,
                    0.22209562361240387,
                    -0.9706085324287415,
                    -3.9126482009887695
                ],
                [
                    0.0,
                    0.9748055338859558,
                    0.22305601835250854,
                    0.8991675972938538
                ],
                [
                    0.0,
                    0.0,
                    0.0,
                    1.0
                ]
            ]
        },
        {
            "file_path": "/data/shapenet_blender/all_50_random/02958343/4fd5c18c1536d65be129fc90649e41d3/r_11",
            "rotation": 0.12566370614359174,
            "transform_matrix": [
                [
                    -0.998830258846283,
                    -0.024550478905439377,
                    0.041659530252218246,
                    0.16793492436408997
                ],
                [
                    0.048355378210544586,
                    -0.5071154832839966,
                    0.860520601272583,
                    3.4688689708709717
                ],
                [
                    0.0,
                    0.861528217792511,
                    0.5077095031738281,
                    2.046642303466797
                ],
                [
                    0.0,
                    0.0,
                    0.0,
                    1.0
                ]
            ]
        },
        {
            "file_path": "/data/shapenet_blender/all_50_random/02958343/4fd5c18c1536d65be129fc90649e41d3/r_12",
            "rotation": 0.12566370614359174,
            "transform_matrix": [
                [
                    0.40769731998443604,
                    0.08982599526643753,
                    0.9086881875991821,
                    3.663039207458496
                ],
                [
                    0.9131171703338623,
                    -0.04010637477040291,
                    -0.4057198464870453,
                    -1.6355090141296387
                ],
                [
                    0.0,
                    0.9951496124267578,
                    -0.0983729138970375,
                    -0.3965539038181305
                ],
                [
                    0.0,
                    0.0,
                    0.0,
                    1.0
                ]
            ]
        },
        {
            "file_path": "/data/shapenet_blender/all_50_random/02958343/4fd5c18c1536d65be129fc90649e41d3/r_13",
            "rotation": 0.12566370614359174,
            "transform_matrix": [
                [
                    -0.1594986617565155,
                    -0.05106382817029953,
                    0.9858766198158264,
                    3.974195718765259
                ],
                [
                    0.9871981739997864,
                    -0.008250230923295021,
                    0.15928514301776886,
                    0.6420989632606506
                ],
                [
                    0.0,
                    0.9986613392829895,
                    0.05172601714730263,
                    0.2085142433643341
                ],
                [
                    0.0,
                    0.0,
                    0.0,
                    1.0
                ]
            ]
        },
        {
            "file_path": "/data/shapenet_blender/all_50_random/02958343/4fd5c18c1536d65be129fc90649e41d3/r_14",
            "rotation": 0.12566370614359174,
            "transform_matrix": [
                [
                    0.38501447439193726,
                    0.3491869270801544,
                    0.8543022871017456,
                    3.4438023567199707
                ],
                [
                    0.9229105710983276,
                    -0.1456717997789383,
                    -0.35639289021492004,
                    -1.4366655349731445
                ],
                [
                    7.450580596923828e-09,
                    0.9256609082221985,
                    -0.37835410237312317,
                    -1.5251939296722412
                ],
                [
                    0.0,
                    0.0,
                    0.0,
                    1.0
                ]
            ]
        },
        {
            "file_path": "/data/shapenet_blender/all_50_random/02958343/4fd5c18c1536d65be129fc90649e41d3/r_15",
            "rotation": 0.12566370614359174,
            "transform_matrix": [
                [
                    -0.18147778511047363,
                    -0.048058126121759415,
                    0.9822199940681458,
                    3.9594554901123047
                ],
                [
                    0.9833950996398926,
                    -0.0088687464594841,
                    0.18126092851161957,
                    0.7306861877441406
                ],
                [
                    0.0,
                    0.9988051056861877,
                    0.048869602382183075,
                    0.1969996690750122
                ],
                [
                    0.0,
                    0.0,
                    0.0,
                    1.0
                ]
            ]
        },
        {
            "file_path": "/data/shapenet_blender/all_50_random/02958343/4fd5c18c1536d65be129fc90649e41d3/r_16",
            "rotation": 0.12566370614359174,
            "transform_matrix": [
                [
                    0.1327250450849533,
                    -0.03902658075094223,
                    0.9903842210769653,
                    3.9923665523529053
                ],
                [
                    0.9911529421806335,
                    0.005226039793342352,
                    -0.1326221078634262,
                    -0.5346168279647827
                ],
                [
                    0.0,
                    0.9992246031761169,
                    0.039374928921461105,
                    0.15872541069984436
                ],
                [
                    0.0,
                    0.0,
                    0.0,
                    1.0
                ]
            ]
        },
        {
            "file_path": "/data/shapenet_blender/all_50_random/02958343/4fd5c18c1536d65be129fc90649e41d3/r_17",
            "rotation": 0.12566370614359174,
            "transform_matrix": [
                [
                    0.10448897629976273,
                    0.19856172800064087,
                    0.9745025634765625,
                    3.9283454418182373
                ],
                [
                    0.9945260286331177,
                    -0.020861707627773285,
                    -0.10238523036241531,
                    -0.41272807121276855
                ],
                [
                    0.0,
                    0.9798662662506104,
                    -0.19965462386608124,
                    -0.8048335313796997
                ],
                [
                    0.0,
                    0.0,
                    0.0,
                    1.0
                ]
            ]
        },
        {
            "file_path": "/data/shapenet_blender/all_50_random/02958343/4fd5c18c1536d65be129fc90649e41d3/r_18",
            "rotation": 0.12566370614359174,
            "transform_matrix": [
                [
                    0.8262534141540527,
                    -0.42740151286125183,
                    0.3669242262840271,
                    1.479118824005127
                ],
                [
                    0.563298761844635,
                    0.6269176602363586,
                    -0.5382088422775269,
                    -2.1695892810821533
                ],
                [
                    -1.4901162970204496e-08,
                    0.6513847708702087,
                    0.7587475180625916,
                    3.0586090087890625
                ],
                [
                    0.0,
                    0.0,
                    0.0,
                    1.0
                ]
            ]
        },
        {
            "file_path": "/data/shapenet_blender/all_50_random/02958343/4fd5c18c1536d65be129fc90649e41d3/r_19",
            "rotation": 0.12566370614359174,
            "transform_matrix": [
                [
                    0.26018238067626953,
                    -0.02417268417775631,
                    0.9652568697929382,
                    3.8910748958587646
                ],
                [
                    0.9655595421791077,
                    0.006513638887554407,
                    -0.2601008117198944,
                    -1.0484999418258667
                ],
                [
                    4.656612873077393e-10,
                    0.999686598777771,
                    0.02503490261733532,
                    0.10091891884803772
                ],
                [
                    0.0,
                    0.0,
                    0.0,
                    1.0
                ]
            ]
        },
        {
            "file_path": "/data/shapenet_blender/all_50_random/02958343/4fd5c18c1536d65be129fc90649e41d3/r_20",
            "rotation": 0.12566370614359174,
            "transform_matrix": [
                [
                    -0.9390802979469299,
                    0.03802427649497986,
                    -0.3415880501270294,
                    -1.3769854307174683
                ],
                [
                    -0.3436979055404663,
                    -0.10389312356710434,
                    0.9333155155181885,
                    3.762315273284912
                ],
                [
                    0.0,
                    0.9938613176345825,
                    0.11063284426927567,
                    0.44597527384757996
                ],
                [
                    0.0,
                    0.0,
                    0.0,
                    1.0
                ]
            ]
        },
        {
            "file_path": "/data/shapenet_blender/all_50_random/02958343/4fd5c18c1536d65be129fc90649e41d3/r_21",
            "rotation": 0.12566370614359174,
            "transform_matrix": [
                [
                    -0.052095916122198105,
                    -0.35178661346435547,
                    0.9346294403076172,
                    3.7676117420196533
                ],
                [
                    0.998642086982727,
                    -0.018351566046476364,
                    0.04875658452510834,
                    0.1965440809726715
                ],
                [
                    1.862645149230957e-09,
                    0.9359001517295837,
                    0.35226500034332275,
                    1.4200255870819092
                ],
                [
                    0.0,
                    0.0,
                    0.0,
                    1.0
                ]
            ]
        },
        {
            "file_path": "/data/shapenet_blender/all_50_random/02958343/4fd5c18c1536d65be129fc90649e41d3/r_22",
            "rotation": 0.12566370614359174,
            "transform_matrix": [
                [
                    0.8662973642349243,
                    0.3369971513748169,
                    0.3687300980091095,
                    1.4863985776901245
                ],
                [
                    0.49952876567840576,
                    -0.5844302773475647,
                    -0.6394624710083008,
                    -2.5777556896209717
                ],
                [
                    1.4901161193847656e-08,
                    0.7381558418273926,
                    -0.6746301651000977,
                    -2.7195212841033936
                ],
                [
                    0.0,
                    0.0,
                    0.0,
                    1.0
                ]
            ]
        },
        {
            "file_path": "/data/shapenet_blender/all_50_random/02958343/4fd5c18c1536d65be129fc90649e41d3/r_23",
            "rotation": 0.12566370614359174,
            "transform_matrix": [
                [
                    -0.6040019392967224,
                    0.4585912823677063,
                    -0.6518248319625854,
                    -2.6275901794433594
                ],
                [
                    -0.7969828844070435,
                    -0.347548246383667,
                    0.4939923882484436,
                    1.991347074508667
                ],
                [
                    1.4901162970204496e-08,
                    0.8178656101226807,
                    0.5754091143608093,
                    2.3195486068725586
                ],
                [
                    0.0,
                    0.0,
                    0.0,
                    1.0
                ]
            ]
        },
        {
            "file_path": "/data/shapenet_blender/all_50_random/02958343/4fd5c18c1536d65be129fc90649e41d3/r_24",
            "rotation": 0.12566370614359174,
            "transform_matrix": [
                [
                    0.7033337950706482,
                    -0.4568406939506531,
                    -0.5446265339851379,
                    -2.1954598426818848
                ],
                [
                    -0.7108597159385681,
                    -0.4520041048526764,
                    -0.538860559463501,
                    -2.1722164154052734
                ],
                [
                    0.0,
                    0.7661519050598145,
                    -0.6426594853401184,
                    -2.5906431674957275
                ],
                [
                    0.0,
                    0.0,
                    0.0,
                    1.0
                ]
            ]
        },
        {
            "file_path": "/data/shapenet_blender/all_50_random/02958343/4fd5c18c1536d65be129fc90649e41d3/r_25",
            "rotation": 0.12566370614359174,
            "transform_matrix": [
                [
                    -0.6911340355873108,
                    0.5059190392494202,
                    -0.5161198377609253,
                    -2.0805459022521973
                ],
                [
                    -0.7227267026901245,
                    -0.48380374908447266,
                    0.4935586750507355,
                    1.9895987510681152
                ],
                [
                    0.0,
                    0.7141287922859192,
                    0.7000142931938171,
                    2.821848154067993
                ],
                [
                    0.0,
                    0.0,
                    0.0,
                    1.0
                ]
            ]
        },
        {
            "file_path": "/data/shapenet_blender/all_50_random/02958343/4fd5c18c1536d65be129fc90649e41d3/r_26",
            "rotation": 0.12566370614359174,
            "transform_matrix": [
                [
                    -0.847823441028595,
                    0.15666437149047852,
                    -0.5066078305244446,
                    -2.0422017574310303
                ],
                [
                    -0.5302784442901611,
                    -0.25047922134399414,
                    0.8099782466888428,
                    3.265126943588257
                ],
                [
                    -1.4901160305669237e-08,
                    0.9553618431091309,
                    0.29543793201446533,
                    1.190948486328125
                ],
                [
                    0.0,
                    0.0,
                    0.0,
                    1.0
                ]
            ]
        },
        {
            "file_path": "/data/shapenet_blender/all_50_random/02958343/4fd5c18c1536d65be129fc90649e41d3/r_27",
            "rotation": 0.12566370614359174,
            "transform_matrix": [
                [
                    0.5524522066116333,
                    0.39705681800842285,
                    0.7329000234603882,
                    2.9544146060943604
                ],
                [
                    0.8335446715354919,
                    -0.2631591558456421,
                    -0.48574748635292053,
                    -1.9581108093261719
                ],
                [
                    0.0,
                    0.8792571425437927,
                    -0.4763474464416504,
                    -1.9202179908752441
                ],
                [
                    0.0,
                    0.0,
                    0.0,
                    1.0
                ]
            ]
        },
        {
            "file_path": "/data/shapenet_blender/all_50_random/02958343/4fd5c18c1536d65be129fc90649e41d3/r_28",
            "rotation": 0.12566370614359174,
            "transform_matrix": [
                [
                    -0.9310755133628845,
                    -0.061262305825948715,
                    -0.3596460819244385,
                    -1.449779748916626
                ],
                [
                    -0.364826500415802,
                    0.1563478261232376,
                    0.9178545475006104,
                    3.6999900341033936
                ],
                [
                    0.0,
                    0.9858002662658691,
                    -0.1679217666387558,
                    -0.6769142746925354
                ],
                [
                    0.0,
                    0.0,
                    0.0,
                    1.0
                ]
            ]
        },
        {
            "file_path": "/data/shapenet_blender/all_50_random/02958343/4fd5c18c1536d65be129fc90649e41d3/r_29",
            "rotation": 0.12566370614359174,
            "transform_matrix": [
                [
                    0.9995219707489014,
                    -0.005244278348982334,
                    -0.030468694865703583,
                    -0.12282323837280273
                ],
                [
                    -0.03091672621667385,
                    -0.16954486072063446,
                    -0.9850373864173889,
                    -3.9708127975463867
                ],
                [
                    -4.656612873077393e-10,
                    0.9855085015296936,
                    -0.16962593793869019,
                    -0.683784008026123
                ],
                [
                    0.0,
                    0.0,
                    0.0,
                    1.0
                ]
            ]
        },
        {
            "file_path": "/data/shapenet_blender/all_50_random/02958343/4fd5c18c1536d65be129fc90649e41d3/r_30",
            "rotation": 0.12566370614359174,
            "transform_matrix": [
                [
                    -0.2063952386379242,
                    -0.3688431680202484,
                    -0.9062866568565369,
                    -3.6533586978912354
                ],
                [
                    -0.9784687757492065,
                    0.07780265808105469,
                    0.1911693513393402,
                    0.7706283926963806
                ],
                [
                    0.0,
                    0.9262295961380005,
                    -0.3769596219062805,
                    -1.5195729732513428
                ],
                [
                    0.0,
                    0.0,
                    0.0,
                    1.0
                ]
            ]
        },
        {
            "file_path": "/data/shapenet_blender/all_50_random/02958343/4fd5c18c1536d65be129fc90649e41d3/r_31",
            "rotation": 0.12566370614359174,
            "transform_matrix": [
                [
                    -0.82794189453125,
                    0.11712032556533813,
                    -0.5484477877616882,
                    -2.2108638286590576
                ],
                [
                    -0.560813844203949,
                    -0.17290732264518738,
                    0.8096856474876404,
                    3.263947010040283
                ],
                [
                    7.4505797087454084e-09,
                    0.9779497981071472,
                    0.20883993804454803,
                    0.8418606519699097
                ],
                [
                    0.0,
                    0.0,
                    0.0,
                    1.0
                ]
            ]
        },
        {
            "file_path": "/data/shapenet_blender/all_50_random/02958343/4fd5c18c1536d65be129fc90649e41d3/r_32",
            "rotation": 0.12566370614359174,
            "transform_matrix": [
                [
                    -0.9621378183364868,
                    0.025537002831697464,
                    -0.2713647186756134,
                    -1.093906044960022
                ],
                [
                    -0.2725636661052704,
                    -0.09014450758695602,
                    0.957905650138855,
                    3.861440658569336
                ],
                [
                    0.0,
                    0.9956011176109314,
                    0.09369191527366638,
                    0.3776841461658478
                ],
                [
                    0.0,
                    0.0,
                    0.0,
                    1.0
                ]
            ]
        },
        {
            "file_path": "/data/shapenet_blender/all_50_random/02958343/4fd5c18c1536d65be129fc90649e41d3/r_33",
            "rotation": 0.12566370614359174,
            "transform_matrix": [
                [
                    -0.5366025567054749,
                    0.1154775619506836,
                    0.8358962535858154,
                    3.369605779647827
                ],
                [
                    0.8438350558280945,
                    0.07343325018882751,
                    0.5315541625022888,
                    2.142763614654541
                ],
                [
                    0.0,
                    0.9905920624732971,
                    -0.13684847950935364,
                    -0.5516539216041565
                ],
                [
                    0.0,
                    0.0,
                    0.0,
                    1.0
                ]
            ]
        },
        {
            "file_path": "/data/shapenet_blender/all_50_random/02958343/4fd5c18c1536d65be129fc90649e41d3/r_34",
            "rotation": 0.12566370614359174,
            "transform_matrix": [
                [
                    -0.9311178922653198,
                    0.2665907144546509,
                    0.24889539182186127,
                    1.0033293962478638
                ],
                [
                    0.36471840739250183,
                    0.680600106716156,
                    0.6354242563247681,
                    2.5614771842956543
                ],
                [
                    -2.9802322387695312e-08,
                    0.6824315786361694,
                    -0.7309494614601135,
                    -2.946551561355591
                ],
                [
                    0.0,
                    0.0,
                    0.0,
                    1.0
                ]
            ]
        },
        {
            "file_path": "/data/shapenet_blender/all_50_random/02958343/4fd5c18c1536d65be129fc90649e41d3/r_35",
            "rotation": 0.12566370614359174,
            "transform_matrix": [
                [
                    -0.9911085367202759,
                    -0.045768801122903824,
                    0.12493706494569778,
                    0.503637433052063
                ],
                [
                    0.13305658102035522,
                    -0.3409214913845062,
                    0.9306280016899109,
                    3.751481533050537
                ],
                [
                    0.0,
                    0.9389769434928894,
                    0.34397998452186584,
                    1.3866276741027832
                ],
                [
                    0.0,
                    0.0,
                    0.0,
                    1.0
                ]
            ]
        },
        {
            "file_path": "/data/shapenet_blender/all_50_random/02958343/4fd5c18c1536d65be129fc90649e41d3/r_36",
            "rotation": 0.12566370614359174,
            "transform_matrix": [
                [
                    0.8267091512680054,
                    -0.358018696308136,
                    0.43402135372161865,
                    1.749596118927002
                ],
                [
                    0.5626295804977417,
                    0.5260607004165649,
                    -0.6377364993095398,
                    -2.570798397064209
                ],
                [
                    1.4901164746561335e-08,
                    0.7714158296585083,
                    0.6363311409950256,
                    2.5651330947875977
                ],
                [
                    0.0,
                    0.0,
                    0.0,
                    1.0
                ]
            ]
        },
        {
            "file_path": "/data/shapenet_blender/all_50_random/02958343/4fd5c18c1536d65be129fc90649e41d3/r_37",
            "rotation": 0.12566370614359174,
            "transform_matrix": [
                [
                    -0.21574825048446655,
                    -0.7977838516235352,
                    0.5630218982696533,
                    2.2696139812469482
                ],
                [
                    0.9764491319656372,
                    -0.17627182602882385,
                    0.12440073490142822,
                    0.5014753937721252
                ],
                [
                    0.0,
                    0.5766013264656067,
                    0.8170255422592163,
                    3.2935352325439453
                ],
                [
                    0.0,
                    0.0,
                    0.0,
                    1.0
                ]
            ]
        },
        {
            "file_path": "/data/shapenet_blender/all_50_random/02958343/4fd5c18c1536d65be129fc90649e41d3/r_38",
            "rotation": 0.12566370614359174,
            "transform_matrix": [
                [
                    0.9838014245033264,
                    -0.030235543847084045,
                    0.17669351398944855,
                    0.7122743725776672
                ],
                [
                    0.17926180362701416,
                    0.16593480110168457,
                    -0.9697064757347107,
                    -3.9090120792388916
                ],
                [
                    0.0,
                    0.9856730699539185,
                    0.16866695880889893,
                    0.6799182891845703
                ],
                [
                    0.0,
                    0.0,
                    0.0,
                    1.0
                ]
            ]
        },
        {
            "file_path": "/data/shapenet_blender/all_50_random/02958343/4fd5c18c1536d65be129fc90649e41d3/r_39",
            "rotation": 0.12566370614359174,
            "transform_matrix": [
                [
                    0.5366857647895813,
                    0.13735957443714142,
                    0.832526683807373,
                    3.356022357940674
                ],
                [
                    0.8437821269035339,
                    -0.08736726641654968,
                    -0.5295267701148987,
                    -2.1345906257629395
                ],
                [
                    7.450580152834618e-09,
                    0.9866605997085571,
                    -0.16279034316539764,
                    -0.6562288403511047
                ],
                [
                    0.0,
                    0.0,
                    0.0,
                    1.0
                ]
            ]
        },
        {
            "file_path": "/data/shapenet_blender/all_50_random/02958343/4fd5c18c1536d65be129fc90649e41d3/r_40",
            "rotation": 0.12566370614359174,
            "transform_matrix": [
                [
                    -0.9203681349754333,
                    -0.047313254326581955,
                    0.3881804645061493,
                    1.564805507659912
                ],
                [
                    0.3910532295703888,
                    -0.11135469377040863,
                    0.9136068820953369,
                    3.6828670501708984
                ],
                [
                    3.725290298461914e-09,
                    0.9926537871360779,
                    0.12098930031061172,
                    0.4877234697341919
                ],
                [
                    0.0,
                    0.0,
                    0.0,
                    1.0
                ]
            ]
        },
        {
            "file_path": "/data/shapenet_blender/all_50_random/02958343/4fd5c18c1536d65be129fc90649e41d3/r_41",
            "rotation": 0.12566370614359174,
            "transform_matrix": [
                [
                    0.9434744119644165,
                    -0.0884862095117569,
                    0.319415420293808,
                    1.287604808807373
                ],
                [
                    0.3314453959465027,
                    0.251880019903183,
                    -0.9092305898666382,
                    -3.6652259826660156
                ],
                [
                    0.0,
                    0.9637046456336975,
                    0.2669706642627716,
