{
    "class": "02958343",
    "model": "19d35f3e0c0b402125ddb89f02fe6cc0",
    "remove_doubles": true,
    "edge_split": true,
    "denoise": true,
    "camera_angle_x": 0.6911112070083618,
    "scale_factor": 2.2797919772656967,
    "hdri_file": "/data/IndoorHDRDataset2018/AG8A1424-295ebbcfcc.exr",
    "center_offset": [
        0.0,
        -3.259629011154175e-09,
        0.0
    ],
    "lights": [],
    "frames": [
        {
            "file_path": "/data/shapenet_blender/all_50_random/02958343/19d35f3e0c0b402125ddb89f02fe6cc0/r_0",
            "rotation": 0.12566370614359174,
            "transform_matrix": [
                [
                    -0.18139109015464783,
                    0.831287145614624,
                    0.5254132151603699,
                    2.1180083751678467
                ],
                [
                    0.9834110736846924,
                    0.1533316820859909,
                    0.09691295027732849,
                    0.3906686007976532
                ],
                [
                    -7.450580596923828e-09,
                    0.5342763066291809,
                    -0.8453099131584167,
                    -3.407553195953369
                ],
                [
                    0.0,
                    0.0,
                    0.0,
                    1.0
                ]
            ]
        },
        {
            "file_path": "/data/shapenet_blender/all_50_random/02958343/19d35f3e0c0b402125ddb89f02fe6cc0/r_1",
            "rotation": 0.12566370614359174,
            "transform_matrix": [
                [
                    0.9807556867599487,
                    -0.024961870163679123,
                    -0.19363684952259064,
                    -0.7805750966072083
                ],
                [
                    -0.19523915648460388,
                    -0.125392347574234,
                    -0.9727067351341248,
                    -3.9211063385009766
                ],
                [
                    0.0,
                    0.9917932152748108,
                    -0.12785278260707855,
                    -0.5153910517692566
                ],
                [
                    0.0,
                    0.0,
                    0.0,
                    1.0
                ]
            ]
        },
        {
            "file_path": "/data/shapenet_blender/all_50_random/02958343/19d35f3e0c0b402125ddb89f02fe6cc0/r_2",
            "rotation": 0.12566370614359174,
            "transform_matrix": [
                [
                    0.5989665389060974,
                    0.3535931706428528,
                    0.7184780836105347,
                    2.896278142929077
                ],
                [
                    0.8007740378379822,
                    -0.26448220014572144,
                    -0.5374104976654053,
                    -2.1663713455200195
                ],
                [
                    -1.4901161193847656e-08,
                    0.8972295522689819,
                    -0.4415642321109772,
                    -1.780002474784851
                ],
                [
                    0.0,
                    0.0,
                    0.0,
                    1.0
                ]
            ]
        },
        {
            "file_path": "/data/shapenet_blender/all_50_random/02958343/19d35f3e0c0b402125ddb89f02fe6cc0/r_3",
            "rotation": 0.12566370614359174,
            "transform_matrix": [
                [
                    0.5405789613723755,
                    0.6646344661712646,
                    -0.5157861113548279,
                    -2.079200267791748
                ],
                [
                    -0.841293215751648,
                    0.4270656406879425,
                    -0.33142203092575073,
                    -1.3360049724578857
                ],
                [
                    1.4901161193847656e-08,
                    0.6130871176719666,
                    0.7900152206420898,
                    3.1846532821655273
                ],
                [
                    0.0,
                    0.0,
                    0.0,
                    1.0
                ]
            ]
        },
        {
            "file_path": "/data/shapenet_blender/all_50_random/02958343/19d35f3e0c0b402125ddb89f02fe6cc0/r_4",
            "rotation": 0.12566370614359174,
            "transform_matrix": [
                [
                    0.41374340653419495,
                    0.18846219778060913,
                    0.8906729221343994,
                    3.5904176235198975
                ],
                [
                    0.9103935360908508,
                    -0.0856497660279274,
                    -0.4047810733318329,
                    -1.6317248344421387
                ],
                [
                    0.0,
                    0.9783384799957275,
                    -0.20701175928115845,
                    -0.8344911336898804
                ],
                [
                    0.0,
                    0.0,
                    0.0,
                    1.0
                ]
            ]
        },
        {
            "file_path": "/data/shapenet_blender/all_50_random/02958343/19d35f3e0c0b402125ddb89f02fe6cc0/r_5",
            "rotation": 0.12566370614359174,
            "transform_matrix": [
                [
                    -0.69598788022995,
                    -0.05201009288430214,
                    0.7161673903465271,
                    2.886963129043579
                ],
                [
                    0.7180534601211548,
                    -0.05041183531284332,
                    0.694159746170044,
                    2.7982473373413086
                ],
                [
                    0.0,
                    0.9973732829093933,
                    0.07243205606937408,
                    0.2919829487800598
                ],
                [
                    0.0,
                    0.0,
                    0.0,
                    1.0
                ]
            ]
        },
        {
            "file_path": "/data/shapenet_blender/all_50_random/02958343/19d35f3e0c0b402125ddb89f02fe6cc0/r_6",
            "rotation": 0.12566370614359174,
            "transform_matrix": [
                [
                    0.9302709698677063,
                    -0.2302011251449585,
                    0.2856631278991699,
                    1.1515450477600098
                ],
                [
                    0.36687326431274414,
                    0.5837149620056152,
                    -0.7243484854698181,
                    -2.9199423789978027
                ],
                [
                    0.0,
                    0.7786425352096558,
                    0.6274676322937012,
                    2.5294032096862793
                ],
                [
                    0.0,
                    0.0,
                    0.0,
                    1.0
                ]
            ]
        },
        {
            "file_path": "/data/shapenet_blender/all_50_random/02958343/19d35f3e0c0b402125ddb89f02fe6cc0/r_7",
            "rotation": 0.12566370614359174,
            "transform_matrix": [
                [
                    -0.10245445370674133,
                    0.12348832190036774,
                    -0.9870429039001465,
                    -3.9788970947265625
                ],
                [
                    -0.9947376847267151,
                    -0.012718858197331429,
                    0.10166191309690475,
                    0.4098122715950012
                ],
                [
                    0.0,
                    0.992264449596405,
                    0.12414159625768661,
                    0.5004307627677917
                ],
                [
                    0.0,
                    0.0,
                    0.0,
                    1.0
                ]
            ]
        },
        {
            "file_path": "/data/shapenet_blender/all_50_random/02958343/19d35f3e0c0b402125ddb89f02fe6cc0/r_8",
            "rotation": 0.12566370614359174,
            "transform_matrix": [
                [
                    0.17388029396533966,
                    -0.3511222302913666,
                    -0.9200428128242493,
                    -3.7088112831115723
                ],
                [
                    -0.9847667813301086,
                    -0.061997659504413605,
                    -0.16245198249816895,
                    -0.6548649072647095
                ],
                [
                    3.725290076417309e-09,
                    0.9342747926712036,
                    -0.35655367374420166,
                    -1.4373137950897217
                ],
                [
                    0.0,
                    0.0,
                    0.0,
                    1.0
                ]
            ]
        },
        {
            "file_path": "/data/shapenet_blender/all_50_random/02958343/19d35f3e0c0b402125ddb89f02fe6cc0/r_9",
            "rotation": 0.12566370614359174,
            "transform_matrix": [
                [
                    0.6668737530708313,
                    -0.46351388096809387,
                    -0.5834673047065735,
                    -2.35203218460083
                ],
                [
                    -0.7451705932617188,
                    -0.414811372756958,
                    -0.5221610069274902,
                    -2.104898691177368
                ],
                [
                    1.4901161193847656e-08,
                    0.7829983234405518,
                    -0.6220237016677856,
                    -2.507457971572876
                ],
                [
                    0.0,
                    0.0,
                    0.0,
                    1.0
                ]
            ]
        },
        {
            "file_path": "/data/shapenet_blender/all_50_random/02958343/19d35f3e0c0b402125ddb89f02fe6cc0/r_10",
            "rotation": 0.12566370614359174,
            "transform_matrix": [
                [
                    0.45674002170562744,
                    -0.13628460466861725,
                    -0.8790989518165588,
                    -3.5437612533569336
                ],
                [
                    -0.8896001577377319,
                    -0.0699714794754982,
                    -0.4513484835624695,
                    -1.819443941116333
                ],
                [
                    -7.450580596923828e-09,
                    0.9881954789161682,
                    -0.15319758653640747,
                    -0.6175591945648193
                ],
                [
                    0.0,
                    0.0,
                    0.0,
                    1.0
                ]
            ]
        },
        {
            "file_path": "/data/shapenet_blender/all_50_random/02958343/19d35f3e0c0b402125ddb89f02fe6cc0/r_11",
            "rotation": 0.12566370614359174,
            "transform_matrix": [
                [
                    0.8988988399505615,
                    -0.007937666960060596,
                    0.43808436393737793,
                    1.765974521636963
                ],
                [
                    0.43815627694129944,
                    0.016284508630633354,
                    -0.8987513184547424,
                    -3.6229825019836426
                ],
                [
                    0.0,
                    0.9998358488082886,
                    0.018116066232323647,
                    0.07302819937467575
                ],
                [
                    0.0,
                    0.0,
                    0.0,
                    1.0
                ]
            ]
        },
        {
            "file_path": "/data/shapenet_blender/all_50_random/02958343/19d35f3e0c0b402125ddb89f02fe6cc0/r_12",
            "rotation": 0.12566370614359174,
            "transform_matrix": [
                [
                    0.31498461961746216,
                    0.8926353454589844,
                    0.3224699795246124,
                    1.2999180555343628
                ],
                [
                    0.9490967988967896,
                    -0.2962462902069092,
                    -0.1070207804441452,
                    -0.43141457438468933
                ],
                [
                    0.0,
                    0.3397650718688965,
                    -0.9405103325843811,
                    -3.791318416595459
                ],
                [
                    0.0,
                    0.0,
                    0.0,
                    1.0
                ]
            ]
        },
        {
            "file_path": "/data/shapenet_blender/all_50_random/02958343/19d35f3e0c0b402125ddb89f02fe6cc0/r_13",
            "rotation": 0.12566370614359174,
            "transform_matrix": [
                [
                    0.9227883815765381,
                    0.06887949258089066,
                    0.37910062074661255,
                    1.5282034873962402
                ],
                [
                    0.3853072226047516,
                    -0.16496236622333527,
                    -0.9079238772392273,
                    -3.6599581241607666
                ],
                [
                    0.0,
                    0.9838917255401611,
                    -0.17876513302326202,
                    -0.7206252813339233
                ],
                [
                    0.0,
                    0.0,
                    0.0,
                    1.0
                ]
            ]
        },
        {
            "file_path": "/data/shapenet_blender/all_50_random/02958343/19d35f3e0c0b402125ddb89f02fe6cc0/r_14",
            "rotation": 0.12566370614359174,
            "transform_matrix": [
                [
                    -0.8833568096160889,
                    0.09314649552106857,
                    -0.45935243368148804,
                    -1.8517088890075684
                ],
                [
                    -0.4687013328075409,
                    -0.17555227875709534,
                    0.8657369613647461,
                    3.4898972511291504
                ],
                [
                    -7.450581485102248e-09,
                    0.9800535440444946,
                    0.19873321056365967,
                    0.8011192083358765
                ],
                [
                    0.0,
                    0.0,
                    0.0,
                    1.0
                ]
            ]
        },
        {
            "file_path": "/data/shapenet_blender/all_50_random/02958343/19d35f3e0c0b402125ddb89f02fe6cc0/r_15",
            "rotation": 0.12566370614359174,
            "transform_matrix": [
                [
                    0.045201919972896576,
                    -0.8196600675582886,
                    -0.5710638761520386,
                    -2.302032470703125
                ],
                [
                    -0.9989778995513916,
                    -0.037088118493556976,
                    -0.02583959698677063,
                    -0.10416275262832642
                ],
                [
                    0.0,
                    0.5716482400894165,
                    -0.8204987049102783,
                    -3.3075363636016846
                ],
                [
                    0.0,
                    0.0,
                    0.0,
                    1.0
                ]
            ]
        },
        {
            "file_path": "/data/shapenet_blender/all_50_random/02958343/19d35f3e0c0b402125ddb89f02fe6cc0/r_16",
            "rotation": 0.12566370614359174,
            "transform_matrix": [
                [
                    -0.7571147084236145,
                    -0.181055948138237,
                    0.6276910901069641,
                    2.530303716659546
                ],
                [
                    0.6532819867134094,
                    -0.20983298122882843,
                    0.7274563312530518,
                    2.9324703216552734
                ],
                [
                    0.0,
                    0.960827112197876,
                    0.27714821696281433,
                    1.117220163345337
                ],
                [
                    0.0,
                    0.0,
                    0.0,
                    1.0
                ]
            ]
        },
        {
            "file_path": "/data/shapenet_blender/all_50_random/02958343/19d35f3e0c0b402125ddb89f02fe6cc0/r_17",
            "rotation": 0.12566370614359174,
            "transform_matrix": [
                [
                    0.4690868556499481,
                    -0.16946329176425934,
                    0.8667408227920532,
                    3.4939441680908203
                ],
                [
                    0.8831521272659302,
                    0.09001054614782333,
                    -0.4603700041770935,
                    -1.8558109998703003
                ],
                [
                    0.0,
                    0.9814174175262451,
                    0.19188465178012848,
                    0.7735118269920349
                ],
                [
                    0.0,
                    0.0,
                    0.0,
                    1.0
                ]
            ]
        },
        {
            "file_path": "/data/shapenet_blender/all_50_random/02958343/19d35f3e0c0b402125ddb89f02fe6cc0/r_18",
            "rotation": 0.12566370614359174,
            "transform_matrix": [
                [
                    0.6600080728530884,
                    -0.07856125384569168,
                    -0.747139573097229,
                    -3.0118157863616943
                ],
                [
                    -0.7512585520744324,
                    -0.06901892274618149,
                    -0.6563892960548401,
                    -2.6459898948669434
                ],
                [
                    0.0,
                    0.9945173263549805,
                    -0.1045728474855423,
                    -0.42154660820961
                ],
                [
                    0.0,
                    0.0,
                    0.0,
                    1.0
                ]
            ]
        },
        {
            "file_path": "/data/shapenet_blender/all_50_random/02958343/19d35f3e0c0b402125ddb89f02fe6cc0/r_19",
            "rotation": 0.12566370614359174,
            "transform_matrix": [
                [
                    0.6324460506439209,
                    0.09699990600347519,
                    0.7685070037841797,
                    3.0979504585266113
                ],
                [
                    0.7746042609214783,
                    -0.07919812202453613,
                    -0.6274677515029907,
                    -2.5294032096862793
                ],
                [
                    0.0,
                    0.992128312587738,
                    -0.12522511184215546,
                    -0.5047985315322876
                ],
                [
                    0.0,
                    0.0,
                    0.0,
                    1.0
                ]
            ]
        },
        {
            "file_path": "/data/shapenet_blender/all_50_random/02958343/19d35f3e0c0b402125ddb89f02fe6cc0/r_20",
            "rotation": 0.12566370614359174,
            "transform_matrix": [
                [
                    0.9525957107543945,
                    0.0045405663549900055,
                    -0.30420544743537903,
                    -1.2262914180755615
                ],
                [
                    -0.3042393624782562,
                    0.01421684492379427,
                    -0.9524894952774048,
                    -3.8396079540252686
                ],
                [
                    -4.656612873077393e-10,
                    0.9998886585235596,
                    0.014924323186278343,
                    0.06016186997294426
                ],
                [
                    0.0,
                    0.0,
                    0.0,
                    1.0
                ]
            ]
        },
        {
            "file_path": "/data/shapenet_blender/all_50_random/02958343/19d35f3e0c0b402125ddb89f02fe6cc0/r_21",
            "rotation": 0.12566370614359174,
            "transform_matrix": [
                [
                    -0.9753897190093994,
                    -0.012897646054625511,
                    0.2201104462146759,
                    0.8872935771942139
                ],
                [
                    0.22048801183700562,
                    -0.057056304067373276,
                    0.9737194776535034,
                    3.9251887798309326
                ],
                [
                    -9.313225746154785e-10,
                    0.9982876777648926,
                    0.058495908975601196,
                    0.23580455780029297
                ],
                [
                    0.0,
                    0.0,
                    0.0,
                    1.0
                ]
            ]
        },
        {
            "file_path": "/data/shapenet_blender/all_50_random/02958343/19d35f3e0c0b402125ddb89f02fe6cc0/r_22",
            "rotation": 0.12566370614359174,
            "transform_matrix": [
                [
                    -0.36784690618515015,
                    0.42429766058921814,
                    -0.8274418711662292,
                    -3.3355250358581543
                ],
                [
                    -0.9298864603042603,
                    -0.1678447723388672,
                    0.3273215889930725,
                    1.3194756507873535
                ],
                [
                    0.0,
                    0.8898312449455261,
                    0.45628976821899414,
                    1.8393629789352417
                ],
                [
                    0.0,
                    0.0,
                    0.0,
                    1.0
                ]
            ]
        },
        {
            "file_path": "/data/shapenet_blender/all_50_random/02958343/19d35f3e0c0b402125ddb89f02fe6cc0/r_23",
            "rotation": 0.12566370614359174,
            "transform_matrix": [
                [
                    0.10128502547740936,
                    0.09753774851560593,
                    -0.9900645017623901,
                    -3.9910776615142822
                ],
                [
                    -0.9948574304580688,
                    0.009930179454386234,
                    -0.10079706460237503,
                    -0.40632596611976624
                ],
                [
                    -9.313225191043273e-10,
                    0.9951823353767395,
                    0.09804192185401917,
                    0.395219624042511
                ],
                [
                    0.0,
                    0.0,
                    0.0,
                    1.0
                ]
            ]
        },
        {
            "file_path": "/data/shapenet_blender/all_50_random/02958343/19d35f3e0c0b402125ddb89f02fe6cc0/r_24",
            "rotation": 0.12566370614359174,
            "transform_matrix": [
                [
                    0.05933844670653343,
                    -0.2576909363269806,
                    0.9644035696983337,
                    3.8876352310180664
                ],
                [
                    0.9982380270957947,
                    0.015317969024181366,
                    -0.05732721835374832,
                    -0.2310934066772461
                ],
                [
                    9.313227966600834e-10,
                    0.9661058783531189,
                    0.258145809173584,
                    1.0406190156936646
                ],
                [
                    0.0,
                    0.0,
                    0.0,
                    1.0
                ]
            ]
        },
        {
            "file_path": "/data/shapenet_blender/all_50_random/02958343/19d35f3e0c0b402125ddb89f02fe6cc0/r_25",
            "rotation": 0.12566370614359174,
            "transform_matrix": [
                [
                    0.9567932486534119,
                    0.09115207940340042,
                    0.27611231803894043,
                    1.1130445003509521
                ],
                [
                    0.29076918959617615,
                    -0.2999412715435028,
                    -0.9085639119148254,
                    -3.662538528442383
                ],
                [
                    -7.450580596923828e-09,
                    0.9495927095413208,
                    -0.3134860098361969,
                    -1.263702630996704
                ],
                [
                    0.0,
                    0.0,
                    0.0,
                    1.0
                ]
            ]
        },
        {
            "file_path": "/data/shapenet_blender/all_50_random/02958343/19d35f3e0c0b402125ddb89f02fe6cc0/r_26",
            "rotation": 0.12566370614359174,
            "transform_matrix": [
                [
                    -0.49100616574287415,
                    0.045294806361198425,
                    0.8699777722358704,
                    3.5069925785064697
                ],
                [
                    0.8711562156677246,
                    0.025529323145747185,
                    0.4903419613838196,
                    1.9766316413879395
                ],
                [
                    0.0,
                    0.9986473917961121,
                    -0.051993902772665024,
                    -0.20959413051605225
                ],
                [
                    0.0,
                    0.0,
                    0.0,
                    1.0
                ]
            ]
        },
        {
            "file_path": "/data/shapenet_blender/all_50_random/02958343/19d35f3e0c0b402125ddb89f02fe6cc0/r_27",
            "rotation": 0.12566370614359174,
            "transform_matrix": [
                [
                    0.19361278414726257,
                    0.45272111892700195,
                    -0.8703778982162476,
                    -3.508605480194092
                ],
                [
                    -0.981078028678894,
                    0.08934315294027328,
                    -0.171766459941864,
                    -0.6924127340316772
                ],
                [
                    7.450580596923828e-09,
                    0.8871647119522095,
                    0.46145275235176086,
                    1.8601754903793335
                ],
                [
                    0.0,
                    0.0,
                    0.0,
                    1.0
                ]
            ]
        },
        {
            "file_path": "/data/shapenet_blender/all_50_random/02958343/19d35f3e0c0b402125ddb89f02fe6cc0/r_28",
            "rotation": 0.12566370614359174,
            "transform_matrix": [
                [
                    -0.3134136199951172,
                    -0.007962425239384174,
                    -0.9495832920074463,
                    -3.827892780303955
                ],
                [
                    -0.9496167898178101,
                    0.0026279366575181484,
                    0.31340259313583374,
                    1.2633662223815918
                ],
                [
                    0.0,
                    0.9999648928642273,
                    -0.008384882472455502,
                    -0.03380054235458374
                ],
                [
                    0.0,
                    0.0,
                    0.0,
                    1.0
                ]
            ]
        },
        {
            "file_path": "/data/shapenet_blender/all_50_random/02958343/19d35f3e0c0b402125ddb89f02fe6cc0/r_29",
            "rotation": 0.12566370614359174,
            "transform_matrix": [
                [
                    0.9336419105529785,
                    0.32251375913619995,
                    -0.1558769792318344,
                    -0.6283602118492126
                ],
                [
                    -0.3582077622413635,
                    0.8406080603599548,
                    -0.4062817394733429,
                    -1.637774109840393
                ],
                [
                    0.0,
                    0.43515798449516296,
                    0.9003540873527527,
                    3.629443407058716
                ],
                [
                    0.0,
                    0.0,
                    0.0,
                    1.0
                ]
            ]
        },
        {
            "file_path": "/data/shapenet_blender/all_50_random/02958343/19d35f3e0c0b402125ddb89f02fe6cc0/r_30",
            "rotation": 0.12566370614359174,
            "transform_matrix": [
                [
                    0.8869407176971436,
                    0.39139729738235474,
                    0.24524320662021637,
                    0.9886070489883423
                ],
                [
                    0.46188315749168396,
                    -0.751588761806488,
                    -0.47093334794044495,
                    -1.898393154144287
                ],
                [
                    0.0,
                    0.5309638381004333,
                    -0.8473944664001465,
                    -3.415956497192383
                ],
                [
                    0.0,
                    0.0,
                    0.0,
                    1.0
                ]
            ]
        },
        {
            "file_path": "/data/shapenet_blender/all_50_random/02958343/19d35f3e0c0b402125ddb89f02fe6cc0/r_31",
            "rotation": 0.12566370614359174,
            "transform_matrix": [
                [
                    0.9843479990959167,
                    0.020988399162888527,
                    0.17498162388801575,
                    0.7053735256195068
                ],
                [
                    0.1762358844280243,
                    -0.11722860485315323,
                    -0.9773423671722412,
                    -3.939793586730957
                ],
                [
                    -1.862645371275562e-09,
                    0.992883026599884,
                    -0.11909264326095581,
                    -0.480077862739563
                ],
                [
                    0.0,
                    0.0,
                    0.0,
                    1.0
                ]
            ]
        },
        {
            "file_path": "/data/shapenet_blender/all_50_random/02958343/19d35f3e0c0b402125ddb89f02fe6cc0/r_32",
            "rotation": 0.12566370614359174,
            "transform_matrix": [
                [
                    -0.9958288669586182,
                    -0.017026230692863464,
                    0.08963838219642639,
                    0.3613439202308655
                ],
                [
                    0.09124107658863068,
                    -0.18582870066165924,
                    0.9783366918563843,
                    3.9438016414642334
                ],
                [
                    -3.725290298461914e-09,
                    0.9824345707893372,
                    0.18660706281661987,
                    0.7522372007369995
                ],
                [
                    0.0,
                    0.0,
                    0.0,
                    1.0
                ]
            ]
        },
        {
            "file_path": "/data/shapenet_blender/all_50_random/02958343/19d35f3e0c0b402125ddb89f02fe6cc0/r_33",
            "rotation": 0.12566370614359174,
            "transform_matrix": [
                [
                    -0.999847412109375,
                    0.003444242523983121,
                    0.01712600700557232,
                    0.06903713941574097
                ],
                [
                    0.01746891438961029,
                    0.19713400304317474,
                    0.9802208542823792,
                    3.9513967037200928
                ],
                [
                    0.0,
                    0.9803704619407654,
                    -0.19716407358646393,
                    -0.7947937846183777
                ],
                [
                    0.0,
                    0.0,
                    0.0,
                    1.0
                ]
            ]
        },
        {
            "file_path": "/data/shapenet_blender/all_50_random/02958343/19d35f3e0c0b402125ddb89f02fe6cc0/r_34",
            "rotation": 0.12566370614359174,
            "transform_matrix": [
                [
                    0.929581344127655,
                    0.017516544088721275,
                    -0.368200421333313,
                    -1.4842631816864014
                ],
                [
                    -0.3686167895793915,
                    0.04417338967323303,
                    -0.9285313487052917,
                    -3.7430291175842285
                ],
                [
                    0.0,
                    0.9988702535629272,
                    0.047519661486148834,
                    0.1915578544139862
                ],
                [
                    0.0,
                    0.0,
                    0.0,
                    1.0
                ]
            ]
        },
        {
            "file_path": "/data/shapenet_blender/all_50_random/02958343/19d35f3e0c0b402125ddb89f02fe6cc0/r_35",
            "rotation": 0.12566370614359174,
            "transform_matrix": [
                [
                    -0.3886773884296417,
                    0.521696150302887,
                    0.7594490647315979,
                    3.0614373683929443
                ],
                [
                    0.9213739037513733,
                    0.22007517516613007,
                    0.3203701376914978,
                    1.29145348072052
                ],
                [
                    0.0,
                    0.8242571949958801,
                    -0.566215455532074,
                    -2.282487630844116
                ],
                [
                    0.0,
                    0.0,
                    0.0,
                    1.0
                ]
            ]
        },
        {
            "file_path": "/data/shapenet_blender/all_50_random/02958343/19d35f3e0c0b402125ddb89f02fe6cc0/r_36",
            "rotation": 0.12566370614359174,
            "transform_matrix": [
                [
                    -0.9968219995498657,
                    -0.04082538187503815,
                    0.06840462237596512,
                    0.2757478356361389
                ],
                [
                    0.07966119050979614,
                    -0.5108590722084045,
                    0.8559655547142029,
                    3.450507402420044
                ],
                [
                    3.725290298461914e-09,
                    0.8586944341659546,
                    0.5124877691268921,
                    2.065904378890991
                ],
                [
                    0.0,
                    0.0,
                    0.0,
                    1.0
                ]
            ]
        },
        {
            "file_path": "/data/shapenet_blender/all_50_random/02958343/19d35f3e0c0b402125ddb89f02fe6cc0/r_37",
            "rotation": 0.12566370614359174,
            "transform_matrix": [
                [
                    -0.5596775412559509,
                    0.36509257555007935,
                    -0.743954598903656,
                    -2.998976945877075
                ],
                [
                    -0.8287105560302734,
                    -0.24656876921653748,
                    0.5024368166923523,
                    2.0253875255584717
                ],
                [
                    -1.4901162970204496e-08,
                    0.897725522518158,
                    0.4405550956726074,
                    1.7759343385696411
                ],
                [
                    0.0,
                    0.0,
                    0.0,
                    1.0
                ]
            ]
        },
        {
            "file_path": "/data/shapenet_blender/all_50_random/02958343/19d35f3e0c0b402125ddb89f02fe6cc0/r_38",
            "rotation": 0.12566370614359174,
            "transform_matrix": [
                [
                    0.2060186117887497,
                    0.6532758474349976,
                    -0.7285512685775757,
                    -2.9368844032287598
                ],
                [
                    -0.9785480499267578,
                    0.13753741979599,
                    -0.15338553488254547,
                    -0.6183169484138489
                ],
                [
                    -7.450580596923828e-09,
                    0.744522750377655,
                    0.6675969958305359,
                    2.6911697387695312
                ],
                [
                    0.0,
                    0.0,
                    0.0,
                    1.0
                ]
            ]
        },
        {
            "file_path": "/data/shapenet_blender/all_50_random/02958343/19d35f3e0c0b402125ddb89f02fe6cc0/r_39",
            "rotation": 0.12566370614359174,
            "transform_matrix": [
                [
                    -0.3675405979156494,
                    0.432476282119751,
                    -0.8233335614204407,
                    -3.3189637660980225
                ],
                [
                    -0.9300073981285095,
                    -0.1709154099225998,
                    0.32538291811943054,
                    1.3116605281829834
                ],
                [
                    0.0,
                    0.8852978348731995,
                    0.46502450108528137,
                    1.8745737075805664
                ],
                [
                    0.0,
                    0.0,
                    0.0,
                    1.0
                ]
            ]
        },
        {
            "file_path": "/data/shapenet_blender/all_50_random/02958343/19d35f3e0c0b402125ddb89f02fe6cc0/r_40",
            "rotation": 0.12566370614359174,
            "transform_matrix": [
                [
                    -0.24604645371437073,
                    -0.756818950176239,
                    0.6055461764335632,
                    2.4410347938537598
                ],
                [
                    0.9692580699920654,
                    -0.19211871922016144,
                    0.15371808409690857,
                    0.6196573972702026
                ],
                [
                    0.0,
                    0.6247522830963135,
                    0.7808229327201843,
                    3.1475980281829834
                ],
                [
                    0.0,
                    0.0,
                    0.0,
                    1.0
                ]
            ]
        },
        {
            "file_path": "/data/shapenet_blender/all_50_random/02958343/19d35f3e0c0b402125ddb89f02fe6cc0/r_41",
            "rotation": 0.12566370614359174,
            "transform_matrix": [
                [
                    -0.516470193862915,
                    -0.7650381922721863,
                    0.3846752941608429,
                    1.5506757497787476
                ],
                [
                    0.8563053011894226,
                    -0.4614235758781433,
                    0.23201227188110352,
                    0.9352713823318481
                ],
                [
                    0.0,
