{
    "class": "02958343",
    "model": "db432e9f280ffb1e3dd4bdc1dbab98bd",
    "remove_doubles": true,
    "edge_split": true,
    "denoise": true,
    "camera_angle_x": 0.6911112070083618,
    "scale_factor": 2.148423867033778,
    "hdri_file": "/data/IndoorHDRDataset2018/AG8A6128-ad9bfaa163.exr",
    "center_offset": [
        0.0,
        0.0,
        5.587935447692871e-09
    ],
    "lights": [],
    "frames": [
        {
            "file_path": "/data/shapenet_blender/all_50_random/02958343/db432e9f280ffb1e3dd4bdc1dbab98bd/r_0",
            "rotation": 0.12566370614359174,
            "transform_matrix": [
                [
                    -0.20624646544456482,
                    -0.7698761820793152,
                    0.6039477586746216,
                    2.43459153175354
                ],
                [
                    0.9785001277923584,
                    -0.1622730791568756,
                    0.1272989958524704,
                    0.5131587386131287
                ],
                [
                    0.0,
                    0.617218017578125,
                    0.7867920994758606,
                    3.1716606616973877
                ],
                [
                    0.0,
                    0.0,
                    0.0,
                    1.0
                ]
            ]
        },
        {
            "file_path": "/data/shapenet_blender/all_50_random/02958343/db432e9f280ffb1e3dd4bdc1dbab98bd/r_1",
            "rotation": 0.12566370614359174,
            "transform_matrix": [
                [
                    0.11810644716024399,
                    -0.1379752904176712,
                    -0.9833685159683228,
                    -3.964085340499878
                ],
                [
                    -0.9930009245872498,
                    -0.016410628333687782,
                    -0.11696077883243561,
                    -0.47148397564888
                ],
                [
                    1.862645149230957e-09,
                    0.990299642086029,
                    -0.13894778490066528,
                    -0.5601164102554321
                ],
                [
                    0.0,
                    0.0,
                    0.0,
                    1.0
                ]
            ]
        },
        {
            "file_path": "/data/shapenet_blender/all_50_random/02958343/db432e9f280ffb1e3dd4bdc1dbab98bd/r_2",
            "rotation": 0.12566370614359174,
            "transform_matrix": [
                [
                    -0.7842970490455627,
                    0.06625636667013168,
                    0.6168372631072998,
                    2.4865505695343018
                ],
                [
                    0.620385468006134,
                    0.08376190811395645,
                    0.7798113822937012,
                    3.1435201168060303
                ],
                [
                    3.725290298461914e-09,
                    0.9942806363105774,
                    -0.10679870843887329,
                    -0.43051934242248535
                ],
                [
                    0.0,
                    0.0,
                    0.0,
                    1.0
                ]
            ]
        },
        {
            "file_path": "/data/shapenet_blender/all_50_random/02958343/db432e9f280ffb1e3dd4bdc1dbab98bd/r_3",
            "rotation": 0.12566370614359174,
            "transform_matrix": [
                [
                    -0.508395254611969,
                    0.5708271265029907,
                    -0.6447407007217407,
                    -2.5990328788757324
                ],
                [
                    -0.8611238598823547,
                    -0.33700820803642273,
                    0.3806457221508026,
                    1.5344319343566895
                ],
                [
                    0.0,
                    0.7487200498580933,
                    0.6628862619400024,
                    2.672179937362671
                ],
                [
                    0.0,
                    0.0,
                    0.0,
                    1.0
                ]
            ]
        },
        {
            "file_path": "/data/shapenet_blender/all_50_random/02958343/db432e9f280ffb1e3dd4bdc1dbab98bd/r_4",
            "rotation": 0.12566370614359174,
            "transform_matrix": [
                [
                    -0.8555798530578613,
                    -0.19208024442195892,
                    -0.48071640729904175,
                    -1.9378299713134766
                ],
                [
                    -0.5176708698272705,
                    0.3174603581428528,
                    0.794503390789032,
                    3.2027459144592285
                ],
                [
                    0.0,
                    0.92861407995224,
                    -0.3710469901561737,
                    -1.4957383871078491
                ],
                [
                    0.0,
                    0.0,
                    0.0,
                    1.0
                ]
            ]
        },
        {
            "file_path": "/data/shapenet_blender/all_50_random/02958343/db432e9f280ffb1e3dd4bdc1dbab98bd/r_5",
            "rotation": 0.12566370614359174,
            "transform_matrix": [
                [
                    0.8622161149978638,
                    0.01809120923280716,
                    -0.506217360496521,
                    -2.0406274795532227
                ],
                [
                    -0.5065404772758484,
                    0.030794242396950722,
                    -0.8616660237312317,
                    -3.47348690032959
                ],
                [
                    -9.313225746154785e-10,
                    0.9993619322776794,
                    0.03571522235870361,
                    0.14397266507148743
                ],
                [
                    0.0,
                    0.0,
                    0.0,
                    1.0
                ]
            ]
        },
        {
            "file_path": "/data/shapenet_blender/all_50_random/02958343/db432e9f280ffb1e3dd4bdc1dbab98bd/r_6",
            "rotation": 0.12566370614359174,
            "transform_matrix": [
                [
                    0.012902199290692806,
                    -0.8852344155311584,
                    0.46496614813804626,
                    1.8743385076522827
                ],
                [
                    0.9999168515205383,
                    0.011422420851886272,
                    -0.005999584682285786,
                    -0.024185098707675934
                ],
                [
                    0.0,
                    0.4650047719478607,
                    0.8853080868721008,
                    3.568791151046753
                ],
                [
                    0.0,
                    0.0,
                    0.0,
                    1.0
                ]
            ]
        },
        {
            "file_path": "/data/shapenet_blender/all_50_random/02958343/db432e9f280ffb1e3dd4bdc1dbab98bd/r_7",
            "rotation": 0.12566370614359174,
            "transform_matrix": [
                [
                    -0.9984115362167358,
                    -0.05031543970108032,
                    0.025350358337163925,
                    0.10219056904315948
                ],
                [
                    0.0563407801091671,
                    -0.8916367888450623,
                    0.4492321312427521,
                    1.8109127283096313
                ],
                [
                    0.0,
                    0.4499468505382538,
                    0.893055260181427,
                    3.6000211238861084
                ],
                [
                    0.0,
                    0.0,
                    0.0,
                    1.0
                ]
            ]
        },
        {
            "file_path": "/data/shapenet_blender/all_50_random/02958343/db432e9f280ffb1e3dd4bdc1dbab98bd/r_8",
            "rotation": 0.12566370614359174,
            "transform_matrix": [
                [
                    -0.6512956619262695,
                    0.008403695188462734,
                    -0.7587774991989136,
                    -3.058730125427246
                ],
                [
                    -0.7588241100311279,
                    -0.007212856784462929,
                    0.6512556076049805,
                    2.625295639038086
                ],
                [
                    0.0,
                    0.9999387264251709,
                    0.011074626818299294,
                    0.044643253087997437
                ],
                [
                    0.0,
                    0.0,
                    0.0,
                    1.0
                ]
            ]
        },
        {
            "file_path": "/data/shapenet_blender/all_50_random/02958343/db432e9f280ffb1e3dd4bdc1dbab98bd/r_9",
            "rotation": 0.12566370614359174,
            "transform_matrix": [
                [
                    -0.306206077337265,
                    -0.26537370681762695,
                    0.9142289161682129,
                    3.6853747367858887
                ],
                [
                    0.95196533203125,
                    -0.08535924553871155,
                    0.2940678894519806,
                    1.1854256391525269
                ],
                [
                    0.0,
                    0.9603596329689026,
                    0.2787640392780304,
                    1.1237337589263916
                ],
                [
                    0.0,
                    0.0,
                    0.0,
                    1.0
                ]
            ]
        },
        {
            "file_path": "/data/shapenet_blender/all_50_random/02958343/db432e9f280ffb1e3dd4bdc1dbab98bd/r_10",
            "rotation": 0.12566370614359174,
            "transform_matrix": [
                [
                    -0.4758961498737335,
                    0.010118174366652966,
                    -0.8794432282447815,
                    -3.545149087905884
                ],
                [
                    -0.879501461982727,
                    -0.005474920384585857,
                    0.4758646488189697,
                    1.918271780014038
                ],
                [
                    -4.6566125955216364e-10,
                    0.9999338984489441,
                    0.011504441499710083,
                    0.04637588560581207
                ],
                [
                    0.0,
                    0.0,
                    0.0,
                    1.0
                ]
            ]
        },
        {
            "file_path": "/data/shapenet_blender/all_50_random/02958343/db432e9f280ffb1e3dd4bdc1dbab98bd/r_11",
            "rotation": 0.12566370614359174,
            "transform_matrix": [
                [
                    0.7959527969360352,
                    -0.5263662338256836,
                    -0.2989944517612457,
                    -1.2052853107452393
                ],
                [
                    -0.6053586602210999,
                    -0.6920899748802185,
                    -0.3931313455104828,
                    -1.5847632884979248
                ],
                [
                    0.0,
                    0.4939129650592804,
                    -0.8695113062858582,
                    -3.505112409591675
                ],
                [
                    0.0,
                    0.0,
                    0.0,
                    1.0
                ]
            ]
        },
        {
            "file_path": "/data/shapenet_blender/all_50_random/02958343/db432e9f280ffb1e3dd4bdc1dbab98bd/r_12",
            "rotation": 0.12566370614359174,
            "transform_matrix": [
                [
                    0.7124252915382385,
                    0.3663142919540405,
                    0.5985515117645264,
                    2.4128384590148926
                ],
                [
                    0.7017478942871094,
                    -0.3718879520893097,
                    -0.6076587438583374,
                    -2.4495511054992676
                ],
                [
                    1.4901161193847656e-08,
                    0.8529438376426697,
                    -0.5220025777816772,
                    -2.104259967803955
                ],
                [
                    0.0,
                    0.0,
                    0.0,
                    1.0
                ]
            ]
        },
        {
            "file_path": "/data/shapenet_blender/all_50_random/02958343/db432e9f280ffb1e3dd4bdc1dbab98bd/r_13",
            "rotation": 0.12566370614359174,
            "transform_matrix": [
                [
                    -0.7887364625930786,
                    -0.0933249443769455,
                    -0.6076062917709351,
                    -2.4493393898010254
                ],
                [
                    -0.6147316694259644,
                    0.11974132806062698,
                    0.7795941233634949,
                    3.1426444053649902
                ],
                [
                    7.450581485102248e-09,
                    0.9884090423583984,
                    -0.15181413292884827,
                    -0.6119823455810547
                ],
                [
                    0.0,
                    0.0,
                    0.0,
                    1.0
                ]
            ]
        },
        {
            "file_path": "/data/shapenet_blender/all_50_random/02958343/db432e9f280ffb1e3dd4bdc1dbab98bd/r_14",
            "rotation": 0.12566370614359174,
            "transform_matrix": [
                [
                    0.9512740969657898,
                    0.10219074785709381,
                    -0.29092055559158325,
                    -1.1727384328842163
                ],
                [
                    -0.30834680795669556,
                    0.3152664601802826,
                    -0.8975127339363098,
                    -3.6179897785186768
                ],
                [
                    0.0,
                    0.9434850215911865,
                    0.33141496777534485,
                    1.3359766006469727
                ],
                [
                    0.0,
                    0.0,
                    0.0,
                    1.0
                ]
            ]
        },
        {
            "file_path": "/data/shapenet_blender/all_50_random/02958343/db432e9f280ffb1e3dd4bdc1dbab98bd/r_15",
            "rotation": 0.12566370614359174,
            "transform_matrix": [
                [
                    -0.7672659754753113,
                    0.048053108155727386,
                    0.6395263075828552,
                    2.5780129432678223
                ],
                [
                    0.6413290500640869,
                    0.05748922377824783,
                    0.765109121799469,
                    3.0842535495758057
                ],
                [
                    0.0,
                    0.9971888661384583,
                    -0.07492738217115402,
                    -0.3020419478416443
                ],
                [
                    0.0,
                    0.0,
                    0.0,
                    1.0
                ]
            ]
        },
        {
            "file_path": "/data/shapenet_blender/all_50_random/02958343/db432e9f280ffb1e3dd4bdc1dbab98bd/r_16",
            "rotation": 0.12566370614359174,
            "transform_matrix": [
                [
                    -0.17787843942642212,
                    -0.34679827094078064,
                    0.9209180474281311,
                    3.7123396396636963
                ],
                [
                    0.9840524792671204,
                    -0.06268765032291412,
                    0.16646619141101837,
                    0.6710467338562012
                ],
                [
                    -3.725290298461914e-09,
                    0.9358425140380859,
                    0.3524184226989746,
                    1.4206441640853882
                ],
                [
                    0.0,
                    0.0,
                    0.0,
                    1.0
                ]
            ]
        },
        {
            "file_path": "/data/shapenet_blender/all_50_random/02958343/db432e9f280ffb1e3dd4bdc1dbab98bd/r_17",
            "rotation": 0.12566370614359174,
            "transform_matrix": [
                [
                    -0.9469447731971741,
                    -0.17862196266651154,
                    0.2671886384487152,
                    1.0770719051361084
                ],
                [
                    0.3213962912559509,
                    -0.5262821316719055,
                    0.7872302532196045,
                    3.173426628112793
                ],
                [
                    0.0,
                    0.8313369154930115,
                    0.555768609046936,
                    2.24037504196167
                ],
                [
                    0.0,
                    0.0,
                    0.0,
                    1.0
                ]
            ]
        },
        {
            "file_path": "/data/shapenet_blender/all_50_random/02958343/db432e9f280ffb1e3dd4bdc1dbab98bd/r_18",
            "rotation": 0.12566370614359174,
            "transform_matrix": [
                [
                    -0.8038420081138611,
                    0.4706406891345978,
                    0.36377936601638794,
                    1.4664415121078491
                ],
                [
                    0.5948429107666016,
                    0.6360010504722595,
                    0.4915938675403595,
                    1.9816782474517822
                ],
                [
                    1.4901161193847656e-08,
                    0.6115553975105286,
                    -0.7912015914916992,
                    -3.1894357204437256
                ],
                [
                    0.0,
                    0.0,
                    0.0,
                    1.0
                ]
            ]
        },
        {
            "file_path": "/data/shapenet_blender/all_50_random/02958343/db432e9f280ffb1e3dd4bdc1dbab98bd/r_19",
            "rotation": 0.12566370614359174,
            "transform_matrix": [
                [
                    -0.5706353783607483,
                    0.17792120575904846,
                    0.8016977310180664,
                    3.2317469120025635
                ],
                [
                    0.8212035298347473,
                    0.12363335490226746,
                    0.5570812821388245,
                    2.24566650390625
                ],
                [
                    -7.450580596923828e-09,
                    0.9762473106384277,
                    -0.21665911376476288,
                    -0.8733808398246765
                ],
                [
                    0.0,
                    0.0,
                    0.0,
                    1.0
                ]
            ]
        },
        {
            "file_path": "/data/shapenet_blender/all_50_random/02958343/db432e9f280ffb1e3dd4bdc1dbab98bd/r_20",
            "rotation": 0.12566370614359174,
            "transform_matrix": [
                [
                    -0.07124988734722137,
                    -0.0876983255147934,
                    -0.9935957193374634,
                    -4.005312442779541
                ],
                [
                    -0.9974585771560669,
                    0.006264416966587305,
                    0.0709739625453949,
                    0.2861051857471466
                ],
                [
                    4.656613428188905e-10,
                    0.9961273670196533,
                    -0.08792178332805634,
                    -0.35442405939102173
                ],
                [
                    0.0,
                    0.0,
                    0.0,
                    1.0
                ]
            ]
        },
        {
            "file_path": "/data/shapenet_blender/all_50_random/02958343/db432e9f280ffb1e3dd4bdc1dbab98bd/r_21",
            "rotation": 0.12566370614359174,
            "transform_matrix": [
                [
                    -0.024401400238275528,
                    0.9911112189292908,
                    -0.13077834248542786,
                    -0.5271844267845154
                ],
                [
                    -0.9997023344039917,
                    -0.024191701784729958,
                    0.0031921248883008957,
                    0.012867867946624756
                ],
                [
                    0.0,
                    0.13081714510917664,
                    0.9914064407348633,
                    3.9964873790740967
                ],
                [
                    0.0,
                    0.0,
                    0.0,
                    1.0
                ]
            ]
        },
        {
            "file_path": "/data/shapenet_blender/all_50_random/02958343/db432e9f280ffb1e3dd4bdc1dbab98bd/r_22",
            "rotation": 0.12566370614359174,
            "transform_matrix": [
                [
                    0.9620649218559265,
                    -0.1912335753440857,
                    0.1945784091949463,
                    0.7843707203865051
                ],
                [
                    0.27282050251960754,
                    0.6743595004081726,
                    -0.6861546039581299,
                    -2.7659778594970703
                ],
                [
                    0.0,
                    0.71321040391922,
                    0.700950026512146,
                    2.825620174407959
                ],
                [
                    0.0,
                    0.0,
                    0.0,
                    1.0
                ]
            ]
        },
        {
            "file_path": "/data/shapenet_blender/all_50_random/02958343/db432e9f280ffb1e3dd4bdc1dbab98bd/r_23",
            "rotation": 0.12566370614359174,
            "transform_matrix": [
                [
                    -0.9159601330757141,
                    0.27427196502685547,
                    -0.2929024398326874,
                    -1.180727481842041
                ],
                [
                    -0.40126922726631165,
                    -0.6260689496994019,
                    0.6685959100723267,
                    2.6951963901519775
                ],
                [
                    -1.4901161193847656e-08,
                    0.729939877986908,
                    0.6835113167762756,
                    2.755322217941284
                ],
                [
                    0.0,
                    0.0,
                    0.0,
                    1.0
                ]
            ]
        },
        {
            "file_path": "/data/shapenet_blender/all_50_random/02958343/db432e9f280ffb1e3dd4bdc1dbab98bd/r_24",
            "rotation": 0.12566370614359174,
            "transform_matrix": [
                [
                    0.9638625383377075,
                    -0.22771725058555603,
                    -0.138252854347229,
                    -0.5573151111602783
                ],
                [
                    -0.2664000391960144,
                    -0.8239042162895203,
                    -0.5002129077911377,
                    -2.016422748565674
                ],
                [
                    0.0,
                    0.5189670324325562,
                    -0.8547941446304321,
                    -3.4457855224609375
                ],
                [
                    0.0,
                    0.0,
                    0.0,
                    1.0
                ]
            ]
        },
        {
            "file_path": "/data/shapenet_blender/all_50_random/02958343/db432e9f280ffb1e3dd4bdc1dbab98bd/r_25",
            "rotation": 0.12566370614359174,
            "transform_matrix": [
                [
                    -0.24943408370018005,
                    0.7001069188117981,
                    -0.6690537333488464,
                    -2.6970417499542236
                ],
                [
                    -0.9683917164802551,
                    -0.18033045530319214,
                    0.17233191430568695,
                    0.6946921944618225
                ],
                [
                    7.450580596923828e-09,
                    0.6908915638923645,
                    0.7229583263397217,
                    2.9143383502960205
                ],
                [
                    0.0,
                    0.0,
                    0.0,
                    1.0
                ]
            ]
        },
        {
            "file_path": "/data/shapenet_blender/all_50_random/02958343/db432e9f280ffb1e3dd4bdc1dbab98bd/r_26",
            "rotation": 0.12566370614359174,
            "transform_matrix": [
                [
                    -0.38642895221710205,
                    -0.7238126993179321,
                    0.5716360807418823,
                    2.3043386936187744
                ],
                [
                    0.9223192930221558,
                    -0.30325961112976074,
                    0.23950138688087463,
                    0.9654609560966492
                ],
                [
                    -1.4901162970204496e-08,
                    0.6197811961174011,
                    0.784774661064148,
                    3.1635279655456543
                ],
                [
                    0.0,
                    0.0,
                    0.0,
                    1.0
                ]
            ]
        },
        {
            "file_path": "/data/shapenet_blender/all_50_random/02958343/db432e9f280ffb1e3dd4bdc1dbab98bd/r_27",
            "rotation": 0.12566370614359174,
            "transform_matrix": [
                [
                    -0.7505049109458923,
                    -0.4184519648551941,
                    0.511508047580719,
                    2.061954975128174
                ],
                [
                    0.6608650088310242,
                    -0.47521084547042847,
                    0.5808890461921692,
                    2.3416385650634766
                ],
                [
                    1.4901162970204496e-08,
                    0.7739977240562439,
                    0.6331882476806641,
                    2.5524635314941406
                ],
                [
                    0.0,
                    0.0,
                    0.0,
                    1.0
                ]
            ]
        },
        {
            "file_path": "/data/shapenet_blender/all_50_random/02958343/db432e9f280ffb1e3dd4bdc1dbab98bd/r_28",
            "rotation": 0.12566370614359174,
            "transform_matrix": [
                [
                    -0.7140605449676514,
                    0.06955848634243011,
                    -0.6966198086738586,
                    -2.808164119720459
                ],
                [
                    -0.7000839710235596,
                    -0.07094717025756836,
                    0.710527241230011,
                    2.864226818084717
                ],
                [
                    -3.7252898543727042e-09,
                    0.9950517416000366,
                    0.09935735911130905,
                    0.4005223214626312
                ],
                [
                    0.0,
                    0.0,
                    0.0,
                    1.0
                ]
            ]
        },
        {
            "file_path": "/data/shapenet_blender/all_50_random/02958343/db432e9f280ffb1e3dd4bdc1dbab98bd/r_29",
            "rotation": 0.12566370614359174,
            "transform_matrix": [
                [
                    -0.7908440232276917,
                    -0.18409328162670135,
                    0.5836740732192993,
                    2.35286545753479
                ],
                [
                    0.612017810344696,
                    -0.23788370192050934,
                    0.7542185187339783,
                    3.0403518676757812
                ],
                [
                    -1.4901161193847656e-08,
                    0.9536880254745483,
                    0.3007972836494446,
                    1.2125526666641235
                ],
                [
                    0.0,
                    0.0,
                    0.0,
                    1.0
                ]
            ]
        },
        {
            "file_path": "/data/shapenet_blender/all_50_random/02958343/db432e9f280ffb1e3dd4bdc1dbab98bd/r_30",
            "rotation": 0.12566370614359174,
            "transform_matrix": [
                [
                    -0.7447184324264526,
                    -0.25851908326148987,
                    -0.6152741312980652,
                    -2.4802494049072266
                ],
                [
                    -0.6673787236213684,
                    0.2884777784347534,
                    0.6865756511688232,
                    2.7676749229431152
                ],
                [
                    1.4901161193847656e-08,
                    0.9219264984130859,
                    -0.38736486434936523,
                    -1.5615177154541016
                ],
                [
                    0.0,
                    0.0,
                    0.0,
                    1.0
                ]
            ]
        },
        {
            "file_path": "/data/shapenet_blender/all_50_random/02958343/db432e9f280ffb1e3dd4bdc1dbab98bd/r_31",
            "rotation": 0.12566370614359174,
            "transform_matrix": [
                [
                    0.10161329805850983,
                    0.7466520667076111,
                    -0.6574079990386963,
                    -2.6500961780548096
                ],
                [
                    -0.9948239326477051,
                    0.07626453042030334,
                    -0.06714896112680435,
                    -0.2706860899925232
                ],
                [
                    0.0,
                    0.6608284115791321,
                    0.7505370378494263,
                    3.0255112648010254
                ],
                [
                    0.0,
                    0.0,
                    0.0,
                    1.0
                ]
            ]
        },
        {
            "file_path": "/data/shapenet_blender/all_50_random/02958343/db432e9f280ffb1e3dd4bdc1dbab98bd/r_32",
            "rotation": 0.12566370614359174,
            "transform_matrix": [
                [
                    -0.203499898314476,
                    -0.9252045154571533,
                    0.3202880024909973,
                    1.291122317314148
                ],
                [
                    0.9790748953819275,
                    -0.19230298697948456,
                    0.06657159328460693,
                    0.2683587074279785
                ],
                [
                    0.0,
                    0.3271331191062927,
                    0.9449781775474548,
                    3.809329032897949
                ],
                [
                    0.0,
                    0.0,
                    0.0,
                    1.0
                ]
            ]
        },
        {
            "file_path": "/data/shapenet_blender/all_50_random/02958343/db432e9f280ffb1e3dd4bdc1dbab98bd/r_33",
            "rotation": 0.12566370614359174,
            "transform_matrix": [
                [
                    -0.3127138614654541,
                    0.19108521938323975,
                    -0.9304280877113342,
                    -3.750675678253174
                ],
                [
                    -0.949847400188446,
                    -0.06291010230779648,
                    0.30632051825523376,
                    1.2348175048828125
                ],
                [
                    -3.725290742551124e-09,
                    0.9795553684234619,
                    0.20117466151714325,
                    0.8109610080718994
                ],
                [
                    0.0,
                    0.0,
                    0.0,
                    1.0
                ]
            ]
        },
        {
            "file_path": "/data/shapenet_blender/all_50_random/02958343/db432e9f280ffb1e3dd4bdc1dbab98bd/r_34",
            "rotation": 0.12566370614359174,
            "transform_matrix": [
                [
                    0.15745125710964203,
                    0.05139061063528061,
                    0.9861887097358704,
                    3.9754538536071777
                ],
                [
                    0.9875267744064331,
                    -0.008193718269467354,
                    -0.1572379171848297,
                    -0.6338463425636292
                ],
                [
                    0.0,
                    0.9986449480056763,
                    -0.05203971639275551,
                    -0.2097788006067276
                ],
                [
                    0.0,
                    0.0,
                    0.0,
                    1.0
                ]
            ]
        },
        {
            "file_path": "/data/shapenet_blender/all_50_random/02958343/db432e9f280ffb1e3dd4bdc1dbab98bd/r_35",
            "rotation": 0.12566370614359174,
            "transform_matrix": [
                [
                    0.9754399061203003,
                    -0.024976035580039024,
                    0.21884526312351227,
                    0.8821934461593628
                ],
                [
                    0.22026588022708893,
                    0.11060551553964615,
                    -0.9691487550735474,
                    -3.9067635536193848
                ],
                [
                    0.0,
                    0.9935503602027893,
                    0.11339041590690613,
                    0.45709139108657837
                ],
                [
                    0.0,
                    0.0,
                    0.0,
                    1.0
                ]
            ]
        },
        {
            "file_path": "/data/shapenet_blender/all_50_random/02958343/db432e9f280ffb1e3dd4bdc1dbab98bd/r_36",
            "rotation": 0.12566370614359174,
            "transform_matrix": [
                [
                    0.8523107171058655,
                    -0.36804887652397156,
                    0.37162676453590393,
                    1.4980754852294922
                ],
                [
                    0.5230357646942139,
                    0.5997524261474609,
                    -0.6055827140808105,
                    -2.4411821365356445
                ],
                [
                    -1.4901161193847656e-08,
                    0.7105188369750977,
                    0.7036781311035156,
                    2.8366174697875977
                ],
                [
                    0.0,
                    0.0,
                    0.0,
                    1.0
                ]
            ]
        },
        {
            "file_path": "/data/shapenet_blender/all_50_random/02958343/db432e9f280ffb1e3dd4bdc1dbab98bd/r_37",
            "rotation": 0.12566370614359174,
            "transform_matrix": [
                [
                    -0.3689867854118347,
                    -0.7569296956062317,
                    0.5393571853637695,
                    2.1742184162139893
                ],
                [
                    0.929434597492218,
                    -0.30050212144851685,
                    0.21412552893161774,
                    0.8631676435470581
                ],
                [
                    0.0,
                    0.5803067684173584,
                    0.8143979907035828,
                    3.2829432487487793
                ],
                [
                    0.0,
                    0.0,
                    0.0,
                    1.0
                ]
            ]
        },
        {
            "file_path": "/data/shapenet_blender/all_50_random/02958343/db432e9f280ffb1e3dd4bdc1dbab98bd/r_38",
            "rotation": 0.12566370614359174,
            "transform_matrix": [
                [
                    0.9647402167320251,
                    0.08005813509225845,
                    0.2507328987121582,
                    1.0107368230819702
                ],
                [
                    0.2632039189338684,
                    -0.2934427857398987,
                    -0.9190292954444885,
                    -3.704725742340088
                ],
                [
                    0.0,
                    0.9526184797286987,
                    -0.30416765809059143,
                    -1.2261391878128052
                ],
                [
                    0.0,
                    0.0,
                    0.0,
                    1.0
                ]
            ]
        },
        {
            "file_path": "/data/shapenet_blender/all_50_random/02958343/db432e9f280ffb1e3dd4bdc1dbab98bd/r_39",
            "rotation": 0.12566370614359174,
            "transform_matrix": [
                [
                    0.7887666821479797,
                    0.33051374554634094,
                    -0.518273651599884,
                    -2.0892279148101807
                ],
                [
                    -0.6146925091743469,
                    0.42411166429519653,
                    -0.6650431156158447,
                    -2.6808743476867676
                ],
                [
                    1.4901158529312397e-08,
                    0.8431428670883179,
                    0.5376895070075989,
                    2.1674957275390625
                ],
                [
                    0.0,
                    0.0,
                    0.0,
                    1.0
                ]
            ]
        },
        {
            "file_path": "/data/shapenet_blender/all_50_random/02958343/db432e9f280ffb1e3dd4bdc1dbab98bd/r_40",
            "rotation": 0.12566370614359174,
            "transform_matrix": [
                [
                    0.3414228856563568,
                    0.46240660548210144,
                    0.8182973265647888,
                    3.298661947250366
                ],
                [
                    0.9399097561836243,
                    -0.16796953976154327,
                    -0.29724711179733276,
                    -1.1982414722442627
                ],
                [
                    0.0,
                    0.8706126809120178,
                    -0.49196913838386536,
                    -1.9831910133361816
                ],
                [
                    0.0,
                    0.0,
                    0.0,
                    1.0
                ]
            ]
        },
        {
            "file_path": "/data/shapenet_blender/all_50_random/02958343/db432e9f280ffb1e3dd4bdc1dbab98bd/r_41",
            "rotation": 0.12566370614359174,
            "transform_matrix": [
                [
                    -0.9860507845878601,
                    0.0864933580160141,
                    -0.14220692217350006,
                    -0.5732544660568237
                ],
                [
                    -0.16644491255283356,
                    -0.5124027729034424,
                    0.8424603343009949,
                    3.396066188812256
                ],
                [
                    0.0,
