{
    "class": "02958343",
    "model": "6b2766e55b6de7779d34b5c385de0e34",
    "remove_doubles": true,
    "edge_split": true,
    "denoise": true,
    "camera_angle_x": 0.6911112070083618,
    "scale_factor": 2.422774042729923,
    "hdri_file": "/data/IndoorHDRDataset2018/AG8A1411-8c2e6fbd16.exr",
    "center_offset": [
        0.0,
        -1.862645149230957e-09,
        0.0
    ],
    "lights": [],
    "frames": [
        {
            "file_path": "/data/shapenet_blender/all_50_random/02958343/6b2766e55b6de7779d34b5c385de0e34/r_0",
            "rotation": 0.12566370614359174,
            "transform_matrix": [
                [
                    0.9773975610733032,
                    0.12540984153747559,
                    -0.1701952964067459,
                    -0.6860792636871338
                ],
                [
                    -0.21140974760055542,
                    0.5797995924949646,
                    -0.7868533730506897,
                    -3.171907663345337
                ],
                [
                    7.450580596923828e-09,
                    0.8050495386123657,
                    0.5932074785232544,
                    2.391296148300171
                ],
                [
                    0.0,
                    0.0,
                    0.0,
                    1.0
                ]
            ]
        },
        {
            "file_path": "/data/shapenet_blender/all_50_random/02958343/6b2766e55b6de7779d34b5c385de0e34/r_1",
            "rotation": 0.12566370614359174,
            "transform_matrix": [
                [
                    -0.7537054419517517,
                    -0.18400710821151733,
                    -0.6309273838996887,
                    -2.5433497428894043
                ],
                [
                    -0.6572123169898987,
                    0.21102340519428253,
                    0.7235614061355591,
                    2.91676926612854
                ],
                [
                    0.0,
                    0.9600055813789368,
                    -0.27998119592666626,
                    -1.1286402940750122
                ],
                [
                    0.0,
                    0.0,
                    0.0,
                    1.0
                ]
            ]
        },
        {
            "file_path": "/data/shapenet_blender/all_50_random/02958343/6b2766e55b6de7779d34b5c385de0e34/r_2",
            "rotation": 0.12566370614359174,
            "transform_matrix": [
                [
                    -0.9271974563598633,
                    0.02671370841562748,
                    0.373619019985199,
                    1.5061063766479492
                ],
                [
                    0.3745728135108948,
                    0.06612567603588104,
                    0.9248365163803101,
                    3.728135108947754
                ],
                [
                    1.8626450382086546e-09,
                    0.9974535703659058,
                    -0.07131779193878174,
                    -0.28749120235443115
                ],
                [
                    0.0,
                    0.0,
                    0.0,
                    1.0
                ]
            ]
        },
        {
            "file_path": "/data/shapenet_blender/all_50_random/02958343/6b2766e55b6de7779d34b5c385de0e34/r_3",
            "rotation": 0.12566370614359174,
            "transform_matrix": [
                [
                    0.8822526335716248,
                    -0.01502260286360979,
                    -0.47053658962249756,
                    -1.8967937231063843
                ],
                [
                    -0.47077634930610657,
                    -0.02815292216837406,
                    -0.8818032741546631,
                    -3.5546627044677734
                ],
                [
                    9.313225746154785e-10,
                    0.9994907379150391,
                    -0.03191027417778969,
                    -0.12863442301750183
                ],
                [
                    0.0,
                    0.0,
                    0.0,
                    1.0
                ]
            ]
        },
        {
            "file_path": "/data/shapenet_blender/all_50_random/02958343/6b2766e55b6de7779d34b5c385de0e34/r_4",
            "rotation": 0.12566370614359174,
            "transform_matrix": [
                [
                    0.2475469708442688,
                    0.42736199498176575,
                    0.8695298433303833,
                    3.5051870346069336
                ],
                [
                    0.9688759446144104,
                    -0.10919062048196793,
                    -0.22216413915157318,
                    -0.895572304725647
                ],
                [
                    -7.450580596923828e-09,
                    0.8974625468254089,
                    -0.44109055399894714,
                    -1.778092861175537
                ],
                [
                    0.0,
                    0.0,
                    0.0,
                    1.0
                ]
            ]
        },
        {
            "file_path": "/data/shapenet_blender/all_50_random/02958343/6b2766e55b6de7779d34b5c385de0e34/r_5",
            "rotation": 0.12566370614359174,
            "transform_matrix": [
                [
                    -0.917310357093811,
                    -0.23386603593826294,
                    -0.32225507497787476,
                    -1.2990518808364868
                ],
                [
                    -0.39817288517951965,
                    0.5387803316116333,
                    0.7424108982086182,
                    2.9927542209625244
                ],
                [
                    0.0,
                    0.8093345165252686,
                    -0.5873478651046753,
                    -2.367675304412842
                ],
                [
                    0.0,
                    0.0,
                    0.0,
                    1.0
                ]
            ]
        },
        {
            "file_path": "/data/shapenet_blender/all_50_random/02958343/6b2766e55b6de7779d34b5c385de0e34/r_6",
            "rotation": 0.12566370614359174,
            "transform_matrix": [
                [
                    -0.46951040625572205,
                    0.20665721595287323,
                    -0.8584012389183044,
                    -3.4603261947631836
                ],
                [
                    -0.882926881313324,
                    -0.10989326238632202,
                    0.45646849274635315,
                    1.840083360671997
                ],
                [
                    0.0,
                    0.9722223281860352,
                    0.23405924439430237,
                    0.9435229897499084
                ],
                [
                    0.0,
                    0.0,
                    0.0,
                    1.0
                ]
            ]
        },
        {
            "file_path": "/data/shapenet_blender/all_50_random/02958343/6b2766e55b6de7779d34b5c385de0e34/r_7",
            "rotation": 0.12566370614359174,
            "transform_matrix": [
                [
                    0.21284756064414978,
                    0.0020998327527195215,
                    0.977083146572113,
                    3.9387481212615967
                ],
                [
                    0.9770853519439697,
                    -0.0004574260674417019,
                    -0.21284709870815277,
                    -0.8580141067504883
                ],
                [
                    -2.9103825252563276e-11,
                    0.9999977350234985,
                    -0.002149077830836177,
                    -0.008663210086524487
                ],
                [
                    0.0,
                    0.0,
                    0.0,
                    1.0
                ]
            ]
        },
        {
            "file_path": "/data/shapenet_blender/all_50_random/02958343/6b2766e55b6de7779d34b5c385de0e34/r_8",
            "rotation": 0.12566370614359174,
            "transform_matrix": [
                [
                    0.3543177545070648,
                    0.2627180516719818,
                    0.897462010383606,
                    3.6177852153778076
                ],
                [
                    0.9351251125335693,
                    -0.09954355657100677,
                    -0.3400472402572632,
                    -1.3707743883132935
                ],
                [
                    7.450580596923828e-09,
                    0.9597240090370178,
                    -0.280944287776947,
                    -1.1325228214263916
                ],
                [
                    0.0,
                    0.0,
                    0.0,
                    1.0
                ]
            ]
        },
        {
            "file_path": "/data/shapenet_blender/all_50_random/02958343/6b2766e55b6de7779d34b5c385de0e34/r_9",
            "rotation": 0.12566370614359174,
            "transform_matrix": [
                [
                    0.8577962517738342,
                    -0.22569525241851807,
                    -0.46178698539733887,
                    -1.861522912979126
                ],
                [
                    -0.5139898657798767,
                    -0.3766621947288513,
                    -0.770675003528595,
                    -3.1066904067993164
                ],
                [
                    0.0,
                    0.8984360694885254,
                    -0.43910443782806396,
                    -1.770086646080017
                ],
                [
                    0.0,
                    0.0,
                    0.0,
                    1.0
                ]
            ]
        },
        {
            "file_path": "/data/shapenet_blender/all_50_random/02958343/6b2766e55b6de7779d34b5c385de0e34/r_10",
            "rotation": 0.12566370614359174,
            "transform_matrix": [
                [
                    0.4501212239265442,
                    -0.04529375955462456,
                    -0.8918179869651794,
                    -3.5950331687927246
                ],
                [
                    -0.8929674029350281,
                    -0.02283138409256935,
                    -0.449541836977005,
                    -1.8121609687805176
                ],
                [
                    1.8626450382086546e-09,
                    0.9987127780914307,
                    -0.050722744315862656,
                    -0.20446991920471191
                ],
                [
                    0.0,
                    0.0,
                    0.0,
                    1.0
                ]
            ]
        },
        {
            "file_path": "/data/shapenet_blender/all_50_random/02958343/6b2766e55b6de7779d34b5c385de0e34/r_11",
            "rotation": 0.12566370614359174,
            "transform_matrix": [
                [
                    0.9944150447845459,
                    -0.013070406392216682,
                    -0.1047283187508583,
                    -0.422173410654068
                ],
                [
                    -0.10554081201553345,
                    -0.1231505498290062,
                    -0.9867597222328186,
                    -3.9777562618255615
                ],
                [
                    0.0,
                    0.9923019409179688,
                    -0.12384219467639923,
                    -0.499223917722702
                ],
                [
                    0.0,
                    0.0,
                    0.0,
                    1.0
                ]
            ]
        },
        {
            "file_path": "/data/shapenet_blender/all_50_random/02958343/6b2766e55b6de7779d34b5c385de0e34/r_12",
            "rotation": 0.12566370614359174,
            "transform_matrix": [
                [
                    0.13594408333301544,
                    0.7285405397415161,
                    -0.6713775396347046,
                    -2.7064096927642822
                ],
                [
                    -0.9907165765762329,
                    0.099968820810318,
                    -0.09212503582239151,
                    -0.3713679313659668
                ],
                [
                    0.0,
                    0.6776686310768127,
                    0.7353672385215759,
                    2.964360475540161
                ],
                [
                    0.0,
                    0.0,
                    0.0,
                    1.0
                ]
            ]
        },
        {
            "file_path": "/data/shapenet_blender/all_50_random/02958343/6b2766e55b6de7779d34b5c385de0e34/r_13",
            "rotation": 0.12566370614359174,
            "transform_matrix": [
                [
                    0.14437253773212433,
                    0.525030791759491,
                    -0.8387485146522522,
                    -3.381103515625
                ],
                [
                    -0.9895233511924744,
                    0.07660257816314697,
                    -0.12237432599067688,
                    -0.4933066964149475
                ],
                [
                    7.450580596923828e-09,
                    0.8476287722587585,
                    0.5305896401405334,
                    2.1388752460479736
                ],
                [
                    0.0,
                    0.0,
                    0.0,
                    1.0
                ]
            ]
        },
        {
            "file_path": "/data/shapenet_blender/all_50_random/02958343/6b2766e55b6de7779d34b5c385de0e34/r_14",
            "rotation": 0.12566370614359174,
            "transform_matrix": [
                [
                    0.06308818608522415,
                    -0.46731820702552795,
                    0.8818352222442627,
                    3.5547916889190674
                ],
                [
                    0.9980078935623169,
                    0.02954110875725746,
                    -0.055744435638189316,
                    -0.2247130274772644
                ],
                [
                    -1.862645149230957e-09,
                    0.88359534740448,
                    0.4682510197162628,
                    1.887580394744873
                ],
                [
                    0.0,
                    0.0,
                    0.0,
                    1.0
                ]
            ]
        },
        {
            "file_path": "/data/shapenet_blender/all_50_random/02958343/6b2766e55b6de7779d34b5c385de0e34/r_15",
            "rotation": 0.12566370614359174,
            "transform_matrix": [
                [
                    0.8376840353012085,
                    0.004501006565988064,
                    0.5461364388465881,
                    2.2015466690063477
                ],
                [
                    0.5461549758911133,
                    -0.0069035738706588745,
                    -0.8376555442810059,
                    -3.3766977787017822
                ],
                [
                    2.3283062977608182e-10,
                    0.999966025352478,
                    -0.00824125949293375,
                    -0.03322158381342888
                ],
                [
                    0.0,
                    0.0,
                    0.0,
                    1.0
                ]
            ]
        },
        {
            "file_path": "/data/shapenet_blender/all_50_random/02958343/6b2766e55b6de7779d34b5c385de0e34/r_16",
            "rotation": 0.12566370614359174,
            "transform_matrix": [
                [
                    -0.8797811269760132,
                    -0.34968361258506775,
                    -0.32203495502471924,
                    -1.2981643676757812
                ],
                [
                    -0.47537899017333984,
                    0.6471574306488037,
                    0.5959882140159607,
                    2.402505397796631
                ],
                [
                    0.0,
                    0.6774278283119202,
                    -0.7355892062187195,
                    -2.96525502204895
                ],
                [
                    0.0,
                    0.0,
                    0.0,
                    1.0
                ]
            ]
        },
        {
            "file_path": "/data/shapenet_blender/all_50_random/02958343/6b2766e55b6de7779d34b5c385de0e34/r_17",
            "rotation": 0.12566370614359174,
            "transform_matrix": [
                [
                    0.9099219441413879,
                    -0.2627579867839813,
                    -0.32093632221221924,
                    -1.2937355041503906
                ],
                [
                    -0.41477927565574646,
                    -0.576425313949585,
                    -0.7040539979934692,
                    -2.83813214302063
                ],
                [
                    -1.4901158529312397e-08,
                    0.7737519145011902,
                    -0.6334887146949768,
                    -2.5536744594573975
                ],
                [
                    0.0,
                    0.0,
                    0.0,
                    1.0
                ]
            ]
        },
        {
            "file_path": "/data/shapenet_blender/all_50_random/02958343/6b2766e55b6de7779d34b5c385de0e34/r_18",
            "rotation": 0.12566370614359174,
            "transform_matrix": [
                [
                    0.5380645990371704,
                    -0.3189566731452942,
                    -0.7802263498306274,
                    -3.145193099975586
                ],
                [
                    -0.8429036140441895,
                    -0.20360487699508667,
                    -0.49805474281311035,
                    -2.007722854614258
                ],
                [
                    -1.4901161193847656e-08,
                    0.9256412386894226,
                    -0.3784022927284241,
                    -1.525388479232788
                ],
                [
                    0.0,
                    0.0,
                    0.0,
                    1.0
                ]
            ]
        },
        {
            "file_path": "/data/shapenet_blender/all_50_random/02958343/6b2766e55b6de7779d34b5c385de0e34/r_19",
            "rotation": 0.12566370614359174,
            "transform_matrix": [
                [
                    -0.9909430146217346,
                    0.1097564622759819,
                    0.07736581563949585,
                    0.31187158823013306
                ],
                [
                    0.13428309559822083,
                    0.8099485039710999,
                    0.5709215402603149,
                    2.3014583587646484
                ],
                [
                    0.0,
                    0.5761396288871765,
                    -0.8173512816429138,
                    -3.2948484420776367
                ],
                [
                    0.0,
                    0.0,
                    0.0,
                    1.0
                ]
            ]
        },
        {
            "file_path": "/data/shapenet_blender/all_50_random/02958343/6b2766e55b6de7779d34b5c385de0e34/r_20",
            "rotation": 0.12566370614359174,
            "transform_matrix": [
                [
                    0.8003875017166138,
                    -0.08386708796024323,
                    -0.5935875773429871,
                    -2.3928279876708984
                ],
                [
                    -0.5994830131530762,
                    -0.11197342723608017,
                    -0.79251629114151,
                    -3.194735288619995
                ],
                [
                    0.0,
                    0.990165650844574,
                    -0.13989906013011932,
                    -0.5639511346817017
                ],
                [
                    0.0,
                    0.0,
                    0.0,
                    1.0
                ]
            ]
        },
        {
            "file_path": "/data/shapenet_blender/all_50_random/02958343/6b2766e55b6de7779d34b5c385de0e34/r_21",
            "rotation": 0.12566370614359174,
            "transform_matrix": [
                [
                    -0.9673561453819275,
                    -0.08990536630153656,
                    -0.23693694174289703,
                    -0.9551234245300293
                ],
                [
                    -0.25342079997062683,
                    0.3431861400604248,
                    0.904434084892273,
                    3.645890712738037
                ],
                [
                    -7.450580596923828e-09,
                    0.9349547624588013,
                    -0.3547670543193817,
                    -1.4301118850708008
                ],
                [
                    0.0,
                    0.0,
                    0.0,
                    1.0
                ]
            ]
        },
        {
            "file_path": "/data/shapenet_blender/all_50_random/02958343/6b2766e55b6de7779d34b5c385de0e34/r_22",
            "rotation": 0.12566370614359174,
            "transform_matrix": [
                [
                    0.5874980688095093,
                    -0.5147828459739685,
                    0.6243754625320435,
                    2.5169379711151123
                ],
                [
                    0.8092256784439087,
                    0.3737325072288513,
                    -0.4532967805862427,
                    -1.8272978067398071
                ],
                [
                    0.0,
                    0.7715715169906616,
                    0.6361425518989563,
                    2.5643725395202637
                ],
                [
                    0.0,
                    0.0,
                    0.0,
                    1.0
                ]
            ]
        },
        {
            "file_path": "/data/shapenet_blender/all_50_random/02958343/6b2766e55b6de7779d34b5c385de0e34/r_23",
            "rotation": 0.12566370614359174,
            "transform_matrix": [
                [
                    -0.5379748344421387,
                    0.40025025606155396,
                    0.7418777942657471,
                    2.990605354309082
                ],
                [
                    0.842960774898529,
                    0.2554384171962738,
                    0.4734640121459961,
                    1.9085946083068848
                ],
                [
                    0.0,
                    0.8800857067108154,
                    -0.4748147428035736,
                    -1.9140396118164062
                ],
                [
                    0.0,
                    0.0,
                    0.0,
                    1.0
                ]
            ]
        },
        {
            "file_path": "/data/shapenet_blender/all_50_random/02958343/6b2766e55b6de7779d34b5c385de0e34/r_24",
            "rotation": 0.12566370614359174,
            "transform_matrix": [
                [
                    -0.17584364116191864,
                    -0.4649308919906616,
                    0.8677086234092712,
                    3.497845411300659
                ],
                [
                    0.9844182133674622,
                    -0.08304920047521591,
                    0.15499617159366608,
                    0.6248095631599426
                ],
                [
                    0.0,
                    0.8814431428909302,
                    0.4722900986671448,
                    1.9038622379302979
                ],
                [
                    0.0,
                    0.0,
                    0.0,
                    1.0
                ]
            ]
        },
        {
            "file_path": "/data/shapenet_blender/all_50_random/02958343/6b2766e55b6de7779d34b5c385de0e34/r_25",
            "rotation": 0.12566370614359174,
            "transform_matrix": [
                [
                    0.8466567397117615,
                    -0.21347583830356598,
                    -0.48744267225265503,
                    -1.9649442434310913
                ],
                [
                    -0.5321393013000488,
                    -0.3396492600440979,
                    -0.7755423784255981,
                    -3.1263113021850586
                ],
                [
                    1.4901161193847656e-08,
                    0.916005551815033,
                    -0.40116530656814575,
                    -1.6171491146087646
                ],
                [
                    0.0,
                    0.0,
                    0.0,
                    1.0
                ]
            ]
        },
        {
            "file_path": "/data/shapenet_blender/all_50_random/02958343/6b2766e55b6de7779d34b5c385de0e34/r_26",
            "rotation": 0.12566370614359174,
            "transform_matrix": [
                [
                    0.576758861541748,
                    -0.15810680389404297,
                    0.8014683127403259,
                    3.2308220863342285
                ],
                [
                    0.8169145584106445,
                    0.11162672191858292,
                    -0.565853476524353,
                    -2.2810282707214355
                ],
                [
                    0.0,
                    0.981092095375061,
                    0.19354140758514404,
                    0.7801903486251831
                ],
                [
                    0.0,
                    0.0,
                    0.0,
                    1.0
                ]
            ]
        },
        {
            "file_path": "/data/shapenet_blender/all_50_random/02958343/6b2766e55b6de7779d34b5c385de0e34/r_27",
            "rotation": 0.12566370614359174,
            "transform_matrix": [
                [
                    0.29645073413848877,
                    -0.17496374249458313,
                    0.9388847351074219,
                    3.7847654819488525
                ],
                [
                    0.9550482034683228,
                    0.05430944263935089,
                    -0.29143354296684265,
                    -1.1748062372207642
                ],
                [
                    0.0,
                    0.9830757975578308,
                    0.18319888412952423,
                    0.738498330116272
                ],
                [
                    0.0,
                    0.0,
                    0.0,
                    1.0
                ]
            ]
        },
        {
            "file_path": "/data/shapenet_blender/all_50_random/02958343/6b2766e55b6de7779d34b5c385de0e34/r_28",
            "rotation": 0.12566370614359174,
            "transform_matrix": [
                [
                    -0.5924196839332581,
                    0.013160252943634987,
                    0.8055220246315002,
                    3.2471630573272705
                ],
                [
                    0.805629551410675,
                    0.009677392430603504,
                    0.5923406481742859,
                    2.3878016471862793
                ],
                [
                    0.0,
                    0.9998665452003479,
                    -0.016335366293787956,
                    -0.06584996730089188
                ],
                [
                    0.0,
                    0.0,
                    0.0,
                    1.0
                ]
            ]
        },
        {
            "file_path": "/data/shapenet_blender/all_50_random/02958343/6b2766e55b6de7779d34b5c385de0e34/r_29",
            "rotation": 0.12566370614359174,
            "transform_matrix": [
                [
                    -0.8832515478134155,
                    0.1849564164876938,
                    -0.43088048696517944,
                    -1.736934781074524
                ],
                [
                    -0.4688996970653534,
                    -0.34839656949043274,
                    0.8116359710693359,
                    3.2718093395233154
                ],
                [
                    0.0,
                    0.9189183712005615,
                    0.3944477438926697,
                    1.5900697708129883
                ],
                [
                    0.0,
                    0.0,
                    0.0,
                    1.0
                ]
            ]
        },
        {
            "file_path": "/data/shapenet_blender/all_50_random/02958343/6b2766e55b6de7779d34b5c385de0e34/r_30",
            "rotation": 0.12566370614359174,
            "transform_matrix": [
                [
                    -0.32692959904670715,
                    0.9053466320037842,
                    -0.27104297280311584,
                    -1.0926092863082886
                ],
                [
                    -0.9450486898422241,
                    -0.3131951093673706,
                    0.09376446157693863,
                    0.377976655960083
                ],
                [
                    0.0,
                    0.28680315613746643,
                    0.9579894542694092,
                    3.86177921295166
                ],
                [
                    0.0,
                    0.0,
                    0.0,
                    1.0
                ]
            ]
        },
        {
            "file_path": "/data/shapenet_blender/all_50_random/02958343/6b2766e55b6de7779d34b5c385de0e34/r_31",
            "rotation": 0.12566370614359174,
            "transform_matrix": [
                [
                    -0.8896918296813965,
                    0.23450173437595367,
                    0.3917365074157715,
                    1.5791404247283936
                ],
                [
                    0.45656174421310425,
                    0.45696839690208435,
                    0.7633683681488037,
                    3.0772364139556885
                ],
                [
                    0.0,
                    0.8580144047737122,
                    -0.5136255621910095,
                    -2.070490837097168
                ],
                [
                    0.0,
                    0.0,
                    0.0,
                    1.0
                ]
            ]
        },
        {
            "file_path": "/data/shapenet_blender/all_50_random/02958343/6b2766e55b6de7779d34b5c385de0e34/r_32",
            "rotation": 0.12566370614359174,
            "transform_matrix": [
                [
                    0.9921644926071167,
                    -0.057826265692710876,
                    -0.11075030267238617,
                    -0.44644874334335327
                ],
                [
                    -0.124938003718853,
                    -0.4592130780220032,
                    -0.8794963359832764,
                    -3.545363187789917
                ],
                [
                    0.0,
                    0.8864420652389526,
                    -0.4628395736217499,
                    -1.8657660484313965
                ],
                [
                    0.0,
                    0.0,
                    0.0,
                    1.0
                ]
            ]
        },
        {
            "file_path": "/data/shapenet_blender/all_50_random/02958343/6b2766e55b6de7779d34b5c385de0e34/r_33",
            "rotation": 0.12566370614359174,
            "transform_matrix": [
                [
                    -0.669403076171875,
                    -0.16202624142169952,
                    -0.7250152230262756,
                    -2.9226298332214355
                ],
                [
                    -0.742899477481842,
                    0.14599668979644775,
                    0.6532881259918213,
                    2.633488655090332
                ],
                [
                    7.450581485102248e-09,
                    0.9759264588356018,
                    -0.21809981763362885,
                    -0.8791884779930115
                ],
                [
                    0.0,
                    0.0,
                    0.0,
                    1.0
                ]
            ]
        },
        {
            "file_path": "/data/shapenet_blender/all_50_random/02958343/6b2766e55b6de7779d34b5c385de0e34/r_34",
            "rotation": 0.12566370614359174,
            "transform_matrix": [
                [
                    -0.30681994557380676,
                    0.4008388817310333,
                    -0.8632436394691467,
                    -3.479846715927124
                ],
                [
                    -0.95176762342453,
                    -0.12921786308288574,
                    0.27828261256217957,
                    1.121793270111084
                ],
                [
                    -7.450581485102248e-09,
                    0.9069899916648865,
                    0.4211519956588745,
                    1.6977181434631348
                ],
                [
                    0.0,
                    0.0,
                    0.0,
                    1.0
                ]
            ]
        },
        {
            "file_path": "/data/shapenet_blender/all_50_random/02958343/6b2766e55b6de7779d34b5c385de0e34/r_35",
            "rotation": 0.12566370614359174,
            "transform_matrix": [
                [
                    0.7108471989631653,
                    -0.6999646425247192,
                    0.06889026612043381,
                    0.2777055501937866
                ],
                [
                    0.7033465504646301,
                    0.7074292302131653,
                    -0.06962492316961288,
                    -0.2806670367717743
                ],
                [
                    -3.725290298461914e-09,
                    0.09794628620147705,
                    0.9951916933059692,
                    4.011745929718018
                ],
                [
                    0.0,
                    0.0,
                    0.0,
                    1.0
                ]
            ]
        },
        {
            "file_path": "/data/shapenet_blender/all_50_random/02958343/6b2766e55b6de7779d34b5c385de0e34/r_36",
            "rotation": 0.12566370614359174,
            "transform_matrix": [
                [
                    0.7034700512886047,
                    0.10630697011947632,
                    -0.7027295231819153,
                    -2.8327932357788086
                ],
                [
                    -0.710724949836731,
                    0.10522181540727615,
                    -0.6955562233924866,
                    -2.8038768768310547
                ],
                [
                    0.0,
                    0.9887502789497375,
                    0.14957542717456818,
                    0.6029578447341919
                ],
                [
                    0.0,
                    0.0,
                    0.0,
                    1.0
                ]
            ]
        },
        {
            "file_path": "/data/shapenet_blender/all_50_random/02958343/6b2766e55b6de7779d34b5c385de0e34/r_37",
            "rotation": 0.12566370614359174,
            "transform_matrix": [
                [
                    -0.6934682130813599,
                    0.053461719304323196,
                    0.7185008525848389,
                    2.8963699340820312
                ],
                [
                    0.7204871773719788,
                    0.05145685374736786,
                    0.6915563941001892,
                    2.7877533435821533
                ],
                [
                    0.0,
                    0.9972431063652039,
                    -0.07420217990875244,
                    -0.2991185784339905
                ],
                [
                    0.0,
                    0.0,
                    0.0,
                    1.0
                ]
            ]
        },
        {
            "file_path": "/data/shapenet_blender/all_50_random/02958343/6b2766e55b6de7779d34b5c385de0e34/r_38",
            "rotation": 0.12566370614359174,
            "transform_matrix": [
                [
                    -0.9875985980033875,
                    -0.05481763929128647,
                    -0.14711956679821014,
                    -0.5930579304695129
                ],
                [
                    -0.15700045228004456,
                    0.3448258936405182,
                    0.9254436492919922,
                    3.7305827140808105
                ],
                [
                    3.725290298461914e-09,
                    0.9370645880699158,
                    -0.3491559624671936,
                    -1.407492756843567
                ],
                [
                    0.0,
                    0.0,
                    0.0,
                    1.0
                ]
            ]
        },
        {
            "file_path": "/data/shapenet_blender/all_50_random/02958343/6b2766e55b6de7779d34b5c385de0e34/r_39",
            "rotation": 0.12566370614359174,
            "transform_matrix": [
                [
                    -0.3904094696044922,
                    -0.17734688520431519,
                    -0.9033982753753662,
                    -3.6417150497436523
                ],
                [
                    -0.920641303062439,
                    0.07520616799592972,
                    0.3830973505973816,
                    1.5443148612976074
                ],
                [
                    0.0,
                    0.9812706708908081,
                    -0.19263404607772827,
                    -0.7765326499938965
                ],
                [
                    0.0,
                    0.0,
                    0.0,
                    1.0
                ]
            ]
        },
        {
            "file_path": "/data/shapenet_blender/all_50_random/02958343/6b2766e55b6de7779d34b5c385de0e34/r_40",
            "rotation": 0.12566370614359174,
            "transform_matrix": [
                [
                    -0.38575515151023865,
                    -0.11245898902416229,
                    0.915721595287323,
                    3.691391706466675
                ],
                [
                    0.9226012229919434,
                    -0.04702100157737732,
                    0.3828786611557007,
                    1.5434333086013794
                ],
                [
                    0.0,
                    0.9925431609153748,
                    0.12189339846372604,
                    0.49136799573898315
                ],
                [
                    0.0,
                    0.0,
                    0.0,
                    1.0
                ]
            ]
        },
        {
            "file_path": "/data/shapenet_blender/all_50_random/02958343/6b2766e55b6de7779d34b5c385de0e34/r_41",
            "rotation": 0.12566370614359174,
            "transform_matrix": [
                [
                    0.8643452525138855,
                    -0.2874760031700134,
                    -0.4126315712928772,
                    -1.6633708477020264
                ],
                [
                    -0.5028988718986511,
                    -0.4940924346446991,
                    -0.7092005610466003,
                    -2.8588786125183105
                ],
                [
                    0.0,
