{
    "class": "02958343",
    "model": "3bf15c48eb9110d16abce8cb03e7794",
    "remove_doubles": true,
    "edge_split": true,
    "denoise": true,
    "camera_angle_x": 0.6911112070083618,
    "scale_factor": 2.238383357539814,
    "hdri_file": "/data/IndoorHDRDataset2018/AG8A7891-6d756d2939.exr",
    "center_offset": [
        0.0,
        0.0,
        -1.862645149230957e-09
    ],
    "lights": [],
    "frames": [
        {
            "file_path": "/data/shapenet_blender/all_50_random/02958343/3bf15c48eb9110d16abce8cb03e7794/r_0",
            "rotation": 0.12566370614359174,
            "transform_matrix": [
                [
                    -0.702800452709198,
                    -0.30923864245414734,
                    -0.6406581997871399,
                    -2.582575798034668
                ],
                [
                    -0.711387038230896,
                    0.3055060803890228,
                    0.6329253315925598,
                    2.551403522491455
                ],
                [
                    0.0,
                    0.9005760550498962,
                    -0.4346982538700104,
                    -1.7523247003555298
                ],
                [
                    0.0,
                    0.0,
                    0.0,
                    1.0
                ]
            ]
        },
        {
            "file_path": "/data/shapenet_blender/all_50_random/02958343/3bf15c48eb9110d16abce8cb03e7794/r_1",
            "rotation": 0.12566370614359174,
            "transform_matrix": [
                [
                    -0.9550647139549255,
                    -0.08566039800643921,
                    -0.28374916315078735,
                    -1.143829345703125
                ],
                [
                    -0.2963971197605133,
                    0.2760189473628998,
                    0.9143097996711731,
                    3.6857001781463623
                ],
                [
                    7.4505792646561986e-09,
                    0.9573274850845337,
                    -0.28900545835494995,
                    -1.165018081665039
                ],
                [
                    0.0,
                    0.0,
                    0.0,
                    1.0
                ]
            ]
        },
        {
            "file_path": "/data/shapenet_blender/all_50_random/02958343/3bf15c48eb9110d16abce8cb03e7794/r_2",
            "rotation": 0.12566370614359174,
            "transform_matrix": [
                [
                    -0.8680738210678101,
                    -0.14065539836883545,
                    -0.4760923385620117,
                    -1.919189691543579
                ],
                [
                    -0.4964351952075958,
                    0.24595209956169128,
                    0.832502007484436,
                    3.3559231758117676
                ],
                [
                    0.0,
                    0.9590221047401428,
                    -0.28333085775375366,
                    -1.1421433687210083
                ],
                [
                    0.0,
                    0.0,
                    0.0,
                    1.0
                ]
            ]
        },
        {
            "file_path": "/data/shapenet_blender/all_50_random/02958343/3bf15c48eb9110d16abce8cb03e7794/r_3",
            "rotation": 0.12566370614359174,
            "transform_matrix": [
                [
                    0.9673794507980347,
                    0.10760332643985748,
                    -0.22934380173683167,
                    -0.9245144128799438
                ],
                [
                    -0.25333189964294434,
                    0.4108966886997223,
                    -0.8757778406143188,
                    -3.5303733348846436
                ],
                [
                    0.0,
                    0.9053096175193787,
                    0.42475229501724243,
                    1.7122312784194946
                ],
                [
                    0.0,
                    0.0,
                    0.0,
                    1.0
                ]
            ]
        },
        {
            "file_path": "/data/shapenet_blender/all_50_random/02958343/3bf15c48eb9110d16abce8cb03e7794/r_4",
            "rotation": 0.12566370614359174,
            "transform_matrix": [
                [
                    -0.015875019133090973,
                    -0.0331570990383625,
                    -0.9993240237236023,
                    -4.028404235839844
                ],
                [
                    -0.9998739361763,
                    0.0005264360224828124,
                    0.015866288915276527,
                    0.06395906209945679
                ],
                [
                    0.0,
                    0.9994499683380127,
                    -0.03316127881407738,
                    -0.1336774080991745
                ],
                [
                    0.0,
                    0.0,
                    0.0,
                    1.0
                ]
            ]
        },
        {
            "file_path": "/data/shapenet_blender/all_50_random/02958343/3bf15c48eb9110d16abce8cb03e7794/r_5",
            "rotation": 0.12566370614359174,
            "transform_matrix": [
                [
                    -0.17471127212047577,
                    0.4057753086090088,
                    0.8971189260482788,
                    3.6164021492004395
                ],
                [
                    0.984619677066803,
                    0.0720009133219719,
                    0.15918511152267456,
                    0.6416957378387451
                ],
                [
                    7.450580152834618e-09,
                    0.9111324548721313,
                    -0.41211366653442383,
                    -1.6612833738327026
                ],
                [
                    0.0,
                    0.0,
                    0.0,
                    1.0
                ]
            ]
        },
        {
            "file_path": "/data/shapenet_blender/all_50_random/02958343/3bf15c48eb9110d16abce8cb03e7794/r_6",
            "rotation": 0.12566370614359174,
            "transform_matrix": [
                [
                    0.9990991950035095,
                    -0.018756229430437088,
                    -0.038064874708652496,
                    -0.15344439446926117
                ],
                [
                    -0.042435016483068466,
                    -0.4416007101535797,
                    -0.8962076306343079,
                    -3.6127281188964844
                ],
                [
                    1.8626450382086546e-09,
                    0.8970155119895935,
                    -0.4419989287853241,
                    -1.781754493713379
                ],
                [
                    0.0,
                    0.0,
                    0.0,
                    1.0
                ]
            ]
        },
        {
            "file_path": "/data/shapenet_blender/all_50_random/02958343/3bf15c48eb9110d16abce8cb03e7794/r_7",
            "rotation": 0.12566370614359174,
            "transform_matrix": [
                [
                    -0.18923211097717285,
                    -0.48341137170791626,
                    -0.8546956181526184,
                    -3.4453883171081543
                ],
                [
                    -0.9819323420524597,
                    0.09316013008356094,
                    0.16471180319786072,
                    0.6639745235443115
                ],
                [
                    -7.450580596923828e-09,
                    0.8704220056533813,
                    -0.4923061728477478,
                    -1.984549641609192
                ],
                [
                    0.0,
                    0.0,
                    0.0,
                    1.0
                ]
            ]
        },
        {
            "file_path": "/data/shapenet_blender/all_50_random/02958343/3bf15c48eb9110d16abce8cb03e7794/r_8",
            "rotation": 0.12566370614359174,
            "transform_matrix": [
                [
                    -0.9927523732185364,
                    -0.03207840025424957,
                    0.11581769585609436,
                    0.46687600016593933
                ],
                [
                    0.12017804384231567,
                    -0.2649894058704376,
                    0.956732988357544,
                    3.8567135334014893
                ],
                [
                    -1.862645149230957e-09,
                    0.9637174606323242,
                    0.26692405343055725,
                    1.0760051012039185
                ],
                [
                    0.0,
                    0.0,
                    0.0,
                    1.0
                ]
            ]
        },
        {
            "file_path": "/data/shapenet_blender/all_50_random/02958343/3bf15c48eb9110d16abce8cb03e7794/r_9",
            "rotation": 0.12566370614359174,
            "transform_matrix": [
                [
                    0.39906173944473267,
                    0.4794720411300659,
                    -0.7815729379653931,
                    -3.150621175765991
                ],
                [
                    -0.9169239401817322,
                    0.2086748480796814,
                    -0.34015458822250366,
                    -1.3712069988250732
                ],
                [
                    0.0,
                    0.8523857593536377,
                    0.5229135751724243,
                    2.1079320907592773
                ],
                [
                    0.0,
                    0.0,
                    0.0,
                    1.0
                ]
            ]
        },
        {
            "file_path": "/data/shapenet_blender/all_50_random/02958343/3bf15c48eb9110d16abce8cb03e7794/r_10",
            "rotation": 0.12566370614359174,
            "transform_matrix": [
                [
                    0.457677960395813,
                    0.0511879064142704,
                    0.8876433372497559,
                    3.57820463180542
                ],
                [
                    0.8891180157661438,
                    -0.026349231600761414,
                    -0.4569188356399536,
                    -1.841898798942566
                ],
                [
                    0.0,
                    0.99834144115448,
                    -0.05757155269384384,
                    -0.23207835853099823
                ],
                [
                    0.0,
                    0.0,
                    0.0,
                    1.0
                ]
            ]
        },
        {
            "file_path": "/data/shapenet_blender/all_50_random/02958343/3bf15c48eb9110d16abce8cb03e7794/r_11",
            "rotation": 0.12566370614359174,
            "transform_matrix": [
                [
                    0.41681450605392456,
                    -0.6933624148368835,
                    0.5878045558929443,
                    2.369515895843506
                ],
                [
                    0.9089915156364441,
                    0.3179386556148529,
                    -0.26953551173210144,
                    -1.0865323543548584
                ],
                [
                    0.0,
                    0.6466556191444397,
                    0.7627820372581482,
                    3.0748727321624756
                ],
                [
                    0.0,
                    0.0,
                    0.0,
                    1.0
                ]
            ]
        },
        {
            "file_path": "/data/shapenet_blender/all_50_random/02958343/3bf15c48eb9110d16abce8cb03e7794/r_12",
            "rotation": 0.12566370614359174,
            "transform_matrix": [
                [
                    -0.25052008032798767,
                    0.021956153213977814,
                    0.9678623676300049,
                    3.901578187942505
                ],
                [
                    0.9681113958358765,
                    0.005681636743247509,
                    0.2504556179046631,
                    1.0096189975738525
                ],
                [
                    0.0,
                    0.9997427463531494,
                    -0.022679368034005165,
                    -0.09142346680164337
                ],
                [
                    0.0,
                    0.0,
                    0.0,
                    1.0
                ]
            ]
        },
        {
            "file_path": "/data/shapenet_blender/all_50_random/02958343/3bf15c48eb9110d16abce8cb03e7794/r_13",
            "rotation": 0.12566370614359174,
            "transform_matrix": [
                [
                    0.049790337681770325,
                    0.3534230887889862,
                    0.9341375827789307,
                    3.7656290531158447
                ],
                [
                    0.9987596869468689,
                    -0.017618907615542412,
                    -0.04656878486275673,
                    -0.187724769115448
                ],
                [
                    0.0,
                    0.9352976679801941,
                    -0.3538619577884674,
                    -1.4264631271362305
                ],
                [
                    0.0,
                    0.0,
                    0.0,
                    1.0
                ]
            ]
        },
        {
            "file_path": "/data/shapenet_blender/all_50_random/02958343/3bf15c48eb9110d16abce8cb03e7794/r_14",
            "rotation": 0.12566370614359174,
            "transform_matrix": [
                [
                    -0.834987998008728,
                    0.15854136645793915,
                    -0.5269342064857483,
                    -2.1241397857666016
                ],
                [
                    -0.5502681136131287,
                    -0.24057385325431824,
                    0.7995805740356445,
                    3.223212480545044
                ],
                [
                    0.0,
                    0.9575952887535095,
                    0.28811654448509216,
                    1.1614348888397217
                ],
                [
                    0.0,
                    0.0,
                    0.0,
                    1.0
                ]
            ]
        },
        {
            "file_path": "/data/shapenet_blender/all_50_random/02958343/3bf15c48eb9110d16abce8cb03e7794/r_15",
            "rotation": 0.12566370614359174,
            "transform_matrix": [
                [
                    0.8979239463806152,
                    -0.22510984539985657,
                    0.37823009490966797,
                    1.5246940851211548
                ],
                [
                    0.4401504099369049,
                    0.4592328369617462,
                    -0.771604061126709,
                    -3.1104350090026855
                ],
                [
                    -1.4901158529312397e-08,
                    0.8593199253082275,
                    0.5114384889602661,
                    2.0616743564605713
                ],
                [
                    0.0,
                    0.0,
                    0.0,
                    1.0
                ]
            ]
        },
        {
            "file_path": "/data/shapenet_blender/all_50_random/02958343/3bf15c48eb9110d16abce8cb03e7794/r_16",
            "rotation": 0.12566370614359174,
            "transform_matrix": [
                [
                    -0.4191417992115021,
                    0.5200418829917908,
                    -0.7442287802696228,
                    -3.000082492828369
                ],
                [
                    -0.907920777797699,
                    -0.2400774508714676,
                    0.34357336163520813,
                    1.3849886655807495
                ],
                [
                    0.0,
                    0.8197067379951477,
                    0.5727832913398743,
                    2.3089635372161865
                ],
                [
                    0.0,
                    0.0,
                    0.0,
                    1.0
                ]
            ]
        },
        {
            "file_path": "/data/shapenet_blender/all_50_random/02958343/3bf15c48eb9110d16abce8cb03e7794/r_17",
            "rotation": 0.12566370614359174,
            "transform_matrix": [
                [
                    -0.9586687088012695,
                    -0.2363034039735794,
                    -0.15847742557525635,
                    -0.6388429403305054
                ],
                [
                    -0.2845248579978943,
                    0.7961929440498352,
                    0.5339686274528503,
                    2.152496337890625
                ],
                [
                    0.0,
                    0.5569897890090942,
                    -0.8305193185806274,
                    -3.347930431365967
                ],
                [
                    0.0,
                    0.0,
                    0.0,
                    1.0
                ]
            ]
        },
        {
            "file_path": "/data/shapenet_blender/all_50_random/02958343/3bf15c48eb9110d16abce8cb03e7794/r_18",
            "rotation": 0.12566370614359174,
            "transform_matrix": [
                [
                    0.47140800952911377,
                    0.22501708567142487,
                    -0.8527261018753052,
                    -3.4374489784240723
                ],
                [
                    -0.881915271282196,
                    0.12027782946825027,
                    -0.45580559968948364,
                    -1.8374111652374268
                ],
                [
                    0.0,
                    0.9669025540351868,
                    0.2551459074020386,
                    1.0285260677337646
                ],
                [
                    0.0,
                    0.0,
                    0.0,
                    1.0
                ]
            ]
        },
        {
            "file_path": "/data/shapenet_blender/all_50_random/02958343/3bf15c48eb9110d16abce8cb03e7794/r_19",
            "rotation": 0.12566370614359174,
            "transform_matrix": [
                [
                    0.4192843437194824,
                    -0.8669116497039795,
                    -0.26956409215927124,
                    -1.086647629737854
                ],
                [
                    -0.9078550934791565,
                    -0.40037500858306885,
                    -0.12449564784765244,
                    -0.5018579959869385
                ],
                [
                    0.0,
                    0.2969241738319397,
                    -0.9549010396003723,
                    -3.8493292331695557
                ],
                [
                    0.0,
                    0.0,
                    0.0,
                    1.0
                ]
            ]
        },
        {
            "file_path": "/data/shapenet_blender/all_50_random/02958343/3bf15c48eb9110d16abce8cb03e7794/r_20",
            "rotation": 0.12566370614359174,
            "transform_matrix": [
                [
                    -0.889488160610199,
                    0.1631922572851181,
                    -0.42682451009750366,
                    -1.7205846309661865
                ],
                [
                    -0.4569583237171173,
                    -0.31766045093536377,
                    0.8308314681053162,
                    3.349188804626465
                ],
                [
                    0.0,
                    0.934055745601654,
                    0.35712724924087524,
                    1.4396259784698486
                ],
                [
                    0.0,
                    0.0,
                    0.0,
                    1.0
                ]
            ]
        },
        {
            "file_path": "/data/shapenet_blender/all_50_random/02958343/3bf15c48eb9110d16abce8cb03e7794/r_21",
            "rotation": 0.12566370614359174,
            "transform_matrix": [
                [
                    -0.9813641905784607,
                    -0.05117801949381828,
                    0.18521694839000702,
                    0.7466334104537964
                ],
                [
                    0.1921575367450714,
                    -0.26137033104896545,
                    0.945918083190918,
                    3.813117742538452
                ],
                [
                    0.0,
                    0.9638808965682983,
                    0.2663336992263794,
                    1.0736254453659058
                ],
                [
                    0.0,
                    0.0,
                    0.0,
                    1.0
                ]
            ]
        },
        {
            "file_path": "/data/shapenet_blender/all_50_random/02958343/3bf15c48eb9110d16abce8cb03e7794/r_22",
            "rotation": 0.12566370614359174,
            "transform_matrix": [
                [
                    0.8838421106338501,
                    -0.1389753818511963,
                    -0.44666436314582825,
                    -1.8005616664886475
                ],
                [
                    -0.46778547763824463,
                    -0.26258254051208496,
                    -0.843935489654541,
                    -3.402012825012207
                ],
                [
                    -7.450581485102248e-09,
                    0.9548487663269043,
                    -0.29709213972091675,
                    -1.197616696357727
                ],
                [
                    0.0,
                    0.0,
                    0.0,
                    1.0
                ]
            ]
        },
        {
            "file_path": "/data/shapenet_blender/all_50_random/02958343/3bf15c48eb9110d16abce8cb03e7794/r_23",
            "rotation": 0.12566370614359174,
            "transform_matrix": [
                [
                    0.9760459661483765,
                    0.010162962600588799,
                    -0.21732711791992188,
                    -0.8760736584663391
                ],
                [
                    -0.2175646424293518,
                    0.04559343308210373,
                    -0.9749804139137268,
                    -3.930271863937378
                ],
                [
                    0.0,
                    0.9989083409309387,
                    0.04671238362789154,
                    0.1883036345243454
                ],
                [
                    0.0,
                    0.0,
                    0.0,
                    1.0
                ]
            ]
        },
        {
            "file_path": "/data/shapenet_blender/all_50_random/02958343/3bf15c48eb9110d16abce8cb03e7794/r_24",
            "rotation": 0.12566370614359174,
            "transform_matrix": [
                [
                    -0.11493352055549622,
                    -0.766404926776886,
                    0.6319917440414429,
                    2.547640562057495
                ],
                [
                    0.9933732748031616,
                    -0.08867322653532028,
                    0.0731215849518776,
                    0.29476258158683777
                ],
                [
                    3.725290742551124e-09,
                    0.6362078189849854,
                    0.7715176343917847,
                    3.1100873947143555
                ],
                [
                    0.0,
                    0.0,
                    0.0,
                    1.0
                ]
            ]
        },
        {
            "file_path": "/data/shapenet_blender/all_50_random/02958343/3bf15c48eb9110d16abce8cb03e7794/r_25",
            "rotation": 0.12566370614359174,
            "transform_matrix": [
                [
                    0.7108142971992493,
                    -0.43479543924331665,
                    0.5528977513313293,
                    2.22880220413208
                ],
                [
                    0.70337975025177,
                    0.4393911361694336,
                    -0.5587417483329773,
                    -2.2523601055145264
                ],
                [
                    0.0,
                    0.7860586643218994,
                    0.618151843547821,
                    2.491849899291992
                ],
                [
                    0.0,
                    0.0,
                    0.0,
                    1.0
                ]
            ]
        },
        {
            "file_path": "/data/shapenet_blender/all_50_random/02958343/3bf15c48eb9110d16abce8cb03e7794/r_26",
            "rotation": 0.12566370614359174,
            "transform_matrix": [
                [
                    0.40529781579971313,
                    -0.4908432066440582,
                    0.7712370157241821,
                    3.1089560985565186
                ],
                [
                    0.9141848087310791,
                    0.21761208772659302,
                    -0.3419228196144104,
                    -1.3783351182937622
                ],
                [
                    -1.4901162970204496e-08,
                    0.8436337113380432,
                    0.5369189977645874,
                    2.1643898487091064
                ],
                [
                    0.0,
                    0.0,
                    0.0,
                    1.0
                ]
            ]
        },
        {
            "file_path": "/data/shapenet_blender/all_50_random/02958343/3bf15c48eb9110d16abce8cb03e7794/r_27",
            "rotation": 0.12566370614359174,
            "transform_matrix": [
                [
                    -0.9999580979347229,
                    -0.007387993857264519,
                    0.005404143128544092,
                    0.021784797310829163
                ],
                [
                    0.009153535589575768,
                    -0.8070852756500244,
                    0.5903638601303101,
                    2.3798327445983887
                ],
                [
                    0.0,
                    0.5903886556625366,
                    0.8071191310882568,
                    3.253601312637329
                ],
                [
                    0.0,
                    0.0,
                    0.0,
                    1.0
                ]
            ]
        },
        {
            "file_path": "/data/shapenet_blender/all_50_random/02958343/3bf15c48eb9110d16abce8cb03e7794/r_28",
            "rotation": 0.12566370614359174,
            "transform_matrix": [
                [
                    0.051713477820158005,
                    0.13789747655391693,
                    -0.9890955090522766,
                    -3.9871716499328613
                ],
                [
                    -0.9986620545387268,
                    0.007140711881220341,
                    -0.05121809244155884,
                    -0.20646673440933228
                ],
                [
                    0.0,
                    0.9904207587242126,
                    0.13808223605155945,
                    0.5566272735595703
                ],
                [
                    0.0,
                    0.0,
                    0.0,
                    1.0
                ]
            ]
        },
        {
            "file_path": "/data/shapenet_blender/all_50_random/02958343/3bf15c48eb9110d16abce8cb03e7794/r_29",
            "rotation": 0.12566370614359174,
            "transform_matrix": [
                [
                    -0.7784640789031982,
                    0.35012155771255493,
                    0.5209687948226929,
                    2.1000924110412598
                ],
                [
                    0.6276890635490417,
                    0.4342230558395386,
                    0.6461089253425598,
                    2.604548215866089
                ],
                [
                    0.0,
                    0.8299790620803833,
                    -0.5577945113182068,
                    -2.2485415935516357
                ],
                [
                    0.0,
                    0.0,
                    0.0,
                    1.0
                ]
            ]
        },
        {
            "file_path": "/data/shapenet_blender/all_50_random/02958343/3bf15c48eb9110d16abce8cb03e7794/r_30",
            "rotation": 0.12566370614359174,
            "transform_matrix": [
                [
                    0.25725409388542175,
                    0.22933387756347656,
                    0.9387365579605103,
                    3.784168004989624
                ],
                [
                    0.9663438200950623,
                    -0.06105184555053711,
                    -0.24990466237068176,
                    -1.0073978900909424
                ],
                [
                    -7.450580596923828e-09,
                    0.9714312553405762,
                    -0.2373211830854416,
                    -0.9566723108291626
                ],
                [
                    0.0,
                    0.0,
                    0.0,
                    1.0
                ]
            ]
        },
        {
            "file_path": "/data/shapenet_blender/all_50_random/02958343/3bf15c48eb9110d16abce8cb03e7794/r_31",
            "rotation": 0.12566370614359174,
            "transform_matrix": [
                [
                    0.9823535084724426,
                    0.002917084377259016,
                    0.18701109290122986,
                    0.7538658380508423
                ],
                [
                    0.18703386187553406,
                    -0.015321333892643452,
                    -0.9822339415550232,
                    -3.9595117568969727
                ],
                [
                    0.0,
                    0.999878466129303,
                    -0.015596556477248669,
                    -0.06287173181772232
                ],
                [
                    0.0,
                    0.0,
                    0.0,
                    1.0
                ]
            ]
        },
        {
            "file_path": "/data/shapenet_blender/all_50_random/02958343/3bf15c48eb9110d16abce8cb03e7794/r_32",
            "rotation": 0.12566370614359174,
            "transform_matrix": [
                [
                    -0.9694802165031433,
                    -0.1552279144525528,
                    0.18976908922195435,
                    0.7649836540222168
                ],
                [
                    0.24516935646533966,
                    -0.6138222217559814,
                    0.7504093647003174,
                    3.0249969959259033
                ],
                [
                    0.0,
                    0.7740326523780823,
                    0.6331456303596497,
                    2.5522916316986084
                ],
                [
                    0.0,
                    0.0,
                    0.0,
                    1.0
                ]
            ]
        },
        {
            "file_path": "/data/shapenet_blender/all_50_random/02958343/3bf15c48eb9110d16abce8cb03e7794/r_33",
            "rotation": 0.12566370614359174,
            "transform_matrix": [
                [
                    -0.6779535412788391,
                    0.733493983745575,
                    -0.04863635450601578,
                    -0.1960594356060028
                ],
                [
                    -0.7351047992706299,
                    -0.6764679551124573,
                    0.044855084270238876,
                    0.180816650390625
                ],
                [
                    0.0,
                    0.06616263091564178,
                    0.9978088140487671,
                    4.02229642868042
                ],
                [
                    0.0,
                    0.0,
                    0.0,
                    1.0
                ]
            ]
        },
        {
            "file_path": "/data/shapenet_blender/all_50_random/02958343/3bf15c48eb9110d16abce8cb03e7794/r_34",
            "rotation": 0.12566370614359174,
            "transform_matrix": [
                [
                    0.9021449089050293,
                    -0.27071329951286316,
                    0.3359300196170807,
                    1.3541772365570068
                ],
                [
                    0.4314332604408264,
                    0.5660727620124817,
                    -0.7024435997009277,
                    -2.8316407203674316
                ],
                [
                    -1.4901161193847656e-08,
                    0.7786373496055603,
                    0.6274742484092712,
                    2.5294296741485596
                ],
                [
                    0.0,
                    0.0,
                    0.0,
                    1.0
                ]
            ]
        },
        {
            "file_path": "/data/shapenet_blender/all_50_random/02958343/3bf15c48eb9110d16abce8cb03e7794/r_35",
            "rotation": 0.12566370614359174,
            "transform_matrix": [
                [
                    0.8996506929397583,
                    -0.2030307501554489,
                    -0.3865322470664978,
                    -1.5581613779067993
                ],
                [
                    -0.4366104304790497,
                    -0.41835176944732666,
                    -0.7964628338813782,
                    -3.210644483566284
                ],
                [
                    0.0,
                    0.8853023648262024,
                    -0.4650157392024994,
                    -1.8745384216308594
                ],
                [
                    0.0,
                    0.0,
                    0.0,
                    1.0
                ]
            ]
        },
        {
            "file_path": "/data/shapenet_blender/all_50_random/02958343/3bf15c48eb9110d16abce8cb03e7794/r_36",
            "rotation": 0.12566370614359174,
            "transform_matrix": [
                [
                    0.8277984857559204,
                    0.020830927416682243,
                    0.5606388449668884,
                    2.260007381439209
                ],
                [
                    0.5610256791114807,
                    -0.030736219137907028,
                    -0.8272275924682617,
                    -3.3346610069274902
                ],
                [
                    1.862645371275562e-09,
                    0.9993103742599487,
                    -0.03713008016347885,
                    -0.1496761441230774
                ],
                [
                    0.0,
                    0.0,
                    0.0,
                    1.0
                ]
            ]
        },
        {
            "file_path": "/data/shapenet_blender/all_50_random/02958343/3bf15c48eb9110d16abce8cb03e7794/r_37",
            "rotation": 0.12566370614359174,
            "transform_matrix": [
                [
                    0.5279314517974854,
                    0.8259792923927307,
                    -0.19760224223136902,
                    -0.7965601682662964
                ],
                [
                    -0.8492870330810547,
                    0.5134429335594177,
                    -0.12283296138048172,
                    -0.49515554308891296
                ],
                [
                    -7.450580596923828e-09,
                    0.23266848921775818,
                    0.9725560545921326,
                    3.920499086380005
                ],
                [
                    0.0,
                    0.0,
                    0.0,
                    1.0
                ]
            ]
        },
        {
            "file_path": "/data/shapenet_blender/all_50_random/02958343/3bf15c48eb9110d16abce8cb03e7794/r_38",
            "rotation": 0.12566370614359174,
            "transform_matrix": [
                [
                    0.0019014747813344002,
                    0.8474299311637878,
                    -0.5309038162231445,
                    -2.140141725540161
                ],
                [
                    -0.9999982118606567,
                    0.0016113694291561842,
                    -0.0010095019824802876,
                    -0.004069432616233826
                ],
                [
                    0.0,
                    0.5309047102928162,
                    0.847431480884552,
                    3.4161055088043213
                ],
                [
                    0.0,
                    0.0,
                    0.0,
                    1.0
                ]
            ]
        },
        {
            "file_path": "/data/shapenet_blender/all_50_random/02958343/3bf15c48eb9110d16abce8cb03e7794/r_39",
            "rotation": 0.12566370614359174,
            "transform_matrix": [
                [
                    -0.06428929418325424,
                    -0.3927094042301178,
                    -0.9174128174781799,
                    -3.698209285736084
                ],
                [
                    -0.9979313611984253,
                    0.025299344211816788,
                    0.05910208076238632,
                    0.23824810981750488
                ],
                [
                    0.0,
                    0.9193146228790283,
                    -0.39352351427078247,
                    -1.5863440036773682
                ],
                [
                    0.0,
                    0.0,
                    0.0,
                    1.0
                ]
            ]
        },
        {
            "file_path": "/data/shapenet_blender/all_50_random/02958343/3bf15c48eb9110d16abce8cb03e7794/r_40",
            "rotation": 0.12566370614359174,
            "transform_matrix": [
                [
                    0.9990922212600708,
                    -0.0032804168295115232,
                    0.0424749031662941,
                    0.17122185230255127
                ],
                [
                    0.04260139912366867,
                    0.07693265378475189,
                    -0.9961256384849548,
                    -4.015511512756348
                ],
                [
                    2.3283067140944524e-10,
                    0.9970308542251587,
                    0.07700255513191223,
                    0.3104073107242584
                ],
                [
                    0.0,
                    0.0,
                    0.0,
                    1.0
                ]
            ]
        },
        {
            "file_path": "/data/shapenet_blender/all_50_random/02958343/3bf15c48eb9110d16abce8cb03e7794/r_41",
            "rotation": 0.12566370614359174,
            "transform_matrix": [
                [
                    0.9997590184211731,
                    -0.0018327987054362893,
                    -0.021877678111195564,
                    -0.08819174766540527
                ],
                [
                    -0.02195431850850582,
                    -0.08346226066350937,
                    -0.9962689876556396,
                    -4.016088962554932
                ],
                [
                    0.0,
                    0.9965091943740845,
                    -0.08348237723112106,
