{
    "class": "02958343",
    "model": "d894c407d7fcca0d36294458115cf41c",
    "remove_doubles": true,
    "edge_split": true,
    "denoise": true,
    "camera_angle_x": 0.6911112070083618,
    "scale_factor": 2.3185636726504426,
    "hdri_file": "/data/IndoorHDRDataset2018/9C4A7097-b6c7093aa5.exr",
    "center_offset": [
        0.0,
        0.0,
        -1.5133991837501526e-09
    ],
    "lights": [],
    "frames": [
        {
            "file_path": "/data/shapenet_blender/all_50_random/02958343/d894c407d7fcca0d36294458115cf41c/r_0",
            "rotation": 0.12566370614359174,
            "transform_matrix": [
                [
                    -0.3785112798213959,
                    0.08435705304145813,
                    -0.9217445850372314,
                    -3.7156713008880615
                ],
                [
                    -0.9255967140197754,
                    -0.034496769309043884,
                    0.37693601846694946,
                    1.5194777250289917
                ],
                [
                    0.0,
                    0.9958382844924927,
                    0.09113802760839462,
                    0.36738914251327515
                ],
                [
                    0.0,
                    0.0,
                    0.0,
                    1.0
                ]
            ]
        },
        {
            "file_path": "/data/shapenet_blender/all_50_random/02958343/d894c407d7fcca0d36294458115cf41c/r_1",
            "rotation": 0.12566370614359174,
            "transform_matrix": [
                [
                    0.3544864058494568,
                    0.04376808926463127,
                    0.9340362548828125,
                    3.7652206420898438
                ],
                [
                    0.9350612163543701,
                    -0.01659270003437996,
                    -0.35409781336784363,
                    -1.4274139404296875
                ],
                [
                    -9.313225746154785e-10,
                    0.9989038705825806,
                    -0.046807728707790375,
                    -0.1886879950761795
                ],
                [
                    0.0,
                    0.0,
                    0.0,
                    1.0
                ]
            ]
        },
        {
            "file_path": "/data/shapenet_blender/all_50_random/02958343/d894c407d7fcca0d36294458115cf41c/r_2",
            "rotation": 0.12566370614359174,
            "transform_matrix": [
                [
                    0.9044528603553772,
                    0.03898629918694496,
                    -0.4247884750366211,
                    -1.7123770713806152
                ],
                [
                    -0.426573783159256,
                    0.08266159147024155,
                    -0.9006674885749817,
                    -3.630706787109375
                ],
                [
                    0.0,
                    0.995814859867096,
                    0.09139402955770493,
                    0.36842110753059387
                ],
                [
                    0.0,
                    0.0,
                    0.0,
                    1.0
                ]
            ]
        },
        {
            "file_path": "/data/shapenet_blender/all_50_random/02958343/d894c407d7fcca0d36294458115cf41c/r_3",
            "rotation": 0.12566370614359174,
            "transform_matrix": [
                [
                    0.978779673576355,
                    0.022573400288820267,
                    -0.20366807281970978,
                    -0.8210122585296631
                ],
                [
                    -0.20491521060466766,
                    0.10782208293676376,
                    -0.9728227257728577,
                    -3.9215738773345947
                ],
                [
                    -1.862645149230957e-09,
                    0.9939138293266296,
                    0.11015970259904861,
                    0.44406795501708984
                ],
                [
                    0.0,
                    0.0,
                    0.0,
                    1.0
                ]
            ]
        },
        {
            "file_path": "/data/shapenet_blender/all_50_random/02958343/d894c407d7fcca0d36294458115cf41c/r_4",
            "rotation": 0.12566370614359174,
            "transform_matrix": [
                [
                    -0.5888295769691467,
                    0.41565126180648804,
                    -0.6931910514831543,
                    -2.794342517852783
                ],
                [
                    -0.8082571625709534,
                    -0.3028092384338379,
                    0.5050018429756165,
                    2.0357275009155273
                ],
                [
                    0.0,
                    0.8576366901397705,
                    0.5142561197280884,
                    2.0730326175689697
                ],
                [
                    0.0,
                    0.0,
                    0.0,
                    1.0
                ]
            ]
        },
        {
            "file_path": "/data/shapenet_blender/all_50_random/02958343/d894c407d7fcca0d36294458115cf41c/r_5",
            "rotation": 0.12566370614359174,
            "transform_matrix": [
                [
                    0.7998293042182922,
                    -0.14712432026863098,
                    -0.5819171071052551,
                    -2.345783233642578
                ],
                [
                    -0.6002276539802551,
                    -0.1960495263338089,
                    -0.7754297256469727,
                    -3.125857353210449
                ],
                [
                    0.0,
                    0.969494104385376,
                    -0.24511423707008362,
                    -0.9880871772766113
                ],
                [
                    0.0,
                    0.0,
                    0.0,
                    1.0
                ]
            ]
        },
        {
            "file_path": "/data/shapenet_blender/all_50_random/02958343/d894c407d7fcca0d36294458115cf41c/r_6",
            "rotation": 0.12566370614359174,
            "transform_matrix": [
                [
                    -0.8349232077598572,
                    -0.1658618301153183,
                    0.5247790813446045,
                    2.115452289581299
                ],
                [
                    0.5503665208816528,
                    -0.25161755084991455,
                    0.7961062788963318,
                    3.20920729637146
                ],
                [
                    0.0,
                    0.9535084366798401,
                    0.3013661503791809,
                    1.214845895767212
                ],
                [
                    0.0,
                    0.0,
                    0.0,
                    1.0
                ]
            ]
        },
        {
            "file_path": "/data/shapenet_blender/all_50_random/02958343/d894c407d7fcca0d36294458115cf41c/r_7",
            "rotation": 0.12566370614359174,
            "transform_matrix": [
                [
                    -0.5212568044662476,
                    0.6036347150802612,
                    0.6032548546791077,
                    2.431798219680786
                ],
                [
                    0.8533998727798462,
                    0.368700236082077,
                    0.36846819519996643,
                    1.4853428602218628
                ],
                [
                    -1.4901161193847656e-08,
                    0.7068841457366943,
                    -0.707329273223877,
                    -2.8513355255126953
                ],
                [
                    0.0,
                    0.0,
                    0.0,
                    1.0
                ]
            ]
        },
        {
            "file_path": "/data/shapenet_blender/all_50_random/02958343/d894c407d7fcca0d36294458115cf41c/r_8",
            "rotation": 0.12566370614359174,
            "transform_matrix": [
                [
                    0.7217144966125488,
                    -0.5526766777038574,
                    0.41674521565437317,
                    1.6799538135528564
                ],
                [
                    0.6921908259391785,
                    0.5762497186660767,
                    -0.43452051281929016,
                    -1.7516083717346191
                ],
                [
                    4.470348002882929e-08,
                    0.6020669937133789,
                    0.798445463180542,
                    3.2186367511749268
                ],
                [
                    0.0,
                    0.0,
                    0.0,
                    1.0
                ]
            ]
        },
        {
            "file_path": "/data/shapenet_blender/all_50_random/02958343/d894c407d7fcca0d36294458115cf41c/r_9",
            "rotation": 0.12566370614359174,
            "transform_matrix": [
                [
                    -0.4778153598308563,
                    0.37533432245254517,
                    -0.7942395806312561,
                    -3.2016823291778564
                ],
                [
                    -0.8784602880477905,
                    -0.20415322482585907,
                    0.43200573325157166,
                    1.7414709329605103
                ],
                [
                    0.0,
                    0.9041270017623901,
                    0.4272637963294983,
                    1.722355604171753
                ],
                [
                    0.0,
                    0.0,
                    0.0,
                    1.0
                ]
            ]
        },
        {
            "file_path": "/data/shapenet_blender/all_50_random/02958343/d894c407d7fcca0d36294458115cf41c/r_10",
            "rotation": 0.12566370614359174,
            "transform_matrix": [
                [
                    -0.8377749919891357,
                    0.012439370155334473,
                    0.5458739995956421,
                    2.200488567352295
                ],
                [
                    0.5460157990455627,
                    0.01908624917268753,
                    0.8375574350357056,
                    3.3763020038604736
                ],
                [
                    0.0,
                    0.9997404217720032,
                    -0.02278207242488861,
                    -0.09183747321367264
                ],
                [
                    0.0,
                    0.0,
                    0.0,
                    1.0
                ]
            ]
        },
        {
            "file_path": "/data/shapenet_blender/all_50_random/02958343/d894c407d7fcca0d36294458115cf41c/r_11",
            "rotation": 0.12566370614359174,
            "transform_matrix": [
                [
                    0.9264149069786072,
                    0.3187103271484375,
                    0.20044700801372528,
                    0.8080277442932129
                ],
                [
                    0.37650400400161743,
                    -0.7842094302177429,
                    -0.4932141602039337,
                    -1.988209843635559
                ],
                [
                    -1.4901160305669237e-08,
                    0.5323899984359741,
                    -0.8464990258216858,
                    -3.412346839904785
                ],
                [
                    0.0,
                    0.0,
                    0.0,
                    1.0
                ]
            ]
        },
        {
            "file_path": "/data/shapenet_blender/all_50_random/02958343/d894c407d7fcca0d36294458115cf41c/r_12",
            "rotation": 0.12566370614359174,
            "transform_matrix": [
                [
                    0.31804633140563965,
                    -0.5311810970306396,
                    -0.7852981090545654,
                    -3.165637969970703
                ],
                [
                    -0.9480752348899841,
                    -0.17819282412528992,
                    -0.26344025135040283,
                    -1.0619616508483887
                ],
                [
                    0.0,
                    0.8283078670501709,
                    -0.5602732300758362,
                    -2.2585337162017822
                ],
                [
                    0.0,
                    0.0,
                    0.0,
                    1.0
                ]
            ]
        },
        {
            "file_path": "/data/shapenet_blender/all_50_random/02958343/d894c407d7fcca0d36294458115cf41c/r_13",
            "rotation": 0.12566370614359174,
            "transform_matrix": [
                [
                    0.16060355305671692,
                    -0.5784134864807129,
                    -0.7997776865959167,
                    -3.2240071296691895
                ],
                [
                    -0.9870190024375916,
                    -0.09411699324846268,
                    -0.1301364302635193,
                    -0.5245968103408813
                ],
                [
                    -7.450580596923828e-09,
                    0.8102961182594299,
                    -0.5860205292701721,
                    -2.3623244762420654
                ],
                [
                    0.0,
                    0.0,
                    0.0,
                    1.0
                ]
            ]
        },
        {
            "file_path": "/data/shapenet_blender/all_50_random/02958343/d894c407d7fcca0d36294458115cf41c/r_14",
            "rotation": 0.12566370614359174,
            "transform_matrix": [
                [
                    -0.7437101602554321,
                    0.011875469237565994,
                    0.6683966517448425,
                    2.6943929195404053
                ],
                [
                    0.6685020923614502,
                    0.013211487792432308,
                    0.7435928583145142,
                    2.997518539428711
                ],
                [
                    0.0,
                    0.9998421669006348,
                    -0.017764294520020485,
                    -0.07161016017198563
                ],
                [
                    0.0,
                    0.0,
                    0.0,
                    1.0
                ]
            ]
        },
        {
            "file_path": "/data/shapenet_blender/all_50_random/02958343/d894c407d7fcca0d36294458115cf41c/r_15",
            "rotation": 0.12566370614359174,
            "transform_matrix": [
                [
                    -0.8066537380218506,
                    -0.028658319264650345,
                    -0.5903290510177612,
                    -2.379692792892456
                ],
                [
                    -0.5910243391990662,
                    0.03911402076482773,
                    0.8057047724723816,
                    3.2479000091552734
                ],
                [
                    -1.862645149230957e-09,
                    0.9988236427307129,
                    -0.04848923534154892,
                    -0.19546636939048767
                ],
                [
                    0.0,
                    0.0,
                    0.0,
                    1.0
                ]
            ]
        },
        {
            "file_path": "/data/shapenet_blender/all_50_random/02958343/d894c407d7fcca0d36294458115cf41c/r_16",
            "rotation": 0.12566370614359174,
            "transform_matrix": [
                [
                    -0.21689879894256592,
                    0.11799544841051102,
                    0.9690365791320801,
                    3.906311511993408
                ],
                [
                    0.9761941432952881,
                    0.02621719241142273,
                    0.21530845761299133,
                    0.8679361343383789
                ],
                [
                    0.0,
                    0.9926679134368896,
                    -0.12087294459342957,
                    -0.48725441098213196
                ],
                [
                    0.0,
                    0.0,
                    0.0,
                    1.0
                ]
            ]
        },
        {
            "file_path": "/data/shapenet_blender/all_50_random/02958343/d894c407d7fcca0d36294458115cf41c/r_17",
            "rotation": 0.12566370614359174,
            "transform_matrix": [
                [
                    0.9662542343139648,
                    0.005315625574439764,
                    0.2575353682041168,
                    1.0381582975387573
                ],
                [
                    0.2575902044773102,
                    -0.0199396014213562,
                    -0.966048538684845,
                    -3.894266128540039
                ],
                [
                    0.0,
                    0.9997869729995728,
                    -0.020635979250073433,
                    -0.08318629115819931
                ],
                [
                    0.0,
                    0.0,
                    0.0,
                    1.0
                ]
            ]
        },
        {
            "file_path": "/data/shapenet_blender/all_50_random/02958343/d894c407d7fcca0d36294458115cf41c/r_18",
            "rotation": 0.12566370614359174,
            "transform_matrix": [
                [
                    0.6115828156471252,
                    -0.6982573866844177,
                    -0.3720254898071289,
                    -1.4996826648712158
                ],
                [
                    -0.7911803722381592,
                    -0.5397533178329468,
                    -0.2875758707523346,
                    -1.1592553853988647
                ],
                [
                    -1.4901160305669237e-08,
                    0.4702158272266388,
                    -0.8825514912605286,
                    -3.557678699493408
                ],
                [
                    0.0,
                    0.0,
                    0.0,
                    1.0
                ]
            ]
        },
        {
            "file_path": "/data/shapenet_blender/all_50_random/02958343/d894c407d7fcca0d36294458115cf41c/r_19",
            "rotation": 0.12566370614359174,
            "transform_matrix": [
                [
                    -0.46731075644493103,
                    -0.3711991310119629,
                    -0.8023912906646729,
                    -3.2345428466796875
                ],
                [
                    -0.8840931057929993,
                    0.19620710611343384,
                    0.4241251051425934,
                    1.709702968597412
                ],
                [
                    0.0,
                    0.9075868725776672,
                    -0.419864296913147,
                    -1.692527174949646
                ],
                [
                    0.0,
                    0.0,
                    0.0,
                    1.0
                ]
            ]
        },
        {
            "file_path": "/data/shapenet_blender/all_50_random/02958343/d894c407d7fcca0d36294458115cf41c/r_20",
            "rotation": 0.12566370614359174,
            "transform_matrix": [
                [
                    0.6987143754959106,
                    -0.466565877199173,
                    -0.5423231720924377,
                    -2.1861746311187744
                ],
                [
                    -0.7154006958007812,
                    -0.45568352937698364,
                    -0.5296738147735596,
                    -2.135183334350586
                ],
                [
                    -1.4901161193847656e-08,
                    0.7580690979957581,
                    -0.652174174785614,
                    -2.628998279571533
                ],
                [
                    0.0,
                    0.0,
                    0.0,
                    1.0
                ]
            ]
        },
        {
            "file_path": "/data/shapenet_blender/all_50_random/02958343/d894c407d7fcca0d36294458115cf41c/r_21",
            "rotation": 0.12566370614359174,
            "transform_matrix": [
                [
                    -0.7694689631462097,
                    -0.02948402613401413,
                    -0.6380032896995544,
                    -2.571873188018799
                ],
                [
                    -0.6386841535568237,
                    0.03552154079079628,
                    0.7686487436294556,
                    3.0985217094421387
                ],
                [
                    0.0,
                    0.9989339113235474,
                    -0.046163711696863174,
                    -0.1860918551683426
                ],
                [
                    0.0,
                    0.0,
                    0.0,
                    1.0
                ]
            ]
        },
        {
            "file_path": "/data/shapenet_blender/all_50_random/02958343/d894c407d7fcca0d36294458115cf41c/r_22",
            "rotation": 0.12566370614359174,
            "transform_matrix": [
                [
                    -0.8207473158836365,
                    -0.2465921938419342,
                    -0.515330970287323,
                    -2.0773656368255615
                ],
                [
                    -0.5712912082672119,
                    0.3542674481868744,
                    0.7403517961502075,
                    2.9844534397125244
                ],
                [
                    1.4901160305669237e-08,
                    0.9020459055900574,
                    -0.43164005875587463,
                    -1.7399967908859253
                ],
                [
                    0.0,
                    0.0,
                    0.0,
                    1.0
                ]
            ]
        },
        {
            "file_path": "/data/shapenet_blender/all_50_random/02958343/d894c407d7fcca0d36294458115cf41c/r_23",
            "rotation": 0.12566370614359174,
            "transform_matrix": [
                [
                    -0.1439255028963089,
                    0.6723995804786682,
                    -0.7260606288909912,
                    -2.926844358444214
                ],
                [
                    -0.9895886182785034,
                    -0.09779361635446548,
                    0.1055980697274208,
                    0.425679475069046
                ],
                [
                    0.0,
                    0.7336995005607605,
                    0.679473876953125,
                    2.739047050476074
                ],
                [
                    0.0,
                    0.0,
                    0.0,
                    1.0
                ]
            ]
        },
        {
            "file_path": "/data/shapenet_blender/all_50_random/02958343/d894c407d7fcca0d36294458115cf41c/r_24",
            "rotation": 0.12566370614359174,
            "transform_matrix": [
                [
                    -0.8271960020065308,
                    0.4501104950904846,
                    0.33637380599975586,
                    1.355966329574585
                ],
                [
                    0.5619135499000549,
                    0.6626100540161133,
                    0.4951777160167694,
                    1.996125340461731
                ],
                [
                    1.4901162970204496e-08,
                    0.5986220240592957,
                    -0.8010315299034119,
                    -3.2290616035461426
                ],
                [
                    0.0,
                    0.0,
                    0.0,
                    1.0
                ]
            ]
        },
        {
            "file_path": "/data/shapenet_blender/all_50_random/02958343/d894c407d7fcca0d36294458115cf41c/r_25",
            "rotation": 0.12566370614359174,
            "transform_matrix": [
                [
                    -0.9958353638648987,
                    0.04697854071855545,
                    -0.07813292741775513,
                    -0.3149639368057251
                ],
                [
                    -0.09116873145103455,
                    -0.5131462216377258,
                    0.8534454107284546,
                    3.4403486251831055
                ],
                [
                    0.0,
                    0.8570144772529602,
                    0.515292227268219,
                    2.077209711074829
                ],
                [
                    0.0,
                    0.0,
                    0.0,
                    1.0
                ]
            ]
        },
        {
            "file_path": "/data/shapenet_blender/all_50_random/02958343/d894c407d7fcca0d36294458115cf41c/r_26",
            "rotation": 0.12566370614359174,
            "transform_matrix": [
                [
                    0.4196648895740509,
                    0.031194549053907394,
                    0.9071429371833801,
                    3.6568100452423096
                ],
                [
                    0.9076791405677795,
                    -0.014422779902815819,
                    -0.41941696405410767,
                    -1.6907238960266113
                ],
                [
                    0.0,
                    0.9994091987609863,
                    -0.03436737507581711,
                    -0.13853931427001953
                ],
                [
                    0.0,
                    0.0,
                    0.0,
                    1.0
                ]
            ]
        },
        {
            "file_path": "/data/shapenet_blender/all_50_random/02958343/d894c407d7fcca0d36294458115cf41c/r_27",
            "rotation": 0.12566370614359174,
            "transform_matrix": [
                [
                    0.10079574584960938,
                    -0.08604320138692856,
                    -0.9911794662475586,
                    -3.995572090148926
                ],
                [
                    -0.9949071407318115,
                    -0.008717183023691177,
                    -0.1004180833697319,
                    -0.4047982096672058
                ],
                [
                    9.313225746154785e-10,
                    0.9962531924247742,
                    -0.08648364990949631,
                    -0.3486267328262329
                ],
                [
                    0.0,
                    0.0,
                    0.0,
                    1.0
                ]
            ]
        },
        {
            "file_path": "/data/shapenet_blender/all_50_random/02958343/d894c407d7fcca0d36294458115cf41c/r_28",
            "rotation": 0.12566370614359174,
            "transform_matrix": [
                [
                    0.32873326539993286,
                    0.753115177154541,
                    0.5698701739311218,
                    2.297220230102539
                ],
                [
                    0.944422721862793,
                    -0.26214319467544556,
                    -0.19835957884788513,
                    -0.7996130585670471
                ],
                [
                    -2.9802317058624794e-08,
                    0.6034057140350342,
                    -0.7974343299865723,
                    -3.2145605087280273
                ],
                [
                    0.0,
                    0.0,
                    0.0,
                    1.0
                ]
            ]
        },
        {
            "file_path": "/data/shapenet_blender/all_50_random/02958343/d894c407d7fcca0d36294458115cf41c/r_29",
            "rotation": 0.12566370614359174,
            "transform_matrix": [
                [
                    -0.40538114309310913,
                    -0.8958722352981567,
                    0.18187658488750458,
                    0.7331679463386536
                ],
                [
                    0.9141477346420288,
                    -0.3972768485546112,
                    0.08065364509820938,
                    0.32512524724006653
                ],
                [
                    0.0,
                    0.19895751774311066,
                    0.9800081253051758,
                    3.9505388736724854
                ],
                [
                    0.0,
                    0.0,
                    0.0,
                    1.0
                ]
            ]
        },
        {
            "file_path": "/data/shapenet_blender/all_50_random/02958343/d894c407d7fcca0d36294458115cf41c/r_30",
            "rotation": 0.12566370614359174,
            "transform_matrix": [
                [
                    -0.7429119348526001,
                    0.08930880576372147,
                    -0.6634047031402588,
                    -2.674269914627075
                ],
                [
                    -0.6693892478942871,
                    -0.09911809116601944,
                    0.7362701296806335,
                    2.9679999351501465
                ],
                [
                    0.0,
                    0.9910597801208496,
                    0.13341835141181946,
                    0.5378265976905823
                ],
                [
                    0.0,
                    0.0,
                    0.0,
                    1.0
                ]
            ]
        },
        {
            "file_path": "/data/shapenet_blender/all_50_random/02958343/d894c407d7fcca0d36294458115cf41c/r_31",
            "rotation": 0.12566370614359174,
            "transform_matrix": [
                [
                    0.7608601450920105,
                    -0.20583698153495789,
                    0.6154047250747681,
                    2.480775833129883
                ],
                [
                    0.6489159464836121,
                    0.2413458228111267,
                    -0.7215679287910461,
                    -2.908733367919922
                ],
                [
                    0.0,
                    0.9483581781387329,
                    0.31720128655433655,
                    1.2786792516708374
                ],
                [
                    0.0,
                    0.0,
                    0.0,
                    1.0
                ]
            ]
        },
        {
            "file_path": "/data/shapenet_blender/all_50_random/02958343/d894c407d7fcca0d36294458115cf41c/r_32",
            "rotation": 0.12566370614359174,
            "transform_matrix": [
                [
                    0.280241459608078,
                    0.7497968673706055,
                    0.5993907451629639,
                    2.4162213802337646
                ],
                [
                    0.9599295258522034,
                    -0.21889542043209076,
                    -0.17498591542243958,
                    -0.7053908109664917
                ],
                [
                    0.0,
                    0.6244111657142639,
                    -0.7810958027839661,
                    -3.148697853088379
                ],
                [
                    0.0,
                    0.0,
                    0.0,
                    1.0
                ]
            ]
        },
        {
            "file_path": "/data/shapenet_blender/all_50_random/02958343/d894c407d7fcca0d36294458115cf41c/r_33",
            "rotation": 0.12566370614359174,
            "transform_matrix": [
                [
                    0.555861234664917,
                    -0.03449371084570885,
                    0.8305591344833374,
                    3.348090648651123
                ],
                [
                    0.8312749862670898,
                    0.023065432906150818,
                    -0.5553826093673706,
                    -2.238818645477295
                ],
                [
                    1.8626450382086546e-09,
                    0.999138593673706,
                    0.0414949469268322,
                    0.1672714650630951
                ],
                [
                    0.0,
                    0.0,
                    0.0,
                    1.0
                ]
            ]
        },
        {
            "file_path": "/data/shapenet_blender/all_50_random/02958343/d894c407d7fcca0d36294458115cf41c/r_34",
            "rotation": 0.12566370614359174,
            "transform_matrix": [
                [
                    -0.9414197206497192,
                    0.10394410789012909,
                    -0.32081863284111023,
                    -1.2932614088058472
                ],
                [
                    -0.33723732829093933,
                    -0.2901666760444641,
                    0.8955859541893005,
                    3.610222578048706
                ],
                [
                    7.450581485102248e-09,
                    0.9513142108917236,
                    0.3082224428653717,
                    1.2424845695495605
                ],
                [
                    0.0,
                    0.0,
                    0.0,
                    1.0
                ]
            ]
        },
        {
            "file_path": "/data/shapenet_blender/all_50_random/02958343/d894c407d7fcca0d36294458115cf41c/r_35",
            "rotation": 0.12566370614359174,
            "transform_matrix": [
                [
                    -0.34985509514808655,
                    -0.5913290977478027,
                    -0.7265886664390564,
                    -2.9289729595184326
                ],
                [
                    -0.9368038773536682,
                    0.22083544731140137,
                    0.2713489532470703,
                    1.0938427448272705
                ],
                [
                    0.0,
                    0.7756039500236511,
                    -0.631219744682312,
                    -2.5445284843444824
                ],
                [
                    0.0,
                    0.0,
                    0.0,
                    1.0
                ]
            ]
        },
        {
            "file_path": "/data/shapenet_blender/all_50_random/02958343/d894c407d7fcca0d36294458115cf41c/r_36",
            "rotation": 0.12566370614359174,
            "transform_matrix": [
                [
                    -0.8405202627182007,
                    -0.09026733040809631,
                    0.5342074036598206,
                    2.153458833694458
                ],
                [
                    0.5417802333831787,
                    -0.14004115760326385,
                    0.8287718296051025,
                    3.340885877609253
                ],
                [
                    7.450580596923828e-09,
                    0.9860223531723022,
                    0.16661250591278076,
                    0.6716364622116089
                ],
                [
                    0.0,
                    0.0,
                    0.0,
                    1.0
                ]
            ]
        },
        {
            "file_path": "/data/shapenet_blender/all_50_random/02958343/d894c407d7fcca0d36294458115cf41c/r_37",
            "rotation": 0.12566370614359174,
            "transform_matrix": [
                [
                    0.9371562004089355,
                    -0.33665624260902405,
                    -0.09165589511394501,
                    -0.3694767355918884
                ],
                [
                    -0.34891003370285034,
                    -0.904242992401123,
                    -0.24618346989154816,
                    -0.9923973083496094
                ],
                [
                    0.0,
                    0.26269200444221497,
                    -0.9648796916007996,
                    -3.889554500579834
                ],
                [
                    0.0,
                    0.0,
                    0.0,
                    1.0
                ]
            ]
        },
        {
            "file_path": "/data/shapenet_blender/all_50_random/02958343/d894c407d7fcca0d36294458115cf41c/r_38",
            "rotation": 0.12566370614359174,
            "transform_matrix": [
                [
                    0.9193676114082336,
                    0.07067620754241943,
                    -0.3869987428188324,
                    -1.560041904449463
                ],
                [
                    -0.39339950680732727,
                    0.16516903042793274,
                    -0.9044091701507568,
                    -3.6457901000976562
                ],
                [
                    -7.450580152834618e-09,
                    0.9837296605110168,
                    0.1796550303697586,
                    0.724212646484375
                ],
                [
                    0.0,
                    0.0,
                    0.0,
                    1.0
                ]
            ]
        },
        {
            "file_path": "/data/shapenet_blender/all_50_random/02958343/d894c407d7fcca0d36294458115cf41c/r_39",
            "rotation": 0.12566370614359174,
            "transform_matrix": [
                [
                    -0.1775740534067154,
                    -0.11895031481981277,
                    0.9768922328948975,
                    3.9379780292510986
                ],
                [
                    0.9841074347496033,
                    -0.021463600918650627,
                    0.17627212405204773,
                    0.7105755805969238
                ],
                [
                    0.0,
                    0.9926682114601135,
                    0.12087127566337585,
                    0.48724764585494995
                ],
                [
                    0.0,
                    0.0,
                    0.0,
                    1.0
                ]
            ]
        },
        {
            "file_path": "/data/shapenet_blender/all_50_random/02958343/d894c407d7fcca0d36294458115cf41c/r_40",
            "rotation": 0.12566370614359174,
            "transform_matrix": [
                [
                    0.6742922067642212,
                    0.5268142819404602,
                    0.5174906253814697,
                    2.086071729660034
                ],
                [
                    0.7384645342826843,
                    -0.4810343086719513,
                    -0.4725208878517151,
                    -1.9047927856445312
                ],
                [
                    0.0,
                    0.7007657885551453,
                    -0.7133913636207581,
                    -2.875772714614868
                ],
                [
                    0.0,
                    0.0,
                    0.0,
                    1.0
                ]
            ]
        },
        {
            "file_path": "/data/shapenet_blender/all_50_random/02958343/d894c407d7fcca0d36294458115cf41c/r_41",
            "rotation": 0.12566370614359174,
            "transform_matrix": [
                [
                    -0.9177802205085754,
                    -0.36870718002319336,
                    -0.14742645621299744,
                    -0.5942950248718262
                ],
                [
                    -0.39708882570266724,
                    0.8521825075149536,
                    0.3407425880432129,
                    1.373577356338501
                ],
                [
                    1.4901161193847656e-08,
