{
    "class": "02958343",
    "model": "1c1a3dc04b6f1f8fd8162cce87567b4",
    "remove_doubles": true,
    "edge_split": true,
    "denoise": true,
    "camera_angle_x": 0.6911112070083618,
    "scale_factor": 2.458418972824321,
    "hdri_file": "/data/IndoorHDRDataset2018/9C4A0599-3e8dd0df28.exr",
    "center_offset": [
        0.0,
        -2.7939677238464355e-09,
        7.450580596923828e-09
    ],
    "lights": [],
    "frames": [
        {
            "file_path": "/data/shapenet_blender/all_50_random/02958343/1c1a3dc04b6f1f8fd8162cce87567b4/r_0",
            "rotation": 0.12566370614359174,
            "transform_matrix": [
                [
                    -0.7297715544700623,
                    -0.3759665787220001,
                    0.5710363984107971,
                    2.3019213676452637
                ],
                [
                    0.6836910843849182,
                    -0.4013065993785858,
                    0.6095240116119385,
                    2.4570698738098145
                ],
                [
                    2.980232594040899e-08,
                    0.8352258205413818,
                    0.5499070882797241,
                    2.2167463302612305
                ],
                [
                    0.0,
                    0.0,
                    0.0,
                    1.0
                ]
            ]
        },
        {
            "file_path": "/data/shapenet_blender/all_50_random/02958343/1c1a3dc04b6f1f8fd8162cce87567b4/r_1",
            "rotation": 0.12566370614359174,
            "transform_matrix": [
                [
                    0.8190078139305115,
                    0.287030428647995,
                    0.4968295991420746,
                    2.002784252166748
                ],
                [
                    0.5737822651863098,
                    -0.40970268845558167,
                    -0.7091667056083679,
                    -2.8587427139282227
                ],
                [
                    0.0,
                    0.865885317325592,
                    -0.5002426505088806,
                    -2.016542911529541
                ],
                [
                    0.0,
                    0.0,
                    0.0,
                    1.0
                ]
            ]
        },
        {
            "file_path": "/data/shapenet_blender/all_50_random/02958343/1c1a3dc04b6f1f8fd8162cce87567b4/r_2",
            "rotation": 0.12566370614359174,
            "transform_matrix": [
                [
                    0.9249639511108398,
                    -0.14774028956890106,
                    0.3501634895801544,
                    1.411554217338562
                ],
                [
                    0.3800548017024994,
                    0.3595650792121887,
                    -0.8522155284881592,
                    -3.4353907108306885
                ],
                [
                    1.4901161193847656e-08,
                    0.9213499426841736,
                    0.3887341618537903,
                    1.567037582397461
                ],
                [
                    0.0,
                    0.0,
                    0.0,
                    1.0
                ]
            ]
        },
        {
            "file_path": "/data/shapenet_blender/all_50_random/02958343/1c1a3dc04b6f1f8fd8162cce87567b4/r_3",
            "rotation": 0.12566370614359174,
            "transform_matrix": [
                [
                    -0.9084453582763672,
                    -0.18433232605457306,
                    0.3751649856567383,
                    1.512338638305664
                ],
                [
                    0.4180038869380951,
                    -0.4006083309650421,
                    0.8153437972068787,
                    3.2867565155029297
                ],
                [
                    0.0,
                    0.8975157737731934,
                    0.44098225235939026,
                    1.7776565551757812
                ],
                [
                    0.0,
                    0.0,
                    0.0,
                    1.0
                ]
            ]
        },
        {
            "file_path": "/data/shapenet_blender/all_50_random/02958343/1c1a3dc04b6f1f8fd8162cce87567b4/r_4",
            "rotation": 0.12566370614359174,
            "transform_matrix": [
                [
                    0.18208806216716766,
                    0.797309398651123,
                    -0.5754489302635193,
                    -2.319709062576294
                ],
                [
                    -0.9832823276519775,
                    0.1476488709449768,
                    -0.10656388849020004,
                    -0.42957279086112976
                ],
                [
                    0.0,
                    0.5852327346801758,
                    0.8108652830123901,
                    3.268702745437622
                ],
                [
                    0.0,
                    0.0,
                    0.0,
                    1.0
                ]
            ]
        },
        {
            "file_path": "/data/shapenet_blender/all_50_random/02958343/1c1a3dc04b6f1f8fd8162cce87567b4/r_5",
            "rotation": 0.12566370614359174,
            "transform_matrix": [
                [
                    0.9406617283821106,
                    -0.3232721984386444,
                    0.10320112854242325,
                    0.4160170555114746
                ],
                [
                    0.3393455147743225,
                    0.8961066603660583,
                    -0.2860722839832306,
                    -1.1531943082809448
                ],
                [
                    0.0,
                    0.3041180670261383,
                    0.952634334564209,
                    3.8401918411254883
                ],
                [
                    0.0,
                    0.0,
                    0.0,
                    1.0
                ]
            ]
        },
        {
            "file_path": "/data/shapenet_blender/all_50_random/02958343/1c1a3dc04b6f1f8fd8162cce87567b4/r_6",
            "rotation": 0.12566370614359174,
            "transform_matrix": [
                [
                    -0.5800007581710815,
                    0.48532626032829285,
                    -0.6542611122131348,
                    -2.637410879135132
                ],
                [
                    -0.8146159648895264,
                    -0.3455488383769989,
                    0.4658292531967163,
                    1.8778177499771118
                ],
                [
                    0.0,
                    0.803152859210968,
                    0.5957730412483215,
                    2.4016380310058594
                ],
                [
                    0.0,
                    0.0,
                    0.0,
                    1.0
                ]
            ]
        },
        {
            "file_path": "/data/shapenet_blender/all_50_random/02958343/1c1a3dc04b6f1f8fd8162cce87567b4/r_7",
            "rotation": 0.12566370614359174,
            "transform_matrix": [
                [
                    0.23501916229724884,
                    -0.15764805674552917,
                    -0.9591209888458252,
                    -3.866340398788452
                ],
                [
                    -0.9719907641410828,
                    -0.038117967545986176,
                    -0.23190736770629883,
                    -0.9348484873771667
                ],
                [
                    3.725290298461914e-09,
                    0.98675936460495,
                    -0.16219089925289154,
                    -0.6538124084472656
                ],
                [
                    0.0,
                    0.0,
                    0.0,
                    1.0
                ]
            ]
        },
        {
            "file_path": "/data/shapenet_blender/all_50_random/02958343/1c1a3dc04b6f1f8fd8162cce87567b4/r_8",
            "rotation": 0.12566370614359174,
            "transform_matrix": [
                [
                    -0.34743428230285645,
                    -0.23699623346328735,
                    -0.9072607755661011,
                    -3.657285451889038
                ],
                [
                    -0.93770432472229,
                    0.08781084418296814,
                    0.33615443110466003,
                    1.3550820350646973
                ],
                [
                    -7.450580596923828e-09,
                    0.9675340056419373,
                    -0.2527408301830292,
                    -1.0188310146331787
                ],
                [
                    0.0,
                    0.0,
                    0.0,
                    1.0
                ]
            ]
        },
        {
            "file_path": "/data/shapenet_blender/all_50_random/02958343/1c1a3dc04b6f1f8fd8162cce87567b4/r_9",
            "rotation": 0.12566370614359174,
            "transform_matrix": [
                [
                    -0.983966052532196,
                    0.12860457599163055,
                    -0.12357936799526215,
                    -0.4981643855571747
                ],
                [
                    -0.17835642397403717,
                    -0.7094925045967102,
                    0.6817691326141357,
                    2.7482995986938477
                ],
                [
                    0.0,
                    0.6928788423538208,
                    0.7210538983345032,
                    2.9066615104675293
                ],
                [
                    0.0,
                    0.0,
                    0.0,
                    1.0
                ]
            ]
        },
        {
            "file_path": "/data/shapenet_blender/all_50_random/02958343/1c1a3dc04b6f1f8fd8162cce87567b4/r_10",
            "rotation": 0.12566370614359174,
            "transform_matrix": [
                [
                    0.30485326051712036,
                    0.2588670551776886,
                    -0.9165436029434204,
                    -3.6947057247161865
                ],
                [
                    -0.9523994326591492,
                    0.08286067843437195,
                    -0.2933761775493622,
                    -1.182637333869934
                ],
                [
                    -7.450581485102248e-09,
                    0.9623523354530334,
                    0.271805077791214,
                    1.0956814289093018
                ],
                [
                    0.0,
                    0.0,
                    0.0,
                    1.0
                ]
            ]
        },
        {
            "file_path": "/data/shapenet_blender/all_50_random/02958343/1c1a3dc04b6f1f8fd8162cce87567b4/r_11",
            "rotation": 0.12566370614359174,
            "transform_matrix": [
                [
                    -0.8982544541358948,
                    -0.20613345503807068,
                    0.38813409209251404,
                    1.5646185874938965
                ],
                [
                    0.439475953578949,
                    -0.4213206470012665,
                    0.7933157086372375,
                    3.197957992553711
                ],
                [
                    0.0,
                    0.8831748962402344,
                    0.4690438210964203,
                    1.8907761573791504
                ],
                [
                    0.0,
                    0.0,
                    0.0,
                    1.0
                ]
            ]
        },
        {
            "file_path": "/data/shapenet_blender/all_50_random/02958343/1c1a3dc04b6f1f8fd8162cce87567b4/r_12",
            "rotation": 0.12566370614359174,
            "transform_matrix": [
                [
                    0.48228687047958374,
                    -0.1977766454219818,
                    0.853395402431488,
                    3.4401469230651855
                ],
                [
                    0.8760132789611816,
                    0.10888542979955673,
                    -0.46983465552330017,
                    -1.8939640522003174
                ],
                [
                    0.0,
                    0.9741808176040649,
                    0.22576899826526642,
                    0.9101039171218872
                ],
                [
                    0.0,
                    0.0,
                    0.0,
                    1.0
                ]
            ]
        },
        {
            "file_path": "/data/shapenet_blender/all_50_random/02958343/1c1a3dc04b6f1f8fd8162cce87567b4/r_13",
            "rotation": 0.12566370614359174,
            "transform_matrix": [
                [
                    0.3473343253135681,
                    0.1324656754732132,
                    0.9283381104469299,
                    3.742250680923462
                ],
                [
                    0.9377413988113403,
                    -0.04906456917524338,
                    -0.3438514173030853,
                    -1.3861093521118164
                ],
                [
                    0.0,
                    0.9899724125862122,
                    -0.14126035571098328,
                    -0.5694386959075928
                ],
                [
                    0.0,
                    0.0,
                    0.0,
                    1.0
                ]
            ]
        },
        {
            "file_path": "/data/shapenet_blender/all_50_random/02958343/1c1a3dc04b6f1f8fd8162cce87567b4/r_14",
            "rotation": 0.12566370614359174,
            "transform_matrix": [
                [
                    0.031608469784259796,
                    -0.8491923213005066,
                    0.5271368622779846,
                    2.1249566078186035
                ],
                [
                    0.9995003938674927,
                    0.026855086907744408,
                    -0.016670318320393562,
                    -0.06720020622015
                ],
                [
                    0.0,
                    0.5274002552032471,
                    0.8496168255805969,
                    3.424915075302124
                ],
                [
                    0.0,
                    0.0,
                    0.0,
                    1.0
                ]
            ]
        },
        {
            "file_path": "/data/shapenet_blender/all_50_random/02958343/1c1a3dc04b6f1f8fd8162cce87567b4/r_15",
            "rotation": 0.12566370614359174,
            "transform_matrix": [
                [
                    0.9987471103668213,
                    -0.03416783735156059,
                    -0.036561306565999985,
                    -0.14738333225250244
                ],
                [
                    -0.05004168301820755,
                    -0.6819320321083069,
                    -0.729701578617096,
                    -2.941520929336548
                ],
                [
                    0.0,
                    0.7306168675422668,
                    -0.6827875971794128,
                    -2.7524046897888184
                ],
                [
                    0.0,
                    0.0,
                    0.0,
                    1.0
                ]
            ]
        },
        {
            "file_path": "/data/shapenet_blender/all_50_random/02958343/1c1a3dc04b6f1f8fd8162cce87567b4/r_16",
            "rotation": 0.12566370614359174,
            "transform_matrix": [
                [
                    0.9816113710403442,
                    -0.11416240781545639,
                    -0.15299025177955627,
                    -0.6167234182357788
                ],
                [
                    -0.19089022278785706,
                    -0.5870553255081177,
                    -0.7867190837860107,
                    -3.171365976333618
                ],
                [
                    0.0,
                    0.8014566898345947,
                    -0.5980527400970459,
                    -2.41082763671875
                ],
                [
                    0.0,
                    0.0,
                    0.0,
                    1.0
                ]
            ]
        },
        {
            "file_path": "/data/shapenet_blender/all_50_random/02958343/1c1a3dc04b6f1f8fd8162cce87567b4/r_17",
            "rotation": 0.12566370614359174,
            "transform_matrix": [
                [
                    0.8530102372169495,
                    -0.03518347069621086,
                    0.520706832408905,
                    2.099036455154419
                ],
                [
                    0.5218941569328308,
                    0.057505641132593155,
                    -0.8510696291923523,
                    -3.4307713508605957
                ],
                [
                    3.725290076417309e-09,
                    0.9977250099182129,
                    0.06741493940353394,
                    0.2717583179473877
                ],
                [
                    0.0,
                    0.0,
                    0.0,
                    1.0
                ]
            ]
        },
        {
            "file_path": "/data/shapenet_blender/all_50_random/02958343/1c1a3dc04b6f1f8fd8162cce87567b4/r_18",
            "rotation": 0.12566370614359174,
            "transform_matrix": [
                [
                    0.8283087611198425,
                    0.00770023837685585,
                    0.5602189302444458,
                    2.258314847946167
                ],
                [
                    0.5602718591690063,
                    -0.011384071782231331,
                    -0.8282305598258972,
                    -3.3387041091918945
                ],
                [
                    0.0,
                    0.9999055862426758,
                    -0.013743752613663673,
                    -0.055402837693691254
                ],
                [
                    0.0,
                    0.0,
                    0.0,
                    1.0
                ]
            ]
        },
        {
            "file_path": "/data/shapenet_blender/all_50_random/02958343/1c1a3dc04b6f1f8fd8162cce87567b4/r_19",
            "rotation": 0.12566370614359174,
            "transform_matrix": [
                [
                    0.9981936812400818,
                    -0.05491850897669792,
                    -0.024359147995710373,
                    -0.09819486737251282
                ],
                [
                    -0.060078371316194534,
                    -0.9124633073806763,
                    -0.4047238230705261,
                    -1.6314939260482788
                ],
                [
                    0.0,
                    0.40545618534088135,
                    -0.9141144156455994,
                    -3.684913158416748
                ],
                [
                    0.0,
                    0.0,
                    0.0,
                    1.0
                ]
            ]
        },
        {
            "file_path": "/data/shapenet_blender/all_50_random/02958343/1c1a3dc04b6f1f8fd8162cce87567b4/r_20",
            "rotation": 0.12566370614359174,
            "transform_matrix": [
                [
                    0.9534960985183716,
                    -0.052027516067028046,
                    0.2968811094760895,
                    1.1967661380767822
                ],
                [
                    0.30140551924705505,
                    0.16458898782730103,
                    -0.9391831755638123,
                    -3.785968780517578
                ],
                [
                    3.725290742551124e-09,
                    0.9849891066551208,
                    0.17261633276939392,
                    0.6958387494087219
                ],
                [
                    0.0,
                    0.0,
                    0.0,
                    1.0
                ]
            ]
        },
        {
            "file_path": "/data/shapenet_blender/all_50_random/02958343/1c1a3dc04b6f1f8fd8162cce87567b4/r_21",
            "rotation": 0.12566370614359174,
            "transform_matrix": [
                [
                    0.12175644934177399,
                    -0.04850676655769348,
                    0.9913740158081055,
                    3.99635648727417
                ],
                [
                    0.992560088634491,
                    0.0059502809308469296,
                    -0.12161095440387726,
                    -0.49022942781448364
                ],
                [
                    4.656613428188905e-10,
                    0.998805046081543,
                    0.04887036234140396,
                    0.19700273871421814
                ],
                [
                    0.0,
                    0.0,
                    0.0,
                    1.0
                ]
            ]
        },
        {
            "file_path": "/data/shapenet_blender/all_50_random/02958343/1c1a3dc04b6f1f8fd8162cce87567b4/r_22",
            "rotation": 0.12566370614359174,
            "transform_matrix": [
                [
                    -0.22565075755119324,
                    -0.5754366517066956,
                    -0.7861006259918213,
                    -3.1688733100891113
                ],
                [
                    -0.9742082953453064,
                    0.13328537344932556,
                    0.18208035826683044,
                    0.7339894771575928
                ],
                [
                    0.0,
                    0.8069122433662415,
                    -0.5906710624694824,
                    -2.3810715675354004
                ],
                [
                    0.0,
                    0.0,
                    0.0,
                    1.0
                ]
            ]
        },
        {
            "file_path": "/data/shapenet_blender/all_50_random/02958343/1c1a3dc04b6f1f8fd8162cce87567b4/r_23",
            "rotation": 0.12566370614359174,
            "transform_matrix": [
                [
                    -0.14394545555114746,
                    0.2081271857023239,
                    0.9674517512321472,
                    3.8999223709106445
                ],
                [
                    0.9895856380462646,
                    0.030274247750639915,
                    0.14072585105895996,
                    0.5672839879989624
                ],
                [
                    1.8626449271863521e-09,
                    0.9776331186294556,
                    -0.21031752228736877,
                    -0.8478169441223145
                ],
                [
                    0.0,
                    0.0,
                    0.0,
                    1.0
                ]
            ]
        },
        {
            "file_path": "/data/shapenet_blender/all_50_random/02958343/1c1a3dc04b6f1f8fd8162cce87567b4/r_24",
            "rotation": 0.12566370614359174,
            "transform_matrix": [
                [
                    0.9513872265815735,
                    0.29298800230026245,
                    0.09497591853141785,
                    0.3828602135181427
                ],
                [
                    0.3079974055290222,
                    -0.905023992061615,
                    -0.2933754324913025,
                    -1.1826343536376953
                ],
                [
                    0.0,
                    0.3083660900592804,
                    -0.9512677192687988,
                    -3.8346831798553467
                ],
                [
                    0.0,
                    0.0,
                    0.0,
                    1.0
                ]
            ]
        },
        {
            "file_path": "/data/shapenet_blender/all_50_random/02958343/1c1a3dc04b6f1f8fd8162cce87567b4/r_25",
            "rotation": 0.12566370614359174,
            "transform_matrix": [
                [
                    -0.7963101863861084,
                    0.1926049143075943,
                    0.5734050869941711,
                    2.3114700317382812
                ],
                [
                    0.6048885583877563,
                    0.2535562217235565,
                    0.7548635601997375,
                    3.042952537536621
                ],
                [
                    0.0,
                    0.9479516744613647,
                    -0.3184139132499695,
                    -1.2835676670074463
                ],
                [
                    0.0,
                    0.0,
                    0.0,
                    1.0
                ]
            ]
        },
        {
            "file_path": "/data/shapenet_blender/all_50_random/02958343/1c1a3dc04b6f1f8fd8162cce87567b4/r_26",
            "rotation": 0.12566370614359174,
            "transform_matrix": [
                [
                    0.490833580493927,
                    0.4465182423591614,
                    0.7481335997581482,
                    3.0158228874206543
                ],
                [
                    0.8712534308433533,
                    -0.2515527009963989,
                    -0.4214722216129303,
                    -1.699008822441101
                ],
                [
                    0.0,
                    0.8586866855621338,
                    -0.5125010013580322,
                    -2.065957546234131
                ],
                [
                    0.0,
                    0.0,
                    0.0,
                    1.0
                ]
            ]
        },
        {
            "file_path": "/data/shapenet_blender/all_50_random/02958343/1c1a3dc04b6f1f8fd8162cce87567b4/r_27",
            "rotation": 0.12566370614359174,
            "transform_matrix": [
                [
                    -0.8155567049980164,
                    0.03272952511906624,
                    -0.5777508616447449,
                    -2.3289878368377686
                ],
                [
                    -0.5786770582199097,
                    -0.04612725228071213,
                    0.8142513036727905,
                    3.282351493835449
                ],
                [
                    -1.8626450382086546e-09,
                    0.9983991980552673,
                    0.056559234857559204,
                    0.2279975414276123
                ],
                [
                    0.0,
                    0.0,
                    0.0,
                    1.0
                ]
            ]
        },
        {
            "file_path": "/data/shapenet_blender/all_50_random/02958343/1c1a3dc04b6f1f8fd8162cce87567b4/r_28",
            "rotation": 0.12566370614359174,
            "transform_matrix": [
                [
                    0.94515460729599,
                    0.02740480750799179,
                    0.32547152042388916,
                    1.312017798423767
                ],
                [
                    0.3266232907772064,
                    -0.07930169999599457,
                    -0.941821813583374,
                    -3.796605348587036
                ],
                [
                    0.0,
                    0.9964739084243774,
                    -0.08390340954065323,
                    -0.33822548389434814
                ],
                [
                    0.0,
                    0.0,
                    0.0,
                    1.0
                ]
            ]
        },
        {
            "file_path": "/data/shapenet_blender/all_50_random/02958343/1c1a3dc04b6f1f8fd8162cce87567b4/r_29",
            "rotation": 0.12566370614359174,
            "transform_matrix": [
                [
                    -0.9988211393356323,
                    0.0029106494039297104,
                    0.048456866294145584,
                    0.19533589482307434
                ],
                [
                    0.04854421690106392,
                    0.05988804250955582,
                    0.99702388048172,
                    4.019132137298584
                ],
                [
                    2.3283067140944524e-10,
                    0.9982008337974548,
                    -0.05995872616767883,
                    -0.24170136451721191
                ],
                [
                    0.0,
                    0.0,
                    0.0,
                    1.0
                ]
            ]
        },
        {
            "file_path": "/data/shapenet_blender/all_50_random/02958343/1c1a3dc04b6f1f8fd8162cce87567b4/r_30",
            "rotation": 0.12566370614359174,
            "transform_matrix": [
                [
                    0.5085881352424622,
                    0.1912589967250824,
                    -0.8394986987113953,
                    -3.384127616882324
                ],
                [
                    -0.8610100150108337,
                    0.11297435313463211,
                    -0.49588167667388916,
                    -1.9989629983901978
                ],
                [
                    -7.450581485102248e-09,
                    0.9750162363052368,
                    0.22213329374790192,
                    0.8954479694366455
                ],
                [
                    0.0,
                    0.0,
                    0.0,
                    1.0
                ]
            ]
        },
        {
            "file_path": "/data/shapenet_blender/all_50_random/02958343/1c1a3dc04b6f1f8fd8162cce87567b4/r_31",
            "rotation": 0.12566370614359174,
            "transform_matrix": [
                [
                    -0.9052967429161072,
                    -0.034616343677043915,
                    -0.42336684465408325,
                    -1.7066463232040405
                ],
                [
                    -0.4247796833515167,
                    0.07377486675977707,
                    0.9022856950759888,
                    3.6372299194335938
                ],
                [
                    0.0,
                    0.9966738820075989,
                    -0.08149247616529465,
                    -0.3285066783428192
                ],
                [
                    0.0,
                    0.0,
                    0.0,
                    1.0
                ]
            ]
        },
        {
            "file_path": "/data/shapenet_blender/all_50_random/02958343/1c1a3dc04b6f1f8fd8162cce87567b4/r_32",
            "rotation": 0.12566370614359174,
            "transform_matrix": [
                [
                    -0.619658350944519,
                    -0.07909609377384186,
                    0.780876100063324,
                    3.1478121280670166
                ],
                [
                    0.7848717570304871,
                    -0.062446579337120056,
                    0.6165037751197815,
                    2.485206127166748
                ],
                [
                    0.0,
                    0.9949091672897339,
                    0.1007758378982544,
                    0.40624040365219116
                ],
                [
                    0.0,
                    0.0,
                    0.0,
                    1.0
                ]
            ]
        },
        {
            "file_path": "/data/shapenet_blender/all_50_random/02958343/1c1a3dc04b6f1f8fd8162cce87567b4/r_33",
            "rotation": 0.12566370614359174,
            "transform_matrix": [
                [
                    -0.9107497930526733,
                    0.011281607672572136,
                    -0.4128044843673706,
                    -1.6640681028366089
                ],
                [
                    -0.41295862197875977,
                    -0.024880753830075264,
                    0.9104098677635193,
                    3.6699795722961426
                ],
                [
                    0.0,
                    0.9996266961097717,
                    0.027318982407450676,
                    0.11012633889913559
                ],
                [
                    0.0,
                    0.0,
                    0.0,
                    1.0
                ]
            ]
        },
        {
            "file_path": "/data/shapenet_blender/all_50_random/02958343/1c1a3dc04b6f1f8fd8162cce87567b4/r_34",
            "rotation": 0.12566370614359174,
            "transform_matrix": [
                [
                    0.889462411403656,
                    -0.3940359055995941,
                    0.23149996995925903,
                    0.9332062005996704
                ],
                [
                    0.4570082724094391,
                    0.7669010758399963,
                    -0.4505619406700134,
                    -1.8162733316421509
                ],
                [
                    0.0,
                    0.5065552592277527,
                    0.8622074723243713,
                    3.4756693840026855
                ],
                [
                    0.0,
                    0.0,
                    0.0,
                    1.0
                ]
            ]
        },
        {
            "file_path": "/data/shapenet_blender/all_50_random/02958343/1c1a3dc04b6f1f8fd8162cce87567b4/r_35",
            "rotation": 0.12566370614359174,
            "transform_matrix": [
                [
                    0.722456157207489,
                    -0.02936766855418682,
                    0.6907926797866821,
                    2.784674644470215
                ],
                [
                    0.6914168000221252,
                    0.03068605810403824,
                    -0.7218040823936462,
                    -2.9096856117248535
                ],
                [
                    -1.862645371275562e-09,
                    0.999097466468811,
                    0.04247462749481201,
                    0.17122071981430054
                ],
                [
                    0.0,
                    0.0,
                    0.0,
                    1.0
                ]
            ]
        },
        {
            "file_path": "/data/shapenet_blender/all_50_random/02958343/1c1a3dc04b6f1f8fd8162cce87567b4/r_36",
            "rotation": 0.12566370614359174,
            "transform_matrix": [
                [
                    -0.9563225507736206,
                    -0.07502676546573639,
                    0.2825210690498352,
                    1.1388788223266602
                ],
                [
                    0.29231348633766174,
                    -0.24545493721961975,
                    0.9242860078811646,
                    3.7259161472320557
                ],
                [
                    0.0,
                    0.9665003418922424,
                    0.2566654086112976,
                    1.0346513986587524
                ],
                [
                    0.0,
                    0.0,
                    0.0,
                    1.0
                ]
            ]
        },
        {
            "file_path": "/data/shapenet_blender/all_50_random/02958343/1c1a3dc04b6f1f8fd8162cce87567b4/r_37",
            "rotation": 0.12566370614359174,
            "transform_matrix": [
                [
                    -0.13469132781028748,
                    0.3830202519893646,
                    0.9138674139976501,
                    3.68391752243042
                ],
                [
                    0.9908877015113831,
                    0.05206392705440521,
                    0.12422195822000504,
                    0.5007547736167908
                ],
                [
                    -3.725290742551124e-09,
                    0.9222714900970459,
                    -0.3865426182746887,
                    -1.5582032203674316
                ],
                [
                    0.0,
                    0.0,
                    0.0,
                    1.0
                ]
            ]
        },
        {
            "file_path": "/data/shapenet_blender/all_50_random/02958343/1c1a3dc04b6f1f8fd8162cce87567b4/r_38",
            "rotation": 0.12566370614359174,
            "transform_matrix": [
                [
                    -0.4979281723499298,
                    0.47031688690185547,
                    0.7286079525947571,
                    2.93711256980896
                ],
                [
                    0.8672182559967041,
                    0.27004048228263855,
                    0.4183426797389984,
                    1.6863932609558105
                ],
                [
                    -1.4901161193847656e-08,
                    0.8401667475700378,
                    -0.5423281192779541,
                    -2.186194658279419
                ],
                [
                    0.0,
                    0.0,
                    0.0,
                    1.0
                ]
            ]
        },
        {
            "file_path": "/data/shapenet_blender/all_50_random/02958343/1c1a3dc04b6f1f8fd8162cce87567b4/r_39",
            "rotation": 0.12566370614359174,
            "transform_matrix": [
                [
                    -0.42774859070777893,
                    0.36647501587867737,
                    0.8262730836868286,
                    3.330813407897949
                ],
                [
                    0.9038978815078735,
                    0.17342574894428253,
                    0.3910144865512848,
                    1.5762298107147217
                ],
                [
                    1.4901162970204496e-08,
                    0.9141222834587097,
                    -0.4054385721683502,
                    -1.6343752145767212
                ],
                [
                    0.0,
                    0.0,
                    0.0,
                    1.0
                ]
            ]
        },
        {
            "file_path": "/data/shapenet_blender/all_50_random/02958343/1c1a3dc04b6f1f8fd8162cce87567b4/r_40",
            "rotation": 0.12566370614359174,
            "transform_matrix": [
                [
                    0.1673908233642578,
                    0.7283405065536499,
                    -0.6644548773765564,
                    -2.6785035133361816
                ],
                [
                    -0.9858905673027039,
                    0.1236623227596283,
                    -0.11281541734933853,
                    -0.45477351546287537
                ],
                [
                    0.0,
                    0.6739640831947327,
                    0.7387639880180359,
                    2.978053092956543
                ],
                [
                    0.0,
                    0.0,
                    0.0,
                    1.0
                ]
            ]
        },
        {
            "file_path": "/data/shapenet_blender/all_50_random/02958343/1c1a3dc04b6f1f8fd8162cce87567b4/r_41",
            "rotation": 0.12566370614359174,
            "transform_matrix": [
                [
                    -0.8504016399383545,
                    0.1887737214565277,
                    -0.4911022484302521,
                    -1.97969651222229
                ],
                [
                    -0.5261338949203491,
                    -0.30511903762817383,
                    0.793779194355011,
                    3.199826240539551
                ],
                [
                    0.0,
                    0.9334167242050171,
                    0.35879403352737427,
