{
    "class": "02958343",
    "model": "e169584b7e66ef074051b6e037481c7",
    "remove_doubles": true,
    "edge_split": true,
    "denoise": true,
    "camera_angle_x": 0.6911112070083618,
    "scale_factor": 2.2862707441444963,
    "hdri_file": "/data/IndoorHDRDataset2018/9C4A9216-44a06c357f.exr",
    "center_offset": [
        0.0,
        0.0,
        -9.313225746154785e-10
    ],
    "lights": [],
    "frames": [
        {
            "file_path": "/data/shapenet_blender/all_50_random/02958343/e169584b7e66ef074051b6e037481c7/r_0",
            "rotation": 0.12566370614359174,
            "transform_matrix": [
                [
                    -0.7997097373008728,
                    0.03564931079745293,
                    -0.5993275046348572,
                    -2.415966510772705
                ],
                [
                    -0.6003868579864502,
                    -0.04748455435037613,
                    0.798298716545105,
                    3.2180449962615967
                ],
                [
                    0.0,
                    0.9982355237007141,
                    0.059377241879701614,
                    0.23935730755329132
                ],
                [
                    0.0,
                    0.0,
                    0.0,
                    1.0
                ]
            ]
        },
        {
            "file_path": "/data/shapenet_blender/all_50_random/02958343/e169584b7e66ef074051b6e037481c7/r_1",
            "rotation": 0.12566370614359174,
            "transform_matrix": [
                [
                    -0.904517650604248,
                    0.17739924788475037,
                    0.3877853453159332,
                    1.5632127523422241
                ],
                [
                    0.4264363944530487,
                    0.3762829601764679,
                    0.8225345611572266,
                    3.3157429695129395
                ],
                [
                    0.0,
                    0.9093626737594604,
                    -0.4160040318965912,
                    -1.6769659519195557
                ],
                [
                    0.0,
                    0.0,
                    0.0,
                    1.0
                ]
            ]
        },
        {
            "file_path": "/data/shapenet_blender/all_50_random/02958343/e169584b7e66ef074051b6e037481c7/r_2",
            "rotation": 0.12566370614359174,
            "transform_matrix": [
                [
                    0.1792035847902298,
                    -0.8095173835754395,
                    0.5590775609016418,
                    2.253713846206665
                ],
                [
                    0.9838120937347412,
                    0.14745540916919708,
                    -0.10183723270893097,
                    -0.410519003868103
                ],
                [
                    -7.450581485102248e-09,
                    0.5682767033576965,
                    0.8228374123573303,
                    3.3169636726379395
                ],
                [
                    0.0,
                    0.0,
                    0.0,
                    1.0
                ]
            ]
        },
        {
            "file_path": "/data/shapenet_blender/all_50_random/02958343/e169584b7e66ef074051b6e037481c7/r_3",
            "rotation": 0.12566370614359174,
            "transform_matrix": [
                [
                    -0.01624172367155552,
                    -0.10673490911722183,
                    0.9941548705101013,
                    4.007566452026367
                ],
                [
                    0.9998680949211121,
                    -0.001733787707053125,
                    0.016148919239640236,
                    0.06509837508201599
                ],
                [
                    1.1641533570472262e-10,
                    0.9942858815193176,
                    0.10674899816513062,
                    0.4303189814090729
                ],
                [
                    0.0,
                    0.0,
                    0.0,
                    1.0
                ]
            ]
        },
        {
            "file_path": "/data/shapenet_blender/all_50_random/02958343/e169584b7e66ef074051b6e037481c7/r_4",
            "rotation": 0.12566370614359174,
            "transform_matrix": [
                [
                    0.6780080199241638,
                    0.2949320375919342,
                    -0.6732905507087708,
                    -2.7141213417053223
                ],
                [
                    -0.7350545525550842,
                    0.27204275131225586,
                    -0.6210374236106873,
                    -2.5034821033477783
                ],
                [
                    -1.4901161193847656e-08,
                    0.9159736633300781,
                    0.40123826265335083,
                    1.617443323135376
                ],
                [
                    0.0,
                    0.0,
                    0.0,
                    1.0
                ]
            ]
        },
        {
            "file_path": "/data/shapenet_blender/all_50_random/02958343/e169584b7e66ef074051b6e037481c7/r_5",
            "rotation": 0.12566370614359174,
            "transform_matrix": [
                [
                    0.7010764479637146,
                    -0.11355198919773102,
                    0.7039870023727417,
                    2.837862491607666
                ],
                [
                    0.7130860686302185,
                    0.11163956671953201,
                    -0.6921305656433105,
                    -2.790067672729492
                ],
                [
                    0.0,
                    0.9872397780418396,
                    0.1592402160167694,
                    0.6419178247451782
                ],
                [
                    0.0,
                    0.0,
                    0.0,
                    1.0
                ]
            ]
        },
        {
            "file_path": "/data/shapenet_blender/all_50_random/02958343/e169584b7e66ef074051b6e037481c7/r_6",
            "rotation": 0.12566370614359174,
            "transform_matrix": [
                [
                    0.4481238126754761,
                    -0.35484373569488525,
                    0.820530891418457,
                    3.3076658248901367
                ],
                [
                    0.8939715623855591,
                    0.17787358164787292,
                    -0.41130998730659485,
                    -1.658043622970581
                ],
                [
                    0.0,
                    0.9178489446640015,
                    0.39692962169647217,
                    1.6000745296478271
                ],
                [
                    0.0,
                    0.0,
                    0.0,
                    1.0
                ]
            ]
        },
        {
            "file_path": "/data/shapenet_blender/all_50_random/02958343/e169584b7e66ef074051b6e037481c7/r_7",
            "rotation": 0.12566370614359174,
            "transform_matrix": [
                [
                    0.3549826741218567,
                    -0.624358594417572,
                    0.6958186030387878,
                    2.8049347400665283
                ],
                [
                    0.9348729848861694,
                    0.23707658052444458,
                    -0.2642108201980591,
                    -1.065068006515503
                ],
                [
                    1.4901162970204496e-08,
                    0.7442923188209534,
                    0.6678539514541626,
                    2.6922056674957275
                ],
                [
                    0.0,
                    0.0,
                    0.0,
                    1.0
                ]
            ]
        },
        {
            "file_path": "/data/shapenet_blender/all_50_random/02958343/e169584b7e66ef074051b6e037481c7/r_8",
            "rotation": 0.12566370614359174,
            "transform_matrix": [
                [
                    -0.29095932841300964,
                    -0.23348398506641388,
                    0.9278080463409424,
                    3.7401139736175537
                ],
                [
                    0.9567354321479797,
                    -0.0710064098238945,
                    0.28216204047203064,
                    1.1374316215515137
                ],
                [
                    0.0,
                    0.9697645902633667,
                    0.24404235184192657,
                    0.9837661981582642
                ],
                [
                    0.0,
                    0.0,
                    0.0,
                    1.0
                ]
            ]
        },
        {
            "file_path": "/data/shapenet_blender/all_50_random/02958343/e169584b7e66ef074051b6e037481c7/r_9",
            "rotation": 0.12566370614359174,
            "transform_matrix": [
                [
                    0.9999536871910095,
                    0.005946523044258356,
                    -0.007575321476906538,
                    -0.03053709864616394
                ],
                [
                    -0.009630505926907063,
                    0.6174386739730835,
                    -0.7865599393844604,
                    -3.170724868774414
                ],
                [
                    -4.656613428188905e-10,
                    0.7865963578224182,
                    0.6174673438072205,
                    2.48909068107605
                ],
                [
                    0.0,
                    0.0,
                    0.0,
                    1.0
                ]
            ]
        },
        {
            "file_path": "/data/shapenet_blender/all_50_random/02958343/e169584b7e66ef074051b6e037481c7/r_10",
            "rotation": 0.12566370614359174,
            "transform_matrix": [
                [
                    -0.11425718665122986,
                    -0.41724422574043274,
                    0.9015833139419556,
                    3.6343986988067627
                ],
                [
                    0.9934512972831726,
                    -0.047987405210733414,
                    0.10369141399860382,
                    0.4179934561252594
                ],
                [
                    0.0,
                    0.9075264930725098,
                    0.41999465227127075,
                    1.6930526494979858
                ],
                [
                    0.0,
                    0.0,
                    0.0,
                    1.0
                ]
            ]
        },
        {
            "file_path": "/data/shapenet_blender/all_50_random/02958343/e169584b7e66ef074051b6e037481c7/r_11",
            "rotation": 0.12566370614359174,
            "transform_matrix": [
                [
                    0.6905441284179688,
                    0.07171693444252014,
                    -0.719726026058197,
                    -2.901308298110962
                ],
                [
                    -0.7232903242111206,
                    0.06847003102302551,
                    -0.6871411800384521,
                    -2.7699546813964844
                ],
                [
                    3.725290298461914e-09,
                    0.995072066783905,
                    0.09915374964475632,
                    0.3997015357017517
                ],
                [
                    0.0,
                    0.0,
                    0.0,
                    1.0
                ]
            ]
        },
        {
            "file_path": "/data/shapenet_blender/all_50_random/02958343/e169584b7e66ef074051b6e037481c7/r_12",
            "rotation": 0.12566370614359174,
            "transform_matrix": [
                [
                    0.20156089961528778,
                    0.8760935068130493,
                    -0.4379878044128418,
                    -1.7655853033065796
                ],
                [
                    -0.9794760346412659,
                    0.18028639256954193,
                    -0.09013106673955917,
                    -0.3633299469947815
                ],
                [
                    0.0,
                    0.44716548919677734,
                    0.8944512605667114,
                    3.6056482791900635
                ],
                [
                    0.0,
                    0.0,
                    0.0,
                    1.0
                ]
            ]
        },
        {
            "file_path": "/data/shapenet_blender/all_50_random/02958343/e169584b7e66ef074051b6e037481c7/r_13",
            "rotation": 0.12566370614359174,
            "transform_matrix": [
                [
                    0.3743758201599121,
                    0.9249169230461121,
                    -0.06611684709787369,
                    -0.266525536775589
                ],
                [
                    -0.927277147769928,
                    0.37342292070388794,
                    -0.02669379860162735,
                    -0.10760614275932312
                ],
                [
                    0.0,
                    0.0713018923997879,
                    0.9974547624588013,
                    4.02086877822876
                ],
                [
                    0.0,
                    0.0,
                    0.0,
                    1.0
                ]
            ]
        },
        {
            "file_path": "/data/shapenet_blender/all_50_random/02958343/e169584b7e66ef074051b6e037481c7/r_14",
            "rotation": 0.12566370614359174,
            "transform_matrix": [
                [
                    -0.44799429178237915,
                    -0.3433350622653961,
                    0.825482964515686,
                    3.3276283740997314
                ],
                [
                    0.8940365314483643,
                    -0.1720423549413681,
                    0.4136427044868469,
                    1.6674470901489258
                ],
                [
                    -1.4901162970204496e-08,
                    0.9233214259147644,
                    0.38402798771858215,
                    1.5480663776397705
                ],
                [
                    0.0,
                    0.0,
                    0.0,
                    1.0
                ]
            ]
        },
        {
            "file_path": "/data/shapenet_blender/all_50_random/02958343/e169584b7e66ef074051b6e037481c7/r_15",
            "rotation": 0.12566370614359174,
            "transform_matrix": [
                [
                    0.6387916803359985,
                    0.5190591812133789,
                    0.56791090965271,
                    2.2893218994140625
                ],
                [
                    0.769379734992981,
                    -0.43095842003822327,
                    -0.47151848673820496,
                    -1.9007515907287598
                ],
                [
                    -1.4901161193847656e-08,
                    0.7381411194801331,
                    -0.6746463179588318,
                    -2.71958589553833
                ],
                [
                    0.0,
                    0.0,
                    0.0,
                    1.0
                ]
            ]
        },
        {
            "file_path": "/data/shapenet_blender/all_50_random/02958343/e169584b7e66ef074051b6e037481c7/r_16",
            "rotation": 0.12566370614359174,
            "transform_matrix": [
                [
                    0.9727078676223755,
                    0.1204470694065094,
                    0.1983226239681244,
                    0.7994641065597534
                ],
                [
                    0.23203310370445251,
                    -0.5049271583557129,
                    -0.831389844417572,
                    -3.351439952850342
                ],
                [
                    7.450580596923828e-09,
                    0.8547168970108032,
                    -0.5190942883491516,
                    -2.092536211013794
                ],
                [
                    0.0,
                    0.0,
                    0.0,
                    1.0
                ]
            ]
        },
        {
            "file_path": "/data/shapenet_blender/all_50_random/02958343/e169584b7e66ef074051b6e037481c7/r_17",
            "rotation": 0.12566370614359174,
            "transform_matrix": [
                [
                    -0.7474701404571533,
                    0.42553263902664185,
                    0.5101081132888794,
                    2.05631160736084
                ],
                [
                    0.6642953157424927,
                    0.4788125455379486,
                    0.573977530002594,
                    2.313777446746826
                ],
                [
                    0.0,
                    0.7678935527801514,
                    -0.6405774354934692,
                    -2.5822501182556152
                ],
                [
                    0.0,
                    0.0,
                    0.0,
                    1.0
                ]
            ]
        },
        {
            "file_path": "/data/shapenet_blender/all_50_random/02958343/e169584b7e66ef074051b6e037481c7/r_18",
            "rotation": 0.12566370614359174,
            "transform_matrix": [
                [
                    -0.623254656791687,
                    0.5426995754241943,
                    0.5630549192428589,
                    2.269747018814087
                ],
                [
                    0.7820190191268921,
                    0.4325214922428131,
                    0.4487443268299103,
                    1.8089462518692017
                ],
                [
                    0.0,
                    0.7200016379356384,
                    -0.6939724087715149,
                    -2.797492265701294
                ],
                [
                    0.0,
                    0.0,
                    0.0,
                    1.0
                ]
            ]
        },
        {
            "file_path": "/data/shapenet_blender/all_50_random/02958343/e169584b7e66ef074051b6e037481c7/r_19",
            "rotation": 0.12566370614359174,
            "transform_matrix": [
                [
                    -0.11144667118787766,
                    0.13563522696495056,
                    0.984470784664154,
                    3.9685287475585938
                ],
                [
                    0.9937704205513,
                    0.015210852958261967,
                    0.11040376126766205,
                    0.44505178928375244
                ],
                [
                    -1.8626450382086546e-09,
                    0.9906421303749084,
                    -0.13648547232151031,
                    -0.5501905083656311
                ],
                [
                    0.0,
                    0.0,
                    0.0,
                    1.0
                ]
            ]
        },
        {
            "file_path": "/data/shapenet_blender/all_50_random/02958343/e169584b7e66ef074051b6e037481c7/r_20",
            "rotation": 0.12566370614359174,
            "transform_matrix": [
                [
                    -0.6949021220207214,
                    -0.45976096391677856,
                    -0.5529293417930603,
                    -2.2289295196533203
                ],
                [
                    -0.7191042900085449,
                    0.4442872107028961,
                    0.5343199372291565,
                    2.1539125442504883
                ],
                [
                    -1.4901161193847656e-08,
                    0.7689139246940613,
                    -0.6393522024154663,
                    -2.5773110389709473
                ],
                [
                    0.0,
                    0.0,
                    0.0,
                    1.0
                ]
            ]
        },
        {
            "file_path": "/data/shapenet_blender/all_50_random/02958343/e169584b7e66ef074051b6e037481c7/r_21",
            "rotation": 0.12566370614359174,
            "transform_matrix": [
                [
                    -0.9193524718284607,
                    -0.033286482095718384,
                    -0.3920244574546814,
                    -1.5803011655807495
                ],
                [
                    -0.39343515038490295,
                    0.07778158783912659,
                    0.9160560965538025,
                    3.6927402019500732
                ],
                [
                    -1.862645371275562e-09,
                    0.9964145421981812,
                    -0.08460476249456406,
                    -0.34105271100997925
                ],
                [
                    0.0,
                    0.0,
                    0.0,
                    1.0
                ]
            ]
        },
        {
            "file_path": "/data/shapenet_blender/all_50_random/02958343/e169584b7e66ef074051b6e037481c7/r_22",
            "rotation": 0.12566370614359174,
            "transform_matrix": [
                [
                    0.9999960660934448,
                    -0.0022522062063217163,
                    -0.0016304918099194765,
                    -0.006572723388671875
                ],
                [
                    -0.002780456095933914,
                    -0.8100100755691528,
                    -0.586409330368042,
                    -2.363891839981079
                ],
                [
                    0.0,
                    0.5864115953445435,
                    -0.8100130558013916,
                    -3.2652673721313477
                ],
                [
                    0.0,
                    0.0,
                    0.0,
                    1.0
                ]
            ]
        },
        {
            "file_path": "/data/shapenet_blender/all_50_random/02958343/e169584b7e66ef074051b6e037481c7/r_23",
            "rotation": 0.12566370614359174,
            "transform_matrix": [
                [
                    0.3803690969944,
                    0.23155462741851807,
                    0.895378053188324,
                    3.609384298324585
                ],
                [
                    0.9248348474502563,
                    -0.09523453563451767,
                    -0.36825400590896606,
                    -1.4844794273376465
                ],
                [
                    -7.450580596923828e-09,
                    0.9681491255760193,
                    -0.25037404894828796,
                    -1.009290099143982
                ],
                [
                    0.0,
                    0.0,
                    0.0,
                    1.0
                ]
            ]
        },
        {
            "file_path": "/data/shapenet_blender/all_50_random/02958343/e169584b7e66ef074051b6e037481c7/r_24",
            "rotation": 0.12566370614359174,
            "transform_matrix": [
                [
                    0.4777640700340271,
                    -0.7140763401985168,
                    -0.5116994976997375,
                    -2.0627267360687256
                ],
                [
                    -0.8784881830215454,
                    -0.3883490264415741,
                    -0.27828678488731384,
                    -1.121809959411621
                ],
                [
                    1.4901161193847656e-08,
                    0.582477331161499,
                    -0.8128468990325928,
                    -3.276690721511841
                ],
                [
                    0.0,
                    0.0,
                    0.0,
                    1.0
                ]
            ]
        },
        {
            "file_path": "/data/shapenet_blender/all_50_random/02958343/e169584b7e66ef074051b6e037481c7/r_25",
            "rotation": 0.12566370614359174,
            "transform_matrix": [
                [
                    0.39423099160194397,
                    -0.31175753474235535,
                    0.8645167946815491,
                    3.484978199005127
                ],
                [
                    0.9190113544464111,
                    0.1337355524301529,
                    -0.37085431814193726,
                    -1.4949613809585571
                ],
                [
                    -7.4505797087454084e-09,
                    0.9407029747962952,
                    0.3392314612865448,
                    1.3674856424331665
                ],
                [
                    0.0,
                    0.0,
                    0.0,
                    1.0
                ]
            ]
        },
        {
            "file_path": "/data/shapenet_blender/all_50_random/02958343/e169584b7e66ef074051b6e037481c7/r_26",
            "rotation": 0.12566370614359174,
            "transform_matrix": [
                [
                    0.9818217158317566,
                    -0.005964398384094238,
                    -0.1897120624780655,
                    -0.7647537589073181
                ],
                [
                    -0.189805805683136,
                    -0.030852459371089935,
                    -0.9813368320465088,
                    -3.955895185470581
                ],
                [
                    0.0,
                    0.9995061755180359,
                    -0.03142369166016579,
                    -0.12667295336723328
                ],
                [
                    0.0,
                    0.0,
                    0.0,
                    1.0
                ]
            ]
        },
        {
            "file_path": "/data/shapenet_blender/all_50_random/02958343/e169584b7e66ef074051b6e037481c7/r_27",
            "rotation": 0.12566370614359174,
            "transform_matrix": [
                [
                    -0.9464959502220154,
                    -0.07476505637168884,
                    -0.31393539905548096,
                    -1.2655141353607178
                ],
                [
                    -0.3227154314517975,
                    0.21927931904792786,
                    0.9207448959350586,
                    3.711641550064087
                ],
                [
                    -7.450580152834618e-09,
                    0.9727932214736938,
                    -0.23167483508586884,
                    -0.9339112043380737
                ],
                [
                    0.0,
                    0.0,
                    0.0,
                    1.0
                ]
            ]
        },
        {
            "file_path": "/data/shapenet_blender/all_50_random/02958343/e169584b7e66ef074051b6e037481c7/r_28",
            "rotation": 0.12566370614359174,
            "transform_matrix": [
                [
                    0.6005399823188782,
                    0.12110443413257599,
                    -0.7903704047203064,
                    -3.1860849857330322
                ],
                [
                    -0.7995947599411011,
                    0.09095615148544312,
                    -0.593612015247345,
                    -2.3929266929626465
                ],
                [
                    7.450581485102248e-09,
                    0.9884636998176575,
                    0.151457279920578,
                    0.6105438470840454
                ],
                [
                    0.0,
                    0.0,
                    0.0,
                    1.0
                ]
            ]
        },
        {
            "file_path": "/data/shapenet_blender/all_50_random/02958343/e169584b7e66ef074051b6e037481c7/r_29",
            "rotation": 0.12566370614359174,
            "transform_matrix": [
                [
                    0.9545427560806274,
                    0.11870177835226059,
                    0.27341926097869873,
                    1.1021883487701416
                ],
                [
                    0.2980741560459137,
                    -0.38012656569480896,
                    -0.8755886554718018,
                    -3.5296108722686768
                ],
                [
                    -7.450580596923828e-09,
                    0.9172860980033875,
                    -0.3982289731502533,
                    -1.6053123474121094
                ],
                [
                    0.0,
                    0.0,
                    0.0,
                    1.0
                ]
            ]
        },
        {
            "file_path": "/data/shapenet_blender/all_50_random/02958343/e169584b7e66ef074051b6e037481c7/r_30",
            "rotation": 0.12566370614359174,
            "transform_matrix": [
                [
                    -0.9946082830429077,
                    -0.041041597723960876,
                    -0.0952361524105072,
                    -0.3839092254638672
                ],
                [
                    -0.10370313376188278,
                    0.3936266601085663,
                    0.9134021997451782,
                    3.682042360305786
                ],
                [
                    3.725290298461914e-09,
                    0.9183537364006042,
                    -0.3957604765892029,
                    -1.595361590385437
                ],
                [
                    0.0,
                    0.0,
                    0.0,
                    1.0
                ]
            ]
        },
        {
            "file_path": "/data/shapenet_blender/all_50_random/02958343/e169584b7e66ef074051b6e037481c7/r_31",
            "rotation": 0.12566370614359174,
            "transform_matrix": [
                [
                    -0.9311003684997559,
                    -0.17478539049625397,
                    0.3201599419116974,
                    1.2906060218811035
                ],
                [
                    0.36476340889930725,
                    -0.446159690618515,
                    0.8172448873519897,
                    3.294419527053833
                ],
                [
                    -1.4901162970204496e-08,
                    0.877719521522522,
                    0.4791747033596039,
                    1.9316149950027466
                ],
                [
                    0.0,
                    0.0,
                    0.0,
                    1.0
                ]
            ]
        },
        {
            "file_path": "/data/shapenet_blender/all_50_random/02958343/e169584b7e66ef074051b6e037481c7/r_32",
            "rotation": 0.12566370614359174,
            "transform_matrix": [
                [
                    0.44677984714508057,
                    -0.7858877182006836,
                    0.4275139272212982,
                    1.7233635187149048
                ],
                [
                    0.8946439623832703,
                    0.3924676477909088,
                    -0.21349790692329407,
                    -0.8606374859809875
                ],
                [
                    -1.4901161193847656e-08,
                    0.4778592884540558,
                    0.8784364461898804,
                    3.541090250015259
                ],
                [
                    0.0,
                    0.0,
                    0.0,
                    1.0
                ]
            ]
        },
        {
            "file_path": "/data/shapenet_blender/all_50_random/02958343/e169584b7e66ef074051b6e037481c7/r_33",
            "rotation": 0.12566370614359174,
            "transform_matrix": [
                [
                    0.9081622958183289,
                    0.05213560909032822,
                    -0.4153592586517334,
                    -1.6743667125701904
                ],
                [
                    -0.41861850023269653,
                    0.11310440301895142,
                    -0.9010915756225586,
                    -3.632416248321533
                ],
                [
                    3.725290742551124e-09,
                    0.9922142624855042,
                    0.12454207241535187,
                    0.5020451545715332
                ],
                [
                    0.0,
                    0.0,
                    0.0,
                    1.0
                ]
            ]
        },
        {
            "file_path": "/data/shapenet_blender/all_50_random/02958343/e169584b7e66ef074051b6e037481c7/r_34",
            "rotation": 0.12566370614359174,
            "transform_matrix": [
                [
                    0.9157875180244446,
                    0.3564377427101135,
                    -0.18516333401203156,
                    -0.7464172840118408
                ],
                [
                    -0.40166324377059937,
                    0.8126739263534546,
                    -0.4221702516078949,
                    -1.7018227577209473
                ],
                [
                    0.0,
                    0.46099141240119934,
                    0.8874045610427856,
                    3.577242136001587
                ],
                [
                    0.0,
                    0.0,
                    0.0,
                    1.0
                ]
            ]
        },
        {
            "file_path": "/data/shapenet_blender/all_50_random/02958343/e169584b7e66ef074051b6e037481c7/r_35",
            "rotation": 0.12566370614359174,
            "transform_matrix": [
                [
                    0.5247973799705505,
                    0.26405414938926697,
                    -0.8092361092567444,
                    -3.2621350288391113
                ],
                [
                    -0.8512271642684937,
                    0.162794291973114,
                    -0.4989091455936432,
                    -2.011167049407959
                ],
                [
                    -1.4901161193847656e-08,
                    0.9506699442863464,
                    0.31020408868789673,
                    1.2504726648330688
                ],
                [
                    0.0,
                    0.0,
                    0.0,
                    1.0
                ]
            ]
        },
        {
            "file_path": "/data/shapenet_blender/all_50_random/02958343/e169584b7e66ef074051b6e037481c7/r_36",
            "rotation": 0.12566370614359174,
            "transform_matrix": [
                [
                    -0.9157595634460449,
                    0.04607037454843521,
                    0.39907631278038025,
                    1.608728051185608
                ],
                [
                    0.40172675251960754,
                    0.10502011328935623,
                    0.9097177386283875,
                    3.667189598083496
                ],
                [
                    -3.725290076417309e-09,
                    0.9934024214744568,
                    -0.11468087136745453,
                    -0.4622933864593506
                ],
                [
                    0.0,
                    0.0,
                    0.0,
                    1.0
                ]
            ]
        },
        {
            "file_path": "/data/shapenet_blender/all_50_random/02958343/e169584b7e66ef074051b6e037481c7/r_37",
            "rotation": 0.12566370614359174,
            "transform_matrix": [
                [
                    -0.9088224768638611,
                    0.2079838514328003,
                    0.36164113879203796,
                    1.4578220844268799
                ],
                [
                    0.4171828329563141,
                    0.45308759808540344,
                    0.7878261804580688,
                    3.1758289337158203
                ],
                [
                    0.0,
                    0.8668647408485413,
                    -0.49854350090026855,
                    -2.009693145751953
                ],
                [
                    0.0,
                    0.0,
                    0.0,
                    1.0
                ]
            ]
        },
        {
            "file_path": "/data/shapenet_blender/all_50_random/02958343/e169584b7e66ef074051b6e037481c7/r_38",
            "rotation": 0.12566370614359174,
            "transform_matrix": [
                [
                    -0.8870134353637695,
                    -0.16042178869247437,
                    0.43298041820526123,
                    1.745399832725525
                ],
                [
                    0.46174365282058716,
                    -0.3081716299057007,
                    0.8317590355873108,
                    3.3529276847839355
                ],
                [
                    0.0,
                    0.9377074241638184,
                    0.34742605686187744,
                    1.4005191326141357
                ],
                [
                    0.0,
                    0.0,
                    0.0,
                    1.0
                ]
            ]
        },
        {
            "file_path": "/data/shapenet_blender/all_50_random/02958343/e169584b7e66ef074051b6e037481c7/r_39",
            "rotation": 0.12566370614359174,
            "transform_matrix": [
                [
                    0.13419629633426666,
                    0.13636678457260132,
                    -0.9815270900726318,
                    -3.956662178039551
                ],
                [
                    -0.9909548163414001,
                    0.018466955050826073,
                    -0.13291959464550018,
                    -0.5358160138130188
                ],
                [
                    0.0,
                    0.9904863238334656,
                    0.1376114785671234,
                    0.5547296404838562
                ],
                [
                    0.0,
                    0.0,
                    0.0,
                    1.0
                ]
            ]
        },
        {
            "file_path": "/data/shapenet_blender/all_50_random/02958343/e169584b7e66ef074051b6e037481c7/r_40",
            "rotation": 0.12566370614359174,
            "transform_matrix": [
                [
                    0.1886644810438156,
                    0.6310113668441772,
                    -0.7524827122688293,
                    -3.0333547592163086
                ],
                [
                    -0.9820415377616882,
                    0.12122649699449539,
                    -0.14456290006637573,
                    -0.5827516913414001
                ],
                [
                    7.450580152834618e-09,
                    0.7662431001663208,
                    0.6425506472587585,
                    2.5902044773101807
                ],
                [
                    0.0,
                    0.0,
                    0.0,
                    1.0
                ]
            ]
        },
        {
            "file_path": "/data/shapenet_blender/all_50_random/02958343/e169584b7e66ef074051b6e037481c7/r_41",
            "rotation": 0.12566370614359174,
            "transform_matrix": [
                [
                    0.3656482398509979,
                    -0.2544749677181244,
                    -0.8952897191047668,
                    -3.6090285778045654
                ],
                [
                    -0.9307531118392944,
                    -0.09997101128101349,
                    -0.35171636939048767,
                    -1.4178141355514526
                ],
