{
    "class": "02958343",
    "model": "50f4fff3a26ea3518b3ab49d2e0e41ab",
    "remove_doubles": true,
    "edge_split": true,
    "denoise": true,
    "camera_angle_x": 0.6911112070083618,
    "scale_factor": 2.234267457828029,
    "hdri_file": "/data/IndoorHDRDataset2018/AG8A5818-ec5e9b18b2.exr",
    "center_offset": [
        0.0,
        0.0,
        -2.3283064365386963e-09
    ],
    "lights": [],
    "frames": [
        {
            "file_path": "/data/shapenet_blender/all_50_random/02958343/50f4fff3a26ea3518b3ab49d2e0e41ab/r_0",
            "rotation": 0.12566370614359174,
            "transform_matrix": [
                [
                    0.7722643613815308,
                    0.2126462608575821,
                    -0.5986562967300415,
                    -2.4132609367370605
                ],
                [
                    -0.635301411151886,
                    0.25849008560180664,
                    -0.7277190089225769,
                    -2.9335293769836426
                ],
                [
                    -1.4901161193847656e-08,
                    0.9423186779022217,
                    0.3347170948982239,
                    1.3492878675460815
                ],
                [
                    0.0,
                    0.0,
                    0.0,
                    1.0
                ]
            ]
        },
        {
            "file_path": "/data/shapenet_blender/all_50_random/02958343/50f4fff3a26ea3518b3ab49d2e0e41ab/r_1",
            "rotation": 0.12566370614359174,
            "transform_matrix": [
                [
                    0.6862263679504395,
                    -0.06989315897226334,
                    -0.724022388458252,
                    -2.9186275005340576
                ],
                [
                    -0.7273881435394287,
                    -0.06593801826238632,
                    -0.6830510497093201,
                    -2.753466844558716
                ],
                [
                    -3.725290298461914e-09,
                    0.9953728914260864,
                    -0.09608785063028336,
                    -0.38734251260757446
                ],
                [
                    0.0,
                    0.0,
                    0.0,
                    1.0
                ]
            ]
        },
        {
            "file_path": "/data/shapenet_blender/all_50_random/02958343/50f4fff3a26ea3518b3ab49d2e0e41ab/r_2",
            "rotation": 0.12566370614359174,
            "transform_matrix": [
                [
                    0.148423433303833,
                    -0.1958768367767334,
                    -0.9693310856819153,
                    -3.907498359680176
                ],
                [
                    -0.9889238476753235,
                    -0.02939833700656891,
                    -0.1454828381538391,
                    -0.5864600539207458
                ],
                [
                    -1.8626448161640496e-09,
                    0.980187714099884,
                    -0.1980707049369812,
                    -0.7984485030174255
                ],
                [
                    0.0,
                    0.0,
                    0.0,
                    1.0
                ]
            ]
        },
        {
            "file_path": "/data/shapenet_blender/all_50_random/02958343/50f4fff3a26ea3518b3ab49d2e0e41ab/r_3",
            "rotation": 0.12566370614359174,
            "transform_matrix": [
                [
                    -0.7823684215545654,
                    -0.2320958375930786,
                    -0.5779542922973633,
                    -2.329808235168457
                ],
                [
                    -0.6228159070014954,
                    0.29155397415161133,
                    0.7260141968727112,
                    2.926656723022461
                ],
                [
                    1.4901161193847656e-08,
                    0.9279696345329285,
                    -0.37265563011169434,
                    -1.5022228956222534
                ],
                [
                    0.0,
                    0.0,
                    0.0,
                    1.0
                ]
            ]
        },
        {
            "file_path": "/data/shapenet_blender/all_50_random/02958343/50f4fff3a26ea3518b3ab49d2e0e41ab/r_4",
            "rotation": 0.12566370614359174,
            "transform_matrix": [
                [
                    -0.7966890335083008,
                    0.17838244140148163,
                    0.5774653553962708,
                    2.3278374671936035
                ],
                [
                    0.604389488697052,
                    0.2351386696100235,
                    0.7611984610557556,
                    3.0684893131256104
                ],
                [
                    0.0,
                    0.955452561378479,
                    -0.29514482617378235,
                    -1.1897670030593872
                ],
                [
                    0.0,
                    0.0,
                    0.0,
                    1.0
                ]
            ]
        },
        {
            "file_path": "/data/shapenet_blender/all_50_random/02958343/50f4fff3a26ea3518b3ab49d2e0e41ab/r_5",
            "rotation": 0.12566370614359174,
            "transform_matrix": [
                [
                    0.5492454767227173,
                    0.4942086935043335,
                    0.6738598346710205,
                    2.716416120529175
                ],
                [
                    0.8356610536575317,
                    -0.32482296228408813,
                    -0.44290024042129517,
                    -1.7853881120681763
                ],
                [
                    0.0,
                    0.8063793778419495,
                    -0.5913984775543213,
                    -2.3840036392211914
                ],
                [
                    0.0,
                    0.0,
                    0.0,
                    1.0
                ]
            ]
        },
        {
            "file_path": "/data/shapenet_blender/all_50_random/02958343/50f4fff3a26ea3518b3ab49d2e0e41ab/r_6",
            "rotation": 0.12566370614359174,
            "transform_matrix": [
                [
                    0.770605742931366,
                    0.5379329323768616,
                    0.34175270795822144,
                    1.377649188041687
                ],
                [
                    0.637312114238739,
                    -0.6504414081573486,
                    -0.41323015093803406,
                    -1.6657840013504028
                ],
                [
                    0.0,
                    0.5362406969070435,
                    -0.8440650701522827,
                    -3.4025352001190186
                ],
                [
                    0.0,
                    0.0,
                    0.0,
                    1.0
                ]
            ]
        },
        {
            "file_path": "/data/shapenet_blender/all_50_random/02958343/50f4fff3a26ea3518b3ab49d2e0e41ab/r_7",
            "rotation": 0.12566370614359174,
            "transform_matrix": [
                [
                    0.9357683062553406,
                    -0.05696064978837967,
                    0.34798455238342285,
                    1.402770757675171
                ],
                [
                    0.3526156544685364,
                    0.15116167068481445,
                    -0.9234783053398132,
                    -3.7226603031158447
                ],
                [
                    -3.725290742551124e-09,
                    0.9868665337562561,
                    0.16153748333454132,
                    0.6511784791946411
                ],
                [
                    0.0,
                    0.0,
                    0.0,
                    1.0
                ]
            ]
        },
        {
            "file_path": "/data/shapenet_blender/all_50_random/02958343/50f4fff3a26ea3518b3ab49d2e0e41ab/r_8",
            "rotation": 0.12566370614359174,
            "transform_matrix": [
                [
                    0.6567052602767944,
                    -0.0663941279053688,
                    0.7512190937995911,
                    3.0282607078552246
                ],
                [
                    0.7541473507881165,
                    0.05781546235084534,
                    -0.6541553735733032,
                    -2.636984348297119
                ],
                [
                    -3.725290298461914e-09,
                    0.9961169958114624,
                    0.08803869783878326,
                    0.35489529371261597
                ],
                [
                    0.0,
                    0.0,
                    0.0,
                    1.0
                ]
            ]
        },
        {
            "file_path": "/data/shapenet_blender/all_50_random/02958343/50f4fff3a26ea3518b3ab49d2e0e41ab/r_9",
            "rotation": 0.12566370614359174,
            "transform_matrix": [
                [
                    -0.3744954764842987,
                    -0.37551775574684143,
                    -0.8477851152420044,
                    -3.4175310134887695
                ],
                [
                    -0.9272288084030151,
                    0.15166667103767395,
                    0.3424092233181,
                    1.380295753479004
                ],
                [
                    0.0,
                    0.9143214225769043,
                    -0.4049893319606781,
                    -1.6325641870498657
                ],
                [
                    0.0,
                    0.0,
                    0.0,
                    1.0
                ]
            ]
        },
        {
            "file_path": "/data/shapenet_blender/all_50_random/02958343/50f4fff3a26ea3518b3ab49d2e0e41ab/r_10",
            "rotation": 0.12566370614359174,
            "transform_matrix": [
                [
                    0.999443531036377,
                    -0.0036573996767401695,
                    0.03315543383359909,
                    0.13365383446216583
                ],
                [
                    0.033356551080942154,
                    0.10958460718393326,
                    -0.9934175610542297,
                    -4.004594326019287
                ],
                [
                    -2.3283067140944524e-10,
                    0.9939706921577454,
                    0.10964562743902206,
                    0.44199565052986145
                ],
                [
                    0.0,
                    0.0,
                    0.0,
                    1.0
                ]
            ]
        },
        {
            "file_path": "/data/shapenet_blender/all_50_random/02958343/50f4fff3a26ea3518b3ab49d2e0e41ab/r_11",
            "rotation": 0.12566370614359174,
            "transform_matrix": [
                [
                    -0.7098491191864014,
                    -0.266681432723999,
                    -0.6519165635108948,
                    -2.6279594898223877
                ],
                [
                    -0.7043536305427551,
                    0.26876211166381836,
                    0.657002866268158,
                    2.648463010787964
                ],
                [
                    1.4901160305669237e-08,
                    0.9255527257919312,
                    -0.37861868739128113,
                    -1.5262606143951416
                ],
                [
                    0.0,
                    0.0,
                    0.0,
                    1.0
                ]
            ]
        },
        {
            "file_path": "/data/shapenet_blender/all_50_random/02958343/50f4fff3a26ea3518b3ab49d2e0e41ab/r_12",
            "rotation": 0.12566370614359174,
            "transform_matrix": [
                [
                    0.36937373876571655,
                    -0.5859923362731934,
                    0.7212322950363159,
                    2.9073803424835205
                ],
                [
                    0.9292809963226318,
                    0.23292221128940582,
                    -0.28667783737182617,
                    -1.1556353569030762
                ],
                [
                    0.0,
                    0.7761186957359314,
                    0.6305868625640869,
                    2.5419769287109375
                ],
                [
                    0.0,
                    0.0,
                    0.0,
                    1.0
                ]
            ]
        },
        {
            "file_path": "/data/shapenet_blender/all_50_random/02958343/50f4fff3a26ea3518b3ab49d2e0e41ab/r_13",
            "rotation": 0.12566370614359174,
            "transform_matrix": [
                [
                    -0.46281009912490845,
                    0.5146895051002502,
                    -0.7217350602149963,
                    -2.909407138824463
                ],
                [
                    -0.8864574432373047,
                    -0.26871398091316223,
                    0.3768102824687958,
                    1.5189708471298218
                ],
                [
                    0.0,
                    0.8141790628433228,
                    0.5806138515472412,
                    2.340529203414917
                ],
                [
                    0.0,
                    0.0,
                    0.0,
                    1.0
                ]
            ]
        },
        {
            "file_path": "/data/shapenet_blender/all_50_random/02958343/50f4fff3a26ea3518b3ab49d2e0e41ab/r_14",
            "rotation": 0.12566370614359174,
            "transform_matrix": [
                [
                    -0.1625317633152008,
                    -0.008575351908802986,
                    0.9866659641265869,
                    3.9773778915405273
                ],
                [
                    0.9867033362388611,
                    -0.0014125494053587317,
                    0.16252560913562775,
                    0.6551617383956909
                ],
                [
                    0.0,
                    0.9999622702598572,
                    0.008690910413861275,
                    0.0350341834127903
                ],
                [
                    0.0,
                    0.0,
                    0.0,
                    1.0
                ]
            ]
        },
        {
            "file_path": "/data/shapenet_blender/all_50_random/02958343/50f4fff3a26ea3518b3ab49d2e0e41ab/r_15",
            "rotation": 0.12566370614359174,
            "transform_matrix": [
                [
                    -0.8824493885040283,
                    0.030113043263554573,
                    -0.4694426357746124,
                    -1.8923838138580322
                ],
                [
                    -0.47040748596191406,
                    -0.05648982152342796,
                    0.880639374256134,
                    3.549970865249634
                ],
                [
                    1.862645371275562e-09,
                    0.9979488849639893,
                    0.06401480734348297,
                    0.25805193185806274
                ],
                [
                    0.0,
                    0.0,
                    0.0,
                    1.0
                ]
            ]
        },
        {
            "file_path": "/data/shapenet_blender/all_50_random/02958343/50f4fff3a26ea3518b3ab49d2e0e41ab/r_16",
            "rotation": 0.12566370614359174,
            "transform_matrix": [
                [
                    -0.7922705411911011,
                    -0.1732095181941986,
                    0.5850691795349121,
                    2.3584892749786377
                ],
                [
                    0.6101700663566589,
                    -0.22490252554416656,
                    0.7596784234046936,
                    3.062361717224121
                ],
                [
                    0.0,
                    0.9588624238967896,
                    0.2838709056377411,
                    1.1443202495574951
                ],
                [
                    0.0,
                    0.0,
                    0.0,
                    1.0
                ]
            ]
        },
        {
            "file_path": "/data/shapenet_blender/all_50_random/02958343/50f4fff3a26ea3518b3ab49d2e0e41ab/r_17",
            "rotation": 0.12566370614359174,
            "transform_matrix": [
                [
                    -0.9811357259750366,
                    0.18286211788654327,
                    0.06272242218255997,
                    0.25284215807914734
                ],
                [
                    0.19332008063793182,
                    0.9280595779418945,
                    0.31832805275917053,
                    1.2832214832305908
                ],
                [
                    -3.725290298461914e-09,
                    0.3244485855102539,
                    -0.9459033012390137,
                    -3.8130581378936768
                ],
                [
                    0.0,
                    0.0,
                    0.0,
                    1.0
                ]
            ]
        },
        {
            "file_path": "/data/shapenet_blender/all_50_random/02958343/50f4fff3a26ea3518b3ab49d2e0e41ab/r_18",
            "rotation": 0.12566370614359174,
            "transform_matrix": [
                [
                    -0.13128140568733215,
                    -0.05339908227324486,
                    -0.9899059534072876,
                    -3.990438461303711
                ],
                [
                    -0.9913451075553894,
                    0.007071509025990963,
                    0.13109081983566284,
                    0.5284439921379089
                ],
                [
                    -9.313224635931761e-10,
                    0.9985482692718506,
                    -0.05386526882648468,
                    -0.21713784337043762
                ],
                [
                    0.0,
                    0.0,
                    0.0,
                    1.0
                ]
            ]
        },
        {
            "file_path": "/data/shapenet_blender/all_50_random/02958343/50f4fff3a26ea3518b3ab49d2e0e41ab/r_19",
            "rotation": 0.12566370614359174,
            "transform_matrix": [
                [
                    -0.799511730670929,
                    0.5633221864700317,
                    0.20844446122646332,
                    0.8402665853500366
                ],
                [
                    0.6006504893302917,
                    0.7498249411582947,
                    0.27745550870895386,
                    1.1184591054916382
                ],
                [
                    0.0,
                    0.3470311760902405,
                    -0.9378535151481628,
                    -3.780608654022217
                ],
                [
                    0.0,
                    0.0,
                    0.0,
                    1.0
                ]
            ]
        },
        {
            "file_path": "/data/shapenet_blender/all_50_random/02958343/50f4fff3a26ea3518b3ab49d2e0e41ab/r_20",
            "rotation": 0.12566370614359174,
            "transform_matrix": [
                [
                    -0.9986666440963745,
                    -0.04496156796813011,
                    0.025363486260175705,
                    0.10224348306655884
                ],
                [
                    0.0516221709549427,
                    -0.8698126077651978,
                    0.4906741678714752,
                    1.977970838546753
                ],
                [
                    0.0,
                    0.4913293123245239,
                    0.8709738850593567,
                    3.5110080242156982
                ],
                [
                    0.0,
                    0.0,
                    0.0,
                    1.0
                ]
            ]
        },
        {
            "file_path": "/data/shapenet_blender/all_50_random/02958343/50f4fff3a26ea3518b3ab49d2e0e41ab/r_21",
            "rotation": 0.12566370614359174,
            "transform_matrix": [
                [
                    0.4921649098396301,
                    -0.04948505014181137,
                    -0.8690942525863647,
                    -3.5034313201904297
                ],
                [
                    -0.8705018758773804,
                    -0.02797788567841053,
                    -0.4913690388202667,
                    -1.9807720184326172
                ],
                [
                    1.8626450382086546e-09,
                    0.9983829259872437,
                    -0.05684656277298927,
                    -0.22915583848953247
                ],
                [
                    0.0,
                    0.0,
                    0.0,
                    1.0
                ]
            ]
        },
        {
            "file_path": "/data/shapenet_blender/all_50_random/02958343/50f4fff3a26ea3518b3ab49d2e0e41ab/r_22",
            "rotation": 0.12566370614359174,
            "transform_matrix": [
                [
                    0.4471568465232849,
                    0.048028718680143356,
                    -0.8931651711463928,
                    -3.6004638671875
                ],
                [
                    -0.8944555521011353,
                    0.02401055209338665,
                    -0.44651177525520325,
                    -1.7999465465545654
                ],
                [
                    0.0,
                    0.9985572695732117,
                    0.05369604751467705,
                    0.21645569801330566
                ],
                [
                    0.0,
                    0.0,
                    0.0,
                    1.0
                ]
            ]
        },
        {
            "file_path": "/data/shapenet_blender/all_50_random/02958343/50f4fff3a26ea3518b3ab49d2e0e41ab/r_23",
            "rotation": 0.12566370614359174,
            "transform_matrix": [
                [
                    -0.8065924644470215,
                    -0.48523637652397156,
                    -0.3375711739063263,
                    -1.360792875289917
                ],
                [
                    -0.5911080241203308,
                    0.6621260046958923,
                    0.4606304466724396,
                    1.8568607568740845
                ],
                [
                    0.0,
                    0.5710819959640503,
                    -0.8208929896354675,
                    -3.3091254234313965
                ],
                [
                    0.0,
                    0.0,
                    0.0,
                    1.0
                ]
            ]
        },
        {
            "file_path": "/data/shapenet_blender/all_50_random/02958343/50f4fff3a26ea3518b3ab49d2e0e41ab/r_24",
            "rotation": 0.12566370614359174,
            "transform_matrix": [
                [
                    -0.8058832287788391,
                    -0.3244514763355255,
                    -0.495261013507843,
                    -1.996461033821106
                ],
                [
                    -0.592074453830719,
                    0.4416166841983795,
                    0.674108624458313,
                    2.717418670654297
                ],
                [
                    0.0,
                    0.8364841938018799,
                    -0.5479909181594849,
                    -2.209022045135498
                ],
                [
                    0.0,
                    0.0,
                    0.0,
                    1.0
                ]
            ]
        },
        {
            "file_path": "/data/shapenet_blender/all_50_random/02958343/50f4fff3a26ea3518b3ab49d2e0e41ab/r_25",
            "rotation": 0.12566370614359174,
            "transform_matrix": [
                [
                    -0.9960557818412781,
                    0.009948701597750187,
                    0.08817002922296524,
                    0.35542476177215576
                ],
                [
                    0.08872953802347183,
                    0.11168166249990463,
                    0.9897748827934265,
                    3.989910125732422
                ],
                [
                    0.0,
                    0.9936942458152771,
                    -0.11212390661239624,
                    -0.4519859254360199
                ],
                [
                    0.0,
                    0.0,
                    0.0,
                    1.0
                ]
            ]
        },
        {
            "file_path": "/data/shapenet_blender/all_50_random/02958343/50f4fff3a26ea3518b3ab49d2e0e41ab/r_26",
            "rotation": 0.12566370614359174,
            "transform_matrix": [
                [
                    -0.16797125339508057,
                    -0.49569812417030334,
                    -0.8520968556404114,
                    -3.4349122047424316
                ],
                [
                    -0.9857919216156006,
                    0.08446309715509415,
                    0.14519067108631134,
                    0.5852823257446289
                ],
                [
                    -7.450580596923828e-09,
                    0.864378035068512,
                    -0.5028425455093384,
                    -2.0270230770111084
                ],
                [
                    0.0,
                    0.0,
                    0.0,
                    1.0
                ]
            ]
        },
        {
            "file_path": "/data/shapenet_blender/all_50_random/02958343/50f4fff3a26ea3518b3ab49d2e0e41ab/r_27",
            "rotation": 0.12566370614359174,
            "transform_matrix": [
                [
                    0.6742233037948608,
                    -0.01735229790210724,
                    -0.7383236885070801,
                    -2.976278066635132
                ],
                [
                    -0.7385275959968567,
                    -0.015841417014598846,
                    -0.6740370988845825,
                    -2.717130422592163
                ],
                [
                    -9.313225746154785e-10,
                    0.9997239708900452,
                    -0.02349579893052578,
                    -0.09471459686756134
                ],
                [
                    0.0,
                    0.0,
                    0.0,
                    1.0
                ]
            ]
        },
        {
            "file_path": "/data/shapenet_blender/all_50_random/02958343/50f4fff3a26ea3518b3ab49d2e0e41ab/r_28",
            "rotation": 0.12566370614359174,
            "transform_matrix": [
                [
                    0.9712180495262146,
                    -0.04674925655126572,
                    0.2335595190525055,
                    0.9415085315704346
                ],
                [
                    0.23819224536418915,
                    0.19061796367168427,
                    -0.9523283243179321,
                    -3.838958263397217
                ],
                [
                    3.725290298461914e-09,
                    0.9805504679679871,
                    0.19626693427562714,
                    0.7911773324012756
                ],
                [
                    0.0,
                    0.0,
                    0.0,
                    1.0
                ]
            ]
        },
        {
            "file_path": "/data/shapenet_blender/all_50_random/02958343/50f4fff3a26ea3518b3ab49d2e0e41ab/r_29",
            "rotation": 0.12566370614359174,
            "transform_matrix": [
                [
                    -0.3887653648853302,
                    0.7859029173851013,
                    -0.4808514416217804,
                    -1.9383741617202759
                ],
                [
                    -0.921336829662323,
                    -0.33161792159080505,
                    0.2028990536928177,
                    0.817912220954895
                ],
                [
                    0.0,
                    0.5219061970710754,
                    0.8530027866363525,
                    3.4385643005371094
                ],
                [
                    0.0,
                    0.0,
                    0.0,
                    1.0
                ]
            ]
        },
        {
            "file_path": "/data/shapenet_blender/all_50_random/02958343/50f4fff3a26ea3518b3ab49d2e0e41ab/r_30",
            "rotation": 0.12566370614359174,
            "transform_matrix": [
                [
                    -0.8229013681411743,
                    -0.15253518521785736,
                    -0.5473265647888184,
                    -2.20634388923645
                ],
                [
                    -0.5681842565536499,
                    0.2209167182445526,
                    0.7926931381225586,
                    3.195448160171509
                ],
                [
                    -1.4901161193847656e-08,
                    0.9632905721664429,
                    -0.26846078038215637,
                    -1.082200050354004
                ],
                [
                    0.0,
                    0.0,
                    0.0,
                    1.0
                ]
            ]
        },
        {
            "file_path": "/data/shapenet_blender/all_50_random/02958343/50f4fff3a26ea3518b3ab49d2e0e41ab/r_31",
            "rotation": 0.12566370614359174,
            "transform_matrix": [
                [
                    0.28162339329719543,
                    -0.8370062708854675,
                    0.4691576063632965,
                    1.8912347555160522
                ],
                [
                    0.9595250487327576,
                    0.24566377699375153,
                    -0.13769912719726562,
                    -0.5550829172134399
                ],
                [
                    7.450580596923828e-09,
                    0.48894768953323364,
                    0.8723130226135254,
                    3.516406297683716
                ],
                [
                    0.0,
                    0.0,
                    0.0,
                    1.0
                ]
            ]
        },
        {
            "file_path": "/data/shapenet_blender/all_50_random/02958343/50f4fff3a26ea3518b3ab49d2e0e41ab/r_32",
            "rotation": 0.12566370614359174,
            "transform_matrix": [
                [
                    0.942513108253479,
                    0.11343015730381012,
                    -0.31432878971099854,
                    -1.2670998573303223
                ],
                [
                    -0.33416905999183655,
                    0.31992611289024353,
                    -0.8865541815757751,
                    -3.5738141536712646
                ],
                [
                    7.450580152834618e-09,
                    0.940627932548523,
                    0.33943939208984375,
                    1.3683239221572876
                ],
                [
                    0.0,
                    0.0,
                    0.0,
                    1.0
                ]
            ]
        },
        {
            "file_path": "/data/shapenet_blender/all_50_random/02958343/50f4fff3a26ea3518b3ab49d2e0e41ab/r_33",
            "rotation": 0.12566370614359174,
            "transform_matrix": [
                [
                    0.12397079169750214,
                    -0.977917492389679,
                    -0.16825182735919952,
                    -0.6782447099685669
                ],
                [
                    -0.992285966873169,
                    -0.1221756786108017,
                    -0.021020466461777687,
                    -0.08473619818687439
                ],
                [
                    1.862645149230957e-09,
                    0.16955985128879547,
                    -0.9855199456214905,
                    -3.972757577896118
                ],
                [
                    0.0,
                    0.0,
                    0.0,
                    1.0
                ]
            ]
        },
        {
            "file_path": "/data/shapenet_blender/all_50_random/02958343/50f4fff3a26ea3518b3ab49d2e0e41ab/r_34",
            "rotation": 0.12566370614359174,
            "transform_matrix": [
                [
                    0.09866663068532944,
                    -0.0421641506254673,
                    0.9942269325256348,
                    4.007856845855713
                ],
                [
                    0.9951205849647522,
                    0.00418059341609478,
                    -0.09857802093029022,
                    -0.3973807096481323
                ],
                [
                    0.0,
                    0.9991019368171692,
                    0.04237090051174164,
                    0.17080256342887878
                ],
                [
                    0.0,
                    0.0,
                    0.0,
                    1.0
                ]
            ]
        },
        {
            "file_path": "/data/shapenet_blender/all_50_random/02958343/50f4fff3a26ea3518b3ab49d2e0e41ab/r_35",
            "rotation": 0.12566370614359174,
            "transform_matrix": [
                [
                    0.6216832995414734,
                    0.1425883024930954,
                    -0.7701808214187622,
                    -3.1046981811523438
                ],
                [
                    -0.7832687497138977,
                    0.11317286640405655,
                    -0.6112954020500183,
                    -2.4642105102539062
                ],
                [
                    -7.450580596923828e-09,
                    0.9832906126976013,
                    0.18204264342784882,
                    0.733837366104126
                ],
                [
                    0.0,
                    0.0,
                    0.0,
                    1.0
                ]
            ]
        },
        {
            "file_path": "/data/shapenet_blender/all_50_random/02958343/50f4fff3a26ea3518b3ab49d2e0e41ab/r_36",
            "rotation": 0.12566370614359174,
            "transform_matrix": [
                [
                    -0.7751491665840149,
                    0.5916193723678589,
                    0.22165349125862122,
                    0.8935137987136841
                ],
                [
                    0.6317782998085022,
                    0.7258769273757935,
                    0.271953821182251,
                    1.0962809324264526
                ],
                [
                    0.0,
                    0.35084056854248047,
                    -0.9364351630210876,
                    -3.774890899658203
                ],
                [
                    0.0,
                    0.0,
                    0.0,
                    1.0
                ]
            ]
        },
        {
            "file_path": "/data/shapenet_blender/all_50_random/02958343/50f4fff3a26ea3518b3ab49d2e0e41ab/r_37",
            "rotation": 0.12566370614359174,
            "transform_matrix": [
                [
                    -0.912109911441803,
                    0.12838664650917053,
                    0.3893229365348816,
                    1.5694109201431274
                ],
                [
                    0.4099457263946533,
                    0.2856542468070984,
                    0.8662252426147461,
                    3.491865634918213
                ],
                [
                    7.450580152834618e-09,
                    0.9496939182281494,
                    -0.3131796419620514,
                    -1.2624675035476685
                ],
                [
                    0.0,
                    0.0,
                    0.0,
                    1.0
                ]
            ]
        },
        {
            "file_path": "/data/shapenet_blender/all_50_random/02958343/50f4fff3a26ea3518b3ab49d2e0e41ab/r_38",
            "rotation": 0.12566370614359174,
            "transform_matrix": [
                [
                    0.9656827449798584,
                    0.1972290575504303,
                    0.16898979246616364,
                    0.6812195777893066
                ],
                [
                    0.25972455739974976,
                    -0.7333179712295532,
                    -0.6283214688301086,
                    -2.5328445434570312
                ],
                [
                    7.450580152834618e-09,
                    0.650649905204773,
                    -0.7593778371810913,
                    -3.0611495971679688
                ],
                [
                    0.0,
                    0.0,
                    0.0,
                    1.0
                ]
            ]
        },
        {
            "file_path": "/data/shapenet_blender/all_50_random/02958343/50f4fff3a26ea3518b3ab49d2e0e41ab/r_39",
            "rotation": 0.12566370614359174,
            "transform_matrix": [
                [
                    -0.31970304250717163,
                    -0.4759526550769806,
                    -0.8193039894104004,
                    -3.302720069885254
                ],
                [
                    -0.9475178718566895,
                    0.1605917066335678,
                    0.276442289352417,
                    1.1143745183944702
                ],
                [
                    -1.4901161193847656e-08,
                    0.864684522151947,
                    -0.5023152828216553,
                    -2.024897575378418
                ],
                [
                    0.0,
                    0.0,
                    0.0,
                    1.0
                ]
            ]
        },
        {
            "file_path": "/data/shapenet_blender/all_50_random/02958343/50f4fff3a26ea3518b3ab49d2e0e41ab/r_40",
            "rotation": 0.12566370614359174,
            "transform_matrix": [
                [
                    0.7606522440910339,
                    0.10180018842220306,
                    0.6411277651786804,
                    2.5844688415527344
                ],
                [
                    0.6491596102714539,
                    -0.11928429454565048,
                    -0.7512409687042236,
                    -3.0283493995666504
                ],
                [
                    0.0,
                    0.9876274466514587,
                    -0.1568184196949005,
                    -0.6321553587913513
                ],
                [
                    0.0,
                    0.0,
                    0.0,
                    1.0
                ]
            ]
        },
        {
            "file_path": "/data/shapenet_blender/all_50_random/02958343/50f4fff3a26ea3518b3ab49d2e0e41ab/r_41",
            "rotation": 0.12566370614359174,
            "transform_matrix": [
                [
                    -0.9886091947555542,
                    0.09667301923036575,
                    0.11535259336233139,
                    0.4650011956691742
                ],
                [
                    0.1505054533481598,
                    0.6350057125091553,
                    0.7577042579650879,
                    3.054403781890869
