{
    "class": "02958343",
    "model": "6a348343b90f8f06a78cb4f1b66f009e",
    "remove_doubles": true,
    "edge_split": true,
    "denoise": true,
    "camera_angle_x": 0.6911112070083618,
    "scale_factor": 2.2455534712106204,
    "hdri_file": "/data/IndoorHDRDataset2018/AG8A9025-59c4e764b9.exr",
    "center_offset": [
        0.0,
        0.0,
        0.0
    ],
    "lights": [],
    "frames": [
        {
            "file_path": "/data/shapenet_blender/all_50_random/02958343/6a348343b90f8f06a78cb4f1b66f009e/r_0",
            "rotation": 0.12566370614359174,
            "transform_matrix": [
                [
                    0.7712264060974121,
                    -0.21377362310886383,
                    0.5995920896530151,
                    2.4170329570770264
                ],
                [
                    0.6365609169006348,
                    0.25899776816368103,
                    -0.7264367341995239,
                    -2.9283602237701416
                ],
                [
                    0.0,
                    0.9419240951538086,
                    0.3358258306980133,
                    1.3537572622299194
                ],
                [
                    0.0,
                    0.0,
                    0.0,
                    1.0
                ]
            ]
        },
        {
            "file_path": "/data/shapenet_blender/all_50_random/02958343/6a348343b90f8f06a78cb4f1b66f009e/r_1",
            "rotation": 0.12566370614359174,
            "transform_matrix": [
                [
                    -0.21520119905471802,
                    -0.6953323483467102,
                    0.6857121586799622,
                    2.7641942501068115
                ],
                [
                    0.9765697717666626,
                    -0.15322647988796234,
                    0.15110652148723602,
                    0.6091299057006836
                ],
                [
                    7.450581485102248e-09,
                    0.7021641731262207,
                    0.7120150327682495,
                    2.870224714279175
                ],
                [
                    0.0,
                    0.0,
                    0.0,
                    1.0
                ]
            ]
        },
        {
            "file_path": "/data/shapenet_blender/all_50_random/02958343/6a348343b90f8f06a78cb4f1b66f009e/r_2",
            "rotation": 0.12566370614359174,
            "transform_matrix": [
                [
                    -0.9341784715652466,
                    0.31251752376556396,
                    -0.17217260599136353,
                    -0.6940499544143677
                ],
                [
                    -0.3568061590194702,
                    -0.8182234168052673,
                    0.4507768154144287,
                    1.8171395063400269
                ],
                [
                    0.0,
                    0.48253822326660156,
                    0.8758748769760132,
                    3.530764579772949
                ],
                [
                    0.0,
                    0.0,
                    0.0,
                    1.0
                ]
            ]
        },
        {
            "file_path": "/data/shapenet_blender/all_50_random/02958343/6a348343b90f8f06a78cb4f1b66f009e/r_3",
            "rotation": 0.12566370614359174,
            "transform_matrix": [
                [
                    0.8506567478179932,
                    0.3730623424053192,
                    0.3704153597354889,
                    1.493192195892334
                ],
                [
                    0.5257214903831482,
                    -0.6036428213119507,
                    -0.5993597507476807,
                    -2.4160966873168945
                ],
                [
                    1.4901161193847656e-08,
                    0.7045848965644836,
                    -0.7096196413040161,
                    -2.8605685234069824
                ],
                [
                    0.0,
                    0.0,
                    0.0,
                    1.0
                ]
            ]
        },
        {
            "file_path": "/data/shapenet_blender/all_50_random/02958343/6a348343b90f8f06a78cb4f1b66f009e/r_4",
            "rotation": 0.12566370614359174,
            "transform_matrix": [
                [
                    0.960738480091095,
                    -0.17254509031772614,
                    -0.21727772057056427,
                    -0.8758745193481445
                ],
                [
                    -0.27745524048805237,
                    -0.5974683165550232,
                    -0.7523630261421204,
                    -3.032872438430786
                ],
                [
                    0.0,
                    0.7831090092658997,
                    -0.6218843460083008,
                    -2.5068960189819336
                ],
                [
                    0.0,
                    0.0,
                    0.0,
                    1.0
                ]
            ]
        },
        {
            "file_path": "/data/shapenet_blender/all_50_random/02958343/6a348343b90f8f06a78cb4f1b66f009e/r_5",
            "rotation": 0.12566370614359174,
            "transform_matrix": [
                [
                    0.4782242774963379,
                    0.2300781011581421,
                    -0.8475644588470459,
                    -3.4166417121887207
                ],
                [
                    -0.8782376646995544,
                    0.12528377771377563,
                    -0.46152186393737793,
                    -1.8604540824890137
                ],
                [
                    0.0,
                    0.9650741815567017,
                    0.2619769871234894,
                    1.0560630559921265
                ],
                [
                    0.0,
                    0.0,
                    0.0,
                    1.0
                ]
            ]
        },
        {
            "file_path": "/data/shapenet_blender/all_50_random/02958343/6a348343b90f8f06a78cb4f1b66f009e/r_6",
            "rotation": 0.12566370614359174,
            "transform_matrix": [
                [
                    -0.9994378685951233,
                    -0.0020787063986063004,
                    -0.033462267369031906,
                    -0.13489073514938354
                ],
                [
                    -0.03352677449584007,
                    0.06196652352809906,
                    0.9975149035453796,
                    4.021111488342285
                ],
                [
                    -2.3283064365386963e-10,
                    0.9980760812759399,
                    -0.06200137734413147,
                    -0.2499355673789978
                ],
                [
                    0.0,
                    0.0,
                    0.0,
                    1.0
                ]
            ]
        },
        {
            "file_path": "/data/shapenet_blender/all_50_random/02958343/6a348343b90f8f06a78cb4f1b66f009e/r_7",
            "rotation": 0.12566370614359174,
            "transform_matrix": [
                [
                    -0.9996669292449951,
                    0.00863915029913187,
                    -0.024320436641573906,
                    -0.09803881496191025
                ],
                [
                    -0.02580927312374115,
                    -0.3346189856529236,
                    0.9419999718666077,
                    3.79732346534729
                ],
                [
                    0.0,
                    0.9423139095306396,
                    0.33473047614097595,
                    1.3493417501449585
                ],
                [
                    0.0,
                    0.0,
                    0.0,
                    1.0
                ]
            ]
        },
        {
            "file_path": "/data/shapenet_blender/all_50_random/02958343/6a348343b90f8f06a78cb4f1b66f009e/r_8",
            "rotation": 0.12566370614359174,
            "transform_matrix": [
                [
                    0.9361956119537354,
                    0.16269414126873016,
                    -0.3115580379962921,
                    -1.2559306621551514
                ],
                [
                    -0.3514794409275055,
                    0.4333497881889343,
                    -0.8298615217208862,
                    -3.345278739929199
                ],
                [
                    0.0,
                    0.8864189982414246,
                    0.4628838002681732,
                    1.865944266319275
                ],
                [
                    0.0,
                    0.0,
                    0.0,
                    1.0
                ]
            ]
        },
        {
            "file_path": "/data/shapenet_blender/all_50_random/02958343/6a348343b90f8f06a78cb4f1b66f009e/r_9",
            "rotation": 0.12566370614359174,
            "transform_matrix": [
                [
                    0.8203448057174683,
                    -0.4961298704147339,
                    -0.284410685300827,
                    -1.146496295928955
                ],
                [
                    -0.5718691349029541,
                    -0.7116971015930176,
                    -0.40798646211624146,
                    -1.644646167755127
                ],
                [
                    0.0,
                    0.497335284948349,
                    -0.8675583600997925,
                    -3.497239828109741
                ],
                [
                    0.0,
                    0.0,
                    0.0,
                    1.0
                ]
            ]
        },
        {
            "file_path": "/data/shapenet_blender/all_50_random/02958343/6a348343b90f8f06a78cb4f1b66f009e/r_10",
            "rotation": 0.12566370614359174,
            "transform_matrix": [
                [
                    -0.44528067111968994,
                    0.5911818742752075,
                    -0.6724797487258911,
                    -2.71085262298584
                ],
                [
                    -0.895391047000885,
                    -0.29399654269218445,
                    0.33442622423171997,
                    1.3481152057647705
                ],
                [
                    0.0,
                    0.751045823097229,
                    0.6602500081062317,
                    2.661552906036377
                ],
                [
                    0.0,
                    0.0,
                    0.0,
                    1.0
                ]
            ]
        },
        {
            "file_path": "/data/shapenet_blender/all_50_random/02958343/6a348343b90f8f06a78cb4f1b66f009e/r_11",
            "rotation": 0.12566370614359174,
            "transform_matrix": [
                [
                    0.7943923473358154,
                    0.5675773024559021,
                    0.21632607281208038,
                    0.8720383048057556
                ],
                [
                    0.6074051260948181,
                    -0.7423036098480225,
                    -0.28292116522789,
                    -1.1404917240142822
                ],
                [
                    -1.4901162970204496e-08,
                    0.35614797472953796,
                    -0.9344295859336853,
                    -3.766806125640869
                ],
                [
                    0.0,
                    0.0,
                    0.0,
                    1.0
                ]
            ]
        },
        {
            "file_path": "/data/shapenet_blender/all_50_random/02958343/6a348343b90f8f06a78cb4f1b66f009e/r_12",
            "rotation": 0.12566370614359174,
            "transform_matrix": [
                [
                    0.9953547120094299,
                    -0.019266096875071526,
                    -0.09432876855134964,
                    -0.3802514374256134
                ],
                [
                    -0.0962761715054512,
                    -0.19918325543403625,
                    -0.9752214550971985,
                    -3.931243419647217
                ],
                [
                    -1.862645371275562e-09,
                    0.9797728061676025,
                    -0.20011284947395325,
                    -0.8066806793212891
                ],
                [
                    0.0,
                    0.0,
                    0.0,
                    1.0
                ]
            ]
        },
        {
            "file_path": "/data/shapenet_blender/all_50_random/02958343/6a348343b90f8f06a78cb4f1b66f009e/r_13",
            "rotation": 0.12566370614359174,
            "transform_matrix": [
                [
                    -0.977572500705719,
                    -0.04207363352179527,
                    0.20635348558425903,
                    0.8318374752998352
                ],
                [
                    0.21059902012348175,
                    -0.1953001767396927,
                    0.957865297794342,
                    3.8612782955169678
                ],
                [
                    0.0,
                    0.9798405766487122,
                    0.19978076219558716,
                    0.8053419589996338
                ],
                [
                    0.0,
                    0.0,
                    0.0,
                    1.0
                ]
            ]
        },
        {
            "file_path": "/data/shapenet_blender/all_50_random/02958343/6a348343b90f8f06a78cb4f1b66f009e/r_14",
            "rotation": 0.12566370614359174,
            "transform_matrix": [
                [
                    0.7099012732505798,
                    -0.14070314168930054,
                    -0.6901034712791443,
                    -2.7818961143493652
                ],
                [
                    -0.7043011784553528,
                    -0.14182192087173462,
                    -0.6955906748771667,
                    -2.804015636444092
                ],
                [
                    -7.450581485102248e-09,
                    0.9798412919044495,
                    -0.19977696239948273,
                    -0.8053267002105713
                ],
                [
                    0.0,
                    0.0,
                    0.0,
                    1.0
                ]
            ]
        },
        {
            "file_path": "/data/shapenet_blender/all_50_random/02958343/6a348343b90f8f06a78cb4f1b66f009e/r_15",
            "rotation": 0.12566370614359174,
            "transform_matrix": [
                [
                    -0.3598974943161011,
                    0.6106017827987671,
                    -0.7054354548454285,
                    -2.8437016010284424
                ],
                [
                    -0.9329918622970581,
                    -0.23553694784641266,
                    0.27211859822273254,
                    1.0969452857971191
                ],
                [
                    -1.4901161193847656e-08,
                    0.7561004161834717,
                    0.6544556021690369,
                    2.638195037841797
                ],
                [
                    0.0,
                    0.0,
                    0.0,
                    1.0
                ]
            ]
        },
        {
            "file_path": "/data/shapenet_blender/all_50_random/02958343/6a348343b90f8f06a78cb4f1b66f009e/r_16",
            "rotation": 0.12566370614359174,
            "transform_matrix": [
                [
                    0.9623809456825256,
                    -0.08805332332849503,
                    -0.25703999400138855,
                    -1.0361614227294922
                ],
                [
                    -0.2717038094997406,
                    -0.31188684701919556,
                    -0.9104413986206055,
                    -3.670106887817383
                ],
                [
                    -7.450580596923828e-09,
                    0.9460302591323853,
                    -0.32407835125923157,
                    -1.3064017295837402
                ],
                [
                    0.0,
                    0.0,
                    0.0,
                    1.0
                ]
            ]
        },
        {
            "file_path": "/data/shapenet_blender/all_50_random/02958343/6a348343b90f8f06a78cb4f1b66f009e/r_17",
            "rotation": 0.12566370614359174,
            "transform_matrix": [
                [
                    0.22990195453166962,
                    0.8070343732833862,
                    0.5439121723175049,
                    2.192580223083496
                ],
                [
                    0.9732137322425842,
                    -0.1906454712152481,
                    -0.1284881979227066,
                    -0.517952561378479
                ],
                [
                    0.0,
                    0.5588825345039368,
                    -0.8292467594146729,
                    -3.3428008556365967
                ],
                [
                    0.0,
                    0.0,
                    0.0,
                    1.0
                ]
            ]
        },
        {
            "file_path": "/data/shapenet_blender/all_50_random/02958343/6a348343b90f8f06a78cb4f1b66f009e/r_18",
            "rotation": 0.12566370614359174,
            "transform_matrix": [
                [
                    -0.9157613515853882,
                    -0.3967503011226654,
                    -0.06301095336675644,
                    -0.2540053129196167
                ],
                [
                    -0.40172278881073,
                    0.9044261574745178,
                    0.14363883435726166,
                    0.5790266990661621
                ],
                [
                    3.725290298461914e-09,
                    0.1568516492843628,
                    -0.987622082233429,
                    -3.981232166290283
                ],
                [
                    0.0,
                    0.0,
                    0.0,
                    1.0
                ]
            ]
        },
        {
            "file_path": "/data/shapenet_blender/all_50_random/02958343/6a348343b90f8f06a78cb4f1b66f009e/r_19",
            "rotation": 0.12566370614359174,
            "transform_matrix": [
                [
                    -0.8166530132293701,
                    -0.12918871641159058,
                    0.5624839663505554,
                    2.2674453258514404
                ],
                [
                    0.5771290063858032,
                    -0.18280547857284546,
                    0.7959297895431519,
                    3.208495616912842
                ],
                [
                    0.0,
                    0.9746242165565491,
                    0.2238471806049347,
                    0.9023568630218506
                ],
                [
                    0.0,
                    0.0,
                    0.0,
                    1.0
                ]
            ]
        },
        {
            "file_path": "/data/shapenet_blender/all_50_random/02958343/6a348343b90f8f06a78cb4f1b66f009e/r_20",
            "rotation": 0.12566370614359174,
            "transform_matrix": [
                [
                    0.8024715781211853,
                    -0.40837180614471436,
                    -0.4350539743900299,
                    -1.7537586688995361
                ],
                [
                    -0.5966904759407043,
                    -0.5492072701454163,
                    -0.5850913524627686,
                    -2.358578681945801
                ],
                [
                    1.4901162970204496e-08,
                    0.7291116118431091,
                    -0.6843947172164917,
                    -2.758883237838745
                ],
                [
                    0.0,
                    0.0,
                    0.0,
                    1.0
                ]
            ]
        },
        {
            "file_path": "/data/shapenet_blender/all_50_random/02958343/6a348343b90f8f06a78cb4f1b66f009e/r_21",
            "rotation": 0.12566370614359174,
            "transform_matrix": [
                [
                    0.9009900689125061,
                    -0.1240600124001503,
                    -0.4157235026359558,
                    -1.6758350133895874
                ],
                [
                    -0.43383973836898804,
                    -0.25764545798301697,
                    -0.8633666038513184,
                    -3.480342149734497
                ],
                [
                    -7.450580596923828e-09,
                    0.9582419991493225,
                    -0.2859582304954529,
                    -1.1527345180511475
                ],
                [
                    0.0,
                    0.0,
                    0.0,
                    1.0
                ]
            ]
        },
        {
            "file_path": "/data/shapenet_blender/all_50_random/02958343/6a348343b90f8f06a78cb4f1b66f009e/r_22",
            "rotation": 0.12566370614359174,
            "transform_matrix": [
                [
                    -0.6867544054985046,
                    -0.3374715745449066,
                    0.6438022255897522,
                    2.5952494144439697
                ],
                [
                    0.726889431476593,
                    -0.3188381493091583,
                    0.6082548499107361,
                    2.451953411102295
                ],
                [
                    -1.4901158529312397e-08,
                    0.885694682598114,
                    0.46426814794540405,
                    1.8715245723724365
                ],
                [
                    0.0,
                    0.0,
                    0.0,
                    1.0
                ]
            ]
        },
        {
            "file_path": "/data/shapenet_blender/all_50_random/02958343/6a348343b90f8f06a78cb4f1b66f009e/r_23",
            "rotation": 0.12566370614359174,
            "transform_matrix": [
                [
                    0.5136812329292297,
                    -0.22032320499420166,
                    0.8292100429534912,
                    3.3426525592803955
                ],
                [
                    0.8579812049865723,
                    0.1319095343351364,
                    -0.49645569920539856,
                    -2.001276969909668
                ],
                [
                    -7.450580596923828e-09,
                    0.9664665460586548,
                    0.2567926049232483,
                    1.0351641178131104
                ],
                [
                    0.0,
                    0.0,
                    0.0,
                    1.0
                ]
            ]
        },
        {
            "file_path": "/data/shapenet_blender/all_50_random/02958343/6a348343b90f8f06a78cb4f1b66f009e/r_24",
            "rotation": 0.12566370614359174,
            "transform_matrix": [
                [
                    -0.47663962841033936,
                    0.4173692464828491,
                    0.7737037539482117,
                    3.1188998222351074
                ],
                [
                    0.8790988922119141,
                    0.2262939065694809,
                    0.4194953143596649,
                    1.691039800643921
                ],
                [
                    0.0,
                    0.8801100850105286,
                    -0.4747694730758667,
                    -1.913857102394104
                ],
                [
                    0.0,
                    0.0,
                    0.0,
                    1.0
                ]
            ]
        },
        {
            "file_path": "/data/shapenet_blender/all_50_random/02958343/6a348343b90f8f06a78cb4f1b66f009e/r_25",
            "rotation": 0.12566370614359174,
            "transform_matrix": [
                [
                    0.8268309831619263,
                    0.3527146577835083,
                    -0.4381127953529358,
                    -1.7660892009735107
                ],
                [
                    -0.5624504089355469,
                    0.5185086131095886,
                    -0.644048273563385,
                    -2.5962417125701904
                ],
                [
                    0.0,
                    0.7789357900619507,
                    0.6271036267280579,
                    2.52793550491333
                ],
                [
                    0.0,
                    0.0,
                    0.0,
                    1.0
                ]
            ]
        },
        {
            "file_path": "/data/shapenet_blender/all_50_random/02958343/6a348343b90f8f06a78cb4f1b66f009e/r_26",
            "rotation": 0.12566370614359174,
            "transform_matrix": [
                [
                    0.5848764181137085,
                    0.6051349639892578,
                    -0.54012131690979,
                    -2.1772987842559814
                ],
                [
                    -0.8111224174499512,
                    0.4363449811935425,
                    -0.3894655406475067,
                    -1.5699858665466309
                ],
                [
                    0.0,
                    0.6658936738967896,
                    0.7460465431213379,
                    3.0074098110198975
                ],
                [
                    0.0,
                    0.0,
                    0.0,
                    1.0
                ]
            ]
        },
        {
            "file_path": "/data/shapenet_blender/all_50_random/02958343/6a348343b90f8f06a78cb4f1b66f009e/r_27",
            "rotation": 0.12566370614359174,
            "transform_matrix": [
                [
                    0.38189196586608887,
                    -0.6222643256187439,
                    -0.6833341717720032,
                    -2.754608392715454
                ],
                [
                    -0.9242070913314819,
                    -0.2571260631084442,
                    -0.2823607623577118,
                    -1.138232707977295
                ],
                [
                    1.4901162970204496e-08,
                    0.7393735647201538,
                    -0.6732953190803528,
                    -2.7141404151916504
                ],
                [
                    0.0,
                    0.0,
                    0.0,
                    1.0
                ]
            ]
        },
        {
            "file_path": "/data/shapenet_blender/all_50_random/02958343/6a348343b90f8f06a78cb4f1b66f009e/r_28",
            "rotation": 0.12566370614359174,
            "transform_matrix": [
                [
                    0.9959622025489807,
                    -0.06287145614624023,
                    -0.06408301740884781,
                    -0.258326917886734
                ],
                [
                    -0.0897744670510292,
                    -0.6974989175796509,
                    -0.7109400033950806,
                    -2.8658907413482666
                ],
                [
                    0.0,
                    0.7138223052024841,
                    -0.7003268003463745,
                    -2.8231077194213867
                ],
                [
                    0.0,
                    0.0,
                    0.0,
                    1.0
                ]
            ]
        },
        {
            "file_path": "/data/shapenet_blender/all_50_random/02958343/6a348343b90f8f06a78cb4f1b66f009e/r_29",
            "rotation": 0.12566370614359174,
            "transform_matrix": [
                [
                    -0.8809964656829834,
                    0.08775482326745987,
                    0.4649132788181305,
                    1.8741254806518555
                ],
                [
                    0.4731229841709137,
                    0.16340717673301697,
                    0.8657093048095703,
                    3.489786148071289
                ],
                [
                    0.0,
                    0.9826479554176331,
                    -0.18547995388507843,
                    -0.747693657875061
                ],
                [
                    0.0,
                    0.0,
                    0.0,
                    1.0
                ]
            ]
        },
        {
            "file_path": "/data/shapenet_blender/all_50_random/02958343/6a348343b90f8f06a78cb4f1b66f009e/r_30",
            "rotation": 0.12566370614359174,
            "transform_matrix": [
                [
                    0.49566563963890076,
                    -0.08051449805498123,
                    0.8647733330726624,
                    3.4860129356384277
                ],
                [
                    0.8685134649276733,
                    0.045950084924697876,
                    -0.49353113770484924,
                    -1.9894877672195435
                ],
                [
                    3.725290298461914e-09,
                    0.9956936836242676,
                    0.09270379692316055,
                    0.37370097637176514
                ],
                [
                    0.0,
                    0.0,
                    0.0,
                    1.0
                ]
            ]
        },
        {
            "file_path": "/data/shapenet_blender/all_50_random/02958343/6a348343b90f8f06a78cb4f1b66f009e/r_31",
            "rotation": 0.12566370614359174,
            "transform_matrix": [
                [
                    0.0488332137465477,
                    -0.0549401193857193,
                    -0.9972947835922241,
                    -4.020223617553711
                ],
                [
                    -0.998806893825531,
                    -0.0026861075311899185,
                    -0.04875928536057472,
                    -0.19655495882034302
                ],
                [
                    0.0,
                    0.9984859824180603,
                    -0.0550057478249073,
                    -0.22173525393009186
                ],
                [
                    0.0,
                    0.0,
                    0.0,
                    1.0
                ]
            ]
        },
        {
            "file_path": "/data/shapenet_blender/all_50_random/02958343/6a348343b90f8f06a78cb4f1b66f009e/r_32",
            "rotation": 0.12566370614359174,
            "transform_matrix": [
                [
                    0.9849520921707153,
                    -0.1334102898836136,
                    -0.10986830294132233,
                    -0.4428933262825012
                ],
                [
                    -0.17282752692699432,
                    -0.7603114247322083,
                    -0.626144528388977,
                    -2.5240695476531982
                ],
                [
                    7.450580596923828e-09,
                    0.6357106566429138,
                    -0.7719272971153259,
                    -3.111738681793213
                ],
                [
                    0.0,
                    0.0,
                    0.0,
                    1.0
                ]
            ]
        },
        {
            "file_path": "/data/shapenet_blender/all_50_random/02958343/6a348343b90f8f06a78cb4f1b66f009e/r_33",
            "rotation": 0.12566370614359174,
            "transform_matrix": [
                [
                    0.8291069269180298,
                    0.20728033781051636,
                    0.5192462205886841,
                    2.093148708343506
                ],
                [
                    0.559090256690979,
                    -0.3073878586292267,
                    -0.7700199484825134,
                    -3.1040499210357666
                ],
                [
                    0.0,
                    0.9287343621253967,
                    -0.3707457482814789,
                    -1.4945240020751953
                ],
                [
                    0.0,
                    0.0,
                    0.0,
                    1.0
                ]
            ]
        },
        {
            "file_path": "/data/shapenet_blender/all_50_random/02958343/6a348343b90f8f06a78cb4f1b66f009e/r_34",
            "rotation": 0.12566370614359174,
            "transform_matrix": [
                [
                    0.2004028707742691,
                    -0.018851976841688156,
                    -0.9795321822166443,
                    -3.948620557785034
                ],
                [
                    -0.9797136783599854,
                    -0.003856219118461013,
                    -0.20036573708057404,
                    -0.8077000975608826
                ],
                [
                    -2.3283067140944524e-10,
                    0.9998147487640381,
                    -0.019242338836193085,
                    -0.07756835222244263
                ],
                [
                    0.0,
                    0.0,
                    0.0,
                    1.0
                ]
            ]
        },
        {
            "file_path": "/data/shapenet_blender/all_50_random/02958343/6a348343b90f8f06a78cb4f1b66f009e/r_35",
            "rotation": 0.12566370614359174,
            "transform_matrix": [
                [
                    0.999389111995697,
                    -0.004107923712581396,
                    -0.03470677509903908,
                    -0.13990747928619385
                ],
                [
                    -0.03494903817772865,
                    -0.11746860295534134,
                    -0.9924614429473877,
                    -4.000740051269531
                ],
                [
                    -4.656612873077393e-10,
                    0.9930680394172668,
                    -0.11754041165113449,
                    -0.4738205671310425
                ],
                [
                    0.0,
                    0.0,
                    0.0,
                    1.0
                ]
            ]
        },
        {
            "file_path": "/data/shapenet_blender/all_50_random/02958343/6a348343b90f8f06a78cb4f1b66f009e/r_36",
            "rotation": 0.12566370614359174,
            "transform_matrix": [
                [
                    -0.584470808506012,
                    0.25532132387161255,
                    0.7701979875564575,
                    3.104767322540283
                ],
                [
                    0.8114147186279297,
                    0.18391071259975433,
                    0.5547819137573242,
                    2.2363975048065186
                ],
                [
                    0.0,
                    0.9492037892341614,
                    -0.3146619498729706,
                    -1.2684428691864014
                ],
                [
                    0.0,
                    0.0,
                    0.0,
                    1.0
                ]
            ]
        },
        {
            "file_path": "/data/shapenet_blender/all_50_random/02958343/6a348343b90f8f06a78cb4f1b66f009e/r_37",
            "rotation": 0.12566370614359174,
            "transform_matrix": [
                [
                    -0.8011309504508972,
                    -0.05768712982535362,
                    0.5957024097442627,
                    2.401353120803833
                ],
                [
                    0.5984890460968018,
                    -0.07721936702728271,
                    0.7974008321762085,
                    3.2144253253936768
                ],
                [
                    0.0,
                    0.995343804359436,
                    0.09638795256614685,
                    0.3885522484779358
                ],
                [
                    0.0,
                    0.0,
                    0.0,
                    1.0
                ]
            ]
        },
        {
            "file_path": "/data/shapenet_blender/all_50_random/02958343/6a348343b90f8f06a78cb4f1b66f009e/r_38",
            "rotation": 0.12566370614359174,
            "transform_matrix": [
                [
                    -0.46623432636260986,
                    0.5172117948532104,
                    -0.7177168130874634,
                    -2.893209218978882
                ],
                [
                    -0.8846613168716431,
                    -0.2725810408592224,
                    0.37825122475624084,
                    1.5247795581817627
                ],
                [
                    -1.4901161193847656e-08,
                    0.8112901449203491,
                    0.5846437811851501,
                    2.3567748069763184
                ],
                [
                    0.0,
                    0.0,
                    0.0,
                    1.0
                ]
            ]
        },
        {
            "file_path": "/data/shapenet_blender/all_50_random/02958343/6a348343b90f8f06a78cb4f1b66f009e/r_39",
            "rotation": 0.12566370614359174,
            "transform_matrix": [
                [
                    -0.9955645203590393,
                    0.03008653037250042,
                    0.08914096653461456,
                    0.35933876037597656
                ],
                [
                    0.09408140927553177,
                    0.31837406754493713,
                    0.9432849884033203,
                    3.8025035858154297
                ],
                [
                    -1.8626450382086546e-09,
                    0.9474875330924988,
                    -0.3197924792766571,
                    -1.289124846458435
                ],
                [
                    0.0,
                    0.0,
                    0.0,
                    1.0
                ]
            ]
        },
        {
            "file_path": "/data/shapenet_blender/all_50_random/02958343/6a348343b90f8f06a78cb4f1b66f009e/r_40",
            "rotation": 0.12566370614359174,
            "transform_matrix": [
                [
                    0.5199649930000305,
                    0.005481997970491648,
                    0.854170024394989,
                    3.4432694911956787
                ],
                [
                    0.8541876077651978,
                    -0.003337026806548238,
                    -0.519954264163971,
                    -2.0960025787353516
                ],
                [
                    0.0,
                    0.9999794363975525,
                    -0.0064177922904491425,
                    -0.025870949029922485
                ],
                [
                    0.0,
                    0.0,
                    0.0,
                    1.0
                ]
            ]
        },
        {
            "file_path": "/data/shapenet_blender/all_50_random/02958343/6a348343b90f8f06a78cb4f1b66f009e/r_41",
            "rotation": 0.12566370614359174,
            "transform_matrix": [
                [
                    -0.9620669484138489,
                    -0.12423807382583618,
                    0.24288302659988403,
                    0.9790928363800049
                ],
                [
                    0.272813618183136,
                    -0.43812084197998047,
                    0.8565177321434021,
                    3.4527337551116943
                ],
                [
                    0.0,
