{
    "class": "02958343",
    "model": "a90b6f926a6307ab31b57ba89dcc78c8",
    "remove_doubles": true,
    "edge_split": true,
    "denoise": true,
    "camera_angle_x": 0.6911112070083618,
    "scale_factor": 2.3612637813090016,
    "hdri_file": "/data/IndoorHDRDataset2018/9C4A6303-6fc942c8fe.exr",
    "center_offset": [
        0.0,
        -3.725290298461914e-09,
        0.0
    ],
    "lights": [],
    "frames": [
        {
            "file_path": "/data/shapenet_blender/all_50_random/02958343/a90b6f926a6307ab31b57ba89dcc78c8/r_0",
            "rotation": 0.12566370614359174,
            "transform_matrix": [
                [
                    0.9328630566596985,
                    0.060674119740724564,
                    0.35508474707603455,
                    1.4313921928405762
                ],
                [
                    0.3602311909198761,
                    -0.15712310373783112,
                    -0.9195356965065002,
                    -3.7067666053771973
                ],
                [
                    0.0,
                    0.9857133626937866,
                    -0.16843107342720032,
                    -0.678967297077179
                ],
                [
                    0.0,
                    0.0,
                    0.0,
                    1.0
                ]
            ]
        },
        {
            "file_path": "/data/shapenet_blender/all_50_random/02958343/a90b6f926a6307ab31b57ba89dcc78c8/r_1",
            "rotation": 0.12566370614359174,
            "transform_matrix": [
                [
                    0.09514103084802628,
                    0.18424014747142792,
                    0.978265643119812,
                    3.9435150623321533
                ],
                [
                    0.9954638481140137,
                    -0.017608672380447388,
                    -0.09349731355905533,
                    -0.37689971923828125
                ],
                [
                    0.0,
                    0.9827234745025635,
                    -0.18507970869541168,
                    -0.7460801601409912
                ],
                [
                    0.0,
                    0.0,
                    0.0,
                    1.0
                ]
            ]
        },
        {
            "file_path": "/data/shapenet_blender/all_50_random/02958343/a90b6f926a6307ab31b57ba89dcc78c8/r_2",
            "rotation": 0.12566370614359174,
            "transform_matrix": [
                [
                    -0.9674397110939026,
                    0.1472359299659729,
                    0.20586872100830078,
                    0.829883337020874
                ],
                [
                    0.2531014382839203,
                    0.5627857446670532,
                    0.7869001626968384,
                    3.172096014022827
                ],
                [
                    0.0,
                    0.8133841753005981,
                    -0.5817269086837769,
                    -2.3450162410736084
                ],
                [
                    0.0,
                    0.0,
                    0.0,
                    1.0
                ]
            ]
        },
        {
            "file_path": "/data/shapenet_blender/all_50_random/02958343/a90b6f926a6307ab31b57ba89dcc78c8/r_3",
            "rotation": 0.12566370614359174,
            "transform_matrix": [
                [
                    0.8755476474761963,
                    -0.16979624330997467,
                    -0.45231136679649353,
                    -1.8233253955841064
                ],
                [
                    -0.4831318259239197,
                    -0.3077104091644287,
                    -0.8196938037872314,
                    -3.3042914867401123
                ],
                [
                    1.4901162970204496e-08,
                    0.9362068772315979,
                    -0.3514491319656372,
                    -1.4167367219924927
                ],
                [
                    0.0,
                    0.0,
                    0.0,
                    1.0
                ]
            ]
        },
        {
            "file_path": "/data/shapenet_blender/all_50_random/02958343/a90b6f926a6307ab31b57ba89dcc78c8/r_4",
            "rotation": 0.12566370614359174,
            "transform_matrix": [
                [
                    0.8780532479286194,
                    0.020897231996059418,
                    0.4781063497066498,
                    1.9273083209991455
                ],
                [
                    0.4785628020763397,
                    -0.038341641426086426,
                    -0.8772158026695251,
                    -3.53617000579834
                ],
                [
                    0.0,
                    0.9990460872650146,
                    -0.04366664960980415,
                    -0.1760258972644806
                ],
                [
                    0.0,
                    0.0,
                    0.0,
                    1.0
                ]
            ]
        },
        {
            "file_path": "/data/shapenet_blender/all_50_random/02958343/a90b6f926a6307ab31b57ba89dcc78c8/r_5",
            "rotation": 0.12566370614359174,
            "transform_matrix": [
                [
                    -0.9044626951217651,
                    -0.07033015042543411,
                    -0.42071476578712463,
                    -1.695955514907837
                ],
                [
                    -0.42655274271965027,
                    0.14912807941436768,
                    0.8920838236808777,
                    3.596104860305786
                ],
                [
                    0.0,
                    0.98631352186203,
                    -0.16488030552864075,
                    -0.6646537780761719
                ],
                [
                    0.0,
                    0.0,
                    0.0,
                    1.0
                ]
            ]
        },
        {
            "file_path": "/data/shapenet_blender/all_50_random/02958343/a90b6f926a6307ab31b57ba89dcc78c8/r_6",
            "rotation": 0.12566370614359174,
            "transform_matrix": [
                [
                    0.5010651350021362,
                    -0.20969708263874054,
                    -0.8396193981170654,
                    -3.3846142292022705
                ],
                [
                    -0.8654096126556396,
                    -0.12141291797161102,
                    -0.4861328601837158,
                    -1.9596643447875977
                ],
                [
                    0.0,
                    0.970198929309845,
                    -0.24230964481830597,
                    -0.9767814874649048
                ],
                [
                    0.0,
                    0.0,
                    0.0,
                    1.0
                ]
            ]
        },
        {
            "file_path": "/data/shapenet_blender/all_50_random/02958343/a90b6f926a6307ab31b57ba89dcc78c8/r_7",
            "rotation": 0.12566370614359174,
            "transform_matrix": [
                [
                    0.5506157279014587,
                    -0.31058454513549805,
                    0.7748287320137024,
                    3.123434543609619
                ],
                [
                    0.8347588181495667,
                    0.20486484467983246,
                    -0.5110852122306824,
                    -2.0602502822875977
                ],
                [
                    0.0,
                    0.9282065629959106,
                    0.3720650374889374,
                    1.4998421669006348
                ],
                [
                    0.0,
                    0.0,
                    0.0,
                    1.0
                ]
            ]
        },
        {
            "file_path": "/data/shapenet_blender/all_50_random/02958343/a90b6f926a6307ab31b57ba89dcc78c8/r_8",
            "rotation": 0.12566370614359174,
            "transform_matrix": [
                [
                    0.8020564913749695,
                    -0.07125161588191986,
                    0.5929829478263855,
                    2.390390634536743
                ],
                [
                    0.5972483158111572,
                    0.09568517655134201,
                    -0.7963283061981201,
                    -3.210102081298828
                ],
                [
                    0.0,
                    0.9928581714630127,
                    0.11929982155561447,
                    0.4809129536151886
                ],
                [
                    0.0,
                    0.0,
                    0.0,
                    1.0
                ]
            ]
        },
        {
            "file_path": "/data/shapenet_blender/all_50_random/02958343/a90b6f926a6307ab31b57ba89dcc78c8/r_9",
            "rotation": 0.12566370614359174,
            "transform_matrix": [
                [
                    -0.7842578887939453,
                    0.07678978890180588,
                    0.6156646013259888,
                    2.481823205947876
                ],
                [
                    0.6204349398612976,
                    0.097065769135952,
                    0.7782279849052429,
                    3.137136936187744
                ],
                [
                    0.0,
                    0.9923111200332642,
                    -0.12376768887042999,
                    -0.4989234507083893
                ],
                [
                    0.0,
                    0.0,
                    0.0,
                    1.0
                ]
            ]
        },
        {
            "file_path": "/data/shapenet_blender/all_50_random/02958343/a90b6f926a6307ab31b57ba89dcc78c8/r_10",
            "rotation": 0.12566370614359174,
            "transform_matrix": [
                [
                    -0.4074020981788635,
                    -0.5740901827812195,
                    0.7102422118186951,
                    2.8630778789520264
                ],
                [
                    0.9132488965988159,
                    -0.2561027407646179,
                    0.31684041023254395,
                    1.2772245407104492
                ],
                [
                    0.0,
                    0.7777093052864075,
                    0.6286240220069885,
                    2.534064531326294
                ],
                [
                    0.0,
                    0.0,
                    0.0,
                    1.0
                ]
            ]
        },
        {
            "file_path": "/data/shapenet_blender/all_50_random/02958343/a90b6f926a6307ab31b57ba89dcc78c8/r_11",
            "rotation": 0.12566370614359174,
            "transform_matrix": [
                [
                    0.3989957273006439,
                    0.01493365690112114,
                    0.9168311357498169,
                    3.695864677429199
                ],
                [
                    0.9169527888298035,
                    -0.006498115137219429,
                    -0.398942768573761,
                    -1.6081898212432861
                ],
                [
                    0.0,
                    0.9998673796653748,
                    -0.016286175698041916,
                    -0.06565168499946594
                ],
                [
                    0.0,
                    0.0,
                    0.0,
                    1.0
                ]
            ]
        },
        {
            "file_path": "/data/shapenet_blender/all_50_random/02958343/a90b6f926a6307ab31b57ba89dcc78c8/r_12",
            "rotation": 0.12566370614359174,
            "transform_matrix": [
                [
                    0.598411500453949,
                    0.159820094704628,
                    0.7850866913795471,
                    3.164785623550415
                ],
                [
                    0.8011888265609741,
                    -0.11937034130096436,
                    -0.5863847732543945,
                    -2.363792657852173
                ],
                [
                    -7.450580152834618e-09,
                    0.9799022078514099,
                    -0.19947867095470428,
                    -0.8041242361068726
                ],
                [
                    0.0,
                    0.0,
                    0.0,
                    1.0
                ]
            ]
        },
        {
            "file_path": "/data/shapenet_blender/all_50_random/02958343/a90b6f926a6307ab31b57ba89dcc78c8/r_13",
            "rotation": 0.12566370614359174,
            "transform_matrix": [
                [
                    0.8543120622634888,
                    -0.29525020718574524,
                    0.4277594983577728,
                    1.7243536710739136
                ],
                [
                    0.5197604298591614,
                    0.4852924644947052,
                    -0.7030933499336243,
                    -2.8342599868774414
                ],
                [
                    0.0,
                    0.8229935765266418,
                    0.5680506229400635,
                    2.2898852825164795
                ],
                [
                    0.0,
                    0.0,
                    0.0,
                    1.0
                ]
            ]
        },
        {
            "file_path": "/data/shapenet_blender/all_50_random/02958343/a90b6f926a6307ab31b57ba89dcc78c8/r_14",
            "rotation": 0.12566370614359174,
            "transform_matrix": [
                [
                    0.6992930173873901,
                    0.14599744975566864,
                    0.6997670531272888,
                    2.8208513259887695
                ],
                [
                    0.7148351073265076,
                    -0.14282315969467163,
                    -0.6845526099205017,
                    -2.7595198154449463
                ],
                [
                    7.450581485102248e-09,
                    0.9789209365844727,
                    -0.20423933863639832,
                    -0.8233150839805603
                ],
                [
                    0.0,
                    0.0,
                    0.0,
                    1.0
                ]
            ]
        },
        {
            "file_path": "/data/shapenet_blender/all_50_random/02958343/a90b6f926a6307ab31b57ba89dcc78c8/r_15",
            "rotation": 0.12566370614359174,
            "transform_matrix": [
                [
                    0.037871528416872025,
                    -0.35213616490364075,
                    0.9351822733879089,
                    3.7698402404785156
                ],
                [
                    0.9992825984954834,
                    0.013345509767532349,
                    -0.03544221073389053,
                    -0.14287212491035461
                ],
                [
                    0.0,
                    0.9358536601066589,
                    0.3523889482021332,
                    1.420525312423706
                ],
                [
                    0.0,
                    0.0,
                    0.0,
                    1.0
                ]
            ]
        },
        {
            "file_path": "/data/shapenet_blender/all_50_random/02958343/a90b6f926a6307ab31b57ba89dcc78c8/r_16",
            "rotation": 0.12566370614359174,
            "transform_matrix": [
                [
                    0.9597135186195374,
                    -0.11566881835460663,
                    0.25606784224510193,
                    1.0322426557540894
                ],
                [
                    0.28098049759864807,
                    0.3950769901275635,
                    -0.8746222257614136,
                    -3.5257151126861572
                ],
                [
                    0.0,
                    0.9113368988037109,
                    0.4116613566875458,
                    1.659460186958313
                ],
                [
                    0.0,
                    0.0,
                    0.0,
                    1.0
                ]
            ]
        },
        {
            "file_path": "/data/shapenet_blender/all_50_random/02958343/a90b6f926a6307ab31b57ba89dcc78c8/r_17",
            "rotation": 0.12566370614359174,
            "transform_matrix": [
                [
                    0.35562998056411743,
                    -0.6528597474098206,
                    -0.6688058972358704,
                    -2.696043014526367
                ],
                [
                    -0.9346268177032471,
                    -0.24841627478599548,
                    -0.2544838488101959,
                    -1.0258573293685913
                ],
                [
                    0.0,
                    0.7155861258506775,
                    -0.6985244750976562,
                    -2.815842390060425
                ],
                [
                    0.0,
                    0.0,
                    0.0,
                    1.0
                ]
            ]
        },
        {
            "file_path": "/data/shapenet_blender/all_50_random/02958343/a90b6f926a6307ab31b57ba89dcc78c8/r_18",
            "rotation": 0.12566370614359174,
            "transform_matrix": [
                [
                    -0.6161338090896606,
                    -0.05554797500371933,
                    -0.7856801748275757,
                    -3.1671783924102783
                ],
                [
                    -0.7876413464546204,
                    0.04345250129699707,
                    0.6145997047424316,
                    2.4775309562683105
                ],
                [
                    0.0,
                    0.9975101351737976,
                    -0.0705244317650795,
                    -0.28429311513900757
                ],
                [
                    0.0,
                    0.0,
                    0.0,
                    1.0
                ]
            ]
        },
        {
            "file_path": "/data/shapenet_blender/all_50_random/02958343/a90b6f926a6307ab31b57ba89dcc78c8/r_19",
            "rotation": 0.12566370614359174,
            "transform_matrix": [
                [
                    -0.9655574560165405,
                    -0.013575027696788311,
                    -0.25983554124832153,
                    -1.047430396080017
                ],
                [
                    -0.26018989086151123,
                    0.05037654936313629,
                    0.9642424583435059,
                    3.8869853019714355
                ],
                [
                    0.0,
                    0.9986380934715271,
                    -0.05217353254556656,
                    -0.2103182077407837
                ],
                [
                    0.0,
                    0.0,
                    0.0,
                    1.0
                ]
            ]
        },
        {
            "file_path": "/data/shapenet_blender/all_50_random/02958343/a90b6f926a6307ab31b57ba89dcc78c8/r_20",
            "rotation": 0.12566370614359174,
            "transform_matrix": [
                [
                    -0.7850965261459351,
                    -0.0018627309473231435,
                    0.6193705797195435,
                    2.496762752532959
                ],
                [
                    0.6193733811378479,
                    -0.00236113416031003,
                    0.7850930094718933,
                    3.164811134338379
                ],
                [
                    0.0,
                    0.9999954104423523,
                    0.003007444553077221,
                    0.01212339662015438
                ],
                [
                    0.0,
                    0.0,
                    0.0,
                    1.0
                ]
            ]
        },
        {
            "file_path": "/data/shapenet_blender/all_50_random/02958343/a90b6f926a6307ab31b57ba89dcc78c8/r_21",
            "rotation": 0.12566370614359174,
            "transform_matrix": [
                [
                    0.9695955514907837,
                    0.09086766093969345,
                    0.2272171527147293,
                    0.9159417152404785
                ],
                [
                    0.24471324682235718,
                    -0.3600331246852875,
                    -0.9002730250358582,
                    -3.6291167736053467
                ],
                [
                    0.0,
                    0.928503692150116,
                    -0.37132301926612854,
                    -1.4968510866165161
                ],
                [
                    0.0,
                    0.0,
                    0.0,
                    1.0
                ]
            ]
        },
        {
            "file_path": "/data/shapenet_blender/all_50_random/02958343/a90b6f926a6307ab31b57ba89dcc78c8/r_22",
            "rotation": 0.12566370614359174,
            "transform_matrix": [
                [
                    0.4263349175453186,
                    0.029770078137516975,
                    -0.9040752649307251,
                    -3.644444465637207
                ],
                [
                    -0.9045654535293579,
                    0.014031073078513145,
                    -0.4261038899421692,
                    -1.7176799774169922
                ],
                [
                    0.0,
                    0.9994581937789917,
                    0.032910916954278946,
                    0.1326681673526764
                ],
                [
                    0.0,
                    0.0,
                    0.0,
                    1.0
                ]
            ]
        },
        {
            "file_path": "/data/shapenet_blender/all_50_random/02958343/a90b6f926a6307ab31b57ba89dcc78c8/r_23",
            "rotation": 0.12566370614359174,
            "transform_matrix": [
                [
                    -0.19298191368579865,
                    0.018698453903198242,
                    -0.9810240268707275,
                    -3.954634666442871
                ],
                [
                    -0.9812023639678955,
                    -0.003677593544125557,
                    0.19294683635234833,
                    0.7777936458587646
                ],
                [
                    0.0,
                    0.9998184442520142,
                    0.019056672230362892,
                    0.07681991159915924
                ],
                [
                    0.0,
                    0.0,
                    0.0,
                    1.0
                ]
            ]
        },
        {
            "file_path": "/data/shapenet_blender/all_50_random/02958343/a90b6f926a6307ab31b57ba89dcc78c8/r_24",
            "rotation": 0.12566370614359174,
            "transform_matrix": [
                [
                    0.9988372325897217,
                    -0.024371666833758354,
                    -0.04159572347998619,
                    -0.16767774522304535
                ],
                [
                    -0.0482097789645195,
                    -0.5049458742141724,
                    -0.8618035316467285,
                    -3.47404146194458
                ],
                [
                    0.0,
                    0.8628069162368774,
                    -0.5055335760116577,
                    -2.0378713607788086
                ],
                [
                    0.0,
                    0.0,
                    0.0,
                    1.0
                ]
            ]
        },
        {
            "file_path": "/data/shapenet_blender/all_50_random/02958343/a90b6f926a6307ab31b57ba89dcc78c8/r_25",
            "rotation": 0.12566370614359174,
            "transform_matrix": [
                [
                    0.01935671642422676,
                    -0.9799057841300964,
                    -0.1985192447900772,
                    -0.8002565503120422
                ],
                [
                    -0.9998126029968262,
                    -0.018971314653754234,
                    -0.0038434010930359364,
                    -0.015493243932723999
                ],
                [
                    -2.3283062977608182e-10,
                    0.19855672121047974,
                    -0.9800894856452942,
                    -3.95086669921875
                ],
                [
                    0.0,
                    0.0,
                    0.0,
                    1.0
                ]
            ]
        },
        {
            "file_path": "/data/shapenet_blender/all_50_random/02958343/a90b6f926a6307ab31b57ba89dcc78c8/r_26",
            "rotation": 0.12566370614359174,
            "transform_matrix": [
                [
                    -0.9566605687141418,
                    0.0878012403845787,
                    0.27765363454818726,
                    1.1192576885223389
                ],
                [
                    0.2912054657936096,
                    0.28844231367111206,
                    0.9121404886245728,
                    3.6769561767578125
                ],
                [
                    7.450581485102248e-09,
                    0.953463077545166,
                    -0.3015095591545105,
                    -1.2154240608215332
                ],
                [
                    0.0,
                    0.0,
                    0.0,
                    1.0
                ]
            ]
        },
        {
            "file_path": "/data/shapenet_blender/all_50_random/02958343/a90b6f926a6307ab31b57ba89dcc78c8/r_27",
            "rotation": 0.12566370614359174,
            "transform_matrix": [
                [
                    0.9172973036766052,
                    -0.26957613229751587,
                    -0.2930773198604584,
                    -1.1814326047897339
                ],
                [
                    -0.398203045129776,
                    -0.620993435382843,
                    -0.6751306056976318,
                    -2.721538782119751
                ],
                [
                    0.0,
                    0.7359998822212219,
                    -0.6769816279411316,
                    -2.7290005683898926
                ],
                [
                    0.0,
                    0.0,
                    0.0,
                    1.0
                ]
            ]
        },
        {
            "file_path": "/data/shapenet_blender/all_50_random/02958343/a90b6f926a6307ab31b57ba89dcc78c8/r_28",
            "rotation": 0.12566370614359174,
            "transform_matrix": [
                [
                    -0.997682511806488,
                    -0.03583648055791855,
                    0.05783911421895027,
                    0.23315691947937012
                ],
                [
                    0.06804128736257553,
                    -0.5254666805267334,
                    0.8480890989303589,
                    3.4187562465667725
                ],
                [
                    0.0,
                    0.8500590920448303,
                    0.5266873240470886,
                    2.1231443881988525
                ],
                [
                    0.0,
                    0.0,
                    0.0,
                    1.0
                ]
            ]
        },
        {
            "file_path": "/data/shapenet_blender/all_50_random/02958343/a90b6f926a6307ab31b57ba89dcc78c8/r_29",
            "rotation": 0.12566370614359174,
            "transform_matrix": [
                [
                    0.16227330267429352,
                    -0.011042180471122265,
                    0.9866839647293091,
                    3.9774506092071533
                ],
                [
                    0.9867458343505859,
                    0.0018159197643399239,
                    -0.16226312518119812,
                    -0.6541036367416382
                ],
                [
                    -1.1641531488804091e-10,
                    0.9999374151229858,
                    0.011190500110387802,
                    0.04511035233736038
                ],
                [
                    0.0,
                    0.0,
                    0.0,
                    1.0
                ]
            ]
        },
        {
            "file_path": "/data/shapenet_blender/all_50_random/02958343/a90b6f926a6307ab31b57ba89dcc78c8/r_30",
            "rotation": 0.12566370614359174,
            "transform_matrix": [
                [
                    -0.1543159931898117,
                    0.07777766138315201,
                    0.9849554300308228,
                    3.970482110977173
                ],
                [
                    0.9880215525627136,
                    0.01214785035699606,
                    0.15383709967136383,
                    0.6201371550559998
                ],
                [
                    -9.313225746154785e-10,
                    0.9968966841697693,
                    -0.07872061431407928,
                    -0.3173329532146454
                ],
                [
                    0.0,
                    0.0,
                    0.0,
                    1.0
                ]
            ]
        },
        {
            "file_path": "/data/shapenet_blender/all_50_random/02958343/a90b6f926a6307ab31b57ba89dcc78c8/r_31",
            "rotation": 0.12566370614359174,
            "transform_matrix": [
                [
                    0.3541470170021057,
                    0.8565525412559509,
                    0.375363290309906,
                    1.513137936592102
                ],
                [
                    0.9351897835731506,
                    -0.324367880821228,
                    -0.14214631915092468,
                    -0.5730102062225342
                ],
                [
                    0.0,
                    0.4013766050338745,
                    -0.9159130454063416,
                    -3.6921637058258057
                ],
                [
                    0.0,
                    0.0,
                    0.0,
                    1.0
                ]
            ]
        },
        {
            "file_path": "/data/shapenet_blender/all_50_random/02958343/a90b6f926a6307ab31b57ba89dcc78c8/r_32",
            "rotation": 0.12566370614359174,
            "transform_matrix": [
                [
                    0.6199007630348206,
                    0.6187984943389893,
                    -0.4825054109096527,
                    -1.9450416564941406
                ],
                [
                    -0.7846803069114685,
                    0.48885345458984375,
                    -0.3811812996864319,
                    -1.5365910530090332
                ],
                [
                    1.4901162970204496e-08,
                    0.6149070262908936,
                    0.7885994911193848,
                    3.1789464950561523
                ],
                [
                    0.0,
                    0.0,
                    0.0,
                    1.0
                ]
            ]
        },
        {
            "file_path": "/data/shapenet_blender/all_50_random/02958343/a90b6f926a6307ab31b57ba89dcc78c8/r_33",
            "rotation": 0.12566370614359174,
            "transform_matrix": [
                [
                    0.09597378224134445,
                    0.8258253931999207,
                    0.5556989908218384,
                    2.2400941848754883
                ],
                [
                    0.9953837990760803,
                    -0.07962514460086823,
                    -0.053579866886138916,
                    -0.21598735451698303
                ],
                [
                    -3.725290076417309e-09,
                    0.5582761764526367,
                    -0.8296552896499634,
                    -3.344447374343872
                ],
                [
                    0.0,
                    0.0,
                    0.0,
                    1.0
                ]
            ]
        },
        {
            "file_path": "/data/shapenet_blender/all_50_random/02958343/a90b6f926a6307ab31b57ba89dcc78c8/r_34",
            "rotation": 0.12566370614359174,
            "transform_matrix": [
                [
                    0.6402023434638977,
                    -0.045962803065776825,
                    0.7668300271034241,
                    3.091190814971924
                ],
                [
                    0.7682062983512878,
                    0.0383041575551033,
                    -0.6390554308891296,
                    -2.5761148929595947
                ],
                [
                    0.0,
                    0.9982083439826965,
                    0.05983133241534233,
                    0.24118781089782715
                ],
                [
                    0.0,
                    0.0,
                    0.0,
                    1.0
                ]
            ]
        },
        {
            "file_path": "/data/shapenet_blender/all_50_random/02958343/a90b6f926a6307ab31b57ba89dcc78c8/r_35",
            "rotation": 0.12566370614359174,
            "transform_matrix": [
                [
                    -0.2821074426174164,
                    -0.5530942678451538,
                    -0.7839018702507019,
                    -3.1600096225738525
                ],
                [
                    -0.9593828320503235,
                    0.16263790428638458,
                    0.23050710558891296,
                    0.9292038679122925
                ],
                [
                    0.0,
                    0.8170897364616394,
                    -0.5765104293823242,
                    -2.3239879608154297
                ],
                [
                    0.0,
                    0.0,
                    0.0,
                    1.0
                ]
            ]
        },
        {
            "file_path": "/data/shapenet_blender/all_50_random/02958343/a90b6f926a6307ab31b57ba89dcc78c8/r_36",
            "rotation": 0.12566370614359174,
            "transform_matrix": [
                [
                    0.16380459070205688,
                    -0.6625756025314331,
                    -0.730863630771637,
                    -2.9462056159973145
                ],
                [
                    -0.9864928722381592,
                    -0.11001897603273392,
                    -0.12135802209377289,
                    -0.4892098307609558
                ],
                [
                    -7.450580596923828e-09,
                    0.7408707141876221,
                    -0.6716476678848267,
                    -2.70749831199646
                ],
                [
                    0.0,
                    0.0,
                    0.0,
                    1.0
                ]
            ]
        },
        {
            "file_path": "/data/shapenet_blender/all_50_random/02958343/a90b6f926a6307ab31b57ba89dcc78c8/r_37",
            "rotation": 0.12566370614359174,
            "transform_matrix": [
                [
                    0.7231430411338806,
                    -0.19376933574676514,
                    -0.6629613041877747,
                    -2.672482490539551
                ],
                [
                    -0.6906983852386475,
                    -0.20287136733531952,
                    -0.6941030025482178,
                    -2.79801869392395
                ],
                [
                    1.4901161193847656e-08,
                    0.9598420262336731,
                    -0.28054115176200867,
                    -1.1308975219726562
                ],
                [
                    0.0,
                    0.0,
                    0.0,
                    1.0
                ]
            ]
        },
        {
            "file_path": "/data/shapenet_blender/all_50_random/02958343/a90b6f926a6307ab31b57ba89dcc78c8/r_38",
            "rotation": 0.12566370614359174,
            "transform_matrix": [
                [
                    -0.7390729188919067,
                    0.6112355589866638,
                    0.2831295430660248,
                    1.141331672668457
                ],
                [
                    0.6736254096031189,
                    0.670621395111084,
                    0.31063756346702576,
                    1.2522200345993042
                ],
                [
                    0.0,
                    0.42030707001686096,
                    -0.9073818922042847,
                    -3.657773494720459
                ],
                [
                    0.0,
                    0.0,
                    0.0,
                    1.0
                ]
            ]
        },
        {
            "file_path": "/data/shapenet_blender/all_50_random/02958343/a90b6f926a6307ab31b57ba89dcc78c8/r_39",
            "rotation": 0.12566370614359174,
            "transform_matrix": [
                [
                    -0.3872644901275635,
                    0.8539985418319702,
                    -0.3474371135234833,
                    -1.4005638360977173
                ],
                [
                    -0.9219686985015869,
                    -0.3587142527103424,
                    0.14593777060508728,
                    0.5882939696311951
                ],
                [
                    0.0,
                    0.3768426775932312,
                    0.9262772798538208,
                    3.733943223953247
                ],
                [
                    0.0,
                    0.0,
                    0.0,
                    1.0
                ]
            ]
        },
        {
            "file_path": "/data/shapenet_blender/all_50_random/02958343/a90b6f926a6307ab31b57ba89dcc78c8/r_40",
            "rotation": 0.12566370614359174,
            "transform_matrix": [
                [
                    0.8428283333778381,
                    0.4922482967376709,
                    0.2175593227148056,
                    0.8770097494125366
                ],
                [
                    0.5381826162338257,
                    -0.7708922624588013,
                    -0.3407118022441864,
                    -1.3734533786773682
                ],
                [
                    -1.4901162970204496e-08,
                    0.4042482376098633,
                    -0.914649248123169,
                    -3.6870691776275635
                ],
                [
                    0.0,
                    0.0,
                    0.0,
                    1.0
                ]
            ]
        },
        {
            "file_path": "/data/shapenet_blender/all_50_random/02958343/a90b6f926a6307ab31b57ba89dcc78c8/r_41",
            "rotation": 0.12566370614359174,
            "transform_matrix": [
                [
                    -0.9044094085693359,
                    -0.0372188426554203,
                    -0.42503949999809265,
                    -1.7133890390396118
                ],
                [
                    -0.4266659617424011,
                    0.0788932666182518,
                    0.9009617567062378,
                    3.6318929195404053
                ],
                [
                    0.0,
                    0.9961879849433899,
                    -0.0872318223118782,
