{
    "class": "02958343",
    "model": "54b10fd57a55e249ad07230f53fe98be",
    "remove_doubles": true,
    "edge_split": true,
    "denoise": true,
    "camera_angle_x": 0.6911112070083618,
    "scale_factor": 2.199119249464695,
    "hdri_file": "/data/IndoorHDRDataset2018/9C4A2941-6477abc5de.exr",
    "center_offset": [
        0.0,
        0.0,
        -4.656612873077393e-10
    ],
    "lights": [],
    "frames": [
        {
            "file_path": "/data/shapenet_blender/all_50_random/02958343/54b10fd57a55e249ad07230f53fe98be/r_0",
            "rotation": 0.12566370614359174,
            "transform_matrix": [
                [
                    -0.3970864415168762,
                    -0.5400401949882507,
                    -0.7420773506164551,
                    -2.9914097785949707
                ],
                [
                    -0.9177812337875366,
                    0.23365330696105957,
                    0.3210665285587311,
                    1.2942607402801514
                ],
                [
                    -1.4901162970204496e-08,
                    0.8085559010505676,
                    -0.5884192585945129,
                    -2.3719942569732666
                ],
                [
                    0.0,
                    0.0,
                    0.0,
                    1.0
                ]
            ]
        },
        {
            "file_path": "/data/shapenet_blender/all_50_random/02958343/54b10fd57a55e249ad07230f53fe98be/r_1",
            "rotation": 0.12566370614359174,
            "transform_matrix": [
                [
                    -0.9374821782112122,
                    0.04711304232478142,
                    0.3448299169540405,
                    1.3900538682937622
                ],
                [
                    0.3480335474014282,
                    0.12690626084804535,
                    0.9288527369499207,
                    3.7443251609802246
                ],
                [
                    3.725290742551124e-09,
                    0.9907952547073364,
                    -0.13536925613880157,
                    -0.5456909537315369
                ],
                [
                    0.0,
                    0.0,
                    0.0,
                    1.0
                ]
            ]
        },
        {
            "file_path": "/data/shapenet_blender/all_50_random/02958343/54b10fd57a55e249ad07230f53fe98be/r_2",
            "rotation": 0.12566370614359174,
            "transform_matrix": [
                [
                    0.01388472504913807,
                    0.06202784180641174,
                    0.9979778528213501,
                    4.022977352142334
                ],
                [
                    0.9999036192893982,
                    -0.0008613225654698908,
                    -0.013857983984053135,
                    -0.05586332082748413
                ],
                [
                    0.0,
                    0.998073935508728,
                    -0.06203383207321167,
                    -0.2500663697719574
                ],
                [
                    0.0,
                    0.0,
                    0.0,
                    1.0
                ]
            ]
        },
        {
            "file_path": "/data/shapenet_blender/all_50_random/02958343/54b10fd57a55e249ad07230f53fe98be/r_3",
            "rotation": 0.12566370614359174,
            "transform_matrix": [
                [
                    0.9292181730270386,
                    0.17582586407661438,
                    0.325021356344223,
                    1.310202956199646
                ],
                [
                    0.3695316016674042,
                    -0.44212886691093445,
                    -0.8172934055328369,
                    -3.2946150302886963
                ],
                [
                    1.4901159417490817e-08,
                    0.8795496225357056,
                    -0.4758073389530182,
                    -1.9180407524108887
                ],
                [
                    0.0,
                    0.0,
                    0.0,
                    1.0
                ]
            ]
        },
        {
            "file_path": "/data/shapenet_blender/all_50_random/02958343/54b10fd57a55e249ad07230f53fe98be/r_4",
            "rotation": 0.12566370614359174,
            "transform_matrix": [
                [
                    -0.9885087013244629,
                    -0.14357328414916992,
                    0.047300901263952255,
                    0.1906760334968567
                ],
                [
                    0.15116436779499054,
                    -0.9388682842254639,
                    0.3093146085739136,
                    1.2468870878219604
                ],
                [
                    0.0,
                    0.3129103183746338,
                    0.9497826099395752,
                    3.8286962509155273
                ],
                [
                    0.0,
                    0.0,
                    0.0,
                    1.0
                ]
            ]
        },
        {
            "file_path": "/data/shapenet_blender/all_50_random/02958343/54b10fd57a55e249ad07230f53fe98be/r_5",
            "rotation": 0.12566370614359174,
            "transform_matrix": [
                [
                    0.9510623812675476,
                    0.1938076913356781,
                    -0.24066342413425446,
                    -0.9701453447341919
                ],
                [
                    -0.30899888277053833,
                    0.5965173244476318,
                    -0.7407337427139282,
                    -2.9859933853149414
                ],
                [
                    0.0,
                    0.7788487672805786,
                    0.6272116303443909,
                    2.5283710956573486
                ],
                [
                    0.0,
                    0.0,
                    0.0,
                    1.0
                ]
            ]
        },
        {
            "file_path": "/data/shapenet_blender/all_50_random/02958343/54b10fd57a55e249ad07230f53fe98be/r_6",
            "rotation": 0.12566370614359174,
            "transform_matrix": [
                [
                    0.5490018129348755,
                    0.28759199380874634,
                    0.7847850918769836,
                    3.1635701656341553
                ],
                [
                    0.8358210921287537,
                    -0.18890231847763062,
                    -0.5154792666435242,
                    -2.0779635906219482
                ],
                [
                    0.0,
                    0.938939094543457,
                    -0.34408316016197205,
                    -1.3870437145233154
                ],
                [
                    0.0,
                    0.0,
                    0.0,
                    1.0
                ]
            ]
        },
        {
            "file_path": "/data/shapenet_blender/all_50_random/02958343/54b10fd57a55e249ad07230f53fe98be/r_7",
            "rotation": 0.12566370614359174,
            "transform_matrix": [
                [
                    -0.9901564121246338,
                    -0.09705933928489685,
                    -0.10084505379199982,
                    -0.40651941299438477
                ],
                [
                    -0.13996514678001404,
                    0.6866275668144226,
                    0.713408887386322,
                    2.8758432865142822
                ],
                [
                    -7.450581485102248e-09,
                    0.720501184463501,
                    -0.6934536695480347,
                    -2.795401096343994
                ],
                [
                    0.0,
                    0.0,
                    0.0,
                    1.0
                ]
            ]
        },
        {
            "file_path": "/data/shapenet_blender/all_50_random/02958343/54b10fd57a55e249ad07230f53fe98be/r_8",
            "rotation": 0.12566370614359174,
            "transform_matrix": [
                [
                    0.43522506952285767,
                    0.10052531212568283,
                    -0.8946920037269592,
                    -3.606618881225586
                ],
                [
                    -0.9003217816352844,
                    0.04859499633312225,
                    -0.4325035810470581,
                    -1.743477702140808
                ],
                [
                    -3.725290742551124e-09,
                    0.9937469959259033,
                    0.11165487766265869,
                    0.45009520649909973
                ],
                [
                    0.0,
                    0.0,
                    0.0,
                    1.0
                ]
            ]
        },
        {
            "file_path": "/data/shapenet_blender/all_50_random/02958343/54b10fd57a55e249ad07230f53fe98be/r_9",
            "rotation": 0.12566370614359174,
            "transform_matrix": [
                [
                    0.8942879438400269,
                    0.14634627103805542,
                    0.42288511991500854,
                    1.7047044038772583
                ],
                [
                    0.44749194383621216,
                    -0.292464941740036,
                    -0.8451125621795654,
                    -3.4067575931549072
                ],
                [
                    0.0,
                    0.9450116157531738,
                    -0.32703667879104614,
                    -1.3183270692825317
                ],
                [
                    0.0,
                    0.0,
                    0.0,
                    1.0
                ]
            ]
        },
        {
            "file_path": "/data/shapenet_blender/all_50_random/02958343/54b10fd57a55e249ad07230f53fe98be/r_10",
            "rotation": 0.12566370614359174,
            "transform_matrix": [
                [
                    -0.9979393482208252,
                    0.02926759608089924,
                    -0.05710107088088989,
                    -0.23018178343772888
                ],
                [
                    -0.06416482478380203,
                    -0.4551915228366852,
                    0.8880785703659058,
                    3.5799591541290283
                ],
                [
                    0.0,
                    0.8899124264717102,
                    0.4561314880847931,
                    1.8387248516082764
                ],
                [
                    0.0,
                    0.0,
                    0.0,
                    1.0
                ]
            ]
        },
        {
            "file_path": "/data/shapenet_blender/all_50_random/02958343/54b10fd57a55e249ad07230f53fe98be/r_11",
            "rotation": 0.12566370614359174,
            "transform_matrix": [
                [
                    0.8411367535591125,
                    -0.15699073672294617,
                    0.5175353288650513,
                    2.086251974105835
                ],
                [
                    0.5408225059509277,
                    0.24416640400886536,
                    -0.8049184083938599,
                    -3.244730234146118
                ],
                [
                    -1.4901161193847656e-08,
                    0.9569413065910339,
                    0.29028141498565674,
                    1.1701619625091553
                ],
                [
                    0.0,
                    0.0,
                    0.0,
                    1.0
                ]
            ]
        },
        {
            "file_path": "/data/shapenet_blender/all_50_random/02958343/54b10fd57a55e249ad07230f53fe98be/r_12",
            "rotation": 0.12566370614359174,
            "transform_matrix": [
                [
                    0.2646176218986511,
                    -0.04222914204001427,
                    0.9634283781051636,
                    3.8837039470672607
                ],
                [
                    0.9643535017967224,
                    0.011587634682655334,
                    -0.2643637955188751,
                    -1.0656845569610596
                ],
                [
                    0.0,
                    0.9990407228469849,
                    0.04379010945558548,
                    0.1765235811471939
                ],
                [
                    0.0,
                    0.0,
                    0.0,
                    1.0
                ]
            ]
        },
        {
            "file_path": "/data/shapenet_blender/all_50_random/02958343/54b10fd57a55e249ad07230f53fe98be/r_13",
            "rotation": 0.12566370614359174,
            "transform_matrix": [
                [
                    0.45593133568763733,
                    -0.08652110397815704,
                    -0.8857994675636292,
                    -3.5707719326019287
                ],
                [
                    -0.8900150656700134,
                    -0.04432249441742897,
                    -0.45377179980278015,
                    -1.8292126655578613
                ],
                [
                    -3.725290742551124e-09,
                    0.9952635765075684,
                    -0.09721308201551437,
                    -0.3918784558773041
                ],
                [
                    0.0,
                    0.0,
                    0.0,
                    1.0
                ]
            ]
        },
        {
            "file_path": "/data/shapenet_blender/all_50_random/02958343/54b10fd57a55e249ad07230f53fe98be/r_14",
            "rotation": 0.12566370614359174,
            "transform_matrix": [
                [
                    0.3519293963909149,
                    0.17615197598934174,
                    -0.9193019866943359,
                    -3.705824851989746
                ],
                [
                    -0.9360266327857971,
                    0.06623002141714096,
                    -0.34564125537872314,
                    -1.3933244943618774
                ],
                [
                    0.0,
                    0.9821323156356812,
                    0.1881912350654602,
                    0.7586231231689453
                ],
                [
                    0.0,
                    0.0,
                    0.0,
                    1.0
                ]
            ]
        },
        {
            "file_path": "/data/shapenet_blender/all_50_random/02958343/54b10fd57a55e249ad07230f53fe98be/r_15",
            "rotation": 0.12566370614359174,
            "transform_matrix": [
                [
                    0.419929176568985,
                    -0.8298906683921814,
                    0.36734312772750854,
                    1.4808076620101929
                ],
                [
                    0.90755695104599,
                    0.3839927613735199,
                    -0.16997070610523224,
                    -0.6851738691329956
                ],
                [
                    0.0,
                    0.404760479927063,
                    0.9144226908683777,
                    3.6861560344696045
                ],
                [
                    0.0,
                    0.0,
                    0.0,
                    1.0
                ]
            ]
        },
        {
            "file_path": "/data/shapenet_blender/all_50_random/02958343/54b10fd57a55e249ad07230f53fe98be/r_16",
            "rotation": 0.12566370614359174,
            "transform_matrix": [
                [
                    -0.9907585382461548,
                    -0.09224683791399002,
                    0.09943947941064835,
                    0.40085339546203613
                ],
                [
                    0.13563810288906097,
                    -0.6738102436065674,
                    0.7263482809066772,
                    2.9280037879943848
                ],
                [
                    7.450581485102248e-09,
                    0.7331236004829407,
                    0.680095374584198,
                    2.7415523529052734
                ],
                [
                    0.0,
                    0.0,
                    0.0,
                    1.0
                ]
            ]
        },
        {
            "file_path": "/data/shapenet_blender/all_50_random/02958343/54b10fd57a55e249ad07230f53fe98be/r_17",
            "rotation": 0.12566370614359174,
            "transform_matrix": [
                [
                    -0.7783475518226624,
                    -0.2399822622537613,
                    0.5801582932472229,
                    2.3386929035186768
                ],
                [
                    0.6278337836265564,
                    -0.2975144386291504,
                    0.7192426323890686,
                    2.899359703063965
                ],
                [
                    0.0,
                    0.9240635633468628,
                    0.38223862648010254,
                    1.5408531427383423
                ],
                [
                    0.0,
                    0.0,
                    0.0,
                    1.0
                ]
            ]
        },
        {
            "file_path": "/data/shapenet_blender/all_50_random/02958343/54b10fd57a55e249ad07230f53fe98be/r_18",
            "rotation": 0.12566370614359174,
            "transform_matrix": [
                [
                    -0.19894152879714966,
                    0.1719520092010498,
                    0.9648081064224243,
                    3.889266014099121
                ],
                [
                    0.9800114035606384,
                    0.03490611910820007,
                    0.1958552598953247,
                    0.789517879486084
                ],
                [
                    0.0,
                    0.9844867587089539,
                    -0.17545917630195618,
                    -0.7072986364364624
                ],
                [
                    0.0,
                    0.0,
                    0.0,
                    1.0
                ]
            ]
        },
        {
            "file_path": "/data/shapenet_blender/all_50_random/02958343/54b10fd57a55e249ad07230f53fe98be/r_19",
            "rotation": 0.12566370614359174,
            "transform_matrix": [
                [
                    0.912091851234436,
                    -0.00013599390513263643,
                    -0.4099859297275543,
                    -1.6527061462402344
                ],
                [
                    -0.4099859893321991,
                    -0.00030254432931542397,
                    -0.9120917320251465,
                    -3.6767594814300537
                ],
                [
                    0.0,
                    0.9999999403953552,
                    -0.00033170380629599094,
                    -0.0013371407985687256
                ],
                [
                    0.0,
                    0.0,
                    0.0,
                    1.0
                ]
            ]
        },
        {
            "file_path": "/data/shapenet_blender/all_50_random/02958343/54b10fd57a55e249ad07230f53fe98be/r_20",
            "rotation": 0.12566370614359174,
            "transform_matrix": [
                [
                    0.6316419839859009,
                    -0.08396024256944656,
                    -0.7707003951072693,
                    -3.1067922115325928
                ],
                [
                    -0.7752600908279419,
                    -0.06840648502111435,
                    -0.6279270052909851,
                    -2.531254529953003
                ],
                [
                    0.0,
                    0.994118332862854,
                    -0.10829945653676987,
                    -0.4365690350532532
                ],
                [
                    0.0,
                    0.0,
                    0.0,
                    1.0
                ]
            ]
        },
        {
            "file_path": "/data/shapenet_blender/all_50_random/02958343/54b10fd57a55e249ad07230f53fe98be/r_21",
            "rotation": 0.12566370614359174,
            "transform_matrix": [
                [
                    0.8819732666015625,
                    -0.20641212165355682,
                    -0.4236947000026703,
                    -1.707967758178711
                ],
                [
                    -0.471299409866333,
                    -0.3862724304199219,
                    -0.7928874492645264,
                    -3.1962311267852783
                ],
                [
                    0.0,
                    0.8989925384521484,
                    -0.43796399235725403,
                    -1.765489101409912
                ],
                [
                    0.0,
                    0.0,
                    0.0,
                    1.0
                ]
            ]
        },
        {
            "file_path": "/data/shapenet_blender/all_50_random/02958343/54b10fd57a55e249ad07230f53fe98be/r_22",
            "rotation": 0.12566370614359174,
            "transform_matrix": [
                [
                    0.9884368777275085,
                    -0.014363930560648441,
                    0.15095154941082,
                    0.6085052490234375
                ],
                [
                    0.15163344144821167,
                    0.09363263845443726,
                    -0.9839919209480286,
                    -3.9665985107421875
                ],
                [
                    -9.31322685637781e-10,
                    0.9955030679702759,
                    0.0947280004620552,
                    0.3818608224391937
                ],
                [
                    0.0,
                    0.0,
                    0.0,
                    1.0
                ]
            ]
        },
        {
            "file_path": "/data/shapenet_blender/all_50_random/02958343/54b10fd57a55e249ad07230f53fe98be/r_23",
            "rotation": 0.12566370614359174,
            "transform_matrix": [
                [
                    0.5125032663345337,
                    -0.059294942766427994,
                    0.856635570526123,
                    3.4532084465026855
                ],
                [
                    0.858685314655304,
                    0.0353899747133255,
                    -0.5112798810005188,
                    -2.06103515625
                ],
                [
                    0.0,
                    0.9976128935813904,
                    0.06905317306518555,
                    0.2783622443675995
                ],
                [
                    0.0,
                    0.0,
                    0.0,
                    1.0
                ]
            ]
        },
        {
            "file_path": "/data/shapenet_blender/all_50_random/02958343/54b10fd57a55e249ad07230f53fe98be/r_24",
            "rotation": 0.12566370614359174,
            "transform_matrix": [
                [
                    -0.13341762125492096,
                    0.10658600181341171,
                    0.9853116273880005,
                    3.9719183444976807
                ],
                [
                    0.9910599589347839,
                    0.014348729513585567,
                    0.13264377415180206,
                    0.5347042083740234
                ],
                [
                    0.0,
                    0.9941998720169067,
                    -0.10754749178886414,
                    -0.4335378408432007
                ],
                [
                    0.0,
                    0.0,
                    0.0,
                    1.0
                ]
            ]
        },
        {
            "file_path": "/data/shapenet_blender/all_50_random/02958343/54b10fd57a55e249ad07230f53fe98be/r_25",
            "rotation": 0.12566370614359174,
            "transform_matrix": [
                [
                    -0.9892438650131226,
                    -0.08200310915708542,
                    -0.12112879753112793,
                    -0.4882858395576477
                ],
                [
                    -0.14627611637115479,
                    0.5545749664306641,
                    0.8191762566566467,
                    3.3022053241729736
                ],
                [
                    -7.450581485102248e-09,
                    0.8280833959579468,
                    -0.5606048703193665,
                    -2.259870767593384
                ],
                [
                    0.0,
                    0.0,
                    0.0,
                    1.0
                ]
            ]
        },
        {
            "file_path": "/data/shapenet_blender/all_50_random/02958343/54b10fd57a55e249ad07230f53fe98be/r_26",
            "rotation": 0.12566370614359174,
            "transform_matrix": [
                [
                    0.16996066272258759,
                    0.6640787124633789,
                    0.7280884385108948,
                    2.935018539428711
                ],
                [
                    0.985450804233551,
                    -0.11453363299369812,
                    -0.12557338178157806,
                    -0.5062025785446167
                ],
                [
                    7.450580152834618e-09,
                    0.7388379573822021,
                    -0.6738830804824829,
                    -2.7165098190307617
                ],
                [
                    0.0,
                    0.0,
                    0.0,
                    1.0
                ]
            ]
        },
        {
            "file_path": "/data/shapenet_blender/all_50_random/02958343/54b10fd57a55e249ad07230f53fe98be/r_27",
            "rotation": 0.12566370614359174,
            "transform_matrix": [
                [
                    0.8438515067100525,
                    -0.33120763301849365,
                    0.4221564829349518,
                    1.7017672061920166
                ],
                [
                    0.5365767478942871,
                    0.5208762288093567,
                    -0.6639075875282288,
                    -2.676297187805176
                ],
                [
                    -1.4901161193847656e-08,
                    0.7867586612701416,
                    0.6172605752944946,
                    2.4882569313049316
                ],
                [
                    0.0,
                    0.0,
                    0.0,
                    1.0
                ]
            ]
        },
        {
            "file_path": "/data/shapenet_blender/all_50_random/02958343/54b10fd57a55e249ad07230f53fe98be/r_28",
            "rotation": 0.12566370614359174,
            "transform_matrix": [
                [
                    0.9907715320587158,
                    -0.06276766210794449,
                    0.12013275921344757,
                    0.4842706322669983
                ],
                [
                    0.135542094707489,
                    0.45881256461143494,
                    -0.8781339526176453,
                    -3.5398712158203125
                ],
                [
                    0.0,
                    0.8863131403923035,
                    0.46308615803718567,
                    1.866760015487671
                ],
                [
                    0.0,
                    0.0,
                    0.0,
                    1.0
                ]
            ]
        },
        {
            "file_path": "/data/shapenet_blender/all_50_random/02958343/54b10fd57a55e249ad07230f53fe98be/r_29",
            "rotation": 0.12566370614359174,
            "transform_matrix": [
                [
                    -0.9336591362953186,
                    0.3218688666820526,
                    0.15710188448429108,
                    0.6332979798316956
                ],
                [
                    0.3581627905368805,
                    0.8390480875968933,
                    0.4095333516597748,
                    1.6508817672729492
                ],
                [
                    0.0,
                    0.4386325180530548,
                    -0.8986664414405823,
                    -3.622640371322632
                ],
                [
                    0.0,
                    0.0,
                    0.0,
                    1.0
                ]
            ]
        },
        {
            "file_path": "/data/shapenet_blender/all_50_random/02958343/54b10fd57a55e249ad07230f53fe98be/r_30",
            "rotation": 0.12566370614359174,
            "transform_matrix": [
                [
                    -0.9710752964019775,
                    0.07003950327634811,
                    0.22826974093914032,
                    0.9201847910881042
                ],
                [
                    0.23877312242984772,
                    0.2848462760448456,
                    0.9283587336540222,
                    3.7423338890075684
                ],
                [
                    0.0,
                    0.9560109972953796,
                    -0.29333075881004333,
                    -1.182454228401184
                ],
                [
                    0.0,
                    0.0,
                    0.0,
                    1.0
                ]
            ]
        },
        {
            "file_path": "/data/shapenet_blender/all_50_random/02958343/54b10fd57a55e249ad07230f53fe98be/r_31",
            "rotation": 0.12566370614359174,
            "transform_matrix": [
                [
                    -0.4613915681838989,
                    -0.4118431806564331,
                    -0.785813570022583,
                    -3.1677157878875732
                ],
                [
                    -0.8871965408325195,
                    0.21418136358261108,
                    0.40866678953170776,
                    1.6473884582519531
                ],
                [
                    -1.4901158529312397e-08,
                    0.8857266306877136,
                    -0.46420732140541077,
                    -1.8712794780731201
                ],
                [
                    0.0,
                    0.0,
                    0.0,
                    1.0
                ]
            ]
        },
        {
            "file_path": "/data/shapenet_blender/all_50_random/02958343/54b10fd57a55e249ad07230f53fe98be/r_32",
            "rotation": 0.12566370614359174,
            "transform_matrix": [
                [
                    -0.7862901091575623,
                    -0.2284388244152069,
                    0.5740762948989868,
                    2.314175605773926
                ],
                [
                    0.6178575158119202,
                    -0.2907129228115082,
                    0.7305737733840942,
                    2.9450371265411377
                ],
                [
                    -1.4901161193847656e-08,
                    0.9291402697563171,
                    0.36972734332084656,
                    1.490418553352356
                ],
                [
                    0.0,
                    0.0,
                    0.0,
                    1.0
                ]
            ]
        },
        {
            "file_path": "/data/shapenet_blender/all_50_random/02958343/54b10fd57a55e249ad07230f53fe98be/r_33",
            "rotation": 0.12566370614359174,
            "transform_matrix": [
                [
                    0.9237089157104492,
                    -0.36475464701652527,
                    0.1171148270368576,
                    0.4721049666404724
                ],
                [
                    0.3830951154232025,
                    0.8794868588447571,
                    -0.2823842167854309,
                    -1.1383272409439087
                ],
                [
                    0.0,
                    0.3057069778442383,
                    0.952125608921051,
                    3.8381412029266357
                ],
                [
                    0.0,
                    0.0,
                    0.0,
                    1.0
                ]
            ]
        },
        {
            "file_path": "/data/shapenet_blender/all_50_random/02958343/54b10fd57a55e249ad07230f53fe98be/r_34",
            "rotation": 0.12566370614359174,
            "transform_matrix": [
                [
                    0.057420581579208374,
                    -0.5651249289512634,
                    0.8230046033859253,
                    3.3176376819610596
                ],
                [
                    0.9983501434326172,
                    0.03250342980027199,
                    -0.04733549803495407,
                    -0.1908155083656311
                ],
                [
                    -3.725290298461914e-09,
                    0.8243647813796997,
                    0.566058874130249,
                    2.2818562984466553
                ],
                [
                    0.0,
                    0.0,
                    0.0,
                    1.0
                ]
            ]
        },
        {
            "file_path": "/data/shapenet_blender/all_50_random/02958343/54b10fd57a55e249ad07230f53fe98be/r_35",
            "rotation": 0.12566370614359174,
            "transform_matrix": [
                [
                    -0.41003721952438354,
                    -0.39640283584594727,
                    0.8214220404624939,
                    3.31125807762146
                ],
                [
                    0.9120686650276184,
                    -0.17821018397808075,
                    0.3692854046821594,
                    1.488637089729309
                ],
                [
                    0.0,
                    0.9006142020225525,
                    0.4346194565296173,
                    1.7520071268081665
                ],
                [
                    0.0,
                    0.0,
                    0.0,
                    1.0
                ]
            ]
        },
        {
            "file_path": "/data/shapenet_blender/all_50_random/02958343/54b10fd57a55e249ad07230f53fe98be/r_36",
            "rotation": 0.12566370614359174,
            "transform_matrix": [
                [
                    0.8521965742111206,
                    -0.4731205105781555,
                    0.2234235554933548,
                    0.9006491899490356
                ],
                [
                    0.5232219099998474,
                    0.7705940008163452,
                    -0.36390063166618347,
                    -1.4669303894042969
                ],
                [
                    0.0,
                    0.42701488733291626,
                    0.9042445421218872,
                    3.6451263427734375
                ],
                [
                    0.0,
                    0.0,
                    0.0,
                    1.0
                ]
            ]
        },
        {
            "file_path": "/data/shapenet_blender/all_50_random/02958343/54b10fd57a55e249ad07230f53fe98be/r_37",
            "rotation": 0.12566370614359174,
            "transform_matrix": [
                [
                    -0.3796035051345825,
                    -0.16540592908859253,
                    -0.9102428555488586,
                    -3.6693062782287598
                ],
                [
                    -0.9251492619514465,
                    0.06786869466304779,
                    0.3734871745109558,
                    1.5055749416351318
                ],
                [
                    3.725290298461914e-09,
                    0.9838875532150269,
                    -0.17878837883472443,
                    -0.7207189798355103
                ],
                [
                    0.0,
                    0.0,
                    0.0,
                    1.0
                ]
            ]
        },
        {
            "file_path": "/data/shapenet_blender/all_50_random/02958343/54b10fd57a55e249ad07230f53fe98be/r_38",
            "rotation": 0.12566370614359174,
            "transform_matrix": [
                [
                    -0.8790653944015503,
                    0.005591892171651125,
                    -0.47666847705841064,
                    -1.9215121269226074
                ],
                [
                    -0.4767013192176819,
                    -0.01031177956610918,
                    0.8790048360824585,
                    3.543381929397583
                ],
                [
                    0.0,
                    0.999931275844574,
                    0.011730389669537544,
                    0.047286711633205414
                ],
                [
                    0.0,
                    0.0,
                    0.0,
                    1.0
                ]
            ]
        },
        {
            "file_path": "/data/shapenet_blender/all_50_random/02958343/54b10fd57a55e249ad07230f53fe98be/r_39",
            "rotation": 0.12566370614359174,
            "transform_matrix": [
                [
                    0.9999372363090515,
                    0.001968102063983679,
                    0.011038215830922127,
                    0.04449647665023804
                ],
                [
                    0.011212300509214401,
                    -0.17551960051059723,
                    -0.9844120144844055,
                    -3.968291997909546
                ],
                [
                    -1.1641533570472262e-10,
                    0.9844740033149719,
                    -0.17553061246871948,
                    -0.7075865864753723
                ],
                [
                    0.0,
                    0.0,
                    0.0,
                    1.0
                ]
            ]
        },
        {
            "file_path": "/data/shapenet_blender/all_50_random/02958343/54b10fd57a55e249ad07230f53fe98be/r_40",
            "rotation": 0.12566370614359174,
            "transform_matrix": [
                [
                    0.2306922823190689,
                    0.26492077112197876,
                    -0.936268150806427,
                    -3.7742176055908203
                ],
                [
                    -0.9730268120765686,
                    0.06280934065580368,
                    -0.22197724878787994,
                    -0.894818902015686
                ],
                [
                    3.725290742551124e-09,
                    0.9622223973274231,
                    0.27226462960243225,
                    1.0975338220596313
                ],
                [
                    0.0,
                    0.0,
                    0.0,
                    1.0
                ]
            ]
        },
        {
            "file_path": "/data/shapenet_blender/all_50_random/02958343/54b10fd57a55e249ad07230f53fe98be/r_41",
            "rotation": 0.12566370614359174,
            "transform_matrix": [
                [
                    -0.13729585707187653,
                    0.390639990568161,
                    -0.9102473258972168,
                    -3.6693243980407715
                ],
                [
                    -0.9905300736427307,
                    -0.05414601042866707,
                    0.12616798281669617,
                    0.5085994005203247
                ],
                [
                    0.0,
