{
    "class": "02958343",
    "model": "57ad55aefd13445c94a5ecac47d28f09",
    "remove_doubles": true,
    "edge_split": true,
    "denoise": true,
    "camera_angle_x": 0.6911112070083618,
    "scale_factor": 2.2832327584769727,
    "hdri_file": "/data/IndoorHDRDataset2018/AG8A5776-2e736db2be.exr",
    "center_offset": [
        0.0,
        0.0,
        -3.725290298461914e-09
    ],
    "lights": [],
    "frames": [
        {
            "file_path": "/data/shapenet_blender/all_50_random/02958343/57ad55aefd13445c94a5ecac47d28f09/r_0",
            "rotation": 0.12566370614359174,
            "transform_matrix": [
                [
                    0.8583851456642151,
                    0.1523282825946808,
                    -0.4898684620857239,
                    -1.974722981452942
                ],
                [
                    -0.5130059123039246,
                    0.25488269329071045,
                    -0.8196704983711243,
                    -3.3041975498199463
                ],
                [
                    -7.450581485102248e-09,
                    0.9548982381820679,
                    0.2969328463077545,
                    1.1969746351242065
                ],
                [
                    0.0,
                    0.0,
                    0.0,
                    1.0
                ]
            ]
        },
        {
            "file_path": "/data/shapenet_blender/all_50_random/02958343/57ad55aefd13445c94a5ecac47d28f09/r_1",
            "rotation": 0.12566370614359174,
            "transform_matrix": [
                [
                    0.5401707887649536,
                    -0.16135798394680023,
                    -0.8259413838386536,
                    -3.3294761180877686
                ],
                [
                    -0.8415554761886597,
                    -0.10357115417718887,
                    -0.5301485657691956,
                    -2.137097120285034
                ],
                [
                    7.450580596923828e-09,
                    0.9814461469650269,
                    -0.1917378306388855,
                    -0.7729198932647705
                ],
                [
                    0.0,
                    0.0,
                    0.0,
                    1.0
                ]
            ]
        },
        {
            "file_path": "/data/shapenet_blender/all_50_random/02958343/57ad55aefd13445c94a5ecac47d28f09/r_2",
            "rotation": 0.12566370614359174,
            "transform_matrix": [
                [
                    0.9978538155555725,
                    0.0009827788453549147,
                    -0.06547434628009796,
                    -0.26393553614616394
                ],
                [
                    -0.06548172980546951,
                    0.014976234175264835,
                    -0.9977414011955261,
                    -4.022024154663086
                ],
                [
                    0.0,
                    0.9998874068260193,
                    0.01500844769179821,
                    0.060500986874103546
                ],
                [
                    0.0,
                    0.0,
                    0.0,
                    1.0
                ]
            ]
        },
        {
            "file_path": "/data/shapenet_blender/all_50_random/02958343/57ad55aefd13445c94a5ecac47d28f09/r_3",
            "rotation": 0.12566370614359174,
            "transform_matrix": [
                [
                    0.29436999559402466,
                    0.9372487664222717,
                    -0.1868448555469513,
                    -0.7531957030296326
                ],
                [
                    -0.9556915760040283,
                    0.2886892855167389,
                    -0.057551536709070206,
                    -0.23199766874313354
                ],
                [
                    0.0,
                    0.19550730288028717,
                    0.9807021617889404,
                    3.9533369541168213
                ],
                [
                    0.0,
                    0.0,
                    0.0,
                    1.0
                ]
            ]
        },
        {
            "file_path": "/data/shapenet_blender/all_50_random/02958343/57ad55aefd13445c94a5ecac47d28f09/r_4",
            "rotation": 0.12566370614359174,
            "transform_matrix": [
                [
                    -0.3266364336013794,
                    0.12790776789188385,
                    0.9364550113677979,
                    3.7749712467193604
                ],
                [
                    0.9451500773429871,
                    0.044203922152519226,
                    0.32363149523735046,
                    1.3046003580093384
                ],
                [
                    0.0,
                    0.9908004999160767,
                    -0.13533061742782593,
                    -0.5455352067947388
                ],
                [
                    0.0,
                    0.0,
                    0.0,
                    1.0
                ]
            ]
        },
        {
            "file_path": "/data/shapenet_blender/all_50_random/02958343/57ad55aefd13445c94a5ecac47d28f09/r_5",
            "rotation": 0.12566370614359174,
            "transform_matrix": [
                [
                    0.6411548256874084,
                    0.7294915914535522,
                    -0.23824869096279144,
                    -0.9604111909866333
                ],
                [
                    -0.7674116492271423,
                    0.6094735264778137,
                    -0.19905133545398712,
                    -0.802401602268219
                ],
                [
                    0.0,
                    0.3104574680328369,
                    0.9505872130393982,
                    3.831939697265625
                ],
                [
                    0.0,
                    0.0,
                    0.0,
                    1.0
                ]
            ]
        },
        {
            "file_path": "/data/shapenet_blender/all_50_random/02958343/57ad55aefd13445c94a5ecac47d28f09/r_6",
            "rotation": 0.12566370614359174,
            "transform_matrix": [
                [
                    0.9990198612213135,
                    -0.037175193428993225,
                    -0.024030843749642372,
                    -0.09687143564224243
                ],
                [
                    -0.044265978038311005,
                    -0.8389909863471985,
                    -0.5423417687416077,
                    -2.1862497329711914
                ],
                [
                    0.0,
                    0.5428739190101624,
                    -0.8398141264915466,
                    -3.385399341583252
                ],
                [
                    0.0,
                    0.0,
                    0.0,
                    1.0
                ]
            ]
        },
        {
            "file_path": "/data/shapenet_blender/all_50_random/02958343/57ad55aefd13445c94a5ecac47d28f09/r_7",
            "rotation": 0.12566370614359174,
            "transform_matrix": [
                [
                    -0.9503114819526672,
                    -0.03868723660707474,
                    -0.3088872730731964,
                    -1.2451645135879517
                ],
                [
                    -0.3113006055355072,
                    0.11810103803873062,
                    0.9429442882537842,
                    3.8011302947998047
                ],
                [
                    0.0,
                    0.9922477602958679,
                    -0.12427612394094467,
                    -0.500973105430603
                ],
                [
                    0.0,
                    0.0,
                    0.0,
                    1.0
                ]
            ]
        },
        {
            "file_path": "/data/shapenet_blender/all_50_random/02958343/57ad55aefd13445c94a5ecac47d28f09/r_8",
            "rotation": 0.12566370614359174,
            "transform_matrix": [
                [
                    -0.1348695009946823,
                    0.9053977131843567,
                    -0.40257301926612854,
                    -1.622823715209961
                ],
                [
                    -0.9908634424209595,
                    -0.12323649227619171,
                    0.054795462638139725,
                    0.22088757157325745
                ],
                [
                    0.0,
                    0.40628495812416077,
                    0.9137463569641113,
                    3.683429479598999
                ],
                [
                    0.0,
                    0.0,
                    0.0,
                    1.0
                ]
            ]
        },
        {
            "file_path": "/data/shapenet_blender/all_50_random/02958343/57ad55aefd13445c94a5ecac47d28f09/r_9",
            "rotation": 0.12566370614359174,
            "transform_matrix": [
                [
                    -0.2929561734199524,
                    0.9010322690010071,
                    -0.3198709487915039,
                    -1.2894409894943237
                ],
                [
                    -0.9561259150505066,
                    -0.276075541973114,
                    0.09800819307565689,
                    0.3950836658477783
                ],
                [
                    -7.450580596923828e-09,
                    0.3345489799976349,
                    0.9423783421516418,
                    3.7988486289978027
                ],
                [
                    0.0,
                    0.0,
                    0.0,
                    1.0
                ]
            ]
        },
        {
            "file_path": "/data/shapenet_blender/all_50_random/02958343/57ad55aefd13445c94a5ecac47d28f09/r_10",
            "rotation": 0.12566370614359174,
            "transform_matrix": [
                [
                    -0.9632645845413208,
                    -0.022555535659193993,
                    -0.2676055431365967,
                    -1.0787525177001953
                ],
                [
                    -0.2685545086860657,
                    0.0809033066034317,
                    0.9598608613014221,
                    3.869323253631592
                ],
                [
                    0.0,
                    0.9964666962623596,
                    -0.08398867398500443,
                    -0.33856919407844543
                ],
                [
                    0.0,
                    0.0,
                    0.0,
                    1.0
                ]
            ]
        },
        {
            "file_path": "/data/shapenet_blender/all_50_random/02958343/57ad55aefd13445c94a5ecac47d28f09/r_11",
            "rotation": 0.12566370614359174,
            "transform_matrix": [
                [
                    0.9926639795303345,
                    -0.0700012668967247,
                    -0.09858020395040512,
                    -0.3973895013332367
                ],
                [
                    -0.12090589851140976,
                    -0.5747257471084595,
                    -0.8093651533126831,
                    -3.262655258178711
                ],
                [
                    3.725290298461914e-09,
                    0.8153464794158936,
                    -0.5789732336997986,
                    -2.3339157104492188
                ],
                [
                    0.0,
                    0.0,
                    0.0,
                    1.0
                ]
            ]
        },
        {
            "file_path": "/data/shapenet_blender/all_50_random/02958343/57ad55aefd13445c94a5ecac47d28f09/r_12",
            "rotation": 0.12566370614359174,
            "transform_matrix": [
                [
                    -0.34316888451576233,
                    0.21389517188072205,
                    0.9145949482917786,
                    3.686850070953369
                ],
                [
                    0.9392737150192261,
                    0.07814779132604599,
                    0.33415237069129944,
                    1.3470113277435303
                ],
                [
                    0.0,
                    0.9737256765365601,
                    -0.22772401571273804,
                    -0.9179848432540894
                ],
                [
                    0.0,
                    0.0,
                    0.0,
                    1.0
                ]
            ]
        },
        {
            "file_path": "/data/shapenet_blender/all_50_random/02958343/57ad55aefd13445c94a5ecac47d28f09/r_13",
            "rotation": 0.12566370614359174,
            "transform_matrix": [
                [
                    -0.14445757865905762,
                    0.1780262440443039,
                    -0.9733645915985107,
                    -3.9237582683563232
                ],
                [
                    -0.9895110130310059,
                    -0.025989847257733345,
                    0.14210037887096405,
                    0.5728249549865723
                ],
                [
                    0.0,
                    0.9836825132369995,
                    0.17991335690021515,
                    0.7252539396286011
                ],
                [
                    0.0,
                    0.0,
                    0.0,
                    1.0
                ]
            ]
        },
        {
            "file_path": "/data/shapenet_blender/all_50_random/02958343/57ad55aefd13445c94a5ecac47d28f09/r_14",
            "rotation": 0.12566370614359174,
            "transform_matrix": [
                [
                    0.3337372839450836,
                    0.43087711930274963,
                    -0.8384296894073486,
                    -3.3798182010650635
                ],
                [
                    -0.9426661133766174,
                    0.15254579484462738,
                    -0.296833872795105,
                    -1.19657564163208
                ],
                [
                    0.0,
                    0.8894237875938416,
                    0.45708349347114563,
                    1.8425625562667847
                ],
                [
                    0.0,
                    0.0,
                    0.0,
                    1.0
                ]
            ]
        },
        {
            "file_path": "/data/shapenet_blender/all_50_random/02958343/57ad55aefd13445c94a5ecac47d28f09/r_15",
            "rotation": 0.12566370614359174,
            "transform_matrix": [
                [
                    -0.260451078414917,
                    -0.29551488161087036,
                    -0.91914963722229,
                    -3.7052109241485596
                ],
                [
                    -0.9654870629310608,
                    0.07971848547458649,
                    0.24795104563236237,
                    0.9995226860046387
                ],
                [
                    -7.450580596923828e-09,
                    0.9520062804222107,
                    -0.3060785233974457,
                    -1.233842134475708
                ],
                [
                    0.0,
                    0.0,
                    0.0,
                    1.0
                ]
            ]
        },
        {
            "file_path": "/data/shapenet_blender/all_50_random/02958343/57ad55aefd13445c94a5ecac47d28f09/r_16",
            "rotation": 0.12566370614359174,
            "transform_matrix": [
                [
                    -0.04406829923391342,
                    0.6448381543159485,
                    0.7630476355552673,
                    3.0759434700012207
                ],
                [
                    0.9990285038948059,
                    0.028444556519389153,
                    0.033658914268016815,
                    0.13568341732025146
                ],
                [
                    1.862645149230957e-09,
                    0.7637895345687866,
                    -0.6454651951789856,
                    -2.6019535064697266
                ],
                [
                    0.0,
                    0.0,
                    0.0,
                    1.0
                ]
            ]
        },
        {
            "file_path": "/data/shapenet_blender/all_50_random/02958343/57ad55aefd13445c94a5ecac47d28f09/r_17",
            "rotation": 0.12566370614359174,
            "transform_matrix": [
                [
                    0.9536980986595154,
                    -0.05290164425969124,
                    -0.2960762679576874,
                    -1.1935216188430786
                ],
                [
                    -0.3007652461528778,
                    -0.16774609684944153,
                    -0.9388298392295837,
                    -3.784543991088867
                ],
                [
                    0.0,
                    0.9844098091125488,
                    -0.17589013278484344,
                    -0.7090357542037964
                ],
                [
                    0.0,
                    0.0,
                    0.0,
                    1.0
                ]
            ]
        },
        {
            "file_path": "/data/shapenet_blender/all_50_random/02958343/57ad55aefd13445c94a5ecac47d28f09/r_18",
            "rotation": 0.12566370614359174,
            "transform_matrix": [
                [
                    -0.6096768975257874,
                    0.22770242393016815,
                    0.7592401504516602,
                    3.0605950355529785
                ],
                [
                    0.792650043964386,
                    0.17514023184776306,
                    0.5839793086051941,
                    2.354095935821533
                ],
                [
                    1.4901161193847656e-08,
                    0.957850456237793,
                    -0.28726726770401,
                    -1.1580114364624023
                ],
                [
                    0.0,
                    0.0,
                    0.0,
                    1.0
                ]
            ]
        },
        {
            "file_path": "/data/shapenet_blender/all_50_random/02958343/57ad55aefd13445c94a5ecac47d28f09/r_19",
            "rotation": 0.12566370614359174,
            "transform_matrix": [
                [
                    0.6712201237678528,
                    0.5374211072921753,
                    0.5105311274528503,
                    2.058016777038574
                ],
                [
                    0.7412581443786621,
                    -0.4866427183151245,
                    -0.462293416261673,
                    -1.863564372062683
                ],
                [
                    0.0,
                    0.6887359619140625,
                    -0.7250121831893921,
                    -2.9226176738739014
                ],
                [
                    0.0,
                    0.0,
                    0.0,
                    1.0
                ]
            ]
        },
        {
            "file_path": "/data/shapenet_blender/all_50_random/02958343/57ad55aefd13445c94a5ecac47d28f09/r_20",
            "rotation": 0.12566370614359174,
            "transform_matrix": [
                [
                    0.6256862878799438,
                    -0.4054519236087799,
                    -0.6664271950721741,
                    -2.6864542961120605
                ],
                [
                    -0.7800747752189636,
                    -0.3252069652080536,
                    -0.5345313549041748,
                    -2.1547651290893555
                ],
                [
                    0.0,
                    0.8543119430541992,
                    -0.5197603106498718,
                    -2.0952210426330566
                ],
                [
                    0.0,
                    0.0,
                    0.0,
                    1.0
                ]
            ]
        },
        {
            "file_path": "/data/shapenet_blender/all_50_random/02958343/57ad55aefd13445c94a5ecac47d28f09/r_21",
            "rotation": 0.12566370614359174,
            "transform_matrix": [
                [
                    -0.7063665986061096,
                    0.606658399105072,
                    0.3647080361843109,
                    1.4701851606369019
                ],
                [
                    0.7078462243080139,
                    0.6053902506828308,
                    0.3639456629753113,
                    1.4671119451522827
                ],
                [
                    1.4901159417490817e-08,
                    0.5152362585067749,
                    -0.8570482134819031,
                    -3.454871892929077
                ],
                [
                    0.0,
                    0.0,
                    0.0,
                    1.0
                ]
            ]
        },
        {
            "file_path": "/data/shapenet_blender/all_50_random/02958343/57ad55aefd13445c94a5ecac47d28f09/r_22",
            "rotation": 0.12566370614359174,
            "transform_matrix": [
                [
                    -0.20796722173690796,
                    0.6394906044006348,
                    -0.7401360273361206,
                    -2.983583927154541
                ],
                [
                    -0.9781357645988464,
                    -0.13596588373184204,
                    0.15736469626426697,
                    0.6343574523925781
                ],
                [
                    0.0,
                    0.7566801905632019,
                    0.6537850499153137,
                    2.6354920864105225
                ],
                [
                    0.0,
                    0.0,
                    0.0,
                    1.0
                ]
            ]
        },
        {
            "file_path": "/data/shapenet_blender/all_50_random/02958343/57ad55aefd13445c94a5ecac47d28f09/r_23",
            "rotation": 0.12566370614359174,
            "transform_matrix": [
                [
                    0.39746782183647156,
                    -0.6789970993995667,
                    0.6172375082969666,
                    2.488163948059082
                ],
                [
                    0.917616069316864,
                    0.29410937428474426,
                    -0.26735803484916687,
                    -1.0777547359466553
                ],
                [
                    0.0,
                    0.6726532578468323,
                    0.7399577498435974,
                    2.98286509513855
                ],
                [
                    0.0,
                    0.0,
                    0.0,
                    1.0
                ]
            ]
        },
        {
            "file_path": "/data/shapenet_blender/all_50_random/02958343/57ad55aefd13445c94a5ecac47d28f09/r_24",
            "rotation": 0.12566370614359174,
            "transform_matrix": [
                [
                    -0.5723314881324768,
                    -0.11695615947246552,
                    -0.8116389513015747,
                    -3.2718214988708496
                ],
                [
                    -0.8200223445892334,
                    0.08162911981344223,
                    0.5664803385734558,
                    2.283555507659912
                ],
                [
                    7.450580596923828e-09,
                    0.989776611328125,
                    -0.1426255702972412,
                    -0.5749421119689941
                ],
                [
                    0.0,
                    0.0,
                    0.0,
                    1.0
                ]
            ]
        },
        {
            "file_path": "/data/shapenet_blender/all_50_random/02958343/57ad55aefd13445c94a5ecac47d28f09/r_25",
            "rotation": 0.12566370614359174,
            "transform_matrix": [
                [
                    0.17382004857063293,
                    0.6822665929794312,
                    0.7101399898529053,
                    2.862665891647339
                ],
                [
                    0.9847773909568787,
                    -0.1204247921705246,
                    -0.1253446340560913,
                    -0.5052803754806519
                ],
                [
                    0.0,
                    0.7211172580718994,
                    -0.692812979221344,
                    -2.792818546295166
                ],
                [
                    0.0,
                    0.0,
                    0.0,
                    1.0
                ]
            ]
        },
        {
            "file_path": "/data/shapenet_blender/all_50_random/02958343/57ad55aefd13445c94a5ecac47d28f09/r_26",
            "rotation": 0.12566370614359174,
            "transform_matrix": [
                [
                    -0.29980987310409546,
                    0.3406067490577698,
                    0.8911234736442566,
                    3.592233657836914
                ],
                [
                    0.9539989829063416,
                    0.10704126954078674,
                    0.2800501883029938,
                    1.1289184093475342
                ],
                [
                    -7.450580596923828e-09,
                    0.9340927600860596,
                    -0.3570304811000824,
                    -1.4392359256744385
                ],
                [
                    0.0,
                    0.0,
                    0.0,
                    1.0
                ]
            ]
        },
        {
            "file_path": "/data/shapenet_blender/all_50_random/02958343/57ad55aefd13445c94a5ecac47d28f09/r_27",
            "rotation": 0.12566370614359174,
            "transform_matrix": [
                [
                    0.308387815952301,
                    0.3457517921924591,
                    -0.8862012028694153,
                    -3.5723912715911865
                ],
                [
                    -0.9512606263160706,
                    0.11208878457546234,
                    -0.2872962951660156,
                    -1.1581283807754517
                ],
                [
                    0.0,
                    0.9316070079803467,
                    0.3634669780731201,
                    1.4651823043823242
                ],
                [
                    0.0,
                    0.0,
                    0.0,
                    1.0
                ]
            ]
        },
        {
            "file_path": "/data/shapenet_blender/all_50_random/02958343/57ad55aefd13445c94a5ecac47d28f09/r_28",
            "rotation": 0.12566370614359174,
            "transform_matrix": [
                [
                    -0.9825558662414551,
                    -0.10264144092798233,
                    0.15507671236991882,
                    0.625134289264679
                ],
                [
                    0.18596790730953217,
                    -0.5423030257225037,
                    0.8193432092666626,
                    3.3028783798217773
                ],
                [
                    7.450580596923828e-09,
                    0.8338898420333862,
                    0.5519309639930725,
                    2.224905014038086
                ],
                [
                    0.0,
                    0.0,
                    0.0,
                    1.0
                ]
            ]
        },
        {
            "file_path": "/data/shapenet_blender/all_50_random/02958343/57ad55aefd13445c94a5ecac47d28f09/r_29",
            "rotation": 0.12566370614359174,
            "transform_matrix": [
                [
                    -0.9881958365440369,
                    -0.041056834161281586,
                    0.14759209752082825,
                    0.5949627757072449
                ],
                [
                    0.15319626033306122,
                    -0.26483801007270813,
                    0.9520460963249207,
                    3.837820529937744
                ],
                [
                    0.0,
                    0.9634184241294861,
                    0.26800158619880676,
                    1.0803489685058594
                ],
                [
                    0.0,
                    0.0,
                    0.0,
                    1.0
                ]
            ]
        },
        {
            "file_path": "/data/shapenet_blender/all_50_random/02958343/57ad55aefd13445c94a5ecac47d28f09/r_30",
            "rotation": 0.12566370614359174,
            "transform_matrix": [
                [
                    -0.9939731359481812,
                    -0.0038164793513715267,
                    0.10955792665481567,
                    0.4416421055793762
                ],
                [
                    0.10962438583374023,
                    -0.03460432589054108,
                    0.993370532989502,
                    4.004404544830322
                ],
                [
                    2.3283064365386963e-10,
                    0.9993937611579895,
                    0.034814149141311646,
                    0.14034032821655273
                ],
                [
                    0.0,
                    0.0,
                    0.0,
                    1.0
                ]
            ]
        },
        {
            "file_path": "/data/shapenet_blender/all_50_random/02958343/57ad55aefd13445c94a5ecac47d28f09/r_31",
            "rotation": 0.12566370614359174,
            "transform_matrix": [
                [
                    0.6695307493209839,
                    0.5241560339927673,
                    -0.5262974500656128,
                    -2.121572971343994
                ],
                [
                    -0.7427843809127808,
                    0.47246360778808594,
                    -0.4743938744068146,
                    -1.91234290599823
                ],
                [
                    -1.4901161193847656e-08,
                    0.7085468769073486,
                    0.705663800239563,
                    2.8446216583251953
                ],
                [
                    0.0,
                    0.0,
                    0.0,
                    1.0
                ]
            ]
        },
        {
            "file_path": "/data/shapenet_blender/all_50_random/02958343/57ad55aefd13445c94a5ecac47d28f09/r_32",
            "rotation": 0.12566370614359174,
            "transform_matrix": [
                [
                    -0.08188293129205704,
                    0.7710467576980591,
                    0.6314917802810669,
                    2.5456247329711914
                ],
                [
                    0.996641993522644,
                    0.06334829330444336,
                    0.05188262090086937,
                    0.20914553105831146
                ],
                [
                    -3.725290742551124e-09,
                    0.633619487285614,
                    -0.7736448049545288,
                    -3.118661880493164
                ],
                [
                    0.0,
                    0.0,
                    0.0,
                    1.0
                ]
            ]
        },
        {
            "file_path": "/data/shapenet_blender/all_50_random/02958343/57ad55aefd13445c94a5ecac47d28f09/r_33",
            "rotation": 0.12566370614359174,
            "transform_matrix": [
                [
                    -0.47153496742248535,
                    0.49329373240470886,
                    0.7309693098068237,
                    2.94663143157959
                ],
                [
                    0.8818474411964417,
                    0.26377037167549133,
                    0.39085853099823,
                    1.5756011009216309
                ],
                [
                    1.4901161193847656e-08,
                    0.8289067149162292,
                    -0.5593867897987366,
                    -2.254960298538208
                ],
                [
                    0.0,
                    0.0,
                    0.0,
                    1.0
                ]
            ]
        },
        {
            "file_path": "/data/shapenet_blender/all_50_random/02958343/57ad55aefd13445c94a5ecac47d28f09/r_34",
            "rotation": 0.12566370614359174,
            "transform_matrix": [
                [
                    -0.5247452855110168,
                    -0.35829445719718933,
                    0.7721835374832153,
                    3.112771511077881
                ],
                [
                    0.8512593507766724,
                    -0.220864936709404,
                    0.47600027918815613,
                    1.918818473815918
                ],
                [
                    0.0,
                    0.9071072340011597,
                    0.420899361371994,
                    1.696699619293213
                ],
                [
                    0.0,
                    0.0,
                    0.0,
                    1.0
                ]
            ]
        },
        {
            "file_path": "/data/shapenet_blender/all_50_random/02958343/57ad55aefd13445c94a5ecac47d28f09/r_35",
            "rotation": 0.12566370614359174,
            "transform_matrix": [
                [
                    0.05458676442503929,
                    0.60932457447052,
                    -0.791039764881134,
                    -3.1887834072113037
                ],
                [
                    -0.9985089898109436,
                    0.033310722559690475,
                    -0.043244779109954834,
                    -0.17432528734207153
                ],
                [
                    0.0,
                    0.792220950126648,
                    0.6102343201637268,
                    2.459933280944824
                ],
                [
                    0.0,
                    0.0,
                    0.0,
                    1.0
                ]
            ]
        },
        {
            "file_path": "/data/shapenet_blender/all_50_random/02958343/57ad55aefd13445c94a5ecac47d28f09/r_36",
            "rotation": 0.12566370614359174,
            "transform_matrix": [
                [
                    0.2314745932817459,
                    0.3631102740764618,
                    -0.9025354385375977,
                    -3.6382369995117188
                ],
                [
                    -0.9728409647941589,
                    0.08639726787805557,
                    -0.21474632620811462,
                    -0.8656702041625977
                ],
                [
                    0.0,
                    0.9277317523956299,
                    0.37324729561805725,
                    1.5046080350875854
                ],
                [
                    0.0,
                    0.0,
                    0.0,
                    1.0
                ]
            ]
        },
        {
            "file_path": "/data/shapenet_blender/all_50_random/02958343/57ad55aefd13445c94a5ecac47d28f09/r_37",
            "rotation": 0.12566370614359174,
            "transform_matrix": [
                [
                    0.3500223159790039,
                    0.21242758631706238,
                    0.9123369455337524,
                    3.677748203277588
                ],
                [
                    0.9367413520812988,
                    -0.07937558740377426,
                    -0.3409033715724945,
                    -1.3742256164550781
                ],
                [
                    0.0,
                    0.9739476442337036,
                    -0.22677290439605713,
                    -0.9141508936882019
                ],
                [
                    0.0,
                    0.0,
                    0.0,
                    1.0
                ]
            ]
        },
        {
            "file_path": "/data/shapenet_blender/all_50_random/02958343/57ad55aefd13445c94a5ecac47d28f09/r_38",
            "rotation": 0.12566370614359174,
            "transform_matrix": [
                [
                    0.6574777960777283,
                    -0.33312517404556274,
                    0.6758332848548889,
                    2.7243711948394775
                ],
                [
                    0.7534739971160889,
                    0.29068341851234436,
                    -0.5897288918495178,
                    -2.3772730827331543
                ],
                [
                    0.0,
                    0.8969563245773315,
                    0.4421190619468689,
                    1.7822389602661133
                ],
                [
                    0.0,
                    0.0,
                    0.0,
                    1.0
                ]
            ]
        },
        {
            "file_path": "/data/shapenet_blender/all_50_random/02958343/57ad55aefd13445c94a5ecac47d28f09/r_39",
            "rotation": 0.12566370614359174,
            "transform_matrix": [
                [
                    -0.9975383877754211,
                    -0.05292486026883125,
                    -0.045999519526958466,
                    -0.18542999029159546
                ],
                [
                    -0.07012129575014114,
                    0.7529035806655884,
                    0.654384434223175,
                    2.6379079818725586
                ],
                [
                    -3.725290076417309e-09,
                    0.6559991240501404,
                    -0.7547615766525269,
                    -3.042541265487671
                ],
                [
                    0.0,
                    0.0,
                    0.0,
                    1.0
                ]
            ]
        },
        {
            "file_path": "/data/shapenet_blender/all_50_random/02958343/57ad55aefd13445c94a5ecac47d28f09/r_40",
            "rotation": 0.12566370614359174,
            "transform_matrix": [
                [
                    0.9704852104187012,
                    -0.016130322590470314,
                    -0.24062076210975647,
                    -0.9699733257293701
                ],
                [
                    -0.2411608248949051,
                    -0.06491203606128693,
                    -0.9683118462562561,
                    -3.9033899307250977
                ],
                [
                    -1.862645149230957e-09,
                    0.9977607131004333,
                    -0.06688615679740906,
                    -0.2696267366409302
                ],
                [
                    0.0,
                    0.0,
                    0.0,
                    1.0
                ]
            ]
        },
        {
            "file_path": "/data/shapenet_blender/all_50_random/02958343/57ad55aefd13445c94a5ecac47d28f09/r_41",
            "rotation": 0.12566370614359174,
            "transform_matrix": [
                [
                    -0.355865478515625,
                    0.6588647961616516,
                    -0.6627645492553711,
                    -2.67168927192688
                ],
                [
                    -0.9345371723175049,
                    -0.2508912682533264,
                    0.2523762881755829,
                    1.0173614025115967
                ],
                [
                    0.0,
                    0.7091901302337646,
