{
    "class": "02958343",
    "model": "88aae5646dcad7062a9eb0f146e94477",
    "remove_doubles": true,
    "edge_split": true,
    "denoise": true,
    "camera_angle_x": 0.6911112070083618,
    "scale_factor": 2.2734996985554647,
    "hdri_file": "/data/IndoorHDRDataset2018/AG8A6519-759b998cd1.exr",
    "center_offset": [
        0.0,
        0.0,
        -1.3969838619232178e-09
    ],
    "lights": [],
    "frames": [
        {
            "file_path": "/data/shapenet_blender/all_50_random/02958343/88aae5646dcad7062a9eb0f146e94477/r_0",
            "rotation": 0.12566370614359174,
            "transform_matrix": [
                [
                    -0.9971303939819336,
                    0.02480429597198963,
                    -0.07152347266674042,
                    -0.2883203625679016
                ],
                [
                    -0.07570245116949081,
                    -0.3267149031162262,
                    0.9420861601829529,
                    3.79767107963562
                ],
                [
                    -1.8626450382086546e-09,
                    0.9447973966598511,
                    0.3276551067829132,
                    1.3208200931549072
                ],
                [
                    0.0,
                    0.0,
                    0.0,
                    1.0
                ]
            ]
        },
        {
            "file_path": "/data/shapenet_blender/all_50_random/02958343/88aae5646dcad7062a9eb0f146e94477/r_1",
            "rotation": 0.12566370614359174,
            "transform_matrix": [
                [
                    -0.4486841559410095,
                    0.24871522188186646,
                    -0.8583840131759644,
                    -3.460256814956665
                ],
                [
                    -0.8936903476715088,
                    -0.12486941367387772,
                    0.4309583604335785,
                    1.7372488975524902
                ],
                [
                    0.0,
                    0.960493803024292,
                    0.27830129861831665,
                    1.1218684911727905
                ],
                [
                    0.0,
                    0.0,
                    0.0,
                    1.0
                ]
            ]
        },
        {
            "file_path": "/data/shapenet_blender/all_50_random/02958343/88aae5646dcad7062a9eb0f146e94477/r_2",
            "rotation": 0.12566370614359174,
            "transform_matrix": [
                [
                    0.31811806559562683,
                    0.6271419525146484,
                    0.7109807729721069,
                    2.866055488586426
                ],
                [
                    0.9480512142181396,
                    -0.2104371339082718,
                    -0.2385692149400711,
                    -0.9617033004760742
                ],
                [
                    0.0,
                    0.7499393224716187,
                    -0.6615065336227417,
                    -2.6666183471679688
                ],
                [
                    0.0,
                    0.0,
                    0.0,
                    1.0
                ]
            ]
        },
        {
            "file_path": "/data/shapenet_blender/all_50_random/02958343/88aae5646dcad7062a9eb0f146e94477/r_3",
            "rotation": 0.12566370614359174,
            "transform_matrix": [
                [
                    -0.2696693241596222,
                    0.5255941152572632,
                    -0.8068637251853943,
                    -3.2525720596313477
                ],
                [
                    -0.9629529118537903,
                    -0.14718955755233765,
                    0.2259574681520462,
                    0.9108637571334839
                ],
                [
                    0.0,
                    0.8379057049751282,
                    0.5458148717880249,
                    2.2002503871917725
                ],
                [
                    0.0,
                    0.0,
                    0.0,
                    1.0
                ]
            ]
        },
        {
            "file_path": "/data/shapenet_blender/all_50_random/02958343/88aae5646dcad7062a9eb0f146e94477/r_4",
            "rotation": 0.12566370614359174,
            "transform_matrix": [
                [
                    0.9338095188140869,
                    -0.026969876140356064,
                    -0.3567526638507843,
                    -1.4381159543991089
                ],
                [
                    -0.3577706515789032,
                    -0.07039348781108856,
                    -0.9311524629592896,
                    -3.7535955905914307
                ],
                [
                    1.862645149230957e-09,
                    0.9971545934677124,
                    -0.07538314908742905,
                    -0.3038792014122009
                ],
                [
                    0.0,
                    0.0,
                    0.0,
                    1.0
                ]
            ]
        },
        {
            "file_path": "/data/shapenet_blender/all_50_random/02958343/88aae5646dcad7062a9eb0f146e94477/r_5",
            "rotation": 0.12566370614359174,
            "transform_matrix": [
                [
                    0.33532795310020447,
                    0.39920175075531006,
                    0.8533422946929932,
                    3.4399328231811523
                ],
                [
                    0.9421014785766602,
                    -0.1420903354883194,
                    -0.3037353754043579,
                    -1.2243964672088623
                ],
                [
                    0.0,
                    0.9057859182357788,
                    -0.4237354099750519,
                    -1.708132028579712
                ],
                [
                    0.0,
                    0.0,
                    0.0,
                    1.0
                ]
            ]
        },
        {
            "file_path": "/data/shapenet_blender/all_50_random/02958343/88aae5646dcad7062a9eb0f146e94477/r_6",
            "rotation": 0.12566370614359174,
            "transform_matrix": [
                [
                    0.028157690539956093,
                    0.07817422598600388,
                    0.9965418577194214,
                    4.017189025878906
                ],
                [
                    0.9996035099029541,
                    -0.002202078700065613,
                    -0.0280714463442564,
                    -0.11315962672233582
                ],
                [
                    0.0,
                    0.9969371557235718,
                    -0.07820524275302887,
                    -0.31525543332099915
                ],
                [
                    0.0,
                    0.0,
                    0.0,
                    1.0
                ]
            ]
        },
        {
            "file_path": "/data/shapenet_blender/all_50_random/02958343/88aae5646dcad7062a9eb0f146e94477/r_7",
            "rotation": 0.12566370614359174,
            "transform_matrix": [
                [
                    -0.1666266918182373,
                    -0.10956988483667374,
                    -0.9799132347106934,
                    -3.9501564502716064
                ],
                [
                    -0.986020028591156,
                    0.018516123294830322,
                    0.16559471189975739,
                    0.6675336360931396
                ],
                [
                    0.0,
                    0.9938066601753235,
                    -0.11112336814403534,
                    -0.44795259833335876
                ],
                [
                    0.0,
                    0.0,
                    0.0,
                    1.0
                ]
            ]
        },
        {
            "file_path": "/data/shapenet_blender/all_50_random/02958343/88aae5646dcad7062a9eb0f146e94477/r_8",
            "rotation": 0.12566370614359174,
            "transform_matrix": [
                [
                    0.5908112525939941,
                    0.5129087567329407,
                    -0.6227892637252808,
                    -2.5105440616607666
                ],
                [
                    -0.8068097233772278,
                    0.37559324502944946,
                    -0.4560566246509552,
                    -1.8384231328964233
                ],
                [
                    1.4901161193847656e-08,
                    0.7719159722328186,
                    0.6357244849205017,
                    2.562687635421753
                ],
                [
                    0.0,
                    0.0,
                    0.0,
                    1.0
                ]
            ]
        },
        {
            "file_path": "/data/shapenet_blender/all_50_random/02958343/88aae5646dcad7062a9eb0f146e94477/r_9",
            "rotation": 0.12566370614359174,
            "transform_matrix": [
                [
                    0.5918498635292053,
                    -0.15794722735881805,
                    -0.7904216647148132,
                    -3.1862916946411133
                ],
                [
                    -0.8060483336448669,
                    -0.11597449332475662,
                    -0.5803758502006531,
                    -2.3395698070526123
                ],
                [
                    0.0,
                    0.9806133508682251,
                    -0.19595256447792053,
                    -0.789910078048706
                ],
                [
                    0.0,
                    0.0,
                    0.0,
                    1.0
                ]
            ]
        },
        {
            "file_path": "/data/shapenet_blender/all_50_random/02958343/88aae5646dcad7062a9eb0f146e94477/r_10",
            "rotation": 0.12566370614359174,
            "transform_matrix": [
                [
                    -0.4330844283103943,
                    -0.4319293797016144,
                    -0.791122555732727,
                    -3.189116954803467
                ],
                [
                    -0.9013533592224121,
                    0.20753446221351624,
                    0.3801204562187195,
                    1.5323145389556885
                ],
                [
                    0.0,
                    0.8777051568031311,
                    -0.47920092940330505,
                    -1.9317207336425781
                ],
                [
                    0.0,
                    0.0,
                    0.0,
                    1.0
                ]
            ]
        },
        {
            "file_path": "/data/shapenet_blender/all_50_random/02958343/88aae5646dcad7062a9eb0f146e94477/r_11",
            "rotation": 0.12566370614359174,
            "transform_matrix": [
                [
                    0.9457377195358276,
                    -0.007491915486752987,
                    -0.32484474778175354,
                    -1.3094910383224487
                ],
                [
                    -0.32493114471435547,
                    -0.021805809810757637,
                    -0.9454862475395203,
                    -3.8113770484924316
                ],
                [
                    0.0,
                    0.9997341632843018,
                    -0.023056933656334877,
                    -0.09294547140598297
                ],
                [
                    0.0,
                    0.0,
                    0.0,
                    1.0
                ]
            ]
        },
        {
            "file_path": "/data/shapenet_blender/all_50_random/02958343/88aae5646dcad7062a9eb0f146e94477/r_12",
            "rotation": 0.12566370614359174,
            "transform_matrix": [
                [
                    -0.8286789059638977,
                    0.23289087414741516,
                    0.5089726448059082,
                    2.051734447479248
                ],
                [
                    0.5597243309020996,
                    0.34479784965515137,
                    0.7535403966903687,
                    3.037618398666382
                ],
                [
                    1.4901161193847656e-08,
                    0.9093273878097534,
                    -0.41608139872550964,
                    -1.6772778034210205
                ],
                [
                    0.0,
                    0.0,
                    0.0,
                    1.0
                ]
            ]
        },
        {
            "file_path": "/data/shapenet_blender/all_50_random/02958343/88aae5646dcad7062a9eb0f146e94477/r_13",
            "rotation": 0.12566370614359174,
            "transform_matrix": [
                [
                    0.6102572083473206,
                    0.30372464656829834,
                    -0.7316674590110779,
                    -2.949446201324463
                ],
                [
                    -0.7922033667564392,
                    0.23396794497966766,
                    -0.5636246800422668,
                    -2.2720439434051514
                ],
                [
                    1.4901161193847656e-08,
                    0.9235855340957642,
                    0.3833922743797302,
                    1.545503854751587
                ],
                [
                    0.0,
                    0.0,
                    0.0,
                    1.0
                ]
            ]
        },
        {
            "file_path": "/data/shapenet_blender/all_50_random/02958343/88aae5646dcad7062a9eb0f146e94477/r_14",
            "rotation": 0.12566370614359174,
            "transform_matrix": [
                [
                    -0.9655576944351196,
                    0.051185492426157,
                    0.2551046907901764,
                    1.0283598899841309
                ],
                [
                    0.26018908619880676,
                    0.18994857370853424,
                    0.9466896057128906,
                    3.816227912902832
                ],
                [
                    0.0,
                    0.9804588556289673,
                    -0.19672422111034393,
                    -0.7930207252502441
                ],
                [
                    0.0,
                    0.0,
                    0.0,
                    1.0
                ]
            ]
        },
        {
            "file_path": "/data/shapenet_blender/all_50_random/02958343/88aae5646dcad7062a9eb0f146e94477/r_15",
            "rotation": 0.12566370614359174,
            "transform_matrix": [
                [
                    0.8478594422340393,
                    -0.07612902671098709,
                    -0.5247272253036499,
                    -2.1152431964874268
                ],
                [
                    -0.5302209854125977,
                    -0.12173549830913544,
                    -0.8390745520591736,
                    -3.382417678833008
                ],
                [
                    -7.450580596923828e-09,
                    0.9896386861801147,
                    -0.14357981085777283,
                    -0.5787887573242188
                ],
                [
                    0.0,
                    0.0,
                    0.0,
                    1.0
                ]
            ]
        },
        {
            "file_path": "/data/shapenet_blender/all_50_random/02958343/88aae5646dcad7062a9eb0f146e94477/r_16",
            "rotation": 0.12566370614359174,
            "transform_matrix": [
                [
                    -0.6732007265090942,
                    -0.5520961880683899,
                    -0.49192535877227783,
                    -1.9830145835876465
                ],
                [
                    -0.7394598126411438,
                    0.5026257038116455,
                    0.44784650206565857,
                    1.8053269386291504
                ],
                [
                    -1.4901162970204496e-08,
                    0.6652495265007019,
                    -0.7466210126876831,
                    -3.009725570678711
                ],
                [
                    0.0,
                    0.0,
                    0.0,
                    1.0
                ]
            ]
        },
        {
            "file_path": "/data/shapenet_blender/all_50_random/02958343/88aae5646dcad7062a9eb0f146e94477/r_17",
            "rotation": 0.12566370614359174,
            "transform_matrix": [
                [
                    -0.9224313497543335,
                    0.22104033827781677,
                    0.31664127111434937,
                    1.2764217853546143
                ],
                [
                    0.38616132736206055,
                    0.5280035138130188,
                    0.7563674449920654,
                    3.0490148067474365
                ],
                [
                    1.4901162970204496e-08,
                    0.8199716210365295,
                    -0.572404146194458,
                    -2.3074350357055664
                ],
                [
                    0.0,
                    0.0,
                    0.0,
                    1.0
                ]
            ]
        },
        {
            "file_path": "/data/shapenet_blender/all_50_random/02958343/88aae5646dcad7062a9eb0f146e94477/r_18",
            "rotation": 0.12566370614359174,
            "transform_matrix": [
                [
                    0.014225062914192677,
                    -0.3496069312095642,
                    -0.9367884397506714,
                    -3.776315212249756
                ],
                [
                    -0.9998989105224609,
                    -0.004973683040589094,
                    -0.013327221386134624,
                    -0.05372375249862671
                ],
                [
                    4.656612873077393e-10,
                    0.9368833303451538,
                    -0.34964224696159363,
                    -1.4094531536102295
                ],
                [
                    0.0,
                    0.0,
                    0.0,
                    1.0
                ]
            ]
        },
        {
            "file_path": "/data/shapenet_blender/all_50_random/02958343/88aae5646dcad7062a9eb0f146e94477/r_19",
            "rotation": 0.12566370614359174,
            "transform_matrix": [
                [
                    -0.9614444375038147,
                    0.006235421635210514,
                    0.27492839097976685,
                    1.1082717180252075
                ],
                [
                    0.27499905228614807,
                    0.021800115704536438,
                    0.9611973762512207,
                    3.8747100830078125
                ],
                [
                    4.656612040410124e-10,
                    0.9997429847717285,
                    -0.022674335166811943,
                    -0.09140315651893616
                ],
                [
                    0.0,
                    0.0,
                    0.0,
                    1.0
                ]
            ]
        },
        {
            "file_path": "/data/shapenet_blender/all_50_random/02958343/88aae5646dcad7062a9eb0f146e94477/r_20",
            "rotation": 0.12566370614359174,
            "transform_matrix": [
                [
                    -0.18114693462848663,
                    0.06229696422815323,
                    -0.9814808964729309,
                    -3.9564762115478516
                ],
                [
                    -0.9834560751914978,
                    -0.01147474069148302,
                    0.18078312277793884,
                    0.7287601232528687
                ],
                [
                    9.313225746154785e-10,
                    0.997991681098938,
                    0.06334493309259415,
                    0.25535163283348083
                ],
                [
                    0.0,
                    0.0,
                    0.0,
                    1.0
                ]
            ]
        },
        {
            "file_path": "/data/shapenet_blender/all_50_random/02958343/88aae5646dcad7062a9eb0f146e94477/r_21",
            "rotation": 0.12566370614359174,
            "transform_matrix": [
                [
                    -0.346282422542572,
                    0.10059867799282074,
                    0.932720959186554,
                    3.759918451309204
                ],
                [
                    0.9381303191184998,
                    0.03713295981287956,
                    0.3442857265472412,
                    1.3878601789474487
                ],
                [
                    -3.725290298461914e-09,
                    0.9942338466644287,
                    -0.10723317414522171,
                    -0.43227076530456543
                ],
                [
                    0.0,
                    0.0,
                    0.0,
                    1.0
                ]
            ]
        },
        {
            "file_path": "/data/shapenet_blender/all_50_random/02958343/88aae5646dcad7062a9eb0f146e94477/r_22",
            "rotation": 0.12566370614359174,
            "transform_matrix": [
                [
                    0.9808797836303711,
                    -0.14599530398845673,
                    -0.12868660688400269,
                    -0.5187522172927856
                ],
                [
                    -0.19461466372013092,
                    -0.735832691192627,
                    -0.6485949158668518,
                    -2.6145694255828857
                ],
                [
                    0.0,
                    0.6612379550933838,
                    -0.7501763105392456,
                    -3.024057149887085
                ],
                [
                    0.0,
                    0.0,
                    0.0,
                    1.0
                ]
            ]
        },
        {
            "file_path": "/data/shapenet_blender/all_50_random/02958343/88aae5646dcad7062a9eb0f146e94477/r_23",
            "rotation": 0.12566370614359174,
            "transform_matrix": [
                [
                    -0.10996494442224503,
                    -0.4487670063972473,
                    -0.886857271194458,
                    -3.57503604888916
                ],
                [
                    -0.9939354658126831,
                    0.04964974522590637,
                    0.09811825305223465,
                    0.39552733302116394
                ],
                [
                    3.725290298461914e-09,
                    0.8922684192657471,
                    -0.45150521397590637,
                    -1.8200757503509521
                ],
                [
                    0.0,
                    0.0,
                    0.0,
                    1.0
                ]
            ]
        },
        {
            "file_path": "/data/shapenet_blender/all_50_random/02958343/88aae5646dcad7062a9eb0f146e94477/r_24",
            "rotation": 0.12566370614359174,
            "transform_matrix": [
                [
                    0.7991231679916382,
                    -0.0460880845785141,
                    0.5993980169296265,
                    2.4162509441375732
                ],
                [
                    0.6011673212051392,
                    0.06126422807574272,
                    -0.796771228313446,
                    -3.211887836456299
                ],
                [
                    0.0,
                    0.9970569610595703,
                    0.07666429877281189,
                    0.3090437054634094
                ],
                [
                    0.0,
                    0.0,
                    0.0,
                    1.0
                ]
            ]
        },
        {
            "file_path": "/data/shapenet_blender/all_50_random/02958343/88aae5646dcad7062a9eb0f146e94477/r_25",
            "rotation": 0.12566370614359174,
            "transform_matrix": [
                [
                    -0.13886122405529022,
                    0.48930951952934265,
                    -0.8609841465950012,
                    -3.470738172531128
                ],
                [
                    -0.990311861038208,
                    -0.06861083209514618,
                    0.12072692811489105,
                    0.486665815114975
                ],
                [
                    -3.725290298461914e-09,
                    0.8694071769714355,
                    0.49409639835357666,
                    1.991766333580017
                ],
                [
                    0.0,
                    0.0,
                    0.0,
                    1.0
                ]
            ]
        },
        {
            "file_path": "/data/shapenet_blender/all_50_random/02958343/88aae5646dcad7062a9eb0f146e94477/r_26",
            "rotation": 0.12566370614359174,
            "transform_matrix": [
                [
                    -0.9804236888885498,
                    0.00045567427878268063,
                    0.19689878821372986,
                    0.7937244176864624
                ],
                [
                    0.19689930975437164,
                    0.002268945798277855,
                    0.9804210662841797,
                    3.9522037506103516
                ],
                [
                    -2.9103828722010228e-11,
                    0.9999973177909851,
                    -0.002314249984920025,
                    -0.00932904053479433
                ],
                [
                    0.0,
                    0.0,
                    0.0,
                    1.0
                ]
            ]
        },
        {
            "file_path": "/data/shapenet_blender/all_50_random/02958343/88aae5646dcad7062a9eb0f146e94477/r_27",
            "rotation": 0.12566370614359174,
            "transform_matrix": [
                [
                    0.19479043781757355,
                    -0.091352179646492,
                    0.976581335067749,
                    3.9367258548736572
                ],
                [
                    0.9808449149131775,
                    0.01814204454421997,
                    -0.19394370913505554,
                    -0.7818121910095215
                ],
                [
                    -1.862645149230957e-09,
                    0.9956534504890442,
                    0.09313619136810303,
                    0.3754440248012543
                ],
                [
                    0.0,
                    0.0,
                    0.0,
                    1.0
                ]
            ]
        },
        {
            "file_path": "/data/shapenet_blender/all_50_random/02958343/88aae5646dcad7062a9eb0f146e94477/r_28",
            "rotation": 0.12566370614359174,
            "transform_matrix": [
                [
                    0.20476782321929932,
                    0.4296809732913971,
                    -0.8794567584991455,
                    -3.545203924179077
                ],
                [
                    -0.9788106083869934,
                    0.0898895412683487,
                    -0.1839829385280609,
                    -0.7416589856147766
                ],
                [
                    -7.450580596923828e-09,
                    0.8984954357147217,
                    0.4389827251434326,
                    1.7695960998535156
                ],
                [
                    0.0,
                    0.0,
                    0.0,
                    1.0
                ]
            ]
        },
        {
            "file_path": "/data/shapenet_blender/all_50_random/02958343/88aae5646dcad7062a9eb0f146e94477/r_29",
            "rotation": 0.12566370614359174,
            "transform_matrix": [
                [
                    0.98578280210495,
                    0.1053411141037941,
                    -0.1309022158384323,
                    -0.5276837348937988
                ],
                [
                    -0.1680242121219635,
                    0.6180267333984375,
                    -0.7679914236068726,
                    -3.095872402191162
                ],
                [
                    0.0,
                    0.7790675759315491,
                    0.6269400119781494,
                    2.527276039123535
                ],
                [
                    0.0,
                    0.0,
                    0.0,
                    1.0
                ]
            ]
        },
        {
            "file_path": "/data/shapenet_blender/all_50_random/02958343/88aae5646dcad7062a9eb0f146e94477/r_30",
            "rotation": 0.12566370614359174,
            "transform_matrix": [
                [
                    0.9976743459701538,
                    -0.0534944050014019,
                    -0.04224163666367531,
                    -0.17028149962425232
                ],
                [
                    -0.06816163659095764,
                    -0.7829917669296265,
                    -0.6182861924171448,
                    -2.492391586303711
                ],
                [
                    -3.725290298461914e-09,
                    0.6197274923324585,
                    -0.7848169803619385,
                    -3.163698673248291
                ],
                [
                    0.0,
                    0.0,
                    0.0,
                    1.0
                ]
            ]
        },
        {
            "file_path": "/data/shapenet_blender/all_50_random/02958343/88aae5646dcad7062a9eb0f146e94477/r_31",
            "rotation": 0.12566370614359174,
            "transform_matrix": [
                [
                    -0.9729833006858826,
                    -0.05098803713917732,
                    -0.2251746952533722,
                    -0.9077082276344299
                ],
                [
                    -0.23087532818317413,
                    0.2148800790309906,
                    0.9489589929580688,
                    3.825376033782959
                ],
                [
                    0.0,
                    0.9753085970878601,
                    -0.22084660828113556,
                    -0.890261173248291
                ],
                [
                    0.0,
                    0.0,
                    0.0,
                    1.0
                ]
            ]
        },
        {
            "file_path": "/data/shapenet_blender/all_50_random/02958343/88aae5646dcad7062a9eb0f146e94477/r_32",
            "rotation": 0.12566370614359174,
            "transform_matrix": [
                [
                    0.8907195925712585,
                    0.4015806317329407,
                    -0.21295922994613647,
                    -0.8584660887718201
                ],
                [
                    -0.4545532464981079,
                    0.7869171500205994,
                    -0.4173041880130768,
                    -1.6822069883346558
                ],
                [
                    0.0,
                    0.4685022830963135,
                    0.8834622502326965,
                    3.5613503456115723
                ],
                [
                    0.0,
                    0.0,
                    0.0,
                    1.0
                ]
            ]
        },
        {
            "file_path": "/data/shapenet_blender/all_50_random/02958343/88aae5646dcad7062a9eb0f146e94477/r_33",
            "rotation": 0.12566370614359174,
            "transform_matrix": [
                [
                    0.9960307478904724,
                    -0.0076087238267064095,
                    0.0886840969324112,
                    0.35749703645706177
                ],
                [
                    0.08900988847017288,
                    0.08514247089624405,
                    -0.9923850297927856,
                    -4.000432014465332
                ],
                [
                    0.0,
                    0.9963396787643433,
                    0.08548178523778915,
                    0.34458810091018677
                ],
                [
                    0.0,
                    0.0,
                    0.0,
                    1.0
                ]
            ]
        },
        {
            "file_path": "/data/shapenet_blender/all_50_random/02958343/88aae5646dcad7062a9eb0f146e94477/r_34",
            "rotation": 0.12566370614359174,
            "transform_matrix": [
                [
                    -0.13596361875534058,
                    0.8348353505134583,
                    0.5334450006484985,
                    2.150385856628418
                ],
                [
                    0.990713894367218,
                    0.11457115411758423,
                    0.07320893555879593,
                    0.2951146960258484
                ],
                [
                    -3.725290742551124e-09,
                    0.5384451150894165,
                    -0.8426604866981506,
                    -3.3968732357025146
                ],
                [
                    0.0,
                    0.0,
                    0.0,
                    1.0
                ]
            ]
        },
        {
            "file_path": "/data/shapenet_blender/all_50_random/02958343/88aae5646dcad7062a9eb0f146e94477/r_35",
            "rotation": 0.12566370614359174,
            "transform_matrix": [
                [
                    -0.8283353447914124,
                    0.285200834274292,
                    -0.4822044372558594,
                    -1.9438282251358032
                ],
                [
                    -0.5602326989173889,
                    -0.4216853678226471,
                    0.7129662036895752,
                    2.874058723449707
                ],
                [
                    1.4901161193847656e-08,
                    0.8607218265533447,
                    0.5090756416320801,
                    2.052149534225464
                ],
                [
                    0.0,
                    0.0,
                    0.0,
                    1.0
                ]
            ]
        },
        {
            "file_path": "/data/shapenet_blender/all_50_random/02958343/88aae5646dcad7062a9eb0f146e94477/r_36",
            "rotation": 0.12566370614359174,
            "transform_matrix": [
                [
                    -0.6655235886573792,
                    0.29260969161987305,
                    -0.6866278648376465,
                    -2.767885684967041
                ],
                [
                    -0.7463768720626831,
                    -0.2609119713306427,
                    0.6122470498085022,
                    2.4680471420288086
                ],
                [
                    -1.4901161193847656e-08,
                    0.9199480414390564,
                    0.3920401632785797,
                    1.5803645849227905
                ],
                [
                    0.0,
                    0.0,
                    0.0,
                    1.0
                ]
            ]
        },
        {
            "file_path": "/data/shapenet_blender/all_50_random/02958343/88aae5646dcad7062a9eb0f146e94477/r_37",
            "rotation": 0.12566370614359174,
            "transform_matrix": [
                [
                    0.25063854455947876,
                    0.826687216758728,
                    0.5037542581558228,
                    2.030698537826538
                ],
                [
                    0.9680806994438171,
                    -0.2140314131975174,
                    -0.13042326271533966,
                    -0.5257530212402344
                ],
                [
                    -7.450580596923828e-09,
                    0.5203638672828674,
                    -0.8539444804191589,
                    -3.4423606395721436
                ],
                [
                    0.0,
                    0.0,
                    0.0,
                    1.0
                ]
            ]
        },
        {
            "file_path": "/data/shapenet_blender/all_50_random/02958343/88aae5646dcad7062a9eb0f146e94477/r_38",
            "rotation": 0.12566370614359174,
            "transform_matrix": [
                [
                    0.7681249380111694,
                    -0.01921999827027321,
                    0.6400114893913269,
                    2.5799691677093506
                ],
                [
                    0.6403000950813293,
                    0.023056937381625175,
                    -0.7677786946296692,
                    -3.095015048980713
                ],
                [
                    0.0,
                    0.999549388885498,
                    0.030017171055078506,
                    0.12100309133529663
                ],
                [
                    0.0,
                    0.0,
                    0.0,
                    1.0
                ]
            ]
        },
        {
            "file_path": "/data/shapenet_blender/all_50_random/02958343/88aae5646dcad7062a9eb0f146e94477/r_39",
            "rotation": 0.12566370614359174,
            "transform_matrix": [
                [
                    0.9961071610450745,
                    0.016332797706127167,
                    0.08662466704845428,
                    0.3491952121257782
                ],
                [
                    0.08815097063779831,
                    -0.1845608502626419,
                    -0.9788599014282227,
                    -3.9459104537963867
                ],
                [
                    1.862645149230957e-09,
                    0.982685387134552,
                    -0.1852821260690689,
                    -0.7468961477279663
                ],
                [
                    0.0,
                    0.0,
                    0.0,
                    1.0
                ]
            ]
        },
        {
            "file_path": "/data/shapenet_blender/all_50_random/02958343/88aae5646dcad7062a9eb0f146e94477/r_40",
            "rotation": 0.12566370614359174,
            "transform_matrix": [
                [
                    -0.8031163215637207,
                    0.23256811499595642,
                    0.5485584139823914,
                    2.2113096714019775
                ],
                [
                    0.5958223938941956,
                    0.3134813904762268,
                    0.7394086122512817,
                    2.980651378631592
                ],
                [
                    0.0,
                    0.9206743240356445,
                    -0.39033135771751404,
                    -1.5734760761260986
                ],
                [
                    0.0,
                    0.0,
                    0.0,
                    1.0
                ]
            ]
        },
        {
            "file_path": "/data/shapenet_blender/all_50_random/02958343/88aae5646dcad7062a9eb0f146e94477/r_41",
            "rotation": 0.12566370614359174,
            "transform_matrix": [
                [
                    -0.7693182826042175,
                    -0.19682945311069489,
                    -0.607789158821106,
                    -2.4500765800476074
                ],
                [
                    -0.6388657689094543,
                    0.237020805478096,
                    0.731895923614502,
