{
    "class": "02958343",
    "model": "b10794a03c59e42d32a4e3dd3a89488f",
    "remove_doubles": true,
    "edge_split": true,
    "denoise": true,
    "camera_angle_x": 0.6911112070083618,
    "scale_factor": 2.2347342522661076,
    "hdri_file": "/data/IndoorHDRDataset2018/9C4A4626-582fd7757c.exr",
    "center_offset": [
        0.0,
        0.0,
        -9.313225746154785e-10
    ],
    "lights": [],
    "frames": [
        {
            "file_path": "/data/shapenet_blender/all_50_random/02958343/b10794a03c59e42d32a4e3dd3a89488f/r_0",
            "rotation": 0.12566370614359174,
            "transform_matrix": [
                [
                    -0.018435444682836533,
                    -0.8315277099609375,
                    -0.5551771521568298,
                    -2.2379908561706543
                ],
                [
                    -0.9998300671577454,
                    0.015332188457250595,
                    0.010236676782369614,
                    0.04126536846160889
                ],
                [
                    9.313225746154785e-10,
                    0.555271565914154,
                    -0.8316690325737,
                    -3.352565288543701
                ],
                [
                    0.0,
                    0.0,
                    0.0,
                    1.0
                ]
            ]
        },
        {
            "file_path": "/data/shapenet_blender/all_50_random/02958343/b10794a03c59e42d32a4e3dd3a89488f/r_1",
            "rotation": 0.12566370614359174,
            "transform_matrix": [
                [
                    -0.7210510969161987,
                    0.17490267753601074,
                    -0.6704433560371399,
                    -2.702643871307373
                ],
                [
                    -0.6928819417953491,
                    -0.1820133626461029,
                    0.6977002620697021,
                    2.8125200271606445
                ],
                [
                    -7.450581485102248e-09,
                    0.9676157236099243,
                    0.2524277865886688,
                    1.0175690650939941
                ],
                [
                    0.0,
                    0.0,
                    0.0,
                    1.0
                ]
            ]
        },
        {
            "file_path": "/data/shapenet_blender/all_50_random/02958343/b10794a03c59e42d32a4e3dd3a89488f/r_2",
            "rotation": 0.12566370614359174,
            "transform_matrix": [
                [
                    0.954650342464447,
                    -0.17137323319911957,
                    0.24346226453781128,
                    0.981427788734436
                ],
                [
                    0.2977291941642761,
                    0.549497663974762,
                    -0.780646800994873,
                    -3.146888017654419
                ],
                [
                    2.9802322387695312e-08,
                    0.8177306056022644,
                    0.5756011009216309,
                    2.320322275161743
                ],
                [
                    0.0,
                    0.0,
                    0.0,
                    1.0
                ]
            ]
        },
        {
            "file_path": "/data/shapenet_blender/all_50_random/02958343/b10794a03c59e42d32a4e3dd3a89488f/r_3",
            "rotation": 0.12566370614359174,
            "transform_matrix": [
                [
                    0.4521957337856293,
                    -0.6040403246879578,
                    -0.6562425494194031,
                    -2.6453983783721924
                ],
                [
                    -0.8919187784194946,
                    -0.3062436580657959,
                    -0.33270975947380066,
                    -1.3411959409713745
                ],
                [
                    0.0,
                    0.7357650399208069,
                    -0.6772369146347046,
                    -2.730029344558716
                ],
                [
                    0.0,
                    0.0,
                    0.0,
                    1.0
                ]
            ]
        },
        {
            "file_path": "/data/shapenet_blender/all_50_random/02958343/b10794a03c59e42d32a4e3dd3a89488f/r_4",
            "rotation": 0.12566370614359174,
            "transform_matrix": [
                [
                    -0.5871996283531189,
                    0.050459083169698715,
                    0.8078678846359253,
                    3.256619691848755
                ],
                [
                    0.8094421625137329,
                    0.036604903638362885,
                    0.5860575437545776,
                    2.362473487854004
                ],
                [
                    -1.862645149230957e-09,
                    0.9980550408363342,
                    -0.062338098883628845,
                    -0.2512929141521454
                ],
                [
                    0.0,
                    0.0,
                    0.0,
                    1.0
                ]
            ]
        },
        {
            "file_path": "/data/shapenet_blender/all_50_random/02958343/b10794a03c59e42d32a4e3dd3a89488f/r_5",
            "rotation": 0.12566370614359174,
            "transform_matrix": [
                [
                    0.9255776405334473,
                    -0.0442810021340847,
                    -0.375959187746048,
                    -1.5155400037765503
                ],
                [
                    -0.3785580098628998,
                    -0.10826744139194489,
                    -0.9192235469818115,
                    -3.7055087089538574
                ],
                [
                    0.0,
                    0.9931350946426392,
                    -0.11697284132242203,
                    -0.4715326130390167
                ],
                [
                    0.0,
                    0.0,
                    0.0,
                    1.0
                ]
            ]
        },
        {
            "file_path": "/data/shapenet_blender/all_50_random/02958343/b10794a03c59e42d32a4e3dd3a89488f/r_6",
            "rotation": 0.12566370614359174,
            "transform_matrix": [
                [
                    0.12167920172214508,
                    0.4790598750114441,
                    -0.8693075776100159,
                    -3.504291296005249
                ],
                [
                    -0.9925695061683655,
                    0.05872800573706627,
                    -0.10656851530075073,
                    -0.42959147691726685
                ],
                [
                    3.725290076417309e-09,
                    0.8758153915405273,
                    0.482646107673645,
                    1.9456089735031128
                ],
                [
                    0.0,
                    0.0,
                    0.0,
                    1.0
                ]
            ]
        },
        {
            "file_path": "/data/shapenet_blender/all_50_random/02958343/b10794a03c59e42d32a4e3dd3a89488f/r_7",
            "rotation": 0.12566370614359174,
            "transform_matrix": [
                [
                    0.8765408992767334,
                    0.3765854835510254,
                    0.2997656762599945,
                    1.2083940505981445
                ],
                [
                    0.48132747411727905,
                    -0.6857962608337402,
                    -0.5459004640579224,
                    -2.2005951404571533
                ],
                [
                    -1.4901162970204496e-08,
                    0.6227895617485046,
                    -0.7823894023895264,
                    -3.1539125442504883
                ],
                [
                    0.0,
                    0.0,
                    0.0,
                    1.0
                ]
            ]
        },
        {
            "file_path": "/data/shapenet_blender/all_50_random/02958343/b10794a03c59e42d32a4e3dd3a89488f/r_8",
            "rotation": 0.12566370614359174,
            "transform_matrix": [
                [
                    0.02123953588306904,
                    0.9256030917167664,
                    -0.37789905071258545,
                    -1.523359775543213
                ],
                [
                    -0.9997744560241699,
                    0.019663816317915916,
                    -0.008028212003409863,
                    -0.03236275911331177
                ],
                [
                    -4.656613428188905e-10,
                    0.37798431515693665,
                    0.9258120059967041,
                    3.732067584991455
                ],
                [
                    0.0,
                    0.0,
                    0.0,
                    1.0
                ]
            ]
        },
        {
            "file_path": "/data/shapenet_blender/all_50_random/02958343/b10794a03c59e42d32a4e3dd3a89488f/r_9",
            "rotation": 0.12566370614359174,
            "transform_matrix": [
                [
                    0.14284518361091614,
                    -0.3487977087497711,
                    0.9262480139732361,
                    3.733825206756592
                ],
                [
                    0.9897451400756836,
                    0.05034030228853226,
                    -0.13368093967437744,
                    -0.5388851165771484
                ],
                [
                    3.725290742551124e-09,
                    0.9358450174331665,
                    0.352411687374115,
                    1.4206169843673706
                ],
                [
                    0.0,
                    0.0,
                    0.0,
                    1.0
                ]
            ]
        },
        {
            "file_path": "/data/shapenet_blender/all_50_random/02958343/b10794a03c59e42d32a4e3dd3a89488f/r_10",
            "rotation": 0.12566370614359174,
            "transform_matrix": [
                [
                    0.5199812054634094,
                    -0.022118017077445984,
                    0.8538913130760193,
                    3.442145586013794
                ],
                [
                    0.8541775941848755,
                    0.013464358635246754,
                    -0.519806981086731,
                    -2.0954086780548096
                ],
                [
                    9.313225191043273e-10,
                    0.9996645450592041,
                    0.025893937796354294,
                    0.10438179224729538
                ],
                [
                    0.0,
                    0.0,
                    0.0,
                    1.0
                ]
            ]
        },
        {
            "file_path": "/data/shapenet_blender/all_50_random/02958343/b10794a03c59e42d32a4e3dd3a89488f/r_11",
            "rotation": 0.12566370614359174,
            "transform_matrix": [
                [
                    -0.018052397295832634,
                    -0.7108849287033081,
                    0.7030765414237976,
                    2.8341925144195557
                ],
                [
                    0.9998369812965393,
                    -0.012835269793868065,
                    0.012694288045167923,
                    0.05117231607437134
                ],
                [
                    -9.313225191043273e-10,
                    0.7031911611557007,
                    0.7110007405281067,
                    2.866135835647583
                ],
                [
                    0.0,
                    0.0,
                    0.0,
                    1.0
                ]
            ]
        },
        {
            "file_path": "/data/shapenet_blender/all_50_random/02958343/b10794a03c59e42d32a4e3dd3a89488f/r_12",
            "rotation": 0.12566370614359174,
            "transform_matrix": [
                [
                    0.991101861000061,
                    -0.0077748955227434635,
                    0.132878839969635,
                    0.535651683807373
                ],
                [
                    0.13310611248016357,
                    0.05789151042699814,
                    -0.9894096255302429,
                    -3.9884374141693115
                ],
                [
                    -4.656613428188905e-10,
                    0.9982925057411194,
                    0.05841127410531044,
                    0.23546335101127625
                ],
                [
                    0.0,
                    0.0,
                    0.0,
                    1.0
                ]
            ]
        },
        {
            "file_path": "/data/shapenet_blender/all_50_random/02958343/b10794a03c59e42d32a4e3dd3a89488f/r_13",
            "rotation": 0.12566370614359174,
            "transform_matrix": [
                [
                    0.7366338968276978,
                    -0.3182201087474823,
                    0.596746563911438,
                    2.405562400817871
                ],
                [
                    0.6762917637825012,
                    0.3466132879257202,
                    -0.6499912738800049,
                    -2.6201987266540527
                ],
                [
                    0.0,
                    0.8823803067207336,
                    0.4705367386341095,
                    1.896794319152832
                ],
                [
                    0.0,
                    0.0,
                    0.0,
                    1.0
                ]
            ]
        },
        {
            "file_path": "/data/shapenet_blender/all_50_random/02958343/b10794a03c59e42d32a4e3dd3a89488f/r_14",
            "rotation": 0.12566370614359174,
            "transform_matrix": [
                [
                    -0.31532812118530273,
                    -0.04642584174871445,
                    -0.9478464722633362,
                    -3.8208909034729004
                ],
                [
                    -0.9489826560020447,
                    0.015426388941705227,
                    0.3149506151676178,
                    1.269606351852417
                ],
                [
                    9.313223525708736e-10,
                    0.998802661895752,
                    -0.048921700567007065,
                    -0.1972096562385559
                ],
                [
                    0.0,
                    0.0,
                    0.0,
                    1.0
                ]
            ]
        },
        {
            "file_path": "/data/shapenet_blender/all_50_random/02958343/b10794a03c59e42d32a4e3dd3a89488f/r_15",
            "rotation": 0.12566370614359174,
            "transform_matrix": [
                [
                    0.9574538469314575,
                    0.054967887699604034,
                    -0.28330332040786743,
                    -1.142032265663147
                ],
                [
                    -0.28858664631843567,
                    0.18236885964870453,
                    -0.9399251937866211,
                    -3.7889597415924072
                ],
                [
                    3.725290742551124e-09,
                    0.9816924333572388,
                    0.1904727667570114,
                    0.7678202986717224
                ],
                [
                    0.0,
                    0.0,
                    0.0,
                    1.0
                ]
            ]
        },
        {
            "file_path": "/data/shapenet_blender/all_50_random/02958343/b10794a03c59e42d32a4e3dd3a89488f/r_16",
            "rotation": 0.12566370614359174,
            "transform_matrix": [
                [
                    -0.25462377071380615,
                    0.17948663234710693,
                    0.9502374529838562,
                    3.8305296897888184
                ],
                [
                    0.9670402407646179,
                    0.047259218990802765,
                    0.2501995861530304,
                    1.0085867643356323
                ],
                [
                    0.0,
                    0.9826245307922363,
                    -0.18560411036014557,
                    -0.7481940984725952
                ],
                [
                    0.0,
                    0.0,
                    0.0,
                    1.0
                ]
            ]
        },
        {
            "file_path": "/data/shapenet_blender/all_50_random/02958343/b10794a03c59e42d32a4e3dd3a89488f/r_17",
            "rotation": 0.12566370614359174,
            "transform_matrix": [
                [
                    -0.17765472829341888,
                    -0.6436129212379456,
                    0.744446873664856,
                    3.0009615421295166
                ],
                [
                    0.9840929508209229,
                    -0.11618909984827042,
                    0.13439229130744934,
                    0.5417526960372925
                ],
                [
                    -1.4901161193847656e-08,
                    0.75648033618927,
                    0.6540163159370422,
                    2.6364243030548096
                ],
                [
                    0.0,
                    0.0,
                    0.0,
                    1.0
                ]
            ]
        },
        {
            "file_path": "/data/shapenet_blender/all_50_random/02958343/b10794a03c59e42d32a4e3dd3a89488f/r_18",
            "rotation": 0.12566370614359174,
            "transform_matrix": [
                [
                    -0.3521665632724762,
                    0.16688752174377441,
                    0.9209383130073547,
                    3.712420701980591
                ],
                [
                    0.9359373450279236,
                    0.06279502063989639,
                    0.34652283787727356,
                    1.3968781232833862
                ],
                [
                    -7.450580596923828e-09,
                    0.9839741587638855,
                    -0.1783106029033661,
                    -0.7187929749488831
                ],
                [
                    0.0,
                    0.0,
                    0.0,
                    1.0
                ]
            ]
        },
        {
            "file_path": "/data/shapenet_blender/all_50_random/02958343/b10794a03c59e42d32a4e3dd3a89488f/r_19",
            "rotation": 0.12566370614359174,
            "transform_matrix": [
                [
                    -0.15741924941539764,
                    0.45999282598495483,
                    0.873856782913208,
                    3.522629499435425
                ],
                [
                    0.9875319600105286,
                    0.07332595437765121,
                    0.13929864764213562,
                    0.5615308880805969
                ],
                [
                    0.0,
                    0.8848896026611328,
                    -0.4658004939556122,
                    -1.877701997756958
                ],
                [
                    0.0,
                    0.0,
                    0.0,
                    1.0
                ]
            ]
        },
        {
            "file_path": "/data/shapenet_blender/all_50_random/02958343/b10794a03c59e42d32a4e3dd3a89488f/r_20",
            "rotation": 0.12566370614359174,
            "transform_matrix": [
                [
                    0.9341156482696533,
                    0.039004020392894745,
                    0.3548334538936615,
                    1.4303792715072632
                ],
                [
                    0.35697072744369507,
                    -0.10206513106822968,
                    -0.9285228848457336,
                    -3.742995023727417
                ],
                [
                    -3.7252898543727042e-09,
                    0.9940128922462463,
                    -0.10926391929388046,
                    -0.44045689702033997
                ],
                [
                    0.0,
                    0.0,
                    0.0,
                    1.0
                ]
            ]
        },
        {
            "file_path": "/data/shapenet_blender/all_50_random/02958343/b10794a03c59e42d32a4e3dd3a89488f/r_21",
            "rotation": 0.12566370614359174,
            "transform_matrix": [
                [
                    -0.05401698127388954,
                    -0.06299684941768646,
                    0.9965507388114929,
                    4.0172247886657715
                ],
                [
                    0.9985400438308716,
                    -0.003407875308766961,
                    0.053909365087747574,
                    0.21731561422348022
                ],
                [
                    2.3283067140944524e-10,
                    0.9980078339576721,
                    0.06308896094560623,
                    0.2543197572231293
                ],
                [
                    0.0,
                    0.0,
                    0.0,
                    1.0
                ]
            ]
        },
        {
            "file_path": "/data/shapenet_blender/all_50_random/02958343/b10794a03c59e42d32a4e3dd3a89488f/r_22",
            "rotation": 0.12566370614359174,
            "transform_matrix": [
                [
                    -0.2552233934402466,
                    -0.05035258084535599,
                    0.9655700922012329,
                    3.8923375606536865
                ],
                [
                    0.9668821692466736,
                    -0.01329133752733469,
                    0.2548770606517792,
                    1.0274423360824585
                ],
                [
                    0.0,
                    0.9986429810523987,
                    0.0520772747695446,
                    0.2099302113056183
                ],
                [
                    0.0,
                    0.0,
                    0.0,
                    1.0
                ]
            ]
        },
        {
            "file_path": "/data/shapenet_blender/all_50_random/02958343/b10794a03c59e42d32a4e3dd3a89488f/r_23",
            "rotation": 0.12566370614359174,
            "transform_matrix": [
                [
                    -0.9141589403152466,
                    -0.0016666884766891599,
                    -0.40535274147987366,
                    -1.6340291500091553
                ],
                [
                    -0.405356228351593,
                    0.003758714534342289,
                    0.914151132106781,
                    3.685060977935791
                ],
                [
                    0.0,
                    0.9999915361404419,
                    -0.0041116648353636265,
                    -0.01657465100288391
                ],
                [
                    0.0,
                    0.0,
                    0.0,
                    1.0
                ]
            ]
        },
        {
            "file_path": "/data/shapenet_blender/all_50_random/02958343/b10794a03c59e42d32a4e3dd3a89488f/r_24",
            "rotation": 0.12566370614359174,
            "transform_matrix": [
                [
                    0.46908193826675415,
                    -0.16254575550556183,
                    0.8680673837661743,
                    3.4992916584014893
                ],
                [
                    0.8831546902656555,
                    0.08633513003587723,
                    -0.46106839179992676,
                    -1.858626127243042
                ],
                [
                    0.0,
                    0.982916533946991,
                    0.1840513050556183,
                    0.7419345378875732
                ],
                [
                    0.0,
                    0.0,
                    0.0,
                    1.0
                ]
            ]
        },
        {
            "file_path": "/data/shapenet_blender/all_50_random/02958343/b10794a03c59e42d32a4e3dd3a89488f/r_25",
            "rotation": 0.12566370614359174,
            "transform_matrix": [
                [
                    -0.27280303835868835,
                    -0.21415431797504425,
                    -0.937932014465332,
                    -3.7809247970581055
                ],
                [
                    -0.9620699882507324,
                    0.06072524935007095,
                    0.2659584879875183,
                    1.0721129179000854
                ],
                [
                    -3.725290742551124e-09,
                    0.9749103784561157,
                    -0.22259746491909027,
                    -0.8973190784454346
                ],
                [
                    0.0,
                    0.0,
                    0.0,
                    1.0
                ]
            ]
        },
        {
            "file_path": "/data/shapenet_blender/all_50_random/02958343/b10794a03c59e42d32a4e3dd3a89488f/r_26",
            "rotation": 0.12566370614359174,
            "transform_matrix": [
                [
                    0.7342038154602051,
                    -0.0021234829910099506,
                    0.6789259314537048,
                    2.73683762550354
                ],
                [
                    0.6789292097091675,
                    0.0022963648661971092,
                    -0.7342002391815186,
                    -2.959655523300171
                ],
                [
                    1.1641532182693481e-10,
                    0.9999950528144836,
                    0.0031276950612664223,
                    0.012608140707015991
                ],
                [
                    0.0,
                    0.0,
                    0.0,
                    1.0
                ]
            ]
        },
        {
            "file_path": "/data/shapenet_blender/all_50_random/02958343/b10794a03c59e42d32a4e3dd3a89488f/r_27",
            "rotation": 0.12566370614359174,
            "transform_matrix": [
                [
                    0.5730364322662354,
                    -0.4958688020706177,
                    0.6524901390075684,
                    2.6302719116210938
                ],
                [
                    0.8195298910140991,
                    0.346724271774292,
                    -0.45623794198036194,
                    -1.8391540050506592
                ],
                [
                    0.0,
                    0.7961761951446533,
                    0.605064868927002,
                    2.4390945434570312
                ],
                [
                    0.0,
                    0.0,
                    0.0,
                    1.0
                ]
            ]
        },
        {
            "file_path": "/data/shapenet_blender/all_50_random/02958343/b10794a03c59e42d32a4e3dd3a89488f/r_28",
            "rotation": 0.12566370614359174,
            "transform_matrix": [
                [
                    -0.1513826996088028,
                    0.10698387771844864,
                    0.9826686978340149,
                    3.961264133453369
                ],
                [
                    0.9884752631187439,
                    0.01638433337211609,
                    0.15049342811107635,
                    0.606658399105072
                ],
                [
                    -1.862645149230957e-09,
                    0.9941257238388062,
                    -0.10823122411966324,
                    -0.4362940192222595
                ],
                [
                    0.0,
                    0.0,
                    0.0,
                    1.0
                ]
            ]
        },
        {
            "file_path": "/data/shapenet_blender/all_50_random/02958343/b10794a03c59e42d32a4e3dd3a89488f/r_29",
            "rotation": 0.12566370614359174,
            "transform_matrix": [
                [
                    0.5965328216552734,
                    0.3309834599494934,
                    -0.7311623096466064,
                    -2.9474098682403564
                ],
                [
                    -0.802588701248169,
                    0.24600711464881897,
                    -0.5434444546699524,
                    -2.190694808959961
                ],
                [
                    0.0,
                    0.9110050797462463,
                    0.4123949408531189,
                    1.6624172925949097
                ],
                [
                    0.0,
                    0.0,
                    0.0,
                    1.0
                ]
            ]
        },
        {
            "file_path": "/data/shapenet_blender/all_50_random/02958343/b10794a03c59e42d32a4e3dd3a89488f/r_30",
            "rotation": 0.12566370614359174,
            "transform_matrix": [
                [
                    -0.17345523834228516,
                    -0.7891261577606201,
                    -0.589231014251709,
                    -2.3752660751342773
                ],
                [
                    -0.9848418235778809,
                    0.138984814286232,
                    0.10377828776836395,
                    0.4183436632156372
                ],
                [
                    7.450580596923828e-09,
                    0.5983002781867981,
                    -0.8012720942497253,
                    -3.2300310134887695
                ],
                [
                    0.0,
                    0.0,
                    0.0,
                    1.0
                ]
            ]
        },
        {
            "file_path": "/data/shapenet_blender/all_50_random/02958343/b10794a03c59e42d32a4e3dd3a89488f/r_31",
            "rotation": 0.12566370614359174,
            "transform_matrix": [
                [
                    0.7777018547058105,
                    0.28133973479270935,
                    0.5621634721755981,
                    2.266153573989868
                ],
                [
                    0.6286333799362183,
                    -0.34805411100387573,
                    -0.6954699158668518,
                    -2.8035292625427246
                ],
                [
                    0.0,
                    0.8942630290985107,
                    -0.4475418031215668,
                    -1.8040988445281982
                ],
                [
                    0.0,
                    0.0,
                    0.0,
                    1.0
                ]
            ]
        },
        {
            "file_path": "/data/shapenet_blender/all_50_random/02958343/b10794a03c59e42d32a4e3dd3a89488f/r_32",
            "rotation": 0.12566370614359174,
            "transform_matrix": [
                [
                    0.7140213251113892,
                    0.1433005928993225,
                    0.6853016018867493,
                    2.7625393867492676
                ],
                [
                    0.7001238465309143,
                    -0.14614513516426086,
                    -0.6989048719406128,
                    -2.817375898361206
                ],
                [
                    1.4901161193847656e-08,
                    0.9788290858268738,
                    -0.20467893779277802,
                    -0.8250872492790222
                ],
                [
                    0.0,
                    0.0,
                    0.0,
                    1.0
                ]
            ]
        },
        {
            "file_path": "/data/shapenet_blender/all_50_random/02958343/b10794a03c59e42d32a4e3dd3a89488f/r_33",
            "rotation": 0.12566370614359174,
            "transform_matrix": [
                [
                    0.1254417598247528,
                    0.34530019760131836,
                    -0.9300709366798401,
                    -3.7492361068725586
                ],
                [
                    -0.9921009540557861,
                    0.043659940361976624,
                    -0.11759865283966064,
                    -0.47405534982681274
                ],
                [
                    3.725290076417309e-09,
                    0.9374762177467346,
                    0.3480494022369385,
                    1.4030321836471558
                ],
                [
                    0.0,
                    0.0,
                    0.0,
                    1.0
                ]
            ]
        },
        {
            "file_path": "/data/shapenet_blender/all_50_random/02958343/b10794a03c59e42d32a4e3dd3a89488f/r_34",
            "rotation": 0.12566370614359174,
            "transform_matrix": [
                [
                    -0.10706242173910141,
                    -0.8210459351539612,
                    0.5607326626777649,
                    2.260385751724243
                ],
                [
                    0.9942523241043091,
                    -0.08841132372617722,
                    0.060380443930625916,
                    0.24340134859085083
                ],
                [
                    0.0,
                    0.5639743208885193,
                    0.8257924318313599,
                    3.328875780105591
                ],
                [
                    0.0,
                    0.0,
                    0.0,
                    1.0
                ]
            ]
        },
        {
            "file_path": "/data/shapenet_blender/all_50_random/02958343/b10794a03c59e42d32a4e3dd3a89488f/r_35",
            "rotation": 0.12566370614359174,
            "transform_matrix": [
                [
                    0.7792454361915588,
                    -0.04203168675303459,
                    -0.6253078579902649,
                    -2.5206968784332275
                ],
                [
                    -0.6267189979553223,
                    -0.05226105824112892,
                    -0.7774908542633057,
                    -3.1341662406921387
                ],
                [
                    3.725290298461914e-09,
                    0.997748613357544,
                    -0.06706622987985611,
                    -0.27035266160964966
                ],
                [
                    0.0,
                    0.0,
                    0.0,
                    1.0
                ]
            ]
        },
        {
            "file_path": "/data/shapenet_blender/all_50_random/02958343/b10794a03c59e42d32a4e3dd3a89488f/r_36",
            "rotation": 0.12566370614359174,
            "transform_matrix": [
                [
                    0.147944837808609,
                    0.5642766356468201,
                    0.8122217655181885,
                    3.2741708755493164
                ],
                [
                    0.9889956116676331,
                    -0.08441069722175598,
                    -0.12150105834007263,
                    -0.4897864758968353
                ],
                [
                    0.0,
                    0.8212592005729675,
                    -0.5705551505088806,
                    -2.2999815940856934
                ],
                [
                    0.0,
                    0.0,
                    0.0,
                    1.0
                ]
            ]
        },
        {
            "file_path": "/data/shapenet_blender/all_50_random/02958343/b10794a03c59e42d32a4e3dd3a89488f/r_37",
            "rotation": 0.12566370614359174,
            "transform_matrix": [
                [
                    0.13564814627170563,
                    0.9033938646316528,
                    0.40679118037223816,
                    1.6398277282714844
                ],
                [
                    0.9907569885253906,
                    -0.12368694692850113,
                    -0.05569526180624962,
                    -0.22451478242874146
                ],
                [
                    0.0,
                    0.4105861485004425,
                    -0.9118217825889587,
                    -3.675671100616455
                ],
                [
                    0.0,
                    0.0,
                    0.0,
                    1.0
                ]
            ]
        },
        {
            "file_path": "/data/shapenet_blender/all_50_random/02958343/b10794a03c59e42d32a4e3dd3a89488f/r_38",
            "rotation": 0.12566370614359174,
            "transform_matrix": [
                [
                    -0.9938226342201233,
                    0.10833097249269485,
                    0.02410297654569149,
                    0.09716221690177917
                ],
                [
                    0.11097997426986694,
                    0.9701009392738342,
                    0.21584151685237885,
                    0.8700850605964661
                ],
                [
                    0.0,
                    0.21718329191207886,
                    -0.9761307835578918,
                    -3.9349093437194824
                ],
                [
                    0.0,
                    0.0,
                    0.0,
                    1.0
                ]
            ]
        },
        {
            "file_path": "/data/shapenet_blender/all_50_random/02958343/b10794a03c59e42d32a4e3dd3a89488f/r_39",
            "rotation": 0.12566370614359174,
            "transform_matrix": [
                [
                    -0.970292866230011,
                    -0.12601028382778168,
                    -0.20652654767036438,
                    -0.8325351476669312
                ],
                [
                    -0.24193347990512848,
                    0.5053739547729492,
                    0.8282906413078308,
                    3.3389463424682617
                ],
                [
                    -7.450580596923828e-09,
                    0.8536501526832581,
                    -0.5208467841148376,
                    -2.0996005535125732
                ],
                [
                    0.0,
                    0.0,
                    0.0,
                    1.0
                ]
            ]
        },
        {
            "file_path": "/data/shapenet_blender/all_50_random/02958343/b10794a03c59e42d32a4e3dd3a89488f/r_40",
            "rotation": 0.12566370614359174,
            "transform_matrix": [
                [
                    0.1504262536764145,
                    0.3700871169567108,
                    0.9167373776435852,
                    3.695486545562744
                ],
                [
                    0.9886212348937988,
                    -0.05631157383322716,
                    -0.1394885778427124,
                    -0.562296450138092
                ],
                [
                    -3.725290742551124e-09,
                    0.9272887706756592,
                    -0.37434670329093933,
                    -1.5090398788452148
                ],
                [
                    0.0,
                    0.0,
                    0.0,
                    1.0
                ]
            ]
        },
        {
            "file_path": "/data/shapenet_blender/all_50_random/02958343/b10794a03c59e42d32a4e3dd3a89488f/r_41",
            "rotation": 0.12566370614359174,
            "transform_matrix": [
                [
                    0.3579162359237671,
                    -0.5859654545783997,
                    0.7270078063011169,
                    2.9306623935699463
                ],
                [
                    0.9337537288665771,
                    0.22460585832595825,
