{
    "class": "02958343",
    "model": "6c6254a92c485787f1ca7626ddabf47",
    "remove_doubles": true,
    "edge_split": true,
    "denoise": true,
    "camera_angle_x": 0.6911112070083618,
    "scale_factor": 2.4964427228002175,
    "hdri_file": "/data/IndoorHDRDataset2018/AG8A1201-8e2fb53674.exr",
    "center_offset": [
        0.0,
        9.313225746154785e-10,
        0.0
    ],
    "lights": [],
    "frames": [
        {
            "file_path": "/data/shapenet_blender/all_50_random/02958343/6c6254a92c485787f1ca7626ddabf47/r_0",
            "rotation": 0.12566370614359174,
            "transform_matrix": [
                [
                    0.7386488318443298,
                    0.08921486884355545,
                    -0.668160617351532,
                    -2.69344162940979
                ],
                [
                    -0.6740904450416565,
                    0.09775907546281815,
                    -0.7321510910987854,
                    -2.9513955116271973
                ],
                [
                    0.0,
                    0.9912031888961792,
                    0.13234850764274597,
                    0.5335139036178589
                ],
                [
                    0.0,
                    0.0,
                    0.0,
                    1.0
                ]
            ]
        },
        {
            "file_path": "/data/shapenet_blender/all_50_random/02958343/6c6254a92c485787f1ca7626ddabf47/r_1",
            "rotation": 0.12566370614359174,
            "transform_matrix": [
                [
                    -0.396969199180603,
                    -0.2194662094116211,
                    0.8912070393562317,
                    3.5925705432891846
                ],
                [
                    0.9178318977355957,
                    -0.09492078423500061,
                    0.3854537308216095,
                    1.5538136959075928
                ],
                [
                    0.0,
                    0.9709915518760681,
                    0.2391137331724167,
                    0.9638983011245728
                ],
                [
                    0.0,
                    0.0,
                    0.0,
                    1.0
                ]
            ]
        },
        {
            "file_path": "/data/shapenet_blender/all_50_random/02958343/6c6254a92c485787f1ca7626ddabf47/r_2",
            "rotation": 0.12566370614359174,
            "transform_matrix": [
                [
                    -0.8201656341552734,
                    0.3273116648197174,
                    -0.4692499339580536,
                    -1.8916070461273193
                ],
                [
                    -0.5721262693405151,
                    -0.46921423077583313,
                    0.672688364982605,
                    2.711693525314331
                ],
                [
                    0.0,
                    0.8201860785484314,
                    0.5720969438552856,
                    2.306196451187134
                ],
                [
                    0.0,
                    0.0,
                    0.0,
                    1.0
                ]
            ]
        },
        {
            "file_path": "/data/shapenet_blender/all_50_random/02958343/6c6254a92c485787f1ca7626ddabf47/r_3",
            "rotation": 0.12566370614359174,
            "transform_matrix": [
                [
                    -0.9978031516075134,
                    -0.006468579638749361,
                    -0.06593269854784012,
                    -0.2657832205295563
                ],
                [
                    -0.06624925881624222,
                    0.09742552787065506,
                    0.9930353760719299,
                    4.003053665161133
                ],
                [
                    -4.656613428188905e-10,
                    0.9952217936515808,
                    -0.0976400375366211,
                    -0.39359956979751587
                ],
                [
                    0.0,
                    0.0,
                    0.0,
                    1.0
                ]
            ]
        },
        {
            "file_path": "/data/shapenet_blender/all_50_random/02958343/6c6254a92c485787f1ca7626ddabf47/r_4",
            "rotation": 0.12566370614359174,
            "transform_matrix": [
                [
                    -0.23873037099838257,
                    0.2960391640663147,
                    -0.9248613715171814,
                    -3.7282354831695557
                ],
                [
                    -0.9710859656333923,
                    -0.07277784496545792,
                    0.22736656665802002,
                    0.9165439605712891
                ],
                [
                    -7.450581485102248e-09,
                    0.9523991346359253,
                    0.30485376715660095,
                    1.2289048433303833
                ],
                [
                    0.0,
                    0.0,
                    0.0,
                    1.0
                ]
            ]
        },
        {
            "file_path": "/data/shapenet_blender/all_50_random/02958343/6c6254a92c485787f1ca7626ddabf47/r_5",
            "rotation": 0.12566370614359174,
            "transform_matrix": [
                [
                    0.9513153433799744,
                    0.09553045779466629,
                    0.29304125905036926,
                    1.181287169456482
                ],
                [
                    0.3082195222377777,
                    -0.29485344886779785,
                    -0.9044678211212158,
                    -3.646026611328125
                ],
                [
                    7.450581485102248e-09,
                    0.9507550597190857,
                    -0.30994290113449097,
                    -1.249419927597046
                ],
                [
                    0.0,
                    0.0,
                    0.0,
                    1.0
                ]
            ]
        },
        {
            "file_path": "/data/shapenet_blender/all_50_random/02958343/6c6254a92c485787f1ca7626ddabf47/r_6",
            "rotation": 0.12566370614359174,
            "transform_matrix": [
                [
                    0.4089415371417999,
                    -0.022105228155851364,
                    -0.9122927188873291,
                    -3.67756986618042
                ],
                [
                    -0.9125605225563049,
                    -0.009905913844704628,
                    -0.4088215231895447,
                    -1.648012399673462
                ],
                [
                    0.0,
                    0.9997064471244812,
                    -0.02422329969704151,
                    -0.09764724969863892
                ],
                [
                    0.0,
                    0.0,
                    0.0,
                    1.0
                ]
            ]
        },
        {
            "file_path": "/data/shapenet_blender/all_50_random/02958343/6c6254a92c485787f1ca7626ddabf47/r_7",
            "rotation": 0.12566370614359174,
            "transform_matrix": [
                [
                    -0.27902552485466003,
                    -0.003650634316727519,
                    0.96027672290802,
                    3.870999336242676
                ],
                [
                    0.9602837562561035,
                    -0.0010607490548864007,
                    0.27902349829673767,
                    1.1247797012329102
                ],
                [
                    -1.1641532182693481e-10,
                    0.9999927878379822,
                    0.0038016203325241804,
                    0.015324821695685387
                ],
                [
                    0.0,
                    0.0,
                    0.0,
                    1.0
                ]
            ]
        },
        {
            "file_path": "/data/shapenet_blender/all_50_random/02958343/6c6254a92c485787f1ca7626ddabf47/r_8",
            "rotation": 0.12566370614359174,
            "transform_matrix": [
                [
                    -0.8215513229370117,
                    0.5314538478851318,
                    -0.20642292499542236,
                    -0.8321174383163452
                ],
                [
                    -0.5701347589492798,
                    -0.7658129930496216,
                    0.2974507808685303,
                    1.199062466621399
                ],
                [
                    1.4901162970204496e-08,
                    0.3620598316192627,
                    0.9321547746658325,
                    3.757636070251465
                ],
                [
                    0.0,
                    0.0,
                    0.0,
                    1.0
                ]
            ]
        },
        {
            "file_path": "/data/shapenet_blender/all_50_random/02958343/6c6254a92c485787f1ca7626ddabf47/r_9",
            "rotation": 0.12566370614359174,
            "transform_matrix": [
                [
                    -0.9995883703231812,
                    0.0029866208788007498,
                    0.0285341776907444,
                    0.11502495408058167
                ],
                [
                    0.028690055012702942,
                    0.10405665636062622,
                    0.9941574335098267,
                    4.007576942443848
                ],
                [
                    2.3283064365386963e-10,
                    0.9945668578147888,
                    -0.10409950464963913,
                    -0.4196385443210602
                ],
                [
                    0.0,
                    0.0,
                    0.0,
                    1.0
                ]
            ]
        },
        {
            "file_path": "/data/shapenet_blender/all_50_random/02958343/6c6254a92c485787f1ca7626ddabf47/r_10",
            "rotation": 0.12566370614359174,
            "transform_matrix": [
                [
                    0.34919947385787964,
                    -0.4690841734409332,
                    -0.8111841678619385,
                    -3.2699880599975586
                ],
                [
                    -0.9370484352111816,
                    -0.17480839788913727,
                    -0.3022950291633606,
                    -1.218590259552002
                ],
                [
                    0.0,
                    0.8656800389289856,
                    -0.5005975365638733,
                    -2.0179731845855713
                ],
                [
                    0.0,
                    0.0,
                    0.0,
                    1.0
                ]
            ]
        },
        {
            "file_path": "/data/shapenet_blender/all_50_random/02958343/6c6254a92c485787f1ca7626ddabf47/r_11",
            "rotation": 0.12566370614359174,
            "transform_matrix": [
                [
                    -0.11606527864933014,
                    0.6416021585464478,
                    0.7582054734230042,
                    3.056424140930176
                ],
                [
                    0.9932416677474976,
                    0.0749744400382042,
                    0.08860012143850327,
                    0.35715851187705994
                ],
                [
                    0.0,
                    0.7633644938468933,
                    -0.6459679007530212,
                    -2.6039798259735107
                ],
                [
                    0.0,
                    0.0,
                    0.0,
                    1.0
                ]
            ]
        },
        {
            "file_path": "/data/shapenet_blender/all_50_random/02958343/6c6254a92c485787f1ca7626ddabf47/r_12",
            "rotation": 0.12566370614359174,
            "transform_matrix": [
                [
                    -0.1226927861571312,
                    0.6715816259384155,
                    0.7307013869285583,
                    2.9455513954162598
                ],
                [
                    0.992444634437561,
                    0.0830255076289177,
                    0.09033429622650146,
                    0.36414918303489685
                ],
                [
                    0.0,
                    0.7362640500068665,
                    -0.6766942739486694,
                    -2.727841854095459
                ],
                [
                    0.0,
                    0.0,
                    0.0,
                    1.0
                ]
            ]
        },
        {
            "file_path": "/data/shapenet_blender/all_50_random/02958343/6c6254a92c485787f1ca7626ddabf47/r_13",
            "rotation": 0.12566370614359174,
            "transform_matrix": [
                [
                    -0.9990397095680237,
                    -0.009676513262093067,
                    0.04273287206888199,
                    0.17226171493530273
                ],
                [
                    0.0438147634267807,
                    -0.2206384539604187,
                    0.974371075630188,
                    3.9278154373168945
                ],
                [
                    0.0,
                    0.9753077030181885,
                    0.22085055708885193,
                    0.890277087688446
                ],
                [
                    0.0,
                    0.0,
                    0.0,
                    1.0
                ]
            ]
        },
        {
            "file_path": "/data/shapenet_blender/all_50_random/02958343/6c6254a92c485787f1ca7626ddabf47/r_14",
            "rotation": 0.12566370614359174,
            "transform_matrix": [
                [
                    0.33674558997154236,
                    0.14814551174640656,
                    0.9298684597015381,
                    3.7484195232391357
                ],
                [
                    0.941595733165741,
                    -0.052981700748205185,
                    -0.332551509141922,
                    -1.3405579328536987
                ],
                [
                    -3.725290298461914e-09,
                    0.987545371055603,
                    -0.15733450651168823,
                    -0.634235680103302
                ],
                [
                    0.0,
                    0.0,
                    0.0,
                    1.0
                ]
            ]
        },
        {
            "file_path": "/data/shapenet_blender/all_50_random/02958343/6c6254a92c485787f1ca7626ddabf47/r_15",
            "rotation": 0.12566370614359174,
            "transform_matrix": [
                [
                    -0.21022848784923553,
                    0.02093772403895855,
                    0.9774280190467834,
                    3.940138339996338
                ],
                [
                    0.9776523113250732,
                    0.004502322059124708,
                    0.21018025279045105,
                    0.8472636938095093
                ],
                [
                    4.656613428188905e-10,
                    0.9997705817222595,
                    -0.021416328847408295,
                    -0.08633198589086533
                ],
                [
                    0.0,
                    0.0,
                    0.0,
                    1.0
                ]
            ]
        },
        {
            "file_path": "/data/shapenet_blender/all_50_random/02958343/6c6254a92c485787f1ca7626ddabf47/r_16",
            "rotation": 0.12566370614359174,
            "transform_matrix": [
                [
                    -0.44530805945396423,
                    0.566981852054596,
                    0.6929879784584045,
                    2.7935237884521484
                ],
                [
                    0.8953773379325867,
                    0.2819834351539612,
                    0.3446514904499054,
                    1.3893345594406128
                ],
                [
                    1.4901160305669237e-08,
                    0.7739617824554443,
                    -0.6332322955131531,
                    -2.552640914916992
                ],
                [
                    0.0,
                    0.0,
                    0.0,
                    1.0
                ]
            ]
        },
        {
            "file_path": "/data/shapenet_blender/all_50_random/02958343/6c6254a92c485787f1ca7626ddabf47/r_17",
            "rotation": 0.12566370614359174,
            "transform_matrix": [
                [
                    -0.22754047811031342,
                    0.13351252675056458,
                    0.9645723104476929,
                    3.888315439224243
                ],
                [
                    0.9737686514854431,
                    0.031197868287563324,
                    0.22539156675338745,
                    0.9085824489593506
                ],
                [
                    -1.862645149230957e-09,
                    0.9905559420585632,
                    -0.13710908591747284,
                    -0.552704393863678
                ],
                [
                    0.0,
                    0.0,
                    0.0,
                    1.0
                ]
            ]
        },
        {
            "file_path": "/data/shapenet_blender/all_50_random/02958343/6c6254a92c485787f1ca7626ddabf47/r_18",
            "rotation": 0.12566370614359174,
            "transform_matrix": [
                [
                    0.7968941926956177,
                    -0.5763508677482605,
                    0.1810503900051117,
                    0.7298374772071838
                ],
                [
                    0.6041188836097717,
                    0.7602653503417969,
                    -0.23882383108139038,
                    -0.9627296328544617
                ],
                [
                    -1.4901161193847656e-08,
                    0.29969334602355957,
                    0.9540355801582336,
                    3.8458404541015625
                ],
                [
                    0.0,
                    0.0,
                    0.0,
                    1.0
                ]
            ]
        },
        {
            "file_path": "/data/shapenet_blender/all_50_random/02958343/6c6254a92c485787f1ca7626ddabf47/r_19",
            "rotation": 0.12566370614359174,
            "transform_matrix": [
                [
                    -0.7044551372528076,
                    0.23067785799503326,
                    0.671215832233429,
                    2.7057576179504395
                ],
                [
                    0.7097485661506653,
                    0.22895744442939758,
                    0.6662098169326782,
                    2.685577630996704
                ],
                [
                    -1.4901161193847656e-08,
                    0.9457092881202698,
                    -0.32501357793807983,
                    -1.3101716041564941
                ],
                [
                    0.0,
                    0.0,
                    0.0,
                    1.0
                ]
            ]
        },
        {
            "file_path": "/data/shapenet_blender/all_50_random/02958343/6c6254a92c485787f1ca7626ddabf47/r_20",
            "rotation": 0.12566370614359174,
            "transform_matrix": [
                [
                    0.9903731942176819,
                    0.004373612347990274,
                    -0.13835376501083374,
                    -0.5577218532562256
                ],
                [
                    -0.1384228765964508,
                    0.03129185363650322,
                    -0.9898787140846252,
                    -3.990328788757324
                ],
                [
                    0.0,
                    0.9995008111000061,
                    0.03159601613879204,
                    0.12736761569976807
                ],
                [
                    0.0,
                    0.0,
                    0.0,
                    1.0
                ]
            ]
        },
        {
            "file_path": "/data/shapenet_blender/all_50_random/02958343/6c6254a92c485787f1ca7626ddabf47/r_21",
            "rotation": 0.12566370614359174,
            "transform_matrix": [
                [
                    0.6275063157081604,
                    -0.6817426681518555,
                    -0.3761154115200043,
                    -1.516169786453247
                ],
                [
                    -0.7786115407943726,
                    -0.5494368076324463,
                    -0.3031226396560669,
                    -1.2219265699386597
                ],
                [
                    -1.4901161193847656e-08,
                    0.48305919766426086,
                    -0.8755876421928406,
                    -3.529606819152832
                ],
                [
                    0.0,
                    0.0,
                    0.0,
                    1.0
                ]
            ]
        },
        {
            "file_path": "/data/shapenet_blender/all_50_random/02958343/6c6254a92c485787f1ca7626ddabf47/r_22",
            "rotation": 0.12566370614359174,
            "transform_matrix": [
                [
                    0.36380380392074585,
                    0.6287463307380676,
                    -0.6872588992118835,
                    -2.7704293727874756
                ],
                [
                    -0.9314755797386169,
                    0.2455676943063736,
                    -0.2684207856655121,
                    -1.0820388793945312
                ],
                [
                    0.0,
                    0.7378174662590027,
                    0.6750002503395081,
                    2.721013307571411
                ],
                [
                    0.0,
                    0.0,
                    0.0,
                    1.0
                ]
            ]
        },
        {
            "file_path": "/data/shapenet_blender/all_50_random/02958343/6c6254a92c485787f1ca7626ddabf47/r_23",
            "rotation": 0.12566370614359174,
            "transform_matrix": [
                [
                    0.9532486200332642,
                    0.2491389960050583,
                    -0.17101679742336273,
                    -0.6893906593322754
                ],
                [
                    -0.3021869957447052,
                    0.7859087586402893,
                    -0.5394723415374756,
                    -2.174682378768921
                ],
                [
                    0.0,
                    0.5659302473068237,
                    0.8244531750679016,
                    3.323476552963257
                ],
                [
                    0.0,
                    0.0,
                    0.0,
                    1.0
                ]
            ]
        },
        {
            "file_path": "/data/shapenet_blender/all_50_random/02958343/6c6254a92c485787f1ca7626ddabf47/r_24",
            "rotation": 0.12566370614359174,
            "transform_matrix": [
                [
                    0.9711841940879822,
                    -0.09993703663349152,
                    0.21636545658111572,
                    0.8721970319747925
                ],
                [
                    0.23833051323890686,
                    0.4072381258010864,
                    -0.8816777467727661,
                    -3.55415678024292
                ],
                [
                    0.0,
                    0.9078378677368164,
                    0.4193212687969208,
                    1.690338134765625
                ],
                [
                    0.0,
                    0.0,
                    0.0,
                    1.0
                ]
            ]
        },
        {
            "file_path": "/data/shapenet_blender/all_50_random/02958343/6c6254a92c485787f1ca7626ddabf47/r_25",
            "rotation": 0.12566370614359174,
            "transform_matrix": [
                [
                    0.9393841624259949,
                    0.23154501616954803,
                    -0.2528720796108246,
                    -1.0193599462509155
                ],
                [
                    -0.3428664207458496,
                    0.6343861818313599,
                    -0.6928179860115051,
                    -2.7928385734558105
                ],
                [
                    0.0,
                    0.73752361536026,
                    0.6753213405609131,
                    2.7223074436187744
                ],
                [
                    0.0,
                    0.0,
                    0.0,
                    1.0
                ]
            ]
        },
        {
            "file_path": "/data/shapenet_blender/all_50_random/02958343/6c6254a92c485787f1ca7626ddabf47/r_26",
            "rotation": 0.12566370614359174,
            "transform_matrix": [
                [
                    0.9850649833679199,
                    0.03206586465239525,
                    -0.1691713184118271,
                    -0.6819513440132141
                ],
                [
                    -0.17218349874019623,
                    0.1834494173526764,
                    -0.9678322672843933,
                    -3.901456117630005
                ],
                [
                    1.862645149230957e-09,
                    0.9825060367584229,
                    0.18623079359531403,
                    0.7507202625274658
                ],
                [
                    0.0,
                    0.0,
                    0.0,
                    1.0
                ]
            ]
        },
        {
            "file_path": "/data/shapenet_blender/all_50_random/02958343/6c6254a92c485787f1ca7626ddabf47/r_27",
            "rotation": 0.12566370614359174,
            "transform_matrix": [
                [
                    -0.16749835014343262,
                    -0.1200748160481453,
                    0.9785328507423401,
                    3.944591522216797
                ],
                [
                    0.9858723282814026,
                    -0.02040054462850094,
                    0.16625137627124786,
                    0.6701806783676147
                ],
                [
                    0.0,
                    0.9925551414489746,
                    0.12179552018642426,
                    0.4909733831882477
                ],
                [
                    0.0,
                    0.0,
                    0.0,
                    1.0
                ]
            ]
        },
        {
            "file_path": "/data/shapenet_blender/all_50_random/02958343/6c6254a92c485787f1ca7626ddabf47/r_28",
            "rotation": 0.12566370614359174,
            "transform_matrix": [
                [
                    0.2857799232006073,
                    -0.23068630695343018,
                    0.9301148653030396,
                    3.749412775039673
                ],
                [
                    0.9582953453063965,
                    0.06879456341266632,
                    -0.2773760259151459,
                    -1.1181385517120361
                ],
                [
                    0.0,
                    0.9705930948257446,
                    0.24072575569152832,
                    0.9703965187072754
                ],
                [
                    0.0,
                    0.0,
                    0.0,
                    1.0
                ]
            ]
        },
        {
            "file_path": "/data/shapenet_blender/all_50_random/02958343/6c6254a92c485787f1ca7626ddabf47/r_29",
            "rotation": 0.12566370614359174,
            "transform_matrix": [
                [
                    -0.6542263031005859,
                    0.025193952023983,
                    0.7558791041374207,
                    3.047046184539795
                ],
                [
                    0.756298840045929,
                    0.02179369330406189,
                    0.6538631916046143,
                    2.6358067989349365
                ],
                [
                    0.0,
                    0.9994450211524963,
                    -0.03331216424703598,
                    -0.13428562879562378
                ],
                [
                    0.0,
                    0.0,
                    0.0,
                    1.0
                ]
            ]
        },
        {
            "file_path": "/data/shapenet_blender/all_50_random/02958343/6c6254a92c485787f1ca7626ddabf47/r_30",
            "rotation": 0.12566370614359174,
            "transform_matrix": [
                [
                    0.6776195168495178,
                    0.4385639429092407,
                    -0.5903332233428955,
                    -2.379709243774414
                ],
                [
                    -0.7354125380516052,
                    0.4040990471839905,
                    -0.5439413785934448,
                    -2.192697763442993
                ],
                [
                    1.4901160305669237e-08,
                    0.80272376537323,
                    0.5963509678840637,
                    2.4039676189422607
                ],
                [
                    0.0,
                    0.0,
                    0.0,
                    1.0
                ]
            ]
        },
        {
            "file_path": "/data/shapenet_blender/all_50_random/02958343/6c6254a92c485787f1ca7626ddabf47/r_31",
            "rotation": 0.12566370614359174,
            "transform_matrix": [
                [
                    0.9560121297836304,
                    -0.007349071092903614,
                    0.2932348847389221,
                    1.182067632675171
                ],
                [
                    0.2933269441127777,
                    0.023952115327119827,
                    -0.955712080001831,
                    -3.8525986671447754
                ],
                [
                    4.6566125955216364e-10,
                    0.9996861219406128,
                    0.025054194033145905,
                    0.10099668800830841
                ],
                [
                    0.0,
                    0.0,
                    0.0,
                    1.0
                ]
            ]
        },
        {
            "file_path": "/data/shapenet_blender/all_50_random/02958343/6c6254a92c485787f1ca7626ddabf47/r_32",
            "rotation": 0.12566370614359174,
            "transform_matrix": [
                [
                    -0.26768821477890015,
                    0.7358484268188477,
                    -0.6219887137413025,
                    -2.5073165893554688
                ],
                [
                    -0.9635056257247925,
                    -0.20443885028362274,
                    0.17280550301074982,
                    0.6966012716293335
                ],
                [
                    0.0,
                    0.64554762840271,
                    0.7637199759483337,
                    3.0786538124084473
                ],
                [
                    0.0,
                    0.0,
                    0.0,
                    1.0
                ]
            ]
        },
        {
            "file_path": "/data/shapenet_blender/all_50_random/02958343/6c6254a92c485787f1ca7626ddabf47/r_33",
            "rotation": 0.12566370614359174,
            "transform_matrix": [
                [
                    -0.42913874983787537,
                    -0.587186336517334,
                    -0.6863323450088501,
                    -2.7666940689086914
                ],
                [
                    -0.9032384753227234,
                    0.2789788544178009,
                    0.3260842263698578,
                    1.3144875764846802
                ],
                [
                    1.4901158529312397e-08,
                    0.7598571181297302,
                    -0.6500899791717529,
                    -2.620596408843994
                ],
                [
                    0.0,
                    0.0,
                    0.0,
                    1.0
                ]
            ]
        },
        {
            "file_path": "/data/shapenet_blender/all_50_random/02958343/6c6254a92c485787f1ca7626ddabf47/r_34",
            "rotation": 0.12566370614359174,
            "transform_matrix": [
                [
                    0.0903090238571167,
                    0.11270485073328018,
                    -0.9895159602165222,
                    -3.9888665676116943
                ],
                [
                    -0.9959138035774231,
                    0.010220025666058064,
                    -0.08972886204719543,
                    -0.3617086410522461
                ],
                [
                    0.0,
                    0.9935758709907532,
                    0.11316729336977005,
                    0.4561919867992401
                ],
                [
                    0.0,
                    0.0,
                    0.0,
                    1.0
                ]
            ]
        },
        {
            "file_path": "/data/shapenet_blender/all_50_random/02958343/6c6254a92c485787f1ca7626ddabf47/r_35",
            "rotation": 0.12566370614359174,
            "transform_matrix": [
                [
                    0.2642510235309601,
                    -0.08331923186779022,
                    0.9608481526374817,
                    3.873302936553955
                ],
                [
                    0.9644538760185242,
                    0.022828664630651474,
                    -0.26326310634613037,
                    -1.0612475872039795
                ],
                [
                    0.0,
                    0.9962612986564636,
                    0.08639006316661835,
                    0.34824952483177185
                ],
                [
                    0.0,
                    0.0,
                    0.0,
                    1.0
                ]
            ]
        },
        {
            "file_path": "/data/shapenet_blender/all_50_random/02958343/6c6254a92c485787f1ca7626ddabf47/r_36",
            "rotation": 0.12566370614359174,
            "transform_matrix": [
                [
                    -0.22616438567638397,
                    0.3387316167354584,
                    -0.9132964611053467,
                    -3.6816160678863525
                ],
                [
                    -0.9740891456604004,
                    -0.07864683866500854,
                    0.21204951405525208,
                    0.8547989726066589
                ],
                [
                    0.0,
                    0.9375902414321899,
                    0.34774190187454224,
                    1.4017925262451172
                ],
                [
                    0.0,
                    0.0,
                    0.0,
                    1.0
                ]
            ]
        },
        {
            "file_path": "/data/shapenet_blender/all_50_random/02958343/6c6254a92c485787f1ca7626ddabf47/r_37",
            "rotation": 0.12566370614359174,
            "transform_matrix": [
                [
                    -0.35723647475242615,
                    0.032212890684604645,
                    0.9334583282470703,
                    3.7628908157348633
                ],
                [
                    0.9340140223503113,
                    0.012320606969296932,
                    0.3570239543914795,
                    1.4392095804214478
                ],
                [
                    9.31322685637781e-10,
                    0.9994049668312073,
                    -0.03448866307735443,
                    -0.13902825117111206
                ],
                [
                    0.0,
                    0.0,
                    0.0,
                    1.0
                ]
            ]
        },
        {
            "file_path": "/data/shapenet_blender/all_50_random/02958343/6c6254a92c485787f1ca7626ddabf47/r_38",
            "rotation": 0.12566370614359174,
            "transform_matrix": [
                [
                    0.9892311096191406,
                    0.06715277582406998,
                    -0.13004735112190247,
                    -0.5242376327514648
                ],
                [
                    -0.14636190235614777,
                    0.4538722634315491,
                    -0.8789642453193665,
                    -3.5432181358337402
                ],
                [
                    -3.725290298461914e-09,
                    0.8885326981544495,
                    0.45881322026252747,
                    1.8495352268218994
                ],
                [
                    0.0,
                    0.0,
                    0.0,
                    1.0
                ]
            ]
        },
        {
            "file_path": "/data/shapenet_blender/all_50_random/02958343/6c6254a92c485787f1ca7626ddabf47/r_39",
            "rotation": 0.12566370614359174,
            "transform_matrix": [
                [
                    -0.9294065237045288,
                    -0.02517826482653618,
                    0.36819761991500854,
                    1.4842520952224731
                ],
                [
                    0.3690575063228607,
                    -0.0634070336818695,
                    0.9272410869598389,
                    3.737828493118286
                ],
                [
                    -1.8626450382086546e-09,
                    0.9976701736450195,
                    0.06822313368320465,
                    0.27501624822616577
                ],
                [
                    0.0,
                    0.0,
                    0.0,
                    1.0
                ]
            ]
        },
        {
            "file_path": "/data/shapenet_blender/all_50_random/02958343/6c6254a92c485787f1ca7626ddabf47/r_40",
            "rotation": 0.12566370614359174,
            "transform_matrix": [
                [
                    0.9894727468490601,
                    -0.13259807229042053,
                    0.05797950550913811,
                    0.23372286558151245
                ],
                [
                    0.14472000300884247,
                    0.9065933227539062,
                    -0.39641475677490234,
                    -1.5979989767074585
                ],
                [
                    3.725290742551124e-09,
                    0.40063226222991943,
                    0.9162389039993286,
                    3.693477153778076
                ],
                [
                    0.0,
                    0.0,
                    0.0,
                    1.0
                ]
            ]
        },
        {
            "file_path": "/data/shapenet_blender/all_50_random/02958343/6c6254a92c485787f1ca7626ddabf47/r_41",
            "rotation": 0.12566370614359174,
            "transform_matrix": [
                [
                    -0.6906601190567017,
                    0.23751072585582733,
                    0.6830645799636841,
                    2.753521680831909
                ],
                [
                    0.7231795787811279,
                    0.22683049738407135,
                    0.6523489952087402,
                    2.6297030448913574
                ],
                [
                    0.0,
