{
    "class": "02958343",
    "model": "ec65260a83a395e850df5ffbac7e7f74",
    "remove_doubles": true,
    "edge_split": true,
    "denoise": true,
    "camera_angle_x": 0.6911112070083618,
    "scale_factor": 2.277258526595918,
    "hdri_file": "/data/IndoorHDRDataset2018/9C4A7790-b3c4813217.exr",
    "center_offset": [
        0.0,
        -3.725290298461914e-09,
        0.0
    ],
    "lights": [],
    "frames": [
        {
            "file_path": "/data/shapenet_blender/all_50_random/02958343/ec65260a83a395e850df5ffbac7e7f74/r_0",
            "rotation": 0.12566370614359174,
            "transform_matrix": [
                [
                    0.2116839736700058,
                    0.9694256782531738,
                    0.12411168217658997,
                    0.5003101229667664
                ],
                [
                    0.9773381352424622,
                    -0.20997020602226257,
                    -0.026881644502282143,
                    -0.10836336016654968
                ],
                [
                    0.0,
                    0.12698903679847717,
                    -0.9919041395187378,
                    -3.998492956161499
                ],
                [
                    0.0,
                    0.0,
                    0.0,
                    1.0
                ]
            ]
        },
        {
            "file_path": "/data/shapenet_blender/all_50_random/02958343/ec65260a83a395e850df5ffbac7e7f74/r_1",
            "rotation": 0.12566370614359174,
            "transform_matrix": [
                [
                    0.06566763669252396,
                    0.6972490549087524,
                    -0.7138146162033081,
                    -2.877479076385498
                ],
                [
                    -0.9978415966033936,
                    0.04588574171066284,
                    -0.046975914388895035,
                    -0.18936598300933838
                ],
                [
                    0.0,
                    0.7153587341308594,
                    0.6987572908401489,
                    2.8167810440063477
                ],
                [
                    0.0,
                    0.0,
                    0.0,
                    1.0
                ]
            ]
        },
        {
            "file_path": "/data/shapenet_blender/all_50_random/02958343/ec65260a83a395e850df5ffbac7e7f74/r_2",
            "rotation": 0.12566370614359174,
            "transform_matrix": [
                [
                    -0.9559769630432129,
                    0.0528184249997139,
                    0.2886492908000946,
                    1.1635825634002686
                ],
                [
                    0.2934420108795166,
                    0.1720721423625946,
                    0.9403631687164307,
                    3.7907252311706543
                ],
                [
                    0.0,
                    0.9836673140525818,
                    -0.17999613285064697,
                    -0.7255876064300537
                ],
                [
                    0.0,
                    0.0,
                    0.0,
                    1.0
                ]
            ]
        },
        {
            "file_path": "/data/shapenet_blender/all_50_random/02958343/ec65260a83a395e850df5ffbac7e7f74/r_3",
            "rotation": 0.12566370614359174,
            "transform_matrix": [
                [
                    -0.3947967290878296,
                    -0.46104052662849426,
                    0.794718325138092,
                    3.2036118507385254
                ],
                [
                    0.9187685251235962,
                    -0.19811004400253296,
                    0.34149208664894104,
                    1.376598596572876
                ],
                [
                    -1.4901161193847656e-08,
                    0.8649820685386658,
                    0.5018026828765869,
                    2.0228312015533447
                ],
                [
                    0.0,
                    0.0,
                    0.0,
                    1.0
                ]
            ]
        },
        {
            "file_path": "/data/shapenet_blender/all_50_random/02958343/ec65260a83a395e850df5ffbac7e7f74/r_4",
            "rotation": 0.12566370614359174,
            "transform_matrix": [
                [
                    -0.7722530961036682,
                    0.2175382524728775,
                    -0.5969105362892151,
                    -2.4062235355377197
                ],
                [
                    -0.6353150010108948,
                    -0.2644272446632385,
                    0.725570797920227,
                    2.9248697757720947
                ],
                [
                    0.0,
                    0.9395506381988525,
                    0.34240999817848206,
                    1.3802989721298218
                ],
                [
                    0.0,
                    0.0,
                    0.0,
                    1.0
                ]
            ]
        },
        {
            "file_path": "/data/shapenet_blender/all_50_random/02958343/ec65260a83a395e850df5ffbac7e7f74/r_5",
            "rotation": 0.12566370614359174,
            "transform_matrix": [
                [
                    0.14752285182476044,
                    -0.2101653665304184,
                    -0.9664715528488159,
                    -3.8959717750549316
                ],
                [
                    -0.9890586137771606,
                    -0.03134717792272568,
                    -0.144153892993927,
                    -0.5811029672622681
                ],
                [
                    0.0,
                    0.9771630764007568,
                    -0.2124902755022049,
                    -0.8565757870674133
                ],
                [
                    0.0,
                    0.0,
                    0.0,
                    1.0
                ]
            ]
        },
        {
            "file_path": "/data/shapenet_blender/all_50_random/02958343/ec65260a83a395e850df5ffbac7e7f74/r_6",
            "rotation": 0.12566370614359174,
            "transform_matrix": [
                [
                    0.9611228108406067,
                    -0.08521687984466553,
                    -0.26264238357543945,
                    -1.0587453842163086
                ],
                [
                    -0.2761212885379791,
                    -0.2966228723526001,
                    -0.9142055511474609,
                    -3.6852807998657227
                ],
                [
                    7.450580596923828e-09,
                    0.9511850476264954,
                    -0.3086211681365967,
                    -1.2440918684005737
                ],
                [
                    0.0,
                    0.0,
                    0.0,
                    1.0
                ]
            ]
        },
        {
            "file_path": "/data/shapenet_blender/all_50_random/02958343/ec65260a83a395e850df5ffbac7e7f74/r_7",
            "rotation": 0.12566370614359174,
            "transform_matrix": [
                [
                    -0.2540266215801239,
                    0.6849643588066101,
                    -0.6828573942184448,
                    -2.7526865005493164
                ],
                [
                    -0.9671972393989563,
                    -0.1799004077911377,
                    0.17934703826904297,
                    0.7229710817337036
                ],
                [
                    7.450580596923828e-09,
                    0.7060167789459229,
                    0.7081950306892395,
                    2.854825735092163
                ],
                [
                    0.0,
                    0.0,
                    0.0,
                    1.0
                ]
            ]
        },
        {
            "file_path": "/data/shapenet_blender/all_50_random/02958343/ec65260a83a395e850df5ffbac7e7f74/r_8",
            "rotation": 0.12566370614359174,
            "transform_matrix": [
                [
                    -0.6527895927429199,
                    -0.5979884266853333,
                    -0.46505436301231384,
                    -1.8746941089630127
                ],
                [
                    -0.7575393915176392,
                    0.5153008103370667,
                    0.4007484018802643,
                    1.6154685020446777
                ],
                [
                    -1.4901162970204496e-08,
                    0.6139013171195984,
                    -0.7893827557563782,
                    -3.1821036338806152
                ],
                [
                    0.0,
                    0.0,
                    0.0,
                    1.0
                ]
            ]
        },
        {
            "file_path": "/data/shapenet_blender/all_50_random/02958343/ec65260a83a395e850df5ffbac7e7f74/r_9",
            "rotation": 0.12566370614359174,
            "transform_matrix": [
                [
                    -0.7568017840385437,
                    -0.5555742979049683,
                    0.34436655044555664,
                    1.388185977935791
                ],
                [
                    0.6536444425582886,
                    -0.643254280090332,
                    0.39871397614479065,
                    1.6072674989700317
                ],
                [
                    1.4901161193847656e-08,
                    0.5268408060073853,
                    0.8499639630317688,
                    3.426314353942871
                ],
                [
                    0.0,
                    0.0,
                    0.0,
                    1.0
                ]
            ]
        },
        {
            "file_path": "/data/shapenet_blender/all_50_random/02958343/ec65260a83a395e850df5ffbac7e7f74/r_10",
            "rotation": 0.12566370614359174,
            "transform_matrix": [
                [
                    0.8718104958534241,
                    0.0016975082689896226,
                    -0.48984044790267944,
                    -1.9746100902557373
                ],
                [
                    -0.4898434579372406,
                    0.0030211801640689373,
                    -0.8718050718307495,
                    -3.5143589973449707
                ],
                [
                    0.0,
                    0.9999940395355225,
                    0.0034654089249670506,
                    0.013969510793685913
                ],
                [
                    0.0,
                    0.0,
                    0.0,
                    1.0
                ]
            ]
        },
        {
            "file_path": "/data/shapenet_blender/all_50_random/02958343/ec65260a83a395e850df5ffbac7e7f74/r_11",
            "rotation": 0.12566370614359174,
            "transform_matrix": [
                [
                    0.48005449771881104,
                    0.7572006583213806,
                    0.44293880462646484,
                    1.7855435609817505
                ],
                [
                    0.8772387504577637,
                    -0.41436564922332764,
                    -0.24239099025726318,
                    -0.9771093726158142
                ],
                [
                    0.0,
                    0.5049238801002502,
                    -0.8631637692451477,
                    -3.479524612426758
                ],
                [
                    0.0,
                    0.0,
                    0.0,
                    1.0
                ]
            ]
        },
        {
            "file_path": "/data/shapenet_blender/all_50_random/02958343/ec65260a83a395e850df5ffbac7e7f74/r_12",
            "rotation": 0.12566370614359174,
            "transform_matrix": [
                [
                    -0.4253983497619629,
                    -0.8360727429389954,
                    -0.34643712639808655,
                    -1.3965327739715576
                ],
                [
                    -0.9050062894821167,
                    0.3929961323738098,
                    0.16284283995628357,
                    0.6564404964447021
                ],
                [
                    0.0,
                    0.3828006684780121,
                    -0.9238309264183044,
                    -3.724081516265869
                ],
                [
                    0.0,
                    0.0,
                    0.0,
                    1.0
                ]
            ]
        },
        {
            "file_path": "/data/shapenet_blender/all_50_random/02958343/ec65260a83a395e850df5ffbac7e7f74/r_13",
            "rotation": 0.12566370614359174,
            "transform_matrix": [
                [
                    0.9722192287445068,
                    0.05883092060685158,
                    0.2265581637620926,
                    0.9132852554321289
                ],
                [
                    0.23407195508480072,
                    -0.24435457587242126,
                    -0.9410106539726257,
                    -3.793335437774658
                ],
                [
                    0.0,
                    0.9678996205329895,
                    -0.25133687257766724,
                    -1.0131714344024658
                ],
                [
                    0.0,
                    0.0,
                    0.0,
                    1.0
                ]
            ]
        },
        {
            "file_path": "/data/shapenet_blender/all_50_random/02958343/ec65260a83a395e850df5ffbac7e7f74/r_14",
            "rotation": 0.12566370614359174,
            "transform_matrix": [
                [
                    0.7191470861434937,
                    -0.2706746757030487,
                    -0.6399708390235901,
                    -2.5798048973083496
                ],
                [
                    -0.6948578953742981,
                    -0.28013625741004944,
                    -0.6623414158821106,
                    -2.6699836254119873
                ],
                [
                    1.4901162970204496e-08,
                    0.9210096001625061,
                    -0.3895396590232849,
                    -1.5702846050262451
                ],
                [
                    0.0,
                    0.0,
                    0.0,
                    1.0
                ]
            ]
        },
        {
            "file_path": "/data/shapenet_blender/all_50_random/02958343/ec65260a83a395e850df5ffbac7e7f74/r_15",
            "rotation": 0.12566370614359174,
            "transform_matrix": [
                [
                    -0.9433079361915588,
                    -0.1266685277223587,
                    0.3067982494831085,
                    1.2367433309555054
                ],
                [
                    0.33191874623298645,
                    -0.3599899411201477,
                    0.8719158172607422,
                    3.5148050785064697
                ],
                [
                    -7.450580152834618e-09,
                    0.9243171811103821,
                    0.38162505626678467,
                    1.5383797883987427
                ],
                [
                    0.0,
                    0.0,
                    0.0,
                    1.0
                ]
            ]
        },
        {
            "file_path": "/data/shapenet_blender/all_50_random/02958343/ec65260a83a395e850df5ffbac7e7f74/r_16",
            "rotation": 0.12566370614359174,
            "transform_matrix": [
                [
                    -0.6330165266990662,
                    0.3799663484096527,
                    0.67447429895401,
                    2.718892812728882
                ],
                [
                    0.7741382718086243,
                    0.31070029735565186,
                    0.5515208840370178,
                    2.2232518196105957
                ],
                [
                    1.4901161193847656e-08,
                    0.8712581992149353,
                    -0.49082493782043457,
                    -1.9785785675048828
                ],
                [
                    0.0,
                    0.0,
                    0.0,
                    1.0
                ]
            ]
        },
        {
            "file_path": "/data/shapenet_blender/all_50_random/02958343/ec65260a83a395e850df5ffbac7e7f74/r_17",
            "rotation": 0.12566370614359174,
            "transform_matrix": [
                [
                    0.9993161559104919,
                    0.008568422868847847,
                    -0.03596949577331543,
                    -0.14499768614768982
                ],
                [
                    -0.03697597607970238,
                    0.2315710186958313,
                    -0.9721149802207947,
                    -3.9187209606170654
                ],
                [
                    0.0,
                    0.9727802276611328,
                    0.23172946274280548,
                    0.934131383895874
                ],
                [
                    0.0,
                    0.0,
                    0.0,
                    1.0
                ]
            ]
        },
        {
            "file_path": "/data/shapenet_blender/all_50_random/02958343/ec65260a83a395e850df5ffbac7e7f74/r_18",
            "rotation": 0.12566370614359174,
            "transform_matrix": [
                [
                    -0.4299263656139374,
                    -0.06516322493553162,
                    0.9005093574523926,
                    3.6300692558288574
                ],
                [
                    0.9028640389442444,
                    -0.031029466539621353,
                    0.4288051128387451,
                    1.72856867313385
                ],
                [
                    0.0,
                    0.9973919987678528,
                    0.07217391580343246,
                    0.29094237089157104
                ],
                [
                    0.0,
                    0.0,
                    0.0,
                    1.0
                ]
            ]
        },
        {
            "file_path": "/data/shapenet_blender/all_50_random/02958343/ec65260a83a395e850df5ffbac7e7f74/r_19",
            "rotation": 0.12566370614359174,
            "transform_matrix": [
                [
                    -0.7786800861358643,
                    -0.0420617014169693,
                    -0.6260095834732056,
                    -2.5235252380371094
                ],
                [
                    -0.6274210214614868,
                    0.05220196768641472,
                    0.7769284248352051,
                    3.1318986415863037
                ],
                [
                    0.0,
                    0.9977503418922424,
                    -0.06703903526067734,
                    -0.27024298906326294
                ],
                [
                    0.0,
                    0.0,
                    0.0,
                    1.0
                ]
            ]
        },
        {
            "file_path": "/data/shapenet_blender/all_50_random/02958343/ec65260a83a395e850df5ffbac7e7f74/r_20",
            "rotation": 0.12566370614359174,
            "transform_matrix": [
                [
                    -0.7715435028076172,
                    0.5346741676330566,
                    -0.34473782777786255,
                    -1.3896827697753906
                ],
                [
                    -0.6361766457557678,
                    -0.6484431624412537,
                    0.4180917739868164,
                    1.6853821277618408
                ],
                [
                    -1.4901162970204496e-08,
                    0.5418901443481445,
                    0.8404491543769836,
                    3.3879594802856445
                ],
                [
                    0.0,
                    0.0,
                    0.0,
                    1.0
                ]
            ]
        },
        {
            "file_path": "/data/shapenet_blender/all_50_random/02958343/ec65260a83a395e850df5ffbac7e7f74/r_21",
            "rotation": 0.12566370614359174,
            "transform_matrix": [
                [
                    0.044167082756757736,
                    0.635619580745697,
                    -0.770737886428833,
                    -3.1069436073303223
                ],
                [
                    -0.9990241527557373,
                    0.028100885450839996,
                    -0.03407449275255203,
                    -0.1373586654663086
                ],
                [
                    1.8626449271863521e-09,
                    0.7714908123016357,
                    0.636240541934967,
                    2.564767599105835
                ],
                [
                    0.0,
                    0.0,
                    0.0,
                    1.0
                ]
            ]
        },
        {
            "file_path": "/data/shapenet_blender/all_50_random/02958343/ec65260a83a395e850df5ffbac7e7f74/r_22",
            "rotation": 0.12566370614359174,
            "transform_matrix": [
                [
                    -0.6711540818214417,
                    0.2138439118862152,
                    0.7098048329353333,
                    2.8613147735595703
                ],
                [
                    0.7413178086280823,
                    0.19360415637493134,
                    0.6426237225532532,
                    2.59049916267395
                ],
                [
                    0.0,
                    0.9574905633926392,
                    -0.2884645164012909,
                    -1.1628376245498657
                ],
                [
                    0.0,
                    0.0,
                    0.0,
                    1.0
                ]
            ]
        },
        {
            "file_path": "/data/shapenet_blender/all_50_random/02958343/ec65260a83a395e850df5ffbac7e7f74/r_23",
            "rotation": 0.12566370614359174,
            "transform_matrix": [
                [
                    0.9987913966178894,
                    -0.039303891360759735,
                    0.029511598870158195,
                    0.11896505951881409
                ],
                [
                    0.049150072038173676,
                    0.7987045645713806,
                    -0.5997128486633301,
                    -2.4175198078155518
                ],
                [
                    0.0,
                    0.6004385352134705,
                    0.799670934677124,
                    3.223576545715332
                ],
                [
                    0.0,
                    0.0,
                    0.0,
                    1.0
                ]
            ]
        },
        {
            "file_path": "/data/shapenet_blender/all_50_random/02958343/ec65260a83a395e850df5ffbac7e7f74/r_24",
            "rotation": 0.12566370614359174,
            "transform_matrix": [
                [
                    -0.9420185685157776,
                    0.10668863356113434,
                    -0.3181488513946533,
                    -1.282499074935913
                ],
                [
                    -0.33556097745895386,
                    -0.29950642585754395,
                    0.8931375741958618,
                    3.6003527641296387
                ],
                [
                    0.0,
                    0.9481104612350464,
                    0.31794115900993347,
                    1.2816617488861084
                ],
                [
                    0.0,
                    0.0,
                    0.0,
                    1.0
                ]
            ]
        },
        {
            "file_path": "/data/shapenet_blender/all_50_random/02958343/ec65260a83a395e850df5ffbac7e7f74/r_25",
            "rotation": 0.12566370614359174,
            "transform_matrix": [
                [
                    0.8564375638961792,
                    0.16770291328430176,
                    -0.4882524013519287,
                    -1.9682085514068604
                ],
                [
                    -0.5162506103515625,
                    0.27821189165115356,
                    -0.8099896907806396,
                    -3.2651731967926025
                ],
                [
                    -1.4901161193847656e-08,
                    0.9457663297653198,
                    0.3248478174209595,
                    1.3095035552978516
                ],
                [
                    0.0,
                    0.0,
                    0.0,
                    1.0
                ]
            ]
        },
        {
            "file_path": "/data/shapenet_blender/all_50_random/02958343/ec65260a83a395e850df5ffbac7e7f74/r_26",
            "rotation": 0.12566370614359174,
            "transform_matrix": [
                [
                    -0.35756728053092957,
                    0.4179557263851166,
                    0.8351397514343262,
                    3.366556406021118
                ],
                [
                    0.9338874220848083,
                    0.16002710163593292,
                    0.3197587728500366,
                    1.2889889478683472
                ],
                [
                    0.0,
                    0.8942617774009705,
                    -0.44754403829574585,
                    -1.8041080236434937
                ],
                [
                    0.0,
                    0.0,
                    0.0,
                    1.0
                ]
            ]
        },
        {
            "file_path": "/data/shapenet_blender/all_50_random/02958343/ec65260a83a395e850df5ffbac7e7f74/r_27",
            "rotation": 0.12566370614359174,
            "transform_matrix": [
                [
                    -0.5296516418457031,
                    0.03406749665737152,
                    -0.8475308418273926,
                    -3.416505813598633
                ],
                [
                    -0.8482152223587036,
                    -0.021272793412208557,
                    0.5292243361473083,
                    2.133371591567993
                ],
                [
                    1.8626450382086546e-09,
                    0.9991930723190308,
                    0.04016374424099922,
                    0.1619052290916443
                ],
                [
                    0.0,
                    0.0,
                    0.0,
                    1.0
                ]
            ]
        },
        {
            "file_path": "/data/shapenet_blender/all_50_random/02958343/ec65260a83a395e850df5ffbac7e7f74/r_28",
            "rotation": 0.12566370614359174,
            "transform_matrix": [
                [
                    0.16669148206710815,
                    -0.7013797163963318,
                    -0.6930226683616638,
                    -2.793663740158081
                ],
                [
                    -0.9860091209411621,
                    -0.11857295781373978,
                    -0.11716014891862869,
                    -0.472287654876709
                ],
                [
                    0.0,
                    0.7028563618659973,
                    -0.711331844329834,
                    -2.8674705028533936
                ],
                [
                    0.0,
                    0.0,
                    0.0,
                    1.0
                ]
            ]
        },
        {
            "file_path": "/data/shapenet_blender/all_50_random/02958343/ec65260a83a395e850df5ffbac7e7f74/r_29",
            "rotation": 0.12566370614359174,
            "transform_matrix": [
                [
                    0.9460674524307251,
                    0.0003727699222508818,
                    0.32396942377090454,
                    1.3059625625610352
                ],
                [
                    0.32396963238716125,
                    -0.001088575809262693,
                    -0.9460668563842773,
                    -3.8137173652648926
                ],
                [
                    2.9103826987286752e-11,
                    0.9999993443489075,
                    -0.0011506322771310806,
                    -0.004638346843421459
                ],
                [
                    0.0,
                    0.0,
                    0.0,
                    1.0
                ]
            ]
        },
        {
            "file_path": "/data/shapenet_blender/all_50_random/02958343/ec65260a83a395e850df5ffbac7e7f74/r_30",
            "rotation": 0.12566370614359174,
            "transform_matrix": [
                [
                    0.8800638914108276,
                    0.43263545632362366,
                    0.19573967158794403,
                    0.7890518307685852
                ],
                [
                    0.4748552441596985,
                    -0.8018166422843933,
                    -0.3627703785896301,
                    -1.462374210357666
                ],
                [
                    0.0,
                    0.4122091233730316,
                    -0.9110892415046692,
                    -3.6727182865142822
                ],
                [
                    0.0,
                    0.0,
                    0.0,
                    1.0
                ]
            ]
        },
        {
            "file_path": "/data/shapenet_blender/all_50_random/02958343/ec65260a83a395e850df5ffbac7e7f74/r_31",
            "rotation": 0.12566370614359174,
            "transform_matrix": [
                [
                    -0.5628222227096558,
                    -0.23168817162513733,
                    0.7934428453445435,
                    3.1984705924987793
                ],
                [
                    0.8265779614448547,
                    -0.1577579826116562,
                    0.540260374546051,
                    2.1778595447540283
                ],
                [
                    0.0,
                    0.9599129557609558,
                    0.28029802441596985,
                    1.1299176216125488
                ],
                [
                    0.0,
                    0.0,
                    0.0,
                    1.0
                ]
            ]
        },
        {
            "file_path": "/data/shapenet_blender/all_50_random/02958343/ec65260a83a395e850df5ffbac7e7f74/r_32",
            "rotation": 0.12566370614359174,
            "transform_matrix": [
                [
                    0.9921534657478333,
                    -0.08834262937307358,
                    0.08847168833017349,
                    0.3566408157348633
                ],
                [
                    0.1250266432762146,
                    0.7010461091995239,
                    -0.7020702362060547,
                    -2.8301358222961426
                ],
                [
                    0.0,
                    0.7076227068901062,
                    0.7065904140472412,
                    2.8483572006225586
                ],
                [
                    0.0,
                    0.0,
                    0.0,
                    1.0
                ]
            ]
        },
        {
            "file_path": "/data/shapenet_blender/all_50_random/02958343/ec65260a83a395e850df5ffbac7e7f74/r_33",
            "rotation": 0.12566370614359174,
            "transform_matrix": [
                [
                    0.02236289158463478,
                    0.12969419360160828,
                    -0.9913017749786377,
                    -3.996065378189087
                ],
                [
                    -0.9997499585151672,
                    0.0029010626021772623,
                    -0.022173918783664703,
                    -0.08938592672348022
                ],
                [
                    -2.3283064365386963e-10,
                    0.9915497899055481,
                    0.12972663342952728,
                    0.5229448080062866
                ],
                [
                    0.0,
                    0.0,
                    0.0,
                    1.0
                ]
            ]
        },
        {
            "file_path": "/data/shapenet_blender/all_50_random/02958343/ec65260a83a395e850df5ffbac7e7f74/r_34",
            "rotation": 0.12566370614359174,
            "transform_matrix": [
                [
                    0.9999685883522034,
                    0.0026606738101691008,
                    0.007468787953257561,
                    0.03010764718055725
                ],
                [
                    0.007928553968667984,
                    -0.33557066321372986,
                    -0.9419816732406616,
                    -3.7972495555877686
                ],
                [
                    2.3283064365386963e-10,
                    0.9420112371444702,
                    -0.3355812132358551,
                    -1.3527711629867554
                ],
                [
                    0.0,
                    0.0,
                    0.0,
                    1.0
                ]
            ]
        },
        {
            "file_path": "/data/shapenet_blender/all_50_random/02958343/ec65260a83a395e850df5ffbac7e7f74/r_35",
            "rotation": 0.12566370614359174,
            "transform_matrix": [
                [
                    0.9857063889503479,
                    -0.030263742431998253,
                    -0.1657322198152542,
                    -0.6680880188941956
                ],
                [
                    -0.1684727519750595,
                    -0.17706817388534546,
                    -0.9696719646453857,
                    -3.9088728427886963
                ],
                [
                    0.0,
                    0.9837331175804138,
                    -0.17963582277297974,
                    -0.7241352200508118
                ],
                [
                    0.0,
                    0.0,
                    0.0,
                    1.0
                ]
            ]
        },
        {
            "file_path": "/data/shapenet_blender/all_50_random/02958343/ec65260a83a395e850df5ffbac7e7f74/r_36",
            "rotation": 0.12566370614359174,
            "transform_matrix": [
                [
                    0.7924520373344421,
                    -0.4947817623615265,
                    -0.3566662669181824,
                    -1.4377678632736206
                ],
                [
                    -0.6099343299865723,
                    -0.6428410410881042,
                    -0.4633956551551819,
                    -1.868007779121399
                ],
                [
                    0.0,
                    0.5847618579864502,
                    -0.8112049698829651,
                    -3.2700719833374023
                ],
                [
                    0.0,
                    0.0,
                    0.0,
                    1.0
                ]
            ]
        },
        {
            "file_path": "/data/shapenet_blender/all_50_random/02958343/ec65260a83a395e850df5ffbac7e7f74/r_37",
            "rotation": 0.12566370614359174,
            "transform_matrix": [
                [
                    0.37172502279281616,
                    0.8110617995262146,
                    0.45166271924972534,
                    1.8207106590270996
                ],
                [
                    0.9283429384231567,
                    -0.32476356625556946,
                    -0.18085378408432007,
                    -0.7290449142456055
                ],
                [
                    0.0,
                    0.4865257740020752,
                    -0.8736662268638611,
                    -3.5218613147735596
                ],
                [
                    0.0,
                    0.0,
                    0.0,
                    1.0
                ]
            ]
        },
        {
            "file_path": "/data/shapenet_blender/all_50_random/02958343/ec65260a83a395e850df5ffbac7e7f74/r_38",
            "rotation": 0.12566370614359174,
            "transform_matrix": [
                [
                    0.6675952672958374,
                    -0.2295249104499817,
                    -0.7082619071006775,
                    -2.855095148086548
                ],
                [
                    -0.7445244193077087,
                    -0.2058088779449463,
                    -0.635079562664032,
                    -2.5600876808166504
                ],
                [
                    0.0,
                    0.9512944221496582,
                    -0.30828389525413513,
                    -1.2427321672439575
                ],
                [
                    0.0,
                    0.0,
                    0.0,
                    1.0
                ]
            ]
        },
        {
            "file_path": "/data/shapenet_blender/all_50_random/02958343/ec65260a83a395e850df5ffbac7e7f74/r_39",
            "rotation": 0.12566370614359174,
            "transform_matrix": [
                [
                    -0.7113432884216309,
                    0.042959846556186676,
                    0.7015306353569031,
                    2.827960729598999
                ],
                [
                    0.7028448581695557,
                    0.04347929358482361,
                    0.7100131511688232,
                    2.862154722213745
                ],
                [
                    -1.862645149230957e-09,
                    0.998130202293396,
                    -0.06112281233072281,
                    -0.24639394879341125
                ],
                [
                    0.0,
                    0.0,
                    0.0,
                    1.0
                ]
            ]
        },
        {
            "file_path": "/data/shapenet_blender/all_50_random/02958343/ec65260a83a395e850df5ffbac7e7f74/r_40",
            "rotation": 0.12566370614359174,
            "transform_matrix": [
                [
                    0.5781366229057312,
                    0.815780520439148,
                    0.016127511858940125,
                    0.06501208245754242
                ],
                [
                    0.8159399628639221,
                    -0.5780236124992371,
                    -0.011427194811403751,
                    -0.04606449604034424
                ],
                [
                    0.0,
                    0.01976713165640831,
                    -0.999804675579071,
                    -4.030341625213623
                ],
                [
                    0.0,
                    0.0,
                    0.0,
                    1.0
                ]
            ]
        },
        {
            "file_path": "/data/shapenet_blender/all_50_random/02958343/ec65260a83a395e850df5ffbac7e7f74/r_41",
            "rotation": 0.12566370614359174,
            "transform_matrix": [
                [
                    -0.5380291938781738,
                    0.4152261018753052,
                    -0.7335610389709473,
                    -2.9570794105529785
                ],
                [
                    -0.8429262638092041,
                    -0.2650335729122162,
                    0.4682227671146393,
                    1.8874664306640625
                ],
                [
                    0.0,
