{
    "class": "02958343",
    "model": "96c404939bdba58331ec7db1bc2ab2b4",
    "remove_doubles": true,
    "edge_split": true,
    "denoise": true,
    "camera_angle_x": 0.6911112070083618,
    "scale_factor": 2.3067359755571903,
    "hdri_file": "/data/IndoorHDRDataset2018/9C4A8241-149ce906fc.exr",
    "center_offset": [
        0.0,
        -9.313225746154785e-10,
        0.0
    ],
    "lights": [],
    "frames": [
        {
            "file_path": "/data/shapenet_blender/all_50_random/02958343/96c404939bdba58331ec7db1bc2ab2b4/r_0",
            "rotation": 0.12566370614359174,
            "transform_matrix": [
                [
                    0.8539939522743225,
                    -0.1255059838294983,
                    0.5049185752868652,
                    2.0353918075561523
                ],
                [
                    0.5202831625938416,
                    0.2060057818889618,
                    -0.8287744522094727,
                    -3.3408966064453125
                ],
                [
                    7.450581485102248e-09,
                    0.9704688787460327,
                    0.24122631549835205,
                    0.9724143743515015
                ],
                [
                    0.0,
                    0.0,
                    0.0,
                    1.0
                ]
            ]
        },
        {
            "file_path": "/data/shapenet_blender/all_50_random/02958343/96c404939bdba58331ec7db1bc2ab2b4/r_1",
            "rotation": 0.12566370614359174,
            "transform_matrix": [
                [
                    -0.9943603873252869,
                    0.04186606779694557,
                    -0.09744013100862503,
                    -0.39279377460479736
                ],
                [
                    -0.10605350881814957,
                    -0.39253726601600647,
                    0.9136011004447937,
                    3.6828441619873047
                ],
                [
                    3.725290076417309e-09,
                    0.9187827110290527,
                    0.3947635591030121,
                    1.5913429260253906
                ],
                [
                    0.0,
                    0.0,
                    0.0,
                    1.0
                ]
            ]
        },
        {
            "file_path": "/data/shapenet_blender/all_50_random/02958343/96c404939bdba58331ec7db1bc2ab2b4/r_2",
            "rotation": 0.12566370614359174,
            "transform_matrix": [
                [
                    0.6195901036262512,
                    -0.0317269004881382,
                    0.7842841148376465,
                    3.1615500450134277
                ],
                [
                    0.7849255204200745,
                    0.025043999776244164,
                    -0.619083821773529,
                    -2.4956064224243164
                ],
                [
                    0.0,
                    0.9991827607154846,
                    0.04042027145624161,
                    0.16293931007385254
                ],
                [
                    0.0,
                    0.0,
                    0.0,
                    1.0
                ]
            ]
        },
        {
            "file_path": "/data/shapenet_blender/all_50_random/02958343/96c404939bdba58331ec7db1bc2ab2b4/r_3",
            "rotation": 0.12566370614359174,
            "transform_matrix": [
                [
                    0.5039984583854675,
                    -0.4218173325061798,
                    -0.7536946535110474,
                    -3.038240432739258
                ],
                [
                    -0.8637045621871948,
                    -0.24614354968070984,
                    -0.4398042857646942,
                    -1.7729077339172363
                ],
                [
                    0.0,
                    0.8726301193237305,
                    -0.4883815348148346,
                    -1.9687288999557495
                ],
                [
                    0.0,
                    0.0,
                    0.0,
                    1.0
                ]
            ]
        },
        {
            "file_path": "/data/shapenet_blender/all_50_random/02958343/96c404939bdba58331ec7db1bc2ab2b4/r_4",
            "rotation": 0.12566370614359174,
            "transform_matrix": [
                [
                    0.2072170078754425,
                    0.4971136450767517,
                    0.8425788283348083,
                    3.3965439796447754
                ],
                [
                    0.978295087814331,
                    -0.105295829474926,
                    -0.17847032845020294,
                    -0.7194368839263916
                ],
                [
                    7.450581485102248e-09,
                    0.8612726926803589,
                    -0.5081429481506348,
                    -2.0483896732330322
                ],
                [
                    0.0,
                    0.0,
                    0.0,
                    1.0
                ]
            ]
        },
        {
            "file_path": "/data/shapenet_blender/all_50_random/02958343/96c404939bdba58331ec7db1bc2ab2b4/r_5",
            "rotation": 0.12566370614359174,
            "transform_matrix": [
                [
                    -0.5671774744987488,
                    0.012383302673697472,
                    -0.8235023617744446,
                    -3.3196444511413574
                ],
                [
                    -0.8235955238342285,
                    -0.008527888916432858,
                    0.5671133399009705,
                    2.286107301712036
                ],
                [
                    0.0,
                    0.9998870491981506,
                    0.015035657212138176,
                    0.06061067804694176
                ],
                [
                    0.0,
                    0.0,
                    0.0,
                    1.0
                ]
            ]
        },
        {
            "file_path": "/data/shapenet_blender/all_50_random/02958343/96c404939bdba58331ec7db1bc2ab2b4/r_6",
            "rotation": 0.12566370614359174,
            "transform_matrix": [
                [
                    -0.7470866441726685,
                    -0.06077701598405838,
                    -0.6619423031806946,
                    -2.668375015258789
                ],
                [
                    -0.6647266745567322,
                    0.0683073177933693,
                    0.7439572811126709,
                    2.998987913131714
                ],
                [
                    3.725290298461914e-09,
                    0.9958113431930542,
                    -0.09143158048391342,
                    -0.36857253313064575
                ],
                [
                    0.0,
                    0.0,
                    0.0,
                    1.0
                ]
            ]
        },
        {
            "file_path": "/data/shapenet_blender/all_50_random/02958343/96c404939bdba58331ec7db1bc2ab2b4/r_7",
            "rotation": 0.12566370614359174,
            "transform_matrix": [
                [
                    -0.5132157206535339,
                    0.8344687223434448,
                    0.20067769289016724,
                    0.808957576751709
                ],
                [
                    0.8582594990730286,
                    0.4989894926548004,
                    0.11999977380037308,
                    0.48373448848724365
                ],
                [
                    0.0,
                    0.23381903767585754,
                    -0.9722801446914673,
                    -3.919386148452759
                ],
                [
                    0.0,
                    0.0,
                    0.0,
                    1.0
                ]
            ]
        },
        {
            "file_path": "/data/shapenet_blender/all_50_random/02958343/96c404939bdba58331ec7db1bc2ab2b4/r_8",
            "rotation": 0.12566370614359174,
            "transform_matrix": [
                [
                    -0.7758426070213318,
                    -0.2736431956291199,
                    0.5684958100318909,
                    2.291679859161377
                ],
                [
                    0.6309263706207275,
                    -0.3364958167076111,
                    0.699072539806366,
                    2.81805157661438
                ],
                [
                    1.4901160305669237e-08,
                    0.9010494351387024,
                    0.43371647596359253,
                    1.7483670711517334
                ],
                [
                    0.0,
                    0.0,
                    0.0,
                    1.0
                ]
            ]
        },
        {
            "file_path": "/data/shapenet_blender/all_50_random/02958343/96c404939bdba58331ec7db1bc2ab2b4/r_9",
            "rotation": 0.12566370614359174,
            "transform_matrix": [
                [
                    0.9645374417304993,
                    -0.046167995780706406,
                    -0.25987711548805237,
                    -1.047598123550415
                ],
                [
                    -0.26394620537757874,
                    -0.16871149837970734,
                    -0.9496676921844482,
                    -3.828233003616333
                ],
                [
                    -3.725290298461914e-09,
                    0.9845836758613586,
                    -0.1749144047498703,
                    -0.7051025032997131
                ],
                [
                    0.0,
                    0.0,
                    0.0,
                    1.0
                ]
            ]
        },
        {
            "file_path": "/data/shapenet_blender/all_50_random/02958343/96c404939bdba58331ec7db1bc2ab2b4/r_10",
            "rotation": 0.12566370614359174,
            "transform_matrix": [
                [
                    0.29202568531036377,
                    0.410523384809494,
                    -0.8638238310813904,
                    -3.482184886932373
                ],
                [
                    -0.9564104676246643,
                    0.12534719705581665,
                    -0.263755738735199,
                    -1.0632332563400269
                ],
                [
                    0.0,
                    0.903193473815918,
                    0.4292335510253906,
                    1.7302955389022827
                ],
                [
                    0.0,
                    0.0,
                    0.0,
                    1.0
                ]
            ]
        },
        {
            "file_path": "/data/shapenet_blender/all_50_random/02958343/96c404939bdba58331ec7db1bc2ab2b4/r_11",
            "rotation": 0.12566370614359174,
            "transform_matrix": [
                [
                    -0.9971042275428772,
                    -0.07090062648057938,
                    0.027499817311763763,
                    0.11085531115531921
                ],
                [
                    0.07604694366455078,
                    -0.9296272397041321,
                    0.36056914925575256,
                    1.453500747680664
                ],
                [
                    0.0,
                    0.36161625385284424,
                    0.9323269724845886,
                    3.7583303451538086
                ],
                [
                    0.0,
                    0.0,
                    0.0,
                    1.0
                ]
            ]
        },
        {
            "file_path": "/data/shapenet_blender/all_50_random/02958343/96c404939bdba58331ec7db1bc2ab2b4/r_12",
            "rotation": 0.12566370614359174,
            "transform_matrix": [
                [
                    0.9983441829681396,
                    0.01265427190810442,
                    -0.056115247309207916,
                    -0.22620779275894165
                ],
                [
                    -0.057524360716342926,
                    0.2196168601512909,
                    -0.9738888144493103,
                    -3.9258713722229004
                ],
                [
                    9.31322685637781e-10,
                    0.9755041003227234,
                    0.2199811190366745,
                    0.8867722749710083
                ],
                [
                    0.0,
                    0.0,
                    0.0,
                    1.0
                ]
            ]
        },
        {
            "file_path": "/data/shapenet_blender/all_50_random/02958343/96c404939bdba58331ec7db1bc2ab2b4/r_13",
            "rotation": 0.12566370614359174,
            "transform_matrix": [
                [
                    0.9988526701927185,
                    0.04492448270320892,
                    0.016587672755122185,
                    0.06686705350875854
                ],
                [
                    0.047889042645692825,
                    -0.9370189309120178,
                    -0.34597980976104736,
                    -1.3946893215179443
                ],
                [
                    0.0,
                    0.3463771343231201,
                    -0.938095211982727,
                    -3.781583070755005
                ],
                [
                    0.0,
                    0.0,
                    0.0,
                    1.0
                ]
            ]
        },
        {
            "file_path": "/data/shapenet_blender/all_50_random/02958343/96c404939bdba58331ec7db1bc2ab2b4/r_14",
            "rotation": 0.12566370614359174,
            "transform_matrix": [
                [
                    -0.7393979430198669,
                    0.11744264513254166,
                    -0.662946343421936,
                    -2.672422409057617
                ],
                [
                    -0.673268735408783,
                    -0.12897799909114838,
                    0.7280617356300354,
                    2.934911012649536
                ],
                [
                    0.0,
                    0.9846683740615845,
                    0.1744365096092224,
                    0.7031761407852173
                ],
                [
                    0.0,
                    0.0,
                    0.0,
                    1.0
                ]
            ]
        },
        {
            "file_path": "/data/shapenet_blender/all_50_random/02958343/96c404939bdba58331ec7db1bc2ab2b4/r_15",
            "rotation": 0.12566370614359174,
            "transform_matrix": [
                [
                    0.9654487371444702,
                    0.2215825319290161,
                    0.13714928925037384,
                    0.552866518497467
                ],
                [
                    0.26059308648109436,
                    -0.8209218382835388,
                    -0.5081124901771545,
                    -2.048267126083374
                ],
                [
                    -7.450581485102248e-09,
                    0.5262966156005859,
                    -0.8503008484840393,
                    -3.4276726245880127
                ],
                [
                    0.0,
                    0.0,
                    0.0,
                    1.0
                ]
            ]
        },
        {
            "file_path": "/data/shapenet_blender/all_50_random/02958343/96c404939bdba58331ec7db1bc2ab2b4/r_16",
            "rotation": 0.12566370614359174,
            "transform_matrix": [
                [
                    0.9966503977775574,
                    -0.031693797558546066,
                    -0.07538927346467972,
                    -0.30390387773513794
                ],
                [
                    -0.08178043365478516,
                    -0.38624927401542664,
                    -0.9187619090080261,
                    -3.7036476135253906
                ],
                [
                    1.862645149230957e-09,
                    0.92184978723526,
                    -0.38754740357398987,
                    -1.5622535943984985
                ],
                [
                    0.0,
                    0.0,
                    0.0,
                    1.0
                ]
            ]
        },
        {
            "file_path": "/data/shapenet_blender/all_50_random/02958343/96c404939bdba58331ec7db1bc2ab2b4/r_17",
            "rotation": 0.12566370614359174,
            "transform_matrix": [
                [
                    -0.7198391556739807,
                    -0.0570426844060421,
                    -0.6917931437492371,
                    -2.7887070178985596
                ],
                [
                    -0.6941408514976501,
                    0.05915450304746628,
                    0.7174045443534851,
                    2.8919498920440674
                ],
                [
                    0.0,
                    0.9966176152229309,
                    -0.08217739313840866,
                    -0.3312676250934601
                ],
                [
                    0.0,
                    0.0,
                    0.0,
                    1.0
                ]
            ]
        },
        {
            "file_path": "/data/shapenet_blender/all_50_random/02958343/96c404939bdba58331ec7db1bc2ab2b4/r_18",
            "rotation": 0.12566370614359174,
            "transform_matrix": [
                [
                    0.9578065872192383,
                    -0.18092183768749237,
                    -0.22332435846328735,
                    -0.9002493023872375
                ],
                [
                    -0.28741341829299927,
                    -0.6029228568077087,
                    -0.7442294359207153,
                    -3.00008487701416
                ],
                [
                    0.0,
                    0.7770142555236816,
                    -0.6294829249382019,
                    -2.537526845932007
                ],
                [
                    0.0,
                    0.0,
                    0.0,
                    1.0
                ]
            ]
        },
        {
            "file_path": "/data/shapenet_blender/all_50_random/02958343/96c404939bdba58331ec7db1bc2ab2b4/r_19",
            "rotation": 0.12566370614359174,
            "transform_matrix": [
                [
                    -0.803679347038269,
                    0.03436468541622162,
                    -0.5940696597099304,
                    -2.394771099090576
                ],
                [
                    -0.5950627326965332,
                    -0.04641222581267357,
                    0.8023380637168884,
                    3.234327793121338
                ],
                [
                    0.0,
                    0.9983310103416443,
                    0.05774969607591629,
                    0.23279644548892975
                ],
                [
                    0.0,
                    0.0,
                    0.0,
                    1.0
                ]
            ]
        },
        {
            "file_path": "/data/shapenet_blender/all_50_random/02958343/96c404939bdba58331ec7db1bc2ab2b4/r_20",
            "rotation": 0.12566370614359174,
            "transform_matrix": [
                [
                    -0.36946409940719604,
                    0.2626798152923584,
                    -0.8913447260856628,
                    -3.593125820159912
                ],
                [
                    -0.9292450547218323,
                    -0.10444045066833496,
                    0.3543950915336609,
                    1.428612470626831
                ],
                [
                    0.0,
                    0.95921391248703,
                    0.2826808989048004,
                    1.1395232677459717
                ],
                [
                    0.0,
                    0.0,
                    0.0,
                    1.0
                ]
            ]
        },
        {
            "file_path": "/data/shapenet_blender/all_50_random/02958343/96c404939bdba58331ec7db1bc2ab2b4/r_21",
            "rotation": 0.12566370614359174,
            "transform_matrix": [
                [
                    -0.8259794116020203,
                    -0.21934600174427032,
                    -0.5192738771438599,
                    -2.0932602882385254
                ],
                [
                    -0.5637003779411316,
                    0.32140347361564636,
                    0.7608820796012878,
                    3.067214012145996
                ],
                [
                    0.0,
                    0.9211878180503845,
                    -0.3891180157661438,
                    -1.5685850381851196
                ],
                [
                    0.0,
                    0.0,
                    0.0,
                    1.0
                ]
            ]
        },
        {
            "file_path": "/data/shapenet_blender/all_50_random/02958343/96c404939bdba58331ec7db1bc2ab2b4/r_22",
            "rotation": 0.12566370614359174,
            "transform_matrix": [
                [
                    -0.9652107954025269,
                    -0.040013574063777924,
                    -0.2583933174610138,
                    -1.0416167974472046
                ],
                [
                    -0.261473149061203,
                    0.14770744740962982,
                    0.9538418054580688,
                    3.845059394836426
                ],
                [
                    -3.725290742551124e-09,
                    0.9882212281227112,
                    -0.15303131937980652,
                    -0.6168889999389648
                ],
                [
                    0.0,
                    0.0,
                    0.0,
                    1.0
                ]
            ]
        },
        {
            "file_path": "/data/shapenet_blender/all_50_random/02958343/96c404939bdba58331ec7db1bc2ab2b4/r_23",
            "rotation": 0.12566370614359174,
            "transform_matrix": [
                [
                    -0.9998089671134949,
                    -0.004323042929172516,
                    0.019060306251049042,
                    0.07683455944061279
                ],
                [
                    0.019544411450624466,
                    -0.22114847600460052,
                    0.9750441908836365,
                    3.9305291175842285
                ],
                [
                    0.0,
                    0.9752305746078491,
                    0.2211907058954239,
                    0.8916482925415039
                ],
                [
                    0.0,
                    0.0,
                    0.0,
                    1.0
                ]
            ]
        },
        {
            "file_path": "/data/shapenet_blender/all_50_random/02958343/96c404939bdba58331ec7db1bc2ab2b4/r_24",
            "rotation": 0.12566370614359174,
            "transform_matrix": [
                [
                    -0.9200446009635925,
                    0.00486062653362751,
                    -0.3917836546897888,
                    -1.579330325126648
                ],
                [
                    -0.39181384444236755,
                    -0.011413566768169403,
                    0.9199737310409546,
                    3.7085325717926025
                ],
                [
                    0.0,
                    0.999923050403595,
                    0.012405450455844402,
                    0.05000796914100647
                ],
                [
                    0.0,
                    0.0,
                    0.0,
                    1.0
                ]
            ]
        },
        {
            "file_path": "/data/shapenet_blender/all_50_random/02958343/96c404939bdba58331ec7db1bc2ab2b4/r_25",
            "rotation": 0.12566370614359174,
            "transform_matrix": [
                [
                    -0.6342210173606873,
                    -0.6700218915939331,
                    0.38579061627388,
                    1.5551717281341553
                ],
                [
                    0.7731517553329468,
                    -0.5496229529380798,
                    0.316466361284256,
                    1.2757166624069214
                ],
                [
                    -1.4901161193847656e-08,
                    0.4989841878414154,
                    0.8666110634803772,
                    3.4934208393096924
                ],
                [
                    0.0,
                    0.0,
                    0.0,
                    1.0
                ]
            ]
        },
        {
            "file_path": "/data/shapenet_blender/all_50_random/02958343/96c404939bdba58331ec7db1bc2ab2b4/r_26",
            "rotation": 0.12566370614359174,
            "transform_matrix": [
                [
                    -0.8869310021400452,
                    0.17652857303619385,
                    0.42683839797973633,
                    1.720640778541565
                ],
                [
                    0.4619019329547882,
                    0.33896520733833313,
                    0.8196030259132385,
                    3.3039257526397705
                ],
                [
                    -1.4901161193847656e-08,
                    0.9240888953208923,
                    -0.38217759132385254,
                    -1.540607213973999
                ],
                [
                    0.0,
                    0.0,
                    0.0,
                    1.0
                ]
            ]
        },
        {
            "file_path": "/data/shapenet_blender/all_50_random/02958343/96c404939bdba58331ec7db1bc2ab2b4/r_27",
            "rotation": 0.12566370614359174,
            "transform_matrix": [
                [
                    0.9458451271057129,
                    -0.19574007391929626,
                    -0.2589649260044098,
                    -1.0439209938049316
                ],
                [
                    -0.32461822032928467,
                    -0.5703308582305908,
                    -0.754550039768219,
                    -3.0416884422302246
                ],
                [
                    -1.4901161193847656e-08,
                    0.7977521419525146,
                    -0.6029854416847229,
                    -2.4307119846343994
                ],
                [
                    0.0,
                    0.0,
                    0.0,
                    1.0
                ]
            ]
        },
        {
            "file_path": "/data/shapenet_blender/all_50_random/02958343/96c404939bdba58331ec7db1bc2ab2b4/r_28",
            "rotation": 0.12566370614359174,
            "transform_matrix": [
                [
                    0.8751795887947083,
                    -0.14433977007865906,
                    -0.46176475286483765,
                    -1.8614330291748047
                ],
                [
                    -0.483798086643219,
                    -0.26110732555389404,
                    -0.8353217840194702,
                    -3.3672893047332764
                ],
                [
                    -7.4505797087454084e-09,
                    0.9544573426246643,
                    -0.2983471751213074,
                    -1.2026758193969727
                ],
                [
                    0.0,
                    0.0,
                    0.0,
                    1.0
                ]
            ]
        },
        {
            "file_path": "/data/shapenet_blender/all_50_random/02958343/96c404939bdba58331ec7db1bc2ab2b4/r_29",
            "rotation": 0.12566370614359174,
            "transform_matrix": [
                [
                    0.6227157115936279,
                    -0.07548299431800842,
                    -0.7787986397743225,
                    -3.1394379138946533
                ],
                [
                    -0.7824480533599854,
                    -0.06007356569170952,
                    -0.6198112964630127,
                    -2.498539447784424
                ],
                [
                    3.725290076417309e-09,
                    0.9953358769416809,
                    -0.09647027403116226,
                    -0.38888415694236755
                ],
                [
                    0.0,
                    0.0,
                    0.0,
                    1.0
                ]
            ]
        },
        {
            "file_path": "/data/shapenet_blender/all_50_random/02958343/96c404939bdba58331ec7db1bc2ab2b4/r_30",
            "rotation": 0.12566370614359174,
            "transform_matrix": [
                [
                    -0.07903147488832474,
                    -0.08956171572208405,
                    0.9928408265113831,
                    4.0022687911987305
                ],
                [
                    0.9968721270561218,
                    -0.0071004037745296955,
                    0.07871187478303909,
                    0.31729766726493835
                ],
                [
                    0.0,
                    0.9959559440612793,
                    0.08984273672103882,
                    0.362167626619339
                ],
                [
                    0.0,
                    0.0,
                    0.0,
                    1.0
                ]
            ]
        },
        {
            "file_path": "/data/shapenet_blender/all_50_random/02958343/96c404939bdba58331ec7db1bc2ab2b4/r_31",
            "rotation": 0.12566370614359174,
            "transform_matrix": [
                [
                    -0.6823794841766357,
                    0.012261471711099148,
                    0.7308951616287231,
                    2.9463326930999756
                ],
                [
                    0.7309979796409607,
                    0.011445964686572552,
                    0.6822835206985474,
                    2.750372886657715
                ],
                [
                    -9.313225746154785e-10,
                    0.9998592734336853,
                    -0.016773603856563568,
                    -0.06761655956506729
                ],
                [
                    0.0,
                    0.0,
                    0.0,
                    1.0
                ]
            ]
        },
        {
            "file_path": "/data/shapenet_blender/all_50_random/02958343/96c404939bdba58331ec7db1bc2ab2b4/r_32",
            "rotation": 0.12566370614359174,
            "transform_matrix": [
                [
                    0.11449763178825378,
                    0.6838079690933228,
                    0.7206224799156189,
                    2.9049224853515625
                ],
                [
                    0.993423581123352,
                    -0.07881269603967667,
                    -0.083055779337883,
                    -0.3348085880279541
                ],
                [
                    -3.725291186640334e-09,
                    0.7253929972648621,
                    -0.6883347630500793,
                    -2.774766445159912
                ],
                [
                    0.0,
                    0.0,
                    0.0,
                    1.0
                ]
            ]
        },
        {
            "file_path": "/data/shapenet_blender/all_50_random/02958343/96c404939bdba58331ec7db1bc2ab2b4/r_33",
            "rotation": 0.12566370614359174,
            "transform_matrix": [
                [
                    0.6495330929756165,
                    -0.5548415184020996,
                    -0.519862949848175,
                    -2.095634937286377
                ],
                [
                    -0.7603334188461304,
                    -0.47398680448532104,
                    -0.44410550594329834,
                    -1.7902467250823975
                ],
                [
                    -1.4901162970204496e-08,
                    0.6837303042411804,
                    -0.7297345995903015,
                    -2.9416544437408447
                ],
                [
                    0.0,
                    0.0,
                    0.0,
                    1.0
                ]
            ]
        },
        {
            "file_path": "/data/shapenet_blender/all_50_random/02958343/96c404939bdba58331ec7db1bc2ab2b4/r_34",
            "rotation": 0.12566370614359174,
            "transform_matrix": [
                [
                    0.9641173481941223,
                    0.04164084047079086,
                    -0.2621900737285614,
                    -1.0569218397140503
                ],
                [
                    -0.2654761075973511,
                    0.15122510492801666,
                    -0.9521835446357727,
                    -3.838374137878418
                ],
                [
                    0.0,
                    0.9876219630241394,
                    0.15685340762138367,
                    0.6322962641716003
                ],
                [
                    0.0,
                    0.0,
                    0.0,
                    1.0
                ]
            ]
        },
        {
            "file_path": "/data/shapenet_blender/all_50_random/02958343/96c404939bdba58331ec7db1bc2ab2b4/r_35",
            "rotation": 0.12566370614359174,
            "transform_matrix": [
                [
                    0.8924715518951416,
                    -0.2923249304294586,
                    0.34357061982154846,
                    1.3849775791168213
                ],
                [
                    0.4511038661003113,
                    0.5783405900001526,
                    -0.6797259449958801,
                    -2.740063190460205
                ],
                [
                    1.4901162970204496e-08,
                    0.7616220712661743,
                    0.6480213403701782,
                    2.612257719039917
                ],
                [
                    0.0,
                    0.0,
                    0.0,
                    1.0
                ]
            ]
        },
        {
            "file_path": "/data/shapenet_blender/all_50_random/02958343/96c404939bdba58331ec7db1bc2ab2b4/r_36",
            "rotation": 0.12566370614359174,
            "transform_matrix": [
                [
                    -0.9714502096176147,
                    0.07169302552938461,
                    -0.22615207731723785,
                    -0.9116482734680176
                ],
                [
                    -0.2372439056634903,
                    -0.29356375336647034,
                    0.9260321259498596,
                    3.73295521736145
                ],
                [
                    -1.4901162970204496e-08,
                    0.9532472491264343,
                    0.30219128727912903,
                    1.2181721925735474
                ],
                [
                    0.0,
                    0.0,
                    0.0,
                    1.0
                ]
            ]
        },
        {
            "file_path": "/data/shapenet_blender/all_50_random/02958343/96c404939bdba58331ec7db1bc2ab2b4/r_37",
            "rotation": 0.12566370614359174,
            "transform_matrix": [
                [
                    0.6619939208030701,
                    0.7420342564582825,
                    0.10558826476335526,
                    0.4256398677825928
                ],
                [
                    0.7495090961456299,
                    -0.6553918719291687,
                    -0.09325943142175674,
                    -0.37594074010849
                ],
                [
                    0.0,
                    0.14087694883346558,
                    -0.9900272488594055,
                    -3.99092698097229
                ],
                [
                    0.0,
                    0.0,
                    0.0,
                    1.0
                ]
            ]
        },
        {
            "file_path": "/data/shapenet_blender/all_50_random/02958343/96c404939bdba58331ec7db1bc2ab2b4/r_38",
            "rotation": 0.12566370614359174,
            "transform_matrix": [
                [
                    -0.2911841869354248,
                    -0.9202556610107422,
                    -0.2614215612411499,
                    -1.0538241863250732
                ],
                [
                    -0.9566670656204224,
                    0.2801015079021454,
                    0.07956981658935547,
                    0.3207562267780304
                ],
                [
                    0.0,
                    0.27326276898384094,
                    -0.9619393348693848,
                    -3.877701759338379
                ],
                [
                    0.0,
                    0.0,
                    0.0,
                    1.0
                ]
            ]
        },
        {
            "file_path": "/data/shapenet_blender/all_50_random/02958343/96c404939bdba58331ec7db1bc2ab2b4/r_39",
            "rotation": 0.12566370614359174,
            "transform_matrix": [
                [
                    0.6318289041519165,
                    -0.3020980954170227,
                    0.7138129472732544,
                    2.877472162246704
                ],
                [
                    0.7751079201698303,
                    0.24625515937805176,
                    -0.5818642973899841,
                    -2.3455703258514404
                ],
                [
                    -1.4901161193847656e-08,
                    0.920920729637146,
                    0.38974976539611816,
                    1.571131706237793
                ],
                [
                    0.0,
                    0.0,
                    0.0,
                    1.0
                ]
            ]
        },
        {
            "file_path": "/data/shapenet_blender/all_50_random/02958343/96c404939bdba58331ec7db1bc2ab2b4/r_40",
            "rotation": 0.12566370614359174,
            "transform_matrix": [
                [
                    0.23201856017112732,
                    0.5399271845817566,
                    -0.8091018199920654,
                    -3.261594295501709
                ],
                [
                    -0.972711443901062,
                    0.1287875473499298,
                    -0.1929931342601776,
                    -0.7779803276062012
                ],
                [
                    0.0,
                    0.831800639629364,
                    0.5550743341445923,
                    2.237576484680176
                ],
                [
                    0.0,
                    0.0,
                    0.0,
                    1.0
                ]
            ]
        },
        {
            "file_path": "/data/shapenet_blender/all_50_random/02958343/96c404939bdba58331ec7db1bc2ab2b4/r_41",
            "rotation": 0.12566370614359174,
            "transform_matrix": [
                [
                    -0.8861585855484009,
                    0.2743068337440491,
                    -0.37346863746643066,
                    -1.505500316619873
                ],
                [
                    -0.4633823037147522,
                    -0.5245763063430786,
                    0.7142103910446167,
                    2.8790743350982666
                ],
