{
    "class": "02958343",
    "model": "c907a6cb1b178999c805dfe4ca9f2fdb",
    "remove_doubles": true,
    "edge_split": true,
    "denoise": true,
    "camera_angle_x": 0.6911112070083618,
    "scale_factor": 2.2264525352162674,
    "hdri_file": "/data/IndoorHDRDataset2018/9C4A2353-d5d28ed5ca.exr",
    "center_offset": [
        0.0,
        1.862645149230957e-09,
        0.0
    ],
    "lights": [],
    "frames": [
        {
            "file_path": "/data/shapenet_blender/all_50_random/02958343/c907a6cb1b178999c805dfe4ca9f2fdb/r_0",
            "rotation": 0.12566370614359174,
            "transform_matrix": [
                [
                    -0.9447107315063477,
                    0.1115778312087059,
                    -0.308337539434433,
                    -1.2429484128952026
                ],
                [
                    -0.32790493965148926,
                    -0.32146134972572327,
                    0.8883360028266907,
                    3.5809969902038574
                ],
                [
                    0.0,
                    0.940325915813446,
                    0.3402749300003052,
                    1.3716920614242554
                ],
                [
                    0.0,
                    0.0,
                    0.0,
                    1.0
                ]
            ]
        },
        {
            "file_path": "/data/shapenet_blender/all_50_random/02958343/c907a6cb1b178999c805dfe4ca9f2fdb/r_1",
            "rotation": 0.12566370614359174,
            "transform_matrix": [
                [
                    -0.5328730344772339,
                    0.6104087829589844,
                    0.5860438942909241,
                    2.3624186515808105
                ],
                [
                    0.8461952209472656,
                    0.3843916356563568,
                    0.3690483570098877,
                    1.4876816272735596
                ],
                [
                    -1.4901161193847656e-08,
                    0.6925634145736694,
                    -0.7213568687438965,
                    -2.9078826904296875
                ],
                [
                    0.0,
                    0.0,
                    0.0,
                    1.0
                ]
            ]
        },
        {
            "file_path": "/data/shapenet_blender/all_50_random/02958343/c907a6cb1b178999c805dfe4ca9f2fdb/r_2",
            "rotation": 0.12566370614359174,
            "transform_matrix": [
                [
                    -0.7843453288078308,
                    0.5851690769195557,
                    -0.20586274564266205,
                    -0.8298593163490295
                ],
                [
                    -0.620324432849884,
                    -0.7398945093154907,
                    0.26029521226882935,
                    1.049283742904663
                ],
                [
                    1.4901161193847656e-08,
                    0.3318631052970886,
                    0.9433274865150452,
                    3.8026750087738037
                ],
                [
                    0.0,
                    0.0,
                    0.0,
                    1.0
                ]
            ]
        },
        {
            "file_path": "/data/shapenet_blender/all_50_random/02958343/c907a6cb1b178999c805dfe4ca9f2fdb/r_3",
            "rotation": 0.12566370614359174,
            "transform_matrix": [
                [
                    -0.4350796341896057,
                    -0.09128852933645248,
                    -0.8957523703575134,
                    -3.6108927726745605
                ],
                [
                    -0.9003919959068298,
                    0.04411165416240692,
                    0.43283772468566895,
                    1.7448244094848633
                ],
                [
                    0.0,
                    0.9948469996452332,
                    -0.10138755291700363,
                    -0.4087062478065491
                ],
                [
                    0.0,
                    0.0,
                    0.0,
                    1.0
                ]
            ]
        },
        {
            "file_path": "/data/shapenet_blender/all_50_random/02958343/c907a6cb1b178999c805dfe4ca9f2fdb/r_4",
            "rotation": 0.12566370614359174,
            "transform_matrix": [
                [
                    -0.6972367763519287,
                    0.02074066549539566,
                    -0.7165406942367554,
                    -2.8884682655334473
                ],
                [
                    -0.7168408632278442,
                    -0.0201734509319067,
                    0.6969447731971741,
                    2.809474468231201
                ],
                [
                    0.0,
                    0.9995812773704529,
                    0.02893342822790146,
                    0.11663438379764557
                ],
                [
                    0.0,
                    0.0,
                    0.0,
                    1.0
                ]
            ]
        },
        {
            "file_path": "/data/shapenet_blender/all_50_random/02958343/c907a6cb1b178999c805dfe4ca9f2fdb/r_5",
            "rotation": 0.12566370614359174,
            "transform_matrix": [
                [
                    -0.9819058775901794,
                    -0.04388944059610367,
                    -0.18421347439289093,
                    -0.7425882816314697
                ],
                [
                    -0.18936970829963684,
                    0.22757229208946228,
                    0.9551700949668884,
                    3.8504137992858887
                ],
                [
                    3.725290298461914e-09,
                    0.9727716445922852,
                    -0.23176588118076324,
                    -0.934278130531311
                ],
                [
                    0.0,
                    0.0,
                    0.0,
                    1.0
                ]
            ]
        },
        {
            "file_path": "/data/shapenet_blender/all_50_random/02958343/c907a6cb1b178999c805dfe4ca9f2fdb/r_6",
            "rotation": 0.12566370614359174,
            "transform_matrix": [
                [
                    -0.9628044366836548,
                    -0.09949985146522522,
                    0.25121182203292847,
                    1.0126674175262451
                ],
                [
                    0.2701992094516754,
                    -0.3545491695404053,
                    0.8951464891433716,
                    3.6084511280059814
                ],
                [
                    7.450580596923828e-09,
                    0.9297282695770264,
                    0.3682462275028229,
                    1.4844481945037842
                ],
                [
                    0.0,
                    0.0,
                    0.0,
                    1.0
                ]
            ]
        },
        {
            "file_path": "/data/shapenet_blender/all_50_random/02958343/c907a6cb1b178999c805dfe4ca9f2fdb/r_7",
            "rotation": 0.12566370614359174,
            "transform_matrix": [
                [
                    -0.17355969548225403,
                    0.3243824541568756,
                    -0.9298672080039978,
                    -3.7484145164489746
                ],
                [
                    -0.9848232865333557,
                    -0.05716733634471893,
                    0.1638745665550232,
                    0.6605995297431946
                ],
                [
                    3.725290076417309e-09,
                    0.9441969394683838,
                    0.32938137650489807,
                    1.3277788162231445
                ],
                [
                    0.0,
                    0.0,
                    0.0,
                    1.0
                ]
            ]
        },
        {
            "file_path": "/data/shapenet_blender/all_50_random/02958343/c907a6cb1b178999c805dfe4ca9f2fdb/r_8",
            "rotation": 0.12566370614359174,
            "transform_matrix": [
                [
                    -0.9975467324256897,
                    0.01100491639226675,
                    0.06913447380065918,
                    0.278689980506897
                ],
                [
                    0.0700048878788948,
                    0.15681643784046173,
                    0.9851436018943787,
                    3.971240997314453
                ],
                [
                    9.31322685637781e-10,
                    0.9875664114952087,
                    -0.1572021245956421,
                    -0.6337020397186279
                ],
                [
                    0.0,
                    0.0,
                    0.0,
                    1.0
                ]
            ]
        },
        {
            "file_path": "/data/shapenet_blender/all_50_random/02958343/c907a6cb1b178999c805dfe4ca9f2fdb/r_9",
            "rotation": 0.12566370614359174,
            "transform_matrix": [
                [
                    0.17478854954242706,
                    0.1115998849272728,
                    0.97826087474823,
                    3.943495750427246
                ],
                [
                    0.9846059679985046,
                    -0.0198113564401865,
                    -0.17366215586662292,
                    -0.7000545263290405
                ],
                [
                    -1.862645149230957e-09,
                    0.9935557246208191,
                    -0.1133446991443634,
                    -0.45690709352493286
                ],
                [
                    0.0,
                    0.0,
                    0.0,
                    1.0
                ]
            ]
        },
        {
            "file_path": "/data/shapenet_blender/all_50_random/02958343/c907a6cb1b178999c805dfe4ca9f2fdb/r_10",
            "rotation": 0.12566370614359174,
            "transform_matrix": [
                [
                    0.9944671392440796,
                    -0.10283979773521423,
                    -0.021429171785712242,
                    -0.08638375997543335
                ],
                [
                    -0.10504873096942902,
                    -0.9735558032989502,
                    -0.20286400616168976,
                    -0.8177710771560669
                ],
                [
                    0.0,
                    0.2039927840232849,
                    -0.9789722561836243,
                    -3.946363925933838
                ],
                [
                    0.0,
                    0.0,
                    0.0,
                    1.0
                ]
            ]
        },
        {
            "file_path": "/data/shapenet_blender/all_50_random/02958343/c907a6cb1b178999c805dfe4ca9f2fdb/r_11",
            "rotation": 0.12566370614359174,
            "transform_matrix": [
                [
                    -0.9050957560539246,
                    0.4107973873615265,
                    -0.10975933074951172,
                    -0.4424540400505066
                ],
                [
                    -0.4252076745033264,
                    -0.8744220733642578,
                    0.2336333692073822,
                    0.9418063163757324
                ],
                [
                    -7.450580152834618e-09,
                    0.25813111662864685,
                    0.9661098122596741,
                    3.8945133686065674
                ],
                [
                    0.0,
                    0.0,
                    0.0,
                    1.0
                ]
            ]
        },
        {
            "file_path": "/data/shapenet_blender/all_50_random/02958343/c907a6cb1b178999c805dfe4ca9f2fdb/r_12",
            "rotation": 0.12566370614359174,
            "transform_matrix": [
                [
                    0.6558956503868103,
                    0.18789462745189667,
                    0.731092631816864,
                    2.9471287727355957
                ],
                [
                    0.7548515796661377,
                    -0.16326293349266052,
                    -0.6352514028549194,
                    -2.5607802867889404
                ],
                [
                    0.0,
                    0.9685249924659729,
                    -0.24891600012779236,
                    -1.0034124851226807
                ],
                [
                    0.0,
                    0.0,
                    0.0,
                    1.0
                ]
            ]
        },
        {
            "file_path": "/data/shapenet_blender/all_50_random/02958343/c907a6cb1b178999c805dfe4ca9f2fdb/r_13",
            "rotation": 0.12566370614359174,
            "transform_matrix": [
                [
                    -0.8619982600212097,
                    0.23365163803100586,
                    0.4498511850833893,
                    1.8134081363677979
                ],
                [
                    0.5069113969802856,
                    0.39732250571250916,
                    0.7649678587913513,
                    3.083683967590332
                ],
                [
                    -1.4901161193847656e-08,
                    0.8874355554580688,
                    -0.4609318673610687,
                    -1.858075737953186
                ],
                [
                    0.0,
                    0.0,
                    0.0,
                    1.0
                ]
            ]
        },
        {
            "file_path": "/data/shapenet_blender/all_50_random/02958343/c907a6cb1b178999c805dfe4ca9f2fdb/r_14",
            "rotation": 0.12566370614359174,
            "transform_matrix": [
                [
                    0.20829778909683228,
                    -0.0786513239145279,
                    -0.9748979210853577,
                    -3.9299392700195312
                ],
                [
                    -0.9780654907226562,
                    -0.016750305891036987,
                    -0.2076231986284256,
                    -0.8369559049606323
                ],
                [
                    1.862645149230957e-09,
                    0.9967614412307739,
                    -0.08041519671678543,
                    -0.3241640329360962
                ],
                [
                    0.0,
                    0.0,
                    0.0,
                    1.0
                ]
            ]
        },
        {
            "file_path": "/data/shapenet_blender/all_50_random/02958343/c907a6cb1b178999c805dfe4ca9f2fdb/r_15",
            "rotation": 0.12566370614359174,
            "transform_matrix": [
                [
                    -0.9917744994163513,
                    -0.01406819187104702,
                    0.1272227168083191,
                    0.5128512382507324
                ],
                [
                    0.1279982030391693,
                    -0.10900522023439407,
                    0.9857657551765442,
                    3.9737491607666016
                ],
                [
                    -9.31322685637781e-10,
                    0.993941605091095,
                    0.109909288585186,
                    0.4430585503578186
                ],
                [
                    0.0,
                    0.0,
                    0.0,
                    1.0
                ]
            ]
        },
        {
            "file_path": "/data/shapenet_blender/all_50_random/02958343/c907a6cb1b178999c805dfe4ca9f2fdb/r_16",
            "rotation": 0.12566370614359174,
            "transform_matrix": [
                [
                    -0.5502451658248901,
                    0.19435256719589233,
                    0.8120697736740112,
                    3.2735579013824463
                ],
                [
                    0.835003137588501,
                    0.12807324528694153,
                    0.5351327061653137,
                    2.157188892364502
                ],
                [
                    0.0,
                    0.9725348949432373,
                    -0.23275671899318695,
                    -0.9382723569869995
                ],
                [
                    0.0,
                    0.0,
                    0.0,
                    1.0
                ]
            ]
        },
        {
            "file_path": "/data/shapenet_blender/all_50_random/02958343/c907a6cb1b178999c805dfe4ca9f2fdb/r_17",
            "rotation": 0.12566370614359174,
            "transform_matrix": [
                [
                    0.8798586130142212,
                    -0.23609039187431335,
                    0.4124441146850586,
                    1.662615418434143
                ],
                [
                    0.4752355217933655,
                    0.43710148334503174,
                    -0.763605535030365,
                    -3.0781924724578857
                ],
                [
                    0.0,
                    0.867872953414917,
                    0.49678608775138855,
                    2.0026087760925293
                ],
                [
                    0.0,
                    0.0,
                    0.0,
                    1.0
                ]
            ]
        },
        {
            "file_path": "/data/shapenet_blender/all_50_random/02958343/c907a6cb1b178999c805dfe4ca9f2fdb/r_18",
            "rotation": 0.12566370614359174,
            "transform_matrix": [
                [
                    -0.9795039296150208,
                    -0.11474303901195526,
                    -0.1655479222536087,
                    -0.6673451066017151
                ],
                [
                    -0.20142515003681183,
                    0.5579802989959717,
                    0.805037796497345,
                    3.245211362838745
                ],
                [
                    -7.450580596923828e-09,
                    0.8218832015991211,
                    -0.5696558952331543,
                    -2.296356678009033
                ],
                [
                    0.0,
                    0.0,
                    0.0,
                    1.0
                ]
            ]
        },
        {
            "file_path": "/data/shapenet_blender/all_50_random/02958343/c907a6cb1b178999c805dfe4ca9f2fdb/r_19",
            "rotation": 0.12566370614359174,
            "transform_matrix": [
                [
                    -0.721538782119751,
                    0.20367476344108582,
                    -0.661738932132721,
                    -2.6675548553466797
                ],
                [
                    -0.692374050617218,
                    -0.2122540920972824,
                    0.6896132230758667,
                    2.7799198627471924
                ],
                [
                    1.4901161193847656e-08,
                    0.9557535648345947,
                    0.294168621301651,
                    1.1858316659927368
                ],
                [
                    0.0,
                    0.0,
                    0.0,
                    1.0
                ]
            ]
        },
        {
            "file_path": "/data/shapenet_blender/all_50_random/02958343/c907a6cb1b178999c805dfe4ca9f2fdb/r_20",
            "rotation": 0.12566370614359174,
            "transform_matrix": [
                [
                    -0.5558760166168213,
                    -0.11326439678668976,
                    -0.8235124945640564,
                    -3.319685220718384
                ],
                [
                    -0.8312651515007019,
                    0.07574113458395004,
                    0.5506917834281921,
                    2.219909906387329
                ],
                [
                    -3.725290076417309e-09,
                    0.9906737208366394,
                    -0.1362554281949997,
                    -0.5492632389068604
                ],
                [
                    0.0,
                    0.0,
                    0.0,
                    1.0
                ]
            ]
        },
        {
            "file_path": "/data/shapenet_blender/all_50_random/02958343/c907a6cb1b178999c805dfe4ca9f2fdb/r_21",
            "rotation": 0.12566370614359174,
            "transform_matrix": [
                [
                    -0.15212303400039673,
                    0.051018353551626205,
                    -0.9870438575744629,
                    -3.9789013862609863
                ],
                [
                    -0.988361656665802,
                    -0.007852456532418728,
                    0.15192019939422607,
                    0.6124099493026733
                ],
                [
                    0.0,
                    0.9986668229103088,
                    0.051619116216897964,
                    0.20808333158493042
                ],
                [
                    0.0,
                    0.0,
                    0.0,
                    1.0
                ]
            ]
        },
        {
            "file_path": "/data/shapenet_blender/all_50_random/02958343/c907a6cb1b178999c805dfe4ca9f2fdb/r_22",
            "rotation": 0.12566370614359174,
            "transform_matrix": [
                [
                    0.5598545670509338,
                    0.39803171157836914,
                    -0.7267279028892517,
                    -2.9295341968536377
                ],
                [
                    -0.8285909295082092,
                    0.2689383327960968,
                    -0.491028755903244,
                    -1.979400396347046
                ],
                [
                    -1.4901162970204496e-08,
                    0.8770648241043091,
                    0.4803718030452728,
                    1.9364408254623413
                ],
                [
                    0.0,
                    0.0,
                    0.0,
                    1.0
                ]
            ]
        },
        {
            "file_path": "/data/shapenet_blender/all_50_random/02958343/c907a6cb1b178999c805dfe4ca9f2fdb/r_23",
            "rotation": 0.12566370614359174,
            "transform_matrix": [
                [
                    -0.13184240460395813,
                    0.010875223204493523,
                    -0.9912111163139343,
                    -3.995699405670166
                ],
                [
                    -0.9912706613540649,
                    -0.0014464420964941382,
                    0.1318344920873642,
                    0.5314417481422424
                ],
                [
                    0.0,
                    0.9999398589134216,
                    0.010970993898808956,
                    0.044225484132766724
                ],
                [
                    0.0,
                    0.0,
                    0.0,
                    1.0
                ]
            ]
        },
        {
            "file_path": "/data/shapenet_blender/all_50_random/02958343/c907a6cb1b178999c805dfe4ca9f2fdb/r_24",
            "rotation": 0.12566370614359174,
            "transform_matrix": [
                [
                    0.13642026484012604,
                    0.5629202127456665,
                    0.81517493724823,
                    3.2860755920410156
                ],
                [
                    0.9906510710716248,
                    -0.07751844078302383,
                    -0.11225585639476776,
                    -0.45251786708831787
                ],
                [
                    0.0,
                    0.8228679299354553,
                    -0.568232536315918,
                    -2.290618896484375
                ],
                [
                    0.0,
                    0.0,
                    0.0,
                    1.0
                ]
            ]
        },
        {
            "file_path": "/data/shapenet_blender/all_50_random/02958343/c907a6cb1b178999c805dfe4ca9f2fdb/r_25",
            "rotation": 0.12566370614359174,
            "transform_matrix": [
                [
                    -0.9985187649726868,
                    0.053955044597387314,
                    0.007019941229373217,
                    0.028298288583755493
                ],
                [
                    0.054409805685281754,
                    0.9901731014251709,
                    0.12882867455482483,
                    0.5193250179290771
                ],
                [
                    0.0,
                    0.129019632935524,
                    -0.9916419982910156,
                    -3.997436761856079
                ],
                [
                    0.0,
                    0.0,
                    0.0,
                    1.0
                ]
            ]
        },
        {
            "file_path": "/data/shapenet_blender/all_50_random/02958343/c907a6cb1b178999c805dfe4ca9f2fdb/r_26",
            "rotation": 0.12566370614359174,
            "transform_matrix": [
                [
                    -0.915412962436676,
                    0.022902417927980423,
                    0.40186402201652527,
                    1.619965672492981
                ],
                [
                    0.4025161564350128,
                    0.05208528786897659,
                    0.9139298796653748,
                    3.684169292449951
                ],
                [
                    1.862645371275562e-09,
                    0.9983800053596497,
                    -0.05689813196659088,
                    -0.22936370968818665
                ],
                [
                    0.0,
                    0.0,
                    0.0,
                    1.0
                ]
            ]
        },
        {
            "file_path": "/data/shapenet_blender/all_50_random/02958343/c907a6cb1b178999c805dfe4ca9f2fdb/r_27",
            "rotation": 0.12566370614359174,
            "transform_matrix": [
                [
                    0.9928708672523499,
                    0.008964117616415024,
                    0.11885814368724823,
                    0.4791325330734253
                ],
                [
                    0.11919570714235306,
                    -0.07466889172792435,
                    -0.9900590181350708,
                    -3.991055727005005
                ],
                [
                    9.31322685637781e-10,
                    0.9971680045127869,
                    -0.07520504295825958,
                    -0.30316126346588135
                ],
                [
                    0.0,
                    0.0,
                    0.0,
                    1.0
                ]
            ]
        },
        {
            "file_path": "/data/shapenet_blender/all_50_random/02958343/c907a6cb1b178999c805dfe4ca9f2fdb/r_28",
            "rotation": 0.12566370614359174,
            "transform_matrix": [
                [
                    -0.7410354018211365,
                    -0.5284044742584229,
                    0.4143129587173462,
                    1.6701487302780151
                ],
                [
                    0.671466052532196,
                    -0.5831515192985535,
                    0.45723915100097656,
                    1.8431897163391113
                ],
                [
                    1.4901162970204496e-08,
                    0.6170273423194885,
                    0.7869417071342468,
                    3.1722631454467773
                ],
                [
                    0.0,
                    0.0,
                    0.0,
                    1.0
                ]
            ]
        },
        {
            "file_path": "/data/shapenet_blender/all_50_random/02958343/c907a6cb1b178999c805dfe4ca9f2fdb/r_29",
            "rotation": 0.12566370614359174,
            "transform_matrix": [
                [
                    -0.07258845865726471,
                    -0.9564422965049744,
                    -0.28275224566459656,
                    -1.1398109197616577
                ],
                [
                    -0.9973620176315308,
                    0.06961029767990112,
                    0.020578837022185326,
                    0.08295595645904541
                ],
                [
                    0.0,
                    0.2835003435611725,
                    -0.958972156047821,
                    -3.8657405376434326
                ],
                [
                    0.0,
                    0.0,
                    0.0,
                    1.0
                ]
            ]
        },
        {
            "file_path": "/data/shapenet_blender/all_50_random/02958343/c907a6cb1b178999c805dfe4ca9f2fdb/r_30",
            "rotation": 0.12566370614359174,
            "transform_matrix": [
                [
                    -0.2328941822052002,
                    0.45562678575515747,
                    -0.8591650128364563,
                    -3.463404893875122
                ],
                [
                    -0.9725020527839661,
                    -0.10911320894956589,
                    0.20575228333473206,
                    0.8294140100479126
                ],
                [
                    0.0,
                    0.8834582567214966,
                    0.46850988268852234,
                    1.8886237144470215
                ],
                [
                    0.0,
                    0.0,
                    0.0,
                    1.0
                ]
            ]
        },
        {
            "file_path": "/data/shapenet_blender/all_50_random/02958343/c907a6cb1b178999c805dfe4ca9f2fdb/r_31",
            "rotation": 0.12566370614359174,
            "transform_matrix": [
                [
                    0.9814176559448242,
                    -0.09265317022800446,
                    -0.16803184151649475,
                    -0.677358090877533
                ],
                [
                    -0.19188357889652252,
                    -0.473888635635376,
                    -0.8594242930412292,
                    -3.4644503593444824
                ],
                [
                    7.450580152834618e-09,
                    0.8756968975067139,
                    -0.4828612208366394,
                    -1.9464759826660156
                ],
                [
                    0.0,
                    0.0,
                    0.0,
                    1.0
                ]
            ]
        },
        {
            "file_path": "/data/shapenet_blender/all_50_random/02958343/c907a6cb1b178999c805dfe4ca9f2fdb/r_32",
            "rotation": 0.12566370614359174,
            "transform_matrix": [
                [
                    0.9875040650367737,
                    -0.023458680137991905,
                    -0.15583792328834534,
                    -0.6282027959823608
                ],
                [
                    -0.15759369730949402,
                    -0.14699535071849823,
                    -0.9765021800994873,
                    -3.936406373977661
                ],
                [
                    1.862645149230957e-09,
                    0.9888589382171631,
                    -0.14885543286800385,
                    -0.6000555157661438
                ],
                [
                    0.0,
                    0.0,
                    0.0,
                    1.0
                ]
            ]
        },
        {
            "file_path": "/data/shapenet_blender/all_50_random/02958343/c907a6cb1b178999c805dfe4ca9f2fdb/r_33",
            "rotation": 0.12566370614359174,
            "transform_matrix": [
                [
                    0.1181672215461731,
                    0.7478265762329102,
                    0.6532928943634033,
                    2.6335082054138184
                ],
                [
                    0.9929937124252319,
                    -0.08899208903312683,
                    -0.07774248719215393,
                    -0.31339001655578613
                ],
                [
                    0.0,
                    0.6579023599624634,
                    -0.7531030774116516,
                    -3.035855770111084
                ],
                [
                    0.0,
                    0.0,
                    0.0,
                    1.0
                ]
            ]
        },
        {
            "file_path": "/data/shapenet_blender/all_50_random/02958343/c907a6cb1b178999c805dfe4ca9f2fdb/r_34",
            "rotation": 0.12566370614359174,
            "transform_matrix": [
                [
                    0.6276143193244934,
                    -0.22937040030956268,
                    -0.7439687252044678,
                    -2.9990339279174805
                ],
                [
                    -0.7785244584083557,
                    -0.18490897119045258,
                    -0.5997569561004639,
                    -2.4176976680755615
                ],
                [
                    0.0,
                    0.9556138515472412,
                    -0.29462194442749023,
                    -1.1876590251922607
                ],
                [
                    0.0,
                    0.0,
                    0.0,
                    1.0
                ]
            ]
        },
        {
            "file_path": "/data/shapenet_blender/all_50_random/02958343/c907a6cb1b178999c805dfe4ca9f2fdb/r_35",
            "rotation": 0.12566370614359174,
            "transform_matrix": [
                [
                    -0.8315856456756592,
                    -0.2694263160228729,
                    0.48566946387290955,
                    1.9577962160110474
                ],
                [
                    0.5553966164588928,
                    -0.40340733528137207,
                    0.7271844148635864,
                    2.9313740730285645
                ],
                [
                    0.0,
                    0.8744551539421082,
                    0.4851062297821045,
                    1.9555257558822632
                ],
                [
                    0.0,
                    0.0,
                    0.0,
                    1.0
                ]
            ]
        },
        {
            "file_path": "/data/shapenet_blender/all_50_random/02958343/c907a6cb1b178999c805dfe4ca9f2fdb/r_36",
            "rotation": 0.12566370614359174,
            "transform_matrix": [
                [
                    -0.9870315790176392,
                    -0.06732377409934998,
                    0.14572644233703613,
                    0.5874421000480652
                ],
                [
                    0.16052629053592682,
                    -0.4139552116394043,
                    0.8960314393043518,
                    3.612018346786499
                ],
                [
                    3.725290298461914e-09,
                    0.9078043103218079,
                    0.4193940758705139,
                    1.690631628036499
                ],
                [
                    0.0,
                    0.0,
                    0.0,
                    1.0
                ]
            ]
        },
        {
            "file_path": "/data/shapenet_blender/all_50_random/02958343/c907a6cb1b178999c805dfe4ca9f2fdb/r_37",
            "rotation": 0.12566370614359174,
            "transform_matrix": [
                [
                    -0.7993924617767334,
                    0.2821626663208008,
                    0.5304297804832458,
                    2.138230562210083
                ],
                [
                    0.6008089780807495,
                    0.3754250407218933,
                    0.7057511210441589,
                    2.84497332572937
                ],
                [
                    0.0,
                    0.8828591704368591,
                    -0.4696378707885742,
                    -1.8931705951690674
                ],
                [
                    0.0,
                    0.0,
                    0.0,
                    1.0
                ]
            ]
        },
        {
            "file_path": "/data/shapenet_blender/all_50_random/02958343/c907a6cb1b178999c805dfe4ca9f2fdb/r_38",
            "rotation": 0.12566370614359174,
            "transform_matrix": [
                [
                    0.07130594551563263,
                    -0.013464727438986301,
                    -0.9973635673522949,
                    -4.020501136779785
                ],
                [
                    -0.9974545240402222,
                    -0.0009625652455724776,
                    -0.07129944115877151,
                    -0.2874172329902649
                ],
                [
                    5.820766785236131e-11,
                    0.9999088048934937,
                    -0.013499090448021889,
                    -0.05441657453775406
                ],
                [
                    0.0,
                    0.0,
                    0.0,
                    1.0
                ]
            ]
        },
        {
            "file_path": "/data/shapenet_blender/all_50_random/02958343/c907a6cb1b178999c805dfe4ca9f2fdb/r_39",
            "rotation": 0.12566370614359174,
            "transform_matrix": [
                [
                    0.25544729828834534,
                    -0.5150442123413086,
                    -0.8182151913642883,
                    -3.2983310222625732
                ],
                [
                    -0.9668230414390564,
                    -0.13608142733573914,
                    -0.2161831557750702,
                    -0.8714621663093567
                ],
                [
                    -7.450581485102248e-09,
                    0.8462926745414734,
                    -0.5327181816101074,
                    -2.1474556922912598
                ],
                [
                    0.0,
                    0.0,
                    0.0,
                    1.0
                ]
            ]
        },
        {
            "file_path": "/data/shapenet_blender/all_50_random/02958343/c907a6cb1b178999c805dfe4ca9f2fdb/r_40",
            "rotation": 0.12566370614359174,
            "transform_matrix": [
                [
                    -0.7020279169082642,
                    0.6028881072998047,
                    -0.3790550231933594,
                    -1.5280197858810425
                ],
                [
                    -0.7121493220329285,
                    -0.5943195223808289,
                    0.3736676871776581,
                    1.5063027143478394
                ],
                [
                    0.0,
                    0.5322690010070801,
                    0.8465752005577087,
                    3.412653923034668
                ],
                [
                    0.0,
                    0.0,
                    0.0,
                    1.0
                ]
            ]
        },
        {
            "file_path": "/data/shapenet_blender/all_50_random/02958343/c907a6cb1b178999c805dfe4ca9f2fdb/r_41",
            "rotation": 0.12566370614359174,
            "transform_matrix": [
                [
                    0.345157265663147,
                    -0.8351055979728699,
                    0.4283282458782196,
                    1.7266464233398438
                ],
                [
                    0.9385448694229126,
                    0.30711668729782104,
                    -0.1575210988521576,
