{
    "class": "02958343",
    "model": "3c6d7c6ce950917b3a93df79ef2b80ef",
    "remove_doubles": true,
    "edge_split": true,
    "denoise": true,
    "camera_angle_x": 0.6911112070083618,
    "scale_factor": 2.234579475724351,
    "hdri_file": "/data/IndoorHDRDataset2018/9C4A9876-0fe6327618.exr",
    "center_offset": [
        0.0,
        0.0,
        -2.7939677238464355e-09
    ],
    "lights": [],
    "frames": [
        {
            "file_path": "/data/shapenet_blender/all_50_random/02958343/3c6d7c6ce950917b3a93df79ef2b80ef/r_0",
            "rotation": 0.12566370614359174,
            "transform_matrix": [
                [
                    0.9109406471252441,
                    0.3470815122127533,
                    0.22298337519168854,
                    0.8988747596740723
                ],
                [
                    0.41253751516342163,
                    -0.7664045691490173,
                    -0.4923785328865051,
                    -1.9848413467407227
                ],
                [
                    -1.4901161193847656e-08,
                    0.5405166149139404,
                    -0.8413333892822266,
                    -3.3915233612060547
                ],
                [
                    0.0,
                    0.0,
                    0.0,
                    1.0
                ]
            ]
        },
        {
            "file_path": "/data/shapenet_blender/all_50_random/02958343/3c6d7c6ce950917b3a93df79ef2b80ef/r_1",
            "rotation": 0.12566370614359174,
            "transform_matrix": [
                [
                    0.9262465834617615,
                    -0.20078898966312408,
                    -0.3189845383167267,
                    -1.2858679294586182
                ],
                [
                    -0.37691834568977356,
                    -0.49342286586761475,
                    -0.7838789820671082,
                    -3.1599175930023193
                ],
                [
                    0.0,
                    0.8462963700294495,
                    -0.5327122211456299,
                    -2.1474318504333496
                ],
                [
                    0.0,
                    0.0,
                    0.0,
                    1.0
                ]
            ]
        },
        {
            "file_path": "/data/shapenet_blender/all_50_random/02958343/3c6d7c6ce950917b3a93df79ef2b80ef/r_2",
            "rotation": 0.12566370614359174,
            "transform_matrix": [
                [
                    0.21009908616542816,
                    0.5777273774147034,
                    0.7887264490127563,
                    3.179457902908325
                ],
                [
                    0.9776801466941833,
                    -0.12415103614330292,
                    -0.16949377954006195,
                    -0.6832512617111206
                ],
                [
                    7.450580596923828e-09,
                    0.8067325949668884,
                    -0.590916633605957,
                    -2.382061243057251
                ],
                [
                    0.0,
                    0.0,
                    0.0,
                    1.0
                ]
            ]
        },
        {
            "file_path": "/data/shapenet_blender/all_50_random/02958343/3c6d7c6ce950917b3a93df79ef2b80ef/r_3",
            "rotation": 0.12566370614359174,
            "transform_matrix": [
                [
                    0.9592702388763428,
                    -0.22468313574790955,
                    -0.17122520506381989,
                    -0.6902309656143188
                ],
                [
                    -0.28248998522758484,
                    -0.7629716396331787,
                    -0.5814409255981445,
                    -2.3438634872436523
                ],
                [
                    -1.4901161193847656e-08,
                    0.6061283946037292,
                    -0.7953667044639587,
                    -3.206225872039795
                ],
                [
                    0.0,
                    0.0,
                    0.0,
                    1.0
                ]
            ]
        },
        {
            "file_path": "/data/shapenet_blender/all_50_random/02958343/3c6d7c6ce950917b3a93df79ef2b80ef/r_4",
            "rotation": 0.12566370614359174,
            "transform_matrix": [
                [
                    0.7112967371940613,
                    -0.3845626413822174,
                    0.5883608460426331,
                    2.371758460998535
                ],
                [
                    0.7028917670249939,
                    0.3891611397266388,
                    -0.5953962802886963,
                    -2.4001190662384033
                ],
                [
                    -1.4901160305669237e-08,
                    0.8370575308799744,
                    0.5471149682998657,
                    2.205491065979004
                ],
                [
                    0.0,
                    0.0,
                    0.0,
                    1.0
                ]
            ]
        },
        {
            "file_path": "/data/shapenet_blender/all_50_random/02958343/3c6d7c6ce950917b3a93df79ef2b80ef/r_5",
            "rotation": 0.12566370614359174,
            "transform_matrix": [
                [
                    -0.18356898427009583,
                    -0.31795549392700195,
                    -0.9301649332046509,
                    -3.749614715576172
                ],
                [
                    -0.9830068945884705,
                    0.05937574803829193,
                    0.17370116710662842,
                    0.7002118229866028
                ],
                [
                    0.0,
                    0.9462445974349976,
                    -0.323451966047287,
                    -1.3038766384124756
                ],
                [
                    0.0,
                    0.0,
                    0.0,
                    1.0
                ]
            ]
        },
        {
            "file_path": "/data/shapenet_blender/all_50_random/02958343/3c6d7c6ce950917b3a93df79ef2b80ef/r_6",
            "rotation": 0.12566370614359174,
            "transform_matrix": [
                [
                    0.10400503873825073,
                    0.14034083485603333,
                    0.984625518321991,
                    3.9691524505615234
                ],
                [
                    0.9945768117904663,
                    -0.014675742015242577,
                    -0.10296440869569778,
                    -0.415062814950943
                ],
                [
                    -9.313225746154785e-10,
                    0.989994466304779,
                    -0.14110608398914337,
                    -0.5688168406486511
                ],
                [
                    0.0,
                    0.0,
                    0.0,
                    1.0
                ]
            ]
        },
        {
            "file_path": "/data/shapenet_blender/all_50_random/02958343/3c6d7c6ce950917b3a93df79ef2b80ef/r_7",
            "rotation": 0.12566370614359174,
            "transform_matrix": [
                [
                    0.8602220416069031,
                    -0.02815995365381241,
                    -0.5091415047645569,
                    -2.052415132522583
                ],
                [
                    -0.5099196434020996,
                    -0.047505155205726624,
                    -0.8589093089103699,
                    -3.462374210357666
                ],
                [
                    0.0,
                    0.9984740018844604,
                    -0.05522429570555687,
                    -0.2226162552833557
                ],
                [
                    0.0,
                    0.0,
                    0.0,
                    1.0
                ]
            ]
        },
        {
            "file_path": "/data/shapenet_blender/all_50_random/02958343/3c6d7c6ce950917b3a93df79ef2b80ef/r_8",
            "rotation": 0.12566370614359174,
            "transform_matrix": [
                [
                    0.751352071762085,
                    0.03435823321342468,
                    0.6590065360069275,
                    2.6565401554107666
                ],
                [
                    0.6599015593528748,
                    -0.0391196683049202,
                    -0.7503330707550049,
                    -3.024688959121704
                ],
                [
                    0.0,
                    0.9986435174942017,
                    -0.05206570401787758,
                    -0.20988354086875916
                ],
                [
                    0.0,
                    0.0,
                    0.0,
                    1.0
                ]
            ]
        },
        {
            "file_path": "/data/shapenet_blender/all_50_random/02958343/3c6d7c6ce950917b3a93df79ef2b80ef/r_9",
            "rotation": 0.12566370614359174,
            "transform_matrix": [
                [
                    0.9747089147567749,
                    0.19638769328594208,
                    -0.10665154457092285,
                    -0.4299261271953583
                ],
                [
                    -0.22347860038280487,
                    0.8565510511398315,
                    -0.46516403555870056,
                    -1.8751362562179565
                ],
                [
                    0.0,
                    0.4772338569164276,
                    0.8787763118743896,
                    3.5424606800079346
                ],
                [
                    0.0,
                    0.0,
                    0.0,
                    1.0
                ]
            ]
        },
        {
            "file_path": "/data/shapenet_blender/all_50_random/02958343/3c6d7c6ce950917b3a93df79ef2b80ef/r_10",
            "rotation": 0.12566370614359174,
            "transform_matrix": [
                [
                    0.5354120135307312,
                    0.395720899105072,
                    -0.7461493611335754,
                    -3.007824420928955
                ],
                [
                    -0.8445911407470703,
                    0.2508595287799835,
                    -0.4730067849159241,
                    -1.9067516326904297
                ],
                [
                    -1.4901162970204496e-08,
                    0.8834446668624878,
                    0.468535453081131,
                    1.888727068901062
                ],
                [
                    0.0,
                    0.0,
                    0.0,
                    1.0
                ]
            ]
        },
        {
            "file_path": "/data/shapenet_blender/all_50_random/02958343/3c6d7c6ce950917b3a93df79ef2b80ef/r_11",
            "rotation": 0.12566370614359174,
            "transform_matrix": [
                [
                    -0.8446775674819946,
                    -0.26657894253730774,
                    0.46417170763015747,
                    1.8711360692977905
                ],
                [
                    0.535275399684906,
                    -0.4206680357456207,
                    0.7324742078781128,
                    2.952698230743408
                ],
                [
                    -1.4901161193847656e-08,
                    0.8671642541885376,
                    0.49802204966545105,
                    2.0075912475585938
                ],
                [
                    0.0,
                    0.0,
                    0.0,
                    1.0
                ]
            ]
        },
        {
            "file_path": "/data/shapenet_blender/all_50_random/02958343/3c6d7c6ce950917b3a93df79ef2b80ef/r_12",
            "rotation": 0.12566370614359174,
            "transform_matrix": [
                [
                    0.7709836959838867,
                    0.5784452557563782,
                    0.2664303183555603,
                    1.0740150213241577
                ],
                [
                    0.636854887008667,
                    -0.7002724409103394,
                    -0.32254356145858765,
                    -1.3002146482467651
                ],
                [
                    1.4901161193847656e-08,
                    0.4183533787727356,
                    -0.9082844257354736,
                    -3.6614115238189697
                ],
                [
                    0.0,
                    0.0,
                    0.0,
                    1.0
                ]
            ]
        },
        {
            "file_path": "/data/shapenet_blender/all_50_random/02958343/3c6d7c6ce950917b3a93df79ef2b80ef/r_13",
            "rotation": 0.12566370614359174,
            "transform_matrix": [
                [
                    0.986587643623352,
                    -0.003198348917067051,
                    -0.1632014662027359,
                    -0.6578861474990845
                ],
                [
                    -0.16323281824588776,
                    -0.019330987706780434,
                    -0.9863981604576111,
                    -3.9762980937957764
                ],
                [
                    0.0,
                    0.9998080730438232,
                    -0.01959378458559513,
                    -0.0789850726723671
                ],
                [
                    0.0,
                    0.0,
                    0.0,
                    1.0
                ]
            ]
        },
        {
            "file_path": "/data/shapenet_blender/all_50_random/02958343/3c6d7c6ce950917b3a93df79ef2b80ef/r_14",
            "rotation": 0.12566370614359174,
            "transform_matrix": [
                [
                    0.2746306359767914,
                    -0.830012321472168,
                    0.48544570803642273,
                    1.9568942785263062
                ],
                [
                    0.9615498781204224,
                    0.23706187307834625,
                    -0.1386493444442749,
                    -0.5589134097099304
                ],
                [
                    -7.450581485102248e-09,
                    0.5048574805259705,
                    0.863202691078186,
                    3.4796812534332275
                ],
                [
                    0.0,
                    0.0,
                    0.0,
                    1.0
                ]
            ]
        },
        {
            "file_path": "/data/shapenet_blender/all_50_random/02958343/3c6d7c6ce950917b3a93df79ef2b80ef/r_15",
            "rotation": 0.12566370614359174,
            "transform_matrix": [
                [
                    0.25081580877304077,
                    0.2085224688053131,
                    0.9453093409538269,
                    3.810663938522339
                ],
                [
                    0.9680348634719849,
                    -0.0540277324616909,
                    -0.24492765963077545,
                    -0.9873349666595459
                ],
                [
                    0.0,
                    0.9765241146087646,
                    -0.21540802717208862,
                    -0.8683375120162964
                ],
                [
                    0.0,
                    0.0,
                    0.0,
                    1.0
                ]
            ]
        },
        {
            "file_path": "/data/shapenet_blender/all_50_random/02958343/3c6d7c6ce950917b3a93df79ef2b80ef/r_16",
            "rotation": 0.12566370614359174,
            "transform_matrix": [
                [
                    0.9683206677436829,
                    -0.04191109910607338,
                    -0.2461678832769394,
                    -0.9923344850540161
                ],
                [
                    -0.24971017241477966,
                    -0.16252194344997406,
                    -0.9545844197273254,
                    -3.848052978515625
                ],
                [
                    -3.725290298461914e-09,
                    0.9858143925666809,
                    -0.16783897578716278,
                    -0.676580548286438
                ],
                [
                    0.0,
                    0.0,
                    0.0,
                    1.0
                ]
            ]
        },
        {
            "file_path": "/data/shapenet_blender/all_50_random/02958343/3c6d7c6ce950917b3a93df79ef2b80ef/r_17",
            "rotation": 0.12566370614359174,
            "transform_matrix": [
                [
                    0.1786276251077652,
                    -0.8705770969390869,
                    0.4584622085094452,
                    1.8481204509735107
                ],
                [
                    0.9839168190956116,
                    0.15805108845233917,
                    -0.08323266357183456,
                    -0.3355216383934021
                ],
                [
                    0.0,
                    0.4659564197063446,
                    0.8848076462745667,
                    3.5667738914489746
                ],
                [
                    0.0,
                    0.0,
                    0.0,
                    1.0
                ]
            ]
        },
        {
            "file_path": "/data/shapenet_blender/all_50_random/02958343/3c6d7c6ce950917b3a93df79ef2b80ef/r_18",
            "rotation": 0.12566370614359174,
            "transform_matrix": [
                [
                    -0.7693925499916077,
                    -0.03087240271270275,
                    0.6380296945571899,
                    2.5719802379608154
                ],
                [
                    0.6387761831283569,
                    -0.03718515858054161,
                    0.7684933543205261,
                    3.097896099090576
                ],
                [
                    0.0,
                    0.9988312721252441,
                    0.04833054170012474,
                    0.1948266625404358
                ],
                [
                    0.0,
                    0.0,
                    0.0,
                    1.0
                ]
            ]
        },
        {
            "file_path": "/data/shapenet_blender/all_50_random/02958343/3c6d7c6ce950917b3a93df79ef2b80ef/r_19",
            "rotation": 0.12566370614359174,
            "transform_matrix": [
                [
                    -0.3943135142326355,
                    -0.21490466594696045,
                    0.8934947848320007,
                    3.601792573928833
                ],
                [
                    0.9189758896827698,
                    -0.09221112728118896,
                    0.38338008522987366,
                    1.545454502105713
                ],
                [
                    -7.450580152834618e-09,
                    0.9722720384597778,
                    0.2338523417711258,
                    0.9426889419555664
                ],
                [
                    0.0,
                    0.0,
                    0.0,
                    1.0
                ]
            ]
        },
        {
            "file_path": "/data/shapenet_blender/all_50_random/02958343/3c6d7c6ce950917b3a93df79ef2b80ef/r_20",
            "rotation": 0.12566370614359174,
            "transform_matrix": [
                [
                    0.9582165479660034,
                    -0.09934782236814499,
                    -0.26823657751083374,
                    -1.0812963247299194
                ],
                [
                    -0.2860434651374817,
                    -0.3328051269054413,
                    -0.8985653519630432,
                    -3.6222331523895264
                ],
                [
                    0.0,
                    0.9377476572990417,
                    -0.3473171889781952,
                    -1.4000804424285889
                ],
                [
                    0.0,
                    0.0,
                    0.0,
                    1.0
                ]
            ]
        },
        {
            "file_path": "/data/shapenet_blender/all_50_random/02958343/3c6d7c6ce950917b3a93df79ef2b80ef/r_21",
            "rotation": 0.12566370614359174,
            "transform_matrix": [
                [
                    0.8954479694366455,
                    -0.08656282722949982,
                    -0.43666890263557434,
                    -1.7602689266204834
                ],
                [
                    -0.4451661705970764,
                    -0.17412039637565613,
                    -0.8783558011054993,
                    -3.5407660007476807
                ],
                [
                    0.0,
                    0.9809122681617737,
                    -0.19445057213306427,
                    -0.7838554382324219
                ],
                [
                    0.0,
                    0.0,
                    0.0,
                    1.0
                ]
            ]
        },
        {
            "file_path": "/data/shapenet_blender/all_50_random/02958343/3c6d7c6ce950917b3a93df79ef2b80ef/r_22",
            "rotation": 0.12566370614359174,
            "transform_matrix": [
                [
                    -0.9878268241882324,
                    0.08922701328992844,
                    -0.12742385268211365,
                    -0.5136619806289673
                ],
                [
                    -0.1555580347776413,
                    -0.56661057472229,
                    0.8091687560081482,
                    3.2618637084960938
                ],
                [
                    7.450581485102248e-09,
                    0.8191404342651367,
                    0.5735930800437927,
                    2.312227725982666
                ],
                [
                    0.0,
                    0.0,
                    0.0,
                    1.0
                ]
            ]
        },
        {
            "file_path": "/data/shapenet_blender/all_50_random/02958343/3c6d7c6ce950917b3a93df79ef2b80ef/r_23",
            "rotation": 0.12566370614359174,
            "transform_matrix": [
                [
                    0.9961215853691101,
                    0.057946909219026566,
                    -0.06621135026216507,
                    -0.2669064998626709
                ],
                [
                    -0.08798742294311523,
                    0.6560274958610535,
                    -0.7495906949043274,
                    -3.0216968059539795
                ],
                [
                    3.725290298461914e-09,
                    0.7525091767311096,
                    0.6585817337036133,
                    2.654827833175659
                ],
                [
                    0.0,
                    0.0,
                    0.0,
                    1.0
                ]
            ]
        },
        {
            "file_path": "/data/shapenet_blender/all_50_random/02958343/3c6d7c6ce950917b3a93df79ef2b80ef/r_24",
            "rotation": 0.12566370614359174,
            "transform_matrix": [
                [
                    0.9443822503089905,
                    0.3264690637588501,
                    -0.03949808329343796,
                    -0.15922188758850098
                ],
                [
                    -0.328849732875824,
                    0.9375454187393188,
                    -0.11342958360910416,
                    -0.45724931359291077
                ],
                [
                    0.0,
                    0.12010964006185532,
                    0.9927605390548706,
                    4.001945972442627
                ],
                [
                    0.0,
                    0.0,
                    0.0,
                    1.0
                ]
            ]
        },
        {
            "file_path": "/data/shapenet_blender/all_50_random/02958343/3c6d7c6ce950917b3a93df79ef2b80ef/r_25",
            "rotation": 0.12566370614359174,
            "transform_matrix": [
                [
                    0.9588109254837036,
                    -0.1556379348039627,
                    -0.23760981857776642,
                    -0.957835853099823
                ],
                [
                    -0.28404510021209717,
                    -0.5253650546073914,
                    -0.8020659685134888,
                    -3.233231544494629
                ],
                [
                    0.0,
                    0.836521565914154,
                    -0.5479338765144348,
                    -2.2087924480438232
                ],
                [
                    0.0,
                    0.0,
                    0.0,
                    1.0
                ]
            ]
        },
        {
            "file_path": "/data/shapenet_blender/all_50_random/02958343/3c6d7c6ce950917b3a93df79ef2b80ef/r_26",
            "rotation": 0.12566370614359174,
            "transform_matrix": [
                [
                    0.9176717400550842,
                    -0.30168259143829346,
                    0.2585848271846771,
                    1.042388916015625
                ],
                [
                    0.3973393142223358,
                    0.6967485547065735,
                    -0.5972124934196472,
                    -2.4074409008026123
                ],
                [
                    0.0,
                    0.6507910490036011,
                    0.7592567801475525,
                    3.060662269592285
                ],
                [
                    0.0,
                    0.0,
                    0.0,
                    1.0
                ]
            ]
        },
        {
            "file_path": "/data/shapenet_blender/all_50_random/02958343/3c6d7c6ce950917b3a93df79ef2b80ef/r_27",
            "rotation": 0.12566370614359174,
            "transform_matrix": [
                [
                    -0.7410935759544373,
                    -0.12331691384315491,
                    0.6599797606468201,
                    2.660463571548462
                ],
                [
                    0.6714017987251282,
                    -0.13611724972724915,
                    0.7284859418869019,
                    2.9366207122802734
                ],
                [
                    -7.450580596923828e-09,
                    0.9829878807067871,
                    0.1836708039045334,
                    0.7404006719589233
                ],
                [
                    0.0,
                    0.0,
                    0.0,
                    1.0
                ]
            ]
        },
        {
            "file_path": "/data/shapenet_blender/all_50_random/02958343/3c6d7c6ce950917b3a93df79ef2b80ef/r_28",
            "rotation": 0.12566370614359174,
            "transform_matrix": [
                [
                    -0.5848395824432373,
                    0.23848329484462738,
                    0.7752988338470459,
                    3.1253297328948975
                ],
                [
                    0.8111489415168762,
                    0.17194680869579315,
                    0.5589916110038757,
                    2.2533674240112305
                ],
                [
                    0.0,
                    0.9558033347129822,
                    -0.29400673508644104,
                    -1.1851792335510254
                ],
                [
                    0.0,
                    0.0,
                    0.0,
                    1.0
                ]
            ]
        },
        {
            "file_path": "/data/shapenet_blender/all_50_random/02958343/3c6d7c6ce950917b3a93df79ef2b80ef/r_29",
            "rotation": 0.12566370614359174,
            "transform_matrix": [
                [
                    -0.4636742174625397,
                    0.6039438247680664,
                    -0.6482731103897095,
                    -2.6132726669311523
                ],
                [
                    -0.8860057592391968,
                    -0.31606248021125793,
                    0.33926135301589966,
                    1.3676064014434814
                ],
                [
                    -1.4901160305669237e-08,
                    0.7316805720329285,
                    0.6816476583480835,
                    2.747809886932373
                ],
                [
                    0.0,
                    0.0,
                    0.0,
                    1.0
                ]
            ]
        },
        {
            "file_path": "/data/shapenet_blender/all_50_random/02958343/3c6d7c6ce950917b3a93df79ef2b80ef/r_30",
            "rotation": 0.12566370614359174,
            "transform_matrix": [
                [
                    -0.7521104216575623,
                    0.19189052283763885,
                    0.6304824352264404,
                    2.541555643081665
                ],
                [
                    0.6590372323989868,
                    0.21899044513702393,
                    0.7195229530334473,
                    2.900489330291748
                ],
                [
                    0.0,
                    0.9566718339920044,
                    -0.2911680340766907,
                    -1.1737357378005981
                ],
                [
                    0.0,
                    0.0,
                    0.0,
                    1.0
                ]
            ]
        },
        {
            "file_path": "/data/shapenet_blender/all_50_random/02958343/3c6d7c6ce950917b3a93df79ef2b80ef/r_31",
            "rotation": 0.12566370614359174,
            "transform_matrix": [
                [
                    -0.9846425652503967,
                    -0.0037754725199192762,
                    0.17454156279563904,
                    0.7035995721817017
                ],
                [
                    0.174582377076149,
                    -0.02129361778497696,
                    0.9844123125076294,
                    3.9682929515838623
                ],
                [
                    -2.3283064365386963e-10,
                    0.9997661113739014,
                    0.021625734865665436,
                    0.0871761292219162
                ],
                [
                    0.0,
                    0.0,
                    0.0,
                    1.0
                ]
            ]
        },
        {
            "file_path": "/data/shapenet_blender/all_50_random/02958343/3c6d7c6ce950917b3a93df79ef2b80ef/r_32",
            "rotation": 0.12566370614359174,
            "transform_matrix": [
                [
                    -0.35926496982574463,
                    0.8268004655838013,
                    -0.43281590938568115,
                    -1.744736909866333
                ],
                [
                    -0.9332357048988342,
                    -0.31829091906547546,
                    0.16661985218524933,
                    0.671666145324707
                ],
                [
                    0.0,
                    0.46377989649772644,
                    0.8859503865242004,
                    3.571380376815796
                ],
                [
                    0.0,
                    0.0,
                    0.0,
                    1.0
                ]
            ]
        },
        {
            "file_path": "/data/shapenet_blender/all_50_random/02958343/3c6d7c6ce950917b3a93df79ef2b80ef/r_33",
            "rotation": 0.12566370614359174,
            "transform_matrix": [
                [
                    -0.5953677892684937,
                    -0.1797683984041214,
                    0.7830839157104492,
                    3.156712532043457
                ],
                [
                    0.8034533262252808,
                    -0.13321036100387573,
                    0.5802738070487976,
                    2.339158773422241
                ],
                [
                    0.0,
                    0.9746478199958801,
                    0.22374464571475983,
                    0.901943564414978
                ],
                [
                    0.0,
                    0.0,
                    0.0,
                    1.0
                ]
            ]
        },
        {
            "file_path": "/data/shapenet_blender/all_50_random/02958343/3c6d7c6ce950917b3a93df79ef2b80ef/r_34",
            "rotation": 0.12566370614359174,
            "transform_matrix": [
                [
                    -0.13452236354351044,
                    -0.39765143394470215,
                    -0.9076216220855713,
                    -3.6587398052215576
                ],
                [
                    -0.9909106492996216,
                    0.05398368835449219,
                    0.12321535497903824,
                    0.49669697880744934
                ],
                [
                    0.0,
                    0.9159470796585083,
                    -0.40129902958869934,
                    -1.6176881790161133
                ],
                [
                    0.0,
                    0.0,
                    0.0,
                    1.0
                ]
            ]
        },
        {
            "file_path": "/data/shapenet_blender/all_50_random/02958343/3c6d7c6ce950917b3a93df79ef2b80ef/r_35",
            "rotation": 0.12566370614359174,
            "transform_matrix": [
                [
                    0.3789353668689728,
                    -0.5932954549789429,
                    -0.7102171778678894,
                    -2.8629770278930664
                ],
                [
                    -0.9254231452941895,
                    -0.24293819069862366,
                    -0.29081442952156067,
                    -1.172310471534729
                ],
                [
                    0.0,
                    0.767451286315918,
                    -0.6411072611808777,
                    -2.584386110305786
                ],
                [
                    0.0,
                    0.0,
                    0.0,
                    1.0
                ]
            ]
        },
        {
            "file_path": "/data/shapenet_blender/all_50_random/02958343/3c6d7c6ce950917b3a93df79ef2b80ef/r_36",
            "rotation": 0.12566370614359174,
            "transform_matrix": [
                [
                    -0.6904289722442627,
                    0.570155680179596,
                    -0.4452308118343353,
                    -1.7947827577590942
                ],
                [
                    -0.7234002351760864,
                    -0.544169008731842,
                    0.4249379634857178,
                    1.7129796743392944
                ],
                [
                    -1.4901161193847656e-08,
                    0.6154695153236389,
                    0.7881606221199036,
                    3.1771771907806396
                ],
                [
                    0.0,
                    0.0,
                    0.0,
                    1.0
                ]
            ]
        },
        {
            "file_path": "/data/shapenet_blender/all_50_random/02958343/3c6d7c6ce950917b3a93df79ef2b80ef/r_37",
            "rotation": 0.12566370614359174,
            "transform_matrix": [
                [
                    0.18182465434074402,
                    0.0170926321297884,
                    -0.9831823706626892,
                    -3.9633350372314453
                ],
                [
                    -0.9833309650421143,
                    0.0031605451367795467,
                    -0.18179717659950256,
                    -0.7328479290008545
                ],
                [
                    0.0,
                    0.9998488426208496,
                    0.01738237962126732,
                    0.07007062435150146
                ],
                [
                    0.0,
                    0.0,
                    0.0,
                    1.0
                ]
            ]
        },
        {
            "file_path": "/data/shapenet_blender/all_50_random/02958343/3c6d7c6ce950917b3a93df79ef2b80ef/r_38",
            "rotation": 0.12566370614359174,
            "transform_matrix": [
                [
                    0.26881444454193115,
                    -0.1497446894645691,
                    0.9514806270599365,
                    3.835541009902954
                ],
                [
                    0.9631919860839844,
                    0.04179180786013603,
                    -0.26554596424102783,
                    -1.0704500675201416
                ],
                [
                    3.725290076417309e-09,
                    0.9878410696983337,
                    0.15546712279319763,
                    0.6267080307006836
                ],
                [
                    0.0,
                    0.0,
                    0.0,
                    1.0
                ]
            ]
        },
        {
            "file_path": "/data/shapenet_blender/all_50_random/02958343/3c6d7c6ce950917b3a93df79ef2b80ef/r_39",
            "rotation": 0.12566370614359174,
            "transform_matrix": [
                [
                    0.4834520220756531,
                    0.37362101674079895,
                    -0.7916321754455566,
                    -3.191171407699585
                ],
                [
                    -0.875370979309082,
                    0.20634432137012482,
                    -0.4372045397758484,
                    -1.7624279260635376
                ],
                [
                    0.0,
                    0.9043391942977905,
                    0.4268145263195038,
                    1.7205443382263184
                ],
                [
                    0.0,
                    0.0,
                    0.0,
                    1.0
                ]
            ]
        },
        {
            "file_path": "/data/shapenet_blender/all_50_random/02958343/3c6d7c6ce950917b3a93df79ef2b80ef/r_40",
            "rotation": 0.12566370614359174,
            "transform_matrix": [
                [
                    0.6053547859191895,
                    -0.5103515386581421,
                    -0.6108084321022034,
                    -2.462247610092163
                ],
                [
                    -0.7959557771682739,
                    -0.38814181089401245,
                    -0.46454310417175293,
                    -1.8726330995559692
                ],
                [
                    0.0,
                    0.7673898935317993,
                    -0.6411807537078857,
                    -2.5846822261810303
                ],
                [
                    0.0,
                    0.0,
                    0.0,
                    1.0
                ]
            ]
        },
        {
            "file_path": "/data/shapenet_blender/all_50_random/02958343/3c6d7c6ce950917b3a93df79ef2b80ef/r_41",
            "rotation": 0.12566370614359174,
            "transform_matrix": [
                [
                    -0.9146071672439575,
                    -0.3212485909461975,
                    0.24554671347141266,
                    0.989830493927002
                ],
                [
                    0.40434378385543823,
                    -0.7266497015953064,
                    0.5554154515266418,
                    2.2389514446258545
                ],
                [
                    0.0,
