{
    "class": "02958343",
    "model": "825fb860d71c78a477c771b4b7eed82c",
    "remove_doubles": true,
    "edge_split": true,
    "denoise": true,
    "camera_angle_x": 0.6911112070083618,
    "scale_factor": 2.2116382851976115,
    "hdri_file": "/data/IndoorHDRDataset2018/9C4A9558-fff4240b45.exr",
    "center_offset": [
        0.0,
        -3.725290298461914e-09,
        -3.725290298461914e-09
    ],
    "lights": [],
    "frames": [
        {
            "file_path": "/data/shapenet_blender/all_50_random/02958343/825fb860d71c78a477c771b4b7eed82c/r_0",
            "rotation": 0.12566370614359174,
            "transform_matrix": [
                [
                    -0.5566126108169556,
                    0.638045072555542,
                    0.5320534706115723,
                    2.1447763442993164
                ],
                [
                    0.8307722210884094,
                    0.42748650908470154,
                    0.35647279024124146,
                    1.4369878768920898
                ],
                [
                    1.4901161193847656e-08,
                    0.6404325366020203,
                    -0.7680143713951111,
                    -3.0959651470184326
                ],
                [
                    0.0,
                    0.0,
                    0.0,
                    1.0
                ]
            ]
        },
        {
            "file_path": "/data/shapenet_blender/all_50_random/02958343/825fb860d71c78a477c771b4b7eed82c/r_1",
            "rotation": 0.12566370614359174,
            "transform_matrix": [
                [
                    -0.6268720626831055,
                    0.2906970679759979,
                    0.7228599786758423,
                    2.9139420986175537
                ],
                [
                    0.7791222333908081,
                    0.23389124870300293,
                    0.5816041231155396,
                    2.3445215225219727
                ],
                [
                    0.0,
                    0.9277877807617188,
                    -0.3731083869934082,
                    -1.5040481090545654
                ],
                [
                    0.0,
                    0.0,
                    0.0,
                    1.0
                ]
            ]
        },
        {
            "file_path": "/data/shapenet_blender/all_50_random/02958343/825fb860d71c78a477c771b4b7eed82c/r_2",
            "rotation": 0.12566370614359174,
            "transform_matrix": [
                [
                    0.3143414855003357,
                    -0.2829088866710663,
                    0.9061744213104248,
                    3.6529054641723633
                ],
                [
                    0.9493099451065063,
                    0.09367857128381729,
                    -0.30005818605422974,
                    -1.2095731496810913
                ],
                [
                    0.0,
                    0.9545610547065735,
                    0.2980153262615204,
                    1.2013380527496338
                ],
                [
                    0.0,
                    0.0,
                    0.0,
                    1.0
                ]
            ]
        },
        {
            "file_path": "/data/shapenet_blender/all_50_random/02958343/825fb860d71c78a477c771b4b7eed82c/r_3",
            "rotation": 0.12566370614359174,
            "transform_matrix": [
                [
                    0.9823994040489197,
                    -0.01988793909549713,
                    0.18573036789894104,
                    0.7487030625343323
                ],
                [
                    0.18679210543632507,
                    0.10459702461957932,
                    -0.9768153429031372,
                    -3.937668561935425
                ],
                [
                    0.0,
                    0.9943158030509949,
                    0.10647096484899521,
                    0.42919817566871643
                ],
                [
                    0.0,
                    0.0,
                    0.0,
                    1.0
                ]
            ]
        },
        {
            "file_path": "/data/shapenet_blender/all_50_random/02958343/825fb860d71c78a477c771b4b7eed82c/r_4",
            "rotation": 0.12566370614359174,
            "transform_matrix": [
                [
                    0.8337863683700562,
                    0.3861948549747467,
                    -0.3945297300815582,
                    -1.5904003381729126
                ],
                [
                    -0.5520871877670288,
                    0.583248496055603,
                    -0.5958362221717834,
                    -2.401892900466919
                ],
                [
                    0.0,
                    0.7146149277687073,
                    0.6995179057121277,
                    2.8198471069335938
                ],
                [
                    0.0,
                    0.0,
                    0.0,
                    1.0
                ]
            ]
        },
        {
            "file_path": "/data/shapenet_blender/all_50_random/02958343/825fb860d71c78a477c771b4b7eed82c/r_5",
            "rotation": 0.12566370614359174,
            "transform_matrix": [
                [
                    -0.992883026599884,
                    0.03812134638428688,
                    -0.11282753944396973,
                    -0.4548223912715912
                ],
                [
                    -0.1190936341881752,
                    -0.31781747937202454,
                    0.9406426548957825,
                    3.7918519973754883
                ],
                [
                    0.0,
                    0.9473851323127747,
                    0.32009559869766235,
                    1.2903467416763306
                ],
                [
                    0.0,
                    0.0,
                    0.0,
                    1.0
                ]
            ]
        },
        {
            "file_path": "/data/shapenet_blender/all_50_random/02958343/825fb860d71c78a477c771b4b7eed82c/r_6",
            "rotation": 0.12566370614359174,
            "transform_matrix": [
                [
                    -0.4650999903678894,
                    0.1130094826221466,
                    -0.8780152201652527,
                    -3.5393927097320557
                ],
                [
                    -0.885258138179779,
                    -0.05937331169843674,
                    0.46129468083381653,
                    1.8595384359359741
                ],
                [
                    3.725290076417309e-09,
                    0.9918184280395508,
                    0.12765707075595856,
                    0.5146021842956543
                ],
                [
                    0.0,
                    0.0,
                    0.0,
                    1.0
                ]
            ]
        },
        {
            "file_path": "/data/shapenet_blender/all_50_random/02958343/825fb860d71c78a477c771b4b7eed82c/r_7",
            "rotation": 0.12566370614359174,
            "transform_matrix": [
                [
                    0.8678164482116699,
                    -0.004971031565219164,
                    -0.4968600869178772,
                    -2.0029070377349854
                ],
                [
                    -0.4968849718570709,
                    -0.008681976236402988,
                    -0.8677729964256287,
                    -3.4981048107147217
                ],
                [
                    -4.656612873077393e-10,
                    0.9999499320983887,
                    -0.010004393756389618,
                    -0.04032900184392929
                ],
                [
                    0.0,
                    0.0,
                    0.0,
                    1.0
                ]
            ]
        },
        {
            "file_path": "/data/shapenet_blender/all_50_random/02958343/825fb860d71c78a477c771b4b7eed82c/r_8",
            "rotation": 0.12566370614359174,
            "transform_matrix": [
                [
                    -0.5099090933799744,
                    0.43330118060112,
                    -0.7431303858757019,
                    -2.995654344558716
                ],
                [
                    -0.8602283000946045,
                    -0.2568436861038208,
                    0.44049811363220215,
                    1.7757047414779663
                ],
                [
                    0.0,
                    0.8638757467269897,
                    0.503704845905304,
                    2.030499219894409
                ],
                [
                    0.0,
                    0.0,
                    0.0,
                    1.0
                ]
            ]
        },
        {
            "file_path": "/data/shapenet_blender/all_50_random/02958343/825fb860d71c78a477c771b4b7eed82c/r_9",
            "rotation": 0.12566370614359174,
            "transform_matrix": [
                [
                    0.41624635457992554,
                    0.3833343982696533,
                    0.8244960308074951,
                    3.3236498832702637
                ],
                [
                    0.9092519879341125,
                    -0.17548659443855286,
                    -0.37744590640068054,
                    -1.5215331315994263
                ],
                [
                    0.0,
                    0.9067850112915039,
                    -0.42159318923950195,
                    -1.6994965076446533
                ],
                [
                    0.0,
                    0.0,
                    0.0,
                    1.0
                ]
            ]
        },
        {
            "file_path": "/data/shapenet_blender/all_50_random/02958343/825fb860d71c78a477c771b4b7eed82c/r_10",
            "rotation": 0.12566370614359174,
            "transform_matrix": [
                [
                    0.2840101420879364,
                    -0.27006399631500244,
                    0.9200019836425781,
                    3.708646535873413
                ],
                [
                    0.9588213562965393,
                    0.07999499887228012,
                    -0.2725115716457367,
                    -1.09852933883667
                ],
                [
                    7.450581485102248e-09,
                    0.9595134258270264,
                    0.2816625237464905,
                    1.1354179382324219
                ],
                [
                    0.0,
                    0.0,
                    0.0,
                    1.0
                ]
            ]
        },
        {
            "file_path": "/data/shapenet_blender/all_50_random/02958343/825fb860d71c78a477c771b4b7eed82c/r_11",
            "rotation": 0.12566370614359174,
            "transform_matrix": [
                [
                    -0.9692676067352295,
                    0.16136109828948975,
                    0.18569566309452057,
                    0.7485631704330444
                ],
                [
                    0.24600869417190552,
                    0.6357583403587341,
                    0.7316358685493469,
                    2.9493184089660645
                ],
                [
                    0.0,
                    0.7548336982727051,
                    -0.6559162139892578,
                    -2.64408278465271
                ],
                [
                    0.0,
                    0.0,
                    0.0,
                    1.0
                ]
            ]
        },
        {
            "file_path": "/data/shapenet_blender/all_50_random/02958343/825fb860d71c78a477c771b4b7eed82c/r_12",
            "rotation": 0.12566370614359174,
            "transform_matrix": [
                [
                    0.10472573339939117,
                    -0.6143113374710083,
                    0.7820830941200256,
                    3.1526777744293213
                ],
                [
                    0.9945012331008911,
                    0.06468991935253143,
                    -0.08235708624124527,
                    -0.3319920301437378
                ],
                [
                    -3.725290742551124e-09,
                    0.7864074110984802,
                    0.6177080869674683,
                    2.490061044692993
                ],
                [
                    0.0,
                    0.0,
                    0.0,
                    1.0
                ]
            ]
        },
        {
            "file_path": "/data/shapenet_blender/all_50_random/02958343/825fb860d71c78a477c771b4b7eed82c/r_13",
            "rotation": 0.12566370614359174,
            "transform_matrix": [
                [
                    0.5428348779678345,
                    -0.05658813193440437,
                    0.8379307389259338,
                    3.377807140350342
                ],
                [
                    0.839839518070221,
                    0.0365760512650013,
                    -0.5416011214256287,
                    -2.1832642555236816
                ],
                [
                    -1.862645371275562e-09,
                    0.9977273344993591,
                    0.06737969815731049,
                    0.27161628007888794
                ],
                [
                    0.0,
                    0.0,
                    0.0,
                    1.0
                ]
            ]
        },
        {
            "file_path": "/data/shapenet_blender/all_50_random/02958343/825fb860d71c78a477c771b4b7eed82c/r_14",
            "rotation": 0.12566370614359174,
            "transform_matrix": [
                [
                    -0.4121304452419281,
                    -0.823195219039917,
                    0.39051005244255066,
                    1.574196219444275
                ],
                [
                    0.9111248850822449,
                    -0.3723571300506592,
                    0.17663998901844025,
                    0.7120584845542908
                ],
                [
                    0.0,
                    0.4286021590232849,
                    0.9034934043884277,
                    3.6420979499816895
                ],
                [
                    0.0,
                    0.0,
                    0.0,
                    1.0
                ]
            ]
        },
        {
            "file_path": "/data/shapenet_blender/all_50_random/02958343/825fb860d71c78a477c771b4b7eed82c/r_15",
            "rotation": 0.12566370614359174,
            "transform_matrix": [
                [
                    -0.9110481142997742,
                    0.1546291708946228,
                    -0.3822058439254761,
                    -1.5407211780548096
                ],
                [
                    -0.41230031847953796,
                    -0.3416796326637268,
                    0.8445492386817932,
                    3.404487133026123
                ],
                [
                    0.0,
                    0.9270085096359253,
                    0.3750401735305786,
                    1.5118354558944702
                ],
                [
                    0.0,
                    0.0,
                    0.0,
                    1.0
                ]
            ]
        },
        {
            "file_path": "/data/shapenet_blender/all_50_random/02958343/825fb860d71c78a477c771b4b7eed82c/r_16",
            "rotation": 0.12566370614359174,
            "transform_matrix": [
                [
                    -0.991335928440094,
                    -8.497474482282996e-05,
                    -0.1313510239124298,
                    -0.5294929146766663
                ],
                [
                    -0.1313510537147522,
                    0.0006413235096260905,
                    0.9913356900215149,
                    3.996201992034912
                ],
                [
                    0.0,
                    0.9999997615814209,
                    -0.000646928499918431,
                    -0.0026078522205352783
                ],
                [
                    0.0,
                    0.0,
                    0.0,
                    1.0
                ]
            ]
        },
        {
            "file_path": "/data/shapenet_blender/all_50_random/02958343/825fb860d71c78a477c771b4b7eed82c/r_17",
            "rotation": 0.12566370614359174,
            "transform_matrix": [
                [
                    0.3208148181438446,
                    -0.4509497582912445,
                    -0.832899808883667,
                    -3.3575265407562256
                ],
                [
                    -0.9471420049667358,
                    -0.15274515748023987,
                    -0.2821188271045685,
                    -1.1372573375701904
                ],
                [
                    0.0,
                    0.8793821930885315,
                    -0.4761163592338562,
                    -1.9192864894866943
                ],
                [
                    0.0,
                    0.0,
                    0.0,
                    1.0
                ]
            ]
        },
        {
            "file_path": "/data/shapenet_blender/all_50_random/02958343/825fb860d71c78a477c771b4b7eed82c/r_18",
            "rotation": 0.12566370614359174,
            "transform_matrix": [
                [
                    0.9868573546409607,
                    0.14415355026721954,
                    -0.07302310317754745,
                    -0.2943655550479889
                ],
                [
                    -0.16159403324127197,
                    0.8803480863571167,
                    -0.4459533095359802,
                    -1.797695279121399
                ],
                [
                    -7.450581485102248e-09,
                    0.4518924057483673,
                    0.8920724391937256,
                    3.5960590839385986
                ],
                [
                    0.0,
                    0.0,
                    0.0,
                    1.0
                ]
            ]
        },
        {
            "file_path": "/data/shapenet_blender/all_50_random/02958343/825fb860d71c78a477c771b4b7eed82c/r_19",
            "rotation": 0.12566370614359174,
            "transform_matrix": [
                [
                    -0.8569108843803406,
                    0.22763048112392426,
                    0.4624803960323334,
                    1.8643181324005127
                ],
                [
                    0.5154646039009094,
                    0.37841400504112244,
                    0.7688296437263489,
                    3.0992515087127686
                ],
                [
                    0.0,
                    0.8972107768058777,
                    -0.44160252809524536,
                    -1.7801567316055298
                ],
                [
                    0.0,
                    0.0,
                    0.0,
                    1.0
                ]
            ]
        },
        {
            "file_path": "/data/shapenet_blender/all_50_random/02958343/825fb860d71c78a477c771b4b7eed82c/r_20",
            "rotation": 0.12566370614359174,
            "transform_matrix": [
                [
                    -0.9078291654586792,
                    -0.08225748687982559,
                    -0.4111934304237366,
                    -1.6575736999511719
                ],
                [
                    -0.4193403720855713,
                    0.17807908356189728,
                    0.8901918530464172,
                    3.588477849960327
                ],
                [
                    7.450580596923828e-09,
                    0.9805720448493958,
                    -0.1961592733860016,
                    -0.7907432913780212
                ],
                [
                    0.0,
                    0.0,
                    0.0,
                    1.0
                ]
            ]
        },
        {
            "file_path": "/data/shapenet_blender/all_50_random/02958343/825fb860d71c78a477c771b4b7eed82c/r_21",
            "rotation": 0.12566370614359174,
            "transform_matrix": [
                [
                    0.44817736744880676,
                    0.0013751288643106818,
                    0.8939434885978699,
                    3.6036019325256348
                ],
                [
                    0.8939447402954102,
                    -0.0006894180551171303,
                    -0.44817671179771423,
                    -1.806658387184143
                ],
                [
                    5.820766785236131e-11,
                    0.9999988079071045,
                    -0.0015382703859359026,
                    -0.0062009673565626144
                ],
                [
                    0.0,
                    0.0,
                    0.0,
                    1.0
                ]
            ]
        },
        {
            "file_path": "/data/shapenet_blender/all_50_random/02958343/825fb860d71c78a477c771b4b7eed82c/r_22",
            "rotation": 0.12566370614359174,
            "transform_matrix": [
                [
                    -0.996023416519165,
                    0.06104933097958565,
                    -0.06488726288080215,
                    -0.26156893372535706
                ],
                [
                    -0.089091956615448,
                    -0.6825146079063416,
                    0.7254216074943542,
                    2.9242680072784424
                ],
                [
                    0.0,
                    0.7283177971839905,
                    0.6852394938468933,
                    2.762288808822632
                ],
                [
                    0.0,
                    0.0,
                    0.0,
                    1.0
                ]
            ]
        },
        {
            "file_path": "/data/shapenet_blender/all_50_random/02958343/825fb860d71c78a477c771b4b7eed82c/r_23",
            "rotation": 0.12566370614359174,
            "transform_matrix": [
                [
                    0.29231294989585876,
                    0.9007242918014526,
                    0.32132354378700256,
                    1.2952967882156372
                ],
                [
                    0.9563227891921997,
                    -0.2753185033798218,
                    -0.09821686148643494,
                    -0.3959248661994934
                ],
                [
                    7.450581485102248e-09,
                    0.33599919080734253,
                    -0.9418622255325317,
                    -3.7967684268951416
                ],
                [
                    0.0,
                    0.0,
                    0.0,
                    1.0
                ]
            ]
        },
        {
            "file_path": "/data/shapenet_blender/all_50_random/02958343/825fb860d71c78a477c771b4b7eed82c/r_24",
            "rotation": 0.12566370614359174,
            "transform_matrix": [
                [
                    0.9268954396247864,
                    0.2827015519142151,
                    0.246869757771492,
                    0.9951637983322144
                ],
                [
                    0.3753196895122528,
                    -0.6981642842292786,
                    -0.6096734404563904,
                    -2.457672357559204
                ],
                [
                    1.4901161193847656e-08,
                    0.6577585339546204,
                    -0.7532287240028381,
                    -3.0363621711730957
                ],
                [
                    0.0,
                    0.0,
                    0.0,
                    1.0
                ]
            ]
        },
        {
            "file_path": "/data/shapenet_blender/all_50_random/02958343/825fb860d71c78a477c771b4b7eed82c/r_25",
            "rotation": 0.12566370614359174,
            "transform_matrix": [
                [
                    0.2659318745136261,
                    -0.09543104469776154,
                    0.9592564105987549,
                    3.866886854171753
                ],
                [
                    0.9639918804168701,
                    0.02632610872387886,
                    -0.26462551951408386,
                    -1.0667396783828735
                ],
                [
                    1.862645371275562e-09,
                    0.9950878024101257,
                    0.09899568557739258,
                    0.39906442165374756
                ],
                [
                    0.0,
                    0.0,
                    0.0,
                    1.0
                ]
            ]
        },
        {
            "file_path": "/data/shapenet_blender/all_50_random/02958343/825fb860d71c78a477c771b4b7eed82c/r_26",
            "rotation": 0.12566370614359174,
            "transform_matrix": [
                [
                    0.2624601125717163,
                    -0.8241289854049683,
                    -0.5019223093986511,
                    -2.023313283920288
                ],
                [
                    -0.9649428129196167,
                    -0.2241593599319458,
                    -0.1365205943584442,
                    -0.5503320693969727
                ],
                [
                    -7.450580596923828e-09,
                    0.5201573371887207,
                    -0.8540704250335693,
                    -3.4428675174713135
                ],
                [
                    0.0,
                    0.0,
                    0.0,
                    1.0
                ]
            ]
        },
        {
            "file_path": "/data/shapenet_blender/all_50_random/02958343/825fb860d71c78a477c771b4b7eed82c/r_27",
            "rotation": 0.12566370614359174,
            "transform_matrix": [
                [
                    0.09016693383455276,
                    -0.6429417729377747,
                    -0.7605890035629272,
                    -3.0660324096679688
                ],
                [
                    -0.9959267377853394,
                    -0.058209192007780075,
                    -0.06886047124862671,
                    -0.2775854468345642
                ],
                [
                    0.0,
                    0.7636998891830444,
                    -0.6455714106559753,
                    -2.602381706237793
                ],
                [
                    0.0,
                    0.0,
                    0.0,
                    1.0
                ]
            ]
        },
        {
            "file_path": "/data/shapenet_blender/all_50_random/02958343/825fb860d71c78a477c771b4b7eed82c/r_28",
            "rotation": 0.12566370614359174,
            "transform_matrix": [
                [
                    0.29445910453796387,
                    -0.23693819344043732,
                    0.9258261322975159,
                    3.7321248054504395
                ],
                [
                    0.9556641578674316,
                    0.07300536334514618,
                    -0.28526541590690613,
                    -1.1499418020248413
                ],
                [
                    7.450581485102248e-09,
                    0.9687777757644653,
                    0.2479304075241089,
                    0.9994394779205322
                ],
                [
                    0.0,
                    0.0,
                    0.0,
                    1.0
                ]
            ]
        },
        {
            "file_path": "/data/shapenet_blender/all_50_random/02958343/825fb860d71c78a477c771b4b7eed82c/r_29",
            "rotation": 0.12566370614359174,
            "transform_matrix": [
                [
                    -0.910453200340271,
                    -0.19455574452877045,
                    0.3649974763393402,
                    1.471351981163025
                ],
                [
                    0.41361233592033386,
                    -0.4282606840133667,
                    0.803441047668457,
                    3.2387747764587402
                ],
                [
                    0.0,
                    0.8824628591537476,
                    0.4703819155693054,
                    1.8961702585220337
                ],
                [
                    0.0,
                    0.0,
                    0.0,
                    1.0
                ]
            ]
        },
        {
            "file_path": "/data/shapenet_blender/all_50_random/02958343/825fb860d71c78a477c771b4b7eed82c/r_30",
            "rotation": 0.12566370614359174,
            "transform_matrix": [
                [
                    -0.5870609879493713,
                    0.25006750226020813,
                    -0.7699516415596008,
                    -3.1037745475769043
                ],
                [
                    -0.8095427751541138,
                    -0.1813429594039917,
                    0.5583504438400269,
                    2.2507829666137695
                ],
                [
                    -1.4901162970204496e-08,
                    0.9510945677757263,
                    0.3088996410369873,
                    1.2452144622802734
                ],
                [
                    0.0,
                    0.0,
                    0.0,
                    1.0
                ]
            ]
        },
        {
            "file_path": "/data/shapenet_blender/all_50_random/02958343/825fb860d71c78a477c771b4b7eed82c/r_31",
            "rotation": 0.12566370614359174,
            "transform_matrix": [
                [
                    -0.9999567866325378,
                    0.0019894198048859835,
                    0.009088750928640366,
                    0.03663793206214905
                ],
                [
                    0.009303934872150421,
                    0.21381640434265137,
                    0.976829469203949,
                    3.937725782394409
                ],
                [
                    -1.1641533570472262e-10,
                    0.9768717288970947,
                    -0.21382565796375275,
                    -0.8619588613510132
                ],
                [
                    0.0,
                    0.0,
                    0.0,
                    1.0
                ]
            ]
        },
        {
            "file_path": "/data/shapenet_blender/all_50_random/02958343/825fb860d71c78a477c771b4b7eed82c/r_32",
            "rotation": 0.12566370614359174,
            "transform_matrix": [
                [
                    0.48080506920814514,
                    -0.4823949337005615,
                    0.7322033047676086,
                    2.951606035232544
                ],
                [
                    0.8768275380134583,
                    0.26451942324638367,
                    -0.4015008807182312,
                    -1.6185017824172974
                ],
                [
                    -1.4901161193847656e-08,
                    0.8350597023963928,
                    0.5501593351364136,
                    2.2177631855010986
                ],
                [
                    0.0,
                    0.0,
                    0.0,
                    1.0
                ]
            ]
        },
        {
            "file_path": "/data/shapenet_blender/all_50_random/02958343/825fb860d71c78a477c771b4b7eed82c/r_33",
            "rotation": 0.12566370614359174,
            "transform_matrix": [
                [
                    0.8636404275894165,
                    0.03299069404602051,
                    0.5030275583267212,
                    2.027769088745117
                ],
                [
                    0.5041083097457886,
                    -0.056519798934459686,
                    -0.8617889881134033,
                    -3.473982810974121
                ],
                [
                    1.8626449271863521e-09,
                    0.9978563189506531,
                    -0.06544365733861923,
                    -0.263811856508255
                ],
                [
                    0.0,
                    0.0,
                    0.0,
                    1.0
                ]
            ]
        },
        {
            "file_path": "/data/shapenet_blender/all_50_random/02958343/825fb860d71c78a477c771b4b7eed82c/r_34",
            "rotation": 0.12566370614359174,
            "transform_matrix": [
                [
                    0.0837569460272789,
                    0.09618352353572845,
                    0.9918334484100342,
                    3.9982080459594727
                ],
                [
                    0.9964861273765564,
                    -0.00808444619178772,
                    -0.08336587995290756,
                    -0.3360585570335388
                ],
                [
                    0.0,
                    0.9953307509422302,
                    -0.09652270376682281,
                    -0.3890954256057739
                ],
                [
                    0.0,
                    0.0,
                    0.0,
                    1.0
                ]
            ]
        },
        {
            "file_path": "/data/shapenet_blender/all_50_random/02958343/825fb860d71c78a477c771b4b7eed82c/r_35",
            "rotation": 0.12566370614359174,
            "transform_matrix": [
                [
                    0.7769092917442322,
                    0.19425800442695618,
                    0.5988953709602356,
                    2.41422438621521
                ],
                [
                    0.6296124458312988,
                    -0.23970437049865723,
                    -0.7390060424804688,
                    -2.9790287017822266
                ],
                [
                    0.0,
                    0.9512127637863159,
                    -0.3085358440876007,
                    -1.2437477111816406
                ],
                [
                    0.0,
                    0.0,
                    0.0,
                    1.0
                ]
            ]
        },
        {
            "file_path": "/data/shapenet_blender/all_50_random/02958343/825fb860d71c78a477c771b4b7eed82c/r_36",
            "rotation": 0.12566370614359174,
            "transform_matrix": [
                [
                    -0.0329112708568573,
                    -0.8183834552764893,
                    -0.573729395866394,
                    -2.312777280807495
                ],
                [
                    -0.9994583129882812,
                    0.026948636397719383,
                    0.018892398104071617,
                    0.07615768909454346
                ],
                [
                    -9.31322685637781e-10,
                    0.5740403532981873,
                    -0.8188269138336182,
                    -3.3007969856262207
                ],
                [
                    0.0,
                    0.0,
                    0.0,
                    1.0
                ]
            ]
        },
        {
            "file_path": "/data/shapenet_blender/all_50_random/02958343/825fb860d71c78a477c771b4b7eed82c/r_37",
            "rotation": 0.12566370614359174,
            "transform_matrix": [
                [
                    0.10079176723957062,
                    0.6474539637565613,
                    0.7554100155830383,
                    3.0451552867889404
                ],
                [
                    0.9949076175689697,
                    -0.06559204310178757,
                    -0.07652881741523743,
                    -0.30849751830101013
                ],
                [
                    0.0,
                    0.7592766284942627,
                    -0.650767982006073,
                    -2.6233296394348145
                ],
                [
                    0.0,
                    0.0,
                    0.0,
                    1.0
                ]
            ]
        },
        {
            "file_path": "/data/shapenet_blender/all_50_random/02958343/825fb860d71c78a477c771b4b7eed82c/r_38",
            "rotation": 0.12566370614359174,
            "transform_matrix": [
                [
                    -0.6406641006469727,
                    -0.6072747707366943,
                    0.469858318567276,
                    1.894059419631958
                ],
                [
                    0.7678213715553284,
                    -0.5067052841186523,
                    0.39204609394073486,
                    1.5803883075714111
                ],
                [
                    0.0,
                    0.6119371056556702,
                    0.7909064888954163,
                    3.188246011734009
                ],
                [
                    0.0,
                    0.0,
                    0.0,
                    1.0
                ]
            ]
        },
        {
            "file_path": "/data/shapenet_blender/all_50_random/02958343/825fb860d71c78a477c771b4b7eed82c/r_39",
            "rotation": 0.12566370614359174,
            "transform_matrix": [
                [
                    -0.5296963453292847,
                    0.20533208549022675,
                    0.8229584097862244,
                    3.3174514770507812
                ],
                [
                    0.8481873869895935,
                    0.12823069095611572,
                    0.5139407515525818,
                    2.0717613697052
                ],
                [
                    0.0,
                    0.9702554941177368,
                    -0.2420833855867386,
                    -0.975869357585907
                ],
                [
                    0.0,
                    0.0,
                    0.0,
                    1.0
                ]
            ]
        },
        {
            "file_path": "/data/shapenet_blender/all_50_random/02958343/825fb860d71c78a477c771b4b7eed82c/r_40",
            "rotation": 0.12566370614359174,
            "transform_matrix": [
                [
                    -0.5069895386695862,
                    0.13763146102428436,
                    -0.8508931994438171,
                    -3.4300601482391357
                ],
                [
                    -0.8619523048400879,
                    -0.08095309883356094,
                    0.5004847049713135,
                    2.0175182819366455
                ],
                [
                    0.0,
                    0.9871696829795837,
                    0.15967413783073425,
                    0.6436670422554016
                ],
                [
                    0.0,
                    0.0,
                    0.0,
                    1.0
                ]
            ]
        },
        {
            "file_path": "/data/shapenet_blender/all_50_random/02958343/825fb860d71c78a477c771b4b7eed82c/r_41",
            "rotation": 0.12566370614359174,
            "transform_matrix": [
                [
                    -0.9990887641906738,
                    -0.01881328597664833,
                    0.0383102223277092,
                    0.1544334590435028
                ],
                [
                    0.04268036037683487,
                    -0.44039320945739746,
                    0.8967898488044739,
                    3.6150758266448975
                ],
                [
                    0.0,
