{
    "class": "02958343",
    "model": "e4d396067b97f3676dd84bc138e22252",
    "remove_doubles": true,
    "edge_split": true,
    "denoise": true,
    "camera_angle_x": 0.6911112070083618,
    "scale_factor": 2.1557182848993603,
    "hdri_file": "/data/IndoorHDRDataset2018/AG8A6677-6e3b70fb20.exr",
    "center_offset": [
        0.0,
        0.0,
        7.450580596923828e-09
    ],
    "lights": [],
    "frames": [
        {
            "file_path": "/data/shapenet_blender/all_50_random/02958343/e4d396067b97f3676dd84bc138e22252/r_0",
            "rotation": 0.12566370614359174,
            "transform_matrix": [
                [
                    -0.49981069564819336,
                    0.701488196849823,
                    0.5080389380455017,
                    2.0479705333709717
                ],
                [
                    0.8661347031593323,
                    0.4047999680042267,
                    0.2931683659553528,
                    1.1817995309829712
                ],
                [
                    0.0,
                    0.5865587592124939,
                    -0.8099066019058228,
                    -3.2648379802703857
                ],
                [
                    0.0,
                    0.0,
                    0.0,
                    1.0
                ]
            ]
        },
        {
            "file_path": "/data/shapenet_blender/all_50_random/02958343/e4d396067b97f3676dd84bc138e22252/r_1",
            "rotation": 0.12566370614359174,
            "transform_matrix": [
                [
                    0.9960467219352722,
                    0.00017913311603479087,
                    -0.08883093297481537,
                    -0.35808897018432617
                ],
                [
                    -0.08883111923933029,
                    0.002008585724979639,
                    -0.9960445761680603,
                    -4.01518440246582
                ],
                [
                    -2.9103830456733704e-11,
                    0.9999979734420776,
                    0.002016557613387704,
                    0.008129004389047623
                ],
                [
                    0.0,
                    0.0,
                    0.0,
                    1.0
                ]
            ]
        },
        {
            "file_path": "/data/shapenet_blender/all_50_random/02958343/e4d396067b97f3676dd84bc138e22252/r_2",
            "rotation": 0.12566370614359174,
            "transform_matrix": [
                [
                    0.5941968560218811,
                    0.09988191723823547,
                    -0.7980937361717224,
                    -3.217219114303589
                ],
                [
                    -0.8043196797370911,
                    0.07378846406936646,
                    -0.5895973443984985,
                    -2.3767430782318115
                ],
                [
                    -3.725290298461914e-09,
                    0.9922595024108887,
                    0.12418185919523239,
                    0.5005931258201599
                ],
                [
                    0.0,
                    0.0,
                    0.0,
                    1.0
                ]
            ]
        },
        {
            "file_path": "/data/shapenet_blender/all_50_random/02958343/e4d396067b97f3676dd84bc138e22252/r_3",
            "rotation": 0.12566370614359174,
            "transform_matrix": [
                [
                    -0.9683520793914795,
                    -0.1599348485469818,
                    -0.19161178171634674,
                    -0.7724118232727051
                ],
                [
                    -0.24958813190460205,
                    0.6205152869224548,
                    0.7434154748916626,
                    2.9968035221099854
                ],
                [
                    0.0,
                    0.7677119374275208,
                    -0.640795111656189,
                    -2.583127737045288
                ],
                [
                    0.0,
                    0.0,
                    0.0,
                    1.0
                ]
            ]
        },
        {
            "file_path": "/data/shapenet_blender/all_50_random/02958343/e4d396067b97f3676dd84bc138e22252/r_4",
            "rotation": 0.12566370614359174,
            "transform_matrix": [
                [
                    0.45534783601760864,
                    0.039721567183732986,
                    -0.8894270658493042,
                    -3.585395336151123
                ],
                [
                    -0.8903136253356934,
                    0.02031545899808407,
                    -0.45489439368247986,
                    -1.833738088607788
                ],
                [
                    0.0,
                    0.9990042448043823,
                    0.0446152538061142,
                    0.17984986305236816
                ],
                [
                    0.0,
                    0.0,
                    0.0,
                    1.0
                ]
            ]
        },
        {
            "file_path": "/data/shapenet_blender/all_50_random/02958343/e4d396067b97f3676dd84bc138e22252/r_5",
            "rotation": 0.12566370614359174,
            "transform_matrix": [
                [
                    0.915313720703125,
                    -0.08467656373977661,
                    -0.393739253282547,
                    -1.5872139930725098
                ],
                [
                    -0.40274155139923096,
                    -0.1924450546503067,
                    -0.8948541283607483,
                    -3.6072728633880615
                ],
                [
                    -7.4505797087454084e-09,
                    0.9776476621627808,
                    -0.21025033295154572,
                    -0.8475463390350342
                ],
                [
                    0.0,
                    0.0,
                    0.0,
                    1.0
                ]
            ]
        },
        {
            "file_path": "/data/shapenet_blender/all_50_random/02958343/e4d396067b97f3676dd84bc138e22252/r_6",
            "rotation": 0.12566370614359174,
            "transform_matrix": [
                [
                    0.029048534110188484,
                    0.9606567025184631,
                    0.2762155532836914,
                    1.1134605407714844
                ],
                [
                    0.9995779991149902,
                    -0.027917450293898582,
                    -0.008027044124901295,
                    -0.03235805034637451
                ],
                [
                    4.6566123179658803e-10,
                    0.27633213996887207,
                    -0.9610621929168701,
                    -3.8741655349731445
                ],
                [
                    0.0,
                    0.0,
                    0.0,
                    1.0
                ]
            ]
        },
        {
            "file_path": "/data/shapenet_blender/all_50_random/02958343/e4d396067b97f3676dd84bc138e22252/r_7",
            "rotation": 0.12566370614359174,
            "transform_matrix": [
                [
                    0.8961014151573181,
                    -0.33774811029434204,
                    -0.2879730463027954,
                    -1.1608564853668213
                ],
                [
                    -0.4438493847846985,
                    -0.6818902492523193,
                    -0.5813978314399719,
                    -2.3436896800994873
                ],
                [
                    0.0,
                    0.6488080024719238,
                    -0.7609520554542542,
                    -3.067495822906494
                ],
                [
                    0.0,
                    0.0,
                    0.0,
                    1.0
                ]
            ]
        },
        {
            "file_path": "/data/shapenet_blender/all_50_random/02958343/e4d396067b97f3676dd84bc138e22252/r_8",
            "rotation": 0.12566370614359174,
            "transform_matrix": [
                [
                    0.6349639892578125,
                    0.4654540717601776,
                    0.616581916809082,
                    2.4855213165283203
                ],
                [
                    0.7725417613983154,
                    -0.38256388902664185,
                    -0.5067781805992126,
                    -2.0428881645202637
                ],
                [
                    0.0,
                    0.7981212139129639,
                    -0.6024969220161438,
                    -2.4287428855895996
                ],
                [
                    0.0,
                    0.0,
                    0.0,
                    1.0
                ]
            ]
        },
        {
            "file_path": "/data/shapenet_blender/all_50_random/02958343/e4d396067b97f3676dd84bc138e22252/r_9",
            "rotation": 0.12566370614359174,
            "transform_matrix": [
                [
                    0.21278958022594452,
                    -0.9287934899330139,
                    -0.30341947078704834,
                    -1.2231230735778809
                ],
                [
                    -0.9770980477333069,
                    -0.20226995646953583,
                    -0.0660778135061264,
                    -0.26636821031570435
                ],
                [
                    0.0,
                    0.3105311989784241,
                    -0.9505630731582642,
                    -3.8318426609039307
                ],
                [
                    0.0,
                    0.0,
                    0.0,
                    1.0
                ]
            ]
        },
        {
            "file_path": "/data/shapenet_blender/all_50_random/02958343/e4d396067b97f3676dd84bc138e22252/r_10",
            "rotation": 0.12566370614359174,
            "transform_matrix": [
                [
                    -0.460356205701828,
                    -0.023174947127699852,
                    -0.8874316811561584,
                    -3.5773518085479736
                ],
                [
                    -0.8877342939376831,
                    0.012017933651804924,
                    0.4601992964744568,
                    1.8551228046417236
                ],
                [
                    0.0,
                    0.9996591806411743,
                    -0.026105724275112152,
                    -0.10523554682731628
                ],
                [
                    0.0,
                    0.0,
                    0.0,
                    1.0
                ]
            ]
        },
        {
            "file_path": "/data/shapenet_blender/all_50_random/02958343/e4d396067b97f3676dd84bc138e22252/r_11",
            "rotation": 0.12566370614359174,
            "transform_matrix": [
                [
                    -0.9611786603927612,
                    0.007523544132709503,
                    0.2758243680000305,
                    1.1118836402893066
                ],
                [
                    0.27592697739601135,
                    0.02620791085064411,
                    0.9608212113380432,
                    3.8731942176818848
                ],
                [
                    4.656613428188905e-10,
                    0.9996281862258911,
                    -0.027266431599855423,
                    -0.10991450399160385
                ],
                [
                    0.0,
                    0.0,
                    0.0,
                    1.0
                ]
            ]
        },
        {
            "file_path": "/data/shapenet_blender/all_50_random/02958343/e4d396067b97f3676dd84bc138e22252/r_12",
            "rotation": 0.12566370614359174,
            "transform_matrix": [
                [
                    -0.15464846789836884,
                    -0.8049318194389343,
                    -0.5728598833084106,
                    -2.309272289276123
                ],
                [
                    -0.9879696369171143,
                    0.12599726021289825,
                    0.08967068046331406,
                    0.36147409677505493
                ],
                [
                    -7.450581485102248e-09,
                    0.5798355340957642,
                    -0.8147333860397339,
                    -3.2842955589294434
                ],
                [
                    0.0,
                    0.0,
                    0.0,
                    1.0
                ]
            ]
        },
        {
            "file_path": "/data/shapenet_blender/all_50_random/02958343/e4d396067b97f3676dd84bc138e22252/r_13",
            "rotation": 0.12566370614359174,
            "transform_matrix": [
                [
                    0.9651725888252258,
                    -0.0802019014954567,
                    -0.24901725351810455,
                    -1.0038206577301025
                ],
                [
                    -0.2616141140460968,
                    -0.295888751745224,
                    -0.9186990261077881,
                    -3.7033941745758057
                ],
                [
                    0.0,
                    0.9518495798110962,
                    -0.30656564235687256,
                    -1.235805630683899
                ],
                [
                    0.0,
                    0.0,
                    0.0,
                    1.0
                ]
            ]
        },
        {
            "file_path": "/data/shapenet_blender/all_50_random/02958343/e4d396067b97f3676dd84bc138e22252/r_14",
            "rotation": 0.12566370614359174,
            "transform_matrix": [
                [
                    -0.33194229006767273,
                    0.27957162261009216,
                    0.9009184837341309,
                    3.631718158721924
                ],
                [
                    0.9432997703552246,
                    0.09837982058525085,
                    0.31702855229377747,
                    1.2779828310012817
                ],
                [
                    -7.450580596923828e-09,
                    0.9550711512565613,
                    -0.2963763177394867,
                    -1.1947309970855713
                ],
                [
                    0.0,
                    0.0,
                    0.0,
                    1.0
                ]
            ]
        },
        {
            "file_path": "/data/shapenet_blender/all_50_random/02958343/e4d396067b97f3676dd84bc138e22252/r_15",
            "rotation": 0.12566370614359174,
            "transform_matrix": [
                [
                    0.9917820692062378,
                    -0.10623294115066528,
                    -0.07129520177841187,
                    -0.28740015625953674
                ],
                [
                    -0.12793923914432526,
                    -0.8235154151916504,
                    -0.5526788234710693,
                    -2.227919578552246
                ],
                [
                    0.0,
                    0.5572584271430969,
                    -0.8303391337394714,
                    -3.3472042083740234
                ],
                [
                    0.0,
                    0.0,
                    0.0,
                    1.0
                ]
            ]
        },
        {
            "file_path": "/data/shapenet_blender/all_50_random/02958343/e4d396067b97f3676dd84bc138e22252/r_16",
            "rotation": 0.12566370614359174,
            "transform_matrix": [
                [
                    -0.8960418105125427,
                    -0.021752743050456047,
                    -0.4434366226196289,
                    -1.7875499725341797
                ],
                [
                    -0.44396984577178955,
                    0.04390246048569679,
                    0.894965648651123,
                    3.6077215671539307
                ],
                [
                    1.862645149230957e-09,
                    0.9987989664077759,
                    -0.04899600148200989,
                    -0.19750916957855225
                ],
                [
                    0.0,
                    0.0,
                    0.0,
                    1.0
                ]
            ]
        },
        {
            "file_path": "/data/shapenet_blender/all_50_random/02958343/e4d396067b97f3676dd84bc138e22252/r_17",
            "rotation": 0.12566370614359174,
            "transform_matrix": [
                [
                    0.9087372422218323,
                    0.013680130243301392,
                    -0.41714465618133545,
                    -1.6815638542175293
                ],
                [
                    -0.41736897826194763,
                    0.029785742983222008,
                    -0.9082488417625427,
                    -3.6612682342529297
                ],
                [
                    9.313227966600834e-10,
                    0.9994626045227051,
                    0.03277707099914551,
                    0.13212859630584717
                ],
                [
                    0.0,
                    0.0,
                    0.0,
                    1.0
                ]
            ]
        },
        {
            "file_path": "/data/shapenet_blender/all_50_random/02958343/e4d396067b97f3676dd84bc138e22252/r_18",
            "rotation": 0.12566370614359174,
            "transform_matrix": [
                [
                    -0.08429116755723953,
                    0.4319663941860199,
                    0.8979421854019165,
                    3.619720220565796
                ],
                [
                    0.9964412450790405,
                    0.03654099255800247,
                    0.07595891505479813,
                    0.30620014667510986
                ],
                [
                    0.0,
                    0.9011490941047668,
                    -0.4335092306137085,
                    -1.7475314140319824
                ],
                [
                    0.0,
                    0.0,
                    0.0,
                    1.0
                ]
            ]
        },
        {
            "file_path": "/data/shapenet_blender/all_50_random/02958343/e4d396067b97f3676dd84bc138e22252/r_19",
            "rotation": 0.12566370614359174,
            "transform_matrix": [
                [
                    -0.6781713962554932,
                    -0.32227733731269836,
                    -0.660470187664032,
                    -2.662440299987793
                ],
                [
                    -0.7349038124084473,
                    0.29739847779273987,
                    0.6094838380813599,
                    2.4569079875946045
                ],
                [
                    0.0,
                    0.8987165093421936,
                    -0.43852996826171875,
                    -1.767770767211914
                ],
                [
                    0.0,
                    0.0,
                    0.0,
                    1.0
                ]
            ]
        },
        {
            "file_path": "/data/shapenet_blender/all_50_random/02958343/e4d396067b97f3676dd84bc138e22252/r_20",
            "rotation": 0.12566370614359174,
            "transform_matrix": [
                [
                    -0.2678781747817993,
                    0.22587865591049194,
                    -0.9366002678871155,
                    -3.7755565643310547
                ],
                [
                    -0.9634528756141663,
                    -0.0628032386302948,
                    0.2604120671749115,
                    1.0497546195983887
                ],
                [
                    0.0,
                    0.9721288681030273,
                    0.23444703221321106,
                    0.9450862407684326
                ],
                [
                    0.0,
                    0.0,
                    0.0,
                    1.0
                ]
            ]
        },
        {
            "file_path": "/data/shapenet_blender/all_50_random/02958343/e4d396067b97f3676dd84bc138e22252/r_21",
            "rotation": 0.12566370614359174,
            "transform_matrix": [
                [
                    0.9482825994491577,
                    -0.25877517461776733,
                    -0.1838359236717224,
                    -0.7410663366317749
                ],
                [
                    -0.31742751598358154,
                    -0.7730646133422852,
                    -0.5491911768913269,
                    -2.213860511779785
                ],
                [
                    -1.4901161193847656e-08,
                    0.5791429281234741,
                    -0.8152260184288025,
                    -3.286281108856201
                ],
                [
                    0.0,
                    0.0,
                    0.0,
                    1.0
                ]
            ]
        },
        {
            "file_path": "/data/shapenet_blender/all_50_random/02958343/e4d396067b97f3676dd84bc138e22252/r_22",
            "rotation": 0.12566370614359174,
            "transform_matrix": [
                [
                    -0.9265612363815308,
                    -0.019849004223942757,
                    0.37561970949172974,
                    1.5141712427139282
                ],
                [
                    0.3761436939239502,
                    -0.04889439418911934,
                    0.9252704381942749,
                    3.729883909225464
                ],
                [
                    1.8626448161640496e-09,
                    0.9986066222190857,
                    0.0527697391808033,
                    0.21272160112857819
                ],
                [
                    0.0,
                    0.0,
                    0.0,
                    1.0
                ]
            ]
        },
        {
            "file_path": "/data/shapenet_blender/all_50_random/02958343/e4d396067b97f3676dd84bc138e22252/r_23",
            "rotation": 0.12566370614359174,
            "transform_matrix": [
                [
                    -0.801436185836792,
                    0.17115060985088348,
                    0.5730685591697693,
                    2.3101134300231934
                ],
                [
                    0.5980804562568665,
                    0.2293442040681839,
                    0.7679198980331421,
                    3.0955843925476074
                ],
                [
                    0.0,
                    0.9581798911094666,
                    -0.2861665189266205,
                    -1.1535742282867432
                ],
                [
                    0.0,
                    0.0,
                    0.0,
                    1.0
                ]
            ]
        },
        {
            "file_path": "/data/shapenet_blender/all_50_random/02958343/e4d396067b97f3676dd84bc138e22252/r_24",
            "rotation": 0.12566370614359174,
            "transform_matrix": [
                [
                    0.32660338282585144,
                    -0.6504038572311401,
                    -0.6857877373695374,
                    -2.7644989490509033
                ],
                [
                    -0.9451615214347839,
                    -0.22474902868270874,
                    -0.2369760125875473,
                    -0.9552809000015259
                ],
                [
                    -1.4901162970204496e-08,
                    0.7255772948265076,
                    -0.6881405115127563,
                    -2.7739834785461426
                ],
                [
                    0.0,
                    0.0,
                    0.0,
                    1.0
                ]
            ]
        },
        {
            "file_path": "/data/shapenet_blender/all_50_random/02958343/e4d396067b97f3676dd84bc138e22252/r_25",
            "rotation": 0.12566370614359174,
            "transform_matrix": [
                [
                    0.906765878200531,
                    0.11619707196950912,
                    0.40530702471733093,
                    1.6338449716567993
                ],
                [
                    0.42163434624671936,
                    -0.24989314377307892,
                    -0.8716523051261902,
                    -3.5137431621551514
                ],
                [
                    0.0,
                    0.9612760543823242,
                    -0.27558720111846924,
                    -1.110927700996399
                ],
                [
                    0.0,
                    0.0,
                    0.0,
                    1.0
                ]
            ]
        },
        {
            "file_path": "/data/shapenet_blender/all_50_random/02958343/e4d396067b97f3676dd84bc138e22252/r_26",
            "rotation": 0.12566370614359174,
            "transform_matrix": [
                [
                    0.9343024492263794,
                    -0.2228633016347885,
                    0.2782283127307892,
                    1.1215741634368896
                ],
                [
                    0.35648152232170105,
                    0.5841023921966553,
                    -0.7292085886001587,
                    -2.9395339488983154
                ],
                [
                    0.0,
                    0.7804845571517944,
                    0.6251749992370605,
                    2.5201609134674072
                ],
                [
                    0.0,
                    0.0,
                    0.0,
                    1.0
                ]
            ]
        },
        {
            "file_path": "/data/shapenet_blender/all_50_random/02958343/e4d396067b97f3676dd84bc138e22252/r_27",
            "rotation": 0.12566370614359174,
            "transform_matrix": [
                [
                    0.9367432594299316,
                    0.08133644610643387,
                    0.3404354453086853,
                    1.372339129447937
                ],
                [
                    0.3500169813632965,
                    -0.21767908334732056,
                    -0.9111003875732422,
                    -3.6727631092071533
                ],
                [
                    7.4505792646561986e-09,
                    0.9726254343986511,
                    -0.23237857222557068,
                    -0.9367479681968689
                ],
                [
                    0.0,
                    0.0,
                    0.0,
                    1.0
                ]
            ]
        },
        {
            "file_path": "/data/shapenet_blender/all_50_random/02958343/e4d396067b97f3676dd84bc138e22252/r_28",
            "rotation": 0.12566370614359174,
            "transform_matrix": [
                [
                    -0.44777873158454895,
                    0.14855484664440155,
                    0.8817174434661865,
                    3.554316759109497
                ],
                [
                    0.8941444754600525,
                    0.07439479976892471,
                    0.4415554106235504,
                    1.7799668312072754
                ],
                [
                    0.0,
                    0.9861019253730774,
                    -0.16614188253879547,
                    -0.6697393655776978
                ],
                [
                    0.0,
                    0.0,
                    0.0,
                    1.0
                ]
            ]
        },
        {
            "file_path": "/data/shapenet_blender/all_50_random/02958343/e4d396067b97f3676dd84bc138e22252/r_29",
            "rotation": 0.12566370614359174,
            "transform_matrix": [
                [
                    -0.5361583232879639,
                    -0.028467195108532906,
                    -0.843637228012085,
                    -3.400810480117798
                ],
                [
                    -0.8441174030303955,
                    0.01808151789009571,
                    0.535853385925293,
                    2.1600940227508545
                ],
                [
                    -1.862645149230957e-09,
                    0.9994311332702637,
                    -0.033724211156368256,
                    -0.13594664633274078
                ],
                [
                    0.0,
                    0.0,
                    0.0,
                    1.0
                ]
            ]
        },
        {
            "file_path": "/data/shapenet_blender/all_50_random/02958343/e4d396067b97f3676dd84bc138e22252/r_30",
            "rotation": 0.12566370614359174,
            "transform_matrix": [
                [
                    -0.23201395571231842,
                    0.36614885926246643,
                    0.9011683464050293,
                    3.632725954055786
                ],
                [
                    0.972712516784668,
                    0.08733478933572769,
                    0.21494905650615692,
                    0.866487443447113
                ],
                [
                    7.450581485102248e-09,
                    0.9264488816261292,
                    -0.37642043828964233,
                    -1.5173994302749634
                ],
                [
                    0.0,
                    0.0,
                    0.0,
                    1.0
                ]
            ]
        },
        {
            "file_path": "/data/shapenet_blender/all_50_random/02958343/e4d396067b97f3676dd84bc138e22252/r_31",
            "rotation": 0.12566370614359174,
            "transform_matrix": [
                [
                    0.04207884892821312,
                    -0.19106772541999817,
                    0.9806744456291199,
                    3.9532253742218018
                ],
                [
                    0.9991143941879272,
                    0.008047036826610565,
                    -0.04130223020911217,
                    -0.16649463772773743
                ],
                [
                    0.0,
                    0.981543779373169,
                    0.19123712182044983,
                    0.7709015607833862
                ],
                [
                    0.0,
                    0.0,
                    0.0,
                    1.0
                ]
            ]
        },
        {
            "file_path": "/data/shapenet_blender/all_50_random/02958343/e4d396067b97f3676dd84bc138e22252/r_32",
            "rotation": 0.12566370614359174,
            "transform_matrix": [
                [
                    0.4437312185764313,
                    -0.3632078766822815,
                    0.8192573189735413,
                    3.3025319576263428
                ],
                [
                    0.896159827709198,
                    0.17984142899513245,
                    -0.4056531488895416,
                    -1.6352401971817017
                ],
                [
                    1.4901160305669237e-08,
                    0.9141865968704224,
                    0.4052935838699341,
                    1.6337907314300537
                ],
                [
                    0.0,
                    0.0,
                    0.0,
                    1.0
                ]
            ]
        },
        {
            "file_path": "/data/shapenet_blender/all_50_random/02958343/e4d396067b97f3676dd84bc138e22252/r_33",
            "rotation": 0.12566370614359174,
            "transform_matrix": [
                [
                    0.03240564838051796,
                    0.7592847347259521,
                    -0.6499512791633606,
                    -2.620037317276001
                ],
                [
                    -0.999474823474884,
                    0.02461804635822773,
                    -0.02107316069304943,
                    -0.08494862914085388
                ],
                [
                    1.862645149230957e-09,
                    0.6502927541732788,
                    0.7596836090087891,
                    3.062382698059082
                ],
                [
                    0.0,
                    0.0,
                    0.0,
                    1.0
                ]
            ]
        },
        {
            "file_path": "/data/shapenet_blender/all_50_random/02958343/e4d396067b97f3676dd84bc138e22252/r_34",
            "rotation": 0.12566370614359174,
            "transform_matrix": [
                [
                    -0.43285229802131653,
                    0.08008595556020737,
                    0.897900402545929,
                    3.6195523738861084
                ],
                [
                    0.9014648795127869,
                    0.038454510271549225,
                    0.4311407506465912,
                    1.7379839420318604
                ],
                [
                    0.0,
                    0.9960459470748901,
                    -0.08883979171514511,
                    -0.35812464356422424
                ],
                [
                    0.0,
                    0.0,
                    0.0,
                    1.0
                ]
            ]
        },
        {
            "file_path": "/data/shapenet_blender/all_50_random/02958343/e4d396067b97f3676dd84bc138e22252/r_35",
            "rotation": 0.12566370614359174,
            "transform_matrix": [
                [
                    0.912774920463562,
                    -0.023734459653496742,
                    0.40777263045310974,
                    1.6437841653823853
                ],
                [
                    0.408462792634964,
                    0.053038422018289566,
                    -0.9112326502799988,
                    -3.6732964515686035
                ],
                [
                    -1.8626450382086546e-09,
                    0.998310387134552,
                    0.05810678005218506,
                    0.234235942363739
                ],
                [
                    0.0,
                    0.0,
                    0.0,
                    1.0
                ]
            ]
        },
        {
            "file_path": "/data/shapenet_blender/all_50_random/02958343/e4d396067b97f3676dd84bc138e22252/r_36",
            "rotation": 0.12566370614359174,
            "transform_matrix": [
                [
                    -0.7461602687835693,
                    -0.28893595933914185,
                    0.5998005867004395,
                    2.4178738594055176
                ],
                [
                    0.6657662987709045,
                    -0.3238261044025421,
                    0.6722289323806763,
                    2.709841728210449
                ],
                [
                    -1.4901161193847656e-08,
                    0.9009177088737488,
                    0.4339899718761444,
                    1.7494696378707886
                ],
                [
                    0.0,
                    0.0,
                    0.0,
                    1.0
                ]
            ]
        },
        {
            "file_path": "/data/shapenet_blender/all_50_random/02958343/e4d396067b97f3676dd84bc138e22252/r_37",
            "rotation": 0.12566370614359174,
            "transform_matrix": [
                [
                    0.9939394593238831,
                    0.013950939290225506,
                    0.10904014110565186,
                    0.4395548701286316
                ],
                [
                    0.10992899537086487,
                    -0.12613949179649353,
                    -0.9859027862548828,
                    -3.974301338195801
                ],
                [
                    -9.31322685637781e-10,
                    0.9919143319129944,
                    -0.12690864503383636,
                    -0.5115851163864136
                ],
                [
                    0.0,
                    0.0,
                    0.0,
                    1.0
                ]
            ]
        },
        {
            "file_path": "/data/shapenet_blender/all_50_random/02958343/e4d396067b97f3676dd84bc138e22252/r_38",
            "rotation": 0.12566370614359174,
            "transform_matrix": [
                [
                    0.8514801859855652,
                    0.4127352237701416,
                    -0.3234672248363495,
                    -1.3039382696151733
                ],
                [
                    -0.5243867635726929,
                    0.6701844930648804,
                    -0.5252343416213989,
                    -2.1172876358032227
                ],
                [
                    1.4901161193847656e-08,
                    0.6168486475944519,
                    0.7870817184448242,
                    3.172828197479248
                ],
                [
                    0.0,
                    0.0,
                    0.0,
                    1.0
                ]
            ]
        },
        {
            "file_path": "/data/shapenet_blender/all_50_random/02958343/e4d396067b97f3676dd84bc138e22252/r_39",
            "rotation": 0.12566370614359174,
            "transform_matrix": [
                [
                    -0.25211167335510254,
                    0.7591480016708374,
                    -0.6001116037368774,
                    -2.4191272258758545
                ],
                [
                    -0.9676981568336487,
                    -0.19777867197990417,
                    0.15634536743164062,
                    0.6302483081817627
                ],
                [
                    0.0,
                    0.6201433539390564,
                    0.7844884991645813,
                    3.162374258041382
                ],
                [
                    0.0,
                    0.0,
                    0.0,
                    1.0
                ]
            ]
        },
        {
            "file_path": "/data/shapenet_blender/all_50_random/02958343/e4d396067b97f3676dd84bc138e22252/r_40",
            "rotation": 0.12566370614359174,
            "transform_matrix": [
                [
                    -0.4119790494441986,
                    -0.0733700841665268,
                    -0.9082345366477966,
                    -3.661210775375366
                ],
                [
                    -0.9111934304237366,
                    0.03317290544509888,
                    0.41064122319221497,
                    1.6553478240966797
                ],
                [
                    -1.862645371275562e-09,
                    0.996752917766571,
                    -0.080520860850811,
                    -0.3245899975299835
                ],
                [
                    0.0,
                    0.0,
                    0.0,
                    1.0
                ]
            ]
        },
        {
            "file_path": "/data/shapenet_blender/all_50_random/02958343/e4d396067b97f3676dd84bc138e22252/r_41",
            "rotation": 0.12566370614359174,
            "transform_matrix": [
                [
                    -0.1052093654870987,
                    -0.45722272992134094,
                    -0.8831072449684143,
                    -3.5599191188812256
                ],
                [
                    -0.9944501519203186,
                    0.048372574150562286,
                    0.09342967718839645,
