{
    "class": "02958343",
    "model": "48071634bdeb66e271a126804ae24042",
    "remove_doubles": true,
    "edge_split": true,
    "denoise": true,
    "camera_angle_x": 0.6911112070083618,
    "scale_factor": 2.199874017300855,
    "hdri_file": "/data/IndoorHDRDataset2018/AG8A9772-928d81b078.exr",
    "center_offset": [
        0.0,
        0.0,
        3.725290298461914e-09
    ],
    "lights": [],
    "frames": [
        {
            "file_path": "/data/shapenet_blender/all_50_random/02958343/48071634bdeb66e271a126804ae24042/r_0",
            "rotation": 0.12566370614359174,
            "transform_matrix": [
                [
                    0.45877715945243835,
                    -0.3787740468978882,
                    0.8037747144699097,
                    3.240119218826294
                ],
                [
                    0.8885513544082642,
                    0.1955687403678894,
                    -0.41500523686408997,
                    -1.672939419746399
                ],
                [
                    0.0,
                    0.9045900106430054,
                    0.42628270387649536,
                    1.7184003591537476
                ],
                [
                    0.0,
                    0.0,
                    0.0,
                    1.0
                ]
            ]
        },
        {
            "file_path": "/data/shapenet_blender/all_50_random/02958343/48071634bdeb66e271a126804ae24042/r_1",
            "rotation": 0.12566370614359174,
            "transform_matrix": [
                [
                    0.47567686438560486,
                    0.026772847399115562,
                    -0.8792126178741455,
                    -3.5442190170288086
                ],
                [
                    -0.8796200752258301,
                    0.014478095807135105,
                    -0.47545650601387024,
                    -1.916626214981079
                ],
                [
                    0.0,
                    0.9995366334915161,
                    0.030436834320425987,
                    0.12269479036331177
                ],
                [
                    0.0,
                    0.0,
                    0.0,
                    1.0
                ]
            ]
        },
        {
            "file_path": "/data/shapenet_blender/all_50_random/02958343/48071634bdeb66e271a126804ae24042/r_2",
            "rotation": 0.12566370614359174,
            "transform_matrix": [
                [
                    0.6809960007667542,
                    0.46675950288772583,
                    0.5642516016960144,
                    2.274571180343628
                ],
                [
                    0.7322870492935181,
                    -0.4340665936470032,
                    -0.5247301459312439,
                    -2.115255117416382
                ],
                [
                    -1.4901161193847656e-08,
                    0.7705333828926086,
                    -0.6373994946479797,
                    -2.5694398880004883
                ],
                [
                    0.0,
                    0.0,
                    0.0,
                    1.0
                ]
            ]
        },
        {
            "file_path": "/data/shapenet_blender/all_50_random/02958343/48071634bdeb66e271a126804ae24042/r_3",
            "rotation": 0.12566370614359174,
            "transform_matrix": [
                [
                    0.14491792023181915,
                    0.3544563055038452,
                    -0.9237745404243469,
                    -3.7238545417785645
                ],
                [
                    -0.9894437193870544,
                    0.05191510170698166,
                    -0.13529974222183228,
                    -0.5454107522964478
                ],
                [
                    0.0,
                    0.9336302876472473,
                    0.35823795199394226,
                    1.444103479385376
                ],
                [
                    0.0,
                    0.0,
                    0.0,
                    1.0
                ]
            ]
        },
        {
            "file_path": "/data/shapenet_blender/all_50_random/02958343/48071634bdeb66e271a126804ae24042/r_4",
            "rotation": 0.12566370614359174,
            "transform_matrix": [
                [
                    0.36945414543151855,
                    -0.5305675268173218,
                    -0.7628902792930603,
                    -3.0753092765808105
                ],
                [
                    -0.9292488694190979,
                    -0.21094496548175812,
                    -0.3033126890659332,
                    -1.2226927280426025
                ],
                [
                    0.0,
                    0.820975124835968,
                    -0.5709637403488159,
                    -2.301628589630127
                ],
                [
                    0.0,
                    0.0,
                    0.0,
                    1.0
                ]
            ]
        },
        {
            "file_path": "/data/shapenet_blender/all_50_random/02958343/48071634bdeb66e271a126804ae24042/r_5",
            "rotation": 0.12566370614359174,
            "transform_matrix": [
                [
                    -0.9998911023139954,
                    0.014285571873188019,
                    0.003693107282742858,
                    0.014887392520904541
                ],
                [
                    0.01475522294640541,
                    0.9680650234222412,
                    0.2502642273902893,
                    1.0088474750518799
                ],
                [
                    -2.3283062977608182e-10,
                    0.25029152631759644,
                    -0.9681704640388489,
                    -3.902820110321045
                ],
                [
                    0.0,
                    0.0,
                    0.0,
                    1.0
                ]
            ]
        },
        {
            "file_path": "/data/shapenet_blender/all_50_random/02958343/48071634bdeb66e271a126804ae24042/r_6",
            "rotation": 0.12566370614359174,
            "transform_matrix": [
                [
                    0.2721397876739502,
                    0.15354809165000916,
                    0.9499278664588928,
                    3.8292813301086426
                ],
                [
                    0.9622576236724854,
                    -0.0434255376458168,
                    -0.2686527967453003,
                    -1.0829739570617676
                ],
                [
                    3.7252896323280993e-09,
                    0.9871864914894104,
                    -0.15957066416740417,
                    -0.6432498693466187
                ],
                [
                    0.0,
                    0.0,
                    0.0,
                    1.0
                ]
            ]
        },
        {
            "file_path": "/data/shapenet_blender/all_50_random/02958343/48071634bdeb66e271a126804ae24042/r_7",
            "rotation": 0.12566370614359174,
            "transform_matrix": [
                [
                    0.08736391365528107,
                    0.8593611121177673,
                    0.5038511753082275,
                    2.0310893058776855
                ],
                [
                    0.9961764812469482,
                    -0.07536531239748001,
                    -0.04418736323714256,
                    -0.17812497913837433
                ],
                [
                    0.0,
                    0.5057850480079651,
                    -0.8626594543457031,
                    -3.477491617202759
                ],
                [
                    0.0,
                    0.0,
                    0.0,
                    1.0
                ]
            ]
        },
        {
            "file_path": "/data/shapenet_blender/all_50_random/02958343/48071634bdeb66e271a126804ae24042/r_8",
            "rotation": 0.12566370614359174,
            "transform_matrix": [
                [
                    -0.9998115301132202,
                    0.011549620889127254,
                    -0.015606609173119068,
                    -0.06291225552558899
                ],
                [
                    -0.019415458664298058,
                    -0.5947551727294922,
                    0.8036723732948303,
                    3.2397069931030273
                ],
                [
                    0.0,
                    0.8038238286972046,
                    0.5948673486709595,
                    2.397986888885498
                ],
                [
                    0.0,
                    0.0,
                    0.0,
                    1.0
                ]
            ]
        },
        {
            "file_path": "/data/shapenet_blender/all_50_random/02958343/48071634bdeb66e271a126804ae24042/r_9",
            "rotation": 0.12566370614359174,
            "transform_matrix": [
                [
                    -0.9939682483673096,
                    -0.08531856536865234,
                    -0.06890487670898438,
                    -0.2777644395828247
                ],
                [
                    -0.1096683144569397,
                    0.7732766270637512,
                    0.6245127320289612,
                    2.517491340637207
                ],
                [
                    0.0,
                    0.6283024549484253,
                    -0.7779691219329834,
                    -3.136093854904175
                ],
                [
                    0.0,
                    0.0,
                    0.0,
                    1.0
                ]
            ]
        },
        {
            "file_path": "/data/shapenet_blender/all_50_random/02958343/48071634bdeb66e271a126804ae24042/r_10",
            "rotation": 0.12566370614359174,
            "transform_matrix": [
                [
                    0.6568432450294495,
                    0.36677834391593933,
                    0.6588099598884583,
                    2.655747890472412
                ],
                [
                    0.754027247428894,
                    -0.31950557231903076,
                    -0.5738982558250427,
                    -2.31345796585083
                ],
                [
                    1.4901162970204496e-08,
                    0.8737217783927917,
                    -0.4864259362220764,
                    -1.960845708847046
                ],
                [
                    0.0,
                    0.0,
                    0.0,
                    1.0
                ]
            ]
        },
        {
            "file_path": "/data/shapenet_blender/all_50_random/02958343/48071634bdeb66e271a126804ae24042/r_11",
            "rotation": 0.12566370614359174,
            "transform_matrix": [
                [
                    -0.7926449775695801,
                    -0.5891534090042114,
                    0.15688227117061615,
                    0.6324126124382019
                ],
                [
                    0.6096834540367126,
                    -0.7659540176391602,
                    0.20396147668361664,
                    0.8221949338912964
                ],
                [
                    7.450580596923828e-09,
                    0.2573176324367523,
                    0.9663269519805908,
                    3.895388126373291
                ],
                [
                    0.0,
                    0.0,
                    0.0,
                    1.0
                ]
            ]
        },
        {
            "file_path": "/data/shapenet_blender/all_50_random/02958343/48071634bdeb66e271a126804ae24042/r_12",
            "rotation": 0.12566370614359174,
            "transform_matrix": [
                [
                    -0.9492709040641785,
                    -0.13764674961566925,
                    0.28273358941078186,
                    1.1397356986999512
                ],
                [
                    0.31445977091789246,
                    -0.41551917791366577,
                    0.8534979820251465,
                    3.4405605792999268
                ],
                [
                    0.0,
                    0.8991090059280396,
                    0.43772459030151367,
                    1.7645243406295776
                ],
                [
                    0.0,
                    0.0,
                    0.0,
                    1.0
                ]
            ]
        },
        {
            "file_path": "/data/shapenet_blender/all_50_random/02958343/48071634bdeb66e271a126804ae24042/r_13",
            "rotation": 0.12566370614359174,
            "transform_matrix": [
                [
                    -0.8142157196998596,
                    -0.23927149176597595,
                    0.528963029384613,
                    2.1323182582855225
                ],
                [
                    0.5805624127388,
                    -0.33556878566741943,
                    0.7418496608734131,
                    2.9904916286468506
                ],
                [
                    0.0,
                    0.9111217856407166,
                    0.41213735938072205,
                    1.6613788604736328
                ],
                [
                    0.0,
                    0.0,
                    0.0,
                    1.0
                ]
            ]
        },
        {
            "file_path": "/data/shapenet_blender/all_50_random/02958343/48071634bdeb66e271a126804ae24042/r_14",
            "rotation": 0.12566370614359174,
            "transform_matrix": [
                [
                    -0.3797515630722046,
                    0.08971148729324341,
                    0.920728325843811,
                    3.7115745544433594
                ],
                [
                    0.9250885248184204,
                    0.03682682663202286,
                    0.377961665391922,
                    1.5236122608184814
                ],
                [
                    0.0,
                    0.9952867031097412,
                    -0.09697612375020981,
                    -0.39092326164245605
                ],
                [
                    0.0,
                    0.0,
                    0.0,
                    1.0
                ]
            ]
        },
        {
            "file_path": "/data/shapenet_blender/all_50_random/02958343/48071634bdeb66e271a126804ae24042/r_15",
            "rotation": 0.12566370614359174,
            "transform_matrix": [
                [
                    -0.7101895809173584,
                    -0.5091907382011414,
                    -0.48616403341293335,
                    -1.9597898721694946
                ],
                [
                    -0.7040104866027832,
                    0.5136599540710449,
                    0.49043112993240356,
                    1.9769911766052246
                ],
                [
                    0.0,
                    0.6905635595321655,
                    -0.7232716679573059,
                    -2.9156012535095215
                ],
                [
                    0.0,
                    0.0,
                    0.0,
                    1.0
                ]
            ]
        },
        {
            "file_path": "/data/shapenet_blender/all_50_random/02958343/48071634bdeb66e271a126804ae24042/r_16",
            "rotation": 0.12566370614359174,
            "transform_matrix": [
                [
                    -0.00872766599059105,
                    -0.7053827047348022,
                    -0.7087728977203369,
                    -2.8571548461914062
                ],
                [
                    -0.9999619126319885,
                    0.006156579591333866,
                    0.006186169106513262,
                    0.02493724599480629
                ],
                [
                    0.0,
                    0.7087998986244202,
                    -0.705409586429596,
                    -2.843596935272217
                ],
                [
                    0.0,
                    0.0,
                    0.0,
                    1.0
                ]
            ]
        },
        {
            "file_path": "/data/shapenet_blender/all_50_random/02958343/48071634bdeb66e271a126804ae24042/r_17",
            "rotation": 0.12566370614359174,
            "transform_matrix": [
                [
                    -0.8739005923271179,
                    -0.3249630928039551,
                    -0.36152002215385437,
                    -1.4573338031768799
                ],
                [
                    -0.4861046373844147,
                    0.5842064023017883,
                    0.6499270796775818,
                    2.6199398040771484
                ],
                [
                    0.0,
                    0.7437082529067993,
                    -0.6685043573379517,
                    -2.6948273181915283
                ],
                [
                    0.0,
                    0.0,
                    0.0,
                    1.0
                ]
            ]
        },
        {
            "file_path": "/data/shapenet_blender/all_50_random/02958343/48071634bdeb66e271a126804ae24042/r_18",
            "rotation": 0.12566370614359174,
            "transform_matrix": [
                [
                    0.12314728647470474,
                    -0.6917724609375,
                    -0.7115374803543091,
                    -2.8682992458343506
                ],
                [
                    -0.9923884272575378,
                    -0.08584330230951309,
                    -0.08829597383737564,
                    -0.35593244433403015
                ],
                [
                    -3.725290298461914e-09,
                    0.7169948816299438,
                    -0.6970784068107605,
                    -2.8100130558013916
                ],
                [
                    0.0,
                    0.0,
                    0.0,
                    1.0
                ]
            ]
        },
        {
            "file_path": "/data/shapenet_blender/all_50_random/02958343/48071634bdeb66e271a126804ae24042/r_19",
            "rotation": 0.12566370614359174,
            "transform_matrix": [
                [
                    0.9554845094680786,
                    0.18635717034339905,
                    -0.2287365347146988,
                    -0.9220664501190186
                ],
                [
                    -0.29504135251045227,
                    0.6035133004188538,
                    -0.7407578825950623,
                    -2.9860904216766357
                ],
                [
                    0.0,
                    0.7752693295478821,
                    0.6316307187080383,
                    2.546184778213501
                ],
                [
                    0.0,
                    0.0,
                    0.0,
                    1.0
                ]
            ]
        },
        {
            "file_path": "/data/shapenet_blender/all_50_random/02958343/48071634bdeb66e271a126804ae24042/r_20",
            "rotation": 0.12566370614359174,
            "transform_matrix": [
                [
                    0.6980032324790955,
                    -0.03450213372707367,
                    0.7152628898620605,
                    2.883316993713379
                ],
                [
                    0.7160944938659668,
                    0.033630482852458954,
                    -0.6971926689147949,
                    -2.8104734420776367
                ],
                [
                    -1.8626448161640496e-09,
                    0.9988386034965515,
                    0.04818097874522209,
                    0.19422373175621033
                ],
                [
                    0.0,
                    0.0,
                    0.0,
                    1.0
                ]
            ]
        },
        {
            "file_path": "/data/shapenet_blender/all_50_random/02958343/48071634bdeb66e271a126804ae24042/r_21",
            "rotation": 0.12566370614359174,
            "transform_matrix": [
                [
                    0.2347477376461029,
                    -0.6389097571372986,
                    0.7325897812843323,
                    2.9531636238098145
                ],
                [
                    0.9720563292503357,
                    0.15429416298866272,
                    -0.17691752314567566,
                    -0.7131772637367249
                ],
                [
                    7.450580152834618e-09,
                    0.7536494135856628,
                    0.6572765707969666,
                    2.649566173553467
                ],
                [
                    0.0,
                    0.0,
                    0.0,
                    1.0
                ]
            ]
        },
        {
            "file_path": "/data/shapenet_blender/all_50_random/02958343/48071634bdeb66e271a126804ae24042/r_22",
            "rotation": 0.12566370614359174,
            "transform_matrix": [
                [
                    -0.3183668851852417,
                    0.048287905752658844,
                    0.9467369318008423,
                    3.8164186477661133
                ],
                [
                    0.9479676485061646,
                    0.016217082738876343,
                    0.31795358657836914,
                    1.2817119359970093
                ],
                [
                    1.862645371275562e-09,
                    0.9987017512321472,
                    -0.050938352942466736,
                    -0.20533907413482666
                ],
                [
                    0.0,
                    0.0,
                    0.0,
                    1.0
                ]
            ]
        },
        {
            "file_path": "/data/shapenet_blender/all_50_random/02958343/48071634bdeb66e271a126804ae24042/r_23",
            "rotation": 0.12566370614359174,
            "transform_matrix": [
                [
                    -0.6298505663871765,
                    -0.45579245686531067,
                    0.6289209723472595,
                    2.5352611541748047
                ],
                [
                    0.7767163515090942,
                    -0.36960867047309875,
                    0.5100011229515076,
                    2.055880069732666
                ],
                [
                    -2.9802318834981634e-08,
                    0.80971759557724,
                    0.5868197679519653,
                    2.3655457496643066
                ],
                [
                    0.0,
                    0.0,
                    0.0,
                    1.0
                ]
            ]
        },
        {
            "file_path": "/data/shapenet_blender/all_50_random/02958343/48071634bdeb66e271a126804ae24042/r_24",
            "rotation": 0.12566370614359174,
            "transform_matrix": [
                [
                    -0.8588437438011169,
                    0.4460810422897339,
                    0.25179216265678406,
                    1.0150067806243896
                ],
                [
                    0.5122378468513489,
                    0.7479218244552612,
                    0.4221673905849457,
                    1.7018113136291504
                ],
                [
                    0.0,
                    0.4915531575679779,
                    -0.8708474040031433,
                    -3.510498523712158
                ],
                [
                    0.0,
                    0.0,
                    0.0,
                    1.0
                ]
            ]
        },
        {
            "file_path": "/data/shapenet_blender/all_50_random/02958343/48071634bdeb66e271a126804ae24042/r_25",
            "rotation": 0.12566370614359174,
            "transform_matrix": [
                [
                    0.8739724159240723,
                    -0.060897815972566605,
                    -0.48214495182037354,
                    -1.9435884952545166
                ],
                [
                    -0.48597559332847595,
                    -0.10951786488294601,
                    -0.8670833706855774,
                    -3.4953248500823975
                ],
                [
                    -3.725290298461914e-09,
                    0.9921175837516785,
                    -0.12531043589115143,
                    -0.5051425099372864
                ],
                [
                    0.0,
                    0.0,
                    0.0,
                    1.0
                ]
            ]
        },
        {
            "file_path": "/data/shapenet_blender/all_50_random/02958343/48071634bdeb66e271a126804ae24042/r_26",
            "rotation": 0.12566370614359174,
            "transform_matrix": [
                [
                    -0.15395258367061615,
                    0.37251800298690796,
                    0.9151660799980164,
                    3.689152479171753
                ],
                [
                    0.988078236579895,
                    0.058042071759700775,
                    0.14259213209152222,
                    0.5748072862625122
                ],
                [
                    0.0,
                    0.9262081384658813,
                    -0.3770126402378082,
                    -1.5197865962982178
                ],
                [
                    0.0,
                    0.0,
                    0.0,
                    1.0
                ]
            ]
        },
        {
            "file_path": "/data/shapenet_blender/all_50_random/02958343/48071634bdeb66e271a126804ae24042/r_27",
            "rotation": 0.12566370614359174,
            "transform_matrix": [
                [
                    0.9592503309249878,
                    -0.18023110926151276,
                    0.2176133543252945,
                    0.8772275447845459
                ],
                [
                    0.2825576961040497,
                    0.6118636131286621,
                    -0.738771915435791,
                    -2.9780850410461426
                ],
                [
                    -1.4901161193847656e-08,
                    0.7701555490493774,
                    0.6378560662269592,
                    2.5712802410125732
                ],
                [
                    0.0,
                    0.0,
                    0.0,
                    1.0
                ]
            ]
        },
        {
            "file_path": "/data/shapenet_blender/all_50_random/02958343/48071634bdeb66e271a126804ae24042/r_28",
            "rotation": 0.12566370614359174,
            "transform_matrix": [
                [
                    -0.1834896206855774,
                    0.6605855822563171,
                    0.7279821634292603,
                    2.9345898628234863
                ],
                [
                    0.9830216765403748,
                    0.1233040988445282,
                    0.13588425517082214,
                    0.547766923904419
                ],
                [
                    0.0,
                    0.7405555844306946,
                    -0.6719951033592224,
                    -2.7088987827301025
                ],
                [
                    0.0,
                    0.0,
                    0.0,
                    1.0
                ]
            ]
        },
        {
            "file_path": "/data/shapenet_blender/all_50_random/02958343/48071634bdeb66e271a126804ae24042/r_29",
            "rotation": 0.12566370614359174,
            "transform_matrix": [
                [
                    0.852868378162384,
                    0.2360621988773346,
                    0.46571457386016846,
                    1.8773553371429443
                ],
                [
                    0.5221258401870728,
                    -0.3855966627597809,
                    -0.7607231736183167,
                    -3.066573143005371
                ],
                [
                    0.0,
                    0.8919582962989807,
                    -0.4521174430847168,
                    -1.8225436210632324
                ],
                [
                    0.0,
                    0.0,
                    0.0,
                    1.0
                ]
            ]
        },
        {
            "file_path": "/data/shapenet_blender/all_50_random/02958343/48071634bdeb66e271a126804ae24042/r_30",
            "rotation": 0.12566370614359174,
            "transform_matrix": [
                [
                    0.8713266849517822,
                    0.05785267427563667,
                    -0.4872812330722809,
                    -1.9642934799194336
                ],
                [
                    -0.4907035529613495,
                    0.10272714495658875,
                    -0.865249752998352,
                    -3.487933397293091
                ],
                [
                    -3.725290742551124e-09,
                    0.9930257201194763,
                    0.1178974062204361,
                    0.4752596318721771
                ],
                [
                    0.0,
                    0.0,
                    0.0,
                    1.0
                ]
            ]
        },
        {
            "file_path": "/data/shapenet_blender/all_50_random/02958343/48071634bdeb66e271a126804ae24042/r_31",
            "rotation": 0.12566370614359174,
            "transform_matrix": [
                [
                    -0.05065637454390526,
                    0.7479766011238098,
                    -0.6617891788482666,
                    -2.667757511138916
                ],
                [
                    -0.9987161755561829,
                    -0.03793849050998688,
                    0.03356693685054779,
                    0.13531264662742615
                ],
                [
                    0.0,
                    0.6626399159431458,
                    0.7489380836486816,
                    3.019066095352173
                ],
                [
                    0.0,
                    0.0,
                    0.0,
                    1.0
                ]
            ]
        },
        {
            "file_path": "/data/shapenet_blender/all_50_random/02958343/48071634bdeb66e271a126804ae24042/r_32",
            "rotation": 0.12566370614359174,
            "transform_matrix": [
                [
                    0.9995631575584412,
                    -0.007703642826527357,
                    -0.028535863384604454,
                    -0.11503174901008606
                ],
                [
                    -0.02955743297934532,
                    -0.2605191469192505,
                    -0.9650160670280457,
                    -3.8901045322418213
                ],
                [
                    0.0,
                    0.9654380083084106,
                    -0.2606329917907715,
                    -1.050645351409912
                ],
                [
                    0.0,
                    0.0,
                    0.0,
                    1.0
                ]
            ]
        },
        {
            "file_path": "/data/shapenet_blender/all_50_random/02958343/48071634bdeb66e271a126804ae24042/r_33",
            "rotation": 0.12566370614359174,
            "transform_matrix": [
                [
                    -0.14823918044567108,
                    -0.8586218357086182,
                    0.49070724844932556,
                    1.9781043529510498
                ],
                [
                    0.9889516234397888,
                    -0.12870337069034576,
                    0.07355470210313797,
                    0.2965085208415985
                ],
                [
                    0.0,
                    0.4961893558502197,
                    0.8682142496109009,
                    3.4998838901519775
                ],
                [
                    0.0,
                    0.0,
                    0.0,
                    1.0
                ]
            ]
        },
        {
            "file_path": "/data/shapenet_blender/all_50_random/02958343/48071634bdeb66e271a126804ae24042/r_34",
            "rotation": 0.12566370614359174,
            "transform_matrix": [
                [
                    0.6717202067375183,
                    0.0821588933467865,
                    -0.7362350225448608,
                    -2.967857837677002
                ],
                [
                    -0.74080491065979,
                    0.0744970515370369,
                    -0.6675764322280884,
                    -2.6910862922668457
                ],
                [
                    0.0,
                    0.9938309192657471,
                    0.11090492457151413,
                    0.44707199931144714
                ],
                [
                    0.0,
                    0.0,
                    0.0,
                    1.0
                ]
            ]
        },
        {
            "file_path": "/data/shapenet_blender/all_50_random/02958343/48071634bdeb66e271a126804ae24042/r_35",
            "rotation": 0.12566370614359174,
            "transform_matrix": [
                [
                    -0.7558954358100891,
                    -0.590025782585144,
                    0.2837102711200714,
                    1.1436727046966553
                ],
                [
                    0.6546922922134399,
                    -0.681232750415802,
                    0.32756656408309937,
                    1.3204630613327026
                ],
                [
                    0.0,
                    0.433349072933197,
                    0.9012261629104614,
                    3.6329588890075684
                ],
                [
                    0.0,
                    0.0,
                    0.0,
                    1.0
                ]
            ]
        },
        {
            "file_path": "/data/shapenet_blender/all_50_random/02958343/48071634bdeb66e271a126804ae24042/r_36",
            "rotation": 0.12566370614359174,
            "transform_matrix": [
                [
                    0.9434660077095032,
                    0.25814053416252136,
                    0.20793138444423676,
                    0.8381983041763306
                ],
                [
                    0.33146947622299194,
                    -0.7347488403320312,
                    -0.5918378829956055,
                    -2.385775089263916
                ],
                [
                    0.0,
                    0.627301812171936,
                    -0.7787761688232422,
                    -3.1393473148345947
                ],
                [
                    0.0,
                    0.0,
                    0.0,
                    1.0
                ]
            ]
        },
        {
            "file_path": "/data/shapenet_blender/all_50_random/02958343/48071634bdeb66e271a126804ae24042/r_37",
            "rotation": 0.12566370614359174,
            "transform_matrix": [
                [
                    0.7344402074813843,
                    -0.4095858931541443,
                    0.541144073009491,
                    2.1814217567443848
                ],
                [
                    0.6786734461784363,
                    0.4432416558265686,
                    -0.585610032081604,
                    -2.3606698513031006
                ],
                [
                    0.0,
                    0.7973556518554688,
                    0.6035095453262329,
                    2.4328250885009766
                ],
                [
                    0.0,
                    0.0,
                    0.0,
                    1.0
                ]
            ]
        },
        {
            "file_path": "/data/shapenet_blender/all_50_random/02958343/48071634bdeb66e271a126804ae24042/r_38",
            "rotation": 0.12566370614359174,
            "transform_matrix": [
                [
                    0.9835556745529175,
                    0.13492348790168762,
                    0.12005757540464401,
                    0.4839676022529602
                ],
                [
                    0.1806049942970276,
                    -0.7347790002822876,
                    -0.653820812702179,
                    -2.635636329650879
                ],
                [
                    0.0,
                    0.6647522449493408,
                    -0.7470638155937195,
                    -3.0115108489990234
                ],
                [
                    0.0,
                    0.0,
                    0.0,
                    1.0
                ]
            ]
        },
        {
            "file_path": "/data/shapenet_blender/all_50_random/02958343/48071634bdeb66e271a126804ae24042/r_39",
            "rotation": 0.12566370614359174,
            "transform_matrix": [
                [
                    -0.543570876121521,
                    -0.1760931760072708,
                    -0.8206837177276611,
                    -3.3082821369171143
                ],
                [
                    -0.8393632769584656,
                    0.11403778195381165,
                    0.5314739942550659,
                    2.1424403190612793
                ],
                [
                    0.0,
                    0.9777455925941467,
                    -0.20979376137256622,
                    -0.8457057476043701
                ],
                [
                    0.0,
                    0.0,
                    0.0,
                    1.0
                ]
            ]
        },
        {
            "file_path": "/data/shapenet_blender/all_50_random/02958343/48071634bdeb66e271a126804ae24042/r_40",
            "rotation": 0.12566370614359174,
            "transform_matrix": [
                [
                    0.8891151547431946,
                    -0.09623155742883682,
                    0.4474526047706604,
                    1.803739309310913
                ],
                [
                    0.4576837718486786,
                    0.18694335222244263,
                    -0.8692396879196167,
                    -3.5040175914764404
                ],
                [
                    0.0,
                    0.977645993232727,
                    0.21025772392749786,
                    0.8475760817527771
                ],
                [
                    0.0,
                    0.0,
                    0.0,
                    1.0
                ]
            ]
        },
        {
            "file_path": "/data/shapenet_blender/all_50_random/02958343/48071634bdeb66e271a126804ae24042/r_41",
            "rotation": 0.12566370614359174,
            "transform_matrix": [
                [
                    0.8957680463790894,
                    -0.39958181977272034,
                    -0.19476653635501862,
                    -0.7851290702819824
                ],
                [
                    -0.44452178478240967,
                    -0.8052082657814026,
                    -0.39247938990592957,
                    -1.5821352005004883
                ],
                [
                    0.0,
                    0.43814849853515625,
                    -0.8989024758338928,
                    -3.6235921382904053
