{
    "class": "02958343",
    "model": "c8ab7f11ecdbf873921cb81cb1632a5e",
    "remove_doubles": true,
    "edge_split": true,
    "denoise": true,
    "camera_angle_x": 0.6911112070083618,
    "scale_factor": 2.2973902355393765,
    "hdri_file": "/data/IndoorHDRDataset2018/AG8A1302-0dd1e6995e.exr",
    "center_offset": [
        0.0,
        0.0,
        7.450580596923828e-09
    ],
    "lights": [],
    "frames": [
        {
            "file_path": "/data/shapenet_blender/all_50_random/02958343/c8ab7f11ecdbf873921cb81cb1632a5e/r_0",
            "rotation": 0.12566370614359174,
            "transform_matrix": [
                [
                    -0.8977130055427551,
                    0.23490411043167114,
                    -0.37273502349853516,
                    -1.5025430917739868
                ],
                [
                    -0.44058069586753845,
                    -0.47863301634788513,
                    0.7594727873802185,
                    3.061532974243164
                ],
                [
                    -1.4901161193847656e-08,
                    0.8460084199905396,
                    0.5331692695617676,
                    2.1492743492126465
                ],
                [
                    0.0,
                    0.0,
                    0.0,
                    1.0
                ]
            ]
        },
        {
            "file_path": "/data/shapenet_blender/all_50_random/02958343/c8ab7f11ecdbf873921cb81cb1632a5e/r_1",
            "rotation": 0.12566370614359174,
            "transform_matrix": [
                [
                    -0.7009953856468201,
                    0.1408815085887909,
                    0.6991121172904968,
                    2.818211078643799
                ],
                [
                    0.7131657004356384,
                    0.1384773552417755,
                    0.6871816515922546,
                    2.77011775970459
                ],
                [
                    -7.450580596923828e-09,
                    0.9802939295768738,
                    -0.1975438892841339,
                    -0.7963249087333679
                ],
                [
                    0.0,
                    0.0,
                    0.0,
                    1.0
                ]
            ]
        },
        {
            "file_path": "/data/shapenet_blender/all_50_random/02958343/c8ab7f11ecdbf873921cb81cb1632a5e/r_2",
            "rotation": 0.12566370614359174,
            "transform_matrix": [
                [
                    -0.08294027298688889,
                    0.5253188610076904,
                    -0.8468535542488098,
                    -3.41377592086792
                ],
                [
                    -0.9965546131134033,
                    -0.04372072592377663,
                    0.07048109918832779,
                    0.2841183841228485
                ],
                [
                    0.0,
                    0.8497813940048218,
                    0.5271351337432861,
                    2.1249496936798096
                ],
                [
                    0.0,
                    0.0,
                    0.0,
                    1.0
                ]
            ]
        },
        {
            "file_path": "/data/shapenet_blender/all_50_random/02958343/c8ab7f11ecdbf873921cb81cb1632a5e/r_3",
            "rotation": 0.12566370614359174,
            "transform_matrix": [
                [
                    -0.28633853793144226,
                    0.5075411200523376,
                    -0.8126575350761414,
                    -3.2759270668029785
                ],
                [
                    -0.9581285715103149,
                    -0.1516796350479126,
                    0.24286426603794098,
                    0.9790171384811401
                ],
                [
                    7.4505797087454084e-09,
                    0.8481717109680176,
                    0.5297213196754456,
                    2.1353750228881836
                ],
                [
                    0.0,
                    0.0,
                    0.0,
                    1.0
                ]
            ]
        },
        {
            "file_path": "/data/shapenet_blender/all_50_random/02958343/c8ab7f11ecdbf873921cb81cb1632a5e/r_4",
            "rotation": 0.12566370614359174,
            "transform_matrix": [
                [
                    0.7979108095169067,
                    0.21442924439907074,
                    -0.563345730304718,
                    -2.2709193229675293
                ],
                [
                    -0.602775514125824,
                    0.28384602069854736,
                    -0.7457165122032166,
                    -3.0060794353485107
                ],
                [
                    2.9802322387695312e-08,
                    0.934586226940155,
                    0.35573649406433105,
                    1.434019684791565
                ],
                [
                    0.0,
                    0.0,
                    0.0,
                    1.0
                ]
            ]
        },
        {
            "file_path": "/data/shapenet_blender/all_50_random/02958343/c8ab7f11ecdbf873921cb81cb1632a5e/r_5",
            "rotation": 0.12566370614359174,
            "transform_matrix": [
                [
                    0.7253416180610657,
                    0.1359000951051712,
                    0.674841046333313,
                    2.7203714847564697
                ],
                [
                    0.6883889436721802,
                    -0.1431952267885208,
                    -0.7110665440559387,
                    -2.866401195526123
                ],
                [
                    7.450580596923828e-09,
                    0.9803194403648376,
                    -0.19741757214069366,
                    -0.7958157658576965
                ],
                [
                    0.0,
                    0.0,
                    0.0,
                    1.0
                ]
            ]
        },
        {
            "file_path": "/data/shapenet_blender/all_50_random/02958343/c8ab7f11ecdbf873921cb81cb1632a5e/r_6",
            "rotation": 0.12566370614359174,
            "transform_matrix": [
                [
                    0.0675315335392952,
                    0.020227588713169098,
                    -0.99751216173172,
                    -4.02109956741333
                ],
                [
                    -0.9977172017097473,
                    0.0013691256754100323,
                    -0.06751765310764313,
                    -0.27217233180999756
                ],
                [
                    1.1641532182693481e-10,
                    0.9997943639755249,
                    0.020273875445127487,
                    0.08172659575939178
                ],
                [
                    0.0,
                    0.0,
                    0.0,
                    1.0
                ]
            ]
        },
        {
            "file_path": "/data/shapenet_blender/all_50_random/02958343/c8ab7f11ecdbf873921cb81cb1632a5e/r_7",
            "rotation": 0.12566370614359174,
            "transform_matrix": [
                [
                    0.9939948916435242,
                    -0.0008692141273058951,
                    -0.10942330211400986,
                    -0.44109946489334106
                ],
                [
                    -0.10942677408456802,
                    -0.007895640097558498,
                    -0.9939634203910828,
                    -4.0067949295043945
                ],
                [
                    0.0,
                    0.999968409538269,
                    -0.00794333964586258,
                    -0.032020628452301025
                ],
                [
                    0.0,
                    0.0,
                    0.0,
                    1.0
                ]
            ]
        },
        {
            "file_path": "/data/shapenet_blender/all_50_random/02958343/c8ab7f11ecdbf873921cb81cb1632a5e/r_8",
            "rotation": 0.12566370614359174,
            "transform_matrix": [
                [
                    -0.7443716526031494,
                    0.35654544830322266,
                    -0.564611554145813,
                    -2.276021957397461
                ],
                [
                    -0.6677656173706055,
                    -0.3974483609199524,
                    0.6293838024139404,
                    2.5371272563934326
                ],
                [
                    0.0,
                    0.8455235958099365,
                    0.5339380502700806,
                    2.1523730754852295
                ],
                [
                    0.0,
                    0.0,
                    0.0,
                    1.0
                ]
            ]
        },
        {
            "file_path": "/data/shapenet_blender/all_50_random/02958343/c8ab7f11ecdbf873921cb81cb1632a5e/r_9",
            "rotation": 0.12566370614359174,
            "transform_matrix": [
                [
                    -0.6267063617706299,
                    0.6713917255401611,
                    -0.3955657482147217,
                    -1.5945764780044556
                ],
                [
                    -0.7792555093765259,
                    -0.5399582982063293,
                    0.3181287348270416,
                    1.282417893409729
                ],
                [
                    -1.4901161193847656e-08,
                    0.5076201558113098,
                    0.8615809679031372,
                    3.473144054412842
                ],
                [
                    0.0,
                    0.0,
                    0.0,
                    1.0
                ]
            ]
        },
        {
            "file_path": "/data/shapenet_blender/all_50_random/02958343/c8ab7f11ecdbf873921cb81cb1632a5e/r_10",
            "rotation": 0.12566370614359174,
            "transform_matrix": [
                [
                    0.21767045557498932,
                    -0.6961848139762878,
                    -0.6840659379959106,
                    -2.7575581073760986
                ],
                [
                    -0.9760224223136902,
                    -0.15526166558265686,
                    -0.15255893766880035,
                    -0.6149847507476807
                ],
                [
                    0.0,
                    0.7008712887763977,
                    -0.7132877707481384,
                    -2.8753550052642822
                ],
                [
                    0.0,
                    0.0,
                    0.0,
                    1.0
                ]
            ]
        },
        {
            "file_path": "/data/shapenet_blender/all_50_random/02958343/c8ab7f11ecdbf873921cb81cb1632a5e/r_11",
            "rotation": 0.12566370614359174,
            "transform_matrix": [
                [
                    -0.11783254891633987,
                    0.7004168629646301,
                    0.7039400935173035,
                    2.8376734256744385
                ],
                [
                    0.9930334687232971,
                    0.08311089873313904,
                    0.08352895826101303,
                    0.33671602606773376
                ],
                [
                    -3.725290076417309e-09,
                    0.7088785767555237,
                    -0.705330491065979,
                    -2.843278408050537
                ],
                [
                    0.0,
                    0.0,
                    0.0,
                    1.0
                ]
            ]
        },
        {
            "file_path": "/data/shapenet_blender/all_50_random/02958343/c8ab7f11ecdbf873921cb81cb1632a5e/r_12",
            "rotation": 0.12566370614359174,
            "transform_matrix": [
                [
                    -0.546889066696167,
                    -0.07924667000770569,
                    0.8334459662437439,
                    3.3597283363342285
                ],
                [
                    0.8372049927711487,
                    -0.05176645889878273,
                    0.5444335341453552,
                    2.1946821212768555
                ],
                [
                    0.0,
                    0.9955099821090698,
                    0.09465622156858444,
                    0.3815714716911316
                ],
                [
                    0.0,
                    0.0,
                    0.0,
                    1.0
                ]
            ]
        },
        {
            "file_path": "/data/shapenet_blender/all_50_random/02958343/c8ab7f11ecdbf873921cb81cb1632a5e/r_13",
            "rotation": 0.12566370614359174,
            "transform_matrix": [
                [
                    -0.4430067241191864,
                    -0.016901545226573944,
                    -0.8963589668273926,
                    -3.6133384704589844
                ],
                [
                    -0.8965182304382324,
                    0.008351752534508705,
                    0.4429280459880829,
                    1.7855000495910645
                ],
                [
                    0.0,
                    0.999822199344635,
                    -0.01885242760181427,
                    -0.07599656283855438
                ],
                [
                    0.0,
                    0.0,
                    0.0,
                    1.0
                ]
            ]
        },
        {
            "file_path": "/data/shapenet_blender/all_50_random/02958343/c8ab7f11ecdbf873921cb81cb1632a5e/r_14",
            "rotation": 0.12566370614359174,
            "transform_matrix": [
                [
                    0.7799886465072632,
                    0.14500033855438232,
                    0.6087632179260254,
                    2.45400333404541
                ],
                [
                    0.6257938146591187,
                    -0.1807282418012619,
                    -0.7587617039680481,
                    -3.058666467666626
                ],
                [
                    7.450581485102248e-09,
                    0.9727858304977417,
                    -0.23170624673366547,
                    -0.9340378046035767
                ],
                [
                    0.0,
                    0.0,
                    0.0,
                    1.0
                ]
            ]
        },
        {
            "file_path": "/data/shapenet_blender/all_50_random/02958343/c8ab7f11ecdbf873921cb81cb1632a5e/r_15",
            "rotation": 0.12566370614359174,
            "transform_matrix": [
                [
                    -0.6078891754150391,
                    -0.6347652077674866,
                    0.4770156145095825,
                    1.9229114055633545
                ],
                [
                    0.7940219640731812,
                    -0.4859650433063507,
                    0.365194708108902,
                    1.472146987915039
                ],
                [
                    1.4901161193847656e-08,
                    0.6007587313652039,
                    0.7994303703308105,
                    3.222606897354126
                ],
                [
                    0.0,
                    0.0,
                    0.0,
                    1.0
                ]
            ]
        },
        {
            "file_path": "/data/shapenet_blender/all_50_random/02958343/c8ab7f11ecdbf873921cb81cb1632a5e/r_16",
            "rotation": 0.12566370614359174,
            "transform_matrix": [
                [
                    -0.4625018835067749,
                    -0.8533344864845276,
                    0.24064962565898895,
                    0.9700896739959717
                ],
                [
                    0.8866183161735535,
                    -0.44513949751853943,
                    0.12553419172763824,
                    0.5060445070266724
                ],
                [
                    0.0,
                    0.271424263715744,
                    0.9624598026275635,
                    3.8797996044158936
                ],
                [
                    0.0,
                    0.0,
                    0.0,
                    1.0
                ]
            ]
        },
        {
            "file_path": "/data/shapenet_blender/all_50_random/02958343/c8ab7f11ecdbf873921cb81cb1632a5e/r_17",
            "rotation": 0.12566370614359174,
            "transform_matrix": [
                [
                    -0.9878713488578796,
                    -0.012200472876429558,
                    -0.1547948271036148,
                    -0.6239979267120361
                ],
                [
                    -0.1552748829126358,
                    0.07762039452791214,
                    0.9848171472549438,
                    3.9699249267578125
                ],
                [
                    9.313225746154785e-10,
                    0.9969083070755005,
                    -0.07857338339090347,
                    -0.31673943996429443
                ],
                [
                    0.0,
                    0.0,
                    0.0,
                    1.0
                ]
            ]
        },
        {
            "file_path": "/data/shapenet_blender/all_50_random/02958343/c8ab7f11ecdbf873921cb81cb1632a5e/r_18",
            "rotation": 0.12566370614359174,
            "transform_matrix": [
                [
                    -0.06131758540868759,
                    -0.025526776909828186,
                    0.9977916479110718,
                    4.0222272872924805
                ],
                [
                    0.9981182813644409,
                    -0.0015681912191212177,
                    0.06129751726984978,
                    0.24709822237491608
                ],
                [
                    1.1641532182693481e-10,
                    0.9996728897094727,
                    0.02557489462196827,
                    0.10309571027755737
                ],
                [
                    0.0,
                    0.0,
                    0.0,
                    1.0
                ]
            ]
        },
        {
            "file_path": "/data/shapenet_blender/all_50_random/02958343/c8ab7f11ecdbf873921cb81cb1632a5e/r_19",
            "rotation": 0.12566370614359174,
            "transform_matrix": [
                [
                    -0.9280756115913391,
                    -0.02070024609565735,
                    0.3718158006668091,
                    1.4988375902175903
                ],
                [
                    0.37239158153533936,
                    -0.051589228212833405,
                    0.9266406893730164,
                    3.735408306121826
                ],
                [
                    0.0,
                    0.9984539151191711,
                    0.055587299168109894,
                    0.22407957911491394
                ],
                [
                    0.0,
                    0.0,
                    0.0,
                    1.0
                ]
            ]
        },
        {
            "file_path": "/data/shapenet_blender/all_50_random/02958343/c8ab7f11ecdbf873921cb81cb1632a5e/r_20",
            "rotation": 0.12566370614359174,
            "transform_matrix": [
                [
                    -0.40725865960121155,
                    -0.054310914129018784,
                    -0.9116966128349304,
                    -3.675166606903076
                ],
                [
                    -0.9133128523826599,
                    0.02421797811985016,
                    0.4065379500389099,
                    1.638806939125061
                ],
                [
                    1.862645149230957e-09,
                    0.9982303380966187,
                    -0.059465836733579636,
                    -0.23971445858478546
                ],
                [
                    0.0,
                    0.0,
                    0.0,
                    1.0
                ]
            ]
        },
        {
            "file_path": "/data/shapenet_blender/all_50_random/02958343/c8ab7f11ecdbf873921cb81cb1632a5e/r_21",
            "rotation": 0.12566370614359174,
            "transform_matrix": [
                [
                    -0.9806488752365112,
                    -0.028098521754145622,
                    -0.19374822080135345,
                    -0.7810239791870117
                ],
                [
                    -0.195775106549263,
                    0.1407471001148224,
                    0.9704959988594055,
                    3.912194013595581
                ],
                [
                    -3.7252898543727042e-09,
                    0.989646852016449,
                    -0.14352448284626007,
                    -0.5785655975341797
                ],
                [
                    0.0,
                    0.0,
                    0.0,
                    1.0
                ]
            ]
        },
        {
            "file_path": "/data/shapenet_blender/all_50_random/02958343/c8ab7f11ecdbf873921cb81cb1632a5e/r_22",
            "rotation": 0.12566370614359174,
            "transform_matrix": [
                [
                    0.9438897967338562,
                    -0.10221584886312485,
                    0.3140445053577423,
                    1.2659538984298706
                ],
                [
                    0.33026057481765747,
                    0.29213446378707886,
                    -0.8975440859794617,
                    -3.6181159019470215
                ],
                [
                    7.450580596923828e-09,
                    0.9508992433547974,
                    0.3095006048679352,
                    1.2476367950439453
                ],
                [
                    0.0,
                    0.0,
                    0.0,
                    1.0
                ]
            ]
        },
        {
            "file_path": "/data/shapenet_blender/all_50_random/02958343/c8ab7f11ecdbf873921cb81cb1632a5e/r_23",
            "rotation": 0.12566370614359174,
            "transform_matrix": [
                [
                    0.07257089018821716,
                    -0.036950498819351196,
                    -0.9966784715652466,
                    -4.017739772796631
                ],
                [
                    -0.997363269329071,
                    -0.0026886197738349438,
                    -0.07252106070518494,
                    -0.29234176874160767
                ],
                [
                    2.3283064365386963e-10,
                    0.9993133544921875,
                    -0.037048183381557465,
                    -0.1493460237979889
                ],
                [
                    0.0,
                    0.0,
                    0.0,
                    1.0
                ]
            ]
        },
        {
            "file_path": "/data/shapenet_blender/all_50_random/02958343/c8ab7f11ecdbf873921cb81cb1632a5e/r_24",
            "rotation": 0.12566370614359174,
            "transform_matrix": [
                [
                    -0.37460097670555115,
                    -0.036114245653152466,
                    0.9264825582504272,
                    3.7347705364227295
                ],
                [
                    0.927186131477356,
                    -0.014590847305953503,
                    0.3743167221546173,
                    1.5089190006256104
                ],
                [
                    0.0,
                    0.9992411136627197,
                    0.03895037621259689,
                    0.15701398253440857
                ],
                [
                    0.0,
                    0.0,
                    0.0,
                    1.0
                ]
            ]
        },
        {
            "file_path": "/data/shapenet_blender/all_50_random/02958343/c8ab7f11ecdbf873921cb81cb1632a5e/r_25",
            "rotation": 0.12566370614359174,
            "transform_matrix": [
                [
                    0.9168282747268677,
                    0.056747809052467346,
                    0.39522865414619446,
                    1.5932176113128662
                ],
                [
                    0.3992818593978882,
                    -0.13030391931533813,
                    -0.9075213074684143,
                    -3.6583354473114014
                ],
                [
                    -3.725290298461914e-09,
                    0.989848792552948,
                    -0.14212468266487122,
                    -0.572922945022583
                ],
                [
                    0.0,
                    0.0,
                    0.0,
                    1.0
                ]
            ]
        },
        {
            "file_path": "/data/shapenet_blender/all_50_random/02958343/c8ab7f11ecdbf873921cb81cb1632a5e/r_26",
            "rotation": 0.12566370614359174,
            "transform_matrix": [
                [
                    -0.47370362281799316,
                    -0.8204934597015381,
                    -0.31999263167381287,
                    -1.2899315357208252
                ],
                [
                    -0.8806844353675842,
                    0.4413280487060547,
                    0.17211803793907166,
                    0.6938300132751465
                ],
                [
                    0.0,
                    0.36334532499313354,
                    -0.9316544532775879,
                    -3.7556192874908447
                ],
                [
                    0.0,
                    0.0,
                    0.0,
                    1.0
                ]
            ]
        },
        {
            "file_path": "/data/shapenet_blender/all_50_random/02958343/c8ab7f11ecdbf873921cb81cb1632a5e/r_27",
            "rotation": 0.12566370614359174,
            "transform_matrix": [
                [
                    -0.15665103495121002,
                    -0.7246491312980652,
                    -0.6710768342018127,
                    -2.7051968574523926
                ],
                [
                    -0.9876540303230286,
                    0.11493603140115738,
                    0.10643897205591202,
                    0.4290691614151001
                ],
                [
                    0.0,
                    0.6794653534889221,
                    -0.73370760679245,
                    -2.957669496536255
                ],
                [
                    0.0,
                    0.0,
                    0.0,
                    1.0
                ]
            ]
        },
        {
            "file_path": "/data/shapenet_blender/all_50_random/02958343/c8ab7f11ecdbf873921cb81cb1632a5e/r_28",
            "rotation": 0.12566370614359174,
            "transform_matrix": [
                [
                    0.97099769115448,
                    0.13844862580299377,
                    -0.19492454826831818,
                    -0.7857660055160522
                ],
                [
                    -0.23908913135528564,
                    0.5622727274894714,
                    -0.7916348576545715,
                    -3.1911821365356445
                ],
                [
                    0.0,
                    0.8152798414230347,
                    0.5790671110153198,
                    2.334294080734253
                ],
                [
                    0.0,
                    0.0,
                    0.0,
                    1.0
                ]
            ]
        },
        {
            "file_path": "/data/shapenet_blender/all_50_random/02958343/c8ab7f11ecdbf873921cb81cb1632a5e/r_29",
            "rotation": 0.12566370614359174,
            "transform_matrix": [
                [
                    -0.9782083034515381,
                    -0.019933998584747314,
                    -0.20666684210300446,
                    -0.8331006765365601
                ],
                [
                    -0.20762600004673004,
                    0.09391696006059647,
                    0.9736893773078918,
                    3.92506742477417
                ],
                [
                    0.0,
                    0.9953804016113281,
                    -0.09600916504859924,
                    -0.3870253264904022
                ],
                [
                    0.0,
                    0.0,
                    0.0,
                    1.0
                ]
            ]
        },
        {
            "file_path": "/data/shapenet_blender/all_50_random/02958343/c8ab7f11ecdbf873921cb81cb1632a5e/r_30",
            "rotation": 0.12566370614359174,
            "transform_matrix": [
                [
                    -0.9884642362594604,
                    -0.10062360763549805,
                    0.11319590359926224,
                    0.4563072919845581
                ],
                [
                    0.1514543741941452,
                    -0.6567181944847107,
                    0.7387710213661194,
                    2.978081226348877
                ],
                [
                    7.450581485102248e-09,
                    0.7473927140235901,
                    0.6643823981285095,
                    2.678211212158203
                ],
                [
                    0.0,
                    0.0,
                    0.0,
                    1.0
                ]
            ]
        },
        {
            "file_path": "/data/shapenet_blender/all_50_random/02958343/c8ab7f11ecdbf873921cb81cb1632a5e/r_31",
            "rotation": 0.12566370614359174,
            "transform_matrix": [
                [
                    -0.6385277509689331,
                    0.09921739250421524,
                    -0.7631763815879822,
                    -3.076462507247925
                ],
                [
                    -0.7695988416671753,
                    -0.08231958746910095,
                    0.633199155330658,
                    2.5525074005126953
                ],
                [
                    7.450581485102248e-09,
                    0.9916547536849976,
                    0.12892094254493713,
                    0.5196969509124756
                ],
                [
                    0.0,
                    0.0,
                    0.0,
                    1.0
                ]
            ]
        },
        {
            "file_path": "/data/shapenet_blender/all_50_random/02958343/c8ab7f11ecdbf873921cb81cb1632a5e/r_32",
            "rotation": 0.12566370614359174,
            "transform_matrix": [
                [
                    0.6588325500488281,
                    0.434125155210495,
                    0.6143898963928223,
                    2.476684808731079
                ],
                [
                    0.7522895932197571,
                    -0.3801937699317932,
                    -0.538064181804657,
                    -2.169006109237671
                ],
                [
                    1.4901161193847656e-08,
                    0.8166933059692383,
                    -0.5770718455314636,
                    -2.3262510299682617
                ],
                [
                    0.0,
                    0.0,
                    0.0,
                    1.0
                ]
            ]
        },
        {
            "file_path": "/data/shapenet_blender/all_50_random/02958343/c8ab7f11ecdbf873921cb81cb1632a5e/r_33",
            "rotation": 0.12566370614359174,
            "transform_matrix": [
                [
                    0.6026057600975037,
                    -0.3616667687892914,
                    -0.7113813161849976,
                    -2.8676700592041016
                ],
                [
                    -0.7980389595031738,
                    -0.27309751510620117,
                    -0.5371698141098022,
                    -2.165400981903076
                ],
                [
                    1.4901159417490817e-08,
                    0.8914117813110352,
                    -0.4531942903995514,
                    -1.8268847465515137
                ],
                [
                    0.0,
                    0.0,
                    0.0,
                    1.0
                ]
            ]
        },
        {
            "file_path": "/data/shapenet_blender/all_50_random/02958343/c8ab7f11ecdbf873921cb81cb1632a5e/r_34",
            "rotation": 0.12566370614359174,
            "transform_matrix": [
                [
                    -0.9535913467407227,
                    0.13574272394180298,
                    -0.2687702775001526,
                    -1.0834476947784424
                ],
                [
                    -0.3011038899421692,
                    -0.4298951029777527,
                    0.8511912822723389,
                    3.4312617778778076
                ],
                [
                    0.0,
                    0.892616331577301,
                    0.45081689953804016,
                    1.8173010349273682
                ],
                [
                    0.0,
                    0.0,
                    0.0,
                    1.0
                ]
            ]
        },
        {
            "file_path": "/data/shapenet_blender/all_50_random/02958343/c8ab7f11ecdbf873921cb81cb1632a5e/r_35",
            "rotation": 0.12566370614359174,
            "transform_matrix": [
                [
                    0.7830742001533508,
                    0.11661233007907867,
                    -0.6108980178833008,
                    -2.462608814239502
                ],
                [
                    -0.6219283938407898,
                    0.1468273550271988,
                    -0.7691857814788818,
                    -3.100687265396118
                ],
                [
                    0.0,
                    0.9822643399238586,
                    0.1875012069940567,
                    0.7558416128158569
                ],
                [
                    0.0,
                    0.0,
                    0.0,
                    1.0
                ]
            ]
        },
        {
            "file_path": "/data/shapenet_blender/all_50_random/02958343/c8ab7f11ecdbf873921cb81cb1632a5e/r_36",
            "rotation": 0.12566370614359174,
            "transform_matrix": [
                [
                    0.650193452835083,
                    0.6476737856864929,
                    -0.3971989154815674,
                    -1.6011602878570557
                ],
                [
                    -0.7597687840461731,
                    0.5542650818824768,
                    -0.3399141728878021,
                    -1.370237946510315
                ],
                [
                    0.0,
                    0.5227892398834229,
                    0.8524617552757263,
                    3.4363837242126465
                ],
                [
                    0.0,
                    0.0,
                    0.0,
                    1.0
                ]
            ]
        },
        {
            "file_path": "/data/shapenet_blender/all_50_random/02958343/c8ab7f11ecdbf873921cb81cb1632a5e/r_37",
            "rotation": 0.12566370614359174,
            "transform_matrix": [
                [
                    0.415798157453537,
                    0.17706482112407684,
                    -0.8920537233352661,
                    -3.5959837436676025
                ],
                [
                    -0.9094569087028503,
                    0.0809529647231102,
                    -0.4078415632247925,
                    -1.6440620422363281
                ],
                [
                    -7.450580152834618e-09,
                    0.9808642268180847,
                    0.194692924618721,
                    0.7848323583602905
                ],
                [
                    0.0,
                    0.0,
                    0.0,
                    1.0
                ]
            ]
        },
        {
            "file_path": "/data/shapenet_blender/all_50_random/02958343/c8ab7f11ecdbf873921cb81cb1632a5e/r_38",
            "rotation": 0.12566370614359174,
            "transform_matrix": [
                [
                    -0.2397327870130539,
                    0.10287508368492126,
                    -0.9653729796409607,
                    -3.891542673110962
                ],
                [
                    -0.9708389043807983,
                    -0.02540331892669201,
                    0.23838306963443756,
                    0.9609528183937073
                ],
                [
                    0.0,
                    0.9943697452545166,
                    0.10596514493227005,
                    0.4271591305732727
                ],
                [
                    0.0,
                    0.0,
                    0.0,
                    1.0
                ]
            ]
        },
        {
            "file_path": "/data/shapenet_blender/all_50_random/02958343/c8ab7f11ecdbf873921cb81cb1632a5e/r_39",
            "rotation": 0.12566370614359174,
            "transform_matrix": [
                [
                    0.9725506901741028,
                    0.1027543917298317,
                    -0.20877456665039062,
                    -0.8415971994400024
                ],
                [
                    -0.23269140720367432,
                    0.42946943640708923,
                    -0.8725885152816772,
                    -3.517516851425171
                ],
                [
                    0.0,
                    0.8972164988517761,
                    0.4415908455848694,
                    1.7801096439361572
                ],
                [
                    0.0,
                    0.0,
                    0.0,
                    1.0
                ]
            ]
        },
        {
            "file_path": "/data/shapenet_blender/all_50_random/02958343/c8ab7f11ecdbf873921cb81cb1632a5e/r_40",
            "rotation": 0.12566370614359174,
            "transform_matrix": [
                [
                    -0.30828413367271423,
                    0.01651260070502758,
                    0.9511510133743286,
                    3.834212303161621
                ],
                [
                    0.9512943029403687,
                    0.005351206287741661,
                    0.3082376718521118,
                    1.2425458431243896
                ],
                [
                    0.0,
                    0.9998493194580078,
                    -0.01735803484916687,
                    -0.06997247785329819
                ],
                [
                    0.0,
                    0.0,
                    0.0,
                    1.0
                ]
            ]
        },
        {
            "file_path": "/data/shapenet_blender/all_50_random/02958343/c8ab7f11ecdbf873921cb81cb1632a5e/r_41",
            "rotation": 0.12566370614359174,
            "transform_matrix": [
                [
                    0.6263892650604248,
                    -0.0684228390455246,
                    0.7765015363693237,
                    3.130178213119507
                ],
                [
                    0.7795105576515198,
                    0.054982367902994156,
                    -0.6239714026451111,
                    -2.5153093338012695
