{
    "class": "02958343",
    "model": "d142c919254dba0e41ab8016efaf0266",
    "remove_doubles": true,
    "edge_split": true,
    "denoise": true,
    "camera_angle_x": 0.6911112070083618,
    "scale_factor": 2.2107851111462944,
    "hdri_file": "/data/IndoorHDRDataset2018/9C4A8883-44b9e1f834.exr",
    "center_offset": [
        0.0,
        -3.725290298461914e-09,
        0.0
    ],
    "lights": [],
    "frames": [
        {
            "file_path": "/data/shapenet_blender/all_50_random/02958343/d142c919254dba0e41ab8016efaf0266/r_0",
            "rotation": 0.12566370614359174,
            "transform_matrix": [
                [
                    0.9477749466896057,
                    0.004120877478271723,
                    0.31891313195228577,
                    1.285580039024353
                ],
                [
                    0.31893980503082275,
                    -0.012245775200426579,
                    -0.947695791721344,
                    -3.820284128189087
                ],
                [
                    2.3283061589829401e-10,
                    0.9999165534973145,
                    -0.01292055007070303,
                    -0.052084408700466156
                ],
                [
                    0.0,
                    0.0,
                    0.0,
                    1.0
                ]
            ]
        },
        {
            "file_path": "/data/shapenet_blender/all_50_random/02958343/d142c919254dba0e41ab8016efaf0266/r_1",
            "rotation": 0.12566370614359174,
            "transform_matrix": [
                [
                    0.9976338744163513,
                    -0.03891424462199211,
                    -0.056677207350730896,
                    -0.22847312688827515
                ],
                [
                    -0.06875044852495193,
                    -0.5646823644638062,
                    -0.8224397301673889,
                    -3.3153605461120605
                ],
                [
                    0.0,
                    0.8243902921676636,
                    -0.5660216808319092,
                    -2.2817063331604004
                ],
                [
                    0.0,
                    0.0,
                    0.0,
                    1.0
                ]
            ]
        },
        {
            "file_path": "/data/shapenet_blender/all_50_random/02958343/d142c919254dba0e41ab8016efaf0266/r_2",
            "rotation": 0.12566370614359174,
            "transform_matrix": [
                [
                    -0.7970559597015381,
                    0.029035057872533798,
                    -0.6032071709632874,
                    -2.431605815887451
                ],
                [
                    -0.6039056181907654,
                    -0.038321495056152344,
                    0.7961341142654419,
                    3.2093193531036377
                ],
                [
                    0.0,
                    0.9988434910774231,
                    0.048078808933496475,
                    0.19381187856197357
                ],
                [
                    0.0,
                    0.0,
                    0.0,
                    1.0
                ]
            ]
        },
        {
            "file_path": "/data/shapenet_blender/all_50_random/02958343/d142c919254dba0e41ab8016efaf0266/r_3",
            "rotation": 0.12566370614359174,
            "transform_matrix": [
                [
                    -0.8361802697181702,
                    -0.22909851372241974,
                    -0.4983135461807251,
                    -2.008765935897827
                ],
                [
                    -0.5484545826911926,
                    0.3492862284183502,
                    0.7597346305847168,
                    3.0625879764556885
                ],
                [
                    -1.4901158529312397e-08,
                    0.9085774421691895,
                    -0.41771644353866577,
                    -1.683868646621704
                ],
                [
                    0.0,
                    0.0,
                    0.0,
                    1.0
                ]
            ]
        },
        {
            "file_path": "/data/shapenet_blender/all_50_random/02958343/d142c919254dba0e41ab8016efaf0266/r_4",
            "rotation": 0.12566370614359174,
            "transform_matrix": [
                [
                    -0.991714358329773,
                    0.09333476424217224,
                    -0.08826763182878494,
                    -0.3558182418346405
                ],
                [
                    -0.12846225500106812,
                    -0.7205339670181274,
                    0.6814162731170654,
                    2.7468771934509277
                ],
                [
                    0.0,
                    0.6871095299720764,
                    0.7265537977218628,
                    2.9288322925567627
                ],
                [
                    0.0,
                    0.0,
                    0.0,
                    1.0
                ]
            ]
        },
        {
            "file_path": "/data/shapenet_blender/all_50_random/02958343/d142c919254dba0e41ab8016efaf0266/r_5",
            "rotation": 0.12566370614359174,
            "transform_matrix": [
                [
                    0.358163058757782,
                    -0.30930280685424805,
                    -0.8809375762939453,
                    -3.551172971725464
                ],
                [
                    -0.9336591362953186,
                    -0.1186523288488388,
                    -0.33793842792510986,
                    -1.3622733354568481
                ],
                [
                    1.4901162970204496e-08,
                    0.9435322880744934,
                    -0.33128026127815247,
                    -1.3354334831237793
                ],
                [
                    0.0,
                    0.0,
                    0.0,
                    1.0
                ]
            ]
        },
        {
            "file_path": "/data/shapenet_blender/all_50_random/02958343/d142c919254dba0e41ab8016efaf0266/r_6",
            "rotation": 0.12566370614359174,
            "transform_matrix": [
                [
                    -0.9472373723983765,
                    -0.29667481780052185,
                    0.12134860455989838,
                    0.4891718626022339
                ],
                [
                    0.32053303718566895,
                    -0.8767316937446594,
                    0.3586086630821228,
                    1.445597767829895
                ],
                [
                    7.450580596923828e-09,
                    0.3785838186740875,
                    0.9255670309066772,
                    3.7310800552368164
                ],
                [
                    0.0,
                    0.0,
                    0.0,
                    1.0
                ]
            ]
        },
        {
            "file_path": "/data/shapenet_blender/all_50_random/02958343/d142c919254dba0e41ab8016efaf0266/r_7",
            "rotation": 0.12566370614359174,
            "transform_matrix": [
                [
                    0.9026371240615845,
                    -0.1260214000940323,
                    0.41153955459594727,
                    1.6589690446853638
                ],
                [
                    0.43040233850479126,
                    0.26429128646850586,
                    -0.8630781769752502,
                    -3.4791793823242188
                ],
                [
                    0.0,
                    0.9561739563941956,
                    0.29279905557632446,
                    1.1803107261657715
                ],
                [
                    0.0,
                    0.0,
                    0.0,
                    1.0
                ]
            ]
        },
        {
            "file_path": "/data/shapenet_blender/all_50_random/02958343/d142c919254dba0e41ab8016efaf0266/r_8",
            "rotation": 0.12566370614359174,
            "transform_matrix": [
                [
                    0.8439478278160095,
                    -0.016247514635324478,
                    -0.5361790657043457,
                    -2.161407232284546
                ],
                [
                    -0.5364252328872681,
                    -0.02556191012263298,
                    -0.843560516834259,
                    -3.4005014896392822
                ],
                [
                    0.0,
                    0.9995411038398743,
                    -0.030288495123386383,
                    -0.12209683656692505
                ],
                [
                    0.0,
                    0.0,
                    0.0,
                    1.0
                ]
            ]
        },
        {
            "file_path": "/data/shapenet_blender/all_50_random/02958343/d142c919254dba0e41ab8016efaf0266/r_9",
            "rotation": 0.12566370614359174,
            "transform_matrix": [
                [
                    -0.9220314025878906,
                    0.31036558747291565,
                    -0.23136849701404572,
                    -0.9326762557029724
                ],
                [
                    -0.3871151804924011,
                    -0.7392290830612183,
                    0.5510737299919128,
                    2.221449375152588
                ],
                [
                    0.0,
                    0.5976735949516296,
                    0.801739513874054,
                    3.2319154739379883
                ],
                [
                    0.0,
                    0.0,
                    0.0,
                    1.0
                ]
            ]
        },
        {
            "file_path": "/data/shapenet_blender/all_50_random/02958343/d142c919254dba0e41ab8016efaf0266/r_10",
            "rotation": 0.12566370614359174,
            "transform_matrix": [
                [
                    -0.0824427604675293,
                    -0.22079280018806458,
                    -0.9718301296234131,
                    -3.917572498321533
                ],
                [
                    -0.9965957999229431,
                    0.018264945596456528,
                    0.08039403706789017,
                    0.3240787386894226
                ],
                [
                    0.0,
                    0.9751497507095337,
                    -0.22154700756072998,
                    -0.8930845260620117
                ],
                [
                    0.0,
                    0.0,
                    0.0,
                    1.0
                ]
            ]
        },
        {
            "file_path": "/data/shapenet_blender/all_50_random/02958343/d142c919254dba0e41ab8016efaf0266/r_11",
            "rotation": 0.12566370614359174,
            "transform_matrix": [
                [
                    0.14415650069713593,
                    0.429267019033432,
                    -0.8915989398956299,
                    -3.5941503047943115
                ],
                [
                    -0.9895549416542053,
                    0.06253481656312943,
                    -0.1298864632844925,
                    -0.5235890746116638
                ],
                [
                    0.0,
                    0.9010100364685059,
                    0.4337981045246124,
                    1.7486960887908936
                ],
                [
                    0.0,
                    0.0,
                    0.0,
                    1.0
                ]
            ]
        },
        {
            "file_path": "/data/shapenet_blender/all_50_random/02958343/d142c919254dba0e41ab8016efaf0266/r_12",
            "rotation": 0.12566370614359174,
            "transform_matrix": [
                [
                    0.42480215430259705,
                    -0.33248239755630493,
                    -0.8420204520225525,
                    -3.3942933082580566
                ],
                [
                    -0.9052862524986267,
                    -0.15601611137390137,
                    -0.3951148986816406,
                    -1.5927592515945435
                ],
                [
                    0.0,
                    0.9301152229309082,
                    -0.3672676980495453,
                    -1.4805035591125488
                ],
                [
                    0.0,
                    0.0,
                    0.0,
                    1.0
                ]
            ]
        },
        {
            "file_path": "/data/shapenet_blender/all_50_random/02958343/d142c919254dba0e41ab8016efaf0266/r_13",
            "rotation": 0.12566370614359174,
            "transform_matrix": [
                [
                    -0.7974870204925537,
                    -0.07195846736431122,
                    -0.5990296006202698,
                    -2.4147655963897705
                ],
                [
                    -0.6033361554145813,
                    0.09511438012123108,
                    0.7917946577072144,
                    3.191826105117798
                ],
                [
                    0.0,
                    0.9928621053695679,
                    -0.11926764249801636,
                    -0.48078322410583496
                ],
                [
                    0.0,
                    0.0,
                    0.0,
                    1.0
                ]
            ]
        },
        {
            "file_path": "/data/shapenet_blender/all_50_random/02958343/d142c919254dba0e41ab8016efaf0266/r_14",
            "rotation": 0.12566370614359174,
            "transform_matrix": [
                [
                    -0.8874015212059021,
                    -0.11854034662246704,
                    0.4454960227012634,
                    1.7958519458770752
                ],
                [
                    0.4609973430633545,
                    -0.22818544507026672,
                    0.8575621247291565,
                    3.4569435119628906
                ],
                [
                    0.0,
                    0.9663743376731873,
                    0.2571389079093933,
                    1.03656005859375
                ],
                [
                    0.0,
                    0.0,
                    0.0,
                    1.0
                ]
            ]
        },
        {
            "file_path": "/data/shapenet_blender/all_50_random/02958343/d142c919254dba0e41ab8016efaf0266/r_15",
            "rotation": 0.12566370614359174,
            "transform_matrix": [
                [
                    0.04027528315782547,
                    0.5806564688682556,
                    -0.8131517767906189,
                    -3.2779197692871094
                ],
                [
                    -0.9991886019706726,
                    0.02340509556233883,
                    -0.03277651593089104,
                    -0.1321263611316681
                ],
                [
                    0.0,
                    0.8138120174407959,
                    0.5811280608177185,
                    2.342602252960205
                ],
                [
                    0.0,
                    0.0,
                    0.0,
                    1.0
                ]
            ]
        },
        {
            "file_path": "/data/shapenet_blender/all_50_random/02958343/d142c919254dba0e41ab8016efaf0266/r_16",
            "rotation": 0.12566370614359174,
            "transform_matrix": [
                [
                    0.9998584389686584,
                    -0.00029180082492530346,
                    -0.01682327128946781,
                    -0.06781676411628723
                ],
                [
                    -0.016825800761580467,
                    -0.017340008169412613,
                    -0.9997081756591797,
                    -4.029952049255371
                ],
                [
                    0.0,
                    0.9998495578765869,
                    -0.01734246499836445,
                    -0.0699097067117691
                ],
                [
                    0.0,
                    0.0,
                    0.0,
                    1.0
                ]
            ]
        },
        {
            "file_path": "/data/shapenet_blender/all_50_random/02958343/d142c919254dba0e41ab8016efaf0266/r_17",
            "rotation": 0.12566370614359174,
            "transform_matrix": [
                [
                    -0.5328810811042786,
                    0.549063503742218,
                    -0.6438688039779663,
                    -2.595518112182617
                ],
                [
                    -0.8461902141571045,
                    -0.3457680940628052,
                    0.40547093749046326,
                    1.6345056295394897
                ],
                [
                    0.0,
                    0.7609032988548279,
                    0.6488653421401978,
                    2.6156599521636963
                ],
                [
                    0.0,
                    0.0,
                    0.0,
                    1.0
                ]
            ]
        },
        {
            "file_path": "/data/shapenet_blender/all_50_random/02958343/d142c919254dba0e41ab8016efaf0266/r_18",
            "rotation": 0.12566370614359174,
            "transform_matrix": [
                [
                    0.1786273568868637,
                    -0.05112384632229805,
                    0.9825876355171204,
                    3.960937738418579
                ],
                [
                    0.9839166402816772,
                    0.009281393140554428,
                    -0.17838606238365173,
                    -0.7190972566604614
                ],
                [
                    0.0,
                    0.9986492395401001,
                    0.05195951834321022,
                    0.20945553481578827
                ],
                [
                    0.0,
                    0.0,
                    0.0,
                    1.0
                ]
            ]
        },
        {
            "file_path": "/data/shapenet_blender/all_50_random/02958343/d142c919254dba0e41ab8016efaf0266/r_19",
            "rotation": 0.12566370614359174,
            "transform_matrix": [
                [
                    0.6233334541320801,
                    0.4477442800998688,
                    0.6410775184631348,
                    2.584266424179077
                ],
                [
                    0.7819561958312988,
                    -0.35691770911216736,
                    -0.5110325813293457,
                    -2.0600385665893555
                ],
                [
                    0.0,
                    0.8198383450508118,
                    -0.5725950598716736,
                    -2.3082046508789062
                ],
                [
                    0.0,
                    0.0,
                    0.0,
                    1.0
                ]
            ]
        },
        {
            "file_path": "/data/shapenet_blender/all_50_random/02958343/d142c919254dba0e41ab8016efaf0266/r_20",
            "rotation": 0.12566370614359174,
            "transform_matrix": [
                [
                    0.9927285313606262,
                    -0.005210561212152243,
                    -0.12026131898164749,
                    -0.4847888648509979
                ],
                [
                    -0.12037412822246552,
                    -0.04297163337469101,
                    -0.9917981624603271,
                    -3.998065948486328
                ],
                [
                    -4.656612040410124e-10,
                    0.999062716960907,
                    -0.043286386877298355,
                    -0.1744929999113083
                ],
                [
                    0.0,
                    0.0,
                    0.0,
                    1.0
                ]
            ]
        },
        {
            "file_path": "/data/shapenet_blender/all_50_random/02958343/d142c919254dba0e41ab8016efaf0266/r_21",
            "rotation": 0.12566370614359174,
            "transform_matrix": [
                [
                    -0.8292680382728577,
                    -0.5046746134757996,
                    -0.24003776907920837,
                    -0.9676232933998108
                ],
                [
                    -0.5588511228561401,
                    0.7488765120506287,
                    0.35618722438812256,
                    1.4358367919921875
                ],
                [
                    0.0,
                    0.4295201301574707,
                    -0.9030571579933167,
                    -3.6403403282165527
                ],
                [
                    0.0,
                    0.0,
                    0.0,
                    1.0
                ]
            ]
        },
        {
            "file_path": "/data/shapenet_blender/all_50_random/02958343/d142c919254dba0e41ab8016efaf0266/r_22",
            "rotation": 0.12566370614359174,
            "transform_matrix": [
                [
                    0.929670512676239,
                    0.1988808959722519,
                    0.3100954294204712,
                    1.2500348091125488
                ],
                [
                    0.3683921992778778,
                    -0.5018936395645142,
                    -0.7825534343719482,
                    -3.154573917388916
                ],
                [
                    0.0,
                    0.8417536616325378,
                    -0.539861798286438,
                    -2.176252841949463
                ],
                [
                    0.0,
                    0.0,
                    0.0,
                    1.0
                ]
            ]
        },
        {
            "file_path": "/data/shapenet_blender/all_50_random/02958343/d142c919254dba0e41ab8016efaf0266/r_23",
            "rotation": 0.12566370614359174,
            "transform_matrix": [
                [
                    0.16177521646022797,
                    -0.5456157922744751,
                    -0.822272539138794,
                    -3.3146862983703613
                ],
                [
                    -0.9868277311325073,
                    -0.0894453153014183,
                    -0.13479892909526825,
                    -0.5433918237686157
                ],
                [
                    0.0,
                    0.8332483172416687,
                    -0.5528988838195801,
                    -2.228806495666504
                ],
                [
                    0.0,
                    0.0,
                    0.0,
                    1.0
                ]
            ]
        },
        {
            "file_path": "/data/shapenet_blender/all_50_random/02958343/d142c919254dba0e41ab8016efaf0266/r_24",
            "rotation": 0.12566370614359174,
            "transform_matrix": [
                [
                    0.9958235025405884,
                    -0.0280814990401268,
                    0.08687413483858109,
                    0.3502008616924286
                ],
                [
                    0.09129998832941055,
                    0.30628934502601624,
                    -0.9475499987602234,
                    -3.8196964263916016
                ],
                [
                    0.0,
                    0.9515240788459778,
                    0.30757397413253784,
                    1.2398704290390015
                ],
                [
                    0.0,
                    0.0,
                    0.0,
                    1.0
                ]
            ]
        },
        {
            "file_path": "/data/shapenet_blender/all_50_random/02958343/d142c919254dba0e41ab8016efaf0266/r_25",
            "rotation": 0.12566370614359174,
            "transform_matrix": [
                [
                    0.8196476697921753,
                    -0.1404821127653122,
                    -0.5553758144378662,
                    -2.2387917041778564
                ],
                [
                    -0.5728678107261658,
                    -0.20099897682666779,
                    -0.7946205139160156,
                    -3.2032179832458496
                ],
                [
                    -7.450580152834618e-09,
                    0.9694658517837524,
                    -0.24522604048252106,
                    -0.9885378479957581
                ],
                [
                    0.0,
                    0.0,
                    0.0,
                    1.0
                ]
            ]
        },
        {
            "file_path": "/data/shapenet_blender/all_50_random/02958343/d142c919254dba0e41ab8016efaf0266/r_26",
            "rotation": 0.12566370614359174,
            "transform_matrix": [
                [
                    -0.8140347599983215,
                    -0.38754358887672424,
                    -0.4326167106628418,
                    -1.7439337968826294
                ],
                [
                    -0.5808160305023193,
                    0.5431563854217529,
                    0.606328010559082,
                    2.4441864490509033
                ],
                [
                    0.0,
                    0.7448428273200989,
                    -0.6672398447990417,
                    -2.689729928970337
                ],
                [
                    0.0,
                    0.0,
                    0.0,
                    1.0
                ]
            ]
        },
        {
            "file_path": "/data/shapenet_blender/all_50_random/02958343/d142c919254dba0e41ab8016efaf0266/r_27",
            "rotation": 0.12566370614359174,
            "transform_matrix": [
                [
                    -0.48853200674057007,
                    0.7501309514045715,
                    -0.44569045305252075,
                    -1.796635627746582
                ],
                [
                    -0.8725460171699524,
                    -0.41999274492263794,
                    0.24953876435756683,
                    1.0059229135513306
                ],
                [
                    -1.4901164746561335e-08,
                    0.5107929706573486,
                    0.8597036004066467,
                    3.465576171875
                ],
                [
                    0.0,
                    0.0,
                    0.0,
                    1.0
                ]
            ]
        },
        {
            "file_path": "/data/shapenet_blender/all_50_random/02958343/d142c919254dba0e41ab8016efaf0266/r_28",
            "rotation": 0.12566370614359174,
            "transform_matrix": [
                [
                    -0.5098218321800232,
                    -0.09054122120141983,
                    -0.8555020689964294,
                    -3.448639392852783
                ],
                [
                    -0.8602799773216248,
                    0.05365682765841484,
                    0.5069903135299683,
                    2.04374361038208
                ],
                [
                    3.725290298461914e-09,
                    0.9944461584091187,
                    -0.10524621605873108,
                    -0.42426109313964844
                ],
                [
                    0.0,
                    0.0,
                    0.0,
                    1.0
                ]
            ]
        },
        {
            "file_path": "/data/shapenet_blender/all_50_random/02958343/d142c919254dba0e41ab8016efaf0266/r_29",
            "rotation": 0.12566370614359174,
            "transform_matrix": [
                [
                    -0.9904729723930359,
                    -0.007166109047830105,
                    -0.1375211775302887,
                    -0.5543656349182129
                ],
                [
                    -0.13770778477191925,
                    0.051542747765779495,
                    0.9891308546066284,
                    3.987314224243164
                ],
                [
                    0.0,
                    0.998645007610321,
                    -0.0520385205745697,
                    -0.20977400243282318
                ],
                [
                    0.0,
                    0.0,
                    0.0,
                    1.0
                ]
            ]
        },
        {
            "file_path": "/data/shapenet_blender/all_50_random/02958343/d142c919254dba0e41ab8016efaf0266/r_30",
            "rotation": 0.12566370614359174,
            "transform_matrix": [
                [
                    0.8282948136329651,
                    0.33826449513435364,
                    -0.44665953516960144,
                    -1.8005423545837402
                ],
                [
                    -0.5602924823760986,
                    0.5000650882720947,
                    -0.660308301448822,
                    -2.66178822517395
                ],
                [
                    -1.4901161193847656e-08,
                    0.7971900701522827,
                    0.6037283539772034,
                    2.4337069988250732
                ],
                [
                    0.0,
                    0.0,
                    0.0,
                    1.0
                ]
            ]
        },
        {
            "file_path": "/data/shapenet_blender/all_50_random/02958343/d142c919254dba0e41ab8016efaf0266/r_31",
            "rotation": 0.12566370614359174,
            "transform_matrix": [
                [
                    -0.9775070548057556,
                    0.0002737638424150646,
                    -0.21090258657932281,
                    -0.8501754999160767
                ],
                [
                    -0.21090276539325714,
                    -0.0012688599526882172,
                    0.9775062203407288,
                    3.94045352935791
                ],
                [
                    0.0,
                    0.9999991059303284,
                    0.001298057264648378,
                    0.005232636351138353
                ],
                [
                    0.0,
                    0.0,
                    0.0,
                    1.0
                ]
            ]
        },
        {
            "file_path": "/data/shapenet_blender/all_50_random/02958343/d142c919254dba0e41ab8016efaf0266/r_32",
            "rotation": 0.12566370614359174,
            "transform_matrix": [
                [
                    0.3728690445423126,
                    -0.589539110660553,
                    -0.7165279984474182,
                    -2.8884167671203613
                ],
                [
                    -0.9278839826583862,
                    -0.23690557479858398,
                    -0.28793591260910034,
                    -1.1607067584991455
                ],
                [
                    0.0,
                    0.7722172141075134,
                    -0.6353585720062256,
                    -2.5612123012542725
                ],
                [
                    0.0,
                    0.0,
                    0.0,
                    1.0
                ]
            ]
        },
        {
            "file_path": "/data/shapenet_blender/all_50_random/02958343/d142c919254dba0e41ab8016efaf0266/r_33",
            "rotation": 0.12566370614359174,
            "transform_matrix": [
                [
                    -0.0322226881980896,
                    0.926968514919281,
                    0.3737527132034302,
                    1.5066454410552979
                ],
                [
                    0.9994807243347168,
                    0.029884938150644302,
                    0.012049575336277485,
                    0.04857339709997177
                ],
                [
                    0.0,
                    0.3739469349384308,
                    -0.9274500012397766,
                    -3.738670825958252
                ],
                [
                    0.0,
                    0.0,
                    0.0,
                    1.0
                ]
            ]
        },
        {
            "file_path": "/data/shapenet_blender/all_50_random/02958343/d142c919254dba0e41ab8016efaf0266/r_34",
            "rotation": 0.12566370614359174,
            "transform_matrix": [
                [
                    -0.7490251064300537,
                    0.10757431387901306,
                    0.6537501215934753,
                    2.6353509426116943
                ],
                [
                    0.6625416874885559,
                    0.12161629647016525,
                    0.7390859723091125,
                    2.9793508052825928
                ],
                [
                    0.0,
                    0.9867305755615234,
                    -0.16236612200737,
                    -0.6545187830924988
                ],
                [
                    0.0,
                    0.0,
                    0.0,
                    1.0
                ]
            ]
        },
        {
            "file_path": "/data/shapenet_blender/all_50_random/02958343/d142c919254dba0e41ab8016efaf0266/r_35",
            "rotation": 0.12566370614359174,
            "transform_matrix": [
                [
                    0.9105086326599121,
                    0.007479377556592226,
                    0.41342246532440186,
                    1.6665592193603516
                ],
                [
                    0.4134901463985443,
                    -0.016469649970531464,
                    -0.9103596210479736,
                    -3.6697769165039062
                ],
                [
                    4.656613428188905e-10,
                    0.999836266040802,
                    -0.018088407814502716,
                    -0.07291670143604279
                ],
                [
                    0.0,
                    0.0,
                    0.0,
                    1.0
                ]
            ]
        },
        {
            "file_path": "/data/shapenet_blender/all_50_random/02958343/d142c919254dba0e41ab8016efaf0266/r_36",
            "rotation": 0.12566370614359174,
            "transform_matrix": [
                [
                    0.5016114115715027,
                    0.5327398180961609,
                    0.6815968751907349,
                    2.7476048469543457
                ],
                [
                    0.8650931715965271,
                    -0.30890125036239624,
                    -0.3952138423919678,
                    -1.5931580066680908
                ],
                [
                    -2.980232594040899e-08,
                    0.7878885269165039,
                    -0.6158178448677063,
                    -2.4824411869049072
                ],
                [
                    0.0,
                    0.0,
                    0.0,
                    1.0
                ]
            ]
        },
        {
            "file_path": "/data/shapenet_blender/all_50_random/02958343/d142c919254dba0e41ab8016efaf0266/r_37",
            "rotation": 0.12566370614359174,
            "transform_matrix": [
                [
                    -0.5321645140647888,
                    -0.04506810009479523,
                    -0.8454406261444092,
                    -3.4080801010131836
                ],
                [
                    -0.8466410040855408,
                    0.028327999636530876,
                    0.5314100384712219,
                    2.1421823501586914
                ],
                [
                    0.0,
                    0.9985821843147278,
                    -0.05323166400194168,
                    -0.21458369493484497
                ],
                [
                    0.0,
                    0.0,
                    0.0,
                    1.0
                ]
            ]
        },
        {
            "file_path": "/data/shapenet_blender/all_50_random/02958343/d142c919254dba0e41ab8016efaf0266/r_38",
            "rotation": 0.12566370614359174,
            "transform_matrix": [
                [
                    0.00890638493001461,
                    -0.29137280583381653,
                    0.9565681219100952,
                    3.8560495376586914
                ],
                [
                    0.9999604225158691,
                    0.002595181344076991,
                    -0.008519901894032955,
                    -0.03434482216835022
                ],
                [
                    0.0,
                    0.9566061496734619,
                    0.29138433933258057,
                    1.1746078729629517
                ],
                [
                    0.0,
                    0.0,
                    0.0,
                    1.0
                ]
            ]
        },
        {
            "file_path": "/data/shapenet_blender/all_50_random/02958343/d142c919254dba0e41ab8016efaf0266/r_39",
            "rotation": 0.12566370614359174,
            "transform_matrix": [
                [
                    -0.9973078370094299,
                    0.027771297842264175,
                    0.06786534935235977,
                    0.27357399463653564
                ],
                [
                    0.0733276903629303,
                    0.3777090311050415,
                    0.9230161309242249,
                    3.720797300338745
                ],
                [
                    0.0,
                    0.9255077242851257,
                    -0.37872856855392456,
                    -1.5267038345336914
                ],
                [
                    0.0,
                    0.0,
                    0.0,
                    1.0
                ]
            ]
        },
        {
            "file_path": "/data/shapenet_blender/all_50_random/02958343/d142c919254dba0e41ab8016efaf0266/r_40",
            "rotation": 0.12566370614359174,
            "transform_matrix": [
                [
                    -0.9776117205619812,
                    0.15651258826255798,
                    0.14063861966133118,
                    0.5669324398040771
                ],
                [
                    0.2104172706604004,
                    0.7271671891212463,
                    0.6534157395362854,
                    2.6340034008026123
                ],
                [
                    0.0,
                    0.6683796644210815,
                    -0.7438201308250427,
                    -2.9984350204467773
                ],
                [
                    0.0,
                    0.0,
                    0.0,
                    1.0
                ]
            ]
        },
        {
            "file_path": "/data/shapenet_blender/all_50_random/02958343/d142c919254dba0e41ab8016efaf0266/r_41",
            "rotation": 0.12566370614359174,
            "transform_matrix": [
                [
                    -0.9058864116668701,
                    -0.24070246517658234,
                    -0.348471075296402,
                    -1.4047319889068604
                ],
                [
                    -0.4235207140445709,
                    0.5148487091064453,
                    0.7453595399856567,
                    3.004640579223633
                ],
                [
                    0.0,
                    0.8227958679199219,
                    -0.5683369040489197,
