{
    "class": "02958343",
    "model": "6eba2ec65e8e44ed5545896d1a9ff5d3",
    "remove_doubles": true,
    "edge_split": true,
    "denoise": true,
    "camera_angle_x": 0.6911112070083618,
    "scale_factor": 2.244147594711922,
    "hdri_file": "/data/IndoorHDRDataset2018/AG8A9025-59c4e764b9.exr",
    "center_offset": [
        0.0,
        -2.7939677238464355e-09,
        -3.725290298461914e-09
    ],
    "lights": [],
    "frames": [
        {
            "file_path": "/data/shapenet_blender/all_50_random/02958343/6eba2ec65e8e44ed5545896d1a9ff5d3/r_0",
            "rotation": 0.12566370614359174,
            "transform_matrix": [
                [
                    0.6547741293907166,
                    -0.218641459941864,
                    -0.7235099673271179,
                    -2.916562080383301
                ],
                [
                    -0.7558244466781616,
                    -0.18941007554531097,
                    -0.6267799139022827,
                    -2.5266306400299072
                ],
                [
                    0.0,
                    0.957245945930481,
                    -0.2892754077911377,
                    -1.1661064624786377
                ],
                [
                    0.0,
                    0.0,
                    0.0,
                    1.0
                ]
            ]
        },
        {
            "file_path": "/data/shapenet_blender/all_50_random/02958343/6eba2ec65e8e44ed5545896d1a9ff5d3/r_1",
            "rotation": 0.12566370614359174,
            "transform_matrix": [
                [
                    0.9981967210769653,
                    -0.034917086362838745,
                    -0.048827603459358215,
                    -0.1968303620815277
                ],
                [
                    -0.06002780795097351,
                    -0.5806329250335693,
                    -0.8119495511054993,
                    -3.273073434829712
                ],
                [
                    -1.862645149230957e-09,
                    0.8134164214134216,
                    -0.5816818475723267,
                    -2.344834566116333
                ],
                [
                    0.0,
                    0.0,
                    0.0,
                    1.0
                ]
            ]
        },
        {
            "file_path": "/data/shapenet_blender/all_50_random/02958343/6eba2ec65e8e44ed5545896d1a9ff5d3/r_2",
            "rotation": 0.12566370614359174,
            "transform_matrix": [
                [
                    0.999747633934021,
                    0.014659242704510689,
                    0.01702549122273922,
                    0.06863194704055786
                ],
                [
                    0.022466883063316345,
                    -0.6523175835609436,
                    -0.7576126456260681,
                    -3.0540342330932617
                ],
                [
                    0.0,
                    0.7578039765357971,
                    -0.652482271194458,
                    -2.6302402019500732
                ],
                [
                    0.0,
                    0.0,
                    0.0,
                    1.0
                ]
            ]
        },
        {
            "file_path": "/data/shapenet_blender/all_50_random/02958343/6eba2ec65e8e44ed5545896d1a9ff5d3/r_3",
            "rotation": 0.12566370614359174,
            "transform_matrix": [
                [
                    -0.9898741841316223,
                    0.08654393255710602,
                    -0.11251306533813477,
                    -0.4535546600818634
                ],
                [
                    -0.14194729924201965,
                    -0.6035169363021851,
                    0.7846134901046753,
                    3.1628780364990234
                ],
                [
                    -7.4505792646561986e-09,
                    0.7926396131515503,
                    0.6096905469894409,
                    2.4577412605285645
                ],
                [
                    0.0,
                    0.0,
                    0.0,
                    1.0
                ]
            ]
        },
        {
            "file_path": "/data/shapenet_blender/all_50_random/02958343/6eba2ec65e8e44ed5545896d1a9ff5d3/r_4",
            "rotation": 0.12566370614359174,
            "transform_matrix": [
                [
                    -0.3363516628742218,
                    0.24893692135810852,
                    0.9082388877868652,
                    3.6612281799316406
                ],
                [
                    0.9417364001274109,
                    0.08891060203313828,
                    0.32438766956329346,
                    1.3076485395431519
                ],
                [
                    0.0,
                    0.9644299745559692,
                    -0.2643381953239441,
                    -1.0655813217163086
                ],
                [
                    0.0,
                    0.0,
                    0.0,
                    1.0
                ]
            ]
        },
        {
            "file_path": "/data/shapenet_blender/all_50_random/02958343/6eba2ec65e8e44ed5545896d1a9ff5d3/r_5",
            "rotation": 0.12566370614359174,
            "transform_matrix": [
                [
                    0.26597461104393005,
                    0.8493220210075378,
                    0.4559710919857025,
                    1.8380780220031738
                ],
                [
                    0.9639800190925598,
                    -0.23433899879455566,
                    -0.12580835819244385,
                    -0.5071496367454529
                ],
                [
                    0.0,
                    0.4730088412761688,
                    -0.8810577392578125,
                    -3.55165696144104
                ],
                [
                    0.0,
                    0.0,
                    0.0,
                    1.0
                ]
            ]
        },
        {
            "file_path": "/data/shapenet_blender/all_50_random/02958343/6eba2ec65e8e44ed5545896d1a9ff5d3/r_6",
            "rotation": 0.12566370614359174,
            "transform_matrix": [
                [
                    -0.9828506708145142,
                    -0.07287181168794632,
                    0.16939367353916168,
                    0.6828477382659912
                ],
                [
                    0.18440313637256622,
                    -0.3883996307849884,
                    0.9028517007827759,
                    3.6395115852355957
                ],
                [
                    0.0,
                    0.9186050891876221,
                    0.39517664909362793,
                    1.593008041381836
                ],
                [
                    0.0,
                    0.0,
                    0.0,
                    1.0
                ]
            ]
        },
        {
            "file_path": "/data/shapenet_blender/all_50_random/02958343/6eba2ec65e8e44ed5545896d1a9ff5d3/r_7",
            "rotation": 0.12566370614359174,
            "transform_matrix": [
                [
                    -0.12758567929267883,
                    -0.8935797214508057,
                    0.4303918480873108,
                    1.7349650859832764
                ],
                [
                    0.9918276071548462,
                    -0.1149473786354065,
                    0.05536429584026337,
                    0.2231806218624115
                ],
                [
                    3.725290298461914e-09,
                    0.4339381456375122,
                    0.9009426236152649,
                    3.6318159103393555
                ],
                [
                    0.0,
                    0.0,
                    0.0,
                    1.0
                ]
            ]
        },
        {
            "file_path": "/data/shapenet_blender/all_50_random/02958343/6eba2ec65e8e44ed5545896d1a9ff5d3/r_8",
            "rotation": 0.12566370614359174,
            "transform_matrix": [
                [
                    0.3582570254802704,
                    -0.6860365271568298,
                    -0.6332501769065857,
                    -2.55271315574646
                ],
                [
                    -0.9336229562759399,
                    -0.2632512152194977,
                    -0.24299564957618713,
                    -0.9795467853546143
                ],
                [
                    1.4901160305669237e-08,
                    0.6782717108726501,
                    -0.7348111271858215,
                    -2.96211838722229
                ],
                [
                    0.0,
                    0.0,
                    0.0,
                    1.0
                ]
            ]
        },
        {
            "file_path": "/data/shapenet_blender/all_50_random/02958343/6eba2ec65e8e44ed5545896d1a9ff5d3/r_9",
            "rotation": 0.12566370614359174,
            "transform_matrix": [
                [
                    -0.30831608176231384,
                    -0.06291177123785019,
                    0.9492012858390808,
                    3.826353073120117
                ],
                [
                    0.9512839913368225,
                    -0.020390033721923828,
                    0.30764108896255493,
                    1.2401410341262817
                ],
                [
                    -1.862645149230957e-09,
                    0.9978107810020447,
                    0.0661335214972496,
                    0.26659277081489563
                ],
                [
                    0.0,
                    0.0,
                    0.0,
                    1.0
                ]
            ]
        },
        {
            "file_path": "/data/shapenet_blender/all_50_random/02958343/6eba2ec65e8e44ed5545896d1a9ff5d3/r_10",
            "rotation": 0.12566370614359174,
            "transform_matrix": [
                [
                    -0.6634947061538696,
                    -0.09634045511484146,
                    -0.7419522404670715,
                    -2.990905284881592
                ],
                [
                    -0.7481809258460999,
                    0.08543573319911957,
                    0.6579710841178894,
                    2.6523666381835938
                ],
                [
                    0.0,
                    0.9916750192642212,
                    -0.1287662386894226,
                    -0.5190733671188354
                ],
                [
                    0.0,
                    0.0,
                    0.0,
                    1.0
                ]
            ]
        },
        {
            "file_path": "/data/shapenet_blender/all_50_random/02958343/6eba2ec65e8e44ed5545896d1a9ff5d3/r_11",
            "rotation": 0.12566370614359174,
            "transform_matrix": [
                [
                    -0.7898280024528503,
                    -0.02209443412721157,
                    -0.6129302978515625,
                    -2.4708008766174316
                ],
                [
                    -0.6133283376693726,
                    0.02845262922346592,
                    0.789315402507782,
                    3.1818318367004395
                ],
                [
                    0.0,
                    0.9993509650230408,
                    -0.0360238291323185,
                    -0.1452166885137558
                ],
                [
                    0.0,
                    0.0,
                    0.0,
                    1.0
                ]
            ]
        },
        {
            "file_path": "/data/shapenet_blender/all_50_random/02958343/6eba2ec65e8e44ed5545896d1a9ff5d3/r_12",
            "rotation": 0.12566370614359174,
            "transform_matrix": [
                [
                    0.8100910186767578,
                    -0.2546362578868866,
                    -0.5281221866607666,
                    -2.1289286613464355
                ],
                [
                    -0.5863043069839478,
                    -0.3518284559249878,
                    -0.7297013401985168,
                    -2.9415202140808105
                ],
                [
                    0.0,
                    0.9007647037506104,
                    -0.43430736660957336,
                    -1.7507489919662476
                ],
                [
                    0.0,
                    0.0,
                    0.0,
                    1.0
                ]
            ]
        },
        {
            "file_path": "/data/shapenet_blender/all_50_random/02958343/6eba2ec65e8e44ed5545896d1a9ff5d3/r_13",
            "rotation": 0.12566370614359174,
            "transform_matrix": [
                [
                    -0.5620601773262024,
                    -0.09361206740140915,
                    0.8217816948890686,
                    3.3127079010009766
                ],
                [
                    0.8270963430404663,
                    -0.0636148601770401,
                    0.5584486126899719,
                    2.25117826461792
                ],
                [
                    0.0,
                    0.993574321269989,
                    0.11318159103393555,
                    0.4562495946884155
                ],
                [
                    0.0,
                    0.0,
                    0.0,
                    1.0
                ]
            ]
        },
        {
            "file_path": "/data/shapenet_blender/all_50_random/02958343/6eba2ec65e8e44ed5545896d1a9ff5d3/r_14",
            "rotation": 0.12566370614359174,
            "transform_matrix": [
                [
                    -0.9894083142280579,
                    -0.018624357879161835,
                    0.14395949244499207,
                    0.5803192853927612
                ],
                [
                    0.14515924453735352,
                    -0.12694400548934937,
                    0.9812308549880981,
                    3.95546817779541
                ],
                [
                    0.0,
                    0.99173504114151,
                    0.1283029466867447,
                    0.5172057151794434
                ],
                [
                    0.0,
                    0.0,
                    0.0,
                    1.0
                ]
            ]
        },
        {
            "file_path": "/data/shapenet_blender/all_50_random/02958343/6eba2ec65e8e44ed5545896d1a9ff5d3/r_15",
            "rotation": 0.12566370614359174,
            "transform_matrix": [
                [
                    -0.5758617520332336,
                    -0.13897493481636047,
                    -0.8056482672691345,
                    -3.2476720809936523
                ],
                [
                    -0.8175470232963562,
                    0.09789083898067474,
                    0.5674805641174316,
                    2.2875874042510986
                ],
                [
                    1.4901160305669237e-08,
                    0.9854457974433899,
                    -0.16999013721942902,
                    -0.6852521896362305
                ],
                [
                    0.0,
                    0.0,
                    0.0,
                    1.0
                ]
            ]
        },
        {
            "file_path": "/data/shapenet_blender/all_50_random/02958343/6eba2ec65e8e44ed5545896d1a9ff5d3/r_16",
            "rotation": 0.12566370614359174,
            "transform_matrix": [
                [
                    0.8815900683403015,
                    -0.33945298194885254,
                    0.3279798924922943,
                    1.3221293687820435
                ],
                [
                    0.4720160961151123,
                    0.6340003609657288,
                    -0.6125719547271729,
                    -2.4693567752838135
                ],
                [
                    1.4901162970204496e-08,
                    0.6948490738868713,
                    0.719155490398407,
                    2.8990087509155273
                ],
                [
                    0.0,
                    0.0,
                    0.0,
                    1.0
                ]
            ]
        },
        {
            "file_path": "/data/shapenet_blender/all_50_random/02958343/6eba2ec65e8e44ed5545896d1a9ff5d3/r_17",
            "rotation": 0.12566370614359174,
            "transform_matrix": [
                [
                    -0.23255093395709991,
                    0.042815666645765305,
                    -0.9716413021087646,
                    -3.916811466217041
                ],
                [
                    -0.9725841879844666,
                    -0.010237491689622402,
                    0.232325479388237,
                    0.9365339875221252
                ],
                [
                    9.313225746154785e-10,
                    0.9990304112434387,
                    0.0440225824713707,
                    0.1774607002735138
                ],
                [
                    0.0,
                    0.0,
                    0.0,
                    1.0
                ]
            ]
        },
        {
            "file_path": "/data/shapenet_blender/all_50_random/02958343/6eba2ec65e8e44ed5545896d1a9ff5d3/r_18",
            "rotation": 0.12566370614359174,
            "transform_matrix": [
                [
                    -0.7895324230194092,
                    0.4467051923274994,
                    0.4208243191242218,
                    1.696397304534912
                ],
                [
                    0.613709032535553,
                    0.5746831297874451,
                    0.5413875579833984,
                    2.182403326034546
                ],
                [
                    -1.4901162970204496e-08,
                    0.6857067346572876,
                    -0.7278778553009033,
                    -2.9341697692871094
                ],
                [
                    0.0,
                    0.0,
                    0.0,
                    1.0
                ]
            ]
        },
        {
            "file_path": "/data/shapenet_blender/all_50_random/02958343/6eba2ec65e8e44ed5545896d1a9ff5d3/r_19",
            "rotation": 0.12566370614359174,
            "transform_matrix": [
                [
                    -0.7979507446289062,
                    0.3201431930065155,
                    0.5106689929962158,
                    2.058572769165039
                ],
                [
                    0.6027225852012634,
                    0.4238409101963043,
                    0.676080048084259,
                    2.7253661155700684
                ],
                [
                    1.4901160305669237e-08,
                    0.8472704887390137,
                    -0.5311616063117981,
                    -2.141181230545044
                ],
                [
                    0.0,
                    0.0,
                    0.0,
                    1.0
                ]
            ]
        },
        {
            "file_path": "/data/shapenet_blender/all_50_random/02958343/6eba2ec65e8e44ed5545896d1a9ff5d3/r_20",
            "rotation": 0.12566370614359174,
            "transform_matrix": [
                [
                    -0.40664082765579224,
                    -0.6583347320556641,
                    -0.6334339380264282,
                    -2.5534539222717285
                ],
                [
                    -0.9135881066322327,
                    0.29302677512168884,
                    0.28194335103034973,
                    1.136549949645996
                ],
                [
                    0.0,
                    0.6933473944664001,
                    -0.7206034064292908,
                    -2.9048452377319336
                ],
                [
                    0.0,
                    0.0,
                    0.0,
                    1.0
                ]
            ]
        },
        {
            "file_path": "/data/shapenet_blender/all_50_random/02958343/6eba2ec65e8e44ed5545896d1a9ff5d3/r_21",
            "rotation": 0.12566370614359174,
            "transform_matrix": [
                [
                    0.2143021821975708,
                    0.9174646735191345,
                    0.33516165614128113,
                    1.3510798215866089
                ],
                [
                    0.9767674207687378,
                    -0.20129121840000153,
                    -0.0735342726111412,
                    -0.2964261472225189
                ],
                [
                    0.0,
                    0.34313341975212097,
                    -0.9392866492271423,
                    -3.7863855361938477
                ],
                [
                    0.0,
                    0.0,
                    0.0,
                    1.0
                ]
            ]
        },
        {
            "file_path": "/data/shapenet_blender/all_50_random/02958343/6eba2ec65e8e44ed5545896d1a9ff5d3/r_22",
            "rotation": 0.12566370614359174,
            "transform_matrix": [
                [
                    0.4586404263973236,
                    0.3368833363056183,
                    0.8222886323928833,
                    3.314751386642456
                ],
                [
                    0.8886218667030334,
                    -0.17387408018112183,
                    -0.424404114484787,
                    -1.7108277082443237
                ],
                [
                    0.0,
                    0.9253525137901306,
                    -0.37910768389701843,
                    -1.5282319784164429
                ],
                [
                    0.0,
                    0.0,
                    0.0,
                    1.0
                ]
            ]
        },
        {
            "file_path": "/data/shapenet_blender/all_50_random/02958343/6eba2ec65e8e44ed5545896d1a9ff5d3/r_23",
            "rotation": 0.12566370614359174,
            "transform_matrix": [
                [
                    -0.5989675521850586,
                    -0.18325072526931763,
                    -0.7795235514640808,
                    -3.142360210418701
                ],
                [
                    -0.8007733821868896,
                    0.13706903159618378,
                    0.5830729603767395,
                    2.350442409515381
                ],
                [
                    -7.450580596923828e-09,
                    0.9734635949134827,
                    -0.22884215414524078,
                    -0.922492265701294
                ],
                [
                    0.0,
                    0.0,
                    0.0,
                    1.0
                ]
            ]
        },
        {
            "file_path": "/data/shapenet_blender/all_50_random/02958343/6eba2ec65e8e44ed5545896d1a9ff5d3/r_24",
            "rotation": 0.12566370614359174,
            "transform_matrix": [
                [
                    -0.9363527894020081,
                    0.10642195492982864,
                    -0.3345411717891693,
                    -1.3485785722732544
                ],
                [
                    -0.3510604202747345,
                    -0.2838499844074249,
                    0.8922924399375916,
                    3.5969457626342773
                ],
                [
                    0.0,
                    0.9529446959495544,
                    0.303144246339798,
                    1.2220135927200317
                ],
                [
                    0.0,
                    0.0,
                    0.0,
                    1.0
                ]
            ]
        },
        {
            "file_path": "/data/shapenet_blender/all_50_random/02958343/6eba2ec65e8e44ed5545896d1a9ff5d3/r_25",
            "rotation": 0.12566370614359174,
            "transform_matrix": [
                [
                    -0.15609696507453918,
                    0.18800340592861176,
                    -0.9696847200393677,
                    -3.908924102783203
                ],
                [
                    -0.9877418279647827,
                    -0.029710965231060982,
                    0.15324333310127258,
                    0.6177436113357544
                ],
                [
                    0.0,
                    0.9817188382148743,
                    0.19033661484718323,
                    0.7672714591026306
                ],
                [
                    0.0,
                    0.0,
                    0.0,
                    1.0
                ]
            ]
        },
        {
            "file_path": "/data/shapenet_blender/all_50_random/02958343/6eba2ec65e8e44ed5545896d1a9ff5d3/r_26",
            "rotation": 0.12566370614359174,
            "transform_matrix": [
                [
                    0.1256895810365677,
                    0.12718647718429565,
                    0.9838829636573792,
                    3.9661591053009033
                ],
                [
                    0.992069661617279,
                    -0.016113802790641785,
                    -0.12465236335992813,
                    -0.5024897456169128
                ],
                [
                    1.862645371275562e-09,
                    0.9917479157447815,
                    -0.12820316851139069,
                    -0.516803503036499
                ],
                [
                    0.0,
                    0.0,
                    0.0,
                    1.0
                ]
            ]
        },
        {
            "file_path": "/data/shapenet_blender/all_50_random/02958343/6eba2ec65e8e44ed5545896d1a9ff5d3/r_27",
            "rotation": 0.12566370614359174,
            "transform_matrix": [
                [
                    -0.772817075252533,
                    -0.05682580545544624,
                    -0.6320796012878418,
                    -2.547994613647461
                ],
                [
                    -0.63462895154953,
                    0.06919940561056137,
                    0.7697125673294067,
                    3.102810859680176
                ],
                [
                    0.0,
                    0.9959830045700073,
                    -0.08954177051782608,
                    -0.3609544634819031
                ],
                [
                    0.0,
                    0.0,
                    0.0,
                    1.0
                ]
            ]
        },
        {
            "file_path": "/data/shapenet_blender/all_50_random/02958343/6eba2ec65e8e44ed5545896d1a9ff5d3/r_28",
            "rotation": 0.12566370614359174,
            "transform_matrix": [
                [
                    -0.40619096159935,
                    -0.592557430267334,
                    0.6956180334091187,
                    2.804126262664795
                ],
                [
                    0.9137882590293884,
                    -0.2633996307849884,
                    0.309211403131485,
                    1.2464711666107178
                ],
                [
                    1.4901161193847656e-08,
                    0.7612465023994446,
                    0.6484625339508057,
                    2.6140363216400146
                ],
                [
                    0.0,
                    0.0,
                    0.0,
                    1.0
                ]
            ]
        },
        {
            "file_path": "/data/shapenet_blender/all_50_random/02958343/6eba2ec65e8e44ed5545896d1a9ff5d3/r_29",
            "rotation": 0.12566370614359174,
            "transform_matrix": [
                [
                    0.9277855753898621,
                    0.24738480150699615,
                    0.27931109070777893,
                    1.1259390115737915
                ],
                [
                    0.37311381101608276,
                    -0.615147590637207,
                    -0.6945355534553528,
                    -2.79976224899292
                ],
                [
                    0.0,
                    0.7485948801040649,
                    -0.6630276441574097,
                    -2.6727497577667236
                ],
                [
                    0.0,
                    0.0,
                    0.0,
                    1.0
                ]
            ]
        },
        {
            "file_path": "/data/shapenet_blender/all_50_random/02958343/6eba2ec65e8e44ed5545896d1a9ff5d3/r_30",
            "rotation": 0.12566370614359174,
            "transform_matrix": [
                [
                    -0.3081444501876831,
                    0.4772207736968994,
                    0.8229867219924927,
                    3.31756591796875
                ],
                [
                    0.951339602470398,
                    0.15457460284233093,
                    0.26657021045684814,
                    1.0745790004730225
                ],
                [
                    0.0,
                    0.8650820255279541,
                    -0.5016303062438965,
                    -2.022136688232422
                ],
                [
                    0.0,
                    0.0,
                    0.0,
                    1.0
                ]
            ]
        },
        {
            "file_path": "/data/shapenet_blender/all_50_random/02958343/6eba2ec65e8e44ed5545896d1a9ff5d3/r_31",
            "rotation": 0.12566370614359174,
            "transform_matrix": [
                [
                    -0.9344566464424133,
                    -0.10257282853126526,
                    -0.34098321199417114,
                    -1.3745472431182861
                ],
                [
                    -0.3560768663883209,
                    0.26918306946754456,
                    0.8948462009429932,
                    3.6072404384613037
                ],
                [
                    0.0,
                    0.9576112031936646,
                    -0.2880637049674988,
                    -1.161221981048584
                ],
                [
                    0.0,
                    0.0,
                    0.0,
                    1.0
                ]
            ]
        },
        {
            "file_path": "/data/shapenet_blender/all_50_random/02958343/6eba2ec65e8e44ed5545896d1a9ff5d3/r_32",
            "rotation": 0.12566370614359174,
            "transform_matrix": [
                [
                    0.9855732917785645,
                    -0.09875665605068207,
                    -0.13744977116584778,
                    -0.554077684879303
                ],
                [
                    -0.1692492812871933,
                    -0.5750802755355835,
                    -0.8003982305526733,
                    -3.226508140563965
                ],
                [
                    0.0,
                    0.8121142387390137,
                    -0.5834983587265015,
                    -2.3521568775177
                ],
                [
                    0.0,
                    0.0,
                    0.0,
                    1.0
                ]
            ]
        },
        {
            "file_path": "/data/shapenet_blender/all_50_random/02958343/6eba2ec65e8e44ed5545896d1a9ff5d3/r_33",
            "rotation": 0.12566370614359174,
            "transform_matrix": [
                [
                    -0.1833704262971878,
                    0.22756227850914001,
                    -0.9563422799110413,
                    -3.8551392555236816
                ],
                [
                    -0.983043909072876,
                    -0.04244794696569443,
                    0.17838968336582184,
                    0.7191118597984314
                ],
                [
                    0.0,
                    0.9728379249572754,
                    0.23148737847805023,
                    0.9331555366516113
                ],
                [
                    0.0,
                    0.0,
                    0.0,
                    1.0
                ]
            ]
        },
        {
            "file_path": "/data/shapenet_blender/all_50_random/02958343/6eba2ec65e8e44ed5545896d1a9ff5d3/r_34",
            "rotation": 0.12566370614359174,
            "transform_matrix": [
                [
                    -0.5491982698440552,
                    0.46598267555236816,
                    0.6937155723571777,
                    2.796457052230835
                ],
                [
                    0.8356921076774597,
                    0.3062334656715393,
                    0.45589447021484375,
                    1.8377695083618164
                ],
                [
                    0.0,
                    0.830109179019928,
                    -0.5576008558273315,
                    -2.2477612495422363
                ],
                [
                    0.0,
                    0.0,
                    0.0,
                    1.0
                ]
            ]
        },
        {
            "file_path": "/data/shapenet_blender/all_50_random/02958343/6eba2ec65e8e44ed5545896d1a9ff5d3/r_35",
            "rotation": 0.12566370614359174,
            "transform_matrix": [
                [
                    0.8331944942474365,
                    0.16100986301898956,
                    -0.5290205478668213,
                    -2.1325502395629883
                ],
                [
                    -0.5529800653457642,
                    0.24259918928146362,
                    -0.7970938086509705,
                    -3.2131881713867188
                ],
                [
                    -1.4901161193847656e-08,
                    0.9566720128059387,
                    0.29116755723953247,
                    1.1737340688705444
                ],
                [
                    0.0,
                    0.0,
                    0.0,
                    1.0
                ]
            ]
        },
        {
            "file_path": "/data/shapenet_blender/all_50_random/02958343/6eba2ec65e8e44ed5545896d1a9ff5d3/r_36",
            "rotation": 0.12566370614359174,
            "transform_matrix": [
                [
                    0.9660391807556152,
                    -0.12437335401773453,
                    0.22649404406547546,
                    0.9130266308784485
                ],
                [
                    0.25839558243751526,
                    0.46498292684555054,
                    -0.8467718958854675,
                    -3.4134464263916016
                ],
                [
                    -7.4505797087454084e-09,
                    0.8765398263931274,
                    0.4813292920589447,
                    1.9403003454208374
                ],
                [
                    0.0,
                    0.0,
                    0.0,
                    1.0
                ]
            ]
        },
        {
            "file_path": "/data/shapenet_blender/all_50_random/02958343/6eba2ec65e8e44ed5545896d1a9ff5d3/r_37",
            "rotation": 0.12566370614359174,
            "transform_matrix": [
                [
                    0.6052668690681458,
                    0.7529789209365845,
                    -0.25821465253829956,
                    -1.0408966541290283
                ],
                [
                    -0.7960225939750671,
                    0.5725379586219788,
                    -0.19633708894252777,
                    -0.7914601564407349
                ],
                [
                    1.4901159417490817e-08,
                    0.3243809938430786,
                    0.9459264278411865,
                    3.8131515979766846
                ],
                [
                    0.0,
                    0.0,
                    0.0,
                    1.0
                ]
            ]
        },
        {
            "file_path": "/data/shapenet_blender/all_50_random/02958343/6eba2ec65e8e44ed5545896d1a9ff5d3/r_38",
            "rotation": 0.12566370614359174,
            "transform_matrix": [
                [
                    -0.3373952805995941,
                    -0.7049413323402405,
                    0.6238765716552734,
                    2.5149271488189697
                ],
                [
                    0.9413630366325378,
                    -0.25265902280807495,
                    0.22360451519489288,
                    0.9013786911964417
                ],
                [
                    -1.4901160305669237e-08,
                    0.6627374291419983,
                    0.7488517165184021,
                    3.0187180042266846
                ],
                [
                    0.0,
                    0.0,
                    0.0,
                    1.0
                ]
            ]
        },
        {
            "file_path": "/data/shapenet_blender/all_50_random/02958343/6eba2ec65e8e44ed5545896d1a9ff5d3/r_39",
            "rotation": 0.12566370614359174,
            "transform_matrix": [
                [
                    0.6510448455810547,
                    0.24045778810977936,
                    -0.7199448943138123,
                    -2.902190685272217
                ],
                [
                    -0.7590392827987671,
                    0.2062460035085678,
                    -0.6175127625465393,
                    -2.4892735481262207
                ],
                [
                    0.0,
                    0.9484949111938477,
                    0.3167923390865326,
                    1.2770307064056396
                ],
                [
                    0.0,
                    0.0,
                    0.0,
                    1.0
                ]
            ]
        },
        {
            "file_path": "/data/shapenet_blender/all_50_random/02958343/6eba2ec65e8e44ed5545896d1a9ff5d3/r_40",
            "rotation": 0.12566370614359174,
            "transform_matrix": [
                [
                    -0.8305073380470276,
                    -0.34632256627082825,
                    0.4362548589706421,
                    1.7585996389389038
                ],
                [
                    0.5570077896118164,
                    -0.5163723826408386,
                    0.650462806224823,
                    2.6220993995666504
                ],
                [
                    1.4901161193847656e-08,
                    0.7832114100456238,
                    0.6217554211616516,
                    2.506376266479492
                ],
                [
                    0.0,
                    0.0,
                    0.0,
                    1.0
                ]
            ]
        },
        {
            "file_path": "/data/shapenet_blender/all_50_random/02958343/6eba2ec65e8e44ed5545896d1a9ff5d3/r_41",
            "rotation": 0.12566370614359174,
            "transform_matrix": [
                [
                    0.9150564074516296,
                    -0.12931108474731445,
                    0.382034569978714,
                    1.5400304794311523
                ],
                [
                    0.4033258259296417,
                    0.2933780252933502,
                    -0.8667512536048889,
                    -3.493985652923584
                ],
                [
                    0.0,
                    0.9472106695175171,
