{
    "class": "02958343",
    "model": "7c46bfff2f90f11044592db9be5db5c8",
    "remove_doubles": true,
    "edge_split": true,
    "denoise": true,
    "camera_angle_x": 0.6911112070083618,
    "scale_factor": 2.252739419129146,
    "hdri_file": "/data/IndoorHDRDataset2018/AG8A7849-375e867fcd.exr",
    "center_offset": [
        0.0,
        0.0,
        -1.862645149230957e-09
    ],
    "lights": [],
    "frames": [
        {
            "file_path": "/data/shapenet_blender/all_50_random/02958343/7c46bfff2f90f11044592db9be5db5c8/r_0",
            "rotation": 0.12566370614359174,
            "transform_matrix": [
                [
                    -0.44882333278656006,
                    -0.4041966497898102,
                    -0.7969834208488464,
                    -3.2127432823181152
                ],
                [
                    -0.8936206102371216,
                    0.20300884544849396,
                    0.40028706192970276,
                    1.6136088371276855
                ],
                [
                    0.0,
                    0.8918588757514954,
                    -0.45231351256370544,
                    -1.8233342170715332
                ],
                [
                    0.0,
                    0.0,
                    0.0,
                    1.0
                ]
            ]
        },
        {
            "file_path": "/data/shapenet_blender/all_50_random/02958343/7c46bfff2f90f11044592db9be5db5c8/r_1",
            "rotation": 0.12566370614359174,
            "transform_matrix": [
                [
                    0.5152626633644104,
                    -0.5408989191055298,
                    -0.6647800803184509,
                    -2.679814577102661
                ],
                [
                    -0.8570323586463928,
                    -0.3251977860927582,
                    -0.3996773064136505,
                    -1.611150860786438
                ],
                [
                    1.4901161193847656e-08,
                    0.7756769061088562,
                    -0.6311300992965698,
                    -2.5441670417785645
                ],
                [
                    0.0,
                    0.0,
                    0.0,
                    1.0
                ]
            ]
        },
        {
            "file_path": "/data/shapenet_blender/all_50_random/02958343/7c46bfff2f90f11044592db9be5db5c8/r_2",
            "rotation": 0.12566370614359174,
            "transform_matrix": [
                [
                    -0.10020917654037476,
                    -0.920314610004425,
                    -0.3781256377696991,
                    -1.524273157119751
                ],
                [
                    -0.994966447353363,
                    0.09269053488969803,
                    0.038083355873823166,
                    0.1535189151763916
                ],
                [
                    0.0,
                    0.3800385296344757,
                    -0.9249706268310547,
                    -3.7286758422851562
                ],
                [
                    0.0,
                    0.0,
                    0.0,
                    1.0
                ]
            ]
        },
        {
            "file_path": "/data/shapenet_blender/all_50_random/02958343/7c46bfff2f90f11044592db9be5db5c8/r_3",
            "rotation": 0.12566370614359174,
            "transform_matrix": [
                [
                    -0.9985572695732117,
                    -0.014533446170389652,
                    -0.05169261619448662,
                    -0.2083795964717865
                ],
                [
                    -0.05369681119918823,
                    0.2702670395374298,
                    0.9612868428230286,
                    3.8750710487365723
                ],
                [
                    -9.313225191043273e-10,
                    0.9626756906509399,
                    -0.2706575095653534,
                    -1.0910552740097046
                ],
                [
                    0.0,
                    0.0,
                    0.0,
                    1.0
                ]
            ]
        },
        {
            "file_path": "/data/shapenet_blender/all_50_random/02958343/7c46bfff2f90f11044592db9be5db5c8/r_4",
            "rotation": 0.12566370614359174,
            "transform_matrix": [
                [
                    0.09149237722158432,
                    -0.39268746972084045,
                    0.9151096940040588,
                    3.688924789428711
                ],
                [
                    0.9958058595657349,
                    0.03607923164963722,
                    -0.08407820016145706,
                    -0.33893001079559326
                ],
                [
                    0.0,
                    0.9189639687538147,
                    0.39434146881103516,
                    1.5896410942077637
                ],
                [
                    0.0,
                    0.0,
                    0.0,
                    1.0
                ]
            ]
        },
        {
            "file_path": "/data/shapenet_blender/all_50_random/02958343/7c46bfff2f90f11044592db9be5db5c8/r_5",
            "rotation": 0.12566370614359174,
            "transform_matrix": [
                [
                    0.14283224940299988,
                    -0.6263412833213806,
                    0.766352117061615,
                    3.089264154434204
                ],
                [
                    0.9897469282150269,
                    0.09038849920034409,
                    -0.11059372872114182,
                    -0.44581758975982666
                ],
                [
                    0.0,
                    0.7742909789085388,
                    0.6328297257423401,
                    2.551018238067627
                ],
                [
                    0.0,
                    0.0,
                    0.0,
                    1.0
                ]
            ]
        },
        {
            "file_path": "/data/shapenet_blender/all_50_random/02958343/7c46bfff2f90f11044592db9be5db5c8/r_6",
            "rotation": 0.12566370614359174,
            "transform_matrix": [
                [
                    -0.17545942962169647,
                    -0.9137665629386902,
                    0.3663938641548157,
                    1.4769809246063232
                ],
                [
                    0.9844866394996643,
                    -0.1628553867340088,
                    0.06530028581619263,
                    0.26323387026786804
                ],
                [
                    -3.725290298461914e-09,
                    0.3721674382686615,
                    0.92816561460495,
                    3.7415552139282227
                ],
                [
                    0.0,
                    0.0,
                    0.0,
                    1.0
                ]
            ]
        },
        {
            "file_path": "/data/shapenet_blender/all_50_random/02958343/7c46bfff2f90f11044592db9be5db5c8/r_7",
            "rotation": 0.12566370614359174,
            "transform_matrix": [
                [
                    0.8596130013465881,
                    0.32911404967308044,
                    0.3908317983150482,
                    1.575493335723877
                ],
                [
                    0.5109457969665527,
                    -0.5537000298500061,
                    -0.6575337648391724,
                    -2.6506032943725586
                ],
                [
                    -1.4901161193847656e-08,
                    0.7649183869361877,
                    -0.6441271901130676,
                    -2.596559762954712
                ],
                [
                    0.0,
                    0.0,
                    0.0,
                    1.0
                ]
            ]
        },
        {
            "file_path": "/data/shapenet_blender/all_50_random/02958343/7c46bfff2f90f11044592db9be5db5c8/r_8",
            "rotation": 0.12566370614359174,
            "transform_matrix": [
                [
                    -0.9150614738464355,
                    -0.08639556169509888,
                    0.3939521908760071,
                    1.5880720615386963
                ],
                [
                    0.40331441164016724,
                    -0.19601888954639435,
                    0.8938199281692505,
                    3.6031033992767334
                ],
                [
                    0.0,
                    0.976786732673645,
                    0.21421392261981964,
                    0.8635239601135254
                ],
                [
                    0.0,
                    0.0,
                    0.0,
                    1.0
                ]
            ]
        },
        {
            "file_path": "/data/shapenet_blender/all_50_random/02958343/7c46bfff2f90f11044592db9be5db5c8/r_9",
            "rotation": 0.12566370614359174,
            "transform_matrix": [
                [
                    -0.8913843631744385,
                    0.22247210144996643,
                    0.3948926329612732,
                    1.5918631553649902
                ],
                [
                    0.45324835181236267,
                    0.43752649426460266,
                    0.7766185998916626,
                    3.1306498050689697
                ],
                [
                    -1.4901162970204496e-08,
                    0.8712499737739563,
                    -0.4908393621444702,
                    -1.9786367416381836
                ],
                [
                    0.0,
                    0.0,
                    0.0,
                    1.0
                ]
            ]
        },
        {
            "file_path": "/data/shapenet_blender/all_50_random/02958343/7c46bfff2f90f11044592db9be5db5c8/r_10",
            "rotation": 0.12566370614359174,
            "transform_matrix": [
                [
                    -0.5687808394432068,
                    0.6566290855407715,
                    0.49530458450317383,
                    1.9966367483139038
                ],
                [
                    0.8224891424179077,
                    0.4540826082229614,
                    0.34252092242240906,
                    1.3807461261749268
                ],
                [
                    0.0,
                    0.6022021174430847,
                    -0.7983436584472656,
                    -3.218226432800293
                ],
                [
                    0.0,
                    0.0,
                    0.0,
                    1.0
                ]
            ]
        },
        {
            "file_path": "/data/shapenet_blender/all_50_random/02958343/7c46bfff2f90f11044592db9be5db5c8/r_11",
            "rotation": 0.12566370614359174,
            "transform_matrix": [
                [
                    0.42535123229026794,
                    0.22776123881340027,
                    0.8759002089500427,
                    3.5308666229248047
                ],
                [
                    0.9050283432006836,
                    -0.10704473406076431,
                    -0.41166138648986816,
                    -1.659460186958313
                ],
                [
                    0.0,
                    0.9678151607513428,
                    -0.2516619861125946,
                    -1.0144819021224976
                ],
                [
                    0.0,
                    0.0,
                    0.0,
                    1.0
                ]
            ]
        },
        {
            "file_path": "/data/shapenet_blender/all_50_random/02958343/7c46bfff2f90f11044592db9be5db5c8/r_12",
            "rotation": 0.12566370614359174,
            "transform_matrix": [
                [
                    -0.565590500831604,
                    -0.01965375244617462,
                    0.8244520425796509,
                    3.323472499847412
                ],
                [
                    0.8246862888336182,
                    -0.013479035347700119,
                    0.5654298663139343,
                    2.27932071685791
                ],
                [
                    0.0,
                    0.99971604347229,
                    0.023831790313124657,
                    0.09606902301311493
                ],
                [
                    0.0,
                    0.0,
                    0.0,
                    1.0
                ]
            ]
        },
        {
            "file_path": "/data/shapenet_blender/all_50_random/02958343/7c46bfff2f90f11044592db9be5db5c8/r_13",
            "rotation": 0.12566370614359174,
            "transform_matrix": [
                [
                    0.9633859992027283,
                    0.1262945830821991,
                    0.23651020228862762,
                    0.953403115272522
                ],
                [
                    0.2681182324886322,
                    -0.4537939429283142,
                    -0.8498139381408691,
                    -3.4257094860076904
                ],
                [
                    0.0,
                    0.8821115493774414,
                    -0.47104060649871826,
                    -1.8988254070281982
                ],
                [
                    0.0,
                    0.0,
                    0.0,
                    1.0
                ]
            ]
        },
        {
            "file_path": "/data/shapenet_blender/all_50_random/02958343/7c46bfff2f90f11044592db9be5db5c8/r_14",
            "rotation": 0.12566370614359174,
            "transform_matrix": [
                [
                    -0.7266185283660889,
                    0.29373741149902344,
                    -0.6210828423500061,
                    -2.503664970397949
                ],
                [
                    -0.687041163444519,
                    -0.3106583058834076,
                    0.6568605899810791,
                    2.6478896141052246
                ],
                [
                    -1.4901161193847656e-08,
                    0.9039965271949768,
                    0.42753979563713074,
                    1.7234680652618408
                ],
                [
                    0.0,
                    0.0,
                    0.0,
                    1.0
                ]
            ]
        },
        {
            "file_path": "/data/shapenet_blender/all_50_random/02958343/7c46bfff2f90f11044592db9be5db5c8/r_15",
            "rotation": 0.12566370614359174,
            "transform_matrix": [
                [
                    0.8005924224853516,
                    0.4264135956764221,
                    -0.42097893357276917,
                    -1.697020411491394
                ],
                [
                    -0.5992092490196228,
                    0.5697232484817505,
                    -0.5624621510505676,
                    -2.267357349395752
                ],
                [
                    -1.4901160305669237e-08,
                    0.7025574445724487,
                    0.7116270661354065,
                    2.8686604499816895
                ],
                [
                    0.0,
                    0.0,
                    0.0,
                    1.0
                ]
            ]
        },
        {
            "file_path": "/data/shapenet_blender/all_50_random/02958343/7c46bfff2f90f11044592db9be5db5c8/r_16",
            "rotation": 0.12566370614359174,
            "transform_matrix": [
                [
                    0.9246393442153931,
                    0.2296866774559021,
                    -0.3037865459918976,
                    -1.2246026992797852
                ],
                [
                    -0.3808441758155823,
                    0.5576489567756653,
                    -0.737553596496582,
                    -2.9731736183166504
                ],
                [
                    1.4901162970204496e-08,
                    0.7976662516593933,
                    0.60309898853302,
                    2.4311697483062744
                ],
                [
                    0.0,
                    0.0,
                    0.0,
                    1.0
                ]
            ]
        },
        {
            "file_path": "/data/shapenet_blender/all_50_random/02958343/7c46bfff2f90f11044592db9be5db5c8/r_17",
            "rotation": 0.12566370614359174,
            "transform_matrix": [
                [
                    -0.004427867475897074,
                    -0.15082228183746338,
                    -0.9885509610176086,
                    -3.984976291656494
                ],
                [
                    -0.9999901652336121,
                    0.000667827611323446,
                    0.004377215635031462,
                    0.01764512062072754
                ],
                [
                    0.0,
                    0.9885606169700623,
                    -0.15082375705242157,
                    -0.607990026473999
                ],
                [
                    0.0,
                    0.0,
                    0.0,
                    1.0
                ]
            ]
        },
        {
            "file_path": "/data/shapenet_blender/all_50_random/02958343/7c46bfff2f90f11044592db9be5db5c8/r_18",
            "rotation": 0.12566370614359174,
            "transform_matrix": [
                [
                    -0.9998956322669983,
                    -0.014315469190478325,
                    0.001990333665162325,
                    0.008023291826248169
                ],
                [
                    0.014453169889748096,
                    -0.9903692603111267,
                    0.13769477605819702,
                    0.555065393447876
                ],
                [
                    -2.3283067140944524e-10,
                    0.13770873844623566,
                    0.9904727339744568,
                    3.992723226547241
                ],
                [
                    0.0,
                    0.0,
                    0.0,
                    1.0
                ]
            ]
        },
        {
            "file_path": "/data/shapenet_blender/all_50_random/02958343/7c46bfff2f90f11044592db9be5db5c8/r_19",
            "rotation": 0.12566370614359174,
            "transform_matrix": [
                [
                    0.22196874022483826,
                    -0.5576812028884888,
                    0.7998257875442505,
                    3.2242014408111572
                ],
                [
                    0.9750537276268005,
                    0.1269548535346985,
                    -0.1820785254240036,
                    -0.7339820861816406
                ],
                [
                    -7.450580152834618e-09,
                    0.8202889561653137,
                    0.5719491243362427,
                    2.305600881576538
                ],
                [
                    0.0,
                    0.0,
                    0.0,
                    1.0
                ]
            ]
        },
        {
            "file_path": "/data/shapenet_blender/all_50_random/02958343/7c46bfff2f90f11044592db9be5db5c8/r_20",
            "rotation": 0.12566370614359174,
            "transform_matrix": [
                [
                    0.7954588532447815,
                    0.1706216037273407,
                    0.58149254322052,
                    2.344071388244629
                ],
                [
                    0.6060076355934143,
                    -0.22396163642406464,
                    -0.7632797360420227,
                    -3.0768790245056152
                ],
                [
                    1.4901161193847656e-08,
                    0.9595464468002319,
                    -0.2815502882003784,
                    -1.1349655389785767
                ],
                [
                    0.0,
                    0.0,
                    0.0,
                    1.0
                ]
            ]
        },
        {
            "file_path": "/data/shapenet_blender/all_50_random/02958343/7c46bfff2f90f11044592db9be5db5c8/r_21",
            "rotation": 0.12566370614359174,
            "transform_matrix": [
                [
                    0.6592891216278076,
                    0.6156584024429321,
                    0.4316275715827942,
                    1.7399464845657349
                ],
                [
                    0.7518895268440247,
                    -0.5398358702659607,
                    -0.37846970558166504,
                    -1.5256602764129639
                ],
                [
                    -1.4901161193847656e-08,
                    0.5740571618080139,
                    -0.8188151121139526,
                    -3.3007495403289795
                ],
                [
                    0.0,
                    0.0,
                    0.0,
                    1.0
                ]
            ]
        },
        {
            "file_path": "/data/shapenet_blender/all_50_random/02958343/7c46bfff2f90f11044592db9be5db5c8/r_22",
            "rotation": 0.12566370614359174,
            "transform_matrix": [
                [
                    -0.33270397782325745,
                    0.04865363612771034,
                    -0.941775381565094,
                    -3.7964179515838623
                ],
                [
                    -0.9430313110351562,
                    -0.017165131866931915,
                    0.3322608768939972,
                    1.3393864631652832
                ],
                [
                    1.862645149230957e-09,
                    0.9986681938171387,
                    0.051592808216810226,
                    0.2079772651195526
                ],
                [
                    0.0,
                    0.0,
                    0.0,
                    1.0
                ]
            ]
        },
        {
            "file_path": "/data/shapenet_blender/all_50_random/02958343/7c46bfff2f90f11044592db9be5db5c8/r_23",
            "rotation": 0.12566370614359174,
            "transform_matrix": [
                [
                    0.9599125981330872,
                    0.13737444579601288,
                    0.24432781338691711,
                    0.9849169254302979
                ],
                [
                    0.28029951453208923,
                    -0.4704519510269165,
                    -0.836724042892456,
                    -3.3729424476623535
                ],
                [
                    -1.4901161193847656e-08,
                    0.8716667890548706,
                    -0.4900988042354584,
                    -1.975651502609253
                ],
                [
                    0.0,
                    0.0,
                    0.0,
                    1.0
                ]
            ]
        },
        {
            "file_path": "/data/shapenet_blender/all_50_random/02958343/7c46bfff2f90f11044592db9be5db5c8/r_24",
            "rotation": 0.12566370614359174,
            "transform_matrix": [
                [
                    -0.42394447326660156,
                    -0.8724513053894043,
                    0.24310490489006042,
                    0.9799872040748596
                ],
                [
                    0.9056881666183472,
                    -0.40838661789894104,
                    0.11379522830247879,
                    0.458723247051239
                ],
                [
                    -7.4505797087454084e-09,
                    0.26842001080513,
                    0.963301956653595,
                    3.8831944465637207
                ],
                [
                    0.0,
                    0.0,
                    0.0,
                    1.0
                ]
            ]
        },
        {
            "file_path": "/data/shapenet_blender/all_50_random/02958343/7c46bfff2f90f11044592db9be5db5c8/r_25",
            "rotation": 0.12566370614359174,
            "transform_matrix": [
                [
                    -0.8671162724494934,
                    -0.13649562001228333,
                    0.4790389835834503,
                    1.931067943572998
                ],
                [
                    0.49810582399368286,
                    -0.23761531710624695,
                    0.8339241743087769,
                    3.3616559505462646
                ],
                [
                    -7.450580596923828e-09,
                    0.9617212414741516,
                    0.27402937412261963,
                    1.1046477556228638
                ],
                [
                    0.0,
                    0.0,
                    0.0,
                    1.0
                ]
            ]
        },
        {
            "file_path": "/data/shapenet_blender/all_50_random/02958343/7c46bfff2f90f11044592db9be5db5c8/r_26",
            "rotation": 0.12566370614359174,
            "transform_matrix": [
                [
                    0.14659570157527924,
                    -0.540752649307251,
                    -0.8283092379570007,
                    -3.3390214443206787
                ],
                [
                    -0.9891965389251709,
                    -0.08013777434825897,
                    -0.12275271862745285,
                    -0.49483203887939453
                ],
                [
                    -7.450581485102248e-09,
                    0.8373556733131409,
                    -0.546658456325531,
                    -2.203650712966919
                ],
                [
                    0.0,
                    0.0,
                    0.0,
                    1.0
                ]
            ]
        },
        {
            "file_path": "/data/shapenet_blender/all_50_random/02958343/7c46bfff2f90f11044592db9be5db5c8/r_27",
            "rotation": 0.12566370614359174,
            "transform_matrix": [
                [
                    0.9705824851989746,
                    0.11531145125627518,
                    0.21135975420475006,
                    0.8520184755325317
                ],
                [
                    0.2407689392566681,
                    -0.46484100818634033,
                    -0.8520287871360779,
                    -3.434638023376465
                ],
                [
                    7.450580596923828e-09,
                    0.8778530359268188,
                    -0.47892993688583374,
                    -1.9306284189224243
                ],
                [
                    0.0,
                    0.0,
                    0.0,
                    1.0
                ]
            ]
        },
        {
            "file_path": "/data/shapenet_blender/all_50_random/02958343/7c46bfff2f90f11044592db9be5db5c8/r_28",
            "rotation": 0.12566370614359174,
            "transform_matrix": [
                [
                    -0.9944931864738464,
                    0.012873915955424309,
                    0.10400687903165817,
                    0.41926515102386475
                ],
                [
                    0.10480060428380966,
                    0.12216553092002869,
                    0.9869611859321594,
                    3.9785678386688232
                ],
                [
                    0.0,
                    0.9924262166023254,
                    -0.1228419840335846,
                    -0.49519187211990356
                ],
                [
                    0.0,
                    0.0,
                    0.0,
                    1.0
                ]
            ]
        },
        {
            "file_path": "/data/shapenet_blender/all_50_random/02958343/7c46bfff2f90f11044592db9be5db5c8/r_29",
            "rotation": 0.12566370614359174,
            "transform_matrix": [
                [
                    -0.07473384588956833,
                    0.29264768958091736,
                    0.9532954096794128,
                    3.8428568840026855
                ],
                [
                    0.997203528881073,
                    0.021932018920779228,
                    0.07144321501255035,
                    0.2879968285560608
                ],
                [
                    0.0,
                    0.9559687376022339,
                    -0.29346832633018494,
                    -1.1830087900161743
                ],
                [
                    0.0,
                    0.0,
                    0.0,
                    1.0
                ]
            ]
        },
        {
            "file_path": "/data/shapenet_blender/all_50_random/02958343/7c46bfff2f90f11044592db9be5db5c8/r_30",
            "rotation": 0.12566370614359174,
            "transform_matrix": [
                [
                    0.5367723703384399,
                    -0.1982881724834442,
                    0.8200958371162415,
                    3.3059122562408447
                ],
                [
                    0.843727171421051,
                    0.12614932656288147,
                    -0.5217382907867432,
                    -2.10319447517395
                ],
                [
                    0.0,
                    0.9719918966293335,
                    0.23501454293727875,
                    0.9473739862442017
                ],
                [
                    0.0,
                    0.0,
                    0.0,
                    1.0
                ]
            ]
        },
        {
            "file_path": "/data/shapenet_blender/all_50_random/02958343/7c46bfff2f90f11044592db9be5db5c8/r_31",
            "rotation": 0.12566370614359174,
            "transform_matrix": [
                [
                    0.7748477458953857,
                    0.26690351963043213,
                    0.5730388760566711,
                    2.3099935054779053
                ],
                [
                    0.6321479678153992,
                    -0.327153742313385,
                    -0.7023954391479492,
                    -2.831446647644043
                ],
                [
                    -1.4901162970204496e-08,
                    0.9064947962760925,
                    -0.42221683263778687,
                    -1.7020105123519897
                ],
                [
                    0.0,
                    0.0,
                    0.0,
                    1.0
                ]
            ]
        },
        {
            "file_path": "/data/shapenet_blender/all_50_random/02958343/7c46bfff2f90f11044592db9be5db5c8/r_32",
            "rotation": 0.12566370614359174,
            "transform_matrix": [
                [
                    0.8142282366752625,
                    0.37490642070770264,
                    0.44325780868530273,
                    1.7868294715881348
                ],
                [
                    0.5805447697639465,
                    -0.5258153676986694,
                    -0.6216798424720764,
                    -2.5060718059539795
                ],
                [
                    0.0,
                    0.763520359992981,
                    -0.6457836627960205,
                    -2.6032373905181885
                ],
                [
                    0.0,
                    0.0,
                    0.0,
                    1.0
                ]
            ]
        },
        {
            "file_path": "/data/shapenet_blender/all_50_random/02958343/7c46bfff2f90f11044592db9be5db5c8/r_33",
            "rotation": 0.12566370614359174,
            "transform_matrix": [
                [
                    -0.3532544672489166,
                    0.25923874974250793,
                    -0.898891806602478,
                    -3.623548984527588
                ],
                [
                    -0.9355273246765137,
                    -0.09788837283849716,
                    0.3394209146499634,
                    1.368249535560608
                ],
                [
                    7.450580596923828e-09,
                    0.9608397483825684,
                    0.2771044075489044,
                    1.1170437335968018
                ],
                [
                    0.0,
                    0.0,
                    0.0,
                    1.0
                ]
            ]
        },
        {
            "file_path": "/data/shapenet_blender/all_50_random/02958343/7c46bfff2f90f11044592db9be5db5c8/r_34",
            "rotation": 0.12566370614359174,
            "transform_matrix": [
                [
                    -0.9202240705490112,
                    0.11696907877922058,
                    -0.3735050857067108,
                    -1.5056473016738892
                ],
                [
                    -0.39139220118522644,
                    -0.2750125229358673,
                    0.8781686425209045,
                    3.540011167526245
                ],
                [
                    0.0,
                    0.954298734664917,
                    0.29885393381118774,
                    1.204718828201294
                ],
                [
                    0.0,
                    0.0,
                    0.0,
                    1.0
                ]
            ]
        },
        {
            "file_path": "/data/shapenet_blender/all_50_random/02958343/7c46bfff2f90f11044592db9be5db5c8/r_35",
            "rotation": 0.12566370614359174,
            "transform_matrix": [
                [
                    0.9496495723724365,
                    -0.24432919919490814,
                    -0.1961352825164795,
                    -0.7906466126441956
                ],
                [
                    -0.3133142292499542,
                    -0.7405571937561035,
                    -0.5944823622703552,
                    -2.396435022354126
                ],
                [
                    0.0,
                    0.62600177526474,
                    -0.779821515083313,
                    -3.1435611248016357
                ],
                [
                    0.0,
                    0.0,
                    0.0,
                    1.0
                ]
            ]
        },
        {
            "file_path": "/data/shapenet_blender/all_50_random/02958343/7c46bfff2f90f11044592db9be5db5c8/r_36",
            "rotation": 0.12566370614359174,
            "transform_matrix": [
                [
                    0.9948135018348694,
                    -0.05476725101470947,
                    0.08571162819862366,
                    0.3455146253108978
                ],
                [
                    0.10171496123075485,
                    0.5356458425521851,
                    -0.8382944464683533,
                    -3.379272937774658
                ],
                [
                    3.7252896323280993e-09,
                    0.8426648378372192,
                    0.5384384989738464,
                    2.1705150604248047
                ],
                [
                    0.0,
                    0.0,
                    0.0,
                    1.0
                ]
            ]
        },
        {
            "file_path": "/data/shapenet_blender/all_50_random/02958343/7c46bfff2f90f11044592db9be5db5c8/r_37",
            "rotation": 0.12566370614359174,
            "transform_matrix": [
                [
                    0.26413410902023315,
                    -0.222509503364563,
                    -0.9384682178497314,
                    -3.7830865383148193
                ],
                [
                    -0.9644859433174133,
                    -0.060936447232961655,
                    -0.2570088803768158,
                    -1.0360360145568848
                ],
                [
                    0.0,
                    0.9730241894721985,
                    -0.23070268332958221,
                    -0.9299923181533813
                ],
                [
                    0.0,
                    0.0,
                    0.0,
                    1.0
                ]
            ]
        },
        {
            "file_path": "/data/shapenet_blender/all_50_random/02958343/7c46bfff2f90f11044592db9be5db5c8/r_38",
            "rotation": 0.12566370614359174,
            "transform_matrix": [
                [
                    -0.012002885341644287,
                    0.46685540676116943,
                    0.8842521905899048,
                    3.5645346641540527
                ],
                [
                    0.9999279975891113,
                    0.005604015197604895,
                    0.01061434205621481,
                    0.04278778284788132
                ],
                [
                    4.656612873077393e-10,
                    0.8843159675598145,
                    -0.466888964176178,
                    -1.882089614868164
                ],
                [
                    0.0,
                    0.0,
                    0.0,
                    1.0
                ]
            ]
        },
        {
            "file_path": "/data/shapenet_blender/all_50_random/02958343/7c46bfff2f90f11044592db9be5db5c8/r_39",
            "rotation": 0.12566370614359174,
            "transform_matrix": [
                [
                    0.6907399296760559,
                    -0.2554070055484772,
                    0.6764950156211853,
                    2.727038860321045
                ],
                [
                    0.7231032848358154,
                    0.24397598206996918,
                    -0.6462176442146301,
                    -2.6049869060516357
                ],
                [
                    0.0,
                    0.9355441927909851,
                    0.35320955514907837,
                    1.4238333702087402
                ],
                [
                    0.0,
                    0.0,
                    0.0,
                    1.0
                ]
            ]
        },
        {
            "file_path": "/data/shapenet_blender/all_50_random/02958343/7c46bfff2f90f11044592db9be5db5c8/r_40",
            "rotation": 0.12566370614359174,
            "transform_matrix": [
                [
                    -0.8846365213394165,
                    0.40665626525878906,
                    0.22814257442951202,
                    0.9196721315383911
                ],
                [
                    0.4662814736366272,
                    0.7715146541595459,
                    0.4328356981277466,
                    1.744816541671753
                ],
                [
                    1.4901162970204496e-08,
                    0.4892807602882385,
                    -0.8721262812614441,
                    -3.515653371810913
                ],
                [
                    0.0,
                    0.0,
                    0.0,
                    1.0
                ]
            ]
        },
        {
            "file_path": "/data/shapenet_blender/all_50_random/02958343/7c46bfff2f90f11044592db9be5db5c8/r_41",
            "rotation": 0.12566370614359174,
            "transform_matrix": [
                [
                    0.6422805786132812,
                    -0.26927876472473145,
                    -0.717610239982605,
                    -2.892779588699341
                ],
                [
                    -0.7664695978164673,
                    -0.22564826905727386,
                    -0.6013377904891968,
                    -2.424070358276367
