{
    "class": "02958343",
    "model": "a74409e07d1a9e1a2925dcb663974b0",
    "remove_doubles": true,
    "edge_split": true,
    "denoise": true,
    "camera_angle_x": 0.6911112070083618,
    "scale_factor": 2.3543870294689624,
    "hdri_file": "/data/IndoorHDRDataset2018/AG8A7489-92f70a6360.exr",
    "center_offset": [
        0.0,
        -1.3969838619232178e-09,
        0.0
    ],
    "lights": [],
    "frames": [
        {
            "file_path": "/data/shapenet_blender/all_50_random/02958343/a74409e07d1a9e1a2925dcb663974b0/r_0",
            "rotation": 0.12566370614359174,
            "transform_matrix": [
                [
                    -0.9300787448883057,
                    -0.18508394062519073,
                    0.3173285126686096,
                    1.279192328453064
                ],
                [
                    0.36736011505126953,
                    -0.4685937166213989,
                    0.8034091591835022,
                    3.2386462688446045
                ],
                [
                    1.4901161193847656e-08,
                    0.8638076186180115,
                    0.5038214921951294,
                    2.0309696197509766
                ],
                [
                    0.0,
                    0.0,
                    0.0,
                    1.0
                ]
            ]
        },
        {
            "file_path": "/data/shapenet_blender/all_50_random/02958343/a74409e07d1a9e1a2925dcb663974b0/r_1",
            "rotation": 0.12566370614359174,
            "transform_matrix": [
                [
                    0.7010540962219238,
                    -0.0017936116782948375,
                    0.7131057381629944,
                    2.8746213912963867
                ],
                [
                    0.7131080627441406,
                    0.0017632936360314488,
                    -0.7010518312454224,
                    -2.8260304927825928
                ],
                [
                    -1.1641531488804091e-10,
                    0.9999969005584717,
                    0.0025152028538286686,
                    0.010139107704162598
                ],
                [
                    0.0,
                    0.0,
                    0.0,
                    1.0
                ]
            ]
        },
        {
            "file_path": "/data/shapenet_blender/all_50_random/02958343/a74409e07d1a9e1a2925dcb663974b0/r_2",
            "rotation": 0.12566370614359174,
            "transform_matrix": [
                [
                    0.6973787546157837,
                    0.06521902233362198,
                    0.713729202747345,
                    2.8771345615386963
                ],
                [
                    0.7167027592658997,
                    -0.06346055865287781,
                    -0.6944853067398071,
                    -2.7995598316192627
                ],
                [
                    0.0,
                    0.9958509206771851,
                    -0.09099871665239334,
                    -0.3668275475502014
                ],
                [
                    0.0,
                    0.0,
                    0.0,
                    1.0
                ]
            ]
        },
        {
            "file_path": "/data/shapenet_blender/all_50_random/02958343/a74409e07d1a9e1a2925dcb663974b0/r_3",
            "rotation": 0.12566370614359174,
            "transform_matrix": [
                [
                    0.10493908077478409,
                    -0.5434610843658447,
                    -0.8328490853309631,
                    -3.3573222160339355
                ],
                [
                    -0.994478702545166,
                    -0.05734694004058838,
                    -0.08788364380598068,
                    -0.354270339012146
                ],
                [
                    -3.725290742551124e-09,
                    0.8374730944633484,
                    -0.5464783906936646,
                    -2.202925205230713
                ],
                [
                    0.0,
                    0.0,
                    0.0,
                    1.0
                ]
            ]
        },
        {
            "file_path": "/data/shapenet_blender/all_50_random/02958343/a74409e07d1a9e1a2925dcb663974b0/r_4",
            "rotation": 0.12566370614359174,
            "transform_matrix": [
                [
                    0.9946799874305725,
                    0.0018652424914762378,
                    0.10299608111381531,
                    0.4151904881000519
                ],
                [
                    0.10301296412944794,
                    -0.018010541796684265,
                    -0.9945169687271118,
                    -4.009026050567627
                ],
                [
                    0.0,
                    0.9998360276222229,
                    -0.018106870353221893,
                    -0.07299113273620605
                ],
                [
                    0.0,
                    0.0,
                    0.0,
                    1.0
                ]
            ]
        },
        {
            "file_path": "/data/shapenet_blender/all_50_random/02958343/a74409e07d1a9e1a2925dcb663974b0/r_5",
            "rotation": 0.12566370614359174,
            "transform_matrix": [
                [
                    -0.29249900579452515,
                    0.8261736631393433,
                    0.48154065012931824,
                    1.9411523342132568
                ],
                [
                    0.956265926361084,
                    0.2527068853378296,
                    0.14729182422161102,
                    0.5937523245811462
                ],
                [
                    -7.450580596923828e-09,
                    0.5035635828971863,
                    -0.8639581799507141,
                    -3.482726573944092
                ],
                [
                    0.0,
                    0.0,
                    0.0,
                    1.0
                ]
            ]
        },
        {
            "file_path": "/data/shapenet_blender/all_50_random/02958343/a74409e07d1a9e1a2925dcb663974b0/r_6",
            "rotation": 0.12566370614359174,
            "transform_matrix": [
                [
                    0.21239590644836426,
                    -0.05966636911034584,
                    -0.9753603935241699,
                    -3.9318034648895264
                ],
                [
                    -0.9771837592124939,
                    -0.012968792580068111,
                    -0.21199959516525269,
                    -0.8545976877212524
                ],
                [
                    -9.31322685637781e-10,
                    0.9981340169906616,
                    -0.061059530824422836,
                    -0.24613884091377258
                ],
                [
                    0.0,
                    0.0,
                    0.0,
                    1.0
                ]
            ]
        },
        {
            "file_path": "/data/shapenet_blender/all_50_random/02958343/a74409e07d1a9e1a2925dcb663974b0/r_7",
            "rotation": 0.12566370614359174,
            "transform_matrix": [
                [
                    0.6505318284034729,
                    -0.17164497077465057,
                    -0.7398285269737244,
                    -2.982344150543213
                ],
                [
                    -0.7594789266586304,
                    -0.147022545337677,
                    -0.6337003111839294,
                    -2.554527759552002
                ],
                [
                    0.0,
                    0.9741265177726746,
                    -0.22600355744361877,
                    -0.911049485206604
                ],
                [
                    0.0,
                    0.0,
                    0.0,
                    1.0
                ]
            ]
        },
        {
            "file_path": "/data/shapenet_blender/all_50_random/02958343/a74409e07d1a9e1a2925dcb663974b0/r_8",
            "rotation": 0.12566370614359174,
            "transform_matrix": [
                [
                    -0.9779781103134155,
                    0.01451814640313387,
                    0.20820239186286926,
                    0.8392907381057739
                ],
                [
                    0.2087080180644989,
                    0.06803011894226074,
                    0.9756088852882385,
                    3.9328055381774902
                ],
                [
                    -9.31322685637781e-10,
                    0.9975776672363281,
                    -0.06956199556589127,
                    -0.2804133892059326
                ],
                [
                    0.0,
                    0.0,
                    0.0,
                    1.0
                ]
            ]
        },
        {
            "file_path": "/data/shapenet_blender/all_50_random/02958343/a74409e07d1a9e1a2925dcb663974b0/r_9",
            "rotation": 0.12566370614359174,
            "transform_matrix": [
                [
                    -0.5436219573020935,
                    0.7014510035514832,
                    -0.4609139859676361,
                    -1.8580037355422974
                ],
                [
                    -0.8393301963806152,
                    -0.4543195962905884,
                    0.2985272705554962,
                    1.2034019231796265
                ],
                [
                    -1.4901161193847656e-08,
                    0.549144983291626,
                    0.8357270956039429,
                    3.3689236640930176
                ],
                [
                    0.0,
                    0.0,
                    0.0,
                    1.0
                ]
            ]
        },
        {
            "file_path": "/data/shapenet_blender/all_50_random/02958343/a74409e07d1a9e1a2925dcb663974b0/r_10",
            "rotation": 0.12566370614359174,
            "transform_matrix": [
                [
                    0.5364606380462646,
                    -0.4846743643283844,
                    0.6908695697784424,
                    2.7849843502044678
                ],
                [
                    0.8439253568649292,
                    0.30809444189071655,
                    -0.43916720151901245,
                    -1.7703396081924438
                ],
                [
                    1.4901161193847656e-08,
                    0.8186382055282593,
                    0.5743095278739929,
                    2.3151156902313232
                ],
                [
                    0.0,
                    0.0,
                    0.0,
                    1.0
                ]
            ]
        },
        {
            "file_path": "/data/shapenet_blender/all_50_random/02958343/a74409e07d1a9e1a2925dcb663974b0/r_11",
            "rotation": 0.12566370614359174,
            "transform_matrix": [
                [
                    0.4757080078125,
                    0.561577558517456,
                    0.6770026087760925,
                    2.7290847301483154
                ],
                [
                    0.8796033263206482,
                    -0.30371296405792236,
                    -0.3661372661590576,
                    -1.4759465456008911
                ],
                [
                    -1.4901162970204496e-08,
                    0.7696681022644043,
                    -0.6384441256523132,
                    -2.573650598526001
                ],
                [
                    0.0,
                    0.0,
                    0.0,
                    1.0
                ]
            ]
        },
        {
            "file_path": "/data/shapenet_blender/all_50_random/02958343/a74409e07d1a9e1a2925dcb663974b0/r_12",
            "rotation": 0.12566370614359174,
            "transform_matrix": [
                [
                    -0.9345819354057312,
                    -0.14103269577026367,
                    -0.3265983462333679,
                    -1.3165600299835205
                ],
                [
                    -0.35574811697006226,
                    0.3705054223537445,
                    0.8580029010772705,
                    3.4587202072143555
                ],
                [
                    0.0,
                    0.9180607199668884,
                    -0.396439790725708,
                    -1.598099946975708
                ],
                [
                    0.0,
                    0.0,
                    0.0,
                    1.0
                ]
            ]
        },
        {
            "file_path": "/data/shapenet_blender/all_50_random/02958343/a74409e07d1a9e1a2925dcb663974b0/r_13",
            "rotation": 0.12566370614359174,
            "transform_matrix": [
                [
                    -0.4136611819267273,
                    -0.7059205174446106,
                    -0.5749440789222717,
                    -2.317673683166504
                ],
                [
                    -0.9104310274124146,
                    0.3207402527332306,
                    0.26123014092445374,
                    1.0530524253845215
                ],
                [
                    0.0,
                    0.6315076351165771,
                    -0.7753695845603943,
                    -3.125614881515503
                ],
                [
                    0.0,
                    0.0,
                    0.0,
                    1.0
                ]
            ]
        },
        {
            "file_path": "/data/shapenet_blender/all_50_random/02958343/a74409e07d1a9e1a2925dcb663974b0/r_14",
            "rotation": 0.12566370614359174,
            "transform_matrix": [
                [
                    0.9979880452156067,
                    0.02060888335108757,
                    -0.059959303587675095,
                    -0.24170368909835815
                ],
                [
                    -0.06340223550796509,
                    0.3243957459926605,
                    -0.9437941908836365,
                    -3.804556131362915
                ],
                [
                    0.0,
                    0.9456967711448669,
                    0.3250497579574585,
                    1.3103175163269043
                ],
                [
                    0.0,
                    0.0,
                    0.0,
                    1.0
                ]
            ]
        },
        {
            "file_path": "/data/shapenet_blender/all_50_random/02958343/a74409e07d1a9e1a2925dcb663974b0/r_15",
            "rotation": 0.12566370614359174,
            "transform_matrix": [
                [
                    0.28068387508392334,
                    0.14578977227210999,
                    0.9486632347106934,
                    3.824183702468872
                ],
                [
                    0.9598003029823303,
                    -0.0426347441971302,
                    -0.27742695808410645,
                    -1.1183438301086426
                ],
                [
                    0.0,
                    0.9883965253829956,
                    -0.15189595520496368,
                    -0.6123121976852417
                ],
                [
                    0.0,
                    0.0,
                    0.0,
                    1.0
                ]
            ]
        },
        {
            "file_path": "/data/shapenet_blender/all_50_random/02958343/a74409e07d1a9e1a2925dcb663974b0/r_16",
            "rotation": 0.12566370614359174,
            "transform_matrix": [
                [
                    -0.5060775279998779,
                    0.08596537262201309,
                    -0.858193039894104,
                    -3.459486961364746
                ],
                [
                    -0.8624879121780396,
                    -0.05044145509600639,
                    0.5035574436187744,
                    2.029905319213867
                ],
                [
                    0.0,
                    0.9950203895568848,
                    0.0996713861823082,
                    0.40178823471069336
                ],
                [
                    0.0,
                    0.0,
                    0.0,
                    1.0
                ]
            ]
        },
        {
            "file_path": "/data/shapenet_blender/all_50_random/02958343/a74409e07d1a9e1a2925dcb663974b0/r_17",
            "rotation": 0.12566370614359174,
            "transform_matrix": [
                [
                    -0.011941827833652496,
                    -0.7985695600509644,
                    0.6017839908599854,
                    2.425868511199951
                ],
                [
                    0.9999286532402039,
                    -0.009537060745060444,
                    0.007186914328485727,
                    0.028971374034881592
                ],
                [
                    -4.656612040410124e-10,
                    0.6018269062042236,
                    0.7986266613006592,
                    3.2193665504455566
                ],
                [
                    0.0,
                    0.0,
                    0.0,
                    1.0
                ]
            ]
        },
        {
            "file_path": "/data/shapenet_blender/all_50_random/02958343/a74409e07d1a9e1a2925dcb663974b0/r_18",
            "rotation": 0.12566370614359174,
            "transform_matrix": [
                [
                    -0.9358043074607849,
                    -0.23129050433635712,
                    -0.2660357356071472,
                    -1.0724244117736816
                ],
                [
                    -0.3525199294090271,
                    0.6139869689941406,
                    0.7062221169471741,
                    2.846872329711914
                ],
                [
                    0.0,
                    0.7546685338020325,
                    -0.656106173992157,
                    -2.644848585128784
                ],
                [
                    0.0,
                    0.0,
                    0.0,
                    1.0
                ]
            ]
        },
        {
            "file_path": "/data/shapenet_blender/all_50_random/02958343/a74409e07d1a9e1a2925dcb663974b0/r_19",
            "rotation": 0.12566370614359174,
            "transform_matrix": [
                [
                    0.7261932492256165,
                    -0.5912808179855347,
                    -0.3507566750049591,
                    -1.4139454364776611
                ],
                [
                    -0.6874905824661255,
                    -0.6245672702789307,
                    -0.3705027103424072,
                    -1.4935442209243774
                ],
                [
                    0.0,
                    0.5101983547210693,
                    -0.8600566387176514,
                    -3.4669992923736572
                ],
                [
                    0.0,
                    0.0,
                    0.0,
                    1.0
                ]
            ]
        },
        {
            "file_path": "/data/shapenet_blender/all_50_random/02958343/a74409e07d1a9e1a2925dcb663974b0/r_20",
            "rotation": 0.12566370614359174,
            "transform_matrix": [
                [
                    -0.055966123938560486,
                    0.7083964347839355,
                    -0.7035924792289734,
                    -2.8362720012664795
                ],
                [
                    -0.9984327554702759,
                    -0.03970843553543091,
                    0.03943915292620659,
                    0.15898430347442627
                ],
                [
                    0.0,
                    0.7046969532966614,
                    0.70950847864151,
                    2.8601200580596924
                ],
                [
                    0.0,
                    0.0,
                    0.0,
                    1.0
                ]
            ]
        },
        {
            "file_path": "/data/shapenet_blender/all_50_random/02958343/a74409e07d1a9e1a2925dcb663974b0/r_21",
            "rotation": 0.12566370614359174,
            "transform_matrix": [
                [
                    0.8266119956970215,
                    0.00592854293063283,
                    0.5627411007881165,
                    2.268481731414795
                ],
                [
                    0.5627723336219788,
                    -0.008707971312105656,
                    -0.826566219329834,
                    -3.3319945335388184
                ],
                [
                    0.0,
                    0.9999445676803589,
                    -0.010534534230828285,
                    -0.04246605932712555
                ],
                [
                    0.0,
                    0.0,
                    0.0,
                    1.0
                ]
            ]
        },
        {
            "file_path": "/data/shapenet_blender/all_50_random/02958343/a74409e07d1a9e1a2925dcb663974b0/r_22",
            "rotation": 0.12566370614359174,
            "transform_matrix": [
                [
                    -0.039225686341524124,
                    0.5530041456222534,
                    -0.8322547078132629,
                    -3.354926109313965
                ],
                [
                    -0.9992303848266602,
                    -0.021708674728870392,
                    0.03267090767621994,
                    0.13170063495635986
                ],
                [
                    0.0,
                    0.8328956961631775,
                    0.5534300208091736,
                    2.230947732925415
                ],
                [
                    0.0,
                    0.0,
                    0.0,
                    1.0
                ]
            ]
        },
        {
            "file_path": "/data/shapenet_blender/all_50_random/02958343/a74409e07d1a9e1a2925dcb663974b0/r_23",
            "rotation": 0.12566370614359174,
            "transform_matrix": [
                [
                    -0.9923477172851562,
                    -0.11106150597333908,
                    0.05395760014653206,
                    0.21751004457473755
                ],
                [
                    0.12347503006458282,
                    -0.892582356929779,
                    0.4336479902267456,
                    1.7480909824371338
                ],
                [
                    3.725290742551124e-09,
                    0.43699198961257935,
                    0.8994653820991516,
                    3.6258609294891357
                ],
                [
                    0.0,
                    0.0,
                    0.0,
                    1.0
                ]
            ]
        },
        {
            "file_path": "/data/shapenet_blender/all_50_random/02958343/a74409e07d1a9e1a2925dcb663974b0/r_24",
            "rotation": 0.12566370614359174,
            "transform_matrix": [
                [
                    0.8245058655738831,
                    0.09511023014783859,
                    -0.5578029155731201,
                    -2.2485756874084473
                ],
                [
                    -0.5658534169197083,
                    0.13858523964881897,
                    -0.8127754330635071,
                    -3.276402711868286
                ],
                [
                    0.0,
                    0.9857728481292725,
                    0.16808278858661652,
                    0.6775634288787842
                ],
                [
                    0.0,
                    0.0,
                    0.0,
                    1.0
                ]
            ]
        },
        {
            "file_path": "/data/shapenet_blender/all_50_random/02958343/a74409e07d1a9e1a2925dcb663974b0/r_25",
            "rotation": 0.12566370614359174,
            "transform_matrix": [
                [
                    0.10357602685689926,
                    -0.46393483877182007,
                    -0.8797932863235474,
                    -3.546560525894165
                ],
                [
                    -0.9946215748786926,
                    -0.04831237345933914,
                    -0.09161825478076935,
                    -0.36932504177093506
                ],
                [
                    0.0,
                    0.884550929069519,
                    -0.46644356846809387,
                    -1.8802943229675293
                ],
                [
                    0.0,
                    0.0,
                    0.0,
                    1.0
                ]
            ]
        },
        {
            "file_path": "/data/shapenet_blender/all_50_random/02958343/a74409e07d1a9e1a2925dcb663974b0/r_26",
            "rotation": 0.12566370614359174,
            "transform_matrix": [
                [
                    -0.9117040634155273,
                    0.16265781223773956,
                    -0.3772771656513214,
                    -1.5208529233932495
                ],
                [
                    -0.4108474552631378,
                    -0.3609509766101837,
                    0.8372088670730591,
                    3.374897003173828
                ],
                [
                    0.0,
                    0.9182900786399841,
                    0.39590802788734436,
                    1.5959563255310059
                ],
                [
                    0.0,
                    0.0,
                    0.0,
                    1.0
                ]
            ]
        },
        {
            "file_path": "/data/shapenet_blender/all_50_random/02958343/a74409e07d1a9e1a2925dcb663974b0/r_27",
            "rotation": 0.12566370614359174,
            "transform_matrix": [
                [
                    -0.09172254800796509,
                    0.7938210368156433,
                    0.6011947393417358,
                    2.4234938621520996
                ],
                [
                    0.9957846403121948,
                    0.07311951369047165,
                    0.05537654832005501,
                    0.2232300192117691
                ],
                [
                    3.725290298461914e-09,
                    0.603739857673645,
                    -0.7971813678741455,
                    -3.213541030883789
                ],
                [
                    0.0,
                    0.0,
                    0.0,
                    1.0
                ]
            ]
        },
        {
            "file_path": "/data/shapenet_blender/all_50_random/02958343/a74409e07d1a9e1a2925dcb663974b0/r_28",
            "rotation": 0.12566370614359174,
            "transform_matrix": [
                [
                    -0.7268103957176208,
                    0.3805959224700928,
                    -0.5717459321022034,
                    -2.304781675338745
                ],
                [
                    -0.6868381500244141,
                    -0.4027456045150757,
                    0.6050200462341309,
                    2.4389138221740723
                ],
                [
                    0.0,
                    0.8324318528175354,
                    0.5541275143623352,
                    2.2337594032287598
                ],
                [
                    0.0,
                    0.0,
                    0.0,
                    1.0
                ]
            ]
        },
        {
            "file_path": "/data/shapenet_blender/all_50_random/02958343/a74409e07d1a9e1a2925dcb663974b0/r_29",
            "rotation": 0.12566370614359174,
            "transform_matrix": [
                [
                    0.8800039291381836,
                    -0.09451983869075775,
                    0.46546670794487,
                    1.8763563632965088
                ],
                [
                    0.4749666154384613,
                    0.17512352764606476,
                    -0.8624027371406555,
                    -3.476456642150879
                ],
                [
                    -7.450581485102248e-09,
                    0.9799988269805908,
                    0.19900314509868622,
                    0.802207350730896
                ],
                [
                    0.0,
                    0.0,
                    0.0,
                    1.0
                ]
            ]
        },
        {
            "file_path": "/data/shapenet_blender/all_50_random/02958343/a74409e07d1a9e1a2925dcb663974b0/r_30",
            "rotation": 0.12566370614359174,
            "transform_matrix": [
                [
                    -0.49243250489234924,
                    -0.3206773102283478,
                    -0.8091205954551697,
                    -3.261669635772705
                ],
                [
                    -0.8703505396842957,
                    0.18143486976623535,
                    0.45778945088386536,
                    1.8454084396362305
                ],
                [
                    0.0,
                    0.9296490550041199,
                    -0.36844611167907715,
                    -1.485253930091858
                ],
                [
                    0.0,
                    0.0,
                    0.0,
                    1.0
                ]
            ]
        },
        {
            "file_path": "/data/shapenet_blender/all_50_random/02958343/a74409e07d1a9e1a2925dcb663974b0/r_31",
            "rotation": 0.12566370614359174,
            "transform_matrix": [
                [
                    0.9947654008865356,
                    -0.012910733930766582,
                    -0.10136687010526657,
                    -0.4086229205131531
                ],
                [
                    -0.10218576341867447,
                    -0.12568433582782745,
                    -0.9867935180664062,
                    -3.9778919219970703
                ],
                [
                    0.0,
                    0.9919862747192383,
                    -0.1263457089662552,
                    -0.5093158483505249
                ],
                [
                    0.0,
                    0.0,
                    0.0,
                    1.0
                ]
            ]
        },
        {
            "file_path": "/data/shapenet_blender/all_50_random/02958343/a74409e07d1a9e1a2925dcb663974b0/r_32",
            "rotation": 0.12566370614359174,
            "transform_matrix": [
                [
                    0.3976835310459137,
                    -0.3981492519378662,
                    -0.8266345858573914,
                    -3.332271099090576
                ],
                [
                    -0.917522668838501,
                    -0.17257055640220642,
                    -0.35828977823257446,
                    -1.4443124532699585
                ],
                [
                    0.0,
                    0.9009419679641724,
                    -0.4339393973350525,
                    -1.7492659091949463
                ],
                [
                    0.0,
                    0.0,
                    0.0,
                    1.0
                ]
            ]
        },
        {
            "file_path": "/data/shapenet_blender/all_50_random/02958343/a74409e07d1a9e1a2925dcb663974b0/r_33",
            "rotation": 0.12566370614359174,
            "transform_matrix": [
                [
                    -0.897290050983429,
                    0.021622009575366974,
                    0.4409116208553314,
                    1.7773717641830444
                ],
                [
                    0.44144150614738464,
                    0.043949682265520096,
                    0.8962129950523376,
                    3.612750291824341
                ],
                [
                    0.0,
                    0.998799741268158,
                    -0.048980463296175,
                    -0.19744658470153809
                ],
                [
                    0.0,
                    0.0,
                    0.0,
                    1.0
                ]
            ]
        },
        {
            "file_path": "/data/shapenet_blender/all_50_random/02958343/a74409e07d1a9e1a2925dcb663974b0/r_34",
            "rotation": 0.12566370614359174,
            "transform_matrix": [
                [
                    -0.5692461133003235,
                    0.4497193694114685,
                    0.6882667541503906,
                    2.7744922637939453
                ],
                [
                    0.8221670389175415,
                    0.3113734722137451,
                    0.47653722763061523,
                    1.920983076095581
                ],
                [
                    1.4901160305669237e-08,
                    0.8371372222900391,
                    -0.5469926595687866,
                    -2.204998254776001
                ],
                [
                    0.0,
                    0.0,
                    0.0,
                    1.0
                ]
            ]
        },
        {
            "file_path": "/data/shapenet_blender/all_50_random/02958343/a74409e07d1a9e1a2925dcb663974b0/r_35",
            "rotation": 0.12566370614359174,
            "transform_matrix": [
                [
                    -0.8612930178642273,
                    -0.49325159192085266,
                    0.12197182327508926,
                    0.4916841387748718
                ],
                [
                    0.5081084966659546,
                    -0.8361091613769531,
                    0.20675402879714966,
                    0.8334521651268005
                ],
                [
                    7.450580596923828e-09,
                    0.24005065858364105,
                    0.9707602858543396,
                    3.913259983062744
                ],
                [
                    0.0,
                    0.0,
                    0.0,
                    1.0
                ]
            ]
        },
        {
            "file_path": "/data/shapenet_blender/all_50_random/02958343/a74409e07d1a9e1a2925dcb663974b0/r_36",
            "rotation": 0.12566370614359174,
            "transform_matrix": [
                [
                    0.9122666716575623,
                    -0.04983063042163849,
                    -0.4065544009208679,
                    -1.6388733386993408
                ],
                [
                    -0.40959686040878296,
                    -0.11098428815603256,
                    -0.9054903388023376,
                    -3.650148630142212
                ],
                [
                    0.0,
                    0.9925721287727356,
                    -0.12165772169828415,
                    -0.4904179871082306
                ],
                [
                    0.0,
                    0.0,
                    0.0,
                    1.0
                ]
            ]
        },
        {
            "file_path": "/data/shapenet_blender/all_50_random/02958343/a74409e07d1a9e1a2925dcb663974b0/r_37",
            "rotation": 0.12566370614359174,
            "transform_matrix": [
                [
                    -0.5626668334007263,
                    0.23684445023536682,
                    0.7920295000076294,
                    3.1927731037139893
                ],
                [
                    0.8266838788986206,
                    0.16120374202728271,
                    0.539080023765564,
                    2.1731011867523193
                ],
                [
                    -1.4901162970204496e-08,
                    0.9580804109573364,
                    -0.2864994406700134,
                    -1.1549161672592163
                ],
                [
                    0.0,
                    0.0,
                    0.0,
                    1.0
                ]
            ]
        },
        {
            "file_path": "/data/shapenet_blender/all_50_random/02958343/a74409e07d1a9e1a2925dcb663974b0/r_38",
            "rotation": 0.12566370614359174,
            "transform_matrix": [
                [
                    -0.7510290145874023,
                    0.018215946853160858,
                    0.6600179076194763,
                    2.6606173515319824
                ],
                [
                    0.6602692008018494,
                    0.02071988768875599,
                    0.7507430911064148,
                    3.0263421535491943
                ],
                [
                    0.0,
                    0.9996192455291748,
                    -0.02758866921067238,
                    -0.11121348291635513
                ],
                [
                    0.0,
                    0.0,
                    0.0,
                    1.0
                ]
            ]
        },
        {
            "file_path": "/data/shapenet_blender/all_50_random/02958343/a74409e07d1a9e1a2925dcb663974b0/r_39",
            "rotation": 0.12566370614359174,
            "transform_matrix": [
                [
                    -0.7796549797058105,
                    0.08083553612232208,
                    -0.6209700703620911,
                    -2.5032103061676025
                ],
                [
                    -0.6262093782424927,
                    -0.10064337402582169,
                    0.773131787776947,
                    3.116593837738037
                ],
                [
                    0.0,
                    0.9916332960128784,
                    0.12908706068992615,
                    0.5203666090965271
                ],
                [
                    0.0,
                    0.0,
                    0.0,
                    1.0
                ]
            ]
        },
        {
            "file_path": "/data/shapenet_blender/all_50_random/02958343/a74409e07d1a9e1a2925dcb663974b0/r_40",
            "rotation": 0.12566370614359174,
            "transform_matrix": [
                [
                    -0.6997143030166626,
                    0.6865015625953674,
                    -0.19777627289295197,
                    -0.797261655330658
                ],
                [
                    -0.7144228219985962,
                    -0.6723678708076477,
                    0.19370445609092712,
                    0.7808476686477661
                ],
                [
                    0.0,
                    0.27683353424072266,
                    0.9609178304672241,
                    3.8735837936401367
                ],
                [
                    0.0,
                    0.0,
                    0.0,
                    1.0
                ]
            ]
        },
        {
            "file_path": "/data/shapenet_blender/all_50_random/02958343/a74409e07d1a9e1a2925dcb663974b0/r_41",
            "rotation": 0.12566370614359174,
            "transform_matrix": [
                [
                    -0.9755781292915344,
                    0.08348767459392548,
                    -0.2031678706407547,
                    -0.8189959526062012
                ],
                [
                    -0.21965286135673523,
                    -0.37080663442611694,
                    0.902360737323761,
                    3.6375327110290527
                ],
                [
                    0.0,
                    0.9249498248100281,
                    0.38008907437324524,
