{
    "class": "02958343",
    "model": "b88a4c0cb2092fa52fa4ad29a1236d7",
    "remove_doubles": true,
    "edge_split": true,
    "denoise": true,
    "camera_angle_x": 0.6911112070083618,
    "scale_factor": 2.6573128936540504,
    "hdri_file": "/data/IndoorHDRDataset2018/9C4A5715-578fb8ea55.exr",
    "center_offset": [
        0.0,
        -1.862645149230957e-09,
        0.0
    ],
    "lights": [],
    "frames": [
        {
            "file_path": "/data/shapenet_blender/all_50_random/02958343/b88a4c0cb2092fa52fa4ad29a1236d7/r_0",
            "rotation": 0.12566370614359174,
            "transform_matrix": [
                [
                    0.9384056329727173,
                    -0.10300679504871368,
                    0.32982510328292847,
                    1.329567551612854
                ],
                [
                    0.3455358147621155,
                    0.2797456383705139,
                    -0.895738422870636,
                    -3.610836982727051
                ],
                [
                    7.450581485102248e-09,
                    0.9545322060585022,
                    0.29810747504234314,
                    1.2017096281051636
                ],
                [
                    0.0,
                    0.0,
                    0.0,
                    1.0
                ]
            ]
        },
        {
            "file_path": "/data/shapenet_blender/all_50_random/02958343/b88a4c0cb2092fa52fa4ad29a1236d7/r_1",
            "rotation": 0.12566370614359174,
            "transform_matrix": [
                [
                    0.19101300835609436,
                    -0.5800523161888123,
                    -0.7918668985366821,
                    -3.192117691040039
                ],
                [
                    -0.9815874695777893,
                    -0.11287587881088257,
                    -0.1540941447019577,
                    -0.6211734414100647
                ],
                [
                    -7.450580152834618e-09,
                    0.8067207336425781,
                    -0.5909328460693359,
                    -2.382126808166504
                ],
                [
                    0.0,
                    0.0,
                    0.0,
                    1.0
                ]
            ]
        },
        {
            "file_path": "/data/shapenet_blender/all_50_random/02958343/b88a4c0cb2092fa52fa4ad29a1236d7/r_2",
            "rotation": 0.12566370614359174,
            "transform_matrix": [
                [
                    0.7723149061203003,
                    -0.35315197706222534,
                    0.5280277729034424,
                    2.1285476684570312
                ],
                [
                    0.6352397799491882,
                    0.4293568432331085,
                    -0.6419681906700134,
                    -2.5878562927246094
                ],
                [
                    1.4901160305669237e-08,
                    0.8312256932258606,
                    0.5559349656105042,
                    2.2410452365875244
                ],
                [
                    0.0,
                    0.0,
                    0.0,
                    1.0
                ]
            ]
        },
        {
            "file_path": "/data/shapenet_blender/all_50_random/02958343/b88a4c0cb2092fa52fa4ad29a1236d7/r_3",
            "rotation": 0.12566370614359174,
            "transform_matrix": [
                [
                    -0.5022180676460266,
                    -0.35821041464805603,
                    -0.7870591878890991,
                    -3.1727373600006104
                ],
                [
                    -0.8647410273551941,
                    0.20803886651992798,
                    0.45710259675979614,
                    1.842639684677124
                ],
                [
                    0.0,
                    0.9101675152778625,
                    -0.41424012184143066,
                    -1.6698554754257202
                ],
                [
                    0.0,
                    0.0,
                    0.0,
                    1.0
                ]
            ]
        },
        {
            "file_path": "/data/shapenet_blender/all_50_random/02958343/b88a4c0cb2092fa52fa4ad29a1236d7/r_4",
            "rotation": 0.12566370614359174,
            "transform_matrix": [
                [
                    -0.7101430892944336,
                    0.28460097312927246,
                    0.6439713835716248,
                    2.5959317684173584
                ],
                [
                    0.7040574550628662,
                    0.2870609760284424,
                    0.6495376229286194,
                    2.6183698177337646
                ],
                [
                    -1.4901161193847656e-08,
                    0.9146574139595032,
                    -0.4042298197746277,
                    -1.629502534866333
                ],
                [
                    0.0,
                    0.0,
                    0.0,
                    1.0
                ]
            ]
        },
        {
            "file_path": "/data/shapenet_blender/all_50_random/02958343/b88a4c0cb2092fa52fa4ad29a1236d7/r_5",
            "rotation": 0.12566370614359174,
            "transform_matrix": [
                [
                    -0.8806253671646118,
                    0.06920967996120453,
                    -0.4687313139438629,
                    -1.8895163536071777
                ],
                [
                    -0.4738132655620575,
                    -0.12863251566886902,
                    0.8711800575256348,
                    3.5118391513824463
                ],
                [
                    3.725290298461914e-09,
                    0.9892743229866028,
                    0.1460695117712021,
                    0.5888250470161438
                ],
                [
                    0.0,
                    0.0,
                    0.0,
                    1.0
                ]
            ]
        },
        {
            "file_path": "/data/shapenet_blender/all_50_random/02958343/b88a4c0cb2092fa52fa4ad29a1236d7/r_6",
            "rotation": 0.12566370614359174,
            "transform_matrix": [
                [
                    0.9287673234939575,
                    -0.06138415262103081,
                    -0.36554527282714844,
                    -1.4735602140426636
                ],
                [
                    -0.37066346406936646,
                    -0.1538095921278,
                    -0.9159427881240845,
                    -3.6922836303710938
                ],
                [
                    0.0,
                    0.9861919283866882,
                    -0.16560618579387665,
                    -0.6675799489021301
                ],
                [
                    0.0,
                    0.0,
                    0.0,
                    1.0
                ]
            ]
        },
        {
            "file_path": "/data/shapenet_blender/all_50_random/02958343/b88a4c0cb2092fa52fa4ad29a1236d7/r_7",
            "rotation": 0.12566370614359174,
            "transform_matrix": [
                [
                    0.5643473863601685,
                    -0.40337103605270386,
                    -0.7202802896499634,
                    -2.903542995452881
                ],
                [
                    -0.8255375027656555,
                    -0.2757492959499359,
                    -0.49239233136177063,
                    -1.9848971366882324
                ],
                [
                    1.4901162970204496e-08,
                    0.8724986910820007,
                    -0.48861628770828247,
                    -1.9696754217147827
                ],
                [
                    0.0,
                    0.0,
                    0.0,
                    1.0
                ]
            ]
        },
        {
            "file_path": "/data/shapenet_blender/all_50_random/02958343/b88a4c0cb2092fa52fa4ad29a1236d7/r_8",
            "rotation": 0.12566370614359174,
            "transform_matrix": [
                [
                    0.2595379948616028,
                    -0.86952143907547,
                    -0.420205295085907,
                    -1.693901777267456
                ],
                [
                    -0.9657329320907593,
                    -0.23368144035339355,
                    -0.11292898654937744,
                    -0.45523130893707275
                ],
                [
                    -7.450580596923828e-09,
                    0.4351154565811157,
                    -0.9003746509552002,
                    -3.629526376724243
                ],
                [
                    0.0,
                    0.0,
                    0.0,
                    1.0
                ]
            ]
        },
        {
            "file_path": "/data/shapenet_blender/all_50_random/02958343/b88a4c0cb2092fa52fa4ad29a1236d7/r_9",
            "rotation": 0.12566370614359174,
            "transform_matrix": [
                [
                    0.9023362398147583,
                    -0.12079986929893494,
                    0.4137592613697052,
                    1.6679168939590454
                ],
                [
                    0.4310328960418701,
                    0.2528857886791229,
                    -0.8661751747131348,
                    -3.491663694381714
                ],
                [
                    0.0,
                    0.95992511510849,
                    0.2802567183971405,
                    1.1297509670257568
                ],
                [
                    0.0,
                    0.0,
                    0.0,
                    1.0
                ]
            ]
        },
        {
            "file_path": "/data/shapenet_blender/all_50_random/02958343/b88a4c0cb2092fa52fa4ad29a1236d7/r_10",
            "rotation": 0.12566370614359174,
            "transform_matrix": [
                [
                    0.3963508903980255,
                    -0.6175377368927002,
                    0.6793770790100098,
                    2.738656520843506
                ],
                [
                    0.9180991053581238,
                    0.26659607887268066,
                    -0.2932926118373871,
                    -1.182300329208374
                ],
                [
                    0.0,
                    0.7399821877479553,
                    0.6726264357566833,
                    2.7114439010620117
                ],
                [
                    0.0,
                    0.0,
                    0.0,
                    1.0
                ]
            ]
        },
        {
            "file_path": "/data/shapenet_blender/all_50_random/02958343/b88a4c0cb2092fa52fa4ad29a1236d7/r_11",
            "rotation": 0.12566370614359174,
            "transform_matrix": [
                [
                    0.4957376718521118,
                    0.541434109210968,
                    0.6790385246276855,
                    2.7372918128967285
                ],
                [
                    0.8684723377227783,
                    -0.30905911326408386,
                    -0.3876058757305145,
                    -1.5624892711639404
                ],
                [
                    0.0,
                    0.7818769216537476,
                    -0.6234327554702759,
                    -2.5131378173828125
                ],
                [
                    0.0,
                    0.0,
                    0.0,
                    1.0
                ]
            ]
        },
        {
            "file_path": "/data/shapenet_blender/all_50_random/02958343/b88a4c0cb2092fa52fa4ad29a1236d7/r_12",
            "rotation": 0.12566370614359174,
            "transform_matrix": [
                [
                    0.07159170508384705,
                    -0.008762757293879986,
                    -0.9973955154418945,
                    -4.0206298828125
                ],
                [
                    -0.9974340796470642,
                    -0.0006289546145126224,
                    -0.07158894091844559,
                    -0.28858426213264465
                ],
                [
                    0.0,
                    0.9999614357948303,
                    -0.008785299956798553,
                    -0.0354146771132946
                ],
                [
                    0.0,
                    0.0,
                    0.0,
                    1.0
                ]
            ]
        },
        {
            "file_path": "/data/shapenet_blender/all_50_random/02958343/b88a4c0cb2092fa52fa4ad29a1236d7/r_13",
            "rotation": 0.12566370614359174,
            "transform_matrix": [
                [
                    -0.030357496812939644,
                    0.31330376863479614,
                    0.9491675496101379,
                    3.82621693611145
                ],
                [
                    0.9995391368865967,
                    0.009515504352748394,
                    0.028827637434005737,
                    0.11620792746543884
                ],
                [
                    -9.313225746154785e-10,
                    0.9496052265167236,
                    -0.3134482204914093,
                    -1.2635502815246582
                ],
                [
                    0.0,
                    0.0,
                    0.0,
                    1.0
                ]
            ]
        },
        {
            "file_path": "/data/shapenet_blender/all_50_random/02958343/b88a4c0cb2092fa52fa4ad29a1236d7/r_14",
            "rotation": 0.12566370614359174,
            "transform_matrix": [
                [
                    0.09071201831102371,
                    0.8343512415885925,
                    0.5437180399894714,
                    2.1917974948883057
                ],
                [
                    0.9958771467208862,
                    -0.07599901407957077,
                    -0.049525950103998184,
                    -0.1996454894542694
                ],
                [
                    -3.7252898543727042e-09,
                    0.5459689497947693,
                    -0.8378053903579712,
                    -3.3773014545440674
                ],
                [
                    0.0,
                    0.0,
                    0.0,
                    1.0
                ]
            ]
        },
        {
            "file_path": "/data/shapenet_blender/all_50_random/02958343/b88a4c0cb2092fa52fa4ad29a1236d7/r_15",
            "rotation": 0.12566370614359174,
            "transform_matrix": [
                [
                    -0.9932108521461487,
                    0.019848443567752838,
                    0.11462254077196121,
                    0.46205827593803406
                ],
                [
                    0.11632837355136871,
                    0.16946586966514587,
                    0.978646457195282,
                    3.9450502395629883
                ],
                [
                    0.0,
                    0.985336184501648,
                    -0.1706242561340332,
                    -0.6878084540367126
                ],
                [
                    0.0,
                    0.0,
                    0.0,
                    1.0
                ]
            ]
        },
        {
            "file_path": "/data/shapenet_blender/all_50_random/02958343/b88a4c0cb2092fa52fa4ad29a1236d7/r_16",
            "rotation": 0.12566370614359174,
            "transform_matrix": [
                [
                    0.8182199001312256,
                    -0.09726142138242722,
                    -0.5666182637214661,
                    -2.284111261367798
                ],
                [
                    -0.5749052166938782,
                    -0.13842494785785675,
                    -0.8064256906509399,
                    -3.2508058547973633
                ],
                [
                    0.0,
                    0.9855853915214539,
                    -0.16917817294597626,
                    -0.6819790005683899
                ],
                [
                    0.0,
                    0.0,
                    0.0,
                    1.0
                ]
            ]
        },
        {
            "file_path": "/data/shapenet_blender/all_50_random/02958343/b88a4c0cb2092fa52fa4ad29a1236d7/r_17",
            "rotation": 0.12566370614359174,
            "transform_matrix": [
                [
                    0.7811137437820435,
                    -0.050853122025728226,
                    -0.6223143935203552,
                    -2.50862979888916
                ],
                [
                    -0.6243887543678284,
                    -0.0636175274848938,
                    -0.7785187363624573,
                    -3.1383097171783447
                ],
                [
                    0.0,
                    0.996677815914154,
                    -0.0814446434378624,
                    -0.3283138871192932
                ],
                [
                    0.0,
                    0.0,
                    0.0,
                    1.0
                ]
            ]
        },
        {
            "file_path": "/data/shapenet_blender/all_50_random/02958343/b88a4c0cb2092fa52fa4ad29a1236d7/r_18",
            "rotation": 0.12566370614359174,
            "transform_matrix": [
                [
                    0.11161167174577713,
                    -0.49281737208366394,
                    0.8629448413848877,
                    3.478641986846924
                ],
                [
                    0.9937518835067749,
                    0.05535000190138817,
                    -0.09692028164863586,
                    -0.3906981647014618
                ],
                [
                    -3.725290298461914e-09,
                    0.8683704733848572,
                    0.49591588973999023,
                    1.999100923538208
                ],
                [
                    0.0,
                    0.0,
                    0.0,
                    1.0
                ]
            ]
        },
        {
            "file_path": "/data/shapenet_blender/all_50_random/02958343/b88a4c0cb2092fa52fa4ad29a1236d7/r_19",
            "rotation": 0.12566370614359174,
            "transform_matrix": [
                [
                    -0.4842294156551361,
                    -0.8558169603347778,
                    0.18193159997463226,
                    0.7333897948265076
                ],
                [
                    0.8749411702156067,
                    -0.47364526987075806,
                    0.100688636302948,
                    0.4058889150619507
                ],
                [
                    0.0,
                    0.20793560147285461,
                    0.9781424403190613,
                    3.9430184364318848
                ],
                [
                    0.0,
                    0.0,
                    0.0,
                    1.0
                ]
            ]
        },
        {
            "file_path": "/data/shapenet_blender/all_50_random/02958343/b88a4c0cb2092fa52fa4ad29a1236d7/r_20",
            "rotation": 0.12566370614359174,
            "transform_matrix": [
                [
                    0.6766995191574097,
                    -0.05196348577737808,
                    0.7344232797622681,
                    2.960554599761963
                ],
                [
                    0.7362592220306396,
                    0.047759898006916046,
                    -0.6750121116638184,
                    -2.7210605144500732
                ],
                [
                    0.0,
                    0.9975062012672424,
                    0.0705777108669281,
                    0.2845078110694885
                ],
                [
                    0.0,
                    0.0,
                    0.0,
                    1.0
                ]
            ]
        },
        {
            "file_path": "/data/shapenet_blender/all_50_random/02958343/b88a4c0cb2092fa52fa4ad29a1236d7/r_21",
            "rotation": 0.12566370614359174,
            "transform_matrix": [
                [
                    0.9999998211860657,
                    3.740811735042371e-05,
                    -0.0005800861399620771,
                    -0.002338401973247528
                ],
                [
                    -0.0005812910385429859,
                    0.06435349583625793,
                    -0.9979269504547119,
                    -4.022772312164307
                ],
                [
                    0.0,
                    0.9979272484779358,
                    0.06435349583625793,
                    0.25941723585128784
                ],
                [
                    0.0,
                    0.0,
                    0.0,
                    1.0
                ]
            ]
        },
        {
            "file_path": "/data/shapenet_blender/all_50_random/02958343/b88a4c0cb2092fa52fa4ad29a1236d7/r_22",
            "rotation": 0.12566370614359174,
            "transform_matrix": [
                [
                    0.888020396232605,
                    -0.21123330295085907,
                    -0.40841197967529297,
                    -1.6463614702224731
                ],
                [
                    -0.4598042368888855,
                    -0.4079551100730896,
                    -0.7887665033340454,
                    -3.179619789123535
                ],
                [
                    0.0,
                    0.8882302045822144,
                    -0.45939841866493225,
                    -1.8518943786621094
                ],
                [
                    0.0,
                    0.0,
                    0.0,
                    1.0
                ]
            ]
        },
        {
            "file_path": "/data/shapenet_blender/all_50_random/02958343/b88a4c0cb2092fa52fa4ad29a1236d7/r_23",
            "rotation": 0.12566370614359174,
            "transform_matrix": [
                [
                    0.6049771904945374,
                    0.053409069776535034,
                    0.7944495677947998,
                    3.202528715133667
                ],
                [
                    0.7962428331375122,
                    -0.0405796654522419,
                    -0.6036146879196167,
                    -2.433248519897461
                ],
                [
                    0.0,
                    0.9977477788925171,
                    -0.06707636266946793,
                    -0.2703934609889984
                ],
                [
                    0.0,
                    0.0,
                    0.0,
                    1.0
                ]
            ]
        },
        {
            "file_path": "/data/shapenet_blender/all_50_random/02958343/b88a4c0cb2092fa52fa4ad29a1236d7/r_24",
            "rotation": 0.12566370614359174,
            "transform_matrix": [
                [
                    -0.7251281142234802,
                    0.0655858963727951,
                    -0.6854835152626038,
                    -2.763272523880005
                ],
                [
                    -0.6886139512062073,
                    -0.06906362622976303,
                    0.7218316793441772,
                    2.9097964763641357
                ],
                [
                    0.0,
                    0.9954538941383362,
                    0.09524334967136383,
                    0.3839382231235504
                ],
                [
                    0.0,
                    0.0,
                    0.0,
                    1.0
                ]
            ]
        },
        {
            "file_path": "/data/shapenet_blender/all_50_random/02958343/b88a4c0cb2092fa52fa4ad29a1236d7/r_25",
            "rotation": 0.12566370614359174,
            "transform_matrix": [
                [
                    -0.9914225339889526,
                    -0.0905037373304367,
                    0.09428951144218445,
                    0.38009318709373474
                ],
                [
                    0.13069599866867065,
                    -0.6865354776382446,
                    0.7152533531188965,
                    2.8832786083221436
                ],
                [
                    -7.450581485102248e-09,
                    0.7214416265487671,
                    0.6924752593040466,
                    2.791457176208496
                ],
                [
                    0.0,
                    0.0,
                    0.0,
                    1.0
                ]
            ]
        },
        {
            "file_path": "/data/shapenet_blender/all_50_random/02958343/b88a4c0cb2092fa52fa4ad29a1236d7/r_26",
            "rotation": 0.12566370614359174,
            "transform_matrix": [
                [
                    -0.5889126062393188,
                    -0.7033698558807373,
                    0.39806118607521057,
                    1.6046360731124878
                ],
                [
                    0.8081967830657959,
                    -0.5125278234481812,
                    0.29005715250968933,
                    1.1692578792572021
                ],
                [
                    -1.4901161193847656e-08,
                    0.49253007769584656,
                    0.8702954053878784,
                    3.508273124694824
                ],
                [
                    0.0,
                    0.0,
                    0.0,
                    1.0
                ]
            ]
        },
        {
            "file_path": "/data/shapenet_blender/all_50_random/02958343/b88a4c0cb2092fa52fa4ad29a1236d7/r_27",
            "rotation": 0.12566370614359174,
            "transform_matrix": [
                [
                    -0.803282618522644,
                    0.5607001185417175,
                    0.2008793205022812,
                    0.8097704648971558
                ],
                [
                    0.5955981016159058,
                    0.7562157511711121,
                    0.27092576026916504,
                    1.0921366214752197
                ],
                [
                    0.0,
                    0.3372732698917389,
                    -0.941406786441803,
                    -3.7949321269989014
                ],
                [
                    0.0,
                    0.0,
                    0.0,
                    1.0
                ]
            ]
        },
        {
            "file_path": "/data/shapenet_blender/all_50_random/02958343/b88a4c0cb2092fa52fa4ad29a1236d7/r_28",
            "rotation": 0.12566370614359174,
            "transform_matrix": [
                [
                    0.9565123915672302,
                    -0.24779446423053741,
                    -0.15388965606689453,
                    -0.6203490495681763
                ],
                [
                    -0.2916918396949768,
                    -0.8125646114349365,
                    -0.5046331286430359,
                    -2.034241199493408
                ],
                [
                    1.4901162970204496e-08,
                    0.5275760889053345,
                    -0.8495076894760132,
                    -3.4244749546051025
                ],
                [
                    0.0,
                    0.0,
                    0.0,
                    1.0
                ]
            ]
        },
        {
            "file_path": "/data/shapenet_blender/all_50_random/02958343/b88a4c0cb2092fa52fa4ad29a1236d7/r_29",
            "rotation": 0.12566370614359174,
            "transform_matrix": [
                [
                    -0.7164591550827026,
                    -0.31890514492988586,
                    -0.6204721331596375,
                    -2.5012032985687256
                ],
                [
                    -0.6976289749145508,
                    0.3275129199028015,
                    0.6372196674346924,
                    2.5687148571014404
                ],
                [
                    1.4901161193847656e-08,
                    0.8894012570381165,
                    -0.45712709426879883,
                    -1.842738389968872
                ],
                [
                    0.0,
                    0.0,
                    0.0,
                    1.0
                ]
            ]
        },
        {
            "file_path": "/data/shapenet_blender/all_50_random/02958343/b88a4c0cb2092fa52fa4ad29a1236d7/r_30",
            "rotation": 0.12566370614359174,
            "transform_matrix": [
                [
                    0.31982138752937317,
                    -0.35008135437965393,
                    0.8804301619529724,
                    3.5491275787353516
                ],
                [
                    0.9474779367446899,
                    0.11817005276679993,
                    -0.2971894145011902,
                    -1.1980088949203491
                ],
                [
                    -7.450581485102248e-09,
                    0.9292356371879578,
                    0.3694876432418823,
                    1.4894523620605469
                ],
                [
                    0.0,
                    0.0,
                    0.0,
                    1.0
                ]
            ]
        },
        {
            "file_path": "/data/shapenet_blender/all_50_random/02958343/b88a4c0cb2092fa52fa4ad29a1236d7/r_31",
            "rotation": 0.12566370614359174,
            "transform_matrix": [
                [
                    -0.5397133231163025,
                    -0.8238793015480042,
                    0.17301000654697418,
                    0.6974257230758667
                ],
                [
                    0.8418489098548889,
                    -0.528192937374115,
                    0.11091754585504532,
                    0.4471229612827301
                ],
                [
                    0.0,
                    0.20551180839538574,
                    0.9786545634269714,
                    3.945082902908325
                ],
                [
                    0.0,
                    0.0,
                    0.0,
                    1.0
                ]
            ]
        },
        {
            "file_path": "/data/shapenet_blender/all_50_random/02958343/b88a4c0cb2092fa52fa4ad29a1236d7/r_32",
            "rotation": 0.12566370614359174,
            "transform_matrix": [
                [
                    -0.9984961748123169,
                    0.013980697840452194,
                    -0.053008873015642166,
                    -0.21368560194969177
                ],
                [
                    -0.05482153221964836,
                    -0.2546384930610657,
                    0.965481162071228,
                    3.8919789791107178
                ],
                [
                    0.0,
                    0.9669351577758789,
                    0.2550220489501953,
                    1.028026819229126
                ],
                [
                    0.0,
                    0.0,
                    0.0,
                    1.0
                ]
            ]
        },
        {
            "file_path": "/data/shapenet_blender/all_50_random/02958343/b88a4c0cb2092fa52fa4ad29a1236d7/r_33",
            "rotation": 0.12566370614359174,
            "transform_matrix": [
                [
                    -0.9952645897865295,
                    0.039058197289705276,
                    0.08900971710681915,
                    0.3588096797466278
                ],
                [
                    0.09720223397016525,
                    0.3999212682247162,
                    0.9113805294036865,
                    3.6738927364349365
                ],
                [
                    0.0,
                    0.9157167673110962,
                    -0.401824027299881,
                    -1.6198046207427979
                ],
                [
                    0.0,
                    0.0,
                    0.0,
                    1.0
                ]
            ]
        },
        {
            "file_path": "/data/shapenet_blender/all_50_random/02958343/b88a4c0cb2092fa52fa4ad29a1236d7/r_34",
            "rotation": 0.12566370614359174,
            "transform_matrix": [
                [
                    -0.9999428391456604,
                    0.0026061832904815674,
                    -0.010370269417762756,
                    -0.04180389642715454
                ],
                [
                    -0.010692739859223366,
                    -0.24371998012065887,
                    0.9697866439819336,
                    3.909335136413574
                ],
                [
                    -2.3283064365386963e-10,
                    0.9698420763015747,
                    0.24373391270637512,
                    0.9825229048728943
                ],
                [
                    0.0,
                    0.0,
                    0.0,
                    1.0
                ]
            ]
        },
        {
            "file_path": "/data/shapenet_blender/all_50_random/02958343/b88a4c0cb2092fa52fa4ad29a1236d7/r_35",
            "rotation": 0.12566370614359174,
            "transform_matrix": [
                [
                    -0.5238587856292725,
                    0.24263405799865723,
                    0.8165172338485718,
                    3.2914867401123047
                ],
                [
                    0.8518050909042358,
                    0.1492195725440979,
                    0.5021568536758423,
                    2.024259328842163
                ],
                [
                    0.0,
                    0.9585729837417603,
                    -0.28484687209129333,
                    -1.148254632949829
                ],
                [
                    0.0,
                    0.0,
                    0.0,
                    1.0
                ]
            ]
        },
        {
            "file_path": "/data/shapenet_blender/all_50_random/02958343/b88a4c0cb2092fa52fa4ad29a1236d7/r_36",
            "rotation": 0.12566370614359174,
            "transform_matrix": [
                [
                    -0.33290907740592957,
                    -0.29290005564689636,
                    0.8963152170181274,
                    3.6131622791290283
                ],
                [
                    0.9429589509963989,
                    -0.10340757668018341,
                    0.3164416551589966,
                    1.2756171226501465
                ],
                [
                    0.0,
                    0.9505347013473511,
                    0.3106181025505066,
                    1.2521415948867798
                ],
                [
                    0.0,
                    0.0,
                    0.0,
                    1.0
                ]
            ]
        },
        {
            "file_path": "/data/shapenet_blender/all_50_random/02958343/b88a4c0cb2092fa52fa4ad29a1236d7/r_37",
            "rotation": 0.12566370614359174,
            "transform_matrix": [
                [
                    -0.18864808976650238,
                    -0.30834564566612244,
                    -0.9323811531066895,
                    -3.7585489749908447
                ],
                [
                    -0.9820448160171509,
                    0.05923234298825264,
                    0.17910781502723694,
                    0.7220067381858826
                ],
                [
                    3.725290742551124e-09,
                    0.9494284391403198,
                    -0.313983291387558,
                    -1.26570725440979
                ],
                [
                    0.0,
                    0.0,
                    0.0,
                    1.0
                ]
            ]
        },
        {
            "file_path": "/data/shapenet_blender/all_50_random/02958343/b88a4c0cb2092fa52fa4ad29a1236d7/r_38",
            "rotation": 0.12566370614359174,
            "transform_matrix": [
                [
                    -0.9938048720359802,
                    -0.04691623896360397,
                    -0.10075154155492783,
                    -0.4061424136161804
                ],
                [
                    -0.11113958805799484,
                    0.41952279210090637,
                    0.9009155035018921,
                    3.6317062377929688
                ],
                [
                    0.0,
                    0.9065316319465637,
                    -0.422137975692749,
                    -1.7016924619674683
                ],
                [
                    0.0,
                    0.0,
                    0.0,
                    1.0
                ]
            ]
        },
        {
            "file_path": "/data/shapenet_blender/all_50_random/02958343/b88a4c0cb2092fa52fa4ad29a1236d7/r_39",
            "rotation": 0.12566370614359174,
            "transform_matrix": [
                [
                    0.9532389044761658,
                    -0.057297661900520325,
                    -0.2967367470264435,
                    -1.1961841583251953
                ],
                [
                    -0.3022180497646332,
                    -0.18072499334812164,
                    -0.9359501004219055,
                    -3.7729358673095703
                ],
                [
                    3.725290742551124e-09,
                    0.981863260269165,
                    -0.1895904541015625,
                    -0.7642636299133301
                ],
                [
                    0.0,
                    0.0,
                    0.0,
                    1.0
                ]
            ]
        },
        {
            "file_path": "/data/shapenet_blender/all_50_random/02958343/b88a4c0cb2092fa52fa4ad29a1236d7/r_40",
            "rotation": 0.12566370614359174,
            "transform_matrix": [
                [
                    0.7949175238609314,
                    0.05575333535671234,
                    0.6041502952575684,
                    2.435408115386963
                ],
                [
                    0.6067174077033997,
                    -0.0730476826429367,
                    -0.7915540933609009,
                    -3.19085693359375
                ],
                [
                    -3.725290076417309e-09,
                    0.9957688450813293,
                    -0.09189340472221375,
                    -0.3704341948032379
                ],
                [
                    0.0,
                    0.0,
                    0.0,
                    1.0
                ]
            ]
        },
        {
            "file_path": "/data/shapenet_blender/all_50_random/02958343/b88a4c0cb2092fa52fa4ad29a1236d7/r_41",
            "rotation": 0.12566370614359174,
            "transform_matrix": [
                [
                    0.9047185182571411,
                    -0.3338508903980255,
                    -0.26462823152542114,
                    -1.0667506456375122
                ],
                [
                    -0.4260100722312927,
                    -0.7089998722076416,
                    -0.5619915723800659,
                    -2.265460729598999
                ],
                [
                    0.0,
