{
    "class": "02958343",
    "model": "dedd7ee03210ff8a1ccbd9e5bb82dd04",
    "remove_doubles": true,
    "edge_split": true,
    "denoise": true,
    "camera_angle_x": 0.6911112070083618,
    "scale_factor": 2.3315538966688965,
    "hdri_file": "/data/IndoorHDRDataset2018/9C4A9417-42204bc102.exr",
    "center_offset": [
        0.0,
        -3.725290298461914e-09,
        0.0
    ],
    "lights": [],
    "frames": [
        {
            "file_path": "/data/shapenet_blender/all_50_random/02958343/dedd7ee03210ff8a1ccbd9e5bb82dd04/r_0",
            "rotation": 0.12566370614359174,
            "transform_matrix": [
                [
                    -0.9319228529930115,
                    -0.015602150931954384,
                    0.36232081055641174,
                    1.460561990737915
                ],
                [
                    0.3626565933227539,
                    -0.04009302705526352,
                    0.9310599565505981,
                    3.753222942352295
                ],
                [
                    9.313225746154785e-10,
                    0.9990741014480591,
                    0.04302182421088219,
                    0.1734265387058258
                ],
                [
                    0.0,
                    0.0,
                    0.0,
                    1.0
                ]
            ]
        },
        {
            "file_path": "/data/shapenet_blender/all_50_random/02958343/dedd7ee03210ff8a1ccbd9e5bb82dd04/r_1",
            "rotation": 0.12566370614359174,
            "transform_matrix": [
                [
                    -0.8929230570793152,
                    -0.39835473895072937,
                    -0.2097662389278412,
                    -0.8455947637557983
                ],
                [
                    -0.4502093195915222,
                    0.790077269077301,
                    0.4160400629043579,
                    1.6771111488342285
                ],
                [
                    1.4901161193847656e-08,
                    0.46593037247657776,
                    -0.8848212957382202,
                    -3.566828727722168
                ],
                [
                    0.0,
                    0.0,
                    0.0,
                    1.0
                ]
            ]
        },
        {
            "file_path": "/data/shapenet_blender/all_50_random/02958343/dedd7ee03210ff8a1ccbd9e5bb82dd04/r_2",
            "rotation": 0.12566370614359174,
            "transform_matrix": [
                [
                    0.20541085302829742,
                    0.42283231019973755,
                    -0.882620632648468,
                    -3.557957649230957
                ],
                [
                    -0.9786758422851562,
                    0.0887468010187149,
                    -0.1852501630783081,
                    -0.7467672824859619
                ],
                [
                    0.0,
                    0.9018518924713135,
                    0.4320453107357025,
                    1.7416303157806396
                ],
                [
                    0.0,
                    0.0,
                    0.0,
                    1.0
                ]
            ]
        },
        {
            "file_path": "/data/shapenet_blender/all_50_random/02958343/dedd7ee03210ff8a1ccbd9e5bb82dd04/r_3",
            "rotation": 0.12566370614359174,
            "transform_matrix": [
                [
                    -0.42945992946624756,
                    -0.4098462760448456,
                    0.8047298789024353,
                    3.2439699172973633
                ],
                [
                    0.9030859470367432,
                    -0.1949012130498886,
                    0.38268694281578064,
                    1.5426603555679321
                ],
                [
                    1.4901162970204496e-08,
                    0.8910888433456421,
                    0.45382872223854065,
                    1.8294421434402466
                ],
                [
                    0.0,
                    0.0,
                    0.0,
                    1.0
                ]
            ]
        },
        {
            "file_path": "/data/shapenet_blender/all_50_random/02958343/dedd7ee03210ff8a1ccbd9e5bb82dd04/r_4",
            "rotation": 0.12566370614359174,
            "transform_matrix": [
                [
                    -0.5583404302597046,
                    0.6481886506080627,
                    -0.5177909135818481,
                    -2.087282180786133
                ],
                [
                    -0.8296119570732117,
                    -0.43623998761177063,
                    0.3484804928302765,
                    1.4047698974609375
                ],
                [
                    -1.4901161193847656e-08,
                    0.6241363286972046,
                    0.7813153862953186,
                    3.149583339691162
                ],
                [
                    0.0,
                    0.0,
                    0.0,
                    1.0
                ]
            ]
        },
        {
            "file_path": "/data/shapenet_blender/all_50_random/02958343/dedd7ee03210ff8a1ccbd9e5bb82dd04/r_5",
            "rotation": 0.12566370614359174,
            "transform_matrix": [
                [
                    -0.2322501689195633,
                    0.02378454990684986,
                    -0.9723653197288513,
                    -3.919729471206665
                ],
                [
                    -0.9726560711860657,
                    -0.005679259076714516,
                    0.23218074440956116,
                    0.9359503984451294
                ],
                [
                    0.0,
                    0.9997009634971619,
                    0.02445319853723049,
                    0.09857398271560669
                ],
                [
                    0.0,
                    0.0,
                    0.0,
                    1.0
                ]
            ]
        },
        {
            "file_path": "/data/shapenet_blender/all_50_random/02958343/dedd7ee03210ff8a1ccbd9e5bb82dd04/r_6",
            "rotation": 0.12566370614359174,
            "transform_matrix": [
                [
                    0.10953102260828018,
                    0.9681772589683533,
                    -0.2250242680311203,
                    -0.9071019291877747
                ],
                [
                    -0.9939834475517273,
                    0.10668732970952988,
                    -0.024796325713396072,
                    -0.09995719790458679
                ],
                [
                    0.0,
                    0.22638623416423798,
                    0.9740374684333801,
                    3.926470994949341
                ],
                [
                    0.0,
                    0.0,
                    0.0,
                    1.0
                ]
            ]
        },
        {
            "file_path": "/data/shapenet_blender/all_50_random/02958343/dedd7ee03210ff8a1ccbd9e5bb82dd04/r_7",
            "rotation": 0.12566370614359174,
            "transform_matrix": [
                [
                    -0.9965489506721497,
                    -0.014883113093674183,
                    -0.08166191726922989,
                    -0.3291897177696228
                ],
                [
                    -0.0830070823431015,
                    0.17868055403232574,
                    0.9803994297981262,
                    3.9521164894104004
                ],
                [
                    9.313225746154785e-10,
                    0.9837945103645325,
                    -0.17929933965206146,
                    -0.7227787375450134
                ],
                [
                    0.0,
                    0.0,
                    0.0,
                    1.0
                ]
            ]
        },
        {
            "file_path": "/data/shapenet_blender/all_50_random/02958343/dedd7ee03210ff8a1ccbd9e5bb82dd04/r_8",
            "rotation": 0.12566370614359174,
            "transform_matrix": [
                [
                    -0.9179125428199768,
                    0.029699446633458138,
                    -0.3956697881221771,
                    -1.5949959754943848
                ],
                [
                    -0.39678287506103516,
                    -0.06870633363723755,
                    0.9153375029563904,
                    3.6898434162139893
                ],
                [
                    -3.725290298461914e-09,
                    0.997194766998291,
                    0.07485062628984451,
                    0.30173254013061523
                ],
                [
                    0.0,
                    0.0,
                    0.0,
                    1.0
                ]
            ]
        },
        {
            "file_path": "/data/shapenet_blender/all_50_random/02958343/dedd7ee03210ff8a1ccbd9e5bb82dd04/r_9",
            "rotation": 0.12566370614359174,
            "transform_matrix": [
                [
                    -0.5016629695892334,
                    0.6629359126091003,
                    0.5557428002357483,
                    2.2402710914611816
                ],
                [
                    0.8650630712509155,
                    0.3844464421272278,
                    0.3222835659980774,
                    1.2991666793823242
                ],
                [
                    0.0,
                    0.6424304246902466,
                    -0.7663439512252808,
                    -3.089231491088867
                ],
                [
                    0.0,
                    0.0,
                    0.0,
                    1.0
                ]
            ]
        },
        {
            "file_path": "/data/shapenet_blender/all_50_random/02958343/dedd7ee03210ff8a1ccbd9e5bb82dd04/r_10",
            "rotation": 0.12566370614359174,
            "transform_matrix": [
                [
                    0.27862483263015747,
                    0.18141984939575195,
                    -0.9431091547012329,
                    -3.8017947673797607
                ],
                [
                    -0.9604000449180603,
                    0.05263231694698334,
                    -0.273608535528183,
                    -1.1029514074325562
                ],
                [
                    -3.725290298461914e-09,
                    0.9819961786270142,
                    0.18890029191970825,
                    0.7614814639091492
                ],
                [
                    0.0,
                    0.0,
                    0.0,
                    1.0
                ]
            ]
        },
        {
            "file_path": "/data/shapenet_blender/all_50_random/02958343/dedd7ee03210ff8a1ccbd9e5bb82dd04/r_11",
            "rotation": 0.12566370614359174,
            "transform_matrix": [
                [
                    -0.4235123097896576,
                    0.11026806384325027,
                    0.8991541862487793,
                    3.6246063709259033
                ],
                [
                    0.9058903455734253,
                    0.05155136063694954,
                    0.42036309838294983,
                    1.694537878036499
                ],
                [
                    3.725290298461914e-09,
                    0.9925639629364014,
                    -0.12172342091798782,
                    -0.49068281054496765
                ],
                [
                    0.0,
                    0.0,
                    0.0,
                    1.0
                ]
            ]
        },
        {
            "file_path": "/data/shapenet_blender/all_50_random/02958343/dedd7ee03210ff8a1ccbd9e5bb82dd04/r_12",
            "rotation": 0.12566370614359174,
            "transform_matrix": [
                [
                    0.18308515846729279,
                    -0.28264209628105164,
                    0.9415907859802246,
                    3.7956738471984863
                ],
                [
                    0.9830970168113708,
                    0.05263730138540268,
                    -0.17535533010959625,
                    -0.7068799734115601
                ],
                [
                    3.725290298461914e-09,
                    0.9577800035476685,
                    0.2875017523765564,
                    1.1589566469192505
                ],
                [
                    0.0,
                    0.0,
                    0.0,
                    1.0
                ]
            ]
        },
        {
            "file_path": "/data/shapenet_blender/all_50_random/02958343/dedd7ee03210ff8a1ccbd9e5bb82dd04/r_13",
            "rotation": 0.12566370614359174,
            "transform_matrix": [
                [
                    0.49499237537384033,
                    0.06024884432554245,
                    -0.8668059706687927,
                    -3.494206666946411
                ],
                [
                    -0.8688973188400269,
                    0.03432248905301094,
                    -0.4938009977340698,
                    -1.9905754327774048
                ],
                [
                    -1.862645149230957e-09,
                    0.997593104839325,
                    0.06933943182229996,
                    0.27951619029045105
                ],
                [
                    0.0,
                    0.0,
                    0.0,
                    1.0
                ]
            ]
        },
        {
            "file_path": "/data/shapenet_blender/all_50_random/02958343/dedd7ee03210ff8a1ccbd9e5bb82dd04/r_14",
            "rotation": 0.12566370614359174,
            "transform_matrix": [
                [
                    -0.30321839451789856,
                    -0.20830708742141724,
                    0.9298745393753052,
                    3.7484443187713623
                ],
                [
                    0.9529211521148682,
                    -0.06628306955099106,
                    0.29588496685028076,
                    1.1927505731582642
                ],
                [
                    3.725290298461914e-09,
                    0.9758148789405823,
                    0.21859845519065857,
                    0.8811986446380615
                ],
                [
                    0.0,
                    0.0,
                    0.0,
                    1.0
                ]
            ]
        },
        {
            "file_path": "/data/shapenet_blender/all_50_random/02958343/dedd7ee03210ff8a1ccbd9e5bb82dd04/r_15",
            "rotation": 0.12566370614359174,
            "transform_matrix": [
                [
                    0.36782315373420715,
                    0.48378294706344604,
                    -0.7941411733627319,
                    -3.2012853622436523
                ],
                [
                    -0.9298957586288452,
                    0.19136184453964233,
                    -0.3141250014305115,
                    -1.2662783861160278
                ],
                [
                    0.0,
                    0.8540109395980835,
                    0.5202550292015076,
                    2.097215175628662
                ],
                [
                    0.0,
                    0.0,
                    0.0,
                    1.0
                ]
            ]
        },
        {
            "file_path": "/data/shapenet_blender/all_50_random/02958343/dedd7ee03210ff8a1ccbd9e5bb82dd04/r_16",
            "rotation": 0.12566370614359174,
            "transform_matrix": [
                [
                    -0.9999619126319885,
                    0.0041290270164608955,
                    -0.007688457146286964,
                    -0.030993163585662842
                ],
                [
                    -0.008727040141820908,
                    -0.47311219573020935,
                    0.8809588551521301,
                    3.5512590408325195
                ],
                [
                    0.0,
                    0.8809924721717834,
                    0.47313016653060913,
                    1.907248854637146
                ],
                [
                    0.0,
                    0.0,
                    0.0,
                    1.0
                ]
            ]
        },
        {
            "file_path": "/data/shapenet_blender/all_50_random/02958343/dedd7ee03210ff8a1ccbd9e5bb82dd04/r_17",
            "rotation": 0.12566370614359174,
            "transform_matrix": [
                [
                    -0.8698804378509521,
                    0.33385586738586426,
                    0.3631092309951782,
                    1.4637402296066284
                ],
                [
                    0.49326270818710327,
                    0.5887627005577087,
                    0.6403517127037048,
                    2.5813405513763428
                ],
                [
                    0.0,
                    0.7361375689506531,
                    -0.6768317818641663,
                    -2.728396415710449
                ],
                [
                    0.0,
                    0.0,
                    0.0,
                    1.0
                ]
            ]
        },
        {
            "file_path": "/data/shapenet_blender/all_50_random/02958343/dedd7ee03210ff8a1ccbd9e5bb82dd04/r_18",
            "rotation": 0.12566370614359174,
            "transform_matrix": [
                [
                    -0.9639736413955688,
                    0.05401843786239624,
                    0.2604549527168274,
                    1.0499273538589478
                ],
                [
                    0.26599767804145813,
                    0.19576242566108704,
                    0.9438868761062622,
                    3.804929256439209
                ],
                [
                    3.7252898543727042e-09,
                    0.9791624546051025,
                    -0.20307862758636475,
                    -0.8186360597610474
                ],
                [
                    0.0,
                    0.0,
                    0.0,
                    1.0
                ]
            ]
        },
        {
            "file_path": "/data/shapenet_blender/all_50_random/02958343/dedd7ee03210ff8a1ccbd9e5bb82dd04/r_19",
            "rotation": 0.12566370614359174,
            "transform_matrix": [
                [
                    0.05616021528840065,
                    0.07283145934343338,
                    -0.9957617521286011,
                    -4.014044284820557
                ],
                [
                    -0.998421847820282,
                    0.004096695221960545,
                    -0.05601058527827263,
                    -0.22578591108322144
                ],
                [
                    -4.656613428188905e-10,
                    0.9973358511924744,
                    0.07294657081365585,
                    0.29405707120895386
                ],
                [
                    0.0,
                    0.0,
                    0.0,
                    1.0
                ]
            ]
        },
        {
            "file_path": "/data/shapenet_blender/all_50_random/02958343/dedd7ee03210ff8a1ccbd9e5bb82dd04/r_20",
            "rotation": 0.12566370614359174,
            "transform_matrix": [
                [
                    -0.9606438875198364,
                    -0.04558228328824043,
                    0.2740177512168884,
                    1.1046010255813599
                ],
                [
                    0.27778318524360657,
                    -0.1576349437236786,
                    0.9476220607757568,
                    3.8199870586395264
                ],
                [
                    0.0,
                    0.9864448308944702,
                    0.1640930026769638,
                    0.6614801287651062
                ],
                [
                    0.0,
                    0.0,
                    0.0,
                    1.0
                ]
            ]
        },
        {
            "file_path": "/data/shapenet_blender/all_50_random/02958343/dedd7ee03210ff8a1ccbd9e5bb82dd04/r_21",
            "rotation": 0.12566370614359174,
            "transform_matrix": [
                [
                    -0.7361494302749634,
                    -0.06095793843269348,
                    -0.6740683317184448,
                    -2.7172563076019287
                ],
                [
                    -0.6768189668655396,
                    0.06630156189203262,
                    0.7331576347351074,
                    2.9554529190063477
                ],
                [
                    3.725290076417309e-09,
                    0.9959359169006348,
                    -0.09006534516811371,
                    -0.36306503415107727
                ],
                [
                    0.0,
                    0.0,
                    0.0,
                    1.0
                ]
            ]
        },
        {
            "file_path": "/data/shapenet_blender/all_50_random/02958343/dedd7ee03210ff8a1ccbd9e5bb82dd04/r_22",
            "rotation": 0.12566370614359174,
            "transform_matrix": [
                [
                    -0.9746509790420532,
                    0.0967099592089653,
                    0.20174923539161682,
                    0.8132772445678711
                ],
                [
                    0.22373104095458984,
                    0.42130252718925476,
                    0.8788905143737793,
                    3.542921304702759
                ],
                [
                    7.450580596923828e-09,
                    0.9017490744590759,
                    -0.4322598874568939,
                    -1.7424954175949097
                ],
                [
                    0.0,
                    0.0,
                    0.0,
                    1.0
                ]
            ]
        },
        {
            "file_path": "/data/shapenet_blender/all_50_random/02958343/dedd7ee03210ff8a1ccbd9e5bb82dd04/r_23",
            "rotation": 0.12566370614359174,
            "transform_matrix": [
                [
                    -0.9994826316833496,
                    -0.0004616144287865609,
                    0.032160840928554535,
                    0.129644513130188
                ],
                [
                    0.032164156436920166,
                    -0.014344402588903904,
                    0.9993796348571777,
                    4.028628349304199
                ],
                [
                    2.9103830456733704e-11,
                    0.9998969435691833,
                    0.014351828023791313,
                    0.057854071259498596
                ],
                [
                    0.0,
                    0.0,
                    0.0,
                    1.0
                ]
            ]
        },
        {
            "file_path": "/data/shapenet_blender/all_50_random/02958343/dedd7ee03210ff8a1ccbd9e5bb82dd04/r_24",
            "rotation": 0.12566370614359174,
            "transform_matrix": [
                [
                    0.9845534563064575,
                    0.16525332629680634,
                    0.05784257501363754,
                    0.23317089676856995
                ],
                [
                    0.17508403956890106,
                    -0.9292721748352051,
                    -0.3252672553062439,
                    -1.3111944198608398
                ],
                [
                    -3.725290076417309e-09,
                    0.330370157957077,
                    -0.9438513517379761,
                    -3.8047866821289062
                ],
                [
                    0.0,
                    0.0,
                    0.0,
                    1.0
                ]
            ]
        },
        {
            "file_path": "/data/shapenet_blender/all_50_random/02958343/dedd7ee03210ff8a1ccbd9e5bb82dd04/r_25",
            "rotation": 0.12566370614359174,
            "transform_matrix": [
                [
                    0.9708905220031738,
                    0.18206985294818878,
                    0.1556350737810135,
                    0.627385139465332
                ],
                [
                    0.23952393233776093,
                    -0.7380051612854004,
                    -0.6308539509773254,
                    -2.5430538654327393
                ],
                [
                    7.450581485102248e-09,
                    0.6497685313224792,
                    -0.7601320743560791,
                    -3.064190626144409
                ],
                [
                    0.0,
                    0.0,
                    0.0,
                    1.0
                ]
            ]
        },
        {
            "file_path": "/data/shapenet_blender/all_50_random/02958343/dedd7ee03210ff8a1ccbd9e5bb82dd04/r_26",
            "rotation": 0.12566370614359174,
            "transform_matrix": [
                [
                    0.153236523270607,
                    -0.03977147117257118,
                    0.9873888492584229,
                    3.9802918434143066
                ],
                [
                    0.9881895184516907,
                    0.006167280953377485,
                    -0.15311236679553986,
                    -0.6172156929969788
                ],
                [
                    0.0,
                    0.9991897940635681,
                    0.04024680331349373,
                    0.16224005818367004
                ],
                [
                    0.0,
                    0.0,
                    0.0,
                    1.0
                ]
            ]
        },
        {
            "file_path": "/data/shapenet_blender/all_50_random/02958343/dedd7ee03210ff8a1ccbd9e5bb82dd04/r_27",
            "rotation": 0.12566370614359174,
            "transform_matrix": [
                [
                    -0.658275842666626,
                    -0.029596595093607903,
                    0.7521947026252747,
                    3.032193899154663
                ],
                [
                    0.7527768015861511,
                    -0.025881143286824226,
                    0.6577668786048889,
                    2.651543140411377
                ],
                [
                    0.0,
                    0.9992267489433289,
                    0.039316561073064804,
                    0.1584901213645935
                ],
                [
                    0.0,
                    0.0,
                    0.0,
                    1.0
                ]
            ]
        },
        {
            "file_path": "/data/shapenet_blender/all_50_random/02958343/dedd7ee03210ff8a1ccbd9e5bb82dd04/r_28",
            "rotation": 0.12566370614359174,
            "transform_matrix": [
                [
                    -0.5550886392593384,
                    0.5820313692092896,
                    0.5942356586456299,
                    2.3954405784606934
                ],
                [
                    0.8317912817001343,
                    0.38841357827186584,
                    0.3965579867362976,
                    1.5985764265060425
                ],
                [
                    -1.4901162970204496e-08,
                    0.714404821395874,
                    -0.6997326016426086,
                    -2.8207123279571533
                ],
                [
                    0.0,
                    0.0,
                    0.0,
                    1.0
                ]
            ]
        },
        {
            "file_path": "/data/shapenet_blender/all_50_random/02958343/dedd7ee03210ff8a1ccbd9e5bb82dd04/r_29",
            "rotation": 0.12566370614359174,
            "transform_matrix": [
                [
                    0.5101593732833862,
                    -0.1226881742477417,
                    -0.8512842655181885,
                    -3.4316368103027344
                ],
                [
                    -0.8600798845291138,
                    -0.07277291268110275,
                    -0.5049421787261963,
                    -2.035487174987793
                ],
                [
                    0.0,
                    0.9897735118865967,
                    -0.1426474153995514,
                    -0.5750302076339722
                ],
                [
                    0.0,
                    0.0,
                    0.0,
                    1.0
                ]
            ]
        },
        {
            "file_path": "/data/shapenet_blender/all_50_random/02958343/dedd7ee03210ff8a1ccbd9e5bb82dd04/r_30",
            "rotation": 0.12566370614359174,
            "transform_matrix": [
                [
                    -0.861824631690979,
                    0.05959261581301689,
                    0.5036932826042175,
                    2.0304524898529053
                ],
                [
                    0.5072062015533447,
                    0.10125739872455597,
                    0.8558555245399475,
                    3.450063943862915
                ],
                [
                    0.0,
                    0.9930738806724548,
                    -0.11749187111854553,
                    -0.4736248850822449
                ],
                [
                    0.0,
                    0.0,
                    0.0,
                    1.0
                ]
            ]
        },
        {
            "file_path": "/data/shapenet_blender/all_50_random/02958343/dedd7ee03210ff8a1ccbd9e5bb82dd04/r_31",
            "rotation": 0.12566370614359174,
            "transform_matrix": [
                [
                    -0.23316630721092224,
                    0.6542419791221619,
                    -0.719444751739502,
                    -2.900174856185913
                ],
                [
                    -0.9724369049072266,
                    -0.156871035695076,
                    0.17250503599643707,
                    0.6953901052474976
                ],
                [
                    -7.450580596923828e-09,
                    0.7398370504379272,
                    0.6727859973907471,
                    2.712087392807007
                ],
                [
                    0.0,
                    0.0,
                    0.0,
                    1.0
                ]
            ]
        },
        {
            "file_path": "/data/shapenet_blender/all_50_random/02958343/dedd7ee03210ff8a1ccbd9e5bb82dd04/r_32",
            "rotation": 0.12566370614359174,
            "transform_matrix": [
                [
                    0.8215845823287964,
                    0.5185721516609192,
                    -0.2368159145116806,
                    -0.954635500907898
                ],
                [
                    -0.5700867772102356,
                    0.747343897819519,
                    -0.34128889441490173,
                    -1.3757795095443726
                ],
                [
                    1.4901162970204496e-08,
                    0.4154033362865448,
                    0.9096373319625854,
                    3.666865348815918
                ],
                [
                    0.0,
                    0.0,
                    0.0,
                    1.0
                ]
            ]
        },
        {
            "file_path": "/data/shapenet_blender/all_50_random/02958343/dedd7ee03210ff8a1ccbd9e5bb82dd04/r_33",
            "rotation": 0.12566370614359174,
            "transform_matrix": [
                [
                    0.9092703461647034,
                    -0.0974016785621643,
                    -0.4046482741832733,
                    -1.6311894655227661
                ],
                [
                    -0.41620588302612305,
                    -0.21279002726078033,
                    -0.8840208649635315,
                    -3.5636024475097656
                ],
                [
                    0.0,
                    0.9722310900688171,
                    -0.23402279615402222,
                    -0.9433761239051819
                ],
                [
                    0.0,
                    0.0,
                    0.0,
                    1.0
                ]
            ]
        },
        {
            "file_path": "/data/shapenet_blender/all_50_random/02958343/dedd7ee03210ff8a1ccbd9e5bb82dd04/r_34",
            "rotation": 0.12566370614359174,
            "transform_matrix": [
                [
                    -0.9999305009841919,
                    -0.0010744404280558228,
                    0.011745878495275974,
                    0.04734915494918823
                ],
                [
                    0.011794919148087502,
                    -0.09108716249465942,
                    0.9957730174064636,
                    4.014089584350586
                ],
                [
                    0.0,
                    0.9958423376083374,
                    0.09109349548816681,
                    0.36720964312553406
                ],
                [
                    0.0,
                    0.0,
                    0.0,
                    1.0
                ]
            ]
        },
        {
            "file_path": "/data/shapenet_blender/all_50_random/02958343/dedd7ee03210ff8a1ccbd9e5bb82dd04/r_35",
            "rotation": 0.12566370614359174,
            "transform_matrix": [
                [
                    -0.998844563961029,
                    0.03418824449181557,
                    0.03377346694469452,
                    0.1361452043056488
                ],
                [
                    0.04805707558989525,
                    0.7105871438980103,
                    0.7019661664962769,
                    2.829716205596924
                ],
                [
                    0.0,
                    0.702778160572052,
                    -0.7114090323448181,
                    -2.867781639099121
                ],
                [
                    0.0,
                    0.0,
                    0.0,
                    1.0
                ]
            ]
        },
        {
            "file_path": "/data/shapenet_blender/all_50_random/02958343/dedd7ee03210ff8a1ccbd9e5bb82dd04/r_36",
            "rotation": 0.12566370614359174,
            "transform_matrix": [
                [
                    -0.9995381236076355,
                    -0.027660449966788292,
                    0.012593128718435764,
                    0.0507645308971405
                ],
                [
                    0.030392229557037354,
                    -0.9096955060958862,
                    0.41416221857070923,
                    1.6695414781570435
                ],
                [
                    -9.31322685637781e-10,
                    0.41435369849205017,
                    0.9101158380508423,
                    3.668794631958008
                ],
                [
                    0.0,
                    0.0,
                    0.0,
                    1.0
                ]
            ]
        },
        {
            "file_path": "/data/shapenet_blender/all_50_random/02958343/dedd7ee03210ff8a1ccbd9e5bb82dd04/r_37",
            "rotation": 0.12566370614359174,
            "transform_matrix": [
                [
                    0.987635612487793,
                    -0.0011546085588634014,
                    -0.1567627489566803,
                    -0.6319308280944824
                ],
                [
                    -0.15676699578762054,
                    -0.007274060510098934,
                    -0.9876088500022888,
                    -3.9811785221099854
                ],
                [
                    -1.1641530794914701e-10,
                    0.9999728798866272,
                    -0.00736512616276741,
                    -0.02968977391719818
                ],
                [
                    0.0,
                    0.0,
                    0.0,
                    1.0
                ]
            ]
        },
        {
            "file_path": "/data/shapenet_blender/all_50_random/02958343/dedd7ee03210ff8a1ccbd9e5bb82dd04/r_38",
            "rotation": 0.12566370614359174,
            "transform_matrix": [
                [
                    -0.5952273607254028,
                    0.08866750448942184,
                    0.798650324344635,
                    3.2194626331329346
                ],
                [
                    0.8035573363304138,
                    0.06567960232496262,
                    0.59159255027771,
                    2.3847861289978027
                ],
                [
                    3.725290298461914e-09,
                    0.9938935041427612,
                    -0.11034370958805084,
                    -0.44480976462364197
                ],
                [
                    0.0,
                    0.0,
                    0.0,
                    1.0
                ]
            ]
        },
        {
            "file_path": "/data/shapenet_blender/all_50_random/02958343/dedd7ee03210ff8a1ccbd9e5bb82dd04/r_39",
            "rotation": 0.12566370614359174,
            "transform_matrix": [
                [
                    -0.21203044056892395,
                    0.2530917525291443,
                    0.9439215064048767,
                    3.8050687313079834
                ],
                [
                    0.9772629737854004,
                    0.054911691695451736,
                    0.20479656755924225,
                    0.8255612850189209
                ],
                [
                    0.0,
                    0.9658825397491455,
                    -0.25898024439811707,
                    -1.0439826250076294
                ],
                [
                    0.0,
                    0.0,
                    0.0,
                    1.0
                ]
            ]
        },
        {
            "file_path": "/data/shapenet_blender/all_50_random/02958343/dedd7ee03210ff8a1ccbd9e5bb82dd04/r_40",
            "rotation": 0.12566370614359174,
            "transform_matrix": [
                [
                    0.23394684493541718,
                    -0.30799350142478943,
                    0.9221761226654053,
                    3.7174110412597656
                ],
                [
                    0.9722493290901184,
                    0.0741107240319252,
                    -0.22189800441265106,
                    -0.8944995403289795
                ],
                [
                    0.0,
                    0.948497474193573,
                    0.31678447127342224,
                    1.2769991159439087
                ],
                [
                    0.0,
                    0.0,
                    0.0,
                    1.0
                ]
            ]
        },
        {
            "file_path": "/data/shapenet_blender/all_50_random/02958343/dedd7ee03210ff8a1ccbd9e5bb82dd04/r_41",
            "rotation": 0.12566370614359174,
            "transform_matrix": [
                [
                    -0.2396196871995926,
                    -0.379537969827652,
                    0.8936067819595337,
                    3.6022446155548096
                ],
                [
                    0.970866858959198,
                    -0.09367378056049347,
