{
    "class": "02958343",
    "model": "119033fe083145e22f31600ac759c763",
    "remove_doubles": true,
    "edge_split": true,
    "denoise": true,
    "camera_angle_x": 0.6911112070083618,
    "scale_factor": 2.269830796486996,
    "hdri_file": "/data/IndoorHDRDataset2018/AG8A2468-019d743df7.exr",
    "center_offset": [
        0.0,
        -1.862645149230957e-09,
        -1.862645149230957e-09
    ],
    "lights": [],
    "frames": [
        {
            "file_path": "/data/shapenet_blender/all_50_random/02958343/119033fe083145e22f31600ac759c763/r_0",
            "rotation": 0.12566370614359174,
            "transform_matrix": [
                [
                    -0.8791545629501343,
                    -0.058927521109580994,
                    0.4728791117668152,
                    1.9062366485595703
                ],
                [
                    0.4765365421772003,
                    -0.10871443152427673,
                    0.8724070191383362,
                    3.516785144805908
                ],
                [
                    0.0,
                    0.9923247694969177,
                    0.12365793436765671,
                    0.49848106503486633
                ],
                [
                    0.0,
                    0.0,
                    0.0,
                    1.0
                ]
            ]
        },
        {
            "file_path": "/data/shapenet_blender/all_50_random/02958343/119033fe083145e22f31600ac759c763/r_1",
            "rotation": 0.12566370614359174,
            "transform_matrix": [
                [
                    -0.9954307675361633,
                    0.05977684631943703,
                    -0.07446152716875076,
                    -0.30016401410102844
                ],
                [
                    -0.09548714011907578,
                    -0.6231594681739807,
                    0.7762437462806702,
                    3.129138708114624
                ],
                [
                    0.0,
                    0.7798070311546326,
                    0.6260200142860413,
                    2.5235674381256104
                ],
                [
                    0.0,
                    0.0,
                    0.0,
                    1.0
                ]
            ]
        },
        {
            "file_path": "/data/shapenet_blender/all_50_random/02958343/119033fe083145e22f31600ac759c763/r_2",
            "rotation": 0.12566370614359174,
            "transform_matrix": [
                [
                    0.5290082693099976,
                    0.09515281766653061,
                    0.843265175819397,
                    3.399310827255249
                ],
                [
                    0.8486167788505554,
                    -0.05931609496474266,
                    -0.525672197341919,
                    -2.1190526485443115
                ],
                [
                    3.725290742551124e-09,
                    0.9936937689781189,
                    -0.11212697625160217,
                    -0.4519983232021332
                ],
                [
                    0.0,
                    0.0,
                    0.0,
                    1.0
                ]
            ]
        },
        {
            "file_path": "/data/shapenet_blender/all_50_random/02958343/119033fe083145e22f31600ac759c763/r_3",
            "rotation": 0.12566370614359174,
            "transform_matrix": [
                [
                    -0.9999687075614929,
                    -0.0002041649422608316,
                    -0.007909074425697327,
                    -0.03188249468803406
                ],
                [
                    -0.00791170820593834,
                    0.025804610922932625,
                    0.9996357560157776,
                    4.029660224914551
                ],
                [
                    0.0,
                    0.9996668696403503,
                    -0.02580542303621769,
                    -0.1040249764919281
                ],
                [
                    0.0,
                    0.0,
                    0.0,
                    1.0
                ]
            ]
        },
        {
            "file_path": "/data/shapenet_blender/all_50_random/02958343/119033fe083145e22f31600ac759c763/r_4",
            "rotation": 0.12566370614359174,
            "transform_matrix": [
                [
                    0.5342020392417908,
                    0.32517650723457336,
                    -0.7803129553794861,
                    -3.1455423831939697
                ],
                [
                    -0.8453569412231445,
                    0.20548714697360992,
                    -0.4930991530418396,
                    -1.9877463579177856
                ],
                [
                    1.4901162970204496e-08,
                    0.9230574369430542,
                    0.38466185331344604,
                    1.5506216287612915
                ],
                [
                    0.0,
                    0.0,
                    0.0,
                    1.0
                ]
            ]
        },
        {
            "file_path": "/data/shapenet_blender/all_50_random/02958343/119033fe083145e22f31600ac759c763/r_5",
            "rotation": 0.12566370614359174,
            "transform_matrix": [
                [
                    -0.3231410086154938,
                    0.33254680037498474,
                    -0.885998010635376,
                    -3.5715723037719727
                ],
                [
                    -0.9463507533073425,
                    -0.11355146020650864,
                    0.30253297090530396,
                    1.2195494174957275
                ],
                [
                    7.450580152834618e-09,
                    0.9362257122993469,
                    0.35139909386634827,
                    1.4165350198745728
                ],
                [
                    0.0,
                    0.0,
                    0.0,
                    1.0
                ]
            ]
        },
        {
            "file_path": "/data/shapenet_blender/all_50_random/02958343/119033fe083145e22f31600ac759c763/r_6",
            "rotation": 0.12566370614359174,
            "transform_matrix": [
                [
                    -0.32078859210014343,
                    0.9442919492721558,
                    -0.07353505492210388,
                    -0.29642927646636963
                ],
                [
                    -0.9471508264541626,
                    -0.3198203146457672,
                    0.024905435740947723,
                    0.1003970205783844
                ],
                [
                    -1.862645149230957e-09,
                    0.07763757556676865,
                    0.9969816207885742,
                    4.018961429595947
                ],
                [
                    0.0,
                    0.0,
                    0.0,
                    1.0
                ]
            ]
        },
        {
            "file_path": "/data/shapenet_blender/all_50_random/02958343/119033fe083145e22f31600ac759c763/r_7",
            "rotation": 0.12566370614359174,
            "transform_matrix": [
                [
                    0.7381231784820557,
                    -0.04500556364655495,
                    -0.6731632947921753,
                    -2.7136077880859375
                ],
                [
                    -0.6746660470962524,
                    -0.0492386519908905,
                    -0.7364790439605713,
                    -2.968841552734375
                ],
                [
                    0.0,
                    0.9977725148200989,
                    -0.06670791655778885,
                    -0.26890817284584045
                ],
                [
                    0.0,
                    0.0,
                    0.0,
                    1.0
                ]
            ]
        },
        {
            "file_path": "/data/shapenet_blender/all_50_random/02958343/119033fe083145e22f31600ac759c763/r_8",
            "rotation": 0.12566370614359174,
            "transform_matrix": [
                [
                    0.732485294342041,
                    -0.21807847917079926,
                    0.6449085474014282,
                    2.5997097492218018
                ],
                [
                    0.6807829141616821,
                    0.23464053869247437,
                    -0.693886399269104,
                    -2.7971458435058594
                ],
                [
                    0.0,
                    0.947304368019104,
                    0.320334792137146,
                    1.2913110256195068
                ],
                [
                    0.0,
                    0.0,
                    0.0,
                    1.0
                ]
            ]
        },
        {
            "file_path": "/data/shapenet_blender/all_50_random/02958343/119033fe083145e22f31600ac759c763/r_9",
            "rotation": 0.12566370614359174,
            "transform_matrix": [
                [
                    -0.9667762517929077,
                    0.15082396566867828,
                    0.206387460231781,
                    0.8319745063781738
                ],
                [
                    0.25562408566474915,
                    0.5704197883605957,
                    0.7805622220039368,
                    3.146547317504883
                ],
                [
                    0.0,
                    0.8073866367340088,
                    -0.5900225043296814,
                    -2.3784570693969727
                ],
                [
                    0.0,
                    0.0,
                    0.0,
                    1.0
                ]
            ]
        },
        {
            "file_path": "/data/shapenet_blender/all_50_random/02958343/119033fe083145e22f31600ac759c763/r_10",
            "rotation": 0.12566370614359174,
            "transform_matrix": [
                [
                    0.7975438237190247,
                    0.35860344767570496,
                    0.4851055443286896,
                    1.9555230140686035
                ],
                [
                    0.6032610535621643,
                    -0.4740931987762451,
                    -0.6413358449935913,
                    -2.5853075981140137
                ],
                [
                    -1.4901161193847656e-08,
                    0.8041387796401978,
                    -0.5944415926933289,
                    -2.396270751953125
                ],
                [
                    0.0,
                    0.0,
                    0.0,
                    1.0
                ]
            ]
        },
        {
            "file_path": "/data/shapenet_blender/all_50_random/02958343/119033fe083145e22f31600ac759c763/r_11",
            "rotation": 0.12566370614359174,
            "transform_matrix": [
                [
                    -0.6934540271759033,
                    -0.6484249830245972,
                    -0.3141123652458191,
                    -1.2662274837493896
                ],
                [
                    -0.7205009460449219,
                    0.6240837574005127,
                    0.3023209273815155,
                    1.2186946868896484
                ],
                [
                    -2.980232594040899e-08,
                    0.4359639286994934,
                    -0.8999640941619873,
                    -3.62787127494812
                ],
                [
                    0.0,
                    0.0,
                    0.0,
                    1.0
                ]
            ]
        },
        {
            "file_path": "/data/shapenet_blender/all_50_random/02958343/119033fe083145e22f31600ac759c763/r_12",
            "rotation": 0.12566370614359174,
            "transform_matrix": [
                [
                    -0.573062539100647,
                    -0.6794458031654358,
                    0.458205908536911,
                    1.8470871448516846
                ],
                [
                    0.8195116519927979,
                    -0.4751182496547699,
                    0.3204110860824585,
                    1.2916183471679688
                ],
                [
                    2.9802322387695312e-08,
                    0.5591206550598145,
                    0.8290862441062927,
                    3.342153549194336
                ],
                [
                    0.0,
                    0.0,
                    0.0,
                    1.0
                ]
            ]
        },
        {
            "file_path": "/data/shapenet_blender/all_50_random/02958343/119033fe083145e22f31600ac759c763/r_13",
            "rotation": 0.12566370614359174,
            "transform_matrix": [
                [
                    0.11909124255180359,
                    0.24948273599147797,
                    0.9610283970832825,
                    3.8740293979644775
                ],
                [
                    0.9928832650184631,
                    -0.029924171045422554,
                    -0.11527041345834732,
                    -0.4646699130535126
                ],
                [
                    0.0,
                    0.9679166674613953,
                    -0.25127094984054565,
                    -1.0129055976867676
                ],
                [
                    0.0,
                    0.0,
                    0.0,
                    1.0
                ]
            ]
        },
        {
            "file_path": "/data/shapenet_blender/all_50_random/02958343/119033fe083145e22f31600ac759c763/r_14",
            "rotation": 0.12566370614359174,
            "transform_matrix": [
                [
                    0.41681286692619324,
                    -0.7174637317657471,
                    0.5581333637237549,
                    2.2499074935913086
                ],
                [
                    0.9089922904968262,
                    0.328988641500473,
                    -0.2559286653995514,
                    -1.0316814184188843
                ],
                [
                    -1.4901160305669237e-08,
                    0.6140133142471313,
                    0.7892956733703613,
                    3.1817526817321777
                ],
                [
                    0.0,
                    0.0,
                    0.0,
                    1.0
                ]
            ]
        },
        {
            "file_path": "/data/shapenet_blender/all_50_random/02958343/119033fe083145e22f31600ac759c763/r_15",
            "rotation": 0.12566370614359174,
            "transform_matrix": [
                [
                    -0.9790961146354675,
                    -0.096282459795475,
                    0.17916618287563324,
                    0.722241997718811
                ],
                [
                    0.2033982276916504,
                    -0.46347400546073914,
                    0.8624505996704102,
                    3.476649522781372
                ],
                [
                    0.0,
                    0.8808640241622925,
                    0.473369300365448,
                    1.908212661743164
                ],
                [
                    0.0,
                    0.0,
                    0.0,
                    1.0
                ]
            ]
        },
        {
            "file_path": "/data/shapenet_blender/all_50_random/02958343/119033fe083145e22f31600ac759c763/r_16",
            "rotation": 0.12566370614359174,
            "transform_matrix": [
                [
                    0.8578506112098694,
                    -0.15623342990875244,
                    -0.489574670791626,
                    -1.9735386371612549
                ],
                [
                    -0.513899028301239,
                    -0.2608001232147217,
                    -0.8172459602355957,
                    -3.294423818588257
                ],
                [
                    0.0,
                    0.9526669383049011,
                    -0.30401578545570374,
                    -1.2255268096923828
                ],
                [
                    0.0,
                    0.0,
                    0.0,
                    1.0
                ]
            ]
        },
        {
            "file_path": "/data/shapenet_blender/all_50_random/02958343/119033fe083145e22f31600ac759c763/r_17",
            "rotation": 0.12566370614359174,
            "transform_matrix": [
                [
                    0.7397924661636353,
                    -0.41181159019470215,
                    -0.532088577747345,
                    -2.1449177265167236
                ],
                [
                    -0.672835111618042,
                    -0.4527931809425354,
                    -0.5850395560264587,
                    -2.358369827270508
                ],
                [
                    -1.4901161193847656e-08,
                    0.7908157706260681,
                    -0.6120542883872986,
                    -2.4672696590423584
                ],
                [
                    0.0,
                    0.0,
                    0.0,
                    1.0
                ]
            ]
        },
        {
            "file_path": "/data/shapenet_blender/all_50_random/02958343/119033fe083145e22f31600ac759c763/r_18",
            "rotation": 0.12566370614359174,
            "transform_matrix": [
                [
                    -0.9732382893562317,
                    -0.05280032381415367,
                    -0.22365030646324158,
                    -0.901563286781311
                ],
                [
                    -0.22979849576950073,
                    0.22361896932125092,
                    0.9471996426582336,
                    3.818284034729004
                ],
                [
                    3.725290298461914e-09,
                    0.9732455015182495,
                    -0.22976791858673096,
                    -0.9262241721153259
                ],
                [
                    0.0,
                    0.0,
                    0.0,
                    1.0
                ]
            ]
        },
        {
            "file_path": "/data/shapenet_blender/all_50_random/02958343/119033fe083145e22f31600ac759c763/r_19",
            "rotation": 0.12566370614359174,
            "transform_matrix": [
                [
                    -0.8017963767051697,
                    -0.3186139166355133,
                    0.5055765509605408,
                    2.0380442142486572
                ],
                [
                    0.5975971817970276,
                    -0.427484393119812,
                    0.6783322691917419,
                    2.7344448566436768
                ],
                [
                    -1.4901160305669237e-08,
                    0.8460155129432678,
                    0.5331582427024841,
                    2.1492295265197754
                ],
                [
                    0.0,
                    0.0,
                    0.0,
                    1.0
                ]
            ]
        },
        {
            "file_path": "/data/shapenet_blender/all_50_random/02958343/119033fe083145e22f31600ac759c763/r_20",
            "rotation": 0.12566370614359174,
            "transform_matrix": [
                [
                    -0.21358786523342133,
                    -0.0036264031659811735,
                    0.9769171476364136,
                    3.9380788803100586
                ],
                [
                    0.9769238233566284,
                    -0.0007928516715764999,
                    0.21358640491962433,
                    0.8609943389892578
                ],
                [
                    -5.8207653974573503e-11,
                    0.999993085861206,
                    0.0037120631895959377,
                    0.014963805675506592
                ],
                [
                    0.0,
                    0.0,
                    0.0,
                    1.0
                ]
            ]
        },
        {
            "file_path": "/data/shapenet_blender/all_50_random/02958343/119033fe083145e22f31600ac759c763/r_21",
            "rotation": 0.12566370614359174,
            "transform_matrix": [
                [
                    0.449674516916275,
                    0.7798050045967102,
                    0.4355420470237732,
                    1.7557260990142822
                ],
                [
                    0.8931924700737,
                    -0.3925900161266327,
                    -0.21927207708358765,
                    -0.8839139938354492
                ],
                [
                    0.0,
                    0.48762404918670654,
                    -0.8730537295341492,
                    -3.5193920135498047
                ],
                [
                    0.0,
                    0.0,
                    0.0,
                    1.0
                ]
            ]
        },
        {
            "file_path": "/data/shapenet_blender/all_50_random/02958343/119033fe083145e22f31600ac759c763/r_22",
            "rotation": 0.12566370614359174,
            "transform_matrix": [
                [
                    0.48094794154167175,
                    0.3348221778869629,
                    0.8102981448173523,
                    3.266416549682617
                ],
                [
                    0.8767492175102234,
                    -0.18366944789886475,
                    -0.44449564814567566,
                    -1.7918193340301514
                ],
                [
                    1.4901162970204496e-08,
                    0.9242075085639954,
                    -0.3818904757499695,
                    -1.5394498109817505
                ],
                [
                    0.0,
                    0.0,
                    0.0,
                    1.0
                ]
            ]
        },
        {
            "file_path": "/data/shapenet_blender/all_50_random/02958343/119033fe083145e22f31600ac759c763/r_23",
            "rotation": 0.12566370614359174,
            "transform_matrix": [
                [
                    -0.3255182206630707,
                    0.07235122472047806,
                    -0.9427635073661804,
                    -3.800401449203491
                ],
                [
                    -0.9455358386039734,
                    -0.024908248335123062,
                    0.32456377148628235,
                    1.3083585500717163
                ],
                [
                    0.0,
                    0.9970681667327881,
                    0.07651874423027039,
                    0.3084569573402405
                ],
                [
                    0.0,
                    0.0,
                    0.0,
                    1.0
                ]
            ]
        },
        {
            "file_path": "/data/shapenet_blender/all_50_random/02958343/119033fe083145e22f31600ac759c763/r_24",
            "rotation": 0.12566370614359174,
            "transform_matrix": [
                [
                    -0.9999891519546509,
                    0.0033106866758316755,
                    0.003268827684223652,
                    0.013177067041397095
                ],
                [
                    0.004652513191103935,
                    0.7115833163261414,
                    0.70258629322052,
                    2.832216262817383
                ],
                [
                    0.0,
                    0.7025938630104065,
                    -0.7115909457206726,
                    -2.8685150146484375
                ],
                [
                    0.0,
                    0.0,
                    0.0,
                    1.0
                ]
            ]
        },
        {
            "file_path": "/data/shapenet_blender/all_50_random/02958343/119033fe083145e22f31600ac759c763/r_25",
            "rotation": 0.12566370614359174,
            "transform_matrix": [
                [
                    0.79554283618927,
                    0.18563136458396912,
                    0.5767603516578674,
                    2.324995517730713
                ],
                [
                    0.6058973073959351,
                    -0.24373386800289154,
                    -0.757286012172699,
                    -3.052717685699463
                ],
                [
                    0.0,
                    0.9519110321998596,
                    -0.30637428164482117,
                    -1.2350343465805054
                ],
                [
                    0.0,
                    0.0,
                    0.0,
                    1.0
                ]
            ]
        },
        {
            "file_path": "/data/shapenet_blender/all_50_random/02958343/119033fe083145e22f31600ac759c763/r_26",
            "rotation": 0.12566370614359174,
            "transform_matrix": [
                [
                    -0.6902246475219727,
                    0.05786305293440819,
                    -0.7212778329849243,
                    -2.9075639247894287
                ],
                [
                    -0.723595142364502,
                    -0.05519455298781395,
                    0.6880142688751221,
                    2.7734742164611816
                ],
                [
                    0.0,
                    0.996797502040863,
                    0.07996606826782227,
                    0.3223535418510437
                ],
                [
                    0.0,
                    0.0,
                    0.0,
                    1.0
                ]
            ]
        },
        {
            "file_path": "/data/shapenet_blender/all_50_random/02958343/119033fe083145e22f31600ac759c763/r_27",
            "rotation": 0.12566370614359174,
            "transform_matrix": [
                [
                    -0.9948310256004333,
                    0.049914516508579254,
                    0.0884297639131546,
                    0.3564717769622803
                ],
                [
                    0.10154449194669724,
                    0.48901236057281494,
                    0.8663461208343506,
                    3.4923529624938965
                ],
                [
                    0.0,
                    0.8708474636077881,
                    -0.4915532171726227,
                    -1.9815144538879395
                ],
                [
                    0.0,
                    0.0,
                    0.0,
                    1.0
                ]
            ]
        },
        {
            "file_path": "/data/shapenet_blender/all_50_random/02958343/119033fe083145e22f31600ac759c763/r_28",
            "rotation": 0.12566370614359174,
            "transform_matrix": [
                [
                    -0.725915253162384,
                    0.30660492181777954,
                    0.6156625747680664,
                    2.4818148612976074
                ],
                [
                    0.6877840161323547,
                    0.3236033320426941,
                    0.6497953534126282,
                    2.61940860748291
                ],
                [
                    -1.4901160305669237e-08,
                    0.895139217376709,
                    -0.44578665494918823,
                    -1.7970232963562012
                ],
                [
                    0.0,
                    0.0,
                    0.0,
                    1.0
                ]
            ]
        },
        {
            "file_path": "/data/shapenet_blender/all_50_random/02958343/119033fe083145e22f31600ac759c763/r_29",
            "rotation": 0.12566370614359174,
            "transform_matrix": [
                [
                    0.30842238664627075,
                    0.05370444059371948,
                    0.9497324228286743,
                    3.828493356704712
                ],
                [
                    0.9512495398521423,
                    -0.017412519082427025,
                    -0.30793046951293945,
                    -1.241307258605957
                ],
                [
                    0.0,
                    0.9984050989151001,
                    -0.05645674094557762,
                    -0.2275843769311905
                ],
                [
                    0.0,
                    0.0,
                    0.0,
                    1.0
                ]
            ]
        },
        {
            "file_path": "/data/shapenet_blender/all_50_random/02958343/119033fe083145e22f31600ac759c763/r_30",
            "rotation": 0.12566370614359174,
            "transform_matrix": [
                [
                    0.6045044660568237,
                    -0.715951681137085,
                    0.34926703572273254,
                    1.4079406261444092
                ],
                [
                    0.7966018319129944,
                    0.5433028340339661,
                    -0.2650426924228668,
                    -1.0684213638305664
                ],
                [
                    0.0,
                    0.43844619393348694,
                    0.89875727891922,
                    3.623006820678711
                ],
                [
                    0.0,
                    0.0,
                    0.0,
                    1.0
                ]
            ]
        },
        {
            "file_path": "/data/shapenet_blender/all_50_random/02958343/119033fe083145e22f31600ac759c763/r_31",
            "rotation": 0.12566370614359174,
            "transform_matrix": [
                [
                    0.9516453742980957,
                    -0.1536506861448288,
                    -0.2660125195980072,
                    -1.0723308324813843
                ],
                [
                    -0.30719900131225586,
                    -0.47598129510879517,
                    -0.8240573406219482,
                    -3.3218815326690674
                ],
                [
                    0.0,
                    0.8659290075302124,
                    -0.500166654586792,
                    -2.0162365436553955
                ],
                [
                    0.0,
                    0.0,
                    0.0,
                    1.0
                ]
            ]
        },
        {
            "file_path": "/data/shapenet_blender/all_50_random/02958343/119033fe083145e22f31600ac759c763/r_32",
            "rotation": 0.12566370614359174,
            "transform_matrix": [
                [
                    -0.36896681785583496,
                    -0.47800174355506897,
                    0.7971058487892151,
                    3.2132365703582764
                ],
                [
                    0.9294425845146179,
                    -0.18975543975830078,
                    0.31643226742744446,
                    1.2755792140960693
                ],
                [
                    -1.4901161193847656e-08,
                    0.8576171398162842,
                    0.514288604259491,
                    2.0731637477874756
                ],
                [
                    0.0,
                    0.0,
                    0.0,
                    1.0
                ]
            ]
        },
        {
            "file_path": "/data/shapenet_blender/all_50_random/02958343/119033fe083145e22f31600ac759c763/r_33",
            "rotation": 0.12566370614359174,
            "transform_matrix": [
                [
                    -0.25401991605758667,
                    -0.56214839220047,
                    0.7870597243309021,
                    3.172739267349243
                ],
                [
                    0.9671989679336548,
                    -0.14763960242271423,
                    0.2067091017961502,
                    0.8332710266113281
                ],
                [
                    -7.450580596923828e-09,
                    0.8137516975402832,
                    0.5812127590179443,
                    2.3429436683654785
                ],
                [
                    0.0,
                    0.0,
                    0.0,
                    1.0
                ]
            ]
        },
        {
            "file_path": "/data/shapenet_blender/all_50_random/02958343/119033fe083145e22f31600ac759c763/r_34",
            "rotation": 0.12566370614359174,
            "transform_matrix": [
                [
                    -0.08289388567209244,
                    0.08390169590711594,
                    0.9930201768875122,
                    4.002992630004883
                ],
                [
                    0.996558427810669,
                    0.006978956516832113,
                    0.08259957283735275,
                    0.3329695463180542
                ],
                [
                    0.0,
                    0.9964495301246643,
                    -0.0841914564371109,
                    -0.33938664197921753
                ],
                [
                    0.0,
                    0.0,
                    0.0,
                    1.0
                ]
            ]
        },
        {
            "file_path": "/data/shapenet_blender/all_50_random/02958343/119033fe083145e22f31600ac759c763/r_35",
            "rotation": 0.12566370614359174,
            "transform_matrix": [
                [
                    0.8292474150657654,
                    0.13663987815380096,
                    0.5419210195541382,
                    2.184553384780884
                ],
                [
                    0.5588817596435547,
                    -0.20274102687835693,
                    -0.8040816187858582,
                    -3.241356611251831
                ],
                [
                    0.0,
                    0.9696522951126099,
                    -0.24448800086975098,
                    -0.9855626821517944
                ],
                [
                    0.0,
                    0.0,
                    0.0,
                    1.0
                ]
            ]
        },
        {
            "file_path": "/data/shapenet_blender/all_50_random/02958343/119033fe083145e22f31600ac759c763/r_36",
            "rotation": 0.12566370614359174,
            "transform_matrix": [
                [
                    -0.3110961616039276,
                    0.170826256275177,
                    0.9348998069763184,
                    3.7687015533447266
                ],
                [
                    0.9503784775733948,
                    0.0559181310236454,
                    0.30602937936782837,
                    1.233643889427185
                ],
                [
                    3.725290298461914e-09,
                    0.9837131500244141,
                    -0.17974549531936646,
                    -0.7245772480964661
                ],
                [
                    0.0,
                    0.0,
                    0.0,
                    1.0
                ]
            ]
        },
        {
            "file_path": "/data/shapenet_blender/all_50_random/02958343/119033fe083145e22f31600ac759c763/r_37",
            "rotation": 0.12566370614359174,
            "transform_matrix": [
                [
                    -0.7245008945465088,
                    -0.5700253844261169,
                    -0.3875170946121216,
                    -1.562131404876709
                ],
                [
                    -0.6892738938331604,
                    0.5991578698158264,
                    0.4073220491409302,
                    1.6419676542282104
                ],
                [
                    0.0,
                    0.5622105002403259,
                    -0.8269940614700317,
                    -3.3337197303771973
                ],
                [
                    0.0,
                    0.0,
                    0.0,
                    1.0
                ]
            ]
        },
        {
            "file_path": "/data/shapenet_blender/all_50_random/02958343/119033fe083145e22f31600ac759c763/r_38",
            "rotation": 0.12566370614359174,
            "transform_matrix": [
                [
                    0.6384937763214111,
                    -0.4040795564651489,
                    -0.6550155282020569,
                    -2.6404519081115723
                ],
                [
                    -0.7696269154548645,
                    -0.3352303206920624,
                    -0.5434104800224304,
                    -2.1905577182769775
                ],
                [
                    0.0,
                    0.8510818481445312,
                    -0.5250329971313477,
                    -2.1164755821228027
                ],
                [
                    0.0,
                    0.0,
                    0.0,
                    1.0
                ]
            ]
        },
        {
            "file_path": "/data/shapenet_blender/all_50_random/02958343/119033fe083145e22f31600ac759c763/r_39",
            "rotation": 0.12566370614359174,
            "transform_matrix": [
                [
                    0.3172861635684967,
                    0.3878975212574005,
                    -0.8653697967529297,
                    -3.488417387008667
                ],
                [
                    -0.9483298063278198,
                    0.12978027760982513,
                    -0.2895299196243286,
                    -1.1671326160430908
                ],
                [
                    -7.4505797087454084e-09,
                    0.9125198721885681,
                    0.40903231501579285,
                    1.6488621234893799
                ],
                [
                    0.0,
                    0.0,
                    0.0,
                    1.0
                ]
            ]
        },
        {
            "file_path": "/data/shapenet_blender/all_50_random/02958343/119033fe083145e22f31600ac759c763/r_40",
            "rotation": 0.12566370614359174,
            "transform_matrix": [
                [
                    0.33278223872184753,
                    -0.4198603928089142,
                    0.8443774580955505,
                    3.403794288635254
                ],
                [
                    0.94300377368927,
                    0.14816702902317047,
                    -0.29797738790512085,
                    -1.2011852264404297
                ],
                [
                    0.0,
                    0.8954126238822937,
                    0.44523727893829346,
                    1.7948088645935059
                ],
                [
                    0.0,
                    0.0,
                    0.0,
                    1.0
                ]
            ]
        },
        {
            "file_path": "/data/shapenet_blender/all_50_random/02958343/119033fe083145e22f31600ac759c763/r_41",
            "rotation": 0.12566370614359174,
            "transform_matrix": [
                [
                    0.8262488842010498,
                    -0.5104233622550964,
                    -0.23828713595867157,
                    -0.9605661630630493
                ],
                [
                    -0.5633052587509155,
                    -0.7486823797225952,
                    -0.34951645135879517,
                    -1.408945918083191
                ],
                [
                    -1.4901161193847656e-08,
