{
    "class": "02958343",
    "model": "3870022ab97149605697f65a2d559457",
    "remove_doubles": true,
    "edge_split": true,
    "denoise": true,
    "camera_angle_x": 0.6911112070083618,
    "scale_factor": 2.2777797954151873,
    "hdri_file": "/data/IndoorHDRDataset2018/AG8A3627-836c537a59.exr",
    "center_offset": [
        0.0,
        -1.862645149230957e-09,
        -3.725290298461914e-09
    ],
    "lights": [],
    "frames": [
        {
            "file_path": "/data/shapenet_blender/all_50_random/02958343/3870022ab97149605697f65a2d559457/r_0",
            "rotation": 0.12566370614359174,
            "transform_matrix": [
                [
                    -0.4985353350639343,
                    -0.006470249965786934,
                    0.8668452501296997,
                    3.4943649768829346
                ],
                [
                    0.8668693900108337,
                    -0.0037210313603281975,
                    0.49852144718170166,
                    2.0096042156219482
                ],
                [
                    0.0,
                    0.9999721050262451,
                    0.007463926915079355,
                    0.03008805215358734
                ],
                [
                    0.0,
                    0.0,
                    0.0,
                    1.0
                ]
            ]
        },
        {
            "file_path": "/data/shapenet_blender/all_50_random/02958343/3870022ab97149605697f65a2d559457/r_1",
            "rotation": 0.12566370614359174,
            "transform_matrix": [
                [
                    0.8739527463912964,
                    0.20069445669651031,
                    0.4426378309726715,
                    1.784330129623413
                ],
                [
                    0.4860108196735382,
                    -0.3608921468257904,
                    -0.7959587574005127,
                    -3.2086124420166016
                ],
                [
                    0.0,
                    0.9107571840286255,
                    -0.41294237971305847,
                    -1.6646239757537842
                ],
                [
                    0.0,
                    0.0,
                    0.0,
                    1.0
                ]
            ]
        },
        {
            "file_path": "/data/shapenet_blender/all_50_random/02958343/3870022ab97149605697f65a2d559457/r_2",
            "rotation": 0.12566370614359174,
            "transform_matrix": [
                [
                    -0.9972500801086426,
                    0.06488754600286484,
                    0.03580291196703911,
                    0.1443261355161667
                ],
                [
                    0.07410966604948044,
                    0.8731534481048584,
                    0.481778621673584,
                    1.9421114921569824
                ],
                [
                    -3.7252898543727042e-09,
                    0.48310723900794983,
                    -0.8755613565444946,
                    -3.5295002460479736
                ],
                [
                    0.0,
                    0.0,
                    0.0,
                    1.0
                ]
            ]
        },
        {
            "file_path": "/data/shapenet_blender/all_50_random/02958343/3870022ab97149605697f65a2d559457/r_3",
            "rotation": 0.12566370614359174,
            "transform_matrix": [
                [
                    0.12799906730651855,
                    0.7045759558677673,
                    0.6979892253875732,
                    2.8136844635009766
                ],
                [
                    0.991774320602417,
                    -0.09093304723501205,
                    -0.09008295089006424,
                    -0.3631359934806824
                ],
                [
                    0.0,
                    0.7037782669067383,
                    -0.7104197144508362,
                    -2.86379337310791
                ],
                [
                    0.0,
                    0.0,
                    0.0,
                    1.0
                ]
            ]
        },
        {
            "file_path": "/data/shapenet_blender/all_50_random/02958343/3870022ab97149605697f65a2d559457/r_4",
            "rotation": 0.12566370614359174,
            "transform_matrix": [
                [
                    0.2940045893192291,
                    0.12421917915344238,
                    -0.947697639465332,
                    -3.820291519165039
                ],
                [
                    -0.9558039903640747,
                    0.03820972517132759,
                    -0.29151108860969543,
                    -1.1751189231872559
                ],
                [
                    -3.725290076417309e-09,
                    0.9915187954902649,
                    0.12996302545070648,
                    0.5238977670669556
                ],
                [
                    0.0,
                    0.0,
                    0.0,
                    1.0
                ]
            ]
        },
        {
            "file_path": "/data/shapenet_blender/all_50_random/02958343/3870022ab97149605697f65a2d559457/r_5",
            "rotation": 0.12566370614359174,
            "transform_matrix": [
                [
                    0.9908916354179382,
                    -0.06327970325946808,
                    -0.11886807531118393,
                    -0.4791725277900696
                ],
                [
                    -0.13466233015060425,
                    -0.465633749961853,
                    -0.8746720552444458,
                    -3.5259158611297607
                ],
                [
                    0.0,
                    0.882712185382843,
                    -0.46991395950317383,
                    -1.8942837715148926
                ],
                [
                    0.0,
                    0.0,
                    0.0,
                    1.0
                ]
            ]
        },
        {
            "file_path": "/data/shapenet_blender/all_50_random/02958343/3870022ab97149605697f65a2d559457/r_6",
            "rotation": 0.12566370614359174,
            "transform_matrix": [
                [
                    -0.7694762349128723,
                    0.17219358682632446,
                    0.6150248646736145,
                    2.4792442321777344
                ],
                [
                    0.6386752724647522,
                    0.20745894312858582,
                    0.7409822940826416,
                    2.986994743347168
                ],
                [
                    -1.4901158529312397e-08,
                    0.9629694223403931,
                    -0.26961058378219604,
                    -1.0868349075317383
                ],
                [
                    0.0,
                    0.0,
                    0.0,
                    1.0
                ]
            ]
        },
        {
            "file_path": "/data/shapenet_blender/all_50_random/02958343/3870022ab97149605697f65a2d559457/r_7",
            "rotation": 0.12566370614359174,
            "transform_matrix": [
                [
                    -0.9514058828353882,
                    0.0017796533647924662,
                    0.30793440341949463,
                    1.2413233518600464
                ],
                [
                    0.3079395890235901,
                    0.005498392507433891,
                    0.9513899087905884,
                    3.8351757526397705
                ],
                [
                    0.0,
                    0.9999833106994629,
                    -0.0057792277075350285,
                    -0.023296814411878586
                ],
                [
                    0.0,
                    0.0,
                    0.0,
                    1.0
                ]
            ]
        },
        {
            "file_path": "/data/shapenet_blender/all_50_random/02958343/3870022ab97149605697f65a2d559457/r_8",
            "rotation": 0.12566370614359174,
            "transform_matrix": [
                [
                    -0.2727373540401459,
                    0.1743776947259903,
                    -0.9461536407470703,
                    -3.8140673637390137
                ],
                [
                    -0.9620885848999023,
                    -0.049433398991823196,
                    0.26822003722190857,
                    1.081229567527771
                ],
                [
                    3.725290742551124e-09,
                    0.983437180519104,
                    0.18124911189079285,
                    0.7306385636329651
                ],
                [
                    0.0,
                    0.0,
                    0.0,
                    1.0
                ]
            ]
        },
        {
            "file_path": "/data/shapenet_blender/all_50_random/02958343/3870022ab97149605697f65a2d559457/r_9",
            "rotation": 0.12566370614359174,
            "transform_matrix": [
                [
                    -0.5881851315498352,
                    0.49232348799705505,
                    0.6416040658950806,
                    2.5863888263702393
                ],
                [
                    0.8087263107299805,
                    0.35806596279144287,
                    0.4666374623775482,
                    1.8810757398605347
                ],
                [
                    0.0,
                    0.7933513522148132,
                    -0.6087639927864075,
                    -2.4540061950683594
                ],
                [
                    0.0,
                    0.0,
                    0.0,
                    1.0
                ]
            ]
        },
        {
            "file_path": "/data/shapenet_blender/all_50_random/02958343/3870022ab97149605697f65a2d559457/r_10",
            "rotation": 0.12566370614359174,
            "transform_matrix": [
                [
                    0.9987909197807312,
                    0.02845929004251957,
                    -0.040086377412080765,
                    -0.16159337759017944
                ],
                [
                    -0.04916146770119667,
                    0.5781943202018738,
                    -0.8144165277481079,
                    -3.2830183506011963
                ],
                [
                    0.0,
                    0.8154025673866272,
                    0.5788942575454712,
                    2.3335976600646973
                ],
                [
                    0.0,
                    0.0,
                    0.0,
                    1.0
                ]
            ]
        },
        {
            "file_path": "/data/shapenet_blender/all_50_random/02958343/3870022ab97149605697f65a2d559457/r_11",
            "rotation": 0.12566370614359174,
            "transform_matrix": [
                [
                    0.12427065521478653,
                    0.7096166610717773,
                    -0.6935422420501709,
                    -2.7957582473754883
                ],
                [
                    -0.9922483563423157,
                    0.08887344598770142,
                    -0.08686026185750961,
                    -0.3501449227333069
                ],
                [
                    0.0,
                    0.6989603042602539,
                    0.7151603698730469,
                    2.882903575897217
                ],
                [
                    0.0,
                    0.0,
                    0.0,
                    1.0
                ]
            ]
        },
        {
            "file_path": "/data/shapenet_blender/all_50_random/02958343/3870022ab97149605697f65a2d559457/r_12",
            "rotation": 0.12566370614359174,
            "transform_matrix": [
                [
                    0.16084027290344238,
                    0.0048369490541517735,
                    0.9869685173034668,
                    3.978597640991211
                ],
                [
                    0.9869804382324219,
                    -0.0007882387726567686,
                    -0.16083833575248718,
                    -0.6483601331710815
                ],
                [
                    0.0,
                    0.9999879598617554,
                    -0.00490075396373868,
                    -0.019755572080612183
                ],
                [
                    0.0,
                    0.0,
                    0.0,
                    1.0
                ]
            ]
        },
        {
            "file_path": "/data/shapenet_blender/all_50_random/02958343/3870022ab97149605697f65a2d559457/r_13",
            "rotation": 0.12566370614359174,
            "transform_matrix": [
                [
                    -0.7245048880577087,
                    -0.470903605222702,
                    -0.5033313035964966,
                    -2.0289933681488037
                ],
                [
                    -0.6892696619033813,
                    0.4949760437011719,
                    0.5290614366531372,
                    2.1327149868011475
                ],
                [
                    0.0,
                    0.7302385568618774,
                    -0.6831921935081482,
                    -2.754035711288452
                ],
                [
                    0.0,
                    0.0,
                    0.0,
                    1.0
                ]
            ]
        },
        {
            "file_path": "/data/shapenet_blender/all_50_random/02958343/3870022ab97149605697f65a2d559457/r_14",
            "rotation": 0.12566370614359174,
            "transform_matrix": [
                [
                    -0.8491637110710144,
                    -0.13382013142108917,
                    0.5108945965766907,
                    2.0594820976257324
                ],
                [
                    0.5281298756599426,
                    -0.21516525745391846,
                    0.8214516043663025,
                    3.3113772869110107
                ],
                [
                    0.0,
                    0.9673654437065125,
                    0.25338491797447205,
                    1.0214272737503052
                ],
                [
                    0.0,
                    0.0,
                    0.0,
                    1.0
                ]
            ]
        },
        {
            "file_path": "/data/shapenet_blender/all_50_random/02958343/3870022ab97149605697f65a2d559457/r_15",
            "rotation": 0.12566370614359174,
            "transform_matrix": [
                [
                    -0.7508788108825684,
                    0.10536625236272812,
                    0.6519809365272522,
                    2.6282191276550293
                ],
                [
                    0.6604401469230652,
                    0.11979477107524872,
                    0.7412611246109009,
                    2.988119125366211
                ],
                [
                    0.0,
                    0.9871914386749268,
                    -0.15953946113586426,
                    -0.6431241631507874
                ],
                [
                    0.0,
                    0.0,
                    0.0,
                    1.0
                ]
            ]
        },
        {
            "file_path": "/data/shapenet_blender/all_50_random/02958343/3870022ab97149605697f65a2d559457/r_16",
            "rotation": 0.12566370614359174,
            "transform_matrix": [
                [
                    -0.059194982051849365,
                    -0.8030545711517334,
                    0.5929581522941589,
                    2.3902907371520996
                ],
                [
                    0.9982464909553528,
                    -0.04762030020356178,
                    0.03516180068254471,
                    0.14174175262451172
                ],
                [
                    0.0,
                    0.5939998030662537,
                    0.8044652342796326,
                    3.242902994155884
                ],
                [
                    0.0,
                    0.0,
                    0.0,
                    1.0
                ]
            ]
        },
        {
            "file_path": "/data/shapenet_blender/all_50_random/02958343/3870022ab97149605697f65a2d559457/r_17",
            "rotation": 0.12566370614359174,
            "transform_matrix": [
                [
                    0.602516770362854,
                    0.7720507979393005,
                    0.2022649645805359,
                    0.8153561353683472
                ],
                [
                    0.7981062531471252,
                    -0.5828465819358826,
                    -0.15269647538661957,
                    -0.6155391931533813
                ],
                [
                    1.4901161193847656e-08,
                    0.25343114137649536,
                    -0.9673534035682678,
                    -3.899526357650757
                ],
                [
                    0.0,
                    0.0,
                    0.0,
                    1.0
                ]
            ]
        },
        {
            "file_path": "/data/shapenet_blender/all_50_random/02958343/3870022ab97149605697f65a2d559457/r_18",
            "rotation": 0.12566370614359174,
            "transform_matrix": [
                [
                    -0.8000928163528442,
                    -0.028855055570602417,
                    -0.5991818904876709,
                    -2.415379524230957
                ],
                [
                    -0.5998762845993042,
                    0.038485802710056305,
                    0.7991666197776794,
                    3.221543788909912
                ],
                [
                    -1.862645149230957e-09,
                    0.9988424777984619,
                    -0.048101674765348434,
                    -0.1939040571451187
                ],
                [
                    0.0,
                    0.0,
                    0.0,
                    1.0
                ]
            ]
        },
        {
            "file_path": "/data/shapenet_blender/all_50_random/02958343/3870022ab97149605697f65a2d559457/r_19",
            "rotation": 0.12566370614359174,
            "transform_matrix": [
                [
                    0.3756662905216217,
                    -0.18201304972171783,
                    0.9087057113647461,
                    3.66310977935791
                ],
                [
                    0.9267549514770508,
                    0.07378019392490387,
                    -0.36834990978240967,
                    -1.4848660230636597
                ],
                [
                    7.450580152834618e-09,
                    0.9805241823196411,
                    0.19639822840690613,
                    0.7917065620422363
                ],
                [
                    0.0,
                    0.0,
                    0.0,
                    1.0
                ]
            ]
        },
        {
            "file_path": "/data/shapenet_blender/all_50_random/02958343/3870022ab97149605697f65a2d559457/r_20",
            "rotation": 0.12566370614359174,
            "transform_matrix": [
                [
                    -0.7512811422348022,
                    0.27951759099960327,
                    -0.5978682041168213,
                    -2.410083770751953
                ],
                [
                    -0.6599820852279663,
                    -0.31818485260009766,
                    0.6805747151374817,
                    2.7434842586517334
                ],
                [
                    0.0,
                    0.9058854579925537,
                    0.42352294921875,
                    1.7072755098342896
                ],
                [
                    0.0,
                    0.0,
                    0.0,
                    1.0
                ]
            ]
        },
        {
            "file_path": "/data/shapenet_blender/all_50_random/02958343/3870022ab97149605697f65a2d559457/r_21",
            "rotation": 0.12566370614359174,
            "transform_matrix": [
                [
                    -0.8140829801559448,
                    0.002475521992892027,
                    0.580743134021759,
                    2.341050624847412
                ],
                [
                    0.5807483792304993,
                    0.0034701437689363956,
                    0.8140756487846375,
                    3.281644105911255
                ],
                [
                    0.0,
                    0.9999909400939941,
                    -0.00426264014095068,
                    -0.017183253541588783
                ],
                [
                    0.0,
                    0.0,
                    0.0,
                    1.0
                ]
            ]
        },
        {
            "file_path": "/data/shapenet_blender/all_50_random/02958343/3870022ab97149605697f65a2d559457/r_22",
            "rotation": 0.12566370614359174,
            "transform_matrix": [
                [
                    0.4892323911190033,
                    -0.438963919878006,
                    0.7536327242851257,
                    3.0379905700683594
                ],
                [
                    0.8721534013748169,
                    0.24623577296733856,
                    -0.42274850606918335,
                    -1.7041536569595337
                ],
                [
                    0.0,
                    0.8641057014465332,
                    0.5033104419708252,
                    2.028909206390381
                ],
                [
                    0.0,
                    0.0,
                    0.0,
                    1.0
                ]
            ]
        },
        {
            "file_path": "/data/shapenet_blender/all_50_random/02958343/3870022ab97149605697f65a2d559457/r_23",
            "rotation": 0.12566370614359174,
            "transform_matrix": [
                [
                    -0.9661874175071716,
                    0.1515691578388214,
                    0.20858779549598694,
                    0.8408442735671997
                ],
                [
                    0.25784119963645935,
                    0.5679627656936646,
                    0.7816240787506104,
                    3.150827407836914
                ],
                [
                    0.0,
                    0.8089777827262878,
                    -0.5878391861915588,
                    -2.3696556091308594
                ],
                [
                    0.0,
                    0.0,
                    0.0,
                    1.0
                ]
            ]
        },
        {
            "file_path": "/data/shapenet_blender/all_50_random/02958343/3870022ab97149605697f65a2d559457/r_24",
            "rotation": 0.12566370614359174,
            "transform_matrix": [
                [
                    0.28986355662345886,
                    0.1388312429189682,
                    0.946945071220398,
                    3.8172576427459717
                ],
                [
                    0.9570679664611816,
                    -0.042047299444675446,
                    -0.2867977023124695,
                    -1.1561185121536255
                ],
                [
                    0.0,
                    0.9894229769706726,
                    -0.14505892992019653,
                    -0.5847512483596802
                ],
                [
                    0.0,
                    0.0,
                    0.0,
                    1.0
                ]
            ]
        },
        {
            "file_path": "/data/shapenet_blender/all_50_random/02958343/3870022ab97149605697f65a2d559457/r_25",
            "rotation": 0.12566370614359174,
            "transform_matrix": [
                [
                    0.8081038594245911,
                    0.02493368089199066,
                    -0.5885120630264282,
                    -2.3723676204681396
                ],
                [
                    -0.5890399217605591,
                    0.03420652076601982,
                    -0.8073797225952148,
                    -3.2546513080596924
                ],
                [
                    1.8626449271863521e-09,
                    0.9991036653518677,
                    0.04232936352491379,
                    0.17063510417938232
                ],
                [
                    0.0,
                    0.0,
                    0.0,
                    1.0
                ]
            ]
        },
        {
            "file_path": "/data/shapenet_blender/all_50_random/02958343/3870022ab97149605697f65a2d559457/r_26",
            "rotation": 0.12566370614359174,
            "transform_matrix": [
                [
                    -0.15955889225006104,
                    -0.4707435667514801,
                    0.8677219152450562,
                    3.497899055480957
                ],
                [
                    0.9871883988380432,
                    -0.07608611136674881,
                    0.140249565243721,
                    0.5653641223907471
                ],
                [
                    7.450580596923828e-09,
                    0.878983199596405,
                    0.47685277462005615,
                    1.9222551584243774
                ],
                [
                    0.0,
                    0.0,
                    0.0,
                    1.0
                ]
            ]
        },
        {
            "file_path": "/data/shapenet_blender/all_50_random/02958343/3870022ab97149605697f65a2d559457/r_27",
            "rotation": 0.12566370614359174,
            "transform_matrix": [
                [
                    -0.9998530149459839,
                    -0.0003037429414689541,
                    -0.01714569330215454,
                    -0.0691165030002594
                ],
                [
                    -0.01714838296175003,
                    0.017710022628307343,
                    0.9996960759162903,
                    4.029903888702393
                ],
                [
                    0.0,
                    0.9998430013656616,
                    -0.017712630331516266,
                    -0.07140189409255981
                ],
                [
                    0.0,
                    0.0,
                    0.0,
                    1.0
                ]
            ]
        },
        {
            "file_path": "/data/shapenet_blender/all_50_random/02958343/3870022ab97149605697f65a2d559457/r_28",
            "rotation": 0.12566370614359174,
            "transform_matrix": [
                [
                    0.3824721872806549,
                    0.0943576917052269,
                    0.9191363453865051,
                    3.7051570415496826
                ],
                [
                    0.9239670038223267,
                    -0.03905896097421646,
                    -0.3804725408554077,
                    -1.53373384475708
                ],
                [
                    0.0,
                    0.9947717189788818,
                    -0.10212236642837524,
                    -0.41166841983795166
                ],
                [
                    0.0,
                    0.0,
                    0.0,
                    1.0
                ]
            ]
        },
        {
            "file_path": "/data/shapenet_blender/all_50_random/02958343/3870022ab97149605697f65a2d559457/r_29",
            "rotation": 0.12566370614359174,
            "transform_matrix": [
                [
                    0.6540547609329224,
                    0.310030460357666,
                    0.6899952292442322,
                    2.7814600467681885
                ],
                [
                    0.7564471960067749,
                    -0.26806482672691345,
                    -0.5965976715087891,
                    -2.4049623012542725
                ],
                [
                    1.4901161193847656e-08,
                    0.9121524691581726,
                    -0.4098507761955261,
                    -1.6521614789962769
                ],
                [
                    0.0,
                    0.0,
                    0.0,
                    1.0
                ]
            ]
        },
        {
            "file_path": "/data/shapenet_blender/all_50_random/02958343/3870022ab97149605697f65a2d559457/r_30",
            "rotation": 0.12566370614359174,
            "transform_matrix": [
                [
                    -0.7803307771682739,
                    0.039530470967292786,
                    -0.6241163611412048,
                    -2.5158936977386475
                ],
                [
                    -0.6253671050071716,
                    -0.04932597652077675,
                    0.7787701487541199,
                    3.1393232345581055
                ],
                [
                    0.0,
                    0.9980002045631409,
                    0.06321161985397339,
                    0.2548142075538635
                ],
                [
                    0.0,
                    0.0,
                    0.0,
                    1.0
                ]
            ]
        },
        {
            "file_path": "/data/shapenet_blender/all_50_random/02958343/3870022ab97149605697f65a2d559457/r_31",
            "rotation": 0.12566370614359174,
            "transform_matrix": [
                [
                    0.8803064227104187,
                    -0.18745285272598267,
                    -0.4358004033565521,
                    -1.756767749786377
                ],
                [
                    -0.47440552711486816,
                    -0.34783729910850525,
                    -0.8086708188056946,
                    -3.2598564624786377
                ],
                [
                    1.4901161193847656e-08,
                    0.9186242818832397,
                    -0.3951320946216583,
                    -1.5928285121917725
                ],
                [
                    0.0,
                    0.0,
                    0.0,
                    1.0
                ]
            ]
        },
        {
            "file_path": "/data/shapenet_blender/all_50_random/02958343/3870022ab97149605697f65a2d559457/r_32",
            "rotation": 0.12566370614359174,
            "transform_matrix": [
                [
                    0.9918218851089478,
                    0.056571461260318756,
                    -0.11440752446651459,
                    -0.46119147539138794
                ],
                [
                    -0.12762999534606934,
                    0.4396209120750427,
                    -0.889069139957428,
                    -3.5839524269104004
                ],
                [
                    0.0,
                    0.896399974822998,
                    0.44324585795402527,
                    1.7867811918258667
                ],
                [
                    0.0,
                    0.0,
                    0.0,
                    1.0
                ]
            ]
        },
        {
            "file_path": "/data/shapenet_blender/all_50_random/02958343/3870022ab97149605697f65a2d559457/r_33",
            "rotation": 0.12566370614359174,
            "transform_matrix": [
                [
                    -0.019257619976997375,
                    -0.48699265718460083,
                    -0.8731937408447266,
                    -3.519956588745117
                ],
                [
                    -0.9998146295547485,
                    0.009380058385431767,
                    0.016818750649690628,
                    0.06779855489730835
                ],
                [
                    9.31322685637781e-10,
                    0.8733556270599365,
                    -0.4870830476284027,
                    -1.9634945392608643
                ],
                [
                    0.0,
                    0.0,
                    0.0,
                    1.0
                ]
            ]
        },
        {
            "file_path": "/data/shapenet_blender/all_50_random/02958343/3870022ab97149605697f65a2d559457/r_34",
            "rotation": 0.12566370614359174,
            "transform_matrix": [
                [
                    0.6500051617622375,
                    0.7229807376861572,
                    -0.2340771108865738,
                    -0.9435949921607971
                ],
                [
                    -0.7599297761917114,
                    0.6184008717536926,
                    -0.20021763443946838,
                    -0.8071030974388123
                ],
                [
                    0.0,
                    0.30802470445632935,
                    0.951378345489502,
                    3.8351287841796875
                ],
                [
                    0.0,
                    0.0,
                    0.0,
                    1.0
                ]
            ]
        },
        {
            "file_path": "/data/shapenet_blender/all_50_random/02958343/3870022ab97149605697f65a2d559457/r_35",
            "rotation": 0.12566370614359174,
            "transform_matrix": [
                [
                    -0.9501445889472961,
                    0.1919720321893692,
                    0.24570728838443756,
                    0.9904777407646179
                ],
                [
                    0.31180980801582336,
                    0.5849757790565491,
                    0.7487174868583679,
                    3.018176794052124
                ],
                [
                    0.0,
                    0.78800368309021,
                    -0.615670382976532,
                    -2.481846809387207
                ],
                [
                    0.0,
                    0.0,
                    0.0,
                    1.0
                ]
            ]
        },
        {
            "file_path": "/data/shapenet_blender/all_50_random/02958343/3870022ab97149605697f65a2d559457/r_36",
            "rotation": 0.12566370614359174,
            "transform_matrix": [
                [
                    0.2069854587316513,
                    -0.42401617765426636,
                    0.8816843032836914,
                    3.5541832447052
                ],
                [
                    0.9783440232276917,
                    0.08970789611339569,
                    -0.18653543293476105,
                    -0.7519484162330627
                ],
                [
                    -7.450580596923828e-09,
                    0.9012007713317871,
                    0.43340185284614563,
                    1.7470989227294922
                ],
                [
                    0.0,
                    0.0,
                    0.0,
                    1.0
                ]
            ]
        },
        {
            "file_path": "/data/shapenet_blender/all_50_random/02958343/3870022ab97149605697f65a2d559457/r_37",
            "rotation": 0.12566370614359174,
            "transform_matrix": [
                [
                    0.9629260301589966,
                    0.20801928639411926,
                    0.17175978422164917,
                    0.6923858523368835
                ],
                [
                    0.26976555585861206,
                    -0.742523193359375,
                    -0.613095223903656,
                    -2.471465826034546
                ],
                [
                    -1.4901162970204496e-08,
                    0.6367000937461853,
                    -0.7711113691329956,
                    -3.1084494590759277
                ],
                [
                    0.0,
                    0.0,
                    0.0,
                    1.0
                ]
            ]
        },
        {
            "file_path": "/data/shapenet_blender/all_50_random/02958343/3870022ab97149605697f65a2d559457/r_38",
            "rotation": 0.12566370614359174,
            "transform_matrix": [
                [
                    0.8604120016098022,
                    0.05879539996385574,
                    -0.5061957836151123,
                    -2.0405406951904297
                ],
                [
                    -0.509598970413208,
                    0.09927073866128922,
                    -0.8546660542488098,
                    -3.4452693462371826
                ],
                [
                    0.0,
                    0.9933220148086548,
                    0.11537579447031021,
                    0.46509474515914917
                ],
                [
                    0.0,
                    0.0,
                    0.0,
                    1.0
                ]
            ]
        },
        {
            "file_path": "/data/shapenet_blender/all_50_random/02958343/3870022ab97149605697f65a2d559457/r_39",
            "rotation": 0.12566370614359174,
            "transform_matrix": [
                [
                    -0.7670546770095825,
                    0.16490550339221954,
                    0.6200269460678101,
                    2.499408483505249
                ],
                [
                    0.6415818333625793,
                    0.19715571403503418,
                    0.7412842512130737,
                    2.9882123470306396
                ],
                [
                    0.0,
                    0.9664034843444824,
                    -0.25702959299087524,
                    -1.0361194610595703
                ],
                [
                    0.0,
                    0.0,
                    0.0,
                    1.0
                ]
            ]
        },
        {
            "file_path": "/data/shapenet_blender/all_50_random/02958343/3870022ab97149605697f65a2d559457/r_40",
            "rotation": 0.12566370614359174,
            "transform_matrix": [
                [
                    0.2444555163383484,
                    -0.8196697235107422,
                    -0.5180568695068359,
                    -2.0883541107177734
                ],
                [
                    -0.9696605205535889,
                    -0.20664221048355103,
                    -0.1306043267250061,
                    -0.526482880115509
                ],
                [
                    0.0,
                    0.5342662334442139,
                    -0.8453162312507629,
                    -3.407578706741333
                ],
                [
                    0.0,
                    0.0,
                    0.0,
                    1.0
                ]
            ]
        },
        {
            "file_path": "/data/shapenet_blender/all_50_random/02958343/3870022ab97149605697f65a2d559457/r_41",
            "rotation": 0.12566370614359174,
            "transform_matrix": [
                [
                    0.7848998308181763,
                    0.5562645196914673,
                    0.27295082807540894,
                    1.1003000736236572
                ],
                [
                    0.6196227669715881,
                    -0.7046415209770203,
                    -0.34575724601745605,
                    -1.3937921524047852
                ],
                [
                    0.0,
                    0.4405113756656647,
