{
    "class": "02958343",
    "model": "8e39ba11949027ce14914b7641b2fd67",
    "remove_doubles": true,
    "edge_split": true,
    "denoise": true,
    "camera_angle_x": 0.6911112070083618,
    "scale_factor": 2.237399171971592,
    "hdri_file": "/data/IndoorHDRDataset2018/AG8A8605-ca0b7fd8fe.exr",
    "center_offset": [
        0.0,
        -1.862645149230957e-09,
        0.0
    ],
    "lights": [],
    "frames": [
        {
            "file_path": "/data/shapenet_blender/all_50_random/02958343/8e39ba11949027ce14914b7641b2fd67/r_0",
            "rotation": 0.12566370614359174,
            "transform_matrix": [
                [
                    0.37459108233451843,
                    -0.4963500499725342,
                    0.783146321773529,
                    3.156963586807251
                ],
                [
                    0.9271900057792664,
                    0.20052878558635712,
                    -0.31639641523361206,
                    -1.2754347324371338
                ],
                [
                    0.0,
                    0.8446448445320129,
                    0.535327136516571,
                    2.157972574234009
                ],
                [
                    0.0,
                    0.0,
                    0.0,
                    1.0
                ]
            ]
        },
        {
            "file_path": "/data/shapenet_blender/all_50_random/02958343/8e39ba11949027ce14914b7641b2fd67/r_1",
            "rotation": 0.12566370614359174,
            "transform_matrix": [
                [
                    -0.9889373779296875,
                    0.026537414640188217,
                    -0.1459406465291977,
                    -0.5883055925369263
                ],
                [
                    -0.14833377301692963,
                    -0.17692424356937408,
                    0.9729824662208557,
                    3.922217845916748
                ],
                [
                    1.862645149230957e-09,
                    0.9838666915893555,
                    0.17890337109565735,
                    0.7211825847625732
                ],
                [
                    0.0,
                    0.0,
                    0.0,
                    1.0
                ]
            ]
        },
        {
            "file_path": "/data/shapenet_blender/all_50_random/02958343/8e39ba11949027ce14914b7641b2fd67/r_2",
            "rotation": 0.12566370614359174,
            "transform_matrix": [
                [
                    -0.9465112686157227,
                    0.21732346713542938,
                    -0.23850977420806885,
                    -0.9614636898040771
                ],
                [
                    -0.3226707875728607,
                    -0.6374891400337219,
                    0.6996362805366516,
                    2.820324182510376
                ],
                [
                    0.0,
                    0.7391738891601562,
                    0.6735146045684814,
                    2.715024471282959
                ],
                [
                    0.0,
                    0.0,
                    0.0,
                    1.0
                ]
            ]
        },
        {
            "file_path": "/data/shapenet_blender/all_50_random/02958343/8e39ba11949027ce14914b7641b2fd67/r_3",
            "rotation": 0.12566370614359174,
            "transform_matrix": [
                [
                    0.7551280856132507,
                    0.021575121209025383,
                    -0.6552221775054932,
                    -2.641284942626953
                ],
                [
                    -0.6555773019790649,
                    0.024851348251104355,
                    -0.754719078540802,
                    -3.042369842529297
                ],
                [
                    0.0,
                    0.9994582533836365,
                    0.03291011229157448,
                    0.13266490399837494
                ],
                [
                    0.0,
                    0.0,
                    0.0,
                    1.0
                ]
            ]
        },
        {
            "file_path": "/data/shapenet_blender/all_50_random/02958343/8e39ba11949027ce14914b7641b2fd67/r_4",
            "rotation": 0.12566370614359174,
            "transform_matrix": [
                [
                    -0.8755583167076111,
                    -0.33312350511550903,
                    0.34989458322525024,
                    1.4104702472686768
                ],
                [
                    0.4831123352050781,
                    -0.603729248046875,
                    0.6341239809989929,
                    2.5562357902526855
                ],
                [
                    -1.4901160305669237e-08,
                    0.7242510318756104,
                    0.6895363330841064,
                    2.7796101570129395
                ],
                [
                    0.0,
                    0.0,
                    0.0,
                    1.0
                ]
            ]
        },
        {
            "file_path": "/data/shapenet_blender/all_50_random/02958343/8e39ba11949027ce14914b7641b2fd67/r_5",
            "rotation": 0.12566370614359174,
            "transform_matrix": [
                [
                    -0.40426766872406006,
                    0.5377524495124817,
                    0.7398580312728882,
                    2.9824631214141846
                ],
                [
                    0.9146407246589661,
                    0.23768450319766998,
                    0.32701435685157776,
                    1.318237066268921
                ],
                [
                    -1.4901161193847656e-08,
                    0.8089056611061096,
                    -0.5879384875297546,
                    -2.370055913925171
                ],
                [
                    0.0,
                    0.0,
                    0.0,
                    1.0
                ]
            ]
        },
        {
            "file_path": "/data/shapenet_blender/all_50_random/02958343/8e39ba11949027ce14914b7641b2fd67/r_6",
            "rotation": 0.12566370614359174,
            "transform_matrix": [
                [
                    -0.9260371923446655,
                    -0.006813102401793003,
                    -0.3773708641529083,
                    -1.5212305784225464
                ],
                [
                    -0.3774324357509613,
                    0.016716068610548973,
                    0.9258862137794495,
                    3.7323668003082275
                ],
                [
                    0.0,
                    0.9998369812965393,
                    -0.018051186576485634,
                    -0.07276666164398193
                ],
                [
                    0.0,
                    0.0,
                    0.0,
                    1.0
                ]
            ]
        },
        {
            "file_path": "/data/shapenet_blender/all_50_random/02958343/8e39ba11949027ce14914b7641b2fd67/r_7",
            "rotation": 0.12566370614359174,
            "transform_matrix": [
                [
                    -0.7531566023826599,
                    -0.6565734148025513,
                    0.04082150012254715,
                    0.16455674171447754
                ],
                [
                    0.6578412055969238,
                    -0.7517051696777344,
                    0.046736180782318115,
                    0.18839958310127258
                ],
                [
                    -1.8626450382086546e-09,
                    0.062053289264440536,
                    0.9980727434158325,
                    4.023360252380371
                ],
                [
                    0.0,
                    0.0,
                    0.0,
                    1.0
                ]
            ]
        },
        {
            "file_path": "/data/shapenet_blender/all_50_random/02958343/8e39ba11949027ce14914b7641b2fd67/r_8",
            "rotation": 0.12566370614359174,
            "transform_matrix": [
                [
                    -0.7210848331451416,
                    -0.24867253005504608,
                    -0.6466827392578125,
                    -2.6068618297576904
                ],
                [
                    -0.6928467750549316,
                    0.25880756974220276,
                    0.6730393171310425,
                    2.713108539581299
                ],
                [
                    1.4901159417490817e-08,
                    0.9333705306053162,
                    -0.35891416668891907,
                    -1.4468294382095337
                ],
                [
                    0.0,
                    0.0,
                    0.0,
                    1.0
                ]
            ]
        },
        {
            "file_path": "/data/shapenet_blender/all_50_random/02958343/8e39ba11949027ce14914b7641b2fd67/r_9",
            "rotation": 0.12566370614359174,
            "transform_matrix": [
                [
                    0.4242638945579529,
                    -0.06960094720125198,
                    -0.9028598070144653,
                    -3.6395442485809326
                ],
                [
                    -0.9055385589599609,
                    -0.03260951116681099,
                    -0.42300885915756226,
                    -1.7052032947540283
                ],
                [
                    0.0,
                    0.9970418214797974,
                    -0.07686137408018112,
                    -0.30983811616897583
                ],
                [
                    0.0,
                    0.0,
                    0.0,
                    1.0
                ]
            ]
        },
        {
            "file_path": "/data/shapenet_blender/all_50_random/02958343/8e39ba11949027ce14914b7641b2fd67/r_10",
            "rotation": 0.12566370614359174,
            "transform_matrix": [
                [
                    0.11500760167837143,
                    -0.18175162374973297,
                    0.976595938205719,
                    3.936784029006958
                ],
                [
                    0.9933646321296692,
                    0.021042445674538612,
                    -0.11306619644165039,
                    -0.455784410238266
                ],
                [
                    -3.725290298461914e-09,
                    0.9831192493438721,
                    0.18296568095684052,
                    0.7375582456588745
                ],
                [
                    0.0,
                    0.0,
                    0.0,
                    1.0
                ]
            ]
        },
        {
            "file_path": "/data/shapenet_blender/all_50_random/02958343/8e39ba11949027ce14914b7641b2fd67/r_11",
            "rotation": 0.12566370614359174,
            "transform_matrix": [
                [
                    -0.2503907084465027,
                    0.3327363431453705,
                    -0.9091705679893494,
                    -3.6649832725524902
                ],
                [
                    -0.9681448936462402,
                    -0.08605539053678513,
                    0.23513822257518768,
                    0.9478724002838135
                ],
                [
                    0.0,
                    0.9390850067138672,
                    0.3436845541000366,
                    1.3854365348815918
                ],
                [
                    0.0,
                    0.0,
                    0.0,
                    1.0
                ]
            ]
        },
        {
            "file_path": "/data/shapenet_blender/all_50_random/02958343/8e39ba11949027ce14914b7641b2fd67/r_12",
            "rotation": 0.12566370614359174,
            "transform_matrix": [
                [
                    0.8290026187896729,
                    -0.43445825576782227,
                    0.35213732719421387,
                    1.4195109605789185
                ],
                [
                    0.5592447519302368,
                    0.6440239548683167,
                    -0.5219946503639221,
                    -2.1042277812957764
                ],
                [
                    0.0,
                    0.629665732383728,
                    0.7768660187721252,
                    3.1316471099853516
                ],
                [
                    0.0,
                    0.0,
                    0.0,
                    1.0
                ]
            ]
        },
        {
            "file_path": "/data/shapenet_blender/all_50_random/02958343/8e39ba11949027ce14914b7641b2fd67/r_13",
            "rotation": 0.12566370614359174,
            "transform_matrix": [
                [
                    -0.7750663161277771,
                    -0.0033792403992265463,
                    0.6318709254264832,
                    2.5471532344818115
                ],
                [
                    0.6318799257278442,
                    -0.004144988488405943,
                    0.7750551700592041,
                    3.12434720993042
                ],
                [
                    0.0,
                    0.9999856948852539,
                    0.00534791499376297,
                    0.021558135747909546
                ],
                [
                    0.0,
                    0.0,
                    0.0,
                    1.0
                ]
            ]
        },
        {
            "file_path": "/data/shapenet_blender/all_50_random/02958343/8e39ba11949027ce14914b7641b2fd67/r_14",
            "rotation": 0.12566370614359174,
            "transform_matrix": [
                [
                    -0.8548918962478638,
                    -0.23557551205158234,
                    -0.462238073348999,
                    -1.8633413314819336
                ],
                [
                    -0.5188061594963074,
                    0.38818269968032837,
                    0.7616785764694214,
                    3.0704245567321777
                ],
                [
                    0.0,
                    0.8909647464752197,
                    -0.4540722966194153,
                    -1.8304239511489868
                ],
                [
                    0.0,
                    0.0,
                    0.0,
                    1.0
                ]
            ]
        },
        {
            "file_path": "/data/shapenet_blender/all_50_random/02958343/8e39ba11949027ce14914b7641b2fd67/r_15",
            "rotation": 0.12566370614359174,
            "transform_matrix": [
                [
                    0.38105201721191406,
                    -0.5070334672927856,
                    -0.7731211185455322,
                    -3.116551160812378
                ],
                [
                    -0.9245536923408508,
                    -0.20897233486175537,
                    -0.3186395466327667,
                    -1.2844772338867188
                ],
                [
                    0.0,
                    0.8362101316452026,
                    -0.5484089255332947,
                    -2.210707426071167
                ],
                [
                    0.0,
                    0.0,
                    0.0,
                    1.0
                ]
            ]
        },
        {
            "file_path": "/data/shapenet_blender/all_50_random/02958343/8e39ba11949027ce14914b7641b2fd67/r_16",
            "rotation": 0.12566370614359174,
            "transform_matrix": [
                [
                    -0.8898324966430664,
                    0.22660429775714874,
                    0.3960411846637726,
                    1.5964932441711426
                ],
                [
                    0.4562873840332031,
                    0.4419141709804535,
                    0.7723429203033447,
                    3.1134140491485596
                ],
                [
                    1.4901161193847656e-08,
                    0.8679644465446472,
                    -0.49662625789642334,
                    -2.001964569091797
                ],
                [
                    0.0,
                    0.0,
                    0.0,
                    1.0
                ]
            ]
        },
        {
            "file_path": "/data/shapenet_blender/all_50_random/02958343/8e39ba11949027ce14914b7641b2fd67/r_17",
            "rotation": 0.12566370614359174,
            "transform_matrix": [
                [
                    0.1789269596338272,
                    0.7648652791976929,
                    0.6188426613807678,
                    2.4946341514587402
                ],
                [
                    0.9838623404502869,
                    -0.13909976184368134,
                    -0.11254383623600006,
                    -0.4536786675453186
                ],
                [
                    -7.4505797087454084e-09,
                    0.6289930939674377,
                    -0.7774109840393066,
                    -3.133843421936035
                ],
                [
                    0.0,
                    0.0,
                    0.0,
                    1.0
                ]
            ]
        },
        {
            "file_path": "/data/shapenet_blender/all_50_random/02958343/8e39ba11949027ce14914b7641b2fd67/r_18",
            "rotation": 0.12566370614359174,
            "transform_matrix": [
                [
                    -0.2474062591791153,
                    -0.8874143362045288,
                    -0.38895460963249207,
                    -1.5679261684417725
                ],
                [
                    -0.9689118266105652,
                    0.22659632563591003,
                    0.09931740164756775,
                    0.40036123991012573
                ],
                [
                    0.0,
                    0.4014345705509186,
                    -0.9158877730369568,
                    -3.69206166267395
                ],
                [
                    0.0,
                    0.0,
                    0.0,
                    1.0
                ]
            ]
        },
        {
            "file_path": "/data/shapenet_blender/all_50_random/02958343/8e39ba11949027ce14914b7641b2fd67/r_19",
            "rotation": 0.12566370614359174,
            "transform_matrix": [
                [
                    -0.15336468815803528,
                    -0.1787695586681366,
                    -0.9718645215034485,
                    -3.9177112579345703
                ],
                [
                    -0.9881696105003357,
                    0.02774517610669136,
                    0.15083414316177368,
                    0.6080318689346313
                ],
                [
                    0.0,
                    0.9834997057914734,
                    -0.18090976774692535,
                    -0.7292705774307251
                ],
                [
                    0.0,
                    0.0,
                    0.0,
                    1.0
                ]
            ]
        },
        {
            "file_path": "/data/shapenet_blender/all_50_random/02958343/8e39ba11949027ce14914b7641b2fd67/r_20",
            "rotation": 0.12566370614359174,
            "transform_matrix": [
                [
                    0.1357528567314148,
                    -0.4297935664653778,
                    0.8926637768745422,
                    3.598442792892456
                ],
                [
                    0.9907426834106445,
                    0.05889087915420532,
                    -0.1223139613866806,
                    -0.493063360452652
                ],
                [
                    0.0,
                    0.9010046124458313,
                    0.43380945920944214,
                    1.748741865158081
                ],
                [
                    0.0,
                    0.0,
                    0.0,
                    1.0
                ]
            ]
        },
        {
            "file_path": "/data/shapenet_blender/all_50_random/02958343/8e39ba11949027ce14914b7641b2fd67/r_21",
            "rotation": 0.12566370614359174,
            "transform_matrix": [
                [
                    0.7669256925582886,
                    0.3104698657989502,
                    0.5616346597671509,
                    2.264021873474121
                ],
                [
                    0.6417360305786133,
                    -0.37103623151779175,
                    -0.6711981296539307,
                    -2.705686330795288
                ],
                [
                    1.4901162970204496e-08,
                    0.8751801252365112,
                    -0.48379695415496826,
                    -1.9502480030059814
                ],
                [
                    0.0,
                    0.0,
                    0.0,
                    1.0
                ]
            ]
        },
        {
            "file_path": "/data/shapenet_blender/all_50_random/02958343/8e39ba11949027ce14914b7641b2fd67/r_22",
            "rotation": 0.12566370614359174,
            "transform_matrix": [
                [
                    0.8937519788742065,
                    -0.2974647283554077,
                    0.3357411324977875,
                    1.3534159660339355
                ],
                [
                    0.44856148958206177,
                    0.5926939845085144,
                    -0.6689591407775879,
                    -2.6966607570648193
                ],
                [
                    0.0,
                    0.7484840750694275,
                    0.6631526350975037,
                    2.6732540130615234
                ],
                [
                    0.0,
                    0.0,
                    0.0,
                    1.0
                ]
            ]
        },
        {
            "file_path": "/data/shapenet_blender/all_50_random/02958343/8e39ba11949027ce14914b7641b2fd67/r_23",
            "rotation": 0.12566370614359174,
            "transform_matrix": [
                [
                    -0.9294282793998718,
                    0.18079692125320435,
                    0.3216761350631714,
                    1.2967180013656616
                ],
                [
                    0.3690028190612793,
                    0.45538341999053955,
                    0.8102238774299622,
                    3.2661168575286865
                ],
                [
                    0.0,
                    0.8717443346977234,
                    -0.4899608790874481,
                    -1.9750953912734985
                ],
                [
                    0.0,
                    0.0,
                    0.0,
                    1.0
                ]
            ]
        },
        {
            "file_path": "/data/shapenet_blender/all_50_random/02958343/8e39ba11949027ce14914b7641b2fd67/r_24",
            "rotation": 0.12566370614359174,
            "transform_matrix": [
                [
                    -0.999984622001648,
                    0.0006257129716686904,
                    0.005511390045285225,
                    0.022217124700546265
                ],
                [
                    0.005546795204281807,
                    0.11280448734760284,
                    0.9936017394065857,
                    4.005336761474609
                ],
                [
                    0.0,
                    0.9936169385910034,
                    -0.11280624568462372,
                    -0.45473653078079224
                ],
                [
                    0.0,
                    0.0,
                    0.0,
                    1.0
                ]
            ]
        },
        {
            "file_path": "/data/shapenet_blender/all_50_random/02958343/8e39ba11949027ce14914b7641b2fd67/r_25",
            "rotation": 0.12566370614359174,
            "transform_matrix": [
                [
                    0.7640517950057983,
                    0.13260994851589203,
                    -0.6313789486885071,
                    -2.5451698303222656
                ],
                [
                    -0.6451548337936401,
                    0.15704892575740814,
                    -0.7477371692657471,
                    -3.0142247676849365
                ],
                [
                    0.0,
                    0.9786470532417297,
                    0.2055474817752838,
                    0.8285883665084839
                ],
                [
                    0.0,
                    0.0,
                    0.0,
                    1.0
                ]
            ]
        },
        {
            "file_path": "/data/shapenet_blender/all_50_random/02958343/8e39ba11949027ce14914b7641b2fd67/r_26",
            "rotation": 0.12566370614359174,
            "transform_matrix": [
                [
                    0.9963733553886414,
                    -0.002393481321632862,
                    0.0850556343793869,
                    0.34287023544311523
                ],
                [
                    0.0850892961025238,
                    0.028027039021253586,
                    -0.9959791302680969,
                    -4.014920234680176
                ],
                [
                    0.0,
                    0.999604344367981,
                    0.028129054233431816,
                    0.11339184641838074
                ],
                [
                    0.0,
                    0.0,
                    0.0,
                    1.0
                ]
            ]
        },
        {
            "file_path": "/data/shapenet_blender/all_50_random/02958343/8e39ba11949027ce14914b7641b2fd67/r_27",
            "rotation": 0.12566370614359174,
            "transform_matrix": [
                [
                    -0.9238579273223877,
                    -0.029049154371023178,
                    -0.3816318213939667,
                    -1.5384070873260498
                ],
                [
                    -0.38273587822914124,
                    0.07011961191892624,
                    0.9211929440498352,
                    3.7134475708007812
                ],
                [
                    0.0,
                    0.997115433216095,
                    -0.07589870691299438,
                    -0.30595746636390686
                ],
                [
                    0.0,
                    0.0,
                    0.0,
                    1.0
                ]
            ]
        },
        {
            "file_path": "/data/shapenet_blender/all_50_random/02958343/8e39ba11949027ce14914b7641b2fd67/r_28",
            "rotation": 0.12566370614359174,
            "transform_matrix": [
                [
                    -0.8381614685058594,
                    -0.0030612018890678883,
                    0.545413613319397,
                    2.1986327171325684
                ],
                [
                    0.5454221963882446,
                    -0.004704211372882128,
                    0.8381482362747192,
                    3.378683567047119
                ],
                [
                    -2.3283064365386963e-10,
                    0.9999842643737793,
                    0.005612536333501339,
                    0.02262485772371292
                ],
                [
                    0.0,
                    0.0,
                    0.0,
                    1.0
                ]
            ]
        },
        {
            "file_path": "/data/shapenet_blender/all_50_random/02958343/8e39ba11949027ce14914b7641b2fd67/r_29",
            "rotation": 0.12566370614359174,
            "transform_matrix": [
                [
                    0.9884149432182312,
                    0.023239972069859505,
                    -0.1499858945608139,
                    -0.6046124696731567
                ],
                [
                    -0.15177570283412933,
                    0.1513465940952301,
                    -0.9767590761184692,
                    -3.937441825866699
                ],
                [
                    1.862645149230957e-09,
                    0.9882074594497681,
                    0.1531205028295517,
                    0.6172484755516052
                ],
                [
                    0.0,
                    0.0,
                    0.0,
                    1.0
                ]
            ]
        },
        {
            "file_path": "/data/shapenet_blender/all_50_random/02958343/8e39ba11949027ce14914b7641b2fd67/r_30",
            "rotation": 0.12566370614359174,
            "transform_matrix": [
                [
                    -0.9995795488357544,
                    0.002638154663145542,
                    0.02887580171227455,
                    0.11640208959579468
                ],
                [
                    0.028996068984270096,
                    0.09094493091106415,
                    0.9954336285591125,
                    4.012721538543701
                ],
                [
                    0.0,
                    0.9958524107933044,
                    -0.09098318219184875,
                    -0.36676496267318726
                ],
                [
                    0.0,
                    0.0,
                    0.0,
                    1.0
                ]
            ]
        },
        {
            "file_path": "/data/shapenet_blender/all_50_random/02958343/8e39ba11949027ce14914b7641b2fd67/r_31",
            "rotation": 0.12566370614359174,
            "transform_matrix": [
                [
                    0.9805320501327515,
                    0.007666999939829111,
                    -0.19620931148529053,
                    -0.7909451127052307
                ],
                [
                    -0.1963590681552887,
                    0.038285672664642334,
                    -0.9797842502593994,
                    -3.949636936187744
                ],
                [
                    -4.656612873077393e-10,
                    0.9992374181747437,
                    0.03904580697417259,
                    0.15739870071411133
                ],
                [
                    0.0,
                    0.0,
                    0.0,
                    1.0
                ]
            ]
        },
        {
            "file_path": "/data/shapenet_blender/all_50_random/02958343/8e39ba11949027ce14914b7641b2fd67/r_32",
            "rotation": 0.12566370614359174,
            "transform_matrix": [
                [
                    0.9632035493850708,
                    -0.17732040584087372,
                    -0.20198115706443787,
                    -0.8142120242118835
                ],
                [
                    -0.26877298951148987,
                    -0.6354643106460571,
                    -0.7238411903381348,
                    -2.9178969860076904
                ],
                [
                    0.0,
                    0.751493513584137,
                    -0.6597405076026917,
                    -2.659498929977417
                ],
                [
                    0.0,
                    0.0,
                    0.0,
                    1.0
                ]
            ]
        },
        {
            "file_path": "/data/shapenet_blender/all_50_random/02958343/8e39ba11949027ce14914b7641b2fd67/r_33",
            "rotation": 0.12566370614359174,
            "transform_matrix": [
                [
                    -0.9020891785621643,
                    0.23550158739089966,
                    -0.3616270422935486,
                    -1.4577652215957642
                ],
                [
                    -0.43154966831207275,
                    -0.49228036403656006,
                    0.7559264898300171,
                    3.0472371578216553
                ],
                [
                    1.4901161193847656e-08,
                    0.8379731178283691,
                    0.5457113981246948,
                    2.1998329162597656
                ],
                [
                    0.0,
                    0.0,
                    0.0,
                    1.0
                ]
            ]
        },
        {
            "file_path": "/data/shapenet_blender/all_50_random/02958343/8e39ba11949027ce14914b7641b2fd67/r_34",
            "rotation": 0.12566370614359174,
            "transform_matrix": [
                [
                    -0.8859085440635681,
                    0.01072919461876154,
                    -0.46373581886291504,
                    -1.869378924369812
                ],
                [
                    -0.4638599455356598,
                    -0.020491281524300575,
                    0.8856714963912964,
                    3.570255994796753
                ],
                [
                    9.313225746154785e-10,
                    0.9997324347496033,
                    0.023130247369408607,
                    0.09324100613594055
                ],
                [
                    0.0,
                    0.0,
                    0.0,
                    1.0
                ]
            ]
        },
        {
            "file_path": "/data/shapenet_blender/all_50_random/02958343/8e39ba11949027ce14914b7641b2fd67/r_35",
            "rotation": 0.12566370614359174,
            "transform_matrix": [
                [
                    -0.5138006210327148,
                    -0.7831579446792603,
                    -0.35024651885032654,
                    -1.411888837814331
                ],
                [
                    -0.857909619808197,
                    0.46903195977211,
                    0.20976203680038452,
                    0.8455778360366821
                ],
                [
                    0.0,
                    0.4082556664943695,
                    -0.9128676056861877,
                    -3.679887056350708
                ],
                [
                    0.0,
                    0.0,
                    0.0,
                    1.0
                ]
            ]
        },
        {
            "file_path": "/data/shapenet_blender/all_50_random/02958343/8e39ba11949027ce14914b7641b2fd67/r_36",
            "rotation": 0.12566370614359174,
            "transform_matrix": [
                [
                    0.9074034690856934,
                    -0.2604759931564331,
                    0.3298047184944153,
                    1.3294854164123535
                ],
                [
                    0.4202605187892914,
                    0.5624054670333862,
                    -0.7120962142944336,
                    -2.870551824569702
                ],
                [
                    0.0,
                    0.784762442111969,
                    0.6197964549064636,
                    2.4984796047210693
                ],
                [
                    0.0,
                    0.0,
                    0.0,
                    1.0
                ]
            ]
        },
        {
            "file_path": "/data/shapenet_blender/all_50_random/02958343/8e39ba11949027ce14914b7641b2fd67/r_37",
            "rotation": 0.12566370614359174,
            "transform_matrix": [
                [
                    -0.2616038918495178,
                    0.607587993144989,
                    -0.7499333620071411,
                    -3.023078203201294
                ],
                [
                    -0.9651753306388855,
                    -0.16468238830566406,
                    0.20326410233974457,
                    0.8193838596343994
                ],
                [
                    1.4901161193847656e-08,
                    0.7769919633865356,
                    0.6295104622840881,
                    2.5376381874084473
                ],
                [
                    0.0,
                    0.0,
                    0.0,
                    1.0
                ]
            ]
        },
        {
            "file_path": "/data/shapenet_blender/all_50_random/02958343/8e39ba11949027ce14914b7641b2fd67/r_38",
            "rotation": 0.12566370614359174,
            "transform_matrix": [
                [
                    -0.5094426870346069,
                    0.8332492709159851,
                    0.21485744416713715,
                    0.8661180734634399
                ],
                [
                    0.860504686832428,
                    0.4933067262172699,
                    0.12720157206058502,
                    0.5127659440040588
                ],
                [
                    0.0,
                    0.24968768656253815,
                    -0.9683263897895813,
                    -3.9034485816955566
                ],
                [
                    0.0,
                    0.0,
                    0.0,
                    1.0
                ]
            ]
        },
        {
            "file_path": "/data/shapenet_blender/all_50_random/02958343/8e39ba11949027ce14914b7641b2fd67/r_39",
            "rotation": 0.12566370614359174,
            "transform_matrix": [
                [
                    -0.16658923029899597,
                    0.9544284343719482,
                    -0.2476174384355545,
                    -0.9981777667999268
                ],
                [
                    -0.9860263466835022,
                    -0.1612507700920105,
                    0.041834987699985504,
                    0.16864222288131714
                ],
                [
                    3.725290076417309e-09,
                    0.25112640857696533,
                    0.9679542779922485,
                    3.9019482135772705
                ],
                [
                    0.0,
                    0.0,
                    0.0,
                    1.0
                ]
            ]
        },
        {
            "file_path": "/data/shapenet_blender/all_50_random/02958343/8e39ba11949027ce14914b7641b2fd67/r_40",
            "rotation": 0.12566370614359174,
            "transform_matrix": [
                [
                    -0.6706502437591553,
                    -0.14097130298614502,
                    -0.728255033493042,
                    -2.935689926147461
                ],
                [
                    -0.741773784160614,
                    0.12745451927185059,
                    0.6584276556968689,
                    2.6542067527770996
                ],
                [
                    -7.450581485102248e-09,
                    0.9817751049995422,
                    -0.19004620611667633,
                    -0.7661007642745972
                ],
                [
                    0.0,
                    0.0,
                    0.0,
                    1.0
                ]
            ]
        },
        {
            "file_path": "/data/shapenet_blender/all_50_random/02958343/8e39ba11949027ce14914b7641b2fd67/r_41",
            "rotation": 0.12566370614359174,
            "transform_matrix": [
                [
                    -0.9668603539466858,
                    -0.17411313951015472,
                    -0.18672335147857666,
                    -0.7527059316635132
                ],
                [
                    -0.255305677652359,
                    0.6593785285949707,
                    0.7071342468261719,
                    2.8505492210388184
                ],
                [
                    7.450580152834618e-09,
