{
    "class": "02958343",
    "model": "8e145be3c332199dd6821061f4432a0",
    "remove_doubles": true,
    "edge_split": true,
    "denoise": true,
    "camera_angle_x": 0.6911112070083618,
    "scale_factor": 2.2223803550305266,
    "hdri_file": "/data/IndoorHDRDataset2018/AG8A9213-6ccf62da91.exr",
    "center_offset": [
        0.0,
        0.0,
        -1.862645149230957e-09
    ],
    "lights": [],
    "frames": [
        {
            "file_path": "/data/shapenet_blender/all_50_random/02958343/8e145be3c332199dd6821061f4432a0/r_0",
            "rotation": 0.12566370614359174,
            "transform_matrix": [
                [
                    0.3252994418144226,
                    -0.5258980989456177,
                    -0.7858825922012329,
                    -3.1679940223693848
                ],
                [
                    -0.9456111192703247,
                    -0.18091408908367157,
                    -0.2703512907028198,
                    -1.0898208618164062
                ],
                [
                    0.0,
                    0.8310843706130981,
                    -0.5561463236808777,
                    -2.2418975830078125
                ],
                [
                    0.0,
                    0.0,
                    0.0,
                    1.0
                ]
            ]
        },
        {
            "file_path": "/data/shapenet_blender/all_50_random/02958343/8e145be3c332199dd6821061f4432a0/r_1",
            "rotation": 0.12566370614359174,
            "transform_matrix": [
                [
                    -0.8726587891578674,
                    0.07883135974407196,
                    -0.4819256663322449,
                    -1.9427045583724976
                ],
                [
                    -0.4883306324481964,
                    -0.14087358117103577,
                    0.861212968826294,
                    3.471660614013672
                ],
                [
                    0.0,
                    0.9868839979171753,
                    0.16143032908439636,
                    0.6507464647293091
                ],
                [
                    0.0,
                    0.0,
                    0.0,
                    1.0
                ]
            ]
        },
        {
            "file_path": "/data/shapenet_blender/all_50_random/02958343/8e145be3c332199dd6821061f4432a0/r_2",
            "rotation": 0.12566370614359174,
            "transform_matrix": [
                [
                    -0.0348953939974308,
                    -0.7758226990699768,
                    0.6299853324890137,
                    2.5395522117614746
                ],
                [
                    0.9993910789489746,
                    -0.027089133858680725,
                    0.021996980533003807,
                    0.08867266774177551
                ],
                [
                    1.862645371275562e-09,
                    0.6303691267967224,
                    0.7762954831123352,
                    3.129347085952759
                ],
                [
                    0.0,
                    0.0,
                    0.0,
                    1.0
                ]
            ]
        },
        {
            "file_path": "/data/shapenet_blender/all_50_random/02958343/8e145be3c332199dd6821061f4432a0/r_3",
            "rotation": 0.12566370614359174,
            "transform_matrix": [
                [
                    -0.9988540410995483,
                    -0.000552081037312746,
                    0.047856785356998444,
                    0.1929168701171875
                ],
                [
                    0.04785997048020363,
                    -0.011522120796144009,
                    0.9987875819206238,
                    4.026241302490234
                ],
                [
                    0.0,
                    0.9999334812164307,
                    0.011535339057445526,
                    0.04650043696165085
                ],
                [
                    0.0,
                    0.0,
                    0.0,
                    1.0
                ]
            ]
        },
        {
            "file_path": "/data/shapenet_blender/all_50_random/02958343/8e145be3c332199dd6821061f4432a0/r_4",
            "rotation": 0.12566370614359174,
            "transform_matrix": [
                [
                    0.4890948235988617,
                    -0.743840217590332,
                    -0.45550841093063354,
                    -1.836213231086731
                ],
                [
                    -0.872230589389801,
                    -0.4171011745929718,
                    -0.255421906709671,
                    -1.0296387672424316
                ],
                [
                    1.4901160305669237e-08,
                    0.5222338438034058,
                    -0.8528022170066833,
                    -3.437755823135376
                ],
                [
                    0.0,
                    0.0,
                    0.0,
                    1.0
                ]
            ]
        },
        {
            "file_path": "/data/shapenet_blender/all_50_random/02958343/8e145be3c332199dd6821061f4432a0/r_5",
            "rotation": 0.12566370614359174,
            "transform_matrix": [
                [
                    -0.9318029880523682,
                    0.036324404180049896,
                    -0.36114242672920227,
                    -1.4558117389678955
                ],
                [
                    -0.3629646301269531,
                    -0.0932520255446434,
                    0.9271249771118164,
                    3.7373602390289307
                ],
                [
                    0.0,
                    0.9949796795845032,
                    0.10007698088884354,
                    0.4034232199192047
                ],
                [
                    0.0,
                    0.0,
                    0.0,
                    1.0
                ]
            ]
        },
        {
            "file_path": "/data/shapenet_blender/all_50_random/02958343/8e145be3c332199dd6821061f4432a0/r_6",
            "rotation": 0.12566370614359174,
            "transform_matrix": [
                [
                    -0.9629254937171936,
                    -0.24989575147628784,
                    0.10162041336297989,
                    0.4096450209617615
                ],
                [
                    0.2697676718235016,
                    -0.8919934630393982,
                    0.3627302050590515,
                    1.462212324142456
                ],
                [
                    7.450580596923828e-09,
                    0.3766961097717285,
                    0.9263368248939514,
                    3.7341833114624023
                ],
                [
                    0.0,
                    0.0,
                    0.0,
                    1.0
                ]
            ]
        },
        {
            "file_path": "/data/shapenet_blender/all_50_random/02958343/8e145be3c332199dd6821061f4432a0/r_7",
            "rotation": 0.12566370614359174,
            "transform_matrix": [
                [
                    -0.6801095604896545,
                    0.6652700304985046,
                    0.3080042600631714,
                    1.2416050434112549
                ],
                [
                    0.7331104278564453,
                    0.6171737909317017,
                    0.2857368290424347,
                    1.1518421173095703
                ],
                [
                    0.0,
                    0.42013347148895264,
                    -0.9074622392654419,
                    -3.658097505569458
                ],
                [
                    0.0,
                    0.0,
                    0.0,
                    1.0
                ]
            ]
        },
        {
            "file_path": "/data/shapenet_blender/all_50_random/02958343/8e145be3c332199dd6821061f4432a0/r_8",
            "rotation": 0.12566370614359174,
            "transform_matrix": [
                [
                    -0.09806299954652786,
                    0.03036406636238098,
                    0.9947168231010437,
                    4.00983190536499
                ],
                [
                    0.9951801896095276,
                    0.002992012072354555,
                    0.09801733493804932,
                    0.3951205313205719
                ],
                [
                    0.0,
                    0.9995343685150146,
                    -0.030511122196912766,
                    -0.12299427390098572
                ],
                [
                    0.0,
                    0.0,
                    0.0,
                    1.0
                ]
            ]
        },
        {
            "file_path": "/data/shapenet_blender/all_50_random/02958343/8e145be3c332199dd6821061f4432a0/r_9",
            "rotation": 0.12566370614359174,
            "transform_matrix": [
                [
                    -0.025588897988200188,
                    0.4176141321659088,
                    0.90826416015625,
                    3.661329507827759
                ],
                [
                    0.9996724724769592,
                    0.01068978663533926,
                    0.02324909344315529,
                    0.09372007846832275
                ],
                [
                    -9.313224080820248e-10,
                    0.908561646938324,
                    -0.41775092482566833,
                    -1.6840076446533203
                ],
                [
                    0.0,
                    0.0,
                    0.0,
                    1.0
                ]
            ]
        },
        {
            "file_path": "/data/shapenet_blender/all_50_random/02958343/8e145be3c332199dd6821061f4432a0/r_10",
            "rotation": 0.12566370614359174,
            "transform_matrix": [
                [
                    -0.058720365166664124,
                    0.7705884575843811,
                    -0.6346222758293152,
                    -2.558244228363037
                ],
                [
                    -0.9982745051383972,
                    -0.04532744735479355,
                    0.03732966259121895,
                    0.15048068761825562
                ],
                [
                    0.0,
                    0.6357191801071167,
                    0.7719203233718872,
                    3.1117103099823
                ],
                [
                    0.0,
                    0.0,
                    0.0,
                    1.0
                ]
            ]
        },
        {
            "file_path": "/data/shapenet_blender/all_50_random/02958343/8e145be3c332199dd6821061f4432a0/r_11",
            "rotation": 0.12566370614359174,
            "transform_matrix": [
                [
                    0.920491099357605,
                    0.17005734145641327,
                    0.3518189787864685,
                    1.4182277917861938
                ],
                [
                    0.390763521194458,
                    -0.40059083700180054,
                    -0.8287525177001953,
                    -3.340808391571045
                ],
                [
                    0.0,
                    0.9003373980522156,
                    -0.4351924657821655,
                    -1.754317045211792
                ],
                [
                    0.0,
                    0.0,
                    0.0,
                    1.0
                ]
            ]
        },
        {
            "file_path": "/data/shapenet_blender/all_50_random/02958343/8e145be3c332199dd6821061f4432a0/r_12",
            "rotation": 0.12566370614359174,
            "transform_matrix": [
                [
                    0.99779212474823,
                    0.058232925832271576,
                    -0.03193416818976402,
                    -0.12873074412345886
                ],
                [
                    -0.06641433387994766,
                    0.8748767375946045,
                    -0.47977083921432495,
                    -1.9340181350708008
                ],
                [
                    1.8626449271863521e-09,
                    0.48083239793777466,
                    0.8768125176429749,
                    3.5345442295074463
                ],
                [
                    0.0,
                    0.0,
                    0.0,
                    1.0
                ]
            ]
        },
        {
            "file_path": "/data/shapenet_blender/all_50_random/02958343/8e145be3c332199dd6821061f4432a0/r_13",
            "rotation": 0.12566370614359174,
            "transform_matrix": [
                [
                    -0.4333499073982239,
                    0.3399725556373596,
                    -0.8346415758132935,
                    -3.3645474910736084
                ],
                [
                    -0.9012256860733032,
                    -0.16347411274909973,
                    0.4013332426548004,
                    1.6178258657455444
                ],
                [
                    0.0,
                    0.9261181354522705,
                    0.3772335946559906,
                    1.520677089691162
                ],
                [
                    0.0,
                    0.0,
                    0.0,
                    1.0
                ]
            ]
        },
        {
            "file_path": "/data/shapenet_blender/all_50_random/02958343/8e145be3c332199dd6821061f4432a0/r_14",
            "rotation": 0.12566370614359174,
            "transform_matrix": [
                [
                    -0.48403143882751465,
                    -0.7930072546005249,
                    -0.36993661522865295,
                    -1.4912623167037964
                ],
                [
                    -0.8750506639480591,
                    0.43864938616752625,
                    0.20462924242019653,
                    0.8248869180679321
                ],
                [
                    0.0,
                    0.4227602779865265,
                    -0.9062414765357971,
                    -3.6531765460968018
                ],
                [
                    0.0,
                    0.0,
                    0.0,
                    1.0
                ]
            ]
        },
        {
            "file_path": "/data/shapenet_blender/all_50_random/02958343/8e145be3c332199dd6821061f4432a0/r_15",
            "rotation": 0.12566370614359174,
            "transform_matrix": [
                [
                    -0.6297038793563843,
                    -0.7169280648231506,
                    0.29914411902427673,
                    1.2058885097503662
                ],
                [
                    0.7768353819847107,
                    -0.5811428427696228,
                    0.2424866408109665,
                    0.9774948954582214
                ],
                [
                    -1.4901164746561335e-08,
                    0.385080486536026,
                    0.9228829145431519,
                    3.7202601432800293
                ],
                [
                    0.0,
                    0.0,
                    0.0,
                    1.0
                ]
            ]
        },
        {
            "file_path": "/data/shapenet_blender/all_50_random/02958343/8e145be3c332199dd6821061f4432a0/r_16",
            "rotation": 0.12566370614359174,
            "transform_matrix": [
                [
                    -0.9997438788414001,
                    -0.004931099247187376,
                    0.02208976447582245,
                    0.08904668688774109
                ],
                [
                    0.02263345941901207,
                    -0.21781188249588013,
                    0.9757282733917236,
                    3.933286428451538
                ],
                [
                    0.0,
                    0.9759781956672668,
                    0.21786771714687347,
                    0.8782528638839722
                ],
                [
                    0.0,
                    0.0,
                    0.0,
                    1.0
                ]
            ]
        },
        {
            "file_path": "/data/shapenet_blender/all_50_random/02958343/8e145be3c332199dd6821061f4432a0/r_17",
            "rotation": 0.12566370614359174,
            "transform_matrix": [
                [
                    -0.6112273931503296,
                    0.6822494268417358,
                    -0.4011690616607666,
                    -1.6171643733978271
                ],
                [
                    -0.7914549708366394,
                    -0.5268898010253906,
                    0.3098161518573761,
                    1.2489089965820312
                ],
                [
                    1.4901161193847656e-08,
                    0.5068754553794861,
                    0.8620192408561707,
                    3.4749109745025635
                ],
                [
                    0.0,
                    0.0,
                    0.0,
                    1.0
                ]
            ]
        },
        {
            "file_path": "/data/shapenet_blender/all_50_random/02958343/8e145be3c332199dd6821061f4432a0/r_18",
            "rotation": 0.12566370614359174,
            "transform_matrix": [
                [
                    -0.545566976070404,
                    -0.8269769549369812,
                    -0.13588915765285492,
                    -0.5477867126464844
                ],
                [
                    -0.8380672335624695,
                    0.5383474230766296,
                    0.08846145123243332,
                    0.35659950971603394
                ],
                [
                    -7.450580596923828e-09,
                    0.16214564442634583,
                    -0.9867668151855469,
                    -3.9777841567993164
                ],
                [
                    0.0,
                    0.0,
                    0.0,
                    1.0
                ]
            ]
        },
        {
            "file_path": "/data/shapenet_blender/all_50_random/02958343/8e145be3c332199dd6821061f4432a0/r_19",
            "rotation": 0.12566370614359174,
            "transform_matrix": [
                [
                    -0.870317280292511,
                    -0.17182184755802155,
                    0.46154654026031494,
                    1.8605537414550781
                ],
                [
                    0.4924916625022888,
                    -0.3036386966705322,
                    0.8156319260597229,
                    3.2879176139831543
                ],
                [
                    0.0,
                    0.9371662735939026,
                    0.3488827645778656,
                    1.4063915014266968
                ],
                [
                    0.0,
                    0.0,
                    0.0,
                    1.0
                ]
            ]
        },
        {
            "file_path": "/data/shapenet_blender/all_50_random/02958343/8e145be3c332199dd6821061f4432a0/r_20",
            "rotation": 0.12566370614359174,
            "transform_matrix": [
                [
                    -0.3381778597831726,
                    -0.732586145401001,
                    -0.5907225608825684,
                    -2.3812789916992188
                ],
                [
                    -0.941082239151001,
                    0.2632547914981842,
                    0.2122761458158493,
                    0.8557125926017761
                ],
                [
                    -1.4901161193847656e-08,
                    0.6277055740356445,
                    -0.7784507274627686,
                    -3.138035535812378
                ],
                [
                    0.0,
                    0.0,
                    0.0,
                    1.0
                ]
            ]
        },
        {
            "file_path": "/data/shapenet_blender/all_50_random/02958343/8e145be3c332199dd6821061f4432a0/r_21",
            "rotation": 0.12566370614359174,
            "transform_matrix": [
                [
                    0.08226054906845093,
                    -0.03518780320882797,
                    0.9959895014762878,
                    4.014962196350098
                ],
                [
                    0.9966108202934265,
                    0.002904411405324936,
                    -0.0822092592716217,
                    -0.3313961327075958
                ],
                [
                    -2.3283061589829401e-10,
                    0.9993765354156494,
                    0.035307466983795166,
                    0.14232894778251648
                ],
                [
                    0.0,
                    0.0,
                    0.0,
                    1.0
                ]
            ]
        },
        {
            "file_path": "/data/shapenet_blender/all_50_random/02958343/8e145be3c332199dd6821061f4432a0/r_22",
            "rotation": 0.12566370614359174,
            "transform_matrix": [
                [
                    0.44851118326187134,
                    0.6570025682449341,
                    0.6059582233428955,
                    2.4426958560943604
                ],
                [
                    0.8937772512435913,
                    -0.3296939730644226,
                    -0.3040791451931,
                    -1.2257823944091797
                ],
                [
                    0.0,
                    0.6779746413230896,
                    -0.7350852489471436,
                    -2.963223695755005
                ],
                [
                    0.0,
                    0.0,
                    0.0,
                    1.0
                ]
            ]
        },
        {
            "file_path": "/data/shapenet_blender/all_50_random/02958343/8e145be3c332199dd6821061f4432a0/r_23",
            "rotation": 0.12566370614359174,
            "transform_matrix": [
                [
                    -0.933943510055542,
                    0.13773635029792786,
                    -0.32981523871421814,
                    -1.329527735710144
                ],
                [
                    -0.3574204444885254,
                    -0.35990655422210693,
                    0.8618108034133911,
                    3.4740703105926514
                ],
                [
                    0.0,
                    0.9227654337882996,
                    0.3853622376918793,
                    1.553444743156433
                ],
                [
                    0.0,
                    0.0,
                    0.0,
                    1.0
                ]
            ]
        },
        {
            "file_path": "/data/shapenet_blender/all_50_random/02958343/8e145be3c332199dd6821061f4432a0/r_24",
            "rotation": 0.12566370614359174,
            "transform_matrix": [
                [
                    -0.976128101348877,
                    0.0036535882391035557,
                    0.2171649932861328,
                    0.875420093536377
                ],
                [
                    0.21719571948051453,
                    0.016420073807239532,
                    0.9759899973869324,
                    3.9343414306640625
                ],
                [
                    4.656612873077393e-10,
                    0.9998584985733032,
                    -0.016821641474962234,
                    -0.06781020760536194
                ],
                [
                    0.0,
                    0.0,
                    0.0,
                    1.0
                ]
            ]
        },
        {
            "file_path": "/data/shapenet_blender/all_50_random/02958343/8e145be3c332199dd6821061f4432a0/r_25",
            "rotation": 0.12566370614359174,
            "transform_matrix": [
                [
                    0.49157920479774475,
                    -0.7204403877258301,
                    0.48919880390167236,
                    1.972023606300354
                ],
                [
                    0.8708329200744629,
                    0.40668365359306335,
                    -0.27614933252334595,
                    -1.1131936311721802
                ],
                [
                    -1.4901162970204496e-08,
                    0.5617596507072449,
                    0.8273003101348877,
                    3.3349545001983643
                ],
                [
                    0.0,
                    0.0,
                    0.0,
                    1.0
                ]
            ]
        },
        {
            "file_path": "/data/shapenet_blender/all_50_random/02958343/8e145be3c332199dd6821061f4432a0/r_26",
            "rotation": 0.12566370614359174,
            "transform_matrix": [
                [
                    -0.9793193340301514,
                    0.09082070738077164,
                    0.1807909905910492,
                    0.7287917733192444
                ],
                [
                    0.20232099294662476,
                    0.43961071968078613,
                    0.8751049637794495,
                    3.527660846710205
                ],
                [
                    -7.450580596923828e-09,
                    0.8935849666595459,
                    -0.4488941431045532,
                    -1.809550166130066
                ],
                [
                    0.0,
                    0.0,
                    0.0,
                    1.0
                ]
            ]
        },
        {
            "file_path": "/data/shapenet_blender/all_50_random/02958343/8e145be3c332199dd6821061f4432a0/r_27",
            "rotation": 0.12566370614359174,
            "transform_matrix": [
                [
                    0.4926949739456177,
                    0.2046404480934143,
                    -0.8457977771759033,
                    -3.409519910812378
                ],
                [
                    -0.8702021241188049,
                    0.11586426198482513,
                    -0.47887763381004333,
                    -1.930417537689209
                ],
                [
                    0.0,
                    0.9719555974006653,
                    0.23516426980495453,
                    0.9479774832725525
                ],
                [
                    0.0,
                    0.0,
                    0.0,
                    1.0
                ]
            ]
        },
        {
            "file_path": "/data/shapenet_blender/all_50_random/02958343/8e145be3c332199dd6821061f4432a0/r_28",
            "rotation": 0.12566370614359174,
            "transform_matrix": [
                [
                    0.960517406463623,
                    0.24023933708667755,
                    0.14032579958438873,
                    0.5656713843345642
                ],
                [
                    0.2782198488712311,
                    -0.8293946385383606,
                    -0.4844563603401184,
                    -1.9529060125350952
                ],
                [
                    -7.450581485102248e-09,
                    0.5043701529502869,
                    -0.8634874820709229,
                    -3.4808294773101807
                ],
                [
                    0.0,
                    0.0,
                    0.0,
                    1.0
                ]
            ]
        },
        {
            "file_path": "/data/shapenet_blender/all_50_random/02958343/8e145be3c332199dd6821061f4432a0/r_29",
            "rotation": 0.12566370614359174,
            "transform_matrix": [
                [
                    0.9765791893005371,
                    0.13478384912014008,
                    -0.16770939528942108,
                    -0.6760581731796265
                ],
                [
                    -0.2151583880186081,
                    0.611768364906311,
                    -0.7612136602401733,
                    -3.0685503482818604
                ],
                [
                    -7.450581485102248e-09,
                    0.7794694304466248,
                    0.626440167427063,
                    2.525261163711548
                ],
                [
                    0.0,
                    0.0,
                    0.0,
                    1.0
                ]
            ]
        },
        {
            "file_path": "/data/shapenet_blender/all_50_random/02958343/8e145be3c332199dd6821061f4432a0/r_30",
            "rotation": 0.12566370614359174,
            "transform_matrix": [
                [
                    0.30824482440948486,
                    -0.7355133295059204,
                    0.60332852602005,
                    2.4320950508117676
                ],
                [
                    0.9513071179389954,
                    0.23832280933856964,
                    -0.1954919546842575,
                    -0.7880532741546631
                ],
                [
                    0.0,
                    0.6342099905014038,
                    0.7731607556343079,
                    3.116710662841797
                ],
                [
                    0.0,
                    0.0,
                    0.0,
                    1.0
                ]
            ]
        },
        {
            "file_path": "/data/shapenet_blender/all_50_random/02958343/8e145be3c332199dd6821061f4432a0/r_31",
            "rotation": 0.12566370614359174,
            "transform_matrix": [
                [
                    0.4754403829574585,
                    0.8264620900154114,
                    -0.30152398347854614,
                    -1.2154819965362549
                ],
                [
                    -0.8797478079795837,
                    0.44664329290390015,
                    -0.1629520207643509,
                    -0.6568806171417236
                ],
                [
                    0.0,
                    0.3427392840385437,
                    0.9394306540489197,
                    3.786965847015381
                ],
                [
                    0.0,
                    0.0,
                    0.0,
                    1.0
                ]
            ]
        },
        {
            "file_path": "/data/shapenet_blender/all_50_random/02958343/8e145be3c332199dd6821061f4432a0/r_32",
            "rotation": 0.12566370614359174,
            "transform_matrix": [
                [
                    -0.4835280776023865,
                    0.6931517720222473,
                    0.534547746181488,
                    2.1548309326171875
                ],
                [
                    0.8753288388252258,
                    0.3828941881656647,
                    0.2952819764614105,
                    1.1903197765350342
                ],
                [
                    0.0,
                    0.6106821894645691,
                    -0.7918757200241089,
                    -3.192153215408325
                ],
                [
                    0.0,
                    0.0,
                    0.0,
                    1.0
                ]
            ]
        },
        {
            "file_path": "/data/shapenet_blender/all_50_random/02958343/8e145be3c332199dd6821061f4432a0/r_33",
            "rotation": 0.12566370614359174,
            "transform_matrix": [
                [
                    -0.6085273623466492,
                    -0.38099202513694763,
                    0.6960886120796204,
                    2.806023120880127
                ],
                [
                    0.7935327887535095,
                    -0.29216697812080383,
                    0.5338014960289001,
                    2.151822805404663
                ],
                [
                    -1.4901160305669237e-08,
                    0.8772020936012268,
                    0.48012131452560425,
                    1.9354310035705566
                ],
                [
                    0.0,
                    0.0,
                    0.0,
                    1.0
                ]
            ]
        },
        {
            "file_path": "/data/shapenet_blender/all_50_random/02958343/8e145be3c332199dd6821061f4432a0/r_34",
            "rotation": 0.12566370614359174,
            "transform_matrix": [
                [
                    -0.8063417077064514,
                    0.2507942318916321,
                    0.5356447100639343,
                    2.159252643585205
                ],
                [
                    0.5914498567581177,
                    0.34191545844078064,
                    0.7302608489990234,
                    2.943775177001953
                ],
                [
                    0.0,
                    0.9056467413902283,
                    -0.4240330457687378,
                    -1.7093316316604614
                ],
                [
                    0.0,
                    0.0,
                    0.0,
                    1.0
                ]
            ]
        },
        {
            "file_path": "/data/shapenet_blender/all_50_random/02958343/8e145be3c332199dd6821061f4432a0/r_35",
            "rotation": 0.12566370614359174,
            "transform_matrix": [
                [
                    0.6846821904182434,
                    -0.6125922203063965,
                    0.39489373564720154,
                    1.5918675661087036
                ],
                [
                    0.7288417220115662,
                    0.5754760503768921,
                    -0.3709676265716553,
                    -1.4954183101654053
                ],
                [
                    0.0,
                    0.5418100357055664,
                    0.8405010104179382,
                    3.3881678581237793
                ],
                [
                    0.0,
                    0.0,
                    0.0,
                    1.0
                ]
            ]
        },
        {
            "file_path": "/data/shapenet_blender/all_50_random/02958343/8e145be3c332199dd6821061f4432a0/r_36",
            "rotation": 0.12566370614359174,
            "transform_matrix": [
                [
                    0.999460756778717,
                    0.0014378894120454788,
                    -0.03280417621135712,
                    -0.13223785161972046
                ],
                [
                    -0.032835669815540314,
                    0.04376685246825218,
                    -0.9985020756721497,
                    -4.025090217590332
                ],
                [
                    -1.1641530794914701e-10,
                    0.9990407228469849,
                    0.04379046708345413,
                    0.17652499675750732
                ],
                [
                    0.0,
                    0.0,
                    0.0,
                    1.0
                ]
            ]
        },
        {
            "file_path": "/data/shapenet_blender/all_50_random/02958343/8e145be3c332199dd6821061f4432a0/r_37",
            "rotation": 0.12566370614359174,
            "transform_matrix": [
                [
                    0.9345219135284424,
                    0.09313316643238068,
                    0.34350404143333435,
                    1.384709119796753
                ],
                [
                    0.3559056222438812,
                    -0.2445451319217682,
                    -0.9019583463668823,
                    -3.6359105110168457
                ],
                [
                    7.450580596923828e-09,
                    0.9651548266410828,
                    -0.26167941093444824,
                    -1.054863452911377
                ],
                [
                    0.0,
                    0.0,
                    0.0,
                    1.0
                ]
            ]
        },
        {
            "file_path": "/data/shapenet_blender/all_50_random/02958343/8e145be3c332199dd6821061f4432a0/r_38",
            "rotation": 0.12566370614359174,
            "transform_matrix": [
                [
                    -0.6536538004875183,
                    0.37011727690696716,
                    -0.660113513469696,
                    -2.6610026359558105
                ],
                [
                    -0.7567936778068542,
                    -0.3196757435798645,
                    0.5701497197151184,
                    2.298346996307373
                ],
                [
                    -1.4901159417490817e-08,
                    0.8722503781318665,
                    0.4890596866607666,
                    1.9714624881744385
                ],
                [
                    0.0,
                    0.0,
                    0.0,
                    1.0
                ]
            ]
        },
        {
            "file_path": "/data/shapenet_blender/all_50_random/02958343/8e145be3c332199dd6821061f4432a0/r_39",
            "rotation": 0.12566370614359174,
            "transform_matrix": [
                [
                    -0.8406519889831543,
                    -0.33785390853881836,
                    0.42327171564102173,
                    1.7062628269195557
                ],
                [
                    0.5415756702423096,
                    -0.5244281888008118,
                    0.6570165753364563,
                    2.6485185623168945
                ],
                [
                    0.0,
                    0.7815558910369873,
                    0.6238350868225098,
                    2.5147597789764404
                ],
                [
                    0.0,
                    0.0,
                    0.0,
                    1.0
                ]
            ]
        },
        {
            "file_path": "/data/shapenet_blender/all_50_random/02958343/8e145be3c332199dd6821061f4432a0/r_40",
            "rotation": 0.12566370614359174,
            "transform_matrix": [
                [
                    -0.638064980506897,
                    -0.06046810746192932,
                    0.7676045298576355,
                    3.0943126678466797
                ],
                [
                    0.7699825763702393,
                    -0.05010838061571121,
                    0.636094331741333,
                    2.564178228378296
                ],
                [
                    -3.725290298461914e-09,
                    0.9969116449356079,
                    0.07853179425001144,
                    0.31657177209854126
                ],
                [
                    0.0,
                    0.0,
                    0.0,
                    1.0
                ]
            ]
        },
        {
            "file_path": "/data/shapenet_blender/all_50_random/02958343/8e145be3c332199dd6821061f4432a0/r_41",
            "rotation": 0.12566370614359174,
            "transform_matrix": [
                [
                    -0.8073001503944397,
                    -0.33689549565315247,
                    0.4845285415649414,
                    1.9531971216201782
                ],
                [
                    0.5901411175727844,
                    -0.46086567640304565,
                    0.6628244519233704,
                    2.671931028366089
                ],
                [
                    0.0,
                    0.821038544178009,
