{
    "class": "02958343",
    "model": "65ea0311528b1e5f16abce8cb03e7794",
    "remove_doubles": true,
    "edge_split": true,
    "denoise": true,
    "camera_angle_x": 0.6911112070083618,
    "scale_factor": 2.1968944402341952,
    "hdri_file": "/data/IndoorHDRDataset2018/AG8A0890-2eba4bc843.exr",
    "center_offset": [
        0.0,
        0.0,
        -2.7939677238464355e-09
    ],
    "lights": [],
    "frames": [
        {
            "file_path": "/data/shapenet_blender/all_50_random/02958343/65ea0311528b1e5f16abce8cb03e7794/r_0",
            "rotation": 0.12566370614359174,
            "transform_matrix": [
                [
                    -0.16321724653244019,
                    0.599662721157074,
                    0.7834312319755554,
                    3.1581125259399414
                ],
                [
                    0.9865901470184326,
                    0.0992056354880333,
                    0.12960751354694366,
                    0.5224646329879761
                ],
                [
                    0.0,
                    0.7940796613693237,
                    -0.6078134179115295,
                    -2.450174570083618
                ],
                [
                    0.0,
                    0.0,
                    0.0,
                    1.0
                ]
            ]
        },
        {
            "file_path": "/data/shapenet_blender/all_50_random/02958343/65ea0311528b1e5f16abce8cb03e7794/r_1",
            "rotation": 0.12566370614359174,
            "transform_matrix": [
                [
                    0.22033628821372986,
                    -0.022131958976387978,
                    -0.975172758102417,
                    -3.9310474395751953
                ],
                [
                    -0.9754239916801453,
                    -0.0049993377178907394,
                    -0.2202795445919037,
                    -0.8879753351211548
                ],
                [
                    0.0,
                    0.9997425675392151,
                    -0.02268957532942295,
                    -0.09146460890769958
                ],
                [
                    0.0,
                    0.0,
                    0.0,
                    1.0
                ]
            ]
        },
        {
            "file_path": "/data/shapenet_blender/all_50_random/02958343/65ea0311528b1e5f16abce8cb03e7794/r_2",
            "rotation": 0.12566370614359174,
            "transform_matrix": [
                [
                    0.9728803038597107,
                    0.1495637744665146,
                    0.17645014822483063,
                    0.7112932801246643
                ],
                [
                    0.23130926489830017,
                    -0.6290610432624817,
                    -0.7421443462371826,
                    -2.9916796684265137
                ],
                [
                    7.450580596923828e-09,
                    0.7628322243690491,
                    -0.6465964913368225,
                    -2.606513738632202
                ],
                [
                    0.0,
                    0.0,
                    0.0,
                    1.0
                ]
            ]
        },
        {
            "file_path": "/data/shapenet_blender/all_50_random/02958343/65ea0311528b1e5f16abce8cb03e7794/r_3",
            "rotation": 0.12566370614359174,
            "transform_matrix": [
                [
                    0.3353041708469391,
                    0.19061873853206635,
                    0.9226242303848267,
                    3.719217538833618
                ],
                [
                    0.9421099424362183,
                    -0.06784266978502274,
                    -0.32836902141571045,
                    -1.3236980438232422
                ],
                [
                    7.450580596923828e-09,
                    0.9793170094490051,
                    -0.20233172178268433,
                    -0.8156253099441528
                ],
                [
                    0.0,
                    0.0,
                    0.0,
                    1.0
                ]
            ]
        },
        {
            "file_path": "/data/shapenet_blender/all_50_random/02958343/65ea0311528b1e5f16abce8cb03e7794/r_4",
            "rotation": 0.12566370614359174,
            "transform_matrix": [
                [
                    0.43011707067489624,
                    -0.23923024535179138,
                    0.8704988360404968,
                    3.5090930461883545
                ],
                [
                    0.9027731418609619,
                    0.113978810608387,
                    -0.41474029421806335,
                    -1.6718716621398926
                ],
                [
                    0.0,
                    0.9642497897148132,
                    0.26499488949775696,
                    1.0682286024093628
                ],
                [
                    0.0,
                    0.0,
                    0.0,
                    1.0
                ]
            ]
        },
        {
            "file_path": "/data/shapenet_blender/all_50_random/02958343/65ea0311528b1e5f16abce8cb03e7794/r_5",
            "rotation": 0.12566370614359174,
            "transform_matrix": [
                [
                    -0.9347487092018127,
                    -0.2811468243598938,
                    -0.21725896000862122,
                    -0.8757988810539246
                ],
                [
                    -0.35530975461006165,
                    0.7396408915519714,
                    0.5715647339820862,
                    2.304051160812378
                ],
                [
                    0.0,
                    0.6114634871482849,
                    -0.7912725210189819,
                    -3.1897215843200684
                ],
                [
                    0.0,
                    0.0,
                    0.0,
                    1.0
                ]
            ]
        },
        {
            "file_path": "/data/shapenet_blender/all_50_random/02958343/65ea0311528b1e5f16abce8cb03e7794/r_6",
            "rotation": 0.12566370614359174,
            "transform_matrix": [
                [
                    -0.4453059732913971,
                    0.2325565069913864,
                    -0.8646502494812012,
                    -3.4855167865753174
                ],
                [
                    -0.8953785300254822,
                    -0.11565923690795898,
                    0.4300236105918884,
                    1.73348069190979
                ],
                [
                    0.0,
                    0.9656811952590942,
                    0.25972986221313477,
                    1.0470046997070312
                ],
                [
                    0.0,
                    0.0,
                    0.0,
                    1.0
                ]
            ]
        },
        {
            "file_path": "/data/shapenet_blender/all_50_random/02958343/65ea0311528b1e5f16abce8cb03e7794/r_7",
            "rotation": 0.12566370614359174,
            "transform_matrix": [
                [
                    0.8345777988433838,
                    -0.4623034596443176,
                    0.2995918393135071,
                    1.2076934576034546
                ],
                [
                    0.5508899092674255,
                    0.700372576713562,
                    -0.4538705348968506,
                    -1.829610824584961
                ],
                [
                    0.0,
                    0.5438324809074402,
                    0.8391937017440796,
                    3.3828983306884766
                ],
                [
                    0.0,
                    0.0,
                    0.0,
                    1.0
                ]
            ]
        },
        {
            "file_path": "/data/shapenet_blender/all_50_random/02958343/65ea0311528b1e5f16abce8cb03e7794/r_8",
            "rotation": 0.12566370614359174,
            "transform_matrix": [
                [
                    -0.9143968820571899,
                    -0.14083221554756165,
                    0.3795323073863983,
                    1.5299437046051025
                ],
                [
                    0.4048191010951996,
                    -0.31810882687568665,
                    0.8572795987129211,
                    3.4558045864105225
                ],
                [
                    -7.450581485102248e-09,
                    0.9375355839729309,
                    0.3478892743587494,
                    1.4023865461349487
                ],
                [
                    0.0,
                    0.0,
                    0.0,
                    1.0
                ]
            ]
        },
        {
            "file_path": "/data/shapenet_blender/all_50_random/02958343/65ea0311528b1e5f16abce8cb03e7794/r_9",
            "rotation": 0.12566370614359174,
            "transform_matrix": [
                [
                    0.9986315369606018,
                    0.023680850863456726,
                    0.04663034901022911,
                    0.18797294795513153
                ],
                [
                    0.052298881113529205,
                    -0.45217883586883545,
                    -0.8903926610946655,
                    -3.589287519454956
                ],
                [
                    0.0,
                    0.8916128277778625,
                    -0.4527985155582428,
                    -1.825289249420166
                ],
                [
                    0.0,
                    0.0,
                    0.0,
                    1.0
                ]
            ]
        },
        {
            "file_path": "/data/shapenet_blender/all_50_random/02958343/65ea0311528b1e5f16abce8cb03e7794/r_10",
            "rotation": 0.12566370614359174,
            "transform_matrix": [
                [
                    -0.5971187949180603,
                    -0.31914159655570984,
                    0.735933244228363,
                    2.966641902923584
                ],
                [
                    0.8021528124809265,
                    -0.23756751418113708,
                    0.547825276851654,
                    2.2083542346954346
                ],
                [
                    0.0,
                    0.9174477458000183,
                    0.39785629510879517,
                    1.6038100719451904
                ],
                [
                    0.0,
                    0.0,
                    0.0,
                    1.0
                ]
            ]
        },
        {
            "file_path": "/data/shapenet_blender/all_50_random/02958343/65ea0311528b1e5f16abce8cb03e7794/r_11",
            "rotation": 0.12566370614359174,
            "transform_matrix": [
                [
                    -0.4079810082912445,
                    -0.21212559938430786,
                    0.8880056738853455,
                    3.5796656608581543
                ],
                [
                    0.9129904508590698,
                    -0.09479092806577682,
                    0.396816223859787,
                    1.5996174812316895
                ],
                [
                    0.0,
                    0.9726341366767883,
                    0.23234154284000397,
                    0.9365987777709961
                ],
                [
                    0.0,
                    0.0,
                    0.0,
                    1.0
                ]
            ]
        },
        {
            "file_path": "/data/shapenet_blender/all_50_random/02958343/65ea0311528b1e5f16abce8cb03e7794/r_12",
            "rotation": 0.12566370614359174,
            "transform_matrix": [
                [
                    -0.6864485740661621,
                    -0.6969769597053528,
                    -0.20739206671714783,
                    -0.8360241651535034
                ],
                [
                    -0.7271783351898193,
                    0.6579388380050659,
                    0.19577589631080627,
                    0.7891978621482849
                ],
                [
                    0.0,
                    0.2852010726928711,
                    -0.9584676623344421,
                    -3.8637068271636963
                ],
                [
                    0.0,
                    0.0,
                    0.0,
                    1.0
                ]
            ]
        },
        {
            "file_path": "/data/shapenet_blender/all_50_random/02958343/65ea0311528b1e5f16abce8cb03e7794/r_13",
            "rotation": 0.12566370614359174,
            "transform_matrix": [
                [
                    0.8476781845092773,
                    0.02818223647773266,
                    0.5297617316246033,
                    2.13553786277771
                ],
                [
                    0.5305108428001404,
                    -0.04503105953335762,
                    -0.846481204032898,
                    -3.4122748374938965
                ],
                [
                    0.0,
                    0.998587965965271,
                    -0.053122829645872116,
                    -0.2141449749469757
                ],
                [
                    0.0,
                    0.0,
                    0.0,
                    1.0
                ]
            ]
        },
        {
            "file_path": "/data/shapenet_blender/all_50_random/02958343/65ea0311528b1e5f16abce8cb03e7794/r_14",
            "rotation": 0.12566370614359174,
            "transform_matrix": [
                [
                    0.014251630753278732,
                    0.27408090233802795,
                    -0.9616008996963501,
                    -3.8763375282287598
                ],
                [
                    -0.999898374080658,
                    0.00390649726614356,
                    -0.013705775141716003,
                    -0.05524975061416626
                ],
                [
                    0.0,
                    0.9616986513137817,
                    0.27410873770713806,
                    1.1049678325653076
                ],
                [
                    0.0,
                    0.0,
                    0.0,
                    1.0
                ]
            ]
        },
        {
            "file_path": "/data/shapenet_blender/all_50_random/02958343/65ea0311528b1e5f16abce8cb03e7794/r_15",
            "rotation": 0.12566370614359174,
            "transform_matrix": [
                [
                    -0.22323749959468842,
                    -0.2745518982410431,
                    0.9352999925613403,
                    3.770315170288086
                ],
                [
                    0.9747641086578369,
                    -0.06287703663110733,
                    0.21419954299926758,
                    0.8634660243988037
                ],
                [
                    3.725290742551124e-09,
                    0.9595141410827637,
                    0.2816598415374756,
                    1.1354072093963623
                ],
                [
                    0.0,
                    0.0,
                    0.0,
                    1.0
                ]
            ]
        },
        {
            "file_path": "/data/shapenet_blender/all_50_random/02958343/65ea0311528b1e5f16abce8cb03e7794/r_16",
            "rotation": 0.12566370614359174,
            "transform_matrix": [
                [
                    0.1679733544588089,
                    0.14913633465766907,
                    0.974445104598999,
                    3.9281136989593506
                ],
                [
                    0.9857915043830872,
                    -0.025411996990442276,
                    -0.16603998839855194,
                    -0.6693285703659058
                ],
                [
                    0.0,
                    0.988490104675293,
                    -0.15128587186336517,
                    -0.6098528504371643
                ],
                [
                    0.0,
                    0.0,
                    0.0,
                    1.0
                ]
            ]
        },
        {
            "file_path": "/data/shapenet_blender/all_50_random/02958343/65ea0311528b1e5f16abce8cb03e7794/r_17",
            "rotation": 0.12566370614359174,
            "transform_matrix": [
                [
                    0.8998639583587646,
                    -0.25033724308013916,
                    0.35717812180519104,
                    1.4398311376571655
                ],
                [
                    0.4361708462238312,
                    0.516470730304718,
                    -0.7368940711021423,
                    -2.970515251159668
                ],
                [
                    -1.4901161193847656e-08,
                    0.8188951015472412,
                    0.5739431381225586,
                    2.313638925552368
                ],
                [
                    0.0,
                    0.0,
                    0.0,
                    1.0
                ]
            ]
        },
        {
            "file_path": "/data/shapenet_blender/all_50_random/02958343/65ea0311528b1e5f16abce8cb03e7794/r_18",
            "rotation": 0.12566370614359174,
            "transform_matrix": [
                [
                    -0.39885780215263367,
                    -0.09720003604888916,
                    -0.9118466973304749,
                    -3.675771951675415
                ],
                [
                    -0.9170128703117371,
                    0.04227747768163681,
                    0.3966107666492462,
                    1.5987892150878906
                ],
                [
                    -3.725290742551124e-09,
                    0.9943665266036987,
                    -0.10599635541439056,
                    -0.42728501558303833
                ],
                [
                    0.0,
                    0.0,
                    0.0,
                    1.0
                ]
            ]
        },
        {
            "file_path": "/data/shapenet_blender/all_50_random/02958343/65ea0311528b1e5f16abce8cb03e7794/r_19",
            "rotation": 0.12566370614359174,
            "transform_matrix": [
                [
                    0.659723699092865,
                    0.27855753898620605,
                    -0.6979758739471436,
                    -2.8136308193206787
                ],
                [
                    -0.7515081763267517,
                    0.24453625082969666,
                    -0.6127294301986694,
                    -2.469991445541382
                ],
                [
                    0.0,
                    0.9287668466567993,
                    0.3706646263599396,
                    1.494196891784668
                ],
                [
                    0.0,
                    0.0,
                    0.0,
                    1.0
                ]
            ]
        },
        {
            "file_path": "/data/shapenet_blender/all_50_random/02958343/65ea0311528b1e5f16abce8cb03e7794/r_20",
            "rotation": 0.12566370614359174,
            "transform_matrix": [
                [
                    0.8391846418380737,
                    0.32918938994407654,
                    0.4329012930393219,
                    1.7450810670852661
                ],
                [
                    0.5438466668128967,
                    -0.507956862449646,
                    -0.6679899096488953,
                    -2.692753791809082
                ],
                [
                    0.0,
                    0.795998752117157,
                    -0.6052981019020081,
                    -2.440034866333008
                ],
                [
                    0.0,
                    0.0,
                    0.0,
                    1.0
                ]
            ]
        },
        {
            "file_path": "/data/shapenet_blender/all_50_random/02958343/65ea0311528b1e5f16abce8cb03e7794/r_21",
            "rotation": 0.12566370614359174,
            "transform_matrix": [
                [
                    -0.19388777017593384,
                    0.21042698621749878,
                    0.9581899046897888,
                    3.8625872135162354
                ],
                [
                    0.9810237884521484,
                    0.04158840700984001,
                    0.1893749088048935,
                    0.7633947134017944
                ],
                [
                    0.0,
                    0.9767244458198547,
                    -0.21449735760688782,
                    -0.8646665811538696
                ],
                [
                    0.0,
                    0.0,
                    0.0,
                    1.0
                ]
            ]
        },
        {
            "file_path": "/data/shapenet_blender/all_50_random/02958343/65ea0311528b1e5f16abce8cb03e7794/r_22",
            "rotation": 0.12566370614359174,
            "transform_matrix": [
                [
                    -0.4685675799846649,
                    0.6139400005340576,
                    -0.6352338790893555,
                    -2.5607097148895264
                ],
                [
                    -0.8834277391433716,
                    -0.3256320357322693,
                    0.33692625164985657,
                    1.3581931591033936
                ],
                [
                    0.0,
                    0.7190559506416321,
                    0.6949521899223328,
                    2.8014419078826904
                ],
                [
                    0.0,
                    0.0,
                    0.0,
                    1.0
                ]
            ]
        },
        {
            "file_path": "/data/shapenet_blender/all_50_random/02958343/65ea0311528b1e5f16abce8cb03e7794/r_23",
            "rotation": 0.12566370614359174,
            "transform_matrix": [
                [
                    0.30602753162384033,
                    -0.3765483796596527,
                    -0.8743903040885925,
                    -3.524780035018921
                ],
                [
                    -0.9520226716995239,
                    -0.12104141712188721,
                    -0.28107261657714844,
                    -1.133039951324463
                ],
                [
                    0.0,
                    0.9184552431106567,
                    -0.39552465081214905,
                    -1.5944108963012695
                ],
                [
                    0.0,
                    0.0,
                    0.0,
                    1.0
                ]
            ]
        },
        {
            "file_path": "/data/shapenet_blender/all_50_random/02958343/65ea0311528b1e5f16abce8cb03e7794/r_24",
            "rotation": 0.12566370614359174,
            "transform_matrix": [
                [
                    0.3574475646018982,
                    -0.14363205432891846,
                    0.9228222966194153,
                    3.72001576423645
                ],
                [
                    0.9339332580566406,
                    0.054972801357507706,
                    -0.35319504141807556,
                    -1.4237747192382812
                ],
                [
                    3.725290742551124e-09,
                    0.9881030917167664,
                    0.1537926346063614,
                    0.6199579238891602
                ],
                [
                    0.0,
                    0.0,
                    0.0,
                    1.0
                ]
            ]
        },
        {
            "file_path": "/data/shapenet_blender/all_50_random/02958343/65ea0311528b1e5f16abce8cb03e7794/r_25",
            "rotation": 0.12566370614359174,
            "transform_matrix": [
                [
                    -0.9998559355735779,
                    -0.005822338163852692,
                    -0.01594913750886917,
                    -0.0642930269241333
                ],
                [
                    -0.016978653147816658,
                    0.34287163615226746,
                    0.9392287731170654,
                    3.7861523628234863
                ],
                [
                    -9.31322685637781e-10,
                    0.9393641948699951,
                    -0.34292110800743103,
                    -1.3823591470718384
                ],
                [
                    0.0,
                    0.0,
                    0.0,
                    1.0
                ]
            ]
        },
        {
            "file_path": "/data/shapenet_blender/all_50_random/02958343/65ea0311528b1e5f16abce8cb03e7794/r_26",
            "rotation": 0.12566370614359174,
            "transform_matrix": [
                [
                    0.6467729806900024,
                    2.608673821669072e-05,
                    0.7626825571060181,
                    3.074471950531006
                ],
                [
                    0.7626826167106628,
                    -2.2122174414107576e-05,
                    -0.6467729210853577,
                    -2.607225179672241
                ],
                [
                    1.8189894035458565e-12,
                    0.9999999403953552,
                    -3.4203923860332e-05,
                    -0.00013788044452667236
                ],
                [
                    0.0,
                    0.0,
                    0.0,
                    1.0
                ]
            ]
        },
        {
            "file_path": "/data/shapenet_blender/all_50_random/02958343/65ea0311528b1e5f16abce8cb03e7794/r_27",
            "rotation": 0.12566370614359174,
            "transform_matrix": [
                [
                    0.9402784705162048,
                    0.03282273933291435,
                    -0.3388203978538513,
                    -1.3658287525177002
                ],
                [
                    -0.3404065668582916,
                    0.09066369384527206,
                    -0.9358971118927002,
                    -3.772722005844116
                ],
                [
                    1.862645593320167e-09,
                    0.9953404068946838,
                    0.09642219543457031,
                    0.3886902928352356
                ],
                [
                    0.0,
                    0.0,
                    0.0,
                    1.0
                ]
            ]
        },
        {
            "file_path": "/data/shapenet_blender/all_50_random/02958343/65ea0311528b1e5f16abce8cb03e7794/r_28",
            "rotation": 0.12566370614359174,
            "transform_matrix": [
                [
                    0.5916778445243835,
                    -0.02062464877963066,
                    0.8059106469154358,
                    3.248729705810547
                ],
                [
                    0.8061745762825012,
                    0.01513710431754589,
                    -0.5914841294288635,
                    -2.3843488693237305
                ],
                [
                    -9.313227966600834e-10,
                    0.999672532081604,
                    0.025583358481526375,
                    0.10312981903553009
                ],
                [
                    0.0,
                    0.0,
                    0.0,
                    1.0
                ]
            ]
        },
        {
            "file_path": "/data/shapenet_blender/all_50_random/02958343/65ea0311528b1e5f16abce8cb03e7794/r_29",
            "rotation": 0.12566370614359174,
            "transform_matrix": [
                [
                    0.24331814050674438,
                    -0.5268153548240662,
                    0.8144088387489319,
                    3.282987356185913
                ],
                [
                    0.9699466228485107,
                    0.13215544819831848,
                    -0.20430034399032593,
                    -0.8235610723495483
                ],
                [
                    -7.450581485102248e-09,
                    0.8396430611610413,
                    0.5431385040283203,
                    2.1894614696502686
                ],
                [
                    0.0,
                    0.0,
                    0.0,
                    1.0
                ]
            ]
        },
        {
            "file_path": "/data/shapenet_blender/all_50_random/02958343/65ea0311528b1e5f16abce8cb03e7794/r_30",
            "rotation": 0.12566370614359174,
            "transform_matrix": [
                [
                    -0.8141236305236816,
                    0.18013161420822144,
                    -0.5520464777946472,
                    -2.2253706455230713
                ],
                [
                    -0.5806915760040283,
                    -0.252542644739151,
                    0.773963451385498,
                    3.1199464797973633
                ],
                [
                    0.0,
                    0.9506706595420837,
                    0.31020185351371765,
                    1.2504637241363525
                ],
                [
                    0.0,
                    0.0,
                    0.0,
                    1.0
                ]
            ]
        },
        {
            "file_path": "/data/shapenet_blender/all_50_random/02958343/65ea0311528b1e5f16abce8cb03e7794/r_31",
            "rotation": 0.12566370614359174,
            "transform_matrix": [
                [
                    -0.9497130513191223,
                    -0.1428932249546051,
                    0.27861544489860535,
                    1.123134732246399
                ],
                [
                    0.3131214380264282,
                    -0.4334023594856262,
                    0.8450546264648438,
                    3.406524181365967
                ],
                [
                    7.4505797087454084e-09,
                    0.8897998929023743,
                    0.4563509225845337,
                    1.8396093845367432
                ],
                [
                    0.0,
                    0.0,
                    0.0,
                    1.0
                ]
            ]
        },
        {
            "file_path": "/data/shapenet_blender/all_50_random/02958343/65ea0311528b1e5f16abce8cb03e7794/r_32",
            "rotation": 0.12566370614359174,
            "transform_matrix": [
                [
                    0.9241423010826111,
                    -0.1922747790813446,
                    0.330138623714447,
                    1.3308314085006714
                ],
                [
                    0.3820485770702362,
                    0.46509599685668945,
                    -0.7985765933990479,
                    -3.219165325164795
                ],
                [
                    -1.4901161193847656e-08,
                    0.8641273379325867,
                    0.5032731890678406,
                    2.028759002685547
                ],
                [
                    0.0,
                    0.0,
                    0.0,
                    1.0
                ]
            ]
        },
        {
            "file_path": "/data/shapenet_blender/all_50_random/02958343/65ea0311528b1e5f16abce8cb03e7794/r_33",
            "rotation": 0.12566370614359174,
            "transform_matrix": [
                [
                    -0.4020985960960388,
                    0.2434179186820984,
                    -0.8826461434364319,
                    -3.558060646057129
                ],
                [
                    -0.9155963659286499,
                    -0.10690083354711533,
                    0.3876279890537262,
                    1.562578558921814
                ],
                [
                    -7.450581485102248e-09,
                    0.9640123248100281,
                    0.2658572196960449,
                    1.0717048645019531
                ],
                [
                    0.0,
                    0.0,
                    0.0,
                    1.0
                ]
            ]
        },
        {
            "file_path": "/data/shapenet_blender/all_50_random/02958343/65ea0311528b1e5f16abce8cb03e7794/r_34",
            "rotation": 0.12566370614359174,
            "transform_matrix": [
                [
                    -0.34595757722854614,
                    -0.11435796320438385,
                    0.9312549233436584,
                    3.7540082931518555
                ],
                [
                    0.9382501244544983,
                    -0.04216679558157921,
                    0.3433782458305359,
                    1.3842017650604248
                ],
                [
                    0.0,
                    0.9925443530082703,
                    0.1218843013048172,
                    0.4913312792778015
                ],
                [
                    0.0,
                    0.0,
                    0.0,
                    1.0
                ]
            ]
        },
        {
            "file_path": "/data/shapenet_blender/all_50_random/02958343/65ea0311528b1e5f16abce8cb03e7794/r_35",
            "rotation": 0.12566370614359174,
            "transform_matrix": [
                [
                    -0.18383310735225677,
                    0.14117296040058136,
                    -0.9727669358253479,
                    -3.921349048614502
                ],
                [
                    -0.9829575419425964,
                    -0.026402223855257034,
                    0.18192726373672485,
                    0.7333722710609436
                ],
                [
                    0.0,
                    0.9896329045295715,
                    0.1436205953359604,
                    0.5789531469345093
                ],
                [
                    0.0,
                    0.0,
                    0.0,
                    1.0
                ]
            ]
        },
        {
            "file_path": "/data/shapenet_blender/all_50_random/02958343/65ea0311528b1e5f16abce8cb03e7794/r_36",
            "rotation": 0.12566370614359174,
            "transform_matrix": [
                [
                    -0.37446463108062744,
                    0.5215188264846802,
                    0.7666774392127991,
                    3.090575695037842
                ],
                [
                    0.9272412061691284,
                    0.2106143981218338,
                    0.30962124466896057,
                    1.2481231689453125
                ],
                [
                    1.4901161193847656e-08,
                    0.8268371224403381,
                    -0.562441349029541,
                    -2.2672736644744873
                ],
                [
                    0.0,
                    0.0,
                    0.0,
                    1.0
                ]
            ]
        },
        {
            "file_path": "/data/shapenet_blender/all_50_random/02958343/65ea0311528b1e5f16abce8cb03e7794/r_37",
            "rotation": 0.12566370614359174,
            "transform_matrix": [
                [
                    0.2777993977069855,
                    0.40817561745643616,
                    -0.8696091771125793,
                    -3.505506753921509
                ],
                [
                    -0.9606391787528992,
                    0.11803698539733887,
                    -0.25147518515586853,
                    -1.0137288570404053
                ],
                [
                    7.450581485102248e-09,
                    0.9052402377128601,
                    0.42490002512931824,
                    1.7128267288208008
                ],
                [
                    0.0,
                    0.0,
                    0.0,
                    1.0
                ]
            ]
        },
        {
            "file_path": "/data/shapenet_blender/all_50_random/02958343/65ea0311528b1e5f16abce8cb03e7794/r_38",
            "rotation": 0.12566370614359174,
            "transform_matrix": [
                [
                    0.7909269332885742,
                    0.1470550000667572,
                    -0.593977689743042,
                    -2.3944005966186523
                ],
                [
                    -0.6119107007980347,
                    0.19007636606693268,
                    -0.7677475810050964,
                    -3.0948894023895264
                ],
                [
                    0.0,
                    0.9706934690475464,
                    0.24032102525234222,
                    0.9687650203704834
                ],
                [
                    0.0,
                    0.0,
                    0.0,
                    1.0
                ]
            ]
        },
        {
            "file_path": "/data/shapenet_blender/all_50_random/02958343/65ea0311528b1e5f16abce8cb03e7794/r_39",
            "rotation": 0.12566370614359174,
            "transform_matrix": [
                [
                    -0.8421738147735596,
                    0.13178695738315582,
                    0.5228531360626221,
                    2.1076886653900146
                ],
                [
                    0.5392060875892639,
                    0.20583505928516388,
                    0.8166324496269226,
                    3.2919509410858154
                ],
                [
                    -7.450580596923828e-09,
                    0.9696721434593201,
                    -0.2444092184305191,
                    -0.9852451086044312
                ],
                [
                    0.0,
                    0.0,
                    0.0,
                    1.0
                ]
            ]
        },
        {
            "file_path": "/data/shapenet_blender/all_50_random/02958343/65ea0311528b1e5f16abce8cb03e7794/r_40",
            "rotation": 0.12566370614359174,
            "transform_matrix": [
                [
                    0.32231593132019043,
                    0.05533730238676071,
                    0.9450133442878723,
                    3.8094706535339355
                ],
                [
                    0.9466321468353271,
                    -0.018841631710529327,
                    -0.3217647671699524,
                    -1.2970752716064453
                ],
                [
                    0.0,
                    0.9982898831367493,
                    -0.05845702812075615,
                    -0.23564781248569489
                ],
                [
                    0.0,
                    0.0,
                    0.0,
                    1.0
                ]
            ]
        },
        {
            "file_path": "/data/shapenet_blender/all_50_random/02958343/65ea0311528b1e5f16abce8cb03e7794/r_41",
            "rotation": 0.12566370614359174,
            "transform_matrix": [
                [
                    -0.6747994422912598,
                    0.5932941436767578,
                    -0.43891647458076477,
                    -1.7693289518356323
                ],
                [
                    -0.7380011081695557,
                    -0.5424850583076477,
                    0.40132811665534973,
                    1.6178053617477417
                ],
                [
                    0.0,
                    0.5947367548942566,
