{
    "class": "02958343",
    "model": "40a30a8e56fa4a6c7b48e36e31209b9",
    "remove_doubles": true,
    "edge_split": true,
    "denoise": true,
    "camera_angle_x": 0.6911112070083618,
    "scale_factor": 2.3069513460503472,
    "hdri_file": "/data/IndoorHDRDataset2018/9C4A9403-27a14b2f61.exr",
    "center_offset": [
        0.0,
        -9.313225746154785e-10,
        0.0
    ],
    "lights": [],
    "frames": [
        {
            "file_path": "/data/shapenet_blender/all_50_random/02958343/40a30a8e56fa4a6c7b48e36e31209b9/r_0",
            "rotation": 0.12566370614359174,
            "transform_matrix": [
                [
                    0.7091463208198547,
                    -0.20077195763587952,
                    0.6758713722229004,
                    2.724524736404419
                ],
                [
                    0.7050613760948181,
                    0.20193518698215485,
                    -0.6797872185707092,
                    -2.740309953689575
                ],
                [
                    0.0,
                    0.9585994482040405,
                    0.2847580909729004,
                    1.1478965282440186
                ],
                [
                    0.0,
                    0.0,
                    0.0,
                    1.0
                ]
            ]
        },
        {
            "file_path": "/data/shapenet_blender/all_50_random/02958343/40a30a8e56fa4a6c7b48e36e31209b9/r_1",
            "rotation": 0.12566370614359174,
            "transform_matrix": [
                [
                    0.5090876817703247,
                    -0.23364809155464172,
                    0.8283950090408325,
                    3.339367151260376
                ],
                [
                    0.8607146739959717,
                    0.13819605112075806,
                    -0.4899715185165405,
                    -1.9751384258270264
                ],
                [
                    -7.450580596923828e-09,
                    0.9624502658843994,
                    0.2714582085609436,
                    1.0942829847335815
                ],
                [
                    0.0,
                    0.0,
                    0.0,
                    1.0
                ]
            ]
        },
        {
            "file_path": "/data/shapenet_blender/all_50_random/02958343/40a30a8e56fa4a6c7b48e36e31209b9/r_2",
            "rotation": 0.12566370614359174,
            "transform_matrix": [
                [
                    0.9911218285560608,
                    0.014976151287555695,
                    -0.13211143016815186,
                    -0.5325582027435303
                ],
                [
                    -0.1329575777053833,
                    0.11163853853940964,
                    -0.9848142266273499,
                    -3.9699132442474365
                ],
                [
                    0.0,
                    0.9936360716819763,
                    0.11263857036828995,
                    0.4540606141090393
                ],
                [
                    0.0,
                    0.0,
                    0.0,
                    1.0
                ]
            ]
        },
        {
            "file_path": "/data/shapenet_blender/all_50_random/02958343/40a30a8e56fa4a6c7b48e36e31209b9/r_3",
            "rotation": 0.12566370614359174,
            "transform_matrix": [
                [
                    -0.9980838298797607,
                    -0.04470266401767731,
                    -0.04278385639190674,
                    -0.17246726155281067
                ],
                [
                    -0.06187719479203224,
                    0.7210573554039001,
                    0.6901068091392517,
                    2.781909704208374
                ],
                [
                    0.0,
                    0.6914317011833191,
                    -0.7224417328834534,
                    -2.9122560024261475
                ],
                [
                    0.0,
                    0.0,
                    0.0,
                    1.0
                ]
            ]
        },
        {
            "file_path": "/data/shapenet_blender/all_50_random/02958343/40a30a8e56fa4a6c7b48e36e31209b9/r_4",
            "rotation": 0.12566370614359174,
            "transform_matrix": [
                [
                    0.9997652769088745,
                    -0.005477462895214558,
                    0.020957672968506813,
                    0.0844830870628357
                ],
                [
                    0.02166164107620716,
                    0.25280529260635376,
                    -0.9672746062278748,
                    -3.8992087841033936
                ],
                [
                    0.0,
                    0.967501699924469,
                    0.25286462903022766,
                    1.0193300247192383
                ],
                [
                    0.0,
                    0.0,
                    0.0,
                    1.0
                ]
            ]
        },
        {
            "file_path": "/data/shapenet_blender/all_50_random/02958343/40a30a8e56fa4a6c7b48e36e31209b9/r_5",
            "rotation": 0.12566370614359174,
            "transform_matrix": [
                [
                    -0.994120180606842,
                    -0.05685722827911377,
                    0.0921545997262001,
                    0.3714870810508728
                ],
                [
                    0.10828304290771484,
                    -0.5219923257827759,
                    0.846048891544342,
                    3.410532236099243
                ],
                [
                    0.0,
                    0.8510529398918152,
                    0.5250797271728516,
                    2.116664171218872
                ],
                [
                    0.0,
                    0.0,
                    0.0,
                    1.0
                ]
            ]
        },
        {
            "file_path": "/data/shapenet_blender/all_50_random/02958343/40a30a8e56fa4a6c7b48e36e31209b9/r_6",
            "rotation": 0.12566370614359174,
            "transform_matrix": [
                [
                    0.23402179777622223,
                    -0.2073652297258377,
                    -0.9498596787452698,
                    -3.8290069103240967
                ],
                [
                    -0.972231388092041,
                    -0.049914028495550156,
                    -0.22863680124282837,
                    -0.9216644167900085
                ],
                [
                    0.0,
                    0.9769892692565918,
                    -0.21328796446323395,
                    -0.8597912788391113
                ],
                [
                    0.0,
                    0.0,
                    0.0,
                    1.0
                ]
            ]
        },
        {
            "file_path": "/data/shapenet_blender/all_50_random/02958343/40a30a8e56fa4a6c7b48e36e31209b9/r_7",
            "rotation": 0.12566370614359174,
            "transform_matrix": [
                [
                    0.6209489107131958,
                    -0.2589898705482483,
                    -0.7398287653923035,
                    -2.9823453426361084
                ],
                [
                    -0.783851146697998,
                    -0.205165833234787,
                    -0.5860754251480103,
                    -2.362545967102051
                ],
                [
                    1.4901162970204496e-08,
                    0.9438385367393494,
                    -0.33040693402290344,
                    -1.3319131135940552
                ],
                [
                    0.0,
                    0.0,
                    0.0,
                    1.0
                ]
            ]
        },
        {
            "file_path": "/data/shapenet_blender/all_50_random/02958343/40a30a8e56fa4a6c7b48e36e31209b9/r_8",
            "rotation": 0.12566370614359174,
            "transform_matrix": [
                [
                    -0.6946120262145996,
                    0.03281933814287186,
                    0.7186355590820312,
                    2.8969125747680664
                ],
                [
                    0.7193846702575684,
                    0.031689174473285675,
                    0.6938887238502502,
                    2.7971549034118652
                ],
                [
                    1.862645149230957e-09,
                    0.9989588260650635,
                    -0.04562140256166458,
                    -0.18390575051307678
                ],
                [
                    0.0,
                    0.0,
                    0.0,
                    1.0
                ]
            ]
        },
        {
            "file_path": "/data/shapenet_blender/all_50_random/02958343/40a30a8e56fa4a6c7b48e36e31209b9/r_9",
            "rotation": 0.12566370614359174,
            "transform_matrix": [
                [
                    -0.36306390166282654,
                    0.003283880650997162,
                    0.931758463382721,
                    3.7560384273529053
                ],
                [
                    0.9317641854286194,
                    0.0012795712100341916,
                    0.36306169629096985,
                    1.4635485410690308
                ],
                [
                    0.0,
                    0.9999938011169434,
                    -0.00352436862885952,
                    -0.014207184314727783
                ],
                [
                    0.0,
                    0.0,
                    0.0,
                    1.0
                ]
            ]
        },
        {
            "file_path": "/data/shapenet_blender/all_50_random/02958343/40a30a8e56fa4a6c7b48e36e31209b9/r_10",
            "rotation": 0.12566370614359174,
            "transform_matrix": [
                [
                    -0.15877196192741394,
                    0.5202034711837769,
                    0.8391543030738831,
                    3.3827388286590576
                ],
                [
                    0.9873153567314148,
                    0.08365485072135925,
                    0.13494591414928436,
                    0.5439842939376831
                ],
                [
                    7.450580596923828e-09,
                    0.8499354124069214,
                    -0.5268868803977966,
                    -2.123948812484741
                ],
                [
                    0.0,
                    0.0,
                    0.0,
                    1.0
                ]
            ]
        },
        {
            "file_path": "/data/shapenet_blender/all_50_random/02958343/40a30a8e56fa4a6c7b48e36e31209b9/r_11",
            "rotation": 0.12566370614359174,
            "transform_matrix": [
                [
                    -0.030807221308350563,
                    0.297307550907135,
                    0.9542846083641052,
                    3.84684419631958
                ],
                [
                    0.9995253086090088,
                    0.00916357059031725,
                    0.02941282093524933,
                    0.11856687068939209
                ],
                [
                    -9.313225191043273e-10,
                    0.9547377228736877,
                    -0.2974487841129303,
                    -1.1990543603897095
                ],
                [
                    0.0,
                    0.0,
                    0.0,
                    1.0
                ]
            ]
        },
        {
            "file_path": "/data/shapenet_blender/all_50_random/02958343/40a30a8e56fa4a6c7b48e36e31209b9/r_12",
            "rotation": 0.12566370614359174,
            "transform_matrix": [
                [
                    -0.9733162522315979,
                    -0.005591989494860172,
                    0.2293996810913086,
                    0.9247397184371948
                ],
                [
                    0.22946783900260925,
                    -0.023719117045402527,
                    0.9730271697044373,
                    3.922398090362549
                ],
                [
                    4.656612873077393e-10,
                    0.999703049659729,
                    0.024369381368160248,
                    0.09823612123727798
                ],
                [
                    0.0,
                    0.0,
                    0.0,
                    1.0
                ]
            ]
        },
        {
            "file_path": "/data/shapenet_blender/all_50_random/02958343/40a30a8e56fa4a6c7b48e36e31209b9/r_13",
            "rotation": 0.12566370614359174,
            "transform_matrix": [
                [
                    -0.39118683338165283,
                    0.09216095507144928,
                    -0.9156850576400757,
                    -3.691244602203369
                ],
                [
                    -0.9203112721443176,
                    -0.03917386755347252,
                    0.3892204463481903,
                    1.568997859954834
                ],
                [
                    3.725290076417309e-09,
                    0.9949733018875122,
                    0.10014104843139648,
                    0.4036814868450165
                ],
                [
                    0.0,
                    0.0,
                    0.0,
                    1.0
                ]
            ]
        },
        {
            "file_path": "/data/shapenet_blender/all_50_random/02958343/40a30a8e56fa4a6c7b48e36e31209b9/r_14",
            "rotation": 0.12566370614359174,
            "transform_matrix": [
                [
                    0.9999601244926453,
                    0.002043646527454257,
                    0.008684246800839901,
                    0.03500731289386749
                ],
                [
                    0.008921468630433083,
                    -0.22906149923801422,
                    -0.973371148109436,
                    -3.923784017562866
                ],
                [
                    0.0,
                    0.9734097719192505,
                    -0.22907066345214844,
                    -0.9234132766723633
                ],
                [
                    0.0,
                    0.0,
                    0.0,
                    1.0
                ]
            ]
        },
        {
            "file_path": "/data/shapenet_blender/all_50_random/02958343/40a30a8e56fa4a6c7b48e36e31209b9/r_15",
            "rotation": 0.12566370614359174,
            "transform_matrix": [
                [
                    0.3169046938419342,
                    -0.5361835956573486,
                    0.7823544144630432,
                    3.1537716388702393
                ],
                [
                    0.9484574794769287,
                    0.17915309965610504,
                    -0.26140525937080383,
                    -1.0537582635879517
                ],
                [
                    0.0,
                    0.8248703479766846,
                    0.5653217434883118,
                    2.2788848876953125
                ],
                [
                    0.0,
                    0.0,
                    0.0,
                    1.0
                ]
            ]
        },
        {
            "file_path": "/data/shapenet_blender/all_50_random/02958343/40a30a8e56fa4a6c7b48e36e31209b9/r_16",
            "rotation": 0.12566370614359174,
            "transform_matrix": [
                [
                    0.952640175819397,
                    0.1169162467122078,
                    -0.2807261645793915,
                    -1.131643533706665
                ],
                [
                    -0.3040996491909027,
                    0.3662585914134979,
                    -0.8794190287590027,
                    -3.5450518131256104
                ],
                [
                    7.450580596923828e-09,
                    0.9231386780738831,
                    0.38446682691574097,
                    1.549835443496704
                ],
                [
                    0.0,
                    0.0,
                    0.0,
                    1.0
                ]
            ]
        },
        {
            "file_path": "/data/shapenet_blender/all_50_random/02958343/40a30a8e56fa4a6c7b48e36e31209b9/r_17",
            "rotation": 0.12566370614359174,
            "transform_matrix": [
                [
                    0.9708675742149353,
                    0.022892775014042854,
                    -0.23852048814296722,
                    -0.961506724357605
                ],
                [
                    -0.2396165430545807,
                    0.09275592863559723,
                    -0.9664266109466553,
                    -3.895789861679077
                ],
                [
                    3.7252896323280993e-09,
                    0.9954257011413574,
                    0.09553921967744827,
                    0.3851308524608612
                ],
                [
                    0.0,
                    0.0,
                    0.0,
                    1.0
                ]
            ]
        },
        {
            "file_path": "/data/shapenet_blender/all_50_random/02958343/40a30a8e56fa4a6c7b48e36e31209b9/r_18",
            "rotation": 0.12566370614359174,
            "transform_matrix": [
                [
                    -0.6146129965782166,
                    0.2876596748828888,
                    -0.7345083951950073,
                    -2.9608983993530273
                ],
                [
                    -0.7888288497924805,
                    -0.22412897646427155,
                    0.5722894668579102,
                    2.3069729804992676
                ],
                [
                    -1.4901162970204496e-08,
                    0.9311380386352539,
                    0.36466678977012634,
                    1.470018982887268
                ],
                [
                    0.0,
                    0.0,
                    0.0,
                    1.0
                ]
            ]
        },
        {
            "file_path": "/data/shapenet_blender/all_50_random/02958343/40a30a8e56fa4a6c7b48e36e31209b9/r_19",
            "rotation": 0.12566370614359174,
            "transform_matrix": [
                [
                    -0.10200101137161255,
                    -0.8392250537872314,
                    0.5341321229934692,
                    2.15315580368042
                ],
                [
                    0.9947842955589294,
                    -0.0860506147146225,
                    0.0547676682472229,
                    0.2207755446434021
                ],
                [
                    3.725290298461914e-09,
                    0.5369325876235962,
                    0.843625009059906,
                    3.400761365890503
                ],
                [
                    0.0,
                    0.0,
                    0.0,
                    1.0
                ]
            ]
        },
        {
            "file_path": "/data/shapenet_blender/all_50_random/02958343/40a30a8e56fa4a6c7b48e36e31209b9/r_20",
            "rotation": 0.12566370614359174,
            "transform_matrix": [
                [
                    -0.5729974508285522,
                    0.3827968239784241,
                    -0.7246658205986023,
                    -2.9212212562561035
                ],
                [
                    -0.8195571303367615,
                    -0.2676343023777008,
                    0.5066537261009216,
                    2.042386531829834
                ],
                [
                    0.0,
                    0.88421630859375,
                    0.4670776426792145,
                    1.882850170135498
                ],
                [
                    0.0,
                    0.0,
                    0.0,
                    1.0
                ]
            ]
        },
        {
            "file_path": "/data/shapenet_blender/all_50_random/02958343/40a30a8e56fa4a6c7b48e36e31209b9/r_21",
            "rotation": 0.12566370614359174,
            "transform_matrix": [
                [
                    0.12064284831285477,
                    -0.8966922163963318,
                    0.4258972406387329,
                    1.7168468236923218
                ],
                [
                    0.9926959872245789,
                    0.10897546261548996,
                    -0.0517595112323761,
                    -0.20864927768707275
                ],
                [
                    0.0,
                    0.4290309548377991,
                    0.9032897353172302,
                    3.641277551651001
                ],
                [
                    0.0,
                    0.0,
                    0.0,
                    1.0
                ]
            ]
        },
        {
            "file_path": "/data/shapenet_blender/all_50_random/02958343/40a30a8e56fa4a6c7b48e36e31209b9/r_22",
            "rotation": 0.12566370614359174,
            "transform_matrix": [
                [
                    -0.8813692927360535,
                    0.4260391592979431,
                    0.20415392518043518,
                    0.8229708075523376
                ],
                [
                    0.47242796421051025,
                    0.794825553894043,
                    0.38087284564971924,
                    1.535347580909729
                ],
                [
                    -1.4901161193847656e-08,
                    0.432137668132782,
                    -0.9018076658248901,
                    -3.635303020477295
                ],
                [
                    0.0,
                    0.0,
                    0.0,
                    1.0
                ]
            ]
        },
        {
            "file_path": "/data/shapenet_blender/all_50_random/02958343/40a30a8e56fa4a6c7b48e36e31209b9/r_23",
            "rotation": 0.12566370614359174,
            "transform_matrix": [
                [
                    0.29663538932800293,
                    -0.5636267066001892,
                    -0.7709295749664307,
                    -3.1077165603637695
                ],
                [
                    -0.954990804195404,
                    -0.17507147789001465,
                    -0.23946304619312286,
                    -0.9653064012527466
                ],
                [
                    0.0,
                    0.8072638511657715,
                    -0.5901907086372375,
                    -2.3791348934173584
                ],
                [
                    0.0,
                    0.0,
                    0.0,
                    1.0
                ]
            ]
        },
        {
            "file_path": "/data/shapenet_blender/all_50_random/02958343/40a30a8e56fa4a6c7b48e36e31209b9/r_24",
            "rotation": 0.12566370614359174,
            "transform_matrix": [
                [
                    0.2727940082550049,
                    0.7295675277709961,
                    -0.6271479725837708,
                    -2.5281145572662354
                ],
                [
                    -0.9620724320411682,
                    0.20686765015125275,
                    -0.17782676219940186,
                    -0.7168426513671875
                ],
                [
                    0.0,
                    0.651871919631958,
                    0.7583290338516235,
                    3.056922435760498
                ],
                [
                    0.0,
                    0.0,
                    0.0,
                    1.0
                ]
            ]
        },
        {
            "file_path": "/data/shapenet_blender/all_50_random/02958343/40a30a8e56fa4a6c7b48e36e31209b9/r_25",
            "rotation": 0.12566370614359174,
            "transform_matrix": [
                [
                    -0.10220763087272644,
                    -0.03779079392552376,
                    0.9940448999404907,
                    4.0071234703063965
                ],
                [
                    0.9947630167007446,
                    -0.0038828421384096146,
                    0.1021338477730751,
                    0.41171473264694214
                ],
                [
                    0.0,
                    0.9992781281471252,
                    0.03798973932862282,
                    0.1531415581703186
                ],
                [
                    0.0,
                    0.0,
                    0.0,
                    1.0
                ]
            ]
        },
        {
            "file_path": "/data/shapenet_blender/all_50_random/02958343/40a30a8e56fa4a6c7b48e36e31209b9/r_26",
            "rotation": 0.12566370614359174,
            "transform_matrix": [
                [
                    0.9877053499221802,
                    -0.000382783793611452,
                    0.15632694959640503,
                    0.6301741003990173
                ],
                [
                    0.15632742643356323,
                    0.0024184980429708958,
                    -0.9877023100852966,
                    -3.981555461883545
                ],
                [
                    0.0,
                    0.999997079372406,
                    0.0024486028123646975,
                    0.009870633482933044
                ],
                [
                    0.0,
                    0.0,
                    0.0,
                    1.0
                ]
            ]
        },
        {
            "file_path": "/data/shapenet_blender/all_50_random/02958343/40a30a8e56fa4a6c7b48e36e31209b9/r_27",
            "rotation": 0.12566370614359174,
            "transform_matrix": [
                [
                    -0.3671247363090515,
                    -0.697684645652771,
                    0.6151873469352722,
                    2.4798994064331055
                ],
                [
                    0.9301717281341553,
                    -0.27536559104919434,
                    0.24280516803264618,
                    0.9787789583206177
                ],
                [
                    0.0,
                    0.6613695621490479,
                    0.7500600814819336,
                    3.0235888957977295
                ],
                [
                    0.0,
                    0.0,
                    0.0,
                    1.0
                ]
            ]
        },
        {
            "file_path": "/data/shapenet_blender/all_50_random/02958343/40a30a8e56fa4a6c7b48e36e31209b9/r_28",
            "rotation": 0.12566370614359174,
            "transform_matrix": [
                [
                    0.07231481373310089,
                    -0.45243310928344727,
                    0.8888615369796753,
                    3.583115577697754
                ],
                [
                    0.9973819255828857,
                    0.0328034982085228,
                    -0.0644465833902359,
                    -0.2597924768924713
                ],
                [
                    1.862645371275562e-09,
                    0.8911948204040527,
                    0.4536207318305969,
                    1.8286036252975464
                ],
                [
                    0.0,
                    0.0,
                    0.0,
                    1.0
                ]
            ]
        },
        {
            "file_path": "/data/shapenet_blender/all_50_random/02958343/40a30a8e56fa4a6c7b48e36e31209b9/r_29",
            "rotation": 0.12566370614359174,
            "transform_matrix": [
                [
                    0.44431009888648987,
                    0.022433914244174957,
                    -0.8955920934677124,
                    -3.6102473735809326
                ],
                [
                    -0.8958731293678284,
                    0.011126144789159298,
                    -0.44417068362236023,
                    -1.7905094623565674
                ],
                [
                    9.31322685637781e-10,
                    0.9996864795684814,
                    0.02504139579832554,
                    0.10094510018825531
                ],
                [
                    0.0,
                    0.0,
                    0.0,
                    1.0
                ]
            ]
        },
        {
            "file_path": "/data/shapenet_blender/all_50_random/02958343/40a30a8e56fa4a6c7b48e36e31209b9/r_30",
            "rotation": 0.12566370614359174,
            "transform_matrix": [
                [
                    -0.7736719846725464,
                    0.3741539716720581,
                    0.5113124847412109,
                    2.061166763305664
                ],
                [
                    0.6335864067077637,
                    0.4568791687488556,
                    0.624363362789154,
                    2.5168895721435547
                ],
                [
                    0.0,
                    0.807013213634491,
                    -0.5905333757400513,
                    -2.380516529083252
                ],
                [
                    0.0,
                    0.0,
                    0.0,
                    1.0
                ]
            ]
        },
        {
            "file_path": "/data/shapenet_blender/all_50_random/02958343/40a30a8e56fa4a6c7b48e36e31209b9/r_31",
            "rotation": 0.12566370614359174,
            "transform_matrix": [
                [
                    0.506342887878418,
                    0.6682091355323792,
                    -0.5450811386108398,
                    -2.1972923278808594
                ],
                [
                    -0.8623322248458862,
                    0.3923579752445221,
                    -0.3200598657131195,
                    -1.2902026176452637
                ],
                [
                    1.4901161193847656e-08,
                    0.6321010589599609,
                    0.7748859524726868,
                    3.1236650943756104
                ],
                [
                    0.0,
                    0.0,
                    0.0,
                    1.0
                ]
            ]
        },
        {
            "file_path": "/data/shapenet_blender/all_50_random/02958343/40a30a8e56fa4a6c7b48e36e31209b9/r_32",
            "rotation": 0.12566370614359174,
            "transform_matrix": [
                [
                    -0.995937168598175,
                    -0.08641830086708069,
                    -0.025318633764982224,
                    -0.10206268727779388
                ],
                [
                    -0.09005085378885269,
                    0.9557621479034424,
                    0.2800169587135315,
                    1.1287845373153687
                ],
                [
                    1.862645149230957e-09,
                    0.28115925192832947,
                    -0.959661066532135,
                    -3.8685176372528076
                ],
                [
                    0.0,
                    0.0,
                    0.0,
                    1.0
                ]
            ]
        },
        {
            "file_path": "/data/shapenet_blender/all_50_random/02958343/40a30a8e56fa4a6c7b48e36e31209b9/r_33",
            "rotation": 0.12566370614359174,
            "transform_matrix": [
                [
                    0.9038159847259521,
                    0.09873688966035843,
                    -0.4163745045661926,
                    -1.6784592866897583
                ],
                [
                    -0.4279214143753052,
                    0.20854291319847107,
                    -0.8794277310371399,
                    -3.545086622238159
                ],
                [
                    -7.450580596923828e-09,
                    0.9730163216590881,
                    0.23073607683181763,
                    0.9301269054412842
                ],
                [
                    0.0,
                    0.0,
                    0.0,
                    1.0
                ]
            ]
        },
        {
            "file_path": "/data/shapenet_blender/all_50_random/02958343/40a30a8e56fa4a6c7b48e36e31209b9/r_34",
            "rotation": 0.12566370614359174,
            "transform_matrix": [
                [
                    0.3973841369152069,
                    -0.4960976839065552,
                    -0.7719928026199341,
                    -3.1120026111602783
                ],
                [
                    -0.9176523089408875,
                    -0.21483230590820312,
                    -0.33430710434913635,
                    -1.34763503074646
                ],
                [
                    -1.4901161193847656e-08,
                    0.8412692546844482,
                    -0.5406161546707153,
                    -2.179293394088745
                ],
                [
                    0.0,
                    0.0,
                    0.0,
                    1.0
                ]
            ]
        },
        {
            "file_path": "/data/shapenet_blender/all_50_random/02958343/40a30a8e56fa4a6c7b48e36e31209b9/r_35",
            "rotation": 0.12566370614359174,
            "transform_matrix": [
                [
                    0.9612976908683777,
                    -0.18584732711315155,
                    0.2033902257680893,
                    0.8198922872543335
                ],
                [
                    0.2755119204521179,
                    0.6484459638595581,
                    -0.7096554636955261,
                    -2.860713005065918
                ],
                [
                    0.0,
                    0.7382267117500305,
                    0.6745526790618896,
                    2.7192089557647705
                ],
                [
                    0.0,
                    0.0,
                    0.0,
                    1.0
                ]
            ]
        },
        {
            "file_path": "/data/shapenet_blender/all_50_random/02958343/40a30a8e56fa4a6c7b48e36e31209b9/r_36",
            "rotation": 0.12566370614359174,
            "transform_matrix": [
                [
                    -0.888886570930481,
                    -0.07769673317670822,
                    -0.4514908194541931,
                    -1.8200178146362305
                ],
                [
                    -0.458127498626709,
                    0.15075188875198364,
                    0.8760096430778503,
                    3.531308174133301
                ],
                [
                    0.0,
                    0.9855136275291443,
                    -0.16959628462791443,
                    -0.6836645603179932
                ],
                [
                    0.0,
                    0.0,
                    0.0,
                    1.0
                ]
            ]
        },
        {
            "file_path": "/data/shapenet_blender/all_50_random/02958343/40a30a8e56fa4a6c7b48e36e31209b9/r_37",
            "rotation": 0.12566370614359174,
            "transform_matrix": [
                [
                    0.820327639579773,
                    0.1535653918981552,
                    0.550890326499939,
                    2.220710277557373
                ],
                [
                    0.5718938708305359,
                    -0.22027502954006195,
                    -0.7902001142501831,
                    -3.185398817062378
                ],
                [
                    0.0,
                    0.9632739424705505,
                    -0.2685207426548004,
                    -1.082441806793213
                ],
                [
                    0.0,
                    0.0,
                    0.0,
                    1.0
                ]
            ]
        },
        {
            "file_path": "/data/shapenet_blender/all_50_random/02958343/40a30a8e56fa4a6c7b48e36e31209b9/r_38",
            "rotation": 0.12566370614359174,
            "transform_matrix": [
                [
                    0.6531654596328735,
                    -0.034720033407211304,
                    -0.756418764591217,
                    -3.0492215156555176
                ],
                [
                    -0.7572152018547058,
                    -0.029949121177196503,
                    -0.6524785161018372,
                    -2.6302249431610107
                ],
                [
                    0.0,
                    0.9989481568336487,
                    -0.04585227370262146,
                    -0.18483643233776093
                ],
                [
                    0.0,
                    0.0,
                    0.0,
                    1.0
                ]
            ]
        },
        {
            "file_path": "/data/shapenet_blender/all_50_random/02958343/40a30a8e56fa4a6c7b48e36e31209b9/r_39",
            "rotation": 0.12566370614359174,
            "transform_matrix": [
                [
                    -0.9198704957962036,
                    0.16156767308712006,
                    -0.35739922523498535,
                    -1.4407224655151367
                ],
                [
                    -0.3922223150730133,
                    -0.37892115116119385,
                    0.8382006287574768,
                    3.3788950443267822
                ],
                [
                    0.0,
                    0.9112159609794617,
                    0.41192880272865295,
                    1.6605381965637207
                ],
                [
                    0.0,
                    0.0,
                    0.0,
                    1.0
                ]
            ]
        },
        {
            "file_path": "/data/shapenet_blender/all_50_random/02958343/40a30a8e56fa4a6c7b48e36e31209b9/r_40",
            "rotation": 0.12566370614359174,
            "transform_matrix": [
                [
                    0.9989945888519287,
                    0.040397655218839645,
                    0.019442496821284294,
                    0.07837522029876709
                ],
                [
                    0.04483281821012497,
                    -0.9001673460006714,
                    -0.43323060870170593,
                    -1.7464085817337036
                ],
                [
                    0.0,
                    0.4336666166782379,
                    -0.9010732769966125,
                    -3.63234281539917
                ],
                [
                    0.0,
                    0.0,
                    0.0,
                    1.0
                ]
            ]
        },
        {
            "file_path": "/data/shapenet_blender/all_50_random/02958343/40a30a8e56fa4a6c7b48e36e31209b9/r_41",
            "rotation": 0.12566370614359174,
            "transform_matrix": [
                [
                    -0.6680824160575867,
                    -0.06863170117139816,
                    0.7409153580665588,
                    2.986725330352783
                ],
                [
                    0.744087278842926,
                    -0.06162130460143089,
                    0.6652344465255737,
                    2.6816458702087402
                ],
                [
                    0.0,
                    0.9957371354103088,
                    0.09223608672618866,
