{
    "class": "02958343",
    "model": "27495a8836ead3d55c5dd9508493909b",
    "remove_doubles": true,
    "edge_split": true,
    "denoise": true,
    "camera_angle_x": 0.6911112070083618,
    "scale_factor": 2.2285637166815615,
    "hdri_file": "/data/IndoorHDRDataset2018/9C4A9235-1a84e2f01f.exr",
    "center_offset": [
        0.0,
        0.0,
        -9.713403414934874e-10
    ],
    "lights": [],
    "frames": [
        {
            "file_path": "/data/shapenet_blender/all_50_random/02958343/27495a8836ead3d55c5dd9508493909b/r_0",
            "rotation": 0.12566370614359174,
            "transform_matrix": [
                [
                    0.5066401362419128,
                    -0.26250219345092773,
                    -0.8212237358093262,
                    -3.3104586601257324
                ],
                [
                    -0.8621577024459839,
                    -0.15425732731819153,
                    -0.482585608959198,
                    -1.9453648328781128
                ],
                [
                    0.0,
                    0.9525215029716492,
                    -0.3044712245464325,
                    -1.2273627519607544
                ],
                [
                    0.0,
                    0.0,
                    0.0,
                    1.0
                ]
            ]
        },
        {
            "file_path": "/data/shapenet_blender/all_50_random/02958343/27495a8836ead3d55c5dd9508493909b/r_1",
            "rotation": 0.12566370614359174,
            "transform_matrix": [
                [
                    0.9618534445762634,
                    -0.0025730060879141092,
                    0.2735529839992523,
                    1.1027272939682007
                ],
                [
                    0.27356505393981934,
                    0.009046676568686962,
                    -0.9618109464645386,
                    -3.8771839141845703
                ],
                [
                    0.0,
                    0.9999557137489319,
                    0.009405463002622128,
                    0.03791463375091553
                ],
                [
                    0.0,
                    0.0,
                    0.0,
                    1.0
                ]
            ]
        },
        {
            "file_path": "/data/shapenet_blender/all_50_random/02958343/27495a8836ead3d55c5dd9508493909b/r_2",
            "rotation": 0.12566370614359174,
            "transform_matrix": [
                [
                    0.036658722907304764,
                    0.09287957102060318,
                    -0.995002269744873,
                    -4.010982513427734
                ],
                [
                    -0.9993278980255127,
                    0.0034071365371346474,
                    -0.03650004789233208,
                    -0.1471364051103592
                ],
                [
                    0.0,
                    0.9956715703010559,
                    0.09294203668832779,
                    0.37466132640838623
                ],
                [
                    0.0,
                    0.0,
                    0.0,
                    1.0
                ]
            ]
        },
        {
            "file_path": "/data/shapenet_blender/all_50_random/02958343/27495a8836ead3d55c5dd9508493909b/r_3",
            "rotation": 0.12566370614359174,
            "transform_matrix": [
                [
                    -0.4836988151073456,
                    0.48067307472229004,
                    0.7314292192459106,
                    2.948485851287842
                ],
                [
                    0.8752345442771912,
                    0.26564422249794006,
                    0.4042247533798218,
                    1.6294822692871094
                ],
                [
                    0.0,
                    0.835695207118988,
                    -0.5491933822631836,
                    -2.213869571685791
                ],
                [
                    0.0,
                    0.0,
                    0.0,
                    1.0
                ]
            ]
        },
        {
            "file_path": "/data/shapenet_blender/all_50_random/02958343/27495a8836ead3d55c5dd9508493909b/r_4",
            "rotation": 0.12566370614359174,
            "transform_matrix": [
                [
                    0.8798568248748779,
                    0.16397470235824585,
                    -0.44605404138565063,
                    -1.7981014251708984
                ],
                [
                    -0.4752388298511505,
                    0.30358263850212097,
                    -0.8258241415023804,
                    -3.3290038108825684
                ],
                [
                    0.0,
                    0.9385892152786255,
                    0.34503641724586487,
                    1.3908864259719849
                ],
                [
                    0.0,
                    0.0,
                    0.0,
                    1.0
                ]
            ]
        },
        {
            "file_path": "/data/shapenet_blender/all_50_random/02958343/27495a8836ead3d55c5dd9508493909b/r_5",
            "rotation": 0.12566370614359174,
            "transform_matrix": [
                [
                    -0.5096005797386169,
                    0.033137641847133636,
                    0.8597726821899414,
                    3.4658546447753906
                ],
                [
                    0.8604110479354858,
                    0.019626621156930923,
                    0.5092225074768066,
                    2.052741527557373
                ],
                [
                    0.0,
                    0.9992581605911255,
                    -0.038513727486133575,
                    -0.1552537977695465
                ],
                [
                    0.0,
                    0.0,
                    0.0,
                    1.0
                ]
            ]
        },
        {
            "file_path": "/data/shapenet_blender/all_50_random/02958343/27495a8836ead3d55c5dd9508493909b/r_6",
            "rotation": 0.12566370614359174,
            "transform_matrix": [
                [
                    0.07954183965921402,
                    0.5532073378562927,
                    0.8292374610900879,
                    3.3427631855010986
                ],
                [
                    0.996831476688385,
                    -0.04414299875497818,
                    -0.06616873294115067,
                    -0.26673468947410583
                ],
                [
                    -3.7252896323280993e-09,
                    0.83187335729599,
                    -0.5549656748771667,
                    -2.237138271331787
                ],
                [
                    0.0,
                    0.0,
                    0.0,
                    1.0
                ]
            ]
        },
        {
            "file_path": "/data/shapenet_blender/all_50_random/02958343/27495a8836ead3d55c5dd9508493909b/r_7",
            "rotation": 0.12566370614359174,
            "transform_matrix": [
                [
                    0.9045122861862183,
                    -0.2781606912612915,
                    -0.32324016094207764,
                    -1.303022861480713
                ],
                [
                    -0.42644768953323364,
                    -0.5899897217750549,
                    -0.6856050491333008,
                    -2.7637627124786377
                ],
                [
                    0.0,
                    0.7579832673072815,
                    -0.6522738337516785,
                    -2.6294002532958984
                ],
                [
                    0.0,
                    0.0,
                    0.0,
                    1.0
                ]
            ]
        },
        {
            "file_path": "/data/shapenet_blender/all_50_random/02958343/27495a8836ead3d55c5dd9508493909b/r_8",
            "rotation": 0.12566370614359174,
            "transform_matrix": [
                [
                    -0.7321838736534119,
                    -0.6282230019569397,
                    -0.2631398141384125,
                    -1.0607504844665527
                ],
                [
                    -0.6811069250106812,
                    0.675334095954895,
                    0.2828729450702667,
                    1.140297293663025
                ],
                [
                    -1.4901161193847656e-08,
                    0.3863412141799927,
                    -0.9223558306694031,
                    -3.718135356903076
                ],
                [
                    0.0,
                    0.0,
                    0.0,
                    1.0
                ]
            ]
        },
        {
            "file_path": "/data/shapenet_blender/all_50_random/02958343/27495a8836ead3d55c5dd9508493909b/r_9",
            "rotation": 0.12566370614359174,
            "transform_matrix": [
                [
                    -0.9960147142410278,
                    0.04962171986699104,
                    -0.07411013543605804,
                    -0.29874753952026367
                ],
                [
                    -0.08918872475624084,
                    -0.5541503429412842,
                    0.8276246190071106,
                    3.336261749267578
                ],
                [
                    -3.725290298461914e-09,
                    0.8309361338615417,
                    0.5563675761222839,
                    2.2427897453308105
                ],
                [
                    0.0,
                    0.0,
                    0.0,
                    1.0
                ]
            ]
        },
        {
            "file_path": "/data/shapenet_blender/all_50_random/02958343/27495a8836ead3d55c5dd9508493909b/r_10",
            "rotation": 0.12566370614359174,
            "transform_matrix": [
                [
                    -0.8152382969856262,
                    0.23907886445522308,
                    0.5274731516838074,
                    2.126312255859375
                ],
                [
                    0.5791257619857788,
                    0.33655253052711487,
                    0.7425265908241272,
                    2.993220329284668
                ],
                [
                    -1.4901162970204496e-08,
                    0.9108092188835144,
                    -0.4128272533416748,
                    -1.664159893989563
                ],
                [
                    0.0,
                    0.0,
                    0.0,
                    1.0
                ]
            ]
        },
        {
            "file_path": "/data/shapenet_blender/all_50_random/02958343/27495a8836ead3d55c5dd9508493909b/r_11",
            "rotation": 0.12566370614359174,
            "transform_matrix": [
                [
                    -0.8894965648651123,
                    -0.027170194312930107,
                    0.45613354444503784,
                    1.8387329578399658
                ],
                [
                    0.45694202184677124,
                    -0.05289028212428093,
                    0.8879227042198181,
                    3.5793304443359375
                ],
                [
                    0.0,
                    0.9982305765151978,
                    0.05946093052625656,
                    0.23969465494155884
                ],
                [
                    0.0,
                    0.0,
                    0.0,
                    1.0
                ]
            ]
        },
        {
            "file_path": "/data/shapenet_blender/all_50_random/02958343/27495a8836ead3d55c5dd9508493909b/r_12",
            "rotation": 0.12566370614359174,
            "transform_matrix": [
                [
                    -0.3617316484451294,
                    -0.19419503211975098,
                    -0.9118323922157288,
                    -3.6757142543792725
                ],
                [
                    -0.9322823286056519,
                    0.07534895837306976,
                    0.35379695892333984,
                    1.4262012243270874
                ],
                [
                    7.450581485102248e-09,
                    0.978064775466919,
                    -0.20830067992210388,
                    -0.839686930179596
                ],
                [
                    0.0,
                    0.0,
                    0.0,
                    1.0
                ]
            ]
        },
        {
            "file_path": "/data/shapenet_blender/all_50_random/02958343/27495a8836ead3d55c5dd9508493909b/r_13",
            "rotation": 0.12566370614359174,
            "transform_matrix": [
                [
                    -0.018038025125861168,
                    -0.7384659647941589,
                    -0.6740493178367615,
                    -2.717180013656616
                ],
                [
                    -0.9998373985290527,
                    0.013322633691132069,
                    0.012160495854914188,
                    0.04902052879333496
                ],
                [
                    0.0,
                    0.674159049987793,
                    -0.7385860681533813,
                    -2.9773359298706055
                ],
                [
                    0.0,
                    0.0,
                    0.0,
                    1.0
                ]
            ]
        },
        {
            "file_path": "/data/shapenet_blender/all_50_random/02958343/27495a8836ead3d55c5dd9508493909b/r_14",
            "rotation": 0.12566370614359174,
            "transform_matrix": [
                [
                    0.3598850965499878,
                    -0.4671235680580139,
                    0.8076374530792236,
                    3.255690813064575
                ],
                [
                    0.9329966306686401,
                    0.18018372356891632,
                    -0.3115302622318268,
                    -1.2558186054229736
                ],
                [
                    0.0,
                    0.8656381368637085,
                    0.5006701350212097,
                    2.018265962600708
                ],
                [
                    0.0,
                    0.0,
                    0.0,
                    1.0
                ]
            ]
        },
        {
            "file_path": "/data/shapenet_blender/all_50_random/02958343/27495a8836ead3d55c5dd9508493909b/r_15",
            "rotation": 0.12566370614359174,
            "transform_matrix": [
                [
                    0.642569363117218,
                    0.05451180413365364,
                    0.7642859816551208,
                    3.08093523979187
                ],
                [
                    0.7662274837493896,
                    -0.04571438580751419,
                    -0.6409412026405334,
                    -2.583716630935669
                ],
                [
                    3.725290298461914e-09,
                    0.9974659085273743,
                    -0.07114312797784805,
                    -0.28678712248802185
                ],
                [
                    0.0,
                    0.0,
                    0.0,
                    1.0
                ]
            ]
        },
        {
            "file_path": "/data/shapenet_blender/all_50_random/02958343/27495a8836ead3d55c5dd9508493909b/r_16",
            "rotation": 0.12566370614359174,
            "transform_matrix": [
                [
                    0.9982602000236511,
                    0.010328889824450016,
                    0.0580516941845417,
                    0.2340138852596283
                ],
                [
                    0.058963432908058167,
                    -0.17486974596977234,
                    -0.9828243255615234,
                    -3.9618918895721436
                ],
                [
                    9.31322685637781e-10,
                    0.9845373034477234,
                    -0.17517448961734772,
                    -0.706151008605957
                ],
                [
                    0.0,
                    0.0,
                    0.0,
                    1.0
                ]
            ]
        },
        {
            "file_path": "/data/shapenet_blender/all_50_random/02958343/27495a8836ead3d55c5dd9508493909b/r_17",
            "rotation": 0.12566370614359174,
            "transform_matrix": [
                [
                    -0.6043214201927185,
                    0.2747878134250641,
                    0.7478550672531128,
                    3.014700412750244
                ],
                [
                    0.796740710735321,
                    0.208424374461174,
                    0.5672420859336853,
                    2.2866263389587402
                ],
                [
                    -1.4901162970204496e-08,
                    0.9386430978775024,
                    -0.34488990902900696,
                    -1.3902958631515503
                ],
                [
                    0.0,
                    0.0,
                    0.0,
                    1.0
                ]
            ]
        },
        {
            "file_path": "/data/shapenet_blender/all_50_random/02958343/27495a8836ead3d55c5dd9508493909b/r_18",
            "rotation": 0.12566370614359174,
            "transform_matrix": [
                [
                    -0.05341630429029465,
                    0.7781444191932678,
                    -0.6258097887039185,
                    -2.5227198600769043
                ],
                [
                    -0.9985723495483398,
                    -0.041625022888183594,
                    0.03347623348236084,
                    0.1349470168352127
                ],
                [
                    -3.725290298461914e-09,
                    0.6267045736312866,
                    0.77925705909729,
                    3.1412856578826904
                ],
                [
                    0.0,
                    0.0,
                    0.0,
                    1.0
                ]
            ]
        },
        {
            "file_path": "/data/shapenet_blender/all_50_random/02958343/27495a8836ead3d55c5dd9508493909b/r_19",
            "rotation": 0.12566370614359174,
            "transform_matrix": [
                [
                    0.5622158646583557,
                    0.029531242325901985,
                    -0.8264631032943726,
                    -3.3315794467926025
                ],
                [
                    -0.82699054479599,
                    0.02007632702589035,
                    -0.561857283115387,
                    -2.2649190425872803
                ],
                [
                    0.0,
                    0.9993622303009033,
                    0.035709284245967865,
                    0.1439487338066101
                ],
                [
                    0.0,
                    0.0,
                    0.0,
                    1.0
                ]
            ]
        },
        {
            "file_path": "/data/shapenet_blender/all_50_random/02958343/27495a8836ead3d55c5dd9508493909b/r_20",
            "rotation": 0.12566370614359174,
            "transform_matrix": [
                [
                    -0.9690148234367371,
                    0.054228220134973526,
                    0.24097606539726257,
                    0.9714056253433228
                ],
                [
                    0.24700236320495605,
                    0.21274268627166748,
                    0.9453730583190918,
                    3.8109209537506104
                ],
                [
                    3.725290076417309e-09,
                    0.9756022691726685,
                    -0.21954533457756042,
                    -0.885015606880188
                ],
                [
                    0.0,
                    0.0,
                    0.0,
                    1.0
                ]
            ]
        },
        {
            "file_path": "/data/shapenet_blender/all_50_random/02958343/27495a8836ead3d55c5dd9508493909b/r_21",
            "rotation": 0.12566370614359174,
            "transform_matrix": [
                [
                    -0.6751850247383118,
                    0.05256543681025505,
                    0.7357730865478516,
                    2.965996265411377
                ],
                [
                    0.7376483678817749,
                    0.048114243894815445,
                    0.6734685301780701,
                    2.7148385047912598
                ],
                [
                    3.725290298461914e-09,
                    0.9974576830863953,
                    -0.07126083225011826,
                    -0.28726160526275635
                ],
                [
                    0.0,
                    0.0,
                    0.0,
                    1.0
                ]
            ]
        },
        {
            "file_path": "/data/shapenet_blender/all_50_random/02958343/27495a8836ead3d55c5dd9508493909b/r_22",
            "rotation": 0.12566370614359174,
            "transform_matrix": [
                [
                    -0.8672227263450623,
                    -0.3428119719028473,
                    -0.3611159026622772,
                    -1.455704927444458
                ],
                [
                    -0.4979204833507538,
                    0.5970719456672668,
                    0.6289516687393188,
                    2.5353856086730957
                ],
                [
                    1.4901161193847656e-08,
                    0.7252482175827026,
                    -0.6884873509407043,
                    -2.775381565093994
                ],
                [
                    0.0,
                    0.0,
                    0.0,
                    1.0
                ]
            ]
        },
        {
            "file_path": "/data/shapenet_blender/all_50_random/02958343/27495a8836ead3d55c5dd9508493909b/r_23",
            "rotation": 0.12566370614359174,
            "transform_matrix": [
                [
                    0.33507660031318665,
                    0.11346600204706192,
                    -0.9353336691856384,
                    -3.7704505920410156
                ],
                [
                    -0.9421908855438232,
                    0.04035255312919617,
                    -0.3326379656791687,
                    -1.3409065008163452
                ],
                [
                    3.725290298461914e-09,
                    0.9927220344543457,
                    0.12042783945798874,
                    0.48546016216278076
                ],
                [
                    0.0,
                    0.0,
                    0.0,
                    1.0
                ]
            ]
        },
        {
            "file_path": "/data/shapenet_blender/all_50_random/02958343/27495a8836ead3d55c5dd9508493909b/r_24",
            "rotation": 0.12566370614359174,
            "transform_matrix": [
                [
                    0.5394705533981323,
                    -0.46309199929237366,
                    -0.7032192349433899,
                    -2.8347673416137695
                ],
                [
                    -0.8420045375823975,
                    -0.2967020869255066,
                    -0.4505511224269867,
                    -1.8162295818328857
                ],
                [
                    1.4901161193847656e-08,
                    0.8351728916168213,
                    -0.5499875545501709,
                    -2.2170708179473877
                ],
                [
                    0.0,
                    0.0,
                    0.0,
                    1.0
                ]
            ]
        },
        {
            "file_path": "/data/shapenet_blender/all_50_random/02958343/27495a8836ead3d55c5dd9508493909b/r_25",
            "rotation": 0.12566370614359174,
            "transform_matrix": [
                [
                    0.09421966224908829,
                    0.9079419374465942,
                    -0.40836772322654724,
                    -1.646182894706726
                ],
                [
                    -0.9955514073371887,
                    0.08592824637889862,
                    -0.038648203015327454,
                    -0.1557958871126175
                ],
                [
                    -3.7252898543727042e-09,
                    0.4101923704147339,
                    0.911998987197876,
                    3.6763854026794434
                ],
                [
                    0.0,
                    0.0,
                    0.0,
                    1.0
                ]
            ]
        },
        {
            "file_path": "/data/shapenet_blender/all_50_random/02958343/27495a8836ead3d55c5dd9508493909b/r_26",
            "rotation": 0.12566370614359174,
            "transform_matrix": [
                [
                    -0.8999412059783936,
                    0.02553059719502926,
                    -0.4352632761001587,
                    -1.754602313041687
                ],
                [
                    -0.436011403799057,
                    -0.052695952355861664,
                    0.8983970284461975,
                    3.621554136276245
                ],
                [
                    0.0,
                    0.9982841610908508,
                    0.058554887771606445,
                    0.23604229092597961
                ],
                [
                    0.0,
                    0.0,
                    0.0,
                    1.0
                ]
            ]
        },
        {
            "file_path": "/data/shapenet_blender/all_50_random/02958343/27495a8836ead3d55c5dd9508493909b/r_27",
            "rotation": 0.12566370614359174,
            "transform_matrix": [
                [
                    0.039856355637311935,
                    0.29435235261917114,
                    -0.9548654556274414,
                    -3.8491859436035156
                ],
                [
                    -0.999205470085144,
                    0.011741140857338905,
                    -0.038087718188762665,
                    -0.15353651344776154
                ],
                [
                    0.0,
                    0.9556248188018799,
                    0.2945863902568817,
                    1.1875158548355103
                ],
                [
                    0.0,
                    0.0,
                    0.0,
                    1.0
                ]
            ]
        },
        {
            "file_path": "/data/shapenet_blender/all_50_random/02958343/27495a8836ead3d55c5dd9508493909b/r_28",
            "rotation": 0.12566370614359174,
            "transform_matrix": [
                [
                    -0.004552809521555901,
                    0.43172982335090637,
                    0.9019914269447327,
                    3.6360437870025635
                ],
                [
                    0.9999896883964539,
                    0.001965603791177273,
                    0.004106637556105852,
                    0.01655438542366028
                ],
                [
                    1.1641532182693481e-10,
                    0.9020008444786072,
                    -0.4317342936992645,
                    -1.740376591682434
                ],
                [
                    0.0,
                    0.0,
                    0.0,
                    1.0
                ]
            ]
        },
        {
            "file_path": "/data/shapenet_blender/all_50_random/02958343/27495a8836ead3d55c5dd9508493909b/r_29",
            "rotation": 0.12566370614359174,
            "transform_matrix": [
                [
                    0.9051812887191772,
                    0.18603695929050446,
                    -0.38214781880378723,
                    -1.5404871702194214
                ],
                [
                    -0.4250255227088928,
                    0.3962048888206482,
                    -0.8138642311096191,
                    -3.280791759490967
                ],
                [
                    1.4901160305669237e-08,
                    0.8991173505783081,
                    0.43770772218704224,
                    1.7644562721252441
                ],
                [
                    0.0,
                    0.0,
                    0.0,
                    1.0
                ]
            ]
        },
        {
            "file_path": "/data/shapenet_blender/all_50_random/02958343/27495a8836ead3d55c5dd9508493909b/r_30",
            "rotation": 0.12566370614359174,
            "transform_matrix": [
                [
                    -0.11220143735408783,
                    -0.7030705213546753,
                    0.7022128105163574,
                    2.830709934234619
                ],
                [
                    0.9936854839324951,
                    -0.07938680797815323,
                    0.07928996533155441,
                    0.3196280300617218
                ],
                [
                    -3.725290076417309e-09,
                    0.7066750526428223,
                    0.7075382471084595,
                    2.852177619934082
                ],
                [
                    0.0,
                    0.0,
                    0.0,
                    1.0
                ]
            ]
        },
        {
            "file_path": "/data/shapenet_blender/all_50_random/02958343/27495a8836ead3d55c5dd9508493909b/r_31",
            "rotation": 0.12566370614359174,
            "transform_matrix": [
                [
                    -0.34599849581718445,
                    0.37178024649620056,
                    0.8614316582679749,
                    3.4725420475006104
                ],
                [
                    0.9382351040840149,
                    0.1371035873889923,
                    0.31767523288726807,
                    1.2805898189544678
                ],
                [
                    0.0,
                    0.9181405901908875,
                    -0.39625489711761475,
                    -1.597354531288147
                ],
                [
                    0.0,
                    0.0,
                    0.0,
                    1.0
                ]
            ]
        },
        {
            "file_path": "/data/shapenet_blender/all_50_random/02958343/27495a8836ead3d55c5dd9508493909b/r_32",
            "rotation": 0.12566370614359174,
            "transform_matrix": [
                [
                    -0.2703178822994232,
                    -0.010157252661883831,
                    0.962717592716217,
                    3.880838632583618
                ],
                [
                    0.9627711176872253,
                    -0.00285185850225389,
                    0.27030283212661743,
                    1.089625597000122
                ],
                [
                    0.0,
                    0.9999443292617798,
                    0.010550019331276417,
                    0.042528487741947174
                ],
                [
                    0.0,
                    0.0,
                    0.0,
                    1.0
                ]
            ]
        },
        {
            "file_path": "/data/shapenet_blender/all_50_random/02958343/27495a8836ead3d55c5dd9508493909b/r_33",
            "rotation": 0.12566370614359174,
            "transform_matrix": [
                [
                    0.5893795490264893,
                    0.2578774094581604,
                    0.7655918598175049,
                    3.0861995220184326
                ],
                [
                    0.8078561425209045,
                    -0.18813703954219818,
                    -0.5585452318191528,
                    -2.251567840576172
                ],
                [
                    -1.4901160305669237e-08,
                    0.9476832747459412,
                    -0.31921201944351196,
                    -1.2867847681045532
                ],
                [
                    0.0,
                    0.0,
                    0.0,
                    1.0
                ]
            ]
        },
        {
            "file_path": "/data/shapenet_blender/all_50_random/02958343/27495a8836ead3d55c5dd9508493909b/r_34",
            "rotation": 0.12566370614359174,
            "transform_matrix": [
                [
                    -0.021894259378314018,
                    -0.025829043239355087,
                    0.9994266629219055,
                    4.028817653656006
                ],
                [
                    0.9997603297233582,
                    -0.0005656432476826012,
                    0.021886950358748436,
                    0.08822911977767944
                ],
                [
                    -5.820766091346741e-11,
                    0.999666154384613,
                    0.02583524025976658,
                    0.10414518415927887
                ],
                [
                    0.0,
                    0.0,
                    0.0,
                    1.0
                ]
            ]
        },
        {
            "file_path": "/data/shapenet_blender/all_50_random/02958343/27495a8836ead3d55c5dd9508493909b/r_35",
            "rotation": 0.12566370614359174,
            "transform_matrix": [
                [
                    0.420404314994812,
                    0.019199805334210396,
                    0.9071337580680847,
                    3.656773090362549
                ],
                [
                    0.907336950302124,
                    -0.008896012790501118,
                    -0.4203101694583893,
                    -1.6943244934082031
                ],
                [
                    9.31322685637781e-10,
                    0.9997759461402893,
                    -0.02116061933338642,
                    -0.08530118316411972
                ],
                [
                    0.0,
                    0.0,
                    0.0,
                    1.0
                ]
            ]
        },
        {
            "file_path": "/data/shapenet_blender/all_50_random/02958343/27495a8836ead3d55c5dd9508493909b/r_36",
            "rotation": 0.12566370614359174,
            "transform_matrix": [
                [
                    0.7513536810874939,
                    -0.19776159524917603,
                    -0.6295697689056396,
                    -2.537876844406128
                ],
                [
                    -0.6598997712135315,
                    -0.2251688688993454,
                    -0.7168202996253967,
                    -2.8895950317382812
                ],
                [
                    1.4901161193847656e-08,
                    0.9540384411811829,
                    -0.2996842563152313,
                    -1.2080658674240112
                ],
                [
                    0.0,
                    0.0,
                    0.0,
                    1.0
                ]
            ]
        },
        {
            "file_path": "/data/shapenet_blender/all_50_random/02958343/27495a8836ead3d55c5dd9508493909b/r_37",
            "rotation": 0.12566370614359174,
            "transform_matrix": [
                [
                    -0.30626407265663147,
                    0.7550233602523804,
                    0.5797774791717529,
                    2.337157964706421
                ],
                [
                    0.9519466757774353,
                    0.24290913343429565,
                    0.18652833998203278,
                    0.7519198656082153
                ],
                [
                    0.0,
                    0.6090441346168518,
                    -0.7931361794471741,
                    -3.1972343921661377
                ],
                [
                    0.0,
                    0.0,
                    0.0,
                    1.0
                ]
            ]
        },
        {
            "file_path": "/data/shapenet_blender/all_50_random/02958343/27495a8836ead3d55c5dd9508493909b/r_38",
            "rotation": 0.12566370614359174,
            "transform_matrix": [
                [
                    -0.9991723299026489,
                    0.03107847459614277,
                    0.026246298104524612,
                    0.10580222308635712
                ],
                [
                    0.040678493678569794,
                    0.7633702158927917,
                    0.644679069519043,
                    2.5987846851348877
                ],
                [
                    0.0,
                    0.6452131867408752,
                    -0.7640025019645691,
                    -3.0797927379608154
                ],
                [
                    0.0,
                    0.0,
                    0.0,
                    1.0
                ]
            ]
        },
        {
            "file_path": "/data/shapenet_blender/all_50_random/02958343/27495a8836ead3d55c5dd9508493909b/r_39",
            "rotation": 0.12566370614359174,
            "transform_matrix": [
                [
                    0.9862431883811951,
                    -0.15495355427265167,
                    0.05756498500704765,
                    0.23205187916755676
                ],
                [
                    0.16530072689056396,
                    0.924508273601532,
                    -0.3434532582759857,
                    -1.3845043182373047
                ],
                [
                    0.0,
                    0.3482440114021301,
                    0.9374039173126221,
                    3.7787959575653076
                ],
                [
                    0.0,
                    0.0,
                    0.0,
                    1.0
                ]
            ]
        },
        {
            "file_path": "/data/shapenet_blender/all_50_random/02958343/27495a8836ead3d55c5dd9508493909b/r_40",
            "rotation": 0.12566370614359174,
            "transform_matrix": [
                [
                    0.9820236563682556,
                    -0.13734135031700134,
                    0.1294868290424347,
                    0.5219780802726746
                ],
                [
                    0.1887577325105667,
                    0.7145267724990845,
                    -0.6736630797386169,
                    -2.715622663497925
                ],
                [
                    -7.450580152834618e-09,
                    0.6859946250915527,
                    0.7276065349578857,
                    2.9330756664276123
                ],
                [
                    0.0,
                    0.0,
                    0.0,
                    1.0
                ]
            ]
        },
        {
            "file_path": "/data/shapenet_blender/all_50_random/02958343/27495a8836ead3d55c5dd9508493909b/r_41",
            "rotation": 0.12566370614359174,
            "transform_matrix": [
                [
                    0.9678913354873657,
                    0.06299987435340881,
                    -0.24334633350372314,
                    -0.980960488319397
                ],
                [
                    -0.2513691484928131,
                    0.2425796538591385,
                    -0.9369997382164001,
