{
    "class": "02958343",
    "model": "eb5e956c2dbd44248bb11dbc05ffaa74",
    "remove_doubles": true,
    "edge_split": true,
    "denoise": true,
    "camera_angle_x": 0.6911112070083618,
    "scale_factor": 2.2495542381367275,
    "hdri_file": "/data/IndoorHDRDataset2018/AG8A9445-4474dd834d.exr",
    "center_offset": [
        0.0,
        0.0,
        1.862645149230957e-09
    ],
    "lights": [],
    "frames": [
        {
            "file_path": "/data/shapenet_blender/all_50_random/02958343/eb5e956c2dbd44248bb11dbc05ffaa74/r_0",
            "rotation": 0.12566370614359174,
            "transform_matrix": [
                [
                    -0.8871949315071106,
                    -0.03505384549498558,
                    -0.4600614607334137,
                    -1.854567050933838
                ],
                [
                    -0.4613950252532959,
                    0.0674033984541893,
                    0.8846306800842285,
                    3.5660603046417236
                ],
                [
                    -1.862645371275562e-09,
                    0.9971098303794861,
                    -0.07597361505031586,
                    -0.306259423494339
                ],
                [
                    0.0,
                    0.0,
                    0.0,
                    1.0
                ]
            ]
        },
        {
            "file_path": "/data/shapenet_blender/all_50_random/02958343/eb5e956c2dbd44248bb11dbc05ffaa74/r_1",
            "rotation": 0.12566370614359174,
            "transform_matrix": [
                [
                    -0.937250018119812,
                    0.06665831059217453,
                    0.3422265350818634,
                    1.3795592784881592
                ],
                [
                    0.34865787625312805,
                    0.1791885495185852,
                    0.9199614524841309,
                    3.7084832191467285
                ],
                [
                    0.0,
                    0.9815539717674255,
                    -0.19118542969226837,
                    -0.7706931233406067
                ],
                [
                    0.0,
                    0.0,
                    0.0,
                    1.0
                ]
            ]
        },
        {
            "file_path": "/data/shapenet_blender/all_50_random/02958343/eb5e956c2dbd44248bb11dbc05ffaa74/r_2",
            "rotation": 0.12566370614359174,
            "transform_matrix": [
                [
                    -0.9851068258285522,
                    0.03725256770849228,
                    0.1678597331047058,
                    0.6766642332077026
                ],
                [
                    0.17194372415542603,
                    0.21342888474464417,
                    0.9617086052894592,
                    3.8767714500427246
                ],
                [
                    -3.725290298461914e-09,
                    0.9762481451034546,
                    -0.21665556728839874,
                    -0.8733665347099304
                ],
                [
                    0.0,
                    0.0,
                    0.0,
                    1.0
                ]
            ]
        },
        {
            "file_path": "/data/shapenet_blender/all_50_random/02958343/eb5e956c2dbd44248bb11dbc05ffaa74/r_3",
            "rotation": 0.12566370614359174,
            "transform_matrix": [
                [
                    0.8469853401184082,
                    0.20875978469848633,
                    -0.4889123737812042,
                    -1.9708688259124756
                ],
                [
                    -0.5316163897514343,
                    0.3326016068458557,
                    -0.7789481282234192,
                    -3.140040397644043
                ],
                [
                    -1.4901162970204496e-08,
                    0.9196714162826538,
                    0.3926887810230255,
                    1.5829790830612183
                ],
                [
                    0.0,
                    0.0,
                    0.0,
                    1.0
                ]
            ]
        },
        {
            "file_path": "/data/shapenet_blender/all_50_random/02958343/eb5e956c2dbd44248bb11dbc05ffaa74/r_4",
            "rotation": 0.12566370614359174,
            "transform_matrix": [
                [
                    0.9146239757537842,
                    0.26081618666648865,
                    0.3089304268360138,
                    1.2453385591506958
                ],
                [
                    0.40430575609207153,
                    -0.5900206565856934,
                    -0.6988651156425476,
                    -2.81721568107605
                ],
                [
                    0.0,
                    0.7641011476516724,
                    -0.6450963616371155,
                    -2.6004669666290283
                ],
                [
                    0.0,
                    0.0,
                    0.0,
                    1.0
                ]
            ]
        },
        {
            "file_path": "/data/shapenet_blender/all_50_random/02958343/eb5e956c2dbd44248bb11dbc05ffaa74/r_5",
            "rotation": 0.12566370614359174,
            "transform_matrix": [
                [
                    -0.33469292521476746,
                    -0.02142014540731907,
                    0.9420837759971619,
                    3.797661066055298
                ],
                [
                    0.9423272609710693,
                    -0.00760794198140502,
                    0.33460643887519836,
                    1.348841667175293
                ],
                [
                    0.0,
                    0.9997416734695435,
                    0.022731110453605652,
                    0.09163203835487366
                ],
                [
                    0.0,
                    0.0,
                    0.0,
                    1.0
                ]
            ]
        },
        {
            "file_path": "/data/shapenet_blender/all_50_random/02958343/eb5e956c2dbd44248bb11dbc05ffaa74/r_6",
            "rotation": 0.12566370614359174,
            "transform_matrix": [
                [
                    0.9414512515068054,
                    -0.0028972651343792677,
                    0.33713656663894653,
                    1.3590410947799683
                ],
                [
                    0.337149053812027,
                    0.008090291172266006,
                    -0.9414164423942566,
                    -3.794971227645874
                ],
                [
                    0.0,
                    0.999963104724884,
                    0.0085934242233634,
                    0.03464120626449585
                ],
                [
                    0.0,
                    0.0,
                    0.0,
                    1.0
                ]
            ]
        },
        {
            "file_path": "/data/shapenet_blender/all_50_random/02958343/eb5e956c2dbd44248bb11dbc05ffaa74/r_7",
            "rotation": 0.12566370614359174,
            "transform_matrix": [
                [
                    -0.8871490359306335,
                    -0.15911675989627838,
                    -0.43318408727645874,
                    -1.7462210655212402
                ],
                [
                    -0.46148309111595154,
                    0.3058839440345764,
                    0.8327473998069763,
                    3.35691237449646
                ],
                [
                    -1.4901161193847656e-08,
                    0.9386782646179199,
                    -0.34479427337646484,
                    -1.389910340309143
                ],
                [
                    0.0,
                    0.0,
                    0.0,
                    1.0
                ]
            ]
        },
        {
            "file_path": "/data/shapenet_blender/all_50_random/02958343/eb5e956c2dbd44248bb11dbc05ffaa74/r_8",
            "rotation": 0.12566370614359174,
            "transform_matrix": [
                [
                    -0.703060507774353,
                    0.17884017527103424,
                    0.6882746815681458,
                    2.774523973464966
                ],
                [
                    0.7111299633979797,
                    0.1768108308315277,
                    0.6804646253585815,
                    2.7430405616760254
                ],
                [
                    0.0,
                    0.9678606390953064,
                    -0.2514873147010803,
                    -1.0137778520584106
                ],
                [
                    0.0,
                    0.0,
                    0.0,
                    1.0
                ]
            ]
        },
        {
            "file_path": "/data/shapenet_blender/all_50_random/02958343/eb5e956c2dbd44248bb11dbc05ffaa74/r_9",
            "rotation": 0.12566370614359174,
            "transform_matrix": [
                [
                    -0.8490010499954224,
                    0.061843790113925934,
                    -0.5247593522071838,
                    -2.115372896194458
                ],
                [
                    -0.5283910036087036,
                    -0.09936853498220444,
                    0.8431658744812012,
                    3.3989105224609375
                ],
                [
                    3.725290076417309e-09,
                    0.9931269884109497,
                    0.1170416995882988,
                    0.4718102216720581
                ],
                [
                    0.0,
                    0.0,
                    0.0,
                    1.0
                ]
            ]
        },
        {
            "file_path": "/data/shapenet_blender/all_50_random/02958343/eb5e956c2dbd44248bb11dbc05ffaa74/r_10",
            "rotation": 0.12566370614359174,
            "transform_matrix": [
                [
                    0.8570018410682678,
                    0.2791063189506531,
                    0.4331830143928528,
                    1.7462165355682373
                ],
                [
                    0.5153133869171143,
                    -0.4641731381416321,
                    -0.7204133868217468,
                    -2.9040791988372803
                ],
                [
                    -1.4901161193847656e-08,
                    0.8406206369400024,
                    -0.5416244268417358,
                    -2.1833579540252686
                ],
                [
                    0.0,
                    0.0,
                    0.0,
                    1.0
                ]
            ]
        },
        {
            "file_path": "/data/shapenet_blender/all_50_random/02958343/eb5e956c2dbd44248bb11dbc05ffaa74/r_11",
            "rotation": 0.12566370614359174,
            "transform_matrix": [
                [
                    -0.9772274494171143,
                    0.009753105230629444,
                    -0.21197021007537842,
                    -0.8544793128967285
                ],
                [
                    -0.2121945023536682,
                    -0.04491635039448738,
                    0.9761945605278015,
                    3.935166358947754
                ],
                [
                    0.0,
                    0.9989431500434875,
                    0.04596303775906563,
                    0.18528294563293457
                ],
                [
                    0.0,
                    0.0,
                    0.0,
                    1.0
                ]
            ]
        },
        {
            "file_path": "/data/shapenet_blender/all_50_random/02958343/eb5e956c2dbd44248bb11dbc05ffaa74/r_12",
            "rotation": 0.12566370614359174,
            "transform_matrix": [
                [
                    -0.08697325736284256,
                    0.7254288196563721,
                    -0.6827799677848816,
                    -2.7523741722106934
                ],
                [
                    -0.9962106943130493,
                    -0.06333289295434952,
                    0.05960947275161743,
                    0.2402934730052948
                ],
                [
                    -3.725290742551124e-09,
                    0.6853771209716797,
                    0.7281882762908936,
                    2.9354207515716553
                ],
                [
                    0.0,
                    0.0,
                    0.0,
                    1.0
                ]
            ]
        },
        {
            "file_path": "/data/shapenet_blender/all_50_random/02958343/eb5e956c2dbd44248bb11dbc05ffaa74/r_13",
            "rotation": 0.12566370614359174,
            "transform_matrix": [
                [
                    0.963948130607605,
                    -0.23423130810260773,
                    0.12625259160995483,
                    0.5089404582977295
                ],
                [
                    0.2660902738571167,
                    0.8485347032546997,
                    -0.4573671519756317,
                    -1.8437060117721558
                ],
                [
                    0.0,
                    0.4744727313518524,
                    0.8802701830863953,
                    3.548482656478882
                ],
                [
                    0.0,
                    0.0,
                    0.0,
                    1.0
                ]
            ]
        },
        {
            "file_path": "/data/shapenet_blender/all_50_random/02958343/eb5e956c2dbd44248bb11dbc05ffaa74/r_14",
            "rotation": 0.12566370614359174,
            "transform_matrix": [
                [
                    -0.9454583525657654,
                    0.0529811792075634,
                    -0.3214057385921478,
                    -1.2956280708312988
                ],
                [
                    -0.32574331760406494,
                    -0.15377599000930786,
                    0.9328687787055969,
                    3.760514497756958
                ],
                [
                    0.0,
                    0.9866842031478882,
                    0.16264702379703522,
                    0.6556512117385864
                ],
                [
                    0.0,
                    0.0,
                    0.0,
                    1.0
                ]
            ]
        },
        {
            "file_path": "/data/shapenet_blender/all_50_random/02958343/eb5e956c2dbd44248bb11dbc05ffaa74/r_15",
            "rotation": 0.12566370614359174,
            "transform_matrix": [
                [
                    -0.7604155540466309,
                    -0.06596488505601883,
                    0.6460780501365662,
                    2.604423761367798
                ],
                [
                    0.649436891078949,
                    -0.07723725587129593,
                    0.7564827799797058,
                    3.0494794845581055
                ],
                [
                    -3.725290298461914e-09,
                    0.9948280453681946,
                    0.1015724465250969,
                    0.40945160388946533
                ],
                [
                    0.0,
                    0.0,
                    0.0,
                    1.0
                ]
            ]
        },
        {
            "file_path": "/data/shapenet_blender/all_50_random/02958343/eb5e956c2dbd44248bb11dbc05ffaa74/r_16",
            "rotation": 0.12566370614359174,
            "transform_matrix": [
                [
                    0.8963074684143066,
                    -0.3219437301158905,
                    0.30493485927581787,
                    1.229231595993042
                ],
                [
                    0.4434332251548767,
                    0.6507418751716614,
                    -0.6163619756698608,
                    -2.4846343994140625
                ],
                [
                    0.0,
                    0.6876678466796875,
                    0.7260253429412842,
                    2.926701307296753
                ],
                [
                    0.0,
                    0.0,
                    0.0,
                    1.0
                ]
            ]
        },
        {
            "file_path": "/data/shapenet_blender/all_50_random/02958343/eb5e956c2dbd44248bb11dbc05ffaa74/r_17",
            "rotation": 0.12566370614359174,
            "transform_matrix": [
                [
                    -0.020483002066612244,
                    0.6424337029457092,
                    -0.7660674452781677,
                    -3.0881166458129883
                ],
                [
                    -0.9997901916503906,
                    -0.013161732815206051,
                    0.01569465361535549,
                    0.06326717138290405
                ],
                [
                    0.0,
                    0.7662282586097717,
                    0.6425685286521912,
                    2.5902764797210693
                ],
                [
                    0.0,
                    0.0,
                    0.0,
                    1.0
                ]
            ]
        },
        {
            "file_path": "/data/shapenet_blender/all_50_random/02958343/eb5e956c2dbd44248bb11dbc05ffaa74/r_18",
            "rotation": 0.12566370614359174,
            "transform_matrix": [
                [
                    0.7434000372886658,
                    -0.31570667028427124,
                    -0.5896487236022949,
                    -2.3769500255584717
                ],
                [
                    -0.6688470244407654,
                    -0.3508969247341156,
                    -0.6553739309310913,
                    -2.6418967247009277
                ],
                [
                    -1.4901162970204496e-08,
                    0.8815897107124329,
                    -0.472016304731369,
                    -1.9027585983276367
                ],
                [
                    0.0,
                    0.0,
                    0.0,
                    1.0
                ]
            ]
        },
        {
            "file_path": "/data/shapenet_blender/all_50_random/02958343/eb5e956c2dbd44248bb11dbc05ffaa74/r_19",
            "rotation": 0.12566370614359174,
            "transform_matrix": [
                [
                    0.9958081841468811,
                    0.029690470546483994,
                    0.08651389926671982,
                    0.34874868392944336
                ],
                [
                    0.09146682918071747,
                    -0.32324299216270447,
                    -0.9418851733207703,
                    -3.796860694885254
                ],
                [
                    -1.862645371275562e-09,
                    0.9458500742912292,
                    -0.32460370659828186,
                    -1.3085193634033203
                ],
                [
                    0.0,
                    0.0,
                    0.0,
                    1.0
                ]
            ]
        },
        {
            "file_path": "/data/shapenet_blender/all_50_random/02958343/eb5e956c2dbd44248bb11dbc05ffaa74/r_20",
            "rotation": 0.12566370614359174,
            "transform_matrix": [
                [
                    -0.9475997090339661,
                    0.007729736622422934,
                    0.31936657428741455,
                    1.2874078750610352
                ],
                [
                    0.31946009397506714,
                    0.022928360849618912,
                    0.9473223090171814,
                    3.8187782764434814
                ],
                [
                    0.0,
                    0.9997071623802185,
                    -0.02419625222682953,
                    -0.09753821045160294
                ],
                [
                    0.0,
                    0.0,
                    0.0,
                    1.0
                ]
            ]
        },
        {
            "file_path": "/data/shapenet_blender/all_50_random/02958343/eb5e956c2dbd44248bb11dbc05ffaa74/r_21",
            "rotation": 0.12566370614359174,
            "transform_matrix": [
                [
                    -0.6101911664009094,
                    0.38751718401908875,
                    -0.6910116672515869,
                    -2.785557270050049
                ],
                [
                    -0.7922542095184326,
                    -0.29846423864364624,
                    0.5322145223617554,
                    2.14542555809021
                ],
                [
                    0.0,
                    0.8722094893455505,
                    0.4891323447227478,
                    1.9717556238174438
                ],
                [
                    0.0,
                    0.0,
                    0.0,
                    1.0
                ]
            ]
        },
        {
            "file_path": "/data/shapenet_blender/all_50_random/02958343/eb5e956c2dbd44248bb11dbc05ffaa74/r_22",
            "rotation": 0.12566370614359174,
            "transform_matrix": [
                [
                    -0.6142997741699219,
                    0.7003481388092041,
                    -0.3635220527648926,
                    -1.4654042720794678
                ],
                [
                    -0.7890727519989014,
                    -0.5452269315719604,
                    0.2830049693584442,
                    1.1408295631408691
                ],
                [
                    -1.4901161193847656e-08,
                    0.4606952369213104,
                    0.8875584006309509,
                    3.57786226272583
                ],
                [
                    0.0,
                    0.0,
                    0.0,
                    1.0
                ]
            ]
        },
        {
            "file_path": "/data/shapenet_blender/all_50_random/02958343/eb5e956c2dbd44248bb11dbc05ffaa74/r_23",
            "rotation": 0.12566370614359174,
            "transform_matrix": [
                [
                    0.0700237900018692,
                    -0.5655906200408936,
                    0.8217079043388367,
                    3.312410593032837
                ],
                [
                    0.9975453615188599,
                    0.03970225527882576,
                    -0.05768069252371788,
                    -0.23251831531524658
                ],
                [
                    3.725290298461914e-09,
                    0.8237299919128418,
                    0.5669822692871094,
                    2.285578727722168
                ],
                [
                    0.0,
                    0.0,
                    0.0,
                    1.0
                ]
            ]
        },
        {
            "file_path": "/data/shapenet_blender/all_50_random/02958343/eb5e956c2dbd44248bb11dbc05ffaa74/r_24",
            "rotation": 0.12566370614359174,
            "transform_matrix": [
                [
                    0.8569543957710266,
                    -0.5118604302406311,
                    0.06023183465003967,
                    0.24280226230621338
                ],
                [
                    0.5153920650482178,
                    0.8510822057723999,
                    -0.10014886409044266,
                    -0.4037129282951355
                ],
                [
                    3.725290076417309e-09,
                    0.11686619371175766,
                    0.9931477308273315,
                    4.003506183624268
                ],
                [
                    0.0,
                    0.0,
                    0.0,
                    1.0
                ]
            ]
        },
        {
            "file_path": "/data/shapenet_blender/all_50_random/02958343/eb5e956c2dbd44248bb11dbc05ffaa74/r_25",
            "rotation": 0.12566370614359174,
            "transform_matrix": [
                [
                    -0.7176579833030701,
                    -0.6015952825546265,
                    -0.35078519582748413,
                    -1.414060354232788
                ],
                [
                    -0.6963958144187927,
                    0.6199629902839661,
                    0.3614952564239502,
                    1.4572340250015259
                ],
                [
                    0.0,
                    0.5037153959274292,
                    -0.8638697862625122,
                    -3.482370376586914
                ],
                [
                    0.0,
                    0.0,
                    0.0,
                    1.0
                ]
            ]
        },
        {
            "file_path": "/data/shapenet_blender/all_50_random/02958343/eb5e956c2dbd44248bb11dbc05ffaa74/r_26",
            "rotation": 0.12566370614359174,
            "transform_matrix": [
                [
                    -0.47266685962677,
                    -0.3263363838195801,
                    0.8185905814170837,
                    3.299844264984131
                ],
                [
                    0.8812412023544312,
                    -0.17503538727760315,
                    0.43906325101852417,
                    1.7699205875396729
                ],
                [
                    1.4901161193847656e-08,
                    0.9289065003395081,
                    0.37031447887420654,
                    1.4927854537963867
                ],
                [
                    0.0,
                    0.0,
                    0.0,
                    1.0
                ]
            ]
        },
        {
            "file_path": "/data/shapenet_blender/all_50_random/02958343/eb5e956c2dbd44248bb11dbc05ffaa74/r_27",
            "rotation": 0.12566370614359174,
            "transform_matrix": [
                [
                    -0.990225613117218,
                    0.007940222509205341,
                    0.13924859464168549,
                    0.5613290667533875
                ],
                [
                    0.1394747793674469,
                    0.0563729926943779,
                    0.9886196851730347,
                    3.98525333404541
                ],
                [
                    0.0,
                    0.9983781576156616,
                    -0.05692945048213005,
                    -0.22948995232582092
                ],
                [
                    0.0,
                    0.0,
                    0.0,
                    1.0
                ]
            ]
        },
        {
            "file_path": "/data/shapenet_blender/all_50_random/02958343/eb5e956c2dbd44248bb11dbc05ffaa74/r_28",
            "rotation": 0.12566370614359174,
            "transform_matrix": [
                [
                    -0.31843557953834534,
                    -0.6481619477272034,
                    -0.6917259097099304,
                    -2.7884366512298584
                ],
                [
                    -0.9479445219039917,
                    0.21773195266723633,
                    0.23236605525016785,
                    0.9366976022720337
                ],
                [
                    0.0,
                    0.7297114133834839,
                    -0.6837551593780518,
                    -2.756305456161499
                ],
                [
                    0.0,
                    0.0,
                    0.0,
                    1.0
                ]
            ]
        },
        {
            "file_path": "/data/shapenet_blender/all_50_random/02958343/eb5e956c2dbd44248bb11dbc05ffaa74/r_29",
            "rotation": 0.12566370614359174,
            "transform_matrix": [
                [
                    -0.5176860690116882,
                    0.5668916702270508,
                    -0.6408079862594604,
                    -2.583179473876953
                ],
                [
                    -0.8555706143379211,
                    -0.34301313757896423,
                    0.3877381980419159,
                    1.5630226135253906
                ],
                [
                    -1.4901160305669237e-08,
                    0.7489832043647766,
                    0.6625889539718628,
                    2.6709814071655273
                ],
                [
                    0.0,
                    0.0,
                    0.0,
                    1.0
                ]
            ]
        },
        {
            "file_path": "/data/shapenet_blender/all_50_random/02958343/eb5e956c2dbd44248bb11dbc05ffaa74/r_30",
            "rotation": 0.12566370614359174,
            "transform_matrix": [
                [
                    -0.3650655448436737,
                    0.34024810791015625,
                    0.8665785193443298,
                    3.4932897090911865
                ],
                [
                    0.9309818148612976,
                    0.1334213763475418,
                    0.3398111164569855,
                    1.369822382926941
                ],
                [
                    -1.4901161193847656e-08,
                    0.9308220744132996,
                    -0.3654724061489105,
                    -1.473266363143921
                ],
                [
                    0.0,
                    0.0,
                    0.0,
                    1.0
                ]
            ]
        },
        {
            "file_path": "/data/shapenet_blender/all_50_random/02958343/eb5e956c2dbd44248bb11dbc05ffaa74/r_31",
            "rotation": 0.12566370614359174,
            "transform_matrix": [
                [
                    0.7985517382621765,
                    -0.2363865226507187,
                    0.553567111492157,
                    2.2315003871917725
                ],
                [
                    0.6019261479377747,
                    0.3136046826839447,
                    -0.7343956232070923,
                    -2.9604434967041016
                ],
                [
                    -1.4901162970204496e-08,
                    0.9196593761444092,
                    0.39271676540374756,
                    1.5830919742584229
                ],
                [
                    0.0,
                    0.0,
                    0.0,
                    1.0
                ]
            ]
        },
        {
            "file_path": "/data/shapenet_blender/all_50_random/02958343/eb5e956c2dbd44248bb11dbc05ffaa74/r_32",
            "rotation": 0.12566370614359174,
            "transform_matrix": [
                [
                    -0.3000446557998657,
                    -0.058018989861011505,
                    -0.9521591067314148,
                    -3.8382761478424072
                ],
                [
                    -0.9539251923561096,
                    0.018249113112688065,
                    0.29948917031288147,
                    1.2072794437408447
                ],
                [
                    0.0,
                    0.9981486797332764,
                    -0.060821324586868286,
                    -0.24517859518527985
                ],
                [
                    0.0,
                    0.0,
                    0.0,
                    1.0
                ]
            ]
        },
        {
            "file_path": "/data/shapenet_blender/all_50_random/02958343/eb5e956c2dbd44248bb11dbc05ffaa74/r_33",
            "rotation": 0.12566370614359174,
            "transform_matrix": [
                [
                    0.9328455924987793,
                    -0.17031164467334747,
                    -0.3174794316291809,
                    -1.279800534248352
                ],
                [
                    -0.36027663946151733,
                    -0.44097909331321716,
                    -0.8220329284667969,
                    -3.313720703125
                ],
                [
                    -1.4901162970204496e-08,
                    0.8812100887298584,
                    -0.47272467613220215,
                    -1.9056141376495361
                ],
                [
                    0.0,
                    0.0,
                    0.0,
                    1.0
                ]
            ]
        },
        {
            "file_path": "/data/shapenet_blender/all_50_random/02958343/eb5e956c2dbd44248bb11dbc05ffaa74/r_34",
            "rotation": 0.12566370614359174,
            "transform_matrix": [
                [
                    0.981754720211029,
                    0.019924983382225037,
                    0.1891050487756729,
                    0.7623067498207092
                ],
                [
                    0.19015182554721832,
                    -0.10287277400493622,
                    -0.9763501882553101,
                    -3.935792922973633
                ],
                [
                    -1.8626449271863521e-09,
                    0.9944949150085449,
                    -0.10478461533784866,
                    -0.42240023612976074
                ],
                [
                    0.0,
                    0.0,
                    0.0,
                    1.0
                ]
            ]
        },
        {
            "file_path": "/data/shapenet_blender/all_50_random/02958343/eb5e956c2dbd44248bb11dbc05ffaa74/r_35",
            "rotation": 0.12566370614359174,
            "transform_matrix": [
                [
                    -0.9898062348365784,
                    -0.048359230160713196,
                    -0.1339593529701233,
                    -0.540007472038269
                ],
                [
                    -0.1424209624528885,
                    0.3360900580883026,
                    0.9309992790222168,
                    3.7529783248901367
                ],
                [
                    0.0,
                    0.9405874609947205,
                    -0.3395513594150543,
                    -1.368775486946106
                ],
                [
                    0.0,
                    0.0,
                    0.0,
                    1.0
                ]
            ]
        },
        {
            "file_path": "/data/shapenet_blender/all_50_random/02958343/eb5e956c2dbd44248bb11dbc05ffaa74/r_36",
            "rotation": 0.12566370614359174,
            "transform_matrix": [
                [
                    -0.8860017657279968,
                    0.1137838363647461,
                    -0.4495042562484741,
                    -1.8120096921920776
                ],
                [
                    -0.4636818468570709,
                    -0.21741777658462524,
                    0.8589112758636475,
                    3.4623823165893555
                ],
                [
                    7.450580596923828e-09,
                    0.9694238305091858,
                    0.24539203941822052,
                    0.9892070293426514
                ],
                [
                    0.0,
                    0.0,
                    0.0,
                    1.0
                ]
            ]
        },
        {
            "file_path": "/data/shapenet_blender/all_50_random/02958343/eb5e956c2dbd44248bb11dbc05ffaa74/r_37",
            "rotation": 0.12566370614359174,
            "transform_matrix": [
                [
                    -0.9651307463645935,
                    -0.03759203478693962,
                    0.25905507802963257,
                    1.0442845821380615
                ],
                [
                    0.2617684304714203,
                    -0.13860046863555908,
                    0.9551267623901367,
                    3.8502392768859863
                ],
                [
                    0.0,
                    0.98963463306427,
                    0.143607959151268,
                    0.5789022445678711
                ],
                [
                    0.0,
                    0.0,
                    0.0,
                    1.0
                ]
            ]
        },
        {
            "file_path": "/data/shapenet_blender/all_50_random/02958343/eb5e956c2dbd44248bb11dbc05ffaa74/r_38",
            "rotation": 0.12566370614359174,
            "transform_matrix": [
                [
                    0.4119916260242462,
                    -0.0773966982960701,
                    0.9078946113586426,
                    3.6598403453826904
                ],
                [
                    0.9111877083778381,
                    0.03499475494027138,
                    -0.4105026423931122,
                    -1.6547890901565552
                ],
                [
                    0.0,
                    0.9963859915733337,
                    0.08494045585393906,
                    0.34240591526031494
                ],
                [
                    0.0,
                    0.0,
                    0.0,
                    1.0
                ]
            ]
        },
        {
            "file_path": "/data/shapenet_blender/all_50_random/02958343/eb5e956c2dbd44248bb11dbc05ffaa74/r_39",
            "rotation": 0.12566370614359174,
            "transform_matrix": [
                [
                    -0.9997211694717407,
                    0.018503740429878235,
                    -0.014670360833406448,
                    -0.05913811922073364
                ],
                [
                    -0.02361372299492359,
                    -0.7833826541900635,
                    0.6210909485816956,
                    2.5036978721618652
                ],
                [
                    0.0,
                    0.6212641596794128,
                    0.7836011052131653,
                    3.158797264099121
                ],
                [
                    0.0,
                    0.0,
                    0.0,
                    1.0
                ]
            ]
        },
        {
            "file_path": "/data/shapenet_blender/all_50_random/02958343/eb5e956c2dbd44248bb11dbc05ffaa74/r_40",
            "rotation": 0.12566370614359174,
            "transform_matrix": [
                [
                    -0.2794618606567383,
                    0.08619214594364166,
                    -0.9562802910804749,
                    -3.854889154434204
                ],
                [
                    -0.9601568579673767,
                    -0.025086961686611176,
                    0.27833354473114014,
                    1.1219984292984009
                ],
                [
                    -1.862645371275562e-09,
                    0.9959626197814941,
                    0.08976882696151733,
                    0.3618697226047516
                ],
                [
                    0.0,
                    0.0,
                    0.0,
                    1.0
                ]
            ]
        },
        {
            "file_path": "/data/shapenet_blender/all_50_random/02958343/eb5e956c2dbd44248bb11dbc05ffaa74/r_41",
            "rotation": 0.12566370614359174,
            "transform_matrix": [
                [
                    0.33964303135871887,
                    -0.03910936042666435,
                    -0.9397410154342651,
                    -3.7882168292999268
                ],
                [
                    -0.9405544996261597,
                    -0.014122755266726017,
                    -0.33934926986694336,
                    -1.3679604530334473
                ],
                [
