{
    "class": "02958343",
    "model": "ece361a95a2ede4e629cf5743e29cdb3",
    "remove_doubles": true,
    "edge_split": true,
    "denoise": true,
    "camera_angle_x": 0.6911112070083618,
    "scale_factor": 2.249579575255024,
    "hdri_file": "/data/IndoorHDRDataset2018/AG8A0092-8822d3ef58.exr",
    "center_offset": [
        0.0,
        0.0,
        9.313225746154785e-10
    ],
    "lights": [],
    "frames": [
        {
            "file_path": "/data/shapenet_blender/all_50_random/02958343/ece361a95a2ede4e629cf5743e29cdb3/r_0",
            "rotation": 0.12566370614359174,
            "transform_matrix": [
                [
                    0.8703986406326294,
                    0.1630178689956665,
                    0.4645765721797943,
                    1.8727679252624512
                ],
                [
                    0.4923476576805115,
                    -0.2881917357444763,
                    -0.8213034272193909,
                    -3.3107798099517822
                ],
                [
                    0.0,
                    0.9435945153236389,
                    -0.3311031460762024,
                    -1.3347194194793701
                ],
                [
                    0.0,
                    0.0,
                    0.0,
                    1.0
                ]
            ]
        },
        {
            "file_path": "/data/shapenet_blender/all_50_random/02958343/ece361a95a2ede4e629cf5743e29cdb3/r_1",
            "rotation": 0.12566370614359174,
            "transform_matrix": [
                [
                    0.07581234723329544,
                    0.009045391343533993,
                    -0.9970810413360596,
                    -4.019361972808838
                ],
                [
                    -0.9971221089363098,
                    0.0006877315463498235,
                    -0.07580922544002533,
                    -0.3055967688560486
                ],
                [
                    -5.8207653974573503e-11,
                    0.999958872795105,
                    0.009071496315300465,
                    0.03656836971640587
                ],
                [
                    0.0,
                    0.0,
                    0.0,
                    1.0
                ]
            ]
        },
        {
            "file_path": "/data/shapenet_blender/all_50_random/02958343/ece361a95a2ede4e629cf5743e29cdb3/r_2",
            "rotation": 0.12566370614359174,
            "transform_matrix": [
                [
                    0.9977694749832153,
                    -0.021633250638842583,
                    -0.0631524994969368,
                    -0.2545758783817291
                ],
                [
                    -0.06675504893064499,
                    -0.32334625720977783,
                    -0.9439231157302856,
                    -3.8050758838653564
                ],
                [
                    0.0,
                    0.9460333585739136,
                    -0.32406914234161377,
                    -1.3063645362854004
                ],
                [
                    0.0,
                    0.0,
                    0.0,
                    1.0
                ]
            ]
        },
        {
            "file_path": "/data/shapenet_blender/all_50_random/02958343/ece361a95a2ede4e629cf5743e29cdb3/r_3",
            "rotation": 0.12566370614359174,
            "transform_matrix": [
                [
                    -0.3495256006717682,
                    -0.14772041141986847,
                    -0.9252083897590637,
                    -3.7296342849731445
                ],
                [
                    -0.9369269013404846,
                    0.05510789155960083,
                    0.34515395760536194,
                    1.3913601636886597
                ],
                [
                    -3.725290298461914e-09,
                    0.9874926805496216,
                    -0.15766483545303345,
                    -0.635567307472229
                ],
                [
                    0.0,
                    0.0,
                    0.0,
                    1.0
                ]
            ]
        },
        {
            "file_path": "/data/shapenet_blender/all_50_random/02958343/ece361a95a2ede4e629cf5743e29cdb3/r_4",
            "rotation": 0.12566370614359174,
            "transform_matrix": [
                [
                    0.8762890696525574,
                    0.18929608166217804,
                    -0.44303998351097107,
                    -1.7859512567520142
                ],
                [
                    -0.48178568482398987,
                    0.3442985415458679,
                    -0.8058170080184937,
                    -3.24835205078125
                ],
                [
                    1.4901160305669237e-08,
                    0.9195789694786072,
                    0.39290520548820496,
                    1.5838514566421509
                ],
                [
                    0.0,
                    0.0,
                    0.0,
                    1.0
                ]
            ]
        },
        {
            "file_path": "/data/shapenet_blender/all_50_random/02958343/ece361a95a2ede4e629cf5743e29cdb3/r_5",
            "rotation": 0.12566370614359174,
            "transform_matrix": [
                [
                    -0.9956179261207581,
                    0.036762792617082596,
                    -0.08598490804433823,
                    -0.3466162383556366
                ],
                [
                    -0.09351421147584915,
                    -0.3914025127887726,
                    0.91545569896698,
                    3.690319776535034
                ],
                [
                    -3.7252898543727042e-09,
                    0.9194849133491516,
                    0.3931252360343933,
                    1.5847384929656982
                ],
                [
                    0.0,
                    0.0,
                    0.0,
                    1.0
                ]
            ]
        },
        {
            "file_path": "/data/shapenet_blender/all_50_random/02958343/ece361a95a2ede4e629cf5743e29cdb3/r_6",
            "rotation": 0.12566370614359174,
            "transform_matrix": [
                [
                    0.9697118401527405,
                    -0.01504350733011961,
                    -0.24378815293312073,
                    -0.9827413558959961
                ],
                [
                    -0.24425184726715088,
                    -0.05972469598054886,
                    -0.9678709506988525,
                    -3.9016120433807373
                ],
                [
                    9.313225191043273e-10,
                    0.998101532459259,
                    -0.06159015744924545,
                    -0.24827784299850464
                ],
                [
                    0.0,
                    0.0,
                    0.0,
                    1.0
                ]
            ]
        },
        {
            "file_path": "/data/shapenet_blender/all_50_random/02958343/ece361a95a2ede4e629cf5743e29cdb3/r_7",
            "rotation": 0.12566370614359174,
            "transform_matrix": [
                [
                    -0.6176055073738098,
                    -0.3555115759372711,
                    0.7015517354011536,
                    2.82804536819458
                ],
                [
                    0.7864879965782166,
                    -0.2791726291179657,
                    0.5509076118469238,
                    2.2207796573638916
                ],
                [
                    1.4901160305669237e-08,
                    0.8920055627822876,
                    0.4520242214202881,
                    1.8221678733825684
                ],
                [
                    0.0,
                    0.0,
                    0.0,
                    1.0
                ]
            ]
        },
        {
            "file_path": "/data/shapenet_blender/all_50_random/02958343/ece361a95a2ede4e629cf5743e29cdb3/r_8",
            "rotation": 0.12566370614359174,
            "transform_matrix": [
                [
                    -0.21653124690055847,
                    -0.8753791451454163,
                    -0.4322330951690674,
                    -1.742387294769287
                ],
                [
                    -0.976275622844696,
                    0.1941531002521515,
                    0.09586634486913681,
                    0.3864496052265167
                ],
                [
                    -7.450580152834618e-09,
                    0.44273674488067627,
                    -0.8966516256332397,
                    -3.614518404006958
                ],
                [
                    0.0,
                    0.0,
                    0.0,
                    1.0
                ]
            ]
        },
        {
            "file_path": "/data/shapenet_blender/all_50_random/02958343/ece361a95a2ede4e629cf5743e29cdb3/r_9",
            "rotation": 0.12566370614359174,
            "transform_matrix": [
                [
                    0.00802574958652258,
                    0.0728130042552948,
                    -0.9973133206367493,
                    -4.020298480987549
                ],
                [
                    -0.9999678134918213,
                    0.0005843978142365813,
                    -0.00800444558262825,
                    -0.032266952097415924
                ],
                [
                    0.0,
                    0.9973453879356384,
                    0.07281535118818283,
                    0.29352807998657227
                ],
                [
                    0.0,
                    0.0,
                    0.0,
                    1.0
                ]
            ]
        },
        {
            "file_path": "/data/shapenet_blender/all_50_random/02958343/ece361a95a2ede4e629cf5743e29cdb3/r_10",
            "rotation": 0.12566370614359174,
            "transform_matrix": [
                [
                    0.9990860819816589,
                    -2.9821781936334446e-05,
                    0.04274454340338707,
                    0.17230874300003052
                ],
                [
                    0.042744554579257965,
                    0.0006970367976464331,
                    -0.9990858435630798,
                    -4.0274434089660645
                ],
                [
                    1.8189894035458565e-12,
                    0.9999997615814209,
                    0.0006976744625717402,
                    0.002812415361404419
                ],
                [
                    0.0,
                    0.0,
                    0.0,
                    1.0
                ]
            ]
        },
        {
            "file_path": "/data/shapenet_blender/all_50_random/02958343/ece361a95a2ede4e629cf5743e29cdb3/r_11",
            "rotation": 0.12566370614359174,
            "transform_matrix": [
                [
                    0.9152222871780396,
                    0.28105559945106506,
                    -0.288749098777771,
                    -1.163985013961792
                ],
                [
                    -0.40294957160949707,
                    0.6383636593818665,
                    -0.6558379530906677,
                    -2.6437675952911377
                ],
                [
                    0.0,
                    0.7165888547897339,
                    0.6974957585334778,
                    2.8116955757141113
                ],
                [
                    0.0,
                    0.0,
                    0.0,
                    1.0
                ]
            ]
        },
        {
            "file_path": "/data/shapenet_blender/all_50_random/02958343/ece361a95a2ede4e629cf5743e29cdb3/r_12",
            "rotation": 0.12566370614359174,
            "transform_matrix": [
                [
                    0.8540857434272766,
                    -0.5164725184440613,
                    0.06159175559878349,
                    0.24828428030014038
                ],
                [
                    0.5201321244239807,
                    0.848076581954956,
                    -0.10113708674907684,
                    -0.40769657492637634
                ],
                [
                    0.0,
                    0.11841591447591782,
                    0.9929641485214233,
                    4.002766132354736
                ],
                [
                    0.0,
                    0.0,
                    0.0,
                    1.0
                ]
            ]
        },
        {
            "file_path": "/data/shapenet_blender/all_50_random/02958343/ece361a95a2ede4e629cf5743e29cdb3/r_13",
            "rotation": 0.12566370614359174,
            "transform_matrix": [
                [
                    0.8102450370788574,
                    -0.2231287658214569,
                    -0.54195636510849,
                    -2.1846959590911865
                ],
                [
                    -0.5860914587974548,
                    -0.3084654211997986,
                    -0.7492302060127258,
                    -3.0202436447143555
                ],
                [
                    0.0,
                    0.9246958494186401,
                    -0.38070645928382874,
                    -1.5346767902374268
                ],
                [
                    0.0,
                    0.0,
                    0.0,
                    1.0
                ]
            ]
        },
        {
            "file_path": "/data/shapenet_blender/all_50_random/02958343/ece361a95a2ede4e629cf5743e29cdb3/r_14",
            "rotation": 0.12566370614359174,
            "transform_matrix": [
                [
                    0.8818490505218506,
                    -0.2039315104484558,
                    -0.4251519441604614,
                    -1.7138423919677734
                ],
                [
                    -0.47153183817863464,
                    -0.38138848543167114,
                    -0.7951103448867798,
                    -3.2051925659179688
                ],
                [
                    -1.4901161193847656e-08,
                    0.9016401171684265,
                    -0.4324871599674225,
                    -1.743411660194397
                ],
                [
                    0.0,
                    0.0,
                    0.0,
                    1.0
                ]
            ]
        },
        {
            "file_path": "/data/shapenet_blender/all_50_random/02958343/ece361a95a2ede4e629cf5743e29cdb3/r_15",
            "rotation": 0.12566370614359174,
            "transform_matrix": [
                [
                    0.7396586537361145,
                    -0.25517261028289795,
                    0.6227294206619263,
                    2.510302782058716
                ],
                [
                    0.6729822754859924,
                    0.2804540991783142,
                    -0.6844269633293152,
                    -2.7590136528015137
                ],
                [
                    0.0,
                    0.9253281950950623,
                    0.37916693091392517,
                    1.5284708738327026
                ],
                [
                    0.0,
                    0.0,
                    0.0,
                    1.0
                ]
            ]
        },
        {
            "file_path": "/data/shapenet_blender/all_50_random/02958343/ece361a95a2ede4e629cf5743e29cdb3/r_16",
            "rotation": 0.12566370614359174,
            "transform_matrix": [
                [
                    0.35613495111465454,
                    0.6635215878486633,
                    0.6579567193984985,
                    2.652308464050293
                ],
                [
                    0.9344346523284912,
                    -0.252883642911911,
                    -0.2507627308368683,
                    -1.0108568668365479
                ],
                [
                    0.0,
                    0.7041229009628296,
                    -0.7100781202316284,
                    -2.8624165058135986
                ],
                [
                    0.0,
                    0.0,
                    0.0,
                    1.0
                ]
            ]
        },
        {
            "file_path": "/data/shapenet_blender/all_50_random/02958343/ece361a95a2ede4e629cf5743e29cdb3/r_17",
            "rotation": 0.12566370614359174,
            "transform_matrix": [
                [
                    -0.9817934036254883,
                    -0.12580710649490356,
                    0.14231792092323303,
                    0.5737019777297974
                ],
                [
                    0.18995216488838196,
                    -0.6502509713172913,
                    0.7355893850326538,
                    2.9652559757232666
                ],
                [
                    -7.450580596923828e-09,
                    0.7492305040359497,
                    0.6623093485832214,
                    2.6698546409606934
                ],
                [
                    0.0,
                    0.0,
                    0.0,
                    1.0
                ]
            ]
        },
        {
            "file_path": "/data/shapenet_blender/all_50_random/02958343/ece361a95a2ede4e629cf5743e29cdb3/r_18",
            "rotation": 0.12566370614359174,
            "transform_matrix": [
                [
                    0.5845390558242798,
                    -0.33798035979270935,
                    0.7376200556755066,
                    2.9734416007995605
                ],
                [
                    0.81136554479599,
                    0.24349410831928253,
                    -0.5314099788665771,
                    -2.1421821117401123
                ],
                [
                    0.0,
                    0.9091094136238098,
                    0.4165574610233307,
                    1.679196834564209
                ],
                [
                    0.0,
                    0.0,
                    0.0,
                    1.0
                ]
            ]
        },
        {
            "file_path": "/data/shapenet_blender/all_50_random/02958343/ece361a95a2ede4e629cf5743e29cdb3/r_19",
            "rotation": 0.12566370614359174,
            "transform_matrix": [
                [
                    0.937293529510498,
                    -0.06533444672822952,
                    0.3423629105091095,
                    1.3801090717315674
                ],
                [
                    0.3485412001609802,
                    0.1756967306137085,
                    -0.9206789135932922,
                    -3.7113754749298096
                ],
                [
                    3.725290298461914e-09,
                    0.9822739958763123,
                    0.18745112419128418,
                    0.7556396722793579
                ],
                [
                    0.0,
                    0.0,
                    0.0,
                    1.0
                ]
            ]
        },
        {
            "file_path": "/data/shapenet_blender/all_50_random/02958343/ece361a95a2ede4e629cf5743e29cdb3/r_20",
            "rotation": 0.12566370614359174,
            "transform_matrix": [
                [
                    -0.705765426158905,
                    -0.15407417714595795,
                    -0.69148850440979,
                    -2.7874794006347656
                ],
                [
                    -0.70844566822052,
                    0.15349127352237701,
                    0.6888723969459534,
                    2.776933431625366
                ],
                [
                    7.450581485102248e-09,
                    0.9760643243789673,
                    -0.21748200058937073,
                    -0.8766979575157166
                ],
                [
                    0.0,
                    0.0,
                    0.0,
                    1.0
                ]
            ]
        },
        {
            "file_path": "/data/shapenet_blender/all_50_random/02958343/ece361a95a2ede4e629cf5743e29cdb3/r_21",
            "rotation": 0.12566370614359174,
            "transform_matrix": [
                [
                    0.19342215359210968,
                    0.012586587108671665,
                    -0.9810348153114319,
                    -3.9546780586242676
                ],
                [
                    -0.9811156988143921,
                    0.0024813839700073004,
                    -0.19340620934963226,
                    -0.7796454429626465
                ],
                [
                    0.0,
                    0.9999178051948547,
                    0.012828849256038666,
                    0.05171474814414978
                ],
                [
                    0.0,
                    0.0,
                    0.0,
                    1.0
                ]
            ]
        },
        {
            "file_path": "/data/shapenet_blender/all_50_random/02958343/ece361a95a2ede4e629cf5743e29cdb3/r_22",
            "rotation": 0.12566370614359174,
            "transform_matrix": [
                [
                    -0.7156194448471069,
                    -0.382053941488266,
                    0.5847421288490295,
                    2.357171058654785
                ],
                [
                    0.6984902620315552,
                    -0.39142313599586487,
                    0.5990818738937378,
                    2.4149765968322754
                ],
                [
                    1.4901161193847656e-08,
                    0.8371514081954956,
                    0.5469710230827332,
                    2.20491099357605
                ],
                [
                    0.0,
                    0.0,
                    0.0,
                    1.0
                ]
            ]
        },
        {
            "file_path": "/data/shapenet_blender/all_50_random/02958343/ece361a95a2ede4e629cf5743e29cdb3/r_23",
            "rotation": 0.12566370614359174,
            "transform_matrix": [
                [
                    -0.9498422145843506,
                    0.22764736413955688,
                    0.21442127227783203,
                    0.8643597960472107
                ],
                [
                    0.3127296268939972,
                    0.6914249658584595,
                    0.6512538194656372,
                    2.6252880096435547
                ],
                [
                    0.0,
                    0.6856441497802734,
                    -0.7279367446899414,
                    -2.9344069957733154
                ],
                [
                    0.0,
                    0.0,
                    0.0,
                    1.0
                ]
            ]
        },
        {
            "file_path": "/data/shapenet_blender/all_50_random/02958343/ece361a95a2ede4e629cf5743e29cdb3/r_24",
            "rotation": 0.12566370614359174,
            "transform_matrix": [
                [
                    0.8964663147926331,
                    -0.06942571699619293,
                    0.4376392066478729,
                    1.7641799449920654
                ],
                [
                    0.4431116580963135,
                    0.14045627415180206,
                    -0.8853948712348938,
                    -3.569140672683716
                ],
                [
                    3.7252896323280993e-09,
                    0.98764967918396,
                    0.15667769312858582,
                    0.6315879821777344
                ],
                [
                    0.0,
                    0.0,
                    0.0,
                    1.0
                ]
            ]
        },
        {
            "file_path": "/data/shapenet_blender/all_50_random/02958343/ece361a95a2ede4e629cf5743e29cdb3/r_25",
            "rotation": 0.12566370614359174,
            "transform_matrix": [
                [
                    0.027226664125919342,
                    0.4258933961391449,
                    -0.9043635725975037,
                    -3.645606279373169
                ],
                [
                    -0.9996293783187866,
                    0.011599955148994923,
                    -0.024631932377815247,
                    -0.0992944985628128
                ],
                [
                    0.0,
                    0.90469890832901,
                    0.4260513484477997,
                    1.7174679040908813
                ],
                [
                    0.0,
                    0.0,
                    0.0,
                    1.0
                ]
            ]
        },
        {
            "file_path": "/data/shapenet_blender/all_50_random/02958343/ece361a95a2ede4e629cf5743e29cdb3/r_26",
            "rotation": 0.12566370614359174,
            "transform_matrix": [
                [
                    -0.45353183150291443,
                    -0.028704624623060226,
                    0.8907776474952698,
                    3.5908396244049072
                ],
                [
                    0.8912400007247925,
                    -0.014607133343815804,
                    0.45329657196998596,
                    1.8272969722747803
                ],
                [
                    0.0,
                    0.9994811415672302,
                    0.032207511365413666,
                    0.12983262538909912
                ],
                [
                    0.0,
                    0.0,
                    0.0,
                    1.0
                ]
            ]
        },
        {
            "file_path": "/data/shapenet_blender/all_50_random/02958343/ece361a95a2ede4e629cf5743e29cdb3/r_27",
            "rotation": 0.12566370614359174,
            "transform_matrix": [
                [
                    -0.9952938556671143,
                    -0.042738448828458786,
                    -0.08696981519460678,
                    -0.35058653354644775
                ],
                [
                    -0.09690369665622711,
                    0.4389648735523224,
                    0.8932633996009827,
                    3.6008598804473877
                ],
                [
                    0.0,
                    0.8974871039390564,
                    -0.4410405457019806,
                    -1.7778912782669067
                ],
                [
                    0.0,
                    0.0,
                    0.0,
                    1.0
                ]
            ]
        },
        {
            "file_path": "/data/shapenet_blender/all_50_random/02958343/ece361a95a2ede4e629cf5743e29cdb3/r_28",
            "rotation": 0.12566370614359174,
            "transform_matrix": [
                [
                    0.5552204847335815,
                    -0.204397514462471,
                    0.8061959147453308,
                    3.2498795986175537
                ],
                [
                    0.8317031860351562,
                    0.13644973933696747,
                    -0.5381925702095032,
                    -2.1695237159729004
                ],
                [
                    -7.450580596923828e-09,
                    0.9693312048912048,
                    0.24575777351856232,
                    0.9906812906265259
                ],
                [
                    0.0,
                    0.0,
                    0.0,
                    1.0
                ]
            ]
        },
        {
            "file_path": "/data/shapenet_blender/all_50_random/02958343/ece361a95a2ede4e629cf5743e29cdb3/r_29",
            "rotation": 0.12566370614359174,
            "transform_matrix": [
                [
                    -0.6609349250793457,
                    0.09856394678354263,
                    0.7439423203468323,
                    2.998927354812622
                ],
                [
                    0.7504433393478394,
                    0.08680783212184906,
                    0.6552093625068665,
                    2.641233444213867
                ],
                [
                    0.0,
                    0.991337239742279,
                    -0.13134096562862396,
                    -0.529452383518219
                ],
                [
                    0.0,
                    0.0,
                    0.0,
                    1.0
                ]
            ]
        },
        {
            "file_path": "/data/shapenet_blender/all_50_random/02958343/ece361a95a2ede4e629cf5743e29cdb3/r_30",
            "rotation": 0.12566370614359174,
            "transform_matrix": [
                [
                    -0.3519759774208069,
                    0.21904265880584717,
                    0.9100182056427002,
                    3.668400764465332
                ],
                [
                    0.9360090494155884,
                    0.08236860483884811,
                    0.34220242500305176,
                    1.3794621229171753
                ],
                [
                    0.0,
                    0.9722324013710022,
                    -0.23401765525341034,
                    -0.9433553218841553
                ],
                [
                    0.0,
                    0.0,
                    0.0,
                    1.0
                ]
            ]
        },
        {
            "file_path": "/data/shapenet_blender/all_50_random/02958343/ece361a95a2ede4e629cf5743e29cdb3/r_31",
            "rotation": 0.12566370614359174,
            "transform_matrix": [
                [
                    -0.467805951833725,
                    0.2892003655433655,
                    -0.8351770639419556,
                    -3.366706371307373
                ],
                [
                    -0.883831262588501,
                    -0.1530718058347702,
                    0.4420536458492279,
                    1.781975269317627
                ],
                [
                    1.4901161193847656e-08,
                    0.9449508190155029,
                    0.32721224427223206,
                    1.3190346956253052
                ],
                [
                    0.0,
                    0.0,
                    0.0,
                    1.0
                ]
            ]
        },
        {
            "file_path": "/data/shapenet_blender/all_50_random/02958343/ece361a95a2ede4e629cf5743e29cdb3/r_32",
            "rotation": 0.12566370614359174,
            "transform_matrix": [
                [
                    -0.5449280142784119,
                    -0.6704059839248657,
                    -0.5035963654518127,
                    -2.030061960220337
                ],
                [
                    -0.8384827971458435,
                    0.4356952905654907,
                    0.3272860646247864,
                    1.3193323612213135
                ],
                [
                    1.4901159417490817e-08,
                    0.6006041765213013,
                    -0.799546480178833,
                    -3.2230749130249023
                ],
                [
                    0.0,
                    0.0,
                    0.0,
                    1.0
                ]
            ]
        },
        {
            "file_path": "/data/shapenet_blender/all_50_random/02958343/ece361a95a2ede4e629cf5743e29cdb3/r_33",
            "rotation": 0.12566370614359174,
            "transform_matrix": [
                [
                    0.6883624196052551,
                    0.4166845679283142,
                    -0.5937433242797852,
                    -2.393455982208252
                ],
                [
                    -0.7253669500350952,
                    0.3954274356365204,
                    -0.5634535551071167,
                    -2.2713539600372314
                ],
                [
                    0.0,
                    0.8185420632362366,
                    0.5744465589523315,
                    2.3156681060791016
                ],
                [
                    0.0,
                    0.0,
                    0.0,
                    1.0
                ]
            ]
        },
        {
            "file_path": "/data/shapenet_blender/all_50_random/02958343/ece361a95a2ede4e629cf5743e29cdb3/r_34",
            "rotation": 0.12566370614359174,
            "transform_matrix": [
                [
                    -0.5592348575592041,
                    -0.13491708040237427,
                    0.8179571032524109,
                    3.297290086746216
                ],
                [
                    0.8290092349052429,
                    -0.09101265668869019,
                    0.5517792701721191,
                    2.2242932319641113
                ],
                [
                    0.0,
                    0.9866682291030884,
                    0.16274495422840118,
                    0.6560457944869995
                ],
                [
                    0.0,
                    0.0,
                    0.0,
                    1.0
                ]
            ]
        },
        {
            "file_path": "/data/shapenet_blender/all_50_random/02958343/ece361a95a2ede4e629cf5743e29cdb3/r_35",
            "rotation": 0.12566370614359174,
            "transform_matrix": [
                [
                    0.9994077682495117,
                    -0.021859625354409218,
                    -0.026574285700917244,
                    -0.10712437331676483
                ],
                [
                    -0.03440982103347778,
                    -0.6348965764045715,
                    -0.7718303799629211,
                    -3.1113476753234863
                ],
                [
                    -1.862645149230957e-09,
                    0.7722876667976379,
                    -0.6352728605270386,
                    -2.5608668327331543
                ],
                [
                    0.0,
                    0.0,
                    0.0,
                    1.0
                ]
            ]
        },
        {
            "file_path": "/data/shapenet_blender/all_50_random/02958343/ece361a95a2ede4e629cf5743e29cdb3/r_36",
            "rotation": 0.12566370614359174,
            "transform_matrix": [
                [
                    -0.4174361228942871,
                    -0.293901652097702,
                    0.8598656058311462,
                    3.466229200363159
                ],
                [
                    0.9087063670158386,
                    -0.13501079380512238,
                    0.3949999511241913,
                    1.59229576587677
                ],
                [
                    0.0,
                    0.9462525248527527,
                    0.3234286606311798,
                    1.30378258228302
                ],
                [
                    0.0,
                    0.0,
                    0.0,
                    1.0
                ]
            ]
        },
        {
            "file_path": "/data/shapenet_blender/all_50_random/02958343/ece361a95a2ede4e629cf5743e29cdb3/r_37",
            "rotation": 0.12566370614359174,
            "transform_matrix": [
                [
                    0.47588682174682617,
                    0.33013609051704407,
                    -0.8151943683624268,
                    -3.286153554916382
                ],
                [
                    -0.8795065879821777,
                    0.17863130569458008,
                    -0.44108855724334717,
                    -1.7780848741531372
                ],
                [
                    -1.4901162970204496e-08,
                    0.9268769025802612,
                    0.37536510825157166,
                    1.5131452083587646
                ],
                [
                    0.0,
                    0.0,
                    0.0,
                    1.0
                ]
            ]
        },
        {
            "file_path": "/data/shapenet_blender/all_50_random/02958343/ece361a95a2ede4e629cf5743e29cdb3/r_38",
            "rotation": 0.12566370614359174,
            "transform_matrix": [
                [
                    -0.9110351800918579,
                    -0.04740634188055992,
                    -0.40959444642066956,
                    -1.6511281728744507
                ],
                [
                    -0.4123287498950958,
                    0.10474371165037155,
                    0.9049937129020691,
                    3.648146629333496
                ],
                [
                    0.0,
                    0.9933686256408691,
                    -0.11497219651937485,
                    -0.4634677767753601
                ],
                [
                    0.0,
                    0.0,
                    0.0,
                    1.0
                ]
            ]
        },
        {
            "file_path": "/data/shapenet_blender/all_50_random/02958343/ece361a95a2ede4e629cf5743e29cdb3/r_39",
            "rotation": 0.12566370614359174,
            "transform_matrix": [
                [
                    -0.9242088794708252,
                    -0.13110236823558807,
                    0.3586781620979309,
                    1.445878028869629
                ],
                [
                    0.3818872272968292,
                    -0.3172820806503296,
                    0.8680403828620911,
                    3.499182939529419
                ],
                [
                    0.0,
                    0.9392253160476685,
                    0.3433012366294861,
                    1.3838917016983032
                ],
                [
                    0.0,
                    0.0,
                    0.0,
                    1.0
                ]
            ]
        },
        {
            "file_path": "/data/shapenet_blender/all_50_random/02958343/ece361a95a2ede4e629cf5743e29cdb3/r_40",
            "rotation": 0.12566370614359174,
            "transform_matrix": [
                [
                    0.5778430700302124,
                    0.4602811634540558,
                    -0.6739721894264221,
                    -2.7168688774108887
                ],
                [
                    -0.8161478638648987,
                    0.32588493824005127,
                    -0.4771808981895447,
                    -1.9235777854919434
                ],
                [
                    1.4901161193847656e-08,
                    0.8257966637611389,
                    0.5639678835868835,
                    2.2734272480010986
                ],
                [
                    0.0,
                    0.0,
                    0.0,
                    1.0
                ]
            ]
        },
        {
            "file_path": "/data/shapenet_blender/all_50_random/02958343/ece361a95a2ede4e629cf5743e29cdb3/r_41",
            "rotation": 0.12566370614359174,
            "transform_matrix": [
                [
                    0.8704372644424438,
                    0.34900596737861633,
                    -0.3471798002719879,
                    -1.3995267152786255
                ],
                [
                    -0.49227938055992126,
                    0.6171044111251831,
                    -0.6138754487037659,
                    -2.474611282348633
                ],
                [
