{
    "class": "02958343",
    "model": "828c32ae594a5409b1bb46d2556ba67d",
    "remove_doubles": true,
    "edge_split": true,
    "denoise": true,
    "camera_angle_x": 0.6911112070083618,
    "scale_factor": 2.28428614628311,
    "hdri_file": "/data/IndoorHDRDataset2018/AG8A0974-43be86c1a8.exr",
    "center_offset": [
        0.0,
        -3.725290298461914e-09,
        -3.725290298461914e-09
    ],
    "lights": [],
    "frames": [
        {
            "file_path": "/data/shapenet_blender/all_50_random/02958343/828c32ae594a5409b1bb46d2556ba67d/r_0",
            "rotation": 0.12566370614359174,
            "transform_matrix": [
                [
                    -0.38637274503707886,
                    0.0275416262447834,
                    0.9219315052032471,
                    3.7164242267608643
                ],
                [
                    0.9223427176475525,
                    0.011537288315594196,
                    0.386200487613678,
                    1.55682373046875
                ],
                [
                    0.0,
                    0.9995539784431458,
                    -0.029860520735383034,
                    -0.12037159502506256
                ],
                [
                    0.0,
                    0.0,
                    0.0,
                    1.0
                ]
            ]
        },
        {
            "file_path": "/data/shapenet_blender/all_50_random/02958343/828c32ae594a5409b1bb46d2556ba67d/r_1",
            "rotation": 0.12566370614359174,
            "transform_matrix": [
                [
                    0.9309622049331665,
                    0.24056178331375122,
                    -0.2746622860431671,
                    -1.1071990728378296
                ],
                [
                    -0.36511555314064026,
                    0.6133782267570496,
                    -0.7003268599510193,
                    -2.823107957839966
                ],
                [
                    0.0,
                    0.7522612810134888,
                    0.6588648557662964,
                    2.6559691429138184
                ],
                [
                    0.0,
                    0.0,
                    0.0,
                    1.0
                ]
            ]
        },
        {
            "file_path": "/data/shapenet_blender/all_50_random/02958343/828c32ae594a5409b1bb46d2556ba67d/r_2",
            "rotation": 0.12566370614359174,
            "transform_matrix": [
                [
                    0.9999978542327881,
                    0.0010830609826371074,
                    -0.0017687419895082712,
                    -0.007130026817321777
                ],
                [
                    -0.0020739983301609755,
                    0.522208034992218,
                    -0.852815568447113,
                    -3.437809467315674
                ],
                [
                    0.0,
                    0.8528173565864563,
                    0.5222091674804688,
                    2.1050925254821777
                ],
                [
                    0.0,
                    0.0,
                    0.0,
                    1.0
                ]
            ]
        },
        {
            "file_path": "/data/shapenet_blender/all_50_random/02958343/828c32ae594a5409b1bb46d2556ba67d/r_3",
            "rotation": 0.12566370614359174,
            "transform_matrix": [
                [
                    0.7189590334892273,
                    0.37809860706329346,
                    0.5832145810127258,
                    2.351013422012329
                ],
                [
                    0.695052444934845,
                    -0.39110344648361206,
                    -0.6032744646072388,
                    -2.431877374649048
                ],
                [
                    0.0,
                    0.839094340801239,
                    -0.5439857244491577,
                    -2.1928768157958984
                ],
                [
                    0.0,
                    0.0,
                    0.0,
                    1.0
                ]
            ]
        },
        {
            "file_path": "/data/shapenet_blender/all_50_random/02958343/828c32ae594a5409b1bb46d2556ba67d/r_4",
            "rotation": 0.12566370614359174,
            "transform_matrix": [
                [
                    -0.025375720113515854,
                    -0.7384355068206787,
                    0.673846423625946,
                    2.7163619995117188
                ],
                [
                    0.9996780157089233,
                    -0.018744369968771935,
                    0.017104845494031906,
                    0.06895184516906738
                ],
                [
                    9.313225746154785e-10,
                    0.674063503742218,
                    0.7386733293533325,
                    2.9776875972747803
                ],
                [
                    0.0,
                    0.0,
                    0.0,
                    1.0
                ]
            ]
        },
        {
            "file_path": "/data/shapenet_blender/all_50_random/02958343/828c32ae594a5409b1bb46d2556ba67d/r_5",
            "rotation": 0.12566370614359174,
            "transform_matrix": [
                [
                    -0.7490145564079285,
                    0.06937706470489502,
                    -0.6589111685752869,
                    -2.656156063079834
                ],
                [
                    -0.662553608417511,
                    -0.07843053340911865,
                    0.7448968887329102,
                    3.0027756690979004
                ],
                [
                    7.450581485102248e-09,
                    0.994502604007721,
                    0.1047116294503212,
                    0.4221061170101166
                ],
                [
                    0.0,
                    0.0,
                    0.0,
                    1.0
                ]
            ]
        },
        {
            "file_path": "/data/shapenet_blender/all_50_random/02958343/828c32ae594a5409b1bb46d2556ba67d/r_6",
            "rotation": 0.12566370614359174,
            "transform_matrix": [
                [
                    -0.6109822392463684,
                    -0.0008708116947673261,
                    0.7916437983512878,
                    3.191218137741089
                ],
                [
                    0.7916442155838013,
                    -0.0006720828241668642,
                    0.6109819412231445,
                    2.462946891784668
                ],
                [
                    0.0,
                    0.9999993443489075,
                    0.0011000039521604776,
                    0.004434257745742798
                ],
                [
                    0.0,
                    0.0,
                    0.0,
                    1.0
                ]
            ]
        },
        {
            "file_path": "/data/shapenet_blender/all_50_random/02958343/828c32ae594a5409b1bb46d2556ba67d/r_7",
            "rotation": 0.12566370614359174,
            "transform_matrix": [
                [
                    0.9239552021026611,
                    0.04321518912911415,
                    0.3800516426563263,
                    1.532037377357483
                ],
                [
                    0.3825007975101471,
                    -0.10438905656337738,
                    -0.9180391430854797,
                    -3.7007346153259277
                ],
                [
                    0.0,
                    0.9935972094535828,
                    -0.11298063397407532,
                    -0.45543956756591797
                ],
                [
                    0.0,
                    0.0,
                    0.0,
                    1.0
                ]
            ]
        },
        {
            "file_path": "/data/shapenet_blender/all_50_random/02958343/828c32ae594a5409b1bb46d2556ba67d/r_8",
            "rotation": 0.12566370614359174,
            "transform_matrix": [
                [
                    -0.9978089928627014,
                    -0.06150415912270546,
                    -0.024381764233112335,
                    -0.09828603267669678
                ],
                [
                    -0.0661606565117836,
                    0.9275815486907959,
                    0.3677161931991577,
                    1.4823113679885864
                ],
                [
                    -1.862645149230957e-09,
                    0.3685234487056732,
                    -0.9296184182167053,
                    -3.7474117279052734
                ],
                [
                    0.0,
                    0.0,
                    0.0,
                    1.0
                ]
            ]
        },
        {
            "file_path": "/data/shapenet_blender/all_50_random/02958343/828c32ae594a5409b1bb46d2556ba67d/r_9",
            "rotation": 0.12566370614359174,
            "transform_matrix": [
                [
                    -0.6167147755622864,
                    -0.33212214708328247,
                    -0.7136929631233215,
                    -2.876988649368286
                ],
                [
                    -0.7871867418289185,
                    0.2601982653141022,
                    0.559136688709259,
                    2.2539522647857666
                ],
                [
                    0.0,
                    0.9066374897956848,
                    -0.42191028594970703,
                    -1.700774908065796
                ],
                [
                    0.0,
                    0.0,
                    0.0,
                    1.0
                ]
            ]
        },
        {
            "file_path": "/data/shapenet_blender/all_50_random/02958343/828c32ae594a5409b1bb46d2556ba67d/r_10",
            "rotation": 0.12566370614359174,
            "transform_matrix": [
                [
                    0.8439973592758179,
                    -0.36798691749572754,
                    -0.3901975750923157,
                    -1.5729368925094604
                ],
                [
                    -0.5363473892211914,
                    -0.5790649056434631,
                    -0.6140156388282776,
                    -2.4751763343811035
                ],
                [
                    1.4901161193847656e-08,
                    0.727509081363678,
                    -0.6860979795455933,
                    -2.76574969291687
                ],
                [
                    0.0,
                    0.0,
                    0.0,
                    1.0
                ]
            ]
        },
        {
            "file_path": "/data/shapenet_blender/all_50_random/02958343/828c32ae594a5409b1bb46d2556ba67d/r_11",
            "rotation": 0.12566370614359174,
            "transform_matrix": [
                [
                    0.9251424670219421,
                    -0.0927867442369461,
                    -0.3681061565876007,
                    -1.4838835000991821
                ],
                [
                    -0.3796202838420868,
                    -0.22612318396568298,
                    -0.8970822691917419,
                    -3.6162545680999756
                ],
                [
                    7.450581485102248e-09,
                    0.9696694612503052,
                    -0.2444198578596115,
                    -0.9852880239486694
                ],
                [
                    0.0,
                    0.0,
                    0.0,
                    1.0
                ]
            ]
        },
        {
            "file_path": "/data/shapenet_blender/all_50_random/02958343/828c32ae594a5409b1bb46d2556ba67d/r_12",
            "rotation": 0.12566370614359174,
            "transform_matrix": [
                [
                    -0.16830095648765564,
                    0.08965225517749786,
                    0.9816502928733826,
                    3.9571588039398193
                ],
                [
                    0.9857356548309326,
                    0.015306904911994934,
                    0.16760344803333282,
                    0.6756311058998108
                ],
                [
                    0.0,
                    0.9958553910255432,
                    -0.09094960242509842,
                    -0.36662957072257996
                ],
                [
                    0.0,
                    0.0,
                    0.0,
                    1.0
                ]
            ]
        },
        {
            "file_path": "/data/shapenet_blender/all_50_random/02958343/828c32ae594a5409b1bb46d2556ba67d/r_13",
            "rotation": 0.12566370614359174,
            "transform_matrix": [
                [
                    -0.7725793719291687,
                    0.14417055249214172,
                    -0.6183331608772278,
                    -2.4925806522369385
                ],
                [
                    -0.6349180936813354,
                    -0.17542925477027893,
                    0.7523985505104065,
                    3.033015489578247
                ],
                [
                    -7.450580152834618e-09,
                    0.9738785624504089,
                    0.22706955671310425,
                    0.9153466820716858
                ],
                [
                    0.0,
                    0.0,
                    0.0,
                    1.0
                ]
            ]
        },
        {
            "file_path": "/data/shapenet_blender/all_50_random/02958343/828c32ae594a5409b1bb46d2556ba67d/r_14",
            "rotation": 0.12566370614359174,
            "transform_matrix": [
                [
                    -0.7357394099235535,
                    0.04931400343775749,
                    0.6754668951034546,
                    2.7228944301605225
                ],
                [
                    0.6772646307945251,
                    0.053571753203868866,
                    0.733786404132843,
                    2.9579877853393555
                ],
                [
                    0.0,
                    0.997345507144928,
                    -0.072813481092453,
                    -0.29352056980133057
                ],
                [
                    0.0,
                    0.0,
                    0.0,
                    1.0
                ]
            ]
        },
        {
            "file_path": "/data/shapenet_blender/all_50_random/02958343/828c32ae594a5409b1bb46d2556ba67d/r_15",
            "rotation": 0.12566370614359174,
            "transform_matrix": [
                [
                    0.5854557752609253,
                    0.5461040735244751,
                    0.5991759896278381,
                    2.415355682373047
                ],
                [
                    0.8107043504714966,
                    -0.3943728804588318,
                    -0.43269914388656616,
                    -1.7442660331726074
                ],
                [
                    -1.4901161193847656e-08,
                    0.7390807271003723,
                    -0.6736168265342712,
                    -2.7154362201690674
                ],
                [
                    0.0,
                    0.0,
                    0.0,
                    1.0
                ]
            ]
        },
        {
            "file_path": "/data/shapenet_blender/all_50_random/02958343/828c32ae594a5409b1bb46d2556ba67d/r_16",
            "rotation": 0.12566370614359174,
            "transform_matrix": [
                [
                    0.9453562498092651,
                    0.021005967631936073,
                    -0.32536184787750244,
                    -1.3115756511688232
                ],
                [
                    -0.32603925466537476,
                    0.06090714409947395,
                    -0.9433920383453369,
                    -3.8029351234436035
                ],
                [
                    -1.862645149230957e-09,
                    0.997922420501709,
                    0.0644277036190033,
                    0.2597164213657379
                ],
                [
                    0.0,
                    0.0,
                    0.0,
                    1.0
                ]
            ]
        },
        {
            "file_path": "/data/shapenet_blender/all_50_random/02958343/828c32ae594a5409b1bb46d2556ba67d/r_17",
            "rotation": 0.12566370614359174,
            "transform_matrix": [
                [
                    -0.5224094390869141,
                    0.17922323942184448,
                    -0.8336470723152161,
                    -3.3605387210845947
                ],
                [
                    -0.8526947498321533,
                    -0.10980238020420074,
                    0.5107397437095642,
                    2.0588576793670654
                ],
                [
                    0.0,
                    0.9776617884635925,
                    0.2101845145225525,
                    0.8472808599472046
                ],
                [
                    0.0,
                    0.0,
                    0.0,
                    1.0
                ]
            ]
        },
        {
            "file_path": "/data/shapenet_blender/all_50_random/02958343/828c32ae594a5409b1bb46d2556ba67d/r_18",
            "rotation": 0.12566370614359174,
            "transform_matrix": [
                [
                    -0.910975992679596,
                    -0.06966505944728851,
                    0.4065335988998413,
                    1.6387896537780762
                ],
                [
                    0.41245949268341064,
                    -0.1538652628660202,
                    0.8978877663612366,
                    3.619501829147339
                ],
                [
                    -7.450580596923828e-09,
                    0.9856329560279846,
                    0.16890154778957367,
                    0.6808639764785767
                ],
                [
                    0.0,
                    0.0,
                    0.0,
                    1.0
                ]
            ]
        },
        {
            "file_path": "/data/shapenet_blender/all_50_random/02958343/828c32ae594a5409b1bb46d2556ba67d/r_19",
            "rotation": 0.12566370614359174,
            "transform_matrix": [
                [
                    -0.5872544646263123,
                    -0.23681996762752533,
                    0.7739822268486023,
                    3.1200220584869385
                ],
                [
                    0.809402346611023,
                    -0.17182256281375885,
                    0.5615557432174683,
                    2.2637035846710205
                ],
                [
                    -1.4901160305669237e-08,
                    0.9562391638755798,
                    0.29258620738983154,
                    1.1794527769088745
                ],
                [
                    0.0,
                    0.0,
                    0.0,
                    1.0
                ]
            ]
        },
        {
            "file_path": "/data/shapenet_blender/all_50_random/02958343/828c32ae594a5409b1bb46d2556ba67d/r_20",
            "rotation": 0.12566370614359174,
            "transform_matrix": [
                [
                    0.8109890818595886,
                    -0.35595202445983887,
                    0.4643217921257019,
                    1.8717412948608398
                ],
                [
                    0.5850611925125122,
                    0.49340686202049255,
                    -0.6436248421669006,
                    -2.5945348739624023
                ],
                [
                    0.0,
                    0.7936294674873352,
                    0.6084012985229492,
                    2.4525442123413086
                ],
                [
                    0.0,
                    0.0,
                    0.0,
                    1.0
                ]
            ]
        },
        {
            "file_path": "/data/shapenet_blender/all_50_random/02958343/828c32ae594a5409b1bb46d2556ba67d/r_21",
            "rotation": 0.12566370614359174,
            "transform_matrix": [
                [
                    -0.9701546430587769,
                    -0.14849761128425598,
                    0.19169877469539642,
                    0.7727624177932739
                ],
                [
                    0.24248702824115753,
                    -0.5941169261932373,
                    0.7669583559036255,
                    3.091707944869995
                ],
                [
                    0.0,
                    0.7905526161193848,
                    0.6123939752578735,
                    2.4686391353607178
                ],
                [
                    0.0,
                    0.0,
                    0.0,
                    1.0
                ]
            ]
        },
        {
            "file_path": "/data/shapenet_blender/all_50_random/02958343/828c32ae594a5409b1bb46d2556ba67d/r_22",
            "rotation": 0.12566370614359174,
            "transform_matrix": [
                [
                    0.8109288811683655,
                    -0.469817578792572,
                    0.34880632162094116,
                    1.406083345413208
                ],
                [
                    0.5851447582244873,
                    0.6511014103889465,
                    -0.4833967387676239,
                    -1.9486347436904907
                ],
                [
                    -1.4901161193847656e-08,
                    0.5961026549339294,
                    0.802908182144165,
                    3.236626625061035
                ],
                [
                    0.0,
                    0.0,
                    0.0,
                    1.0
                ]
            ]
        },
        {
            "file_path": "/data/shapenet_blender/all_50_random/02958343/828c32ae594a5409b1bb46d2556ba67d/r_23",
            "rotation": 0.12566370614359174,
            "transform_matrix": [
                [
                    -0.8100466728210449,
                    0.35322824120521545,
                    -0.46803224086761475,
                    -1.8866984844207764
                ],
                [
                    -0.5863654613494873,
                    -0.48797449469566345,
                    0.6465728282928467,
                    2.6064186096191406
                ],
                [
                    -1.4901161193847656e-08,
                    0.7981922030448914,
                    0.6024028658866882,
                    2.428363800048828
                ],
                [
                    0.0,
                    0.0,
                    0.0,
                    1.0
                ]
            ]
        },
        {
            "file_path": "/data/shapenet_blender/all_50_random/02958343/828c32ae594a5409b1bb46d2556ba67d/r_24",
            "rotation": 0.12566370614359174,
            "transform_matrix": [
                [
                    -0.5551503896713257,
                    0.727195680141449,
                    0.40372568368911743,
                    1.6274703741073608
                ],
                [
                    0.8317499756813049,
                    0.48536577820777893,
                    0.2694661617279053,
                    1.0862529277801514
                ],
                [
                    1.4901160305669237e-08,
                    0.48539313673973083,
                    -0.8742959499359131,
                    -3.524399995803833
                ],
                [
                    0.0,
                    0.0,
                    0.0,
                    1.0
                ]
            ]
        },
        {
            "file_path": "/data/shapenet_blender/all_50_random/02958343/828c32ae594a5409b1bb46d2556ba67d/r_25",
            "rotation": 0.12566370614359174,
            "transform_matrix": [
                [
                    -0.2718658745288849,
                    0.3222396671772003,
                    -0.9067802429199219,
                    -3.655348300933838
                ],
                [
                    -0.9623351097106934,
                    -0.09103479981422424,
                    0.2561712861061096,
                    1.032659649848938
                ],
                [
                    -7.450580152834618e-09,
                    0.942270815372467,
                    0.33485177159309387,
                    1.3498307466506958
                ],
                [
                    0.0,
                    0.0,
                    0.0,
                    1.0
                ]
            ]
        },
        {
            "file_path": "/data/shapenet_blender/all_50_random/02958343/828c32ae594a5409b1bb46d2556ba67d/r_26",
            "rotation": 0.12566370614359174,
            "transform_matrix": [
                [
                    -0.9442253112792969,
                    -0.0758255273103714,
                    0.3204513192176819,
                    1.291780710220337
                ],
                [
                    0.3293001055717468,
                    -0.21741983294487,
                    0.9188525080680847,
                    3.7040131092071533
                ],
                [
                    0.0,
                    0.9731285572052002,
                    0.2302626371383667,
                    0.928218424320221
                ],
                [
                    0.0,
                    0.0,
                    0.0,
                    1.0
                ]
            ]
        },
        {
            "file_path": "/data/shapenet_blender/all_50_random/02958343/828c32ae594a5409b1bb46d2556ba67d/r_27",
            "rotation": 0.12566370614359174,
            "transform_matrix": [
                [
                    -0.27423861622810364,
                    -0.07361072301864624,
                    -0.9588403701782227,
                    -3.865208625793457
                ],
                [
                    -0.9616616368293762,
                    0.02099168859422207,
                    0.2734340727329254,
                    1.1022478342056274
                ],
                [
                    -1.8626448161640496e-09,
                    0.997066080570221,
                    -0.076545350253582,
                    -0.30856412649154663
                ],
                [
                    0.0,
                    0.0,
                    0.0,
                    1.0
                ]
            ]
        },
        {
            "file_path": "/data/shapenet_blender/all_50_random/02958343/828c32ae594a5409b1bb46d2556ba67d/r_28",
            "rotation": 0.12566370614359174,
            "transform_matrix": [
                [
                    -0.9999666213989258,
                    -0.005351339932531118,
                    0.006175444461405277,
                    0.02489401400089264
                ],
                [
                    0.008171471767127514,
                    -0.6548588871955872,
                    0.7557069659233093,
                    3.0463523864746094
                ],
                [
                    -4.656612873077393e-10,
                    0.7557321786880493,
                    0.654880702495575,
                    2.639908790588379
                ],
                [
                    0.0,
                    0.0,
                    0.0,
                    1.0
                ]
            ]
        },
        {
            "file_path": "/data/shapenet_blender/all_50_random/02958343/828c32ae594a5409b1bb46d2556ba67d/r_29",
            "rotation": 0.12566370614359174,
            "transform_matrix": [
                [
                    -0.9979639053344727,
                    0.04297235980629921,
                    -0.04713229089975357,
                    -0.1899963617324829
                ],
                [
                    -0.06378147751092911,
                    -0.6723717451095581,
                    0.7374604940414429,
                    2.9727985858917236
                ],
                [
                    -3.725290298461914e-09,
                    0.7389651536941528,
                    0.6737435460090637,
                    2.715947389602661
                ],
                [
                    0.0,
                    0.0,
                    0.0,
                    1.0
                ]
            ]
        },
        {
            "file_path": "/data/shapenet_blender/all_50_random/02958343/828c32ae594a5409b1bb46d2556ba67d/r_30",
            "rotation": 0.12566370614359174,
            "transform_matrix": [
                [
                    -0.37756767868995667,
                    0.5648527145385742,
                    0.7337464094161987,
                    2.957826614379883
                ],
                [
                    0.9259820580482483,
                    0.23031778633594513,
                    0.2991839051246643,
                    1.2060489654541016
                ],
                [
                    0.0,
                    0.7923981547355652,
                    -0.6100040674209595,
                    -2.459005355834961
                ],
                [
                    0.0,
                    0.0,
                    0.0,
                    1.0
                ]
            ]
        },
        {
            "file_path": "/data/shapenet_blender/all_50_random/02958343/828c32ae594a5409b1bb46d2556ba67d/r_31",
            "rotation": 0.12566370614359174,
            "transform_matrix": [
                [
                    -0.020160701125860214,
                    0.6477097272872925,
                    -0.7616203427314758,
                    -3.070189952850342
                ],
                [
                    -0.9997967481613159,
                    -0.013060936704277992,
                    0.01535792089998722,
                    0.061909765005111694
                ],
                [
                    -9.313225746154785e-10,
                    0.7617751955986023,
                    0.6478413343429565,
                    2.611532211303711
                ],
                [
                    0.0,
                    0.0,
                    0.0,
                    1.0
                ]
            ]
        },
        {
            "file_path": "/data/shapenet_blender/all_50_random/02958343/828c32ae594a5409b1bb46d2556ba67d/r_32",
            "rotation": 0.12566370614359174,
            "transform_matrix": [
                [
                    0.8262709379196167,
                    -0.040958601981401443,
                    0.5617817044258118,
                    2.2646145820617676
                ],
                [
                    0.5632728934288025,
                    0.06008261442184448,
                    -0.8240835666656494,
                    -3.3219871520996094
                ],
                [
                    -3.725290298461914e-09,
                    0.9973527193069458,
                    0.0727153941988945,
                    0.29312512278556824
                ],
                [
                    0.0,
                    0.0,
                    0.0,
                    1.0
                ]
            ]
        },
        {
            "file_path": "/data/shapenet_blender/all_50_random/02958343/828c32ae594a5409b1bb46d2556ba67d/r_33",
            "rotation": 0.12566370614359174,
            "transform_matrix": [
                [
                    0.3989950120449066,
                    0.2164962887763977,
                    -0.8910287618637085,
                    -3.5918519496917725
                ],
                [
                    -0.9169530868530273,
                    0.09420431405305862,
                    -0.38771453499794006,
                    -1.5629273653030396
                ],
                [
                    -7.450580596923828e-09,
                    0.971727728843689,
                    0.23610401153564453,
                    0.951765775680542
                ],
                [
                    0.0,
                    0.0,
                    0.0,
                    1.0
                ]
            ]
        },
        {
            "file_path": "/data/shapenet_blender/all_50_random/02958343/828c32ae594a5409b1bb46d2556ba67d/r_34",
            "rotation": 0.12566370614359174,
            "transform_matrix": [
                [
                    -0.40611737966537476,
                    -0.20035786926746368,
                    -0.8915858864784241,
                    -3.59409761428833
                ],
                [
                    -0.9138209819793701,
                    0.08904238790273666,
                    0.39623570442199707,
                    1.5972771644592285
                ],
                [
                    0.0,
                    0.9756679534912109,
                    -0.21925288438796997,
                    -0.8838366270065308
                ],
                [
                    0.0,
                    0.0,
                    0.0,
                    1.0
                ]
            ]
        },
        {
            "file_path": "/data/shapenet_blender/all_50_random/02958343/828c32ae594a5409b1bb46d2556ba67d/r_35",
            "rotation": 0.12566370614359174,
            "transform_matrix": [
                [
                    0.15224362909793854,
                    -0.6556528210639954,
                    0.739554762840271,
                    2.9812405109405518
                ],
                [
                    0.9883430004119873,
                    0.10099628567695618,
                    -0.11392047256231308,
                    -0.45922812819480896
                ],
                [
                    0.0,
                    0.7482773661613464,
                    0.6633859872817993,
                    2.6741943359375
                ],
                [
                    0.0,
                    0.0,
                    0.0,
                    1.0
                ]
            ]
        },
        {
            "file_path": "/data/shapenet_blender/all_50_random/02958343/828c32ae594a5409b1bb46d2556ba67d/r_36",
            "rotation": 0.12566370614359174,
            "transform_matrix": [
                [
                    0.8322482109069824,
                    0.03661897033452988,
                    -0.5531925559043884,
                    -2.229990243911743
                ],
                [
                    -0.5544031858444214,
                    0.05497095733880997,
                    -0.8304308652877808,
                    -3.3475735187530518
                ],
                [
                    1.8626449271863521e-09,
                    0.997816264629364,
                    0.06605115532875061,
                    0.26626068353652954
                ],
                [
                    0.0,
                    0.0,
                    0.0,
                    1.0
                ]
            ]
        },
        {
            "file_path": "/data/shapenet_blender/all_50_random/02958343/828c32ae594a5409b1bb46d2556ba67d/r_37",
            "rotation": 0.12566370614359174,
            "transform_matrix": [
                [
                    -0.33045339584350586,
                    -0.07316025346517563,
                    -0.9409825801849365,
                    -3.7932217121124268
                ],
                [
                    -0.9438222050666809,
                    0.02561505138874054,
                    0.32945919036865234,
                    1.328092336654663
                ],
                [
                    -1.8626448161640496e-09,
                    0.9969911575317383,
                    -0.07751486450433731,
                    -0.3124723732471466
                ],
                [
                    0.0,
                    0.0,
                    0.0,
                    1.0
                ]
            ]
        },
        {
            "file_path": "/data/shapenet_blender/all_50_random/02958343/828c32ae594a5409b1bb46d2556ba67d/r_38",
            "rotation": 0.12566370614359174,
            "transform_matrix": [
                [
                    -0.17191967368125916,
                    0.975547194480896,
                    0.13693490624427795,
                    0.5520022511482239
                ],
                [
                    0.9851110577583313,
                    0.17025059461593628,
                    0.02389761433005333,
                    0.09633436799049377
                ],
                [
                    1.862645371275562e-09,
                    0.13900460302829742,
                    -0.9902917146682739,
                    -3.9919936656951904
                ],
                [
                    0.0,
                    0.0,
                    0.0,
                    1.0
                ]
            ]
        },
        {
            "file_path": "/data/shapenet_blender/all_50_random/02958343/828c32ae594a5409b1bb46d2556ba67d/r_39",
            "rotation": 0.12566370614359174,
            "transform_matrix": [
                [
                    -0.20510578155517578,
                    0.6847661733627319,
                    -0.6993045806884766,
                    -2.8189868927001953
                ],
                [
                    -0.9787397980690002,
                    -0.14350034296512604,
                    0.14654703438282013,
                    0.590749979019165
                ],
                [
                    7.450580152834618e-09,
                    0.7144948244094849,
                    0.699640691280365,
                    2.8203418254852295
                ],
                [
                    0.0,
                    0.0,
                    0.0,
                    1.0
                ]
            ]
        },
        {
            "file_path": "/data/shapenet_blender/all_50_random/02958343/828c32ae594a5409b1bb46d2556ba67d/r_40",
            "rotation": 0.12566370614359174,
            "transform_matrix": [
                [
                    -0.2500416040420532,
                    -0.2500355839729309,
                    0.935393750667572,
                    3.770692825317383
                ],
                [
                    0.968235194683075,
                    -0.0645703598856926,
                    0.24156047403812408,
                    0.9737614393234253
                ],
                [
                    0.0,
                    0.9660811424255371,
                    0.2582385241985321,
                    1.0409927368164062
                ],
                [
                    0.0,
                    0.0,
                    0.0,
                    1.0
                ]
            ]
        },
        {
            "file_path": "/data/shapenet_blender/all_50_random/02958343/828c32ae594a5409b1bb46d2556ba67d/r_41",
            "rotation": 0.12566370614359174,
            "transform_matrix": [
                [
                    0.5150980949401855,
                    -0.5008595585823059,
                    0.6955671310424805,
                    2.8039207458496094
                ],
                [
                    0.8571312427520752,
                    0.30099454522132874,
                    -0.41800519824028015,
