{
    "class": "02958343",
    "model": "56b6c950f4c5de80ce27281f3b76d1f5",
    "remove_doubles": true,
    "edge_split": true,
    "denoise": true,
    "camera_angle_x": 0.6911112070083618,
    "scale_factor": 2.278148166529849,
    "hdri_file": "/data/IndoorHDRDataset2018/9C4A8336-51cd9186c9.exr",
    "center_offset": [
        0.0,
        -3.725290298461914e-09,
        -3.725290298461914e-09
    ],
    "lights": [],
    "frames": [
        {
            "file_path": "/data/shapenet_blender/all_50_random/02958343/56b6c950f4c5de80ce27281f3b76d1f5/r_0",
            "rotation": 0.12566370614359174,
            "transform_matrix": [
                [
                    0.5853107571601868,
                    0.03462766110897064,
                    -0.8100693225860596,
                    -3.265493869781494
                ],
                [
                    -0.8108091354370117,
                    0.024997180327773094,
                    -0.5847766995429993,
                    -2.3573102951049805
                ],
                [
                    0.0,
                    0.9990875124931335,
                    0.042707543820142746,
                    0.1721596121788025
                ],
                [
                    0.0,
                    0.0,
                    0.0,
                    1.0
                ]
            ]
        },
        {
            "file_path": "/data/shapenet_blender/all_50_random/02958343/56b6c950f4c5de80ce27281f3b76d1f5/r_1",
            "rotation": 0.12566370614359174,
            "transform_matrix": [
                [
                    -0.27827519178390503,
                    0.8163678050041199,
                    0.5060697197914124,
                    2.0400326251983643
                ],
                [
                    0.9605013132095337,
                    0.2365170270204544,
                    0.14661787450313568,
                    0.5910356044769287
                ],
                [
                    0.0,
                    0.5268808007240295,
                    -0.8499390482902527,
                    -3.4262142181396484
                ],
                [
                    0.0,
                    0.0,
                    0.0,
                    1.0
                ]
            ]
        },
        {
            "file_path": "/data/shapenet_blender/all_50_random/02958343/56b6c950f4c5de80ce27281f3b76d1f5/r_2",
            "rotation": 0.12566370614359174,
            "transform_matrix": [
                [
                    -0.9904299974441528,
                    0.07156534492969513,
                    0.11801193654537201,
                    0.4757213294506073
                ],
                [
                    0.1380160003900528,
                    0.5135670304298401,
                    0.8468769192695618,
                    3.413870096206665
                ],
                [
                    0.0,
                    0.8550598621368408,
                    -0.5185293555259705,
                    -2.0902585983276367
                ],
                [
                    0.0,
                    0.0,
                    0.0,
                    1.0
                ]
            ]
        },
        {
            "file_path": "/data/shapenet_blender/all_50_random/02958343/56b6c950f4c5de80ce27281f3b76d1f5/r_3",
            "rotation": 0.12566370614359174,
            "transform_matrix": [
                [
                    -0.9851067066192627,
                    0.02900453843176365,
                    0.16948065161705017,
                    0.6831983327865601
                ],
                [
                    0.17194464802742004,
                    0.1661730408668518,
                    0.9709899425506592,
                    3.9141857624053955
                ],
                [
                    0.0,
                    0.9856699705123901,
                    -0.16868533194065094,
                    -0.6799923181533813
                ],
                [
                    0.0,
                    0.0,
                    0.0,
                    1.0
                ]
            ]
        },
        {
            "file_path": "/data/shapenet_blender/all_50_random/02958343/56b6c950f4c5de80ce27281f3b76d1f5/r_4",
            "rotation": 0.12566370614359174,
            "transform_matrix": [
                [
                    0.26560381054878235,
                    0.11329475790262222,
                    0.957402229309082,
                    3.8594117164611816
                ],
                [
                    0.9640823006629944,
                    -0.03121260181069374,
                    -0.263763427734375,
                    -1.0632643699645996
                ],
                [
                    0.0,
                    0.9930710196495056,
                    -0.11751566082239151,
                    -0.4737207889556885
                ],
                [
                    0.0,
                    0.0,
                    0.0,
                    1.0
                ]
            ]
        },
        {
            "file_path": "/data/shapenet_blender/all_50_random/02958343/56b6c950f4c5de80ce27281f3b76d1f5/r_5",
            "rotation": 0.12566370614359174,
            "transform_matrix": [
                [
                    -0.9359593987464905,
                    0.12434074282646179,
                    0.3294229507446289,
                    1.327946424484253
                ],
                [
                    0.3521081209182739,
                    0.3305175006389618,
                    0.8756586313247681,
                    3.529892921447754
                ],
                [
                    -7.450581485102248e-09,
                    0.935573399066925,
                    -0.35313230752944946,
                    -1.423521876335144
                ],
                [
                    0.0,
                    0.0,
                    0.0,
                    1.0
                ]
            ]
        },
        {
            "file_path": "/data/shapenet_blender/all_50_random/02958343/56b6c950f4c5de80ce27281f3b76d1f5/r_6",
            "rotation": 0.12566370614359174,
            "transform_matrix": [
                [
                    -0.5093250274658203,
                    -0.5701894760131836,
                    -0.64457106590271,
                    -2.598349094390869
                ],
                [
                    -0.8605741858482361,
                    0.33746281266212463,
                    0.38148507475852966,
                    1.5378155708312988
                ],
                [
                    -1.4901160305669237e-08,
                    0.749001145362854,
                    -0.6625686883926392,
                    -2.6708998680114746
                ],
                [
                    0.0,
                    0.0,
                    0.0,
                    1.0
                ]
            ]
        },
        {
            "file_path": "/data/shapenet_blender/all_50_random/02958343/56b6c950f4c5de80ce27281f3b76d1f5/r_7",
            "rotation": 0.12566370614359174,
            "transform_matrix": [
                [
                    -0.5943771600723267,
                    -0.006524448748677969,
                    0.804159939289093,
                    3.2416725158691406
                ],
                [
                    0.8041865229606628,
                    -0.004822243936359882,
                    0.5943575501441956,
                    2.3959319591522217
                ],
                [
                    2.3283067140944524e-10,
                    0.9999670386314392,
                    0.008113104850053787,
                    0.032704971730709076
                ],
                [
                    0.0,
                    0.0,
                    0.0,
                    1.0
                ]
            ]
        },
        {
            "file_path": "/data/shapenet_blender/all_50_random/02958343/56b6c950f4c5de80ce27281f3b76d1f5/r_8",
            "rotation": 0.12566370614359174,
            "transform_matrix": [
                [
                    -0.6073959469795227,
                    0.259673535823822,
                    -0.7507594227790833,
                    -3.0264079570770264
                ],
                [
                    -0.7943992018699646,
                    -0.19854585826396942,
                    0.5740291476249695,
                    2.313985586166382
                ],
                [
                    0.0,
                    0.9450656175613403,
                    0.32688039541244507,
                    1.3176970481872559
                ],
                [
                    0.0,
                    0.0,
                    0.0,
                    1.0
                ]
            ]
        },
        {
            "file_path": "/data/shapenet_blender/all_50_random/02958343/56b6c950f4c5de80ce27281f3b76d1f5/r_9",
            "rotation": 0.12566370614359174,
            "transform_matrix": [
                [
                    0.08252198994159698,
                    -0.23401746153831482,
                    0.968723714351654,
                    3.905050754547119
                ],
                [
                    0.9965892434120178,
                    0.019377680495381355,
                    -0.08021461218595505,
                    -0.32335546612739563
                ],
                [
                    0.0,
                    0.9720391631126404,
                    0.23481833934783936,
                    0.9465831518173218
                ],
                [
                    0.0,
                    0.0,
                    0.0,
                    1.0
                ]
            ]
        },
        {
            "file_path": "/data/shapenet_blender/all_50_random/02958343/56b6c950f4c5de80ce27281f3b76d1f5/r_10",
            "rotation": 0.12566370614359174,
            "transform_matrix": [
                [
                    -0.646303117275238,
                    0.30387887358665466,
                    0.6999642252922058,
                    2.821646213531494
                ],
                [
                    0.763080894947052,
                    0.2573748826980591,
                    0.5928454995155334,
                    2.3898367881774902
                ],
                [
                    1.4901161193847656e-08,
                    0.9172872304916382,
                    -0.398226261138916,
                    -1.6053014993667603
                ],
                [
                    0.0,
                    0.0,
                    0.0,
                    1.0
                ]
            ]
        },
        {
            "file_path": "/data/shapenet_blender/all_50_random/02958343/56b6c950f4c5de80ce27281f3b76d1f5/r_11",
            "rotation": 0.12566370614359174,
            "transform_matrix": [
                [
                    -0.515594482421875,
                    0.23951563239097595,
                    0.8226752281188965,
                    3.316309928894043
                ],
                [
                    0.85683274269104,
                    0.1441272348165512,
                    0.4950404167175293,
                    1.9955717325210571
                ],
                [
                    7.450580596923828e-09,
                    0.9601351618766785,
                    -0.27953603863716125,
                    -1.1268458366394043
                ],
                [
                    0.0,
                    0.0,
                    0.0,
                    1.0
                ]
            ]
        },
        {
            "file_path": "/data/shapenet_blender/all_50_random/02958343/56b6c950f4c5de80ce27281f3b76d1f5/r_12",
            "rotation": 0.12566370614359174,
            "transform_matrix": [
                [
                    0.38866740465164185,
                    -0.006607729010283947,
                    -0.9213544130325317,
                    -3.7140984535217285
                ],
                [
                    -0.9213781356811523,
                    -0.0027873560320585966,
                    -0.3886573910713196,
                    -1.566728115081787
                ],
                [
                    0.0,
                    0.999974250793457,
                    -0.007171571720391512,
                    -0.028909530490636826
                ],
                [
                    0.0,
                    0.0,
                    0.0,
                    1.0
                ]
            ]
        },
        {
            "file_path": "/data/shapenet_blender/all_50_random/02958343/56b6c950f4c5de80ce27281f3b76d1f5/r_13",
            "rotation": 0.12566370614359174,
            "transform_matrix": [
                [
                    0.9468780755996704,
                    0.013416027650237083,
                    0.3213127851486206,
                    1.2952531576156616
                ],
                [
                    0.3215927183628082,
                    -0.039501339197158813,
                    -0.9460538625717163,
                    -3.813664674758911
                ],
                [
                    9.313224635931761e-10,
                    0.9991294741630554,
                    -0.04171745851635933,
                    -0.16816844046115875
                ],
                [
                    0.0,
                    0.0,
                    0.0,
                    1.0
                ]
            ]
        },
        {
            "file_path": "/data/shapenet_blender/all_50_random/02958343/56b6c950f4c5de80ce27281f3b76d1f5/r_14",
            "rotation": 0.12566370614359174,
            "transform_matrix": [
                [
                    0.5914272665977478,
                    -0.791498601436615,
                    -0.1540900021791458,
                    -0.6211566925048828
                ],
                [
                    -0.8063584566116333,
                    -0.580528199672699,
                    -0.11301801353693008,
                    -0.4555901885032654
                ],
                [
                    7.450581485102248e-09,
                    0.19109360873699188,
                    -0.9815717935562134,
                    -3.9568424224853516
                ],
                [
                    0.0,
                    0.0,
                    0.0,
                    1.0
                ]
            ]
        },
        {
            "file_path": "/data/shapenet_blender/all_50_random/02958343/56b6c950f4c5de80ce27281f3b76d1f5/r_15",
            "rotation": 0.12566370614359174,
            "transform_matrix": [
                [
                    -0.6292591094970703,
                    0.36610931158065796,
                    -0.6855632066726685,
                    -2.7635936737060547
                ],
                [
                    -0.7771955728530884,
                    -0.29642170667648315,
                    0.5550686717033386,
                    2.237553358078003
                ],
                [
                    -1.4901161193847656e-08,
                    0.8820987343788147,
                    0.47106456756591797,
                    1.8989219665527344
                ],
                [
                    0.0,
                    0.0,
                    0.0,
                    1.0
                ]
            ]
        },
        {
            "file_path": "/data/shapenet_blender/all_50_random/02958343/56b6c950f4c5de80ce27281f3b76d1f5/r_16",
            "rotation": 0.12566370614359174,
            "transform_matrix": [
                [
                    0.16594994068145752,
                    -0.2939750552177429,
                    -0.9412964582443237,
                    -3.794487714767456
                ],
                [
                    -0.9861341714859009,
                    -0.04947110638022423,
                    -0.15840451419353485,
                    -0.6385490894317627
                ],
                [
                    0.0,
                    0.9545319676399231,
                    -0.2981085181236267,
                    -1.201714038848877
                ],
                [
                    0.0,
                    0.0,
                    0.0,
                    1.0
                ]
            ]
        },
        {
            "file_path": "/data/shapenet_blender/all_50_random/02958343/56b6c950f4c5de80ce27281f3b76d1f5/r_17",
            "rotation": 0.12566370614359174,
            "transform_matrix": [
                [
                    0.4215608537197113,
                    0.048255663365125656,
                    -0.905515193939209,
                    -3.6502485275268555
                ],
                [
                    -0.9068002104759216,
                    0.02243349514901638,
                    -0.42096346616744995,
                    -1.696958065032959
                ],
                [
                    -1.862645371275562e-09,
                    0.9985830783843994,
                    0.05321532487869263,
                    0.21451783180236816
                ],
                [
                    0.0,
                    0.0,
                    0.0,
                    1.0
                ]
            ]
        },
        {
            "file_path": "/data/shapenet_blender/all_50_random/02958343/56b6c950f4c5de80ce27281f3b76d1f5/r_18",
            "rotation": 0.12566370614359174,
            "transform_matrix": [
                [
                    0.9954583644866943,
                    0.05954771488904953,
                    0.07427571713924408,
                    0.2994149923324585
                ],
                [
                    0.09519881755113602,
                    -0.6226680874824524,
                    -0.7766733169555664,
                    -3.1308703422546387
                ],
                [
                    -3.725291186640334e-09,
                    0.7802166938781738,
                    -0.6255090832710266,
                    -2.521507740020752
                ],
                [
                    0.0,
                    0.0,
                    0.0,
                    1.0
                ]
            ]
        },
        {
            "file_path": "/data/shapenet_blender/all_50_random/02958343/56b6c950f4c5de80ce27281f3b76d1f5/r_19",
            "rotation": 0.12566370614359174,
            "transform_matrix": [
                [
                    -0.8641736507415771,
                    0.3625425100326538,
                    0.3489511013031006,
                    1.4066669940948486
                ],
                [
                    0.5031937956809998,
                    0.6226223111152649,
                    0.5992807149887085,
                    2.415778160095215
                ],
                [
                    -1.4901161193847656e-08,
                    0.6934726238250732,
                    -0.7204828858375549,
                    -2.9043595790863037
                ],
                [
                    0.0,
                    0.0,
                    0.0,
                    1.0
                ]
            ]
        },
        {
            "file_path": "/data/shapenet_blender/all_50_random/02958343/56b6c950f4c5de80ce27281f3b76d1f5/r_20",
            "rotation": 0.12566370614359174,
            "transform_matrix": [
                [
                    0.9959325194358826,
                    0.002560502616688609,
                    0.09006588906049728,
                    0.3630671799182892
                ],
                [
                    0.09010227769613266,
                    -0.02830214612185955,
                    -0.9955303072929382,
                    -4.013110637664795
                ],
                [
                    -2.3283064365386963e-10,
                    0.9995960593223572,
                    -0.028417738154530525,
                    -0.11455555260181427
                ],
                [
                    0.0,
                    0.0,
                    0.0,
                    1.0
                ]
            ]
        },
        {
            "file_path": "/data/shapenet_blender/all_50_random/02958343/56b6c950f4c5de80ce27281f3b76d1f5/r_21",
            "rotation": 0.12566370614359174,
            "transform_matrix": [
                [
                    -0.405801385641098,
                    0.7913548350334167,
                    -0.45725569128990173,
                    -1.8432565927505493
                ],
                [
                    -0.9139614105224609,
                    -0.3513637185096741,
                    0.2030227780342102,
                    0.8184109926223755
                ],
                [
                    0.0,
                    0.5003008246421814,
                    0.8658515810966492,
                    3.490359306335449
                ],
                [
                    0.0,
                    0.0,
                    0.0,
                    1.0
                ]
            ]
        },
        {
            "file_path": "/data/shapenet_blender/all_50_random/02958343/56b6c950f4c5de80ce27281f3b76d1f5/r_22",
            "rotation": 0.12566370614359174,
            "transform_matrix": [
                [
                    0.9189231395721436,
                    -0.10195323824882507,
                    -0.38103267550468445,
                    -1.535991907119751
                ],
                [
                    -0.39443686604499817,
                    -0.23752139508724213,
                    -0.8876953721046448,
                    -3.5784146785736084
                ],
                [
                    7.450581485102248e-09,
                    0.9660171270370483,
                    -0.25847798585891724,
                    -1.041958212852478
                ],
                [
                    0.0,
                    0.0,
                    0.0,
                    1.0
                ]
            ]
        },
        {
            "file_path": "/data/shapenet_blender/all_50_random/02958343/56b6c950f4c5de80ce27281f3b76d1f5/r_23",
            "rotation": 0.12566370614359174,
            "transform_matrix": [
                [
                    0.16376905143260956,
                    -0.40400421619415283,
                    0.8999779224395752,
                    3.62792706489563
                ],
                [
                    0.9864987730979919,
                    0.06706889718770981,
                    -0.14940568804740906,
                    -0.6022735834121704
                ],
                [
                    0.0,
                    0.9122949838638306,
                    0.40953347086906433,
                    1.6508822441101074
                ],
                [
                    0.0,
                    0.0,
                    0.0,
                    1.0
                ]
            ]
        },
        {
            "file_path": "/data/shapenet_blender/all_50_random/02958343/56b6c950f4c5de80ce27281f3b76d1f5/r_24",
            "rotation": 0.12566370614359174,
            "transform_matrix": [
                [
                    -0.4051370620727539,
                    0.0751911997795105,
                    0.9111586809158325,
                    3.6729984283447266
                ],
                [
                    0.9142559766769409,
                    0.033319707959890366,
                    0.403764545917511,
                    1.6276270151138306
                ],
                [
                    -1.862645149230957e-09,
                    0.9966123104095459,
                    -0.08224304020404816,
                    -0.3315323293209076
                ],
                [
                    0.0,
                    0.0,
                    0.0,
                    1.0
                ]
            ]
        },
        {
            "file_path": "/data/shapenet_blender/all_50_random/02958343/56b6c950f4c5de80ce27281f3b76d1f5/r_25",
            "rotation": 0.12566370614359174,
            "transform_matrix": [
                [
                    -0.2603096663951874,
                    -0.4754529893398285,
                    -0.8403471112251282,
                    -3.387547731399536
                ],
                [
                    -0.9655251502990723,
                    0.12818413972854614,
                    0.22656114399433136,
                    0.9132972359657288
                ],
                [
                    -7.450580152834618e-09,
                    0.8703523874282837,
                    -0.49242937564849854,
                    -1.98504638671875
                ],
                [
                    0.0,
                    0.0,
                    0.0,
                    1.0
                ]
            ]
        },
        {
            "file_path": "/data/shapenet_blender/all_50_random/02958343/56b6c950f4c5de80ce27281f3b76d1f5/r_26",
            "rotation": 0.12566370614359174,
            "transform_matrix": [
                [
                    -0.24190877377986908,
                    -0.022757582366466522,
                    -0.9700320959091187,
                    -3.9103243350982666
                ],
                [
                    -0.9702990651130676,
                    0.0056737749837338924,
                    0.24184221029281616,
                    0.9748971462249756
                ],
                [
                    0.0,
                    0.9997248649597168,
                    -0.023454194888472557,
                    -0.09454688429832458
                ],
                [
                    0.0,
                    0.0,
                    0.0,
                    1.0
                ]
            ]
        },
        {
            "file_path": "/data/shapenet_blender/all_50_random/02958343/56b6c950f4c5de80ce27281f3b76d1f5/r_27",
            "rotation": 0.12566370614359174,
            "transform_matrix": [
                [
                    0.9950292110443115,
                    0.021367067471146584,
                    -0.09726397693157196,
                    -0.39208364486694336
                ],
                [
                    -0.09958329051733017,
                    0.21349823474884033,
                    -0.9718548059463501,
                    -3.9176719188690186
                ],
                [
                    0.0,
                    0.9767096638679504,
                    0.21456483006477356,
                    0.864938497543335
                ],
                [
                    0.0,
                    0.0,
                    0.0,
                    1.0
                ]
            ]
        },
        {
            "file_path": "/data/shapenet_blender/all_50_random/02958343/56b6c950f4c5de80ce27281f3b76d1f5/r_28",
            "rotation": 0.12566370614359174,
            "transform_matrix": [
                [
                    -0.9299502372741699,
                    -0.04192992299795151,
                    0.36528682708740234,
                    1.4725184440612793
                ],
                [
                    0.367685467004776,
                    -0.10604917258024216,
                    0.9238835573196411,
                    3.7242939472198486
                ],
                [
                    0.0,
                    0.9934764504432678,
                    0.11403746157884598,
                    0.45969974994659424
                ],
                [
                    0.0,
                    0.0,
                    0.0,
                    1.0
                ]
            ]
        },
        {
            "file_path": "/data/shapenet_blender/all_50_random/02958343/56b6c950f4c5de80ce27281f3b76d1f5/r_29",
            "rotation": 0.12566370614359174,
            "transform_matrix": [
                [
                    -0.56756591796875,
                    -0.756104052066803,
                    -0.3258461058139801,
                    -1.3135274648666382
                ],
                [
                    -0.823327898979187,
                    0.5212247371673584,
                    0.2246239185333252,
                    0.9054878950119019
                ],
                [
                    0.0,
                    0.39576712250709534,
                    -0.9183509945869446,
                    -3.701990842819214
                ],
                [
                    0.0,
                    0.0,
                    0.0,
                    1.0
                ]
            ]
        },
        {
            "file_path": "/data/shapenet_blender/all_50_random/02958343/56b6c950f4c5de80ce27281f3b76d1f5/r_30",
            "rotation": 0.12566370614359174,
            "transform_matrix": [
                [
                    0.5122833847999573,
                    -0.3427963852882385,
                    -0.7874365448951721,
                    -3.174258232116699
                ],
                [
                    -0.8588165044784546,
                    -0.20447778701782227,
                    -0.4697053134441376,
                    -1.8934426307678223
                ],
                [
                    0.0,
                    0.9168856143951416,
                    -0.3991498053073883,
                    -1.6090242862701416
                ],
                [
                    0.0,
                    0.0,
                    0.0,
                    1.0
                ]
            ]
        },
        {
            "file_path": "/data/shapenet_blender/all_50_random/02958343/56b6c950f4c5de80ce27281f3b76d1f5/r_31",
            "rotation": 0.12566370614359174,
            "transform_matrix": [
                [
                    -0.7880542874336243,
                    -0.11471352726221085,
                    0.6048233509063721,
                    2.4381206035614014
                ],
                [
                    0.6156057119369507,
                    -0.14684802293777466,
                    0.7742514610290527,
                    3.1211071014404297
                ],
                [
                    -7.450580152834618e-09,
                    0.9824848175048828,
                    0.1863425374031067,
                    0.7511706948280334
                ],
                [
                    0.0,
                    0.0,
                    0.0,
                    1.0
                ]
            ]
        },
        {
            "file_path": "/data/shapenet_blender/all_50_random/02958343/56b6c950f4c5de80ce27281f3b76d1f5/r_32",
            "rotation": 0.12566370614359174,
            "transform_matrix": [
                [
                    -0.11222968995571136,
                    -0.7665847539901733,
                    -0.632259726524353,
                    -2.548720598220825
                ],
                [
                    -0.9936823844909668,
                    0.0865805521607399,
                    0.0714094489812851,
                    0.2878606915473938
                ],
                [
                    3.725290742551124e-09,
                    0.6362795233726501,
                    -0.7714585065841675,
                    -3.109848737716675
                ],
                [
                    0.0,
                    0.0,
                    0.0,
                    1.0
                ]
            ]
        },
        {
            "file_path": "/data/shapenet_blender/all_50_random/02958343/56b6c950f4c5de80ce27281f3b76d1f5/r_33",
            "rotation": 0.12566370614359174,
            "transform_matrix": [
                [
                    0.9992815256118774,
                    0.015522451139986515,
                    -0.034575533121824265,
                    -0.13937842845916748
                ],
                [
                    -0.03790005296468735,
                    0.4092685282230377,
                    -0.9116264581680298,
                    -3.6748838424682617
                ],
                [
                    0.0,
                    0.9122819900512695,
                    0.40956273674964905,
                    1.6510001420974731
                ],
                [
                    0.0,
                    0.0,
                    0.0,
                    1.0
                ]
            ]
        },
        {
            "file_path": "/data/shapenet_blender/all_50_random/02958343/56b6c950f4c5de80ce27281f3b76d1f5/r_34",
            "rotation": 0.12566370614359174,
            "transform_matrix": [
                [
                    -0.4696548581123352,
                    -0.017279332503676414,
                    0.8826808929443359,
                    3.5582008361816406
                ],
                [
                    0.882850170135498,
                    -0.009192184545099735,
                    0.4695647954940796,
                    1.892876386642456
                ],
                [
                    -9.31322685637781e-10,
                    0.9998083710670471,
                    0.019572215154767036,
                    0.07889813184738159
                ],
                [
                    0.0,
                    0.0,
                    0.0,
                    1.0
                ]
            ]
        },
        {
            "file_path": "/data/shapenet_blender/all_50_random/02958343/56b6c950f4c5de80ce27281f3b76d1f5/r_35",
            "rotation": 0.12566370614359174,
            "transform_matrix": [
                [
                    0.4914414882659912,
                    -0.10136566311120987,
                    -0.8649914860725403,
                    -3.4868922233581543
                ],
                [
                    -0.8709105849266052,
                    -0.05719909071922302,
                    -0.48810142278671265,
                    -1.9675997495651245
                ],
                [
                    -3.725290298461914e-09,
                    0.9932035803794861,
                    -0.11639042943716049,
                    -0.4691848158836365
                ],
                [
                    0.0,
                    0.0,
                    0.0,
                    1.0
                ]
            ]
        },
        {
            "file_path": "/data/shapenet_blender/all_50_random/02958343/56b6c950f4c5de80ce27281f3b76d1f5/r_36",
            "rotation": 0.12566370614359174,
            "transform_matrix": [
                [
                    0.9970190525054932,
                    -0.02807273343205452,
                    0.07186860591173172,
                    0.2897116243839264
                ],
                [
                    0.07715681940317154,
                    0.36275532841682434,
                    -0.9286847710609436,
                    -3.743648052215576
                ],
                [
                    0.0,
                    0.9314614534378052,
                    0.3638399541378021,
                    1.4666857719421387
                ],
                [
                    0.0,
                    0.0,
                    0.0,
                    1.0
                ]
            ]
        },
        {
            "file_path": "/data/shapenet_blender/all_50_random/02958343/56b6c950f4c5de80ce27281f3b76d1f5/r_37",
            "rotation": 0.12566370614359174,
            "transform_matrix": [
                [
                    -0.6979175209999084,
                    0.6354007720947266,
                    0.3304193317890167,
                    1.331963062286377
                ],
                [
                    0.7161780595779419,
                    0.619199812412262,
                    0.3219945728778839,
                    1.298001766204834
                ],
                [
                    1.4901160305669237e-08,
                    0.46136465668678284,
                    -0.887210488319397,
                    -3.576460123062134
                ],
                [
                    0.0,
                    0.0,
                    0.0,
                    1.0
                ]
            ]
        },
        {
            "file_path": "/data/shapenet_blender/all_50_random/02958343/56b6c950f4c5de80ce27281f3b76d1f5/r_38",
            "rotation": 0.12566370614359174,
            "transform_matrix": [
                [
                    -0.9999723434448242,
                    -0.002208746736869216,
                    -0.007106033153831959,
                    -0.028645336627960205
                ],
                [
                    -0.007441389374434948,
                    0.29681089520454407,
                    0.954907238483429,
                    3.8493542671203613
                ],
                [
                    -2.3283064365386963e-10,
                    0.9549337029457092,
                    -0.29681912064552307,
                    -1.1965161561965942
                ],
                [
                    0.0,
                    0.0,
                    0.0,
                    1.0
                ]
            ]
        },
        {
            "file_path": "/data/shapenet_blender/all_50_random/02958343/56b6c950f4c5de80ce27281f3b76d1f5/r_39",
            "rotation": 0.12566370614359174,
            "transform_matrix": [
                [
                    -0.9605844020843506,
                    -0.19296568632125854,
                    0.20010507106781006,
                    0.8066493272781372
                ],
                [
                    0.27798888087272644,
                    -0.666788637638092,
                    0.6914586424827576,
                    2.7873589992523193
                ],
                [
                    0.0,
                    0.7198312878608704,
                    0.6941490173339844,
                    2.798204183578491
                ],
                [
                    0.0,
                    0.0,
                    0.0,
                    1.0
                ]
            ]
        },
        {
            "file_path": "/data/shapenet_blender/all_50_random/02958343/56b6c950f4c5de80ce27281f3b76d1f5/r_40",
            "rotation": 0.12566370614359174,
            "transform_matrix": [
                [
                    -0.5115994811058044,
                    -0.8219748139381409,
                    -0.250246524810791,
                    -1.0087761878967285
                ],
                [
                    -0.8592241406440735,
                    0.48942047357559204,
                    0.1490018516778946,
                    0.6006457209587097
                ],
                [
                    7.450581485102248e-09,
                    0.2912469506263733,
                    -0.9566477537155151,
                    -3.856370687484741
                ],
                [
                    0.0,
                    0.0,
                    0.0,
                    1.0
                ]
            ]
        },
        {
            "file_path": "/data/shapenet_blender/all_50_random/02958343/56b6c950f4c5de80ce27281f3b76d1f5/r_41",
            "rotation": 0.12566370614359174,
            "transform_matrix": [
                [
                    0.5340710878372192,
                    0.46677714586257935,
                    0.7049022912979126,
                    2.8415520191192627
                ],
                [
                    0.845439612865448,
                    -0.2948669195175171,
                    -0.44529250264167786,
