{
    "class": "02958343",
    "model": "80b5df2ecf1051fd61c6c61410fc904b",
    "remove_doubles": true,
    "edge_split": true,
    "denoise": true,
    "camera_angle_x": 0.6911112070083618,
    "scale_factor": 2.23463691913108,
    "hdri_file": "/data/IndoorHDRDataset2018/9C4A7829-baf72840f5.exr",
    "center_offset": [
        0.0,
        -1.862645149230957e-09,
        -1.862645149230957e-09
    ],
    "lights": [],
    "frames": [
        {
            "file_path": "/data/shapenet_blender/all_50_random/02958343/80b5df2ecf1051fd61c6c61410fc904b/r_0",
            "rotation": 0.12566370614359174,
            "transform_matrix": [
                [
                    -0.47468504309654236,
                    0.4776644706726074,
                    0.7392637133598328,
                    2.980067253112793
                ],
                [
                    0.8801557421684265,
                    0.2576136887073517,
                    0.39869922399520874,
                    1.607208013534546
                ],
                [
                    0.0,
                    0.8399237394332886,
                    -0.5427044630050659,
                    -2.187711715698242
                ],
                [
                    0.0,
                    0.0,
                    0.0,
                    1.0
                ]
            ]
        },
        {
            "file_path": "/data/shapenet_blender/all_50_random/02958343/80b5df2ecf1051fd61c6c61410fc904b/r_1",
            "rotation": 0.12566370614359174,
            "transform_matrix": [
                [
                    -0.2570338249206543,
                    -0.04393935203552246,
                    0.9654030203819275,
                    3.8916640281677246
                ],
                [
                    0.9664024710655212,
                    -0.0116865374147892,
                    0.25676798820495605,
                    1.0350648164749146
                ],
                [
                    0.0,
                    0.9989657402038574,
                    0.04546693339943886,
                    0.18328307569026947
                ],
                [
                    0.0,
                    0.0,
                    0.0,
                    1.0
                ]
            ]
        },
        {
            "file_path": "/data/shapenet_blender/all_50_random/02958343/80b5df2ecf1051fd61c6c61410fc904b/r_2",
            "rotation": 0.12566370614359174,
            "transform_matrix": [
                [
                    -0.9200119972229004,
                    0.07897942513227463,
                    -0.38384926319122314,
                    -1.5473458766937256
                ],
                [
                    -0.39189034700393677,
                    -0.1854141503572464,
                    0.9011345505714417,
                    3.63258957862854
                ],
                [
                    7.450581485102248e-09,
                    0.9794813990592957,
                    0.20153449475765228,
                    0.8124115467071533
                ],
                [
                    0.0,
                    0.0,
                    0.0,
                    1.0
                ]
            ]
        },
        {
            "file_path": "/data/shapenet_blender/all_50_random/02958343/80b5df2ecf1051fd61c6c61410fc904b/r_3",
            "rotation": 0.12566370614359174,
            "transform_matrix": [
                [
                    -0.2525022327899933,
                    0.3122497797012329,
                    0.9158288240432739,
                    3.691824436187744
                ],
                [
                    0.9675963521003723,
                    0.08148415386676788,
                    0.2389930784702301,
                    0.9634119868278503
                ],
                [
                    -7.450581485102248e-09,
                    0.9464989304542542,
                    -0.3227066695690155,
                    -1.3008723258972168
                ],
                [
                    0.0,
                    0.0,
                    0.0,
                    1.0
                ]
            ]
        },
        {
            "file_path": "/data/shapenet_blender/all_50_random/02958343/80b5df2ecf1051fd61c6c61410fc904b/r_4",
            "rotation": 0.12566370614359174,
            "transform_matrix": [
                [
                    -0.10677169263362885,
                    0.6081941723823547,
                    -0.7865746021270752,
                    -3.170783758163452
                ],
                [
                    -0.9942835569381714,
                    -0.06531127542257309,
                    0.08446675539016724,
                    0.34049639105796814
                ],
                [
                    0.0,
                    0.7910969257354736,
                    0.6116908192634583,
                    2.4658045768737793
                ],
                [
                    0.0,
                    0.0,
                    0.0,
                    1.0
                ]
            ]
        },
        {
            "file_path": "/data/shapenet_blender/all_50_random/02958343/80b5df2ecf1051fd61c6c61410fc904b/r_5",
            "rotation": 0.12566370614359174,
            "transform_matrix": [
                [
                    -0.8219902515411377,
                    0.07728146761655807,
                    0.5642336010932922,
                    2.274498701095581
                ],
                [
                    0.5695015788078308,
                    0.11154420673847198,
                    0.8143866658210754,
                    3.28289794921875
                ],
                [
                    0.0,
                    0.9907497763633728,
                    -0.13570016622543335,
                    -0.5470249056816101
                ],
                [
                    0.0,
                    0.0,
                    0.0,
                    1.0
                ]
            ]
        },
        {
            "file_path": "/data/shapenet_blender/all_50_random/02958343/80b5df2ecf1051fd61c6c61410fc904b/r_6",
            "rotation": 0.12566370614359174,
            "transform_matrix": [
                [
                    -0.6864285469055176,
                    0.37470030784606934,
                    0.6232298612594604,
                    2.512320041656494
                ],
                [
                    0.7271972298622131,
                    0.3536936044692993,
                    0.5882899165153503,
                    2.3714725971221924
                ],
                [
                    0.0,
                    0.8570300936698914,
                    -0.5152663588523865,
                    -2.0771050453186035
                ],
                [
                    0.0,
                    0.0,
                    0.0,
                    1.0
                ]
            ]
        },
        {
            "file_path": "/data/shapenet_blender/all_50_random/02958343/80b5df2ecf1051fd61c6c61410fc904b/r_7",
            "rotation": 0.12566370614359174,
            "transform_matrix": [
                [
                    -0.026498017832636833,
                    0.5222613215446472,
                    -0.8523736596107483,
                    -3.436028480529785
                ],
                [
                    -0.999648928642273,
                    -0.013843749649822712,
                    0.022594144567847252,
                    0.09107992053031921
                ],
                [
                    9.313225746154785e-10,
                    0.8526732325553894,
                    0.5224446654319763,
                    2.1060421466827393
                ],
                [
                    0.0,
                    0.0,
                    0.0,
                    1.0
                ]
            ]
        },
        {
            "file_path": "/data/shapenet_blender/all_50_random/02958343/80b5df2ecf1051fd61c6c61410fc904b/r_8",
            "rotation": 0.12566370614359174,
            "transform_matrix": [
                [
                    -0.3619125485420227,
                    -0.2753542959690094,
                    -0.8906174302101135,
                    -3.590193271636963
                ],
                [
                    -0.9322119355201721,
                    0.10690077394247055,
                    0.34576430916786194,
                    1.3938202857971191
                ],
                [
                    0.0,
                    0.9553806185722351,
                    -0.29537737369537354,
                    -1.190704107284546
                ],
                [
                    0.0,
                    0.0,
                    0.0,
                    1.0
                ]
            ]
        },
        {
            "file_path": "/data/shapenet_blender/all_50_random/02958343/80b5df2ecf1051fd61c6c61410fc904b/r_9",
            "rotation": 0.12566370614359174,
            "transform_matrix": [
                [
                    -0.9996461868286133,
                    -0.0008590710931457579,
                    0.026586534455418587,
                    0.10717374086380005
                ],
                [
                    0.026600411161780357,
                    -0.032283976674079895,
                    0.9991247057914734,
                    4.027600288391113
                ],
                [
                    -1.1641532182693481e-10,
                    0.9994783401489258,
                    0.032295405864715576,
                    0.13018694519996643
                ],
                [
                    0.0,
                    0.0,
                    0.0,
                    1.0
                ]
            ]
        },
        {
            "file_path": "/data/shapenet_blender/all_50_random/02958343/80b5df2ecf1051fd61c6c61410fc904b/r_10",
            "rotation": 0.12566370614359174,
            "transform_matrix": [
                [
                    -0.9881079792976379,
                    0.050146955996751785,
                    -0.145354762673378,
                    -0.5859438180923462
                ],
                [
                    -0.15376192331314087,
                    -0.32225537300109863,
                    0.9340817332267761,
                    3.765403985977173
                ],
                [
                    3.725290742551124e-09,
                    0.9453235268592834,
                    0.3261338174343109,
                    1.3146874904632568
                ],
                [
                    0.0,
                    0.0,
                    0.0,
                    1.0
                ]
            ]
        },
        {
            "file_path": "/data/shapenet_blender/all_50_random/02958343/80b5df2ecf1051fd61c6c61410fc904b/r_11",
            "rotation": 0.12566370614359174,
            "transform_matrix": [
                [
                    0.7000820636749268,
                    0.3771553635597229,
                    -0.6063323616981506,
                    -2.444204092025757
                ],
                [
                    -0.7140624523162842,
                    0.36977115273475647,
                    -0.5944611430168152,
                    -2.3963496685028076
                ],
                [
                    1.4901162970204496e-08,
                    0.8491307497024536,
                    0.5281825661659241,
                    2.1291723251342773
                ],
                [
                    0.0,
                    0.0,
                    0.0,
                    1.0
                ]
            ]
        },
        {
            "file_path": "/data/shapenet_blender/all_50_random/02958343/80b5df2ecf1051fd61c6c61410fc904b/r_12",
            "rotation": 0.12566370614359174,
            "transform_matrix": [
                [
                    0.9465631246566772,
                    -0.17343461513519287,
                    0.2719167172908783,
                    1.0961313247680664
                ],
                [
                    0.32251864671707153,
                    0.509014904499054,
                    -0.7980509996414185,
                    -3.2170464992523193
                ],
                [
                    0.0,
                    0.8431037068367004,
                    0.5377507209777832,
                    2.1677424907684326
                ],
                [
                    0.0,
                    0.0,
                    0.0,
                    1.0
                ]
            ]
        },
        {
            "file_path": "/data/shapenet_blender/all_50_random/02958343/80b5df2ecf1051fd61c6c61410fc904b/r_13",
            "rotation": 0.12566370614359174,
            "transform_matrix": [
                [
                    0.6830004453659058,
                    0.1908426135778427,
                    -0.705045759677887,
                    -2.842130422592163
                ],
                [
                    -0.7304180264472961,
                    0.17845341563224792,
                    -0.6592752933502197,
                    -2.657623767852783
                ],
                [
                    0.0,
                    0.9652634859085083,
                    0.2612786293029785,
                    1.0532478094100952
                ],
                [
                    0.0,
                    0.0,
                    0.0,
                    1.0
                ]
            ]
        },
        {
            "file_path": "/data/shapenet_blender/all_50_random/02958343/80b5df2ecf1051fd61c6c61410fc904b/r_14",
            "rotation": 0.12566370614359174,
            "transform_matrix": [
                [
                    -0.5008267164230347,
                    -0.8359759449958801,
                    -0.2243141531944275,
                    -0.904239296913147
                ],
                [
                    -0.8655475378036499,
                    0.48371586203575134,
                    0.12979358434677124,
                    0.5232146978378296
                ],
                [
                    0.0,
                    0.25915849208831787,
                    -0.9658347964286804,
                    -3.893404483795166
                ],
                [
                    0.0,
                    0.0,
                    0.0,
                    1.0
                ]
            ]
        },
        {
            "file_path": "/data/shapenet_blender/all_50_random/02958343/80b5df2ecf1051fd61c6c61410fc904b/r_15",
            "rotation": 0.12566370614359174,
            "transform_matrix": [
                [
                    0.8971612453460693,
                    0.02871495485305786,
                    0.4407688081264496,
                    1.7767959833145142
                ],
                [
                    0.441703200340271,
                    -0.05832410231232643,
                    -0.8952633738517761,
                    -3.608922243118286
                ],
                [
                    -3.725290076417309e-09,
                    0.9978846907615662,
                    -0.06500960141420364,
                    -0.26206210255622864
                ],
                [
                    0.0,
                    0.0,
                    0.0,
                    1.0
                ]
            ]
        },
        {
            "file_path": "/data/shapenet_blender/all_50_random/02958343/80b5df2ecf1051fd61c6c61410fc904b/r_16",
            "rotation": 0.12566370614359174,
            "transform_matrix": [
                [
                    0.9619333148002625,
                    -0.017662346363067627,
                    0.27271291613578796,
                    1.0993409156799316
                ],
                [
                    0.27328428626060486,
                    0.062169697135686874,
                    -0.959922194480896,
                    -3.869570255279541
                ],
                [
                    0.0,
                    0.9979092478752136,
                    0.0646299496293068,
                    0.2605316638946533
                ],
                [
                    0.0,
                    0.0,
                    0.0,
                    1.0
                ]
            ]
        },
        {
            "file_path": "/data/shapenet_blender/all_50_random/02958343/80b5df2ecf1051fd61c6c61410fc904b/r_17",
            "rotation": 0.12566370614359174,
            "transform_matrix": [
                [
                    0.9082434773445129,
                    0.15982414782047272,
                    0.3867171108722687,
                    1.5589065551757812
                ],
                [
                    0.4184422492980957,
                    -0.34690386056900024,
                    -0.8393829464912415,
                    -3.3836607933044434
                ],
                [
                    0.0,
                    0.9241828322410583,
                    -0.381950318813324,
                    -1.5396909713745117
                ],
                [
                    0.0,
                    0.0,
                    0.0,
                    1.0
                ]
            ]
        },
        {
            "file_path": "/data/shapenet_blender/all_50_random/02958343/80b5df2ecf1051fd61c6c61410fc904b/r_18",
            "rotation": 0.12566370614359174,
            "transform_matrix": [
                [
                    -0.9936218857765198,
                    -0.001456337166018784,
                    0.11275443434715271,
                    0.45452770590782166
                ],
                [
                    0.11276385188102722,
                    -0.012832555919885635,
                    0.9935388565063477,
                    4.0050835609436035
                ],
                [
                    0.0,
                    0.9999166131019592,
                    0.012914927676320076,
                    0.052061744034290314
                ],
                [
                    0.0,
                    0.0,
                    0.0,
                    1.0
                ]
            ]
        },
        {
            "file_path": "/data/shapenet_blender/all_50_random/02958343/80b5df2ecf1051fd61c6c61410fc904b/r_19",
            "rotation": 0.12566370614359174,
            "transform_matrix": [
                [
                    0.8800744414329529,
                    -0.08408871293067932,
                    0.467330664396286,
                    1.883870244026184
                ],
                [
                    0.47483566403388977,
                    0.1558525115251541,
                    -0.86616450548172,
                    -3.4916210174560547
                ],
                [
                    0.0,
                    0.9841945171356201,
                    0.1770901381969452,
                    0.7138732671737671
                ],
                [
                    0.0,
                    0.0,
                    0.0,
                    1.0
                ]
            ]
        },
        {
            "file_path": "/data/shapenet_blender/all_50_random/02958343/80b5df2ecf1051fd61c6c61410fc904b/r_20",
            "rotation": 0.12566370614359174,
            "transform_matrix": [
                [
                    -0.6491937041282654,
                    -0.22510595619678497,
                    -0.7265499234199524,
                    -2.928816556930542
                ],
                [
                    -0.7606230974197388,
                    0.1921284794807434,
                    0.6201121211051941,
                    2.4997520446777344
                ],
                [
                    0.0,
                    0.9552037119865417,
                    -0.2959493398666382,
                    -1.1930100917816162
                ],
                [
                    0.0,
                    0.0,
                    0.0,
                    1.0
                ]
            ]
        },
        {
            "file_path": "/data/shapenet_blender/all_50_random/02958343/80b5df2ecf1051fd61c6c61410fc904b/r_21",
            "rotation": 0.12566370614359174,
            "transform_matrix": [
                [
                    -0.08112846314907074,
                    -0.019390875473618507,
                    0.9965149164199829,
                    4.017080307006836
                ],
                [
                    0.9967037439346313,
                    -0.0015783546259626746,
                    0.08111309260129929,
                    0.32697737216949463
                ],
                [
                    0.0,
                    0.9998106956481934,
                    0.01945500448346138,
                    0.07842563837766647
                ],
                [
                    0.0,
                    0.0,
                    0.0,
                    1.0
                ]
            ]
        },
        {
            "file_path": "/data/shapenet_blender/all_50_random/02958343/80b5df2ecf1051fd61c6c61410fc904b/r_22",
            "rotation": 0.12566370614359174,
            "transform_matrix": [
                [
                    0.757836639881134,
                    0.37212663888931274,
                    0.5359154939651489,
                    2.160344362258911
                ],
                [
                    0.6524444222450256,
                    -0.4322379231452942,
                    -0.6224843263626099,
                    -2.50931453704834
                ],
                [
                    0.0,
                    0.8213964104652405,
                    -0.5703576803207397,
                    -2.299185276031494
                ],
                [
                    0.0,
                    0.0,
                    0.0,
                    1.0
                ]
            ]
        },
        {
            "file_path": "/data/shapenet_blender/all_50_random/02958343/80b5df2ecf1051fd61c6c61410fc904b/r_23",
            "rotation": 0.12566370614359174,
            "transform_matrix": [
                [
                    0.7128521203994751,
                    0.11865442246198654,
                    -0.6912039518356323,
                    -2.786332607269287
                ],
                [
                    -0.701314389705658,
                    0.12060648202896118,
                    -0.7025753855705261,
                    -2.832172155380249
                ],
                [
                    0.0,
                    0.9855836033821106,
                    0.16918863356113434,
                    0.6820212602615356
                ],
                [
                    0.0,
                    0.0,
                    0.0,
                    1.0
                ]
            ]
        },
        {
            "file_path": "/data/shapenet_blender/all_50_random/02958343/80b5df2ecf1051fd61c6c61410fc904b/r_24",
            "rotation": 0.12566370614359174,
            "transform_matrix": [
                [
                    0.9684510231018066,
                    -0.03835781663656235,
                    -0.24623437225818634,
                    -0.9926025867462158
                ],
                [
                    -0.2492041140794754,
                    -0.14906519651412964,
                    -0.9569100141525269,
                    -3.8574278354644775
                ],
                [
                    3.725290298461914e-09,
                    0.9880830645561218,
                    -0.15392126142978668,
                    -0.620476484298706
                ],
                [
                    0.0,
                    0.0,
                    0.0,
                    1.0
                ]
            ]
        },
        {
            "file_path": "/data/shapenet_blender/all_50_random/02958343/80b5df2ecf1051fd61c6c61410fc904b/r_25",
            "rotation": 0.12566370614359174,
            "transform_matrix": [
                [
                    -0.6115034222602844,
                    0.4065464735031128,
                    0.6788103580474854,
                    2.7363719940185547
                ],
                [
                    0.7912417650222778,
                    0.3141954243183136,
                    0.5246118903160095,
                    2.1147782802581787
                ],
                [
                    0.0,
                    0.8579050302505493,
                    -0.5138081908226013,
                    -2.0712270736694336
                ],
                [
                    0.0,
                    0.0,
                    0.0,
                    1.0
                ]
            ]
        },
        {
            "file_path": "/data/shapenet_blender/all_50_random/02958343/80b5df2ecf1051fd61c6c61410fc904b/r_26",
            "rotation": 0.12566370614359174,
            "transform_matrix": [
                [
                    -0.20159800350666046,
                    0.017325060442090034,
                    0.9793150424957275,
                    3.9477453231811523
                ],
                [
                    0.9794683456420898,
                    0.0035659116692841053,
                    0.2015664428472519,
                    0.8125402927398682
                ],
                [
                    0.0,
                    0.999843418598175,
                    -0.01768822968006134,
                    -0.07130353152751923
                ],
                [
                    0.0,
                    0.0,
                    0.0,
                    1.0
                ]
            ]
        },
        {
            "file_path": "/data/shapenet_blender/all_50_random/02958343/80b5df2ecf1051fd61c6c61410fc904b/r_27",
            "rotation": 0.12566370614359174,
            "transform_matrix": [
                [
                    -0.5407791137695312,
                    0.2329779416322708,
                    0.8082569241523743,
                    3.258187770843506
                ],
                [
                    0.8411645889282227,
                    0.14977996051311493,
                    0.5196229815483093,
                    2.0946671962738037
                ],
                [
                    0.0,
                    0.9608783721923828,
                    -0.27697068452835083,
                    -1.1165045499801636
                ],
                [
                    0.0,
                    0.0,
                    0.0,
                    1.0
                ]
            ]
        },
        {
            "file_path": "/data/shapenet_blender/all_50_random/02958343/80b5df2ecf1051fd61c6c61410fc904b/r_28",
            "rotation": 0.12566370614359174,
            "transform_matrix": [
                [
                    -0.6306189298629761,
                    0.34277814626693726,
                    -0.6962922215461731,
                    -2.8068437576293945
                ],
                [
                    -0.7760926485061646,
                    -0.27852657437324524,
                    0.5657766461372375,
                    2.2807185649871826
                ],
                [
                    -1.4901161193847656e-08,
                    0.8971767425537109,
                    0.4416717290878296,
                    1.7804356813430786
                ],
                [
                    0.0,
                    0.0,
                    0.0,
                    1.0
                ]
            ]
        },
        {
            "file_path": "/data/shapenet_blender/all_50_random/02958343/80b5df2ecf1051fd61c6c61410fc904b/r_29",
            "rotation": 0.12566370614359174,
            "transform_matrix": [
                [
                    -0.9489365220069885,
                    0.19040845334529877,
                    0.25152355432510376,
                    1.0139238834381104
                ],
                [
                    0.31546705961227417,
                    0.5727555751800537,
                    0.7565920352935791,
                    3.049920082092285
                ],
                [
                    0.0,
                    0.7973051071166992,
                    -0.6035763025283813,
                    -2.433093786239624
                ],
                [
                    0.0,
                    0.0,
                    0.0,
                    1.0
                ]
            ]
        },
        {
            "file_path": "/data/shapenet_blender/all_50_random/02958343/80b5df2ecf1051fd61c6c61410fc904b/r_30",
            "rotation": 0.12566370614359174,
            "transform_matrix": [
                [
                    -0.22996047139167786,
                    0.7667317390441895,
                    -0.5993667244911194,
                    -2.4161248207092285
                ],
                [
                    -0.9731999635696411,
                    -0.18117345869541168,
                    0.141626238822937,
                    0.5709136724472046
                ],
                [
                    -7.450580596923828e-09,
                    0.6158721446990967,
                    0.7878459692001343,
                    3.1759090423583984
                ],
                [
                    0.0,
                    0.0,
                    0.0,
                    1.0
                ]
            ]
        },
        {
            "file_path": "/data/shapenet_blender/all_50_random/02958343/80b5df2ecf1051fd61c6c61410fc904b/r_31",
            "rotation": 0.12566370614359174,
            "transform_matrix": [
                [
                    0.1956295371055603,
                    0.5824365615844727,
                    -0.7889845967292786,
                    -3.1804988384246826
                ],
                [
                    -0.9806778430938721,
                    0.11618679016828537,
                    -0.1573898196220398,
                    -0.6344587206840515
                ],
                [
                    0.0,
                    0.8045299053192139,
                    0.5939121246337891,
                    2.394136667251587
                ],
                [
                    0.0,
                    0.0,
                    0.0,
                    1.0
                ]
            ]
        },
        {
            "file_path": "/data/shapenet_blender/all_50_random/02958343/80b5df2ecf1051fd61c6c61410fc904b/r_32",
            "rotation": 0.12566370614359174,
            "transform_matrix": [
                [
                    0.14491556584835052,
                    0.11246682703495026,
                    -0.9830313324928284,
                    -3.96272611618042
                ],
                [
                    -0.9894440174102783,
                    0.016472073271870613,
                    -0.1439763605594635,
                    -0.58038729429245
                ],
                [
                    0.0,
                    0.9935189485549927,
                    0.11366668343544006,
                    0.45820504426956177
                ],
                [
                    0.0,
                    0.0,
                    0.0,
                    1.0
                ]
            ]
        },
        {
            "file_path": "/data/shapenet_blender/all_50_random/02958343/80b5df2ecf1051fd61c6c61410fc904b/r_33",
            "rotation": 0.12566370614359174,
            "transform_matrix": [
                [
                    -0.6502611041069031,
                    0.11285577714443207,
                    -0.7512816190719604,
                    -3.028513193130493
                ],
                [
                    -0.7597107887268066,
                    -0.09659690409898758,
                    0.6430462598800659,
                    2.5922024250030518
                ],
                [
                    7.450580596923828e-09,
                    0.9889047145843506,
                    0.14855095744132996,
                    0.5988280773162842
                ],
                [
                    0.0,
                    0.0,
                    0.0,
                    1.0
                ]
            ]
        },
        {
            "file_path": "/data/shapenet_blender/all_50_random/02958343/80b5df2ecf1051fd61c6c61410fc904b/r_34",
            "rotation": 0.12566370614359174,
            "transform_matrix": [
                [
                    -0.15810070931911469,
                    -0.30445611476898193,
                    0.9393139481544495,
                    3.7864952087402344
                ],
                [
                    0.9874229431152344,
                    -0.04874783009290695,
                    0.15039776265621185,
                    0.6062726974487305
                ],
                [
                    0.0,
                    0.951278030872345,
                    0.308334082365036,
                    1.2429343461990356
                ],
                [
                    0.0,
                    0.0,
                    0.0,
                    1.0
                ]
            ]
        },
        {
            "file_path": "/data/shapenet_blender/all_50_random/02958343/80b5df2ecf1051fd61c6c61410fc904b/r_35",
            "rotation": 0.12566370614359174,
            "transform_matrix": [
                [
                    -0.9997317790985107,
                    0.011889823712408543,
                    0.01987449638545513,
                    0.08011665940284729
                ],
                [
                    0.02315952256321907,
                    0.5132504105567932,
                    0.8579263687133789,
                    3.458411693572998
                ],
                [
                    0.0,
                    0.8581565618515015,
                    -0.5133880972862244,
                    -2.069533586502075
                ],
                [
                    0.0,
                    0.0,
                    0.0,
                    1.0
                ]
            ]
        },
        {
            "file_path": "/data/shapenet_blender/all_50_random/02958343/80b5df2ecf1051fd61c6c61410fc904b/r_36",
            "rotation": 0.12566370614359174,
            "transform_matrix": [
                [
                    -0.021710796281695366,
                    0.36486107110977173,
                    0.9308087825775146,
                    3.7522101402282715
                ],
                [
                    0.9997643232345581,
                    0.007923291064798832,
                    0.020213361829519272,
                    0.0814826712012291
                ],
                [
                    -4.656612873077393e-10,
                    0.9310282468795776,
                    -0.3649471402168274,
                    -1.47114896774292
                ],
                [
                    0.0,
                    0.0,
                    0.0,
                    1.0
                ]
            ]
        },
        {
            "file_path": "/data/shapenet_blender/all_50_random/02958343/80b5df2ecf1051fd61c6c61410fc904b/r_37",
            "rotation": 0.12566370614359174,
            "transform_matrix": [
                [
                    0.5023868083953857,
                    0.08853232860565186,
                    0.8600985407829285,
                    3.467168092727661
                ],
                [
                    0.8646429777145386,
                    -0.05144027993083,
                    -0.49974632263183594,
                    -2.0145418643951416
                ],
                [
                    3.725290298461914e-09,
                    0.994744062423706,
                    -0.1023917868733406,
                    -0.41275450587272644
                ],
                [
                    0.0,
                    0.0,
                    0.0,
                    1.0
                ]
            ]
        },
        {
            "file_path": "/data/shapenet_blender/all_50_random/02958343/80b5df2ecf1051fd61c6c61410fc904b/r_38",
            "rotation": 0.12566370614359174,
            "transform_matrix": [
                [
                    -0.9918631315231323,
                    0.03664984181523323,
                    0.12191947549581528,
                    0.49147316813468933
                ],
                [
                    0.12730896472930908,
                    0.28553861379623413,
                    0.9498736262321472,
                    3.8290634155273438
                ],
                [
                    0.0,
                    0.9576660394668579,
                    -0.287881076335907,
                    -1.160485863685608
                ],
                [
                    0.0,
                    0.0,
                    0.0,
                    1.0
                ]
            ]
        },
        {
            "file_path": "/data/shapenet_blender/all_50_random/02958343/80b5df2ecf1051fd61c6c61410fc904b/r_39",
            "rotation": 0.12566370614359174,
            "transform_matrix": [
                [
                    0.9990382194519043,
                    -0.005013475194573402,
                    0.04355969652533531,
                    0.1755947470664978
                ],
                [
                    0.043847259134054184,
                    0.11422956734895706,
                    -0.992486298084259,
                    -4.000840187072754
                ],
                [
                    4.6566123179658803e-10,
                    0.9934417009353638,
                    0.11433953791856766,
                    0.4609174132347107
                ],
                [
                    0.0,
                    0.0,
                    0.0,
                    1.0
                ]
            ]
        },
        {
            "file_path": "/data/shapenet_blender/all_50_random/02958343/80b5df2ecf1051fd61c6c61410fc904b/r_40",
            "rotation": 0.12566370614359174,
            "transform_matrix": [
                [
                    -0.6628916263580322,
                    0.055910732597112656,
                    0.7466249465942383,
                    3.0097410678863525
                ],
                [
                    0.7487154603004456,
                    0.04950179159641266,
                    0.6610407829284668,
                    2.6647403240203857
                ],
                [
                    3.7252898543727042e-09,
                    0.9972079396247864,
                    -0.074675552546978,
                    -0.30102673172950745
                ],
                [
                    0.0,
                    0.0,
                    0.0,
                    1.0
                ]
            ]
        },
        {
            "file_path": "/data/shapenet_blender/all_50_random/02958343/80b5df2ecf1051fd61c6c61410fc904b/r_41",
            "rotation": 0.12566370614359174,
            "transform_matrix": [
                [
                    0.31163710355758667,
                    -0.28776678442955017,
                    0.90557861328125,
                    3.6505041122436523
                ],
                [
                    0.9502012133598328,
                    0.0943787544965744,
                    -0.29700225591659546,
                    -1.1972544193267822
                ],
                [
                    0.0,
                    0.95303875207901,
                    0.30284830927848816,
