{
    "class": "02958343",
    "model": "e0f1de19f0f65ce09123224ebaa118d3",
    "remove_doubles": true,
    "edge_split": true,
    "denoise": true,
    "camera_angle_x": 0.6911112070083618,
    "scale_factor": 2.2453669910542478,
    "hdri_file": "/data/IndoorHDRDataset2018/AG8A2420-cd7a0f2d9a.exr",
    "center_offset": [
        0.0,
        0.0,
        -3.725290298461914e-09
    ],
    "lights": [],
    "frames": [
        {
            "file_path": "/data/shapenet_blender/all_50_random/02958343/e0f1de19f0f65ce09123224ebaa118d3/r_0",
            "rotation": 0.12566370614359174,
            "transform_matrix": [
                [
                    -0.9672338962554932,
                    -0.08431714028120041,
                    -0.2394770234823227,
                    -0.9653627872467041
                ],
                [
                    -0.25388702750205994,
                    0.3212231695652008,
                    0.9123360514640808,
                    3.677744150161743
                ],
                [
                    0.0,
                    0.9432423114776611,
                    -0.33210498094558716,
                    -1.3387579917907715
                ],
                [
                    0.0,
                    0.0,
                    0.0,
                    1.0
                ]
            ]
        },
        {
            "file_path": "/data/shapenet_blender/all_50_random/02958343/e0f1de19f0f65ce09123224ebaa118d3/r_1",
            "rotation": 0.12566370614359174,
            "transform_matrix": [
                [
                    -0.11087643355131149,
                    0.6373633742332458,
                    0.7625446915626526,
                    3.073915958404541
                ],
                [
                    0.9938341975212097,
                    0.07110700756311417,
                    0.08507277816534042,
                    0.3429393470287323
                ],
                [
                    3.725290298461914e-09,
                    0.7672754526138306,
                    -0.64131760597229,
                    -2.5852339267730713
                ],
                [
                    0.0,
                    0.0,
                    0.0,
                    1.0
                ]
            ]
        },
        {
            "file_path": "/data/shapenet_blender/all_50_random/02958343/e0f1de19f0f65ce09123224ebaa118d3/r_2",
            "rotation": 0.12566370614359174,
            "transform_matrix": [
                [
                    -0.41634687781333923,
                    -0.06073608621954918,
                    0.9071748852729797,
                    3.6569392681121826
                ],
                [
                    0.9092058539390564,
                    -0.027812492102384567,
                    0.4154168367385864,
                    1.6745989322662354
                ],
                [
                    0.0,
                    0.9977661967277527,
                    0.06680124998092651,
                    0.2692844867706299
                ],
                [
                    0.0,
                    0.0,
                    0.0,
                    1.0
                ]
            ]
        },
        {
            "file_path": "/data/shapenet_blender/all_50_random/02958343/e0f1de19f0f65ce09123224ebaa118d3/r_3",
            "rotation": 0.12566370614359174,
            "transform_matrix": [
                [
                    0.584542453289032,
                    0.01969309337437153,
                    -0.8111240863800049,
                    -3.2697458267211914
                ],
                [
                    -0.8113632202148438,
                    0.014187789522111416,
                    -0.5843702554702759,
                    -2.3556718826293945
                ],
                [
                    0.0,
                    0.9997053742408752,
                    0.024271614849567413,
                    0.0978420078754425
                ],
                [
                    0.0,
                    0.0,
                    0.0,
                    1.0
                ]
            ]
        },
        {
            "file_path": "/data/shapenet_blender/all_50_random/02958343/e0f1de19f0f65ce09123224ebaa118d3/r_4",
            "rotation": 0.12566370614359174,
            "transform_matrix": [
                [
                    -0.2067943513393402,
                    -0.4049420654773712,
                    -0.8906503319740295,
                    -3.5903263092041016
                ],
                [
                    -0.9783844351768494,
                    0.08558981120586395,
                    0.1882506161928177,
                    0.7588624954223633
                ],
                [
                    0.0,
                    0.9103275537490845,
                    -0.41388851404190063,
                    -1.6684379577636719
                ],
                [
                    0.0,
                    0.0,
                    0.0,
                    1.0
                ]
            ]
        },
        {
            "file_path": "/data/shapenet_blender/all_50_random/02958343/e0f1de19f0f65ce09123224ebaa118d3/r_5",
            "rotation": 0.12566370614359174,
            "transform_matrix": [
                [
                    -0.9430780410766602,
                    0.026900827884674072,
                    0.3314818739891052,
                    1.336246132850647
                ],
                [
                    0.3325716257095337,
                    0.0762830525636673,
                    0.9399877786636353,
                    3.7892119884490967
                ],
                [
                    0.0,
                    0.9967232942581177,
                    -0.0808873176574707,
                    -0.3260672092437744
                ],
                [
                    0.0,
                    0.0,
                    0.0,
                    1.0
                ]
            ]
        },
        {
            "file_path": "/data/shapenet_blender/all_50_random/02958343/e0f1de19f0f65ce09123224ebaa118d3/r_6",
            "rotation": 0.12566370614359174,
            "transform_matrix": [
                [
                    -0.5327478647232056,
                    -0.6304031014442444,
                    -0.5645986795425415,
                    -2.275969982147217
                ],
                [
                    -0.8462739586830139,
                    0.3968524634838104,
                    0.35542717576026917,
                    1.4327727556228638
                ],
                [
                    -1.4901160305669237e-08,
                    0.6671582460403442,
                    -0.7449160218238831,
                    -3.002852439880371
                ],
                [
                    0.0,
                    0.0,
                    0.0,
                    1.0
                ]
            ]
        },
        {
            "file_path": "/data/shapenet_blender/all_50_random/02958343/e0f1de19f0f65ce09123224ebaa118d3/r_7",
            "rotation": 0.12566370614359174,
            "transform_matrix": [
                [
                    -0.9654673933982849,
                    0.07622561603784561,
                    -0.24912342429161072,
                    -1.0042486190795898
                ],
                [
                    -0.2605241537094116,
                    -0.2824818789958954,
                    0.9232178330421448,
                    3.7216100692749023
                ],
                [
                    0.0,
                    0.9562392830848694,
                    0.2925856411457062,
                    1.1794503927230835
                ],
                [
                    0.0,
                    0.0,
                    0.0,
                    1.0
                ]
            ]
        },
        {
            "file_path": "/data/shapenet_blender/all_50_random/02958343/e0f1de19f0f65ce09123224ebaa118d3/r_8",
            "rotation": 0.12566370614359174,
            "transform_matrix": [
                [
                    -0.26107528805732727,
                    0.6090278625488281,
                    -0.7489490509033203,
                    -3.0191102027893066
                ],
                [
                    -0.9653183817863464,
                    -0.1647147238254547,
                    0.20255711674690247,
                    0.8165338635444641
                ],
                [
                    -7.450580152834618e-09,
                    0.7758570313453674,
                    0.6309087872505188,
                    2.5432746410369873
                ],
                [
                    0.0,
                    0.0,
                    0.0,
                    1.0
                ]
            ]
        },
        {
            "file_path": "/data/shapenet_blender/all_50_random/02958343/e0f1de19f0f65ce09123224ebaa118d3/r_9",
            "rotation": 0.12566370614359174,
            "transform_matrix": [
                [
                    0.6772828102111816,
                    0.6252686381340027,
                    0.3877202272415161,
                    1.5629503726959229
                ],
                [
                    0.7357227802276611,
                    -0.5756022930145264,
                    -0.35692280530929565,
                    -1.4388020038604736
                ],
                [
                    1.4901162970204496e-08,
                    0.5269922018051147,
                    -0.8498699069023132,
                    -3.4259355068206787
                ],
                [
                    0.0,
                    0.0,
                    0.0,
                    1.0
                ]
            ]
        },
        {
            "file_path": "/data/shapenet_blender/all_50_random/02958343/e0f1de19f0f65ce09123224ebaa118d3/r_10",
            "rotation": 0.12566370614359174,
            "transform_matrix": [
                [
                    -0.9318549633026123,
                    -0.16763730347156525,
                    0.3217826783657074,
                    1.2971476316452026
                ],
                [
                    0.36283108592033386,
                    -0.43054094910621643,
                    0.8264307975769043,
                    3.331449270248413
                ],
                [
                    -1.4901162970204496e-08,
                    0.8868663907051086,
                    0.46202579140663147,
                    1.862485647201538
                ],
                [
                    0.0,
                    0.0,
                    0.0,
                    1.0
                ]
            ]
        },
        {
            "file_path": "/data/shapenet_blender/all_50_random/02958343/e0f1de19f0f65ce09123224ebaa118d3/r_11",
            "rotation": 0.12566370614359174,
            "transform_matrix": [
                [
                    0.43704208731651306,
                    -0.5214167833328247,
                    -0.7328838109970093,
                    -2.9543492794036865
                ],
                [
                    -0.8994410634040833,
                    -0.25335851311683655,
                    -0.35611122846603394,
                    -1.435530424118042
                ],
                [
                    1.4901161193847656e-08,
                    0.8148213624954224,
                    -0.5797119736671448,
                    -2.3368940353393555
                ],
                [
                    0.0,
                    0.0,
                    0.0,
                    1.0
                ]
            ]
        },
        {
            "file_path": "/data/shapenet_blender/all_50_random/02958343/e0f1de19f0f65ce09123224ebaa118d3/r_12",
            "rotation": 0.12566370614359174,
            "transform_matrix": [
                [
                    -0.4104526937007904,
                    -0.4894214868545532,
                    0.7694122195243835,
                    3.101599931716919
                ],
                [
                    0.9118819832801819,
                    -0.2202964574098587,
                    0.34632477164268494,
                    1.3960797786712646
                ],
                [
                    0.0,
                    0.8437629342079163,
                    0.5367158651351929,
                    2.1635708808898926
                ],
                [
                    0.0,
                    0.0,
                    0.0,
                    1.0
                ]
            ]
        },
        {
            "file_path": "/data/shapenet_blender/all_50_random/02958343/e0f1de19f0f65ce09123224ebaa118d3/r_13",
            "rotation": 0.12566370614359174,
            "transform_matrix": [
                [
                    0.45526838302612305,
                    0.16373786330223083,
                    -0.8751688599586487,
                    -3.527918577194214
                ],
                [
                    -0.8903542757034302,
                    0.0837247297167778,
                    -0.44750359654426575,
                    -1.803944706916809
                ],
                [
                    0.0,
                    0.9829444885253906,
                    0.18390193581581116,
                    0.7413324117660522
                ],
                [
                    0.0,
                    0.0,
                    0.0,
                    1.0
                ]
            ]
        },
        {
            "file_path": "/data/shapenet_blender/all_50_random/02958343/e0f1de19f0f65ce09123224ebaa118d3/r_14",
            "rotation": 0.12566370614359174,
            "transform_matrix": [
                [
                    -0.7640831470489502,
                    -0.06534867733716965,
                    0.6417994499206543,
                    2.587176561355591
                ],
                [
                    0.6451178789138794,
                    -0.07739952206611633,
                    0.7601526975631714,
                    3.0642738342285156
                ],
                [
                    0.0,
                    0.9948561787605286,
                    0.10129725188016891,
                    0.40834230184555054
                ],
                [
                    0.0,
                    0.0,
                    0.0,
                    1.0
                ]
            ]
        },
        {
            "file_path": "/data/shapenet_blender/all_50_random/02958343/e0f1de19f0f65ce09123224ebaa118d3/r_15",
            "rotation": 0.12566370614359174,
            "transform_matrix": [
                [
                    -0.9225907921791077,
                    -0.0556805282831192,
                    0.3817407190799713,
                    1.5388460159301758
                ],
                [
                    0.3857801556587219,
                    -0.13315962255001068,
                    0.9129305481910706,
                    3.680140733718872
                ],
                [
                    -3.725290742551124e-09,
                    0.9895292520523071,
                    0.14433228969573975,
                    0.5818220973014832
                ],
                [
                    0.0,
                    0.0,
                    0.0,
                    1.0
                ]
            ]
        },
        {
            "file_path": "/data/shapenet_blender/all_50_random/02958343/e0f1de19f0f65ce09123224ebaa118d3/r_16",
            "rotation": 0.12566370614359174,
            "transform_matrix": [
                [
                    -0.8382017612457275,
                    -0.29811450839042664,
                    -0.45666801929473877,
                    -1.8408876657485962
                ],
                [
                    -0.5453603863716125,
                    0.4581926167011261,
                    0.7018843293190002,
                    2.8293862342834473
                ],
                [
                    1.4901162970204496e-08,
                    0.8373692035675049,
                    -0.5466376543045044,
                    -2.203566789627075
                ],
                [
                    0.0,
                    0.0,
                    0.0,
                    1.0
                ]
            ]
        },
        {
            "file_path": "/data/shapenet_blender/all_50_random/02958343/e0f1de19f0f65ce09123224ebaa118d3/r_17",
            "rotation": 0.12566370614359174,
            "transform_matrix": [
                [
                    0.8158973455429077,
                    -0.08679230511188507,
                    0.5716454386711121,
                    2.3043763637542725
                ],
                [
                    0.57819664478302,
                    0.12247323989868164,
                    -0.8066529035568237,
                    -3.2517218589782715
                ],
                [
                    0.0,
                    0.9886694550514221,
                    0.15010863542556763,
                    0.6051072478294373
                ],
                [
                    0.0,
                    0.0,
                    0.0,
                    1.0
                ]
            ]
        },
        {
            "file_path": "/data/shapenet_blender/all_50_random/02958343/e0f1de19f0f65ce09123224ebaa118d3/r_18",
            "rotation": 0.12566370614359174,
            "transform_matrix": [
                [
                    0.3265848457813263,
                    -0.07788249850273132,
                    0.9419536590576172,
                    3.7971365451812744
                ],
                [
                    0.9451679587364197,
                    0.026910819113254547,
                    -0.32547420263290405,
                    -1.3120285272598267
                ],
                [
                    0.0,
                    0.9965992569923401,
                    0.08240070939064026,
                    0.3321678936481476
                ],
                [
                    0.0,
                    0.0,
                    0.0,
                    1.0
                ]
            ]
        },
        {
            "file_path": "/data/shapenet_blender/all_50_random/02958343/e0f1de19f0f65ce09123224ebaa118d3/r_19",
            "rotation": 0.12566370614359174,
            "transform_matrix": [
                [
                    0.9007179141044617,
                    -0.013191325590014458,
                    0.4342041313648224,
                    1.7503328323364258
                ],
                [
                    0.4344044625759125,
                    0.027351614087820053,
                    -0.900302529335022,
                    -3.6292355060577393
                ],
                [
                    0.0,
                    0.9995388984680176,
                    0.030366457998752594,
                    0.12241110950708389
                ],
                [
                    0.0,
                    0.0,
                    0.0,
                    1.0
                ]
            ]
        },
        {
            "file_path": "/data/shapenet_blender/all_50_random/02958343/e0f1de19f0f65ce09123224ebaa118d3/r_20",
            "rotation": 0.12566370614359174,
            "transform_matrix": [
                [
                    0.3763692080974579,
                    0.42590710520744324,
                    -0.8227692246437073,
                    -3.3166890144348145
                ],
                [
                    -0.9264696836471558,
                    0.17302058637142181,
                    -0.33424192667007446,
                    -1.3473724126815796
                ],
                [
                    0.0,
                    0.8880692720413208,
                    0.45970964431762695,
                    1.8531489372253418
                ],
                [
                    0.0,
                    0.0,
                    0.0,
                    1.0
                ]
            ]
        },
        {
            "file_path": "/data/shapenet_blender/all_50_random/02958343/e0f1de19f0f65ce09123224ebaa118d3/r_21",
            "rotation": 0.12566370614359174,
            "transform_matrix": [
                [
                    -0.9711268544197083,
                    -0.059140853583812714,
                    -0.23111681640148163,
                    -0.9316616654396057
                ],
                [
                    -0.238563671708107,
                    0.24074609577655792,
                    0.9408127665519714,
                    3.7925376892089844
                ],
                [
                    0.0,
                    0.9687845706939697,
                    -0.24790388345718384,
                    -0.9993325471878052
                ],
                [
                    0.0,
                    0.0,
                    0.0,
                    1.0
                ]
            ]
        },
        {
            "file_path": "/data/shapenet_blender/all_50_random/02958343/e0f1de19f0f65ce09123224ebaa118d3/r_22",
            "rotation": 0.12566370614359174,
            "transform_matrix": [
                [
                    0.9094699621200562,
                    -0.00952073372900486,
                    0.4156606197357178,
                    1.675581455230713
                ],
                [
                    0.41576963663101196,
                    0.020826008170843124,
                    -0.9092314839363098,
                    -3.665229082107544
                ],
                [
                    -9.313225191043273e-10,
                    0.9997377991676331,
                    0.02289905957877636,
                    0.09230905771255493
                ],
                [
                    0.0,
                    0.0,
                    0.0,
                    1.0
                ]
            ]
        },
        {
            "file_path": "/data/shapenet_blender/all_50_random/02958343/e0f1de19f0f65ce09123224ebaa118d3/r_23",
            "rotation": 0.12566370614359174,
            "transform_matrix": [
                [
                    -0.37625405192375183,
                    -0.5738981366157532,
                    -0.7273746132850647,
                    -2.932140827178955
                ],
                [
                    -0.9265165328979492,
                    0.23305737972259521,
                    0.2953834533691406,
                    1.190728783607483
                ],
                [
                    0.0,
                    0.7850637435913086,
                    -0.6194149255752563,
                    -2.496941328048706
                ],
                [
                    0.0,
                    0.0,
                    0.0,
                    1.0
                ]
            ]
        },
        {
            "file_path": "/data/shapenet_blender/all_50_random/02958343/e0f1de19f0f65ce09123224ebaa118d3/r_24",
            "rotation": 0.12566370614359174,
            "transform_matrix": [
                [
                    0.6325061917304993,
                    0.2684662938117981,
                    -0.7265409827232361,
                    -2.9287803173065186
                ],
                [
                    -0.7745553255081177,
                    0.21923109889030457,
                    -0.5932974219322205,
                    -2.391658306121826
                ],
                [
                    1.4901161193847656e-08,
                    0.9380103945732117,
                    0.3466070592403412,
                    1.3972177505493164
                ],
                [
                    0.0,
                    0.0,
                    0.0,
                    1.0
                ]
            ]
        },
        {
            "file_path": "/data/shapenet_blender/all_50_random/02958343/e0f1de19f0f65ce09123224ebaa118d3/r_25",
            "rotation": 0.12566370614359174,
            "transform_matrix": [
                [
                    0.01973804645240307,
                    -0.17629681527614594,
                    -0.9841391444206238,
                    -3.967191696166992
                ],
                [
                    -0.9998051524162292,
                    -0.003480433253571391,
                    -0.01942877098917961,
                    -0.07831987738609314
                ],
                [
                    0.0,
                    0.984330952167511,
                    -0.17633116245269775,
                    -0.7108136415481567
                ],
                [
                    0.0,
                    0.0,
                    0.0,
                    1.0
                ]
            ]
        },
        {
            "file_path": "/data/shapenet_blender/all_50_random/02958343/e0f1de19f0f65ce09123224ebaa118d3/r_26",
            "rotation": 0.12566370614359174,
            "transform_matrix": [
                [
                    0.42328307032585144,
                    -6.587457755813375e-05,
                    0.9059973955154419,
                    3.6521925926208496
                ],
                [
                    0.9059974551200867,
                    3.077667861361988e-05,
                    -0.42328304052352905,
                    -1.7063086032867432
                ],
                [
                    1.8189894035458565e-12,
                    1.0,
                    7.270944479387254e-05,
                    0.0002931011840701103
                ],
                [
                    0.0,
                    0.0,
                    0.0,
                    1.0
                ]
            ]
        },
        {
            "file_path": "/data/shapenet_blender/all_50_random/02958343/e0f1de19f0f65ce09123224ebaa118d3/r_27",
            "rotation": 0.12566370614359174,
            "transform_matrix": [
                [
                    0.32447320222854614,
                    0.6393181681632996,
                    -0.6971292495727539,
                    -2.81021785736084
                ],
                [
                    -0.9458947777748108,
                    0.2193072885274887,
                    -0.2391383945941925,
                    -0.9639977216720581
                ],
                [
                    0.0,
                    0.7370049357414246,
                    0.6758872270584106,
                    2.724588632583618
                ],
                [
                    0.0,
                    0.0,
                    0.0,
                    1.0
                ]
            ]
        },
        {
            "file_path": "/data/shapenet_blender/all_50_random/02958343/e0f1de19f0f65ce09123224ebaa118d3/r_28",
            "rotation": 0.12566370614359174,
            "transform_matrix": [
                [
                    -0.8191580176353455,
                    -0.3172991871833801,
                    -0.4778088629245758,
                    -1.9261091947555542
                ],
                [
                    -0.5735678672790527,
                    0.4531603157520294,
                    0.6823969483375549,
                    2.7508301734924316
                ],
                [
                    2.9802322387695312e-08,
                    0.8330467939376831,
                    -0.5532025098800659,
                    -2.2300305366516113
                ],
                [
                    0.0,
                    0.0,
                    0.0,
                    1.0
                ]
            ]
        },
        {
            "file_path": "/data/shapenet_blender/all_50_random/02958343/e0f1de19f0f65ce09123224ebaa118d3/r_29",
            "rotation": 0.12566370614359174,
            "transform_matrix": [
                [
                    0.20235586166381836,
                    0.8072855472564697,
                    0.5543842911720276,
                    2.2347946166992188
                ],
                [
                    0.9793121218681335,
                    -0.16680991649627686,
                    -0.11455276608467102,
                    -0.4617769718170166
                ],
                [
                    0.0,
                    0.5660955309867859,
                    -0.8243395686149597,
                    -3.323019027709961
                ],
                [
                    0.0,
                    0.0,
                    0.0,
                    1.0
                ]
            ]
        },
        {
            "file_path": "/data/shapenet_blender/all_50_random/02958343/e0f1de19f0f65ce09123224ebaa118d3/r_30",
            "rotation": 0.12566370614359174,
            "transform_matrix": [
                [
                    -0.8008909821510315,
                    -0.09823025017976761,
                    -0.5906982421875,
                    -2.381180763244629
                ],
                [
                    -0.5988101363182068,
                    0.1313800811767578,
                    0.7900415658950806,
                    3.1847593784332275
                ],
                [
                    7.450580152834618e-09,
                    0.9864533543586731,
                    -0.1640423685312271,
                    -0.6612759232521057
                ],
                [
                    0.0,
                    0.0,
                    0.0,
                    1.0
                ]
            ]
        },
        {
            "file_path": "/data/shapenet_blender/all_50_random/02958343/e0f1de19f0f65ce09123224ebaa118d3/r_31",
            "rotation": 0.12566370614359174,
            "transform_matrix": [
                [
                    0.3848952353000641,
                    -0.6631349921226501,
                    -0.641956090927124,
                    -2.5878076553344727
                ],
                [
                    -0.9229602217674255,
                    -0.2765422463417053,
                    -0.2677101790904999,
                    -1.079174280166626
                ],
                [
                    1.4901159417490817e-08,
                    0.6955402493476868,
                    -0.718487024307251,
                    -2.8963136672973633
                ],
                [
                    0.0,
                    0.0,
                    0.0,
                    1.0
                ]
            ]
        },
        {
            "file_path": "/data/shapenet_blender/all_50_random/02958343/e0f1de19f0f65ce09123224ebaa118d3/r_32",
            "rotation": 0.12566370614359174,
            "transform_matrix": [
                [
                    0.7369478344917297,
                    0.027091100811958313,
                    -0.6754064559936523,
                    -2.7226505279541016
                ],
                [
                    -0.6759495735168457,
                    0.029535826295614243,
                    -0.736355721950531,
                    -2.9683449268341064
                ],
                [
                    0.0,
                    0.9991964101791382,
                    0.04007858410477638,
                    0.16156193614006042
                ],
                [
                    0.0,
                    0.0,
                    0.0,
                    1.0
                ]
            ]
        },
        {
            "file_path": "/data/shapenet_blender/all_50_random/02958343/e0f1de19f0f65ce09123224ebaa118d3/r_33",
            "rotation": 0.12566370614359174,
            "transform_matrix": [
                [
                    -0.5324488282203674,
                    0.42734068632125854,
                    0.7306696772575378,
                    2.9454236030578613
                ],
                [
                    0.8464623093605042,
                    0.26880943775177,
                    0.45961201190948486,
                    1.8527553081512451
                ],
                [
                    0.0,
                    0.8632040619850159,
                    -0.5048550367355347,
                    -2.0351357460021973
                ],
                [
                    0.0,
                    0.0,
                    0.0,
                    1.0
                ]
            ]
        },
        {
            "file_path": "/data/shapenet_blender/all_50_random/02958343/e0f1de19f0f65ce09123224ebaa118d3/r_34",
            "rotation": 0.12566370614359174,
            "transform_matrix": [
                [
                    0.9894600510597229,
                    -0.1355140656232834,
                    0.05103614926338196,
                    0.2057332992553711
                ],
                [
                    0.1448059231042862,
                    0.9259687066078186,
                    -0.3487304151058197,
                    -1.4057772159576416
                ],
                [
                    0.0,
                    0.35244524478912354,
                    0.9358325004577637,
                    3.772461414337158
                ],
                [
                    0.0,
                    0.0,
                    0.0,
                    1.0
                ]
            ]
        },
        {
            "file_path": "/data/shapenet_blender/all_50_random/02958343/e0f1de19f0f65ce09123224ebaa118d3/r_35",
            "rotation": 0.12566370614359174,
            "transform_matrix": [
                [
                    0.13465847074985504,
                    -0.9137176871299744,
                    -0.38338884711265564,
                    -1.545490026473999
                ],
                [
                    -0.9908921122550964,
                    -0.12417076528072357,
                    -0.05210109055042267,
                    -0.21002623438835144
                ],
                [
                    0.0,
                    0.3869129717350006,
                    -0.922116219997406,
                    -3.7171695232391357
                ],
                [
                    0.0,
                    0.0,
                    0.0,
                    1.0
                ]
            ]
        },
        {
            "file_path": "/data/shapenet_blender/all_50_random/02958343/e0f1de19f0f65ce09123224ebaa118d3/r_36",
            "rotation": 0.12566370614359174,
            "transform_matrix": [
                [
                    0.9544788002967834,
                    0.033236321061849594,
                    0.29642149806022644,
                    1.194913387298584
                ],
                [
                    0.2982790470123291,
                    -0.10635464638471603,
                    -0.9485347270965576,
                    -3.8236660957336426
                ],
                [
                    0.0,
                    0.9937726259231567,
                    -0.1114269345998764,
                    -0.4491763710975647
                ],
                [
                    0.0,
                    0.0,
                    0.0,
                    1.0
                ]
            ]
        },
        {
            "file_path": "/data/shapenet_blender/all_50_random/02958343/e0f1de19f0f65ce09123224ebaa118d3/r_37",
            "rotation": 0.12566370614359174,
            "transform_matrix": [
                [
                    -0.8974056243896484,
                    0.17832496762275696,
                    -0.40356341004371643,
                    -1.6268161535263062
                ],
                [
                    -0.44120654463768005,
                    -0.36270952224731445,
                    0.8208401799201965,
                    3.308912515640259
                ],
                [
                    0.0,
                    0.9146813750267029,
                    0.40417569875717163,
                    1.629284381866455
                ],
                [
                    0.0,
                    0.0,
                    0.0,
                    1.0
                ]
            ]
        },
        {
            "file_path": "/data/shapenet_blender/all_50_random/02958343/e0f1de19f0f65ce09123224ebaa118d3/r_38",
            "rotation": 0.12566370614359174,
            "transform_matrix": [
                [
                    -0.4309101402759552,
                    0.02664479799568653,
                    0.9020013213157654,
                    3.6360838413238525
                ],
                [
                    0.9023949503898621,
                    0.012723377905786037,
                    0.4307221472263336,
                    1.7362966537475586
                ],
                [
                    9.31322685637781e-10,
                    0.9995639324188232,
                    -0.029526760801672935,
                    -0.11902618408203125
                ],
                [
                    0.0,
                    0.0,
                    0.0,
                    1.0
                ]
            ]
        },
        {
            "file_path": "/data/shapenet_blender/all_50_random/02958343/e0f1de19f0f65ce09123224ebaa118d3/r_39",
            "rotation": 0.12566370614359174,
            "transform_matrix": [
                [
                    0.37844908237457275,
                    0.5055410861968994,
                    -0.7753737568855286,
                    -3.125631332397461
                ],
                [
                    -0.9256219863891602,
                    0.20669513940811157,
                    -0.3170187175273895,
                    -1.2779431343078613
                ],
                [
                    -1.4901159417490817e-08,
                    0.8376784324645996,
                    0.5461636781692505,
                    2.201655864715576
                ],
                [
                    0.0,
                    0.0,
                    0.0,
                    1.0
                ]
            ]
        },
        {
            "file_path": "/data/shapenet_blender/all_50_random/02958343/e0f1de19f0f65ce09123224ebaa118d3/r_40",
            "rotation": 0.12566370614359174,
            "transform_matrix": [
                [
                    -0.6232227087020874,
                    0.3971948027610779,
                    0.6736688017845154,
                    2.7156457901000977
                ],
                [
                    0.7820443511009216,
                    0.31653040647506714,
                    0.5368566513061523,
                    2.1641383171081543
                ],
                [
                    1.4901160305669237e-08,
                    0.861420214176178,
                    -0.507892906665802,
                    -2.04738187789917
                ],
                [
                    0.0,
                    0.0,
                    0.0,
                    1.0
                ]
            ]
        },
        {
            "file_path": "/data/shapenet_blender/all_50_random/02958343/e0f1de19f0f65ce09123224ebaa118d3/r_41",
            "rotation": 0.12566370614359174,
            "transform_matrix": [
                [
                    0.9942967891693115,
                    -0.06166679412126541,
                    -0.08701271563768387,
                    -0.35075947642326355
                ],
                [
                    -0.1066489964723587,
                    -0.5749242901802063,
                    -0.8112262487411499,
                    -3.2701575756073
                ],
                [
                    0.0,
                    0.8158795237541199,
