{
    "class": "02958343",
    "model": "50e986077b994d6aa848f24544821b25",
    "remove_doubles": true,
    "edge_split": true,
    "denoise": true,
    "camera_angle_x": 0.6911112070083618,
    "scale_factor": 2.033342780614083,
    "hdri_file": "/data/IndoorHDRDataset2018/AG8A9900-b4b6cf5a84.exr",
    "center_offset": [
        0.0,
        0.0,
        0.0
    ],
    "lights": [],
    "frames": [
        {
            "file_path": "/data/shapenet_blender/all_50_random/02958343/50e986077b994d6aa848f24544821b25/r_0",
            "rotation": 0.12566370614359174,
            "transform_matrix": [
                [
                    -0.9892732501029968,
                    -0.018229546025395393,
                    0.14493508636951447,
                    0.5842519998550415
                ],
                [
                    0.14607703685760498,
                    -0.12345544248819351,
                    0.9815397262573242,
                    3.9567131996154785
                ],
                [
                    0.0,
                    0.9921825528144836,
                    0.12479408830404282,
                    0.503061056137085
                ],
                [
                    0.0,
                    0.0,
                    0.0,
                    1.0
                ]
            ]
        },
        {
            "file_path": "/data/shapenet_blender/all_50_random/02958343/50e986077b994d6aa848f24544821b25/r_1",
            "rotation": 0.12566370614359174,
            "transform_matrix": [
                [
                    0.9701521992683411,
                    0.0170839074999094,
                    -0.24189414083957672,
                    -0.9751064777374268
                ],
                [
                    -0.24249665439128876,
                    0.06834729760885239,
                    -0.9677417278289795,
                    -3.9010915756225586
                ],
                [
                    0.0,
                    0.9975153207778931,
                    0.0704500749707222,
                    0.28399333357810974
                ],
                [
                    0.0,
                    0.0,
                    0.0,
                    1.0
                ]
            ]
        },
        {
            "file_path": "/data/shapenet_blender/all_50_random/02958343/50e986077b994d6aa848f24544821b25/r_2",
            "rotation": 0.12566370614359174,
            "transform_matrix": [
                [
                    0.9880573749542236,
                    -0.09523870795965195,
                    0.1211293488740921,
                    0.48828795552253723
                ],
                [
                    0.15408678352832794,
                    0.6107032895088196,
                    -0.7767230272293091,
                    -3.131070375442505
                ],
                [
                    0.0,
                    0.7861111760139465,
                    0.6180850267410278,
                    2.4915802478790283
                ],
                [
                    0.0,
                    0.0,
                    0.0,
                    1.0
                ]
            ]
        },
        {
            "file_path": "/data/shapenet_blender/all_50_random/02958343/50e986077b994d6aa848f24544821b25/r_3",
            "rotation": 0.12566370614359174,
            "transform_matrix": [
                [
                    -0.21525779366493225,
                    -0.7259569764137268,
                    0.6531848907470703,
                    2.6330726146698
                ],
                [
                    0.9765572547912598,
                    -0.160019189119339,
                    0.14397838711738586,
                    0.5803954601287842
                ],
                [
                    0.0,
                    0.6688649654388428,
                    0.7433839440345764,
                    2.996676445007324
                ],
                [
                    0.0,
                    0.0,
                    0.0,
                    1.0
                ]
            ]
        },
        {
            "file_path": "/data/shapenet_blender/all_50_random/02958343/50e986077b994d6aa848f24544821b25/r_4",
            "rotation": 0.12566370614359174,
            "transform_matrix": [
                [
                    0.5251589417457581,
                    0.7240422368049622,
                    -0.44718116521835327,
                    -1.802644968032837
                ],
                [
                    -0.8510041832923889,
                    0.4468100965023041,
                    -0.27595773339271545,
                    -1.1124211549758911
                ],
                [
                    1.4901161193847656e-08,
                    0.5254746675491333,
                    0.8508092164993286,
                    3.4297215938568115
                ],
                [
                    0.0,
                    0.0,
                    0.0,
                    1.0
                ]
            ]
        },
        {
            "file_path": "/data/shapenet_blender/all_50_random/02958343/50e986077b994d6aa848f24544821b25/r_5",
            "rotation": 0.12566370614359174,
            "transform_matrix": [
                [
                    0.9246138334274292,
                    -0.19400885701179504,
                    -0.32779553532600403,
                    -1.3213860988616943
                ],
                [
                    -0.38090598583221436,
                    -0.47093844413757324,
                    -0.7956931591033936,
                    -3.2075417041778564
                ],
                [
                    0.0,
                    0.8605680465698242,
                    -0.5093353390693665,
                    -2.053196430206299
                ],
                [
                    0.0,
                    0.0,
                    0.0,
                    1.0
                ]
            ]
        },
        {
            "file_path": "/data/shapenet_blender/all_50_random/02958343/50e986077b994d6aa848f24544821b25/r_6",
            "rotation": 0.12566370614359174,
            "transform_matrix": [
                [
                    0.9235828518867493,
                    -0.25129157304763794,
                    -0.289563924074173,
                    -1.1672694683074951
                ],
                [
                    -0.3833988904953003,
                    -0.6053448915481567,
                    -0.6975405216217041,
                    -2.811875820159912
                ],
                [
                    1.4901161193847656e-08,
                    0.7552550435066223,
                    -0.6554310321807861,
                    -2.64212703704834
                ],
                [
                    0.0,
                    0.0,
                    0.0,
                    1.0
                ]
            ]
        },
        {
            "file_path": "/data/shapenet_blender/all_50_random/02958343/50e986077b994d6aa848f24544821b25/r_7",
            "rotation": 0.12566370614359174,
            "transform_matrix": [
                [
                    -0.36187589168548584,
                    -0.44406577944755554,
                    0.8196653723716736,
                    3.3041770458221436
                ],
                [
                    0.932226300239563,
                    -0.1723795086145401,
                    0.31818148493766785,
                    1.2826306819915771
                ],
                [
                    0.0,
                    0.8792558312416077,
                    0.47634971141815186,
                    1.9202271699905396
                ],
                [
                    0.0,
                    0.0,
                    0.0,
                    1.0
                ]
            ]
        },
        {
            "file_path": "/data/shapenet_blender/all_50_random/02958343/50e986077b994d6aa848f24544821b25/r_8",
            "rotation": 0.12566370614359174,
            "transform_matrix": [
                [
                    0.8812291622161865,
                    0.2824488580226898,
                    -0.3790222108364105,
                    -1.527887225151062
                ],
                [
                    -0.47268927097320557,
                    0.5265660881996155,
                    -0.7066066861152649,
                    -2.8484222888946533
                ],
                [
                    0.0,
                    0.8018420934677124,
                    0.5975359678268433,
                    2.4087443351745605
                ],
                [
                    0.0,
                    0.0,
                    0.0,
                    1.0
                ]
            ]
        },
        {
            "file_path": "/data/shapenet_blender/all_50_random/02958343/50e986077b994d6aa848f24544821b25/r_9",
            "rotation": 0.12566370614359174,
            "transform_matrix": [
                [
                    -0.9316490292549133,
                    0.050190120935440063,
                    -0.3598766624927521,
                    -1.450709342956543
                ],
                [
                    -0.3633597195148468,
                    -0.12868672609329224,
                    0.9227184653282166,
                    3.719597339630127
                ],
                [
                    3.725290742551124e-09,
                    0.9904143810272217,
                    0.1381279081106186,
                    0.5568114519119263
                ],
                [
                    0.0,
                    0.0,
                    0.0,
                    1.0
                ]
            ]
        },
        {
            "file_path": "/data/shapenet_blender/all_50_random/02958343/50e986077b994d6aa848f24544821b25/r_10",
            "rotation": 0.12566370614359174,
            "transform_matrix": [
                [
                    -0.2796041965484619,
                    -0.14559556543827057,
                    -0.9490118026733398,
                    -3.8255889415740967
                ],
                [
                    -0.9601153135299683,
                    0.04240025579929352,
                    0.276370644569397,
                    1.1140856742858887
                ],
                [
                    3.7252898543727042e-09,
                    0.9884351491928101,
                    -0.15164382755756378,
                    -0.6112958192825317
                ],
                [
                    0.0,
                    0.0,
                    0.0,
                    1.0
                ]
            ]
        },
        {
            "file_path": "/data/shapenet_blender/all_50_random/02958343/50e986077b994d6aa848f24544821b25/r_11",
            "rotation": 0.12566370614359174,
            "transform_matrix": [
                [
                    -0.9916679859161377,
                    -0.04994618520140648,
                    0.11874384433031082,
                    0.4786717891693115
                ],
                [
                    0.1288205236196518,
                    -0.38448867201805115,
                    0.9140971302986145,
                    3.6848435401916504
                ],
                [
                    -3.725290742551124e-09,
                    0.9217774271965027,
                    0.38771918416023254,
                    1.5629462003707886
                ],
                [
                    0.0,
                    0.0,
                    0.0,
                    1.0
                ]
            ]
        },
        {
            "file_path": "/data/shapenet_blender/all_50_random/02958343/50e986077b994d6aa848f24544821b25/r_12",
            "rotation": 0.12566370614359174,
            "transform_matrix": [
                [
                    0.6338741779327393,
                    -0.009214543737471104,
                    0.7733812928199768,
                    3.1175997257232666
                ],
                [
                    0.7734362483024597,
                    0.007551833055913448,
                    -0.6338291764259338,
                    -2.555047035217285
                ],
                [
                    4.656612873077393e-10,
                    0.9999291300773621,
                    0.011913771741092205,
                    0.0480259507894516
                ],
                [
                    0.0,
                    0.0,
                    0.0,
                    1.0
                ]
            ]
        },
        {
            "file_path": "/data/shapenet_blender/all_50_random/02958343/50e986077b994d6aa848f24544821b25/r_13",
            "rotation": 0.12566370614359174,
            "transform_matrix": [
                [
                    -0.9720450043678284,
                    0.06003525108098984,
                    0.22698982059955597,
                    0.9150252342224121
                ],
                [
                    0.23479484021663666,
                    0.24854448437690735,
                    0.9397324323654175,
                    3.788182497024536
                ],
                [
                    7.450580596923828e-09,
                    0.966758131980896,
                    -0.25569242238998413,
                    -1.0307291746139526
                ],
                [
                    0.0,
                    0.0,
                    0.0,
                    1.0
                ]
            ]
        },
        {
            "file_path": "/data/shapenet_blender/all_50_random/02958343/50e986077b994d6aa848f24544821b25/r_14",
            "rotation": 0.12566370614359174,
            "transform_matrix": [
                [
                    -0.24768629670143127,
                    0.16537970304489136,
                    -0.954620897769928,
                    -3.8481998443603516
                ],
                [
                    -0.9688403606414795,
                    -0.04227970540523529,
                    0.24405106902122498,
                    0.9838013052940369
                ],
                [
                    0.0,
                    0.9853232502937317,
                    0.1706986129283905,
                    0.6881081461906433
                ],
                [
                    0.0,
                    0.0,
                    0.0,
                    1.0
                ]
            ]
        },
        {
            "file_path": "/data/shapenet_blender/all_50_random/02958343/50e986077b994d6aa848f24544821b25/r_15",
            "rotation": 0.12566370614359174,
            "transform_matrix": [
                [
                    0.9685549736022949,
                    -0.04165894538164139,
                    -0.24528756737709045,
                    -0.9887858629226685
                ],
                [
                    -0.24880006909370422,
                    -0.1621743142604828,
                    -0.9548811316490173,
                    -3.8492491245269775
                ],
                [
                    -3.725290742551124e-09,
                    0.9858822226524353,
                    -0.16743946075439453,
                    -0.6749700903892517
                ],
                [
                    0.0,
                    0.0,
                    0.0,
                    1.0
                ]
            ]
        },
        {
            "file_path": "/data/shapenet_blender/all_50_random/02958343/50e986077b994d6aa848f24544821b25/r_16",
            "rotation": 0.12566370614359174,
            "transform_matrix": [
                [
                    0.7346856594085693,
                    -0.4895400404930115,
                    0.46966737508773804,
                    1.8932899236679077
                ],
                [
                    0.6784076690673828,
                    0.530150294303894,
                    -0.5086290836334229,
                    -2.050349712371826
                ],
                [
                    1.4901162970204496e-08,
                    0.6923084259033203,
                    0.7216015458106995,
                    2.9088690280914307
                ],
                [
                    0.0,
                    0.0,
                    0.0,
                    1.0
                ]
            ]
        },
        {
            "file_path": "/data/shapenet_blender/all_50_random/02958343/50e986077b994d6aa848f24544821b25/r_17",
            "rotation": 0.12566370614359174,
            "transform_matrix": [
                [
                    0.8980057239532471,
                    -0.21249257028102875,
                    0.38526976108551025,
                    1.553072214126587
                ],
                [
                    0.4399840235710144,
                    0.4336965084075928,
                    -0.7863340973854065,
                    -3.169814348220825
                ],
                [
                    0.0,
                    0.8756449818611145,
                    0.4829552173614502,
                    1.946854829788208
                ],
                [
                    0.0,
                    0.0,
                    0.0,
                    1.0
                ]
            ]
        },
        {
            "file_path": "/data/shapenet_blender/all_50_random/02958343/50e986077b994d6aa848f24544821b25/r_18",
            "rotation": 0.12566370614359174,
            "transform_matrix": [
                [
                    0.9927747249603271,
                    0.0367731973528862,
                    0.11421921104192734,
                    0.46043238043785095
                ],
                [
                    0.11999290436506271,
                    -0.3042472004890442,
                    -0.945005476474762,
                    -3.809438943862915
                ],
                [
                    3.725290298461914e-09,
                    0.9518830180168152,
                    -0.3064614534378052,
                    -1.2353856563568115
                ],
                [
                    0.0,
                    0.0,
                    0.0,
                    1.0
                ]
            ]
        },
        {
            "file_path": "/data/shapenet_blender/all_50_random/02958343/50e986077b994d6aa848f24544821b25/r_19",
            "rotation": 0.12566370614359174,
            "transform_matrix": [
                [
                    0.29644516110420227,
                    0.09638570994138718,
                    -0.9501736760139465,
                    -3.830272674560547
                ],
                [
                    -0.9550499320030212,
                    0.029917888343334198,
                    -0.2949315905570984,
                    -1.188907265663147
                ],
                [
                    -1.862645149230957e-09,
                    0.9948943853378296,
                    0.10092215985059738,
                    0.4068302512168884
                ],
                [
                    0.0,
                    0.0,
                    0.0,
                    1.0
                ]
            ]
        },
        {
            "file_path": "/data/shapenet_blender/all_50_random/02958343/50e986077b994d6aa848f24544821b25/r_20",
            "rotation": 0.12566370614359174,
            "transform_matrix": [
                [
                    -0.9696181416511536,
                    0.23783756792545319,
                    -0.057220034301280975,
                    -0.2306613326072693
                ],
                [
                    -0.24462391436100006,
                    -0.942719042301178,
                    0.22680360078811646,
                    0.9142745733261108
                ],
                [
                    0.0,
                    0.23391006886959076,
                    0.9722582101821899,
                    3.9192981719970703
                ],
                [
                    0.0,
                    0.0,
                    0.0,
                    1.0
                ]
            ]
        },
        {
            "file_path": "/data/shapenet_blender/all_50_random/02958343/50e986077b994d6aa848f24544821b25/r_21",
            "rotation": 0.12566370614359174,
            "transform_matrix": [
                [
                    0.4400704801082611,
                    0.8668176531791687,
                    -0.23444658517837524,
                    -0.9450843930244446
                ],
                [
                    -0.8979632258415222,
                    0.42480677366256714,
                    -0.11489670723676682,
                    -0.46316343545913696
                ],
                [
                    0.0,
                    0.26108700037002563,
                    0.9653152227401733,
                    3.891310214996338
                ],
                [
                    0.0,
                    0.0,
                    0.0,
                    1.0
                ]
            ]
        },
        {
            "file_path": "/data/shapenet_blender/all_50_random/02958343/50e986077b994d6aa848f24544821b25/r_22",
            "rotation": 0.12566370614359174,
            "transform_matrix": [
                [
                    -0.791681706905365,
                    -0.5780775547027588,
                    0.19765232503414154,
                    0.7967620491981506
                ],
                [
                    0.6109338402748108,
                    -0.7491046786308289,
                    0.2561287581920624,
                    1.032488226890564
                ],
                [
                    -1.4901161193847656e-08,
                    0.323525071144104,
                    0.9462196230888367,
                    3.814333438873291
                ],
                [
                    0.0,
                    0.0,
                    0.0,
                    1.0
                ]
            ]
        },
        {
            "file_path": "/data/shapenet_blender/all_50_random/02958343/50e986077b994d6aa848f24544821b25/r_23",
            "rotation": 0.12566370614359174,
            "transform_matrix": [
                [
                    -0.08003260940313339,
                    0.47281885147094727,
                    0.877517580986023,
                    3.537386417388916
                ],
                [
                    0.9967923164367676,
                    0.03796269744634628,
                    0.07045602053403854,
                    0.28401729464530945
                ],
                [
                    0.0,
                    0.8803414702415466,
                    -0.47434040904045105,
                    -1.9121273756027222
                ],
                [
                    0.0,
                    0.0,
                    0.0,
                    1.0
                ]
            ]
        },
        {
            "file_path": "/data/shapenet_blender/all_50_random/02958343/50e986077b994d6aa848f24544821b25/r_24",
            "rotation": 0.12566370614359174,
            "transform_matrix": [
                [
                    -0.16831913590431213,
                    -0.36187586188316345,
                    0.9169047474861145,
                    3.6961615085601807
                ],
                [
                    0.9857324957847595,
                    -0.06179225444793701,
                    0.15656642615795135,
                    0.6311395168304443
                ],
                [
                    0.0,
                    0.9301760792732239,
                    0.3671136498451233,
                    1.4798825979232788
                ],
                [
                    0.0,
                    0.0,
                    0.0,
                    1.0
                ]
            ]
        },
        {
            "file_path": "/data/shapenet_blender/all_50_random/02958343/50e986077b994d6aa848f24544821b25/r_25",
            "rotation": 0.12566370614359174,
            "transform_matrix": [
                [
                    0.6734698414802551,
                    -0.22935982048511505,
                    0.7027320861816406,
                    2.832803726196289
                ],
                [
                    0.7392147183418274,
                    0.20896084606647491,
                    -0.6402319669723511,
                    -2.580857515335083
                ],
                [
                    -1.4901162970204496e-08,
                    0.9506467580795288,
                    0.31027498841285706,
                    1.2507585287094116
                ],
                [
                    0.0,
                    0.0,
                    0.0,
                    1.0
                ]
            ]
        },
        {
            "file_path": "/data/shapenet_blender/all_50_random/02958343/50e986077b994d6aa848f24544821b25/r_26",
            "rotation": 0.12566370614359174,
            "transform_matrix": [
                [
                    0.9921169877052307,
                    -0.05369142070412636,
                    -0.11323084682226181,
                    -0.45644813776016235
                ],
                [
                    -0.1253155767917633,
                    -0.42507219314575195,
                    -0.8964427709579468,
                    -3.6136763095855713
                ],
                [
                    3.725290298461914e-09,
                    0.9035656452178955,
                    -0.42844969034194946,
                    -1.7271358966827393
                ],
                [
                    0.0,
                    0.0,
                    0.0,
                    1.0
                ]
            ]
        },
        {
            "file_path": "/data/shapenet_blender/all_50_random/02958343/50e986077b994d6aa848f24544821b25/r_27",
            "rotation": 0.12566370614359174,
            "transform_matrix": [
                [
                    -0.9407846927642822,
                    0.25696930289268494,
                    0.221112921833992,
                    0.8913347721099854
                ],
                [
                    0.33900466561317444,
                    0.7131252288818359,
                    0.613618791103363,
                    2.473576784133911
                ],
                [
                    0.0,
                    0.6522415280342102,
                    -0.7580110430717468,
                    -3.055640459060669
                ],
                [
                    0.0,
                    0.0,
                    0.0,
                    1.0
                ]
            ]
        },
        {
            "file_path": "/data/shapenet_blender/all_50_random/02958343/50e986077b994d6aa848f24544821b25/r_28",
            "rotation": 0.12566370614359174,
            "transform_matrix": [
                [
                    -0.9837771058082581,
                    0.004151294939219952,
                    0.17934735119342804,
                    0.7229722738265991
                ],
                [
                    0.179395392537117,
                    0.02276507019996643,
                    0.983513593673706,
                    3.964670181274414
                ],
                [
                    0.0,
                    0.999732255935669,
                    -0.023140475153923035,
                    -0.09328223764896393
                ],
                [
                    0.0,
                    0.0,
                    0.0,
                    1.0
                ]
            ]
        },
        {
            "file_path": "/data/shapenet_blender/all_50_random/02958343/50e986077b994d6aa848f24544821b25/r_29",
            "rotation": 0.12566370614359174,
            "transform_matrix": [
                [
                    0.9998160600662231,
                    -0.00045014219358563423,
                    0.019173162057995796,
                    0.07728949189186096
                ],
                [
                    0.019178442656993866,
                    0.023466937243938446,
                    -0.9995406866073608,
                    -4.029277324676514
                ],
                [
                    2.9103828722010228e-11,
                    0.9997244477272034,
                    0.023471258580684662,
                    0.09461566805839539
                ],
                [
                    0.0,
                    0.0,
                    0.0,
                    1.0
                ]
            ]
        },
        {
            "file_path": "/data/shapenet_blender/all_50_random/02958343/50e986077b994d6aa848f24544821b25/r_30",
            "rotation": 0.12566370614359174,
            "transform_matrix": [
                [
                    0.6771484613418579,
                    -0.20861050486564636,
                    0.705656886100769,
                    2.8445940017700195
                ],
                [
                    0.7358465194702148,
                    0.19196975231170654,
                    -0.6493670344352722,
                    -2.6176822185516357
                ],
                [
                    1.4901162970204496e-08,
                    0.9589730501174927,
                    0.28349730372428894,
                    1.1428141593933105
                ],
                [
                    0.0,
                    0.0,
                    0.0,
                    1.0
                ]
            ]
        },
        {
            "file_path": "/data/shapenet_blender/all_50_random/02958343/50e986077b994d6aa848f24544821b25/r_31",
            "rotation": 0.12566370614359174,
            "transform_matrix": [
                [
                    0.5692346692085266,
                    -0.2748098075389862,
                    -0.7748880386352539,
                    -3.123673677444458
                ],
                [
                    -0.822175145149231,
                    -0.19026514887809753,
                    -0.5364953279495239,
                    -2.162681818008423
                ],
                [
                    -1.4901161193847656e-08,
                    0.9424853920936584,
                    -0.334247350692749,
                    -1.3473942279815674
                ],
                [
                    0.0,
                    0.0,
                    0.0,
                    1.0
                ]
            ]
        },
        {
            "file_path": "/data/shapenet_blender/all_50_random/02958343/50e986077b994d6aa848f24544821b25/r_32",
            "rotation": 0.12566370614359174,
            "transform_matrix": [
                [
                    -0.9460942149162292,
                    -0.15215522050857544,
                    -0.2859276533126831,
                    -1.1526113748550415
                ],
                [
                    -0.3238917589187622,
                    0.4444483816623688,
                    0.8352003693580627,
                    3.366800546646118
                ],
                [
                    -1.4901162970204496e-08,
                    0.882787823677063,
                    -0.4697718322277069,
                    -1.893710970878601
                ],
                [
                    0.0,
                    0.0,
                    0.0,
                    1.0
                ]
            ]
        },
        {
            "file_path": "/data/shapenet_blender/all_50_random/02958343/50e986077b994d6aa848f24544821b25/r_33",
            "rotation": 0.12566370614359174,
            "transform_matrix": [
                [
                    0.9835885167121887,
                    -0.13861854374408722,
                    -0.11549226939678192,
                    -0.46556422114372253
                ],
                [
                    -0.18042606115341187,
                    -0.7556758522987366,
                    -0.6296035051345825,
                    -2.538012981414795
                ],
                [
                    0.0,
                    0.6401086449623108,
                    -0.7682844400405884,
                    -3.0970535278320312
                ],
                [
                    0.0,
                    0.0,
                    0.0,
                    1.0
                ]
            ]
        },
        {
            "file_path": "/data/shapenet_blender/all_50_random/02958343/50e986077b994d6aa848f24544821b25/r_34",
            "rotation": 0.12566370614359174,
            "transform_matrix": [
                [
                    0.5968068838119507,
                    -0.01572049967944622,
                    -0.8022308349609375,
                    -3.233896017074585
                ],
                [
                    -0.8023849129676819,
                    -0.011692770756781101,
                    -0.5966923236846924,
                    -2.405343770980835
                ],
                [
                    0.0,
                    0.9998079538345337,
                    -0.019592219963669777,
                    -0.0789787620306015
                ],
                [
                    0.0,
                    0.0,
                    0.0,
                    1.0
                ]
            ]
        },
        {
            "file_path": "/data/shapenet_blender/all_50_random/02958343/50e986077b994d6aa848f24544821b25/r_35",
            "rotation": 0.12566370614359174,
            "transform_matrix": [
                [
                    -0.1889030635356903,
                    -0.3240642547607422,
                    -0.9269832372665405,
                    -3.7367889881134033
                ],
                [
                    -0.9819957613945007,
                    0.06233909726142883,
                    0.1783204972743988,
                    0.7188329100608826
                ],
                [
                    0.0,
                    0.9439787268638611,
                    -0.33000579476356506,
                    -1.3302959203720093
                ],
                [
                    0.0,
                    0.0,
                    0.0,
                    1.0
                ]
            ]
        },
        {
            "file_path": "/data/shapenet_blender/all_50_random/02958343/50e986077b994d6aa848f24544821b25/r_36",
            "rotation": 0.12566370614359174,
            "transform_matrix": [
                [
                    -0.21349063515663147,
                    -0.5809642672538757,
                    0.7854312062263489,
                    3.1661746501922607
                ],
                [
                    0.976945161819458,
                    -0.12695741653442383,
                    0.1716393381357193,
                    0.691900372505188
                ],
                [
                    -7.450580596923828e-09,
                    0.8039665818214417,
                    0.5946743488311768,
                    2.3972091674804688
                ],
                [
                    0.0,
                    0.0,
                    0.0,
                    1.0
                ]
            ]
        },
        {
            "file_path": "/data/shapenet_blender/all_50_random/02958343/50e986077b994d6aa848f24544821b25/r_37",
            "rotation": 0.12566370614359174,
            "transform_matrix": [
                [
                    -0.4419494569301605,
                    0.7196047902107239,
                    -0.5355832576751709,
                    -2.1590054035186768
                ],
                [
                    -0.8970399498939514,
                    -0.35453152656555176,
                    0.26386865973472595,
                    1.0636887550354004
                ],
                [
                    0.0,
                    0.5970562696456909,
                    0.8021992444992065,
                    3.233768939971924
                ],
                [
                    0.0,
                    0.0,
                    0.0,
                    1.0
                ]
            ]
        },
        {
            "file_path": "/data/shapenet_blender/all_50_random/02958343/50e986077b994d6aa848f24544821b25/r_38",
            "rotation": 0.12566370614359174,
            "transform_matrix": [
                [
                    -0.9985265731811523,
                    0.04250507801771164,
                    -0.03373439237475395,
                    -0.13598768413066864
                ],
                [
                    -0.05426500737667084,
                    -0.7821329236030579,
                    0.6207441687583923,
                    2.5022997856140137
                ],
                [
                    1.862645149230957e-09,
                    0.6216601729393005,
                    0.7832870483398438,
                    3.1575310230255127
                ],
                [
                    0.0,
                    0.0,
                    0.0,
                    1.0
                ]
            ]
        },
        {
            "file_path": "/data/shapenet_blender/all_50_random/02958343/50e986077b994d6aa848f24544821b25/r_39",
            "rotation": 0.12566370614359174,
            "transform_matrix": [
                [
                    -0.6933586597442627,
                    0.15013697743415833,
                    -0.7047784328460693,
                    -2.841052770614624
                ],
                [
                    -0.7205926775932312,
                    -0.1444627195596695,
                    0.6781421303749084,
                    2.7336783409118652
                ],
                [
                    0.0,
                    0.978053867816925,
                    0.20835208892822266,
                    0.8398941159248352
                ],
                [
                    0.0,
                    0.0,
                    0.0,
                    1.0
                ]
            ]
        },
        {
            "file_path": "/data/shapenet_blender/all_50_random/02958343/50e986077b994d6aa848f24544821b25/r_40",
            "rotation": 0.12566370614359174,
            "transform_matrix": [
                [
                    0.8506166338920593,
                    0.030171211808919907,
                    0.5249199867248535,
                    2.1160202026367188
                ],
                [
                    0.5257863998413086,
                    -0.04881095886230469,
                    -0.849215030670166,
                    -3.423295259475708
                ],
                [
                    1.862645149230957e-09,
                    0.9983521699905396,
                    -0.05738303065299988,
                    -0.231318399310112
                ],
                [
                    0.0,
                    0.0,
                    0.0,
                    1.0
                ]
            ]
        },
        {
            "file_path": "/data/shapenet_blender/all_50_random/02958343/50e986077b994d6aa848f24544821b25/r_41",
            "rotation": 0.12566370614359174,
            "transform_matrix": [
                [
                    -0.3977086544036865,
                    -0.10474857687950134,
                    0.9115127921104431,
                    3.6744256019592285
                ],
                [
                    0.9175118803977966,
                    -0.04540477320551872,
                    0.39510828256607056,
                    1.5927324295043945
                ],
                [
