{
    "class": "02958343",
    "model": "d3f5e04481e69974d1521952154c90ff",
    "remove_doubles": true,
    "edge_split": true,
    "denoise": true,
    "camera_angle_x": 0.6911112070083618,
    "scale_factor": 2.3709745128114283,
    "hdri_file": "/data/IndoorHDRDataset2018/AG8A9549-83be247391.exr",
    "center_offset": [
        0.0,
        -2.7939677238464355e-09,
        0.0
    ],
    "lights": [],
    "frames": [
        {
            "file_path": "/data/shapenet_blender/all_50_random/02958343/d3f5e04481e69974d1521952154c90ff/r_0",
            "rotation": 0.12566370614359174,
            "transform_matrix": [
                [
                    0.26280465722084045,
                    -0.26475265622138977,
                    -0.9278144836425781,
                    -3.7401397228240967
                ],
                [
                    -0.964849054813385,
                    -0.07211307436227798,
                    -0.2527172267436981,
                    -1.0187357664108276
                ],
                [
                    0.0,
                    0.9616162180900574,
                    -0.27439799904823303,
                    -1.1061336994171143
                ],
                [
                    0.0,
                    0.0,
                    0.0,
                    1.0
                ]
            ]
        },
        {
            "file_path": "/data/shapenet_blender/all_50_random/02958343/d3f5e04481e69974d1521952154c90ff/r_1",
            "rotation": 0.12566370614359174,
            "transform_matrix": [
                [
                    -0.03801925852894783,
                    0.4954621493816376,
                    0.8677970767021179,
                    3.498201847076416
                ],
                [
                    0.9992769956588745,
                    0.01885073259472847,
                    0.0330168716609478,
                    0.13309526443481445
                ],
                [
                    0.0,
                    0.8684248924255371,
                    -0.49582064151763916,
                    -1.998716950416565
                ],
                [
                    0.0,
                    0.0,
                    0.0,
                    1.0
                ]
            ]
        },
        {
            "file_path": "/data/shapenet_blender/all_50_random/02958343/d3f5e04481e69974d1521952154c90ff/r_2",
            "rotation": 0.12566370614359174,
            "transform_matrix": [
                [
                    -0.7397469878196716,
                    0.008218595758080482,
                    0.6728348731994629,
                    2.7122840881347656
                ],
                [
                    0.672885000705719,
                    0.009035246446728706,
                    0.7396918535232544,
                    2.981793165206909
                ],
                [
                    -4.6566125955216364e-10,
                    0.9999253749847412,
                    -0.01221396867185831,
                    -0.049236081540584564
                ],
                [
                    0.0,
                    0.0,
                    0.0,
                    1.0
                ]
            ]
        },
        {
            "file_path": "/data/shapenet_blender/all_50_random/02958343/d3f5e04481e69974d1521952154c90ff/r_3",
            "rotation": 0.12566370614359174,
            "transform_matrix": [
                [
                    -0.9802284240722656,
                    0.1278519481420517,
                    -0.15101653337478638,
                    -0.608767032623291
                ],
                [
                    -0.19786889851093292,
                    -0.6333694458007812,
                    0.7481251358985901,
                    3.0157885551452637
                ],
                [
                    0.0,
                    0.7632150053977966,
                    0.646144688129425,
                    2.604692220687866
                ],
                [
                    0.0,
                    0.0,
                    0.0,
                    1.0
                ]
            ]
        },
        {
            "file_path": "/data/shapenet_blender/all_50_random/02958343/d3f5e04481e69974d1521952154c90ff/r_4",
            "rotation": 0.12566370614359174,
            "transform_matrix": [
                [
                    -0.06995740532875061,
                    -0.2671043276786804,
                    -0.9611249566078186,
                    -3.8744187355041504
                ],
                [
                    -0.9975500702857971,
                    0.018731817603111267,
                    0.06740293651819229,
                    0.2717099189758301
                ],
                [
                    0.0,
                    0.9634855389595032,
                    -0.26776036620140076,
                    -1.0793765783309937
                ],
                [
                    0.0,
                    0.0,
                    0.0,
                    1.0
                ]
            ]
        },
        {
            "file_path": "/data/shapenet_blender/all_50_random/02958343/d3f5e04481e69974d1521952154c90ff/r_5",
            "rotation": 0.12566370614359174,
            "transform_matrix": [
                [
                    0.999555766582489,
                    0.01984451152384281,
                    -0.022236131131649017,
                    -0.08963671326637268
                ],
                [
                    -0.029803527519106865,
                    0.6655486226081848,
                    -0.7457591891288757,
                    -3.006251335144043
                ],
                [
                    0.0,
                    0.7460904121398926,
                    0.6658445000648499,
                    2.6841049194335938
                ],
                [
                    0.0,
                    0.0,
                    0.0,
                    1.0
                ]
            ]
        },
        {
            "file_path": "/data/shapenet_blender/all_50_random/02958343/d3f5e04481e69974d1521952154c90ff/r_6",
            "rotation": 0.12566370614359174,
            "transform_matrix": [
                [
                    -0.851183295249939,
                    -0.3975691795349121,
                    -0.34267446398735046,
                    -1.3813650608062744
                ],
                [
                    -0.5248686075210571,
                    0.6447407603263855,
                    0.5557176470756531,
                    2.2401697635650635
                ],
                [
                    -1.4901161193847656e-08,
                    0.6528766751289368,
                    -0.7574641108512878,
                    -3.053435802459717
                ],
                [
                    0.0,
                    0.0,
                    0.0,
                    1.0
                ]
            ]
        },
        {
            "file_path": "/data/shapenet_blender/all_50_random/02958343/d3f5e04481e69974d1521952154c90ff/r_7",
            "rotation": 0.12566370614359174,
            "transform_matrix": [
                [
                    0.9107767939567566,
                    0.19552910327911377,
                    0.3636676073074341,
                    1.4659910202026367
                ],
                [
                    0.4128992557525635,
                    -0.4312998056411743,
                    -0.8021811842918396,
                    -3.2336957454681396
                ],
                [
                    0.0,
                    0.8807660341262817,
                    -0.4735516309738159,
                    -1.9089477062225342
                ],
                [
                    0.0,
                    0.0,
                    0.0,
                    1.0
                ]
            ]
        },
        {
            "file_path": "/data/shapenet_blender/all_50_random/02958343/d3f5e04481e69974d1521952154c90ff/r_8",
            "rotation": 0.12566370614359174,
            "transform_matrix": [
                [
                    0.6571870446205139,
                    -0.6308820843696594,
                    0.41242343187332153,
                    1.6625319719314575
                ],
                [
                    0.7537276744842529,
                    0.5500760674476624,
                    -0.3595985472202301,
                    -1.4495880603790283
                ],
                [
                    1.4901162970204496e-08,
                    0.547178328037262,
                    0.8370160460472107,
                    3.374119520187378
                ],
                [
                    0.0,
                    0.0,
                    0.0,
                    1.0
                ]
            ]
        },
        {
            "file_path": "/data/shapenet_blender/all_50_random/02958343/d3f5e04481e69974d1521952154c90ff/r_9",
            "rotation": 0.12566370614359174,
            "transform_matrix": [
                [
                    0.21427787840366364,
                    -0.09565813839435577,
                    -0.9720774292945862,
                    -3.918569564819336
                ],
                [
                    -0.9767727851867676,
                    -0.020984843373298645,
                    -0.21324783563613892,
                    -0.8596295118331909
                ],
                [
                    -1.862645149230957e-09,
                    0.9951930642127991,
                    -0.0979328453540802,
                    -0.39477992057800293
                ],
                [
                    0.0,
                    0.0,
                    0.0,
                    1.0
                ]
            ]
        },
        {
            "file_path": "/data/shapenet_blender/all_50_random/02958343/d3f5e04481e69974d1521952154c90ff/r_10",
            "rotation": 0.12566370614359174,
            "transform_matrix": [
                [
                    0.8089374303817749,
                    -0.37121909856796265,
                    0.455869197845459,
                    1.837667465209961
                ],
                [
                    0.587894856929779,
                    0.5107937455177307,
                    -0.6272714734077454,
                    -2.5286121368408203
                ],
                [
                    1.4901161193847656e-08,
                    0.77542644739151,
                    0.6314379572868347,
                    2.545407772064209
                ],
                [
                    0.0,
                    0.0,
                    0.0,
                    1.0
                ]
            ]
        },
        {
            "file_path": "/data/shapenet_blender/all_50_random/02958343/d3f5e04481e69974d1521952154c90ff/r_11",
            "rotation": 0.12566370614359174,
            "transform_matrix": [
                [
                    -0.09970235079526901,
                    0.8182328939437866,
                    -0.5661751627922058,
                    -2.282325267791748
                ],
                [
                    -0.9950172901153564,
                    -0.08198826760053635,
                    0.05673167482018471,
                    0.22869271039962769
                ],
                [
                    0.0,
                    0.569010317325592,
                    0.8223302364349365,
                    3.3149194717407227
                ],
                [
                    0.0,
                    0.0,
                    0.0,
                    1.0
                ]
            ]
        },
        {
            "file_path": "/data/shapenet_blender/all_50_random/02958343/d3f5e04481e69974d1521952154c90ff/r_12",
            "rotation": 0.12566370614359174,
            "transform_matrix": [
                [
                    0.5455821752548218,
                    -0.13754789531230927,
                    0.8266925811767578,
                    3.3325042724609375
                ],
                [
                    0.8380573987960815,
                    0.08954480290412903,
                    -0.5381836295127869,
                    -2.169487714767456
                ],
                [
                    0.0,
                    0.9864391684532166,
                    0.16412706673145294,
                    0.6616173982620239
                ],
                [
                    0.0,
                    0.0,
                    0.0,
                    1.0
                ]
            ]
        },
        {
            "file_path": "/data/shapenet_blender/all_50_random/02958343/d3f5e04481e69974d1521952154c90ff/r_13",
            "rotation": 0.12566370614359174,
            "transform_matrix": [
                [
                    0.6604405641555786,
                    0.39084458351135254,
                    0.6411385536193848,
                    2.58451247215271
                ],
                [
                    0.7508783340454102,
                    -0.34377023577690125,
                    -0.5639181137084961,
                    -2.2732269763946533
                ],
                [
                    1.4901162970204496e-08,
                    0.8538515567779541,
                    -0.5205164551734924,
                    -2.09826922416687
                ],
                [
                    0.0,
                    0.0,
                    0.0,
                    1.0
                ]
            ]
        },
        {
            "file_path": "/data/shapenet_blender/all_50_random/02958343/d3f5e04481e69974d1521952154c90ff/r_14",
            "rotation": 0.12566370614359174,
            "transform_matrix": [
                [
                    -0.4025861918926239,
                    0.4377302825450897,
                    0.803938090801239,
                    3.2407784461975098
                ],
                [
                    0.9153820872306824,
                    0.1925143301486969,
                    0.3535729944705963,
                    1.4252984523773193
                ],
                [
                    0.0,
                    0.878254234790802,
                    -0.478193998336792,
                    -1.9276617765426636
                ],
                [
                    0.0,
                    0.0,
                    0.0,
                    1.0
                ]
            ]
        },
        {
            "file_path": "/data/shapenet_blender/all_50_random/02958343/d3f5e04481e69974d1521952154c90ff/r_15",
            "rotation": 0.12566370614359174,
            "transform_matrix": [
                [
                    0.994840681552887,
                    0.008175848983228207,
                    0.1011202409863472,
                    0.40762874484062195
                ],
                [
                    0.10145024210214615,
                    -0.08017396181821823,
                    -0.9916046857833862,
                    -3.997286558151245
                ],
                [
                    0.0,
                    0.9967473149299622,
                    -0.08058974146842957,
                    -0.3248676657676697
                ],
                [
                    0.0,
                    0.0,
                    0.0,
                    1.0
                ]
            ]
        },
        {
            "file_path": "/data/shapenet_blender/all_50_random/02958343/d3f5e04481e69974d1521952154c90ff/r_16",
            "rotation": 0.12566370614359174,
            "transform_matrix": [
                [
                    -0.9264183640480042,
                    -0.031261950731277466,
                    0.37519571185112,
                    1.5124621391296387
                ],
                [
                    0.3764958679676056,
                    -0.07692420482635498,
                    0.9232191443443298,
                    3.7216150760650635
                ],
                [
                    0.0,
                    0.9965466856956482,
                    0.083033986389637,
                    0.3347206711769104
                ],
                [
                    0.0,
                    0.0,
                    0.0,
                    1.0
                ]
            ]
        },
        {
            "file_path": "/data/shapenet_blender/all_50_random/02958343/d3f5e04481e69974d1521952154c90ff/r_17",
            "rotation": 0.12566370614359174,
            "transform_matrix": [
                [
                    -0.9634631276130676,
                    0.2335769236087799,
                    -0.13107502460479736,
                    -0.5283803939819336
                ],
                [
                    -0.267841100692749,
                    -0.8402099609375,
                    0.4714958071708679,
                    1.900660514831543
                ],
                [
                    -7.450580596923828e-09,
                    0.48937612771987915,
                    0.872072696685791,
                    3.5154378414154053
                ],
                [
                    0.0,
                    0.0,
                    0.0,
                    1.0
                ]
            ]
        },
        {
            "file_path": "/data/shapenet_blender/all_50_random/02958343/d3f5e04481e69974d1521952154c90ff/r_18",
            "rotation": 0.12566370614359174,
            "transform_matrix": [
                [
                    0.935845673084259,
                    -0.16885778307914734,
                    -0.309321790933609,
                    -1.2469160556793213
                ],
                [
                    -0.3524101674556732,
                    -0.44841164350509644,
                    -0.8214219808578491,
                    -3.311257839202881
                ],
                [
                    1.4901161193847656e-08,
                    0.8777322769165039,
                    -0.47915124893188477,
                    -1.9315204620361328
                ],
                [
                    0.0,
                    0.0,
                    0.0,
                    1.0
                ]
            ]
        },
        {
            "file_path": "/data/shapenet_blender/all_50_random/02958343/d3f5e04481e69974d1521952154c90ff/r_19",
            "rotation": 0.12566370614359174,
            "transform_matrix": [
                [
                    0.44338783621788025,
                    -0.45702698826789856,
                    -0.771060049533844,
                    -3.1082420349121094
                ],
                [
                    -0.8963298201560974,
                    -0.22607773542404175,
                    -0.3814205825328827,
                    -1.5375553369522095
                ],
                [
                    -1.4901159417490817e-08,
                    0.8602412939071655,
                    -0.509887158870697,
                    -2.0554206371307373
                ],
                [
                    0.0,
                    0.0,
                    0.0,
                    1.0
                ]
            ]
        },
        {
            "file_path": "/data/shapenet_blender/all_50_random/02958343/d3f5e04481e69974d1521952154c90ff/r_20",
            "rotation": 0.12566370614359174,
            "transform_matrix": [
                [
                    0.026919323951005936,
                    -0.27866992354393005,
                    -0.9600095748901367,
                    -3.869922399520874
                ],
                [
                    -0.9996375441551208,
                    -0.0075043258257210255,
                    -0.025852177292108536,
                    -0.10421346127986908
                ],
                [
                    -4.6566125955216364e-10,
                    0.9603576064109802,
                    -0.27877095341682434,
                    -1.1237616539001465
                ],
                [
                    0.0,
                    0.0,
                    0.0,
                    1.0
                ]
            ]
        },
        {
            "file_path": "/data/shapenet_blender/all_50_random/02958343/d3f5e04481e69974d1521952154c90ff/r_21",
            "rotation": 0.12566370614359174,
            "transform_matrix": [
                [
                    0.9647181630134583,
                    -0.10297488421201706,
                    -0.2423119693994522,
                    -0.9767907857894897
                ],
                [
                    -0.2632848620414734,
                    -0.37731656432151794,
                    -0.8878700733184814,
                    -3.5791187286376953
                ],
                [
                    0.0,
                    0.9203414916992188,
                    -0.39111581444740295,
                    -1.5766382217407227
                ],
                [
                    0.0,
                    0.0,
                    0.0,
                    1.0
                ]
            ]
        },
        {
            "file_path": "/data/shapenet_blender/all_50_random/02958343/d3f5e04481e69974d1521952154c90ff/r_22",
            "rotation": 0.12566370614359174,
            "transform_matrix": [
                [
                    0.9877384901046753,
                    0.023823486641049385,
                    0.15428952872753143,
                    0.6219609975814819
                ],
                [
                    0.1561179757118225,
                    -0.15072815120220184,
                    -0.9761701822280884,
                    -3.935067892074585
                ],
                [
                    -1.862645371275562e-09,
                    0.9882881045341492,
                    -0.1525992751121521,
                    -0.6151473522186279
                ],
                [
                    0.0,
                    0.0,
                    0.0,
                    1.0
                ]
            ]
        },
        {
            "file_path": "/data/shapenet_blender/all_50_random/02958343/d3f5e04481e69974d1521952154c90ff/r_23",
            "rotation": 0.12566370614359174,
            "transform_matrix": [
                [
                    0.31727662682533264,
                    0.7346764206886292,
                    0.5996549129486084,
                    2.4172861576080322
                ],
                [
                    0.9483330249786377,
                    -0.24579516053199768,
                    -0.20062202215194702,
                    -0.8087332248687744
                ],
                [
                    0.0,
                    0.6323252320289612,
                    -0.7747030258178711,
                    -3.1229279041290283
                ],
                [
                    0.0,
                    0.0,
                    0.0,
                    1.0
                ]
            ]
        },
        {
            "file_path": "/data/shapenet_blender/all_50_random/02958343/d3f5e04481e69974d1521952154c90ff/r_24",
            "rotation": 0.12566370614359174,
            "transform_matrix": [
                [
                    0.6891987919807434,
                    0.625885009765625,
                    -0.3650658130645752,
                    -1.4716273546218872
                ],
                [
                    -0.7245723605155945,
                    0.5953293442726135,
                    -0.3472433388233185,
                    -1.399782657623291
                ],
                [
                    -1.4901161193847656e-08,
                    0.5038361549377441,
                    0.8637992143630981,
                    3.482085943222046
                ],
                [
                    0.0,
                    0.0,
                    0.0,
                    1.0
                ]
            ]
        },
        {
            "file_path": "/data/shapenet_blender/all_50_random/02958343/d3f5e04481e69974d1521952154c90ff/r_25",
            "rotation": 0.12566370614359174,
            "transform_matrix": [
                [
                    0.9442220330238342,
                    -0.11804136633872986,
                    0.3074266016483307,
                    1.2392762899398804
                ],
                [
                    0.32930973172187805,
                    0.33845722675323486,
                    -0.8814770579338074,
                    -3.553347587585449
                ],
                [
                    0.0,
                    0.9335484504699707,
                    0.3584509491920471,
                    1.4449620246887207
                ],
                [
                    0.0,
                    0.0,
                    0.0,
                    1.0
                ]
            ]
        },
        {
            "file_path": "/data/shapenet_blender/all_50_random/02958343/d3f5e04481e69974d1521952154c90ff/r_26",
            "rotation": 0.12566370614359174,
            "transform_matrix": [
                [
                    -0.5809434056282043,
                    -0.5706361532211304,
                    0.5804129838943481,
                    2.339719295501709
                ],
                [
                    0.8139439225196838,
                    -0.4072851836681366,
                    0.4142632484436035,
                    1.6699483394622803
                ],
                [
                    2.9802320611338473e-08,
                    0.7130870819091797,
                    0.7010754942893982,
                    2.826125383377075
                ],
                [
                    0.0,
                    0.0,
                    0.0,
                    1.0
                ]
            ]
        },
        {
            "file_path": "/data/shapenet_blender/all_50_random/02958343/d3f5e04481e69974d1521952154c90ff/r_27",
            "rotation": 0.12566370614359174,
            "transform_matrix": [
                [
                    -0.9865821003913879,
                    0.11464577168226242,
                    0.11624102294445038,
                    0.46858254075050354
                ],
                [
                    0.16326549649238586,
                    0.6927824020385742,
                    0.7024222016334534,
                    2.831554412841797
                ],
                [
                    0.0,
                    0.7119753360748291,
                    -0.7022044062614441,
                    -2.830676555633545
                ],
                [
                    0.0,
                    0.0,
                    0.0,
                    1.0
                ]
            ]
        },
        {
            "file_path": "/data/shapenet_blender/all_50_random/02958343/d3f5e04481e69974d1521952154c90ff/r_28",
            "rotation": 0.12566370614359174,
            "transform_matrix": [
                [
                    -0.03070150688290596,
                    0.8021247982978821,
                    -0.5963665843009949,
                    -2.4040305614471436
                ],
                [
                    -0.9995286464691162,
                    -0.02463805302977562,
                    0.01831798627972603,
                    0.07384216785430908
                ],
                [
                    0.0,
                    0.5966478586196899,
                    0.8025031685829163,
                    3.2349936962127686
                ],
                [
                    0.0,
                    0.0,
                    0.0,
                    1.0
                ]
            ]
        },
        {
            "file_path": "/data/shapenet_blender/all_50_random/02958343/d3f5e04481e69974d1521952154c90ff/r_29",
            "rotation": 0.12566370614359174,
            "transform_matrix": [
                [
                    0.9350032210350037,
                    -0.35329899191856384,
                    -0.030802961438894272,
                    -0.1241707056760788
                ],
                [
                    -0.3546392619609833,
                    -0.9314695596694946,
                    -0.08121172338724136,
                    -0.3273749351501465
                ],
                [
                    0.0,
                    0.08685708045959473,
                    -0.9962207674980164,
                    -4.015894412994385
                ],
                [
                    0.0,
                    0.0,
                    0.0,
                    1.0
                ]
            ]
        },
        {
            "file_path": "/data/shapenet_blender/all_50_random/02958343/d3f5e04481e69974d1521952154c90ff/r_30",
            "rotation": 0.12566370614359174,
            "transform_matrix": [
                [
                    -0.9755690693855286,
                    -0.07228686660528183,
                    -0.207459956407547,
                    -0.8362978100776672
                ],
                [
                    -0.21969301998615265,
                    0.3209971487522125,
                    0.9212468862533569,
                    3.713665008544922
                ],
                [
                    7.450580596923828e-09,
                    0.9443174600601196,
                    -0.32903575897216797,
                    -1.3263856172561646
                ],
                [
                    0.0,
                    0.0,
                    0.0,
                    1.0
                ]
            ]
        },
        {
            "file_path": "/data/shapenet_blender/all_50_random/02958343/d3f5e04481e69974d1521952154c90ff/r_31",
            "rotation": 0.12566370614359174,
            "transform_matrix": [
                [
                    0.6148316264152527,
                    -0.27604880928993225,
                    -0.7387685179710388,
                    -2.978071451187134
                ],
                [
                    -0.7886583209037781,
                    -0.21520543098449707,
                    -0.5759379863739014,
                    -2.3216805458068848
                ],
                [
                    0.0,
                    0.9367409944534302,
                    -0.3500232696533203,
                    -1.4109890460968018
                ],
                [
                    0.0,
                    0.0,
                    0.0,
                    1.0
                ]
            ]
        },
        {
            "file_path": "/data/shapenet_blender/all_50_random/02958343/d3f5e04481e69974d1521952154c90ff/r_32",
            "rotation": 0.12566370614359174,
            "transform_matrix": [
                [
                    0.9998477697372437,
                    0.011807462200522423,
                    -0.012846327386796474,
                    -0.05178520083427429
                ],
                [
                    -0.01744833216071129,
                    0.6766070127487183,
                    -0.7361374497413635,
                    -2.9674649238586426
                ],
                [
                    0.0,
                    0.7362495064735413,
                    0.6767101287841797,
                    2.727905750274658
                ],
                [
                    0.0,
                    0.0,
                    0.0,
                    1.0
                ]
            ]
        },
        {
            "file_path": "/data/shapenet_blender/all_50_random/02958343/d3f5e04481e69974d1521952154c90ff/r_33",
            "rotation": 0.12566370614359174,
            "transform_matrix": [
                [
                    -0.49796560406684875,
                    0.46282345056533813,
                    -0.7333652973175049,
                    -2.9562902450561523
                ],
                [
                    -0.8671967387199402,
                    -0.2657645642757416,
                    0.42111632227897644,
                    1.697574257850647
                ],
                [
                    0.0,
                    0.8456735610961914,
                    0.5337005257606506,
                    2.1514158248901367
                ],
                [
                    0.0,
                    0.0,
                    0.0,
                    1.0
                ]
            ]
        },
        {
            "file_path": "/data/shapenet_blender/all_50_random/02958343/d3f5e04481e69974d1521952154c90ff/r_34",
            "rotation": 0.12566370614359174,
            "transform_matrix": [
                [
                    0.5303580164909363,
                    0.23386141657829285,
                    0.8148798942565918,
                    3.284885883331299
                ],
                [
                    0.8477739095687866,
                    -0.14630112051963806,
                    -0.5097799301147461,
                    -2.0549886226654053
                ],
                [
                    -1.4901162970204496e-08,
                    0.9611995816230774,
                    -0.27585354447364807,
                    -1.1120011806488037
                ],
                [
                    0.0,
                    0.0,
                    0.0,
                    1.0
                ]
            ]
        },
        {
            "file_path": "/data/shapenet_blender/all_50_random/02958343/d3f5e04481e69974d1521952154c90ff/r_35",
            "rotation": 0.12566370614359174,
            "transform_matrix": [
                [
                    0.9617965221405029,
                    0.23102357983589172,
                    -0.14688582718372345,
                    -0.5921157002449036
                ],
                [
                    -0.27376511693000793,
                    0.8116361498832703,
                    -0.5160419344902039,
                    -2.0802316665649414
                ],
                [
                    -7.450580596923828e-09,
                    0.5365394353866577,
                    0.8438751101493835,
                    3.4017693996429443
                ],
                [
                    0.0,
                    0.0,
                    0.0,
                    1.0
                ]
            ]
        },
        {
            "file_path": "/data/shapenet_blender/all_50_random/02958343/d3f5e04481e69974d1521952154c90ff/r_36",
            "rotation": 0.12566370614359174,
            "transform_matrix": [
                [
                    0.8316677212715149,
                    -0.1089763194322586,
                    -0.5444750189781189,
                    -2.1948490142822266
                ],
                [
                    -0.555273711681366,
                    -0.16322055459022522,
                    -0.8154938220977783,
                    -3.287360668182373
                ],
                [
                    0.0,
                    0.9805525541305542,
                    -0.19625693559646606,
                    -0.7911370396614075
                ],
                [
                    0.0,
                    0.0,
                    0.0,
                    1.0
                ]
            ]
        },
        {
            "file_path": "/data/shapenet_blender/all_50_random/02958343/d3f5e04481e69974d1521952154c90ff/r_37",
            "rotation": 0.12566370614359174,
            "transform_matrix": [
                [
                    0.8894481658935547,
                    0.35359278321266174,
                    -0.28957587480545044,
                    -1.1673177480697632
                ],
                [
                    -0.4570361375808716,
                    0.6881347894668579,
                    -0.5635499954223633,
                    -2.271742582321167
                ],
                [
                    2.9802322387695312e-08,
                    0.6335949897766113,
                    0.7736648321151733,
                    3.1187427043914795
                ],
                [
                    0.0,
                    0.0,
                    0.0,
                    1.0
                ]
            ]
        },
        {
            "file_path": "/data/shapenet_blender/all_50_random/02958343/d3f5e04481e69974d1521952154c90ff/r_38",
            "rotation": 0.12566370614359174,
            "transform_matrix": [
                [
                    0.011947846040129662,
                    -0.6899415254592896,
                    0.7237664461135864,
                    2.917595863342285
                ],
                [
                    0.9999286532402039,
                    0.008243903517723083,
                    -0.008648067712783813,
                    -0.034861475229263306
                ],
                [
                    0.0,
                    0.7238180637359619,
                    0.6899908185005188,
                    2.7814419269561768
                ],
                [
                    0.0,
                    0.0,
                    0.0,
                    1.0
                ]
            ]
        },
        {
            "file_path": "/data/shapenet_blender/all_50_random/02958343/d3f5e04481e69974d1521952154c90ff/r_39",
            "rotation": 0.12566370614359174,
            "transform_matrix": [
                [
                    0.2935413420200348,
                    0.8797150254249573,
                    0.374078631401062,
                    1.5079593658447266
                ],
                [
                    0.9559464454650879,
                    -0.27013304829597473,
                    -0.11486788094043732,
                    -0.4630472660064697
                ],
                [
                    0.0,
                    0.3913175165653229,
                    -0.9202556014060974,
                    -3.7096691131591797
                ],
                [
                    0.0,
                    0.0,
                    0.0,
                    1.0
                ]
            ]
        },
        {
            "file_path": "/data/shapenet_blender/all_50_random/02958343/d3f5e04481e69974d1521952154c90ff/r_40",
            "rotation": 0.12566370614359174,
            "transform_matrix": [
                [
                    0.7335426211357117,
                    -0.021954361349344254,
                    0.6792887449264526,
                    2.7383008003234863
                ],
                [
                    0.6796435117721558,
                    0.0236954502761364,
                    -0.7331597208976746,
                    -2.9554615020751953
                ],
                [
                    0.0,
                    0.9994781017303467,
                    0.03230275958776474,
                    0.1302165985107422
                ],
                [
                    0.0,
                    0.0,
                    0.0,
                    1.0
                ]
            ]
        },
        {
            "file_path": "/data/shapenet_blender/all_50_random/02958343/d3f5e04481e69974d1521952154c90ff/r_41",
            "rotation": 0.12566370614359174,
            "transform_matrix": [
                [
                    0.1426863670349121,
                    0.4187833368778229,
                    0.8968058824539185,
                    3.615140676498413
                ],
                [
                    0.9897680282592773,
                    -0.060372401028871536,
                    -0.1292848140001297,
                    -0.521163821220398
                ],
                [
                    -3.725290742551124e-09,
