{
    "class": "02958343",
    "model": "996c99bc344453ec6436916a86a90ed7",
    "remove_doubles": true,
    "edge_split": true,
    "denoise": true,
    "camera_angle_x": 0.6911112070083618,
    "scale_factor": 2.232865569302187,
    "hdri_file": "/data/IndoorHDRDataset2018/AG8A5188-a17214ab07.exr",
    "center_offset": [
        0.0,
        0.0,
        -1.862645149230957e-09
    ],
    "lights": [],
    "frames": [
        {
            "file_path": "/data/shapenet_blender/all_50_random/02958343/996c99bc344453ec6436916a86a90ed7/r_0",
            "rotation": 0.12566370614359174,
            "transform_matrix": [
                [
                    -0.9610902070999146,
                    0.03527820110321045,
                    -0.27397269010543823,
                    -1.104419231414795
                ],
                [
                    -0.2762346565723419,
                    -0.12274178862571716,
                    0.9532203078269958,
                    3.8425538539886475
                ],
                [
                    0.0,
                    0.9918114542961121,
                    0.1277109980583191,
                    0.5148195028305054
                ],
                [
                    0.0,
                    0.0,
                    0.0,
                    1.0
                ]
            ]
        },
        {
            "file_path": "/data/shapenet_blender/all_50_random/02958343/996c99bc344453ec6436916a86a90ed7/r_1",
            "rotation": 0.12566370614359174,
            "transform_matrix": [
                [
                    0.9987460970878601,
                    0.03456798568367958,
                    -0.036210689693689346,
                    -0.145969957113266
                ],
                [
                    -0.05006156489253044,
                    0.6896436810493469,
                    -0.7224162817001343,
                    -2.9121532440185547
                ],
                [
                    -1.862645149230957e-09,
                    0.7233232855796814,
                    0.690509557723999,
                    2.7835330963134766
                ],
                [
                    0.0,
                    0.0,
                    0.0,
                    1.0
                ]
            ]
        },
        {
            "file_path": "/data/shapenet_blender/all_50_random/02958343/996c99bc344453ec6436916a86a90ed7/r_2",
            "rotation": 0.12566370614359174,
            "transform_matrix": [
                [
                    0.34488409757614136,
                    0.1119467169046402,
                    0.9319457411766052,
                    3.75679349899292
                ],
                [
                    0.9386453032493591,
                    -0.04113229736685753,
                    -0.3424224853515625,
                    -1.3803491592407227
                ],
                [
                    -3.725290742551124e-09,
                    0.9928625226020813,
                    -0.1192641407251358,
                    -0.4807691276073456
                ],
                [
                    0.0,
                    0.0,
                    0.0,
                    1.0
                ]
            ]
        },
        {
            "file_path": "/data/shapenet_blender/all_50_random/02958343/996c99bc344453ec6436916a86a90ed7/r_3",
            "rotation": 0.12566370614359174,
            "transform_matrix": [
                [
                    0.9435099959373474,
                    -0.32799381017684937,
                    0.04699976369738579,
                    0.18946212530136108
                ],
                [
                    0.3313441276550293,
                    0.9339699745178223,
                    -0.1338329166173935,
                    -0.5394977927207947
                ],
                [
                    0.0,
                    0.14184561371803284,
                    0.9898887276649475,
                    3.9903693199157715
                ],
                [
                    0.0,
                    0.0,
                    0.0,
                    1.0
                ]
            ]
        },
        {
            "file_path": "/data/shapenet_blender/all_50_random/02958343/996c99bc344453ec6436916a86a90ed7/r_4",
            "rotation": 0.12566370614359174,
            "transform_matrix": [
                [
                    -0.9527502655982971,
                    -0.07552387565374374,
                    -0.2942160964012146,
                    -1.1860229969024658
                ],
                [
                    -0.3037547767162323,
                    0.23688645660877228,
                    0.9228314161300659,
                    3.720052480697632
                ],
                [
                    0.0,
                    0.9685973525047302,
                    -0.24863438308238983,
                    -1.0022772550582886
                ],
                [
                    0.0,
                    0.0,
                    0.0,
                    1.0
                ]
            ]
        },
        {
            "file_path": "/data/shapenet_blender/all_50_random/02958343/996c99bc344453ec6436916a86a90ed7/r_5",
            "rotation": 0.12566370614359174,
            "transform_matrix": [
                [
                    0.9559327363967896,
                    -0.03512197360396385,
                    -0.29147762060165405,
                    -1.1749839782714844
                ],
                [
                    -0.2935860753059387,
                    -0.11435910314321518,
                    -0.9490674734115601,
                    -3.8258135318756104
                ],
                [
                    3.725290742551124e-09,
                    0.9928184151649475,
                    -0.11963091045618057,
                    -0.48224765062332153
                ],
                [
                    0.0,
                    0.0,
                    0.0,
                    1.0
                ]
            ]
        },
        {
            "file_path": "/data/shapenet_blender/all_50_random/02958343/996c99bc344453ec6436916a86a90ed7/r_6",
            "rotation": 0.12566370614359174,
            "transform_matrix": [
                [
                    -0.8314709067344666,
                    -0.474907249212265,
                    0.28830429911613464,
                    1.1621917486190796
                ],
                [
                    0.5555683970451355,
                    -0.7107523679733276,
                    0.43147996068000793,
                    1.7393513917922974
                ],
                [
                    0.0,
                    0.5189357995986938,
                    0.8548132181167603,
                    3.445862293243408
                ],
                [
                    0.0,
                    0.0,
                    0.0,
                    1.0
                ]
            ]
        },
        {
            "file_path": "/data/shapenet_blender/all_50_random/02958343/996c99bc344453ec6436916a86a90ed7/r_7",
            "rotation": 0.12566370614359174,
            "transform_matrix": [
                [
                    -0.39555519819259644,
                    0.3898836076259613,
                    0.8315809369087219,
                    3.35221004486084
                ],
                [
                    0.9184422492980957,
                    0.16791528463363647,
                    0.35814571380615234,
                    1.4437315464019775
                ],
                [
                    0.0,
                    0.905425488948822,
                    -0.4245052933692932,
                    -1.711235523223877
                ],
                [
                    0.0,
                    0.0,
                    0.0,
                    1.0
                ]
            ]
        },
        {
            "file_path": "/data/shapenet_blender/all_50_random/02958343/996c99bc344453ec6436916a86a90ed7/r_8",
            "rotation": 0.12566370614359174,
            "transform_matrix": [
                [
                    0.8306056261062622,
                    0.4533155858516693,
                    -0.3234179615974426,
                    -1.3037395477294922
                ],
                [
                    -0.5568609237670898,
                    0.6761589050292969,
                    -0.48240551352500916,
                    -1.9446388483047485
                ],
                [
                    0.0,
                    0.5807875990867615,
                    0.8140551447868347,
                    3.2815611362457275
                ],
                [
                    0.0,
                    0.0,
                    0.0,
                    1.0
                ]
            ]
        },
        {
            "file_path": "/data/shapenet_blender/all_50_random/02958343/996c99bc344453ec6436916a86a90ed7/r_9",
            "rotation": 0.12566370614359174,
            "transform_matrix": [
                [
                    -0.03298359736800194,
                    -0.12293879687786102,
                    0.9918659329414368,
                    3.9983396530151367
                ],
                [
                    0.9994558691978455,
                    -0.004057171754539013,
                    0.032733116298913956,
                    0.13195142149925232
                ],
                [
                    4.6566125955216364e-10,
                    0.9924060106277466,
                    0.12300571799278259,
                    0.49585193395614624
                ],
                [
                    0.0,
                    0.0,
                    0.0,
                    1.0
                ]
            ]
        },
        {
            "file_path": "/data/shapenet_blender/all_50_random/02958343/996c99bc344453ec6436916a86a90ed7/r_10",
            "rotation": 0.12566370614359174,
            "transform_matrix": [
                [
                    0.8280104994773865,
                    -0.2756919860839844,
                    0.4882545471191406,
                    1.9682170152664185
                ],
                [
                    0.5607125759124756,
                    0.40711742639541626,
                    -0.7210109233856201,
                    -2.9064879417419434
                ],
                [
                    1.4901161193847656e-08,
                    0.8707749843597412,
                    0.4916815459728241,
                    1.9820317029953003
                ],
                [
                    0.0,
                    0.0,
                    0.0,
                    1.0
                ]
            ]
        },
        {
            "file_path": "/data/shapenet_blender/all_50_random/02958343/996c99bc344453ec6436916a86a90ed7/r_11",
            "rotation": 0.12566370614359174,
            "transform_matrix": [
                [
                    0.9908822774887085,
                    -0.09083595126867294,
                    0.09950460493564606,
                    0.40111589431762695
                ],
                [
                    0.13473060727119446,
                    0.6680570840835571,
                    -0.7318110466003418,
                    -2.9500246047973633
                ],
                [
                    -7.450580596923828e-09,
                    0.7385448813438416,
                    0.6742042899131775,
                    2.717804431915283
                ],
                [
                    0.0,
                    0.0,
                    0.0,
                    1.0
                ]
            ]
        },
        {
            "file_path": "/data/shapenet_blender/all_50_random/02958343/996c99bc344453ec6436916a86a90ed7/r_12",
            "rotation": 0.12566370614359174,
            "transform_matrix": [
                [
                    -0.7381200194358826,
                    0.5564125776290894,
                    0.38155460357666016,
                    1.5380958318710327
                ],
                [
                    0.6746695041656494,
                    0.6087414622306824,
                    0.4174385964870453,
                    1.682748794555664
                ],
                [
                    -1.4901161193847656e-08,
                    0.5655429363250732,
                    -0.8247187733650208,
                    -3.32454776763916
                ],
                [
                    0.0,
                    0.0,
                    0.0,
                    1.0
                ]
            ]
        },
        {
            "file_path": "/data/shapenet_blender/all_50_random/02958343/996c99bc344453ec6436916a86a90ed7/r_13",
            "rotation": 0.12566370614359174,
            "transform_matrix": [
                [
                    0.4649469256401062,
                    -0.7938567996025085,
                    -0.3919384479522705,
                    -1.5799543857574463
                ],
                [
                    -0.8853386044502258,
                    -0.416904091835022,
                    -0.20583151280879974,
                    -0.8297333717346191
                ],
                [
                    0.0,
                    0.4426988661289215,
                    -0.8966702818870544,
                    -3.614593505859375
                ],
                [
                    0.0,
                    0.0,
                    0.0,
                    1.0
                ]
            ]
        },
        {
            "file_path": "/data/shapenet_blender/all_50_random/02958343/996c99bc344453ec6436916a86a90ed7/r_14",
            "rotation": 0.12566370614359174,
            "transform_matrix": [
                [
                    0.3040311634540558,
                    0.7873035669326782,
                    0.5363937020301819,
                    2.1622722148895264
                ],
                [
                    0.9526621103286743,
                    -0.25125887989997864,
                    -0.17118389904499054,
                    -0.6900643706321716
                ],
                [
                    -1.4901161193847656e-08,
                    0.5630472302436829,
                    -0.8264247179031372,
                    -3.3314247131347656
                ],
                [
                    0.0,
                    0.0,
                    0.0,
                    1.0
                ]
            ]
        },
        {
            "file_path": "/data/shapenet_blender/all_50_random/02958343/996c99bc344453ec6436916a86a90ed7/r_15",
            "rotation": 0.12566370614359174,
            "transform_matrix": [
                [
                    -0.20347069203853607,
                    0.014908538199961185,
                    0.9789676070213318,
                    3.9463441371917725
                ],
                [
                    0.9790810942649841,
                    0.003098262706771493,
                    0.2034471184015274,
                    0.8201214671134949
                ],
                [
                    2.3283061589829401e-10,
                    0.9998840689659119,
                    -0.015227074734866619,
                    -0.061382293701171875
                ],
                [
                    0.0,
                    0.0,
                    0.0,
                    1.0
                ]
            ]
        },
        {
            "file_path": "/data/shapenet_blender/all_50_random/02958343/996c99bc344453ec6436916a86a90ed7/r_16",
            "rotation": 0.12566370614359174,
            "transform_matrix": [
                [
                    0.017812803387641907,
                    -0.5504041314125061,
                    0.8347083330154419,
                    3.364816904067993
                ],
                [
                    0.9998414516448975,
                    0.00980579573661089,
                    -0.014870853163301945,
                    -0.05994632840156555
                ],
                [
                    -9.31322685637781e-10,
                    0.8348407745361328,
                    0.550491452217102,
                    2.219101905822754
                ],
                [
                    0.0,
                    0.0,
                    0.0,
                    1.0
                ]
            ]
        },
        {
            "file_path": "/data/shapenet_blender/all_50_random/02958343/996c99bc344453ec6436916a86a90ed7/r_17",
            "rotation": 0.12566370614359174,
            "transform_matrix": [
                [
                    -0.14269863069057465,
                    0.9856906533241272,
                    -0.08972839266061783,
                    -0.36170676350593567
                ],
                [
                    -0.9897662401199341,
                    -0.14211104810237885,
                    0.012936508283019066,
                    0.052148737013339996
                ],
                [
                    -9.313225746154785e-10,
                    0.09065601974725723,
                    0.9958821535110474,
                    4.014529705047607
                ],
                [
                    0.0,
                    0.0,
                    0.0,
                    1.0
                ]
            ]
        },
        {
            "file_path": "/data/shapenet_blender/all_50_random/02958343/996c99bc344453ec6436916a86a90ed7/r_18",
            "rotation": 0.12566370614359174,
            "transform_matrix": [
                [
                    -0.42000558972358704,
                    -0.5806478261947632,
                    0.6974548697471619,
                    2.811530590057373
                ],
                [
                    0.9075216054916382,
                    -0.26872676610946655,
                    0.3227856457233429,
                    1.3011906147003174
                ],
                [
                    0.0,
                    0.7685269713401794,
                    0.6398172378540039,
                    2.579185724258423
                ],
                [
                    0.0,
                    0.0,
                    0.0,
                    1.0
                ]
            ]
        },
        {
            "file_path": "/data/shapenet_blender/all_50_random/02958343/996c99bc344453ec6436916a86a90ed7/r_19",
            "rotation": 0.12566370614359174,
            "transform_matrix": [
                [
                    0.22223924100399017,
                    0.7868626713752747,
                    0.5757227540016174,
                    2.320812702178955
                ],
                [
                    0.9749922156333923,
                    -0.17935708165168762,
                    -0.1312299519777298,
                    -0.5290048718452454
                ],
                [
                    0.0,
                    0.5904895663261414,
                    -0.8070452213287354,
                    -3.253303289413452
                ],
                [
                    0.0,
                    0.0,
                    0.0,
                    1.0
                ]
            ]
        },
        {
            "file_path": "/data/shapenet_blender/all_50_random/02958343/996c99bc344453ec6436916a86a90ed7/r_20",
            "rotation": 0.12566370614359174,
            "transform_matrix": [
                [
                    0.5122162699699402,
                    -0.10447178035974503,
                    0.8524788022041321,
                    3.4364519119262695
                ],
                [
                    0.8588566184043884,
                    0.06230626627802849,
                    -0.5084125995635986,
                    -2.0494768619537354
                ],
                [
                    -3.725290742551124e-09,
                    0.992574155330658,
                    0.12164055556058884,
                    0.490348756313324
                ],
                [
                    0.0,
                    0.0,
                    0.0,
                    1.0
                ]
            ]
        },
        {
            "file_path": "/data/shapenet_blender/all_50_random/02958343/996c99bc344453ec6436916a86a90ed7/r_21",
            "rotation": 0.12566370614359174,
            "transform_matrix": [
                [
                    0.8384783864021301,
                    -0.3304955065250397,
                    -0.43327420949935913,
                    -1.746584177017212
                ],
                [
                    -0.5449346303939819,
                    -0.5085258483886719,
                    -0.6666690111160278,
                    -2.6874287128448486
                ],
                [
                    -2.9802317058624794e-08,
                    0.7950937747955322,
                    -0.6064865589141846,
                    -2.4448254108428955
                ],
                [
                    0.0,
                    0.0,
                    0.0,
                    1.0
                ]
            ]
        },
        {
            "file_path": "/data/shapenet_blender/all_50_random/02958343/996c99bc344453ec6436916a86a90ed7/r_22",
            "rotation": 0.12566370614359174,
            "transform_matrix": [
                [
                    -0.8068243861198425,
                    -0.14427262544631958,
                    0.572904646396637,
                    2.309452533721924
                ],
                [
                    0.5907912254333496,
                    -0.19702842831611633,
                    0.7823972105979919,
                    3.1539440155029297
                ],
                [
                    7.450580152834618e-09,
                    0.9697242379188538,
                    0.2442023605108261,
                    0.9844111204147339
                ],
                [
                    0.0,
                    0.0,
                    0.0,
                    1.0
                ]
            ]
        },
        {
            "file_path": "/data/shapenet_blender/all_50_random/02958343/996c99bc344453ec6436916a86a90ed7/r_23",
            "rotation": 0.12566370614359174,
            "transform_matrix": [
                [
                    0.37422114610671997,
                    -0.16254372894763947,
                    0.9129831194877625,
                    3.680352210998535
                ],
                [
                    0.927339494228363,
                    0.06559334695339203,
                    -0.36842775344848633,
                    -1.4851795434951782
                ],
                [
                    0.0,
                    0.9845186471939087,
                    0.1752796620130539,
                    0.7065748572349548
                ],
                [
                    0.0,
                    0.0,
                    0.0,
                    1.0
                ]
            ]
        },
        {
            "file_path": "/data/shapenet_blender/all_50_random/02958343/996c99bc344453ec6436916a86a90ed7/r_24",
            "rotation": 0.12566370614359174,
            "transform_matrix": [
                [
                    -0.4561599791049957,
                    -0.8353854417800903,
                    -0.3066743314266205,
                    -1.236243724822998
                ],
                [
                    -0.889897882938385,
                    0.42821699380874634,
                    0.1572006791830063,
                    0.6336961984634399
                ],
                [
                    0.0,
                    0.3446176052093506,
                    -0.9387432336807251,
                    -3.7841949462890625
                ],
                [
                    0.0,
                    0.0,
                    0.0,
                    1.0
                ]
            ]
        },
        {
            "file_path": "/data/shapenet_blender/all_50_random/02958343/996c99bc344453ec6436916a86a90ed7/r_25",
            "rotation": 0.12566370614359174,
            "transform_matrix": [
                [
                    0.9522446990013123,
                    -0.04050326719880104,
                    -0.3026377856731415,
                    -1.219972014427185
                ],
                [
                    -0.3053361773490906,
                    -0.1263165920972824,
                    -0.943829357624054,
                    -3.8046979904174805
                ],
                [
                    0.0,
                    0.9911627173423767,
                    -0.13265138864517212,
                    -0.5347349047660828
                ],
                [
                    0.0,
                    0.0,
                    0.0,
                    1.0
                ]
            ]
        },
        {
            "file_path": "/data/shapenet_blender/all_50_random/02958343/996c99bc344453ec6436916a86a90ed7/r_26",
            "rotation": 0.12566370614359174,
            "transform_matrix": [
                [
                    -0.9892824292182922,
                    -0.08705394715070724,
                    -0.11722571402788162,
                    -0.47255197167396545
                ],
                [
                    -0.14601458609104156,
                    0.5898105502128601,
                    0.7942312359809875,
                    3.201648473739624
                ],
                [
                    0.0,
                    0.8028355836868286,
                    -0.5962003469467163,
                    -2.403360366821289
                ],
                [
                    0.0,
                    0.0,
                    0.0,
                    1.0
                ]
            ]
        },
        {
            "file_path": "/data/shapenet_blender/all_50_random/02958343/996c99bc344453ec6436916a86a90ed7/r_27",
            "rotation": 0.12566370614359174,
            "transform_matrix": [
                [
                    -0.9406272172927856,
                    0.042593829333782196,
                    0.3367583453655243,
                    1.3575162887573242
                ],
                [
                    0.33944135904312134,
                    0.11803192645311356,
                    0.9331923723220825,
                    3.7618188858032227
                ],
                [
                    0.0,
                    0.9920958280563354,
                    -0.12548214197158813,
                    -0.505834698677063
                ],
                [
                    0.0,
                    0.0,
                    0.0,
                    1.0
                ]
            ]
        },
        {
            "file_path": "/data/shapenet_blender/all_50_random/02958343/996c99bc344453ec6436916a86a90ed7/r_28",
            "rotation": 0.12566370614359174,
            "transform_matrix": [
                [
                    0.7361144423484802,
                    0.44890037178993225,
                    0.506580650806427,
                    2.0420918464660645
                ],
                [
                    0.6768569946289062,
                    -0.48820066452026367,
                    -0.5509307384490967,
                    -2.2208728790283203
                ],
                [
                    0.0,
                    0.7484307289123535,
                    -0.6632128953933716,
                    -2.673496723175049
                ],
                [
                    0.0,
                    0.0,
                    0.0,
                    1.0
                ]
            ]
        },
        {
            "file_path": "/data/shapenet_blender/all_50_random/02958343/996c99bc344453ec6436916a86a90ed7/r_29",
            "rotation": 0.12566370614359174,
            "transform_matrix": [
                [
                    0.029511820524930954,
                    -0.7313774824142456,
                    -0.6813338994979858,
                    -2.7465450763702393
                ],
                [
                    -0.9995644092559814,
                    -0.021593688055872917,
                    -0.02011616714298725,
                    -0.08109086751937866
                ],
                [
                    0.0,
                    0.6816308498382568,
                    -0.7316961288452148,
                    -2.949561595916748
                ],
                [
                    0.0,
                    0.0,
                    0.0,
                    1.0
                ]
            ]
        },
        {
            "file_path": "/data/shapenet_blender/all_50_random/02958343/996c99bc344453ec6436916a86a90ed7/r_30",
            "rotation": 0.12566370614359174,
            "transform_matrix": [
                [
                    0.9189918637275696,
                    0.0033730610739439726,
                    -0.39426201581954956,
                    -1.5893211364746094
                ],
                [
                    -0.39427649974823,
                    0.007862035185098648,
                    -0.9189581274986267,
                    -3.7044389247894287
                ],
                [
                    0.0,
                    0.9999634027481079,
                    0.008555063977837563,
                    0.034486569464206696
                ],
                [
                    0.0,
                    0.0,
                    0.0,
                    1.0
                ]
            ]
        },
        {
            "file_path": "/data/shapenet_blender/all_50_random/02958343/996c99bc344453ec6436916a86a90ed7/r_31",
            "rotation": 0.12566370614359174,
            "transform_matrix": [
                [
                    -0.99955815076828,
                    -0.009239938110113144,
                    0.02825384959578514,
                    0.11389490962028503
                ],
                [
                    0.029726363718509674,
                    -0.3106957674026489,
                    0.9500444531440735,
                    3.82975172996521
                ],
                [
                    -9.31322685637781e-10,
                    0.9504644870758057,
                    0.3108331263065338,
                    1.2530083656311035
                ],
                [
                    0.0,
                    0.0,
                    0.0,
                    1.0
                ]
            ]
        },
        {
            "file_path": "/data/shapenet_blender/all_50_random/02958343/996c99bc344453ec6436916a86a90ed7/r_32",
            "rotation": 0.12566370614359174,
            "transform_matrix": [
                [
                    -0.9808058738708496,
                    -0.007535797543823719,
                    0.19484107196331024,
                    0.7854294776916504
                ],
                [
                    0.1949867457151413,
                    -0.03790592774748802,
                    0.980073094367981,
                    3.950800895690918
                ],
                [
                    -4.6566125955216364e-10,
                    0.9992528557777405,
                    0.038647741079330444,
                    0.15579402446746826
                ],
                [
                    0.0,
                    0.0,
                    0.0,
                    1.0
                ]
            ]
        },
        {
            "file_path": "/data/shapenet_blender/all_50_random/02958343/996c99bc344453ec6436916a86a90ed7/r_33",
            "rotation": 0.12566370614359174,
            "transform_matrix": [
                [
                    0.8589870929718018,
                    -0.33319392800331116,
                    0.38874533772468567,
                    1.5670826435089111
                ],
                [
                    0.5119972229003906,
                    0.5590054988861084,
                    -0.6522051095962524,
                    -2.6291232109069824
                ],
                [
                    0.0,
                    0.7592723965644836,
                    0.6507728695869446,
                    2.623349666595459
                ],
                [
                    0.0,
                    0.0,
                    0.0,
                    1.0
                ]
            ]
        },
        {
            "file_path": "/data/shapenet_blender/all_50_random/02958343/996c99bc344453ec6436916a86a90ed7/r_34",
            "rotation": 0.12566370614359174,
            "transform_matrix": [
                [
                    0.5586581826210022,
                    0.013545680791139603,
                    -0.8292874097824097,
                    -3.3429641723632812
                ],
                [
                    -0.829397976398468,
                    0.009123973548412323,
                    -0.5585837364196777,
                    -2.251722812652588
                ],
                [
                    -4.6566125955216364e-10,
                    0.9998665452003479,
                    0.016331946477293968,
                    0.06583617627620697
                ],
                [
                    0.0,
                    0.0,
                    0.0,
                    1.0
                ]
            ]
        },
        {
            "file_path": "/data/shapenet_blender/all_50_random/02958343/996c99bc344453ec6436916a86a90ed7/r_35",
            "rotation": 0.12566370614359174,
            "transform_matrix": [
                [
                    0.25935786962509155,
                    0.6299822926521301,
                    0.732021689414978,
                    2.950873851776123
                ],
                [
                    0.9657813310623169,
                    -0.1691799908876419,
                    -0.1965823769569397,
                    -0.7924489378929138
                ],
                [
                    0.0,
                    0.7579579949378967,
                    -0.6523032784461975,
                    -2.629518508911133
                ],
                [
                    0.0,
                    0.0,
                    0.0,
                    1.0
                ]
            ]
        },
        {
            "file_path": "/data/shapenet_blender/all_50_random/02958343/996c99bc344453ec6436916a86a90ed7/r_36",
            "rotation": 0.12566370614359174,
            "transform_matrix": [
                [
                    -0.23127718269824982,
                    -0.6527868509292603,
                    -0.7213737368583679,
                    -2.9079506397247314
                ],
                [
                    -0.9728879332542419,
                    0.15518200397491455,
                    0.17148664593696594,
                    0.6912847757339478
                ],
                [
                    0.0,
                    0.7414767146110535,
                    -0.6709785461425781,
                    -2.704801082611084
                ],
                [
                    0.0,
                    0.0,
                    0.0,
                    1.0
                ]
            ]
        },
        {
            "file_path": "/data/shapenet_blender/all_50_random/02958343/996c99bc344453ec6436916a86a90ed7/r_37",
            "rotation": 0.12566370614359174,
            "transform_matrix": [
                [
                    0.4768829643726349,
                    0.22701990604400635,
                    0.8491434454917908,
                    3.423006772994995
                ],
                [
                    0.8789668083190918,
                    -0.12316951900720596,
                    -0.4607023000717163,
                    -1.8571503162384033
                ],
                [
                    0.0,
                    0.9660698771476746,
                    -0.2582804262638092,
                    -1.0411616563796997
                ],
                [
                    0.0,
                    0.0,
                    0.0,
                    1.0
                ]
            ]
        },
        {
            "file_path": "/data/shapenet_blender/all_50_random/02958343/996c99bc344453ec6436916a86a90ed7/r_38",
            "rotation": 0.12566370614359174,
            "transform_matrix": [
                [
                    -0.7200552821159363,
                    -0.07993791252374649,
                    0.689297080039978,
                    2.7786450386047363
                ],
                [
                    0.6939167380332947,
                    -0.08294901996850967,
                    0.7152615785598755,
                    2.8833112716674805
                ],
                [
                    0.0,
                    0.9933424592018127,
                    0.11519816517829895,
                    0.46437859535217285
                ],
                [
                    0.0,
                    0.0,
                    0.0,
                    1.0
                ]
            ]
        },
        {
            "file_path": "/data/shapenet_blender/all_50_random/02958343/996c99bc344453ec6436916a86a90ed7/r_39",
            "rotation": 0.12566370614359174,
            "transform_matrix": [
                [
                    0.9955121874809265,
                    -0.00036079116398468614,
                    -0.09463298320770264,
                    -0.3814777433872223
                ],
                [
                    -0.09463367611169815,
                    -0.003795393044129014,
                    -0.9955049157142639,
                    -4.0130085945129395
                ],
                [
                    0.0,
                    0.9999926090240479,
                    -0.0038125033024698496,
                    -0.015368692576885223
                ],
                [
                    0.0,
                    0.0,
                    0.0,
                    1.0
                ]
            ]
        },
        {
            "file_path": "/data/shapenet_blender/all_50_random/02958343/996c99bc344453ec6436916a86a90ed7/r_40",
            "rotation": 0.12566370614359174,
            "transform_matrix": [
                [
                    -0.9933470487594604,
                    0.023187890648841858,
                    -0.11279994249343872,
                    -0.4547111392021179
                ],
                [
                    -0.11515861004590988,
                    -0.20001651346683502,
                    0.9730014204978943,
                    3.9222943782806396
                ],
                [
                    0.0,
                    0.9795180559158325,
                    0.20135609805583954,
                    0.811692476272583
                ],
                [
                    0.0,
                    0.0,
                    0.0,
                    1.0
                ]
            ]
        },
        {
            "file_path": "/data/shapenet_blender/all_50_random/02958343/996c99bc344453ec6436916a86a90ed7/r_41",
            "rotation": 0.12566370614359174,
            "transform_matrix": [
                [
                    -0.2716420590877533,
                    0.531591534614563,
                    -0.8022599220275879,
                    -3.234013319015503
                ],
                [
                    -0.9623983502388,
                    -0.15004456043243408,
                    0.2264421582221985,
                    0.9128175973892212
                ],
                [
                    -7.450580152834618e-09,
