{
    "class": "02958343",
    "model": "ad45b2d40c7801ef2074a73831d8a3a2",
    "remove_doubles": true,
    "edge_split": true,
    "denoise": true,
    "camera_angle_x": 0.6911112070083618,
    "scale_factor": 2.2338706053402495,
    "hdri_file": "/data/IndoorHDRDataset2018/9C4A8493-110b3710e9.exr",
    "center_offset": [
        0.0,
        3.725290298461914e-09,
        0.0
    ],
    "lights": [],
    "frames": [
        {
            "file_path": "/data/shapenet_blender/all_50_random/02958343/ad45b2d40c7801ef2074a73831d8a3a2/r_0",
            "rotation": 0.12566370614359174,
            "transform_matrix": [
                [
                    -0.857604444026947,
                    -0.19277502596378326,
                    0.4768146574497223,
                    1.9221014976501465
                ],
                [
                    0.5143096446990967,
                    -0.32144978642463684,
                    0.7950820922851562,
                    3.205078601837158
                ],
                [
                    -1.4901159417490817e-08,
                    0.927096426486969,
                    0.37482285499572754,
                    1.5109593868255615
                ],
                [
                    0.0,
                    0.0,
                    0.0,
                    1.0
                ]
            ]
        },
        {
            "file_path": "/data/shapenet_blender/all_50_random/02958343/ad45b2d40c7801ef2074a73831d8a3a2/r_1",
            "rotation": 0.12566370614359174,
            "transform_matrix": [
                [
                    -0.5308903455734253,
                    0.7205027341842651,
                    0.4461292028427124,
                    1.798404335975647
                ],
                [
                    0.8474406599998474,
                    0.45136842131614685,
                    0.27948349714279175,
                    1.1266340017318726
                ],
                [
                    0.0,
                    0.5264430046081543,
                    -0.8502103686332703,
                    -3.427307605743408
                ],
                [
                    0.0,
                    0.0,
                    0.0,
                    1.0
                ]
            ]
        },
        {
            "file_path": "/data/shapenet_blender/all_50_random/02958343/ad45b2d40c7801ef2074a73831d8a3a2/r_2",
            "rotation": 0.12566370614359174,
            "transform_matrix": [
                [
                    -0.677818775177002,
                    -0.13049115240573883,
                    0.7235562801361084,
                    2.9167487621307373
                ],
                [
                    0.7352288961410522,
                    -0.12030179798603058,
                    0.6670575737953186,
                    2.688995122909546
                ],
                [
                    7.450580152834618e-09,
                    0.9841236472129822,
                    0.1774837225675583,
                    0.7154597640037537
                ],
                [
                    0.0,
                    0.0,
                    0.0,
                    1.0
                ]
            ]
        },
        {
            "file_path": "/data/shapenet_blender/all_50_random/02958343/ad45b2d40c7801ef2074a73831d8a3a2/r_3",
            "rotation": 0.12566370614359174,
            "transform_matrix": [
                [
                    0.3101290762424469,
                    0.9416412711143494,
                    0.13088810443878174,
                    0.5276267528533936
                ],
                [
                    0.9506944417953491,
                    -0.30717578530311584,
                    -0.04269742593169212,
                    -0.17211881279945374
                ],
                [
                    0.0,
                    0.1376766711473465,
                    -0.9904773235321045,
                    -3.992741346359253
                ],
                [
                    0.0,
                    0.0,
                    0.0,
                    1.0
                ]
            ]
        },
        {
            "file_path": "/data/shapenet_blender/all_50_random/02958343/ad45b2d40c7801ef2074a73831d8a3a2/r_4",
            "rotation": 0.12566370614359174,
            "transform_matrix": [
                [
                    0.1701277494430542,
                    -0.2612428665161133,
                    0.9501624703407288,
                    3.8302271366119385
                ],
                [
                    0.9854220747947693,
                    0.045102156698703766,
                    -0.16404037177562714,
                    -0.661267876625061
                ],
                [
                    0.0,
                    0.96421879529953,
                    0.2651076018810272,
                    1.0686829090118408
                ],
                [
                    0.0,
                    0.0,
                    0.0,
                    1.0
                ]
            ]
        },
        {
            "file_path": "/data/shapenet_blender/all_50_random/02958343/ad45b2d40c7801ef2074a73831d8a3a2/r_5",
            "rotation": 0.12566370614359174,
            "transform_matrix": [
                [
                    0.5798530578613281,
                    0.26819971203804016,
                    0.7693108916282654,
                    3.101191520690918
                ],
                [
                    0.8147210478782654,
                    -0.19088305532932281,
                    -0.5475337505340576,
                    -2.207179307937622
                ],
                [
                    1.4901161193847656e-08,
                    0.9442629218101501,
                    -0.32919207215309143,
                    -1.32701575756073
                ],
                [
                    0.0,
                    0.0,
                    0.0,
                    1.0
                ]
            ]
        },
        {
            "file_path": "/data/shapenet_blender/all_50_random/02958343/ad45b2d40c7801ef2074a73831d8a3a2/r_6",
            "rotation": 0.12566370614359174,
            "transform_matrix": [
                [
                    0.9988793134689331,
                    -0.03375759348273277,
                    -0.0331769697368145,
                    -0.1337406486272812
                ],
                [
                    -0.04733167216181755,
                    -0.7124143838882446,
                    -0.7001610398292542,
                    -2.822439432144165
                ],
                [
                    1.862645371275562e-09,
                    0.7009466886520386,
                    -0.7132136821746826,
                    -2.875056266784668
                ],
                [
                    0.0,
                    0.0,
                    0.0,
                    1.0
                ]
            ]
        },
        {
            "file_path": "/data/shapenet_blender/all_50_random/02958343/ad45b2d40c7801ef2074a73831d8a3a2/r_7",
            "rotation": 0.12566370614359174,
            "transform_matrix": [
                [
                    0.5951883792877197,
                    -0.48054519295692444,
                    -0.6440706253051758,
                    -2.59633207321167
                ],
                [
                    -0.8035862445831299,
                    -0.3559230864048004,
                    -0.47704070806503296,
                    -1.9230128526687622
                ],
                [
                    1.4901162970204496e-08,
                    0.8014954328536987,
                    -0.598000705242157,
                    -2.410618305206299
                ],
                [
                    0.0,
                    0.0,
                    0.0,
                    1.0
                ]
            ]
        },
        {
            "file_path": "/data/shapenet_blender/all_50_random/02958343/ad45b2d40c7801ef2074a73831d8a3a2/r_8",
            "rotation": 0.12566370614359174,
            "transform_matrix": [
                [
                    -0.8229710459709167,
                    0.07531299442052841,
                    0.5630688071250916,
                    2.269803047180176
                ],
                [
                    0.5680831670761108,
                    0.1091044694185257,
                    0.8157068490982056,
                    3.288219451904297
                ],
                [
                    3.725290076417309e-09,
                    0.9911731481552124,
                    -0.13257385790348053,
                    -0.5344223380088806
                ],
                [
                    0.0,
                    0.0,
                    0.0,
                    1.0
                ]
            ]
        },
        {
            "file_path": "/data/shapenet_blender/all_50_random/02958343/ad45b2d40c7801ef2074a73831d8a3a2/r_9",
            "rotation": 0.12566370614359174,
            "transform_matrix": [
                [
                    0.9905920028686523,
                    0.12369363754987717,
                    -0.058543503284454346,
                    -0.23599642515182495
                ],
                [
                    -0.1368483006954193,
                    0.8953704237937927,
                    -0.42377379536628723,
                    -1.7082868814468384
                ],
                [
                    0.0,
                    0.42779847979545593,
                    0.9038739800453186,
                    3.6436328887939453
                ],
                [
                    0.0,
                    0.0,
                    0.0,
                    1.0
                ]
            ]
        },
        {
            "file_path": "/data/shapenet_blender/all_50_random/02958343/ad45b2d40c7801ef2074a73831d8a3a2/r_10",
            "rotation": 0.12566370614359174,
            "transform_matrix": [
                [
                    -0.8105793595314026,
                    0.18243408203125,
                    0.5564880967140198,
                    2.2432751655578613
                ],
                [
                    0.585628867149353,
                    0.2525102198123932,
                    0.7702450156211853,
                    3.104956865310669
                ],
                [
                    0.0,
                    0.9502401351928711,
                    -0.31151825189590454,
                    -1.255770206451416
                ],
                [
                    0.0,
                    0.0,
                    0.0,
                    1.0
                ]
            ]
        },
        {
            "file_path": "/data/shapenet_blender/all_50_random/02958343/ad45b2d40c7801ef2074a73831d8a3a2/r_11",
            "rotation": 0.12566370614359174,
            "transform_matrix": [
                [
                    0.7567052841186523,
                    0.03025759570300579,
                    0.6530556678771973,
                    2.632551670074463
                ],
                [
                    0.653756320476532,
                    -0.035022348165512085,
                    -0.7558942437171936,
                    -3.047107219696045
                ],
                [
                    0.0,
                    0.9989283084869385,
                    -0.04628268629312515,
                    -0.18657147884368896
                ],
                [
                    0.0,
                    0.0,
                    0.0,
                    1.0
                ]
            ]
        },
        {
            "file_path": "/data/shapenet_blender/all_50_random/02958343/ad45b2d40c7801ef2074a73831d8a3a2/r_12",
            "rotation": 0.12566370614359174,
            "transform_matrix": [
                [
                    0.4045557975769043,
                    0.5612581372261047,
                    0.7220276594161987,
                    2.910586357116699
                ],
                [
                    0.9145134091377258,
                    -0.24828529357910156,
                    -0.31940534710884094,
                    -1.2875640392303467
                ],
                [
                    0.0,
                    0.7895210981369019,
                    -0.6137233376502991,
                    -2.4739975929260254
                ],
                [
                    0.0,
                    0.0,
                    0.0,
                    1.0
                ]
            ]
        },
        {
            "file_path": "/data/shapenet_blender/all_50_random/02958343/ad45b2d40c7801ef2074a73831d8a3a2/r_13",
            "rotation": 0.12566370614359174,
            "transform_matrix": [
                [
                    0.8679680824279785,
                    0.3046617805957794,
                    0.3921894431114197,
                    1.5809662342071533
                ],
                [
                    0.49661996960639954,
                    -0.5324729681015015,
                    -0.6854495406150818,
                    -2.7631354331970215
                ],
                [
                    0.0,
                    0.789717435836792,
                    -0.613470733165741,
                    -2.4729795455932617
                ],
                [
                    0.0,
                    0.0,
                    0.0,
                    1.0
                ]
            ]
        },
        {
            "file_path": "/data/shapenet_blender/all_50_random/02958343/ad45b2d40c7801ef2074a73831d8a3a2/r_14",
            "rotation": 0.12566370614359174,
            "transform_matrix": [
                [
                    -0.6591421365737915,
                    0.021983038634061813,
                    -0.7516968846321106,
                    -3.0301876068115234
                ],
                [
                    -0.7520184516906738,
                    -0.01926807314157486,
                    0.6588603258132935,
                    2.6559512615203857
                ],
                [
                    9.313225746154785e-10,
                    0.99957275390625,
                    0.029232041910290718,
                    0.11783814430236816
                ],
                [
                    0.0,
                    0.0,
                    0.0,
                    1.0
                ]
            ]
        },
        {
            "file_path": "/data/shapenet_blender/all_50_random/02958343/ad45b2d40c7801ef2074a73831d8a3a2/r_15",
            "rotation": 0.12566370614359174,
            "transform_matrix": [
                [
                    0.30351877212524414,
                    0.6100520491600037,
                    -0.7319240570068359,
                    -2.9504804611206055
                ],
                [
                    -0.9528254866600037,
                    0.1943296641111374,
                    -0.23315152525901794,
                    -0.939863920211792
                ],
                [
                    -1.4901161193847656e-08,
                    0.7681617736816406,
                    0.6402556896209717,
                    2.580953598022461
                ],
                [
                    0.0,
                    0.0,
                    0.0,
                    1.0
                ]
            ]
        },
        {
            "file_path": "/data/shapenet_blender/all_50_random/02958343/ad45b2d40c7801ef2074a73831d8a3a2/r_16",
            "rotation": 0.12566370614359174,
            "transform_matrix": [
                [
                    -0.1678711175918579,
                    0.10128438472747803,
                    0.9805920124053955,
                    3.952892780303955
                ],
                [
                    0.9858089089393616,
                    0.017247484996914864,
                    0.1669827550649643,
                    0.6731290221214294
                ],
                [
                    0.0,
                    0.9947080612182617,
                    -0.10274238884449005,
                    -0.4141678214073181
                ],
                [
                    0.0,
                    0.0,
                    0.0,
                    1.0
                ]
            ]
        },
        {
            "file_path": "/data/shapenet_blender/all_50_random/02958343/ad45b2d40c7801ef2074a73831d8a3a2/r_17",
            "rotation": 0.12566370614359174,
            "transform_matrix": [
                [
                    0.9617535471916199,
                    0.00872845109552145,
                    0.2737770974636078,
                    1.1036306619644165
                ],
                [
                    0.27391618490219116,
                    -0.03064666874706745,
                    -0.9612652063369751,
                    -3.874983549118042
                ],
                [
                    -9.313224635931761e-10,
                    0.9994922280311584,
                    -0.03186540678143501,
                    -0.1284535527229309
                ],
                [
                    0.0,
                    0.0,
                    0.0,
                    1.0
                ]
            ]
        },
        {
            "file_path": "/data/shapenet_blender/all_50_random/02958343/ad45b2d40c7801ef2074a73831d8a3a2/r_18",
            "rotation": 0.12566370614359174,
            "transform_matrix": [
                [
                    0.9885432720184326,
                    0.007958373054862022,
                    -0.15072761476039886,
                    -0.6076024770736694
                ],
                [
                    -0.15093757212162018,
                    0.05212218314409256,
                    -0.9871681928634644,
                    -3.9794023036956787
                ],
                [
                    -9.313225746154785e-10,
                    0.9986089468002319,
                    0.052726250141859055,
                    0.21254631876945496
                ],
                [
                    0.0,
                    0.0,
                    0.0,
                    1.0
                ]
            ]
        },
        {
            "file_path": "/data/shapenet_blender/all_50_random/02958343/ad45b2d40c7801ef2074a73831d8a3a2/r_19",
            "rotation": 0.12566370614359174,
            "transform_matrix": [
                [
                    -0.718231737613678,
                    -0.025485089048743248,
                    0.6953369975090027,
                    2.8029932975769043
                ],
                [
                    0.6958038210868835,
                    -0.026306550949811935,
                    0.717749834060669,
                    2.8933422565460205
                ],
                [
                    0.0,
                    0.9993289709091187,
                    0.03662682697176933,
                    0.14764747023582458
                ],
                [
                    0.0,
                    0.0,
                    0.0,
                    1.0
                ]
            ]
        },
        {
            "file_path": "/data/shapenet_blender/all_50_random/02958343/ad45b2d40c7801ef2074a73831d8a3a2/r_20",
            "rotation": 0.12566370614359174,
            "transform_matrix": [
                [
                    0.7220895886421204,
                    0.37224677205085754,
                    0.5831114649772644,
                    2.350597620010376
                ],
                [
                    0.6917995810508728,
                    -0.38854536414146423,
                    -0.6086426377296448,
                    -2.453516960144043
                ],
                [
                    0.0,
                    0.8428907990455627,
                    -0.5380846858024597,
                    -2.169088840484619
                ],
                [
                    0.0,
                    0.0,
                    0.0,
                    1.0
                ]
            ]
        },
        {
            "file_path": "/data/shapenet_blender/all_50_random/02958343/ad45b2d40c7801ef2074a73831d8a3a2/r_21",
            "rotation": 0.12566370614359174,
            "transform_matrix": [
                [
                    0.8794084191322327,
                    -0.017687920480966568,
                    -0.4757395386695862,
                    -1.9177675247192383
                ],
                [
                    -0.47606831789016724,
                    -0.032673683017492294,
                    -0.8788010478019714,
                    -3.542560577392578
                ],
                [
                    0.0,
                    0.9993094801902771,
                    -0.03715416416525841,
                    -0.1497732400894165
                ],
                [
                    0.0,
                    0.0,
                    0.0,
                    1.0
                ]
            ]
        },
        {
            "file_path": "/data/shapenet_blender/all_50_random/02958343/ad45b2d40c7801ef2074a73831d8a3a2/r_22",
            "rotation": 0.12566370614359174,
            "transform_matrix": [
                [
                    0.9098939895629883,
                    -0.11157850176095963,
                    0.39955368638038635,
                    1.6106524467468262
                ],
                [
                    0.41484084725379944,
                    0.24473145604133606,
                    -0.8763638138771057,
                    -3.532735586166382
                ],
                [
                    7.450580596923828e-09,
                    0.96314936876297,
                    0.26896700263023376,
                    1.0842406749725342
                ],
                [
                    0.0,
                    0.0,
                    0.0,
                    1.0
                ]
            ]
        },
        {
            "file_path": "/data/shapenet_blender/all_50_random/02958343/ad45b2d40c7801ef2074a73831d8a3a2/r_23",
            "rotation": 0.12566370614359174,
            "transform_matrix": [
                [
                    -0.9379521608352661,
                    -0.015352988615632057,
                    0.34642452001571655,
                    1.396481990814209
                ],
                [
                    0.34676462411880493,
                    -0.041527796536684036,
                    0.9370323419570923,
                    3.7772984504699707
                ],
                [
                    9.313224635931761e-10,
                    0.9990194439888,
                    0.04427495226264,
                    0.17847806215286255
                ],
                [
                    0.0,
                    0.0,
                    0.0,
                    1.0
                ]
            ]
        },
        {
            "file_path": "/data/shapenet_blender/all_50_random/02958343/ad45b2d40c7801ef2074a73831d8a3a2/r_24",
            "rotation": 0.12566370614359174,
            "transform_matrix": [
                [
                    -0.9879655241966248,
                    -0.005296920891851187,
                    0.15458397567272186,
                    0.6231480240821838
                ],
                [
                    0.1546747088432312,
                    -0.033833421766757965,
                    0.9873859286308289,
                    3.9802801609039307
                ],
                [
                    0.0,
                    0.9994133710861206,
                    0.03424554690718651,
                    0.1380482316017151
                ],
                [
                    0.0,
                    0.0,
                    0.0,
                    1.0
                ]
            ]
        },
        {
            "file_path": "/data/shapenet_blender/all_50_random/02958343/ad45b2d40c7801ef2074a73831d8a3a2/r_25",
            "rotation": 0.12566370614359174,
            "transform_matrix": [
                [
                    -0.4875604808330536,
                    0.36273348331451416,
                    -0.7941719889640808,
                    -3.2014098167419434
                ],
                [
                    -0.8730892539024353,
                    -0.20256179571151733,
                    0.4434906244277954,
                    1.787768006324768
                ],
                [
                    0.0,
                    0.9096114039421082,
                    0.4154598116874695,
                    1.6747721433639526
                ],
                [
                    0.0,
                    0.0,
                    0.0,
                    1.0
                ]
            ]
        },
        {
            "file_path": "/data/shapenet_blender/all_50_random/02958343/ad45b2d40c7801ef2074a73831d8a3a2/r_26",
            "rotation": 0.12566370614359174,
            "transform_matrix": [
                [
                    0.9735280275344849,
                    0.023871930316090584,
                    -0.22731734812259674,
                    -0.9163454174995422
                ],
                [
                    -0.22856734693050385,
                    0.10167678445577621,
                    -0.9682039618492126,
                    -3.902954578399658
                ],
                [
                    0.0,
                    0.9945310354232788,
                    0.1044415608048439,
                    0.4210173487663269
                ],
                [
                    0.0,
                    0.0,
                    0.0,
                    1.0
                ]
            ]
        },
        {
            "file_path": "/data/shapenet_blender/all_50_random/02958343/ad45b2d40c7801ef2074a73831d8a3a2/r_27",
            "rotation": 0.12566370614359174,
            "transform_matrix": [
                [
                    0.6068638563156128,
                    0.7220443487167358,
                    0.33221709728240967,
                    1.339210033416748
                ],
                [
                    0.7948057651519775,
                    -0.5513078570365906,
                    -0.2536601722240448,
                    -1.0225369930267334
                ],
                [
                    0.0,
                    0.41798529028892517,
                    -0.9084537029266357,
                    -3.6620943546295166
                ],
                [
                    0.0,
                    0.0,
                    0.0,
                    1.0
                ]
            ]
        },
        {
            "file_path": "/data/shapenet_blender/all_50_random/02958343/ad45b2d40c7801ef2074a73831d8a3a2/r_28",
            "rotation": 0.12566370614359174,
            "transform_matrix": [
                [
                    0.14706741273403168,
                    -0.0613151378929615,
                    0.9872242212295532,
                    3.979627847671509
                ],
                [
                    0.989126443862915,
                    0.009116588160395622,
                    -0.14678457379341125,
                    -0.5917075276374817
                ],
                [
                    0.0,
                    0.9980767965316772,
                    0.061989180743694305,
                    0.24988636374473572
                ],
                [
                    0.0,
                    0.0,
                    0.0,
                    1.0
                ]
            ]
        },
        {
            "file_path": "/data/shapenet_blender/all_50_random/02958343/ad45b2d40c7801ef2074a73831d8a3a2/r_29",
            "rotation": 0.12566370614359174,
            "transform_matrix": [
                [
                    0.208902508020401,
                    0.7255892157554626,
                    -0.6556524038314819,
                    -2.643019437789917
                ],
                [
                    -0.9779365062713623,
                    0.15499718487262726,
                    -0.14005759358406067,
                    -0.5645902156829834
                ],
                [
                    0.0,
                    0.670444667339325,
                    0.7419594526290894,
                    2.990934133529663
                ],
                [
                    0.0,
                    0.0,
                    0.0,
                    1.0
                ]
            ]
        },
        {
            "file_path": "/data/shapenet_blender/all_50_random/02958343/ad45b2d40c7801ef2074a73831d8a3a2/r_30",
            "rotation": 0.12566370614359174,
            "transform_matrix": [
                [
                    0.03192583844065666,
                    0.6041738390922546,
                    -0.7962127327919006,
                    -3.2096362113952637
                ],
                [
                    -0.9994902610778809,
                    0.019298594444990158,
                    -0.02543272264301777,
                    -0.1025225818157196
                ],
                [
                    9.313225746154785e-10,
                    0.7966187596321106,
                    0.6044819951057434,
                    2.4367449283599854
                ],
                [
                    0.0,
                    0.0,
                    0.0,
                    1.0
                ]
            ]
        },
        {
            "file_path": "/data/shapenet_blender/all_50_random/02958343/ad45b2d40c7801ef2074a73831d8a3a2/r_31",
            "rotation": 0.12566370614359174,
            "transform_matrix": [
                [
                    0.95521479845047,
                    0.02803657576441765,
                    0.29458239674568176,
                    1.187499761581421
                ],
                [
                    0.2959136366844177,
                    -0.09050259739160538,
                    -0.9509176015853882,
                    -3.8332717418670654
                ],
                [
                    -1.862645371275562e-09,
                    0.9955015182495117,
                    -0.09474580734968185,
                    -0.3819325864315033
                ],
                [
                    0.0,
                    0.0,
                    0.0,
                    1.0
                ]
            ]
        },
        {
            "file_path": "/data/shapenet_blender/all_50_random/02958343/ad45b2d40c7801ef2074a73831d8a3a2/r_32",
            "rotation": 0.12566370614359174,
            "transform_matrix": [
                [
                    -0.1709240972995758,
                    0.1693594604730606,
                    -0.9706194996833801,
                    -3.9126925468444824
                ],
                [
                    -0.9852842092514038,
                    -0.029379963874816895,
                    0.16838011145591736,
                    0.6787620186805725
                ],
                [
                    0.0,
                    0.9851162433624268,
                    0.17188893258571625,
                    0.6929064989089966
                ],
                [
                    0.0,
                    0.0,
                    0.0,
                    1.0
                ]
            ]
        },
        {
            "file_path": "/data/shapenet_blender/all_50_random/02958343/ad45b2d40c7801ef2074a73831d8a3a2/r_33",
            "rotation": 0.12566370614359174,
            "transform_matrix": [
                [
                    -0.8343083262443542,
                    -0.4547249972820282,
                    -0.31169646978378296,
                    -1.256488561630249
                ],
                [
                    -0.5512980222702026,
                    0.6881593465805054,
                    0.47170668840408325,
                    1.901510238647461
                ],
                [
                    0.0,
                    0.5653864741325378,
                    -0.824826180934906,
                    -3.3249802589416504
                ],
                [
                    0.0,
                    0.0,
                    0.0,
                    1.0
                ]
            ]
        },
        {
            "file_path": "/data/shapenet_blender/all_50_random/02958343/ad45b2d40c7801ef2074a73831d8a3a2/r_34",
            "rotation": 0.12566370614359174,
            "transform_matrix": [
                [
                    0.5702016353607178,
                    0.19352132081985474,
                    0.7983855605125427,
                    3.218395233154297
                ],
                [
                    0.8215047717094421,
                    -0.13432204723358154,
                    -0.5541548132896423,
                    -2.2338695526123047
                ],
                [
                    7.450580596923828e-09,
                    0.971857488155365,
                    -0.23556934297084808,
                    -0.9496104121208191
                ],
                [
                    0.0,
                    0.0,
                    0.0,
                    1.0
                ]
            ]
        },
        {
            "file_path": "/data/shapenet_blender/all_50_random/02958343/ad45b2d40c7801ef2074a73831d8a3a2/r_35",
            "rotation": 0.12566370614359174,
            "transform_matrix": [
                [
                    -0.20574213564395905,
                    0.15563593804836273,
                    -0.9661508798599243,
                    -3.894678831100464
                ],
                [
                    -0.9786062836647034,
                    -0.0327208936214447,
                    0.2031235247850418,
                    0.818817138671875
                ],
                [
                    0.0,
                    0.9872722625732422,
                    0.15903837978839874,
                    0.6411042213439941
                ],
                [
                    0.0,
                    0.0,
                    0.0,
                    1.0
                ]
            ]
        },
        {
            "file_path": "/data/shapenet_blender/all_50_random/02958343/ad45b2d40c7801ef2074a73831d8a3a2/r_36",
            "rotation": 0.12566370614359174,
            "transform_matrix": [
                [
                    0.9807104468345642,
                    0.0014962387504056096,
                    -0.1954602599143982,
                    -0.7879254221916199
                ],
                [
                    -0.19546596705913544,
                    0.007507071830332279,
                    -0.980681836605072,
                    -3.953254461288452
                ],
                [
                    1.1641530794914701e-10,
                    0.9999706745147705,
                    0.007654729299247265,
                    0.03085719794034958
                ],
                [
                    0.0,
                    0.0,
                    0.0,
                    1.0
                ]
            ]
        },
        {
            "file_path": "/data/shapenet_blender/all_50_random/02958343/ad45b2d40c7801ef2074a73831d8a3a2/r_37",
            "rotation": 0.12566370614359174,
            "transform_matrix": [
                [
                    -0.2179337441921234,
                    -0.21751269698143005,
                    0.9514163732528687,
                    3.8352818489074707
                ],
                [
                    0.9759635925292969,
                    -0.04857082664966583,
                    0.21245232224464417,
                    0.8564226627349854
                ],
                [
                    3.725290298461914e-09,
                    0.9748481512069702,
                    0.22286970913410187,
                    0.8984164595603943
                ],
                [
                    0.0,
                    0.0,
                    0.0,
                    1.0
                ]
            ]
        },
        {
            "file_path": "/data/shapenet_blender/all_50_random/02958343/ad45b2d40c7801ef2074a73831d8a3a2/r_38",
            "rotation": 0.12566370614359174,
            "transform_matrix": [
                [
                    0.5871932506561279,
                    -0.44567206501960754,
                    0.6757074594497681,
                    2.7238636016845703
                ],
                [
                    0.8094467520713806,
                    0.3233018219470978,
                    -0.49017539620399475,
                    -1.9759600162506104
                ],
                [
                    1.4901161193847656e-08,
                    0.834776759147644,
                    0.5505884885787964,
                    2.2194929122924805
                ],
                [
                    0.0,
                    0.0,
                    0.0,
                    1.0
                ]
            ]
        },
        {
            "file_path": "/data/shapenet_blender/all_50_random/02958343/ad45b2d40c7801ef2074a73831d8a3a2/r_39",
            "rotation": 0.12566370614359174,
            "transform_matrix": [
                [
                    0.5784854292869568,
                    0.5826635360717773,
                    -0.5708395838737488,
                    -2.3011279106140137
                ],
                [
                    -0.815692663192749,
                    0.41322222352027893,
                    -0.4048367440700531,
                    -1.6319490671157837
                ],
                [
                    -1.4901159417490817e-08,
                    0.6998217701911926,
                    0.7143175005912781,
                    2.8795058727264404
                ],
                [
                    0.0,
                    0.0,
                    0.0,
                    1.0
                ]
            ]
        },
        {
            "file_path": "/data/shapenet_blender/all_50_random/02958343/ad45b2d40c7801ef2074a73831d8a3a2/r_40",
            "rotation": 0.12566370614359174,
            "transform_matrix": [
                [
                    0.8459343910217285,
                    0.3932684659957886,
                    -0.36018720269203186,
                    -1.4519610404968262
                ],
                [
                    -0.533286988735199,
                    0.6238279938697815,
                    -0.5713523030281067,
                    -2.303194761276245
                ],
                [
                    1.4901162970204496e-08,
                    0.6754096746444702,
                    0.7374426126480103,
                    2.972726345062256
                ],
                [
                    0.0,
                    0.0,
                    0.0,
                    1.0
                ]
            ]
        },
        {
            "file_path": "/data/shapenet_blender/all_50_random/02958343/ad45b2d40c7801ef2074a73831d8a3a2/r_41",
            "rotation": 0.12566370614359174,
            "transform_matrix": [
                [
                    0.9396986365318298,
                    -0.17489852011203766,
                    -0.2938997745513916,
                    -1.1847479343414307
                ],
                [
                    -0.34200379252433777,
                    -0.48055580258369446,
                    -0.8075267672538757,
                    -3.255244493484497
                ],
                [
                    0.0,
