{
    "class": "02958343",
    "model": "928a5f0e95e7aae5780bcccc86c008c3",
    "remove_doubles": true,
    "edge_split": true,
    "denoise": true,
    "camera_angle_x": 0.6911112070083618,
    "scale_factor": 2.252214127404114,
    "hdri_file": "/data/IndoorHDRDataset2018/AG8A4677-c215096d4c.exr",
    "center_offset": [
        0.0,
        -9.313225746154785e-10,
        0.0
    ],
    "lights": [],
    "frames": [
        {
            "file_path": "/data/shapenet_blender/all_50_random/02958343/928a5f0e95e7aae5780bcccc86c008c3/r_0",
            "rotation": 0.12566370614359174,
            "transform_matrix": [
                [
                    0.8456391096115112,
                    0.1804344803094864,
                    0.5023326277732849,
                    2.024967670440674
                ],
                [
                    0.5337553024291992,
                    -0.2858659327030182,
                    -0.7958555221557617,
                    -3.2081961631774902
                ],
                [
                    0.0,
                    0.9411291480064392,
                    -0.33804723620414734,
                    -1.362712025642395
                ],
                [
                    0.0,
                    0.0,
                    0.0,
                    1.0
                ]
            ]
        },
        {
            "file_path": "/data/shapenet_blender/all_50_random/02958343/928a5f0e95e7aae5780bcccc86c008c3/r_1",
            "rotation": 0.12566370614359174,
            "transform_matrix": [
                [
                    -0.51242995262146,
                    0.09512342512607574,
                    0.8534442186355591,
                    3.4403438568115234
                ],
                [
                    0.8587290644645691,
                    0.056763071566820145,
                    0.5092763304710388,
                    2.0529587268829346
                ],
                [
                    -3.725290298461914e-09,
                    0.9938458204269409,
                    -0.11077234894037247,
                    -0.44653764367103577
                ],
                [
                    0.0,
                    0.0,
                    0.0,
                    1.0
                ]
            ]
        },
        {
            "file_path": "/data/shapenet_blender/all_50_random/02958343/928a5f0e95e7aae5780bcccc86c008c3/r_2",
            "rotation": 0.12566370614359174,
            "transform_matrix": [
                [
                    -0.7242113947868347,
                    0.3829271197319031,
                    0.5734847187995911,
                    2.311790943145752
                ],
                [
                    0.6895780563354492,
                    0.40215927362442017,
                    0.6022874116897583,
                    2.4278981685638428
                ],
                [
                    -1.4901161193847656e-08,
                    0.8316457867622375,
                    -0.5553064346313477,
                    -2.238511800765991
                ],
                [
                    0.0,
                    0.0,
                    0.0,
                    1.0
                ]
            ]
        },
        {
            "file_path": "/data/shapenet_blender/all_50_random/02958343/928a5f0e95e7aae5780bcccc86c008c3/r_3",
            "rotation": 0.12566370614359174,
            "transform_matrix": [
                [
                    0.9999861717224121,
                    0.0015098655130714178,
                    -0.005055557005107403,
                    -0.020379602909088135
                ],
                [
                    -0.005276206415146589,
                    0.28616100549697876,
                    -0.9581670165061951,
                    -3.862494707107544
                ],
                [
                    0.0,
                    0.95818030834198,
                    0.2861650288105011,
                    1.153568148612976
                ],
                [
                    0.0,
                    0.0,
                    0.0,
                    1.0
                ]
            ]
        },
        {
            "file_path": "/data/shapenet_blender/all_50_random/02958343/928a5f0e95e7aae5780bcccc86c008c3/r_4",
            "rotation": 0.12566370614359174,
            "transform_matrix": [
                [
                    -0.3511882424354553,
                    0.3945077061653137,
                    -0.8491351008415222,
                    -3.422973155975342
                ],
                [
                    -0.9363049268722534,
                    -0.14797154068946838,
                    0.31849271059036255,
                    1.2838852405548096
                ],
                [
                    0.0,
                    0.9069002270698547,
                    0.42134538292884827,
                    1.6984975337982178
                ],
                [
                    0.0,
                    0.0,
                    0.0,
                    1.0
                ]
            ]
        },
        {
            "file_path": "/data/shapenet_blender/all_50_random/02958343/928a5f0e95e7aae5780bcccc86c008c3/r_5",
            "rotation": 0.12566370614359174,
            "transform_matrix": [
                [
                    -0.13220547139644623,
                    0.18595066666603088,
                    0.9736241698265076,
                    3.924804449081421
                ],
                [
                    0.9912223815917969,
                    0.02480139210820198,
                    0.12985828518867493,
                    0.5234754681587219
                ],
                [
                    0.0,
                    0.9822459816932678,
                    -0.1875973343849182,
                    -0.756229043006897
                ],
                [
                    0.0,
                    0.0,
                    0.0,
                    1.0
                ]
            ]
        },
        {
            "file_path": "/data/shapenet_blender/all_50_random/02958343/928a5f0e95e7aae5780bcccc86c008c3/r_6",
            "rotation": 0.12566370614359174,
            "transform_matrix": [
                [
                    0.5417604446411133,
                    0.3486166298389435,
                    0.7648282051086426,
                    3.0831210613250732
                ],
                [
                    0.8405330181121826,
                    -0.2246987223625183,
                    -0.49296534061431885,
                    -1.9872068166732788
                ],
                [
                    1.4901161193847656e-08,
                    0.9099324345588684,
                    -0.4147566258907318,
                    -1.6719374656677246
                ],
                [
                    0.0,
                    0.0,
                    0.0,
                    1.0
                ]
            ]
        },
        {
            "file_path": "/data/shapenet_blender/all_50_random/02958343/928a5f0e95e7aae5780bcccc86c008c3/r_7",
            "rotation": 0.12566370614359174,
            "transform_matrix": [
                [
                    0.1871817708015442,
                    0.23112618923187256,
                    -0.9547479152679443,
                    -3.8487119674682617
                ],
                [
                    -0.9823253154754639,
                    0.044041022658348083,
                    -0.1819269210100174,
                    -0.7333709001541138
                ],
                [
                    0.0,
                    0.9719264507293701,
                    0.23528477549552917,
                    0.9484632611274719
                ],
                [
                    0.0,
                    0.0,
                    0.0,
                    1.0
                ]
            ]
        },
        {
            "file_path": "/data/shapenet_blender/all_50_random/02958343/928a5f0e95e7aae5780bcccc86c008c3/r_8",
            "rotation": 0.12566370614359174,
            "transform_matrix": [
                [
                    -0.7218265533447266,
                    -0.27703529596328735,
                    -0.6342064738273621,
                    -2.556568145751953
                ],
                [
                    -0.6920740008354187,
                    0.28894516825675964,
                    0.6614713072776794,
                    2.666476011276245
                ],
                [
                    0.0,
                    0.916385293006897,
                    -0.4002973139286041,
                    -1.6136500835418701
                ],
                [
                    0.0,
                    0.0,
                    0.0,
                    1.0
                ]
            ]
        },
        {
            "file_path": "/data/shapenet_blender/all_50_random/02958343/928a5f0e95e7aae5780bcccc86c008c3/r_9",
            "rotation": 0.12566370614359174,
            "transform_matrix": [
                [
                    -0.8929023146629333,
                    0.3762514591217041,
                    0.2473059594631195,
                    0.9969221949577332
                ],
                [
                    0.45025041699409485,
                    0.7461532354354858,
                    0.4904383718967438,
                    1.977020263671875
                ],
                [
                    1.4901161193847656e-08,
                    0.5492631196975708,
                    -0.8356494307518005,
                    -3.3686106204986572
                ],
                [
                    0.0,
                    0.0,
                    0.0,
                    1.0
                ]
            ]
        },
        {
            "file_path": "/data/shapenet_blender/all_50_random/02958343/928a5f0e95e7aae5780bcccc86c008c3/r_10",
            "rotation": 0.12566370614359174,
            "transform_matrix": [
                [
                    0.4415222108364105,
                    -0.8888653516769409,
                    -0.12237850576639175,
                    -0.49332353472709656
                ],
                [
                    -0.8972504138946533,
                    -0.4373960494995117,
                    -0.06022045761346817,
                    -0.2427564263343811
                ],
                [
                    0.0,
                    0.1363929957151413,
                    -0.9906548261642456,
                    -3.993457317352295
                ],
                [
                    0.0,
                    0.0,
                    0.0,
                    1.0
                ]
            ]
        },
        {
            "file_path": "/data/shapenet_blender/all_50_random/02958343/928a5f0e95e7aae5780bcccc86c008c3/r_11",
            "rotation": 0.12566370614359174,
            "transform_matrix": [
                [
                    -0.9495483636856079,
                    0.11160387098789215,
                    -0.293091356754303,
                    -1.1814889907836914
                ],
                [
                    -0.31362074613571167,
                    -0.33790260553359985,
                    0.8873915672302246,
                    3.5771899223327637
                ],
                [
                    0.0,
                    0.9345406889915466,
                    0.35585618019104004,
                    1.434502124786377
                ],
                [
                    0.0,
                    0.0,
                    0.0,
                    1.0
                ]
            ]
        },
        {
            "file_path": "/data/shapenet_blender/all_50_random/02958343/928a5f0e95e7aae5780bcccc86c008c3/r_12",
            "rotation": 0.12566370614359174,
            "transform_matrix": [
                [
                    0.999951183795929,
                    0.003075990593060851,
                    0.009384304285049438,
                    0.03782933950424194
                ],
                [
                    0.009875569492578506,
                    -0.3114595413208008,
                    -0.9502080678939819,
                    -3.830411195755005
                ],
                [
                    0.0,
                    0.9502543807029724,
                    -0.3114747107028961,
                    -1.2555947303771973
                ],
                [
                    0.0,
                    0.0,
                    0.0,
                    1.0
                ]
            ]
        },
        {
            "file_path": "/data/shapenet_blender/all_50_random/02958343/928a5f0e95e7aae5780bcccc86c008c3/r_13",
            "rotation": 0.12566370614359174,
            "transform_matrix": [
                [
                    0.7889490723609924,
                    0.44652292132377625,
                    -0.4221097230911255,
                    -1.7015787363052368
                ],
                [
                    -0.6144585609436035,
                    0.5733239650726318,
                    -0.5419780611991882,
                    -2.184783458709717
                ],
                [
                    0.0,
                    0.6869619488716125,
                    0.726693332195282,
                    2.929394483566284
                ],
                [
                    0.0,
                    0.0,
                    0.0,
                    1.0
                ]
            ]
        },
        {
            "file_path": "/data/shapenet_blender/all_50_random/02958343/928a5f0e95e7aae5780bcccc86c008c3/r_14",
            "rotation": 0.12566370614359174,
            "transform_matrix": [
                [
                    -0.8726839423179626,
                    -0.005572369787842035,
                    -0.4882536232471466,
                    -1.9682133197784424
                ],
                [
                    -0.48828545212745667,
                    0.009959169663488865,
                    0.8726270794868469,
                    3.517672300338745
                ],
                [
                    -4.6566125955216364e-10,
                    0.9999349117279053,
                    -0.011412113904953003,
                    -0.04600370302796364
                ],
                [
                    0.0,
                    0.0,
                    0.0,
                    1.0
                ]
            ]
        },
        {
            "file_path": "/data/shapenet_blender/all_50_random/02958343/928a5f0e95e7aae5780bcccc86c008c3/r_15",
            "rotation": 0.12566370614359174,
            "transform_matrix": [
                [
                    0.8551954627037048,
                    -0.3817903399467468,
                    -0.3505379855632782,
                    -1.413063883781433
                ],
                [
                    -0.5183056592941284,
                    -0.6299474835395813,
                    -0.5783815979957581,
                    -2.331531047821045
                ],
                [
                    -1.4901161193847656e-08,
                    0.6763151288032532,
                    -0.7366122603416443,
                    -2.969379186630249
                ],
                [
                    0.0,
                    0.0,
                    0.0,
                    1.0
                ]
            ]
        },
        {
            "file_path": "/data/shapenet_blender/all_50_random/02958343/928a5f0e95e7aae5780bcccc86c008c3/r_16",
            "rotation": 0.12566370614359174,
            "transform_matrix": [
                [
                    -0.6153438687324524,
                    0.21728096902370453,
                    -0.7577208280563354,
                    -3.0544703006744385
                ],
                [
                    -0.7882586717605591,
                    -0.16961753368377686,
                    0.5915048718452454,
                    2.384432315826416
                ],
                [
                    0.0,
                    0.9612589478492737,
                    0.27564674615859985,
                    1.111167550086975
                ],
                [
                    0.0,
                    0.0,
                    0.0,
                    1.0
                ]
            ]
        },
        {
            "file_path": "/data/shapenet_blender/all_50_random/02958343/928a5f0e95e7aae5780bcccc86c008c3/r_17",
            "rotation": 0.12566370614359174,
            "transform_matrix": [
                [
                    0.9992033839225769,
                    -0.013486161828041077,
                    -0.03756047785282135,
                    -0.15141114592552185
                ],
                [
                    -0.03990822285413742,
                    -0.33766019344329834,
                    -0.9404216408729553,
                    -3.7909610271453857
                ],
                [
                    -9.313225746154785e-10,
                    0.9411713480949402,
                    -0.3379293978214264,
                    -1.3622370958328247
                ],
                [
                    0.0,
                    0.0,
                    0.0,
                    1.0
                ]
            ]
        },
        {
            "file_path": "/data/shapenet_blender/all_50_random/02958343/928a5f0e95e7aae5780bcccc86c008c3/r_18",
            "rotation": 0.12566370614359174,
            "transform_matrix": [
                [
                    0.5057772994041443,
                    -0.06405346095561981,
                    -0.8602827787399292,
                    -3.4679107666015625
                ],
                [
                    -0.8626641035079956,
                    -0.03755435347557068,
                    -0.5043811798095703,
                    -2.0332255363464355
                ],
                [
                    -3.725290298461914e-09,
                    0.9972395300865173,
                    -0.07425077259540558,
                    -0.2993144392967224
                ],
                [
                    0.0,
                    0.0,
                    0.0,
                    1.0
                ]
            ]
        },
        {
            "file_path": "/data/shapenet_blender/all_50_random/02958343/928a5f0e95e7aae5780bcccc86c008c3/r_19",
            "rotation": 0.12566370614359174,
            "transform_matrix": [
                [
                    0.3924658000469208,
                    0.011341700330376625,
                    -0.9196966290473938,
                    -3.7074155807495117
                ],
                [
                    -0.9197665452957153,
                    0.004839520901441574,
                    -0.3924359679222107,
                    -1.5819599628448486
                ],
                [
                    -4.6566125955216364e-10,
                    0.9999240040779114,
                    0.012331063859164715,
                    0.049708105623722076
                ],
                [
                    0.0,
                    0.0,
                    0.0,
                    1.0
                ]
            ]
        },
        {
            "file_path": "/data/shapenet_blender/all_50_random/02958343/928a5f0e95e7aae5780bcccc86c008c3/r_20",
            "rotation": 0.12566370614359174,
            "transform_matrix": [
                [
                    0.3970860242843628,
                    -0.7915282249450684,
                    0.46454891562461853,
                    1.8726565837860107
                ],
                [
                    0.917781412601471,
                    0.342461496591568,
                    -0.20099107921123505,
                    -0.8102209568023682
                ],
                [
                    0.0,
                    0.5061651468276978,
                    0.8624366521835327,
                    3.476593255996704
                ],
                [
                    0.0,
                    0.0,
                    0.0,
                    1.0
                ]
            ]
        },
        {
            "file_path": "/data/shapenet_blender/all_50_random/02958343/928a5f0e95e7aae5780bcccc86c008c3/r_21",
            "rotation": 0.12566370614359174,
            "transform_matrix": [
                [
                    -0.9305439591407776,
                    0.30669501423835754,
                    0.2000650018453598,
                    0.8064877986907959
                ],
                [
                    0.36618006229400635,
                    0.7793793678283691,
                    0.5084090828895569,
                    2.0494625568389893
                ],
                [
                    -1.4901160305669237e-08,
                    0.5463569164276123,
                    -0.837552547454834,
                    -3.376282215118408
                ],
                [
                    0.0,
                    0.0,
                    0.0,
                    1.0
                ]
            ]
        },
        {
            "file_path": "/data/shapenet_blender/all_50_random/02958343/928a5f0e95e7aae5780bcccc86c008c3/r_22",
            "rotation": 0.12566370614359174,
            "transform_matrix": [
                [
                    0.8849659562110901,
                    -0.2063082605600357,
                    -0.4174591302871704,
                    -1.6828315258026123
                ],
                [
                    -0.46565571427345276,
                    -0.39208319783210754,
                    -0.793369710445404,
                    -3.1981756687164307
                ],
                [
                    1.4901161193847656e-08,
                    0.8964974284172058,
                    -0.4430488646030426,
                    -1.785987138748169
                ],
                [
                    0.0,
                    0.0,
                    0.0,
                    1.0
                ]
            ]
        },
        {
            "file_path": "/data/shapenet_blender/all_50_random/02958343/928a5f0e95e7aae5780bcccc86c008c3/r_23",
            "rotation": 0.12566370614359174,
            "transform_matrix": [
                [
                    -0.8891323208808899,
                    0.2884729504585266,
                    0.3552844822406769,
                    1.4321975708007812
                ],
                [
                    0.45765018463134766,
                    0.5604512691497803,
                    0.6902540922164917,
                    2.782503128051758
                ],
                [
                    -1.4901161193847656e-08,
                    0.776323139667511,
                    -0.6303350329399109,
                    -2.540961742401123
                ],
                [
                    0.0,
                    0.0,
                    0.0,
                    1.0
                ]
            ]
        },
        {
            "file_path": "/data/shapenet_blender/all_50_random/02958343/928a5f0e95e7aae5780bcccc86c008c3/r_24",
            "rotation": 0.12566370614359174,
            "transform_matrix": [
                [
                    0.9767595529556274,
                    0.012291963212192059,
                    0.21398510038852692,
                    0.8626015186309814
                ],
                [
                    0.21433785557746887,
                    -0.0560157410800457,
                    -0.9751520752906799,
                    -3.9309637546539307
                ],
                [
                    9.313225191043273e-10,
                    0.9983542561531067,
                    -0.05734853819012642,
                    -0.2311793565750122
                ],
                [
                    0.0,
                    0.0,
                    0.0,
                    1.0
                ]
            ]
        },
        {
            "file_path": "/data/shapenet_blender/all_50_random/02958343/928a5f0e95e7aae5780bcccc86c008c3/r_25",
            "rotation": 0.12566370614359174,
            "transform_matrix": [
                [
                    -0.2290838211774826,
                    -0.014661085791885853,
                    0.9732962846755981,
                    3.923482894897461
                ],
                [
                    0.9734066724777222,
                    -0.003450374584645033,
                    0.22905784845352173,
                    0.9233617186546326
                ],
                [
                    0.0,
                    0.9998866319656372,
                    0.01506162341684103,
                    0.06071534752845764
                ],
                [
                    0.0,
                    0.0,
                    0.0,
                    1.0
                ]
            ]
        },
        {
            "file_path": "/data/shapenet_blender/all_50_random/02958343/928a5f0e95e7aae5780bcccc86c008c3/r_26",
            "rotation": 0.12566370614359174,
            "transform_matrix": [
                [
                    -0.231113001704216,
                    0.9086880683898926,
                    -0.3476674556732178,
                    -1.4014923572540283
                ],
                [
                    -0.972926914691925,
                    -0.21585343778133392,
                    0.08258633315563202,
                    0.33291617035865784
                ],
                [
                    0.0,
                    0.35734179615974426,
                    0.9339736104011536,
                    3.764968156814575
                ],
                [
                    0.0,
                    0.0,
                    0.0,
                    1.0
                ]
            ]
        },
        {
            "file_path": "/data/shapenet_blender/all_50_random/02958343/928a5f0e95e7aae5780bcccc86c008c3/r_27",
            "rotation": 0.12566370614359174,
            "transform_matrix": [
                [
                    0.30998966097831726,
                    -0.11156685650348663,
                    0.9441711902618408,
                    3.8060758113861084
                ],
                [
                    0.9507399797439575,
                    0.036376480013132095,
                    -0.30784791707992554,
                    -1.2409746646881104
                ],
                [
                    3.725290298461914e-09,
                    0.9930908679962158,
                    0.11734739691019058,
                    0.47304248809814453
                ],
                [
                    0.0,
                    0.0,
                    0.0,
                    1.0
                ]
            ]
        },
        {
            "file_path": "/data/shapenet_blender/all_50_random/02958343/928a5f0e95e7aae5780bcccc86c008c3/r_28",
            "rotation": 0.12566370614359174,
            "transform_matrix": [
                [
                    0.9415944218635559,
                    -0.15112145245075226,
                    0.3009355366230011,
                    1.213110089302063
                ],
                [
                    0.33674901723861694,
                    0.42255541682243347,
                    -0.8414552211761475,
                    -3.392014741897583
                ],
                [
                    0.0,
                    0.8936494588851929,
                    0.4487657845020294,
                    1.809032917022705
                ],
                [
                    0.0,
                    0.0,
                    0.0,
                    1.0
                ]
            ]
        },
        {
            "file_path": "/data/shapenet_blender/all_50_random/02958343/928a5f0e95e7aae5780bcccc86c008c3/r_29",
            "rotation": 0.12566370614359174,
            "transform_matrix": [
                [
                    0.3060736060142517,
                    -0.0008719991310499609,
                    -0.9520074725151062,
                    -3.837664842605591
                ],
                [
                    -0.9520077705383301,
                    -0.00028035056311637163,
                    -0.30607348680496216,
                    -1.2338217496871948
                ],
                [
                    -2.9103826987286752e-11,
                    0.9999996423721313,
                    -0.0009159579640254378,
                    -0.0036923447623848915
                ],
                [
                    0.0,
                    0.0,
                    0.0,
                    1.0
                ]
            ]
        },
        {
            "file_path": "/data/shapenet_blender/all_50_random/02958343/928a5f0e95e7aae5780bcccc86c008c3/r_30",
            "rotation": 0.12566370614359174,
            "transform_matrix": [
                [
                    0.49993497133255005,
                    -0.5573222041130066,
                    -0.6629155278205872,
                    -2.672297954559326
                ],
                [
                    -0.8660629987716675,
                    -0.32171431183815,
                    -0.38266807794570923,
                    -1.5425844192504883
                ],
                [
                    1.4901161193847656e-08,
                    0.7654356360435486,
                    -0.6435123682022095,
                    -2.594081401824951
                ],
                [
                    0.0,
                    0.0,
                    0.0,
                    1.0
                ]
            ]
        },
        {
            "file_path": "/data/shapenet_blender/all_50_random/02958343/928a5f0e95e7aae5780bcccc86c008c3/r_31",
            "rotation": 0.12566370614359174,
            "transform_matrix": [
                [
                    0.987519383430481,
                    -0.06780748814344406,
                    0.14215315878391266,
                    0.5730377435684204
                ],
                [
                    0.15749722719192505,
                    0.42515799403190613,
                    -0.8913109302520752,
                    -3.592989444732666
                ],
                [
                    3.725290076417309e-09,
                    0.9025756120681763,
                    0.43053126335144043,
                    1.7355271577835083
                ],
                [
                    0.0,
                    0.0,
                    0.0,
                    1.0
                ]
            ]
        },
        {
            "file_path": "/data/shapenet_blender/all_50_random/02958343/928a5f0e95e7aae5780bcccc86c008c3/r_32",
            "rotation": 0.12566370614359174,
            "transform_matrix": [
                [
                    0.15446807444095612,
                    -0.2471538782119751,
                    -0.9565848112106323,
                    -3.856116771697998
                ],
                [
                    -0.987997829914093,
                    -0.03864116221666336,
                    -0.14955681562423706,
                    -0.6028828024864197
                ],
                [
                    0.0,
                    0.9682053923606873,
                    -0.25015631318092346,
                    -1.0084123611450195
                ],
                [
                    0.0,
                    0.0,
                    0.0,
                    1.0
                ]
            ]
        },
        {
            "file_path": "/data/shapenet_blender/all_50_random/02958343/928a5f0e95e7aae5780bcccc86c008c3/r_33",
            "rotation": 0.12566370614359174,
            "transform_matrix": [
                [
                    -0.20604650676250458,
                    -0.06571812927722931,
                    0.9763329029083252,
                    3.9357237815856934
                ],
                [
                    0.9785422086715698,
                    -0.013837923295795918,
                    0.20558130741119385,
                    0.82872474193573
                ],
                [
                    0.0,
                    0.997742235660553,
                    0.06715922057628632,
                    0.2707274854183197
                ],
                [
                    0.0,
                    0.0,
                    0.0,
                    1.0
                ]
            ]
        },
        {
            "file_path": "/data/shapenet_blender/all_50_random/02958343/928a5f0e95e7aae5780bcccc86c008c3/r_34",
            "rotation": 0.12566370614359174,
            "transform_matrix": [
                [
                    -0.10154419392347336,
                    0.9113797545433044,
                    -0.39884284138679504,
                    -1.6077868938446045
                ],
                [
                    -0.9948310256004333,
                    -0.09302616864442825,
                    0.040710605680942535,
                    0.1641097068786621
                ],
                [
                    0.0,
                    0.4009150266647339,
                    0.9161152243614197,
                    3.692978620529175
                ],
                [
                    0.0,
                    0.0,
                    0.0,
                    1.0
                ]
            ]
        },
        {
            "file_path": "/data/shapenet_blender/all_50_random/02958343/928a5f0e95e7aae5780bcccc86c008c3/r_35",
            "rotation": 0.12566370614359174,
            "transform_matrix": [
                [
                    -0.8734009861946106,
                    0.19640085101127625,
                    -0.4456426799297333,
                    -1.796443223953247
                ],
                [
                    -0.48700177669525146,
                    -0.35223013162612915,
                    0.7992265820503235,
                    3.221785545349121
                ],
                [
                    0.0,
                    0.9150741100311279,
                    0.4032856822013855,
                    1.6256966590881348
                ],
                [
                    0.0,
                    0.0,
                    0.0,
                    1.0
                ]
            ]
        },
        {
            "file_path": "/data/shapenet_blender/all_50_random/02958343/928a5f0e95e7aae5780bcccc86c008c3/r_36",
            "rotation": 0.12566370614359174,
            "transform_matrix": [
                [
                    0.6054934859275818,
                    0.2534273564815521,
                    -0.7544217705726624,
                    -3.0411713123321533
                ],
                [
                    -0.7958502769470215,
                    0.19281092286109924,
                    -0.5739741325378418,
                    -2.3137636184692383
                ],
                [
                    0.0,
                    0.9479442834854126,
                    0.31843602657318115,
                    1.2836567163467407
                ],
                [
                    0.0,
                    0.0,
                    0.0,
                    1.0
                ]
            ]
        },
        {
            "file_path": "/data/shapenet_blender/all_50_random/02958343/928a5f0e95e7aae5780bcccc86c008c3/r_37",
            "rotation": 0.12566370614359174,
            "transform_matrix": [
                [
                    -0.5649093985557556,
                    0.7740935683250427,
                    -0.2857556939125061,
                    -1.1519181728363037
                ],
                [
                    -0.8251529932022095,
                    -0.5299535393714905,
                    0.1956317275762558,
                    0.7886167764663696
                ],
                [
                    1.4901162970204496e-08,
                    0.34630635380744934,
                    0.9381213784217834,
                    3.7816884517669678
                ],
                [
                    0.0,
                    0.0,
                    0.0,
                    1.0
                ]
            ]
        },
        {
            "file_path": "/data/shapenet_blender/all_50_random/02958343/928a5f0e95e7aae5780bcccc86c008c3/r_38",
            "rotation": 0.12566370614359174,
            "transform_matrix": [
                [
                    0.9524685144424438,
                    -0.11285761743783951,
                    0.2829608917236328,
                    1.1406519412994385
                ],
                [
                    0.30463704466819763,
                    0.3528570234775543,
                    -0.8846965432167053,
                    -3.566326141357422
                ],
                [
                    0.0,
                    0.928846001625061,
                    0.37046581506729126,
                    1.4933955669403076
                ],
                [
                    0.0,
                    0.0,
                    0.0,
                    1.0
                ]
            ]
        },
        {
            "file_path": "/data/shapenet_blender/all_50_random/02958343/928a5f0e95e7aae5780bcccc86c008c3/r_39",
            "rotation": 0.12566370614359174,
            "transform_matrix": [
                [
                    -0.7789767980575562,
                    0.6001924872398376,
                    -0.1815599948167801,
                    -0.7318917512893677
                ],
                [
                    -0.6270527243614197,
                    -0.7456088066101074,
                    0.2255488634109497,
                    0.9092165231704712
                ],
                [
                    0.0,
                    0.2895449697971344,
                    0.9571644067764282,
                    3.8584530353546143
                ],
                [
                    0.0,
                    0.0,
                    0.0,
                    1.0
                ]
            ]
        },
        {
            "file_path": "/data/shapenet_blender/all_50_random/02958343/928a5f0e95e7aae5780bcccc86c008c3/r_40",
            "rotation": 0.12566370614359174,
            "transform_matrix": [
                [
                    -0.030386433005332947,
                    -0.3688104450702667,
                    0.9290078282356262,
                    3.744950294494629
                ],
                [
                    0.9995381236076355,
                    -0.011212012730538845,
                    0.02824227884411812,
                    0.11384826898574829
                ],
                [
                    0.0,
                    0.9294371008872986,
                    0.3689807951450348,
                    1.4874091148376465
                ],
                [
                    0.0,
                    0.0,
                    0.0,
                    1.0
                ]
            ]
        },
        {
            "file_path": "/data/shapenet_blender/all_50_random/02958343/928a5f0e95e7aae5780bcccc86c008c3/r_41",
            "rotation": 0.12566370614359174,
            "transform_matrix": [
                [
                    0.35819247364997864,
                    -0.26993152499198914,
                    -0.8937757611274719,
                    -3.6029253005981445
                ],
                [
                    -0.9336476922035217,
                    -0.10355881601572037,
                    -0.3428956866264343,
                    -1.3822567462921143
                ],
                [
