{
    "class": "02958343",
    "model": "96ca20dd7caff0bb851f021b9ed69c58",
    "remove_doubles": true,
    "edge_split": true,
    "denoise": true,
    "camera_angle_x": 0.6911112070083618,
    "scale_factor": 2.0977092040073146,
    "hdri_file": "/data/IndoorHDRDataset2018/9C4A1422-d10d3de985.exr",
    "center_offset": [
        0.0,
        -9.313225746154785e-10,
        0.0
    ],
    "lights": [],
    "frames": [
        {
            "file_path": "/data/shapenet_blender/all_50_random/02958343/96ca20dd7caff0bb851f021b9ed69c58/r_0",
            "rotation": 0.12566370614359174,
            "transform_matrix": [
                [
                    -0.692703902721405,
                    -0.051516517996788025,
                    -0.7193798422813416,
                    -2.8999128341674805
                ],
                [
                    -0.7212221026420593,
                    0.04947948083281517,
                    0.6909344792366028,
                    2.785245895385742
                ],
                [
                    3.725290298461914e-09,
                    0.9974456429481506,
                    -0.07142948359251022,
                    -0.28794145584106445
                ],
                [
                    0.0,
                    0.0,
                    0.0,
                    1.0
                ]
            ]
        },
        {
            "file_path": "/data/shapenet_blender/all_50_random/02958343/96ca20dd7caff0bb851f021b9ed69c58/r_1",
            "rotation": 0.12566370614359174,
            "transform_matrix": [
                [
                    0.013628470711410046,
                    -0.06275720149278641,
                    0.9979356527328491,
                    4.022807598114014
                ],
                [
                    0.9999071359634399,
                    0.0008553641382604837,
                    -0.01360160019248724,
                    -0.054829806089401245
                ],
                [
                    0.0,
                    0.9980285167694092,
                    0.06276301294565201,
                    0.25300583243370056
                ],
                [
                    0.0,
                    0.0,
                    0.0,
                    1.0
                ]
            ]
        },
        {
            "file_path": "/data/shapenet_blender/all_50_random/02958343/96ca20dd7caff0bb851f021b9ed69c58/r_2",
            "rotation": 0.12566370614359174,
            "transform_matrix": [
                [
                    0.9447155594825745,
                    0.009051873348653316,
                    0.32776618003845215,
                    1.3212677240371704
                ],
                [
                    0.32789117097854614,
                    -0.026080133393406868,
                    -0.9443554282188416,
                    -3.8068184852600098
                ],
                [
                    0.0,
                    0.9996188282966614,
                    -0.027606336399912834,
                    -0.11128470301628113
                ],
                [
                    0.0,
                    0.0,
                    0.0,
                    1.0
                ]
            ]
        },
        {
            "file_path": "/data/shapenet_blender/all_50_random/02958343/96ca20dd7caff0bb851f021b9ed69c58/r_3",
            "rotation": 0.12566370614359174,
            "transform_matrix": [
                [
                    -0.24461887776851654,
                    0.5468152761459351,
                    0.800721287727356,
                    3.227810859680176
                ],
                [
                    0.9696193337440491,
                    0.13795241713523865,
                    0.2020086944103241,
                    0.8143230676651001
                ],
                [
                    0.0,
                    0.825809895992279,
                    -0.5639484524726868,
                    -2.273348808288574
                ],
                [
                    0.0,
                    0.0,
                    0.0,
                    1.0
                ]
            ]
        },
        {
            "file_path": "/data/shapenet_blender/all_50_random/02958343/96ca20dd7caff0bb851f021b9ed69c58/r_4",
            "rotation": 0.12566370614359174,
            "transform_matrix": [
                [
                    0.36135637760162354,
                    0.1152997612953186,
                    0.9252716302871704,
                    3.729889154434204
                ],
                [
                    0.9324278235435486,
                    -0.04468367621302605,
                    -0.3585830330848694,
                    -1.4454944133758545
                ],
                [
                    0.0,
                    0.9923252463340759,
                    -0.12365542352199554,
                    -0.4984709620475769
                ],
                [
                    0.0,
                    0.0,
                    0.0,
                    1.0
                ]
            ]
        },
        {
            "file_path": "/data/shapenet_blender/all_50_random/02958343/96ca20dd7caff0bb851f021b9ed69c58/r_5",
            "rotation": 0.12566370614359174,
            "transform_matrix": [
                [
                    -0.0637420266866684,
                    -0.6574351191520691,
                    -0.7508101463317871,
                    -3.0266127586364746
                ],
                [
                    -0.9979664087295532,
                    0.041991639882326126,
                    0.047955676913261414,
                    0.1933155357837677
                ],
                [
                    3.725290298461914e-09,
                    0.7523400187492371,
                    -0.6587748527526855,
                    -2.655606508255005
                ],
                [
                    0.0,
                    0.0,
                    0.0,
                    1.0
                ]
            ]
        },
        {
            "file_path": "/data/shapenet_blender/all_50_random/02958343/96ca20dd7caff0bb851f021b9ed69c58/r_6",
            "rotation": 0.12566370614359174,
            "transform_matrix": [
                [
                    0.8891621828079224,
                    0.005005174316465855,
                    0.45756474137306213,
                    1.8445022106170654
                ],
                [
                    0.45759204030036926,
                    -0.009725719690322876,
                    -0.8891091346740723,
                    -3.584113121032715
                ],
                [
                    4.656612040410124e-10,
                    0.9999402165412903,
                    -0.010938072577118874,
                    -0.044092774391174316
                ],
                [
                    0.0,
                    0.0,
                    0.0,
                    1.0
                ]
            ]
        },
        {
            "file_path": "/data/shapenet_blender/all_50_random/02958343/96ca20dd7caff0bb851f021b9ed69c58/r_7",
            "rotation": 0.12566370614359174,
            "transform_matrix": [
                [
                    0.8744728565216064,
                    0.22077438235282898,
                    0.4319211542606354,
                    1.741129994392395
                ],
                [
                    0.4850744605064392,
                    -0.3980032205581665,
                    -0.778650164604187,
                    -3.1388394832611084
                ],
                [
                    0.0,
                    0.8904224634170532,
                    -0.4551349878311157,
                    -1.8347079753875732
                ],
                [
                    0.0,
                    0.0,
                    0.0,
                    1.0
                ]
            ]
        },
        {
            "file_path": "/data/shapenet_blender/all_50_random/02958343/96ca20dd7caff0bb851f021b9ed69c58/r_8",
            "rotation": 0.12566370614359174,
            "transform_matrix": [
                [
                    0.9827369451522827,
                    0.0004291606892365962,
                    -0.18500812351703644,
                    -0.7457916736602783
                ],
                [
                    -0.18500864505767822,
                    0.002279634354636073,
                    -0.9827341437339783,
                    -3.9615283012390137
                ],
                [
                    2.9103830456733704e-11,
                    0.9999973177909851,
                    0.002319678897038102,
                    0.00935092568397522
                ],
                [
                    0.0,
                    0.0,
                    0.0,
                    1.0
                ]
            ]
        },
        {
            "file_path": "/data/shapenet_blender/all_50_random/02958343/96ca20dd7caff0bb851f021b9ed69c58/r_9",
            "rotation": 0.12566370614359174,
            "transform_matrix": [
                [
                    0.9996098875999451,
                    0.011651760898530483,
                    -0.025380492210388184,
                    -0.10231204330921173
                ],
                [
                    -0.027927277609705925,
                    0.4170551598072052,
                    -0.9084519743919373,
                    -3.6620872020721436
                ],
                [
                    0.0,
                    0.9088064432144165,
                    0.417217880487442,
                    1.6818591356277466
                ],
                [
                    0.0,
                    0.0,
                    0.0,
                    1.0
                ]
            ]
        },
        {
            "file_path": "/data/shapenet_blender/all_50_random/02958343/96ca20dd7caff0bb851f021b9ed69c58/r_10",
            "rotation": 0.12566370614359174,
            "transform_matrix": [
                [
                    0.9037567377090454,
                    0.26478466391563416,
                    0.33632248640060425,
                    1.3557592630386353
                ],
                [
                    0.42804643511772156,
                    -0.5590536594390869,
                    -0.710095226764679,
                    -2.862485408782959
                ],
                [
                    -1.4901161193847656e-08,
                    0.7857149839401245,
                    -0.6185885667800903,
                    -2.493610382080078
                ],
                [
                    0.0,
                    0.0,
                    0.0,
                    1.0
                ]
            ]
        },
        {
            "file_path": "/data/shapenet_blender/all_50_random/02958343/96ca20dd7caff0bb851f021b9ed69c58/r_11",
            "rotation": 0.12566370614359174,
            "transform_matrix": [
                [
                    -0.5419945120811462,
                    0.678776741027832,
                    0.4954836666584015,
                    1.9973585605621338
                ],
                [
                    0.8403821587562561,
                    0.4377690255641937,
                    0.319556325674057,
                    1.288172721862793
                ],
                [
                    1.4901162970204496e-08,
                    0.5895932912826538,
                    -0.8077002167701721,
                    -3.255943775177002
                ],
                [
                    0.0,
                    0.0,
                    0.0,
                    1.0
                ]
            ]
        },
        {
            "file_path": "/data/shapenet_blender/all_50_random/02958343/96ca20dd7caff0bb851f021b9ed69c58/r_12",
            "rotation": 0.12566370614359174,
            "transform_matrix": [
                [
                    0.41786989569664,
                    0.18088388442993164,
                    -0.8903177976608276,
                    -3.5889859199523926
                ],
                [
                    -0.9085069298744202,
                    0.08319796621799469,
                    -0.4095037877559662,
                    -1.6507625579833984
                ],
                [
                    -7.450580596923828e-09,
                    0.9799790978431702,
                    0.19910018146038055,
                    0.8025984764099121
                ],
                [
                    0.0,
                    0.0,
                    0.0,
                    1.0
                ]
            ]
        },
        {
            "file_path": "/data/shapenet_blender/all_50_random/02958343/96ca20dd7caff0bb851f021b9ed69c58/r_13",
            "rotation": 0.12566370614359174,
            "transform_matrix": [
                [
                    0.12793199717998505,
                    0.7832077145576477,
                    -0.6084562540054321,
                    -2.452765941619873
                ],
                [
                    -0.9917829632759094,
                    0.1010274738073349,
                    -0.07848594337701797,
                    -0.31638699769973755
                ],
                [
                    0.0,
                    0.6134974956512451,
                    0.7896966338157654,
                    3.1833691596984863
                ],
                [
                    0.0,
                    0.0,
                    0.0,
                    1.0
                ]
            ]
        },
        {
            "file_path": "/data/shapenet_blender/all_50_random/02958343/96ca20dd7caff0bb851f021b9ed69c58/r_14",
            "rotation": 0.12566370614359174,
            "transform_matrix": [
                [
                    -0.5457839965820312,
                    -0.46279212832450867,
                    0.6985293626785278,
                    2.8158621788024902
                ],
                [
                    0.8379260301589966,
                    -0.30144011974334717,
                    0.4549877941608429,
                    1.8341145515441895
                ],
                [
                    1.4901162970204496e-08,
                    0.8336410522460938,
                    0.552306592464447,
                    2.22641921043396
                ],
                [
                    0.0,
                    0.0,
                    0.0,
                    1.0
                ]
            ]
        },
        {
            "file_path": "/data/shapenet_blender/all_50_random/02958343/96ca20dd7caff0bb851f021b9ed69c58/r_15",
            "rotation": 0.12566370614359174,
            "transform_matrix": [
                [
                    0.6309958696365356,
                    0.4349958896636963,
                    -0.6423571109771729,
                    -2.5894246101379395
                ],
                [
                    -0.7757861614227295,
                    0.3538095951080322,
                    -0.5224695801734924,
                    -2.106142520904541
                ],
                [
                    -1.4901161193847656e-08,
                    0.8280079960823059,
                    0.5607161521911621,
                    2.260319232940674
                ],
                [
                    0.0,
                    0.0,
                    0.0,
                    1.0
                ]
            ]
        },
        {
            "file_path": "/data/shapenet_blender/all_50_random/02958343/96ca20dd7caff0bb851f021b9ed69c58/r_16",
            "rotation": 0.12566370614359174,
            "transform_matrix": [
                [
                    0.13034702837467194,
                    0.7989888787269592,
                    -0.5870487689971924,
                    -2.366468906402588
                ],
                [
                    -0.9914683699607849,
                    0.10504201054573059,
                    -0.07717852294445038,
                    -0.3111165463924408
                ],
                [
                    0.0,
                    0.592100203037262,
                    0.8058643937110901,
                    3.2485427856445312
                ],
                [
                    0.0,
                    0.0,
                    0.0,
                    1.0
                ]
            ]
        },
        {
            "file_path": "/data/shapenet_blender/all_50_random/02958343/96ca20dd7caff0bb851f021b9ed69c58/r_17",
            "rotation": 0.12566370614359174,
            "transform_matrix": [
                [
                    -0.6528038382530212,
                    0.4126371443271637,
                    -0.6352776288986206,
                    -2.5608861446380615
                ],
                [
                    -0.7575271129608154,
                    -0.3555927872657776,
                    0.5474546551704407,
                    2.206860303878784
                ],
                [
                    0.0,
                    0.8386203050613403,
                    0.5447161793708801,
                    2.1958210468292236
                ],
                [
                    0.0,
                    0.0,
                    0.0,
                    1.0
                ]
            ]
        },
        {
            "file_path": "/data/shapenet_blender/all_50_random/02958343/96ca20dd7caff0bb851f021b9ed69c58/r_18",
            "rotation": 0.12566370614359174,
            "transform_matrix": [
                [
                    -0.9987611770629883,
                    0.03486736863851547,
                    0.035503219813108444,
                    0.14311805367469788
                ],
                [
                    0.04976155608892441,
                    0.699820876121521,
                    0.7125830054283142,
                    2.872514009475708
                ],
                [
                    0.0,
                    0.7134668231010437,
                    -0.7006889581680298,
                    -2.8245675563812256
                ],
                [
                    0.0,
                    0.0,
                    0.0,
                    1.0
                ]
            ]
        },
        {
            "file_path": "/data/shapenet_blender/all_50_random/02958343/96ca20dd7caff0bb851f021b9ed69c58/r_19",
            "rotation": 0.12566370614359174,
            "transform_matrix": [
                [
                    -0.9845234155654907,
                    0.14454926550388336,
                    -0.09909256547689438,
                    -0.3994549512863159
                ],
                [
                    -0.17525361478328705,
                    -0.812035322189331,
                    0.5566729307174683,
                    2.244020700454712
                ],
                [
                    0.0,
                    0.5654239058494568,
                    0.8248003721237183,
                    3.3248767852783203
                ],
                [
                    0.0,
                    0.0,
                    0.0,
                    1.0
                ]
            ]
        },
        {
            "file_path": "/data/shapenet_blender/all_50_random/02958343/96ca20dd7caff0bb851f021b9ed69c58/r_20",
            "rotation": 0.12566370614359174,
            "transform_matrix": [
                [
                    0.6463391184806824,
                    -0.18305610120296478,
                    0.7407673597335815,
                    2.986128807067871
                ],
                [
                    0.7630504369735718,
                    0.15505701303482056,
                    -0.6274643540382385,
                    -2.5293896198272705
                ],
                [
                    0.0,
                    0.9707974791526794,
                    0.23990043997764587,
                    0.9670696258544922
                ],
                [
                    0.0,
                    0.0,
                    0.0,
                    1.0
                ]
            ]
        },
        {
            "file_path": "/data/shapenet_blender/all_50_random/02958343/96ca20dd7caff0bb851f021b9ed69c58/r_21",
            "rotation": 0.12566370614359174,
            "transform_matrix": [
                [
                    0.3677949011325836,
                    0.4609066843986511,
                    0.8076459169387817,
                    3.2557249069213867
                ],
                [
                    0.929906964302063,
                    -0.18229685723781586,
                    -0.31943845748901367,
                    -1.2876975536346436
                ],
                [
                    0.0,
                    0.8685232996940613,
                    -0.49564820528030396,
                    -1.9980218410491943
                ],
                [
                    0.0,
                    0.0,
                    0.0,
                    1.0
                ]
            ]
        },
        {
            "file_path": "/data/shapenet_blender/all_50_random/02958343/96ca20dd7caff0bb851f021b9ed69c58/r_22",
            "rotation": 0.12566370614359174,
            "transform_matrix": [
                [
                    0.08611524105072021,
                    0.7139757871627808,
                    -0.6948544383049011,
                    -2.8010480403900146
                ],
                [
                    -0.9962851405143738,
                    0.06171345338225365,
                    -0.06006067618727684,
                    -0.24211233854293823
                ],
                [
                    0.0,
                    0.6974453926086426,
                    0.716637909412384,
                    2.888859987258911
                ],
                [
                    0.0,
                    0.0,
                    0.0,
                    1.0
                ]
            ]
        },
        {
            "file_path": "/data/shapenet_blender/all_50_random/02958343/96ca20dd7caff0bb851f021b9ed69c58/r_23",
            "rotation": 0.12566370614359174,
            "transform_matrix": [
                [
                    -0.9918098449707031,
                    -0.018888775259256363,
                    -0.12631942331790924,
                    -0.509209930896759
                ],
                [
                    -0.12772387266159058,
                    0.14667634665966034,
                    0.9809039235115051,
                    3.954150438308716
                ],
                [
                    0.0,
                    0.9890040755271912,
                    -0.14788757264614105,
                    -0.5961539149284363
                ],
                [
                    0.0,
                    0.0,
                    0.0,
                    1.0
                ]
            ]
        },
        {
            "file_path": "/data/shapenet_blender/all_50_random/02958343/96ca20dd7caff0bb851f021b9ed69c58/r_24",
            "rotation": 0.12566370614359174,
            "transform_matrix": [
                [
                    -0.9846782088279724,
                    -0.09098482131958008,
                    -0.14876340329647064,
                    -0.599684476852417
                ],
                [
                    -0.17438116669654846,
                    0.5137640237808228,
                    0.8400224447250366,
                    3.3862388134002686
                ],
                [
                    -7.450580596923828e-09,
                    0.8530933856964111,
                    -0.5217582583427429,
                    -2.1032748222351074
                ],
                [
                    0.0,
                    0.0,
                    0.0,
                    1.0
                ]
            ]
        },
        {
            "file_path": "/data/shapenet_blender/all_50_random/02958343/96ca20dd7caff0bb851f021b9ed69c58/r_25",
            "rotation": 0.12566370614359174,
            "transform_matrix": [
                [
                    0.8982017636299133,
                    -0.028406500816345215,
                    0.4386644959449768,
                    1.7683131694793701
                ],
                [
                    0.43958327174186707,
                    0.05804308503866196,
                    -0.8963244557380676,
                    -3.613199472427368
                ],
                [
                    0.0,
                    0.9979097843170166,
                    0.06462143361568451,
                    0.2604973316192627
                ],
                [
                    0.0,
                    0.0,
                    0.0,
                    1.0
                ]
            ]
        },
        {
            "file_path": "/data/shapenet_blender/all_50_random/02958343/96ca20dd7caff0bb851f021b9ed69c58/r_26",
            "rotation": 0.12566370614359174,
            "transform_matrix": [
                [
                    -0.9831621646881104,
                    0.0725545883178711,
                    0.16771438717842102,
                    0.6760783195495605
                ],
                [
                    0.18273557722568512,
                    0.390361487865448,
                    0.9023445248603821,
                    3.6374671459198
                ],
                [
                    0.0,
                    0.9177982807159424,
                    -0.39704689383506775,
                    -1.600547194480896
                ],
                [
                    0.0,
                    0.0,
                    0.0,
                    1.0
                ]
            ]
        },
        {
            "file_path": "/data/shapenet_blender/all_50_random/02958343/96ca20dd7caff0bb851f021b9ed69c58/r_27",
            "rotation": 0.12566370614359174,
            "transform_matrix": [
                [
                    -0.6107988357543945,
                    0.16933344304561615,
                    -0.7734668254852295,
                    -3.1179444789886475
                ],
                [
                    -0.7917857766151428,
                    -0.1306270807981491,
                    0.5966672897338867,
                    2.405242681503296
                ],
                [
                    1.4901160305669237e-08,
                    0.97686368227005,
                    0.21386270225048065,
                    0.8621081113815308
                ],
                [
                    0.0,
                    0.0,
                    0.0,
                    1.0
                ]
            ]
        },
        {
            "file_path": "/data/shapenet_blender/all_50_random/02958343/96ca20dd7caff0bb851f021b9ed69c58/r_28",
            "rotation": 0.12566370614359174,
            "transform_matrix": [
                [
                    0.9583064317703247,
                    0.05446707084774971,
                    0.2805033028125763,
                    1.1307448148727417
                ],
                [
                    0.28574246168136597,
                    -0.18266849219799042,
                    -0.9407356381416321,
                    -3.7922263145446777
                ],
                [
                    0.0,
                    0.9816646575927734,
                    -0.19061598181724548,
                    -0.7683975100517273
                ],
                [
                    0.0,
                    0.0,
                    0.0,
                    1.0
                ]
            ]
        },
        {
            "file_path": "/data/shapenet_blender/all_50_random/02958343/96ca20dd7caff0bb851f021b9ed69c58/r_29",
            "rotation": 0.12566370614359174,
            "transform_matrix": [
                [
                    -0.987396776676178,
                    0.007848777808248997,
                    0.15806953608989716,
                    0.6371987462043762
                ],
                [
                    0.15826429426670074,
                    0.04896782338619232,
                    0.9861817359924316,
                    3.975425958633423
                ],
                [
                    -4.656612873077393e-10,
                    0.9987695217132568,
                    -0.049592845141887665,
                    -0.19991517066955566
                ],
                [
                    0.0,
                    0.0,
                    0.0,
                    1.0
                ]
            ]
        },
        {
            "file_path": "/data/shapenet_blender/all_50_random/02958343/96ca20dd7caff0bb851f021b9ed69c58/r_30",
            "rotation": 0.12566370614359174,
            "transform_matrix": [
                [
                    -0.3500783443450928,
                    0.3392828106880188,
                    0.8731163740158081,
                    3.5196447372436523
                ],
                [
                    0.9367204308509827,
                    0.12679938971996307,
                    0.3263077735900879,
                    1.3153886795043945
                ],
                [
                    -7.450580596923828e-09,
                    0.9320992231369019,
                    -0.36220288276672363,
                    -1.460086464881897
                ],
                [
                    0.0,
                    0.0,
                    0.0,
                    1.0
                ]
            ]
        },
        {
            "file_path": "/data/shapenet_blender/all_50_random/02958343/96ca20dd7caff0bb851f021b9ed69c58/r_31",
            "rotation": 0.12566370614359174,
            "transform_matrix": [
                [
                    0.8296181559562683,
                    0.043530166149139404,
                    0.5566317439079285,
                    2.243854284286499
                ],
                [
                    0.5583312511444092,
                    -0.06468097865581512,
                    -0.8270928263664246,
                    -3.334117889404297
                ],
                [
                    -3.725290742551124e-09,
                    0.9969559907913208,
                    -0.07796477526426315,
                    -0.3142860531806946
                ],
                [
                    0.0,
                    0.0,
                    0.0,
                    1.0
                ]
            ]
        },
        {
            "file_path": "/data/shapenet_blender/all_50_random/02958343/96ca20dd7caff0bb851f021b9ed69c58/r_32",
            "rotation": 0.12566370614359174,
            "transform_matrix": [
                [
                    0.1438073068857193,
                    -0.7894423007965088,
                    0.5967414379119873,
                    2.4055416584014893
                ],
                [
                    0.9896057844161987,
                    0.11472000181674957,
                    -0.0867171436548233,
                    -0.3495679795742035
                ],
                [
                    7.450580596923828e-09,
                    0.6030093431472778,
                    0.7977341413497925,
                    3.2157692909240723
                ],
                [
                    0.0,
                    0.0,
                    0.0,
                    1.0
                ]
            ]
        },
        {
            "file_path": "/data/shapenet_blender/all_50_random/02958343/96ca20dd7caff0bb851f021b9ed69c58/r_33",
            "rotation": 0.12566370614359174,
            "transform_matrix": [
                [
                    -0.9160491228103638,
                    -0.028347883373498917,
                    -0.40006309747695923,
                    -1.6127060651779175
                ],
                [
                    -0.40106624364852905,
                    0.06474754214286804,
                    0.9137579202651978,
                    3.683476209640503
                ],
                [
                    0.0,
                    0.9974989891052246,
                    -0.07068129628896713,
                    -0.2849254608154297
                ],
                [
                    0.0,
                    0.0,
                    0.0,
                    1.0
                ]
            ]
        },
        {
            "file_path": "/data/shapenet_blender/all_50_random/02958343/96ca20dd7caff0bb851f021b9ed69c58/r_34",
            "rotation": 0.12566370614359174,
            "transform_matrix": [
                [
                    0.5579031109809875,
                    0.006352629978209734,
                    -0.8298817276954651,
                    -3.345360279083252
                ],
                [
                    -0.8299061059951782,
                    0.004270546138286591,
                    -0.5578867793083191,
                    -2.248913526535034
                ],
                [
                    0.0,
                    0.9999707341194153,
                    0.007654637098312378,
                    0.03085682913661003
                ],
                [
                    0.0,
                    0.0,
                    0.0,
                    1.0
                ]
            ]
        },
        {
            "file_path": "/data/shapenet_blender/all_50_random/02958343/96ca20dd7caff0bb851f021b9ed69c58/r_35",
            "rotation": 0.12566370614359174,
            "transform_matrix": [
                [
                    0.14880427718162537,
                    -0.002475949004292488,
                    0.9888635873794556,
                    3.986236572265625
                ],
                [
                    0.9888666868209839,
                    0.0003725798160303384,
                    -0.14880380034446716,
                    -0.5998473167419434
                ],
                [
                    2.9103826987286752e-11,
                    0.9999969005584717,
                    0.002503825118765235,
                    0.010093241930007935
                ],
                [
                    0.0,
                    0.0,
                    0.0,
                    1.0
                ]
            ]
        },
        {
            "file_path": "/data/shapenet_blender/all_50_random/02958343/96ca20dd7caff0bb851f021b9ed69c58/r_36",
            "rotation": 0.12566370614359174,
            "transform_matrix": [
                [
                    -0.005287739913910627,
                    -0.45198166370391846,
                    0.8920115828514099,
                    3.595813751220703
                ],
                [
                    0.9999860525131226,
                    -0.002389994915574789,
                    0.004716791212558746,
                    0.019013993442058563
                ],
                [
                    0.0,
                    0.892024040222168,
                    0.4519879221916199,
                    1.8220216035842896
                ],
                [
                    0.0,
                    0.0,
                    0.0,
                    1.0
                ]
            ]
        },
        {
            "file_path": "/data/shapenet_blender/all_50_random/02958343/96ca20dd7caff0bb851f021b9ed69c58/r_37",
            "rotation": 0.12566370614359174,
            "transform_matrix": [
                [
                    0.6052899956703186,
                    -0.4869905710220337,
                    -0.629654049873352,
                    -2.5382168292999268
                ],
                [
                    -0.7960050106048584,
                    -0.370312362909317,
                    -0.4787950813770294,
                    -1.9300848245620728
                ],
                [
                    0.0,
                    0.7910177111625671,
                    -0.6117932200431824,
                    -2.466217517852783
                ],
                [
                    0.0,
                    0.0,
                    0.0,
                    1.0
                ]
            ]
        },
        {
            "file_path": "/data/shapenet_blender/all_50_random/02958343/96ca20dd7caff0bb851f021b9ed69c58/r_38",
            "rotation": 0.12566370614359174,
            "transform_matrix": [
                [
                    -0.7459353804588318,
                    0.3529498279094696,
                    -0.5648068189620972,
                    -2.2768094539642334
                ],
                [
                    -0.6660182476043701,
                    -0.39530107378959656,
                    0.6325793266296387,
                    2.55000901222229
                ],
                [
                    2.9802322387695312e-08,
                    0.8480350375175476,
                    0.5299400091171265,
                    2.136256694793701
                ],
                [
                    0.0,
                    0.0,
                    0.0,
                    1.0
                ]
            ]
        },
        {
            "file_path": "/data/shapenet_blender/all_50_random/02958343/96ca20dd7caff0bb851f021b9ed69c58/r_39",
            "rotation": 0.12566370614359174,
            "transform_matrix": [
                [
                    0.6137965321540833,
                    -0.5925282835960388,
                    -0.5216934680938721,
                    -2.103013753890991
                ],
                [
                    -0.7894643545150757,
                    -0.4606817662715912,
                    -0.40560877323150635,
                    -1.635061264038086
                ],
                [
                    0.0,
                    0.6608195304870605,
                    -0.7505447268486023,
                    -3.0255424976348877
                ],
                [
                    0.0,
                    0.0,
                    0.0,
                    1.0
                ]
            ]
        },
        {
            "file_path": "/data/shapenet_blender/all_50_random/02958343/96ca20dd7caff0bb851f021b9ed69c58/r_40",
            "rotation": 0.12566370614359174,
            "transform_matrix": [
                [
                    0.4863567054271698,
                    0.3463999629020691,
                    -0.8021621704101562,
                    -3.233619213104248
                ],
                [
                    -0.8737602829933167,
                    0.19281481206417084,
                    -0.4465034008026123,
                    -1.7999128103256226
                ],
                [
                    0.0,
                    0.918057382106781,
                    0.3964473605155945,
                    1.598130464553833
                ],
                [
                    0.0,
                    0.0,
                    0.0,
                    1.0
                ]
            ]
        },
        {
            "file_path": "/data/shapenet_blender/all_50_random/02958343/96ca20dd7caff0bb851f021b9ed69c58/r_41",
            "rotation": 0.12566370614359174,
            "transform_matrix": [
                [
                    0.9621472954750061,
                    0.18100157380104065,
                    0.20374256372451782,
                    0.8213126063346863
                ],
                [
                    0.2725300192832947,
                    -0.6390128135681152,
                    -0.7192981839179993,
                    -2.8995840549468994
                ],
                [
                    0.0,
