{
    "class": "02958343",
    "model": "3da0d2ecb594ceae348b30181b0729b3",
    "remove_doubles": true,
    "edge_split": true,
    "denoise": true,
    "camera_angle_x": 0.6911112070083618,
    "scale_factor": 2.226578853944439,
    "hdri_file": "/data/IndoorHDRDataset2018/AG8A1243-680fd6f8b0.exr",
    "center_offset": [
        0.0,
        0.0,
        1.862645149230957e-09
    ],
    "lights": [],
    "frames": [
        {
            "file_path": "/data/shapenet_blender/all_50_random/02958343/3da0d2ecb594ceae348b30181b0729b3/r_0",
            "rotation": 0.12566370614359174,
            "transform_matrix": [
                [
                    -0.015407154336571693,
                    0.3191313147544861,
                    0.9475852847099304,
                    3.819838523864746
                ],
                [
                    0.9998813271522522,
                    0.004917488899081945,
                    0.014601325616240501,
                    0.058859825134277344
                ],
                [
                    0.0,
                    0.9476977586746216,
                    -0.31916916370391846,
                    -1.2866120338439941
                ],
                [
                    0.0,
                    0.0,
                    0.0,
                    1.0
                ]
            ]
        },
        {
            "file_path": "/data/shapenet_blender/all_50_random/02958343/3da0d2ecb594ceae348b30181b0729b3/r_1",
            "rotation": 0.12566370614359174,
            "transform_matrix": [
                [
                    -0.01901744306087494,
                    0.23344245553016663,
                    -0.9721845984458923,
                    -3.919001579284668
                ],
                [
                    -0.9998190999031067,
                    -0.004440282471477985,
                    0.01849181205034256,
                    0.07454288005828857
                ],
                [
                    0.0,
                    0.9723605513572693,
                    0.2334846556186676,
                    0.9412067532539368
                ],
                [
                    0.0,
                    0.0,
                    0.0,
                    1.0
                ]
            ]
        },
        {
            "file_path": "/data/shapenet_blender/all_50_random/02958343/3da0d2ecb594ceae348b30181b0729b3/r_2",
            "rotation": 0.12566370614359174,
            "transform_matrix": [
                [
                    0.8131739497184753,
                    0.0818767324090004,
                    -0.5762328505516052,
                    -2.322869062423706
                ],
                [
                    -0.5820207595825195,
                    0.11439458280801773,
                    -0.8050873279571533,
                    -3.2454111576080322
                ],
                [
                    0.0,
                    0.9900556206703186,
                    0.14067663252353668,
                    0.5670856833457947
                ],
                [
                    0.0,
                    0.0,
                    0.0,
                    1.0
                ]
            ]
        },
        {
            "file_path": "/data/shapenet_blender/all_50_random/02958343/3da0d2ecb594ceae348b30181b0729b3/r_3",
            "rotation": 0.12566370614359174,
            "transform_matrix": [
                [
                    -0.10453912615776062,
                    0.22112861275672913,
                    0.9696255922317505,
                    3.9086856842041016
                ],
                [
                    0.9945207834243774,
                    0.023243948817253113,
                    0.10192225873470306,
                    0.4108617603778839
                ],
                [
                    0.0,
                    0.9749675393104553,
                    -0.2223469316959381,
                    -0.8963091373443604
                ],
                [
                    0.0,
                    0.0,
                    0.0,
                    1.0
                ]
            ]
        },
        {
            "file_path": "/data/shapenet_blender/all_50_random/02958343/3da0d2ecb594ceae348b30181b0729b3/r_4",
            "rotation": 0.12566370614359174,
            "transform_matrix": [
                [
                    0.7589378356933594,
                    0.011318913660943508,
                    -0.6510648131370544,
                    -2.624526262283325
                ],
                [
                    -0.6511632204055786,
                    0.013192317448556423,
                    -0.7588230967521667,
                    -3.0589137077331543
                ],
                [
                    0.0,
                    0.9998488426208496,
                    0.017382610589265823,
                    0.07007154822349548
                ],
                [
                    0.0,
                    0.0,
                    0.0,
                    1.0
                ]
            ]
        },
        {
            "file_path": "/data/shapenet_blender/all_50_random/02958343/3da0d2ecb594ceae348b30181b0729b3/r_5",
            "rotation": 0.12566370614359174,
            "transform_matrix": [
                [
                    0.8877080082893372,
                    -0.27575409412384033,
                    0.368692547082901,
                    1.4862473011016846
                ],
                [
                    0.46040695905685425,
                    0.5316798686981201,
                    -0.7108739614486694,
                    -2.8656249046325684
                ],
                [
                    0.0,
                    0.8007972240447998,
                    0.5989354848861694,
                    2.414386510848999
                ],
                [
                    0.0,
                    0.0,
                    0.0,
                    1.0
                ]
            ]
        },
        {
            "file_path": "/data/shapenet_blender/all_50_random/02958343/3da0d2ecb594ceae348b30181b0729b3/r_6",
            "rotation": 0.12566370614359174,
            "transform_matrix": [
                [
                    -0.8291261792182922,
                    0.2788991332054138,
                    0.4845256805419922,
                    1.9531855583190918
                ],
                [
                    0.5590616464614868,
                    0.4136262536048889,
                    0.7185842990875244,
                    2.8967061042785645
                ],
                [
                    0.0,
                    0.8666767477989197,
                    -0.4988701343536377,
                    -2.011009931564331
                ],
                [
                    0.0,
                    0.0,
                    0.0,
                    1.0
                ]
            ]
        },
        {
            "file_path": "/data/shapenet_blender/all_50_random/02958343/3da0d2ecb594ceae348b30181b0729b3/r_7",
            "rotation": 0.12566370614359174,
            "transform_matrix": [
                [
                    -0.5626416206359863,
                    -0.19461841881275177,
                    0.8034663200378418,
                    3.2388763427734375
                ],
                [
                    0.8267009854316711,
                    -0.13245469331741333,
                    0.5468283891677856,
                    2.2043356895446777
                ],
                [
                    7.450580596923828e-09,
                    0.9718947410583496,
                    0.2354157418012619,
                    0.9489912390708923
                ],
                [
                    0.0,
                    0.0,
                    0.0,
                    1.0
                ]
            ]
        },
        {
            "file_path": "/data/shapenet_blender/all_50_random/02958343/3da0d2ecb594ceae348b30181b0729b3/r_8",
            "rotation": 0.12566370614359174,
            "transform_matrix": [
                [
                    0.7085108160972595,
                    -0.03225398808717728,
                    -0.7049625515937805,
                    -2.841794967651367
                ],
                [
                    -0.7057000398635864,
                    -0.032382458448410034,
                    -0.7077704071998596,
                    -2.8531136512756348
                ],
                [
                    -1.862645149230957e-09,
                    0.9989550113677979,
                    -0.045704957097768784,
                    -0.18424257636070251
                ],
                [
                    0.0,
                    0.0,
                    0.0,
                    1.0
                ]
            ]
        },
        {
            "file_path": "/data/shapenet_blender/all_50_random/02958343/3da0d2ecb594ceae348b30181b0729b3/r_9",
            "rotation": 0.12566370614359174,
            "transform_matrix": [
                [
                    -0.9708933234214783,
                    -0.09003820270299911,
                    0.22194401919841766,
                    0.894684910774231
                ],
                [
                    0.23951204121112823,
                    -0.36498162150382996,
                    0.8996790647506714,
                    3.6267220973968506
                ],
                [
                    0.0,
                    0.9266507625579834,
                    0.3759234547615051,
                    1.5153958797454834
                ],
                [
                    0.0,
                    0.0,
                    0.0,
                    1.0
                ]
            ]
        },
        {
            "file_path": "/data/shapenet_blender/all_50_random/02958343/3da0d2ecb594ceae348b30181b0729b3/r_10",
            "rotation": 0.12566370614359174,
            "transform_matrix": [
                [
                    0.9997289776802063,
                    -0.001185753964819014,
                    -0.023251403123140335,
                    -0.0937294065952301
                ],
                [
                    -0.02328161709010601,
                    -0.05091710388660431,
                    -0.9984315037727356,
                    -4.024806022644043
                ],
                [
                    0.0,
                    0.9987021088600159,
                    -0.05093091353774071,
                    -0.20530907809734344
                ],
                [
                    0.0,
                    0.0,
                    0.0,
                    1.0
                ]
            ]
        },
        {
            "file_path": "/data/shapenet_blender/all_50_random/02958343/3da0d2ecb594ceae348b30181b0729b3/r_11",
            "rotation": 0.12566370614359174,
            "transform_matrix": [
                [
                    0.909344494342804,
                    -0.14200589060783386,
                    0.39105889201164246,
                    1.5764086246490479
                ],
                [
                    0.41604411602020264,
                    0.3103812038898468,
                    -0.8547344207763672,
                    -3.4455442428588867
                ],
                [
                    -7.450580596923828e-09,
                    0.939945638179779,
                    0.341324120759964,
                    1.375921368598938
                ],
                [
                    0.0,
                    0.0,
                    0.0,
                    1.0
                ]
            ]
        },
        {
            "file_path": "/data/shapenet_blender/all_50_random/02958343/3da0d2ecb594ceae348b30181b0729b3/r_12",
            "rotation": 0.12566370614359174,
            "transform_matrix": [
                [
                    0.9999258518218994,
                    0.0008241317118518054,
                    -0.012152993120253086,
                    -0.04899027943611145
                ],
                [
                    -0.012180903926491737,
                    0.06765266507863998,
                    -0.9976346492767334,
                    -4.0215935707092285
                ],
                [
                    0.0,
                    0.9977084994316101,
                    0.06765768676996231,
                    0.2727368474006653
                ],
                [
                    0.0,
                    0.0,
                    0.0,
                    1.0
                ]
            ]
        },
        {
            "file_path": "/data/shapenet_blender/all_50_random/02958343/3da0d2ecb594ceae348b30181b0729b3/r_13",
            "rotation": 0.12566370614359174,
            "transform_matrix": [
                [
                    -0.9272841215133667,
                    0.11330180615186691,
                    0.35680094361305237,
                    1.4383106231689453
                ],
                [
                    0.3743584156036377,
                    0.28064805269241333,
                    0.8837943077087402,
                    3.5626888275146484
                ],
                [
                    0.0,
                    0.9530999064445496,
                    -0.302655965089798,
                    -1.2200452089309692
                ],
                [
                    0.0,
                    0.0,
                    0.0,
                    1.0
                ]
            ]
        },
        {
            "file_path": "/data/shapenet_blender/all_50_random/02958343/3da0d2ecb594ceae348b30181b0729b3/r_14",
            "rotation": 0.12566370614359174,
            "transform_matrix": [
                [
                    -0.8444849252700806,
                    0.40111228823661804,
                    -0.3549002408981323,
                    -1.430648684501648
                ],
                [
                    -0.5355793833732605,
                    -0.6324613690376282,
                    0.5595956444740295,
                    2.2558021545410156
                ],
                [
                    0.0,
                    0.6626472473144531,
                    0.7489315867424011,
                    3.0190398693084717
                ],
                [
                    0.0,
                    0.0,
                    0.0,
                    1.0
                ]
            ]
        },
        {
            "file_path": "/data/shapenet_blender/all_50_random/02958343/3da0d2ecb594ceae348b30181b0729b3/r_15",
            "rotation": 0.12566370614359174,
            "transform_matrix": [
                [
                    0.9478720426559448,
                    -0.0949607864022255,
                    -0.3041728138923645,
                    -1.226159930229187
                ],
                [
                    -0.31865134835243225,
                    -0.2824738621711731,
                    -0.9048036932945251,
                    -3.6473805904388428
                ],
                [
                    0.0,
                    0.9545631408691406,
                    -0.29800844192504883,
                    -1.2013105154037476
                ],
                [
                    0.0,
                    0.0,
                    0.0,
                    1.0
                ]
            ]
        },
        {
            "file_path": "/data/shapenet_blender/all_50_random/02958343/3da0d2ecb594ceae348b30181b0729b3/r_16",
            "rotation": 0.12566370614359174,
            "transform_matrix": [
                [
                    0.04770304635167122,
                    0.5808281898498535,
                    0.8126271367073059,
                    3.2758049964904785
                ],
                [
                    0.9988614916801453,
                    -0.02773885428905487,
                    -0.038808971643447876,
                    -0.1564439833164215
                ],
                [
                    1.862645149230957e-09,
                    0.8135533928871155,
                    -0.5814900994300842,
                    -2.344061851501465
                ],
                [
                    0.0,
                    0.0,
                    0.0,
                    1.0
                ]
            ]
        },
        {
            "file_path": "/data/shapenet_blender/all_50_random/02958343/3da0d2ecb594ceae348b30181b0729b3/r_17",
            "rotation": 0.12566370614359174,
            "transform_matrix": [
                [
                    -0.37116315960884094,
                    0.16282348334789276,
                    -0.9141806960105896,
                    -3.685180425643921
                ],
                [
                    -0.9285677075386047,
                    -0.06508311629295349,
                    0.3654124438762665,
                    1.473024845123291
                ],
                [
                    0.0,
                    0.984506368637085,
                    0.17534905672073364,
                    0.7068547010421753
                ],
                [
                    0.0,
                    0.0,
                    0.0,
                    1.0
                ]
            ]
        },
        {
            "file_path": "/data/shapenet_blender/all_50_random/02958343/3da0d2ecb594ceae348b30181b0729b3/r_18",
            "rotation": 0.12566370614359174,
            "transform_matrix": [
                [
                    -0.6436471343040466,
                    0.335276335477829,
                    0.6879739165306091,
                    2.7733116149902344
                ],
                [
                    0.7653223872184753,
                    0.2819722294807434,
                    0.5785959362983704,
                    2.33239483833313
                ],
                [
                    -1.4901161193847656e-08,
                    0.8989334106445312,
                    -0.4380851686000824,
                    -1.7659778594970703
                ],
                [
                    0.0,
                    0.0,
                    0.0,
                    1.0
                ]
            ]
        },
        {
            "file_path": "/data/shapenet_blender/all_50_random/02958343/3da0d2ecb594ceae348b30181b0729b3/r_19",
            "rotation": 0.12566370614359174,
            "transform_matrix": [
                [
                    -0.9115495681762695,
                    0.18563313782215118,
                    -0.3669028878211975,
                    -1.4790328741073608
                ],
                [
                    -0.4111902117729187,
                    -0.4115219712257385,
                    0.813370943069458,
                    3.2788031101226807
                ],
                [
                    0.0,
                    0.8922948241233826,
                    0.45145320892333984,
                    1.8198660612106323
                ],
                [
                    0.0,
                    0.0,
                    0.0,
                    1.0
                ]
            ]
        },
        {
            "file_path": "/data/shapenet_blender/all_50_random/02958343/3da0d2ecb594ceae348b30181b0729b3/r_20",
            "rotation": 0.12566370614359174,
            "transform_matrix": [
                [
                    -0.8812732696533203,
                    -0.061321284621953964,
                    -0.4686119556427002,
                    -1.8890352249145508
                ],
                [
                    -0.4726071059703827,
                    0.11434616148471832,
                    0.8738234639167786,
                    3.5224950313568115
                ],
                [
                    3.725290298461914e-09,
                    0.991546630859375,
                    -0.1297510713338852,
                    -0.5230432748794556
                ],
                [
                    0.0,
                    0.0,
                    0.0,
                    1.0
                ]
            ]
        },
        {
            "file_path": "/data/shapenet_blender/all_50_random/02958343/3da0d2ecb594ceae348b30181b0729b3/r_21",
            "rotation": 0.12566370614359174,
            "transform_matrix": [
                [
                    0.7583116292953491,
                    0.6433591246604919,
                    0.10513006150722504,
                    0.42379283905029297
                ],
                [
                    0.6518920660018921,
                    -0.7483857274055481,
                    -0.12229225039482117,
                    -0.4929758310317993
                ],
                [
                    0.0,
                    0.16126902401447296,
                    -0.9869104623794556,
                    -3.978363275527954
                ],
                [
                    0.0,
                    0.0,
                    0.0,
                    1.0
                ]
            ]
        },
        {
            "file_path": "/data/shapenet_blender/all_50_random/02958343/3da0d2ecb594ceae348b30181b0729b3/r_22",
            "rotation": 0.12566370614359174,
            "transform_matrix": [
                [
                    0.6747250556945801,
                    -0.41948479413986206,
                    -0.6072714924812317,
                    -2.4479897022247314
                ],
                [
                    -0.7380692362785339,
                    -0.3834828734397888,
                    -0.555152952671051,
                    -2.2378931045532227
                ],
                [
                    0.0,
                    0.8227840065956116,
                    -0.5683541893959045,
                    -2.291109085083008
                ],
                [
                    0.0,
                    0.0,
                    0.0,
                    1.0
                ]
            ]
        },
        {
            "file_path": "/data/shapenet_blender/all_50_random/02958343/3da0d2ecb594ceae348b30181b0729b3/r_23",
            "rotation": 0.12566370614359174,
            "transform_matrix": [
                [
                    -0.39790064096450806,
                    -0.4302906095981598,
                    -0.8102623224258423,
                    -3.2662718296051025
                ],
                [
                    -0.9174284934997559,
                    0.18662261962890625,
                    0.3514212965965271,
                    1.4166245460510254
                ],
                [
                    -1.4901161193847656e-08,
                    0.8831884860992432,
                    -0.4690181612968445,
                    -1.8906726837158203
                ],
                [
                    0.0,
                    0.0,
                    0.0,
                    1.0
                ]
            ]
        },
        {
            "file_path": "/data/shapenet_blender/all_50_random/02958343/3da0d2ecb594ceae348b30181b0729b3/r_24",
            "rotation": 0.12566370614359174,
            "transform_matrix": [
                [
                    -0.44517943263053894,
                    0.5912551283836365,
                    -0.6724823713302612,
                    -2.7108633518218994
                ],
                [
                    -0.8954414129257202,
                    -0.29394954442977905,
                    0.3343326449394226,
                    1.3477381467819214
                ],
                [
                    1.4901162970204496e-08,
                    0.7510066032409668,
                    0.6602945923805237,
                    2.6617329120635986
                ],
                [
                    0.0,
                    0.0,
                    0.0,
                    1.0
                ]
            ]
        },
        {
            "file_path": "/data/shapenet_blender/all_50_random/02958343/3da0d2ecb594ceae348b30181b0729b3/r_25",
            "rotation": 0.12566370614359174,
            "transform_matrix": [
                [
                    0.41829991340637207,
                    -0.34078049659729004,
                    0.8419582843780518,
                    3.394042491912842
                ],
                [
                    0.9083089232444763,
                    0.15693828463554382,
                    -0.3877437114715576,
                    -1.5630449056625366
                ],
                [
                    0.0,
                    0.9269514083862305,
                    0.37518128752708435,
                    1.512404203414917
                ],
                [
                    0.0,
                    0.0,
                    0.0,
                    1.0
                ]
            ]
        },
        {
            "file_path": "/data/shapenet_blender/all_50_random/02958343/3da0d2ecb594ceae348b30181b0729b3/r_26",
            "rotation": 0.12566370614359174,
            "transform_matrix": [
                [
                    0.6583976745605469,
                    0.5698986053466797,
                    0.49165844917297363,
                    1.9819387197494507
                ],
                [
                    0.7526702880859375,
                    -0.49851834774017334,
                    -0.43007779121398926,
                    -1.7336992025375366
                ],
                [
                    0.0,
                    0.6532189249992371,
                    -0.7571690082550049,
                    -3.05224609375
                ],
                [
                    0.0,
                    0.0,
                    0.0,
                    1.0
                ]
            ]
        },
        {
            "file_path": "/data/shapenet_blender/all_50_random/02958343/3da0d2ecb594ceae348b30181b0729b3/r_27",
            "rotation": 0.12566370614359174,
            "transform_matrix": [
                [
                    -0.8512014746665955,
                    -0.03573848679661751,
                    0.5236207842826843,
                    2.1107828617095947
                ],
                [
                    0.5248389840126038,
                    -0.057961877435445786,
                    0.8492257595062256,
                    3.4233386516571045
                ],
                [
                    0.0,
                    0.9976788759231567,
                    0.06809418648481369,
                    0.2744964361190796
                ],
                [
                    0.0,
                    0.0,
                    0.0,
                    1.0
                ]
            ]
        },
        {
            "file_path": "/data/shapenet_blender/all_50_random/02958343/3da0d2ecb594ceae348b30181b0729b3/r_28",
            "rotation": 0.12566370614359174,
            "transform_matrix": [
                [
                    -0.883792519569397,
                    -0.0017793497536331415,
                    0.4678756594657898,
                    1.8860671520233154
                ],
                [
                    0.4678790867328644,
                    -0.0033610735554248095,
                    0.8837860822677612,
                    3.5626556873321533
                ],
                [
                    0.0,
                    0.9999927282333374,
                    0.003803012426942587,
                    0.01533043384552002
                ],
                [
                    0.0,
                    0.0,
                    0.0,
                    1.0
                ]
            ]
        },
        {
            "file_path": "/data/shapenet_blender/all_50_random/02958343/3da0d2ecb594ceae348b30181b0729b3/r_29",
            "rotation": 0.12566370614359174,
            "transform_matrix": [
                [
                    0.9602625966072083,
                    0.009836403653025627,
                    0.2789246141910553,
                    1.1243810653686523
                ],
                [
                    0.2790980041027069,
                    -0.033843059092760086,
                    -0.9596660733222961,
                    -3.868537425994873
                ],
                [
                    0.0,
                    0.9993787407875061,
                    -0.035243548452854156,
                    -0.14207129180431366
                ],
                [
                    0.0,
                    0.0,
                    0.0,
                    1.0
                ]
            ]
        },
        {
            "file_path": "/data/shapenet_blender/all_50_random/02958343/3da0d2ecb594ceae348b30181b0729b3/r_30",
            "rotation": 0.12566370614359174,
            "transform_matrix": [
                [
                    -0.9851164221763611,
                    0.16382968425750732,
                    0.052015431225299835,
                    0.20968091487884521
                ],
                [
                    0.1718888282775879,
                    0.9389284253120422,
                    0.29810696840286255,
                    1.2017076015472412
                ],
                [
                    3.725290298461914e-09,
                    0.3026109039783478,
                    -0.9531141519546509,
                    -3.8421261310577393
                ],
                [
                    0.0,
                    0.0,
                    0.0,
                    1.0
                ]
            ]
        },
        {
            "file_path": "/data/shapenet_blender/all_50_random/02958343/3da0d2ecb594ceae348b30181b0729b3/r_31",
            "rotation": 0.12566370614359174,
            "transform_matrix": [
                [
                    0.9197604656219482,
                    -0.33647334575653076,
                    -0.20205558836460114,
                    -0.8145121335983276
                ],
                [
                    -0.3924803137779236,
                    -0.7885105609893799,
                    -0.47350841760635376,
                    -1.9087735414505005
                ],
                [
                    0.0,
                    0.51481693983078,
                    -0.8572999835014343,
                    -3.4558868408203125
                ],
                [
                    0.0,
                    0.0,
                    0.0,
                    1.0
                ]
            ]
        },
        {
            "file_path": "/data/shapenet_blender/all_50_random/02958343/3da0d2ecb594ceae348b30181b0729b3/r_32",
            "rotation": 0.12566370614359174,
            "transform_matrix": [
                [
                    0.6394688487052917,
                    -0.052651260048151016,
                    0.7670121192932129,
                    3.0919244289398193
                ],
                [
                    0.7688170075416565,
                    0.04379304498434067,
                    -0.6379675269126892,
                    -2.5717289447784424
                ],
                [
                    0.0,
                    0.9976522922515869,
                    0.06848347187042236,
                    0.2760656774044037
                ],
                [
                    0.0,
                    0.0,
                    0.0,
                    1.0
                ]
            ]
        },
        {
            "file_path": "/data/shapenet_blender/all_50_random/02958343/3da0d2ecb594ceae348b30181b0729b3/r_33",
            "rotation": 0.12566370614359174,
            "transform_matrix": [
                [
                    -0.814590573310852,
                    -0.4098139703273773,
                    0.4104810655117035,
                    1.654702067375183
                ],
                [
                    0.5800364017486572,
                    -0.5755338668823242,
                    0.5764707326889038,
                    2.3238277435302734
                ],
                [
                    -1.4901161193847656e-08,
                    0.7076815962791443,
                    0.7065315246582031,
                    2.8481197357177734
                ],
                [
                    0.0,
                    0.0,
                    0.0,
                    1.0
                ]
            ]
        },
        {
            "file_path": "/data/shapenet_blender/all_50_random/02958343/3da0d2ecb594ceae348b30181b0729b3/r_34",
            "rotation": 0.12566370614359174,
            "transform_matrix": [
                [
                    0.31378304958343506,
                    0.1927369087934494,
                    0.9297271966934204,
                    3.747850179672241
                ],
                [
                    0.9494947791099548,
                    -0.06369448453187943,
                    -0.30725041031837463,
                    -1.2385660409927368
                ],
                [
                    0.0,
                    0.9791809916496277,
                    -0.20298892259597778,
                    -0.8182744979858398
                ],
                [
                    0.0,
                    0.0,
                    0.0,
                    1.0
                ]
            ]
        },
        {
            "file_path": "/data/shapenet_blender/all_50_random/02958343/3da0d2ecb594ceae348b30181b0729b3/r_35",
            "rotation": 0.12566370614359174,
            "transform_matrix": [
                [
                    -0.045953504741191864,
                    0.3559797406196594,
                    -0.9333630800247192,
                    -3.7625069618225098
                ],
                [
                    -0.9989435076713562,
                    -0.016375819221138954,
                    0.042936667799949646,
                    0.17308324575424194
                ],
                [
                    -9.313225191043273e-10,
                    0.9343501925468445,
                    0.3563562035560608,
                    1.4365178346633911
                ],
                [
                    0.0,
                    0.0,
                    0.0,
                    1.0
                ]
            ]
        },
        {
            "file_path": "/data/shapenet_blender/all_50_random/02958343/3da0d2ecb594ceae348b30181b0729b3/r_36",
            "rotation": 0.12566370614359174,
            "transform_matrix": [
                [
                    0.11159192770719528,
                    0.8801100850105286,
                    0.4614686667919159,
                    1.8602397441864014
                ],
                [
                    0.9937541484832764,
                    -0.0988304540514946,
                    -0.05181983485817909,
                    -0.20889243483543396
                ],
                [
                    0.0,
                    0.4643690586090088,
                    -0.8856417536735535,
                    -3.570136070251465
                ],
                [
                    0.0,
                    0.0,
                    0.0,
                    1.0
                ]
            ]
        },
        {
            "file_path": "/data/shapenet_blender/all_50_random/02958343/3da0d2ecb594ceae348b30181b0729b3/r_37",
            "rotation": 0.12566370614359174,
            "transform_matrix": [
                [
                    -0.7189586758613586,
                    -0.01602441444993019,
                    0.6948680877685547,
                    2.801102876663208
                ],
                [
                    0.6950528621673584,
                    -0.016575561836361885,
                    0.718767523765564,
                    2.897444486618042
                ],
                [
                    0.0,
                    0.9997342228889465,
                    0.023054957389831543,
                    0.09293749928474426
                ],
                [
                    0.0,
                    0.0,
                    0.0,
                    1.0
                ]
            ]
        },
        {
            "file_path": "/data/shapenet_blender/all_50_random/02958343/3da0d2ecb594ceae348b30181b0729b3/r_38",
            "rotation": 0.12566370614359174,
            "transform_matrix": [
                [
                    -0.503915548324585,
                    0.07440849393606186,
                    0.8605418801307678,
                    3.4689555168151855
                ],
                [
                    0.8637528419494629,
                    0.04341010004281998,
                    0.5020422339439392,
                    2.0237972736358643
                ],
                [
                    0.0,
                    0.9962823987007141,
                    -0.08614558726549149,
                    -0.34726399183273315
                ],
                [
                    0.0,
                    0.0,
                    0.0,
                    1.0
                ]
            ]
        },
        {
            "file_path": "/data/shapenet_blender/all_50_random/02958343/3da0d2ecb594ceae348b30181b0729b3/r_39",
            "rotation": 0.12566370614359174,
            "transform_matrix": [
                [
                    0.7110505700111389,
                    0.014124276116490364,
                    -0.7029990553855896,
                    -2.8338799476623535
                ],
                [
                    -0.703140914440155,
                    0.014283159747719765,
                    -0.7109070420265198,
                    -2.865757942199707
                ],
                [
                    9.313225746154785e-10,
                    0.9997981786727905,
                    0.020087406039237976,
                    0.08097492158412933
                ],
                [
                    0.0,
                    0.0,
                    0.0,
                    1.0
                ]
            ]
        },
        {
            "file_path": "/data/shapenet_blender/all_50_random/02958343/3da0d2ecb594ceae348b30181b0729b3/r_40",
            "rotation": 0.12566370614359174,
            "transform_matrix": [
                [
                    0.6456435322761536,
                    -0.07291638851165771,
                    -0.7601497173309326,
                    -3.0642614364624023
                ],
                [
                    -0.7636390328407288,
                    -0.06164954602718353,
                    -0.6426934599876404,
                    -2.590780258178711
                ],
                [
                    0.0,
                    0.9954308271408081,
                    -0.09548541903495789,
                    -0.3849140405654907
                ],
                [
                    0.0,
                    0.0,
                    0.0,
                    1.0
                ]
            ]
        },
        {
            "file_path": "/data/shapenet_blender/all_50_random/02958343/3da0d2ecb594ceae348b30181b0729b3/r_41",
            "rotation": 0.12566370614359174,
            "transform_matrix": [
                [
                    -0.4332274794578552,
                    0.06087883189320564,
                    0.8992260694503784,
                    3.62489652633667
                ],
                [
                    0.9012846350669861,
                    0.029263099655508995,
                    0.4322379529476166,
                    1.7424070835113525
                ],
                [
                    0.0,
                    0.9977160096168518,
                    -0.06754673272371292,
