{
    "class": "02958343",
    "model": "e7e94f8dbbe8c1e9784da3853aae78cd",
    "remove_doubles": true,
    "edge_split": true,
    "denoise": true,
    "camera_angle_x": 0.6911112070083618,
    "scale_factor": 2.262724915831682,
    "hdri_file": "/data/IndoorHDRDataset2018/9C4A7409-3f66dfc3af.exr",
    "center_offset": [
        0.0,
        0.0,
        0.0
    ],
    "lights": [],
    "frames": [
        {
            "file_path": "/data/shapenet_blender/all_50_random/02958343/e7e94f8dbbe8c1e9784da3853aae78cd/r_0",
            "rotation": 0.12566370614359174,
            "transform_matrix": [
                [
                    -0.2670356333255768,
                    -0.012391149066388607,
                    0.9636068940162659,
                    3.8844239711761475
                ],
                [
                    0.9636867046356201,
                    -0.0034335623495280743,
                    0.2670135200023651,
                    1.0763660669326782
                ],
                [
                    -2.3283064365386963e-10,
                    0.9999173283576965,
                    0.012858066707849503,
                    0.05183252692222595
                ],
                [
                    0.0,
                    0.0,
                    0.0,
                    1.0
                ]
            ]
        },
        {
            "file_path": "/data/shapenet_blender/all_50_random/02958343/e7e94f8dbbe8c1e9784da3853aae78cd/r_1",
            "rotation": 0.12566370614359174,
            "transform_matrix": [
                [
                    0.9556599259376526,
                    -0.092886783182621,
                    0.2794390916824341,
                    1.1264550685882568
                ],
                [
                    0.29447269439697266,
                    0.30144789814949036,
                    -0.90687096118927,
                    -3.6557137966156006
                ],
                [
                    0.0,
                    0.9489473700523376,
                    0.3154342770576477,
                    1.2715562582015991
                ],
                [
                    0.0,
                    0.0,
                    0.0,
                    1.0
                ]
            ]
        },
        {
            "file_path": "/data/shapenet_blender/all_50_random/02958343/e7e94f8dbbe8c1e9784da3853aae78cd/r_2",
            "rotation": 0.12566370614359174,
            "transform_matrix": [
                [
                    -0.4094475507736206,
                    0.0767546072602272,
                    0.9090992212295532,
                    3.664696216583252
                ],
                [
                    0.9123336672782898,
                    0.03444681316614151,
                    0.40799596905708313,
                    1.6446843147277832
                ],
                [
                    0.0,
                    0.9964547157287598,
                    -0.08412998169660568,
                    -0.33913880586624146
                ],
                [
                    0.0,
                    0.0,
                    0.0,
                    1.0
                ]
            ]
        },
        {
            "file_path": "/data/shapenet_blender/all_50_random/02958343/e7e94f8dbbe8c1e9784da3853aae78cd/r_3",
            "rotation": 0.12566370614359174,
            "transform_matrix": [
                [
                    -0.62510085105896,
                    0.23673565685749054,
                    -0.7437776923179626,
                    -2.998263359069824
                ],
                [
                    -0.7805440425872803,
                    -0.18959040939807892,
                    0.5956564545631409,
                    2.401167631149292
                ],
                [
                    0.0,
                    0.9528963565826416,
                    0.303295761346817,
                    1.2226241827011108
                ],
                [
                    0.0,
                    0.0,
                    0.0,
                    1.0
                ]
            ]
        },
        {
            "file_path": "/data/shapenet_blender/all_50_random/02958343/e7e94f8dbbe8c1e9784da3853aae78cd/r_4",
            "rotation": 0.12566370614359174,
            "transform_matrix": [
                [
                    -0.29691147804260254,
                    0.14143124222755432,
                    -0.9443733096122742,
                    -3.8068900108337402
                ],
                [
                    -0.9549050331115723,
                    -0.04397564008831978,
                    0.29363682866096497,
                    1.1836878061294556
                ],
                [
                    0.0,
                    0.9889708757400513,
                    0.1481102705001831,
                    0.5970515012741089
                ],
                [
                    0.0,
                    0.0,
                    0.0,
                    1.0
                ]
            ]
        },
        {
            "file_path": "/data/shapenet_blender/all_50_random/02958343/e7e94f8dbbe8c1e9784da3853aae78cd/r_5",
            "rotation": 0.12566370614359174,
            "transform_matrix": [
                [
                    0.31882402300834656,
                    -0.2209850698709488,
                    -0.9216923117637634,
                    -3.715460777282715
                ],
                [
                    -0.9478139281272888,
                    -0.07433457672595978,
                    -0.3100372850894928,
                    -1.249800443649292
                ],
                [
                    7.450580596923828e-09,
                    0.9724401831626892,
                    -0.2331523597240448,
                    -0.9398672580718994
                ],
                [
                    0.0,
                    0.0,
                    0.0,
                    1.0
                ]
            ]
        },
        {
            "file_path": "/data/shapenet_blender/all_50_random/02958343/e7e94f8dbbe8c1e9784da3853aae78cd/r_6",
            "rotation": 0.12566370614359174,
            "transform_matrix": [
                [
                    -0.6294466257095337,
                    0.43470171093940735,
                    0.644074022769928,
                    2.5963454246520996
                ],
                [
                    0.7770437598228455,
                    0.3521314263343811,
                    0.5217341184616089,
                    2.103177547454834
                ],
                [
                    1.4901161193847656e-08,
                    0.8288775682449341,
                    -0.5594301223754883,
                    -2.2551350593566895
                ],
                [
                    0.0,
                    0.0,
                    0.0,
                    1.0
                ]
            ]
        },
        {
            "file_path": "/data/shapenet_blender/all_50_random/02958343/e7e94f8dbbe8c1e9784da3853aae78cd/r_7",
            "rotation": 0.12566370614359174,
            "transform_matrix": [
                [
                    0.025613658130168915,
                    -0.013265077024698257,
                    -0.9995838403701782,
                    -4.029451370239258
                ],
                [
                    -0.9996718764305115,
                    -0.0003398786939214915,
                    -0.025611404329538345,
                    -0.10324287414550781
                ],
                [
                    2.9103825252563276e-11,
                    0.9999119639396667,
                    -0.01326943002641201,
                    -0.053490784019231796
                ],
                [
                    0.0,
                    0.0,
                    0.0,
                    1.0
                ]
            ]
        },
        {
            "file_path": "/data/shapenet_blender/all_50_random/02958343/e7e94f8dbbe8c1e9784da3853aae78cd/r_8",
            "rotation": 0.12566370614359174,
            "transform_matrix": [
                [
                    0.8810763955116272,
                    0.16644904017448425,
                    -0.44271793961524963,
                    -1.7846530675888062
                ],
                [
                    -0.4729740619659424,
                    0.31006842851638794,
                    -0.824713945388794,
                    -3.324528217315674
                ],
                [
                    0.0,
                    0.9360301494598389,
                    0.3519200086593628,
                    1.4186348915100098
                ],
                [
                    0.0,
                    0.0,
                    0.0,
                    1.0
                ]
            ]
        },
        {
            "file_path": "/data/shapenet_blender/all_50_random/02958343/e7e94f8dbbe8c1e9784da3853aae78cd/r_9",
            "rotation": 0.12566370614359174,
            "transform_matrix": [
                [
                    -0.7366704940795898,
                    -0.06876783072948456,
                    -0.6727462410926819,
                    -2.7119271755218506
                ],
                [
                    -0.6762518882751465,
                    0.07491177320480347,
                    0.7328516244888306,
                    2.9542195796966553
                ],
                [
                    -3.725290298461914e-09,
                    0.9948161840438843,
                    -0.1016896590590477,
                    -0.40992414951324463
                ],
                [
                    0.0,
                    0.0,
                    0.0,
                    1.0
                ]
            ]
        },
        {
            "file_path": "/data/shapenet_blender/all_50_random/02958343/e7e94f8dbbe8c1e9784da3853aae78cd/r_10",
            "rotation": 0.12566370614359174,
            "transform_matrix": [
                [
                    -0.7319680452346802,
                    0.14056065678596497,
                    -0.6666824221611023,
                    -2.6874828338623047
                ],
                [
                    -0.6813389658927917,
                    -0.15100547671318054,
                    0.7162224054336548,
                    2.8871848583221436
                ],
                [
                    -7.450580596923828e-09,
                    0.9784886240959167,
                    0.20630064606666565,
                    0.8316245079040527
                ],
                [
                    0.0,
                    0.0,
                    0.0,
                    1.0
                ]
            ]
        },
        {
            "file_path": "/data/shapenet_blender/all_50_random/02958343/e7e94f8dbbe8c1e9784da3853aae78cd/r_11",
            "rotation": 0.12566370614359174,
            "transform_matrix": [
                [
                    0.24502530694007874,
                    0.03563801571726799,
                    0.9688614010810852,
                    3.9056053161621094
                ],
                [
                    0.9695166945457458,
                    -0.009006772190332413,
                    -0.2448596954345703,
                    -0.9870610237121582
                ],
                [
                    0.0,
                    0.9993242025375366,
                    -0.036758534610271454,
                    -0.14817839860916138
                ],
                [
                    0.0,
                    0.0,
                    0.0,
                    1.0
                ]
            ]
        },
        {
            "file_path": "/data/shapenet_blender/all_50_random/02958343/e7e94f8dbbe8c1e9784da3853aae78cd/r_12",
            "rotation": 0.12566370614359174,
            "transform_matrix": [
                [
                    0.839600682258606,
                    -0.12995167076587677,
                    0.5274308323860168,
                    2.1261417865753174
                ],
                [
                    0.543204128742218,
                    0.20085911452770233,
                    -0.8152207136154175,
                    -3.286259889602661
                ],
                [
                    0.0,
                    0.9709625244140625,
                    0.23923170566558838,
                    0.9643738269805908
                ],
                [
                    0.0,
                    0.0,
                    0.0,
                    1.0
                ]
            ]
        },
        {
            "file_path": "/data/shapenet_blender/all_50_random/02958343/e7e94f8dbbe8c1e9784da3853aae78cd/r_13",
            "rotation": 0.12566370614359174,
            "transform_matrix": [
                [
                    -0.7502369284629822,
                    0.3070145845413208,
                    -0.5855652689933777,
                    -2.3604893684387207
                ],
                [
                    -0.6611692309379578,
                    -0.3483732342720032,
                    0.664448082447052,
                    2.678476095199585
                ],
                [
                    -1.4901162970204496e-08,
                    0.8856512308120728,
                    0.46435099840164185,
                    1.871858835220337
                ],
                [
                    0.0,
                    0.0,
                    0.0,
                    1.0
                ]
            ]
        },
        {
            "file_path": "/data/shapenet_blender/all_50_random/02958343/e7e94f8dbbe8c1e9784da3853aae78cd/r_14",
            "rotation": 0.12566370614359174,
            "transform_matrix": [
                [
                    -0.3914772868156433,
                    -0.2866947650909424,
                    -0.8743864893913269,
                    -3.5247642993927
                ],
                [
                    -0.920187771320343,
                    0.12196912616491318,
                    0.37199196219444275,
                    1.4995473623275757
                ],
                [
                    0.0,
                    0.9502260684967041,
                    -0.3115611970424652,
                    -1.2559431791305542
                ],
                [
                    0.0,
                    0.0,
                    0.0,
                    1.0
                ]
            ]
        },
        {
            "file_path": "/data/shapenet_blender/all_50_random/02958343/e7e94f8dbbe8c1e9784da3853aae78cd/r_15",
            "rotation": 0.12566370614359174,
            "transform_matrix": [
                [
                    -0.37847253680229187,
                    -0.5835875272750854,
                    0.7184595465660095,
                    2.89620304107666
                ],
                [
                    0.9256125092506409,
                    -0.23862236738204956,
                    0.2937700152397156,
                    1.1842248439788818
                ],
                [
                    1.4901160305669237e-08,
                    0.7761989235877991,
                    0.6304879784584045,
                    2.5415782928466797
                ],
                [
                    0.0,
                    0.0,
                    0.0,
                    1.0
                ]
            ]
        },
        {
            "file_path": "/data/shapenet_blender/all_50_random/02958343/e7e94f8dbbe8c1e9784da3853aae78cd/r_16",
            "rotation": 0.12566370614359174,
            "transform_matrix": [
                [
                    -0.6954126358032227,
                    0.18928490579128265,
                    0.6932333111763,
                    2.7945127487182617
                ],
                [
                    0.7186106443405151,
                    0.1831744909286499,
                    0.6708545684814453,
                    2.704301357269287
                ],
                [
                    -1.4901162970204496e-08,
                    0.9646854400634766,
                    -0.2634040117263794,
                    -1.0618155002593994
                ],
                [
                    0.0,
                    0.0,
                    0.0,
                    1.0
                ]
            ]
        },
        {
            "file_path": "/data/shapenet_blender/all_50_random/02958343/e7e94f8dbbe8c1e9784da3853aae78cd/r_17",
            "rotation": 0.12566370614359174,
            "transform_matrix": [
                [
                    0.9493238925933838,
                    -0.22941769659519196,
                    0.2148294597864151,
                    0.8660052418708801
                ],
                [
                    0.3142995238304138,
                    0.6929432153701782,
                    -0.6488802433013916,
                    -2.61572003364563
                ],
                [
                    0.0,
                    0.6835182905197144,
                    0.7299333810806274,
                    2.942455530166626
                ],
                [
                    0.0,
                    0.0,
                    0.0,
                    1.0
                ]
            ]
        },
        {
            "file_path": "/data/shapenet_blender/all_50_random/02958343/e7e94f8dbbe8c1e9784da3853aae78cd/r_18",
            "rotation": 0.12566370614359174,
            "transform_matrix": [
                [
                    -0.957042932510376,
                    0.10338058322668076,
                    0.27089011669158936,
                    1.091992974281311
                ],
                [
                    0.289946585893631,
                    0.3412340581417084,
                    0.8941421508789062,
                    3.6044023036956787
                ],
                [
                    7.450581485102248e-09,
                    0.9342759847640991,
                    -0.3565504848957062,
                    -1.4373009204864502
                ],
                [
                    0.0,
                    0.0,
                    0.0,
                    1.0
                ]
            ]
        },
        {
            "file_path": "/data/shapenet_blender/all_50_random/02958343/e7e94f8dbbe8c1e9784da3853aae78cd/r_19",
            "rotation": 0.12566370614359174,
            "transform_matrix": [
                [
                    -0.7610241174697876,
                    -0.2851492762565613,
                    -0.5826937556266785,
                    -2.3489139080047607
                ],
                [
                    -0.6487234830856323,
                    0.33451151847839355,
                    0.6835640072822571,
                    2.7555348873138428
                ],
                [
                    0.0,
                    0.8982160091400146,
                    -0.4395543336868286,
                    -1.7719002962112427
                ],
                [
                    0.0,
                    0.0,
                    0.0,
                    1.0
                ]
            ]
        },
        {
            "file_path": "/data/shapenet_blender/all_50_random/02958343/e7e94f8dbbe8c1e9784da3853aae78cd/r_20",
            "rotation": 0.12566370614359174,
            "transform_matrix": [
                [
                    0.4658726453781128,
                    -0.23880445957183838,
                    -0.8520182371139526,
                    -3.4345953464508057
                ],
                [
                    -0.8848516941070557,
                    -0.12573005259037018,
                    -0.4485858678817749,
                    -1.8083075284957886
                ],
                [
                    0.0,
                    0.9628937244415283,
                    -0.2698807716369629,
                    -1.0879242420196533
                ],
                [
                    0.0,
                    0.0,
                    0.0,
                    1.0
                ]
            ]
        },
        {
            "file_path": "/data/shapenet_blender/all_50_random/02958343/e7e94f8dbbe8c1e9784da3853aae78cd/r_21",
            "rotation": 0.12566370614359174,
            "transform_matrix": [
                [
                    -0.7888095378875732,
                    0.6009102463722229,
                    -0.12917543947696686,
                    -0.5207228660583496
                ],
                [
                    -0.6146377325057983,
                    -0.7711921334266663,
                    0.16578030586242676,
                    0.6682817935943604
                ],
                [
                    7.450580596923828e-09,
                    0.21016499400138855,
                    0.977665901184082,
                    3.9410972595214844
                ],
                [
                    0.0,
                    0.0,
                    0.0,
                    1.0
                ]
            ]
        },
        {
            "file_path": "/data/shapenet_blender/all_50_random/02958343/e7e94f8dbbe8c1e9784da3853aae78cd/r_22",
            "rotation": 0.12566370614359174,
            "transform_matrix": [
                [
                    0.0334390290081501,
                    0.7225745320320129,
                    0.6904837489128113,
                    2.783428907394409
                ],
                [
                    0.9994407892227173,
                    -0.02417571283876896,
                    -0.02310202643275261,
                    -0.09312725067138672
                ],
                [
                    0.0,
                    0.6908701062202454,
                    -0.7229788899421692,
                    -2.9144210815429688
                ],
                [
                    0.0,
                    0.0,
                    0.0,
                    1.0
                ]
            ]
        },
        {
            "file_path": "/data/shapenet_blender/all_50_random/02958343/e7e94f8dbbe8c1e9784da3853aae78cd/r_23",
            "rotation": 0.12566370614359174,
            "transform_matrix": [
                [
                    -0.29720228910446167,
                    -0.0019853110425174236,
                    0.9548124670982361,
                    3.8489720821380615
                ],
                [
                    0.954814612865448,
                    -0.0006179618649184704,
                    0.29720163345336914,
                    1.1980581283569336
                ],
                [
                    0.0,
                    0.9999979138374329,
                    0.0020792633295059204,
                    0.008381778374314308
                ],
                [
                    0.0,
                    0.0,
                    0.0,
                    1.0
                ]
            ]
        },
        {
            "file_path": "/data/shapenet_blender/all_50_random/02958343/e7e94f8dbbe8c1e9784da3853aae78cd/r_24",
            "rotation": 0.12566370614359174,
            "transform_matrix": [
                [
                    0.9592359066009521,
                    -0.00689633097499609,
                    -0.28252261877059937,
                    -1.1388850212097168
                ],
                [
                    -0.2826067805290222,
                    -0.023407818749547005,
                    -0.9589502811431885,
                    -3.865651845932007
                ],
                [
                    4.656612873077393e-10,
                    0.9997021555900574,
                    -0.024402571842074394,
                    -0.09836990386247635
                ],
                [
                    0.0,
                    0.0,
                    0.0,
                    1.0
                ]
            ]
        },
        {
            "file_path": "/data/shapenet_blender/all_50_random/02958343/e7e94f8dbbe8c1e9784da3853aae78cd/r_25",
            "rotation": 0.12566370614359174,
            "transform_matrix": [
                [
                    -0.3425542116165161,
                    -0.5216558575630188,
                    -0.7813652157783508,
                    -3.1497838497161865
                ],
                [
                    -0.9394980669021606,
                    0.19020308554172516,
                    0.28489676117897034,
                    1.1484556198120117
                ],
                [
                    0.0,
                    0.8316836357116699,
                    -0.5552496314048767,
                    -2.2382829189300537
                ],
                [
                    0.0,
                    0.0,
                    0.0,
                    1.0
                ]
            ]
        },
        {
            "file_path": "/data/shapenet_blender/all_50_random/02958343/e7e94f8dbbe8c1e9784da3853aae78cd/r_26",
            "rotation": 0.12566370614359174,
            "transform_matrix": [
                [
                    0.9662753939628601,
                    -0.00456925667822361,
                    -0.2574703097343445,
                    -1.0378960371017456
                ],
                [
                    -0.25751084089279175,
                    -0.01714552938938141,
                    -0.9661232829093933,
                    -3.8945674896240234
                ],
                [
                    4.656612873077393e-10,
                    0.9998425841331482,
                    -0.01774393767118454,
                    -0.07152809947729111
                ],
                [
                    0.0,
                    0.0,
                    0.0,
                    1.0
                ]
            ]
        },
        {
            "file_path": "/data/shapenet_blender/all_50_random/02958343/e7e94f8dbbe8c1e9784da3853aae78cd/r_27",
            "rotation": 0.12566370614359174,
            "transform_matrix": [
                [
                    0.6239978671073914,
                    -0.042626675218343735,
                    -0.7802624702453613,
                    -3.145338535308838
                ],
                [
                    -0.7814258933067322,
                    -0.03403899446129799,
                    -0.6230688095092773,
                    -2.5116705894470215
                ],
                [
                    3.7252896323280993e-09,
                    0.9985110759735107,
                    -0.05454985424876213,
                    -0.21989747881889343
                ],
                [
                    0.0,
                    0.0,
                    0.0,
                    1.0
                ]
            ]
        },
        {
            "file_path": "/data/shapenet_blender/all_50_random/02958343/e7e94f8dbbe8c1e9784da3853aae78cd/r_28",
            "rotation": 0.12566370614359174,
            "transform_matrix": [
                [
                    0.28281426429748535,
                    0.8264880180358887,
                    0.4867582619190216,
                    1.9621853828430176
                ],
                [
                    0.9591747522354126,
                    -0.2436913698911667,
                    -0.1435214728116989,
                    -0.5785536170005798
                ],
                [
                    7.450580596923828e-09,
                    0.5074762105941772,
                    -0.8616657257080078,
                    -3.4734859466552734
                ],
                [
                    0.0,
                    0.0,
                    0.0,
                    1.0
                ]
            ]
        },
        {
            "file_path": "/data/shapenet_blender/all_50_random/02958343/e7e94f8dbbe8c1e9784da3853aae78cd/r_29",
            "rotation": 0.12566370614359174,
            "transform_matrix": [
                [
                    -0.29852938652038574,
                    -0.27705273032188416,
                    -0.9133027195930481,
                    -3.681641101837158
                ],
                [
                    -0.9544004201889038,
                    0.08666004240512848,
                    0.2856743335723877,
                    1.15159010887146
                ],
                [
                    0.0,
                    0.9569387435913086,
                    -0.29028981924057007,
                    -1.1701956987380981
                ],
                [
                    0.0,
                    0.0,
                    0.0,
                    1.0
                ]
            ]
        },
        {
            "file_path": "/data/shapenet_blender/all_50_random/02958343/e7e94f8dbbe8c1e9784da3853aae78cd/r_30",
            "rotation": 0.12566370614359174,
            "transform_matrix": [
                [
                    0.35105711221694946,
                    0.28148478269577026,
                    0.8930426836013794,
                    3.5999701023101807
                ],
                [
                    0.9363540410995483,
                    -0.10553404688835144,
                    -0.33481884002685547,
                    -1.3496979475021362
                ],
                [
                    0.0,
                    0.953744649887085,
                    -0.30061790347099304,
                    -1.2118295431137085
                ],
                [
                    0.0,
                    0.0,
                    0.0,
                    1.0
                ]
            ]
        },
        {
            "file_path": "/data/shapenet_blender/all_50_random/02958343/e7e94f8dbbe8c1e9784da3853aae78cd/r_31",
            "rotation": 0.12566370614359174,
            "transform_matrix": [
                [
                    0.321636825799942,
                    0.7296921014785767,
                    -0.6034061908721924,
                    -2.432408332824707
                ],
                [
                    -0.9468631148338318,
                    0.24786671996116638,
                    -0.20496907830238342,
                    -0.8262568712234497
                ],
                [
                    0.0,
                    0.6372687220573425,
                    0.770641565322876,
                    3.106555700302124
                ],
                [
                    0.0,
                    0.0,
                    0.0,
                    1.0
                ]
            ]
        },
        {
            "file_path": "/data/shapenet_blender/all_50_random/02958343/e7e94f8dbbe8c1e9784da3853aae78cd/r_32",
            "rotation": 0.12566370614359174,
            "transform_matrix": [
                [
                    -0.704472541809082,
                    -0.14550749957561493,
                    -0.694655179977417,
                    -2.8002448081970215
                ],
                [
                    -0.7097311615943909,
                    0.14442941546440125,
                    0.689508318901062,
                    2.7794971466064453
                ],
                [
                    7.450580152834618e-09,
                    0.9787582159042358,
                    -0.20501777529716492,
                    -0.8264531493186951
                ],
                [
                    0.0,
                    0.0,
                    0.0,
                    1.0
                ]
            ]
        },
        {
            "file_path": "/data/shapenet_blender/all_50_random/02958343/e7e94f8dbbe8c1e9784da3853aae78cd/r_33",
            "rotation": 0.12566370614359174,
            "transform_matrix": [
                [
                    0.25747591257095337,
                    -0.5564752221107483,
                    -0.7899629473686218,
                    -3.1844425201416016
                ],
                [
                    -0.9662846922874451,
                    -0.14827822148799896,
                    -0.2104932963848114,
                    -0.8485256433486938
                ],
                [
                    7.450580152834618e-09,
                    0.8175260424613953,
                    -0.5758915543556213,
                    -2.321493148803711
                ],
                [
                    0.0,
                    0.0,
                    0.0,
                    1.0
                ]
            ]
        },
        {
            "file_path": "/data/shapenet_blender/all_50_random/02958343/e7e94f8dbbe8c1e9784da3853aae78cd/r_34",
            "rotation": 0.12566370614359174,
            "transform_matrix": [
                [
                    0.47727203369140625,
                    -0.8522375822067261,
                    -0.21424897015094757,
                    -0.8636652231216431
                ],
                [
                    -0.8787556886672974,
                    -0.46286946535110474,
                    -0.11636345833539963,
                    -0.46907609701156616
                ],
                [
                    7.450580596923828e-09,
                    0.24380943179130554,
                    -0.9698231220245361,
                    -3.909482002258301
                ],
                [
                    0.0,
                    0.0,
                    0.0,
                    1.0
                ]
            ]
        },
        {
            "file_path": "/data/shapenet_blender/all_50_random/02958343/e7e94f8dbbe8c1e9784da3853aae78cd/r_35",
            "rotation": 0.12566370614359174,
            "transform_matrix": [
                [
                    0.9521923065185547,
                    -0.21338403224945068,
                    -0.21862533688545227,
                    -0.8813068866729736
                ],
                [
                    -0.30549922585487366,
                    -0.6650839447975159,
                    -0.6814202070236206,
                    -2.7468926906585693
                ],
                [
                    0.0,
                    0.715632975101471,
                    -0.6984764337539673,
                    -2.8156485557556152
                ],
                [
                    0.0,
                    0.0,
                    0.0,
                    1.0
                ]
            ]
        },
        {
            "file_path": "/data/shapenet_blender/all_50_random/02958343/e7e94f8dbbe8c1e9784da3853aae78cd/r_36",
            "rotation": 0.12566370614359174,
            "transform_matrix": [
                [
                    -0.18528784811496735,
                    -0.5362082123756409,
                    -0.8234980702400208,
                    -3.319627046585083
                ],
                [
                    -0.9826842546463013,
                    0.10110355913639069,
                    0.15527285635471344,
                    0.6259249448776245
                ],
                [
                    0.0,
                    0.8380088806152344,
                    -0.5456565618515015,
                    -2.1996121406555176
                ],
                [
                    0.0,
                    0.0,
                    0.0,
                    1.0
                ]
            ]
        },
        {
            "file_path": "/data/shapenet_blender/all_50_random/02958343/e7e94f8dbbe8c1e9784da3853aae78cd/r_37",
            "rotation": 0.12566370614359174,
            "transform_matrix": [
                [
                    -0.5178809762001038,
                    0.2692720592021942,
                    -0.8119679093360901,
                    -3.2731473445892334
                ],
                [
                    -0.8554527759552002,
                    -0.16301411390304565,
                    0.49155575037002563,
                    1.9815245866775513
                ],
                [
                    0.0,
                    0.9491674900054932,
                    0.3147713840007782,
                    1.2688840627670288
                ],
                [
                    0.0,
                    0.0,
                    0.0,
                    1.0
                ]
            ]
        },
        {
            "file_path": "/data/shapenet_blender/all_50_random/02958343/e7e94f8dbbe8c1e9784da3853aae78cd/r_38",
            "rotation": 0.12566370614359174,
            "transform_matrix": [
                [
                    -0.9835862517356873,
                    -0.18008078634738922,
                    -0.0113538708537817,
                    -0.045768916606903076
                ],
                [
                    -0.1804383397102356,
                    0.9816371202468872,
                    0.06189100444316864,
                    0.2494906187057495
                ],
                [
                    9.313225191043273e-10,
                    0.06292398273944855,
                    -0.9980183243751526,
                    -4.0231404304504395
                ],
                [
                    0.0,
                    0.0,
                    0.0,
                    1.0
                ]
            ]
        },
        {
            "file_path": "/data/shapenet_blender/all_50_random/02958343/e7e94f8dbbe8c1e9784da3853aae78cd/r_39",
            "rotation": 0.12566370614359174,
            "transform_matrix": [
                [
                    -0.9840882420539856,
                    0.10422376543283463,
                    0.14390157163143158,
                    0.5800856947898865
                ],
                [
                    0.17768017947673798,
                    0.577247142791748,
                    0.7970041632652283,
                    3.2128262519836426
                ],
                [
                    7.4505792646561986e-09,
                    0.809890866279602,
                    -0.5865806341171265,
                    -2.364581823348999
                ],
                [
                    0.0,
                    0.0,
                    0.0,
                    1.0
                ]
            ]
        },
        {
            "file_path": "/data/shapenet_blender/all_50_random/02958343/e7e94f8dbbe8c1e9784da3853aae78cd/r_40",
            "rotation": 0.12566370614359174,
            "transform_matrix": [
                [
                    -0.7652029991149902,
                    -0.46607932448387146,
                    0.4441109299659729,
                    1.7902683019638062
                ],
                [
                    0.6437891721725464,
                    -0.5539783835411072,
                    0.5278668999671936,
                    2.127899408340454
                ],
                [
                    0.0,
                    0.6898391246795654,
                    0.7239627242088318,
                    2.918386936187744
                ],
                [
                    0.0,
                    0.0,
                    0.0,
                    1.0
                ]
            ]
        },
        {
            "file_path": "/data/shapenet_blender/all_50_random/02958343/e7e94f8dbbe8c1e9784da3853aae78cd/r_41",
            "rotation": 0.12566370614359174,
            "transform_matrix": [
                [
                    0.7778112292289734,
                    -0.4808804988861084,
                    0.40467697381973267,
                    1.6313050985336304
                ],
                [
                    0.6284977793693542,
                    0.5951242446899414,
                    -0.5008168816566467,
                    -2.018857479095459
                ],
                [
