{
    "class": "02958343",
    "model": "96e3179460185d889130d420a26edb84",
    "remove_doubles": true,
    "edge_split": true,
    "denoise": true,
    "camera_angle_x": 0.6911112070083618,
    "scale_factor": 2.2639647426812584,
    "hdri_file": "/data/IndoorHDRDataset2018/9C4A9711-e071c94605.exr",
    "center_offset": [
        0.0,
        0.0,
        0.0
    ],
    "lights": [],
    "frames": [
        {
            "file_path": "/data/shapenet_blender/all_50_random/02958343/96e3179460185d889130d420a26edb84/r_0",
            "rotation": 0.12566370614359174,
            "transform_matrix": [
                [
                    -0.6187196373939514,
                    0.6420437097549438,
                    0.4527314305305481,
                    1.8250188827514648
                ],
                [
                    0.7856118679046631,
                    0.5056505799293518,
                    0.3565549850463867,
                    1.437319278717041
                ],
                [
                    -1.4901161193847656e-08,
                    0.5762786865234375,
                    -0.8172531127929688,
                    -3.2944529056549072
                ],
                [
                    0.0,
                    0.0,
                    0.0,
                    1.0
                ]
            ]
        },
        {
            "file_path": "/data/shapenet_blender/all_50_random/02958343/96e3179460185d889130d420a26edb84/r_1",
            "rotation": 0.12566370614359174,
            "transform_matrix": [
                [
                    -0.9209117889404297,
                    -0.2691403329372406,
                    0.2819305658340454,
                    1.1364984512329102
                ],
                [
                    0.3897709250450134,
                    -0.6358978748321533,
                    0.6661173701286316,
                    2.6852049827575684
                ],
                [
                    -1.4901160305669237e-08,
                    0.7233237624168396,
                    0.6905090808868408,
                    2.7835309505462646
                ],
                [
                    0.0,
                    0.0,
                    0.0,
                    1.0
                ]
            ]
        },
        {
            "file_path": "/data/shapenet_blender/all_50_random/02958343/96e3179460185d889130d420a26edb84/r_2",
            "rotation": 0.12566370614359174,
            "transform_matrix": [
                [
                    0.9709135890007019,
                    0.09738876670598984,
                    -0.21872873604297638,
                    -0.8817238211631775
                ],
                [
                    -0.23943021893501282,
                    0.3949211835861206,
                    -0.8869669437408447,
                    -3.5754783153533936
                ],
                [
                    -7.450580596923828e-09,
                    0.9135385155677795,
                    0.4067521393299103,
                    1.639670491218567
                ],
                [
                    0.0,
                    0.0,
                    0.0,
                    1.0
                ]
            ]
        },
        {
            "file_path": "/data/shapenet_blender/all_50_random/02958343/96e3179460185d889130d420a26edb84/r_3",
            "rotation": 0.12566370614359174,
            "transform_matrix": [
                [
                    0.735945463180542,
                    0.2646089494228363,
                    -0.6231904029846191,
                    -2.5121610164642334
                ],
                [
                    -0.6770408153533936,
                    0.28763076663017273,
                    -0.6774098873138428,
                    -2.730726957321167
                ],
                [
                    1.4901161193847656e-08,
                    0.9204621315002441,
                    0.3908315896987915,
                    1.5754926204681396
                ],
                [
                    0.0,
                    0.0,
                    0.0,
                    1.0
                ]
            ]
        },
        {
            "file_path": "/data/shapenet_blender/all_50_random/02958343/96e3179460185d889130d420a26edb84/r_4",
            "rotation": 0.12566370614359174,
            "transform_matrix": [
                [
                    0.5795319080352783,
                    0.6162117719650269,
                    0.533315896987915,
                    2.1498653888702393
                ],
                [
                    0.8149495720863342,
                    -0.43820422887802124,
                    -0.37925484776496887,
                    -1.528825283050537
                ],
                [
                    -1.4901161193847656e-08,
                    0.6544158458709717,
                    -0.7561347484588623,
                    -3.048076868057251
                ],
                [
                    0.0,
                    0.0,
                    0.0,
                    1.0
                ]
            ]
        },
        {
            "file_path": "/data/shapenet_blender/all_50_random/02958343/96e3179460185d889130d420a26edb84/r_5",
            "rotation": 0.12566370614359174,
            "transform_matrix": [
                [
                    0.9967698454856873,
                    0.006530251353979111,
                    0.08004589378833771,
                    0.32267528772354126
                ],
                [
                    0.08031181991100311,
                    -0.08104855567216873,
                    -0.9934693574905396,
                    -4.004802703857422
                ],
                [
                    -4.656613428188905e-10,
                    0.996688723564148,
                    -0.08131121844053268,
                    -0.3277759850025177
                ],
                [
                    0.0,
                    0.0,
                    0.0,
                    1.0
                ]
            ]
        },
        {
            "file_path": "/data/shapenet_blender/all_50_random/02958343/96e3179460185d889130d420a26edb84/r_6",
            "rotation": 0.12566370614359174,
            "transform_matrix": [
                [
                    0.9163063764572144,
                    -0.3481583297252655,
                    -0.19790974259376526,
                    -0.7977997064590454
                ],
                [
                    -0.4004778563976288,
                    -0.7965976595878601,
                    -0.4528239667415619,
                    -1.8253917694091797
                ],
                [
                    0.0,
                    0.49418389797210693,
                    -0.8693572878837585,
                    -3.5044913291931152
                ],
                [
                    0.0,
                    0.0,
                    0.0,
                    1.0
                ]
            ]
        },
        {
            "file_path": "/data/shapenet_blender/all_50_random/02958343/96e3179460185d889130d420a26edb84/r_7",
            "rotation": 0.12566370614359174,
            "transform_matrix": [
                [
                    0.772818386554718,
                    -0.2773987948894501,
                    0.5707903504371643,
                    2.300929546356201
                ],
                [
                    0.6346272230148315,
                    0.33780285716056824,
                    -0.6950808763504028,
                    -2.8019607067108154
                ],
                [
                    -1.4901161193847656e-08,
                    0.8994103074073792,
                    0.4371051490306854,
                    1.7620272636413574
                ],
                [
                    0.0,
                    0.0,
                    0.0,
                    1.0
                ]
            ]
        },
        {
            "file_path": "/data/shapenet_blender/all_50_random/02958343/96e3179460185d889130d420a26edb84/r_8",
            "rotation": 0.12566370614359174,
            "transform_matrix": [
                [
                    0.5379002690315247,
                    -0.13764530420303345,
                    0.8316953182220459,
                    3.3526711463928223
                ],
                [
                    0.8430084586143494,
                    0.0878276377916336,
                    -0.5306816101074219,
                    -2.1392459869384766
                ],
                [
                    0.0,
                    0.9865798950195312,
                    0.16327868402004242,
                    0.6581974029541016
                ],
                [
                    0.0,
                    0.0,
                    0.0,
                    1.0
                ]
            ]
        },
        {
            "file_path": "/data/shapenet_blender/all_50_random/02958343/96e3179460185d889130d420a26edb84/r_9",
            "rotation": 0.12566370614359174,
            "transform_matrix": [
                [
                    0.010243982076644897,
                    -0.2135639786720276,
                    -0.976875364780426,
                    -3.937910556793213
                ],
                [
                    -0.9999475479125977,
                    -0.002187860431149602,
                    -0.010007618926465511,
                    -0.04034200310707092
                ],
                [
                    0.0,
                    0.9769266247749329,
                    -0.21357516944408417,
                    -0.8609490394592285
                ],
                [
                    0.0,
                    0.0,
                    0.0,
                    1.0
                ]
            ]
        },
        {
            "file_path": "/data/shapenet_blender/all_50_random/02958343/96e3179460185d889130d420a26edb84/r_10",
            "rotation": 0.12566370614359174,
            "transform_matrix": [
                [
                    0.981890857219696,
                    -0.1692083477973938,
                    0.085198774933815,
                    0.3434472382068634
                ],
                [
                    0.1894473284482956,
                    0.876993715763092,
                    -0.44157862663269043,
                    -1.7800602912902832
                ],
                [
                    0.0,
                    0.4497227668762207,
                    0.8931682109832764,
                    3.600476026535034
                ],
                [
                    0.0,
                    0.0,
                    0.0,
                    1.0
                ]
            ]
        },
        {
            "file_path": "/data/shapenet_blender/all_50_random/02958343/96e3179460185d889130d420a26edb84/r_11",
            "rotation": 0.12566370614359174,
            "transform_matrix": [
                [
                    0.049566738307476044,
                    -0.9961458444595337,
                    -0.07236339896917343,
                    -0.2917062044143677
                ],
                [
                    -0.9987708330154419,
                    -0.04943646863102913,
                    -0.00359123176895082,
                    -0.014476718381047249
                ],
                [
                    -2.3283064365386963e-10,
                    0.07245276868343353,
                    -0.9973718523979187,
                    -4.020534515380859
                ],
                [
                    0.0,
                    0.0,
                    0.0,
                    1.0
                ]
            ]
        },
        {
            "file_path": "/data/shapenet_blender/all_50_random/02958343/96e3179460185d889130d420a26edb84/r_12",
            "rotation": 0.12566370614359174,
            "transform_matrix": [
                [
                    0.3832211494445801,
                    0.03568064793944359,
                    0.9229671955108643,
                    3.720599889755249
                ],
                [
                    0.9236566424369812,
                    -0.014803747646510601,
                    -0.382935106754303,
                    -1.5436607599258423
                ],
                [
                    0.0,
                    0.999253511428833,
                    -0.03862978145480156,
                    -0.15572163462638855
                ],
                [
                    0.0,
                    0.0,
                    0.0,
                    1.0
                ]
            ]
        },
        {
            "file_path": "/data/shapenet_blender/all_50_random/02958343/96e3179460185d889130d420a26edb84/r_13",
            "rotation": 0.12566370614359174,
            "transform_matrix": [
                [
                    0.7581528425216675,
                    -0.6035445332527161,
                    -0.2468567192554474,
                    -0.995111346244812
                ],
                [
                    -0.6520769000053406,
                    -0.7017256021499634,
                    -0.2870139181613922,
                    -1.1569902896881104
                ],
                [
                    1.4901161193847656e-08,
                    0.378570020198822,
                    -0.9255725741386414,
                    -3.731102705001831
                ],
                [
                    0.0,
                    0.0,
                    0.0,
                    1.0
                ]
            ]
        },
        {
            "file_path": "/data/shapenet_blender/all_50_random/02958343/96e3179460185d889130d420a26edb84/r_14",
            "rotation": 0.12566370614359174,
            "transform_matrix": [
                [
                    -0.9996483325958252,
                    0.0003790613845922053,
                    -0.026512540876865387,
                    -0.106875479221344
                ],
                [
                    -0.02651524916291237,
                    -0.014290948398411274,
                    0.9995461702346802,
                    4.029299736022949
                ],
                [
                    0.0,
                    0.999897837638855,
                    0.014295972883701324,
                    0.05762891471385956
                ],
                [
                    0.0,
                    0.0,
                    0.0,
                    1.0
                ]
            ]
        },
        {
            "file_path": "/data/shapenet_blender/all_50_random/02958343/96e3179460185d889130d420a26edb84/r_15",
            "rotation": 0.12566370614359174,
            "transform_matrix": [
                [
                    0.2954407334327698,
                    -0.36071711778640747,
                    -0.8846456408500671,
                    -3.5661206245422363
                ],
                [
                    -0.9553611278533936,
                    -0.11155000329017639,
                    -0.27357232570648193,
                    -1.1028053760528564
                ],
                [
                    -7.450580596923828e-09,
                    0.9259805083274841,
                    -0.3775714337825775,
                    -1.5220391750335693
                ],
                [
                    0.0,
                    0.0,
                    0.0,
                    1.0
                ]
            ]
        },
        {
            "file_path": "/data/shapenet_blender/all_50_random/02958343/96e3179460185d889130d420a26edb84/r_16",
            "rotation": 0.12566370614359174,
            "transform_matrix": [
                [
                    0.9931174516677856,
                    -0.04681636765599251,
                    0.1073591485619545,
                    0.43277856707572937
                ],
                [
                    0.1171228364109993,
                    0.39696913957595825,
                    -0.9103283882141113,
                    -3.6696510314941406
                ],
                [
                    0.0,
                    0.9166371822357178,
                    0.39972028136253357,
                    1.6113239526748657
                ],
                [
                    0.0,
                    0.0,
                    0.0,
                    1.0
                ]
            ]
        },
        {
            "file_path": "/data/shapenet_blender/all_50_random/02958343/96e3179460185d889130d420a26edb84/r_17",
            "rotation": 0.12566370614359174,
            "transform_matrix": [
                [
                    -0.9993667006492615,
                    -0.009066184982657433,
                    0.034410510212183,
                    0.13871322572231293
                ],
                [
                    0.035584818571805954,
                    -0.2546153962612152,
                    0.9663873314857483,
                    3.895632266998291
                ],
                [
                    0.0,
                    0.966999888420105,
                    0.2547767162322998,
                    1.0270378589630127
                ],
                [
                    0.0,
                    0.0,
                    0.0,
                    1.0
                ]
            ]
        },
        {
            "file_path": "/data/shapenet_blender/all_50_random/02958343/96e3179460185d889130d420a26edb84/r_18",
            "rotation": 0.12566370614359174,
            "transform_matrix": [
                [
                    0.915375828742981,
                    -0.12135607749223709,
                    -0.38387465476989746,
                    -1.5474482774734497
                ],
                [
                    -0.40260037779808044,
                    -0.27592232823371887,
                    -0.8727999925613403,
                    -3.518369197845459
                ],
                [
                    -7.450580596923828e-09,
                    0.9534880518913269,
                    -0.3014306426048279,
                    -1.2151057720184326
                ],
                [
                    0.0,
                    0.0,
                    0.0,
                    1.0
                ]
            ]
        },
        {
            "file_path": "/data/shapenet_blender/all_50_random/02958343/96e3179460185d889130d420a26edb84/r_19",
            "rotation": 0.12566370614359174,
            "transform_matrix": [
                [
                    0.9716005921363831,
                    0.022381838411092758,
                    -0.23556607961654663,
                    -0.9495972394943237
                ],
                [
                    -0.236626997590065,
                    0.0919007956981659,
                    -0.9672444462776184,
                    -3.8990871906280518
                ],
                [
                    1.862645149230957e-09,
                    0.9955165982246399,
                    0.09458700567483902,
                    0.3812924027442932
                ],
                [
                    0.0,
                    0.0,
                    0.0,
                    1.0
                ]
            ]
        },
        {
            "file_path": "/data/shapenet_blender/all_50_random/02958343/96e3179460185d889130d420a26edb84/r_20",
            "rotation": 0.12566370614359174,
            "transform_matrix": [
                [
                    0.4767075777053833,
                    -0.5118803977966309,
                    -0.7146525979042053,
                    -2.88085675239563
                ],
                [
                    -0.8790620565414429,
                    -0.27758821845054626,
                    -0.3875497877597809,
                    -1.5622631311416626
                ],
                [
                    0.0,
                    0.8129717111587524,
                    -0.5823030471801758,
                    -2.3473386764526367
                ],
                [
                    0.0,
                    0.0,
                    0.0,
                    1.0
                ]
            ]
        },
        {
            "file_path": "/data/shapenet_blender/all_50_random/02958343/96e3179460185d889130d420a26edb84/r_21",
            "rotation": 0.12566370614359174,
            "transform_matrix": [
                [
                    0.36936405301094055,
                    0.04969262704253197,
                    -0.9279552102088928,
                    -3.7407071590423584
                ],
                [
                    -0.9292848706245422,
                    0.01975139230489731,
                    -0.36883556842803955,
                    -1.4868236780166626
                ],
                [
                    0.0,
                    0.9985691905021667,
                    0.0534740574657917,
                    0.21556082367897034
                ],
                [
                    0.0,
                    0.0,
                    0.0,
                    1.0
                ]
            ]
        },
        {
            "file_path": "/data/shapenet_blender/all_50_random/02958343/96e3179460185d889130d420a26edb84/r_22",
            "rotation": 0.12566370614359174,
            "transform_matrix": [
                [
                    -0.878811240196228,
                    0.07820478081703186,
                    -0.4707173705101013,
                    -1.8975224494934082
                ],
                [
                    -0.47716957330703735,
                    -0.14403104782104492,
                    0.8669280409812927,
                    3.4946987628936768
                ],
                [
                    0.0,
                    0.9864781498908997,
                    0.16389302909374237,
                    0.6606739163398743
                ],
                [
                    0.0,
                    0.0,
                    0.0,
                    1.0
                ]
            ]
        },
        {
            "file_path": "/data/shapenet_blender/all_50_random/02958343/96e3179460185d889130d420a26edb84/r_23",
            "rotation": 0.12566370614359174,
            "transform_matrix": [
                [
                    0.978042721748352,
                    0.1794099658727646,
                    0.10604044795036316,
                    0.42746272683143616
                ],
                [
                    0.20840471982955933,
                    -0.8419705033302307,
                    -0.4976475238800049,
                    -2.0060813426971436
                ],
                [
                    7.450581485102248e-09,
                    0.5088196992874146,
                    -0.8608729839324951,
                    -3.470289945602417
                ],
                [
                    0.0,
                    0.0,
                    0.0,
                    1.0
                ]
            ]
        },
        {
            "file_path": "/data/shapenet_blender/all_50_random/02958343/96e3179460185d889130d420a26edb84/r_24",
            "rotation": 0.12566370614359174,
            "transform_matrix": [
                [
                    -0.8540047407150269,
                    0.05440681427717209,
                    0.517412543296814,
                    2.085756778717041
                ],
                [
                    0.5202651619911194,
                    0.08930768817663193,
                    0.8493222594261169,
                    3.423727512359619
                ],
                [
                    0.0,
                    0.9945170283317566,
                    -0.10457515716552734,
                    -0.42155593633651733
                ],
                [
                    0.0,
                    0.0,
                    0.0,
                    1.0
                ]
            ]
        },
        {
            "file_path": "/data/shapenet_blender/all_50_random/02958343/96e3179460185d889130d420a26edb84/r_25",
            "rotation": 0.12566370614359174,
            "transform_matrix": [
                [
                    0.9937940835952759,
                    0.02490101009607315,
                    -0.1084127128124237,
                    -0.43702563643455505
                ],
                [
                    -0.11123568564653397,
                    0.22246888279914856,
                    -0.968573272228241,
                    -3.9044437408447266
                ],
                [
                    1.862645149230957e-09,
                    0.9746217131614685,
                    0.22385813295841217,
                    0.9024009704589844
                ],
                [
                    0.0,
                    0.0,
                    0.0,
                    1.0
                ]
            ]
        },
        {
            "file_path": "/data/shapenet_blender/all_50_random/02958343/96e3179460185d889130d420a26edb84/r_26",
            "rotation": 0.12566370614359174,
            "transform_matrix": [
                [
                    -0.7958303093910217,
                    -0.4305921196937561,
                    -0.42572829127311707,
                    -1.7161656618118286
                ],
                [
                    -0.6055197715759277,
                    0.5659241080284119,
                    0.5595316290855408,
                    2.2555441856384277
                ],
                [
                    -1.4901164746561335e-08,
                    0.703079104423523,
                    -0.7111115455627441,
                    -2.8665823936462402
                ],
                [
                    0.0,
                    0.0,
                    0.0,
                    1.0
                ]
            ]
        },
        {
            "file_path": "/data/shapenet_blender/all_50_random/02958343/96e3179460185d889130d420a26edb84/r_27",
            "rotation": 0.12566370614359174,
            "transform_matrix": [
                [
                    -0.8143453001976013,
                    0.5015025734901428,
                    0.29212486743927,
                    1.1775929927825928
                ],
                [
                    0.5803806781768799,
                    0.7036696672439575,
                    0.40988704562187195,
                    1.6523075103759766
                ],
                [
                    0.0,
                    0.5033331513404846,
                    -0.8640923500061035,
                    -3.4832677841186523
                ],
                [
                    0.0,
                    0.0,
                    0.0,
                    1.0
                ]
            ]
        },
        {
            "file_path": "/data/shapenet_blender/all_50_random/02958343/96e3179460185d889130d420a26edb84/r_28",
            "rotation": 0.12566370614359174,
            "transform_matrix": [
                [
                    -0.07145138829946518,
                    0.7317338585853577,
                    -0.6778349280357361,
                    -2.732440233230591
                ],
                [
                    -0.9974441528320312,
                    -0.052417367696762085,
                    0.04855634644627571,
                    0.19573691487312317
                ],
                [
                    0.0,
                    0.6795718669891357,
                    0.7336088418960571,
                    2.9572720527648926
                ],
                [
                    0.0,
                    0.0,
                    0.0,
                    1.0
                ]
            ]
        },
        {
            "file_path": "/data/shapenet_blender/all_50_random/02958343/96e3179460185d889130d420a26edb84/r_29",
            "rotation": 0.12566370614359174,
            "transform_matrix": [
                [
                    0.29125508666038513,
                    0.6890462636947632,
                    -0.6636156439781189,
                    -2.6751201152801514
                ],
                [
                    -0.9566454887390137,
                    0.20978328585624695,
                    -0.20204082131385803,
                    -0.814452588558197
                ],
                [
                    0.0,
                    0.6936903595924377,
                    0.7202733755111694,
                    2.903514862060547
                ],
                [
                    0.0,
                    0.0,
                    0.0,
                    1.0
                ]
            ]
        },
        {
            "file_path": "/data/shapenet_blender/all_50_random/02958343/96e3179460185d889130d420a26edb84/r_30",
            "rotation": 0.12566370614359174,
            "transform_matrix": [
                [
                    -0.6579691171646118,
                    -0.14128994941711426,
                    -0.7396712899208069,
                    -2.981710433959961
                ],
                [
                    -0.7530447840690613,
                    0.12345140427350998,
                    0.6462841033935547,
                    2.605254650115967
                ],
                [
                    7.450580152834618e-09,
                    0.9822407364845276,
                    -0.18762488663196564,
                    -0.7563400864601135
                ],
                [
                    0.0,
                    0.0,
                    0.0,
                    1.0
                ]
            ]
        },
        {
            "file_path": "/data/shapenet_blender/all_50_random/02958343/96e3179460185d889130d420a26edb84/r_31",
            "rotation": 0.12566370614359174,
            "transform_matrix": [
                [
                    -0.9993547201156616,
                    -0.008969501592218876,
                    -0.03478278964757919,
                    -0.14021390676498413
                ],
                [
                    -0.03592067211866379,
                    0.24954192340373993,
                    0.9676975011825562,
                    3.9009134769439697
                ],
                [
                    0.0,
                    0.9683225154876709,
                    -0.2497030347585678,
                    -1.0065851211547852
                ],
                [
                    0.0,
                    0.0,
                    0.0,
                    1.0
                ]
            ]
        },
        {
            "file_path": "/data/shapenet_blender/all_50_random/02958343/96e3179460185d889130d420a26edb84/r_32",
            "rotation": 0.12566370614359174,
            "transform_matrix": [
                [
                    0.9517878293991089,
                    0.059696536511182785,
                    -0.30089256167411804,
                    -1.2129368782043457
                ],
                [
                    -0.30675727128982544,
                    0.18522274494171143,
                    -0.9335910677909851,
                    -3.7634263038635254
                ],
                [
                    -3.725290298461914e-09,
                    0.9808816909790039,
                    0.19460506737232208,
                    0.7844781875610352
                ],
                [
                    0.0,
                    0.0,
                    0.0,
                    1.0
                ]
            ]
        },
        {
            "file_path": "/data/shapenet_blender/all_50_random/02958343/96e3179460185d889130d420a26edb84/r_33",
            "rotation": 0.12566370614359174,
            "transform_matrix": [
                [
                    0.9843869805335999,
                    -0.08480804413557053,
                    0.15423919260501862,
                    0.6217580437660217
                ],
                [
                    0.1760174036026001,
                    0.47429361939430237,
                    -0.8625910878181458,
                    -3.4772160053253174
                ],
                [
                    0.0,
                    0.8762722611427307,
                    0.4818161725997925,
                    1.942263126373291
                ],
                [
                    0.0,
                    0.0,
                    0.0,
                    1.0
                ]
            ]
        },
        {
            "file_path": "/data/shapenet_blender/all_50_random/02958343/96e3179460185d889130d420a26edb84/r_34",
            "rotation": 0.12566370614359174,
            "transform_matrix": [
                [
                    -0.4077637791633606,
                    0.0011601833393797278,
                    0.9130867719650269,
                    3.6807703971862793
                ],
                [
                    0.9130875468254089,
                    0.0005181110464036465,
                    0.40776345133781433,
                    1.643747091293335
                ],
                [
                    0.0,
                    0.9999992251396179,
                    -0.0012706158449873328,
                    -0.005122016184031963
                ],
                [
                    0.0,
                    0.0,
                    0.0,
                    1.0
                ]
            ]
        },
        {
            "file_path": "/data/shapenet_blender/all_50_random/02958343/96e3179460185d889130d420a26edb84/r_35",
            "rotation": 0.12566370614359174,
            "transform_matrix": [
                [
                    -0.9878780841827393,
                    -0.12217026948928833,
                    -0.0957673117518425,
                    -0.38605037331581116
                ],
                [
                    -0.15523192286491394,
                    0.777477502822876,
                    0.6094521284103394,
                    2.456780195236206
                ],
                [
                    0.0,
                    0.6169305443763733,
                    -0.7870175838470459,
                    -3.1725692749023438
                ],
                [
                    0.0,
                    0.0,
                    0.0,
                    1.0
                ]
            ]
        },
        {
            "file_path": "/data/shapenet_blender/all_50_random/02958343/96e3179460185d889130d420a26edb84/r_36",
            "rotation": 0.12566370614359174,
            "transform_matrix": [
                [
                    -0.7572540044784546,
                    0.5852429866790771,
                    -0.28992587327957153,
                    -1.1687285900115967
                ],
                [
                    -0.6531204581260681,
                    -0.6785541772842407,
                    0.336151659488678,
                    1.35507071018219
                ],
                [
                    0.0,
                    0.4439086616039276,
                    0.8960719704627991,
                    3.6121816635131836
                ],
                [
                    0.0,
                    0.0,
                    0.0,
                    1.0
                ]
            ]
        },
        {
            "file_path": "/data/shapenet_blender/all_50_random/02958343/96e3179460185d889130d420a26edb84/r_37",
            "rotation": 0.12566370614359174,
            "transform_matrix": [
                [
                    -0.11810386925935745,
                    -0.5459343194961548,
                    -0.829461932182312,
                    -3.343667984008789
                ],
                [
                    -0.9930012822151184,
                    0.06493139266967773,
                    0.09865310043096542,
                    0.39768338203430176
                ],
                [
                    7.450580596923828e-09,
                    0.8353081345558167,
                    -0.5497821569442749,
                    -2.216242790222168
                ],
                [
                    0.0,
                    0.0,
                    0.0,
                    1.0
                ]
            ]
        },
        {
            "file_path": "/data/shapenet_blender/all_50_random/02958343/96e3179460185d889130d420a26edb84/r_38",
            "rotation": 0.12566370614359174,
            "transform_matrix": [
                [
                    0.47526025772094727,
                    0.40464943647384644,
                    0.7812724113464355,
                    3.149409770965576
                ],
                [
                    0.8798453211784363,
                    -0.2185768038034439,
                    -0.4220147728919983,
                    -1.7011959552764893
                ],
                [
                    -1.4901161193847656e-08,
                    0.8879656791687012,
                    -0.45990973711013794,
                    -1.8539555072784424
                ],
                [
                    0.0,
                    0.0,
                    0.0,
                    1.0
                ]
            ]
        },
        {
            "file_path": "/data/shapenet_blender/all_50_random/02958343/96e3179460185d889130d420a26edb84/r_39",
            "rotation": 0.12566370614359174,
            "transform_matrix": [
                [
                    -0.7482994198799133,
                    0.14049257338047028,
                    0.648313045501709,
                    2.613433837890625
                ],
                [
                    0.6633611917495728,
                    0.15848153829574585,
                    0.7313244342803955,
                    2.948063373565674
                ],
                [
                    0.0,
                    0.9773154258728027,
                    -0.21178892254829407,
                    -0.8537485003471375
                ],
                [
                    0.0,
                    0.0,
                    0.0,
                    1.0
                ]
            ]
        },
        {
            "file_path": "/data/shapenet_blender/all_50_random/02958343/96e3179460185d889130d420a26edb84/r_40",
            "rotation": 0.12566370614359174,
            "transform_matrix": [
                [
                    0.04506020247936249,
                    0.5477732419967651,
                    -0.8354124426841736,
                    -3.3676555156707764
                ],
                [
                    -0.9989843368530273,
                    0.024707866832613945,
                    -0.037682123482227325,
                    -0.151901513338089
                ],
                [
                    0.0,
                    0.8362619280815125,
                    0.5483301281929016,
                    2.2103896141052246
                ],
                [
                    0.0,
                    0.0,
                    0.0,
                    1.0
                ]
            ]
        },
        {
            "file_path": "/data/shapenet_blender/all_50_random/02958343/96e3179460185d889130d420a26edb84/r_41",
            "rotation": 0.12566370614359174,
            "transform_matrix": [
                [
                    -0.13655541837215424,
                    0.2506207525730133,
                    0.9584058523178101,
                    3.863457679748535
                ],
                [
                    0.9906324148178101,
                    0.034547243267297745,
                    0.13211309909820557,
                    0.5325649380683899
                ],
                [
