{
    "class": "02958343",
    "model": "993bd3b6fe7c6e32cbb047938846b5c7",
    "remove_doubles": true,
    "edge_split": true,
    "denoise": true,
    "camera_angle_x": 0.6911112070083618,
    "scale_factor": 2.1888711743846527,
    "hdri_file": "/data/IndoorHDRDataset2018/AG8A6875-079ba32fd8.exr",
    "center_offset": [
        0.0,
        -1.862645149230957e-09,
        0.0
    ],
    "lights": [],
    "frames": [
        {
            "file_path": "/data/shapenet_blender/all_50_random/02958343/993bd3b6fe7c6e32cbb047938846b5c7/r_0",
            "rotation": 0.12566370614359174,
            "transform_matrix": [
                [
                    0.9997678995132446,
                    -0.010839366354048252,
                    -0.018618984147906303,
                    -0.07505552470684052
                ],
                [
                    -0.021544337272644043,
                    -0.5030022859573364,
                    -0.8640165328979492,
                    -3.482962131500244
                ],
                [
                    0.0,
                    0.8642171621322632,
                    -0.5031189918518066,
                    -2.028137445449829
                ],
                [
                    0.0,
                    0.0,
                    0.0,
                    1.0
                ]
            ]
        },
        {
            "file_path": "/data/shapenet_blender/all_50_random/02958343/993bd3b6fe7c6e32cbb047938846b5c7/r_1",
            "rotation": 0.12566370614359174,
            "transform_matrix": [
                [
                    0.49139517545700073,
                    0.5218603610992432,
                    0.6972750425338745,
                    2.810805559158325
                ],
                [
                    0.8709367513656616,
                    -0.29444119334220886,
                    -0.393412709236145,
                    -1.5858973264694214
                ],
                [
                    0.0,
                    0.8006035089492798,
                    -0.5991944074630737,
                    -2.4154298305511475
                ],
                [
                    0.0,
                    0.0,
                    0.0,
                    1.0
                ]
            ]
        },
        {
            "file_path": "/data/shapenet_blender/all_50_random/02958343/993bd3b6fe7c6e32cbb047938846b5c7/r_2",
            "rotation": 0.12566370614359174,
            "transform_matrix": [
                [
                    -0.7835989594459534,
                    0.0006985284271650016,
                    0.6212665438652039,
                    2.5044057369232178
                ],
                [
                    0.6212669610977173,
                    0.0008810482104308903,
                    0.7835984230041504,
                    3.1587865352630615
                ],
                [
                    0.0,
                    0.9999994039535522,
                    -0.00112436106428504,
                    -0.004532444756478071
                ],
                [
                    0.0,
                    0.0,
                    0.0,
                    1.0
                ]
            ]
        },
        {
            "file_path": "/data/shapenet_blender/all_50_random/02958343/993bd3b6fe7c6e32cbb047938846b5c7/r_3",
            "rotation": 0.12566370614359174,
            "transform_matrix": [
                [
                    -0.9998189806938171,
                    -0.009500614367425442,
                    0.016485316678881645,
                    0.0664544403553009
                ],
                [
                    0.019027017056941986,
                    -0.4992319643497467,
                    0.8662594556808472,
                    3.4920034408569336
                ],
                [
                    0.0,
                    0.8664162158966064,
                    0.49932238459587097,
                    2.0128328800201416
                ],
                [
                    0.0,
                    0.0,
                    0.0,
                    1.0
                ]
            ]
        },
        {
            "file_path": "/data/shapenet_blender/all_50_random/02958343/993bd3b6fe7c6e32cbb047938846b5c7/r_4",
            "rotation": 0.12566370614359174,
            "transform_matrix": [
                [
                    -0.7109860777854919,
                    -0.6156013011932373,
                    -0.3399026095867157,
                    -1.370191216468811
                ],
                [
                    -0.7032060623168945,
                    0.6224120855331421,
                    0.34366312623023987,
                    1.3853503465652466
                ],
                [
                    2.9802322387695312e-08,
                    0.4833611845970154,
                    -0.8754209280014038,
                    -3.5289347171783447
                ],
                [
                    0.0,
                    0.0,
                    0.0,
                    1.0
                ]
            ]
        },
        {
            "file_path": "/data/shapenet_blender/all_50_random/02958343/993bd3b6fe7c6e32cbb047938846b5c7/r_5",
            "rotation": 0.12566370614359174,
            "transform_matrix": [
                [
                    0.005376153625547886,
                    0.3317992687225342,
                    -0.943334698677063,
                    -3.802703619003296
                ],
                [
                    -0.9999855160713196,
                    0.0017838295316323638,
                    -0.0050715855322778225,
                    -0.020444214344024658
                ],
                [
                    -1.1641531488804091e-10,
                    0.9433482885360718,
                    0.3318040370941162,
                    1.3375447988510132
                ],
                [
                    0.0,
                    0.0,
                    0.0,
                    1.0
                ]
            ]
        },
        {
            "file_path": "/data/shapenet_blender/all_50_random/02958343/993bd3b6fe7c6e32cbb047938846b5c7/r_6",
            "rotation": 0.12566370614359174,
            "transform_matrix": [
                [
                    0.9196388125419617,
                    0.05669699236750603,
                    -0.3886513411998749,
                    -1.5667036771774292
                ],
                [
                    -0.3927650451660156,
                    0.13275302946567535,
                    -0.9100067615509033,
                    -3.6683545112609863
                ],
                [
                    0.0,
                    0.9895261526107788,
                    0.1443534642457962,
                    0.5819074511528015
                ],
                [
                    0.0,
                    0.0,
                    0.0,
                    1.0
                ]
            ]
        },
        {
            "file_path": "/data/shapenet_blender/all_50_random/02958343/993bd3b6fe7c6e32cbb047938846b5c7/r_7",
            "rotation": 0.12566370614359174,
            "transform_matrix": [
                [
                    -0.9581205248832703,
                    -0.011812943033874035,
                    -0.2861214876174927,
                    -1.1533925533294678
                ],
                [
                    -0.28636524081230164,
                    0.03952372819185257,
                    0.9573049545288086,
                    3.8590197563171387
                ],
                [
                    -9.313225746154785e-10,
                    0.9991487860679626,
                    -0.04125131294131279,
                    -0.16628935933113098
                ],
                [
                    0.0,
                    0.0,
                    0.0,
                    1.0
                ]
            ]
        },
        {
            "file_path": "/data/shapenet_blender/all_50_random/02958343/993bd3b6fe7c6e32cbb047938846b5c7/r_8",
            "rotation": 0.12566370614359174,
            "transform_matrix": [
                [
                    0.9532682299613953,
                    -0.003260968020185828,
                    -0.3021078109741211,
                    -1.217835545539856
                ],
                [
                    -0.3021254241466522,
                    -0.010289029218256474,
                    -0.9532126784324646,
                    -3.8425230979919434
                ],
                [
                    -2.3283064365386963e-10,
                    0.9999417066574097,
                    -0.01079342607408762,
                    -0.04350969195365906
                ],
                [
                    0.0,
                    0.0,
                    0.0,
                    1.0
                ]
            ]
        },
        {
            "file_path": "/data/shapenet_blender/all_50_random/02958343/993bd3b6fe7c6e32cbb047938846b5c7/r_9",
            "rotation": 0.12566370614359174,
            "transform_matrix": [
                [
                    0.22265300154685974,
                    -0.18333478271961212,
                    0.9575040340423584,
                    3.8598222732543945
                ],
                [
                    0.9748977422714233,
                    0.041871096938848495,
                    -0.2186805158853531,
                    -0.8815293312072754
                ],
                [
                    0.0,
                    0.982158362865448,
                    0.1880553960800171,
                    0.7580755352973938
                ],
                [
                    0.0,
                    0.0,
                    0.0,
                    1.0
                ]
            ]
        },
        {
            "file_path": "/data/shapenet_blender/all_50_random/02958343/993bd3b6fe7c6e32cbb047938846b5c7/r_10",
            "rotation": 0.12566370614359174,
            "transform_matrix": [
                [
                    -0.9779742360115051,
                    0.14296352863311768,
                    0.15207849442958832,
                    0.6130480170249939
                ],
                [
                    0.20872575044631958,
                    0.6698485612869263,
                    0.7125563025474548,
                    2.872406244277954
                ],
                [
                    0.0,
                    0.7286043763160706,
                    -0.6849347352981567,
                    -2.7610602378845215
                ],
                [
                    0.0,
                    0.0,
                    0.0,
                    1.0
                ]
            ]
        },
        {
            "file_path": "/data/shapenet_blender/all_50_random/02958343/993bd3b6fe7c6e32cbb047938846b5c7/r_11",
            "rotation": 0.12566370614359174,
            "transform_matrix": [
                [
                    -0.9811802506446838,
                    0.013184105046093464,
                    -0.1926434189081192,
                    -0.7765704393386841
                ],
                [
                    -0.19309403002262115,
                    -0.06699318438768387,
                    0.9788905382156372,
                    3.9460339546203613
                ],
                [
                    0.0,
                    0.9976662993431091,
                    0.06827815622091293,
                    0.275238037109375
                ],
                [
                    0.0,
                    0.0,
                    0.0,
                    1.0
                ]
            ]
        },
        {
            "file_path": "/data/shapenet_blender/all_50_random/02958343/993bd3b6fe7c6e32cbb047938846b5c7/r_12",
            "rotation": 0.12566370614359174,
            "transform_matrix": [
                [
                    0.7623885869979858,
                    0.08406949043273926,
                    0.6416353583335876,
                    2.586514949798584
                ],
                [
                    0.6471195220947266,
                    -0.09904449433088303,
                    -0.7559276223182678,
                    -3.047241687774658
                ],
                [
                    0.0,
                    0.9915252923965454,
                    -0.12991338968276978,
                    -0.5236976146697998
                ],
                [
                    0.0,
                    0.0,
                    0.0,
                    1.0
                ]
            ]
        },
        {
            "file_path": "/data/shapenet_blender/all_50_random/02958343/993bd3b6fe7c6e32cbb047938846b5c7/r_13",
            "rotation": 0.12566370614359174,
            "transform_matrix": [
                [
                    0.9895419478416443,
                    0.05480385944247246,
                    -0.13342924416065216,
                    -0.537870466709137
                ],
                [
                    -0.14424572885036469,
                    0.37596064805984497,
                    -0.9153396487236023,
                    -3.689852237701416
                ],
                [
                    0.0,
                    0.925013542175293,
                    0.37993404269218445,
                    1.53156316280365
                ],
                [
                    0.0,
                    0.0,
                    0.0,
                    1.0
                ]
            ]
        },
        {
            "file_path": "/data/shapenet_blender/all_50_random/02958343/993bd3b6fe7c6e32cbb047938846b5c7/r_14",
            "rotation": 0.12566370614359174,
            "transform_matrix": [
                [
                    0.5183010697364807,
                    0.10587826371192932,
                    0.848618745803833,
                    3.420891523361206
                ],
                [
                    0.855198323726654,
                    -0.0641685426235199,
                    -0.5143135190010071,
                    -2.0732641220092773
                ],
                [
                    7.450581485102248e-09,
                    0.9923064708709717,
                    -0.12380553036928177,
                    -0.49907606840133667
                ],
                [
                    0.0,
                    0.0,
                    0.0,
                    1.0
                ]
            ]
        },
        {
            "file_path": "/data/shapenet_blender/all_50_random/02958343/993bd3b6fe7c6e32cbb047938846b5c7/r_15",
            "rotation": 0.12566370614359174,
            "transform_matrix": [
                [
                    -0.40017974376678467,
                    0.46348002552986145,
                    0.7905961871147156,
                    3.186995506286621
                ],
                [
                    0.9164367318153381,
                    0.2023874670267105,
                    0.34522902965545654,
                    1.391662836074829
                ],
                [
                    0.0,
                    0.8626850843429565,
                    -0.5057414174079895,
                    -2.0387091636657715
                ],
                [
                    0.0,
                    0.0,
                    0.0,
                    1.0
                ]
            ]
        },
        {
            "file_path": "/data/shapenet_blender/all_50_random/02958343/993bd3b6fe7c6e32cbb047938846b5c7/r_16",
            "rotation": 0.12566370614359174,
            "transform_matrix": [
                [
                    -0.9563891887664795,
                    -0.12734545767307281,
                    -0.2628740966320038,
                    -1.0596795082092285
                ],
                [
                    -0.2920953035354614,
                    0.4169592261314392,
                    0.8607120513916016,
                    3.4696414470672607
                ],
                [
                    7.450580596923828e-09,
                    0.8999599814414978,
                    -0.43597230315208435,
                    -1.7574607133865356
                ],
                [
                    0.0,
                    0.0,
                    0.0,
                    1.0
                ]
            ]
        },
        {
            "file_path": "/data/shapenet_blender/all_50_random/02958343/993bd3b6fe7c6e32cbb047938846b5c7/r_17",
            "rotation": 0.12566370614359174,
            "transform_matrix": [
                [
                    0.997651994228363,
                    0.0011746282689273357,
                    0.06847783923149109,
                    0.27604299783706665
                ],
                [
                    0.06848791986703873,
                    -0.017110612243413925,
                    -0.9975051879882812,
                    -4.021071910858154
                ],
                [
                    0.0,
                    0.9998527765274048,
                    -0.017150884494185448,
                    -0.06913742423057556
                ],
                [
                    0.0,
                    0.0,
                    0.0,
                    1.0
                ]
            ]
        },
        {
            "file_path": "/data/shapenet_blender/all_50_random/02958343/993bd3b6fe7c6e32cbb047938846b5c7/r_18",
            "rotation": 0.12566370614359174,
            "transform_matrix": [
                [
                    -0.014767284505069256,
                    -0.04080399498343468,
                    -0.9990580677986145,
                    -4.027331829071045
                ],
                [
                    -0.9998910427093506,
                    0.0006026298506185412,
                    0.01475498266518116,
                    0.0594792366027832
                ],
                [
                    0.0,
                    0.9991669654846191,
                    -0.04080844670534134,
                    -0.16450411081314087
                ],
                [
                    0.0,
                    0.0,
                    0.0,
                    1.0
                ]
            ]
        },
        {
            "file_path": "/data/shapenet_blender/all_50_random/02958343/993bd3b6fe7c6e32cbb047938846b5c7/r_19",
            "rotation": 0.12566370614359174,
            "transform_matrix": [
                [
                    -0.5656796097755432,
                    -0.42228513956069946,
                    0.7082949876785278,
                    2.8552281856536865
                ],
                [
                    0.8246250152587891,
                    -0.2896808683872223,
                    0.4858790338039398,
                    1.9586408138275146
                ],
                [
                    1.4901160305669237e-08,
                    0.8589295744895935,
                    0.5120936036109924,
                    2.0643150806427
                ],
                [
                    0.0,
                    0.0,
                    0.0,
                    1.0
                ]
            ]
        },
        {
            "file_path": "/data/shapenet_blender/all_50_random/02958343/993bd3b6fe7c6e32cbb047938846b5c7/r_20",
            "rotation": 0.12566370614359174,
            "transform_matrix": [
                [
                    -0.776703953742981,
                    -0.2648290991783142,
                    -0.5714862942695618,
                    -2.3037350177764893
                ],
                [
                    -0.6298658847808838,
                    0.3265676200389862,
                    0.7047144770622253,
                    2.8407950401306152
                ],
                [
                    1.4901161193847656e-08,
                    0.9073141813278198,
                    -0.42045316100120544,
                    -1.6949008703231812
                ],
                [
                    0.0,
                    0.0,
                    0.0,
                    1.0
                ]
            ]
        },
        {
            "file_path": "/data/shapenet_blender/all_50_random/02958343/993bd3b6fe7c6e32cbb047938846b5c7/r_21",
            "rotation": 0.12566370614359174,
            "transform_matrix": [
                [
                    0.9684667587280273,
                    0.13449586927890778,
                    0.20972146093845367,
                    0.8454142212867737
                ],
                [
                    0.24914300441741943,
                    -0.5228112936019897,
                    -0.8152276277542114,
                    -3.286287784576416
                ],
                [
                    0.0,
                    0.8417714238166809,
                    -0.5398340225219727,
                    -2.176140546798706
                ],
                [
                    0.0,
                    0.0,
                    0.0,
                    1.0
                ]
            ]
        },
        {
            "file_path": "/data/shapenet_blender/all_50_random/02958343/993bd3b6fe7c6e32cbb047938846b5c7/r_22",
            "rotation": 0.12566370614359174,
            "transform_matrix": [
                [
                    -0.7380838394165039,
                    0.6059002876281738,
                    -0.29684513807296753,
                    -1.196621060371399
                ],
                [
                    -0.674708902835846,
                    -0.6628120541572571,
                    0.3247275650501251,
                    1.3090187311172485
                ],
                [
                    -1.4901161193847656e-08,
                    0.43996021151542664,
                    0.8980172276496887,
                    3.620023250579834
                ],
                [
                    0.0,
                    0.0,
                    0.0,
                    1.0
                ]
            ]
        },
        {
            "file_path": "/data/shapenet_blender/all_50_random/02958343/993bd3b6fe7c6e32cbb047938846b5c7/r_23",
            "rotation": 0.12566370614359174,
            "transform_matrix": [
                [
                    -0.5690791010856628,
                    0.3905038833618164,
                    0.723640501499176,
                    2.917088270187378
                ],
                [
                    0.8222827315330505,
                    0.270256906747818,
                    0.5008115768432617,
                    2.01883602142334
                ],
                [
                    1.4901161193847656e-08,
                    0.8800384998321533,
                    -0.4749022126197815,
                    -1.9143919944763184
                ],
                [
                    0.0,
                    0.0,
                    0.0,
                    1.0
                ]
            ]
        },
        {
            "file_path": "/data/shapenet_blender/all_50_random/02958343/993bd3b6fe7c6e32cbb047938846b5c7/r_24",
            "rotation": 0.12566370614359174,
            "transform_matrix": [
                [
                    0.9479374289512634,
                    0.22705990076065063,
                    -0.22328974306583405,
                    -0.9001097679138184
                ],
                [
                    -0.3184564411640167,
                    0.6758807301521301,
                    -0.6646583080291748,
                    -2.679323434829712
                ],
                [
                    -1.4901160305669237e-08,
                    0.7011625170707703,
                    0.7130014300346375,
                    2.8742005825042725
                ],
                [
                    0.0,
                    0.0,
                    0.0,
                    1.0
                ]
            ]
        },
        {
            "file_path": "/data/shapenet_blender/all_50_random/02958343/993bd3b6fe7c6e32cbb047938846b5c7/r_25",
            "rotation": 0.12566370614359174,
            "transform_matrix": [
                [
                    -0.18528400361537933,
                    -0.3132375180721283,
                    -0.9314247965812683,
                    -3.7546935081481934
                ],
                [
                    -0.9826850891113281,
                    0.059060532599687576,
                    0.1756189465522766,
                    0.7079426050186157
                ],
                [
                    0.0,
                    0.9478365182876587,
                    -0.3187567889690399,
                    -1.2849496603012085
                ],
                [
                    0.0,
                    0.0,
                    0.0,
                    1.0
                ]
            ]
        },
        {
            "file_path": "/data/shapenet_blender/all_50_random/02958343/993bd3b6fe7c6e32cbb047938846b5c7/r_26",
            "rotation": 0.12566370614359174,
            "transform_matrix": [
                [
                    0.05166630819439888,
                    0.2995164692401886,
                    0.9526911377906799,
                    3.840420961380005
                ],
                [
                    0.998664379119873,
                    -0.01549560483545065,
                    -0.049287863075733185,
                    -0.19868575036525726
                ],
                [
                    -1.8626450382086546e-09,
                    0.9539653062820435,
                    -0.29991698265075684,
                    -1.2090041637420654
                ],
                [
                    0.0,
                    0.0,
                    0.0,
                    1.0
                ]
            ]
        },
        {
            "file_path": "/data/shapenet_blender/all_50_random/02958343/993bd3b6fe7c6e32cbb047938846b5c7/r_27",
            "rotation": 0.12566370614359174,
            "transform_matrix": [
                [
                    -0.806801438331604,
                    -0.5633165240287781,
                    0.17817401885986328,
                    0.7182424068450928
                ],
                [
                    0.5908227562904358,
                    -0.7692400813102722,
                    0.24330654740333557,
                    0.9808000326156616
                ],
                [
                    0.0,
                    0.30156928300857544,
                    0.953444242477417,
                    3.843456506729126
                ],
                [
                    0.0,
                    0.0,
                    0.0,
                    1.0
                ]
            ]
        },
        {
            "file_path": "/data/shapenet_blender/all_50_random/02958343/993bd3b6fe7c6e32cbb047938846b5c7/r_28",
            "rotation": 0.12566370614359174,
            "transform_matrix": [
                [
                    -0.755366861820221,
                    0.5207549333572388,
                    -0.39778783917427063,
                    -1.6035341024398804
                ],
                [
                    -0.655302107334137,
                    -0.6002743244171143,
                    0.45853012800216675,
                    1.8483940362930298
                ],
                [
                    0.0,
                    0.6070297360420227,
                    0.7946791052818298,
                    3.20345401763916
                ],
                [
                    0.0,
                    0.0,
                    0.0,
                    1.0
                ]
            ]
        },
        {
            "file_path": "/data/shapenet_blender/all_50_random/02958343/993bd3b6fe7c6e32cbb047938846b5c7/r_29",
            "rotation": 0.12566370614359174,
            "transform_matrix": [
                [
                    0.9610874056816101,
                    -0.1547580361366272,
                    -0.2288249284029007,
                    -0.9224227666854858
                ],
                [
                    -0.27624422311782837,
                    -0.5384220480918884,
                    -0.7961097955703735,
                    -3.209221124649048
                ],
                [
                    0.0,
                    0.8283426761627197,
                    -0.5602217316627502,
                    -2.2583260536193848
                ],
                [
                    0.0,
                    0.0,
                    0.0,
                    1.0
                ]
            ]
        },
        {
            "file_path": "/data/shapenet_blender/all_50_random/02958343/993bd3b6fe7c6e32cbb047938846b5c7/r_30",
            "rotation": 0.12566370614359174,
            "transform_matrix": [
                [
                    0.4523480534553528,
                    0.3848804533481598,
                    0.8045174479484558,
                    3.2431135177612305
                ],
                [
                    0.891841471195221,
                    -0.19521397352218628,
                    -0.40805670619010925,
                    -1.6449291706085205
                ],
                [
                    -1.4901159417490817e-08,
                    0.9020856618881226,
                    -0.4315569996833801,
                    -1.7396619319915771
                ],
                [
                    0.0,
                    0.0,
                    0.0,
                    1.0
                ]
            ]
        },
        {
            "file_path": "/data/shapenet_blender/all_50_random/02958343/993bd3b6fe7c6e32cbb047938846b5c7/r_31",
            "rotation": 0.12566370614359174,
            "transform_matrix": [
                [
                    0.41241803765296936,
                    0.14902833104133606,
                    0.8987224698066711,
                    3.622865676879883
                ],
                [
                    0.9109947681427002,
                    -0.0674668624997139,
                    -0.40686219930648804,
                    -1.6401138305664062
                ],
                [
                    -1.1175870895385742e-08,
                    0.9865285754203796,
                    -0.16358861327171326,
                    -0.6594467163085938
                ],
                [
                    0.0,
                    0.0,
                    0.0,
                    1.0
                ]
            ]
        },
        {
            "file_path": "/data/shapenet_blender/all_50_random/02958343/993bd3b6fe7c6e32cbb047938846b5c7/r_32",
            "rotation": 0.12566370614359174,
            "transform_matrix": [
                [
                    -0.7292435169219971,
                    -0.6020951867103577,
                    -0.3250924050807953,
                    -1.3104894161224365
                ],
                [
                    -0.6842542290687561,
                    0.6416826248168945,
                    0.3464670479297638,
                    1.3966532945632935
                ],
                [
                    0.0,
                    0.4751047194004059,
                    -0.87992924451828,
                    -3.5471081733703613
                ],
                [
                    0.0,
                    0.0,
                    0.0,
                    1.0
                ]
            ]
        },
        {
            "file_path": "/data/shapenet_blender/all_50_random/02958343/993bd3b6fe7c6e32cbb047938846b5c7/r_33",
            "rotation": 0.12566370614359174,
            "transform_matrix": [
                [
                    -0.6467665433883667,
                    0.3151254951953888,
                    -0.6945421695709229,
                    -2.7997891902923584
                ],
                [
                    -0.7626878619194031,
                    -0.2672293782234192,
                    0.5889782905578613,
                    2.3742477893829346
                ],
                [
                    1.4901158529312397e-08,
                    0.9106505513191223,
                    0.4131774604320526,
                    1.665571689605713
                ],
                [
                    0.0,
                    0.0,
                    0.0,
                    1.0
                ]
            ]
        },
        {
            "file_path": "/data/shapenet_blender/all_50_random/02958343/993bd3b6fe7c6e32cbb047938846b5c7/r_34",
            "rotation": 0.12566370614359174,
            "transform_matrix": [
                [
                    0.4007391631603241,
                    0.07974890619516373,
                    -0.9127147197723389,
                    -3.6792707443237305
                ],
                [
                    -0.9161921739578247,
                    0.03488188236951828,
                    -0.3992181420326233,
                    -1.6092997789382935
                ],
                [
                    -3.725290298461914e-09,
                    0.9962043762207031,
                    0.0870438665151596,
                    0.3508850634098053
                ],
                [
                    0.0,
                    0.0,
                    0.0,
                    1.0
                ]
            ]
        },
        {
            "file_path": "/data/shapenet_blender/all_50_random/02958343/993bd3b6fe7c6e32cbb047938846b5c7/r_35",
            "rotation": 0.12566370614359174,
            "transform_matrix": [
                [
                    0.34183698892593384,
                    0.6050798892974854,
                    -0.7190450429916382,
                    -2.8985633850097656
                ],
                [
                    -0.9397592544555664,
                    0.22009752690792084,
                    -0.2615523040294647,
                    -1.0543510913848877
                ],
                [
                    0.0,
                    0.7651374936103821,
                    0.6438668966293335,
                    2.595510482788086
                ],
                [
                    0.0,
                    0.0,
                    0.0,
                    1.0
                ]
            ]
        },
        {
            "file_path": "/data/shapenet_blender/all_50_random/02958343/993bd3b6fe7c6e32cbb047938846b5c7/r_36",
            "rotation": 0.12566370614359174,
            "transform_matrix": [
                [
                    0.745829701423645,
                    0.5404050350189209,
                    -0.38948726654052734,
                    -1.5700736045837402
                ],
                [
                    -0.666136622428894,
                    0.6050562262535095,
                    -0.43608346581459045,
                    -1.7579089403152466
                ],
                [
                    0.0,
                    0.5846957564353943,
                    0.8112524151802063,
                    3.270263671875
                ],
                [
                    0.0,
                    0.0,
                    0.0,
                    1.0
                ]
            ]
        },
        {
            "file_path": "/data/shapenet_blender/all_50_random/02958343/993bd3b6fe7c6e32cbb047938846b5c7/r_37",
            "rotation": 0.12566370614359174,
            "transform_matrix": [
                [
                    0.15098260343074799,
                    0.16782116889953613,
                    0.974186897277832,
                    3.9270732402801514
                ],
                [
                    0.9885364174842834,
                    -0.02563190832734108,
                    -0.14879094064235687,
                    -0.5997955203056335
                ],
                [
                    -1.862645149230957e-09,
                    0.9854841828346252,
                    -0.16976729035377502,
                    -0.6843538880348206
                ],
                [
                    0.0,
                    0.0,
                    0.0,
                    1.0
                ]
            ]
        },
        {
            "file_path": "/data/shapenet_blender/all_50_random/02958343/993bd3b6fe7c6e32cbb047938846b5c7/r_38",
            "rotation": 0.12566370614359174,
            "transform_matrix": [
                [
                    0.8098630905151367,
                    -0.02377365715801716,
                    0.5861369371414185,
                    2.3627939224243164
                ],
                [
                    0.5866189002990723,
                    0.03282098099589348,
                    -0.809197723865509,
                    -3.2619805335998535
                ],
                [
                    0.0,
                    0.999178409576416,
                    0.04052657634019852,
                    0.1633678674697876
                ],
                [
                    0.0,
                    0.0,
                    0.0,
                    1.0
                ]
            ]
        },
        {
            "file_path": "/data/shapenet_blender/all_50_random/02958343/993bd3b6fe7c6e32cbb047938846b5c7/r_39",
            "rotation": 0.12566370614359174,
            "transform_matrix": [
                [
                    -0.8728530406951904,
                    -0.08640912175178528,
                    0.4802718460559845,
                    1.9360377788543701
                ],
                [
                    0.48798319697380066,
                    -0.15455955266952515,
                    0.8590598106384277,
                    3.4629807472229004
                ],
                [
                    0.0,
                    0.9841975569725037,
                    0.17707397043704987,
                    0.713808000087738
                ],
                [
                    0.0,
                    0.0,
                    0.0,
                    1.0
                ]
            ]
        },
        {
            "file_path": "/data/shapenet_blender/all_50_random/02958343/993bd3b6fe7c6e32cbb047938846b5c7/r_40",
            "rotation": 0.12566370614359174,
            "transform_matrix": [
                [
                    -0.9985942840576172,
                    -0.043262116611003876,
                    -0.030626079067587852,
                    -0.12345767021179199
                ],
                [
                    -0.05300536006689072,
                    0.8150365352630615,
                    0.57697993516922,
                    2.325880527496338
                ],
                [
                    0.0,
                    0.577792227268219,
                    -0.8161839842796326,
                    -3.290142774581909
                ],
                [
                    0.0,
                    0.0,
                    0.0,
                    1.0
                ]
            ]
        },
        {
            "file_path": "/data/shapenet_blender/all_50_random/02958343/993bd3b6fe7c6e32cbb047938846b5c7/r_41",
            "rotation": 0.12566370614359174,
            "transform_matrix": [
                [
                    -0.5186793208122253,
                    0.006808222271502018,
                    0.8549416661262512,
                    3.446380376815796
                ],
                [
                    0.8549688458442688,
                    0.0041303071193397045,
                    0.5186628103256226,
                    2.090796947479248
                ],
                [
                    0.0,
