{
    "class": "02958343",
    "model": "6a758f23f6dbf27923978edad4629e6d",
    "remove_doubles": true,
    "edge_split": true,
    "denoise": true,
    "camera_angle_x": 0.6911112070083618,
    "scale_factor": 2.265975686017096,
    "hdri_file": "/data/IndoorHDRDataset2018/AG8A0712-c6f6050e73.exr",
    "center_offset": [
        0.0,
        0.0,
        3.4924596548080444e-10
    ],
    "lights": [],
    "frames": [
        {
            "file_path": "/data/shapenet_blender/all_50_random/02958343/6a758f23f6dbf27923978edad4629e6d/r_0",
            "rotation": 0.12566370614359174,
            "transform_matrix": [
                [
                    0.27079546451568604,
                    0.010979530401527882,
                    -0.9625742435455322,
                    -3.880261182785034
                ],
                [
                    -0.9626369476318359,
                    0.0030886067543178797,
                    -0.2707778215408325,
                    -1.0915404558181763
                ],
                [
                    0.0,
                    0.99993497133255,
                    0.01140568032860756,
                    0.045977771282196045
                ],
                [
                    0.0,
                    0.0,
                    0.0,
                    1.0
                ]
            ]
        },
        {
            "file_path": "/data/shapenet_blender/all_50_random/02958343/6a758f23f6dbf27923978edad4629e6d/r_1",
            "rotation": 0.12566370614359174,
            "transform_matrix": [
                [
                    -0.8150147199630737,
                    -0.5396678447723389,
                    -0.2109728455543518,
                    -0.8504587411880493
                ],
                [
                    -0.5794401168823242,
                    0.7590728402137756,
                    0.29674503207206726,
                    1.1962175369262695
                ],
                [
                    0.0,
                    0.36409759521484375,
                    -0.9313607811927795,
                    -3.7544353008270264
                ],
                [
                    0.0,
                    0.0,
                    0.0,
                    1.0
                ]
            ]
        },
        {
            "file_path": "/data/shapenet_blender/all_50_random/02958343/6a758f23f6dbf27923978edad4629e6d/r_2",
            "rotation": 0.12566370614359174,
            "transform_matrix": [
                [
                    0.16269870102405548,
                    -0.3011302351951599,
                    -0.9396008253097534,
                    -3.787652015686035
                ],
                [
                    -0.9866758584976196,
                    -0.049655113369226456,
                    -0.15493623912334442,
                    -0.624567985534668
                ],
                [
                    0.0,
                    0.952289342880249,
                    -0.30519670248031616,
                    -1.2302873134613037
                ],
                [
                    0.0,
                    0.0,
                    0.0,
                    1.0
                ]
            ]
        },
        {
            "file_path": "/data/shapenet_blender/all_50_random/02958343/6a758f23f6dbf27923978edad4629e6d/r_3",
            "rotation": 0.12566370614359174,
            "transform_matrix": [
                [
                    0.8340118527412415,
                    0.4167187809944153,
                    0.3616209626197815,
                    1.4577407836914062
                ],
                [
                    0.5517465472221375,
                    -0.6299058198928833,
                    -0.546620786190033,
                    -2.2034988403320312
                ],
                [
                    0.0,
                    0.6554112434387207,
                    -0.7552720904350281,
                    -3.0445992946624756
                ],
                [
                    0.0,
                    0.0,
                    0.0,
                    1.0
                ]
            ]
        },
        {
            "file_path": "/data/shapenet_blender/all_50_random/02958343/6a758f23f6dbf27923978edad4629e6d/r_4",
            "rotation": 0.12566370614359174,
            "transform_matrix": [
                [
                    -0.9695019721984863,
                    -0.022925112396478653,
                    -0.2440091371536255,
                    -0.9836323261260986
                ],
                [
                    -0.2450837343931198,
                    0.09068714082241058,
                    0.965251088142395,
                    3.891051769256592
                ],
                [
                    1.862645371275562e-09,
                    0.9956154823303223,
                    -0.09353992342948914,
                    -0.3770715296268463
                ],
                [
                    0.0,
                    0.0,
                    0.0,
                    1.0
                ]
            ]
        },
        {
            "file_path": "/data/shapenet_blender/all_50_random/02958343/6a758f23f6dbf27923978edad4629e6d/r_5",
            "rotation": 0.12566370614359174,
            "transform_matrix": [
                [
                    0.4162789285182953,
                    -0.7026282548904419,
                    -0.5770834684371948,
                    -2.3262979984283447
                ],
                [
                    -0.9092370271682739,
                    -0.3216865658760071,
                    -0.26420798897743225,
                    -1.065056562423706
                ],
                [
                    0.0,
                    0.6346898078918457,
                    -0.7727668881416321,
                    -3.1151232719421387
                ],
                [
                    0.0,
                    0.0,
                    0.0,
                    1.0
                ]
            ]
        },
        {
            "file_path": "/data/shapenet_blender/all_50_random/02958343/6a758f23f6dbf27923978edad4629e6d/r_6",
            "rotation": 0.12566370614359174,
            "transform_matrix": [
                [
                    0.9160606861114502,
                    0.012775426730513573,
                    0.40083619952201843,
                    1.6158225536346436
                ],
                [
                    0.40103980898857117,
                    -0.02918180823326111,
                    -0.9155956506729126,
                    -3.6908843517303467
                ],
                [
                    0.0,
                    0.9994925260543823,
                    -0.0318557508289814,
                    -0.12841466069221497
                ],
                [
                    0.0,
                    0.0,
                    0.0,
                    1.0
                ]
            ]
        },
        {
            "file_path": "/data/shapenet_blender/all_50_random/02958343/6a758f23f6dbf27923978edad4629e6d/r_7",
            "rotation": 0.12566370614359174,
            "transform_matrix": [
                [
                    -0.3895297050476074,
                    0.6995229721069336,
                    0.5991112589836121,
                    2.4150948524475098
                ],
                [
                    0.9210139513015747,
                    0.29585325717926025,
                    0.2533855438232422,
                    1.0214297771453857
                ],
                [
                    0.0,
                    0.6504909992218018,
                    -0.7595139741897583,
                    -3.0616986751556396
                ],
                [
                    0.0,
                    0.0,
                    0.0,
                    1.0
                ]
            ]
        },
        {
            "file_path": "/data/shapenet_blender/all_50_random/02958343/6a758f23f6dbf27923978edad4629e6d/r_8",
            "rotation": 0.12566370614359174,
            "transform_matrix": [
                [
                    0.9933984279632568,
                    -0.04051768034696579,
                    -0.10732191801071167,
                    -0.43262848258018494
                ],
                [
                    -0.11471564322710037,
                    -0.350869357585907,
                    -0.9293712973594666,
                    -3.746415615081787
                ],
                [
                    -3.725290742551124e-09,
                    0.935547411441803,
                    -0.3532010614871979,
                    -1.4237990379333496
                ],
                [
                    0.0,
                    0.0,
                    0.0,
                    1.0
                ]
            ]
        },
        {
            "file_path": "/data/shapenet_blender/all_50_random/02958343/6a758f23f6dbf27923978edad4629e6d/r_9",
            "rotation": 0.12566370614359174,
            "transform_matrix": [
                [
                    -0.7083220481872559,
                    0.07002648711204529,
                    0.7024074792861938,
                    2.8314950466156006
                ],
                [
                    0.7058895230293274,
                    0.07026780396699905,
                    0.7048280239105225,
                    2.841252565383911
                ],
                [
                    0.0,
                    0.995067298412323,
                    -0.0992031991481781,
                    -0.399900883436203
                ],
                [
                    0.0,
                    0.0,
                    0.0,
                    1.0
                ]
            ]
        },
        {
            "file_path": "/data/shapenet_blender/all_50_random/02958343/6a758f23f6dbf27923978edad4629e6d/r_10",
            "rotation": 0.12566370614359174,
            "transform_matrix": [
                [
                    0.5620672702789307,
                    0.23581616580486298,
                    -0.7927616834640503,
                    -3.1957244873046875
                ],
                [
                    -0.8270914554595947,
                    0.16025380790233612,
                    -0.5387377738952637,
                    -2.1717214584350586
                ],
                [
                    0.0,
                    0.9584932923316956,
                    0.28511497378349304,
                    1.149335265159607
                ],
                [
                    0.0,
                    0.0,
                    0.0,
                    1.0
                ]
            ]
        },
        {
            "file_path": "/data/shapenet_blender/all_50_random/02958343/6a758f23f6dbf27923978edad4629e6d/r_11",
            "rotation": 0.12566370614359174,
            "transform_matrix": [
                [
                    -0.10909687727689743,
                    0.1712716519832611,
                    -0.9791648983955383,
                    -3.9471399784088135
                ],
                [
                    -0.9940311908721924,
                    -0.01879739947617054,
                    0.10746527463197708,
                    0.43320637941360474
                ],
                [
                    0.0,
                    0.9850444793701172,
                    0.1723000854253769,
                    0.6945638656616211
                ],
                [
                    0.0,
                    0.0,
                    0.0,
                    1.0
                ]
            ]
        },
        {
            "file_path": "/data/shapenet_blender/all_50_random/02958343/6a758f23f6dbf27923978edad4629e6d/r_12",
            "rotation": 0.12566370614359174,
            "transform_matrix": [
                [
                    0.7909470796585083,
                    -0.5841159820556641,
                    -0.18223991990089417,
                    -0.7346326112747192
                ],
                [
                    -0.6118846535682678,
                    -0.7550521492958069,
                    -0.2355707585811615,
                    -0.9496160745620728
                ],
                [
                    0.0,
                    0.29783371090888977,
                    -0.9546176791191101,
                    -3.84818696975708
                ],
                [
                    0.0,
                    0.0,
                    0.0,
                    1.0
                ]
            ]
        },
        {
            "file_path": "/data/shapenet_blender/all_50_random/02958343/6a758f23f6dbf27923978edad4629e6d/r_13",
            "rotation": 0.12566370614359174,
            "transform_matrix": [
                [
                    -0.5223717093467712,
                    -0.6226939558982849,
                    -0.5825632214546204,
                    -2.3483877182006836
                ],
                [
                    -0.8527178764343262,
                    0.3814599812030792,
                    0.35687604546546936,
                    1.4386134147644043
                ],
                [
                    0.0,
                    0.683184027671814,
                    -0.7302461266517639,
                    -2.943716526031494
                ],
                [
                    0.0,
                    0.0,
                    0.0,
                    1.0
                ]
            ]
        },
        {
            "file_path": "/data/shapenet_blender/all_50_random/02958343/6a758f23f6dbf27923978edad4629e6d/r_14",
            "rotation": 0.12566370614359174,
            "transform_matrix": [
                [
                    0.3724611699581146,
                    0.1424117088317871,
                    0.9170559048652649,
                    3.696770668029785
                ],
                [
                    0.9280477166175842,
                    -0.05715528130531311,
                    -0.3680497407913208,
                    -1.4836559295654297
                ],
                [
                    -3.725290076417309e-09,
                    0.9881559610366821,
                    -0.15345299243927002,
                    -0.6185888051986694
                ],
                [
                    0.0,
                    0.0,
                    0.0,
                    1.0
                ]
            ]
        },
        {
            "file_path": "/data/shapenet_blender/all_50_random/02958343/6a758f23f6dbf27923978edad4629e6d/r_15",
            "rotation": 0.12566370614359174,
            "transform_matrix": [
                [
                    -0.7126189470291138,
                    -0.15865956246852875,
                    0.6833749413490295,
                    2.754772663116455
                ],
                [
                    0.7015513777732849,
                    -0.1611625701189041,
                    0.6941558122634888,
                    2.798231840133667
                ],
                [
                    7.450581485102248e-09,
                    0.9740911722183228,
                    0.2261553406715393,
                    0.9116613864898682
                ],
                [
                    0.0,
                    0.0,
                    0.0,
                    1.0
                ]
            ]
        },
        {
            "file_path": "/data/shapenet_blender/all_50_random/02958343/6a758f23f6dbf27923978edad4629e6d/r_16",
            "rotation": 0.12566370614359174,
            "transform_matrix": [
                [
                    0.4436262249946594,
                    -0.3895665109157562,
                    0.8071144223213196,
                    3.253582239151001
                ],
                [
                    0.8962119221687317,
                    0.1928360015153885,
                    -0.3995228409767151,
                    -1.6105281114578247
                ],
                [
                    0.0,
                    0.9005843997001648,
                    0.434681236743927,
                    1.752256155014038
                ],
                [
                    0.0,
                    0.0,
                    0.0,
                    1.0
                ]
            ]
        },
        {
            "file_path": "/data/shapenet_blender/all_50_random/02958343/6a758f23f6dbf27923978edad4629e6d/r_17",
            "rotation": 0.12566370614359174,
            "transform_matrix": [
                [
                    -0.8213481903076172,
                    -0.1114702969789505,
                    -0.5594297051429749,
                    -2.2551333904266357
                ],
                [
                    -0.5704272389411926,
                    0.16050413250923157,
                    0.8055129647254944,
                    3.247126579284668
                ],
                [
                    7.450581485102248e-09,
                    0.9807205200195312,
                    -0.1954154521226883,
                    -0.7877448797225952
                ],
                [
                    0.0,
                    0.0,
                    0.0,
                    1.0
                ]
            ]
        },
        {
            "file_path": "/data/shapenet_blender/all_50_random/02958343/6a758f23f6dbf27923978edad4629e6d/r_18",
            "rotation": 0.12566370614359174,
            "transform_matrix": [
                [
                    0.9222660064697266,
                    -0.305283784866333,
                    -0.23712298274040222,
                    -0.9558733701705933
                ],
                [
                    -0.3865559697151184,
                    -0.7283624410629272,
                    -0.565740704536438,
                    -2.280574083328247
                ],
                [
                    -1.4901162970204496e-08,
                    0.6134247779846191,
                    -0.7897530198097229,
                    -3.183596611022949
                ],
                [
                    0.0,
                    0.0,
                    0.0,
                    1.0
                ]
            ]
        },
        {
            "file_path": "/data/shapenet_blender/all_50_random/02958343/6a758f23f6dbf27923978edad4629e6d/r_19",
            "rotation": 0.12566370614359174,
            "transform_matrix": [
                [
                    -0.18757370114326477,
                    -0.45664840936660767,
                    -0.8696483969688416,
                    -3.505664825439453
                ],
                [
                    -0.9822505712509155,
                    0.08720303326845169,
                    0.166070818901062,
                    0.6694529056549072
                ],
                [
                    7.450580596923828e-09,
                    0.8853631615638733,
                    -0.4649001359939575,
                    -1.8740724325180054
                ],
                [
                    0.0,
                    0.0,
                    0.0,
                    1.0
                ]
            ]
        },
        {
            "file_path": "/data/shapenet_blender/all_50_random/02958343/6a758f23f6dbf27923978edad4629e6d/r_20",
            "rotation": 0.12566370614359174,
            "transform_matrix": [
                [
                    0.8676077127456665,
                    -0.019233420491218567,
                    0.49687713384628296,
                    2.0029757022857666
                ],
                [
                    0.49724921584129333,
                    0.03355875611305237,
                    -0.866958498954773,
                    -3.494821310043335
                ],
                [
                    -1.8626450382086546e-09,
                    0.9992516040802002,
                    0.038679637014865875,
                    0.15592260658740997
                ],
                [
                    0.0,
                    0.0,
                    0.0,
                    1.0
                ]
            ]
        },
        {
            "file_path": "/data/shapenet_blender/all_50_random/02958343/6a758f23f6dbf27923978edad4629e6d/r_21",
            "rotation": 0.12566370614359174,
            "transform_matrix": [
                [
                    -0.7727454304695129,
                    0.40795791149139404,
                    0.486245721578598,
                    1.9601192474365234
                ],
                [
                    0.6347161531448364,
                    0.49667495489120483,
                    0.5919877290725708,
                    2.386378765106201
                ],
                [
                    1.4901161193847656e-08,
                    0.766083836555481,
                    -0.6427407264709473,
                    -2.590970754623413
                ],
                [
                    0.0,
                    0.0,
                    0.0,
                    1.0
                ]
            ]
        },
        {
            "file_path": "/data/shapenet_blender/all_50_random/02958343/6a758f23f6dbf27923978edad4629e6d/r_22",
            "rotation": 0.12566370614359174,
            "transform_matrix": [
                [
                    0.6320906281471252,
                    -0.5987182259559631,
                    0.4919329285621643,
                    1.983044981956482
                ],
                [
                    0.7748945355415344,
                    0.4883815050125122,
                    -0.4012754559516907,
                    -1.6175930500030518
                ],
                [
                    0.0,
                    0.6348385214805603,
                    0.7726448178291321,
                    3.114630699157715
                ],
                [
                    0.0,
                    0.0,
                    0.0,
                    1.0
                ]
            ]
        },
        {
            "file_path": "/data/shapenet_blender/all_50_random/02958343/6a758f23f6dbf27923978edad4629e6d/r_23",
            "rotation": 0.12566370614359174,
            "transform_matrix": [
                [
                    0.3711482584476471,
                    -0.21189798414707184,
                    0.9040730595588684,
                    3.644435167312622
                ],
                [
                    0.9285736680030823,
                    0.08469503372907639,
                    -0.3613554835319519,
                    -1.4566705226898193
                ],
                [
                    0.0,
                    0.9736148715019226,
                    0.22819729149341583,
                    0.9198927283287048
                ],
                [
                    0.0,
                    0.0,
                    0.0,
                    1.0
                ]
            ]
        },
        {
            "file_path": "/data/shapenet_blender/all_50_random/02958343/6a758f23f6dbf27923978edad4629e6d/r_24",
            "rotation": 0.12566370614359174,
            "transform_matrix": [
                [
                    -0.9998856782913208,
                    -0.003756107995286584,
                    0.014646384865045547,
                    0.05904147028923035
                ],
                [
                    0.015120350755751133,
                    -0.2483856976032257,
                    0.9685431122779846,
                    3.904322385787964
                ],
                [
                    0.0,
                    0.9686539173126221,
                    0.2484140843153,
                    1.0013892650604248
                ],
                [
                    0.0,
                    0.0,
                    0.0,
                    1.0
                ]
            ]
        },
        {
            "file_path": "/data/shapenet_blender/all_50_random/02958343/6a758f23f6dbf27923978edad4629e6d/r_25",
            "rotation": 0.12566370614359174,
            "transform_matrix": [
                [
                    -0.39541512727737427,
                    0.21950820088386536,
                    -0.8918873071670532,
                    -3.5953128337860107
                ],
                [
                    -0.9185025095939636,
                    -0.09449823200702667,
                    0.38395726680755615,
                    1.547781229019165
                ],
                [
                    -7.450580596923828e-09,
                    0.9710232615470886,
                    0.2389848679304123,
                    0.9633788466453552
                ],
                [
                    0.0,
                    0.0,
                    0.0,
                    1.0
                ]
            ]
        },
        {
            "file_path": "/data/shapenet_blender/all_50_random/02958343/6a758f23f6dbf27923978edad4629e6d/r_26",
            "rotation": 0.12566370614359174,
            "transform_matrix": [
                [
                    0.9995201826095581,
                    0.010797868482768536,
                    0.029033297672867775,
                    0.11703696846961975
                ],
                [
                    0.030976224690675735,
                    -0.3484184145927429,
                    -0.9368271231651306,
                    -3.776470899581909
                ],
                [
                    -9.31322685637781e-10,
                    0.9372767806053162,
                    -0.34858575463294983,
                    -1.4051941633224487
                ],
                [
                    0.0,
                    0.0,
                    0.0,
                    1.0
                ]
            ]
        },
        {
            "file_path": "/data/shapenet_blender/all_50_random/02958343/6a758f23f6dbf27923978edad4629e6d/r_27",
            "rotation": 0.12566370614359174,
            "transform_matrix": [
                [
                    -0.17196661233901978,
                    -0.07723721116781235,
                    0.9820701479911804,
                    3.9588515758514404
                ],
                [
                    0.9851027727127075,
                    -0.013483083806931973,
                    0.17143721878528595,
                    0.6910855770111084
                ],
                [
                    9.313225746154785e-10,
                    0.9969214797019958,
                    0.0784052386879921,
                    0.3160616457462311
                ],
                [
                    0.0,
                    0.0,
                    0.0,
                    1.0
                ]
            ]
        },
        {
            "file_path": "/data/shapenet_blender/all_50_random/02958343/6a758f23f6dbf27923978edad4629e6d/r_28",
            "rotation": 0.12566370614359174,
            "transform_matrix": [
                [
                    -0.07654944062232971,
                    0.23175394535064697,
                    0.9697577953338623,
                    3.9092187881469727
                ],
                [
                    0.9970658421516418,
                    0.0177928414195776,
                    0.07445287704467773,
                    0.30012914538383484
                ],
                [
                    0.0,
                    0.9726117849349976,
                    -0.2324359267950058,
                    -0.9369791746139526
                ],
                [
                    0.0,
                    0.0,
                    0.0,
                    1.0
                ]
            ]
        },
        {
            "file_path": "/data/shapenet_blender/all_50_random/02958343/6a758f23f6dbf27923978edad4629e6d/r_29",
            "rotation": 0.12566370614359174,
            "transform_matrix": [
                [
                    -0.967473566532135,
                    0.0638238862156868,
                    0.24478870630264282,
                    0.9867749214172363
                ],
                [
                    0.2529723346233368,
                    0.24408961832523346,
                    0.9361758232116699,
                    3.773845672607422
                ],
                [
                    -3.725290298461914e-09,
                    0.9676501750946045,
                    -0.2522958815097809,
                    -1.0170373916625977
                ],
                [
                    0.0,
                    0.0,
                    0.0,
                    1.0
                ]
            ]
        },
        {
            "file_path": "/data/shapenet_blender/all_50_random/02958343/6a758f23f6dbf27923978edad4629e6d/r_30",
            "rotation": 0.12566370614359174,
            "transform_matrix": [
                [
                    0.3287067115306854,
                    -0.24765335023403168,
                    -0.911383330821991,
                    -3.6739039421081543
                ],
                [
                    -0.9444319605827332,
                    -0.08619501441717148,
                    -0.31720423698425293,
                    -1.278691291809082
                ],
                [
                    -7.450580152834618e-09,
                    0.9650067687034607,
                    -0.26222464442253113,
                    -1.0570614337921143
                ],
                [
                    0.0,
                    0.0,
                    0.0,
                    1.0
                ]
            ]
        },
        {
            "file_path": "/data/shapenet_blender/all_50_random/02958343/6a758f23f6dbf27923978edad4629e6d/r_31",
            "rotation": 0.12566370614359174,
            "transform_matrix": [
                [
                    0.44737476110458374,
                    0.10690775513648987,
                    -0.8879337906837463,
                    -3.579375743865967
                ],
                [
                    -0.8943465352058411,
                    0.05347796529531479,
                    -0.44416695833206177,
                    -1.790494441986084
                ],
                [
                    0.0,
                    0.9928297400474548,
                    0.11953727155923843,
                    0.481870174407959
                ],
                [
                    0.0,
                    0.0,
                    0.0,
                    1.0
                ]
            ]
        },
        {
            "file_path": "/data/shapenet_blender/all_50_random/02958343/6a758f23f6dbf27923978edad4629e6d/r_32",
            "rotation": 0.12566370614359174,
            "transform_matrix": [
                [
                    -0.9719728231430054,
                    -0.016131514683365822,
                    0.23453913629055023,
                    0.9454575777053833
                ],
                [
                    0.23509328067302704,
                    -0.06669434905052185,
                    0.9696817994117737,
                    3.9089126586914062
                ],
                [
                    0.0,
                    0.9976429343223572,
                    0.06861750036478043,
                    0.276606023311615
                ],
                [
                    0.0,
                    0.0,
                    0.0,
                    1.0
                ]
            ]
        },
        {
            "file_path": "/data/shapenet_blender/all_50_random/02958343/6a758f23f6dbf27923978edad4629e6d/r_33",
            "rotation": 0.12566370614359174,
            "transform_matrix": [
                [
                    0.8507410287857056,
                    -0.4286520481109619,
                    0.3041335940361023,
                    1.2260017395019531
                ],
                [
                    0.5255852341651917,
                    0.6938396692276001,
                    -0.4922872483730316,
                    -1.9844733476638794
                ],
                [
                    -1.4901161193847656e-08,
                    0.5786569118499756,
                    0.8155710101127625,
                    3.2876718044281006
                ],
                [
                    0.0,
                    0.0,
                    0.0,
                    1.0
                ]
            ]
        },
        {
            "file_path": "/data/shapenet_blender/all_50_random/02958343/6a758f23f6dbf27923978edad4629e6d/r_34",
            "rotation": 0.12566370614359174,
            "transform_matrix": [
                [
                    -0.516201913356781,
                    -0.6279616355895996,
                    0.5824084877967834,
                    2.347764015197754
                ],
                [
                    0.8564669489860535,
                    -0.3784792721271515,
                    0.35102391242980957,
                    1.4150227308273315
                ],
                [
                    0.0,
                    0.6800128817558289,
                    0.7332000732421875,
                    2.9556243419647217
                ],
                [
                    0.0,
                    0.0,
                    0.0,
                    1.0
                ]
            ]
        },
        {
            "file_path": "/data/shapenet_blender/all_50_random/02958343/6a758f23f6dbf27923978edad4629e6d/r_35",
            "rotation": 0.12566370614359174,
            "transform_matrix": [
                [
                    0.999646782875061,
                    0.0003578143077902496,
                    0.02657250128686428,
                    0.1071171760559082
                ],
                [
                    0.026574911549687386,
                    -0.013459610752761364,
                    -0.9995561838150024,
                    -4.029339790344238
                ],
                [
                    0.0,
                    0.9999093413352966,
                    -0.013464365154504776,
                    -0.054276593029499054
                ],
                [
                    0.0,
                    0.0,
                    0.0,
                    1.0
                ]
            ]
        },
        {
            "file_path": "/data/shapenet_blender/all_50_random/02958343/6a758f23f6dbf27923978edad4629e6d/r_36",
            "rotation": 0.12566370614359174,
            "transform_matrix": [
                [
                    -0.39071303606033325,
                    0.23498642444610596,
                    0.8900138735771179,
                    3.5877606868743896
                ],
                [
                    0.9205124974250793,
                    0.0997403934597969,
                    0.3777678906917572,
                    1.5228310823440552
                ],
                [
                    -1.4901159417490817e-08,
                    0.9668678045272827,
                    -0.2552778124809265,
                    -1.0290577411651611
                ],
                [
                    0.0,
                    0.0,
                    0.0,
                    1.0
                ]
            ]
        },
        {
            "file_path": "/data/shapenet_blender/all_50_random/02958343/6a758f23f6dbf27923978edad4629e6d/r_37",
            "rotation": 0.12566370614359174,
            "transform_matrix": [
                [
                    -0.047950729727745056,
                    0.02975904569029808,
                    -0.9984062910079956,
                    -4.024704456329346
                ],
                [
                    -0.9988497495651245,
                    -0.0014286113437265158,
                    0.047929443418979645,
                    0.19320976734161377
                ],
                [
                    -1.1641532182693481e-10,
                    0.9995561242103577,
                    0.02979331649839878,
                    0.12010069936513901
                ],
                [
                    0.0,
                    0.0,
                    0.0,
                    1.0
                ]
            ]
        },
        {
            "file_path": "/data/shapenet_blender/all_50_random/02958343/6a758f23f6dbf27923978edad4629e6d/r_38",
            "rotation": 0.12566370614359174,
            "transform_matrix": [
                [
                    -0.36888405680656433,
                    -0.4789566695690155,
                    -0.7965707778930664,
                    -3.2110795974731445
                ],
                [
                    -0.9294754862785339,
                    0.19008515775203705,
                    0.31613773107528687,
                    1.274392008781433
                ],
                [
                    1.4901162970204496e-08,
                    0.857011079788208,
                    -0.5152978897094727,
                    -2.0772321224212646
                ],
                [
                    0.0,
                    0.0,
                    0.0,
                    1.0
                ]
            ]
        },
        {
            "file_path": "/data/shapenet_blender/all_50_random/02958343/6a758f23f6dbf27923978edad4629e6d/r_39",
            "rotation": 0.12566370614359174,
            "transform_matrix": [
                [
                    0.9745904803276062,
                    0.034165237098932266,
                    -0.2213732749223709,
                    -0.8923842906951904
                ],
                [
                    -0.223994180560112,
                    0.14865170419216156,
                    -0.9631869792938232,
                    -3.8827311992645264
                ],
                [
                    3.725290298461914e-09,
                    0.9882992506027222,
                    0.152527317404747,
                    0.6148573160171509
                ],
                [
                    0.0,
                    0.0,
                    0.0,
                    1.0
                ]
            ]
        },
        {
            "file_path": "/data/shapenet_blender/all_50_random/02958343/6a758f23f6dbf27923978edad4629e6d/r_40",
            "rotation": 0.12566370614359174,
            "transform_matrix": [
                [
                    -0.8495521545410156,
                    -0.002975434297695756,
                    -0.5274961590766907,
                    -2.1264050006866455
                ],
                [
                    -0.527504563331604,
                    0.0047919717617332935,
                    0.8495387434959412,
                    3.424600124359131
                ],
                [
                    0.0,
                    0.9999841451644897,
                    -0.005640585441142321,
                    -0.022737927734851837
                ],
                [
                    0.0,
                    0.0,
                    0.0,
                    1.0
                ]
            ]
        },
        {
            "file_path": "/data/shapenet_blender/all_50_random/02958343/6a758f23f6dbf27923978edad4629e6d/r_41",
            "rotation": 0.12566370614359174,
            "transform_matrix": [
                [
                    0.23425373435020447,
                    0.22525928914546967,
                    0.9457184076309204,
                    3.8123130798339844
                ],
                [
                    0.9721755385398865,
                    -0.054278090596199036,
                    -0.22787867486476898,
                    -0.9186083674430847
                ],
                [
