{
    "class": "02958343",
    "model": "3ea856c52fbb213fe151fba1241f1efa",
    "remove_doubles": true,
    "edge_split": true,
    "denoise": true,
    "camera_angle_x": 0.6911112070083618,
    "scale_factor": 2.2666638925374394,
    "hdri_file": "/data/IndoorHDRDataset2018/9C4A9627-545d0bdbb0.exr",
    "center_offset": [
        0.0,
        0.0,
        2.2118911147117615e-09
    ],
    "lights": [],
    "frames": [
        {
            "file_path": "/data/shapenet_blender/all_50_random/02958343/3ea856c52fbb213fe151fba1241f1efa/r_0",
            "rotation": 0.12566370614359174,
            "transform_matrix": [
                [
                    -0.8462274074554443,
                    0.4316134452819824,
                    -0.31242457032203674,
                    -1.2594237327575684
                ],
                [
                    -0.5328220129013062,
                    -0.6854879856109619,
                    0.4961923360824585,
                    2.0002152919769287
                ],
                [
                    0.0,
                    0.5863582491874695,
                    0.8100518584251404,
                    3.265423536300659
                ],
                [
                    0.0,
                    0.0,
                    0.0,
                    1.0
                ]
            ]
        },
        {
            "file_path": "/data/shapenet_blender/all_50_random/02958343/3ea856c52fbb213fe151fba1241f1efa/r_1",
            "rotation": 0.12566370614359174,
            "transform_matrix": [
                [
                    -0.9347292184829712,
                    0.2857951521873474,
                    0.21119311451911926,
                    0.8513466715812683
                ],
                [
                    0.3553610146045685,
                    0.7517456412315369,
                    0.5555149912834167,
                    2.2393524646759033
                ],
                [
                    0.0,
                    0.5943058133125305,
                    -0.8042390942573547,
                    -3.2419915199279785
                ],
                [
                    0.0,
                    0.0,
                    0.0,
                    1.0
                ]
            ]
        },
        {
            "file_path": "/data/shapenet_blender/all_50_random/02958343/3ea856c52fbb213fe151fba1241f1efa/r_2",
            "rotation": 0.12566370614359174,
            "transform_matrix": [
                [
                    -0.8681436777114868,
                    -0.4942449629306793,
                    -0.04525940120220184,
                    -0.18244647979736328
                ],
                [
                    -0.4963129460811615,
                    0.8645263910293579,
                    0.07916711270809174,
                    0.31913283467292786
                ],
                [
                    0.0,
                    0.09119141846895218,
                    -0.9958333969116211,
                    -4.0143327713012695
                ],
                [
                    0.0,
                    0.0,
                    0.0,
                    1.0
                ]
            ]
        },
        {
            "file_path": "/data/shapenet_blender/all_50_random/02958343/3ea856c52fbb213fe151fba1241f1efa/r_3",
            "rotation": 0.12566370614359174,
            "transform_matrix": [
                [
                    -0.9946713447570801,
                    -0.005701553542166948,
                    -0.10293930768966675,
                    -0.41496163606643677
                ],
                [
                    -0.1030970886349678,
                    0.055008068680763245,
                    0.9931490421295166,
                    4.003511905670166
                ],
                [
                    0.0,
                    0.9984695911407471,
                    -0.055302757769823074,
                    -0.22293254733085632
                ],
                [
                    0.0,
                    0.0,
                    0.0,
                    1.0
                ]
            ]
        },
        {
            "file_path": "/data/shapenet_blender/all_50_random/02958343/3ea856c52fbb213fe151fba1241f1efa/r_4",
            "rotation": 0.12566370614359174,
            "transform_matrix": [
                [
                    -0.8247852325439453,
                    -0.09165660291910172,
                    0.5579681396484375,
                    2.249241828918457
                ],
                [
                    0.5654462575912476,
                    -0.13369441032409668,
                    0.813877284526825,
                    3.2808444499969482
                ],
                [
                    0.0,
                    0.9867749214172363,
                    0.1620960235595703,
                    0.6534300446510315
                ],
                [
                    0.0,
                    0.0,
                    0.0,
                    1.0
                ]
            ]
        },
        {
            "file_path": "/data/shapenet_blender/all_50_random/02958343/3ea856c52fbb213fe151fba1241f1efa/r_5",
            "rotation": 0.12566370614359174,
            "transform_matrix": [
                [
                    0.045278023928403854,
                    0.3642604947090149,
                    0.930195689201355,
                    3.749738931655884
                ],
                [
                    0.9989745020866394,
                    -0.016509925946593285,
                    -0.04216066002845764,
                    -0.1699550747871399
                ],
                [
                    -9.31322685637781e-10,
                    0.9311506152153015,
                    -0.3646344840526581,
                    -1.469888687133789
                ],
                [
                    0.0,
                    0.0,
                    0.0,
                    1.0
                ]
            ]
        },
        {
            "file_path": "/data/shapenet_blender/all_50_random/02958343/3ea856c52fbb213fe151fba1241f1efa/r_6",
            "rotation": 0.12566370614359174,
            "transform_matrix": [
                [
                    -0.650566041469574,
                    0.058511629700660706,
                    -0.7571921944618225,
                    -3.052339553833008
                ],
                [
                    -0.7594496607780457,
                    -0.05012272670865059,
                    0.6486323475837708,
                    2.6147208213806152
                ],
                [
                    0.0,
                    0.9970275163650513,
                    0.0770447850227356,
                    0.31057748198509216
                ],
                [
                    0.0,
                    0.0,
                    0.0,
                    1.0
                ]
            ]
        },
        {
            "file_path": "/data/shapenet_blender/all_50_random/02958343/3ea856c52fbb213fe151fba1241f1efa/r_7",
            "rotation": 0.12566370614359174,
            "transform_matrix": [
                [
                    -0.7546886205673218,
                    0.20606136322021484,
                    -0.6228834390640259,
                    -2.510923385620117
                ],
                [
                    -0.6560831665992737,
                    -0.23703119158744812,
                    0.7164992094039917,
                    2.888300657272339
                ],
                [
                    0.0,
                    0.9493971467018127,
                    0.31407812237739563,
                    1.2660894393920898
                ],
                [
                    0.0,
                    0.0,
                    0.0,
                    1.0
                ]
            ]
        },
        {
            "file_path": "/data/shapenet_blender/all_50_random/02958343/3ea856c52fbb213fe151fba1241f1efa/r_8",
            "rotation": 0.12566370614359174,
            "transform_matrix": [
                [
                    0.07914241403341293,
                    -0.6300634741783142,
                    -0.7725001573562622,
                    -3.1140477657318115
                ],
                [
                    -0.9968634247779846,
                    -0.050021640956401825,
                    -0.06132989376783371,
                    -0.2472287118434906
                ],
                [
                    0.0,
                    0.7749308943748474,
                    -0.6320459246635437,
                    -2.547858715057373
                ],
                [
                    0.0,
                    0.0,
                    0.0,
                    1.0
                ]
            ]
        },
        {
            "file_path": "/data/shapenet_blender/all_50_random/02958343/3ea856c52fbb213fe151fba1241f1efa/r_9",
            "rotation": 0.12566370614359174,
            "transform_matrix": [
                [
                    0.9336492419242859,
                    0.11473563313484192,
                    0.33931535482406616,
                    1.367823839187622
                ],
                [
                    0.3581887185573578,
                    -0.2990681231021881,
                    -0.8844541907310486,
                    -3.5653483867645264
                ],
                [
                    -7.450580596923828e-09,
                    0.9473087191581726,
                    -0.3203217685222626,
                    -1.2912582159042358
                ],
                [
                    0.0,
                    0.0,
                    0.0,
                    1.0
                ]
            ]
        },
        {
            "file_path": "/data/shapenet_blender/all_50_random/02958343/3ea856c52fbb213fe151fba1241f1efa/r_10",
            "rotation": 0.12566370614359174,
            "transform_matrix": [
                [
                    -0.9999858140945435,
                    -0.0032809132244437933,
                    0.004218886140733957,
                    0.017006874084472656
                ],
                [
                    0.0053444732911884785,
                    -0.6138802170753479,
                    0.7893810868263245,
                    3.1820969581604004
                ],
                [
                    0.0,
                    0.789392352104187,
                    0.6138890385627747,
                    2.474665880203247
                ],
                [
                    0.0,
                    0.0,
                    0.0,
                    1.0
                ]
            ]
        },
        {
            "file_path": "/data/shapenet_blender/all_50_random/02958343/3ea856c52fbb213fe151fba1241f1efa/r_11",
            "rotation": 0.12566370614359174,
            "transform_matrix": [
                [
                    0.07769656926393509,
                    -0.4922720193862915,
                    0.8669667840003967,
                    3.4948551654815674
                ],
                [
                    0.9969770908355713,
                    0.03836381807923317,
                    -0.06756458431482315,
                    -0.2723615765571594
                ],
                [
                    0.0,
                    0.8695955872535706,
                    0.49376460909843445,
                    1.9904289245605469
                ],
                [
                    0.0,
                    0.0,
                    0.0,
                    1.0
                ]
            ]
        },
        {
            "file_path": "/data/shapenet_blender/all_50_random/02958343/3ea856c52fbb213fe151fba1241f1efa/r_12",
            "rotation": 0.12566370614359174,
            "transform_matrix": [
                [
                    0.015578722581267357,
                    -0.06711230427026749,
                    -0.997623860836029,
                    -4.021550178527832
                ],
                [
                    -0.9998786449432373,
                    -0.0010456510353833437,
                    -0.015543592162430286,
                    -0.06265822052955627
                ],
                [
                    -1.1641530794914701e-10,
                    0.9977448582649231,
                    -0.06712045520544052,
                    -0.27057120203971863
                ],
                [
                    0.0,
                    0.0,
                    0.0,
                    1.0
                ]
            ]
        },
        {
            "file_path": "/data/shapenet_blender/all_50_random/02958343/3ea856c52fbb213fe151fba1241f1efa/r_13",
            "rotation": 0.12566370614359174,
            "transform_matrix": [
                [
                    -0.937171220779419,
                    0.0084658432751894,
                    -0.34876707196235657,
                    -1.4059250354766846
                ],
                [
                    -0.34886980056762695,
                    -0.02274184674024582,
                    0.9368951916694641,
                    3.776745319366455
                ],
                [
                    9.313225746154785e-10,
                    0.9997054934501648,
                    0.024266483262181282,
                    0.09782132506370544
                ],
                [
                    0.0,
                    0.0,
                    0.0,
                    1.0
                ]
            ]
        },
        {
            "file_path": "/data/shapenet_blender/all_50_random/02958343/3ea856c52fbb213fe151fba1241f1efa/r_14",
            "rotation": 0.12566370614359174,
            "transform_matrix": [
                [
                    -0.23457156121730804,
                    0.061252471059560776,
                    0.9701671004295349,
                    3.9108688831329346
                ],
                [
                    0.9720988273620605,
                    0.014780481345951557,
                    0.2341054379940033,
                    0.9437092542648315
                ],
                [
                    0.0,
                    0.9980128407478333,
                    -0.06301052868366241,
                    -0.2540035843849182
                ],
                [
                    0.0,
                    0.0,
                    0.0,
                    1.0
                ]
            ]
        },
        {
            "file_path": "/data/shapenet_blender/all_50_random/02958343/3ea856c52fbb213fe151fba1241f1efa/r_15",
            "rotation": 0.12566370614359174,
            "transform_matrix": [
                [
                    0.37788522243499756,
                    0.4153168201446533,
                    -0.8274747729301453,
                    -3.335658073425293
                ],
                [
                    -0.9258524775505066,
                    0.16951090097427368,
                    -0.3377325236797333,
                    -1.3614435195922852
                ],
                [
                    0.0,
                    0.8937438130378723,
                    0.4485777020454407,
                    1.808274745941162
                ],
                [
                    0.0,
                    0.0,
                    0.0,
                    1.0
                ]
            ]
        },
        {
            "file_path": "/data/shapenet_blender/all_50_random/02958343/3ea856c52fbb213fe151fba1241f1efa/r_16",
            "rotation": 0.12566370614359174,
            "transform_matrix": [
                [
                    -0.6348221302032471,
                    0.038155026733875275,
                    0.7717155814170837,
                    3.1108851432800293
                ],
                [
                    0.7726582884788513,
                    0.031348470598459244,
                    0.6340476274490356,
                    2.5559279918670654
                ],
                [
                    0.0,
                    0.9987800121307373,
                    -0.04938149452209473,
                    -0.19906318187713623
                ],
                [
                    0.0,
                    0.0,
                    0.0,
                    1.0
                ]
            ]
        },
        {
            "file_path": "/data/shapenet_blender/all_50_random/02958343/3ea856c52fbb213fe151fba1241f1efa/r_17",
            "rotation": 0.12566370614359174,
            "transform_matrix": [
                [
                    -0.9951256513595581,
                    0.02029983513057232,
                    0.09650270640850067,
                    0.3890148103237152
                ],
                [
                    0.09861467033624649,
                    0.20484666526317596,
                    0.9738137125968933,
                    3.925568103790283
                ],
                [
                    1.8626449271863521e-09,
                    0.9785835146903992,
                    -0.2058500498533249,
                    -0.8298079967498779
                ],
                [
                    0.0,
                    0.0,
                    0.0,
                    1.0
                ]
            ]
        },
        {
            "file_path": "/data/shapenet_blender/all_50_random/02958343/3ea856c52fbb213fe151fba1241f1efa/r_18",
            "rotation": 0.12566370614359174,
            "transform_matrix": [
                [
                    -0.04012966901063919,
                    0.419043630361557,
                    -0.9070788025856018,
                    -3.6565518379211426
                ],
                [
                    -0.9991945028305054,
                    -0.016829637810587883,
                    0.03643011674284935,
                    0.14685451984405518
                ],
                [
                    1.862645149230957e-09,
                    0.9078101515769958,
                    0.41938138008117676,
                    1.6905804872512817
                ],
                [
                    0.0,
                    0.0,
                    0.0,
                    1.0
                ]
            ]
        },
        {
            "file_path": "/data/shapenet_blender/all_50_random/02958343/3ea856c52fbb213fe151fba1241f1efa/r_19",
            "rotation": 0.12566370614359174,
            "transform_matrix": [
                [
                    0.980302095413208,
                    -0.0675659105181694,
                    0.18558721244335175,
                    0.7481259703636169
                ],
                [
                    0.19750383496284485,
                    0.335360586643219,
                    -0.9211544394493103,
                    -3.713292360305786
                ],
                [
                    0.0,
                    0.9396638870239258,
                    0.34209921956062317,
                    1.379046082496643
                ],
                [
                    0.0,
                    0.0,
                    0.0,
                    1.0
                ]
            ]
        },
        {
            "file_path": "/data/shapenet_blender/all_50_random/02958343/3ea856c52fbb213fe151fba1241f1efa/r_20",
            "rotation": 0.12566370614359174,
            "transform_matrix": [
                [
                    -0.7744593024253845,
                    0.28933200240135193,
                    0.5625829696655273,
                    2.2678446769714355
                ],
                [
                    0.6326236128807068,
                    0.35420092940330505,
                    0.688715398311615,
                    2.7763009071350098
                ],
                [
                    -1.4901160305669237e-08,
                    0.8892855048179626,
                    -0.45735248923301697,
                    -1.8436470031738281
                ],
                [
                    0.0,
                    0.0,
                    0.0,
                    1.0
                ]
            ]
        },
        {
            "file_path": "/data/shapenet_blender/all_50_random/02958343/3ea856c52fbb213fe151fba1241f1efa/r_21",
            "rotation": 0.12566370614359174,
            "transform_matrix": [
                [
                    0.6604017615318298,
                    -0.7345040440559387,
                    0.15611903369426727,
                    0.6293359398841858
                ],
                [
                    0.7509124875068665,
                    0.6459711790084839,
                    -0.13730134069919586,
                    -0.5534794330596924
                ],
                [
                    -7.450581485102248e-09,
                    0.20790547132492065,
                    0.978148877620697,
                    3.9430441856384277
                ],
                [
                    0.0,
                    0.0,
                    0.0,
                    1.0
                ]
            ]
        },
        {
            "file_path": "/data/shapenet_blender/all_50_random/02958343/3ea856c52fbb213fe151fba1241f1efa/r_22",
            "rotation": 0.12566370614359174,
            "transform_matrix": [
                [
                    -0.8388504385948181,
                    -0.424521267414093,
                    0.340751588344574,
                    1.3736135959625244
                ],
                [
                    0.54436194896698,
                    -0.6541785001754761,
                    0.5250911116600037,
                    2.1167099475860596
                ],
                [
                    1.4901161193847656e-08,
                    0.6259650588035583,
                    0.7798510193824768,
                    3.1436800956726074
                ],
                [
                    0.0,
                    0.0,
                    0.0,
                    1.0
                ]
            ]
        },
        {
            "file_path": "/data/shapenet_blender/all_50_random/02958343/3ea856c52fbb213fe151fba1241f1efa/r_23",
            "rotation": 0.12566370614359174,
            "transform_matrix": [
                [
                    0.2277013659477234,
                    -0.3419630825519562,
                    0.9117090106010437,
                    3.6752166748046875
                ],
                [
                    0.9737311005592346,
                    0.07996607571840286,
                    -0.21319785714149475,
                    -0.8594280481338501
                ],
                [
                    0.0,
                    0.9363046288490295,
                    0.3511884808540344,
                    1.415686011314392
                ],
                [
                    0.0,
                    0.0,
                    0.0,
                    1.0
                ]
            ]
        },
        {
            "file_path": "/data/shapenet_blender/all_50_random/02958343/3ea856c52fbb213fe151fba1241f1efa/r_24",
            "rotation": 0.12566370614359174,
            "transform_matrix": [
                [
                    0.5655707716941833,
                    -0.4340728521347046,
                    -0.7012206315994263,
                    -2.8267109394073486
                ],
                [
                    -0.824699878692627,
                    -0.2976827621459961,
                    -0.48089003562927246,
                    -1.9385298490524292
                ],
                [
                    1.4901162970204496e-08,
                    0.850273847579956,
                    -0.5263404250144958,
                    -2.121746301651001
                ],
                [
                    0.0,
                    0.0,
                    0.0,
                    1.0
                ]
            ]
        },
        {
            "file_path": "/data/shapenet_blender/all_50_random/02958343/3ea856c52fbb213fe151fba1241f1efa/r_25",
            "rotation": 0.12566370614359174,
            "transform_matrix": [
                [
                    0.5899090766906738,
                    0.18959397077560425,
                    0.7848957777023315,
                    3.164016008377075
                ],
                [
                    0.8074696660041809,
                    -0.13851073384284973,
                    -0.5734174251556396,
                    -2.3115196228027344
                ],
                [
                    0.0,
                    0.9720436334609985,
                    -0.23480013012886047,
                    -0.946509599685669
                ],
                [
                    0.0,
                    0.0,
                    0.0,
                    1.0
                ]
            ]
        },
        {
            "file_path": "/data/shapenet_blender/all_50_random/02958343/3ea856c52fbb213fe151fba1241f1efa/r_26",
            "rotation": 0.12566370614359174,
            "transform_matrix": [
                [
                    -0.5029518008232117,
                    -0.4395235478878021,
                    -0.7442166209220886,
                    -3.000033378601074
                ],
                [
                    -0.8643143773078918,
                    0.2557624578475952,
                    0.43306592106819153,
                    1.7457447052001953
                ],
                [
                    1.4901160305669237e-08,
                    0.8610485792160034,
                    -0.5085226893424988,
                    -2.0499207973480225
                ],
                [
                    0.0,
                    0.0,
                    0.0,
                    1.0
                ]
            ]
        },
        {
            "file_path": "/data/shapenet_blender/all_50_random/02958343/3ea856c52fbb213fe151fba1241f1efa/r_27",
            "rotation": 0.12566370614359174,
            "transform_matrix": [
                [
                    -0.6537585258483887,
                    0.17919087409973145,
                    0.7351804971694946,
                    2.9636073112487793
                ],
                [
                    0.7567031383514404,
                    0.15481311082839966,
                    0.6351639032363892,
                    2.560427665710449
                ],
                [
                    -7.450580152834618e-09,
                    0.9715572595596313,
                    -0.23680473864078522,
                    -0.9545904397964478
                ],
                [
                    0.0,
                    0.0,
                    0.0,
                    1.0
                ]
            ]
        },
        {
            "file_path": "/data/shapenet_blender/all_50_random/02958343/3ea856c52fbb213fe151fba1241f1efa/r_28",
            "rotation": 0.12566370614359174,
            "transform_matrix": [
                [
                    -0.8873353004455566,
                    -0.13708019256591797,
                    0.44027841091156006,
                    1.774819016456604
                ],
                [
                    0.4611247777938843,
                    -0.26378127932548523,
                    0.8472209572792053,
                    3.415256977081299
                ],
                [
                    -7.450580596923828e-09,
                    0.9547922611236572,
                    0.29727354645729065,
                    1.198348045349121
                ],
                [
                    0.0,
                    0.0,
                    0.0,
                    1.0
                ]
            ]
        },
        {
            "file_path": "/data/shapenet_blender/all_50_random/02958343/3ea856c52fbb213fe151fba1241f1efa/r_29",
            "rotation": 0.12566370614359174,
            "transform_matrix": [
                [
                    -0.4116818904876709,
                    -0.5771380662918091,
                    0.7052869200706482,
                    2.84310245513916
                ],
                [
                    0.911327600479126,
                    -0.2607155442237854,
                    0.31860533356666565,
                    1.284339189529419
                ],
                [
                    -1.4901161193847656e-08,
                    0.7739115357398987,
                    0.6332937479019165,
                    2.552888870239258
                ],
                [
                    0.0,
                    0.0,
                    0.0,
                    1.0
                ]
            ]
        },
        {
            "file_path": "/data/shapenet_blender/all_50_random/02958343/3ea856c52fbb213fe151fba1241f1efa/r_30",
            "rotation": 0.12566370614359174,
            "transform_matrix": [
                [
                    0.3979748785495758,
                    0.1311863660812378,
                    -0.9079681038856506,
                    -3.6601364612579346
                ],
                [
                    -0.9173962473869324,
                    0.05690985172986984,
                    -0.3938848674297333,
                    -1.5878007411956787
                ],
                [
                    7.450580152834618e-09,
                    0.9897229075431824,
                    0.1429985910654068,
                    0.5764457583427429
                ],
                [
                    0.0,
                    0.0,
                    0.0,
                    1.0
                ]
            ]
        },
        {
            "file_path": "/data/shapenet_blender/all_50_random/02958343/3ea856c52fbb213fe151fba1241f1efa/r_31",
            "rotation": 0.12566370614359174,
            "transform_matrix": [
                [
                    -0.1587354689836502,
                    -0.07871052622795105,
                    -0.9841786026954651,
                    -3.967351198196411
                ],
                [
                    -0.9873211979866028,
                    0.01265459693968296,
                    0.15823021531105042,
                    0.6378464698791504
                ],
                [
                    -9.31322685637781e-10,
                    0.9968171119689941,
                    -0.07972130179405212,
                    -0.3213668763637543
                ],
                [
                    0.0,
                    0.0,
                    0.0,
                    1.0
                ]
            ]
        },
        {
            "file_path": "/data/shapenet_blender/all_50_random/02958343/3ea856c52fbb213fe151fba1241f1efa/r_32",
            "rotation": 0.12566370614359174,
            "transform_matrix": [
                [
                    -0.9996028542518616,
                    -0.02633875235915184,
                    0.010019877925515175,
                    0.04039142280817032
                ],
                [
                    0.02818027324974537,
                    -0.9342809319496155,
                    0.35542231798171997,
                    1.432753324508667
                ],
                [
                    0.0,
                    0.35556358098983765,
                    0.9346520304679871,
                    3.767703056335449
                ],
                [
                    0.0,
                    0.0,
                    0.0,
                    1.0
                ]
            ]
        },
        {
            "file_path": "/data/shapenet_blender/all_50_random/02958343/3ea856c52fbb213fe151fba1241f1efa/r_33",
            "rotation": 0.12566370614359174,
            "transform_matrix": [
                [
                    0.9571932554244995,
                    0.2605184018611908,
                    -0.12614016234874725,
                    -0.5084872245788574
                ],
                [
                    -0.2894498407840729,
                    0.8615187406539917,
                    -0.4171379506587982,
                    -1.6815366744995117
                ],
                [
                    -7.450580596923828e-09,
                    0.43579283356666565,
                    0.9000470638275146,
                    3.6282052993774414
                ],
                [
                    0.0,
                    0.0,
                    0.0,
                    1.0
                ]
            ]
        },
        {
            "file_path": "/data/shapenet_blender/all_50_random/02958343/3ea856c52fbb213fe151fba1241f1efa/r_34",
            "rotation": 0.12566370614359174,
            "transform_matrix": [
                [
                    -0.8791027069091797,
                    0.005076142959296703,
                    -0.4766053557395935,
                    -1.921257734298706
                ],
                [
                    -0.47663241624832153,
                    -0.009362457320094109,
                    0.8790527582168579,
                    3.5435752868652344
                ],
                [
                    4.656612873077393e-10,
                    0.9999433159828186,
                    0.010650014504790306,
                    0.042931586503982544
                ],
                [
                    0.0,
                    0.0,
                    0.0,
                    1.0
                ]
            ]
        },
        {
            "file_path": "/data/shapenet_blender/all_50_random/02958343/3ea856c52fbb213fe151fba1241f1efa/r_35",
            "rotation": 0.12566370614359174,
            "transform_matrix": [
                [
                    0.8325366973876953,
                    -0.06541875749826431,
                    -0.5500936508178711,
                    -2.217498540878296
                ],
                [
                    -0.5539699196815491,
                    -0.09831492602825165,
                    -0.8267112374305725,
                    -3.3325796127319336
                ],
                [
                    7.450580596923828e-09,
                    0.9930028319358826,
                    -0.11809080094099045,
                    -0.47603923082351685
                ],
                [
                    0.0,
                    0.0,
                    0.0,
                    1.0
                ]
            ]
        },
        {
            "file_path": "/data/shapenet_blender/all_50_random/02958343/3ea856c52fbb213fe151fba1241f1efa/r_36",
            "rotation": 0.12566370614359174,
            "transform_matrix": [
                [
                    -0.9870119094848633,
                    -0.10842269659042358,
                    0.11854188144207001,
                    0.47785764932632446
                ],
                [
                    0.16064763069152832,
                    -0.6661441922187805,
                    0.7283160090446472,
                    2.9359359741210938
                ],
                [
                    0.0,
                    0.7379000782966614,
                    0.6749099493026733,
                    2.720649242401123
                ],
                [
                    0.0,
                    0.0,
                    0.0,
                    1.0
                ]
            ]
        },
        {
            "file_path": "/data/shapenet_blender/all_50_random/02958343/3ea856c52fbb213fe151fba1241f1efa/r_37",
            "rotation": 0.12566370614359174,
            "transform_matrix": [
                [
                    -0.9775408506393433,
                    -0.04513196274638176,
                    -0.20585621893405914,
                    -0.8298328518867493
                ],
                [
                    -0.21074549853801727,
                    0.20934416353702545,
                    0.9548619985580444,
                    3.8491714000701904
                ],
                [
                    3.7252896323280993e-09,
                    0.9767999053001404,
                    -0.21415387094020844,
                    -0.863281786441803
                ],
                [
                    0.0,
                    0.0,
                    0.0,
                    1.0
                ]
            ]
        },
        {
            "file_path": "/data/shapenet_blender/all_50_random/02958343/3ea856c52fbb213fe151fba1241f1efa/r_38",
            "rotation": 0.12566370614359174,
            "transform_matrix": [
                [
                    0.25951817631721497,
                    0.3272845149040222,
                    -0.9085896611213684,
                    -3.662642002105713
                ],
                [
                    -0.9657382965087891,
                    0.08794958889484406,
                    -0.24416092038154602,
                    -0.984244167804718
                ],
                [
                    -7.450580596923828e-09,
                    0.940824031829834,
                    0.33889564871788025,
                    1.3661320209503174
                ],
                [
                    0.0,
                    0.0,
                    0.0,
                    1.0
                ]
            ]
        },
        {
            "file_path": "/data/shapenet_blender/all_50_random/02958343/3ea856c52fbb213fe151fba1241f1efa/r_39",
            "rotation": 0.12566370614359174,
            "transform_matrix": [
                [
                    -0.5689301490783691,
                    -0.10009875148534775,
                    -0.8162712454795837,
                    -3.290494441986084
                ],
                [
                    -0.8223857283592224,
                    0.06924876570701599,
                    0.5647000670433044,
                    2.276378631591797
                ],
                [
                    3.7252896323280993e-09,
                    0.9925647377967834,
                    -0.12171752005815506,
                    -0.4906589984893799
                ],
                [
                    0.0,
                    0.0,
                    0.0,
                    1.0
                ]
            ]
        },
        {
            "file_path": "/data/shapenet_blender/all_50_random/02958343/3ea856c52fbb213fe151fba1241f1efa/r_40",
            "rotation": 0.12566370614359174,
            "transform_matrix": [
                [
                    -0.999980092048645,
                    0.001179785467684269,
                    -0.006198981311172247,
                    -0.024988889694213867
                ],
                [
                    -0.006310250144451857,
                    -0.18695960938930511,
                    0.9823474287986755,
                    3.9599685668945312
                ],
                [
                    1.1641531488804091e-10,
                    0.9823668599128723,
                    0.18696336448192596,
                    0.7536733150482178
                ],
                [
                    0.0,
                    0.0,
                    0.0,
                    1.0
                ]
            ]
        },
        {
            "file_path": "/data/shapenet_blender/all_50_random/02958343/3ea856c52fbb213fe151fba1241f1efa/r_41",
            "rotation": 0.12566370614359174,
            "transform_matrix": [
                [
                    0.4432081878185272,
                    -0.20624561607837677,
                    -0.8723699450492859,
                    -3.5166356563568115
                ],
                [
                    -0.8964188098907471,
                    -0.10197214037179947,
                    -0.43131792545318604,
