{
    "class": "02958343",
    "model": "1cde62b063e14777c9152a706245d48",
    "remove_doubles": true,
    "edge_split": true,
    "denoise": true,
    "camera_angle_x": 0.6911112070083618,
    "scale_factor": 2.440024200679481,
    "hdri_file": "/data/IndoorHDRDataset2018/AG8A9520-aa7d084f12.exr",
    "center_offset": [
        0.0,
        -1.862645149230957e-09,
        0.0
    ],
    "lights": [],
    "frames": [
        {
            "file_path": "/data/shapenet_blender/all_50_random/02958343/1cde62b063e14777c9152a706245d48/r_0",
            "rotation": 0.12566370614359174,
            "transform_matrix": [
                [
                    0.464360773563385,
                    0.14271984994411469,
                    -0.8740710616111755,
                    -3.5234930515289307
                ],
                [
                    -0.8856462240219116,
                    0.07483066618442535,
                    -0.4582917094230652,
                    -1.8474329710006714
                ],
                [
                    0.0,
                    0.9869301915168762,
                    0.16114772856235504,
                    0.6496073007583618
                ],
                [
                    0.0,
                    0.0,
                    0.0,
                    1.0
                ]
            ]
        },
        {
            "file_path": "/data/shapenet_blender/all_50_random/02958343/1cde62b063e14777c9152a706245d48/r_1",
            "rotation": 0.12566370614359174,
            "transform_matrix": [
                [
                    0.971278727054596,
                    -0.21496248245239258,
                    -0.10202300548553467,
                    -0.41126787662506104
                ],
                [
                    -0.23794445395469666,
                    -0.8774673342704773,
                    -0.41645339131355286,
                    -1.6787773370742798
                ],
                [
                    0.0,
                    0.42876821756362915,
                    -0.9034144878387451,
                    -3.641780376434326
                ],
                [
                    0.0,
                    0.0,
                    0.0,
                    1.0
                ]
            ]
        },
        {
            "file_path": "/data/shapenet_blender/all_50_random/02958343/1cde62b063e14777c9152a706245d48/r_2",
            "rotation": 0.12566370614359174,
            "transform_matrix": [
                [
                    -0.6383088827133179,
                    -0.6685221195220947,
                    -0.3816279470920563,
                    -1.5383915901184082
                ],
                [
                    -0.7697803974151611,
                    0.5543445944786072,
                    0.316449373960495,
                    1.2756483554840088
                ],
                [
                    -1.4901162970204496e-08,
                    0.49576205015182495,
                    -0.8684582114219666,
                    -3.5008673667907715
                ],
                [
                    0.0,
                    0.0,
                    0.0,
                    1.0
                ]
            ]
        },
        {
            "file_path": "/data/shapenet_blender/all_50_random/02958343/1cde62b063e14777c9152a706245d48/r_3",
            "rotation": 0.12566370614359174,
            "transform_matrix": [
                [
                    -0.69394850730896,
                    -0.08521389961242676,
                    0.7149643898010254,
                    2.882113456726074
                ],
                [
                    0.7200246453285217,
                    -0.08212781697511673,
                    0.6890714764595032,
                    2.777735948562622
                ],
                [
                    0.0,
                    0.9929720163345337,
                    0.11834859848022461,
                    0.4770784378051758
                ],
                [
                    0.0,
                    0.0,
                    0.0,
                    1.0
                ]
            ]
        },
        {
            "file_path": "/data/shapenet_blender/all_50_random/02958343/1cde62b063e14777c9152a706245d48/r_4",
            "rotation": 0.12566370614359174,
            "transform_matrix": [
                [
                    -0.3842166066169739,
                    -0.13063189387321472,
                    0.913954496383667,
                    3.6842684745788574
                ],
                [
                    0.92324298620224,
                    -0.054363735020160675,
                    0.38035109639167786,
                    1.5332443714141846
                ],
                [
                    -3.725290298461914e-09,
                    0.9899393320083618,
                    0.14149241149425507,
                    0.5703741312026978
                ],
                [
                    0.0,
                    0.0,
                    0.0,
                    1.0
                ]
            ]
        },
        {
            "file_path": "/data/shapenet_blender/all_50_random/02958343/1cde62b063e14777c9152a706245d48/r_5",
            "rotation": 0.12566370614359174,
            "transform_matrix": [
                [
                    -0.7154507040977478,
                    0.07380899786949158,
                    0.6947535276412964,
                    2.8006412982940674
                ],
                [
                    0.6986632943153381,
                    0.07558247447013855,
                    0.71144700050354,
                    2.8679349422454834
                ],
                [
                    0.0,
                    0.9944040179252625,
                    -0.10564316809177399,
                    -0.42586126923561096
                ],
                [
                    0.0,
                    0.0,
                    0.0,
                    1.0
                ]
            ]
        },
        {
            "file_path": "/data/shapenet_blender/all_50_random/02958343/1cde62b063e14777c9152a706245d48/r_6",
            "rotation": 0.12566370614359174,
            "transform_matrix": [
                [
                    0.746327817440033,
                    0.45644626021385193,
                    -0.484408438205719,
                    -1.9527130126953125
                ],
                [
                    -0.6655785441398621,
                    0.5118231773376465,
                    -0.5431777834892273,
                    -2.189620018005371
                ],
                [
                    0.0,
                    0.7278005480766296,
                    0.6857887506484985,
                    2.764503002166748
                ],
                [
                    0.0,
                    0.0,
                    0.0,
                    1.0
                ]
            ]
        },
        {
            "file_path": "/data/shapenet_blender/all_50_random/02958343/1cde62b063e14777c9152a706245d48/r_7",
            "rotation": 0.12566370614359174,
            "transform_matrix": [
                [
                    0.040378134697675705,
                    0.28255268931388855,
                    0.9584015011787415,
                    3.8634402751922607
                ],
                [
                    0.9991845488548279,
                    -0.01141826156526804,
                    -0.03873004391789436,
                    -0.15612581372261047
                ],
                [
                    9.31322685637781e-10,
                    0.9591838121414185,
                    -0.28278326988220215,
                    -1.1399359703063965
                ],
                [
                    0.0,
                    0.0,
                    0.0,
                    1.0
                ]
            ]
        },
        {
            "file_path": "/data/shapenet_blender/all_50_random/02958343/1cde62b063e14777c9152a706245d48/r_8",
            "rotation": 0.12566370614359174,
            "transform_matrix": [
                [
                    0.7867665886878967,
                    0.2625333070755005,
                    0.5586362481117249,
                    2.2519350051879883
                ],
                [
                    0.6172505021095276,
                    -0.33463308215141296,
                    -0.7120550274848938,
                    -2.8703858852386475
                ],
                [
                    1.4901160305669237e-08,
                    0.9050396680831909,
                    -0.425326943397522,
                    -1.714547872543335
                ],
                [
                    0.0,
                    0.0,
                    0.0,
                    1.0
                ]
            ]
        },
        {
            "file_path": "/data/shapenet_blender/all_50_random/02958343/1cde62b063e14777c9152a706245d48/r_9",
            "rotation": 0.12566370614359174,
            "transform_matrix": [
                [
                    0.894452691078186,
                    0.2345878779888153,
                    0.3806874454021454,
                    1.5346002578735352
                ],
                [
                    0.4471626281738281,
                    -0.4692426025867462,
                    -0.7614833116531372,
                    -3.0696375370025635
                ],
                [
                    1.4901161193847656e-08,
                    0.8513399362564087,
                    -0.5246142148971558,
                    -2.1147878170013428
                ],
                [
                    0.0,
                    0.0,
                    0.0,
                    1.0
                ]
            ]
        },
        {
            "file_path": "/data/shapenet_blender/all_50_random/02958343/1cde62b063e14777c9152a706245d48/r_10",
            "rotation": 0.12566370614359174,
            "transform_matrix": [
                [
                    0.6113761067390442,
                    -0.6979592442512512,
                    0.3729237914085388,
                    1.5033038854599
                ],
                [
                    0.791340172290802,
                    0.5392315983772278,
                    -0.28811466693878174,
                    -1.16142737865448
                ],
                [
                    0.0,
                    0.47125598788261414,
                    0.8819964528083801,
                    3.555441379547119
                ],
                [
                    0.0,
                    0.0,
                    0.0,
                    1.0
                ]
            ]
        },
        {
            "file_path": "/data/shapenet_blender/all_50_random/02958343/1cde62b063e14777c9152a706245d48/r_11",
            "rotation": 0.12566370614359174,
            "transform_matrix": [
                [
                    0.2194087654352188,
                    0.09800118952989578,
                    -0.9706984758377075,
                    -3.913010597229004
                ],
                [
                    -0.9756330251693726,
                    0.022039353847503662,
                    -0.2182990461587906,
                    -0.8799915313720703
                ],
                [
                    1.8626450382086546e-09,
                    0.9949422478675842,
                    0.10044882446527481,
                    0.40492215752601624
                ],
                [
                    0.0,
                    0.0,
                    0.0,
                    1.0
                ]
            ]
        },
        {
            "file_path": "/data/shapenet_blender/all_50_random/02958343/1cde62b063e14777c9152a706245d48/r_12",
            "rotation": 0.12566370614359174,
            "transform_matrix": [
                [
                    0.44110384583473206,
                    -0.5709013342857361,
                    -0.6924586892127991,
                    -2.7913901805877686
                ],
                [
                    -0.897456169128418,
                    -0.2806006371974945,
                    -0.34034663438796997,
                    -1.371981143951416
                ],
                [
                    0.0,
                    0.7715794444084167,
                    -0.6361329555511475,
                    -2.564333915710449
                ],
                [
                    0.0,
                    0.0,
                    0.0,
                    1.0
                ]
            ]
        },
        {
            "file_path": "/data/shapenet_blender/all_50_random/02958343/1cde62b063e14777c9152a706245d48/r_13",
            "rotation": 0.12566370614359174,
            "transform_matrix": [
                [
                    -0.36724621057510376,
                    0.3266006410121918,
                    0.8708973526954651,
                    3.510699510574341
                ],
                [
                    0.9301237463951111,
                    0.12895365059375763,
                    0.34386152029037476,
                    1.3861501216888428
                ],
                [
                    0.0,
                    0.9363241791725159,
                    -0.3511367440223694,
                    -1.4154775142669678
                ],
                [
                    0.0,
                    0.0,
                    0.0,
                    1.0
                ]
            ]
        },
        {
            "file_path": "/data/shapenet_blender/all_50_random/02958343/1cde62b063e14777c9152a706245d48/r_14",
            "rotation": 0.12566370614359174,
            "transform_matrix": [
                [
                    0.7001503109931946,
                    0.5158448815345764,
                    0.49365317821502686,
                    1.98997962474823
                ],
                [
                    0.7139954566955566,
                    -0.5058420896530151,
                    -0.4840807616710663,
                    -1.9513919353485107
                ],
                [
                    -2.9802322387695312e-08,
                    0.6913954019546509,
                    -0.7224764823913574,
                    -2.91239595413208
                ],
                [
                    0.0,
                    0.0,
                    0.0,
                    1.0
                ]
            ]
        },
        {
            "file_path": "/data/shapenet_blender/all_50_random/02958343/1cde62b063e14777c9152a706245d48/r_15",
            "rotation": 0.12566370614359174,
            "transform_matrix": [
                [
                    -0.897301197052002,
                    0.09503886848688126,
                    0.43106624484062195,
                    1.737683892250061
                ],
                [
                    0.4414187967777252,
                    0.19319181144237518,
                    0.8762568831443787,
                    3.5323050022125244
                ],
                [
                    0.0,
                    0.9765472412109375,
                    -0.21530315279960632,
                    -0.8679149150848389
                ],
                [
                    0.0,
                    0.0,
                    0.0,
                    1.0
                ]
            ]
        },
        {
            "file_path": "/data/shapenet_blender/all_50_random/02958343/1cde62b063e14777c9152a706245d48/r_16",
            "rotation": 0.12566370614359174,
            "transform_matrix": [
                [
                    0.04078162834048271,
                    0.1838088184595108,
                    0.9821155071258545,
                    3.9590346813201904
                ],
                [
                    0.9991680979728699,
                    -0.007502263877540827,
                    -0.04008561745285988,
                    -0.1615903079509735
                ],
                [
                    0.0,
                    0.9829334020614624,
                    -0.18396183848381042,
                    -0.7415739297866821
                ],
                [
                    0.0,
                    0.0,
                    0.0,
                    1.0
                ]
            ]
        },
        {
            "file_path": "/data/shapenet_blender/all_50_random/02958343/1cde62b063e14777c9152a706245d48/r_17",
            "rotation": 0.12566370614359174,
            "transform_matrix": [
                [
                    0.9967110753059387,
                    0.0757351815700531,
                    0.028832660987973213,
                    0.11622816324234009
                ],
                [
                    0.08103790134191513,
                    -0.9314911961555481,
                    -0.3546220660209656,
                    -1.4295270442962646
                ],
                [
                    3.725290298461914e-09,
                    0.35579216480255127,
                    -0.9345651268959045,
                    -3.7673521041870117
                ],
                [
                    0.0,
                    0.0,
                    0.0,
                    1.0
                ]
            ]
        },
        {
            "file_path": "/data/shapenet_blender/all_50_random/02958343/1cde62b063e14777c9152a706245d48/r_18",
            "rotation": 0.12566370614359174,
            "transform_matrix": [
                [
                    -0.41400146484375,
                    0.1263355016708374,
                    -0.9014666080474854,
                    -3.6339282989501953
                ],
                [
                    -0.9102762341499329,
                    -0.05745847895741463,
                    0.40999478101730347,
                    1.6527419090270996
                ],
                [
                    0.0,
                    0.9903219938278198,
                    0.1387881189584732,
                    0.5594728589057922
                ],
                [
                    0.0,
                    0.0,
                    0.0,
                    1.0
                ]
            ]
        },
        {
            "file_path": "/data/shapenet_blender/all_50_random/02958343/1cde62b063e14777c9152a706245d48/r_19",
            "rotation": 0.12566370614359174,
            "transform_matrix": [
                [
                    0.08648982644081116,
                    -0.2466188222169876,
                    -0.9652453660964966,
                    -3.891028642654419
                ],
                [
                    -0.996252715587616,
                    -0.021410251036286354,
                    -0.08379792422056198,
                    -0.3378002345561981
                ],
                [
                    0.0,
                    0.9688760042190552,
                    -0.24754644930362701,
                    -0.9978916645050049
                ],
                [
                    0.0,
                    0.0,
                    0.0,
                    1.0
                ]
            ]
        },
        {
            "file_path": "/data/shapenet_blender/all_50_random/02958343/1cde62b063e14777c9152a706245d48/r_20",
            "rotation": 0.12566370614359174,
            "transform_matrix": [
                [
                    0.9969384670257568,
                    0.0033620712347328663,
                    0.07811883836984634,
                    0.31490713357925415
                ],
                [
                    0.07819116860628128,
                    -0.042866457253694534,
                    -0.9960163235664368,
                    -4.01507043838501
                ],
                [
                    0.0,
                    0.9990750551223755,
                    -0.04299810156226158,
                    -0.1733309030532837
                ],
                [
                    0.0,
                    0.0,
                    0.0,
                    1.0
                ]
            ]
        },
        {
            "file_path": "/data/shapenet_blender/all_50_random/02958343/1cde62b063e14777c9152a706245d48/r_21",
            "rotation": 0.12566370614359174,
            "transform_matrix": [
                [
                    -0.9979293942451477,
                    -0.05829635262489319,
                    0.027172457426786423,
                    0.10953569412231445
                ],
                [
                    0.06431800872087479,
                    -0.9045000076293945,
                    0.42159563302993774,
                    1.6995066404342651
                ],
                [
                    0.0,
                    0.4224703013896942,
                    0.9063766002655029,
                    3.653721332550049
                ],
                [
                    0.0,
                    0.0,
                    0.0,
                    1.0
                ]
            ]
        },
        {
            "file_path": "/data/shapenet_blender/all_50_random/02958343/1cde62b063e14777c9152a706245d48/r_22",
            "rotation": 0.12566370614359174,
            "transform_matrix": [
                [
                    0.10738356411457062,
                    -0.11699874699115753,
                    -0.987309455871582,
                    -3.9799718856811523
                ],
                [
                    -0.9942177534103394,
                    -0.012636811472475529,
                    -0.10663740336894989,
                    -0.429869145154953
                ],
                [
                    -9.31322685637781e-10,
                    0.9930515885353088,
                    -0.11767920851707458,
                    -0.47438010573387146
                ],
                [
                    0.0,
                    0.0,
                    0.0,
                    1.0
                ]
            ]
        },
        {
            "file_path": "/data/shapenet_blender/all_50_random/02958343/1cde62b063e14777c9152a706245d48/r_23",
            "rotation": 0.12566370614359174,
            "transform_matrix": [
                [
                    -0.8183925747871399,
                    0.06879168003797531,
                    -0.5705270767211914,
                    -2.299868106842041
                ],
                [
                    -0.5746593475341797,
                    -0.09796865284442902,
                    0.812507688999176,
                    3.2753231525421143
                ],
                [
                    0.0,
                    0.9928091168403625,
                    0.11970862001180649,
                    0.4825608730316162
                ],
                [
                    0.0,
                    0.0,
                    0.0,
                    1.0
                ]
            ]
        },
        {
            "file_path": "/data/shapenet_blender/all_50_random/02958343/1cde62b063e14777c9152a706245d48/r_24",
            "rotation": 0.12566370614359174,
            "transform_matrix": [
                [
                    0.16257236897945404,
                    -0.025581136345863342,
                    -0.9863649606704712,
                    -3.9761643409729004
                ],
                [
                    -0.9866966605186462,
                    -0.004214857704937458,
                    -0.1625177264213562,
                    -0.6551299095153809
                ],
                [
                    0.0,
                    0.9996637105941772,
                    -0.025926044210791588,
                    -0.10451122373342514
                ],
                [
                    0.0,
                    0.0,
                    0.0,
                    1.0
                ]
            ]
        },
        {
            "file_path": "/data/shapenet_blender/all_50_random/02958343/1cde62b063e14777c9152a706245d48/r_25",
            "rotation": 0.12566370614359174,
            "transform_matrix": [
                [
                    0.13350513577461243,
                    0.2085888683795929,
                    0.9688482284545898,
                    3.905552387237549
                ],
                [
                    0.9910480976104736,
                    -0.02809922955930233,
                    -0.13051457703113556,
                    -0.5261211395263672
                ],
                [
                    0.0,
                    0.9775996208190918,
                    -0.2104729861021042,
                    -0.8484438061714172
                ],
                [
                    0.0,
                    0.0,
                    0.0,
                    1.0
                ]
            ]
        },
        {
            "file_path": "/data/shapenet_blender/all_50_random/02958343/1cde62b063e14777c9152a706245d48/r_26",
            "rotation": 0.12566370614359174,
            "transform_matrix": [
                [
                    -0.5164871215820312,
                    0.6829245686531067,
                    -0.5165800452232361,
                    -2.0824005603790283
                ],
                [
                    -0.8562949895858765,
                    -0.41191619634628296,
                    0.3115829825401306,
                    1.2560310363769531
                ],
                [
                    -1.4901161193847656e-08,
                    0.6032733917236328,
                    0.7975344657897949,
                    3.214963912963867
                ],
                [
                    0.0,
                    0.0,
                    0.0,
                    1.0
                ]
            ]
        },
        {
            "file_path": "/data/shapenet_blender/all_50_random/02958343/1cde62b063e14777c9152a706245d48/r_27",
            "rotation": 0.12566370614359174,
            "transform_matrix": [
                [
                    0.9530576467514038,
                    -0.30185407400131226,
                    0.02377290464937687,
                    0.09583163261413574
                ],
                [
                    0.30278876423835754,
                    0.9501156806945801,
                    -0.07482758164405823,
                    -0.301639586687088
                ],
                [
                    1.8626450382086546e-09,
                    0.07851310074329376,
                    0.9969131350517273,
                    4.0186848640441895
                ],
                [
                    0.0,
                    0.0,
                    0.0,
                    1.0
                ]
            ]
        },
        {
            "file_path": "/data/shapenet_blender/all_50_random/02958343/1cde62b063e14777c9152a706245d48/r_28",
            "rotation": 0.12566370614359174,
            "transform_matrix": [
                [
                    -0.5345625877380371,
                    0.5362191200256348,
                    0.6532318592071533,
                    2.6332619190216064
                ],
                [
                    0.8451288938522339,
                    0.33917036652565,
                    0.4131834805011749,
                    1.6655958890914917
                ],
                [
                    0.0,
                    0.7729375958442688,
                    -0.6344820261001587,
                    -2.5576789379119873
                ],
                [
                    0.0,
                    0.0,
                    0.0,
                    1.0
                ]
            ]
        },
        {
            "file_path": "/data/shapenet_blender/all_50_random/02958343/1cde62b063e14777c9152a706245d48/r_29",
            "rotation": 0.12566370614359174,
            "transform_matrix": [
                [
                    0.330459862947464,
                    -0.28711438179016113,
                    0.8990893363952637,
                    3.624344825744629
                ],
                [
                    0.9438201189041138,
                    0.10052739083766937,
                    -0.3147982358932495,
                    -1.268992304801941
                ],
                [
                    0.0,
                    0.952606737613678,
                    0.3042045831680298,
                    1.226287841796875
                ],
                [
                    0.0,
                    0.0,
                    0.0,
                    1.0
                ]
            ]
        },
        {
            "file_path": "/data/shapenet_blender/all_50_random/02958343/1cde62b063e14777c9152a706245d48/r_30",
            "rotation": 0.12566370614359174,
            "transform_matrix": [
                [
                    -0.930534839630127,
                    -0.036063674837350845,
                    -0.36442330479621887,
                    -1.4690371751785278
                ],
                [
                    -0.3662033677101135,
                    0.09163898229598999,
                    0.9260116219520569,
                    3.7328717708587646
                ],
                [
                    -3.7252898543727042e-09,
                    0.9951390027999878,
                    -0.09847991913557053,
                    -0.3969852030277252
                ],
                [
                    0.0,
                    0.0,
                    0.0,
                    1.0
                ]
            ]
        },
        {
            "file_path": "/data/shapenet_blender/all_50_random/02958343/1cde62b063e14777c9152a706245d48/r_31",
            "rotation": 0.12566370614359174,
            "transform_matrix": [
                [
                    -0.7999815940856934,
                    0.4074508547782898,
                    0.44046932458877563,
                    1.7755886316299438
                ],
                [
                    0.6000245809555054,
                    0.5432330965995789,
                    0.5872548818588257,
                    2.367300033569336
                ],
                [
                    -1.4901161193847656e-08,
                    0.7340854406356812,
                    -0.6790570616722107,
                    -2.7373666763305664
                ],
                [
                    0.0,
                    0.0,
                    0.0,
                    1.0
                ]
            ]
        },
        {
            "file_path": "/data/shapenet_blender/all_50_random/02958343/1cde62b063e14777c9152a706245d48/r_32",
            "rotation": 0.12566370614359174,
            "transform_matrix": [
                [
                    -0.03095221146941185,
                    0.06341485679149628,
                    -0.9975071549415588,
                    -4.021080017089844
                ],
                [
                    -0.9995209574699402,
                    -0.001963770715519786,
                    0.03088984824717045,
                    0.12452095746994019
                ],
                [
                    -2.3283067140944524e-10,
                    0.9979852437973022,
                    0.06344527006149292,
                    0.25575605034828186
                ],
                [
                    0.0,
                    0.0,
                    0.0,
                    1.0
                ]
            ]
        },
        {
            "file_path": "/data/shapenet_blender/all_50_random/02958343/1cde62b063e14777c9152a706245d48/r_33",
            "rotation": 0.12566370614359174,
            "transform_matrix": [
                [
                    -0.6537302732467651,
                    0.634827733039856,
                    -0.41186219453811646,
                    -1.6602697372436523
                ],
                [
                    -0.7567276954650879,
                    -0.5484220385551453,
                    0.35580405592918396,
                    1.434292197227478
                ],
                [
                    -1.4901161193847656e-08,
                    0.544267475605011,
                    0.8389117121696472,
                    3.3817615509033203
                ],
                [
                    0.0,
                    0.0,
                    0.0,
                    1.0
                ]
            ]
        },
        {
            "file_path": "/data/shapenet_blender/all_50_random/02958343/1cde62b063e14777c9152a706245d48/r_34",
            "rotation": 0.12566370614359174,
            "transform_matrix": [
                [
                    -0.39614537358283997,
                    0.1685255765914917,
                    -0.9025896191596985,
                    -3.6384551525115967
                ],
                [
                    -0.9181879162788391,
                    -0.0727091059088707,
                    0.38941559195518494,
                    1.56978440284729
                ],
                [
                    0.0,
                    0.9830118417739868,
                    0.18354153633117676,
                    0.7398796081542969
                ],
                [
                    0.0,
                    0.0,
                    0.0,
                    1.0
                ]
            ]
        },
        {
            "file_path": "/data/shapenet_blender/all_50_random/02958343/1cde62b063e14777c9152a706245d48/r_35",
            "rotation": 0.12566370614359174,
            "transform_matrix": [
                [
                    -0.3388327360153198,
                    -0.4005047380924225,
                    0.8513449430465698,
                    3.4318814277648926
                ],
                [
                    0.9408466815948486,
                    -0.14423616230487823,
                    0.3065999448299408,
                    1.2359440326690674
                ],
                [
                    -7.450580596923828e-09,
                    0.9048711657524109,
                    0.42568546533584595,
                    1.7159931659698486
                ],
                [
                    0.0,
                    0.0,
                    0.0,
                    1.0
                ]
            ]
        },
        {
            "file_path": "/data/shapenet_blender/all_50_random/02958343/1cde62b063e14777c9152a706245d48/r_36",
            "rotation": 0.12566370614359174,
            "transform_matrix": [
                [
                    0.4770297706127167,
                    -0.0900091752409935,
                    0.8742659687995911,
                    3.5242786407470703
                ],
                [
                    0.8788871169090271,
                    0.04885389655828476,
                    -0.47452157735824585,
                    -1.9128575325012207
                ],
                [
                    -3.7252898543727042e-09,
                    0.9947419166564941,
                    0.10241269320249557,
                    0.41283875703811646
                ],
                [
                    0.0,
                    0.0,
                    0.0,
                    1.0
                ]
            ]
        },
        {
            "file_path": "/data/shapenet_blender/all_50_random/02958343/1cde62b063e14777c9152a706245d48/r_37",
            "rotation": 0.12566370614359174,
            "transform_matrix": [
                [
                    -0.40781834721565247,
                    -0.7155836224555969,
                    -0.5671192407608032,
                    -2.286130666732788
                ],
                [
                    -0.9130630493164062,
                    0.3196144700050354,
                    0.25330305099487305,
                    1.0210973024368286
                ],
                [
                    0.0,
                    0.6211172342300415,
                    -0.7837176322937012,
                    -3.159266710281372
                ],
                [
                    0.0,
                    0.0,
                    0.0,
                    1.0
                ]
            ]
        },
        {
            "file_path": "/data/shapenet_blender/all_50_random/02958343/1cde62b063e14777c9152a706245d48/r_38",
            "rotation": 0.12566370614359174,
            "transform_matrix": [
                [
                    0.28904032707214355,
                    -0.04385972023010254,
                    -0.9563117027282715,
                    -3.855015754699707
                ],
                [
                    -0.9573169946670532,
                    -0.013242455199360847,
                    -0.2887367904186249,
                    -1.1639351844787598
                ],
                [
                    0.0,
                    0.9989498853683472,
                    -0.04581526294350624,
                    -0.18468722701072693
                ],
                [
                    0.0,
                    0.0,
                    0.0,
                    1.0
                ]
            ]
        },
        {
            "file_path": "/data/shapenet_blender/all_50_random/02958343/1cde62b063e14777c9152a706245d48/r_39",
            "rotation": 0.12566370614359174,
            "transform_matrix": [
                [
                    -0.999785304069519,
                    -0.007118025328963995,
                    0.0194571353495121,
                    0.07843422889709473
                ],
                [
                    0.02071826159954071,
                    -0.3434890806674957,
                    0.9389280676841736,
                    3.784940242767334
                ],
                [
                    0.0,
                    0.9391295909881592,
                    0.3435628116130829,
                    1.3849461078643799
                ],
                [
                    0.0,
                    0.0,
                    0.0,
                    1.0
                ]
            ]
        },
        {
            "file_path": "/data/shapenet_blender/all_50_random/02958343/1cde62b063e14777c9152a706245d48/r_40",
            "rotation": 0.12566370614359174,
            "transform_matrix": [
                [
                    -0.8340067267417908,
                    -0.04387141764163971,
                    0.5500073432922363,
                    2.2171506881713867
                ],
                [
                    0.5517542958259583,
                    -0.06631402671337128,
                    0.8313660025596619,
                    3.351343870162964
                ],
                [
                    0.0,
                    0.996833860874176,
                    0.0795125737786293,
                    0.32052546739578247
                ],
                [
                    0.0,
                    0.0,
                    0.0,
                    1.0
                ]
            ]
        },
        {
            "file_path": "/data/shapenet_blender/all_50_random/02958343/1cde62b063e14777c9152a706245d48/r_41",
            "rotation": 0.12566370614359174,
            "transform_matrix": [
                [
                    0.9988969564437866,
                    0.02862134575843811,
                    -0.03722952678799629,
                    -0.15007703006267548
                ],
                [
                    -0.0469597727060318,
                    0.6088142395019531,
                    -0.7919217348098755,
                    -3.192338705062866
                ],
                [
                    0.0,
                    0.79279625415802,
                    0.6094866394996643,
