{
    "class": "02958343",
    "model": "a8f2c3adc0671c15c64e95fc6a597455",
    "remove_doubles": true,
    "edge_split": true,
    "denoise": true,
    "camera_angle_x": 0.6911112070083618,
    "scale_factor": 2.511654032457512,
    "hdri_file": "/data/IndoorHDRDataset2018/9C4A4265-5a4082902d.exr",
    "center_offset": [
        0.0,
        -3.725290298461914e-09,
        0.0
    ],
    "lights": [],
    "frames": [
        {
            "file_path": "/data/shapenet_blender/all_50_random/02958343/a8f2c3adc0671c15c64e95fc6a597455/r_0",
            "rotation": 0.12566370614359174,
            "transform_matrix": [
                [
                    0.7981886863708496,
                    -0.1418229043483734,
                    -0.5854750275611877,
                    -2.3601255416870117
                ],
                [
                    -0.6024075150489807,
                    -0.18791502714157104,
                    -0.7757531404495239,
                    -3.1271612644195557
                ],
                [
                    1.4901161193847656e-08,
                    0.9718920588493347,
                    -0.23542681336402893,
                    -0.9490358829498291
                ],
                [
                    0.0,
                    0.0,
                    0.0,
                    1.0
                ]
            ]
        },
        {
            "file_path": "/data/shapenet_blender/all_50_random/02958343/a8f2c3adc0671c15c64e95fc6a597455/r_1",
            "rotation": 0.12566370614359174,
            "transform_matrix": [
                [
                    -0.9532344937324524,
                    -0.24866081774234772,
                    -0.1717900037765503,
                    -0.6925077438354492
                ],
                [
                    -0.30223169922828674,
                    0.7842726707458496,
                    0.5418232083320618,
                    2.184159517288208
                ],
                [
                    0.0,
                    0.5684049725532532,
                    -0.8227487802505493,
                    -3.3166067600250244
                ],
                [
                    0.0,
                    0.0,
                    0.0,
                    1.0
                ]
            ]
        },
        {
            "file_path": "/data/shapenet_blender/all_50_random/02958343/a8f2c3adc0671c15c64e95fc6a597455/r_2",
            "rotation": 0.12566370614359174,
            "transform_matrix": [
                [
                    -0.9632803201675415,
                    0.20126789808273315,
                    0.1777144968509674,
                    0.716390073299408
                ],
                [
                    0.2684980630874634,
                    0.7220811247825623,
                    0.6375795006752014,
                    2.5701651573181152
                ],
                [
                    0.0,
                    0.6618836522102356,
                    -0.7496065497398376,
                    -3.0217607021331787
                ],
                [
                    0.0,
                    0.0,
                    0.0,
                    1.0
                ]
            ]
        },
        {
            "file_path": "/data/shapenet_blender/all_50_random/02958343/a8f2c3adc0671c15c64e95fc6a597455/r_3",
            "rotation": 0.12566370614359174,
            "transform_matrix": [
                [
                    0.49407365918159485,
                    -0.7211222052574158,
                    -0.4856685698032379,
                    -1.9577926397323608
                ],
                [
                    -0.8694201707839966,
                    -0.4097989499568939,
                    -0.27599549293518066,
                    -1.1125733852386475
                ],
                [
                    1.4901162970204496e-08,
                    0.558612048625946,
                    -0.829429030418396,
                    -3.3435354232788086
                ],
                [
                    0.0,
                    0.0,
                    0.0,
                    1.0
                ]
            ]
        },
        {
            "file_path": "/data/shapenet_blender/all_50_random/02958343/a8f2c3adc0671c15c64e95fc6a597455/r_4",
            "rotation": 0.12566370614359174,
            "transform_matrix": [
                [
                    -0.3285078704357147,
                    -0.5016397833824158,
                    -0.8002749085426331,
                    -3.2260115146636963
                ],
                [
                    -0.9445013403892517,
                    0.1744757741689682,
                    0.2783443033695221,
                    1.122041940689087
                ],
                [
                    0.0,
                    0.8472988605499268,
                    -0.5311160683631897,
                    -2.1409976482391357
                ],
                [
                    0.0,
                    0.0,
                    0.0,
                    1.0
                ]
            ]
        },
        {
            "file_path": "/data/shapenet_blender/all_50_random/02958343/a8f2c3adc0671c15c64e95fc6a597455/r_5",
            "rotation": 0.12566370614359174,
            "transform_matrix": [
                [
                    0.9305598139762878,
                    0.05800560116767883,
                    0.36151590943336487,
                    1.4573173522949219
                ],
                [
                    0.36613988876342773,
                    -0.147423654794693,
                    -0.9188078045845032,
                    -3.7038328647613525
                ],
                [
                    -3.7252898543727042e-09,
                    0.9873711466789246,
                    -0.15842466056346893,
                    -0.6386302709579468
                ],
                [
                    0.0,
                    0.0,
                    0.0,
                    1.0
                ]
            ]
        },
        {
            "file_path": "/data/shapenet_blender/all_50_random/02958343/a8f2c3adc0671c15c64e95fc6a597455/r_6",
            "rotation": 0.12566370614359174,
            "transform_matrix": [
                [
                    0.6905772686004639,
                    0.5683684349060059,
                    0.4472810626029968,
                    1.8030476570129395
                ],
                [
                    0.7232586145401001,
                    -0.5426859855651855,
                    -0.42707008123397827,
                    -1.7215745449066162
                ],
                [
                    1.4901161193847656e-08,
                    0.6184247136116028,
                    -0.7858439683914185,
                    -3.1678383350372314
                ],
                [
                    0.0,
                    0.0,
                    0.0,
                    1.0
                ]
            ]
        },
        {
            "file_path": "/data/shapenet_blender/all_50_random/02958343/a8f2c3adc0671c15c64e95fc6a597455/r_7",
            "rotation": 0.12566370614359174,
            "transform_matrix": [
                [
                    0.6856646537780762,
                    -0.10024958103895187,
                    -0.7209811806678772,
                    -2.9063682556152344
                ],
                [
                    -0.727917492389679,
                    -0.09443046897649765,
                    -0.6791309118270874,
                    -2.7376644611358643
                ],
                [
                    0.0,
                    0.9904710650444031,
                    -0.13772104680538177,
                    -0.5551713705062866
                ],
                [
                    0.0,
                    0.0,
                    0.0,
                    1.0
                ]
            ]
        },
        {
            "file_path": "/data/shapenet_blender/all_50_random/02958343/a8f2c3adc0671c15c64e95fc6a597455/r_8",
            "rotation": 0.12566370614359174,
            "transform_matrix": [
                [
                    0.7662875652313232,
                    -0.16243940591812134,
                    -0.6216242909431458,
                    -2.505847692489624
                ],
                [
                    -0.642497718334198,
                    -0.19373655319213867,
                    -0.7413924336433411,
                    -2.9886484146118164
                ],
                [
                    -7.450580152834618e-09,
                    0.9675120115280151,
                    -0.2528248429298401,
                    -1.019169569015503
                ],
                [
                    0.0,
                    0.0,
                    0.0,
                    1.0
                ]
            ]
        },
        {
            "file_path": "/data/shapenet_blender/all_50_random/02958343/a8f2c3adc0671c15c64e95fc6a597455/r_9",
            "rotation": 0.12566370614359174,
            "transform_matrix": [
                [
                    -0.2985169291496277,
                    -0.011936095543205738,
                    0.9543297290802002,
                    3.8470261096954346
                ],
                [
                    0.954404354095459,
                    -0.003733350895345211,
                    0.29849356412887573,
                    1.2032660245895386
                ],
                [
                    0.0,
                    0.9999217391014099,
                    0.012506330385804176,
                    0.05041462928056717
                ],
                [
                    0.0,
                    0.0,
                    0.0,
                    1.0
                ]
            ]
        },
        {
            "file_path": "/data/shapenet_blender/all_50_random/02958343/a8f2c3adc0671c15c64e95fc6a597455/r_10",
            "rotation": 0.12566370614359174,
            "transform_matrix": [
                [
                    -0.5454395413398743,
                    0.6203497648239136,
                    0.5636149644851685,
                    2.2720046043395996
                ],
                [
                    0.8381500840187073,
                    0.4037024974822998,
                    0.36678144335746765,
                    1.4785432815551758
                ],
                [
                    1.4901160305669237e-08,
                    0.6724510788917542,
                    -0.7401415705680847,
                    -2.9836061000823975
                ],
                [
                    0.0,
                    0.0,
                    0.0,
                    1.0
                ]
            ]
        },
        {
            "file_path": "/data/shapenet_blender/all_50_random/02958343/a8f2c3adc0671c15c64e95fc6a597455/r_11",
            "rotation": 0.12566370614359174,
            "transform_matrix": [
                [
                    0.9677141904830933,
                    -0.12936124205589294,
                    0.216321662068367,
                    0.8720206022262573
                ],
                [
                    0.2520504295825958,
                    0.496665358543396,
                    -0.8305383920669556,
                    -3.3480076789855957
                ],
                [
                    7.450581485102248e-09,
                    0.8582477569580078,
                    0.5132355093955994,
                    2.0689187049865723
                ],
                [
                    0.0,
                    0.0,
                    0.0,
                    1.0
                ]
            ]
        },
        {
            "file_path": "/data/shapenet_blender/all_50_random/02958343/a8f2c3adc0671c15c64e95fc6a597455/r_12",
            "rotation": 0.12566370614359174,
            "transform_matrix": [
                [
                    -0.06435026228427887,
                    -0.3561938405036926,
                    -0.9321935772895813,
                    -3.7577927112579346
                ],
                [
                    -0.9979273676872253,
                    0.022968774661421776,
                    0.06011149287223816,
                    0.24231719970703125
                ],
                [
                    1.8626450382086546e-09,
                    0.9341297149658203,
                    -0.3569336235523224,
                    -1.4388456344604492
                ],
                [
                    0.0,
                    0.0,
                    0.0,
                    1.0
                ]
            ]
        },
        {
            "file_path": "/data/shapenet_blender/all_50_random/02958343/a8f2c3adc0671c15c64e95fc6a597455/r_13",
            "rotation": 0.12566370614359174,
            "transform_matrix": [
                [
                    -0.7510155439376831,
                    -0.2581976354122162,
                    -0.6077085733413696,
                    -2.449751853942871
                ],
                [
                    -0.660284698009491,
                    0.2936770021915436,
                    0.6912147998809814,
                    2.7863762378692627
                ],
                [
                    0.0,
                    0.9203737378120422,
                    -0.3910398483276367,
                    -1.5763322114944458
                ],
                [
                    0.0,
                    0.0,
                    0.0,
                    1.0
                ]
            ]
        },
        {
            "file_path": "/data/shapenet_blender/all_50_random/02958343/a8f2c3adc0671c15c64e95fc6a597455/r_14",
            "rotation": 0.12566370614359174,
            "transform_matrix": [
                [
                    0.4207090735435486,
                    0.7270451188087463,
                    0.5425947308540344,
                    2.187269449234009
                ],
                [
                    0.9071956872940063,
                    -0.33716484904289246,
                    -0.251626580953598,
                    -1.0143393278121948
                ],
                [
                    0.0,
                    0.5981011986732483,
                    -0.8014205694198608,
                    -3.2306299209594727
                ],
                [
                    0.0,
                    0.0,
                    0.0,
                    1.0
                ]
            ]
        },
        {
            "file_path": "/data/shapenet_blender/all_50_random/02958343/a8f2c3adc0671c15c64e95fc6a597455/r_15",
            "rotation": 0.12566370614359174,
            "transform_matrix": [
                [
                    0.5364677309989929,
                    0.6926707625389099,
                    -0.4820886254310608,
                    -1.943361520767212
                ],
                [
                    -0.8439209461212158,
                    0.44032031297683716,
                    -0.30645644664764404,
                    -1.235365629196167
                ],
                [
                    -1.4901162970204496e-08,
                    0.5712485909461975,
                    0.8207769393920898,
                    3.3086578845977783
                ],
                [
                    0.0,
                    0.0,
                    0.0,
                    1.0
                ]
            ]
        },
        {
            "file_path": "/data/shapenet_blender/all_50_random/02958343/a8f2c3adc0671c15c64e95fc6a597455/r_16",
            "rotation": 0.12566370614359174,
            "transform_matrix": [
                [
                    -0.7559528946876526,
                    0.031116358935832977,
                    0.653886079788208,
                    2.6358988285064697
                ],
                [
                    0.6546258926391602,
                    0.035932738333940506,
                    0.7550985217094421,
                    3.0438990592956543
                ],
                [
                    -1.8626450382086546e-09,
                    0.9988695979118347,
                    -0.04753304645419121,
                    -0.19161181151866913
                ],
                [
                    0.0,
                    0.0,
                    0.0,
                    1.0
                ]
            ]
        },
        {
            "file_path": "/data/shapenet_blender/all_50_random/02958343/a8f2c3adc0671c15c64e95fc6a597455/r_17",
            "rotation": 0.12566370614359174,
            "transform_matrix": [
                [
                    0.9746131300926208,
                    -0.15807107090950012,
                    -0.1585649996995926,
                    -0.6391960382461548
                ],
                [
                    -0.2238958179950714,
                    -0.6880796551704407,
                    -0.6902296543121338,
                    -2.782404899597168
                ],
                [
                    -7.450580596923828e-09,
                    0.7082089185714722,
                    -0.7060028314590454,
                    -2.8459887504577637
                ],
                [
                    0.0,
                    0.0,
                    0.0,
                    1.0
                ]
            ]
        },
        {
            "file_path": "/data/shapenet_blender/all_50_random/02958343/a8f2c3adc0671c15c64e95fc6a597455/r_18",
            "rotation": 0.12566370614359174,
            "transform_matrix": [
                [
                    -0.1737094670534134,
                    0.2875376045703888,
                    0.9418848752975464,
                    3.7968592643737793
                ],
                [
                    0.9847968816757202,
                    0.050719089806079865,
                    0.16614016890525818,
                    0.6697324514389038
                ],
                [
                    3.725290076417309e-09,
                    0.9564254879951477,
                    -0.29197654128074646,
                    -1.176995038986206
                ],
                [
                    0.0,
                    0.0,
                    0.0,
                    1.0
                ]
            ]
        },
        {
            "file_path": "/data/shapenet_blender/all_50_random/02958343/a8f2c3adc0671c15c64e95fc6a597455/r_19",
            "rotation": 0.12566370614359174,
            "transform_matrix": [
                [
                    -0.7506264448165894,
                    -0.253028929233551,
                    0.6103575229644775,
                    2.4604299068450928
                ],
                [
                    0.66072678565979,
                    -0.2874564826488495,
                    0.6934037804603577,
                    2.7952001094818115
                ],
                [
                    1.4901161193847656e-08,
                    0.9237667918205261,
                    0.3829554319381714,
                    1.5437427759170532
                ],
                [
                    0.0,
                    0.0,
                    0.0,
                    1.0
                ]
            ]
        },
        {
            "file_path": "/data/shapenet_blender/all_50_random/02958343/a8f2c3adc0671c15c64e95fc6a597455/r_20",
            "rotation": 0.12566370614359174,
            "transform_matrix": [
                [
                    0.9410005211830139,
                    -0.0673205778002739,
                    -0.3316413164138794,
                    -1.3368890285491943
                ],
                [
                    -0.33840516209602356,
                    -0.18719780445098877,
                    -0.9221924543380737,
                    -3.7174768447875977
                ],
                [
                    0.0,
                    0.980012834072113,
                    -0.19893485307693481,
                    -0.8019320964813232
                ],
                [
                    0.0,
                    0.0,
                    0.0,
                    1.0
                ]
            ]
        },
        {
            "file_path": "/data/shapenet_blender/all_50_random/02958343/a8f2c3adc0671c15c64e95fc6a597455/r_21",
            "rotation": 0.12566370614359174,
            "transform_matrix": [
                [
                    -0.7279262542724609,
                    -0.5012752413749695,
                    -0.4678102731704712,
                    -1.8858035802841187
                ],
                [
                    -0.6856553554534912,
                    0.532179057598114,
                    0.49665093421936035,
                    2.0020639896392822
                ],
                [
                    1.4901161193847656e-08,
                    0.6822819709777832,
                    -0.7310891151428223,
                    -2.9471144676208496
                ],
                [
                    0.0,
                    0.0,
                    0.0,
                    1.0
                ]
            ]
        },
        {
            "file_path": "/data/shapenet_blender/all_50_random/02958343/a8f2c3adc0671c15c64e95fc6a597455/r_22",
            "rotation": 0.12566370614359174,
            "transform_matrix": [
                [
                    0.40792569518089294,
                    0.26558369398117065,
                    -0.8735341429710388,
                    -3.5213286876678467
                ],
                [
                    -0.9130150675773621,
                    0.11866004765033722,
                    -0.39028602838516235,
                    -1.5732932090759277
                ],
                [
                    0.0,
                    0.9567575454711914,
                    0.29088640213012695,
                    1.1726006269454956
                ],
                [
                    0.0,
                    0.0,
                    0.0,
                    1.0
                ]
            ]
        },
        {
            "file_path": "/data/shapenet_blender/all_50_random/02958343/a8f2c3adc0671c15c64e95fc6a597455/r_23",
            "rotation": 0.12566370614359174,
            "transform_matrix": [
                [
                    -0.7527796626091003,
                    0.26371368765830994,
                    -0.6031399965286255,
                    -2.431335210800171
                ],
                [
                    -0.6582725644111633,
                    -0.30157461762428284,
                    0.689731776714325,
                    2.780397653579712
                ],
                [
                    0.0,
                    0.9162465333938599,
                    0.40061473846435547,
                    1.6149296760559082
                ],
                [
                    0.0,
                    0.0,
                    0.0,
                    1.0
                ]
            ]
        },
        {
            "file_path": "/data/shapenet_blender/all_50_random/02958343/a8f2c3adc0671c15c64e95fc6a597455/r_24",
            "rotation": 0.12566370614359174,
            "transform_matrix": [
                [
                    -0.19231627881526947,
                    -0.9053294062614441,
                    -0.3786728084087372,
                    -1.5264790058135986
                ],
                [
                    -0.9813330173492432,
                    0.17742149531841278,
                    0.07421021908521652,
                    0.2991510033607483
                ],
                [
                    0.0,
                    0.38587597012519836,
                    -0.922550618648529,
                    -3.7189207077026367
                ],
                [
                    0.0,
                    0.0,
                    0.0,
                    1.0
                ]
            ]
        },
        {
            "file_path": "/data/shapenet_blender/all_50_random/02958343/a8f2c3adc0671c15c64e95fc6a597455/r_25",
            "rotation": 0.12566370614359174,
            "transform_matrix": [
                [
                    0.9783657193183899,
                    0.024539634585380554,
                    -0.20542249083518982,
                    -0.8280845880508423
                ],
                [
                    -0.20688307285308838,
                    0.11604979634284973,
                    -0.9714585542678833,
                    -3.9160749912261963
                ],
                [
                    0.0,
                    0.9929402470588684,
                    0.11861596256494522,
                    0.47815626859664917
                ],
                [
                    0.0,
                    0.0,
                    0.0,
                    1.0
                ]
            ]
        },
        {
            "file_path": "/data/shapenet_blender/all_50_random/02958343/a8f2c3adc0671c15c64e95fc6a597455/r_26",
            "rotation": 0.12566370614359174,
            "transform_matrix": [
                [
                    -0.9675692915916443,
                    0.08843143284320831,
                    -0.23662123084068298,
                    -0.9538506865501404
                ],
                [
                    -0.2526058852672577,
                    -0.33872348070144653,
                    0.9063424468040466,
                    3.653583288192749
                ],
                [
                    -7.450580596923828e-09,
                    0.9367210268974304,
                    0.35007670521736145,
                    1.4112043380737305
                ],
                [
                    0.0,
                    0.0,
                    0.0,
                    1.0
                ]
            ]
        },
        {
            "file_path": "/data/shapenet_blender/all_50_random/02958343/a8f2c3adc0671c15c64e95fc6a597455/r_27",
            "rotation": 0.12566370614359174,
            "transform_matrix": [
                [
                    0.9899155497550964,
                    0.07738834619522095,
                    -0.11865201592445374,
                    -0.4783015847206116
                ],
                [
                    -0.1416589617729187,
                    0.5407912731170654,
                    -0.8291425704956055,
                    -3.3423805236816406
                ],
                [
                    0.0,
                    0.8375891447067261,
                    0.5463005304336548,
                    2.2022078037261963
                ],
                [
                    0.0,
                    0.0,
                    0.0,
                    1.0
                ]
            ]
        },
        {
            "file_path": "/data/shapenet_blender/all_50_random/02958343/a8f2c3adc0671c15c64e95fc6a597455/r_28",
            "rotation": 0.12566370614359174,
            "transform_matrix": [
                [
                    0.9402951002120972,
                    -0.017664710059762,
                    -0.3399015963077545,
                    -1.3701872825622559
                ],
                [
                    -0.3403603136539459,
                    -0.04880134388804436,
                    -0.9390277862548828,
                    -3.785342216491699
                ],
                [
                    -1.862645149230957e-09,
                    0.9986522197723389,
                    -0.05190002918243408,
                    -0.20921573042869568
                ],
                [
                    0.0,
                    0.0,
                    0.0,
                    1.0
                ]
            ]
        },
        {
            "file_path": "/data/shapenet_blender/all_50_random/02958343/a8f2c3adc0671c15c64e95fc6a597455/r_29",
            "rotation": 0.12566370614359174,
            "transform_matrix": [
                [
                    -0.3210417330265045,
                    -0.737358570098877,
                    -0.5943353772163391,
                    -2.3958425521850586
                ],
                [
                    -0.9470651149749756,
                    0.24995416402816772,
                    0.20147129893302917,
                    0.8121567964553833
                ],
                [
                    0.0,
                    0.6275548934936523,
                    -0.7785722017288208,
                    -3.1385250091552734
                ],
                [
                    0.0,
                    0.0,
                    0.0,
                    1.0
                ]
            ]
        },
        {
            "file_path": "/data/shapenet_blender/all_50_random/02958343/a8f2c3adc0671c15c64e95fc6a597455/r_30",
            "rotation": 0.12566370614359174,
            "transform_matrix": [
                [
                    0.062490906566381454,
                    0.8658846616744995,
                    -0.4963251054286957,
                    -2.0007505416870117
                ],
                [
                    -0.9980456233024597,
                    0.05421587824821472,
                    -0.031076543033123016,
                    -0.12527355551719666
                ],
                [
                    0.0,
                    0.49729692935943604,
                    0.8675802946090698,
                    3.497328042984009
                ],
                [
                    0.0,
                    0.0,
                    0.0,
                    1.0
                ]
            ]
        },
        {
            "file_path": "/data/shapenet_blender/all_50_random/02958343/a8f2c3adc0671c15c64e95fc6a597455/r_31",
            "rotation": 0.12566370614359174,
            "transform_matrix": [
                [
                    -0.9999977350234985,
                    -0.0006114089046604931,
                    0.002069328213110566,
                    0.008341729640960693
                ],
                [
                    0.002157763112336397,
                    -0.28335246443748474,
                    0.9590132832527161,
                    3.8659064769744873
                ],
                [
                    5.820766785236131e-11,
                    0.9590156078338623,
                    0.2833530902862549,
                    1.1422330141067505
                ],
                [
                    0.0,
                    0.0,
                    0.0,
                    1.0
                ]
            ]
        },
        {
            "file_path": "/data/shapenet_blender/all_50_random/02958343/a8f2c3adc0671c15c64e95fc6a597455/r_32",
            "rotation": 0.12566370614359174,
            "transform_matrix": [
                [
                    0.5987521409988403,
                    -0.06419900804758072,
                    0.7983573079109192,
                    3.2182812690734863
                ],
                [
                    0.800934374332428,
                    0.04799306020140648,
                    -0.5968255996704102,
                    -2.405880928039551
                ],
                [
                    3.725290298461914e-09,
                    0.9967823624610901,
                    0.080155149102211,
                    0.323115736246109
                ],
                [
                    0.0,
                    0.0,
                    0.0,
                    1.0
                ]
            ]
        },
        {
            "file_path": "/data/shapenet_blender/all_50_random/02958343/a8f2c3adc0671c15c64e95fc6a597455/r_33",
            "rotation": 0.12566370614359174,
            "transform_matrix": [
                [
                    0.49431511759757996,
                    0.0921826958656311,
                    0.8643812537193298,
                    3.4844322204589844
                ],
                [
                    0.8692829012870789,
                    -0.05241941288113594,
                    -0.49152782559394836,
                    -1.9814120531082153
                ],
                [
                    -3.725290742551124e-09,
                    0.9943612813949585,
                    -0.10604454576969147,
                    -0.42747923731803894
                ],
                [
                    0.0,
                    0.0,
                    0.0,
                    1.0
                ]
            ]
        },
        {
            "file_path": "/data/shapenet_blender/all_50_random/02958343/a8f2c3adc0671c15c64e95fc6a597455/r_34",
            "rotation": 0.12566370614359174,
            "transform_matrix": [
                [
                    -0.12359799444675446,
                    0.2707749605178833,
                    0.9546750783920288,
                    3.8484182357788086
                ],
                [
                    0.992332398891449,
                    0.03372584283351898,
                    0.11890766769647598,
                    0.4793321490287781
                ],
                [
                    -3.725290298461914e-09,
                    0.9620516896247864,
                    -0.27286723256111145,
                    -1.0999629497528076
                ],
                [
                    0.0,
                    0.0,
                    0.0,
                    1.0
                ]
            ]
        },
        {
            "file_path": "/data/shapenet_blender/all_50_random/02958343/a8f2c3adc0671c15c64e95fc6a597455/r_35",
            "rotation": 0.12566370614359174,
            "transform_matrix": [
                [
                    -0.10757017880678177,
                    0.10999126732349396,
                    -0.9880943894386292,
                    -3.983135938644409
                ],
                [
                    -0.9941974878311157,
                    -0.011900835670530796,
                    0.10690983384847641,
                    0.4309673309326172
                ],
                [
                    -9.313225746154785e-10,
                    0.9938613176345825,
                    0.11063321679830551,
                    0.44597676396369934
                ],
                [
                    0.0,
                    0.0,
                    0.0,
                    1.0
                ]
            ]
        },
        {
            "file_path": "/data/shapenet_blender/all_50_random/02958343/a8f2c3adc0671c15c64e95fc6a597455/r_36",
            "rotation": 0.12566370614359174,
            "transform_matrix": [
                [
                    0.2856254279613495,
                    0.08043287694454193,
                    0.9549599885940552,
                    3.849567174911499
                ],
                [
                    0.9583413600921631,
                    -0.02397233061492443,
                    -0.2846176326274872,
                    -1.1473305225372314
                ],
                [
                    1.862645149230957e-09,
                    0.9964717030525208,
                    -0.08392925560474396,
                    -0.3383296728134155
                ],
                [
                    0.0,
                    0.0,
                    0.0,
                    1.0
                ]
            ]
        },
        {
            "file_path": "/data/shapenet_blender/all_50_random/02958343/a8f2c3adc0671c15c64e95fc6a597455/r_37",
            "rotation": 0.12566370614359174,
            "transform_matrix": [
                [
                    0.4379037618637085,
                    -0.4423615038394928,
                    -0.7826599478721619,
                    -3.155003070831299
                ],
                [
                    -0.8990218639373779,
                    -0.21546947956085205,
                    -0.3812251389026642,
                    -1.5367677211761475
                ],
                [
                    0.0,
                    0.8705684542655945,
                    -0.4920474886894226,
                    -1.9835069179534912
                ],
                [
                    0.0,
                    0.0,
                    0.0,
                    1.0
                ]
            ]
        },
        {
            "file_path": "/data/shapenet_blender/all_50_random/02958343/a8f2c3adc0671c15c64e95fc6a597455/r_38",
            "rotation": 0.12566370614359174,
            "transform_matrix": [
                [
                    -0.3635913133621216,
                    -0.06324783712625504,
                    -0.9294089078903198,
                    -3.746567487716675
                ],
                [
                    -0.9315586090087891,
                    0.024685902521014214,
                    0.3627522587776184,
                    1.462301254272461
                ],
                [
                    0.0,
                    0.9976924657821655,
                    -0.06789463758468628,
                    -0.2736920714378357
                ],
                [
                    0.0,
                    0.0,
                    0.0,
                    1.0
                ]
            ]
        },
        {
            "file_path": "/data/shapenet_blender/all_50_random/02958343/a8f2c3adc0671c15c64e95fc6a597455/r_39",
            "rotation": 0.12566370614359174,
            "transform_matrix": [
                [
                    -0.38689517974853516,
                    -0.7316049337387085,
                    0.5613074898719788,
                    2.2627031803131104
                ],
                [
                    0.9221237897872925,
                    -0.30695924162864685,
                    0.23550760746002197,
                    0.9493615627288818
                ],
                [
                    0.0,
                    0.6087117195129395,
                    0.7933912873268127,
                    3.198262929916382
                ],
                [
                    0.0,
                    0.0,
                    0.0,
                    1.0
                ]
            ]
        },
        {
            "file_path": "/data/shapenet_blender/all_50_random/02958343/a8f2c3adc0671c15c64e95fc6a597455/r_40",
            "rotation": 0.12566370614359174,
            "transform_matrix": [
                [
                    0.9999800324440002,
                    0.003494744189083576,
                    0.005281384568661451,
                    0.021289944648742676
                ],
                [
                    0.006332950666546822,
                    -0.5518239736557007,
                    -0.8339365124702454,
                    -3.361705780029297
                ],
                [
                    0.0,
                    0.8339532613754272,
                    -0.5518350005149841,
                    -2.224518299102783
                ],
                [
                    0.0,
                    0.0,
                    0.0,
                    1.0
                ]
            ]
        },
        {
            "file_path": "/data/shapenet_blender/all_50_random/02958343/a8f2c3adc0671c15c64e95fc6a597455/r_41",
            "rotation": 0.12566370614359174,
            "transform_matrix": [
                [
                    -0.48225951194763184,
                    0.4145044684410095,
                    0.7717588543891907,
                    3.1110596656799316
                ],
                [
                    0.8760285377502441,
                    0.2281874716281891,
                    0.4248583912849426,
