{
    "class": "02958343",
    "model": "a19d008c68e9c942a78cb4f1b66f009e",
    "remove_doubles": true,
    "edge_split": true,
    "denoise": true,
    "camera_angle_x": 0.6911112070083618,
    "scale_factor": 2.676182995793325,
    "hdri_file": "/data/IndoorHDRDataset2018/9C4A3058-88110e8439.exr",
    "center_offset": [
        0.0,
        0.0,
        -3.725290298461914e-09
    ],
    "lights": [],
    "frames": [
        {
            "file_path": "/data/shapenet_blender/all_50_random/02958343/a19d008c68e9c942a78cb4f1b66f009e/r_0",
            "rotation": 0.12566370614359174,
            "transform_matrix": [
                [
                    0.08666784316301346,
                    0.9739691019058228,
                    -0.20945879817008972,
                    -0.8443554043769836
                ],
                [
                    -0.9962372183799744,
                    0.08473062515258789,
                    -0.018221907317638397,
                    -0.0734548568725586
                ],
                [
                    0.0,
                    0.21024984121322632,
                    0.9776476621627808,
                    3.941023826599121
                ],
                [
                    0.0,
                    0.0,
                    0.0,
                    1.0
                ]
            ]
        },
        {
            "file_path": "/data/shapenet_blender/all_50_random/02958343/a19d008c68e9c942a78cb4f1b66f009e/r_1",
            "rotation": 0.12566370614359174,
            "transform_matrix": [
                [
                    -0.9999603033065796,
                    -0.000752526568248868,
                    0.008882337249815464,
                    0.035805851221084595
                ],
                [
                    0.008914158679544926,
                    -0.08441589027643204,
                    0.996390700340271,
                    4.016579627990723
                ],
                [
                    -5.820766091346741e-11,
                    0.9964303374290466,
                    0.08441924303770065,
                    0.3403048813343048
                ],
                [
                    0.0,
                    0.0,
                    0.0,
                    1.0
                ]
            ]
        },
        {
            "file_path": "/data/shapenet_blender/all_50_random/02958343/a19d008c68e9c942a78cb4f1b66f009e/r_2",
            "rotation": 0.12566370614359174,
            "transform_matrix": [
                [
                    0.8709713816642761,
                    -0.18946169316768646,
                    0.45333561301231384,
                    1.8274543285369873
                ],
                [
                    0.49133384227752686,
                    0.3358525037765503,
                    -0.8036131858825684,
                    -3.2394683361053467
                ],
                [
                    1.4901161193847656e-08,
                    0.922663152217865,
                    0.38560688495635986,
                    1.5544310808181763
                ],
                [
                    0.0,
                    0.0,
                    0.0,
                    1.0
                ]
            ]
        },
        {
            "file_path": "/data/shapenet_blender/all_50_random/02958343/a19d008c68e9c942a78cb4f1b66f009e/r_3",
            "rotation": 0.12566370614359174,
            "transform_matrix": [
                [
                    0.966424822807312,
                    -0.22045759856700897,
                    -0.13199058175086975,
                    -0.5320711135864258
                ],
                [
                    -0.2569495141506195,
                    -0.8291732668876648,
                    -0.49643591046333313,
                    -2.001197338104248
                ],
                [
                    0.0,
                    0.5136829614639282,
                    -0.8579800128936768,
                    -3.4586284160614014
                ],
                [
                    0.0,
                    0.0,
                    0.0,
                    1.0
                ]
            ]
        },
        {
            "file_path": "/data/shapenet_blender/all_50_random/02958343/a19d008c68e9c942a78cb4f1b66f009e/r_4",
            "rotation": 0.12566370614359174,
            "transform_matrix": [
                [
                    -0.4185974895954132,
                    -0.46022847294807434,
                    0.7829213738441467,
                    3.156057119369507
                ],
                [
                    0.9081718325614929,
                    -0.21212999522686005,
                    0.3608666658401489,
                    1.4547001123428345
                ],
                [
                    -1.4901159417490817e-08,
                    0.8620851039886475,
                    0.5067636370658875,
                    2.0428295135498047
                ],
                [
                    0.0,
                    0.0,
                    0.0,
                    1.0
                ]
            ]
        },
        {
            "file_path": "/data/shapenet_blender/all_50_random/02958343/a19d008c68e9c942a78cb4f1b66f009e/r_5",
            "rotation": 0.12566370614359174,
            "transform_matrix": [
                [
                    0.9987067580223083,
                    -0.00041991425678133965,
                    0.050840552896261215,
                    0.20494481921195984
                ],
                [
                    0.0508422926068306,
                    0.008248471654951572,
                    -0.998672604560852,
                    -4.025777816772461
                ],
                [
                    0.0,
                    0.9999659061431885,
                    0.008259152993559837,
                    0.0332937091588974
                ],
                [
                    0.0,
                    0.0,
                    0.0,
                    1.0
                ]
            ]
        },
        {
            "file_path": "/data/shapenet_blender/all_50_random/02958343/a19d008c68e9c942a78cb4f1b66f009e/r_6",
            "rotation": 0.12566370614359174,
            "transform_matrix": [
                [
                    -0.24019308388233185,
                    -0.26874104142189026,
                    0.9327837228775024,
                    3.760171413421631
                ],
                [
                    0.9707251787185669,
                    -0.06649641692638397,
                    0.23080497980117798,
                    0.9304046034812927
                ],
                [
                    7.450580596923828e-09,
                    0.9609143137931824,
                    0.27684569358825684,
                    1.1160006523132324
                ],
                [
                    0.0,
                    0.0,
                    0.0,
                    1.0
                ]
            ]
        },
        {
            "file_path": "/data/shapenet_blender/all_50_random/02958343/a19d008c68e9c942a78cb4f1b66f009e/r_7",
            "rotation": 0.12566370614359174,
            "transform_matrix": [
                [
                    -0.05171089246869087,
                    0.47194942831993103,
                    -0.8801077008247375,
                    -3.547827959060669
                ],
                [
                    -0.9986621141433716,
                    -0.024437621235847473,
                    0.04557212069630623,
                    0.1837071031332016
                ],
                [
                    -1.862645371275562e-09,
                    0.8812868595123291,
                    0.4725816249847412,
                    1.9050376415252686
                ],
                [
                    0.0,
                    0.0,
                    0.0,
                    1.0
                ]
            ]
        },
        {
            "file_path": "/data/shapenet_blender/all_50_random/02958343/a19d008c68e9c942a78cb4f1b66f009e/r_8",
            "rotation": 0.12566370614359174,
            "transform_matrix": [
                [
                    0.39445236325263977,
                    0.12207096070051193,
                    0.9107722640037537,
                    3.6714398860931396
                ],
                [
                    0.9189162850379944,
                    -0.05239997059106827,
                    -0.3909565210342407,
                    -1.575995922088623
                ],
                [
                    3.7252896323280993e-09,
                    0.9911370873451233,
                    -0.1328423172235489,
                    -0.5355044603347778
                ],
                [
                    0.0,
                    0.0,
                    0.0,
                    1.0
                ]
            ]
        },
        {
            "file_path": "/data/shapenet_blender/all_50_random/02958343/a19d008c68e9c942a78cb4f1b66f009e/r_9",
            "rotation": 0.12566370614359174,
            "transform_matrix": [
                [
                    -0.2136346995830536,
                    -0.7685471773147583,
                    0.6030715107917786,
                    2.4310593605041504
                ],
                [
                    0.9769136905670166,
                    -0.16806842386722565,
                    0.13188165426254272,
                    0.5316320061683655
                ],
                [
                    0.0,
                    0.6173232197761536,
                    0.7867094874382019,
                    3.171327590942383
                ],
                [
                    0.0,
                    0.0,
                    0.0,
                    1.0
                ]
            ]
        },
        {
            "file_path": "/data/shapenet_blender/all_50_random/02958343/a19d008c68e9c942a78cb4f1b66f009e/r_10",
            "rotation": 0.12566370614359174,
            "transform_matrix": [
                [
                    0.6686475276947021,
                    0.6906049251556396,
                    -0.27563580870628357,
                    -1.1111234426498413
                ],
                [
                    -0.7435793876647949,
                    0.6210114359855652,
                    -0.24785950779914856,
                    -0.9991536140441895
                ],
                [
                    0.0,
                    0.3706877827644348,
                    0.9287574887275696,
                    3.743941307067871
                ],
                [
                    0.0,
                    0.0,
                    0.0,
                    1.0
                ]
            ]
        },
        {
            "file_path": "/data/shapenet_blender/all_50_random/02958343/a19d008c68e9c942a78cb4f1b66f009e/r_11",
            "rotation": 0.12566370614359174,
            "transform_matrix": [
                [
                    -0.8635038733482361,
                    0.11121723055839539,
                    -0.4919265806674957,
                    -1.983019471168518
                ],
                [
                    -0.5043421387672424,
                    -0.19041936099529266,
                    0.8422466516494751,
                    3.395204782485962
                ],
                [
                    0.0,
                    0.9753826260566711,
                    0.22051939368247986,
                    0.8889421224594116
                ],
                [
                    0.0,
                    0.0,
                    0.0,
                    1.0
                ]
            ]
        },
        {
            "file_path": "/data/shapenet_blender/all_50_random/02958343/a19d008c68e9c942a78cb4f1b66f009e/r_12",
            "rotation": 0.12566370614359174,
            "transform_matrix": [
                [
                    0.8431146740913391,
                    -0.025561103597283363,
                    -0.5371260046958923,
                    -2.165224075317383
                ],
                [
                    -0.5377338528633118,
                    -0.0400773361325264,
                    -0.8421615958213806,
                    -3.394861936569214
                ],
                [
                    0.0,
                    0.9988694787025452,
                    -0.047534871846437454,
                    -0.19161920249462128
                ],
                [
                    0.0,
                    0.0,
                    0.0,
                    1.0
                ]
            ]
        },
        {
            "file_path": "/data/shapenet_blender/all_50_random/02958343/a19d008c68e9c942a78cb4f1b66f009e/r_13",
            "rotation": 0.12566370614359174,
            "transform_matrix": [
                [
                    0.5252059698104858,
                    0.6212443709373474,
                    -0.5815616846084595,
                    -2.3443503379821777
                ],
                [
                    -0.8509751558303833,
                    0.3834204077720642,
                    -0.35892897844314575,
                    -1.4468891620635986
                ],
                [
                    1.4901161193847656e-08,
                    0.6834062337875366,
                    0.7300382256507874,
                    2.942878484725952
                ],
                [
                    0.0,
                    0.0,
                    0.0,
                    1.0
                ]
            ]
        },
        {
            "file_path": "/data/shapenet_blender/all_50_random/02958343/a19d008c68e9c942a78cb4f1b66f009e/r_14",
            "rotation": 0.12566370614359174,
            "transform_matrix": [
                [
                    -0.8324520587921143,
                    0.33208802342414856,
                    0.44355520606040955,
                    1.7880282402038574
                ],
                [
                    0.5540972352027893,
                    0.498914897441864,
                    0.6663784384727478,
                    2.6862573623657227
                ],
                [
                    1.4901162970204496e-08,
                    0.8005006909370422,
                    -0.5993317365646362,
                    -2.4159834384918213
                ],
                [
                    0.0,
                    0.0,
                    0.0,
                    1.0
                ]
            ]
        },
        {
            "file_path": "/data/shapenet_blender/all_50_random/02958343/a19d008c68e9c942a78cb4f1b66f009e/r_15",
            "rotation": 0.12566370614359174,
            "transform_matrix": [
                [
                    -0.8203370571136475,
                    0.332462340593338,
                    -0.4653126895427704,
                    -1.8757355213165283
                ],
                [
                    -0.5718804001808167,
                    -0.47690248489379883,
                    0.6674703359603882,
                    2.690659284591675
                ],
                [
                    -1.4901162970204496e-08,
                    0.813653826713562,
                    0.5813494920730591,
                    2.3434948921203613
                ],
                [
                    0.0,
                    0.0,
                    0.0,
                    1.0
                ]
            ]
        },
        {
            "file_path": "/data/shapenet_blender/all_50_random/02958343/a19d008c68e9c942a78cb4f1b66f009e/r_16",
            "rotation": 0.12566370614359174,
            "transform_matrix": [
                [
                    0.8240002989768982,
                    -0.2558206617832184,
                    0.5055485367774963,
                    2.037931442260742
                ],
                [
                    0.56658935546875,
                    0.37204423546791077,
                    -0.7352275848388672,
                    -2.963797092437744
                ],
                [
                    -1.4901161193847656e-08,
                    0.8922661542892456,
                    0.4515097737312317,
                    1.820094108581543
                ],
                [
                    0.0,
                    0.0,
                    0.0,
                    1.0
                ]
            ]
        },
        {
            "file_path": "/data/shapenet_blender/all_50_random/02958343/a19d008c68e9c942a78cb4f1b66f009e/r_17",
            "rotation": 0.12566370614359174,
            "transform_matrix": [
                [
                    0.4440763294696808,
                    0.34859976172447205,
                    0.8253934979438782,
                    3.327267646789551
                ],
                [
                    0.8959888815879822,
                    -0.1727754771709442,
                    -0.4090873599052429,
                    -1.6490838527679443
                ],
                [
                    -1.4901160305669237e-08,
                    0.921209454536438,
                    -0.38906702399253845,
                    -1.568379282951355
                ],
                [
                    0.0,
                    0.0,
                    0.0,
                    1.0
                ]
            ]
        },
        {
            "file_path": "/data/shapenet_blender/all_50_random/02958343/a19d008c68e9c942a78cb4f1b66f009e/r_18",
            "rotation": 0.12566370614359174,
            "transform_matrix": [
                [
                    -0.3134578764438629,
                    0.051894038915634155,
                    0.9481831192970276,
                    3.8222482204437256
                ],
                [
                    0.9496021866798401,
                    0.01712990552186966,
                    0.3129894435405731,
                    1.2617007493972778
                ],
                [
                    0.0,
                    0.9985055923461914,
                    -0.05464819818735123,
                    -0.22029392421245575
                ],
                [
                    0.0,
                    0.0,
                    0.0,
                    1.0
                ]
            ]
        },
        {
            "file_path": "/data/shapenet_blender/all_50_random/02958343/a19d008c68e9c942a78cb4f1b66f009e/r_19",
            "rotation": 0.12566370614359174,
            "transform_matrix": [
                [
                    0.9645403027534485,
                    0.07074180245399475,
                    -0.2542782425880432,
                    -1.0250284671783447
                ],
                [
                    -0.26393526792526245,
                    0.2585229277610779,
                    -0.929249107837677,
                    -3.7459232807159424
                ],
                [
                    0.0,
                    0.9634115099906921,
                    0.2680269777774811,
                    1.0804513692855835
                ],
                [
                    0.0,
                    0.0,
                    0.0,
                    1.0
                ]
            ]
        },
        {
            "file_path": "/data/shapenet_blender/all_50_random/02958343/a19d008c68e9c942a78cb4f1b66f009e/r_20",
            "rotation": 0.12566370614359174,
            "transform_matrix": [
                [
                    -0.9733291268348694,
                    -0.14796555042266846,
                    0.17531871795654297,
                    0.7067323327064514
                ],
                [
                    0.22941330075263977,
                    -0.6277717351913452,
                    0.7438226342201233,
                    2.9984450340270996
                ],
                [
                    1.4901161193847656e-08,
                    0.7642046213150024,
                    0.6449737548828125,
                    2.5999724864959717
                ],
                [
                    0.0,
                    0.0,
                    0.0,
                    1.0
                ]
            ]
        },
        {
            "file_path": "/data/shapenet_blender/all_50_random/02958343/a19d008c68e9c942a78cb4f1b66f009e/r_21",
            "rotation": 0.12566370614359174,
            "transform_matrix": [
                [
                    0.8158992528915405,
                    -0.14768770337104797,
                    -0.5590141415596008,
                    -2.253458023071289
                ],
                [
                    -0.5781942009925842,
                    -0.2084045261144638,
                    -0.7888339757919312,
                    -3.179891586303711
                ],
                [
                    0.0,
                    0.9668278098106384,
                    -0.255429208278656,
                    -1.0296680927276611
                ],
                [
                    0.0,
                    0.0,
                    0.0,
                    1.0
                ]
            ]
        },
        {
            "file_path": "/data/shapenet_blender/all_50_random/02958343/a19d008c68e9c942a78cb4f1b66f009e/r_22",
            "rotation": 0.12566370614359174,
            "transform_matrix": [
                [
                    0.6707326173782349,
                    -0.03464263677597046,
                    0.7408897280693054,
                    2.9866223335266113
                ],
                [
                    0.7416993379592896,
                    0.0313279889523983,
                    -0.6700004935264587,
                    -2.7008585929870605
                ],
                [
                    -1.862645371275562e-09,
                    0.9989085793495178,
                    0.046707119792699814,
                    0.18828243017196655
                ],
                [
                    0.0,
                    0.0,
                    0.0,
                    1.0
                ]
            ]
        },
        {
            "file_path": "/data/shapenet_blender/all_50_random/02958343/a19d008c68e9c942a78cb4f1b66f009e/r_23",
            "rotation": 0.12566370614359174,
            "transform_matrix": [
                [
                    -0.3931761682033539,
                    -0.10931338369846344,
                    0.9129419326782227,
                    3.6801867485046387
                ],
                [
                    0.9194631576538086,
                    -0.046744026243686676,
                    0.39038756489753723,
                    1.5737025737762451
                ],
                [
                    -3.725290298461914e-09,
                    0.9929075837135315,
                    0.118888258934021,
                    0.479253888130188
                ],
                [
                    0.0,
                    0.0,
                    0.0,
                    1.0
                ]
            ]
        },
        {
            "file_path": "/data/shapenet_blender/all_50_random/02958343/a19d008c68e9c942a78cb4f1b66f009e/r_24",
            "rotation": 0.12566370614359174,
            "transform_matrix": [
                [
                    0.8395170569419861,
                    0.13321030139923096,
                    -0.5267506241798401,
                    -2.1233997344970703
                ],
                [
                    -0.5433334708213806,
                    0.20582632720470428,
                    -0.813894510269165,
                    -3.280913829803467
                ],
                [
                    1.4901164746561335e-08,
                    0.9694793820381165,
                    0.24517235159873962,
                    0.9883213639259338
                ],
                [
                    0.0,
                    0.0,
                    0.0,
                    1.0
                ]
            ]
        },
        {
            "file_path": "/data/shapenet_blender/all_50_random/02958343/a19d008c68e9c942a78cb4f1b66f009e/r_25",
            "rotation": 0.12566370614359174,
            "transform_matrix": [
                [
                    -0.9891789555549622,
                    0.0030338147189468145,
                    0.14668308198451996,
                    0.5912984609603882
                ],
                [
                    0.1467144787311554,
                    0.02045459859073162,
                    0.9889672994613647,
                    3.9866549968719482
                ],
                [
                    -2.3283067140944524e-10,
                    0.9997861385345459,
                    -0.020678358152508736,
                    -0.08335713297128677
                ],
                [
                    0.0,
                    0.0,
                    0.0,
                    1.0
                ]
            ]
        },
        {
            "file_path": "/data/shapenet_blender/all_50_random/02958343/a19d008c68e9c942a78cb4f1b66f009e/r_26",
            "rotation": 0.12566370614359174,
            "transform_matrix": [
                [
                    0.6340064406394958,
                    -0.011373651213943958,
                    0.7732441425323486,
                    3.11704683303833
                ],
                [
                    0.7733278274536133,
                    0.009324593469500542,
                    -0.6339377760887146,
                    -2.5554850101470947
                ],
                [
                    -4.656612873077393e-10,
                    0.9998918771743774,
                    0.014707411639392376,
                    0.05928747355937958
                ],
                [
                    0.0,
                    0.0,
                    0.0,
                    1.0
                ]
            ]
        },
        {
            "file_path": "/data/shapenet_blender/all_50_random/02958343/a19d008c68e9c942a78cb4f1b66f009e/r_27",
            "rotation": 0.12566370614359174,
            "transform_matrix": [
                [
                    -0.11169220507144928,
                    0.5482223629951477,
                    0.8288407921791077,
                    3.3411641120910645
                ],
                [
                    0.9937428832054138,
                    0.06161770969629288,
                    0.09315795451402664,
                    0.37553173303604126
                ],
                [
                    0.0,
                    0.8340595364570618,
                    -0.5516743063926697,
                    -2.223870277404785
                ],
                [
                    0.0,
                    0.0,
                    0.0,
                    1.0
                ]
            ]
        },
        {
            "file_path": "/data/shapenet_blender/all_50_random/02958343/a19d008c68e9c942a78cb4f1b66f009e/r_28",
            "rotation": 0.12566370614359174,
            "transform_matrix": [
                [
                    0.753847599029541,
                    -0.5844919681549072,
                    -0.3001382052898407,
                    -1.2098958492279053
                ],
                [
                    -0.6570494771003723,
                    -0.6706007122993469,
                    -0.3443552553653717,
                    -1.3881404399871826
                ],
                [
                    0.0,
                    0.4567970335483551,
                    -0.8895710110664368,
                    -3.585975408554077
                ],
                [
                    0.0,
                    0.0,
                    0.0,
                    1.0
                ]
            ]
        },
        {
            "file_path": "/data/shapenet_blender/all_50_random/02958343/a19d008c68e9c942a78cb4f1b66f009e/r_29",
            "rotation": 0.12566370614359174,
            "transform_matrix": [
                [
                    0.8507330417633057,
                    -0.26083019375801086,
                    0.45631223917007446,
                    1.8394534587860107
                ],
                [
                    0.5255979895591736,
                    0.42217981815338135,
                    -0.7385870814323425,
                    -2.977339744567871
                ],
                [
                    0.0,
                    0.8681771755218506,
                    0.49625420570373535,
                    2.000464677810669
                ],
                [
                    0.0,
                    0.0,
                    0.0,
                    1.0
                ]
            ]
        },
        {
            "file_path": "/data/shapenet_blender/all_50_random/02958343/a19d008c68e9c942a78cb4f1b66f009e/r_30",
            "rotation": 0.12566370614359174,
            "transform_matrix": [
                [
                    0.7997029423713684,
                    0.1283005028963089,
                    -0.5865272283554077,
                    -2.3643665313720703
                ],
                [
                    -0.6003957986831665,
                    0.17089107632637024,
                    -0.7812305688858032,
                    -3.149240732192993
                ],
                [
                    -7.4505792646561986e-09,
                    0.9769008159637451,
                    0.21369321644306183,
                    0.8614248037338257
                ],
                [
                    0.0,
                    0.0,
                    0.0,
                    1.0
                ]
            ]
        },
        {
            "file_path": "/data/shapenet_blender/all_50_random/02958343/a19d008c68e9c942a78cb4f1b66f009e/r_31",
            "rotation": 0.12566370614359174,
            "transform_matrix": [
                [
                    0.39960527420043945,
                    -0.6299231052398682,
                    -0.6659672856330872,
                    -2.684600353240967
                ],
                [
                    -0.9166873693466187,
                    -0.274598091840744,
                    -0.2903105914592743,
                    -1.1702795028686523
                ],
                [
                    0.0,
                    0.7264934778213501,
                    -0.6871733069419861,
                    -2.7700843811035156
                ],
                [
                    0.0,
                    0.0,
                    0.0,
                    1.0
                ]
            ]
        },
        {
            "file_path": "/data/shapenet_blender/all_50_random/02958343/a19d008c68e9c942a78cb4f1b66f009e/r_32",
            "rotation": 0.12566370614359174,
            "transform_matrix": [
                [
                    -0.9931459426879883,
                    0.008906538598239422,
                    0.11654138565063477,
                    0.4697933793067932
                ],
                [
                    0.11688124388456345,
                    0.07567931711673737,
                    0.9902582168579102,
                    3.991858720779419
                ],
                [
                    9.313225746154785e-10,
                    0.9970924854278564,
                    -0.07620160281658173,
                    -0.3071785271167755
                ],
                [
                    0.0,
                    0.0,
                    0.0,
                    1.0
                ]
            ]
        },
        {
            "file_path": "/data/shapenet_blender/all_50_random/02958343/a19d008c68e9c942a78cb4f1b66f009e/r_33",
            "rotation": 0.12566370614359174,
            "transform_matrix": [
                [
                    -0.9665088057518005,
                    -0.13366791605949402,
                    0.21907472610473633,
                    0.8831183910369873
                ],
                [
                    0.2566336989402771,
                    -0.5034071207046509,
                    0.8250579237937927,
                    3.3259143829345703
                ],
                [
                    7.450580596923828e-09,
                    0.8536475300788879,
                    0.5208511352539062,
                    2.0996177196502686
                ],
                [
                    0.0,
                    0.0,
                    0.0,
                    1.0
                ]
            ]
        },
        {
            "file_path": "/data/shapenet_blender/all_50_random/02958343/a19d008c68e9c942a78cb4f1b66f009e/r_34",
            "rotation": 0.12566370614359174,
            "transform_matrix": [
                [
                    0.537705659866333,
                    0.06922701001167297,
                    0.8402858376502991,
                    3.387300491333008
                ],
                [
                    0.8431326746940613,
                    -0.04414934292435646,
                    -0.5358901023864746,
                    -2.1602420806884766
                ],
                [
                    0.0,
                    0.9966235160827637,
                    -0.08210690319538116,
                    -0.3309835195541382
                ],
                [
                    0.0,
                    0.0,
                    0.0,
                    1.0
                ]
            ]
        },
        {
            "file_path": "/data/shapenet_blender/all_50_random/02958343/a19d008c68e9c942a78cb4f1b66f009e/r_35",
            "rotation": 0.12566370614359174,
            "transform_matrix": [
                [
                    0.978830873966217,
                    -0.02906275913119316,
                    -0.20259696245193481,
                    -0.8166944980621338
                ],
                [
                    -0.20467090606689453,
                    -0.1389915496110916,
                    -0.9689123630523682,
                    -3.905810594558716
                ],
                [
                    0.0,
                    0.9898670315742493,
                    -0.14199751615524292,
                    -0.5724102854728699
                ],
                [
                    0.0,
                    0.0,
                    0.0,
                    1.0
                ]
            ]
        },
        {
            "file_path": "/data/shapenet_blender/all_50_random/02958343/a19d008c68e9c942a78cb4f1b66f009e/r_36",
            "rotation": 0.12566370614359174,
            "transform_matrix": [
                [
                    0.906647801399231,
                    0.3393455743789673,
                    -0.2506679594516754,
                    -1.0104749202728271
                ],
                [
                    -0.4218885004520416,
                    0.7292612195014954,
                    -0.5386910438537598,
                    -2.1715331077575684
                ],
                [
                    0.0,
                    0.594156801700592,
                    0.8043491244316101,
                    3.2424349784851074
                ],
                [
                    0.0,
                    0.0,
                    0.0,
                    1.0
                ]
            ]
        },
        {
            "file_path": "/data/shapenet_blender/all_50_random/02958343/a19d008c68e9c942a78cb4f1b66f009e/r_37",
            "rotation": 0.12566370614359174,
            "transform_matrix": [
                [
                    0.7178119421005249,
                    -0.1824779361486435,
                    -0.671898603439331,
                    -2.708509922027588
                ],
                [
                    -0.6962369084358215,
                    -0.18813255429267883,
                    -0.6927193999290466,
                    -2.7924411296844482
                ],
                [
                    0.0,
                    0.9650429487228394,
                    -0.2620916962623596,
                    -1.056525468826294
                ],
                [
                    0.0,
                    0.0,
                    0.0,
                    1.0
                ]
            ]
        },
        {
            "file_path": "/data/shapenet_blender/all_50_random/02958343/a19d008c68e9c942a78cb4f1b66f009e/r_38",
            "rotation": 0.12566370614359174,
            "transform_matrix": [
                [
                    -0.5788780450820923,
                    -0.07486799359321594,
                    -0.8119697570800781,
                    -3.2731547355651855
                ],
                [
                    -0.8154141306877136,
                    0.05315021798014641,
                    0.5764328837394714,
                    2.3236753940582275
                ],
                [
                    -3.725290298461914e-09,
                    0.9957759976387024,
                    -0.09181590378284454,
                    -0.3701217472553253
                ],
                [
                    0.0,
                    0.0,
                    0.0,
                    1.0
                ]
            ]
        },
        {
            "file_path": "/data/shapenet_blender/all_50_random/02958343/a19d008c68e9c942a78cb4f1b66f009e/r_39",
            "rotation": 0.12566370614359174,
            "transform_matrix": [
                [
                    0.923490583896637,
                    -0.3392806053161621,
                    0.17903578281402588,
                    0.7217163443565369
                ],
                [
                    0.38362109661102295,
                    0.8167497515678406,
                    -0.43099260330200195,
                    -1.737386703491211
                ],
                [
                    0.0,
                    0.466699481010437,
                    0.8844159245491028,
                    3.565194606781006
                ],
                [
                    0.0,
                    0.0,
                    0.0,
                    1.0
                ]
            ]
        },
        {
            "file_path": "/data/shapenet_blender/all_50_random/02958343/a19d008c68e9c942a78cb4f1b66f009e/r_40",
            "rotation": 0.12566370614359174,
            "transform_matrix": [
                [
                    -0.7719104886054993,
                    0.6023189425468445,
                    0.20338651537895203,
                    0.8198772668838501
                ],
                [
                    0.6357312798500061,
                    0.7313408851623535,
                    0.24695366621017456,
                    0.9955020546913147
                ],
                [
                    0.0,
                    0.3199252784252167,
                    -0.9474427103996277,
                    -3.8192636966705322
                ],
                [
                    0.0,
                    0.0,
                    0.0,
                    1.0
                ]
            ]
        },
        {
            "file_path": "/data/shapenet_blender/all_50_random/02958343/a19d008c68e9c942a78cb4f1b66f009e/r_41",
            "rotation": 0.12566370614359174,
            "transform_matrix": [
                [
                    -0.23719224333763123,
                    0.9230685234069824,
                    0.30279403924942017,
                    1.2206017971038818
                ],
                [
                    0.9714627265930176,
                    0.22537632286548615,
                    0.07393015921115875,
                    0.29802200198173523
                ],
                [
