{
    "class": "02958343",
    "model": "432efbe7784cba3ba65b1575070b0b4a",
    "remove_doubles": true,
    "edge_split": true,
    "denoise": true,
    "camera_angle_x": 0.6911112070083618,
    "scale_factor": 2.27241729696754,
    "hdri_file": "/data/IndoorHDRDataset2018/9C4A9925-89234764b3.exr",
    "center_offset": [
        0.0,
        -1.862645149230957e-09,
        0.0
    ],
    "lights": [],
    "frames": [
        {
            "file_path": "/data/shapenet_blender/all_50_random/02958343/432efbe7784cba3ba65b1575070b0b4a/r_0",
            "rotation": 0.12566370614359174,
            "transform_matrix": [
                [
                    0.996479868888855,
                    -0.04685316979885101,
                    0.06951794028282166,
                    0.28023576736450195
                ],
                [
                    0.08383295685052872,
                    0.5569198131561279,
                    -0.8263245224952698,
                    -3.3310205936431885
                ],
                [
                    3.725290742551124e-09,
                    0.8292436003684998,
                    0.558887243270874,
                    2.252946615219116
                ],
                [
                    0.0,
                    0.0,
                    0.0,
                    1.0
                ]
            ]
        },
        {
            "file_path": "/data/shapenet_blender/all_50_random/02958343/432efbe7784cba3ba65b1575070b0b4a/r_1",
            "rotation": 0.12566370614359174,
            "transform_matrix": [
                [
                    0.2160588800907135,
                    -0.174765944480896,
                    0.9606119990348816,
                    3.8723509311676025
                ],
                [
                    0.9763803482055664,
                    0.03867318108677864,
                    -0.21256956458091736,
                    -0.8568953275680542
                ],
                [
                    0.0,
                    0.9838502407073975,
                    0.17899370193481445,
                    0.7215467095375061
                ],
                [
                    0.0,
                    0.0,
                    0.0,
                    1.0
                ]
            ]
        },
        {
            "file_path": "/data/shapenet_blender/all_50_random/02958343/432efbe7784cba3ba65b1575070b0b4a/r_2",
            "rotation": 0.12566370614359174,
            "transform_matrix": [
                [
                    -0.9831002950668335,
                    0.08272166550159454,
                    -0.16331283748149872,
                    -0.6583350896835327
                ],
                [
                    -0.183068186044693,
                    -0.4442262649536133,
                    0.8770114183425903,
                    3.535346031188965
                ],
                [
                    0.0,
                    0.8920873999595642,
                    0.4518626928329468,
                    1.821516752243042
                ],
                [
                    0.0,
                    0.0,
                    0.0,
                    1.0
                ]
            ]
        },
        {
            "file_path": "/data/shapenet_blender/all_50_random/02958343/432efbe7784cba3ba65b1575070b0b4a/r_3",
            "rotation": 0.12566370614359174,
            "transform_matrix": [
                [
                    0.8283951282501221,
                    0.29423612356185913,
                    -0.4766409993171692,
                    -1.9214015007019043
                ],
                [
                    -0.5601442456245422,
                    0.4351446330547333,
                    -0.7049024701118469,
                    -2.841552972793579
                ],
                [
                    0.0,
                    0.8509255647659302,
                    0.5252862572669983,
                    2.117496967315674
                ],
                [
                    0.0,
                    0.0,
                    0.0,
                    1.0
                ]
            ]
        },
        {
            "file_path": "/data/shapenet_blender/all_50_random/02958343/432efbe7784cba3ba65b1575070b0b4a/r_4",
            "rotation": 0.12566370614359174,
            "transform_matrix": [
                [
                    -0.8300297260284424,
                    -0.03722251206636429,
                    -0.5564756393432617,
                    -2.243225336074829
                ],
                [
                    -0.5577192306518555,
                    0.0553966723382473,
                    0.8281789422035217,
                    3.338496446609497
                ],
                [
                    0.0,
                    0.9977703094482422,
                    -0.06674058735370636,
                    -0.26903992891311646
                ],
                [
                    0.0,
                    0.0,
                    0.0,
                    1.0
                ]
            ]
        },
        {
            "file_path": "/data/shapenet_blender/all_50_random/02958343/432efbe7784cba3ba65b1575070b0b4a/r_5",
            "rotation": 0.12566370614359174,
            "transform_matrix": [
                [
                    0.4680856466293335,
                    -0.4946376383304596,
                    -0.7322768568992615,
                    -2.951902389526367
                ],
                [
                    -0.8836831450462341,
                    -0.26200881600379944,
                    -0.3878859579563141,
                    -1.5636183023452759
                ],
                [
                    -1.4901161193847656e-08,
                    0.8286644816398621,
                    -0.5597454905509949,
                    -2.256406307220459
                ],
                [
                    0.0,
                    0.0,
                    0.0,
                    1.0
                ]
            ]
        },
        {
            "file_path": "/data/shapenet_blender/all_50_random/02958343/432efbe7784cba3ba65b1575070b0b4a/r_6",
            "rotation": 0.12566370614359174,
            "transform_matrix": [
                [
                    0.036035943776369095,
                    0.10297296941280365,
                    0.9940312504768372,
                    4.007067680358887
                ],
                [
                    0.9993505477905273,
                    -0.003713139332830906,
                    -0.03584413230419159,
                    -0.14449229836463928
                ],
                [
                    -4.656612873077393e-10,
                    0.9946771264076233,
                    -0.10303991287946701,
                    -0.41536712646484375
                ],
                [
                    0.0,
                    0.0,
                    0.0,
                    1.0
                ]
            ]
        },
        {
            "file_path": "/data/shapenet_blender/all_50_random/02958343/432efbe7784cba3ba65b1575070b0b4a/r_7",
            "rotation": 0.12566370614359174,
            "transform_matrix": [
                [
                    0.07981447130441666,
                    0.7672333121299744,
                    -0.6363824605941772,
                    -2.5653398036956787
                ],
                [
                    -0.9968096613883972,
                    0.061432309448719025,
                    -0.050955090671777725,
                    -0.2054065465927124
                ],
                [
                    0.0,
                    0.6384192109107971,
                    0.7696888446807861,
                    3.102715015411377
                ],
                [
                    0.0,
                    0.0,
                    0.0,
                    1.0
                ]
            ]
        },
        {
            "file_path": "/data/shapenet_blender/all_50_random/02958343/432efbe7784cba3ba65b1575070b0b4a/r_8",
            "rotation": 0.12566370614359174,
            "transform_matrix": [
                [
                    0.5264646410942078,
                    -0.793225109577179,
                    0.3059884011745453,
                    1.2334787845611572
                ],
                [
                    0.8501970171928406,
                    0.49118611216545105,
                    -0.18947617709636688,
                    -0.7638029456138611
                ],
                [
                    0.0,
                    0.35990291833877563,
                    0.9329896569252014,
                    3.7610018253326416
                ],
                [
                    0.0,
                    0.0,
                    0.0,
                    1.0
                ]
            ]
        },
        {
            "file_path": "/data/shapenet_blender/all_50_random/02958343/432efbe7784cba3ba65b1575070b0b4a/r_9",
            "rotation": 0.12566370614359174,
            "transform_matrix": [
                [
                    0.8658342957496643,
                    -0.15390239655971527,
                    -0.4760724604129791,
                    -1.9191094636917114
                ],
                [
                    -0.5003308057785034,
                    -0.2663317322731018,
                    -0.8238546252250671,
                    -3.3210642337799072
                ],
                [
                    0.0,
                    0.9515153169631958,
                    -0.3076012432575226,
                    -1.2399802207946777
                ],
                [
                    0.0,
                    0.0,
                    0.0,
                    1.0
                ]
            ]
        },
        {
            "file_path": "/data/shapenet_blender/all_50_random/02958343/432efbe7784cba3ba65b1575070b0b4a/r_10",
            "rotation": 0.12566370614359174,
            "transform_matrix": [
                [
                    0.7545002102851868,
                    -0.5086958408355713,
                    0.4146782159805298,
                    1.671621322631836
                ],
                [
                    0.6562999486923218,
                    0.5848104953765869,
                    -0.4767252802848816,
                    -1.9217411279678345
                ],
                [
                    0.0,
                    0.6318425536155701,
                    0.7750967144966125,
                    3.1245148181915283
                ],
                [
                    0.0,
                    0.0,
                    0.0,
                    1.0
                ]
            ]
        },
        {
            "file_path": "/data/shapenet_blender/all_50_random/02958343/432efbe7784cba3ba65b1575070b0b4a/r_11",
            "rotation": 0.12566370614359174,
            "transform_matrix": [
                [
                    -0.9131393432617188,
                    0.007649182807654142,
                    -0.407575786113739,
                    -1.6429905891418457
                ],
                [
                    -0.4076475501060486,
                    -0.01713433302938938,
                    0.9129785895347595,
                    3.6803343296051025
                ],
                [
                    4.656612873077393e-10,
                    0.9998238682746887,
                    0.018764207139611244,
                    0.07564093917608261
                ],
                [
                    0.0,
                    0.0,
                    0.0,
                    1.0
                ]
            ]
        },
        {
            "file_path": "/data/shapenet_blender/all_50_random/02958343/432efbe7784cba3ba65b1575070b0b4a/r_12",
            "rotation": 0.12566370614359174,
            "transform_matrix": [
                [
                    0.2791765034198761,
                    -0.21471284329891205,
                    0.9359266757965088,
                    3.772841215133667
                ],
                [
                    0.9602397680282593,
                    0.06242481246590614,
                    -0.2721078395843506,
                    -1.096901774406433
                ],
                [
                    0.0,
                    0.9746802449226379,
                    0.22360333800315857,
                    0.9013738632202148
                ],
                [
                    0.0,
                    0.0,
                    0.0,
                    1.0
                ]
            ]
        },
        {
            "file_path": "/data/shapenet_blender/all_50_random/02958343/432efbe7784cba3ba65b1575070b0b4a/r_13",
            "rotation": 0.12566370614359174,
            "transform_matrix": [
                [
                    0.7991875410079956,
                    0.23224271833896637,
                    -0.5544028282165527,
                    -2.2348694801330566
                ],
                [
                    -0.6010817289352417,
                    0.3087857663631439,
                    -0.7371241450309753,
                    -2.971442699432373
                ],
                [
                    0.0,
                    0.9223419427871704,
                    0.3863745927810669,
                    1.557525873184204
                ],
                [
                    0.0,
                    0.0,
                    0.0,
                    1.0
                ]
            ]
        },
        {
            "file_path": "/data/shapenet_blender/all_50_random/02958343/432efbe7784cba3ba65b1575070b0b4a/r_14",
            "rotation": 0.12566370614359174,
            "transform_matrix": [
                [
                    0.9083298444747925,
                    0.09518446028232574,
                    0.4072796106338501,
                    1.6417967081069946
                ],
                [
                    0.41825443506240845,
                    -0.20671360194683075,
                    -0.8844956159591675,
                    -3.565516233444214
                ],
                [
                    0.0,
                    0.9737604260444641,
                    -0.22757545113563538,
                    -0.9173860549926758
                ],
                [
                    0.0,
                    0.0,
                    0.0,
                    1.0
                ]
            ]
        },
        {
            "file_path": "/data/shapenet_blender/all_50_random/02958343/432efbe7784cba3ba65b1575070b0b4a/r_15",
            "rotation": 0.12566370614359174,
            "transform_matrix": [
                [
                    0.4337809681892395,
                    -0.11940260231494904,
                    0.8930716514587402,
                    3.6000871658325195
                ],
                [
                    0.9010183215141296,
                    0.05748448520898819,
                    -0.4299551546573639,
                    -1.7332048416137695
                ],
                [
                    0.0,
                    0.9911803603172302,
                    0.13251960277557373,
                    0.5342036485671997
                ],
                [
                    0.0,
                    0.0,
                    0.0,
                    1.0
                ]
            ]
        },
        {
            "file_path": "/data/shapenet_blender/all_50_random/02958343/432efbe7784cba3ba65b1575070b0b4a/r_16",
            "rotation": 0.12566370614359174,
            "transform_matrix": [
                [
                    -0.8780303001403809,
                    0.2055939882993698,
                    -0.4321967661380768,
                    -1.7422409057617188
                ],
                [
                    -0.4786052107810974,
                    -0.37717464566230774,
                    0.7928911447525024,
                    3.196246385574341
                ],
                [
                    -1.4901162970204496e-08,
                    0.9030338525772095,
                    0.4295691251754761,
                    1.731648564338684
                ],
                [
                    0.0,
                    0.0,
                    0.0,
                    1.0
                ]
            ]
        },
        {
            "file_path": "/data/shapenet_blender/all_50_random/02958343/432efbe7784cba3ba65b1575070b0b4a/r_17",
            "rotation": 0.12566370614359174,
            "transform_matrix": [
                [
                    -0.11119445413351059,
                    -0.5886570811271667,
                    0.8006986975669861,
                    3.227720022201538
                ],
                [
                    0.9937986731529236,
                    -0.06586384028196335,
                    0.08958882093429565,
                    0.36114412546157837
                ],
                [
                    0.0,
                    0.805695116519928,
                    0.5923303365707397,
                    2.3877601623535156
                ],
                [
                    0.0,
                    0.0,
                    0.0,
                    1.0
                ]
            ]
        },
        {
            "file_path": "/data/shapenet_blender/all_50_random/02958343/432efbe7784cba3ba65b1575070b0b4a/r_18",
            "rotation": 0.12566370614359174,
            "transform_matrix": [
                [
                    -0.32749244570732117,
                    0.753957211971283,
                    0.5694708824157715,
                    2.2956109046936035
                ],
                [
                    0.9448537826538086,
                    0.26132646203041077,
                    0.19738231599330902,
                    0.7956736087799072
                ],
                [
                    1.4901161193847656e-08,
                    0.6027080416679382,
                    -0.7979617118835449,
                    -3.216686725616455
                ],
                [
                    0.0,
                    0.0,
                    0.0,
                    1.0
                ]
            ]
        },
        {
            "file_path": "/data/shapenet_blender/all_50_random/02958343/432efbe7784cba3ba65b1575070b0b4a/r_19",
            "rotation": 0.12566370614359174,
            "transform_matrix": [
                [
                    -0.999973714351654,
                    -0.0017984353471547365,
                    0.007026137318462133,
                    0.028323262929916382
                ],
                [
                    0.007252652198076248,
                    -0.2479628026485443,
                    0.9687424898147583,
                    3.905125379562378
                ],
                [
                    0.0,
                    0.9687677621841431,
                    0.247969388961792,
                    0.9995964765548706
                ],
                [
                    0.0,
                    0.0,
                    0.0,
                    1.0
                ]
            ]
        },
        {
            "file_path": "/data/shapenet_blender/all_50_random/02958343/432efbe7784cba3ba65b1575070b0b4a/r_20",
            "rotation": 0.12566370614359174,
            "transform_matrix": [
                [
                    0.8099528551101685,
                    0.34510675072669983,
                    0.4742128252983093,
                    1.9116129875183105
                ],
                [
                    0.5864951610565186,
                    -0.4765942096710205,
                    -0.6548903584480286,
                    -2.6399474143981934
                ],
                [
                    0.0,
                    0.8085537552833557,
                    -0.5884222984313965,
                    -2.3720061779022217
                ],
                [
                    0.0,
                    0.0,
                    0.0,
                    1.0
                ]
            ]
        },
        {
            "file_path": "/data/shapenet_blender/all_50_random/02958343/432efbe7784cba3ba65b1575070b0b4a/r_21",
            "rotation": 0.12566370614359174,
            "transform_matrix": [
                [
                    -0.5711900591850281,
                    -0.7296661138534546,
                    -0.37593787908554077,
                    -1.5154541730880737
                ],
                [
                    -0.8208179473876953,
                    0.5077593922615051,
                    0.26160728931427,
                    1.0545728206634521
                ],
                [
                    1.4901162970204496e-08,
                    0.45800402760505676,
                    -0.8889500498771667,
                    -3.583472490310669
                ],
                [
                    0.0,
                    0.0,
                    0.0,
                    1.0
                ]
            ]
        },
        {
            "file_path": "/data/shapenet_blender/all_50_random/02958343/432efbe7784cba3ba65b1575070b0b4a/r_22",
            "rotation": 0.12566370614359174,
            "transform_matrix": [
                [
                    -0.7341498136520386,
                    -0.09153817594051361,
                    0.6727888584136963,
                    2.7120985984802246
                ],
                [
                    0.6789875626564026,
                    -0.09897492080926895,
                    0.727447509765625,
                    2.9324347972869873
                ],
                [
                    7.450580596923828e-09,
                    0.9908706545829773,
                    0.13481570780277252,
                    0.5434594750404358
                ],
                [
                    0.0,
                    0.0,
                    0.0,
                    1.0
                ]
            ]
        },
        {
            "file_path": "/data/shapenet_blender/all_50_random/02958343/432efbe7784cba3ba65b1575070b0b4a/r_23",
            "rotation": 0.12566370614359174,
            "transform_matrix": [
                [
                    -0.3476598262786865,
                    -0.022979823872447014,
                    -0.9373390078544617,
                    -3.7785346508026123
                ],
                [
                    -0.9376207590103149,
                    0.008520674891769886,
                    0.34755536913871765,
                    1.4010406732559204
                ],
                [
                    0.0,
                    0.9996996521949768,
                    -0.024508651345968246,
                    -0.09879754483699799
                ],
                [
                    0.0,
                    0.0,
                    0.0,
                    1.0
                ]
            ]
        },
        {
            "file_path": "/data/shapenet_blender/all_50_random/02958343/432efbe7784cba3ba65b1575070b0b4a/r_24",
            "rotation": 0.12566370614359174,
            "transform_matrix": [
                [
                    -0.8019709587097168,
                    0.593350350856781,
                    -0.06912242621183395,
                    -0.27864140272140503
                ],
                [
                    -0.5973631143569946,
                    -0.7965837717056274,
                    0.0927981287240982,
                    0.37408122420310974
                ],
                [
                    0.0,
                    0.11571262776851654,
                    0.9932827353477478,
                    4.0040507316589355
                ],
                [
                    0.0,
                    0.0,
                    0.0,
                    1.0
                ]
            ]
        },
        {
            "file_path": "/data/shapenet_blender/all_50_random/02958343/432efbe7784cba3ba65b1575070b0b4a/r_25",
            "rotation": 0.12566370614359174,
            "transform_matrix": [
                [
                    0.9670054316520691,
                    -0.005736211780458689,
                    0.25469139218330383,
                    1.0266937017440796
                ],
                [
                    0.25475597381591797,
                    0.021773574873805046,
                    -0.9667603373527527,
                    -3.897135019302368
                ],
                [
                    0.0,
                    0.9997465014457703,
                    0.02251650020480156,
                    0.09076690673828125
                ],
                [
                    0.0,
                    0.0,
                    0.0,
                    1.0
                ]
            ]
        },
        {
            "file_path": "/data/shapenet_blender/all_50_random/02958343/432efbe7784cba3ba65b1575070b0b4a/r_26",
            "rotation": 0.12566370614359174,
            "transform_matrix": [
                [
                    0.38641273975372314,
                    -0.6960333585739136,
                    -0.6051632761955261,
                    -2.4394915103912354
                ],
                [
                    -0.9223260879516602,
                    -0.2916063666343689,
                    -0.2535359263420105,
                    -1.022036075592041
                ],
                [
                    0.0,
                    0.6561272740364075,
                    -0.7546501159667969,
                    -3.0420920848846436
                ],
                [
                    0.0,
                    0.0,
                    0.0,
                    1.0
                ]
            ]
        },
        {
            "file_path": "/data/shapenet_blender/all_50_random/02958343/432efbe7784cba3ba65b1575070b0b4a/r_27",
            "rotation": 0.12566370614359174,
            "transform_matrix": [
                [
                    -0.6487528681755066,
                    -0.664772629737854,
                    0.37040114402770996,
                    1.4931347370147705
                ],
                [
                    0.7609990835189819,
                    -0.566719651222229,
                    0.3157675266265869,
                    1.2728996276855469
                ],
                [
                    0.0,
                    0.4867299795150757,
                    0.8735524415969849,
                    3.521402597427368
                ],
                [
                    0.0,
                    0.0,
                    0.0,
                    1.0
                ]
            ]
        },
        {
            "file_path": "/data/shapenet_blender/all_50_random/02958343/432efbe7784cba3ba65b1575070b0b4a/r_28",
            "rotation": 0.12566370614359174,
            "transform_matrix": [
                [
                    0.823937177658081,
                    0.1736256182193756,
                    -0.5394271016120911,
                    -2.1745002269744873
                ],
                [
                    -0.5666810274124146,
                    0.25244641304016113,
                    -0.7843106985092163,
                    -3.1616575717926025
                ],
                [
                    1.4901161193847656e-08,
                    0.9519058465957642,
                    0.3063904047012329,
                    1.235099196434021
                ],
                [
                    0.0,
                    0.0,
                    0.0,
                    1.0
                ]
            ]
        },
        {
            "file_path": "/data/shapenet_blender/all_50_random/02958343/432efbe7784cba3ba65b1575070b0b4a/r_29",
            "rotation": 0.12566370614359174,
            "transform_matrix": [
                [
                    0.9667032957077026,
                    -0.2509682774543762,
                    -0.0499979630112648,
                    -0.201548233628273
                ],
                [
                    -0.25590017437934875,
                    -0.9480723738670349,
                    -0.188875213265419,
                    -0.7613803148269653
                ],
                [
                    3.725290742551124e-09,
                    0.19538061320781708,
                    -0.9807274341583252,
                    -3.9534387588500977
                ],
                [
                    0.0,
                    0.0,
                    0.0,
                    1.0
                ]
            ]
        },
        {
            "file_path": "/data/shapenet_blender/all_50_random/02958343/432efbe7784cba3ba65b1575070b0b4a/r_30",
            "rotation": 0.12566370614359174,
            "transform_matrix": [
                [
                    0.7656506896018982,
                    -0.19898155331611633,
                    -0.6117069721221924,
                    -2.465869903564453
                ],
                [
                    -0.643256664276123,
                    -0.23684222996234894,
                    -0.7280978560447693,
                    -2.935056686401367
                ],
                [
                    0.0,
                    0.9509531259536743,
                    -0.3093346059322357,
                    -1.2469677925109863
                ],
                [
                    0.0,
                    0.0,
                    0.0,
                    1.0
                ]
            ]
        },
        {
            "file_path": "/data/shapenet_blender/all_50_random/02958343/432efbe7784cba3ba65b1575070b0b4a/r_31",
            "rotation": 0.12566370614359174,
            "transform_matrix": [
                [
                    -0.9429779052734375,
                    0.32632189989089966,
                    -0.06562619656324387,
                    -0.2645476460456848
                ],
                [
                    -0.3328554928302765,
                    -0.9244682788848877,
                    0.1859186738729477,
                    0.7494621276855469
                ],
                [
                    0.0,
                    0.19716116786003113,
                    0.9803710579872131,
                    3.9520020484924316
                ],
                [
                    0.0,
                    0.0,
                    0.0,
                    1.0
                ]
            ]
        },
        {
            "file_path": "/data/shapenet_blender/all_50_random/02958343/432efbe7784cba3ba65b1575070b0b4a/r_32",
            "rotation": 0.12566370614359174,
            "transform_matrix": [
                [
                    -0.7693801522254944,
                    -0.04968959838151932,
                    0.6368556618690491,
                    2.567247152328491
                ],
                [
                    0.6387912034988403,
                    -0.05984770879149437,
                    0.7670488953590393,
                    3.0920729637145996
                ],
                [
                    0.0,
                    0.9969699382781982,
                    0.07778691500425339,
                    0.3135690689086914
                ],
                [
                    0.0,
                    0.0,
                    0.0,
                    1.0
                ]
            ]
        },
        {
            "file_path": "/data/shapenet_blender/all_50_random/02958343/432efbe7784cba3ba65b1575070b0b4a/r_33",
            "rotation": 0.12566370614359174,
            "transform_matrix": [
                [
                    0.6469911932945251,
                    -0.14120304584503174,
                    0.7493090629577637,
                    3.0205612182617188
                ],
                [
                    0.7624974250793457,
                    0.11981301754713058,
                    -0.6358006000518799,
                    -2.5629942417144775
                ],
                [
                    7.450580152834618e-09,
                    0.9827036261558533,
                    0.18518495559692383,
                    0.7465044260025024
                ],
                [
                    0.0,
                    0.0,
                    0.0,
                    1.0
                ]
            ]
        },
        {
            "file_path": "/data/shapenet_blender/all_50_random/02958343/432efbe7784cba3ba65b1575070b0b4a/r_34",
            "rotation": 0.12566370614359174,
            "transform_matrix": [
                [
                    -0.8143832683563232,
                    0.2524537444114685,
                    -0.5225390195846558,
                    -2.106422185897827
                ],
                [
                    -0.5803273916244507,
                    -0.3542725741863251,
                    0.7332878112792969,
                    2.95597767829895
                ],
                [
                    1.4901161193847656e-08,
                    0.9004210233688354,
                    0.43501949310302734,
                    1.75361967086792
                ],
                [
                    0.0,
                    0.0,
                    0.0,
                    1.0
                ]
            ]
        },
        {
            "file_path": "/data/shapenet_blender/all_50_random/02958343/432efbe7784cba3ba65b1575070b0b4a/r_35",
            "rotation": 0.12566370614359174,
            "transform_matrix": [
                [
                    0.003063254989683628,
                    -0.6883794665336609,
                    -0.7253441214561462,
                    -2.9239559173583984
                ],
                [
                    -0.9999952912330627,
                    -0.0021086917258799076,
                    -0.002221924252808094,
                    -0.008956864476203918
                ],
                [
                    -1.1641532182693481e-10,
                    0.7253475189208984,
                    -0.6883826851844788,
                    -2.7749595642089844
                ],
                [
                    0.0,
                    0.0,
                    0.0,
                    1.0
                ]
            ]
        },
        {
            "file_path": "/data/shapenet_blender/all_50_random/02958343/432efbe7784cba3ba65b1575070b0b4a/r_36",
            "rotation": 0.12566370614359174,
            "transform_matrix": [
                [
                    0.8892436623573303,
                    -0.23564255237579346,
                    0.3920692205429077,
                    1.5804815292358398
                ],
                [
                    0.457433819770813,
                    0.4580851197242737,
                    -0.762175977230072,
                    -3.072429656982422
                ],
                [
                    1.4901161193847656e-08,
                    0.8571059107780457,
                    0.515140175819397,
                    2.07659649848938
                ],
                [
                    0.0,
                    0.0,
                    0.0,
                    1.0
                ]
            ]
        },
        {
            "file_path": "/data/shapenet_blender/all_50_random/02958343/432efbe7784cba3ba65b1575070b0b4a/r_37",
            "rotation": 0.12566370614359174,
            "transform_matrix": [
                [
                    0.8287236094474792,
                    -0.13398820161819458,
                    -0.5433823466300964,
                    -2.190444231033325
                ],
                [
                    -0.5596581101417542,
                    -0.19840538501739502,
                    -0.8046229481697083,
                    -3.2435388565063477
                ],
                [
                    0.0,
                    0.9709184765815735,
                    -0.23941077291965485,
                    -0.9650956988334656
                ],
                [
                    0.0,
                    0.0,
                    0.0,
                    1.0
                ]
            ]
        },
        {
            "file_path": "/data/shapenet_blender/all_50_random/02958343/432efbe7784cba3ba65b1575070b0b4a/r_38",
            "rotation": 0.12566370614359174,
            "transform_matrix": [
                [
                    -0.5516574382781982,
                    0.02363593690097332,
                    -0.8337357044219971,
                    -3.360896348953247
                ],
                [
                    -0.8340708017349243,
                    -0.01563289389014244,
                    0.5514358282089233,
                    2.2229092121124268
                ],
                [
                    9.31322685637781e-10,
                    0.9995983242988586,
                    0.028338046744465828,
                    0.1142343282699585
                ],
                [
                    0.0,
                    0.0,
                    0.0,
                    1.0
                ]
            ]
        },
        {
            "file_path": "/data/shapenet_blender/all_50_random/02958343/432efbe7784cba3ba65b1575070b0b4a/r_39",
            "rotation": 0.12566370614359174,
            "transform_matrix": [
                [
                    -0.8450576663017273,
                    0.4563920497894287,
                    -0.27853861451148987,
                    -1.1228251457214355
                ],
                [
                    -0.534675121307373,
                    -0.7213307619094849,
                    0.44023221731185913,
                    1.7746329307556152
                ],
                [
                    0.0,
                    0.5209491848945618,
                    0.8535875082015991,
                    3.4409215450286865
                ],
                [
                    0.0,
                    0.0,
                    0.0,
                    1.0
                ]
            ]
        },
        {
            "file_path": "/data/shapenet_blender/all_50_random/02958343/432efbe7784cba3ba65b1575070b0b4a/r_40",
            "rotation": 0.12566370614359174,
            "transform_matrix": [
                [
                    -0.7796378135681152,
                    -0.1569286584854126,
                    0.6062492728233337,
                    2.44386887550354
                ],
                [
                    0.6262305378913879,
                    -0.1953713595867157,
                    0.7547616958618164,
                    3.042541742324829
                ],
                [
                    0.0,
                    0.968092679977417,
                    0.2505924105644226,
                    1.010170340538025
                ],
                [
                    0.0,
                    0.0,
                    0.0,
                    1.0
                ]
            ]
        },
        {
            "file_path": "/data/shapenet_blender/all_50_random/02958343/432efbe7784cba3ba65b1575070b0b4a/r_41",
            "rotation": 0.12566370614359174,
            "transform_matrix": [
                [
                    0.0513860248029232,
                    0.09953615069389343,
                    0.993706226348877,
                    4.005757808685303
                ],
                [
                    0.9986789226531982,
                    -0.005121533293277025,
                    -0.05113016068935394,
                    -0.20611226558685303
                ],
                [
                    4.656612873077393e-10,
                    0.9950208067893982,
                    -0.09966783970594406,
