{
    "class": "02958343",
    "model": "75b8fc64f98a71969d69712f9d08c005",
    "remove_doubles": true,
    "edge_split": true,
    "denoise": true,
    "camera_angle_x": 0.6911112070083618,
    "scale_factor": 2.183556277194456,
    "hdri_file": "/data/IndoorHDRDataset2018/9C4A0946-e77bae68eb.exr",
    "center_offset": [
        0.0,
        -1.862645149230957e-09,
        -3.725290298461914e-09
    ],
    "lights": [],
    "frames": [
        {
            "file_path": "/data/shapenet_blender/all_50_random/02958343/75b8fc64f98a71969d69712f9d08c005/r_0",
            "rotation": 0.12566370614359174,
            "transform_matrix": [
                [
                    -0.38152000308036804,
                    0.2910357415676117,
                    0.8773486018180847,
                    3.536705493927002
                ],
                [
                    0.9243605732917786,
                    0.12012191116809845,
                    0.3621163070201874,
                    1.4597376585006714
                ],
                [
                    0.0,
                    0.9491412043571472,
                    -0.3148508369922638,
                    -1.2692044973373413
                ],
                [
                    0.0,
                    0.0,
                    0.0,
                    1.0
                ]
            ]
        },
        {
            "file_path": "/data/shapenet_blender/all_50_random/02958343/75b8fc64f98a71969d69712f9d08c005/r_1",
            "rotation": 0.12566370614359174,
            "transform_matrix": [
                [
                    -0.09492553770542145,
                    0.03413848951458931,
                    -0.9948989152908325,
                    -4.010565280914307
                ],
                [
                    -0.995484471321106,
                    -0.0032553139608353376,
                    0.0948696956038475,
                    0.38243192434310913
                ],
                [
                    0.0,
                    0.9994117021560669,
                    0.03429334983229637,
                    0.13824090361595154
                ],
                [
                    0.0,
                    0.0,
                    0.0,
                    1.0
                ]
            ]
        },
        {
            "file_path": "/data/shapenet_blender/all_50_random/02958343/75b8fc64f98a71969d69712f9d08c005/r_2",
            "rotation": 0.12566370614359174,
            "transform_matrix": [
                [
                    0.9436262249946594,
                    -0.25243833661079407,
                    0.21411284804344177,
                    0.8631165027618408
                ],
                [
                    0.33101266622543335,
                    0.7196323275566101,
                    -0.6103768944740295,
                    -2.460507869720459
                ],
                [
                    0.0,
                    0.6468417644500732,
                    0.7626243233680725,
                    3.0742368698120117
                ],
                [
                    0.0,
                    0.0,
                    0.0,
                    1.0
                ]
            ]
        },
        {
            "file_path": "/data/shapenet_blender/all_50_random/02958343/75b8fc64f98a71969d69712f9d08c005/r_3",
            "rotation": 0.12566370614359174,
            "transform_matrix": [
                [
                    0.9856566190719604,
                    0.07266435772180557,
                    -0.15231849253177643,
                    -0.614015519618988
                ],
                [
                    -0.16876323521137238,
                    0.42439398169517517,
                    -0.889611542224884,
                    -3.586138963699341
                ],
                [
                    0.0,
                    0.9025573134422302,
                    0.4305697977542877,
                    1.735682487487793
                ],
                [
                    0.0,
                    0.0,
                    0.0,
                    1.0
                ]
            ]
        },
        {
            "file_path": "/data/shapenet_blender/all_50_random/02958343/75b8fc64f98a71969d69712f9d08c005/r_4",
            "rotation": 0.12566370614359174,
            "transform_matrix": [
                [
                    0.7810852527618408,
                    0.18318790197372437,
                    -0.5969489812850952,
                    -2.4063782691955566
                ],
                [
                    -0.6244244575500488,
                    0.22914761304855347,
                    -0.7467164993286133,
                    -3.010110378265381
                ],
                [
                    1.4901161193847656e-08,
                    0.9559987187385559,
                    0.2933708429336548,
                    1.1826156377792358
                ],
                [
                    0.0,
                    0.0,
                    0.0,
                    1.0
                ]
            ]
        },
        {
            "file_path": "/data/shapenet_blender/all_50_random/02958343/75b8fc64f98a71969d69712f9d08c005/r_5",
            "rotation": 0.12566370614359174,
            "transform_matrix": [
                [
                    -0.6275849342346191,
                    0.16967381536960602,
                    -0.7598341703414917,
                    -3.0629894733428955
                ],
                [
                    -0.7785482406616211,
                    -0.136773481965065,
                    0.6124996542930603,
                    2.4690651893615723
                ],
                [
                    -1.4901162970204496e-08,
                    0.9759629964828491,
                    0.2179362028837204,
                    0.8785289525985718
                ],
                [
                    0.0,
                    0.0,
                    0.0,
                    1.0
                ]
            ]
        },
        {
            "file_path": "/data/shapenet_blender/all_50_random/02958343/75b8fc64f98a71969d69712f9d08c005/r_6",
            "rotation": 0.12566370614359174,
            "transform_matrix": [
                [
                    0.47685128450393677,
                    -0.0149250328540802,
                    -0.8788573145866394,
                    -3.5427868366241455
                ],
                [
                    -0.8789839744567871,
                    -0.008096872828900814,
                    -0.47678259015083313,
                    -1.9219719171524048
                ],
                [
                    0.0,
                    0.9998558759689331,
                    -0.016979869455099106,
                    -0.0684480369091034
                ],
                [
                    0.0,
                    0.0,
                    0.0,
                    1.0
                ]
            ]
        },
        {
            "file_path": "/data/shapenet_blender/all_50_random/02958343/75b8fc64f98a71969d69712f9d08c005/r_7",
            "rotation": 0.12566370614359174,
            "transform_matrix": [
                [
                    -0.9918423295021057,
                    -0.00016201083781197667,
                    0.12747006118297577,
                    0.5138481855392456
                ],
                [
                    0.12747013568878174,
                    -0.0012606027303263545,
                    0.9918416738510132,
                    3.9982411861419678
                ],
                [
                    0.0,
                    0.9999992251396179,
                    0.0012709710281342268,
                    0.005123447626829147
                ],
                [
                    0.0,
                    0.0,
                    0.0,
                    1.0
                ]
            ]
        },
        {
            "file_path": "/data/shapenet_blender/all_50_random/02958343/75b8fc64f98a71969d69712f9d08c005/r_8",
            "rotation": 0.12566370614359174,
            "transform_matrix": [
                [
                    0.8399028778076172,
                    0.11324501782655716,
                    0.5307906866073608,
                    2.139685869216919
                ],
                [
                    0.542736828327179,
                    -0.1752503216266632,
                    -0.8214158415794373,
                    -3.3112335205078125
                ],
                [
                    -7.450580596923828e-09,
                    0.9779891967773438,
                    -0.2086554765701294,
                    -0.8411172032356262
                ],
                [
                    0.0,
                    0.0,
                    0.0,
                    1.0
                ]
            ]
        },
        {
            "file_path": "/data/shapenet_blender/all_50_random/02958343/75b8fc64f98a71969d69712f9d08c005/r_9",
            "rotation": 0.12566370614359174,
            "transform_matrix": [
                [
                    0.2189340591430664,
                    0.45123404264450073,
                    -0.8651332855224609,
                    -3.48746395111084
                ],
                [
                    -0.9757397770881653,
                    0.10124676674604416,
                    -0.19411644339561462,
                    -0.7825084924697876
                ],
                [
                    0.0,
                    0.8866434693336487,
                    0.46245333552360535,
                    1.8642091751098633
                ],
                [
                    0.0,
                    0.0,
                    0.0,
                    1.0
                ]
            ]
        },
        {
            "file_path": "/data/shapenet_blender/all_50_random/02958343/75b8fc64f98a71969d69712f9d08c005/r_10",
            "rotation": 0.12566370614359174,
            "transform_matrix": [
                [
                    -0.9023662209510803,
                    -0.00741389486938715,
                    0.4309064447879791,
                    1.737039566040039
                ],
                [
                    0.43097028136253357,
                    -0.015523224137723446,
                    0.9022325873374939,
                    3.6370160579681396
                ],
                [
                    -4.656612873077393e-10,
                    0.9998520612716675,
                    0.017202796414494514,
                    0.06934669613838196
                ],
                [
                    0.0,
                    0.0,
                    0.0,
                    1.0
                ]
            ]
        },
        {
            "file_path": "/data/shapenet_blender/all_50_random/02958343/75b8fc64f98a71969d69712f9d08c005/r_11",
            "rotation": 0.12566370614359174,
            "transform_matrix": [
                [
                    -0.22158879041671753,
                    0.6637428998947144,
                    -0.7143834829330444,
                    -2.879772186279297
                ],
                [
                    -0.9751402735710144,
                    -0.15082751214504242,
                    0.16233497858047485,
                    0.6543933153152466
                ],
                [
                    7.450580596923828e-09,
                    0.7325956225395203,
                    0.6806640028953552,
                    2.743844509124756
                ],
                [
                    0.0,
                    0.0,
                    0.0,
                    1.0
                ]
            ]
        },
        {
            "file_path": "/data/shapenet_blender/all_50_random/02958343/75b8fc64f98a71969d69712f9d08c005/r_12",
            "rotation": 0.12566370614359174,
            "transform_matrix": [
                [
                    0.6943047046661377,
                    0.4310825765132904,
                    -0.5762888193130493,
                    -2.323094606399536
                ],
                [
                    -0.7196812033653259,
                    0.41588225960731506,
                    -0.5559684038162231,
                    -2.241180419921875
                ],
                [
                    0.0,
                    0.8007557988166809,
                    0.5989909768104553,
                    2.414609909057617
                ],
                [
                    0.0,
                    0.0,
                    0.0,
                    1.0
                ]
            ]
        },
        {
            "file_path": "/data/shapenet_blender/all_50_random/02958343/75b8fc64f98a71969d69712f9d08c005/r_13",
            "rotation": 0.12566370614359174,
            "transform_matrix": [
                [
                    -0.5509412288665771,
                    0.6578719019889832,
                    0.513486385345459,
                    2.069929838180542
                ],
                [
                    0.8345440626144409,
                    0.4343075156211853,
                    0.3389884829521179,
                    1.3665063381195068
                ],
                [
                    0.0,
                    0.6152896881103516,
                    -0.7883010506629944,
                    -3.1777431964874268
                ],
                [
                    0.0,
                    0.0,
                    0.0,
                    1.0
                ]
            ]
        },
        {
            "file_path": "/data/shapenet_blender/all_50_random/02958343/75b8fc64f98a71969d69712f9d08c005/r_14",
            "rotation": 0.12566370614359174,
            "transform_matrix": [
                [
                    -0.6819636821746826,
                    -0.35879194736480713,
                    -0.6373332738876343,
                    -2.5691728591918945
                ],
                [
                    -0.7313859462738037,
                    0.33454716205596924,
                    0.5942664742469788,
                    2.3955650329589844
                ],
                [
                    1.4901160305669237e-08,
                    0.8714048266410828,
                    -0.4905644357204437,
                    -1.9775285720825195
                ],
                [
                    0.0,
                    0.0,
                    0.0,
                    1.0
                ]
            ]
        },
        {
            "file_path": "/data/shapenet_blender/all_50_random/02958343/75b8fc64f98a71969d69712f9d08c005/r_15",
            "rotation": 0.12566370614359174,
            "transform_matrix": [
                [
                    -0.5146870613098145,
                    0.01823020726442337,
                    -0.8571841716766357,
                    -3.4554202556610107
                ],
                [
                    -0.8573781847953796,
                    -0.010943655855953693,
                    0.5145705938339233,
                    2.074300765991211
                ],
                [
                    9.31322685637781e-10,
                    0.9997739195823669,
                    0.02126273512840271,
                    0.08571283519268036
                ],
                [
                    0.0,
                    0.0,
                    0.0,
                    1.0
                ]
            ]
        },
        {
            "file_path": "/data/shapenet_blender/all_50_random/02958343/75b8fc64f98a71969d69712f9d08c005/r_16",
            "rotation": 0.12566370614359174,
            "transform_matrix": [
                [
                    0.974129319190979,
                    0.03916825354099274,
                    -0.22257110476493835,
                    -0.8972128033638
                ],
                [
                    -0.22599126398563385,
                    0.16883371770381927,
                    -0.9593868255615234,
                    -3.8674120903015137
                ],
                [
                    0.0,
                    0.9848660230636597,
                    0.173317551612854,
                    0.6986653804779053
                ],
                [
                    0.0,
                    0.0,
                    0.0,
                    1.0
                ]
            ]
        },
        {
            "file_path": "/data/shapenet_blender/all_50_random/02958343/75b8fc64f98a71969d69712f9d08c005/r_17",
            "rotation": 0.12566370614359174,
            "transform_matrix": [
                [
                    -0.9999815225601196,
                    -0.0013685707235708833,
                    0.005927507299929857,
                    0.023894548416137695
                ],
                [
                    0.006083447951823473,
                    -0.22496214509010315,
                    0.9743484258651733,
                    3.9277243614196777
                ],
                [
                    0.0,
                    0.9743665456771851,
                    0.22496627271175385,
                    0.9068681001663208
                ],
                [
                    0.0,
                    0.0,
                    0.0,
                    1.0
                ]
            ]
        },
        {
            "file_path": "/data/shapenet_blender/all_50_random/02958343/75b8fc64f98a71969d69712f9d08c005/r_18",
            "rotation": 0.12566370614359174,
            "transform_matrix": [
                [
                    0.9714440107345581,
                    -0.11406497657299042,
                    -0.2080521136522293,
                    -0.8386849164962769
                ],
                [
                    -0.2372688502073288,
                    -0.467013418674469,
                    -0.8518226742744446,
                    -3.433807134628296
                ],
                [
                    7.450580596923828e-09,
                    0.8768622279167175,
                    -0.4807415306568146,
                    -1.9379310607910156
                ],
                [
                    0.0,
                    0.0,
                    0.0,
                    1.0
                ]
            ]
        },
        {
            "file_path": "/data/shapenet_blender/all_50_random/02958343/75b8fc64f98a71969d69712f9d08c005/r_19",
            "rotation": 0.12566370614359174,
            "transform_matrix": [
                [
                    -0.5666715502738953,
                    0.4298911392688751,
                    -0.7029060125350952,
                    -2.8335046768188477
                ],
                [
                    -0.8239436745643616,
                    -0.2956598997116089,
                    0.4834273159503937,
                    1.9487578868865967
                ],
                [
                    0.0,
                    0.8530995845794678,
                    0.5217481255531311,
                    2.103234052658081
                ],
                [
                    0.0,
                    0.0,
                    0.0,
                    1.0
                ]
            ]
        },
        {
            "file_path": "/data/shapenet_blender/all_50_random/02958343/75b8fc64f98a71969d69712f9d08c005/r_20",
            "rotation": 0.12566370614359174,
            "transform_matrix": [
                [
                    -0.9999687671661377,
                    -0.00785511452704668,
                    -0.0007999793160706758,
                    -0.0032248198986053467
                ],
                [
                    -0.00789574533700943,
                    0.9948230385780334,
                    0.10131460428237915,
                    0.40841227769851685
                ],
                [
                    0.0,
                    0.10131775587797165,
                    -0.9948540329933167,
                    -4.010385036468506
                ],
                [
                    0.0,
                    0.0,
                    0.0,
                    1.0
                ]
            ]
        },
        {
            "file_path": "/data/shapenet_blender/all_50_random/02958343/75b8fc64f98a71969d69712f9d08c005/r_21",
            "rotation": 0.12566370614359174,
            "transform_matrix": [
                [
                    -0.18028029799461365,
                    -0.03186829015612602,
                    0.9830988645553589,
                    3.962998390197754
                ],
                [
                    0.9836152195930481,
                    -0.005840926896780729,
                    0.18018566071987152,
                    0.7263516187667847
                ],
                [
                    -4.6566125955216364e-10,
                    0.9994750022888184,
                    0.03239913657307625,
                    0.13060510158538818
                ],
                [
                    0.0,
                    0.0,
                    0.0,
                    1.0
                ]
            ]
        },
        {
            "file_path": "/data/shapenet_blender/all_50_random/02958343/75b8fc64f98a71969d69712f9d08c005/r_22",
            "rotation": 0.12566370614359174,
            "transform_matrix": [
                [
                    0.9187166094779968,
                    0.09724415838718414,
                    0.3827575147151947,
                    1.5429446697235107
                ],
                [
                    0.3949173390865326,
                    -0.2262241244316101,
                    -0.8904286026954651,
                    -3.5894320011138916
                ],
                [
                    7.4505797087454084e-09,
                    0.9692090749740601,
                    -0.2462393045425415,
                    -0.9926222562789917
                ],
                [
                    0.0,
                    0.0,
                    0.0,
                    1.0
                ]
            ]
        },
        {
            "file_path": "/data/shapenet_blender/all_50_random/02958343/75b8fc64f98a71969d69712f9d08c005/r_23",
            "rotation": 0.12566370614359174,
            "transform_matrix": [
                [
                    0.7430381774902344,
                    -0.15749284625053406,
                    0.6504538655281067,
                    2.622063636779785
                ],
                [
                    0.6692490577697754,
                    0.17485745251178741,
                    -0.7221706509590149,
                    -2.911163330078125
                ],
                [
                    0.0,
                    0.971916139125824,
                    0.23532767593860626,
                    0.9486362934112549
                ],
                [
                    0.0,
                    0.0,
                    0.0,
                    1.0
                ]
            ]
        },
        {
            "file_path": "/data/shapenet_blender/all_50_random/02958343/75b8fc64f98a71969d69712f9d08c005/r_24",
            "rotation": 0.12566370614359174,
            "transform_matrix": [
                [
                    0.7120974063873291,
                    -0.6482522487640381,
                    0.2696037292480469,
                    1.0868074893951416
                ],
                [
                    0.7020807266235352,
                    0.6575009822845459,
                    -0.27345022559165955,
                    -1.1023132801055908
                ],
                [
                    1.4901162970204496e-08,
                    0.3840067982673645,
                    0.9233301877975464,
                    3.7220633029937744
                ],
                [
                    0.0,
                    0.0,
                    0.0,
                    1.0
                ]
            ]
        },
        {
            "file_path": "/data/shapenet_blender/all_50_random/02958343/75b8fc64f98a71969d69712f9d08c005/r_25",
            "rotation": 0.12566370614359174,
            "transform_matrix": [
                [
                    -0.03467147424817085,
                    -0.09636132419109344,
                    -0.9947423338890076,
                    -4.009934425354004
                ],
                [
                    -0.9993988275527954,
                    0.0033429989125579596,
                    0.03450992703437805,
                    0.13911396265029907
                ],
                [
                    0.0,
                    0.9953407645225525,
                    -0.0964193120598793,
                    -0.3886786699295044
                ],
                [
                    0.0,
                    0.0,
                    0.0,
                    1.0
                ]
            ]
        },
        {
            "file_path": "/data/shapenet_blender/all_50_random/02958343/75b8fc64f98a71969d69712f9d08c005/r_26",
            "rotation": 0.12566370614359174,
            "transform_matrix": [
                [
                    -0.9616876244544983,
                    -0.021329691633582115,
                    0.27331674098968506,
                    1.101775050163269
                ],
                [
                    0.27414777874946594,
                    -0.0748227909207344,
                    0.9587724208831787,
                    3.8649351596832275
                ],
                [
                    1.862645371275562e-09,
                    0.9969686269760132,
                    0.07780363410711288,
                    0.3136364817619324
                ],
                [
                    0.0,
                    0.0,
                    0.0,
                    1.0
                ]
            ]
        },
        {
            "file_path": "/data/shapenet_blender/all_50_random/02958343/75b8fc64f98a71969d69712f9d08c005/r_27",
            "rotation": 0.12566370614359174,
            "transform_matrix": [
                [
                    0.7281360030174255,
                    0.5226731896400452,
                    -0.4434306025505066,
                    -1.78752601146698
                ],
                [
                    -0.6854327321052551,
                    0.5552363395690918,
                    -0.47105684876441956,
                    -1.8988909721374512
                ],
                [
                    0.0,
                    0.6469353437423706,
                    0.7625448107719421,
                    3.0739166736602783
                ],
                [
                    0.0,
                    0.0,
                    0.0,
                    1.0
                ]
            ]
        },
        {
            "file_path": "/data/shapenet_blender/all_50_random/02958343/75b8fc64f98a71969d69712f9d08c005/r_28",
            "rotation": 0.12566370614359174,
            "transform_matrix": [
                [
                    0.031815629452466965,
                    0.17256921529769897,
                    -0.9844834208488464,
                    -3.9685795307159424
                ],
                [
                    -0.9994937777519226,
                    0.005493178963661194,
                    -0.03133782371878624,
                    -0.1263268142938614
                ],
                [
                    -4.656612873077393e-10,
                    0.9849820733070374,
                    0.1726566106081009,
                    0.6960010528564453
                ],
                [
                    0.0,
                    0.0,
                    0.0,
                    1.0
                ]
            ]
        },
        {
            "file_path": "/data/shapenet_blender/all_50_random/02958343/75b8fc64f98a71969d69712f9d08c005/r_29",
            "rotation": 0.12566370614359174,
            "transform_matrix": [
                [
                    -0.4165228307247162,
                    -0.13617931306362152,
                    0.8988681435585022,
                    3.623453378677368
                ],
                [
                    0.9091253876686096,
                    -0.06239160895347595,
                    0.4118233919143677,
                    1.6601132154464722
                ],
                [
                    3.725291186640334e-09,
                    0.9887174963951111,
                    0.14979159832000732,
                    0.6038292646408081
                ],
                [
                    0.0,
                    0.0,
                    0.0,
                    1.0
                ]
            ]
        },
        {
            "file_path": "/data/shapenet_blender/all_50_random/02958343/75b8fc64f98a71969d69712f9d08c005/r_30",
            "rotation": 0.12566370614359174,
            "transform_matrix": [
                [
                    -0.9808409810066223,
                    0.17218302190303802,
                    0.09112707525491714,
                    0.36734503507614136
                ],
                [
                    0.19481055438518524,
                    0.8669149279594421,
                    0.4588107466697693,
                    1.8495254516601562
                ],
                [
                    -7.450581485102248e-09,
                    0.4677729606628418,
                    -0.8838486075401306,
                    -3.5629079341888428
                ],
                [
                    0.0,
                    0.0,
                    0.0,
                    1.0
                ]
            ]
        },
        {
            "file_path": "/data/shapenet_blender/all_50_random/02958343/75b8fc64f98a71969d69712f9d08c005/r_31",
            "rotation": 0.12566370614359174,
            "transform_matrix": [
                [
                    0.1297297328710556,
                    0.3739682137966156,
                    0.9183235168457031,
                    3.7018799781799316
                ],
                [
                    0.9915493726730347,
                    -0.04892826825380325,
                    -0.12014920264482498,
                    -0.48433688282966614
                ],
                [
                    -3.7252898543727042e-09,
                    0.9261499047279358,
                    -0.37715548276901245,
                    -1.520362138748169
                ],
                [
                    0.0,
                    0.0,
                    0.0,
                    1.0
                ]
            ]
        },
        {
            "file_path": "/data/shapenet_blender/all_50_random/02958343/75b8fc64f98a71969d69712f9d08c005/r_32",
            "rotation": 0.12566370614359174,
            "transform_matrix": [
                [
                    0.49688640236854553,
                    0.7475034594535828,
                    0.44084277749061584,
                    1.7770941257476807
                ],
                [
                    0.8678155541419983,
                    -0.4279991090297699,
                    -0.25241395831108093,
                    -1.0175131559371948
                ],
                [
                    1.4901161193847656e-08,
                    0.5079911947250366,
                    -0.8613621592521667,
                    -3.472261905670166
                ],
                [
                    0.0,
                    0.0,
                    0.0,
                    1.0
                ]
            ]
        },
        {
            "file_path": "/data/shapenet_blender/all_50_random/02958343/75b8fc64f98a71969d69712f9d08c005/r_33",
            "rotation": 0.12566370614359174,
            "transform_matrix": [
                [
                    -0.09460264444351196,
                    -0.37852415442466736,
                    -0.9207441806793213,
                    -3.7116384506225586
                ],
                [
                    -0.9955151677131653,
                    0.03597070649266243,
                    0.08749724179506302,
                    0.3527126610279083
                ],
                [
                    0.0,
                    0.924892246723175,
                    -0.3802294135093689,
                    -1.532753825187683
                ],
                [
                    0.0,
                    0.0,
                    0.0,
                    1.0
                ]
            ]
        },
        {
            "file_path": "/data/shapenet_blender/all_50_random/02958343/75b8fc64f98a71969d69712f9d08c005/r_34",
            "rotation": 0.12566370614359174,
            "transform_matrix": [
                [
                    -0.12756934762001038,
                    -0.1993815153837204,
                    0.9715827703475952,
                    3.9165754318237305
                ],
                [
                    0.9918296933174133,
                    -0.025644492357969284,
                    0.12496519088745117,
                    0.5037508010864258
                ],
                [
                    -1.862645149230957e-09,
                    0.9795863032341003,
                    0.20102395117282867,
                    0.8103534579277039
                ],
                [
                    0.0,
                    0.0,
                    0.0,
                    1.0
                ]
            ]
        },
        {
            "file_path": "/data/shapenet_blender/all_50_random/02958343/75b8fc64f98a71969d69712f9d08c005/r_35",
            "rotation": 0.12566370614359174,
            "transform_matrix": [
                [
                    0.9956957697868347,
                    0.08571125566959381,
                    -0.03526139631867409,
                    -0.14214324951171875
                ],
                [
                    -0.09268108755350113,
                    0.9208170175552368,
                    -0.37882184982299805,
                    -1.5270798206329346
                ],
                [
                    0.0,
                    0.3804594874382019,
                    0.9247975945472717,
                    3.727978467941284
                ],
                [
                    0.0,
                    0.0,
                    0.0,
                    1.0
                ]
            ]
        },
        {
            "file_path": "/data/shapenet_blender/all_50_random/02958343/75b8fc64f98a71969d69712f9d08c005/r_36",
            "rotation": 0.12566370614359174,
            "transform_matrix": [
                [
                    0.9989277124404907,
                    -0.013833960518240929,
                    -0.04418189823627472,
                    -0.17810294032096863
                ],
                [
                    -0.04629707336425781,
                    -0.29848814010620117,
                    -0.9532896876335144,
                    -3.842833995819092
                ],
                [
                    -1.862645149230957e-09,
                    0.9543130397796631,
                    -0.2988084852695465,
                    -1.2045356035232544
                ],
                [
                    0.0,
                    0.0,
                    0.0,
                    1.0
                ]
            ]
        },
        {
            "file_path": "/data/shapenet_blender/all_50_random/02958343/75b8fc64f98a71969d69712f9d08c005/r_37",
            "rotation": 0.12566370614359174,
            "transform_matrix": [
                [
                    0.36407747864723206,
                    0.39165517687797546,
                    0.8450169563293457,
                    3.406372547149658
                ],
                [
                    0.9313686490058899,
                    -0.15310029685497284,
                    -0.3303220868110657,
                    -1.331571102142334
                ],
                [
                    0.0,
                    0.9072851538658142,
                    -0.42051568627357483,
                    -1.6951531171798706
                ],
                [
                    0.0,
                    0.0,
                    0.0,
                    1.0
                ]
            ]
        },
        {
            "file_path": "/data/shapenet_blender/all_50_random/02958343/75b8fc64f98a71969d69712f9d08c005/r_38",
            "rotation": 0.12566370614359174,
            "transform_matrix": [
                [
                    -0.7831888794898987,
                    -0.05338224396109581,
                    -0.619488000869751,
                    -2.4972362518310547
                ],
                [
                    -0.6217838525772095,
                    0.06723941117525101,
                    0.7802971005439758,
                    3.1454784870147705
                ],
                [
                    0.0,
                    0.9963078498840332,
                    -0.08585336059331894,
                    -0.3460859954357147
                ],
                [
                    0.0,
                    0.0,
                    0.0,
                    1.0
                ]
            ]
        },
        {
            "file_path": "/data/shapenet_blender/all_50_random/02958343/75b8fc64f98a71969d69712f9d08c005/r_39",
            "rotation": 0.12566370614359174,
            "transform_matrix": [
                [
                    -0.9736053943634033,
                    -0.08900502324104309,
                    -0.21016831696033478,
                    -0.8472156524658203
                ],
                [
                    -0.2282380908727646,
                    0.37967270612716675,
                    0.8965243697166443,
                    3.6140055656433105
                ],
                [
                    7.450580596923828e-09,
                    0.9208294153213501,
                    -0.38996565341949463,
                    -1.5720019340515137
                ],
                [
                    0.0,
                    0.0,
                    0.0,
                    1.0
                ]
            ]
        },
        {
            "file_path": "/data/shapenet_blender/all_50_random/02958343/75b8fc64f98a71969d69712f9d08c005/r_40",
            "rotation": 0.12566370614359174,
            "transform_matrix": [
                [
                    0.9572375416755676,
                    0.07820530980825424,
                    0.27853256464004517,
                    1.1228008270263672
                ],
                [
                    0.2893034517765045,
                    -0.25876307487487793,
                    -0.9215991497039795,
                    -3.71508526802063
                ],
                [
                    0.0,
                    0.9627696871757507,
                    -0.2703227400779724,
                    -1.0897059440612793
                ],
                [
                    0.0,
                    0.0,
                    0.0,
                    1.0
                ]
            ]
        },
        {
            "file_path": "/data/shapenet_blender/all_50_random/02958343/75b8fc64f98a71969d69712f9d08c005/r_41",
            "rotation": 0.12566370614359174,
            "transform_matrix": [
                [
                    0.12990562617778778,
                    0.0017010048031806946,
                    -0.9915248155593872,
                    -3.996964693069458
                ],
                [
                    -0.9915264248847961,
                    0.00022285849263425916,
                    -0.12990540266036987,
