{
    "class": "02958343",
    "model": "8feac5dae8852d2e175f8ba1fccc4d0a",
    "remove_doubles": true,
    "edge_split": true,
    "denoise": true,
    "camera_angle_x": 0.6911112070083618,
    "scale_factor": 2.2672909283177978,
    "hdri_file": "/data/IndoorHDRDataset2018/AG8A7188-43a3aa916f.exr",
    "center_offset": [
        0.0,
        -1.862645149230957e-09,
        -3.725290298461914e-09
    ],
    "lights": [],
    "frames": [
        {
            "file_path": "/data/shapenet_blender/all_50_random/02958343/8feac5dae8852d2e175f8ba1fccc4d0a/r_0",
            "rotation": 0.12566370614359174,
            "transform_matrix": [
                [
                    -0.22494415938854218,
                    -0.7581656575202942,
                    -0.6120334267616272,
                    -2.4671857357025146
                ],
                [
                    -0.9743716716766357,
                    0.1750306785106659,
                    0.1412944793701172,
                    0.5695762634277344
                ],
                [
                    7.450581485102248e-09,
                    0.6281313896179199,
                    -0.778107225894928,
                    -3.136650562286377
                ],
                [
                    0.0,
                    0.0,
                    0.0,
                    1.0
                ]
            ]
        },
        {
            "file_path": "/data/shapenet_blender/all_50_random/02958343/8feac5dae8852d2e175f8ba1fccc4d0a/r_1",
            "rotation": 0.12566370614359174,
            "transform_matrix": [
                [
                    -0.9622747898101807,
                    0.045379482209682465,
                    0.2682686448097229,
                    1.081425666809082
                ],
                [
                    0.272079735994339,
                    0.160495325922966,
                    0.9487959146499634,
                    3.824718952178955
                ],
                [
                    0.0,
                    0.9859928488731384,
                    -0.16678741574287415,
                    -0.6723416447639465
                ],
                [
                    0.0,
                    0.0,
                    0.0,
                    1.0
                ]
            ]
        },
        {
            "file_path": "/data/shapenet_blender/all_50_random/02958343/8feac5dae8852d2e175f8ba1fccc4d0a/r_2",
            "rotation": 0.12566370614359174,
            "transform_matrix": [
                [
                    0.41341662406921387,
                    0.5267369151115417,
                    -0.7427211999893188,
                    -2.9940052032470703
                ],
                [
                    -0.9105420112609863,
                    0.23915624618530273,
                    -0.33722031116485596,
                    -1.359378695487976
                ],
                [
                    2.9802322387695312e-08,
                    0.815691351890564,
                    0.5784872174263,
                    2.3319568634033203
                ],
                [
                    0.0,
                    0.0,
                    0.0,
                    1.0
                ]
            ]
        },
        {
            "file_path": "/data/shapenet_blender/all_50_random/02958343/8feac5dae8852d2e175f8ba1fccc4d0a/r_3",
            "rotation": 0.12566370614359174,
            "transform_matrix": [
                [
                    -0.602922797203064,
                    0.13946904242038727,
                    -0.7855141758918762,
                    -3.166508913040161
                ],
                [
                    -0.7977996468544006,
                    -0.10540124028921127,
                    0.5936383008956909,
                    2.3930325508117676
                ],
                [
                    0.0,
                    0.984600841999054,
                    0.17481717467308044,
                    0.7047105431556702
                ],
                [
                    0.0,
                    0.0,
                    0.0,
                    1.0
                ]
            ]
        },
        {
            "file_path": "/data/shapenet_blender/all_50_random/02958343/8feac5dae8852d2e175f8ba1fccc4d0a/r_4",
            "rotation": 0.12566370614359174,
            "transform_matrix": [
                [
                    -0.3495044708251953,
                    0.40102654695510864,
                    0.8467727899551392,
                    3.4134504795074463
                ],
                [
                    0.9369347095489502,
                    0.14959479868412018,
                    0.31587138772010803,
                    1.2733182907104492
                ],
                [
                    1.4901161193847656e-08,
                    0.9037692546844482,
                    -0.42801976203918457,
                    -1.72540283203125
                ],
                [
                    0.0,
                    0.0,
                    0.0,
                    1.0
                ]
            ]
        },
        {
            "file_path": "/data/shapenet_blender/all_50_random/02958343/8feac5dae8852d2e175f8ba1fccc4d0a/r_5",
            "rotation": 0.12566370614359174,
            "transform_matrix": [
                [
                    0.8125429153442383,
                    -0.4348192512989044,
                    -0.3882090747356415,
                    -1.5649209022521973
                ],
                [
                    -0.5829015374183655,
                    -0.6061217784881592,
                    -0.5411489605903625,
                    -2.18144154548645
                ],
                [
                    2.980232594040899e-08,
                    0.66599440574646,
                    -0.7459566593170166,
                    -3.007047653198242
                ],
                [
                    0.0,
                    0.0,
                    0.0,
                    1.0
                ]
            ]
        },
        {
            "file_path": "/data/shapenet_blender/all_50_random/02958343/8feac5dae8852d2e175f8ba1fccc4d0a/r_6",
            "rotation": 0.12566370614359174,
            "transform_matrix": [
                [
                    0.63999342918396,
                    0.02680337056517601,
                    0.767912745475769,
                    3.095555543899536
                ],
                [
                    0.7683804631233215,
                    -0.022324852645397186,
                    -0.639603853225708,
                    -2.5783257484436035
                ],
                [
                    0.0,
                    0.999391496181488,
                    -0.034882936626672745,
                    -0.14061762392520905
                ],
                [
                    0.0,
                    0.0,
                    0.0,
                    1.0
                ]
            ]
        },
        {
            "file_path": "/data/shapenet_blender/all_50_random/02958343/8feac5dae8852d2e175f8ba1fccc4d0a/r_7",
            "rotation": 0.12566370614359174,
            "transform_matrix": [
                [
                    -0.12219037115573883,
                    0.5555975437164307,
                    0.8224236965179443,
                    3.315296173095703
                ],
                [
                    0.9925066828727722,
                    0.06840122491121292,
                    0.10125096887350082,
                    0.40815573930740356
                ],
                [
                    0.0,
                    0.8286330103874207,
                    -0.559792160987854,
                    -2.256594657897949
                ],
                [
                    0.0,
                    0.0,
                    0.0,
                    1.0
                ]
            ]
        },
        {
            "file_path": "/data/shapenet_blender/all_50_random/02958343/8feac5dae8852d2e175f8ba1fccc4d0a/r_8",
            "rotation": 0.12566370614359174,
            "transform_matrix": [
                [
                    0.9337304830551147,
                    -0.22733156383037567,
                    -0.2765282392501831,
                    -1.1147210597991943
                ],
                [
                    -0.3579770028591156,
                    -0.5929609537124634,
                    -0.7212833166122437,
                    -2.9075863361358643
                ],
                [
                    0.0,
                    0.7724748849868774,
                    -0.6350451707839966,
                    -2.5599491596221924
                ],
                [
                    0.0,
                    0.0,
                    0.0,
                    1.0
                ]
            ]
        },
        {
            "file_path": "/data/shapenet_blender/all_50_random/02958343/8feac5dae8852d2e175f8ba1fccc4d0a/r_9",
            "rotation": 0.12566370614359174,
            "transform_matrix": [
                [
                    -0.9107764959335327,
                    0.01261795125901699,
                    -0.41270700097084045,
                    -1.6636751890182495
                ],
                [
                    -0.41289985179901123,
                    -0.02783273719251156,
                    0.9103510975837708,
                    3.6697425842285156
                ],
                [
                    9.313225746154785e-10,
                    0.99953293800354,
                    0.030559351667761803,
                    0.12318868935108185
                ],
                [
                    0.0,
                    0.0,
                    0.0,
                    1.0
                ]
            ]
        },
        {
            "file_path": "/data/shapenet_blender/all_50_random/02958343/8feac5dae8852d2e175f8ba1fccc4d0a/r_10",
            "rotation": 0.12566370614359174,
            "transform_matrix": [
                [
                    0.9854826331138611,
                    0.15430743992328644,
                    0.07080437988042831,
                    0.28542158007621765
                ],
                [
                    0.16977646946907043,
                    -0.8956912755966187,
                    -0.41099029779434204,
                    -1.6567548513412476
                ],
                [
                    7.450580596923828e-09,
                    0.4170446991920471,
                    -0.9088859558105469,
                    -3.6638364791870117
                ],
                [
                    0.0,
                    0.0,
                    0.0,
                    1.0
                ]
            ]
        },
        {
            "file_path": "/data/shapenet_blender/all_50_random/02958343/8feac5dae8852d2e175f8ba1fccc4d0a/r_11",
            "rotation": 0.12566370614359174,
            "transform_matrix": [
                [
                    0.8253448009490967,
                    -0.065836600959301,
                    -0.5607775449752808,
                    -2.2605667114257812
                ],
                [
                    -0.564629077911377,
                    -0.0962364599108696,
                    -0.8197149038314819,
                    -3.3043766021728516
                ],
                [
                    -3.725290298461914e-09,
                    0.9931787252426147,
                    -0.11660152673721313,
                    -0.4700358211994171
                ],
                [
                    0.0,
                    0.0,
                    0.0,
                    1.0
                ]
            ]
        },
        {
            "file_path": "/data/shapenet_blender/all_50_random/02958343/8feac5dae8852d2e175f8ba1fccc4d0a/r_12",
            "rotation": 0.12566370614359174,
            "transform_matrix": [
                [
                    0.7927889823913574,
                    0.4666355550289154,
                    -0.3920927941799164,
                    -1.580576777458191
                ],
                [
                    -0.6094960570335388,
                    0.6069661974906921,
                    -0.5100062489509583,
                    -2.055901288986206
                ],
                [
                    2.9802320611338473e-08,
                    0.6433064937591553,
                    0.7656086087226868,
                    3.0862672328948975
                ],
                [
                    0.0,
                    0.0,
                    0.0,
                    1.0
                ]
            ]
        },
        {
            "file_path": "/data/shapenet_blender/all_50_random/02958343/8feac5dae8852d2e175f8ba1fccc4d0a/r_13",
            "rotation": 0.12566370614359174,
            "transform_matrix": [
                [
                    0.3251071274280548,
                    0.04130079224705696,
                    -0.9447748064994812,
                    -3.808509349822998
                ],
                [
                    -0.9456772208213806,
                    0.01419848296791315,
                    -0.3247968852519989,
                    -1.3092982769012451
                ],
                [
                    0.0,
                    0.9990459084510803,
                    0.043673235923051834,
                    0.17605246603488922
                ],
                [
                    0.0,
                    0.0,
                    0.0,
                    1.0
                ]
            ]
        },
        {
            "file_path": "/data/shapenet_blender/all_50_random/02958343/8feac5dae8852d2e175f8ba1fccc4d0a/r_14",
            "rotation": 0.12566370614359174,
            "transform_matrix": [
                [
                    0.20628902316093445,
                    0.20125852525234222,
                    0.9575697779655457,
                    3.8600871562957764
                ],
                [
                    0.9784911870956421,
                    -0.04243004322052002,
                    -0.20187827944755554,
                    -0.8137973546981812
                ],
                [
                    0.0,
                    0.9786187410354614,
                    -0.20568254590034485,
                    -0.8291328549385071
                ],
                [
                    0.0,
                    0.0,
                    0.0,
                    1.0
                ]
            ]
        },
        {
            "file_path": "/data/shapenet_blender/all_50_random/02958343/8feac5dae8852d2e175f8ba1fccc4d0a/r_15",
            "rotation": 0.12566370614359174,
            "transform_matrix": [
                [
                    0.9521721005439758,
                    0.08887830376625061,
                    -0.2923508882522583,
                    -1.1785041093826294
                ],
                [
                    -0.30556240677833557,
                    0.2769562900066376,
                    -0.9110032320022583,
                    -3.6723713874816895
                ],
                [
                    -7.450580596923828e-09,
                    0.9567632079124451,
                    0.2908679246902466,
                    1.1725261211395264
                ],
                [
                    0.0,
                    0.0,
                    0.0,
                    1.0
                ]
            ]
        },
        {
            "file_path": "/data/shapenet_blender/all_50_random/02958343/8feac5dae8852d2e175f8ba1fccc4d0a/r_16",
            "rotation": 0.12566370614359174,
            "transform_matrix": [
                [
                    -0.376303493976593,
                    0.7432942986488342,
                    -0.5530905723571777,
                    -2.229579448699951
                ],
                [
                    -0.9264965057373047,
                    -0.30189451575279236,
                    0.2246418595314026,
                    0.905560314655304
                ],
                [
                    0.0,
                    0.5969699025154114,
                    0.8022634983062744,
                    3.234027624130249
                ],
                [
                    0.0,
                    0.0,
                    0.0,
                    1.0
                ]
            ]
        },
        {
            "file_path": "/data/shapenet_blender/all_50_random/02958343/8feac5dae8852d2e175f8ba1fccc4d0a/r_17",
            "rotation": 0.12566370614359174,
            "transform_matrix": [
                [
                    0.16717305779457092,
                    0.8514132499694824,
                    -0.4971403181552887,
                    -2.0040366649627686
                ],
                [
                    -0.9859275817871094,
                    0.14436492323875427,
                    -0.08429469913244247,
                    -0.3398028016090393
                ],
                [
                    0.0,
                    0.504236102104187,
                    0.8635658025741577,
                    3.481145143508911
                ],
                [
                    0.0,
                    0.0,
                    0.0,
                    1.0
                ]
            ]
        },
        {
            "file_path": "/data/shapenet_blender/all_50_random/02958343/8feac5dae8852d2e175f8ba1fccc4d0a/r_18",
            "rotation": 0.12566370614359174,
            "transform_matrix": [
                [
                    -0.9145964980125427,
                    -0.3196520209312439,
                    0.24766084551811218,
                    0.9983528256416321
                ],
                [
                    0.4043678343296051,
                    -0.7229868173599243,
                    0.5601576566696167,
                    2.2580678462982178
                ],
                [
                    0.0,
                    0.6124642491340637,
                    0.7904982566833496,
                    3.18660044670105
                ],
                [
                    0.0,
                    0.0,
                    0.0,
                    1.0
                ]
            ]
        },
        {
            "file_path": "/data/shapenet_blender/all_50_random/02958343/8feac5dae8852d2e175f8ba1fccc4d0a/r_19",
            "rotation": 0.12566370614359174,
            "transform_matrix": [
                [
                    0.07669088989496231,
                    0.8407127261161804,
                    0.536022961139679,
                    2.1607778072357178
                ],
                [
                    0.9970548748970032,
                    -0.06466545909643173,
                    -0.04122950881719589,
                    -0.16620148718357086
                ],
                [
                    0.0,
                    0.5376062989234924,
                    -0.843195915222168,
                    -3.399031639099121
                ],
                [
                    0.0,
                    0.0,
                    0.0,
                    1.0
                ]
            ]
        },
        {
            "file_path": "/data/shapenet_blender/all_50_random/02958343/8feac5dae8852d2e175f8ba1fccc4d0a/r_20",
            "rotation": 0.12566370614359174,
            "transform_matrix": [
                [
                    0.4486849904060364,
                    -0.5515132546424866,
                    -0.7032175064086914,
                    -2.8347604274749756
                ],
                [
                    -0.8936899900436401,
                    -0.27689212560653687,
                    -0.35305657982826233,
                    -1.4232165813446045
                ],
                [
                    -1.4901161193847656e-08,
                    0.7868697047233582,
                    -0.6171191930770874,
                    -2.487687110900879
                ],
                [
                    0.0,
                    0.0,
                    0.0,
                    1.0
                ]
            ]
        },
        {
            "file_path": "/data/shapenet_blender/all_50_random/02958343/8feac5dae8852d2e175f8ba1fccc4d0a/r_21",
            "rotation": 0.12566370614359174,
            "transform_matrix": [
                [
                    0.8443727493286133,
                    -0.037307657301425934,
                    0.5344555974006653,
                    2.1544594764709473
                ],
                [
                    0.5357561707496643,
                    0.05879833176732063,
                    -0.8423230051994324,
                    -3.395512580871582
                ],
                [
                    3.725290298461914e-09,
                    0.9975725412368774,
                    0.06963551044464111,
                    0.28070971369743347
                ],
                [
                    0.0,
                    0.0,
                    0.0,
                    1.0
                ]
            ]
        },
        {
            "file_path": "/data/shapenet_blender/all_50_random/02958343/8feac5dae8852d2e175f8ba1fccc4d0a/r_22",
            "rotation": 0.12566370614359174,
            "transform_matrix": [
                [
                    -0.9918217658996582,
                    -0.009429316967725754,
                    -0.1272813230752945,
                    -0.5130874514579773
                ],
                [
                    -0.1276301145553589,
                    0.07327583432197571,
                    0.9891113042831421,
                    3.9872353076934814
                ],
                [
                    9.313225746154785e-10,
                    0.9972670674324036,
                    -0.07388003170490265,
                    -0.29781994223594666
                ],
                [
                    0.0,
                    0.0,
                    0.0,
                    1.0
                ]
            ]
        },
        {
            "file_path": "/data/shapenet_blender/all_50_random/02958343/8feac5dae8852d2e175f8ba1fccc4d0a/r_23",
            "rotation": 0.12566370614359174,
            "transform_matrix": [
                [
                    -0.7283292412757874,
                    -0.11465024948120117,
                    0.6755676865577698,
                    2.7233006954193115
                ],
                [
                    0.6852272748947144,
                    -0.12186194211244583,
                    0.7180620431900024,
                    2.8946008682250977
                ],
                [
                    -7.450580596923828e-09,
                    0.9859030246734619,
                    0.16731710731983185,
                    0.6744769215583801
                ],
                [
                    0.0,
                    0.0,
                    0.0,
                    1.0
                ]
            ]
        },
        {
            "file_path": "/data/shapenet_blender/all_50_random/02958343/8feac5dae8852d2e175f8ba1fccc4d0a/r_24",
            "rotation": 0.12566370614359174,
            "transform_matrix": [
                [
                    0.02677757665514946,
                    -0.586401641368866,
                    -0.8095776438713074,
                    -3.263511896133423
                ],
                [
                    -0.9996414184570312,
                    -0.01570804789662361,
                    -0.02168630249798298,
                    -0.08742028474807739
                ],
                [
                    -9.31322685637781e-10,
                    0.8098680973052979,
                    -0.5866119861602783,
                    -2.364708662033081
                ],
                [
                    0.0,
                    0.0,
                    0.0,
                    1.0
                ]
            ]
        },
        {
            "file_path": "/data/shapenet_blender/all_50_random/02958343/8feac5dae8852d2e175f8ba1fccc4d0a/r_25",
            "rotation": 0.12566370614359174,
            "transform_matrix": [
                [
                    0.999737024307251,
                    -0.013350160792469978,
                    -0.018645266070961952,
                    -0.07516147941350937
                ],
                [
                    -0.022931916639208794,
                    -0.5820119976997375,
                    -0.8128566741943359,
                    -3.276730537414551
                ],
                [
                    -9.313225746154785e-10,
                    0.8130705952644348,
                    -0.582165002822876,
                    -2.3467824459075928
                ],
                [
                    0.0,
                    0.0,
                    0.0,
                    1.0
                ]
            ]
        },
        {
            "file_path": "/data/shapenet_blender/all_50_random/02958343/8feac5dae8852d2e175f8ba1fccc4d0a/r_26",
            "rotation": 0.12566370614359174,
            "transform_matrix": [
                [
                    0.8497680425643921,
                    -0.08813589811325073,
                    -0.5197368264198303,
                    -2.095126152038574
                ],
                [
                    -0.5271567702293396,
                    -0.1420736014842987,
                    -0.8378071188926697,
                    -3.3773083686828613
                ],
                [
                    -7.450580152834618e-09,
                    0.985924482345581,
                    -0.1671910583972931,
                    -0.6739686727523804
                ],
                [
                    0.0,
                    0.0,
                    0.0,
                    1.0
                ]
            ]
        },
        {
            "file_path": "/data/shapenet_blender/all_50_random/02958343/8feac5dae8852d2e175f8ba1fccc4d0a/r_27",
            "rotation": 0.12566370614359174,
            "transform_matrix": [
                [
                    -0.46352434158325195,
                    0.7287400364875793,
                    0.504066526889801,
                    2.0319573879241943
                ],
                [
                    0.8860843181610107,
                    0.3812151253223419,
                    0.2636849582195282,
                    1.062948226928711
                ],
                [
                    0.0,
                    0.5688697099685669,
                    -0.8224274516105652,
                    -3.3153114318847656
                ],
                [
                    0.0,
                    0.0,
                    0.0,
                    1.0
                ]
            ]
        },
        {
            "file_path": "/data/shapenet_blender/all_50_random/02958343/8feac5dae8852d2e175f8ba1fccc4d0a/r_28",
            "rotation": 0.12566370614359174,
            "transform_matrix": [
                [
                    0.2280573695898056,
                    -0.19537778198719025,
                    0.953843355178833,
                    3.8450658321380615
                ],
                [
                    0.9736476540565491,
                    0.04576331377029419,
                    -0.22341860830783844,
                    -0.9006292819976807
                ],
                [
                    -3.725290076417309e-09,
                    0.9796597361564636,
                    0.20066577196121216,
                    0.8089096546173096
                ],
                [
                    0.0,
                    0.0,
                    0.0,
                    1.0
                ]
            ]
        },
        {
            "file_path": "/data/shapenet_blender/all_50_random/02958343/8feac5dae8852d2e175f8ba1fccc4d0a/r_29",
            "rotation": 0.12566370614359174,
            "transform_matrix": [
                [
                    0.38817211985588074,
                    0.0894559919834137,
                    -0.9172350168228149,
                    -3.6974925994873047
                ],
                [
                    -0.9215869903564453,
                    0.037678830325603485,
                    -0.38633906841278076,
                    -1.557382583618164
                ],
                [
                    -3.725290742551124e-09,
                    0.9952777028083801,
                    0.09706734865903854,
                    0.3912909924983978
                ],
                [
                    0.0,
                    0.0,
                    0.0,
                    1.0
                ]
            ]
        },
        {
            "file_path": "/data/shapenet_blender/all_50_random/02958343/8feac5dae8852d2e175f8ba1fccc4d0a/r_30",
            "rotation": 0.12566370614359174,
            "transform_matrix": [
                [
                    0.7458741068840027,
                    -0.024500342085957527,
                    0.6656361222267151,
                    2.683264970779419
                ],
                [
                    0.6660868525505066,
                    0.027435116469860077,
                    -0.7453693747520447,
                    -3.0046801567077637
                ],
                [
                    0.0,
                    0.9993232488632202,
                    0.03678250312805176,
                    0.14827501773834229
                ],
                [
                    0.0,
                    0.0,
                    0.0,
                    1.0
                ]
            ]
        },
        {
            "file_path": "/data/shapenet_blender/all_50_random/02958343/8feac5dae8852d2e175f8ba1fccc4d0a/r_31",
            "rotation": 0.12566370614359174,
            "transform_matrix": [
                [
                    -0.6710588932037354,
                    0.324040949344635,
                    0.6668412685394287,
                    2.6881234645843506
                ],
                [
                    0.7414039969444275,
                    0.29329562187194824,
                    0.6035706996917725,
                    2.4330716133117676
                ],
                [
                    0.0,
                    0.8994303941726685,
                    -0.43706387281417847,
                    -1.761860966682434
                ],
                [
                    0.0,
                    0.0,
                    0.0,
                    1.0
                ]
            ]
        },
        {
            "file_path": "/data/shapenet_blender/all_50_random/02958343/8feac5dae8852d2e175f8ba1fccc4d0a/r_32",
            "rotation": 0.12566370614359174,
            "transform_matrix": [
                [
                    0.014837739057838917,
                    -0.5337705612182617,
                    -0.8454991579055786,
                    -3.408316135406494
                ],
                [
                    -0.9998898506164551,
                    -0.007920821197330952,
                    -0.012546678073704243,
                    -0.050577275454998016
                ],
                [
                    0.0,
                    0.8455922603607178,
                    -0.5338293313980103,
                    -2.151934862136841
                ],
                [
                    0.0,
                    0.0,
                    0.0,
                    1.0
                ]
            ]
        },
        {
            "file_path": "/data/shapenet_blender/all_50_random/02958343/8feac5dae8852d2e175f8ba1fccc4d0a/r_33",
            "rotation": 0.12566370614359174,
            "transform_matrix": [
                [
                    -0.19371260702610016,
                    0.7834377288818359,
                    -0.5905088782310486,
                    -2.3804173469543457
                ],
                [
                    -0.9810582995414734,
                    -0.1546918898820877,
                    0.11659757792949677,
                    0.4700198769569397
                ],
                [
                    7.450580152834618e-09,
                    0.6019099354743958,
                    0.7985638976097107,
                    3.219114065170288
                ],
                [
                    0.0,
                    0.0,
                    0.0,
                    1.0
                ]
            ]
        },
        {
            "file_path": "/data/shapenet_blender/all_50_random/02958343/8feac5dae8852d2e175f8ba1fccc4d0a/r_34",
            "rotation": 0.12566370614359174,
            "transform_matrix": [
                [
                    0.21644365787506104,
                    -0.9176811575889587,
                    -0.3331868648529053,
                    -1.3431193828582764
                ],
                [
                    -0.9762951135635376,
                    -0.20344901084899902,
                    -0.07386720180511475,
                    -0.297768235206604
                ],
                [
                    0.0,
                    0.34127679467201233,
                    -0.9399627447128296,
                    -3.789111375808716
                ],
                [
                    0.0,
                    0.0,
                    0.0,
                    1.0
                ]
            ]
        },
        {
            "file_path": "/data/shapenet_blender/all_50_random/02958343/8feac5dae8852d2e175f8ba1fccc4d0a/r_35",
            "rotation": 0.12566370614359174,
            "transform_matrix": [
                [
                    0.9988657832145691,
                    -0.0328608937561512,
                    0.0344577431678772,
                    0.13890361785888672
                ],
                [
                    0.04761486500501633,
                    0.6893566250801086,
                    -0.7228554487228394,
                    -2.913923740386963
                ],
                [
                    1.862645371275562e-09,
                    0.7236762046813965,
                    0.6901394724845886,
                    2.782041549682617
                ],
                [
                    0.0,
                    0.0,
                    0.0,
                    1.0
                ]
            ]
        },
        {
            "file_path": "/data/shapenet_blender/all_50_random/02958343/8feac5dae8852d2e175f8ba1fccc4d0a/r_36",
            "rotation": 0.12566370614359174,
            "transform_matrix": [
                [
                    -0.43644678592681885,
                    -0.07436185330152512,
                    0.8966518044471741,
                    3.6145191192626953
                ],
                [
                    0.8997300267219543,
                    -0.03607192263007164,
                    0.43495360016822815,
                    1.7533540725708008
                ],
                [
                    -3.7252898543727042e-09,
                    0.9965788125991821,
                    0.08264905214309692,
                    0.33316898345947266
                ],
                [
                    0.0,
                    0.0,
                    0.0,
                    1.0
                ]
            ]
        },
        {
            "file_path": "/data/shapenet_blender/all_50_random/02958343/8feac5dae8852d2e175f8ba1fccc4d0a/r_37",
            "rotation": 0.12566370614359174,
            "transform_matrix": [
                [
                    -0.6770350933074951,
                    -0.7351298928260803,
                    0.03474593162536621,
                    0.14006532728672028
                ],
                [
                    0.7359506487846375,
                    -0.6762800812721252,
                    0.03196439519524574,
                    0.12885260581970215
                ],
                [
                    0.0,
                    0.04721172899007797,
                    0.9988848567008972,
                    4.0266337394714355
                ],
                [
                    0.0,
                    0.0,
                    0.0,
                    1.0
                ]
            ]
        },
        {
            "file_path": "/data/shapenet_blender/all_50_random/02958343/8feac5dae8852d2e175f8ba1fccc4d0a/r_38",
            "rotation": 0.12566370614359174,
            "transform_matrix": [
                [
                    0.9374281167984009,
                    -0.0938311442732811,
                    0.33529719710350037,
                    1.3516263961791992
                ],
                [
                    0.3481788635253906,
                    0.2526286542415619,
                    -0.9027459025382996,
                    -3.639085292816162
                ],
                [
                    0.0,
                    0.9630028605461121,
                    0.26949119567871094,
                    1.0863538980484009
                ],
                [
                    0.0,
                    0.0,
                    0.0,
                    1.0
                ]
            ]
        },
        {
            "file_path": "/data/shapenet_blender/all_50_random/02958343/8feac5dae8852d2e175f8ba1fccc4d0a/r_39",
            "rotation": 0.12566370614359174,
            "transform_matrix": [
                [
                    0.03715915232896805,
                    -0.321903795003891,
                    0.9460428357124329,
                    3.8136208057403564
                ],
                [
                    0.9993093609809875,
                    0.01196994073688984,
                    -0.035178445279598236,
                    -0.1418088674545288
                ],
                [
                    -1.8626449271863521e-09,
                    0.9466968178749084,
                    0.32212623953819275,
                    1.298532485961914
                ],
                [
                    0.0,
                    0.0,
                    0.0,
                    1.0
                ]
            ]
        },
        {
            "file_path": "/data/shapenet_blender/all_50_random/02958343/8feac5dae8852d2e175f8ba1fccc4d0a/r_40",
            "rotation": 0.12566370614359174,
            "transform_matrix": [
                [
                    0.9985691905021667,
                    -0.007058802060782909,
                    0.05300849676132202,
                    0.2136840969324112
                ],
                [
                    0.053476426750421524,
                    0.1318095177412033,
                    -0.9898315072059631,
                    -3.9901387691497803
                ],
                [
                    0.0,
                    0.9912499785423279,
                    0.13199837505817413,
                    0.5321025252342224
                ],
                [
                    0.0,
                    0.0,
                    0.0,
                    1.0
                ]
            ]
        },
        {
            "file_path": "/data/shapenet_blender/all_50_random/02958343/8feac5dae8852d2e175f8ba1fccc4d0a/r_41",
            "rotation": 0.12566370614359174,
            "transform_matrix": [
                [
                    -0.6362434029579163,
                    -0.6720755100250244,
                    -0.3788256347179413,
                    -1.527095079421997
                ],
                [
                    -0.7714884281158447,
                    0.5542579889297485,
                    0.3124159574508667,
                    1.2593891620635986
