{
    "class": "02958343",
    "model": "f4da249169898dd915212cd62adf957e",
    "remove_doubles": true,
    "edge_split": true,
    "denoise": true,
    "camera_angle_x": 0.6911112070083618,
    "scale_factor": 2.2816620218934465,
    "hdri_file": "/data/IndoorHDRDataset2018/9C4A3905-0ad61f66a6.exr",
    "center_offset": [
        0.0,
        -1.862645149230957e-09,
        -3.725290298461914e-09
    ],
    "lights": [],
    "frames": [
        {
            "file_path": "/data/shapenet_blender/all_50_random/02958343/f4da249169898dd915212cd62adf957e/r_0",
            "rotation": 0.12566370614359174,
            "transform_matrix": [
                [
                    -0.6699010729789734,
                    -0.30877184867858887,
                    0.6751980781555176,
                    2.721810817718506
                ],
                [
                    0.7424503564834595,
                    -0.27859988808631897,
                    0.6092203855514526,
                    2.455846071243286
                ],
                [
                    0.0,
                    0.9094184637069702,
                    0.4158821105957031,
                    1.6764745712280273
                ],
                [
                    0.0,
                    0.0,
                    0.0,
                    1.0
                ]
            ]
        },
        {
            "file_path": "/data/shapenet_blender/all_50_random/02958343/f4da249169898dd915212cd62adf957e/r_1",
            "rotation": 0.12566370614359174,
            "transform_matrix": [
                [
                    -0.7066636085510254,
                    -0.5579667091369629,
                    -0.43508580327033997,
                    -1.7538870573043823
                ],
                [
                    -0.7075496912002563,
                    0.5572679042816162,
                    0.43454089760780334,
                    1.7516905069351196
                ],
                [
                    0.0,
                    0.6149190664291382,
                    -0.788590133190155,
                    -3.1789088249206543
                ],
                [
                    0.0,
                    0.0,
                    0.0,
                    1.0
                ]
            ]
        },
        {
            "file_path": "/data/shapenet_blender/all_50_random/02958343/f4da249169898dd915212cd62adf957e/r_2",
            "rotation": 0.12566370614359174,
            "transform_matrix": [
                [
                    -0.8366097211837769,
                    0.28843921422958374,
                    0.465711385011673,
                    1.8773425817489624
                ],
                [
                    0.5477995276451111,
                    0.44050976634025574,
                    0.7112430930137634,
                    2.867112636566162
                ],
                [
                    0.0,
                    0.8501492738723755,
                    -0.5265416502952576,
                    -2.1225574016571045
                ],
                [
                    0.0,
                    0.0,
                    0.0,
                    1.0
                ]
            ]
        },
        {
            "file_path": "/data/shapenet_blender/all_50_random/02958343/f4da249169898dd915212cd62adf957e/r_3",
            "rotation": 0.12566370614359174,
            "transform_matrix": [
                [
                    0.4354313015937805,
                    -0.888527512550354,
                    -0.1446320116519928,
                    -0.5830302834510803
                ],
                [
                    -0.9002220034599304,
                    -0.4297747313976288,
                    -0.06995752453804016,
                    -0.2820078134536743
                ],
                [
                    0.0,
                    0.1606624275445938,
                    -0.9870094060897827,
                    -3.978762149810791
                ],
                [
                    0.0,
                    0.0,
                    0.0,
                    1.0
                ]
            ]
        },
        {
            "file_path": "/data/shapenet_blender/all_50_random/02958343/f4da249169898dd915212cd62adf957e/r_4",
            "rotation": 0.12566370614359174,
            "transform_matrix": [
                [
                    0.02625473029911518,
                    3.893691609846428e-05,
                    -0.9996552467346191,
                    -4.0297393798828125
                ],
                [
                    -0.9996552467346191,
                    1.022630726765783e-06,
                    -0.02625473029911518,
                    -0.10583621263504028
                ],
                [
                    -1.1368683094535245e-13,
                    1.0,
                    3.895033660228364e-05,
                    0.00015701384108979255
                ],
                [
                    0.0,
                    0.0,
                    0.0,
                    1.0
                ]
            ]
        },
        {
            "file_path": "/data/shapenet_blender/all_50_random/02958343/f4da249169898dd915212cd62adf957e/r_5",
            "rotation": 0.12566370614359174,
            "transform_matrix": [
                [
                    0.9983574151992798,
                    0.00041384377982467413,
                    0.0572928860783577,
                    0.23095500469207764
                ],
                [
                    0.05729437991976738,
                    -0.0072112479247152805,
                    -0.9983313083648682,
                    -4.024402141571045
                ],
                [
                    0.0,
                    0.9999739527702332,
                    -0.007223113905638456,
                    -0.02911730296909809
                ],
                [
                    0.0,
                    0.0,
                    0.0,
                    1.0
                ]
            ]
        },
        {
            "file_path": "/data/shapenet_blender/all_50_random/02958343/f4da249169898dd915212cd62adf957e/r_6",
            "rotation": 0.12566370614359174,
            "transform_matrix": [
                [
                    -0.4393470883369446,
                    -0.018759146332740784,
                    -0.8981214761734009,
                    -3.62044358253479
                ],
                [
                    -0.8983173966407776,
                    0.009174681268632412,
                    0.43925124406814575,
                    1.7706784009933472
                ],
                [
                    0.0,
                    0.9997817873954773,
                    -0.020882539451122284,
                    -0.08418020606040955
                ],
                [
                    0.0,
                    0.0,
                    0.0,
                    1.0
                ]
            ]
        },
        {
            "file_path": "/data/shapenet_blender/all_50_random/02958343/f4da249169898dd915212cd62adf957e/r_7",
            "rotation": 0.12566370614359174,
            "transform_matrix": [
                [
                    -0.8723329305648804,
                    0.3141501843929291,
                    0.37462636828422546,
                    1.5101672410964966
                ],
                [
                    0.4889124035835266,
                    0.5605166554450989,
                    0.6684201955795288,
                    2.694488048553467
                ],
                [
                    0.0,
                    0.7662443518638611,
                    -0.6425491571426392,
                    -2.590198516845703
                ],
                [
                    0.0,
                    0.0,
                    0.0,
                    1.0
                ]
            ]
        },
        {
            "file_path": "/data/shapenet_blender/all_50_random/02958343/f4da249169898dd915212cd62adf957e/r_8",
            "rotation": 0.12566370614359174,
            "transform_matrix": [
                [
                    0.4601953625679016,
                    0.672075629234314,
                    -0.5801159739494324,
                    -2.338522434234619
                ],
                [
                    -0.8878177404403687,
                    0.3483666181564331,
                    -0.3006998896598816,
                    -1.2121601104736328
                ],
                [
                    -2.980232594040899e-08,
                    0.6534179449081421,
                    0.7569972276687622,
                    3.051553726196289
                ],
                [
                    0.0,
                    0.0,
                    0.0,
                    1.0
                ]
            ]
        },
        {
            "file_path": "/data/shapenet_blender/all_50_random/02958343/f4da249169898dd915212cd62adf957e/r_9",
            "rotation": 0.12566370614359174,
            "transform_matrix": [
                [
                    0.32178863883018494,
                    0.7317385077476501,
                    -0.6008418202400208,
                    -2.4220707416534424
                ],
                [
                    -0.9468115568161011,
                    0.24869272112846375,
                    -0.2042054533958435,
                    -0.8231785297393799
                ],
                [
                    -1.4901161193847656e-08,
                    0.6345949172973633,
                    0.7728449106216431,
                    3.1154375076293945
                ],
                [
                    0.0,
                    0.0,
                    0.0,
                    1.0
                ]
            ]
        },
        {
            "file_path": "/data/shapenet_blender/all_50_random/02958343/f4da249169898dd915212cd62adf957e/r_10",
            "rotation": 0.12566370614359174,
            "transform_matrix": [
                [
                    0.9870850443840027,
                    -0.13115879893302917,
                    0.09198018908500671,
                    0.3707840144634247
                ],
                [
                    0.1601967066526413,
                    0.8081620335578918,
                    -0.5667548775672913,
                    -2.2846620082855225
                ],
                [
                    -7.450580152834618e-09,
                    0.5741701722145081,
                    0.8187359571456909,
                    3.3004302978515625
                ],
                [
                    0.0,
                    0.0,
                    0.0,
                    1.0
                ]
            ]
        },
        {
            "file_path": "/data/shapenet_blender/all_50_random/02958343/f4da249169898dd915212cd62adf957e/r_11",
            "rotation": 0.12566370614359174,
            "transform_matrix": [
                [
                    0.6777079105377197,
                    -0.39086225628852844,
                    0.6228471398353577,
                    2.510777235031128
                ],
                [
                    0.7353310585021973,
                    0.3602329194545746,
                    -0.5740386247634888,
                    -2.314023733139038
                ],
                [
                    -1.4901160305669237e-08,
                    0.8470295071601868,
                    0.531545877456665,
                    2.1427299976348877
                ],
                [
                    0.0,
                    0.0,
                    0.0,
                    1.0
                ]
            ]
        },
        {
            "file_path": "/data/shapenet_blender/all_50_random/02958343/f4da249169898dd915212cd62adf957e/r_12",
            "rotation": 0.12566370614359174,
            "transform_matrix": [
                [
                    -0.4864298701286316,
                    -0.37998196482658386,
                    0.7867653965950012,
                    3.1715524196624756
                ],
                [
                    0.8737196922302246,
                    -0.2115490585565567,
                    0.43801942467689514,
                    1.7657126188278198
                ],
                [
                    -1.4901161193847656e-08,
                    0.9004780054092407,
                    0.43490153551101685,
                    1.7531439065933228
                ],
                [
                    0.0,
                    0.0,
                    0.0,
                    1.0
                ]
            ]
        },
        {
            "file_path": "/data/shapenet_blender/all_50_random/02958343/f4da249169898dd915212cd62adf957e/r_13",
            "rotation": 0.12566370614359174,
            "transform_matrix": [
                [
                    0.9999898672103882,
                    -0.0007086267578415573,
                    -0.004465348087251186,
                    -0.018000394105911255
                ],
                [
                    -0.0045212265104055405,
                    -0.1567317098379135,
                    -0.9876308441162109,
                    -3.981267213821411
                ],
                [
                    0.0,
                    0.987640917301178,
                    -0.15673331916332245,
                    -0.6318122148513794
                ],
                [
                    0.0,
                    0.0,
                    0.0,
                    1.0
                ]
            ]
        },
        {
            "file_path": "/data/shapenet_blender/all_50_random/02958343/f4da249169898dd915212cd62adf957e/r_14",
            "rotation": 0.12566370614359174,
            "transform_matrix": [
                [
                    -0.6683622598648071,
                    -0.03679369390010834,
                    0.7429254055023193,
                    2.99482798576355
                ],
                [
                    0.7438359260559082,
                    -0.03306040167808533,
                    0.6675441265106201,
                    2.6909563541412354
                ],
                [
                    -1.8626449271863521e-09,
                    0.9987759590148926,
                    0.04946479946374893,
                    0.1993989795446396
                ],
                [
                    0.0,
                    0.0,
                    0.0,
                    1.0
                ]
            ]
        },
        {
            "file_path": "/data/shapenet_blender/all_50_random/02958343/f4da249169898dd915212cd62adf957e/r_15",
            "rotation": 0.12566370614359174,
            "transform_matrix": [
                [
                    0.9979625940322876,
                    -0.017640691250562668,
                    0.06131449714303017,
                    0.24716666340827942
                ],
                [
                    0.06380173563957214,
                    0.2759290039539337,
                    -0.9590580463409424,
                    -3.866086959838867
                ],
                [
                    0.0,
                    0.9610161185264587,
                    0.27649226784706116,
                    1.1145761013031006
                ],
                [
                    0.0,
                    0.0,
                    0.0,
                    1.0
                ]
            ]
        },
        {
            "file_path": "/data/shapenet_blender/all_50_random/02958343/f4da249169898dd915212cd62adf957e/r_16",
            "rotation": 0.12566370614359174,
            "transform_matrix": [
                [
                    0.869403600692749,
                    -0.1958225816488266,
                    0.4536415934562683,
                    1.8286876678466797
                ],
                [
                    0.4941023290157318,
                    0.34456193447113037,
                    -0.7982104420661926,
                    -3.217689037322998
                ],
                [
                    0.0,
                    0.9181124567985535,
                    0.3963198661804199,
                    1.59761643409729
                ],
                [
                    0.0,
                    0.0,
                    0.0,
                    1.0
                ]
            ]
        },
        {
            "file_path": "/data/shapenet_blender/all_50_random/02958343/f4da249169898dd915212cd62adf957e/r_17",
            "rotation": 0.12566370614359174,
            "transform_matrix": [
                [
                    -0.99986332654953,
                    0.0044807069934904575,
                    -0.015919769182801247,
                    -0.06417465209960938
                ],
                [
                    -0.016538316383957863,
                    -0.27089181542396545,
                    0.962467610836029,
                    3.879831314086914
                ],
                [
                    0.0,
                    0.9625992178916931,
                    0.27092885971069336,
                    1.092149257659912
                ],
                [
                    0.0,
                    0.0,
                    0.0,
                    1.0
                ]
            ]
        },
        {
            "file_path": "/data/shapenet_blender/all_50_random/02958343/f4da249169898dd915212cd62adf957e/r_18",
            "rotation": 0.12566370614359174,
            "transform_matrix": [
                [
                    -0.7388244867324829,
                    -0.14205104112625122,
                    0.6587561964988708,
                    2.655531406402588
                ],
                [
                    0.6738978028297424,
                    -0.15573695302009583,
                    0.7222240567207336,
                    2.9113786220550537
                ],
                [
                    0.0,
                    0.9775312542915344,
                    0.21079018712043762,
                    0.8497225046157837
                ],
                [
                    0.0,
                    0.0,
                    0.0,
                    1.0
                ]
            ]
        },
        {
            "file_path": "/data/shapenet_blender/all_50_random/02958343/f4da249169898dd915212cd62adf957e/r_19",
            "rotation": 0.12566370614359174,
            "transform_matrix": [
                [
                    -0.834196925163269,
                    0.2111814171075821,
                    -0.5094290375709534,
                    -2.0535740852355957
                ],
                [
                    -0.551466703414917,
                    -0.31945154070854187,
                    0.770607054233551,
                    3.1064164638519287
                ],
                [
                    0.0,
                    0.9237711429595947,
                    0.3829450011253357,
                    1.5437006950378418
                ],
                [
                    0.0,
                    0.0,
                    0.0,
                    1.0
                ]
            ]
        },
        {
            "file_path": "/data/shapenet_blender/all_50_random/02958343/f4da249169898dd915212cd62adf957e/r_20",
            "rotation": 0.12566370614359174,
            "transform_matrix": [
                [
                    0.2511184811592102,
                    0.46376505494117737,
                    -0.8496242761611938,
                    -3.424945116043091
                ],
                [
                    -0.9679563641548157,
                    0.1203153133392334,
                    -0.22041939198970795,
                    -0.8885390162467957
                ],
                [
                    0.0,
                    0.8777506351470947,
                    0.4791176915168762,
                    1.9313851594924927
                ],
                [
                    0.0,
                    0.0,
                    0.0,
                    1.0
                ]
            ]
        },
        {
            "file_path": "/data/shapenet_blender/all_50_random/02958343/f4da249169898dd915212cd62adf957e/r_21",
            "rotation": 0.12566370614359174,
            "transform_matrix": [
                [
                    0.7662473320960999,
                    -0.4706200361251831,
                    -0.4374721348285675,
                    -1.7635066509246826
                ],
                [
                    -0.6425458788871765,
                    -0.5612226724624634,
                    -0.521693229675293,
                    -2.103012800216675
                ],
                [
                    0.0,
                    0.6808418035507202,
                    -0.7324303388595581,
                    -2.952521324157715
                ],
                [
                    0.0,
                    0.0,
                    0.0,
                    1.0
                ]
            ]
        },
        {
            "file_path": "/data/shapenet_blender/all_50_random/02958343/f4da249169898dd915212cd62adf957e/r_22",
            "rotation": 0.12566370614359174,
            "transform_matrix": [
                [
                    0.019921671599149704,
                    -0.6702549457550049,
                    0.7418633103370667,
                    2.990546941757202
                ],
                [
                    0.9998015761375427,
                    0.013355250470340252,
                    -0.014782091602683067,
                    -0.05958852171897888
                ],
                [
                    0.0,
                    0.7420105934143066,
                    0.6703879833221436,
                    2.702420711517334
                ],
                [
                    0.0,
                    0.0,
                    0.0,
                    1.0
                ]
            ]
        },
        {
            "file_path": "/data/shapenet_blender/all_50_random/02958343/f4da249169898dd915212cd62adf957e/r_23",
            "rotation": 0.12566370614359174,
            "transform_matrix": [
                [
                    0.9691652655601501,
                    0.018997469916939735,
                    0.2456783503293991,
                    0.9903610944747925
                ],
                [
                    0.2464117556810379,
                    -0.07471919804811478,
                    -0.9662806391716003,
                    -3.8952019214630127
                ],
                [
                    1.862645149230957e-09,
                    0.9970235824584961,
                    -0.07709645479917526,
                    -0.3107857406139374
                ],
                [
                    0.0,
                    0.0,
                    0.0,
                    1.0
                ]
            ]
        },
        {
            "file_path": "/data/shapenet_blender/all_50_random/02958343/f4da249169898dd915212cd62adf957e/r_24",
            "rotation": 0.12566370614359174,
            "transform_matrix": [
                [
                    0.9705820679664612,
                    -0.12429023534059525,
                    -0.20620962977409363,
                    -0.8312575817108154
                ],
                [
                    -0.2407705932855606,
                    -0.5010324120521545,
                    -0.8312616944313049,
                    -3.3509230613708496
                ],
                [
                    7.450580596923828e-09,
                    0.856456995010376,
                    -0.5162184238433838,
                    -2.0809431076049805
                ],
                [
                    0.0,
                    0.0,
                    0.0,
                    1.0
                ]
            ]
        },
        {
            "file_path": "/data/shapenet_blender/all_50_random/02958343/f4da249169898dd915212cd62adf957e/r_25",
            "rotation": 0.12566370614359174,
            "transform_matrix": [
                [
                    -0.1607983112335205,
                    0.17261110246181488,
                    -0.9717763662338257,
                    -3.91735577583313
                ],
                [
                    -0.986987292766571,
                    -0.02812151238322258,
                    0.15832017362117767,
                    0.6382090449333191
                ],
                [
                    -1.862645149230957e-09,
                    0.9845885038375854,
                    0.17488686740398407,
                    0.7049915194511414
                ],
                [
                    0.0,
                    0.0,
                    0.0,
                    1.0
                ]
            ]
        },
        {
            "file_path": "/data/shapenet_blender/all_50_random/02958343/f4da249169898dd915212cd62adf957e/r_26",
            "rotation": 0.12566370614359174,
            "transform_matrix": [
                [
                    0.7521501779556274,
                    -0.6361913681030273,
                    -0.17184485495090485,
                    -0.6927287578582764
                ],
                [
                    -0.6589918732643127,
                    -0.726126492023468,
                    -0.1961376965045929,
                    -0.790656328201294
                ],
                [
                    1.4901162970204496e-08,
                    0.26076939702033997,
                    -0.9654011130332947,
                    -3.8916563987731934
                ],
                [
                    0.0,
                    0.0,
                    0.0,
                    1.0
                ]
            ]
        },
        {
            "file_path": "/data/shapenet_blender/all_50_random/02958343/f4da249169898dd915212cd62adf957e/r_27",
            "rotation": 0.12566370614359174,
            "transform_matrix": [
                [
                    0.9798699021339417,
                    -0.13314998149871826,
                    0.14874763786792755,
                    0.5996209383010864
                ],
                [
                    0.19963660836219788,
                    0.653535783290863,
                    -0.730093240737915,
                    -2.9431002140045166
                ],
                [
                    0.0,
                    0.74509197473526,
                    0.6669616103172302,
                    2.688608407974243
                ],
                [
                    0.0,
                    0.0,
                    0.0,
                    1.0
                ]
            ]
        },
        {
            "file_path": "/data/shapenet_blender/all_50_random/02958343/f4da249169898dd915212cd62adf957e/r_28",
            "rotation": 0.12566370614359174,
            "transform_matrix": [
                [
                    0.7348658442497253,
                    -0.5229772925376892,
                    0.43181806802749634,
                    1.7407143115997314
                ],
                [
                    0.6782123446464539,
                    0.5666634440422058,
                    -0.46788936853408813,
                    -1.8861223459243774
                ],
                [
                    0.0,
                    0.6367002725601196,
                    0.7711113095283508,
                    3.1084492206573486
                ],
                [
                    0.0,
                    0.0,
                    0.0,
                    1.0
                ]
            ]
        },
        {
            "file_path": "/data/shapenet_blender/all_50_random/02958343/f4da249169898dd915212cd62adf957e/r_29",
            "rotation": 0.12566370614359174,
            "transform_matrix": [
                [
                    -0.9880030751228333,
                    0.1503428816795349,
                    -0.03531181067228317,
                    -0.14234645664691925
                ],
                [
                    -0.15443414449691772,
                    -0.9618288278579712,
                    0.22590972483158112,
                    0.9106712341308594
                ],
                [
                    0.0,
                    0.2286529541015625,
                    0.9735080003738403,
                    3.9243361949920654
                ],
                [
                    0.0,
                    0.0,
                    0.0,
                    1.0
                ]
            ]
        },
        {
            "file_path": "/data/shapenet_blender/all_50_random/02958343/f4da249169898dd915212cd62adf957e/r_30",
            "rotation": 0.12566370614359174,
            "transform_matrix": [
                [
                    -0.15298621356487274,
                    -0.16971035301685333,
                    0.9735469222068787,
                    3.9244930744171143
                ],
                [
                    0.9882283210754395,
                    -0.026272617280483246,
                    0.15071339905261993,
                    0.6075451374053955
                ],
                [
                    0.0,
                    0.9851436614990234,
                    0.17173194885253906,
                    0.6922736167907715
                ],
                [
                    0.0,
                    0.0,
                    0.0,
                    1.0
                ]
            ]
        },
        {
            "file_path": "/data/shapenet_blender/all_50_random/02958343/f4da249169898dd915212cd62adf957e/r_31",
            "rotation": 0.12566370614359174,
            "transform_matrix": [
                [
                    0.22618497908115387,
                    -0.5557846426963806,
                    0.7999648451805115,
                    3.224761486053467
                ],
                [
                    0.9740843176841736,
                    0.12905468046665192,
                    -0.1857539713382721,
                    -0.7487981915473938
                ],
                [
                    -7.450580152834618e-09,
                    0.8212480545043945,
                    0.5705713629722595,
                    2.300046682357788
                ],
                [
                    0.0,
                    0.0,
                    0.0,
                    1.0
                ]
            ]
        },
        {
            "file_path": "/data/shapenet_blender/all_50_random/02958343/f4da249169898dd915212cd62adf957e/r_32",
            "rotation": 0.12566370614359174,
            "transform_matrix": [
                [
                    0.9945139288902283,
                    -0.08097536116838455,
                    -0.06621971726417542,
                    -0.2669402062892914
                ],
                [
                    -0.10460430383682251,
                    -0.7698643207550049,
                    -0.6295766830444336,
                    -2.537904739379883
                ],
                [
                    0.0,
                    0.6330496072769165,
                    -0.7741112112998962,
                    -3.120542049407959
                ],
                [
                    0.0,
                    0.0,
                    0.0,
                    1.0
                ]
            ]
        },
        {
            "file_path": "/data/shapenet_blender/all_50_random/02958343/f4da249169898dd915212cd62adf957e/r_33",
            "rotation": 0.12566370614359174,
            "transform_matrix": [
                [
                    -0.977617084980011,
                    0.1579287201166153,
                    0.139008030295372,
                    0.5603592991828918
                ],
                [
                    0.2103918045759201,
                    0.7338395118713379,
                    0.6459217071533203,
                    2.6037936210632324
                ],
                [
                    0.0,
                    0.660710334777832,
                    -0.7506409883499146,
                    -3.025930643081665
                ],
                [
                    0.0,
                    0.0,
                    0.0,
                    1.0
                ]
            ]
        },
        {
            "file_path": "/data/shapenet_blender/all_50_random/02958343/f4da249169898dd915212cd62adf957e/r_34",
            "rotation": 0.12566370614359174,
            "transform_matrix": [
                [
                    -0.9772758483886719,
                    -0.07177957147359848,
                    0.19944848120212555,
                    0.8040026426315308
                ],
                [
                    0.21197174489498138,
                    -0.33093297481536865,
                    0.9195385575294495,
                    3.7067790031433105
                ],
                [
                    0.0,
                    0.9409202933311462,
                    0.33862799406051636,
                    1.3650531768798828
                ],
                [
                    0.0,
                    0.0,
                    0.0,
                    1.0
                ]
            ]
        },
        {
            "file_path": "/data/shapenet_blender/all_50_random/02958343/f4da249169898dd915212cd62adf957e/r_35",
            "rotation": 0.12566370614359174,
            "transform_matrix": [
                [
                    -0.6668556928634644,
                    -7.77324239606969e-05,
                    -0.745186984539032,
                    -3.0039443969726562
                ],
                [
                    -0.745186984539032,
                    6.956147990422323e-05,
                    0.6668556928634644,
                    2.688180923461914
                ],
                [
                    0.0,
                    1.0,
                    -0.00010431266127852723,
                    -0.00042049773037433624
                ],
                [
                    0.0,
                    0.0,
                    0.0,
                    1.0
                ]
            ]
        },
        {
            "file_path": "/data/shapenet_blender/all_50_random/02958343/f4da249169898dd915212cd62adf957e/r_36",
            "rotation": 0.12566370614359174,
            "transform_matrix": [
                [
                    -0.8835667967796326,
                    -0.2502899467945099,
                    0.3958086669445038,
                    1.5955557823181152
                ],
                [
                    0.46830493211746216,
                    -0.47223055362701416,
                    0.7467856407165527,
                    3.0103890895843506
                ],
                [
                    0.0,
                    0.8451942205429077,
                    0.5344592928886414,
                    2.1544742584228516
                ],
                [
                    0.0,
                    0.0,
                    0.0,
                    1.0
                ]
            ]
        },
        {
            "file_path": "/data/shapenet_blender/all_50_random/02958343/f4da249169898dd915212cd62adf957e/r_37",
            "rotation": 0.12566370614359174,
            "transform_matrix": [
                [
                    -0.9930382966995239,
                    -0.06352592259645462,
                    0.0991940125823021,
                    0.3998638689517975
                ],
                [
                    0.11779218912124634,
                    -0.535550594329834,
                    0.8362478017807007,
                    3.3710227012634277
                ],
                [
                    0.0,
                    0.8421103358268738,
                    0.5393051505088806,
                    2.17400860786438
                ],
                [
                    0.0,
                    0.0,
                    0.0,
                    1.0
                ]
            ]
        },
        {
            "file_path": "/data/shapenet_blender/all_50_random/02958343/f4da249169898dd915212cd62adf957e/r_38",
            "rotation": 0.12566370614359174,
            "transform_matrix": [
                [
                    0.7964556217193604,
                    0.34046563506126404,
                    0.49974149465560913,
                    2.0145225524902344
                ],
                [
                    0.6046969890594482,
                    -0.44843247532844543,
                    -0.6582171320915222,
                    -2.6533584594726562
                ],
                [
                    -1.4901161193847656e-08,
                    0.8264329433441162,
                    -0.5630350708961487,
                    -2.269667148590088
                ],
                [
                    0.0,
                    0.0,
                    0.0,
                    1.0
                ]
            ]
        },
        {
            "file_path": "/data/shapenet_blender/all_50_random/02958343/f4da249169898dd915212cd62adf957e/r_39",
            "rotation": 0.12566370614359174,
            "transform_matrix": [
                [
                    0.8118343949317932,
                    -0.12601026892662048,
                    -0.570128321647644,
                    -2.2982609272003174
                ],
                [
                    -0.5838877558708191,
                    -0.17520397901535034,
                    -0.7927032709121704,
                    -3.1954894065856934
                ],
                [
                    -7.450580596923828e-09,
                    0.9764347672462463,
                    -0.21581245958805084,
                    -0.8699679374694824
                ],
                [
                    0.0,
                    0.0,
                    0.0,
                    1.0
                ]
            ]
        },
        {
            "file_path": "/data/shapenet_blender/all_50_random/02958343/f4da249169898dd915212cd62adf957e/r_40",
            "rotation": 0.12566370614359174,
            "transform_matrix": [
                [
                    0.9568101763725281,
                    0.19804240763187408,
                    0.21282264590263367,
                    0.8579155206680298
                ],
                [
                    0.290713369846344,
                    -0.6518068909645081,
                    -0.7004523277282715,
                    -2.8236136436462402
                ],
                [
                    0.0,
                    0.73207026720047,
                    -0.6812290549278259,
                    -2.746122121810913
                ],
                [
                    0.0,
                    0.0,
                    0.0,
                    1.0
                ]
            ]
        },
        {
            "file_path": "/data/shapenet_blender/all_50_random/02958343/f4da249169898dd915212cd62adf957e/r_41",
            "rotation": 0.12566370614359174,
            "transform_matrix": [
                [
                    -0.8018409609794617,
                    0.19287006556987762,
                    0.5655547976493835,
                    2.2798244953155518
                ],
                [
                    0.597537636756897,
                    0.2588140070438385,
                    0.7589229345321655,
                    3.059316396713257
                ],
                [
                    0.0,
                    0.9464758038520813,
                    -0.322774738073349,
