{
    "class": "02958343",
    "model": "f82b9a21855ef3feb1bb46d2556ba67d",
    "remove_doubles": true,
    "edge_split": true,
    "denoise": true,
    "camera_angle_x": 0.6911112070083618,
    "scale_factor": 2.30655489246756,
    "hdri_file": "/data/IndoorHDRDataset2018/AG8A7590-215eef5352.exr",
    "center_offset": [
        0.0,
        -1.7462298274040222e-09,
        -3.725290298461914e-09
    ],
    "lights": [],
    "frames": [
        {
            "file_path": "/data/shapenet_blender/all_50_random/02958343/f82b9a21855ef3feb1bb46d2556ba67d/r_0",
            "rotation": 0.12566370614359174,
            "transform_matrix": [
                [
                    0.6446516513824463,
                    -0.762710452079773,
                    0.051931437104940414,
                    0.20934231579303741
                ],
                [
                    0.7644765973091125,
                    0.6431624293327332,
                    -0.043791644275188446,
                    -0.17652976512908936
                ],
                [
                    -3.725290742551124e-09,
                    0.06793084740638733,
                    0.9976900219917297,
                    4.021817207336426
                ],
                [
                    0.0,
                    0.0,
                    0.0,
                    1.0
                ]
            ]
        },
        {
            "file_path": "/data/shapenet_blender/all_50_random/02958343/f82b9a21855ef3feb1bb46d2556ba67d/r_1",
            "rotation": 0.12566370614359174,
            "transform_matrix": [
                [
                    -0.9731279611587524,
                    -0.06578279286623001,
                    0.22066853940486908,
                    0.8895434141159058
                ],
                [
                    0.2302650511264801,
                    -0.27800604701042175,
                    0.9325719475746155,
                    3.7593181133270264
                ],
                [
                    3.725290298461914e-09,
                    0.9583242535591125,
                    0.28568288683891296,
                    1.1516246795654297
                ],
                [
                    0.0,
                    0.0,
                    0.0,
                    1.0
                ]
            ]
        },
        {
            "file_path": "/data/shapenet_blender/all_50_random/02958343/f82b9a21855ef3feb1bb46d2556ba67d/r_2",
            "rotation": 0.12566370614359174,
            "transform_matrix": [
                [
                    -0.976755678653717,
                    -0.036521296948194504,
                    -0.2112210988998413,
                    -0.8514595627784729
                ],
                [
                    -0.2143552154302597,
                    0.16641715168952942,
                    0.9624744057655334,
                    3.8798587322235107
                ],
                [
                    0.0,
                    0.9853788018226624,
                    -0.1703774333000183,
                    -0.686813473701477
                ],
                [
                    0.0,
                    0.0,
                    0.0,
                    1.0
                ]
            ]
        },
        {
            "file_path": "/data/shapenet_blender/all_50_random/02958343/f82b9a21855ef3feb1bb46d2556ba67d/r_3",
            "rotation": 0.12566370614359174,
            "transform_matrix": [
                [
                    0.9770867824554443,
                    -0.004458097741007805,
                    -0.2127947062253952,
                    -0.8578029870986938
                ],
                [
                    -0.21284142136573792,
                    -0.020465701818466187,
                    -0.9768723249435425,
                    -3.937898635864258
                ],
                [
                    -9.31322685637781e-10,
                    0.9997804760932922,
                    -0.020945632830262184,
                    -0.08443455398082733
                ],
                [
                    0.0,
                    0.0,
                    0.0,
                    1.0
                ]
            ]
        },
        {
            "file_path": "/data/shapenet_blender/all_50_random/02958343/f82b9a21855ef3feb1bb46d2556ba67d/r_4",
            "rotation": 0.12566370614359174,
            "transform_matrix": [
                [
                    0.9999767541885376,
                    -0.00310606905259192,
                    0.006062083411961794,
                    0.024437040090560913
                ],
                [
                    0.0068114991299808025,
                    0.4559931457042694,
                    -0.8899571895599365,
                    -3.5875322818756104
                ],
                [
                    0.0,
                    0.8899779319763184,
                    0.45600366592407227,
                    1.838209629058838
                ],
                [
                    0.0,
                    0.0,
                    0.0,
                    1.0
                ]
            ]
        },
        {
            "file_path": "/data/shapenet_blender/all_50_random/02958343/f82b9a21855ef3feb1bb46d2556ba67d/r_5",
            "rotation": 0.12566370614359174,
            "transform_matrix": [
                [
                    0.21782582998275757,
                    -0.06991424411535263,
                    -0.9734802842140198,
                    -3.924224615097046
                ],
                [
                    -0.9759876728057861,
                    -0.015603811480104923,
                    -0.21726621687412262,
                    -0.8758281469345093
                ],
                [
                    9.313225746154785e-10,
                    0.9974309206008911,
                    -0.07163434475660324,
                    -0.2887672781944275
                ],
                [
                    0.0,
                    0.0,
                    0.0,
                    1.0
                ]
            ]
        },
        {
            "file_path": "/data/shapenet_blender/all_50_random/02958343/f82b9a21855ef3feb1bb46d2556ba67d/r_6",
            "rotation": 0.12566370614359174,
            "transform_matrix": [
                [
                    -0.47280076146125793,
                    -0.05899292230606079,
                    -0.8791923522949219,
                    -3.544137716293335
                ],
                [
                    -0.8811692595481873,
                    0.03165328502655029,
                    0.4717400372028351,
                    1.9016449451446533
                ],
                [
                    3.725290076417309e-09,
                    0.9977564811706543,
                    -0.06694844365119934,
                    -0.2698778212070465
                ],
                [
                    0.0,
                    0.0,
                    0.0,
                    1.0
                ]
            ]
        },
        {
            "file_path": "/data/shapenet_blender/all_50_random/02958343/f82b9a21855ef3feb1bb46d2556ba67d/r_7",
            "rotation": 0.12566370614359174,
            "transform_matrix": [
                [
                    0.757495641708374,
                    0.033201344311237335,
                    -0.6519953012466431,
                    -2.628277063369751
                ],
                [
                    -0.6528400778770447,
                    0.03852379322052002,
                    -0.7565155029296875,
                    -3.0496115684509277
                ],
                [
                    0.0,
                    0.998706042766571,
                    0.05085677281022072,
                    0.20501020550727844
                ],
                [
                    0.0,
                    0.0,
                    0.0,
                    1.0
                ]
            ]
        },
        {
            "file_path": "/data/shapenet_blender/all_50_random/02958343/f82b9a21855ef3feb1bb46d2556ba67d/r_8",
            "rotation": 0.12566370614359174,
            "transform_matrix": [
                [
                    0.6425267457962036,
                    -0.6325070261955261,
                    -0.43254390358924866,
                    -1.7436400651931763
                ],
                [
                    -0.7662633061408997,
                    -0.5303695201873779,
                    -0.36269649863243103,
                    -1.462076187133789
                ],
                [
                    0.0,
                    0.5644845962524414,
                    -0.825443685054779,
                    -3.3274693489074707
                ],
                [
                    0.0,
                    0.0,
                    0.0,
                    1.0
                ]
            ]
        },
        {
            "file_path": "/data/shapenet_blender/all_50_random/02958343/f82b9a21855ef3feb1bb46d2556ba67d/r_9",
            "rotation": 0.12566370614359174,
            "transform_matrix": [
                [
                    -0.8409537672996521,
                    0.050925299525260925,
                    -0.5387053489685059,
                    -2.17159104347229
                ],
                [
                    -0.541107177734375,
                    -0.07914481312036514,
                    0.837221086025238,
                    3.374946355819702
                ],
                [
                    0.0,
                    0.9955614805221558,
                    0.09411314874887466,
                    0.37938225269317627
                ],
                [
                    0.0,
                    0.0,
                    0.0,
                    1.0
                ]
            ]
        },
        {
            "file_path": "/data/shapenet_blender/all_50_random/02958343/f82b9a21855ef3feb1bb46d2556ba67d/r_10",
            "rotation": 0.12566370614359174,
            "transform_matrix": [
                [
                    0.7564960718154907,
                    -0.03542502969503403,
                    -0.6530382037162781,
                    -2.6324808597564697
                ],
                [
                    -0.6539983153343201,
                    -0.040977008640766144,
                    -0.7553854584693909,
                    -3.045055866241455
                ],
                [
                    0.0,
                    0.9985319972038269,
                    -0.05416685342788696,
                    -0.2183535397052765
                ],
                [
                    0.0,
                    0.0,
                    0.0,
                    1.0
                ]
            ]
        },
        {
            "file_path": "/data/shapenet_blender/all_50_random/02958343/f82b9a21855ef3feb1bb46d2556ba67d/r_11",
            "rotation": 0.12566370614359174,
            "transform_matrix": [
                [
                    0.5476041436195374,
                    0.5187103152275085,
                    0.6565585732460022,
                    2.646672487258911
                ],
                [
                    0.8367375135421753,
                    -0.339470773935318,
                    -0.4296857714653015,
                    -1.732118844985962
                ],
                [
                    0.0,
                    0.7846649289131165,
                    -0.6199199557304382,
                    -2.4989774227142334
                ],
                [
                    0.0,
                    0.0,
                    0.0,
                    1.0
                ]
            ]
        },
        {
            "file_path": "/data/shapenet_blender/all_50_random/02958343/f82b9a21855ef3feb1bb46d2556ba67d/r_12",
            "rotation": 0.12566370614359174,
            "transform_matrix": [
                [
                    0.5884361267089844,
                    0.804237961769104,
                    -0.08333203941583633,
                    -0.3359221816062927
                ],
                [
                    -0.8085437417030334,
                    0.5853025317192078,
                    -0.060646794736385345,
                    -0.24447503685951233
                ],
                [
                    0.0,
                    0.10306436568498611,
                    0.9946746826171875,
                    4.009661674499512
                ],
                [
                    0.0,
                    0.0,
                    0.0,
                    1.0
                ]
            ]
        },
        {
            "file_path": "/data/shapenet_blender/all_50_random/02958343/f82b9a21855ef3feb1bb46d2556ba67d/r_13",
            "rotation": 0.12566370614359174,
            "transform_matrix": [
                [
                    -0.3145497143268585,
                    -0.07417920231819153,
                    -0.9463381171226501,
                    -3.8148109912872314
                ],
                [
                    -0.9492411017417908,
                    0.024580739438533783,
                    0.3135877549648285,
                    1.2641127109527588
                ],
                [
                    1.862645371275562e-09,
                    0.9969419836997986,
                    -0.07814580202102661,
                    -0.3150157928466797
                ],
                [
                    0.0,
                    0.0,
                    0.0,
                    1.0
                ]
            ]
        },
        {
            "file_path": "/data/shapenet_blender/all_50_random/02958343/f82b9a21855ef3feb1bb46d2556ba67d/r_14",
            "rotation": 0.12566370614359174,
            "transform_matrix": [
                [
                    -0.5077170729637146,
                    -0.5315019488334656,
                    -0.678033173084259,
                    -2.73323917388916
                ],
                [
                    -0.8615238666534424,
                    0.3132270872592926,
                    0.39958155155181885,
                    1.610764741897583
                ],
                [
                    -1.4901161193847656e-08,
                    0.7870160937309265,
                    -0.6169323921203613,
                    -2.486933946609497
                ],
                [
                    0.0,
                    0.0,
                    0.0,
                    1.0
                ]
            ]
        },
        {
            "file_path": "/data/shapenet_blender/all_50_random/02958343/f82b9a21855ef3feb1bb46d2556ba67d/r_15",
            "rotation": 0.12566370614359174,
            "transform_matrix": [
                [
                    -0.9799339175224304,
                    -0.161166250705719,
                    -0.11728152632713318,
                    -0.47277694940567017
                ],
                [
                    -0.1993226408958435,
                    0.792344868183136,
                    0.5765934586524963,
                    2.324322462081909
                ],
                [
                    1.4901160305669237e-08,
                    0.5884003639221191,
                    -0.8085697293281555,
                    -3.259448766708374
                ],
                [
                    0.0,
                    0.0,
                    0.0,
                    1.0
                ]
            ]
        },
        {
            "file_path": "/data/shapenet_blender/all_50_random/02958343/f82b9a21855ef3feb1bb46d2556ba67d/r_16",
            "rotation": 0.12566370614359174,
            "transform_matrix": [
                [
                    0.9995840191841125,
                    -0.02648034691810608,
                    0.011430218815803528,
                    0.046076685190200806
                ],
                [
                    0.028841964900493622,
                    0.9177367687225342,
                    -0.3961402475833893,
                    -1.5968924760818481
                ],
                [
                    0.0,
                    0.39630523324012756,
                    0.9181187748908997,
                    3.7010552883148193
                ],
                [
                    0.0,
                    0.0,
                    0.0,
                    1.0
                ]
            ]
        },
        {
            "file_path": "/data/shapenet_blender/all_50_random/02958343/f82b9a21855ef3feb1bb46d2556ba67d/r_17",
            "rotation": 0.12566370614359174,
            "transform_matrix": [
                [
                    -0.9228261709213257,
                    0.23814979195594788,
                    -0.30278128385543823,
                    -1.2205504179000854
                ],
                [
                    -0.3852165937423706,
                    -0.5705124735832214,
                    0.7253438830375671,
                    2.923954725265503
                ],
                [
                    -1.4901161193847656e-08,
                    0.7860026955604553,
                    0.6182230114936829,
                    2.4921367168426514
                ],
                [
                    0.0,
                    0.0,
                    0.0,
                    1.0
                ]
            ]
        },
        {
            "file_path": "/data/shapenet_blender/all_50_random/02958343/f82b9a21855ef3feb1bb46d2556ba67d/r_18",
            "rotation": 0.12566370614359174,
            "transform_matrix": [
                [
                    0.7247182726860046,
                    -0.04572645574808121,
                    -0.6875264048576355,
                    -2.771507501602173
                ],
                [
                    -0.6890453100204468,
                    -0.048093780875205994,
                    -0.7231206893920898,
                    -2.9149928092956543
                ],
                [
                    3.725290298461914e-09,
                    0.9977956414222717,
                    -0.06636203825473785,
                    -0.2675139307975769
                ],
                [
                    0.0,
                    0.0,
                    0.0,
                    1.0
                ]
            ]
        },
        {
            "file_path": "/data/shapenet_blender/all_50_random/02958343/f82b9a21855ef3feb1bb46d2556ba67d/r_19",
            "rotation": 0.12566370614359174,
            "transform_matrix": [
                [
                    0.9916352033615112,
                    0.0026284127961844206,
                    -0.129045769572258,
                    -0.5202001333236694
                ],
                [
                    -0.12907254695892334,
                    0.02019350230693817,
                    -0.9914295077323914,
                    -3.996580123901367
                ],
                [
                    0.0,
                    0.9997926354408264,
                    0.02036384306848049,
                    0.08208927512168884
                ],
                [
                    0.0,
                    0.0,
                    0.0,
                    1.0
                ]
            ]
        },
        {
            "file_path": "/data/shapenet_blender/all_50_random/02958343/f82b9a21855ef3feb1bb46d2556ba67d/r_20",
            "rotation": 0.12566370614359174,
            "transform_matrix": [
                [
                    -0.8835334777832031,
                    0.17538699507713318,
                    0.43429017066955566,
                    1.7506797313690186
                ],
                [
                    0.46836796402931213,
                    0.33085161447525024,
                    0.8192488551139832,
                    3.3024978637695312
                ],
                [
                    -1.4901161193847656e-08,
                    0.9272414445877075,
                    -0.3744640648365021,
                    -1.5095129013061523
                ],
                [
                    0.0,
                    0.0,
                    0.0,
                    1.0
                ]
            ]
        },
        {
            "file_path": "/data/shapenet_blender/all_50_random/02958343/f82b9a21855ef3feb1bb46d2556ba67d/r_21",
            "rotation": 0.12566370614359174,
            "transform_matrix": [
                [
                    0.7841190695762634,
                    0.14623208343982697,
                    -0.603136420249939,
                    -2.4313206672668457
                ],
                [
                    -0.6206105351448059,
                    0.1847589761018753,
                    -0.7620411515235901,
                    -3.0718860626220703
                ],
                [
                    0.0,
                    0.9718436598777771,
                    0.2356262356042862,
                    0.94983971118927
                ],
                [
                    0.0,
                    0.0,
                    0.0,
                    1.0
                ]
            ]
        },
        {
            "file_path": "/data/shapenet_blender/all_50_random/02958343/f82b9a21855ef3feb1bb46d2556ba67d/r_22",
            "rotation": 0.12566370614359174,
            "transform_matrix": [
                [
                    0.19109472632408142,
                    -0.3994673788547516,
                    -0.8966094851493835,
                    -3.6143486499786377
                ],
                [
                    -0.9815716743469238,
                    -0.07776926457881927,
                    -0.17455407977104187,
                    -0.7036500573158264
                ],
                [
                    0.0,
                    0.9134427905082703,
                    -0.4069671034812927,
                    -1.6405370235443115
                ],
                [
                    0.0,
                    0.0,
                    0.0,
                    1.0
                ]
            ]
        },
        {
            "file_path": "/data/shapenet_blender/all_50_random/02958343/f82b9a21855ef3feb1bb46d2556ba67d/r_23",
            "rotation": 0.12566370614359174,
            "transform_matrix": [
                [
                    0.8757615685462952,
                    0.34903356432914734,
                    0.3334925174713135,
                    1.3443514108657837
                ],
                [
                    0.4827439785003662,
                    -0.6331931948661804,
                    -0.6049996614456177,
                    -2.4388318061828613
                ],
                [
                    0.0,
                    0.6908270716667175,
                    -0.7230200171470642,
                    -2.9145872592926025
                ],
                [
                    0.0,
                    0.0,
                    0.0,
                    1.0
                ]
            ]
        },
        {
            "file_path": "/data/shapenet_blender/all_50_random/02958343/f82b9a21855ef3feb1bb46d2556ba67d/r_24",
            "rotation": 0.12566370614359174,
            "transform_matrix": [
                [
                    0.09091193974018097,
                    -0.8601080775260925,
                    -0.5019454956054688,
                    -2.023407220840454
                ],
                [
                    -0.9958588480949402,
                    -0.07851924747228622,
                    -0.045822594314813614,
                    -0.18471680581569672
                ],
                [
                    0.0,
                    0.5040327310562134,
                    -0.8636844754219055,
                    -3.481623649597168
                ],
                [
                    0.0,
                    0.0,
                    0.0,
                    1.0
                ]
            ]
        },
        {
            "file_path": "/data/shapenet_blender/all_50_random/02958343/f82b9a21855ef3feb1bb46d2556ba67d/r_25",
            "rotation": 0.12566370614359174,
            "transform_matrix": [
                [
                    -0.8766391277313232,
                    -0.015888283029198647,
                    0.4808861017227173,
                    1.938513994216919
                ],
                [
                    0.4811486005783081,
                    -0.02894800342619419,
                    0.8761609196662903,
                    3.5319178104400635
                ],
                [
                    0.0,
                    0.9994546175003052,
                    0.03302156925201416,
                    0.13311421871185303
                ],
                [
                    0.0,
                    0.0,
                    0.0,
                    1.0
                ]
            ]
        },
        {
            "file_path": "/data/shapenet_blender/all_50_random/02958343/f82b9a21855ef3feb1bb46d2556ba67d/r_26",
            "rotation": 0.12566370614359174,
            "transform_matrix": [
                [
                    0.5946685075759888,
                    -0.20896251499652863,
                    -0.7763401865959167,
                    -3.1295273303985596
                ],
                [
                    -0.8039711117744446,
                    -0.1545620560646057,
                    -0.5742309093475342,
                    -2.3147988319396973
                ],
                [
                    0.0,
                    0.9656320214271545,
                    -0.25991299748420715,
                    -1.0477428436279297
                ],
                [
                    0.0,
                    0.0,
                    0.0,
                    1.0
                ]
            ]
        },
        {
            "file_path": "/data/shapenet_blender/all_50_random/02958343/f82b9a21855ef3feb1bb46d2556ba67d/r_27",
            "rotation": 0.12566370614359174,
            "transform_matrix": [
                [
                    -0.7510176301002502,
                    0.6542943716049194,
                    0.08872099965810776,
                    0.35764580965042114
                ],
                [
                    0.6602821350097656,
                    0.744206964969635,
                    0.10091295838356018,
                    0.40679317712783813
                ],
                [
                    -7.450580596923828e-09,
                    0.13436830043792725,
                    -0.9909313917160034,
                    -3.994572401046753
                ],
                [
                    0.0,
                    0.0,
                    0.0,
                    1.0
                ]
            ]
        },
        {
            "file_path": "/data/shapenet_blender/all_50_random/02958343/f82b9a21855ef3feb1bb46d2556ba67d/r_28",
            "rotation": 0.12566370614359174,
            "transform_matrix": [
                [
                    -0.43364620208740234,
                    0.2634892761707306,
                    0.8616985082626343,
                    3.4736177921295166
                ],
                [
                    0.90108323097229,
                    0.1268041878938675,
                    0.41469231247901917,
                    1.6716781854629517
                ],
                [
                    -7.450580596923828e-09,
                    0.956291913986206,
                    -0.2924138903617859,
                    -1.178758144378662
                ],
                [
                    0.0,
                    0.0,
                    0.0,
                    1.0
                ]
            ]
        },
        {
            "file_path": "/data/shapenet_blender/all_50_random/02958343/f82b9a21855ef3feb1bb46d2556ba67d/r_29",
            "rotation": 0.12566370614359174,
            "transform_matrix": [
                [
                    0.7070151567459106,
                    -0.6400758624076843,
                    -0.3007197976112366,
                    -1.2122403383255005
                ],
                [
                    -0.707198441028595,
                    -0.6399099826812744,
                    -0.30064183473587036,
                    -1.211925983428955
                ],
                [
                    -2.980232594040899e-08,
                    0.4252268075942993,
                    -0.9050867557525635,
                    -3.6485214233398438
                ],
                [
                    0.0,
                    0.0,
                    0.0,
                    1.0
                ]
            ]
        },
        {
            "file_path": "/data/shapenet_blender/all_50_random/02958343/f82b9a21855ef3feb1bb46d2556ba67d/r_30",
            "rotation": 0.12566370614359174,
            "transform_matrix": [
                [
                    -0.3372170329093933,
                    -0.8739657402038574,
                    -0.3499549329280853,
                    -1.4107134342193604
                ],
                [
                    -0.9414269328117371,
                    0.31305259466171265,
                    0.12535308301448822,
                    0.5053144693374634
                ],
                [
                    7.450580596923828e-09,
                    0.3717280328273773,
                    -0.9283416271209717,
                    -3.742264747619629
                ],
                [
                    0.0,
                    0.0,
                    0.0,
                    1.0
                ]
            ]
        },
        {
            "file_path": "/data/shapenet_blender/all_50_random/02958343/f82b9a21855ef3feb1bb46d2556ba67d/r_31",
            "rotation": 0.12566370614359174,
            "transform_matrix": [
                [
                    -0.9839271306991577,
                    0.04162829369306564,
                    -0.17365102469921112,
                    -0.7000097036361694
                ],
                [
                    -0.17857100069522858,
                    -0.2293720841407776,
                    0.9568179845809937,
                    3.8570568561553955
                ],
                [
                    0.0,
                    0.9724480509757996,
                    0.23311902582645416,
                    0.9397329092025757
                ],
                [
                    0.0,
                    0.0,
                    0.0,
                    1.0
                ]
            ]
        },
        {
            "file_path": "/data/shapenet_blender/all_50_random/02958343/f82b9a21855ef3feb1bb46d2556ba67d/r_32",
            "rotation": 0.12566370614359174,
            "transform_matrix": [
                [
                    0.38386598229408264,
                    0.31731417775154114,
                    0.8671554923057556,
                    3.4956154823303223
                ],
                [
                    0.9233887791633606,
                    -0.13191206753253937,
                    -0.36048901081085205,
                    -1.4531776905059814
                ],
                [
                    0.0,
                    0.9391011595726013,
                    -0.34364089369773865,
                    -1.3852607011795044
                ],
                [
                    0.0,
                    0.0,
                    0.0,
                    1.0
                ]
            ]
        },
        {
            "file_path": "/data/shapenet_blender/all_50_random/02958343/f82b9a21855ef3feb1bb46d2556ba67d/r_33",
            "rotation": 0.12566370614359174,
            "transform_matrix": [
                [
                    -0.9997774362564087,
                    0.0006793969077989459,
                    0.021087225526571274,
                    0.08500531315803528
                ],
                [
                    0.021098166704177856,
                    0.03219453617930412,
                    0.9992590546607971,
                    4.028141498565674
                ],
                [
                    5.8207653974573503e-11,
                    0.9994813799858093,
                    -0.03220171108841896,
                    -0.12980923056602478
                ],
                [
                    0.0,
                    0.0,
                    0.0,
                    1.0
                ]
            ]
        },
        {
            "file_path": "/data/shapenet_blender/all_50_random/02958343/f82b9a21855ef3feb1bb46d2556ba67d/r_34",
            "rotation": 0.12566370614359174,
            "transform_matrix": [
                [
                    -0.40105631947517395,
                    0.24458152055740356,
                    0.8827987909317017,
                    3.558675765991211
                ],
                [
                    0.9160534739494324,
                    0.10707995295524597,
                    0.3864971399307251,
                    1.558019757270813
                ],
                [
                    0.0,
                    0.9636979699134827,
                    -0.26699480414390564,
                    -1.076290488243103
                ],
                [
                    0.0,
                    0.0,
                    0.0,
                    1.0
                ]
            ]
        },
        {
            "file_path": "/data/shapenet_blender/all_50_random/02958343/f82b9a21855ef3feb1bb46d2556ba67d/r_35",
            "rotation": 0.12566370614359174,
            "transform_matrix": [
                [
                    -0.2903149724006653,
                    0.4228401482105255,
                    0.8584423661231995,
                    3.4604921340942383
                ],
                [
                    0.9569311141967773,
                    0.12828177213668823,
                    0.2604353129863739,
                    1.0498484373092651
                ],
                [
                    0.0,
                    0.8970785737037659,
                    -0.4418709874153137,
                    -1.7812390327453613
                ],
                [
                    0.0,
                    0.0,
                    0.0,
                    1.0
                ]
            ]
        },
        {
            "file_path": "/data/shapenet_blender/all_50_random/02958343/f82b9a21855ef3feb1bb46d2556ba67d/r_36",
            "rotation": 0.12566370614359174,
            "transform_matrix": [
                [
                    -0.5600411891937256,
                    0.08357641100883484,
                    -0.8242383003234863,
                    -3.322611093521118
                ],
                [
                    -0.8284648060798645,
                    -0.05649754777550697,
                    0.5571840405464172,
                    2.2460808753967285
                ],
                [
                    0.0,
                    0.9948984384536743,
                    0.10088105499744415,
                    0.40666458010673523
                ],
                [
                    0.0,
                    0.0,
                    0.0,
                    1.0
                ]
            ]
        },
        {
            "file_path": "/data/shapenet_blender/all_50_random/02958343/f82b9a21855ef3feb1bb46d2556ba67d/r_37",
            "rotation": 0.12566370614359174,
            "transform_matrix": [
                [
                    0.42059385776519775,
                    0.07794292271137238,
                    -0.9038947820663452,
                    -3.643716335296631
                ],
                [
                    -0.9072490930557251,
                    0.03613375499844551,
                    -0.4190388023853302,
                    -1.689199447631836
                ],
                [
                    3.725290298461914e-09,
                    0.9963028430938721,
                    0.08591127395629883,
                    0.34631943702697754
                ],
                [
                    0.0,
                    0.0,
                    0.0,
                    1.0
                ]
            ]
        },
        {
            "file_path": "/data/shapenet_blender/all_50_random/02958343/f82b9a21855ef3feb1bb46d2556ba67d/r_38",
            "rotation": 0.12566370614359174,
            "transform_matrix": [
                [
                    0.9983447194099426,
                    0.02116994746029377,
                    -0.053476523607969284,
                    -0.21557074785232544
                ],
                [
                    -0.05751439556479454,
                    0.3674715757369995,
                    -0.9282546639442444,
                    -3.7419140338897705
                ],
                [
                    0.0,
                    0.9297937750816345,
                    0.36808085441589355,
                    1.483781337738037
                ],
                [
                    0.0,
                    0.0,
                    0.0,
                    1.0
                ]
            ]
        },
        {
            "file_path": "/data/shapenet_blender/all_50_random/02958343/f82b9a21855ef3feb1bb46d2556ba67d/r_39",
            "rotation": 0.12566370614359174,
            "transform_matrix": [
                [
                    0.9697784781455994,
                    -0.15777045488357544,
                    -0.1861136257648468,
                    -0.7502480745315552
                ],
                [
                    -0.2439873069524765,
                    -0.6270915865898132,
                    -0.7397474050521851,
                    -2.9820175170898438
                ],
                [
                    -7.450580596923828e-09,
                    0.762800395488739,
                    -0.6466338634490967,
                    -2.6066646575927734
                ],
                [
                    0.0,
                    0.0,
                    0.0,
                    1.0
                ]
            ]
        },
        {
            "file_path": "/data/shapenet_blender/all_50_random/02958343/f82b9a21855ef3feb1bb46d2556ba67d/r_40",
            "rotation": 0.12566370614359174,
            "transform_matrix": [
                [
                    0.9491019248962402,
                    -0.016178734600543976,
                    0.3145533502101898,
                    1.268005132675171
                ],
                [
                    0.31496915221214294,
                    0.04875165969133377,
                    -0.9478489756584167,
                    -3.820901393890381
                ],
                [
                    -9.313225746154785e-10,
                    0.9986799359321594,
                    0.051366087049245834,
                    0.20706331729888916
                ],
                [
                    0.0,
                    0.0,
                    0.0,
                    1.0
                ]
            ]
        },
        {
            "file_path": "/data/shapenet_blender/all_50_random/02958343/f82b9a21855ef3feb1bb46d2556ba67d/r_41",
            "rotation": 0.12566370614359174,
            "transform_matrix": [
                [
                    0.985497772693634,
                    -0.0625084787607193,
                    0.15775562822818756,
                    0.6359332799911499
                ],
                [
                    0.1696883887052536,
                    0.36302995681762695,
                    -0.9161959886550903,
                    -3.6933040618896484
