{
    "class": "02958343",
    "model": "6b7f573997bc6f8c953536e7c905b301",
    "remove_doubles": true,
    "edge_split": true,
    "denoise": true,
    "camera_angle_x": 0.6911112070083618,
    "scale_factor": 2.259197760141381,
    "hdri_file": "/data/IndoorHDRDataset2018/9C4A7150-2eb683a462.exr",
    "center_offset": [
        0.0,
        -1.862645149230957e-09,
        -3.725290298461914e-09
    ],
    "lights": [],
    "frames": [
        {
            "file_path": "/data/shapenet_blender/all_50_random/02958343/6b7f573997bc6f8c953536e7c905b301/r_0",
            "rotation": 0.12566370614359174,
            "transform_matrix": [
                [
                    -0.9289849996566772,
                    -0.18059413135051727,
                    0.32306769490242004,
                    1.3023275136947632
                ],
                [
                    0.37011754512786865,
                    -0.45328637957572937,
                    0.8108911514282227,
                    3.2688066959381104
                ],
                [
                    0.0,
                    0.8728786706924438,
                    0.4879372715950012,
                    1.9669380187988281
                ],
                [
                    0.0,
                    0.0,
                    0.0,
                    1.0
                ]
            ]
        },
        {
            "file_path": "/data/shapenet_blender/all_50_random/02958343/6b7f573997bc6f8c953536e7c905b301/r_1",
            "rotation": 0.12566370614359174,
            "transform_matrix": [
                [
                    0.8807762861251831,
                    -5.918099486734718e-05,
                    0.4735327661037445,
                    1.9088716506958008
                ],
                [
                    0.4735328257083893,
                    0.00011007730063283816,
                    -0.8807761669158936,
                    -3.5505223274230957
                ],
                [
                    3.637979240772582e-12,
                    1.0,
                    0.00012497759598772973,
                    0.0005038008093833923
                ],
                [
                    0.0,
                    0.0,
                    0.0,
                    1.0
                ]
            ]
        },
        {
            "file_path": "/data/shapenet_blender/all_50_random/02958343/6b7f573997bc6f8c953536e7c905b301/r_2",
            "rotation": 0.12566370614359174,
            "transform_matrix": [
                [
                    -0.12909306585788727,
                    0.26787522435188293,
                    -0.9547658562660217,
                    -3.8487842082977295
                ],
                [
                    -0.9916325211524963,
                    -0.0348726250231266,
                    0.12429367005825043,
                    0.5010437965393066
                ],
                [
                    3.725290298461914e-09,
                    0.9628222584724426,
                    0.2701355814933777,
                    1.0889513492584229
                ],
                [
                    0.0,
                    0.0,
                    0.0,
                    1.0
                ]
            ]
        },
        {
            "file_path": "/data/shapenet_blender/all_50_random/02958343/6b7f573997bc6f8c953536e7c905b301/r_3",
            "rotation": 0.12566370614359174,
            "transform_matrix": [
                [
                    0.9841363430023193,
                    0.09773866832256317,
                    -0.14806343615055084,
                    -0.5968628525733948
                ],
                [
                    -0.1774137318134308,
                    0.5421687364578247,
                    -0.8213265538215637,
                    -3.310873508453369
                ],
                [
                    0.0,
                    0.8345658779144287,
                    0.550908088684082,
                    2.2207818031311035
                ],
                [
                    0.0,
                    0.0,
                    0.0,
                    1.0
                ]
            ]
        },
        {
            "file_path": "/data/shapenet_blender/all_50_random/02958343/6b7f573997bc6f8c953536e7c905b301/r_4",
            "rotation": 0.12566370614359174,
            "transform_matrix": [
                [
                    0.7631792426109314,
                    -0.3704012334346771,
                    0.52949059009552,
                    2.1344449520111084
                ],
                [
                    0.6461867094039917,
                    0.43746259808540344,
                    -0.6253551840782166,
                    -2.5208873748779297
                ],
                [
                    1.4901160305669237e-08,
                    0.8194079995155334,
                    0.5732107162475586,
                    2.3106863498687744
                ],
                [
                    0.0,
                    0.0,
                    0.0,
                    1.0
                ]
            ]
        },
        {
            "file_path": "/data/shapenet_blender/all_50_random/02958343/6b7f573997bc6f8c953536e7c905b301/r_5",
            "rotation": 0.12566370614359174,
            "transform_matrix": [
                [
                    -0.9960737824440002,
                    -0.018586058169603348,
                    -0.08655443042516708,
                    -0.3489120602607727
                ],
                [
                    -0.08852746337652206,
                    0.20912252366542816,
                    0.973874032497406,
                    3.925811767578125
                ],
                [
                    0.0,
                    0.9777128100395203,
                    -0.20994682610034943,
                    -0.8463227152824402
                ],
                [
                    0.0,
                    0.0,
                    0.0,
                    1.0
                ]
            ]
        },
        {
            "file_path": "/data/shapenet_blender/all_50_random/02958343/6b7f573997bc6f8c953536e7c905b301/r_6",
            "rotation": 0.12566370614359174,
            "transform_matrix": [
                [
                    -0.35243284702301025,
                    -0.3644770085811615,
                    -0.8619440793991089,
                    -3.4746077060699463
                ],
                [
                    -0.9358370900154114,
                    0.13726070523262024,
                    0.32460498809814453,
                    1.3085246086120605
                ],
                [
                    0.0,
                    0.9210407137870789,
                    -0.3894662857055664,
                    -1.5699888467788696
                ],
                [
                    0.0,
                    0.0,
                    0.0,
                    1.0
                ]
            ]
        },
        {
            "file_path": "/data/shapenet_blender/all_50_random/02958343/6b7f573997bc6f8c953536e7c905b301/r_7",
            "rotation": 0.12566370614359174,
            "transform_matrix": [
                [
                    0.028382569551467896,
                    0.3354471027851105,
                    0.9416313767433167,
                    3.79583740234375
                ],
                [
                    0.9995971918106079,
                    -0.009524687193334103,
                    -0.026736686006188393,
                    -0.10777902603149414
                ],
                [
                    9.31322685637781e-10,
                    0.942010760307312,
                    -0.33558231592178345,
                    -1.3527755737304688
                ],
                [
                    0.0,
                    0.0,
                    0.0,
                    1.0
                ]
            ]
        },
        {
            "file_path": "/data/shapenet_blender/all_50_random/02958343/6b7f573997bc6f8c953536e7c905b301/r_8",
            "rotation": 0.12566370614359174,
            "transform_matrix": [
                [
                    0.6624899506568909,
                    -0.1109977513551712,
                    -0.7408013343811035,
                    -2.9862656593322754
                ],
                [
                    -0.7490708827972412,
                    -0.09816813468933105,
                    -0.6551762223243713,
                    -2.6410999298095703
                ],
                [
                    7.450581485102248e-09,
                    0.9889602661132812,
                    -0.14818058907985687,
                    -0.5973350405693054
                ],
                [
                    0.0,
                    0.0,
                    0.0,
                    1.0
                ]
            ]
        },
        {
            "file_path": "/data/shapenet_blender/all_50_random/02958343/6b7f573997bc6f8c953536e7c905b301/r_9",
            "rotation": 0.12566370614359174,
            "transform_matrix": [
                [
                    0.9653977155685425,
                    0.0901794359087944,
                    -0.244693323969841,
                    -0.9863904714584351
                ],
                [
                    -0.26078179478645325,
                    0.333838552236557,
                    -0.9058390855789185,
                    -3.651554584503174
                ],
                [
                    7.450580152834618e-09,
                    0.9383067488670349,
                    0.3458040654659271,
                    1.393980860710144
                ],
                [
                    0.0,
                    0.0,
                    0.0,
                    1.0
                ]
            ]
        },
        {
            "file_path": "/data/shapenet_blender/all_50_random/02958343/6b7f573997bc6f8c953536e7c905b301/r_10",
            "rotation": 0.12566370614359174,
            "transform_matrix": [
                [
                    0.953239381313324,
                    0.1888902634382248,
                    0.23591318726539612,
                    0.9509965181350708
                ],
                [
                    0.3022160828113556,
                    -0.5957910418510437,
                    -0.7441090941429138,
                    -2.9995999336242676
                ],
                [
                    -1.4901160305669237e-08,
                    0.7806107997894287,
                    -0.6250171661376953,
                    -2.5195250511169434
                ],
                [
                    0.0,
                    0.0,
                    0.0,
                    1.0
                ]
            ]
        },
        {
            "file_path": "/data/shapenet_blender/all_50_random/02958343/6b7f573997bc6f8c953536e7c905b301/r_11",
            "rotation": 0.12566370614359174,
            "transform_matrix": [
                [
                    0.3538881242275238,
                    -0.4922327697277069,
                    0.7952799201011658,
                    3.205875873565674
                ],
                [
                    0.9352878332138062,
                    0.1862478256225586,
                    -0.3009128272533417,
                    -1.2130184173583984
                ],
                [
                    0.0,
                    0.8503050208091736,
                    0.5262901186943054,
                    2.1215434074401855
                ],
                [
                    0.0,
                    0.0,
                    0.0,
                    1.0
                ]
            ]
        },
        {
            "file_path": "/data/shapenet_blender/all_50_random/02958343/6b7f573997bc6f8c953536e7c905b301/r_12",
            "rotation": 0.12566370614359174,
            "transform_matrix": [
                [
                    -0.9472132325172424,
                    -0.13040566444396973,
                    -0.292884886264801,
                    -1.1806567907333374
                ],
                [
                    -0.32060444355010986,
                    0.3852784335613251,
                    0.8653169274330139,
                    3.488204002380371
                ],
                [
                    0.0,
                    0.9135397672653198,
                    -0.4067494869232178,
                    -1.6396596431732178
                ],
                [
                    0.0,
                    0.0,
                    0.0,
                    1.0
                ]
            ]
        },
        {
            "file_path": "/data/shapenet_blender/all_50_random/02958343/6b7f573997bc6f8c953536e7c905b301/r_13",
            "rotation": 0.12566370614359174,
            "transform_matrix": [
                [
                    -0.04643093794584274,
                    -0.3238685727119446,
                    -0.9449620842933655,
                    -3.8092639446258545
                ],
                [
                    -0.9989215135574341,
                    0.015053754672408104,
                    0.04392284154891968,
                    0.1770586371421814
                ],
                [
                    0.0,
                    0.9459823369979858,
                    -0.3242182433605194,
                    -1.3069655895233154
                ],
                [
                    0.0,
                    0.0,
                    0.0,
                    1.0
                ]
            ]
        },
        {
            "file_path": "/data/shapenet_blender/all_50_random/02958343/6b7f573997bc6f8c953536e7c905b301/r_14",
            "rotation": 0.12566370614359174,
            "transform_matrix": [
                [
                    -0.19209183752536774,
                    0.8900667428970337,
                    -0.41337868571281433,
                    -1.6663827896118164
                ],
                [
                    -0.9813770055770874,
                    -0.1742190420627594,
                    0.08091352134943008,
                    0.3261728286743164
                ],
                [
                    0.0,
                    0.4212232232093811,
                    0.9069570302963257,
                    3.6560606956481934
                ],
                [
                    0.0,
                    0.0,
                    0.0,
                    1.0
                ]
            ]
        },
        {
            "file_path": "/data/shapenet_blender/all_50_random/02958343/6b7f573997bc6f8c953536e7c905b301/r_15",
            "rotation": 0.12566370614359174,
            "transform_matrix": [
                [
                    -0.23266281187534332,
                    0.038101766258478165,
                    -0.9718107581138611,
                    -3.917494773864746
                ],
                [
                    -0.972557544708252,
                    -0.009115002118051052,
                    0.2324841469526291,
                    0.93717360496521
                ],
                [
                    -9.313227966600834e-10,
                    0.9992321133613586,
                    0.03917688503861427,
                    0.15792709589004517
                ],
                [
                    0.0,
                    0.0,
                    0.0,
                    1.0
                ]
            ]
        },
        {
            "file_path": "/data/shapenet_blender/all_50_random/02958343/6b7f573997bc6f8c953536e7c905b301/r_16",
            "rotation": 0.12566370614359174,
            "transform_matrix": [
                [
                    -0.11810024827718735,
                    0.5620457530021667,
                    -0.8186310529708862,
                    -3.3000075817108154
                ],
                [
                    -0.9930016994476318,
                    -0.06684555113315582,
                    0.09736189991235733,
                    0.39247840642929077
                ],
                [
                    -3.725290298461914e-09,
                    0.8244004249572754,
                    0.5660068392753601,
                    2.281646728515625
                ],
                [
                    0.0,
                    0.0,
                    0.0,
                    1.0
                ]
            ]
        },
        {
            "file_path": "/data/shapenet_blender/all_50_random/02958343/6b7f573997bc6f8c953536e7c905b301/r_17",
            "rotation": 0.12566370614359174,
            "transform_matrix": [
                [
                    -0.621549665927887,
                    -0.05053749680519104,
                    -0.7817427515983582,
                    -3.15130615234375
                ],
                [
                    -0.7833747267723083,
                    0.04009775444865227,
                    0.6202548742294312,
                    2.5003275871276855
                ],
                [
                    0.0,
                    0.9979168176651001,
                    -0.06451253592967987,
                    -0.26005837321281433
                ],
                [
                    0.0,
                    0.0,
                    0.0,
                    1.0
                ]
            ]
        },
        {
            "file_path": "/data/shapenet_blender/all_50_random/02958343/6b7f573997bc6f8c953536e7c905b301/r_18",
            "rotation": 0.12566370614359174,
            "transform_matrix": [
                [
                    -0.5921629071235657,
                    -0.6712824106216431,
                    -0.4457836151123047,
                    -1.7970112562179565
                ],
                [
                    -0.8058183193206787,
                    0.4932980239391327,
                    0.32758817076683044,
                    1.3205502033233643
                ],
                [
                    -1.4901161193847656e-08,
                    0.5532060265541077,
                    -0.8330443501472473,
                    -3.35810923576355
                ],
                [
                    0.0,
                    0.0,
                    0.0,
                    1.0
                ]
            ]
        },
        {
            "file_path": "/data/shapenet_blender/all_50_random/02958343/6b7f573997bc6f8c953536e7c905b301/r_19",
            "rotation": 0.12566370614359174,
            "transform_matrix": [
                [
                    -0.3466765582561493,
                    -0.6519092917442322,
                    0.6744105219841003,
                    2.7186357975006104
                ],
                [
                    0.937984824180603,
                    -0.24094384908676147,
                    0.24926021695137024,
                    1.0048000812530518
                ],
                [
                    1.4901162970204496e-08,
                    0.718999445438385,
                    0.6950106024742126,
                    2.8016774654388428
                ],
                [
                    0.0,
                    0.0,
                    0.0,
                    1.0
                ]
            ]
        },
        {
            "file_path": "/data/shapenet_blender/all_50_random/02958343/6b7f573997bc6f8c953536e7c905b301/r_20",
            "rotation": 0.12566370614359174,
            "transform_matrix": [
                [
                    0.874325156211853,
                    -0.1927967220544815,
                    0.44540420174598694,
                    1.7954819202423096
                ],
                [
                    0.4853406250476837,
                    0.3473169505596161,
                    -0.8023810386657715,
                    -3.234501600265503
                ],
                [
                    1.4901161193847656e-08,
                    0.9177147150039673,
                    0.39724001288414,
                    1.6013258695602417
                ],
                [
                    0.0,
                    0.0,
                    0.0,
                    1.0
                ]
            ]
        },
        {
            "file_path": "/data/shapenet_blender/all_50_random/02958343/6b7f573997bc6f8c953536e7c905b301/r_21",
            "rotation": 0.12566370614359174,
            "transform_matrix": [
                [
                    -0.9633815884590149,
                    -0.013152798637747765,
                    0.2678114175796509,
                    1.0795824527740479
                ],
                [
                    0.2681342661380768,
                    -0.047256793826818466,
                    0.9622217416763306,
                    3.878840208053589
                ],
                [
                    9.313225746154785e-10,
                    0.9987962245941162,
                    0.04905302822589874,
                    0.19773909449577332
                ],
                [
                    0.0,
                    0.0,
                    0.0,
                    1.0
                ]
            ]
        },
        {
            "file_path": "/data/shapenet_blender/all_50_random/02958343/6b7f573997bc6f8c953536e7c905b301/r_22",
            "rotation": 0.12566370614359174,
            "transform_matrix": [
                [
                    -0.41161856055259705,
                    -0.06090650334954262,
                    -0.9093186855316162,
                    -3.6655807495117188
                ],
                [
                    -0.9113561511039734,
                    0.027508724480867386,
                    0.4106983244419098,
                    1.6555778980255127
                ],
                [
                    -1.862645149230957e-09,
                    0.9977642297744751,
                    -0.06683062016963959,
                    -0.2694028615951538
                ],
                [
                    0.0,
                    0.0,
                    0.0,
                    1.0
                ]
            ]
        },
        {
            "file_path": "/data/shapenet_blender/all_50_random/02958343/6b7f573997bc6f8c953536e7c905b301/r_23",
            "rotation": 0.12566370614359174,
            "transform_matrix": [
                [
                    -0.1177319809794426,
                    -0.5214226841926575,
                    -0.8451374769210815,
                    -3.406858444213867
                ],
                [
                    -0.993045449256897,
                    0.061818040907382965,
                    0.10019652545452118,
                    0.40390515327453613
                ],
                [
                    -3.725290298461914e-09,
                    0.8510563373565674,
                    -0.525074303150177,
                    -2.116642475128174
                ],
                [
                    0.0,
                    0.0,
                    0.0,
                    1.0
                ]
            ]
        },
        {
            "file_path": "/data/shapenet_blender/all_50_random/02958343/6b7f573997bc6f8c953536e7c905b301/r_24",
            "rotation": 0.12566370614359174,
            "transform_matrix": [
                [
                    0.9123436212539673,
                    0.21250019967556,
                    -0.3499610126018524,
                    -1.4107378721237183
                ],
                [
                    -0.4094252586364746,
                    0.4735252857208252,
                    -0.7798363566398621,
                    -3.143620729446411
                ],
                [
                    1.4901159417490817e-08,
                    0.8547614812850952,
                    0.5190207362174988,
                    2.0922393798828125
                ],
                [
                    0.0,
                    0.0,
                    0.0,
                    1.0
                ]
            ]
        },
        {
            "file_path": "/data/shapenet_blender/all_50_random/02958343/6b7f573997bc6f8c953536e7c905b301/r_25",
            "rotation": 0.12566370614359174,
            "transform_matrix": [
                [
                    0.25217145681381226,
                    -0.08332163095474243,
                    -0.9640886783599854,
                    -3.8863658905029297
                ],
                [
                    -0.9676826000213623,
                    -0.021713046357035637,
                    -0.25123491883277893,
                    -1.0127604007720947
                ],
                [
                    1.862645149230957e-09,
                    0.9962860941886902,
                    -0.08610429614782333,
                    -0.3470975160598755
                ],
                [
                    0.0,
                    0.0,
                    0.0,
                    1.0
                ]
            ]
        },
        {
            "file_path": "/data/shapenet_blender/all_50_random/02958343/6b7f573997bc6f8c953536e7c905b301/r_26",
            "rotation": 0.12566370614359174,
            "transform_matrix": [
                [
                    -0.9999532699584961,
                    0.0021731944289058447,
                    0.009418659843504429,
                    0.037967830896377563
                ],
                [
                    0.009666122496128082,
                    0.22481536865234375,
                    0.9743534326553345,
                    3.9277443885803223
                ],
                [
                    0.0,
                    0.9743989109992981,
                    -0.2248258739709854,
                    -0.9063020944595337
                ],
                [
                    0.0,
                    0.0,
                    0.0,
                    1.0
                ]
            ]
        },
        {
            "file_path": "/data/shapenet_blender/all_50_random/02958343/6b7f573997bc6f8c953536e7c905b301/r_27",
            "rotation": 0.12566370614359174,
            "transform_matrix": [
                [
                    0.656693160533905,
                    0.41165226697921753,
                    -0.6318990588188171,
                    -2.5472664833068848
                ],
                [
                    -0.7541577816009521,
                    0.35845181345939636,
                    -0.5502347350120544,
                    -2.218067169189453
                ],
                [
                    -1.4901160305669237e-08,
                    0.8378869891166687,
                    0.5458437204360962,
                    2.200366497039795
                ],
                [
                    0.0,
                    0.0,
                    0.0,
                    1.0
                ]
            ]
        },
        {
            "file_path": "/data/shapenet_blender/all_50_random/02958343/6b7f573997bc6f8c953536e7c905b301/r_28",
            "rotation": 0.12566370614359174,
            "transform_matrix": [
                [
                    0.14417359232902527,
                    -0.44370588660240173,
                    0.8844993114471436,
                    3.565530776977539
                ],
                [
                    0.9895524978637695,
                    0.06464605778455734,
                    -0.12886779010295868,
                    -0.5194826722145081
                ],
                [
                    3.725290742551124e-09,
                    0.8938377499580383,
                    0.44839051365852356,
                    1.8075200319290161
                ],
                [
                    0.0,
                    0.0,
                    0.0,
                    1.0
                ]
            ]
        },
        {
            "file_path": "/data/shapenet_blender/all_50_random/02958343/6b7f573997bc6f8c953536e7c905b301/r_29",
            "rotation": 0.12566370614359174,
            "transform_matrix": [
                [
                    0.002792081795632839,
                    0.012000507675111294,
                    -0.9999241828918457,
                    -4.03082275390625
                ],
                [
                    -0.9999961853027344,
                    3.3506523323012516e-05,
                    -0.0027918806299567223,
                    -0.011254429817199707
                ],
                [
                    0.0,
                    0.9999279379844666,
                    0.012000557035207748,
                    0.04837578535079956
                ],
                [
                    0.0,
                    0.0,
                    0.0,
                    1.0
                ]
            ]
        },
        {
            "file_path": "/data/shapenet_blender/all_50_random/02958343/6b7f573997bc6f8c953536e7c905b301/r_30",
            "rotation": 0.12566370614359174,
            "transform_matrix": [
                [
                    0.4670143723487854,
                    0.6553027033805847,
                    -0.5936967730522156,
                    -2.393268585205078
                ],
                [
                    -0.884249746799469,
                    0.34609654545783997,
                    -0.31355950236320496,
                    -1.2639988660812378
                ],
                [
                    1.4901161193847656e-08,
                    0.6714131236076355,
                    0.7410832643508911,
                    2.9874024391174316
                ],
                [
                    0.0,
                    0.0,
                    0.0,
                    1.0
                ]
            ]
        },
        {
            "file_path": "/data/shapenet_blender/all_50_random/02958343/6b7f573997bc6f8c953536e7c905b301/r_31",
            "rotation": 0.12566370614359174,
            "transform_matrix": [
                [
                    0.6100713610649109,
                    0.1726132333278656,
                    -0.773315966129303,
                    -3.1173362731933594
                ],
                [
                    -0.7923464775085449,
                    0.13290446996688843,
                    -0.5954187512397766,
                    -2.400209665298462
                ],
                [
                    -7.450580596923828e-09,
                    0.975982129573822,
                    0.2178507000207901,
                    0.8781842589378357
                ],
                [
                    0.0,
                    0.0,
                    0.0,
                    1.0
                ]
            ]
        },
        {
            "file_path": "/data/shapenet_blender/all_50_random/02958343/6b7f573997bc6f8c953536e7c905b301/r_32",
            "rotation": 0.12566370614359174,
            "transform_matrix": [
                [
                    -0.9115747809410095,
                    -0.3112996220588684,
                    -0.2685593068599701,
                    -1.0825971364974976
                ],
                [
                    -0.4111344814300537,
                    0.6902191042900085,
                    0.5954545140266418,
                    2.4003539085388184
                ],
                [
                    0.0,
                    0.653215229511261,
                    -0.7571722269058228,
                    -3.0522589683532715
                ],
                [
                    0.0,
                    0.0,
                    0.0,
                    1.0
                ]
            ]
        },
        {
            "file_path": "/data/shapenet_blender/all_50_random/02958343/6b7f573997bc6f8c953536e7c905b301/r_33",
            "rotation": 0.12566370614359174,
            "transform_matrix": [
                [
                    0.01780793070793152,
                    -0.9353998303413391,
                    0.35314270853996277,
                    1.423563838005066
                ],
                [
                    0.9998414516448975,
                    0.016660176217556,
                    -0.006289737764745951,
                    -0.025354743003845215
                ],
                [
                    -4.656613428188905e-10,
                    0.353198766708374,
                    0.9355483055114746,
                    3.771315813064575
                ],
                [
                    0.0,
                    0.0,
                    0.0,
                    1.0
                ]
            ]
        },
        {
            "file_path": "/data/shapenet_blender/all_50_random/02958343/6b7f573997bc6f8c953536e7c905b301/r_34",
            "rotation": 0.12566370614359174,
            "transform_matrix": [
                [
                    -0.958247184753418,
                    -0.015371925197541714,
                    -0.2855275571346283,
                    -1.1509983539581299
                ],
                [
                    -0.28594106435775757,
                    0.051514480262994766,
                    0.9568614959716797,
                    3.857232093811035
                ],
                [
                    9.313225746154785e-10,
                    0.9985539317131042,
                    -0.05375906825065613,
                    -0.21670973300933838
                ],
                [
                    0.0,
                    0.0,
                    0.0,
                    1.0
                ]
            ]
        },
        {
            "file_path": "/data/shapenet_blender/all_50_random/02958343/6b7f573997bc6f8c953536e7c905b301/r_35",
            "rotation": 0.12566370614359174,
            "transform_matrix": [
                [
                    0.7321845293045044,
                    -0.010849778540432453,
                    0.6810199022293091,
                    2.74527907371521
                ],
                [
                    0.6811063885688782,
                    0.011663435958325863,
                    -0.7320916056632996,
                    -2.951155662536621
                ],
                [
                    -9.313225746154785e-10,
                    0.999873161315918,
                    0.015929637476801872,
                    0.06421442329883575
                ],
                [
                    0.0,
                    0.0,
                    0.0,
                    1.0
                ]
            ]
        },
        {
            "file_path": "/data/shapenet_blender/all_50_random/02958343/6b7f573997bc6f8c953536e7c905b301/r_36",
            "rotation": 0.12566370614359174,
            "transform_matrix": [
                [
                    -0.924221932888031,
                    -0.06843390315771103,
                    0.3756735920906067,
                    1.5143887996673584
                ],
                [
                    0.381855845451355,
                    -0.16563348472118378,
                    0.9092587828636169,
                    3.665339708328247
                ],
                [
                    0.0,
                    0.9838101863861084,
                    0.17921395599842072,
                    0.7224346399307251
                ],
                [
                    0.0,
                    0.0,
                    0.0,
                    1.0
                ]
            ]
        },
        {
            "file_path": "/data/shapenet_blender/all_50_random/02958343/6b7f573997bc6f8c953536e7c905b301/r_37",
            "rotation": 0.12566370614359174,
            "transform_matrix": [
                [
                    -0.40746864676475525,
                    -0.4606248438358307,
                    -0.7885392308235168,
                    -3.1787033081054688
                ],
                [
                    -0.9132192730903625,
                    0.20552586019039154,
                    0.35183775424957275,
                    1.418303370475769
                ],
                [
                    0.0,
                    0.8634719252586365,
                    -0.5043967962265015,
                    -2.0332884788513184
                ],
                [
                    0.0,
                    0.0,
                    0.0,
                    1.0
                ]
            ]
        },
        {
            "file_path": "/data/shapenet_blender/all_50_random/02958343/6b7f573997bc6f8c953536e7c905b301/r_38",
            "rotation": 0.12566370614359174,
            "transform_matrix": [
                [
                    0.9989832043647766,
                    0.0069525595754384995,
                    -0.044545020908117294,
                    -0.17956674098968506
                ],
                [
                    -0.04508433863520622,
                    0.15405549108982086,
                    -0.9870330095291138,
                    -3.9788575172424316
                ],
                [
                    -4.656613428188905e-10,
                    0.9880375862121582,
                    0.15421229600906372,
                    0.6216496825218201
                ],
                [
                    0.0,
                    0.0,
                    0.0,
                    1.0
                ]
            ]
        },
        {
            "file_path": "/data/shapenet_blender/all_50_random/02958343/6b7f573997bc6f8c953536e7c905b301/r_39",
            "rotation": 0.12566370614359174,
            "transform_matrix": [
                [
                    -0.5205812454223633,
                    -0.5602505207061768,
                    0.6442937850952148,
                    2.59723162651062
                ],
                [
                    0.8538121581077576,
                    -0.34159260988235474,
                    0.39283496141433716,
                    1.5835684537887573
                ],
                [
                    1.4901161193847656e-08,
                    0.7546084523200989,
                    0.6561753153800964,
                    2.645127534866333
                ],
                [
                    0.0,
                    0.0,
                    0.0,
                    1.0
                ]
            ]
        },
        {
            "file_path": "/data/shapenet_blender/all_50_random/02958343/6b7f573997bc6f8c953536e7c905b301/r_40",
            "rotation": 0.12566370614359174,
            "transform_matrix": [
                [
                    -0.801451563835144,
                    0.5115455985069275,
                    -0.30983301997184753,
                    -1.2489769458770752
                ],
                [
                    -0.5980597138404846,
                    -0.6855151653289795,
                    0.41520294547080994,
                    1.6737366914749146
                ],
                [
                    1.4901161193847656e-08,
                    0.5180636048316956,
                    0.855341911315918,
                    3.447993755340576
                ],
                [
                    0.0,
                    0.0,
                    0.0,
                    1.0
                ]
            ]
        },
        {
            "file_path": "/data/shapenet_blender/all_50_random/02958343/6b7f573997bc6f8c953536e7c905b301/r_41",
            "rotation": 0.12566370614359174,
            "transform_matrix": [
                [
                    0.7697740793228149,
                    -0.28409263491630554,
                    0.571611225605011,
                    2.3042385578155518
                ],
                [
                    0.6383165717124939,
