{
    "class": "02958343",
    "model": "20b03fde0d55a99fbecf71e2e014ff6f",
    "remove_doubles": true,
    "edge_split": true,
    "denoise": true,
    "camera_angle_x": 0.6911112070083618,
    "scale_factor": 2.2548345532919396,
    "hdri_file": "/data/IndoorHDRDataset2018/9C4A3142-01112ebb65.exr",
    "center_offset": [
        0.0,
        -1.862645149230957e-09,
        -1.862645149230957e-09
    ],
    "lights": [],
    "frames": [
        {
            "file_path": "/data/shapenet_blender/all_50_random/02958343/20b03fde0d55a99fbecf71e2e014ff6f/r_0",
            "rotation": 0.12566370614359174,
            "transform_matrix": [
                [
                    -0.07557517290115356,
                    0.07379037141799927,
                    -0.99440598487854,
                    -4.008578777313232
                ],
                [
                    -0.997140109539032,
                    -0.00559271452948451,
                    0.07536794990301132,
                    0.3038179278373718
                ],
                [
                    4.656613428188905e-10,
                    0.9972580671310425,
                    0.07400200515985489,
                    0.29831162095069885
                ],
                [
                    0.0,
                    0.0,
                    0.0,
                    1.0
                ]
            ]
        },
        {
            "file_path": "/data/shapenet_blender/all_50_random/02958343/20b03fde0d55a99fbecf71e2e014ff6f/r_1",
            "rotation": 0.12566370614359174,
            "transform_matrix": [
                [
                    0.9990381598472595,
                    0.023904340341687202,
                    0.03676210716366768,
                    0.14819279313087463
                ],
                [
                    0.04385054484009743,
                    -0.5446077585220337,
                    -0.8375437259674072,
                    -3.376246690750122
                ],
                [
                    -1.862645149230957e-09,
                    0.8383501172065735,
                    -0.5451321601867676,
                    -2.197498083114624
                ],
                [
                    0.0,
                    0.0,
                    0.0,
                    1.0
                ]
            ]
        },
        {
            "file_path": "/data/shapenet_blender/all_50_random/02958343/20b03fde0d55a99fbecf71e2e014ff6f/r_2",
            "rotation": 0.12566370614359174,
            "transform_matrix": [
                [
                    -0.22780445218086243,
                    -0.6229433417320251,
                    -0.74836266040802,
                    -3.0167462825775146
                ],
                [
                    -0.9737069606781006,
                    0.14574125409126282,
                    0.17508383095264435,
                    0.7057855129241943
                ],
                [
                    0.0,
                    0.7685707211494446,
                    -0.6397647857666016,
                    -2.5789742469787598
                ],
                [
                    0.0,
                    0.0,
                    0.0,
                    1.0
                ]
            ]
        },
        {
            "file_path": "/data/shapenet_blender/all_50_random/02958343/20b03fde0d55a99fbecf71e2e014ff6f/r_3",
            "rotation": 0.12566370614359174,
            "transform_matrix": [
                [
                    0.9954438805580139,
                    0.05735746771097183,
                    -0.07616865634918213,
                    -0.30704569816589355
                ],
                [
                    -0.09534960240125656,
                    0.5988083481788635,
                    -0.7951960563659668,
                    -3.205538034439087
                ],
                [
                    -3.725290742551124e-09,
                    0.7988356351852417,
                    0.6015491485595703,
                    2.424922466278076
                ],
                [
                    0.0,
                    0.0,
                    0.0,
                    1.0
                ]
            ]
        },
        {
            "file_path": "/data/shapenet_blender/all_50_random/02958343/20b03fde0d55a99fbecf71e2e014ff6f/r_4",
            "rotation": 0.12566370614359174,
            "transform_matrix": [
                [
                    -0.22646228969097137,
                    0.05538627505302429,
                    -0.9724439382553101,
                    -3.920046806335449
                ],
                [
                    -0.9740200042724609,
                    -0.012877458706498146,
                    0.22609584033489227,
                    0.9114214777946472
                ],
                [
                    0.0,
                    0.9983818531036377,
                    0.05686359852552414,
                    0.22922450304031372
                ],
                [
                    0.0,
                    0.0,
                    0.0,
                    1.0
                ]
            ]
        },
        {
            "file_path": "/data/shapenet_blender/all_50_random/02958343/20b03fde0d55a99fbecf71e2e014ff6f/r_5",
            "rotation": 0.12566370614359174,
            "transform_matrix": [
                [
                    0.3662221133708954,
                    0.03504986688494682,
                    -0.929867148399353,
                    -3.7484142780303955
                ],
                [
                    -0.9305275678634644,
                    0.013794365338981152,
                    -0.3659622073173523,
                    -1.4752408266067505
                ],
                [
                    0.0,
                    0.9992902874946594,
                    0.037666670978069305,
                    0.1518392115831375
                ],
                [
                    0.0,
                    0.0,
                    0.0,
                    1.0
                ]
            ]
        },
        {
            "file_path": "/data/shapenet_blender/all_50_random/02958343/20b03fde0d55a99fbecf71e2e014ff6f/r_6",
            "rotation": 0.12566370614359174,
            "transform_matrix": [
                [
                    0.9686830043792725,
                    -0.16362108290195465,
                    -0.18676576018333435,
                    -0.752876877784729
                ],
                [
                    -0.24830088019371033,
                    -0.6383261680603027,
                    -0.7286193370819092,
                    -2.9371585845947266
                ],
                [
                    7.450581485102248e-09,
                    0.7521752715110779,
                    -0.6589630246162415,
                    -2.656364917755127
                ],
                [
                    0.0,
                    0.0,
                    0.0,
                    1.0
                ]
            ]
        },
        {
            "file_path": "/data/shapenet_blender/all_50_random/02958343/20b03fde0d55a99fbecf71e2e014ff6f/r_7",
            "rotation": 0.12566370614359174,
            "transform_matrix": [
                [
                    0.4257424473762512,
                    -0.7690759301185608,
                    0.47672367095947266,
                    1.9217345714569092
                ],
                [
                    0.9048444032669067,
                    0.36186137795448303,
                    -0.2243054062128067,
                    -0.9042040109634399
                ],
                [
                    0.0,
                    0.5268570780754089,
                    0.8499538898468018,
                    3.426273822784424
                ],
                [
                    0.0,
                    0.0,
                    0.0,
                    1.0
                ]
            ]
        },
        {
            "file_path": "/data/shapenet_blender/all_50_random/02958343/20b03fde0d55a99fbecf71e2e014ff6f/r_8",
            "rotation": 0.12566370614359174,
            "transform_matrix": [
                [
                    0.125217467546463,
                    0.17107035219669342,
                    0.9772694706916809,
                    3.9394991397857666
                ],
                [
                    0.9921293258666992,
                    -0.021590929478406906,
                    -0.12334199249744415,
                    -0.4972074627876282
                ],
                [
                    -1.862645149230957e-09,
                    0.9850221872329712,
                    -0.1724274754524231,
                    -0.6950773596763611
                ],
                [
                    0.0,
                    0.0,
                    0.0,
                    1.0
                ]
            ]
        },
        {
            "file_path": "/data/shapenet_blender/all_50_random/02958343/20b03fde0d55a99fbecf71e2e014ff6f/r_9",
            "rotation": 0.12566370614359174,
            "transform_matrix": [
                [
                    -0.9586357474327087,
                    -0.16112232208251953,
                    0.2346428632736206,
                    0.9458756446838379
                ],
                [
                    0.28463611006736755,
                    -0.5426494479179382,
                    0.7902618050575256,
                    3.1856472492218018
                ],
                [
                    0.0,
                    0.8243610262870789,
                    0.5660643577575684,
                    2.2818784713745117
                ],
                [
                    0.0,
                    0.0,
                    0.0,
                    1.0
                ]
            ]
        },
        {
            "file_path": "/data/shapenet_blender/all_50_random/02958343/20b03fde0d55a99fbecf71e2e014ff6f/r_10",
            "rotation": 0.12566370614359174,
            "transform_matrix": [
                [
                    0.7990928888320923,
                    -0.08502352237701416,
                    -0.5951651334762573,
                    -2.3991873264312744
                ],
                [
                    -0.6012074947357178,
                    -0.11300872266292572,
                    -0.7910616397857666,
                    -3.188871383666992
                ],
                [
                    0.0,
                    0.9899494051933289,
                    -0.14142125844955444,
                    -0.5700873136520386
                ],
                [
                    0.0,
                    0.0,
                    0.0,
                    1.0
                ]
            ]
        },
        {
            "file_path": "/data/shapenet_blender/all_50_random/02958343/20b03fde0d55a99fbecf71e2e014ff6f/r_11",
            "rotation": 0.12566370614359174,
            "transform_matrix": [
                [
                    0.9999281764030457,
                    -0.010969912633299828,
                    0.004844991490244865,
                    0.01953078806400299
                ],
                [
                    0.011992204934358597,
                    0.9146879315376282,
                    -0.4039827287197113,
                    -1.6285066604614258
                ],
                [
                    4.656613428188905e-10,
                    0.40401187539100647,
                    0.9147536158561707,
                    3.687490224838257
                ],
                [
                    0.0,
                    0.0,
                    0.0,
                    1.0
                ]
            ]
        },
        {
            "file_path": "/data/shapenet_blender/all_50_random/02958343/20b03fde0d55a99fbecf71e2e014ff6f/r_12",
            "rotation": 0.12566370614359174,
            "transform_matrix": [
                [
                    -0.9765909314155579,
                    -0.15032754838466644,
                    0.15385624766349792,
                    0.6202144622802734
                ],
                [
                    0.21510489284992218,
                    -0.6824973225593567,
                    0.6985177993774414,
                    2.8158154487609863
                ],
                [
                    7.450580152834618e-09,
                    0.7152613997459412,
                    0.6988568902015686,
                    2.8171825408935547
                ],
                [
                    0.0,
                    0.0,
                    0.0,
                    1.0
                ]
            ]
        },
        {
            "file_path": "/data/shapenet_blender/all_50_random/02958343/20b03fde0d55a99fbecf71e2e014ff6f/r_13",
            "rotation": 0.12566370614359174,
            "transform_matrix": [
                [
                    0.7152186632156372,
                    0.6560090184211731,
                    -0.24106933176517487,
                    -0.9717816114425659
                ],
                [
                    -0.6989007592201233,
                    0.6713255047798157,
                    -0.2466978281736374,
                    -0.9944708347320557
                ],
                [
                    -1.4901161193847656e-08,
                    0.34492629766464233,
                    0.938629686832428,
                    3.7837374210357666
                ],
                [
                    0.0,
                    0.0,
                    0.0,
                    1.0
                ]
            ]
        },
        {
            "file_path": "/data/shapenet_blender/all_50_random/02958343/20b03fde0d55a99fbecf71e2e014ff6f/r_14",
            "rotation": 0.12566370614359174,
            "transform_matrix": [
                [
                    -0.5004614591598511,
                    -0.6148608326911926,
                    -0.609495222568512,
                    -2.456954002380371
                ],
                [
                    -0.8657588958740234,
                    0.3554270565509796,
                    0.352325439453125,
                    1.4202693700790405
                ],
                [
                    -1.4901162970204496e-08,
                    0.704001247882843,
                    -0.7101986408233643,
                    -2.8629026412963867
                ],
                [
                    0.0,
                    0.0,
                    0.0,
                    1.0
                ]
            ]
        },
        {
            "file_path": "/data/shapenet_blender/all_50_random/02958343/20b03fde0d55a99fbecf71e2e014ff6f/r_15",
            "rotation": 0.12566370614359174,
            "transform_matrix": [
                [
                    0.7080387473106384,
                    -0.2959338128566742,
                    0.6411741375923157,
                    2.584655523300171
                ],
                [
                    0.7061734795570374,
                    0.29671546816825867,
                    -0.6428676843643188,
                    -2.591482639312744
                ],
                [
                    0.0,
                    0.9079554677009583,
                    0.4190666973590851,
                    1.6893118619918823
                ],
                [
                    0.0,
                    0.0,
                    0.0,
                    1.0
                ]
            ]
        },
        {
            "file_path": "/data/shapenet_blender/all_50_random/02958343/20b03fde0d55a99fbecf71e2e014ff6f/r_16",
            "rotation": 0.12566370614359174,
            "transform_matrix": [
                [
                    0.39932072162628174,
                    0.20048052072525024,
                    -0.8946231007575989,
                    -3.6063411235809326
                ],
                [
                    -0.9168114066123962,
                    0.08732005953788757,
                    -0.38965651392936707,
                    -1.5707556009292603
                ],
                [
                    0.0,
                    0.975798487663269,
                    0.218671515583992,
                    0.881493091583252
                ],
                [
                    0.0,
                    0.0,
                    0.0,
                    1.0
                ]
            ]
        },
        {
            "file_path": "/data/shapenet_blender/all_50_random/02958343/20b03fde0d55a99fbecf71e2e014ff6f/r_17",
            "rotation": 0.12566370614359174,
            "transform_matrix": [
                [
                    0.32534706592559814,
                    -0.11408890038728714,
                    0.9386868476867676,
                    3.7839677333831787
                ],
                [
                    0.9455946683883667,
                    0.039254121482372284,
                    -0.32297033071517944,
                    -1.301935076713562
                ],
                [
                    0.0,
                    0.9926946759223938,
                    0.12065307796001434,
                    0.4863681197166443
                ],
                [
                    0.0,
                    0.0,
                    0.0,
                    1.0
                ]
            ]
        },
        {
            "file_path": "/data/shapenet_blender/all_50_random/02958343/20b03fde0d55a99fbecf71e2e014ff6f/r_18",
            "rotation": 0.12566370614359174,
            "transform_matrix": [
                [
                    -0.17688092589378357,
                    -0.39445382356643677,
                    0.9017312526702881,
                    3.6349949836730957
                ],
                [
                    0.9842323660850525,
                    -0.07088910788297653,
                    0.16205427050590515,
                    0.653261661529541
                ],
                [
                    0.0,
                    0.9161771535873413,
                    0.4007731080055237,
                    1.6155680418014526
                ],
                [
                    0.0,
                    0.0,
                    0.0,
                    1.0
                ]
            ]
        },
        {
            "file_path": "/data/shapenet_blender/all_50_random/02958343/20b03fde0d55a99fbecf71e2e014ff6f/r_19",
            "rotation": 0.12566370614359174,
            "transform_matrix": [
                [
                    0.5458192825317383,
                    -0.15694622695446014,
                    -0.8230730295181274,
                    -3.31791353225708
                ],
                [
                    -0.8379029631614685,
                    -0.10223650187253952,
                    -0.5361588597297668,
                    -2.161325454711914
                ],
                [
                    0.0,
                    0.9823011159896851,
                    -0.18730835616588593,
                    -0.7550641298294067
                ],
                [
                    0.0,
                    0.0,
                    0.0,
                    1.0
                ]
            ]
        },
        {
            "file_path": "/data/shapenet_blender/all_50_random/02958343/20b03fde0d55a99fbecf71e2e014ff6f/r_20",
            "rotation": 0.12566370614359174,
            "transform_matrix": [
                [
                    0.12042016535997391,
                    0.13152945041656494,
                    0.9839710593223572,
                    3.9665141105651855
                ],
                [
                    0.9927231073379517,
                    -0.01595490053296089,
                    -0.11935850977897644,
                    -0.4811495542526245
                ],
                [
                    1.862645371275562e-09,
                    0.9911838173866272,
                    -0.13249361515045166,
                    -0.5340988636016846
                ],
                [
                    0.0,
                    0.0,
                    0.0,
                    1.0
                ]
            ]
        },
        {
            "file_path": "/data/shapenet_blender/all_50_random/02958343/20b03fde0d55a99fbecf71e2e014ff6f/r_21",
            "rotation": 0.12566370614359174,
            "transform_matrix": [
                [
                    0.999813973903656,
                    0.009683305397629738,
                    -0.01668044738471508,
                    -0.06724104285240173
                ],
                [
                    -0.01928739994764328,
                    0.501960039138794,
                    -0.8646756410598755,
                    -3.485619306564331
                ],
                [
                    0.0,
                    0.8648366332054138,
                    0.5020533204078674,
                    2.0238418579101562
                ],
                [
                    0.0,
                    0.0,
                    0.0,
                    1.0
                ]
            ]
        },
        {
            "file_path": "/data/shapenet_blender/all_50_random/02958343/20b03fde0d55a99fbecf71e2e014ff6f/r_22",
            "rotation": 0.12566370614359174,
            "transform_matrix": [
                [
                    -0.94697505235672,
                    -0.2286398708820343,
                    0.22574776411056519,
                    0.9100183248519897
                ],
                [
                    0.32130706310272217,
                    -0.6738608479499817,
                    0.6653370261192322,
                    2.6820592880249023
                ],
                [
                    0.0,
                    0.7025918960571289,
                    0.711592972278595,
                    2.868522882461548
                ],
                [
                    0.0,
                    0.0,
                    0.0,
                    1.0
                ]
            ]
        },
        {
            "file_path": "/data/shapenet_blender/all_50_random/02958343/20b03fde0d55a99fbecf71e2e014ff6f/r_23",
            "rotation": 0.12566370614359174,
            "transform_matrix": [
                [
                    -0.9006388783454895,
                    -0.037637557834386826,
                    0.4329354166984558,
                    1.745218276977539
                ],
                [
                    0.4345683455467224,
                    -0.07800349593162537,
                    0.8972546458244324,
                    3.6169488430023193
                ],
                [
                    3.725290298461914e-09,
                    0.996242344379425,
                    0.08660907298326492,
                    0.3491322994232178
                ],
                [
                    0.0,
                    0.0,
                    0.0,
                    1.0
                ]
            ]
        },
        {
            "file_path": "/data/shapenet_blender/all_50_random/02958343/20b03fde0d55a99fbecf71e2e014ff6f/r_24",
            "rotation": 0.12566370614359174,
            "transform_matrix": [
                [
                    -0.9830228686332703,
                    0.12775158882141113,
                    -0.1317024528980255,
                    -0.5309096574783325
                ],
                [
                    -0.18348298966884613,
                    -0.6844380497932434,
                    0.7056050896644592,
                    2.8443853855133057
                ],
                [
                    -7.450580152834618e-09,
                    0.7177911996841431,
                    0.6962583661079407,
                    2.8067073822021484
                ],
                [
                    0.0,
                    0.0,
                    0.0,
                    1.0
                ]
            ]
        },
        {
            "file_path": "/data/shapenet_blender/all_50_random/02958343/20b03fde0d55a99fbecf71e2e014ff6f/r_25",
            "rotation": 0.12566370614359174,
            "transform_matrix": [
                [
                    0.11590003967285156,
                    0.3781813681125641,
                    -0.9184476137161255,
                    -3.702380657196045
                ],
                [
                    -0.9932608604431152,
                    0.044128626585006714,
                    -0.10717035084962845,
                    -0.4320175051689148
                ],
                [
                    3.7252898543727042e-09,
                    0.9246792197227478,
                    0.3807472586631775,
                    1.5348412990570068
                ],
                [
                    0.0,
                    0.0,
                    0.0,
                    1.0
                ]
            ]
        },
        {
            "file_path": "/data/shapenet_blender/all_50_random/02958343/20b03fde0d55a99fbecf71e2e014ff6f/r_26",
            "rotation": 0.12566370614359174,
            "transform_matrix": [
                [
                    -0.36980897188186646,
                    0.2682133913040161,
                    0.8895520567893982,
                    3.5858991146087646
                ],
                [
                    0.9291078448295593,
                    0.10675587505102158,
                    0.3540647327899933,
                    1.4272805452346802
                ],
                [
                    0.0,
                    0.9574260711669922,
                    -0.28867843747138977,
                    -1.163699984550476
                ],
                [
                    0.0,
                    0.0,
                    0.0,
                    1.0
                ]
            ]
        },
        {
            "file_path": "/data/shapenet_blender/all_50_random/02958343/20b03fde0d55a99fbecf71e2e014ff6f/r_27",
            "rotation": 0.12566370614359174,
            "transform_matrix": [
                [
                    -0.5103393197059631,
                    0.6797670722007751,
                    -0.5267546772956848,
                    -2.1234161853790283
                ],
                [
                    -0.8599730730056763,
                    -0.4033985137939453,
                    0.312595397233963,
                    1.2601125240325928
                ],
                [
                    0.0,
                    0.6125247478485107,
                    0.7904513478279114,
                    3.1864116191864014
                ],
                [
                    0.0,
                    0.0,
                    0.0,
                    1.0
                ]
            ]
        },
        {
            "file_path": "/data/shapenet_blender/all_50_random/02958343/20b03fde0d55a99fbecf71e2e014ff6f/r_28",
            "rotation": 0.12566370614359174,
            "transform_matrix": [
                [
                    -0.545788586139679,
                    0.6328668594360352,
                    -0.549176037311554,
                    -2.213799476623535
                ],
                [
                    -0.837922990322113,
                    -0.4122234582901001,
                    0.35771071910858154,
                    1.4419779777526855
                ],
                [
                    1.4901164746561335e-08,
                    0.6554015278816223,
                    0.7552804946899414,
                    3.044633150100708
                ],
                [
                    0.0,
                    0.0,
                    0.0,
                    1.0
                ]
            ]
        },
        {
            "file_path": "/data/shapenet_blender/all_50_random/02958343/20b03fde0d55a99fbecf71e2e014ff6f/r_29",
            "rotation": 0.12566370614359174,
            "transform_matrix": [
                [
                    -0.9801201820373535,
                    -0.004735669121146202,
                    0.198348268866539,
                    0.799567461013794
                ],
                [
                    0.19840480387210846,
                    -0.02339421771466732,
                    0.9798409342765808,
                    3.9498651027679443
                ],
                [
                    0.0,
                    0.9997151494026184,
                    0.023868722841143608,
                    0.09621790051460266
                ],
                [
                    0.0,
                    0.0,
                    0.0,
                    1.0
                ]
            ]
        },
        {
            "file_path": "/data/shapenet_blender/all_50_random/02958343/20b03fde0d55a99fbecf71e2e014ff6f/r_30",
            "rotation": 0.12566370614359174,
            "transform_matrix": [
                [
                    -0.40031397342681885,
                    -0.47403085231781006,
                    -0.7842469811439514,
                    -3.16140079498291
                ],
                [
                    -0.9163780808448792,
                    0.20707738399505615,
                    0.34259334206581116,
                    1.381037950515747
                ],
                [
                    1.4901161193847656e-08,
                    0.855811595916748,
                    -0.5172874927520752,
                    -2.085252523422241
                ],
                [
                    0.0,
                    0.0,
                    0.0,
                    1.0
                ]
            ]
        },
        {
            "file_path": "/data/shapenet_blender/all_50_random/02958343/20b03fde0d55a99fbecf71e2e014ff6f/r_31",
            "rotation": 0.12566370614359174,
            "transform_matrix": [
                [
                    0.7320622205734253,
                    0.2241230010986328,
                    0.6433147192001343,
                    2.5932846069335938
                ],
                [
                    0.6812378168106079,
                    -0.24084390699863434,
                    -0.6913098096847534,
                    -2.7867588996887207
                ],
                [
                    0.0,
                    0.9443321824073792,
                    -0.3289937674999237,
                    -1.3262163400650024
                ],
                [
                    0.0,
                    0.0,
                    0.0,
                    1.0
                ]
            ]
        },
        {
            "file_path": "/data/shapenet_blender/all_50_random/02958343/20b03fde0d55a99fbecf71e2e014ff6f/r_32",
            "rotation": 0.12566370614359174,
            "transform_matrix": [
                [
                    -0.2237207293510437,
                    0.5367736220359802,
                    -0.8135251402854919,
                    -3.2794246673583984
                ],
                [
                    -0.9746532440185547,
                    -0.1232103779911995,
                    0.186735600233078,
                    0.7527552843093872
                ],
                [
                    7.4505797087454084e-09,
                    0.8346815705299377,
                    0.5507328510284424,
                    2.2200751304626465
                ],
                [
                    0.0,
                    0.0,
                    0.0,
                    1.0
                ]
            ]
        },
        {
            "file_path": "/data/shapenet_blender/all_50_random/02958343/20b03fde0d55a99fbecf71e2e014ff6f/r_33",
            "rotation": 0.12566370614359174,
            "transform_matrix": [
                [
                    0.9420136213302612,
                    0.09858861565589905,
                    0.32076558470726013,
                    1.2930474281311035
                ],
                [
                    0.33557453751564026,
                    -0.2767546772956848,
                    -0.9004424214363098,
                    -3.6297993659973145
                ],
                [
                    7.450580152834618e-09,
                    0.9558697938919067,
                    -0.2937904894351959,
                    -1.184307336807251
                ],
                [
                    0.0,
                    0.0,
                    0.0,
                    1.0
                ]
            ]
        },
        {
            "file_path": "/data/shapenet_blender/all_50_random/02958343/20b03fde0d55a99fbecf71e2e014ff6f/r_34",
            "rotation": 0.12566370614359174,
            "transform_matrix": [
                [
                    -0.8746362924575806,
                    0.4220704734325409,
                    -0.23846985399723053,
                    -0.9613027572631836
                ],
                [
                    -0.4847797155380249,
                    -0.7614967226982117,
                    0.4302457273006439,
                    1.7343759536743164
                ],
                [
                    0.0,
                    0.4919138252735138,
                    0.8706438541412354,
                    3.5096776485443115
                ],
                [
                    0.0,
                    0.0,
                    0.0,
                    1.0
                ]
            ]
        },
        {
            "file_path": "/data/shapenet_blender/all_50_random/02958343/20b03fde0d55a99fbecf71e2e014ff6f/r_35",
            "rotation": 0.12566370614359174,
            "transform_matrix": [
                [
                    -0.7032490372657776,
                    0.2112250179052353,
                    -0.6788406372070312,
                    -2.7364940643310547
                ],
                [
                    -0.7109434604644775,
                    -0.20893898606300354,
                    0.6714937090873718,
                    2.7068777084350586
                ],
                [
                    0.0,
                    0.9548447728157043,
                    0.29710519313812256,
                    1.1976693868637085
                ],
                [
                    0.0,
                    0.0,
                    0.0,
                    1.0
                ]
            ]
        },
        {
            "file_path": "/data/shapenet_blender/all_50_random/02958343/20b03fde0d55a99fbecf71e2e014ff6f/r_36",
            "rotation": 0.12566370614359174,
            "transform_matrix": [
                [
                    -0.87257981300354,
                    0.29010090231895447,
                    -0.39299607276916504,
                    -1.58421790599823
                ],
                [
                    -0.4884715676307678,
                    -0.5182209610939026,
                    0.702027440071106,
                    2.829963445663452
                ],
                [
                    -1.4901161193847656e-08,
                    0.8045423626899719,
                    0.5938951373100281,
                    2.3940680027008057
                ],
                [
                    0.0,
                    0.0,
                    0.0,
                    1.0
                ]
            ]
        },
        {
            "file_path": "/data/shapenet_blender/all_50_random/02958343/20b03fde0d55a99fbecf71e2e014ff6f/r_37",
            "rotation": 0.12566370614359174,
            "transform_matrix": [
                [
                    -0.9322444200515747,
                    -0.32947075366973877,
                    0.14956453442573547,
                    0.6029139757156372
                ],
                [
                    0.3618294596672058,
                    -0.8488730192184448,
                    0.38534921407699585,
                    1.5533925294876099
                ],
                [
                    0.0,
                    0.41335639357566833,
                    0.9105691909790039,
                    3.6706221103668213
                ],
                [
                    0.0,
                    0.0,
                    0.0,
                    1.0
                ]
            ]
        },
        {
            "file_path": "/data/shapenet_blender/all_50_random/02958343/20b03fde0d55a99fbecf71e2e014ff6f/r_38",
            "rotation": 0.12566370614359174,
            "transform_matrix": [
                [
                    -0.9890119433403015,
                    0.012753828428685665,
                    0.14728477597236633,
                    0.5937238931655884
                ],
                [
                    0.14783595502376556,
                    0.08532220125198364,
                    0.9853246212005615,
                    3.971970558166504
                ],
                [
                    0.0,
                    0.9962718486785889,
                    -0.08627013862133026,
                    -0.34776604175567627
                ],
                [
                    0.0,
                    0.0,
                    0.0,
                    1.0
                ]
            ]
        },
        {
            "file_path": "/data/shapenet_blender/all_50_random/02958343/20b03fde0d55a99fbecf71e2e014ff6f/r_39",
            "rotation": 0.12566370614359174,
            "transform_matrix": [
                [
                    0.7209492921829224,
                    -0.2086760252714157,
                    -0.6608225703239441,
                    -2.663860559463501
                ],
                [
                    -0.6929877996444702,
                    -0.21709594130516052,
                    -0.6874862313270569,
                    -2.771345376968384
                ],
                [
                    -1.4901160305669237e-08,
                    0.9535845518112183,
                    -0.301125168800354,
                    -1.2138742208480835
                ],
                [
                    0.0,
                    0.0,
                    0.0,
                    1.0
                ]
            ]
        },
        {
            "file_path": "/data/shapenet_blender/all_50_random/02958343/20b03fde0d55a99fbecf71e2e014ff6f/r_40",
            "rotation": 0.12566370614359174,
            "transform_matrix": [
                [
                    -0.9755845069885254,
                    0.18289592862129211,
                    -0.12158946692943573,
                    -0.490142822265625
                ],
                [
                    -0.21962453424930573,
                    -0.8124340176582336,
                    0.540107250213623,
                    2.1772420406341553
                ],
                [
                    -7.450580596923828e-09,
                    0.5536243319511414,
                    0.8327664732933044,
                    3.3569891452789307
                ],
                [
                    0.0,
                    0.0,
                    0.0,
                    1.0
                ]
            ]
        },
        {
            "file_path": "/data/shapenet_blender/all_50_random/02958343/20b03fde0d55a99fbecf71e2e014ff6f/r_41",
            "rotation": 0.12566370614359174,
            "transform_matrix": [
                [
                    -0.9956941604614258,
                    0.026791200041770935,
                    -0.08874320983886719,
                    -0.3577353358268738
                ],
                [
                    -0.09269911050796509,
                    -0.28776803612709045,
                    0.9532032608985901,
                    3.842485189437866
                ],
                [
