{
    "class": "02958343",
    "model": "7e7e5752ce2aebd46034a921cc85e098",
    "remove_doubles": true,
    "edge_split": true,
    "denoise": true,
    "camera_angle_x": 0.6911112070083618,
    "scale_factor": 2.256213348940278,
    "hdri_file": "/data/IndoorHDRDataset2018/AG8A3158-c709f4dad8.exr",
    "center_offset": [
        0.0,
        -1.862645149230957e-09,
        -3.725290298461914e-09
    ],
    "lights": [],
    "frames": [
        {
            "file_path": "/data/shapenet_blender/all_50_random/02958343/7e7e5752ce2aebd46034a921cc85e098/r_0",
            "rotation": 0.12566370614359174,
            "transform_matrix": [
                [
                    -0.9082676768302917,
                    0.33067014813423157,
                    0.2563337981700897,
                    1.03331458568573
                ],
                [
                    0.41838952898979187,
                    0.7178406715393066,
                    0.5564664006233215,
                    2.24318790435791
                ],
                [
                    0.0,
                    0.6126677393913269,
                    -0.7903404831886292,
                    -3.185964345932007
                ],
                [
                    0.0,
                    0.0,
                    0.0,
                    1.0
                ]
            ]
        },
        {
            "file_path": "/data/shapenet_blender/all_50_random/02958343/7e7e5752ce2aebd46034a921cc85e098/r_1",
            "rotation": 0.12566370614359174,
            "transform_matrix": [
                [
                    -0.2873861491680145,
                    0.885267436504364,
                    0.3656649589538574,
                    1.4740426540374756
                ],
                [
                    0.9578148126602173,
                    0.26561877131462097,
                    0.10971541702747345,
                    0.4422769844532013
                ],
                [
                    7.450580596923828e-09,
                    0.38176995515823364,
                    -0.9242573380470276,
                    -3.7258005142211914
                ],
                [
                    0.0,
                    0.0,
                    0.0,
                    1.0
                ]
            ]
        },
        {
            "file_path": "/data/shapenet_blender/all_50_random/02958343/7e7e5752ce2aebd46034a921cc85e098/r_2",
            "rotation": 0.12566370614359174,
            "transform_matrix": [
                [
                    -0.9924336671829224,
                    -0.12011581659317017,
                    0.025446400046348572,
                    0.10257771611213684
                ],
                [
                    0.12278160452842712,
                    -0.9708862900733948,
                    0.20568116009235382,
                    0.8291272521018982
                ],
                [
                    0.0,
                    0.20724919438362122,
                    0.9782881736755371,
                    3.943605661392212
                ],
                [
                    0.0,
                    0.0,
                    0.0,
                    1.0
                ]
            ]
        },
        {
            "file_path": "/data/shapenet_blender/all_50_random/02958343/7e7e5752ce2aebd46034a921cc85e098/r_3",
            "rotation": 0.12566370614359174,
            "transform_matrix": [
                [
                    0.39561671018600464,
                    0.7465938925743103,
                    0.5348691940307617,
                    2.1561264991760254
                ],
                [
                    0.9184157848358154,
                    -0.3216027319431305,
                    -0.2304002344608307,
                    -0.9287729263305664
                ],
                [
                    -1.4901161193847656e-08,
                    0.582382321357727,
                    -0.8129149675369263,
                    -3.2769646644592285
                ],
                [
                    0.0,
                    0.0,
                    0.0,
                    1.0
                ]
            ]
        },
        {
            "file_path": "/data/shapenet_blender/all_50_random/02958343/7e7e5752ce2aebd46034a921cc85e098/r_4",
            "rotation": 0.12566370614359174,
            "transform_matrix": [
                [
                    0.24247905611991882,
                    -0.6141536235809326,
                    -0.7510121464729309,
                    -3.0274267196655273
                ],
                [
                    -0.9701566696166992,
                    -0.15350036323070526,
                    -0.18770651519298553,
                    -0.7566691637039185
                ],
                [
                    0.0,
                    0.7741142511367798,
                    -0.6330459117889404,
                    -2.551889657974243
                ],
                [
                    0.0,
                    0.0,
                    0.0,
                    1.0
                ]
            ]
        },
        {
            "file_path": "/data/shapenet_blender/all_50_random/02958343/7e7e5752ce2aebd46034a921cc85e098/r_5",
            "rotation": 0.12566370614359174,
            "transform_matrix": [
                [
                    0.19175012409687042,
                    -0.029039714485406876,
                    0.98101407289505,
                    3.954594135284424
                ],
                [
                    0.9814437627792358,
                    0.005673650186508894,
                    -0.19166617095470428,
                    -0.772631049156189
                ],
                [
                    0.0,
                    0.9995620846748352,
                    0.029588773846626282,
                    0.11927616596221924
                ],
                [
                    0.0,
                    0.0,
                    0.0,
                    1.0
                ]
            ]
        },
        {
            "file_path": "/data/shapenet_blender/all_50_random/02958343/7e7e5752ce2aebd46034a921cc85e098/r_6",
            "rotation": 0.12566370614359174,
            "transform_matrix": [
                [
                    -0.5715906023979187,
                    0.12649625539779663,
                    0.8107298016548157,
                    3.2681565284729004
                ],
                [
                    0.8205389976501465,
                    0.08811777830123901,
                    0.5647574663162231,
                    2.2766103744506836
                ],
                [
                    0.0,
                    0.9880455136299133,
                    -0.15416239202022552,
                    -0.6214485168457031
                ],
                [
                    0.0,
                    0.0,
                    0.0,
                    1.0
                ]
            ]
        },
        {
            "file_path": "/data/shapenet_blender/all_50_random/02958343/7e7e5752ce2aebd46034a921cc85e098/r_7",
            "rotation": 0.12566370614359174,
            "transform_matrix": [
                [
                    -0.5755815505981445,
                    -0.0018232307629659772,
                    0.8177422881126404,
                    3.296424627304077
                ],
                [
                    0.8177443742752075,
                    -0.001283308258280158,
                    0.5755801200866699,
                    2.320237636566162
                ],
                [
                    1.1641531488804091e-10,
                    0.9999975562095642,
                    0.002229585312306881,
                    0.008987746201455593
                ],
                [
                    0.0,
                    0.0,
                    0.0,
                    1.0
                ]
            ]
        },
        {
            "file_path": "/data/shapenet_blender/all_50_random/02958343/7e7e5752ce2aebd46034a921cc85e098/r_8",
            "rotation": 0.12566370614359174,
            "transform_matrix": [
                [
                    0.19586946070194244,
                    0.26326313614845276,
                    -0.9446309804916382,
                    -3.807929277420044
                ],
                [
                    -0.9806299805641174,
                    0.05258374661207199,
                    -0.1886790543794632,
                    -0.760589599609375
                ],
                [
                    -3.725290298461914e-09,
                    0.9632899165153503,
                    0.26846322417259216,
                    1.082209825515747
                ],
                [
                    0.0,
                    0.0,
                    0.0,
                    1.0
                ]
            ]
        },
        {
            "file_path": "/data/shapenet_blender/all_50_random/02958343/7e7e5752ce2aebd46034a921cc85e098/r_9",
            "rotation": 0.12566370614359174,
            "transform_matrix": [
                [
                    0.517888069152832,
                    -0.10900001972913742,
                    -0.8484756350517273,
                    -3.4203147888183594
                ],
                [
                    -0.8554483652114868,
                    -0.06598856300115585,
                    -0.5136667490005493,
                    -2.0706570148468018
                ],
                [
                    0.0,
                    0.9918490648269653,
                    -0.12741857767105103,
                    -0.5136407017707825
                ],
                [
                    0.0,
                    0.0,
                    0.0,
                    1.0
                ]
            ]
        },
        {
            "file_path": "/data/shapenet_blender/all_50_random/02958343/7e7e5752ce2aebd46034a921cc85e098/r_10",
            "rotation": 0.12566370614359174,
            "transform_matrix": [
                [
                    0.6774919033050537,
                    0.42566046118736267,
                    0.599848210811615,
                    2.418065309524536
                ],
                [
                    0.7355301976203918,
                    -0.39207297563552856,
                    -0.5525161027908325,
                    -2.2272634506225586
                ],
                [
                    1.4901161193847656e-08,
                    0.8155315518379211,
                    -0.5787124633789062,
                    -2.332864284515381
                ],
                [
                    0.0,
                    0.0,
                    0.0,
                    1.0
                ]
            ]
        },
        {
            "file_path": "/data/shapenet_blender/all_50_random/02958343/7e7e5752ce2aebd46034a921cc85e098/r_11",
            "rotation": 0.12566370614359174,
            "transform_matrix": [
                [
                    0.023637395352125168,
                    -0.570220947265625,
                    0.8211513161659241,
                    3.310166358947754
                ],
                [
                    0.9997206330299377,
                    0.01348230428993702,
                    -0.019415302202105522,
                    -0.07826557755470276
                ],
                [
                    0.0,
                    0.8213806748390198,
                    0.5703803300857544,
                    2.299276351928711
                ],
                [
                    0.0,
                    0.0,
                    0.0,
                    1.0
                ]
            ]
        },
        {
            "file_path": "/data/shapenet_blender/all_50_random/02958343/7e7e5752ce2aebd46034a921cc85e098/r_12",
            "rotation": 0.12566370614359174,
            "transform_matrix": [
                [
                    -0.9997100234031677,
                    -0.021495943889021873,
                    -0.010853342711925507,
                    -0.043751224875450134
                ],
                [
                    -0.02408050373196602,
                    0.8924111127853394,
                    0.45058006048202515,
                    1.816346287727356
                ],
                [
                    -9.313225746154785e-10,
                    0.4507107436656952,
                    -0.8926700353622437,
                    -3.598468065261841
                ],
                [
                    0.0,
                    0.0,
                    0.0,
                    1.0
                ]
            ]
        },
        {
            "file_path": "/data/shapenet_blender/all_50_random/02958343/7e7e5752ce2aebd46034a921cc85e098/r_13",
            "rotation": 0.12566370614359174,
            "transform_matrix": [
                [
                    -0.09168852865695953,
                    -0.6353262662887573,
                    0.7667814493179321,
                    3.0909948348999023
                ],
                [
                    0.9957877397537231,
                    -0.05849853903055191,
                    0.07060245424509048,
                    0.28460758924484253
                ],
                [
                    0.0,
                    0.7700250148773193,
                    0.6380137205123901,
                    2.571915626525879
                ],
                [
                    0.0,
                    0.0,
                    0.0,
                    1.0
                ]
            ]
        },
        {
            "file_path": "/data/shapenet_blender/all_50_random/02958343/7e7e5752ce2aebd46034a921cc85e098/r_14",
            "rotation": 0.12566370614359174,
            "transform_matrix": [
                [
                    0.6871658563613892,
                    0.39060845971107483,
                    -0.6125587224960327,
                    -2.4693031311035156
                ],
                [
                    -0.7265006303787231,
                    0.3694598078727722,
                    -0.5793930292129517,
                    -2.3356080055236816
                ],
                [
                    1.4901161193847656e-08,
                    0.8431634306907654,
                    0.5376574397087097,
                    2.1673665046691895
                ],
                [
                    0.0,
                    0.0,
                    0.0,
                    1.0
                ]
            ]
        },
        {
            "file_path": "/data/shapenet_blender/all_50_random/02958343/7e7e5752ce2aebd46034a921cc85e098/r_15",
            "rotation": 0.12566370614359174,
            "transform_matrix": [
                [
                    -0.22770452499389648,
                    -0.06947336345911026,
                    -0.9712486863136292,
                    -3.915228843688965
                ],
                [
                    -0.9737302660942078,
                    0.01624618098139763,
                    0.22712421417236328,
                    0.9155670404434204
                ],
                [
                    0.0,
                    0.9974514842033386,
                    -0.07134764641523361,
                    -0.28761160373687744
                ],
                [
                    0.0,
                    0.0,
                    0.0,
                    1.0
                ]
            ]
        },
        {
            "file_path": "/data/shapenet_blender/all_50_random/02958343/7e7e5752ce2aebd46034a921cc85e098/r_16",
            "rotation": 0.12566370614359174,
            "transform_matrix": [
                [
                    0.6425904631614685,
                    -0.3803122639656067,
                    0.6651617288589478,
                    2.6813526153564453
                ],
                [
                    0.7662099003791809,
                    0.31895312666893005,
                    -0.5578452944755554,
                    -2.248746395111084
                ],
                [
                    -1.4901161193847656e-08,
                    0.868119478225708,
                    0.49635523557662964,
                    2.0008718967437744
                ],
                [
                    0.0,
                    0.0,
                    0.0,
                    1.0
                ]
            ]
        },
        {
            "file_path": "/data/shapenet_blender/all_50_random/02958343/7e7e5752ce2aebd46034a921cc85e098/r_17",
            "rotation": 0.12566370614359174,
            "transform_matrix": [
                [
                    0.7219433784484863,
                    0.03909212723374367,
                    0.6908469796180725,
                    2.78489351272583
                ],
                [
                    0.6919521689414978,
                    -0.040786489844322205,
                    -0.7207902669906616,
                    -2.9055986404418945
                ],
                [
                    -1.862645149230957e-09,
                    0.9984028339385986,
                    -0.056495413184165955,
                    -0.2277403026819229
                ],
                [
                    0.0,
                    0.0,
                    0.0,
                    1.0
                ]
            ]
        },
        {
            "file_path": "/data/shapenet_blender/all_50_random/02958343/7e7e5752ce2aebd46034a921cc85e098/r_18",
            "rotation": 0.12566370614359174,
            "transform_matrix": [
                [
                    0.7074621915817261,
                    -0.0005243971245363355,
                    0.7067509889602661,
                    2.8490042686462402
                ],
                [
                    0.7067511677742004,
                    0.0005249246605671942,
                    -0.7074620127677917,
                    -2.851870536804199
                ],
                [
                    2.9103825252563276e-11,
                    0.9999998211860657,
                    0.0007419827161356807,
                    0.0029910278972238302
                ],
                [
                    0.0,
                    0.0,
                    0.0,
                    1.0
                ]
            ]
        },
        {
            "file_path": "/data/shapenet_blender/all_50_random/02958343/7e7e5752ce2aebd46034a921cc85e098/r_19",
            "rotation": 0.12566370614359174,
            "transform_matrix": [
                [
                    -0.24192464351654053,
                    0.19023309648036957,
                    0.9514641165733337,
                    3.8354740142822266
                ],
                [
                    0.9702950119972229,
                    0.047431010752916336,
                    0.23722951114177704,
                    0.9563026428222656
                ],
                [
                    0.0,
                    0.9805924892425537,
                    -0.19605699181556702,
                    -0.7903309464454651
                ],
                [
                    0.0,
                    0.0,
                    0.0,
                    1.0
                ]
            ]
        },
        {
            "file_path": "/data/shapenet_blender/all_50_random/02958343/7e7e5752ce2aebd46034a921cc85e098/r_20",
            "rotation": 0.12566370614359174,
            "transform_matrix": [
                [
                    -0.9229049682617188,
                    -0.09608548879623413,
                    -0.3728457987308502,
                    -1.502989649772644
                ],
                [
                    -0.38502785563468933,
                    0.23031523823738098,
                    0.8937048316001892,
                    3.602639675140381
                ],
                [
                    7.450580596923828e-09,
                    0.9683607220649719,
                    -0.24955464899539948,
                    -1.0059870481491089
                ],
                [
                    0.0,
                    0.0,
                    0.0,
                    1.0
                ]
            ]
        },
        {
            "file_path": "/data/shapenet_blender/all_50_random/02958343/7e7e5752ce2aebd46034a921cc85e098/r_21",
            "rotation": 0.12566370614359174,
            "transform_matrix": [
                [
                    -0.8261198997497559,
                    0.3947473168373108,
                    -0.4021199643611908,
                    -1.620997428894043
                ],
                [
                    -0.5634943842887878,
                    -0.5787255167961121,
                    0.589534342288971,
                    2.3764889240264893
                ],
                [
                    0.0,
                    0.7136183381080627,
                    0.7005345821380615,
                    2.8239452838897705
                ],
                [
                    0.0,
                    0.0,
                    0.0,
                    1.0
                ]
            ]
        },
        {
            "file_path": "/data/shapenet_blender/all_50_random/02958343/7e7e5752ce2aebd46034a921cc85e098/r_22",
            "rotation": 0.12566370614359174,
            "transform_matrix": [
                [
                    0.4429206848144531,
                    0.3607083261013031,
                    0.8207988142967224,
                    3.308745861053467
                ],
                [
                    0.8965607285499573,
                    -0.17819783091545105,
                    -0.4054926335811615,
                    -1.63459312915802
                ],
                [
                    0.0,
                    0.9154970645904541,
                    -0.40232449769973755,
                    -1.6218218803405762
                ],
                [
                    0.0,
                    0.0,
                    0.0,
                    1.0
                ]
            ]
        },
        {
            "file_path": "/data/shapenet_blender/all_50_random/02958343/7e7e5752ce2aebd46034a921cc85e098/r_23",
            "rotation": 0.12566370614359174,
            "transform_matrix": [
                [
                    -0.7502509951591492,
                    -0.21555009484291077,
                    0.6250293850898743,
                    2.51957368850708
                ],
                [
                    0.6611531972885132,
                    -0.24459786713123322,
                    0.7092590928077698,
                    2.859114408493042
                ],
                [
                    -1.4901161193847656e-08,
                    0.9453622698783875,
                    0.3260214924812317,
                    1.3142344951629639
                ],
                [
                    0.0,
                    0.0,
                    0.0,
                    1.0
                ]
            ]
        },
        {
            "file_path": "/data/shapenet_blender/all_50_random/02958343/7e7e5752ce2aebd46034a921cc85e098/r_24",
            "rotation": 0.12566370614359174,
            "transform_matrix": [
                [
                    0.6748936772346497,
                    -0.27389082312583923,
                    0.6852023601531982,
                    2.762139081954956
                ],
                [
                    0.7379149198532104,
                    0.25049930810928345,
                    -0.6266829967498779,
                    -2.5262398719787598
                ],
                [
                    0.0,
                    0.928565502166748,
                    0.3711685538291931,
                    1.4962283372879028
                ],
                [
                    0.0,
                    0.0,
                    0.0,
                    1.0
                ]
            ]
        },
        {
            "file_path": "/data/shapenet_blender/all_50_random/02958343/7e7e5752ce2aebd46034a921cc85e098/r_25",
            "rotation": 0.12566370614359174,
            "transform_matrix": [
                [
                    -0.24591803550720215,
                    -0.12013144046068192,
                    0.9618173241615295,
                    3.8772099018096924
                ],
                [
                    0.9692906737327576,
                    -0.03047845885157585,
                    0.2440219670534134,
                    0.9836840629577637
                ],
                [
                    0.0,
                    0.9922901391983032,
                    0.1239374577999115,
                    0.4996078908443451
                ],
                [
                    0.0,
                    0.0,
                    0.0,
                    1.0
                ]
            ]
        },
        {
            "file_path": "/data/shapenet_blender/all_50_random/02958343/7e7e5752ce2aebd46034a921cc85e098/r_26",
            "rotation": 0.12566370614359174,
            "transform_matrix": [
                [
                    -0.8919197916984558,
                    0.4206019639968872,
                    -0.16605126857757568,
                    -0.6693739891052246
                ],
                [
                    -0.45219364762306213,
                    -0.8296074867248535,
                    0.327524334192276,
                    1.3202927112579346
                ],
                [
                    0.0,
                    0.36721271276474,
                    0.930137038230896,
                    3.749501943588257
                ],
                [
                    0.0,
                    0.0,
                    0.0,
                    1.0
                ]
            ]
        },
        {
            "file_path": "/data/shapenet_blender/all_50_random/02958343/7e7e5752ce2aebd46034a921cc85e098/r_27",
            "rotation": 0.12566370614359174,
            "transform_matrix": [
                [
                    -0.38696590065956116,
                    0.5509520173072815,
                    0.7393979430198669,
                    2.9806084632873535
                ],
                [
                    0.9220941066741943,
                    0.23121245205402374,
                    0.31029564142227173,
                    1.250841736793518
                ],
                [
                    0.0,
                    0.801868200302124,
                    -0.5975008606910706,
                    -2.4086029529571533
                ],
                [
                    0.0,
                    0.0,
                    0.0,
                    1.0
                ]
            ]
        },
        {
            "file_path": "/data/shapenet_blender/all_50_random/02958343/7e7e5752ce2aebd46034a921cc85e098/r_28",
            "rotation": 0.12566370614359174,
            "transform_matrix": [
                [
                    -0.9984763264656067,
                    -0.02322951890528202,
                    0.05005614086985588,
                    0.20178276300430298
                ],
                [
                    0.055183589458465576,
                    -0.4203084111213684,
                    0.905701756477356,
                    3.651000499725342
                ],
                [
                    0.0,
                    0.9070838689804077,
                    0.4209498167037964,
                    1.6969029903411865
                ],
                [
                    0.0,
                    0.0,
                    0.0,
                    1.0
                ]
            ]
        },
        {
            "file_path": "/data/shapenet_blender/all_50_random/02958343/7e7e5752ce2aebd46034a921cc85e098/r_29",
            "rotation": 0.12566370614359174,
            "transform_matrix": [
                [
                    -0.9459508657455444,
                    0.04553034529089928,
                    0.3210982382297516,
                    1.2943884134292603
                ],
                [
                    0.32431018352508545,
                    0.1328033059835434,
                    0.9365822076797485,
                    3.7754836082458496
                ],
                [
                    0.0,
                    0.9900960326194763,
                    -0.14039136469364166,
                    -0.5659356713294983
                ],
                [
                    0.0,
                    0.0,
                    0.0,
                    1.0
                ]
            ]
        },
        {
            "file_path": "/data/shapenet_blender/all_50_random/02958343/7e7e5752ce2aebd46034a921cc85e098/r_30",
            "rotation": 0.12566370614359174,
            "transform_matrix": [
                [
                    -0.6989539265632629,
                    0.4012884795665741,
                    -0.5919720530509949,
                    -2.3863155841827393
                ],
                [
                    -0.7151666879653931,
                    -0.3921912908554077,
                    0.5785521268844604,
                    2.3322181701660156
                ],
                [
                    1.4901161193847656e-08,
                    0.8277398943901062,
                    0.5611118674278259,
                    2.2619142532348633
                ],
                [
                    0.0,
                    0.0,
                    0.0,
                    1.0
                ]
            ]
        },
        {
            "file_path": "/data/shapenet_blender/all_50_random/02958343/7e7e5752ce2aebd46034a921cc85e098/r_31",
            "rotation": 0.12566370614359174,
            "transform_matrix": [
                [
                    0.03024536371231079,
                    0.24905313551425934,
                    0.9680174589157104,
                    3.90220308303833
                ],
                [
                    0.9995424747467041,
                    -0.007536150515079498,
                    -0.029291441664099693,
                    -0.11807757616043091
                ],
                [
                    0.0,
                    0.9684605002403259,
                    -0.24916712939739227,
                    -1.004424810409546
                ],
                [
                    0.0,
                    0.0,
                    0.0,
                    1.0
                ]
            ]
        },
        {
            "file_path": "/data/shapenet_blender/all_50_random/02958343/7e7e5752ce2aebd46034a921cc85e098/r_32",
            "rotation": 0.12566370614359174,
            "transform_matrix": [
                [
                    0.8503829836845398,
                    0.272212952375412,
                    -0.45027652382850647,
                    -1.8151228427886963
                ],
                [
                    -0.5261642932891846,
                    0.4399486184120178,
                    -0.7277336716651917,
                    -2.9335885047912598
                ],
                [
                    0.0,
                    0.8557717800140381,
                    0.5173534750938416,
                    2.0855188369750977
                ],
                [
                    0.0,
                    0.0,
                    0.0,
                    1.0
                ]
            ]
        },
        {
            "file_path": "/data/shapenet_blender/all_50_random/02958343/7e7e5752ce2aebd46034a921cc85e098/r_33",
            "rotation": 0.12566370614359174,
            "transform_matrix": [
                [
                    -0.9508597254753113,
                    0.20023344457149506,
                    0.23616153001785278,
                    0.9519976377487183
                ],
                [
                    0.3096218705177307,
                    0.6149239540100098,
                    0.7252603769302368,
                    2.9236183166503906
                ],
                [
                    0.0,
                    0.7627416253089905,
                    -0.6467031240463257,
                    -2.6069438457489014
                ],
                [
                    0.0,
                    0.0,
                    0.0,
                    1.0
                ]
            ]
        },
        {
            "file_path": "/data/shapenet_blender/all_50_random/02958343/7e7e5752ce2aebd46034a921cc85e098/r_34",
            "rotation": 0.12566370614359174,
            "transform_matrix": [
                [
                    -0.2990289628505707,
                    -0.4586009085178375,
                    -0.8368194103240967,
                    -3.3733272552490234
                ],
                [
                    -0.9542441368103027,
                    0.14371053874492645,
                    0.26223185658454895,
                    1.0570905208587646
                ],
                [
                    0.0,
                    0.8769449591636658,
                    -0.4805907905101776,
                    -1.9373235702514648
                ],
                [
                    0.0,
                    0.0,
                    0.0,
                    1.0
                ]
            ]
        },
        {
            "file_path": "/data/shapenet_blender/all_50_random/02958343/7e7e5752ce2aebd46034a921cc85e098/r_35",
            "rotation": 0.12566370614359174,
            "transform_matrix": [
                [
                    0.9527564644813538,
                    -0.031795453280210495,
                    0.30206653475761414,
                    1.217669129371643
                ],
                [
                    0.30373528599739075,
                    0.09973593801259995,
                    -0.9475218653678894,
                    -3.81958270072937
                ],
                [
                    -1.862645149230957e-09,
                    0.9945057034492493,
                    0.10468148440122604,
                    0.42198455333709717
                ],
                [
                    0.0,
                    0.0,
                    0.0,
                    1.0
                ]
            ]
        },
        {
            "file_path": "/data/shapenet_blender/all_50_random/02958343/7e7e5752ce2aebd46034a921cc85e098/r_36",
            "rotation": 0.12566370614359174,
            "transform_matrix": [
                [
                    -0.7087975144386292,
                    0.6765474677085876,
                    -0.19972378015518188,
                    -0.805112361907959
                ],
                [
                    -0.705411970615387,
                    -0.6797944903373718,
                    0.2006823569536209,
                    0.8089765310287476
                ],
                [
                    1.4901161193847656e-08,
                    0.2831307053565979,
                    0.95908123254776,
                    3.866180419921875
                ],
                [
                    0.0,
                    0.0,
                    0.0,
                    1.0
                ]
            ]
        },
        {
            "file_path": "/data/shapenet_blender/all_50_random/02958343/7e7e5752ce2aebd46034a921cc85e098/r_37",
            "rotation": 0.12566370614359174,
            "transform_matrix": [
                [
                    0.8348239064216614,
                    -0.5000879168510437,
                    0.23017632961273193,
                    0.927870512008667
                ],
                [
                    0.5505170822143555,
                    0.7583513259887695,
                    -0.34904763102531433,
                    -1.4070560932159424
                ],
                [
                    -2.9802322387695312e-08,
                    0.41810932755470276,
                    0.9083966612815857,
                    3.6618642807006836
                ],
                [
                    0.0,
                    0.0,
                    0.0,
                    1.0
                ]
            ]
        },
        {
            "file_path": "/data/shapenet_blender/all_50_random/02958343/7e7e5752ce2aebd46034a921cc85e098/r_38",
            "rotation": 0.12566370614359174,
            "transform_matrix": [
                [
                    0.9828323125839233,
                    -0.10510077327489853,
                    -0.15163934230804443,
                    -0.6112778186798096
                ],
                [
                    -0.18450112640857697,
                    -0.5598688125610352,
                    -0.8077784776687622,
                    -3.2562594413757324
                ],
                [
                    7.450580596923828e-09,
                    0.8218885660171509,
                    -0.569648265838623,
                    -2.296325922012329
                ],
                [
                    0.0,
                    0.0,
                    0.0,
                    1.0
                ]
            ]
        },
        {
            "file_path": "/data/shapenet_blender/all_50_random/02958343/7e7e5752ce2aebd46034a921cc85e098/r_39",
            "rotation": 0.12566370614359174,
            "transform_matrix": [
                [
                    0.2178843766450882,
                    -0.6575608253479004,
                    -0.7212073802947998,
                    -2.907280206680298
                ],
                [
                    -0.9759745597839355,
                    -0.14679914712905884,
                    -0.1610081046819687,
                    -0.6490445137023926
                ],
                [
                    -7.450580152834618e-09,
                    0.7389612793922424,
                    -0.6737478375434875,
                    -2.7159645557403564
                ],
                [
                    0.0,
                    0.0,
                    0.0,
                    1.0
                ]
            ]
        },
        {
            "file_path": "/data/shapenet_blender/all_50_random/02958343/7e7e5752ce2aebd46034a921cc85e098/r_40",
            "rotation": 0.12566370614359174,
            "transform_matrix": [
                [
                    0.9337834715843201,
                    0.020592840388417244,
                    0.35724568367004395,
                    1.440103530883789
                ],
                [
                    0.3578387498855591,
                    -0.053737200796604156,
                    -0.9322357177734375,
                    -3.757962942123413
                ],
                [
                    0.0,
                    0.9983426928520203,
                    -0.05754781886935234,
                    -0.23198270797729492
                ],
                [
                    0.0,
                    0.0,
                    0.0,
                    1.0
                ]
            ]
        },
        {
            "file_path": "/data/shapenet_blender/all_50_random/02958343/7e7e5752ce2aebd46034a921cc85e098/r_41",
            "rotation": 0.12566370614359174,
            "transform_matrix": [
                [
                    0.9787840247154236,
                    0.014643622562289238,
                    0.20437073707580566,
                    0.823844850063324
                ],
                [
                    0.20489470660686493,
                    -0.06995273381471634,
                    -0.9762810468673706,
                    -3.9355149269104004
                ],
                [
