{
    "class": "02958343",
    "model": "e21ff1f90750ab24b8085998d32fb54",
    "remove_doubles": true,
    "edge_split": true,
    "denoise": true,
    "camera_angle_x": 0.6911112070083618,
    "scale_factor": 2.3344331200548556,
    "hdri_file": "/data/IndoorHDRDataset2018/9C4A5967-b2868d005f.exr",
    "center_offset": [
        0.0,
        -9.313225746154785e-10,
        0.0
    ],
    "lights": [],
    "frames": [
        {
            "file_path": "/data/shapenet_blender/all_50_random/02958343/e21ff1f90750ab24b8085998d32fb54/r_0",
            "rotation": 0.12566370614359174,
            "transform_matrix": [
                [
                    -0.9865671396255493,
                    -0.016621535643935204,
                    -0.16250832378864288,
                    -0.6550919413566589
                ],
                [
                    -0.16335615515708923,
                    0.10038349777460098,
                    0.9814469218254089,
                    3.95633864402771
                ],
                [
                    -1.8626449271863521e-09,
                    0.9948099851608276,
                    -0.10175029933452606,
                    -0.41016852855682373
                ],
                [
                    0.0,
                    0.0,
                    0.0,
                    1.0
                ]
            ]
        },
        {
            "file_path": "/data/shapenet_blender/all_50_random/02958343/e21ff1f90750ab24b8085998d32fb54/r_1",
            "rotation": 0.12566370614359174,
            "transform_matrix": [
                [
                    0.9389007687568665,
                    0.0061884475871920586,
                    0.3441324234008789,
                    1.3872421979904175
                ],
                [
                    0.3441880941390991,
                    -0.016881288960576057,
                    -0.9387489557266235,
                    -3.7842180728912354
                ],
                [
                    0.0,
                    0.9998382925987244,
                    -0.01797984354197979,
                    -0.07247906923294067
                ],
                [
                    0.0,
                    0.0,
                    0.0,
                    1.0
                ]
            ]
        },
        {
            "file_path": "/data/shapenet_blender/all_50_random/02958343/e21ff1f90750ab24b8085998d32fb54/r_2",
            "rotation": 0.12566370614359174,
            "transform_matrix": [
                [
                    0.7425618171691895,
                    -0.6589984893798828,
                    0.11967790871858597,
                    0.4824370741844177
                ],
                [
                    0.6697775721549988,
                    0.7306114435195923,
                    -0.13268323242664337,
                    -0.5348632335662842
                ],
                [
                    0.0,
                    0.1786830574274063,
                    0.9839066863059998,
                    3.966254711151123
                ],
                [
                    0.0,
                    0.0,
                    0.0,
                    1.0
                ]
            ]
        },
        {
            "file_path": "/data/shapenet_blender/all_50_random/02958343/e21ff1f90750ab24b8085998d32fb54/r_3",
            "rotation": 0.12566370614359174,
            "transform_matrix": [
                [
                    -0.6848236322402954,
                    0.07933273911476135,
                    0.7243775725364685,
                    2.9200594425201416
                ],
                [
                    0.7287088632583618,
                    0.07455506920814514,
                    0.680753231048584,
                    2.744204044342041
                ],
                [
                    -3.725290298461914e-09,
                    0.9940562844276428,
                    -0.10886754095554352,
                    -0.43885910511016846
                ],
                [
                    0.0,
                    0.0,
                    0.0,
                    1.0
                ]
            ]
        },
        {
            "file_path": "/data/shapenet_blender/all_50_random/02958343/e21ff1f90750ab24b8085998d32fb54/r_4",
            "rotation": 0.12566370614359174,
            "transform_matrix": [
                [
                    -0.9279735684394836,
                    0.12149510532617569,
                    0.3522838354110718,
                    1.420101523399353
                ],
                [
                    0.37264585494995117,
                    0.30255064368247986,
                    0.8772674202919006,
                    3.5363781452178955
                ],
                [
                    0.0,
                    0.945358157157898,
                    -0.32603365182876587,
                    -1.3142837285995483
                ],
                [
                    0.0,
                    0.0,
                    0.0,
                    1.0
                ]
            ]
        },
        {
            "file_path": "/data/shapenet_blender/all_50_random/02958343/e21ff1f90750ab24b8085998d32fb54/r_5",
            "rotation": 0.12566370614359174,
            "transform_matrix": [
                [
                    -0.5179517269134521,
                    -0.8439207077026367,
                    -0.1397278606891632,
                    -0.5632610321044922
                ],
                [
                    -0.8554099202156067,
                    0.5109949707984924,
                    0.0846053808927536,
                    0.3410551846027374
                ],
                [
                    0.0,
                    0.16334617137908936,
                    -0.986568808555603,
                    -3.9769861698150635
                ],
                [
                    0.0,
                    0.0,
                    0.0,
                    1.0
                ]
            ]
        },
        {
            "file_path": "/data/shapenet_blender/all_50_random/02958343/e21ff1f90750ab24b8085998d32fb54/r_6",
            "rotation": 0.12566370614359174,
            "transform_matrix": [
                [
                    0.8960000872612,
                    0.2022080421447754,
                    0.39534252882003784,
                    1.5936766862869263
                ],
                [
                    0.44405385851860046,
                    -0.4080100357532501,
                    -0.7977116703987122,
                    -3.2156786918640137
                ],
                [
                    0.0,
                    0.8903029561042786,
                    -0.455368310213089,
                    -1.8356484174728394
                ],
                [
                    0.0,
                    0.0,
                    0.0,
                    1.0
                ]
            ]
        },
        {
            "file_path": "/data/shapenet_blender/all_50_random/02958343/e21ff1f90750ab24b8085998d32fb54/r_7",
            "rotation": 0.12566370614359174,
            "transform_matrix": [
                [
                    0.84800124168396,
                    0.45839929580688477,
                    -0.26601508259773254,
                    -1.0723412036895752
                ],
                [
                    -0.5299942493438721,
                    0.7334478497505188,
                    -0.4256293475627899,
                    -1.7157669067382812
                ],
                [
                    0.0,
                    0.5019206404685974,
                    0.8649135231971741,
                    3.4865782260894775
                ],
                [
                    0.0,
                    0.0,
                    0.0,
                    1.0
                ]
            ]
        },
        {
            "file_path": "/data/shapenet_blender/all_50_random/02958343/e21ff1f90750ab24b8085998d32fb54/r_8",
            "rotation": 0.12566370614359174,
            "transform_matrix": [
                [
                    0.2562199532985687,
                    0.03818410262465477,
                    0.9658640623092651,
                    3.8935225009918213
                ],
                [
                    0.9666184782981873,
                    -0.010121396742761135,
                    -0.2560199797153473,
                    -1.032049536705017
                ],
                [
                    9.313224635931761e-10,
                    0.999219536781311,
                    -0.039502765983343124,
                    -0.1592407375574112
                ],
                [
                    0.0,
                    0.0,
                    0.0,
                    1.0
                ]
            ]
        },
        {
            "file_path": "/data/shapenet_blender/all_50_random/02958343/e21ff1f90750ab24b8085998d32fb54/r_9",
            "rotation": 0.12566370614359174,
            "transform_matrix": [
                [
                    0.07575301826000214,
                    0.7857905626296997,
                    -0.6138359904289246,
                    -2.474452018737793
                ],
                [
                    -0.9971266984939575,
                    0.05969753861427307,
                    -0.046633921563625336,
                    -0.18798735737800598
                ],
                [
                    0.0,
                    0.615604817867279,
                    0.7880549430847168,
                    3.176751136779785
                ],
                [
                    0.0,
                    0.0,
                    0.0,
                    1.0
                ]
            ]
        },
        {
            "file_path": "/data/shapenet_blender/all_50_random/02958343/e21ff1f90750ab24b8085998d32fb54/r_10",
            "rotation": 0.12566370614359174,
            "transform_matrix": [
                [
                    0.9403905868530273,
                    0.240359365940094,
                    0.24060991406440735,
                    0.969929575920105
                ],
                [
                    0.34009671211242676,
                    -0.664609968662262,
                    -0.6653027534484863,
                    -2.6819212436676025
                ],
                [
                    0.0,
                    0.7074750661849976,
                    -0.706738293170929,
                    -2.8489532470703125
                ],
                [
                    0.0,
                    0.0,
                    0.0,
                    1.0
                ]
            ]
        },
        {
            "file_path": "/data/shapenet_blender/all_50_random/02958343/e21ff1f90750ab24b8085998d32fb54/r_11",
            "rotation": 0.12566370614359174,
            "transform_matrix": [
                [
                    -0.9305803775787354,
                    0.03050021082162857,
                    -0.36481499671936035,
                    -1.470616340637207
                ],
                [
                    -0.36608776450157166,
                    -0.07753030955791473,
                    0.9273450374603271,
                    3.7382473945617676
                ],
                [
                    0.0,
                    0.996523380279541,
                    0.08331393450498581,
                    0.33584922552108765
                ],
                [
                    0.0,
                    0.0,
                    0.0,
                    1.0
                ]
            ]
        },
        {
            "file_path": "/data/shapenet_blender/all_50_random/02958343/e21ff1f90750ab24b8085998d32fb54/r_12",
            "rotation": 0.12566370614359174,
            "transform_matrix": [
                [
                    0.9975500702857971,
                    -0.021002156659960747,
                    0.06672953069210052,
                    0.26899537444114685
                ],
                [
                    0.06995656341314316,
                    0.2994815409183502,
                    -0.9515339136123657,
                    -3.8357560634613037
                ],
                [
                    0.0,
                    0.9538708925247192,
                    0.30021703243255615,
                    1.2102136611938477
                ],
                [
                    0.0,
                    0.0,
                    0.0,
                    1.0
                ]
            ]
        },
        {
            "file_path": "/data/shapenet_blender/all_50_random/02958343/e21ff1f90750ab24b8085998d32fb54/r_13",
            "rotation": 0.12566370614359174,
            "transform_matrix": [
                [
                    0.9266985058784485,
                    -0.1446325033903122,
                    0.34685924649238586,
                    1.3982343673706055
                ],
                [
                    0.37580564618110657,
                    0.3566490113735199,
                    -0.855319619178772,
                    -3.447903633117676
                ],
                [
                    1.4901160305669237e-08,
                    0.9229750633239746,
                    0.3848598003387451,
                    1.5514194965362549
                ],
                [
                    0.0,
                    0.0,
                    0.0,
                    1.0
                ]
            ]
        },
        {
            "file_path": "/data/shapenet_blender/all_50_random/02958343/e21ff1f90750ab24b8085998d32fb54/r_14",
            "rotation": 0.12566370614359174,
            "transform_matrix": [
                [
                    0.45496517419815063,
                    0.09213674068450928,
                    0.8857298493385315,
                    3.5704915523529053
                ],
                [
                    0.890509307384491,
                    -0.04707306995987892,
                    -0.4525233209133148,
                    -1.824180006980896
                ],
                [
                    0.0,
                    0.9946330189704895,
                    -0.10346522182226181,
                    -0.41708168387413025
                ],
                [
                    0.0,
                    0.0,
                    0.0,
                    1.0
                ]
            ]
        },
        {
            "file_path": "/data/shapenet_blender/all_50_random/02958343/e21ff1f90750ab24b8085998d32fb54/r_15",
            "rotation": 0.12566370614359174,
            "transform_matrix": [
                [
                    0.6944975852966309,
                    0.23222175240516663,
                    -0.6809890270233154,
                    -2.745154857635498
                ],
                [
                    -0.7194950580596924,
                    0.22415366768836975,
                    -0.6573293805122375,
                    -2.649779796600342
                ],
                [
                    1.4901161193847656e-08,
                    0.9464820027351379,
                    0.3227565288543701,
                    1.3010733127593994
                ],
                [
                    0.0,
                    0.0,
                    0.0,
                    1.0
                ]
            ]
        },
        {
            "file_path": "/data/shapenet_blender/all_50_random/02958343/e21ff1f90750ab24b8085998d32fb54/r_16",
            "rotation": 0.12566370614359174,
            "transform_matrix": [
                [
                    0.6658638715744019,
                    -0.21312329173088074,
                    0.7149850726127625,
                    2.882197141647339
                ],
                [
                    0.7460731863975525,
                    0.19021068513393402,
                    -0.6381179690361023,
                    -2.572335958480835
                ],
                [
                    0.0,
                    0.9583309888839722,
                    0.2856599986553192,
                    1.1515324115753174
                ],
                [
                    0.0,
                    0.0,
                    0.0,
                    1.0
                ]
            ]
        },
        {
            "file_path": "/data/shapenet_blender/all_50_random/02958343/e21ff1f90750ab24b8085998d32fb54/r_17",
            "rotation": 0.12566370614359174,
            "transform_matrix": [
                [
                    0.7134722471237183,
                    -0.4369737505912781,
                    -0.5477327704429626,
                    -2.2079813480377197
                ],
                [
                    -0.7006834149360657,
                    -0.44494932889938354,
                    -0.557729959487915,
                    -2.248281478881836
                ],
                [
                    1.4901161193847656e-08,
                    0.7817121148109436,
                    -0.6236393451690674,
                    -2.5139706134796143
                ],
                [
                    0.0,
                    0.0,
                    0.0,
                    1.0
                ]
            ]
        },
        {
            "file_path": "/data/shapenet_blender/all_50_random/02958343/e21ff1f90750ab24b8085998d32fb54/r_18",
            "rotation": 0.12566370614359174,
            "transform_matrix": [
                [
                    0.9832600355148315,
                    0.13989177346229553,
                    0.11674796044826508,
                    0.4706260859966278
                ],
                [
                    0.1822081357240677,
                    -0.7549058794975281,
                    -0.630013644695282,
                    -2.539666175842285
                ],
                [
                    -7.450581485102248e-09,
                    0.6407395601272583,
                    -0.7677582502365112,
                    -3.0949325561523438
                ],
                [
                    0.0,
                    0.0,
                    0.0,
                    1.0
                ]
            ]
        },
        {
            "file_path": "/data/shapenet_blender/all_50_random/02958343/e21ff1f90750ab24b8085998d32fb54/r_19",
            "rotation": 0.12566370614359174,
            "transform_matrix": [
                [
                    0.7995457053184509,
                    -0.024390939623117447,
                    0.6001098155975342,
                    2.4191200733184814
                ],
                [
                    0.6006052494049072,
                    0.03247002512216568,
                    -0.7988860607147217,
                    -3.2204127311706543
                ],
                [
                    0.0,
                    0.9991750717163086,
                    0.04061059281229973,
                    0.16370654106140137
                ],
                [
                    0.0,
                    0.0,
                    0.0,
                    1.0
                ]
            ]
        },
        {
            "file_path": "/data/shapenet_blender/all_50_random/02958343/e21ff1f90750ab24b8085998d32fb54/r_20",
            "rotation": 0.12566370614359174,
            "transform_matrix": [
                [
                    0.7815207242965698,
                    -0.1433853805065155,
                    0.6071786880493164,
                    2.4476158618927
                ],
                [
                    0.6238793730735779,
                    0.17961588501930237,
                    -0.7606001496315002,
                    -3.066077470779419
                ],
                [
                    7.450581485102248e-09,
                    0.9732308983802795,
                    0.22982871532440186,
                    0.9264692664146423
                ],
                [
                    0.0,
                    0.0,
                    0.0,
                    1.0
                ]
            ]
        },
        {
            "file_path": "/data/shapenet_blender/all_50_random/02958343/e21ff1f90750ab24b8085998d32fb54/r_21",
            "rotation": 0.12566370614359174,
            "transform_matrix": [
                [
                    0.7292341589927673,
                    -0.31561407446861267,
                    0.6071287393569946,
                    2.447413921356201
                ],
                [
                    0.6842641830444336,
                    0.3363563120365143,
                    -0.6470293402671814,
                    -2.6082584857940674
                ],
                [
                    -1.4901160305669237e-08,
                    0.8872723579406738,
                    0.46124598383903503,
                    1.8593418598175049
                ],
                [
                    0.0,
                    0.0,
                    0.0,
                    1.0
                ]
            ]
        },
        {
            "file_path": "/data/shapenet_blender/all_50_random/02958343/e21ff1f90750ab24b8085998d32fb54/r_22",
            "rotation": 0.12566370614359174,
            "transform_matrix": [
                [
                    0.9280892610549927,
                    0.36422228813171387,
                    0.07741092890501022,
                    0.31205347180366516
                ],
                [
                    0.3723577857017517,
                    -0.9078117609024048,
                    -0.19294412434101105,
                    -0.7777827382087708
                ],
                [
                    0.0,
                    0.20789407193660736,
                    -0.9781512022018433,
                    -3.94305419921875
                ],
                [
                    0.0,
                    0.0,
                    0.0,
                    1.0
                ]
            ]
        },
        {
            "file_path": "/data/shapenet_blender/all_50_random/02958343/e21ff1f90750ab24b8085998d32fb54/r_23",
            "rotation": 0.12566370614359174,
            "transform_matrix": [
                [
                    -0.5230423212051392,
                    0.03182148188352585,
                    0.8517124056816101,
                    3.4333624839782715
                ],
                [
                    0.8523067235946655,
                    0.019528163596987724,
                    0.5226776599884033,
                    2.106981039047241
                ],
                [
                    0.0,
                    0.9993027448654175,
                    -0.03733571991324425,
                    -0.15050509572029114
                ],
                [
                    0.0,
                    0.0,
                    0.0,
                    1.0
                ]
            ]
        },
        {
            "file_path": "/data/shapenet_blender/all_50_random/02958343/e21ff1f90750ab24b8085998d32fb54/r_24",
            "rotation": 0.12566370614359174,
            "transform_matrix": [
                [
                    0.9811438322067261,
                    -0.0018287071725353599,
                    -0.19327054917812347,
                    -0.7790985107421875
                ],
                [
                    -0.1932792067527771,
                    -0.009283071383833885,
                    -0.9810998439788818,
                    -3.9549400806427
                ],
                [
                    -1.1641532182693481e-10,
                    0.9999552369117737,
                    -0.00946147833019495,
                    -0.0381404384970665
                ],
                [
                    0.0,
                    0.0,
                    0.0,
                    1.0
                ]
            ]
        },
        {
            "file_path": "/data/shapenet_blender/all_50_random/02958343/e21ff1f90750ab24b8085998d32fb54/r_25",
            "rotation": 0.12566370614359174,
            "transform_matrix": [
                [
                    0.9771353006362915,
                    0.19789235293865204,
                    0.07775188237428665,
                    0.3134278655052185
                ],
                [
                    0.21261879801750183,
                    -0.9094567894935608,
                    -0.3573254644870758,
                    -1.440424919128418
                ],
                [
                    0.0,
                    0.3656867444515228,
                    -0.9307379722595215,
                    -3.751924514770508
                ],
                [
                    0.0,
                    0.0,
                    0.0,
                    1.0
                ]
            ]
        },
        {
            "file_path": "/data/shapenet_blender/all_50_random/02958343/e21ff1f90750ab24b8085998d32fb54/r_26",
            "rotation": 0.12566370614359174,
            "transform_matrix": [
                [
                    0.8068041205406189,
                    0.013362620025873184,
                    -0.5906678438186646,
                    -2.3810582160949707
                ],
                [
                    -0.5908189415931702,
                    0.018247582018375397,
                    -0.8065977692604065,
                    -3.251499652862549
                ],
                [
                    0.0,
                    0.9997442960739136,
                    0.02261711284518242,
                    0.09117250144481659
                ],
                [
                    0.0,
                    0.0,
                    0.0,
                    1.0
                ]
            ]
        },
        {
            "file_path": "/data/shapenet_blender/all_50_random/02958343/e21ff1f90750ab24b8085998d32fb54/r_27",
            "rotation": 0.12566370614359174,
            "transform_matrix": [
                [
                    0.13889054954051971,
                    0.21402747929096222,
                    -0.9669031500816345,
                    -3.8977112770080566
                ],
                [
                    -0.9903078079223633,
                    0.030017327517271042,
                    -0.13560804724693298,
                    -0.5466535091400146
                ],
                [
                    0.0,
                    0.9763661623001099,
                    0.21612221002578735,
                    0.8712164759635925
                ],
                [
                    0.0,
                    0.0,
                    0.0,
                    1.0
                ]
            ]
        },
        {
            "file_path": "/data/shapenet_blender/all_50_random/02958343/e21ff1f90750ab24b8085998d32fb54/r_28",
            "rotation": 0.12566370614359174,
            "transform_matrix": [
                [
                    -0.5861212611198425,
                    0.03656573221087456,
                    0.8093977570533752,
                    3.262786626815796
                ],
                [
                    0.8102232217788696,
                    0.02645191363990307,
                    0.5855241417884827,
                    2.360323429107666
                ],
                [
                    0.0,
                    0.9989810585975647,
                    -0.04513044282793999,
                    -0.1819266378879547
                ],
                [
                    0.0,
                    0.0,
                    0.0,
                    1.0
                ]
            ]
        },
        {
            "file_path": "/data/shapenet_blender/all_50_random/02958343/e21ff1f90750ab24b8085998d32fb54/r_29",
            "rotation": 0.12566370614359174,
            "transform_matrix": [
                [
                    -0.9380610585212708,
                    0.10267341881990433,
                    0.33090734481811523,
                    1.3339301347732544
                ],
                [
                    0.34647005796432495,
                    0.2779863178730011,
                    0.8959252834320068,
                    3.6115901470184326
                ],
                [
                    0.0,
                    0.9550819993019104,
                    -0.2963413894176483,
                    -1.1945903301239014
                ],
                [
                    0.0,
                    0.0,
                    0.0,
                    1.0
                ]
            ]
        },
        {
            "file_path": "/data/shapenet_blender/all_50_random/02958343/e21ff1f90750ab24b8085998d32fb54/r_30",
            "rotation": 0.12566370614359174,
            "transform_matrix": [
                [
                    -0.8559965491294861,
                    -0.15645283460617065,
                    -0.4927397668361664,
                    -1.9862974882125854
                ],
                [
                    -0.5169816017150879,
                    0.2590480446815491,
                    0.8158578872680664,
                    3.2888283729553223
                ],
                [
                    0.0,
                    0.9531089663505554,
                    -0.30262744426727295,
                    -1.2199302911758423
                ],
                [
                    0.0,
                    0.0,
                    0.0,
                    1.0
                ]
            ]
        },
        {
            "file_path": "/data/shapenet_blender/all_50_random/02958343/e21ff1f90750ab24b8085998d32fb54/r_31",
            "rotation": 0.12566370614359174,
            "transform_matrix": [
                [
                    0.33470165729522705,
                    -0.7901398539543152,
                    -0.5134720206260681,
                    -2.0698719024658203
                ],
                [
                    -0.942324161529541,
                    -0.2806476950645447,
                    -0.18237879872322083,
                    -0.7351924180984497
                ],
                [
                    1.4901162970204496e-08,
                    0.5448995232582092,
                    -0.8385012745857239,
                    -3.3801066875457764
                ],
                [
                    0.0,
                    0.0,
                    0.0,
                    1.0
                ]
            ]
        },
        {
            "file_path": "/data/shapenet_blender/all_50_random/02958343/e21ff1f90750ab24b8085998d32fb54/r_32",
            "rotation": 0.12566370614359174,
            "transform_matrix": [
                [
                    0.41772472858428955,
                    -0.6465503573417664,
                    -0.6383405923843384,
                    -2.573233127593994
                ],
                [
                    -0.9085737466812134,
                    -0.2972571849822998,
                    -0.2934826612472534,
                    -1.183066487312317
                ],
                [
                    -1.4901162970204496e-08,
                    0.7025743722915649,
                    -0.7116102576255798,
                    -2.8685927391052246
                ],
                [
                    0.0,
                    0.0,
                    0.0,
                    1.0
                ]
            ]
        },
        {
            "file_path": "/data/shapenet_blender/all_50_random/02958343/e21ff1f90750ab24b8085998d32fb54/r_33",
            "rotation": 0.12566370614359174,
            "transform_matrix": [
                [
                    0.12027406692504883,
                    0.2151440680027008,
                    0.9691476821899414,
                    3.906759262084961
                ],
                [
                    0.99274080991745,
                    -0.026065465062856674,
                    -0.11741567403078079,
                    -0.4733177125453949
                ],
                [
                    -1.862645371275562e-09,
                    0.9762343764305115,
                    -0.21671730279922485,
                    -0.8736153841018677
                ],
                [
                    0.0,
                    0.0,
                    0.0,
                    1.0
                ]
            ]
        },
        {
            "file_path": "/data/shapenet_blender/all_50_random/02958343/e21ff1f90750ab24b8085998d32fb54/r_34",
            "rotation": 0.12566370614359174,
            "transform_matrix": [
                [
                    -0.9003547430038452,
                    -0.39871275424957275,
                    0.1743258833885193,
                    0.702730119228363
                ],
                [
                    0.4351567327976227,
                    -0.8249508142471313,
                    0.36068645119667053,
                    1.4539735317230225
                ],
                [
                    -1.4901161193847656e-08,
                    0.40060487389564514,
                    0.9162508845329285,
                    3.693525552749634
                ],
                [
                    0.0,
                    0.0,
                    0.0,
                    1.0
                ]
            ]
        },
        {
            "file_path": "/data/shapenet_blender/all_50_random/02958343/e21ff1f90750ab24b8085998d32fb54/r_35",
            "rotation": 0.12566370614359174,
            "transform_matrix": [
                [
                    -0.9938027858734131,
                    0.05838482081890106,
                    -0.09459051489830017,
                    -0.38130658864974976
                ],
                [
                    -0.11115825176239014,
                    -0.5219854712486267,
                    0.8456800580024719,
                    3.409045696258545
                ],
                [
                    0.0,
                    0.8509536385536194,
                    0.5252405405044556,
                    2.1173126697540283
                ],
                [
                    0.0,
                    0.0,
                    0.0,
                    1.0
                ]
            ]
        },
        {
            "file_path": "/data/shapenet_blender/all_50_random/02958343/e21ff1f90750ab24b8085998d32fb54/r_36",
            "rotation": 0.12566370614359174,
            "transform_matrix": [
                [
                    0.8158666491508484,
                    -0.38565608859062195,
                    -0.43084922432899475,
                    -1.7368087768554688
                ],
                [
                    -0.5782402157783508,
                    -0.5441405177116394,
                    -0.6079056859016418,
                    -2.4505462646484375
                ],
                [
                    0.0,
                    0.7451041340827942,
                    -0.6669479608535767,
                    -2.6885533332824707
                ],
                [
                    0.0,
                    0.0,
                    0.0,
                    1.0
                ]
            ]
        },
        {
            "file_path": "/data/shapenet_blender/all_50_random/02958343/e21ff1f90750ab24b8085998d32fb54/r_37",
            "rotation": 0.12566370614359174,
            "transform_matrix": [
                [
                    0.9008851647377014,
                    -0.09216703474521637,
                    -0.4241594970226288,
                    -1.7098416090011597
                ],
                [
                    -0.43405768275260925,
                    -0.19129236042499542,
                    -0.8803415298461914,
                    -3.5487701892852783
                ],
                [
                    0.0,
                    0.977196216583252,
                    -0.21233828365802765,
                    -0.8559629917144775
                ],
                [
                    0.0,
                    0.0,
                    0.0,
                    1.0
                ]
            ]
        },
        {
            "file_path": "/data/shapenet_blender/all_50_random/02958343/e21ff1f90750ab24b8085998d32fb54/r_38",
            "rotation": 0.12566370614359174,
            "transform_matrix": [
                [
                    0.868373692035675,
                    0.0963883027434349,
                    -0.48645299673080444,
                    -1.9609547853469849
                ],
                [
                    -0.49591049551963806,
                    0.16878259181976318,
                    -0.8518128991127014,
                    -3.433767557144165
                ],
                [
                    -7.450580596923828e-09,
                    0.9809289574623108,
                    0.19436635076999664,
                    0.7835158109664917
                ],
                [
                    0.0,
                    0.0,
                    0.0,
                    1.0
                ]
            ]
        },
        {
            "file_path": "/data/shapenet_blender/all_50_random/02958343/e21ff1f90750ab24b8085998d32fb54/r_39",
            "rotation": 0.12566370614359174,
            "transform_matrix": [
                [
                    0.8862252235412598,
                    -0.39034631848335266,
                    -0.2494688779115677,
                    -1.005641222000122
                ],
                [
                    -0.4632548689842224,
                    -0.7467482686042786,
                    -0.4772440493106842,
                    -1.9238322973251343
                ],
                [
                    0.0,
                    0.5385133028030396,
                    -0.8426169753074646,
                    -3.396697759628296
                ],
                [
                    0.0,
                    0.0,
                    0.0,
                    1.0
                ]
            ]
        },
        {
            "file_path": "/data/shapenet_blender/all_50_random/02958343/e21ff1f90750ab24b8085998d32fb54/r_40",
            "rotation": 0.12566370614359174,
            "transform_matrix": [
                [
                    0.470546156167984,
                    0.376496285200119,
                    0.798020601272583,
                    3.216923952102661
                ],
                [
                    0.8823754191398621,
                    -0.20077495276927948,
                    -0.4255621135234833,
                    -1.7154957056045532
                ],
                [
                    -1.4901161193847656e-08,
                    0.9044003486633301,
                    -0.4266849160194397,
                    -1.7200219631195068
                ],
                [
                    0.0,
                    0.0,
                    0.0,
                    1.0
                ]
            ]
        },
        {
            "file_path": "/data/shapenet_blender/all_50_random/02958343/e21ff1f90750ab24b8085998d32fb54/r_41",
            "rotation": 0.12566370614359174,
            "transform_matrix": [
                [
                    -0.20513653755187988,
                    -0.10868539661169052,
                    -0.9726799726486206,
                    -3.9209985733032227
                ],
                [
                    -0.9787334203720093,
                    0.022779792547225952,
                    0.20386776328086853,
                    0.8218172788619995
                ],
                [
                    0.0,
                    0.9938150644302368,
                    -0.11104699224233627,
