{
    "class": "02958343",
    "model": "709ebbf3588849b88b55a52bfd1cce7a",
    "remove_doubles": true,
    "edge_split": true,
    "denoise": true,
    "camera_angle_x": 0.6911112070083618,
    "scale_factor": 2.2663711700009106,
    "hdri_file": "/data/IndoorHDRDataset2018/9C4A6047-0228188e22.exr",
    "center_offset": [
        0.0,
        0.0,
        3.725290298461914e-09
    ],
    "lights": [],
    "frames": [
        {
            "file_path": "/data/shapenet_blender/all_50_random/02958343/709ebbf3588849b88b55a52bfd1cce7a/r_0",
            "rotation": 0.12566370614359174,
            "transform_matrix": [
                [
                    -0.9661171436309814,
                    0.21765413880348206,
                    -0.13872389495372772,
                    -0.5592139363288879
                ],
                [
                    -0.25810396671295166,
                    -0.8147081136703491,
                    0.5192618370056152,
                    2.0932114124298096
                ],
                [
                    7.450580596923828e-09,
                    0.5374729037284851,
                    0.8432809710502625,
                    3.39937424659729
                ],
                [
                    0.0,
                    0.0,
                    0.0,
                    1.0
                ]
            ]
        },
        {
            "file_path": "/data/shapenet_blender/all_50_random/02958343/709ebbf3588849b88b55a52bfd1cce7a/r_1",
            "rotation": 0.12566370614359174,
            "transform_matrix": [
                [
                    0.7354338765144348,
                    -0.1872195601463318,
                    -0.6512187123298645,
                    -2.6251466274261475
                ],
                [
                    -0.6775965094566345,
                    -0.20319999754428864,
                    -0.7068045735359192,
                    -2.8492202758789062
                ],
                [
                    0.0,
                    0.9610715508460999,
                    -0.27629947662353516,
                    -1.1137988567352295
                ],
                [
                    0.0,
                    0.0,
                    0.0,
                    1.0
                ]
            ]
        },
        {
            "file_path": "/data/shapenet_blender/all_50_random/02958343/709ebbf3588849b88b55a52bfd1cce7a/r_2",
            "rotation": 0.12566370614359174,
            "transform_matrix": [
                [
                    0.9417378902435303,
                    0.14667963981628418,
                    0.3026796579360962,
                    1.2201406955718994
                ],
                [
                    0.33634790778160095,
                    -0.4106871783733368,
                    -0.8474704027175903,
                    -3.41626238822937
                ],
                [
                    0.0,
                    0.899900496006012,
                    -0.43609508872032166,
                    -1.757955551147461
                ],
                [
                    0.0,
                    0.0,
                    0.0,
                    1.0
                ]
            ]
        },
        {
            "file_path": "/data/shapenet_blender/all_50_random/02958343/709ebbf3588849b88b55a52bfd1cce7a/r_3",
            "rotation": 0.12566370614359174,
            "transform_matrix": [
                [
                    -0.431805819272995,
                    -0.5121440887451172,
                    -0.7424635887145996,
                    -2.992966413497925
                ],
                [
                    -0.9019666910171509,
                    0.24518288671970367,
                    0.35544562339782715,
                    1.4328471422195435
                ],
                [
                    -1.4901162970204496e-08,
                    0.8231607675552368,
                    -0.5678082704544067,
                    -2.2889082431793213
                ],
                [
                    0.0,
                    0.0,
                    0.0,
                    1.0
                ]
            ]
        },
        {
            "file_path": "/data/shapenet_blender/all_50_random/02958343/709ebbf3588849b88b55a52bfd1cce7a/r_4",
            "rotation": 0.12566370614359174,
            "transform_matrix": [
                [
                    -0.25333714485168457,
                    -0.0468214675784111,
                    0.9662442803382874,
                    3.8950552940368652
                ],
                [
                    0.9673780202865601,
                    -0.012261616997420788,
                    0.25304028391838074,
                    1.0200380086898804
                ],
                [
                    0.0,
                    0.9988279938697815,
                    0.0484003871679306,
                    0.19510820508003235
                ],
                [
                    0.0,
                    0.0,
                    0.0,
                    1.0
                ]
            ]
        },
        {
            "file_path": "/data/shapenet_blender/all_50_random/02958343/709ebbf3588849b88b55a52bfd1cce7a/r_5",
            "rotation": 0.12566370614359174,
            "transform_matrix": [
                [
                    0.790966272354126,
                    -0.14779628813266754,
                    -0.5937411189079285,
                    -2.393447160720825
                ],
                [
                    -0.6118596792221069,
                    -0.1910599321126938,
                    -0.7675438523292542,
                    -3.094068765640259
                ],
                [
                    7.450580152834618e-09,
                    0.9703876972198486,
                    -0.24155253171920776,
                    -0.9737294912338257
                ],
                [
                    0.0,
                    0.0,
                    0.0,
                    1.0
                ]
            ]
        },
        {
            "file_path": "/data/shapenet_blender/all_50_random/02958343/709ebbf3588849b88b55a52bfd1cce7a/r_6",
            "rotation": 0.12566370614359174,
            "transform_matrix": [
                [
                    -0.939298152923584,
                    0.0782647356390953,
                    0.3340565860271454,
                    1.3466252088546753
                ],
                [
                    0.3431023061275482,
                    0.21426239609718323,
                    0.9145340323448181,
                    3.6866044998168945
                ],
                [
                    0.0,
                    0.9736355543136597,
                    -0.22810906171798706,
                    -0.9195370674133301
                ],
                [
                    0.0,
                    0.0,
                    0.0,
                    1.0
                ]
            ]
        },
        {
            "file_path": "/data/shapenet_blender/all_50_random/02958343/709ebbf3588849b88b55a52bfd1cce7a/r_7",
            "rotation": 0.12566370614359174,
            "transform_matrix": [
                [
                    -0.18185308575630188,
                    -0.6056129336357117,
                    0.7747015357017517,
                    3.1229217052459717
                ],
                [
                    0.983325719833374,
                    -0.11200010031461716,
                    0.143270805478096,
                    0.5775430798530579
                ],
                [
                    -7.4505797087454084e-09,
                    0.7878381013870239,
                    0.6158823370933533,
                    2.482701063156128
                ],
                [
                    0.0,
                    0.0,
                    0.0,
                    1.0
                ]
            ]
        },
        {
            "file_path": "/data/shapenet_blender/all_50_random/02958343/709ebbf3588849b88b55a52bfd1cce7a/r_8",
            "rotation": 0.12566370614359174,
            "transform_matrix": [
                [
                    0.946602463722229,
                    0.26528534293174744,
                    -0.18321403861045837,
                    -0.7385594248771667
                ],
                [
                    -0.3224030137062073,
                    0.7789002060890198,
                    -0.5379318594932556,
                    -2.1684727668762207
                ],
                [
                    1.4901159417490817e-08,
                    0.5682764053344727,
                    0.8228377103805542,
                    3.316964864730835
                ],
                [
                    0.0,
                    0.0,
                    0.0,
                    1.0
                ]
            ]
        },
        {
            "file_path": "/data/shapenet_blender/all_50_random/02958343/709ebbf3588849b88b55a52bfd1cce7a/r_9",
            "rotation": 0.12566370614359174,
            "transform_matrix": [
                [
                    -0.45470738410949707,
                    0.2103378176689148,
                    -0.8654474020004272,
                    -3.488729953765869
                ],
                [
                    -0.890640914440155,
                    -0.10738576203584671,
                    0.4418450891971588,
                    1.7811344861984253
                ],
                [
                    7.450580596923828e-09,
                    0.9717130661010742,
                    0.23616456985473633,
                    0.9520098567008972
                ],
                [
                    0.0,
                    0.0,
                    0.0,
                    1.0
                ]
            ]
        },
        {
            "file_path": "/data/shapenet_blender/all_50_random/02958343/709ebbf3588849b88b55a52bfd1cce7a/r_10",
            "rotation": 0.12566370614359174,
            "transform_matrix": [
                [
                    0.38064125180244446,
                    0.47469520568847656,
                    0.7935847043991089,
                    3.199042320251465
                ],
                [
                    0.9247226715087891,
                    -0.19539758563041687,
                    -0.32666125893592834,
                    -1.3168137073516846
                ],
                [
                    1.4901158529312397e-08,
                    0.858186662197113,
                    -0.5133377909660339,
                    -2.069330930709839
                ],
                [
                    0.0,
                    0.0,
                    0.0,
                    1.0
                ]
            ]
        },
        {
            "file_path": "/data/shapenet_blender/all_50_random/02958343/709ebbf3588849b88b55a52bfd1cce7a/r_11",
            "rotation": 0.12566370614359174,
            "transform_matrix": [
                [
                    0.40812793374061584,
                    -0.2266799807548523,
                    -0.8843346834182739,
                    -3.5648670196533203
                ],
                [
                    -0.9129248261451721,
                    -0.10133850574493408,
                    -0.39534658193588257,
                    -1.5936930179595947
                ],
                [
                    0.0,
                    0.9686829447746277,
                    -0.24830086529254913,
                    -1.0009328126907349
                ],
                [
                    0.0,
                    0.0,
                    0.0,
                    1.0
                ]
            ]
        },
        {
            "file_path": "/data/shapenet_blender/all_50_random/02958343/709ebbf3588849b88b55a52bfd1cce7a/r_12",
            "rotation": 0.12566370614359174,
            "transform_matrix": [
                [
                    -0.9942878484725952,
                    0.006345766596496105,
                    0.10654328018426895,
                    0.42948970198631287
                ],
                [
                    0.10673210024833679,
                    0.05911547690629959,
                    0.9925288558006287,
                    4.001011848449707
                ],
                [
                    -4.656612873077393e-10,
                    0.9982309341430664,
                    -0.05945509299635887,
                    -0.23967114090919495
                ],
                [
                    0.0,
                    0.0,
                    0.0,
                    1.0
                ]
            ]
        },
        {
            "file_path": "/data/shapenet_blender/all_50_random/02958343/709ebbf3588849b88b55a52bfd1cce7a/r_13",
            "rotation": 0.12566370614359174,
            "transform_matrix": [
                [
                    -0.9992572665214539,
                    -0.01310712844133377,
                    -0.0362371988594532,
                    -0.14607679843902588
                ],
                [
                    -0.03853480517864227,
                    0.33988478779792786,
                    0.939677357673645,
                    3.7879600524902344
                ],
                [
                    9.313225191043273e-10,
                    0.9403757452964783,
                    -0.3401374816894531,
                    -1.3711378574371338
                ],
                [
                    0.0,
                    0.0,
                    0.0,
                    1.0
                ]
            ]
        },
        {
            "file_path": "/data/shapenet_blender/all_50_random/02958343/709ebbf3588849b88b55a52bfd1cce7a/r_14",
            "rotation": 0.12566370614359174,
            "transform_matrix": [
                [
                    0.7995168566703796,
                    -0.520503580570221,
                    0.29974785447120667,
                    1.208322286605835
                ],
                [
                    0.6006436347961426,
                    0.6928423643112183,
                    -0.3989943861961365,
                    -1.6083978414535522
                ],
                [
                    0.0,
                    0.49904435873031616,
                    0.8665763735771179,
                    3.493281126022339
                ],
                [
                    0.0,
                    0.0,
                    0.0,
                    1.0
                ]
            ]
        },
        {
            "file_path": "/data/shapenet_blender/all_50_random/02958343/709ebbf3588849b88b55a52bfd1cce7a/r_15",
            "rotation": 0.12566370614359174,
            "transform_matrix": [
                [
                    0.8433306813240051,
                    -0.4174346923828125,
                    0.33844003081321716,
                    1.3642953634262085
                ],
                [
                    0.5373949408531189,
                    0.6550776958465576,
                    -0.5311118364334106,
                    -2.1409802436828613
                ],
                [
                    -1.4901161193847656e-08,
                    0.6297787427902222,
                    0.7767744064331055,
                    3.1312777996063232
                ],
                [
                    0.0,
                    0.0,
                    0.0,
                    1.0
                ]
            ]
        },
        {
            "file_path": "/data/shapenet_blender/all_50_random/02958343/709ebbf3588849b88b55a52bfd1cce7a/r_16",
            "rotation": 0.12566370614359174,
            "transform_matrix": [
                [
                    -0.40778958797454834,
                    0.19250516593456268,
                    0.8925521373748779,
                    3.5979928970336914
                ],
                [
                    0.9130759239196777,
                    0.08597488701343536,
                    0.39862343668937683,
                    1.6069025993347168
                ],
                [
                    0.0,
                    0.9775223135948181,
                    -0.21083150804042816,
                    -0.8498890399932861
                ],
                [
                    0.0,
                    0.0,
                    0.0,
                    1.0
                ]
            ]
        },
        {
            "file_path": "/data/shapenet_blender/all_50_random/02958343/709ebbf3588849b88b55a52bfd1cce7a/r_17",
            "rotation": 0.12566370614359174,
            "transform_matrix": [
                [
                    0.32531094551086426,
                    0.01935182698071003,
                    -0.9454090595245361,
                    -3.811065912246704
                ],
                [
                    -0.9456071853637695,
                    0.0066574797965586185,
                    -0.3252427875995636,
                    -1.3110955953598022
                ],
                [
                    -4.656613428188905e-10,
                    0.9997905492782593,
                    0.020464975386857986,
                    0.08249695599079132
                ],
                [
                    0.0,
                    0.0,
                    0.0,
                    1.0
                ]
            ]
        },
        {
            "file_path": "/data/shapenet_blender/all_50_random/02958343/709ebbf3588849b88b55a52bfd1cce7a/r_18",
            "rotation": 0.12566370614359174,
            "transform_matrix": [
                [
                    -0.01536551583558321,
                    0.0026039781514555216,
                    0.9998786449432373,
                    4.030639171600342
                ],
                [
                    0.9998819828033447,
                    4.0016187995206565e-05,
                    0.015365464612841606,
                    0.061940163373947144
                ],
                [
                    3.637978373410844e-12,
                    0.9999966025352478,
                    -0.0026042854879051447,
                    -0.010498208925127983
                ],
                [
                    0.0,
                    0.0,
                    0.0,
                    1.0
                ]
            ]
        },
        {
            "file_path": "/data/shapenet_blender/all_50_random/02958343/709ebbf3588849b88b55a52bfd1cce7a/r_19",
            "rotation": 0.12566370614359174,
            "transform_matrix": [
                [
                    -0.05074892193078995,
                    0.7570152878761292,
                    -0.6514232158660889,
                    -2.6259710788726807
                ],
                [
                    -0.9987114071846008,
                    -0.038467276841402054,
                    0.033101677894592285,
                    0.1334371268749237
                ],
                [
                    0.0,
                    0.6522637009620667,
                    0.7579920291900635,
                    3.0555636882781982
                ],
                [
                    0.0,
                    0.0,
                    0.0,
                    1.0
                ]
            ]
        },
        {
            "file_path": "/data/shapenet_blender/all_50_random/02958343/709ebbf3588849b88b55a52bfd1cce7a/r_20",
            "rotation": 0.12566370614359174,
            "transform_matrix": [
                [
                    -0.6026571393013,
                    -0.7161499857902527,
                    -0.352042019367218,
                    -1.4191268682479858
                ],
                [
                    -0.798000156879425,
                    0.54084312915802,
                    0.26586538553237915,
                    1.0717377662658691
                ],
                [
                    1.4901160305669237e-08,
                    0.44115525484085083,
                    -0.8974307179450989,
                    -3.617659091949463
                ],
                [
                    0.0,
                    0.0,
                    0.0,
                    1.0
                ]
            ]
        },
        {
            "file_path": "/data/shapenet_blender/all_50_random/02958343/709ebbf3588849b88b55a52bfd1cce7a/r_21",
            "rotation": 0.12566370614359174,
            "transform_matrix": [
                [
                    0.709758996963501,
                    -0.45818251371383667,
                    0.5350803136825562,
                    2.156977891921997
                ],
                [
                    0.7044446468353271,
                    0.46163904666900635,
                    -0.5391169786453247,
                    -2.173250198364258
                ],
                [
                    0.0,
                    0.7595775723457336,
                    0.6504166126251221,
                    2.621913433074951
                ],
                [
                    0.0,
                    0.0,
                    0.0,
                    1.0
                ]
            ]
        },
        {
            "file_path": "/data/shapenet_blender/all_50_random/02958343/709ebbf3588849b88b55a52bfd1cce7a/r_22",
            "rotation": 0.12566370614359174,
            "transform_matrix": [
                [
                    0.9047136306762695,
                    -0.09566926956176758,
                    0.41513949632644653,
                    1.6734809875488281
                ],
                [
                    0.4260205030441284,
                    0.20316696166992188,
                    -0.8816062808036804,
                    -3.5538687705993652
                ],
                [
                    0.0,
                    0.9744591116905212,
                    0.22456493973731995,
                    0.9052503108978271
                ],
                [
                    0.0,
                    0.0,
                    0.0,
                    1.0
                ]
            ]
        },
        {
            "file_path": "/data/shapenet_blender/all_50_random/02958343/709ebbf3588849b88b55a52bfd1cce7a/r_23",
            "rotation": 0.12566370614359174,
            "transform_matrix": [
                [
                    -0.49120208621025085,
                    0.10335329174995422,
                    0.8648922443389893,
                    3.486492156982422
                ],
                [
                    0.8710456490516663,
                    0.05828322842717171,
                    0.48773205280303955,
                    1.9661108255386353
                ],
                [
                    0.0,
                    0.9929355978965759,
                    -0.1186542809009552,
                    -0.4783107042312622
                ],
                [
                    0.0,
                    0.0,
                    0.0,
                    1.0
                ]
            ]
        },
        {
            "file_path": "/data/shapenet_blender/all_50_random/02958343/709ebbf3588849b88b55a52bfd1cce7a/r_24",
            "rotation": 0.12566370614359174,
            "transform_matrix": [
                [
                    0.9931893944740295,
                    0.08181113004684448,
                    0.0829569473862648,
                    0.3344101905822754
                ],
                [
                    0.11651145666837692,
                    -0.6973901987075806,
                    -0.7071576118469238,
                    -2.8506436347961426
                ],
                [
                    -3.725290298461914e-09,
                    0.7120068073272705,
                    -0.7021723985671997,
                    -2.83054780960083
                ],
                [
                    0.0,
                    0.0,
                    0.0,
                    1.0
                ]
            ]
        },
        {
            "file_path": "/data/shapenet_blender/all_50_random/02958343/709ebbf3588849b88b55a52bfd1cce7a/r_25",
            "rotation": 0.12566370614359174,
            "transform_matrix": [
                [
                    -0.38168296217918396,
                    0.17752216756343842,
                    0.9070853590965271,
                    3.656578302383423
                ],
                [
                    0.9242932200431824,
                    0.07330702245235443,
                    0.37457701563835144,
                    1.5099684000015259
                ],
                [
                    0.0,
                    0.9813827276229858,
                    -0.19206257164478302,
                    -0.7742290496826172
                ],
                [
                    0.0,
                    0.0,
                    0.0,
                    1.0
                ]
            ]
        },
        {
            "file_path": "/data/shapenet_blender/all_50_random/02958343/709ebbf3588849b88b55a52bfd1cce7a/r_26",
            "rotation": 0.12566370614359174,
            "transform_matrix": [
                [
                    -0.8244694471359253,
                    0.37019649147987366,
                    0.4280242919921875,
                    1.7254210710525513
                ],
                [
                    0.5659065842628479,
                    0.5393393039703369,
                    0.6235886812210083,
                    2.513766288757324
                ],
                [
                    1.4901162970204496e-08,
                    0.7563515901565552,
                    -0.6541653275489807,
                    -2.6370248794555664
                ],
                [
                    0.0,
                    0.0,
                    0.0,
                    1.0
                ]
            ]
        },
        {
            "file_path": "/data/shapenet_blender/all_50_random/02958343/709ebbf3588849b88b55a52bfd1cce7a/r_27",
            "rotation": 0.12566370614359174,
            "transform_matrix": [
                [
                    -0.29447007179260254,
                    -0.39723706245422363,
                    -0.8691893219947815,
                    -3.503814220428467
                ],
                [
                    -0.9556607007980347,
                    0.1224016323685646,
                    0.2678254544734955,
                    1.079638957977295
                ],
                [
                    0.0,
                    0.9095166325569153,
                    -0.41566747426986694,
                    -1.6756092309951782
                ],
                [
                    0.0,
                    0.0,
                    0.0,
                    1.0
                ]
            ]
        },
        {
            "file_path": "/data/shapenet_blender/all_50_random/02958343/709ebbf3588849b88b55a52bfd1cce7a/r_28",
            "rotation": 0.12566370614359174,
            "transform_matrix": [
                [
                    0.1948002427816391,
                    0.41524142026901245,
                    0.8886098265647888,
                    3.5821006298065186
                ],
                [
                    0.9808428883552551,
                    -0.08246899396181107,
                    -0.17648230493068695,
                    -0.7114229202270508
                ],
                [
                    -7.450580152834618e-09,
                    0.9059654474258423,
                    -0.42335158586502075,
                    -1.7065846920013428
                ],
                [
                    0.0,
                    0.0,
                    0.0,
                    1.0
                ]
            ]
        },
        {
            "file_path": "/data/shapenet_blender/all_50_random/02958343/709ebbf3588849b88b55a52bfd1cce7a/r_29",
            "rotation": 0.12566370614359174,
            "transform_matrix": [
                [
                    -0.9130680561065674,
                    -0.18290695548057556,
                    0.3644885718822479,
                    1.469300389289856
                ],
                [
                    0.4078074097633362,
                    -0.4095229208469391,
                    0.8160784840583801,
                    3.289717674255371
                ],
                [
                    0.0,
                    0.8937762379646301,
                    0.44851309061050415,
                    1.808014154434204
                ],
                [
                    0.0,
                    0.0,
                    0.0,
                    1.0
                ]
            ]
        },
        {
            "file_path": "/data/shapenet_blender/all_50_random/02958343/709ebbf3588849b88b55a52bfd1cce7a/r_30",
            "rotation": 0.12566370614359174,
            "transform_matrix": [
                [
                    0.25461187958717346,
                    -0.20495383441448212,
                    0.9450749754905701,
                    3.8097190856933594
                ],
                [
                    0.9670432806015015,
                    0.0539621002972126,
                    -0.24882787466049194,
                    -1.0030572414398193
                ],
                [
                    -3.725290076417309e-09,
                    0.9772829413414001,
                    0.21193864941596985,
                    0.8543519973754883
                ],
                [
                    0.0,
                    0.0,
                    0.0,
                    1.0
                ]
            ]
        },
        {
            "file_path": "/data/shapenet_blender/all_50_random/02958343/709ebbf3588849b88b55a52bfd1cce7a/r_31",
            "rotation": 0.12566370614359174,
            "transform_matrix": [
                [
                    0.9602712392807007,
                    -0.07043562829494476,
                    -0.2700335681438446,
                    -1.0885400772094727
                ],
                [
                    -0.27906864881515503,
                    -0.24236798286437988,
                    -0.9291815757751465,
                    -3.7456507682800293
                ],
                [
                    -7.450581485102248e-09,
                    0.9676241874694824,
                    -0.2523953318595886,
                    -1.0174381732940674
                ],
                [
                    0.0,
                    0.0,
                    0.0,
                    1.0
                ]
            ]
        },
        {
            "file_path": "/data/shapenet_blender/all_50_random/02958343/709ebbf3588849b88b55a52bfd1cce7a/r_32",
            "rotation": 0.12566370614359174,
            "transform_matrix": [
                [
                    -0.9942857027053833,
                    -0.07080863416194916,
                    0.07988812029361725,
                    0.32203933596611023
                ],
                [
                    0.1067519411444664,
                    -0.6595103740692139,
                    0.7440765500068665,
                    2.9994688034057617
                ],
                [
                    0.0,
                    0.7483528852462769,
                    0.6633006930351257,
                    2.6738507747650146
                ],
                [
                    0.0,
                    0.0,
                    0.0,
                    1.0
                ]
            ]
        },
        {
            "file_path": "/data/shapenet_blender/all_50_random/02958343/709ebbf3588849b88b55a52bfd1cce7a/r_33",
            "rotation": 0.12566370614359174,
            "transform_matrix": [
                [
                    -0.8500398993492126,
                    -0.011266670189797878,
                    0.5265979170799255,
                    2.12278413772583
                ],
                [
                    0.5267184376716614,
                    -0.01818261668086052,
                    0.8498453497886658,
                    3.4258360862731934
                ],
                [
                    9.31322685637781e-10,
                    0.9997711181640625,
                    0.021390311419963837,
                    0.08622710406780243
                ],
                [
                    0.0,
                    0.0,
                    0.0,
                    1.0
                ]
            ]
        },
        {
            "file_path": "/data/shapenet_blender/all_50_random/02958343/709ebbf3588849b88b55a52bfd1cce7a/r_34",
            "rotation": 0.12566370614359174,
            "transform_matrix": [
                [
                    0.345821350812912,
                    0.7996975779533386,
                    0.49080690741539,
                    1.9785059690475464
                ],
                [
                    0.938300371170044,
                    -0.29473772644996643,
                    -0.18089252710342407,
                    -0.729201078414917
                ],
                [
                    0.0,
                    0.5230809450149536,
                    -0.8522830605506897,
                    -3.4356629848480225
                ],
                [
                    0.0,
                    0.0,
                    0.0,
                    1.0
                ]
            ]
        },
        {
            "file_path": "/data/shapenet_blender/all_50_random/02958343/709ebbf3588849b88b55a52bfd1cce7a/r_35",
            "rotation": 0.12566370614359174,
            "transform_matrix": [
                [
                    0.9980912804603577,
                    -0.011875989846885204,
                    -0.06060409918427467,
                    -0.24430295825004578
                ],
                [
                    -0.06175675615668297,
                    -0.19193562865257263,
                    -0.9794624447822571,
                    -3.9483397006988525
                ],
                [
                    0.0,
                    0.9813356995582581,
                    -0.1923026591539383,
                    -0.7751968502998352
                ],
                [
                    0.0,
                    0.0,
                    0.0,
                    1.0
                ]
            ]
        },
        {
            "file_path": "/data/shapenet_blender/all_50_random/02958343/709ebbf3588849b88b55a52bfd1cce7a/r_36",
            "rotation": 0.12566370614359174,
            "transform_matrix": [
                [
                    0.3428671956062317,
                    0.053082775324583054,
                    -0.9378828406333923,
                    -3.780726909637451
                ],
                [
                    -0.9393839836120605,
                    0.01937476359307766,
                    -0.3423193097114563,
                    -1.3799333572387695
                ],
                [
                    0.0,
                    0.9984021186828613,
                    0.05650807172060013,
                    0.22779133915901184
                ],
                [
                    0.0,
                    0.0,
                    0.0,
                    1.0
                ]
            ]
        },
        {
            "file_path": "/data/shapenet_blender/all_50_random/02958343/709ebbf3588849b88b55a52bfd1cce7a/r_37",
            "rotation": 0.12566370614359174,
            "transform_matrix": [
                [
                    -0.958019495010376,
                    0.11975163966417313,
                    0.2604958117008209,
                    1.0500922203063965
                ],
                [
                    0.28670281171798706,
                    0.40015092492103577,
                    0.8704485297203064,
                    3.508890151977539
                ],
                [
                    0.0,
                    0.9085915684700012,
                    -0.4176855683326721,
                    -1.6837444305419922
                ],
                [
                    0.0,
                    0.0,
                    0.0,
                    1.0
                ]
            ]
        },
        {
            "file_path": "/data/shapenet_blender/all_50_random/02958343/709ebbf3588849b88b55a52bfd1cce7a/r_38",
            "rotation": 0.12566370614359174,
            "transform_matrix": [
                [
                    0.5418924689292908,
                    0.21268442273139954,
                    -0.8130915760993958,
                    -3.277677059173584
                ],
                [
                    -0.8404479026794434,
                    0.1371317356824875,
                    -0.5242540240287781,
                    -2.113335609436035
                ],
                [
                    0.0,
                    0.9674503803253174,
                    0.25306078791618347,
                    1.020120620727539
                ],
                [
                    0.0,
                    0.0,
                    0.0,
                    1.0
                ]
            ]
        },
        {
            "file_path": "/data/shapenet_blender/all_50_random/02958343/709ebbf3588849b88b55a52bfd1cce7a/r_39",
            "rotation": 0.12566370614359174,
            "transform_matrix": [
                [
                    0.7192233800888062,
                    -0.2669178247451782,
                    -0.6414612531661987,
                    -2.58581280708313
                ],
                [
                    -0.6947788000106812,
                    -0.27630889415740967,
                    -0.6640299558639526,
                    -2.6767899990081787
                ],
                [
                    -2.9802318834981634e-08,
                    0.9232593774795532,
                    -0.38417673110961914,
                    -1.5486657619476318
                ],
                [
                    0.0,
                    0.0,
                    0.0,
                    1.0
                ]
            ]
        },
        {
            "file_path": "/data/shapenet_blender/all_50_random/02958343/709ebbf3588849b88b55a52bfd1cce7a/r_40",
            "rotation": 0.12566370614359174,
            "transform_matrix": [
                [
                    0.43766307830810547,
                    0.6988157033920288,
                    0.5657806396484375,
                    2.2807347774505615
                ],
                [
                    0.8991391658782959,
                    -0.3401540219783783,
                    -0.2753981649875641,
                    -1.1101654767990112
                ],
                [
                    0.0,
                    0.6292470693588257,
                    -0.7772052884101868,
                    -3.133014678955078
                ],
                [
                    0.0,
                    0.0,
                    0.0,
                    1.0
                ]
            ]
        },
        {
            "file_path": "/data/shapenet_blender/all_50_random/02958343/709ebbf3588849b88b55a52bfd1cce7a/r_41",
            "rotation": 0.12566370614359174,
            "transform_matrix": [
                [
                    -0.06316941976547241,
                    0.21752914786338806,
                    0.9740074872970581,
                    3.9263498783111572
                ],
                [
                    0.9980027675628662,
                    0.013768690638244152,
                    0.06165062263607979,
                    0.2485216110944748
                ],
                [
