{
    "class": "02958343",
    "model": "4e9a489d830e285b59139efcde1fedcb",
    "remove_doubles": true,
    "edge_split": true,
    "denoise": true,
    "camera_angle_x": 0.6911112070083618,
    "scale_factor": 2.206025131032419,
    "hdri_file": "/data/IndoorHDRDataset2018/AG8A8658-cdca6ead27.exr",
    "center_offset": [
        0.0,
        0.0,
        0.0
    ],
    "lights": [],
    "frames": [
        {
            "file_path": "/data/shapenet_blender/all_50_random/02958343/4e9a489d830e285b59139efcde1fedcb/r_0",
            "rotation": 0.12566370614359174,
            "transform_matrix": [
                [
                    0.9683599472045898,
                    -0.016461171209812164,
                    -0.24901418387889862,
                    -1.0038082599639893
                ],
                [
                    -0.24955768883228302,
                    -0.06387436389923096,
                    -0.966251015663147,
                    -3.895082473754883
                ],
                [
                    1.862645149230957e-09,
                    0.9978222250938416,
                    -0.06596138328313828,
                    -0.26589885354042053
                ],
                [
                    0.0,
                    0.0,
                    0.0,
                    1.0
                ]
            ]
        },
        {
            "file_path": "/data/shapenet_blender/all_50_random/02958343/4e9a489d830e285b59139efcde1fedcb/r_1",
            "rotation": 0.12566370614359174,
            "transform_matrix": [
                [
                    -0.9168907999992371,
                    0.13842487335205078,
                    -0.3743659257888794,
                    -1.5091173648834229
                ],
                [
                    -0.3991381824016571,
                    -0.3179863393306732,
                    0.8599845170974731,
                    3.4667084217071533
                ],
                [
                    -7.450580596923828e-09,
                    0.9379355907440186,
                    0.34680938720703125,
                    1.3980333805084229
                ],
                [
                    0.0,
                    0.0,
                    0.0,
                    1.0
                ]
            ]
        },
        {
            "file_path": "/data/shapenet_blender/all_50_random/02958343/4e9a489d830e285b59139efcde1fedcb/r_2",
            "rotation": 0.12566370614359174,
            "transform_matrix": [
                [
                    0.6497624516487122,
                    -0.6753475666046143,
                    0.34887567162513733,
                    1.4063628911972046
                ],
                [
                    0.7601373195648193,
                    0.5772845149040222,
                    -0.2982175946235657,
                    -1.2021536827087402
                ],
                [
                    0.0,
                    0.45896393060684204,
                    0.888454794883728,
                    3.5814759731292725
                ],
                [
                    0.0,
                    0.0,
                    0.0,
                    1.0
                ]
            ]
        },
        {
            "file_path": "/data/shapenet_blender/all_50_random/02958343/4e9a489d830e285b59139efcde1fedcb/r_3",
            "rotation": 0.12566370614359174,
            "transform_matrix": [
                [
                    -0.8748425841331482,
                    -0.09649818390607834,
                    -0.4746984839439392,
                    -1.913570761680603
                ],
                [
                    -0.4844074249267578,
                    0.17427627742290497,
                    0.8573081493377686,
                    3.4559197425842285
                ],
                [
                    7.450580596923828e-09,
                    0.979957103729248,
                    -0.19920872151851654,
                    -0.8030360341072083
                ],
                [
                    0.0,
                    0.0,
                    0.0,
                    1.0
                ]
            ]
        },
        {
            "file_path": "/data/shapenet_blender/all_50_random/02958343/4e9a489d830e285b59139efcde1fedcb/r_4",
            "rotation": 0.12566370614359174,
            "transform_matrix": [
                [
                    -0.9999982118606567,
                    0.000510308425873518,
                    0.0017980108968913555,
                    0.007248014211654663
                ],
                [
                    0.0018690259894356132,
                    0.27303391695022583,
                    0.9620025157928467,
                    3.8779563903808594
                ],
                [
                    0.0,
                    0.9620043039321899,
                    -0.27303433418273926,
                    -1.1006367206573486
                ],
                [
                    0.0,
                    0.0,
                    0.0,
                    1.0
                ]
            ]
        },
        {
            "file_path": "/data/shapenet_blender/all_50_random/02958343/4e9a489d830e285b59139efcde1fedcb/r_5",
            "rotation": 0.12566370614359174,
            "transform_matrix": [
                [
                    -0.906624436378479,
                    -0.4002460241317749,
                    0.13354890048503876,
                    0.5383528470993042
                ],
                [
                    0.42193859815597534,
                    -0.8600133061408997,
                    0.28695809841156006,
                    1.156765103340149
                ],
                [
                    -7.450580596923828e-09,
                    0.31651270389556885,
                    0.9485882520675659,
                    3.8238816261291504
                ],
                [
                    0.0,
                    0.0,
                    0.0,
                    1.0
                ]
            ]
        },
        {
            "file_path": "/data/shapenet_blender/all_50_random/02958343/4e9a489d830e285b59139efcde1fedcb/r_6",
            "rotation": 0.12566370614359174,
            "transform_matrix": [
                [
                    0.998756468296051,
                    -0.04379042610526085,
                    -0.023834500461816788,
                    -0.09607994556427002
                ],
                [
                    -0.04985664412379265,
                    -0.8772345781326294,
                    -0.4774661660194397,
                    -1.9247276782989502
                ],
                [
                    -1.862645149230957e-09,
                    0.47806060314178467,
                    -0.8783268332481384,
                    -3.5406486988067627
                ],
                [
                    0.0,
                    0.0,
                    0.0,
                    1.0
                ]
            ]
        },
        {
            "file_path": "/data/shapenet_blender/all_50_random/02958343/4e9a489d830e285b59139efcde1fedcb/r_7",
            "rotation": 0.12566370614359174,
            "transform_matrix": [
                [
                    -0.8268280029296875,
                    -0.17906738817691803,
                    0.5331887602806091,
                    2.149352788925171
                ],
                [
                    0.5624548196792603,
                    -0.2632352113723755,
                    0.7838058471679688,
                    3.1596226692199707
                ],
                [
                    -1.4901161193847656e-08,
                    0.9479672908782959,
                    0.31836754083633423,
                    1.2833807468414307
                ],
                [
                    0.0,
                    0.0,
                    0.0,
                    1.0
                ]
            ]
        },
        {
            "file_path": "/data/shapenet_blender/all_50_random/02958343/4e9a489d830e285b59139efcde1fedcb/r_8",
            "rotation": 0.12566370614359174,
            "transform_matrix": [
                [
                    0.9484989643096924,
                    -0.039658334106206894,
                    -0.31428828835487366,
                    -1.2669367790222168
                ],
                [
                    -0.31678059697151184,
                    -0.11874429881572723,
                    -0.9410365223884583,
                    -3.7934398651123047
                ],
                [
                    -3.725290742551124e-09,
                    0.9921325445175171,
                    -0.125191792845726,
                    -0.5046643018722534
                ],
                [
                    0.0,
                    0.0,
                    0.0,
                    1.0
                ]
            ]
        },
        {
            "file_path": "/data/shapenet_blender/all_50_random/02958343/4e9a489d830e285b59139efcde1fedcb/r_9",
            "rotation": 0.12566370614359174,
            "transform_matrix": [
                [
                    0.909207820892334,
                    0.07741963118314743,
                    -0.4090811610221863,
                    -1.6490589380264282
                ],
                [
                    -0.4163426458835602,
                    0.16906875371932983,
                    -0.8933501839637756,
                    -3.601209878921509
                ],
                [
                    7.450580596923828e-09,
                    0.9825589060783386,
                    0.18595170974731445,
                    0.7495953440666199
                ],
                [
                    0.0,
                    0.0,
                    0.0,
                    1.0
                ]
            ]
        },
        {
            "file_path": "/data/shapenet_blender/all_50_random/02958343/4e9a489d830e285b59139efcde1fedcb/r_10",
            "rotation": 0.12566370614359174,
            "transform_matrix": [
                [
                    0.6385871171951294,
                    -0.3493672311306,
                    0.6856741309165955,
                    2.764040946960449
                ],
                [
                    0.769549548625946,
                    0.289911687374115,
                    -0.568985641002655,
                    -2.293654441833496
                ],
                [
                    0.0,
                    0.891007125377655,
                    0.45398926734924316,
                    1.8300893306732178
                ],
                [
                    0.0,
                    0.0,
                    0.0,
                    1.0
                ]
            ]
        },
        {
            "file_path": "/data/shapenet_blender/all_50_random/02958343/4e9a489d830e285b59139efcde1fedcb/r_11",
            "rotation": 0.12566370614359174,
            "transform_matrix": [
                [
                    -0.9467158317565918,
                    -0.05051938444375992,
                    -0.3180832266807556,
                    -1.2822346687316895
                ],
                [
                    -0.3220701217651367,
                    0.1485002636909485,
                    0.9349964261054993,
                    3.7690913677215576
                ],
                [
                    0.0,
                    0.9876210689544678,
                    -0.15685831010341644,
                    -0.6323161125183105
                ],
                [
                    0.0,
                    0.0,
                    0.0,
                    1.0
                ]
            ]
        },
        {
            "file_path": "/data/shapenet_blender/all_50_random/02958343/4e9a489d830e285b59139efcde1fedcb/r_12",
            "rotation": 0.12566370614359174,
            "transform_matrix": [
                [
                    -0.2648734748363495,
                    -0.44819268584251404,
                    -0.8537945747375488,
                    -3.441756248474121
                ],
                [
                    -0.9642831683158875,
                    0.12311151623725891,
                    0.23452399671077728,
                    0.9453965425491333
                ],
                [
                    0.0,
                    0.8854188323020935,
                    -0.46479368209838867,
                    -1.873643398284912
                ],
                [
                    0.0,
                    0.0,
                    0.0,
                    1.0
                ]
            ]
        },
        {
            "file_path": "/data/shapenet_blender/all_50_random/02958343/4e9a489d830e285b59139efcde1fedcb/r_13",
            "rotation": 0.12566370614359174,
            "transform_matrix": [
                [
                    -0.5565351843833923,
                    -0.138444185256958,
                    0.819208025932312,
                    3.302333116531372
                ],
                [
                    0.8308240175247192,
                    -0.09273812174797058,
                    0.548754096031189,
                    2.2120985984802246
                ],
                [
                    0.0,
                    0.9860185980796814,
                    0.16663479804992676,
                    0.6717263460159302
                ],
                [
                    0.0,
                    0.0,
                    0.0,
                    1.0
                ]
            ]
        },
        {
            "file_path": "/data/shapenet_blender/all_50_random/02958343/4e9a489d830e285b59139efcde1fedcb/r_14",
            "rotation": 0.12566370614359174,
            "transform_matrix": [
                [
                    0.4195607304573059,
                    0.23229552805423737,
                    -0.8775007724761963,
                    -3.537318706512451
                ],
                [
                    -0.9077271819114685,
                    0.10736934840679169,
                    -0.405589759349823,
                    -1.6349846124649048
                ],
                [
                    0.0,
                    0.9667008519172668,
                    0.25590893626213074,
                    1.031601905822754
                ],
                [
                    0.0,
                    0.0,
                    0.0,
                    1.0
                ]
            ]
        },
        {
            "file_path": "/data/shapenet_blender/all_50_random/02958343/4e9a489d830e285b59139efcde1fedcb/r_15",
            "rotation": 0.12566370614359174,
            "transform_matrix": [
                [
                    -0.9997572302818298,
                    -0.0034571250434964895,
                    -0.021761437878012657,
                    -0.08772316575050354
                ],
                [
                    -0.022034335881471634,
                    0.15685907006263733,
                    0.9873750805854797,
                    3.980236530303955
                ],
                [
                    0.0,
                    0.9876149296760559,
                    -0.1568971425294876,
                    -0.6324726939201355
                ],
                [
                    0.0,
                    0.0,
                    0.0,
                    1.0
                ]
            ]
        },
        {
            "file_path": "/data/shapenet_blender/all_50_random/02958343/4e9a489d830e285b59139efcde1fedcb/r_16",
            "rotation": 0.12566370614359174,
            "transform_matrix": [
                [
                    -0.9602863788604736,
                    0.15608331561088562,
                    -0.23127493262290955,
                    -0.9322990775108337
                ],
                [
                    -0.27901631593704224,
                    -0.5371897220611572,
                    0.7959756255149841,
                    3.2086803913116455
                ],
                [
                    0.0,
                    0.8288940191268921,
                    0.5594056844711304,
                    2.2550363540649414
                ],
                [
                    0.0,
                    0.0,
                    0.0,
                    1.0
                ]
            ]
        },
        {
            "file_path": "/data/shapenet_blender/all_50_random/02958343/4e9a489d830e285b59139efcde1fedcb/r_17",
            "rotation": 0.12566370614359174,
            "transform_matrix": [
                [
                    0.5628640651702881,
                    -0.02423105016350746,
                    -0.8261942267417908,
                    -3.3304953575134277
                ],
                [
                    -0.8265494704246521,
                    -0.016500871628522873,
                    -0.5626221299171448,
                    -2.2680022716522217
                ],
                [
                    0.0,
                    0.9995703101158142,
                    -0.029315905645489693,
                    -0.11817619204521179
                ],
                [
                    0.0,
                    0.0,
                    0.0,
                    1.0
                ]
            ]
        },
        {
            "file_path": "/data/shapenet_blender/all_50_random/02958343/4e9a489d830e285b59139efcde1fedcb/r_18",
            "rotation": 0.12566370614359174,
            "transform_matrix": [
                [
                    -0.8750279545783997,
                    -0.09248284250497818,
                    0.47515586018562317,
                    1.915414571762085
                ],
                [
                    0.4840725362300873,
                    -0.1671755015850067,
                    0.8589098453521729,
                    3.462376356124878
                ],
                [
                    -7.450581485102248e-09,
                    0.9815799593925476,
                    0.1910516321659088,
                    0.7701537609100342
                ],
                [
                    0.0,
                    0.0,
                    0.0,
                    1.0
                ]
            ]
        },
        {
            "file_path": "/data/shapenet_blender/all_50_random/02958343/4e9a489d830e285b59139efcde1fedcb/r_19",
            "rotation": 0.12566370614359174,
            "transform_matrix": [
                [
                    -0.6877754330635071,
                    0.12698915600776672,
                    -0.7147298455238342,
                    -2.8811681270599365
                ],
                [
                    -0.7259235978126526,
                    -0.12031572312116623,
                    0.677169919013977,
                    2.7297592163085938
                ],
                [
                    0.0,
                    0.9845799207687378,
                    0.17493462562561035,
                    0.7051839828491211
                ],
                [
                    0.0,
                    0.0,
                    0.0,
                    1.0
                ]
            ]
        },
        {
            "file_path": "/data/shapenet_blender/all_50_random/02958343/4e9a489d830e285b59139efcde1fedcb/r_20",
            "rotation": 0.12566370614359174,
            "transform_matrix": [
                [
                    -0.686292290687561,
                    -0.20020794868469238,
                    -0.6992278099060059,
                    -2.8186776638031006
                ],
                [
                    -0.7273258566856384,
                    0.18891282379627228,
                    0.6597794890403748,
                    2.659656524658203
                ],
                [
                    0.0,
                    0.961368203163147,
                    -0.27526578307151794,
                    -1.1096320152282715
                ],
                [
                    0.0,
                    0.0,
                    0.0,
                    1.0
                ]
            ]
        },
        {
            "file_path": "/data/shapenet_blender/all_50_random/02958343/4e9a489d830e285b59139efcde1fedcb/r_21",
            "rotation": 0.12566370614359174,
            "transform_matrix": [
                [
                    0.8837981820106506,
                    0.3298960030078888,
                    0.33176708221435547,
                    1.3373960256576538
                ],
                [
                    0.4678683876991272,
                    -0.6231698989868164,
                    -0.6267043352127075,
                    -2.5263261795043945
                ],
                [
                    0.0,
                    0.7091035842895508,
                    -0.7051042914390564,
                    -2.8423664569854736
                ],
                [
                    0.0,
                    0.0,
                    0.0,
                    1.0
                ]
            ]
        },
        {
            "file_path": "/data/shapenet_blender/all_50_random/02958343/4e9a489d830e285b59139efcde1fedcb/r_22",
            "rotation": 0.12566370614359174,
            "transform_matrix": [
                [
                    -0.9875686168670654,
                    -0.15193772315979004,
                    0.040290623903274536,
                    0.16241669654846191
                ],
                [
                    0.15718910098075867,
                    -0.9545758962631226,
                    0.25313302874565125,
                    1.0204118490219116
                ],
                [
                    0.0,
                    0.2563193142414093,
                    0.9665921330451965,
                    3.8964574337005615
                ],
                [
                    0.0,
                    0.0,
                    0.0,
                    1.0
                ]
            ]
        },
        {
            "file_path": "/data/shapenet_blender/all_50_random/02958343/4e9a489d830e285b59139efcde1fedcb/r_23",
            "rotation": 0.12566370614359174,
            "transform_matrix": [
                [
                    -0.21919317543506622,
                    0.43436306715011597,
                    0.873660683631897,
                    3.521838903427124
                ],
                [
                    0.9756814241409302,
                    0.09758247435092926,
                    0.196273535490036,
                    0.7912039160728455
                ],
                [
                    7.450580596923828e-09,
                    0.8954362869262695,
                    -0.4451894760131836,
                    -1.7946162223815918
                ],
                [
                    0.0,
                    0.0,
                    0.0,
                    1.0
                ]
            ]
        },
        {
            "file_path": "/data/shapenet_blender/all_50_random/02958343/4e9a489d830e285b59139efcde1fedcb/r_24",
            "rotation": 0.12566370614359174,
            "transform_matrix": [
                [
                    -0.8923593163490295,
                    -0.15333548188209534,
                    -0.42447981238365173,
                    -1.7111328840255737
                ],
                [
                    -0.4513257145881653,
                    0.30317428708076477,
                    0.8392797112464905,
                    3.383244752883911
                ],
                [
                    0.0,
                    0.9405176639556885,
                    -0.3397446274757385,
                    -1.3695544004440308
                ],
                [
                    0.0,
                    0.0,
                    0.0,
                    1.0
                ]
            ]
        },
        {
            "file_path": "/data/shapenet_blender/all_50_random/02958343/4e9a489d830e285b59139efcde1fedcb/r_25",
            "rotation": 0.12566370614359174,
            "transform_matrix": [
                [
                    0.8458629846572876,
                    0.1341542750597,
                    -0.5162543654441833,
                    -2.081087827682495
                ],
                [
                    -0.5334003567695618,
                    0.21274100244045258,
                    -0.8186729550361633,
                    -3.3001761436462402
                ],
                [
                    -7.450580596923828e-09,
                    0.9678553342819214,
                    0.2515076696872711,
                    1.0138598680496216
                ],
                [
                    0.0,
                    0.0,
                    0.0,
                    1.0
                ]
            ]
        },
        {
            "file_path": "/data/shapenet_blender/all_50_random/02958343/4e9a489d830e285b59139efcde1fedcb/r_26",
            "rotation": 0.12566370614359174,
            "transform_matrix": [
                [
                    -0.30538854002952576,
                    -0.22158092260360718,
                    -0.9260883927345276,
                    -3.7331817150115967
                ],
                [
                    -0.952227771282196,
                    0.07106311619281769,
                    0.29700538516044617,
                    1.1972670555114746
                ],
                [
                    0.0,
                    0.9725491404533386,
                    -0.23269739747047424,
                    -0.9380332231521606
                ],
                [
                    0.0,
                    0.0,
                    0.0,
                    1.0
                ]
            ]
        },
        {
            "file_path": "/data/shapenet_blender/all_50_random/02958343/4e9a489d830e285b59139efcde1fedcb/r_27",
            "rotation": 0.12566370614359174,
            "transform_matrix": [
                [
                    -0.9284963011741638,
                    -0.31648215651512146,
                    -0.19425176084041595,
                    -0.7830538749694824
                ],
                [
                    -0.3713417947292328,
                    0.7913261651992798,
                    0.48570355772972107,
                    1.9579336643218994
                ],
                [
                    0.0,
                    0.523107647895813,
                    -0.8522665500640869,
                    -3.435596466064453
                ],
                [
                    0.0,
                    0.0,
                    0.0,
                    1.0
                ]
            ]
        },
        {
            "file_path": "/data/shapenet_blender/all_50_random/02958343/4e9a489d830e285b59139efcde1fedcb/r_28",
            "rotation": 0.12566370614359174,
            "transform_matrix": [
                [
                    -0.3227592408657074,
                    0.14210399985313416,
                    -0.9357525110244751,
                    -3.772139310836792
                ],
                [
                    -0.9464811086654663,
                    -0.04845884442329407,
                    0.3191007077693939,
                    1.2863361835479736
                ],
                [
                    3.725290298461914e-09,
                    0.9886647462844849,
                    0.15013928711414337,
                    0.6052308678627014
                ],
                [
                    0.0,
                    0.0,
                    0.0,
                    1.0
                ]
            ]
        },
        {
            "file_path": "/data/shapenet_blender/all_50_random/02958343/4e9a489d830e285b59139efcde1fedcb/r_29",
            "rotation": 0.12566370614359174,
            "transform_matrix": [
                [
                    -0.9252563714981079,
                    -0.07050347328186035,
                    0.3727329969406128,
                    1.5025347471237183
                ],
                [
                    0.37934237718582153,
                    -0.17196549475193024,
                    0.9091354012489319,
                    3.664842128753662
                ],
                [
                    7.450580596923828e-09,
                    0.9825767278671265,
                    0.1858571320772171,
                    0.7492140531539917
                ],
                [
                    0.0,
                    0.0,
                    0.0,
                    1.0
                ]
            ]
        },
        {
            "file_path": "/data/shapenet_blender/all_50_random/02958343/4e9a489d830e285b59139efcde1fedcb/r_30",
            "rotation": 0.12566370614359174,
            "transform_matrix": [
                [
                    -0.4015158712863922,
                    -0.3243359327316284,
                    0.8564993739128113,
                    3.4526593685150146
                ],
                [
                    0.9158520698547363,
                    -0.1421911120414734,
                    0.3754952549934387,
                    1.5136698484420776
                ],
                [
                    -7.450580152834618e-09,
                    0.9351940155029297,
                    0.35413575172424316,
                    1.4275668859481812
                ],
                [
                    0.0,
                    0.0,
                    0.0,
                    1.0
                ]
            ]
        },
        {
            "file_path": "/data/shapenet_blender/all_50_random/02958343/4e9a489d830e285b59139efcde1fedcb/r_31",
            "rotation": 0.12566370614359174,
            "transform_matrix": [
                [
                    -0.6814371943473816,
                    0.06689060479402542,
                    -0.7288133502006531,
                    -2.937940835952759
                ],
                [
                    -0.7318766117095947,
                    -0.06228064000606537,
                    0.6785850524902344,
                    2.735464096069336
                ],
                [
                    0.0,
                    0.9958146214485168,
                    0.09139600396156311,
                    0.3684290945529938
                ],
                [
                    0.0,
                    0.0,
                    0.0,
                    1.0
                ]
            ]
        },
        {
            "file_path": "/data/shapenet_blender/all_50_random/02958343/4e9a489d830e285b59139efcde1fedcb/r_32",
            "rotation": 0.12566370614359174,
            "transform_matrix": [
                [
                    0.9278324842453003,
                    0.30676737427711487,
                    -0.21218077838420868,
                    -0.8553280830383301
                ],
                [
                    -0.3729972541332245,
                    0.7630853652954102,
                    -0.5278007388114929,
                    -2.1276328563690186
                ],
                [
                    -1.4901162970204496e-08,
                    0.568853497505188,
                    0.8224388360977173,
                    3.315356969833374
                ],
                [
                    0.0,
                    0.0,
                    0.0,
                    1.0
                ]
            ]
        },
        {
            "file_path": "/data/shapenet_blender/all_50_random/02958343/4e9a489d830e285b59139efcde1fedcb/r_33",
            "rotation": 0.12566370614359174,
            "transform_matrix": [
                [
                    -0.3282543122768402,
                    0.37859728932380676,
                    0.8653976917266846,
                    3.488529682159424
                ],
                [
                    0.944589376449585,
                    0.1315663605928421,
                    0.30073440074920654,
                    1.212299108505249
                ],
                [
                    7.450580596923828e-09,
                    0.9161628484725952,
                    -0.400806188583374,
                    -1.61570143699646
                ],
                [
                    0.0,
                    0.0,
                    0.0,
                    1.0
                ]
            ]
        },
        {
            "file_path": "/data/shapenet_blender/all_50_random/02958343/4e9a489d830e285b59139efcde1fedcb/r_34",
            "rotation": 0.12566370614359174,
            "transform_matrix": [
                [
                    -0.9220766425132751,
                    0.13227638602256775,
                    -0.3636997938156128,
                    -1.466120719909668
                ],
                [
                    -0.3870072364807129,
                    -0.3151594400405884,
                    0.866544783115387,
                    3.4931538105010986
                ],
                [
                    -7.450580596923828e-09,
                    0.9397751688957214,
                    0.34179309010505676,
                    1.3778120279312134
                ],
                [
                    0.0,
                    0.0,
                    0.0,
                    1.0
                ]
            ]
        },
        {
            "file_path": "/data/shapenet_blender/all_50_random/02958343/4e9a489d830e285b59139efcde1fedcb/r_35",
            "rotation": 0.12566370614359174,
            "transform_matrix": [
                [
                    0.3815443217754364,
                    0.33574411273002625,
                    0.8612200021743774,
                    3.4716885089874268
                ],
                [
                    0.9243504405021667,
                    -0.138585165143013,
                    -0.3554859757423401,
                    -1.4330096244812012
                ],
                [
                    -7.4505792646561986e-09,
                    0.931702733039856,
                    -0.3632216453552246,
                    -1.4641931056976318
                ],
                [
                    0.0,
                    0.0,
                    0.0,
                    1.0
                ]
            ]
        },
        {
            "file_path": "/data/shapenet_blender/all_50_random/02958343/4e9a489d830e285b59139efcde1fedcb/r_36",
            "rotation": 0.12566370614359174,
            "transform_matrix": [
                [
                    0.5611008405685425,
                    -0.0473620668053627,
                    0.826391339302063,
                    3.3312900066375732
                ],
                [
                    0.8277475237846375,
                    0.03210507705807686,
                    -0.5601815581321716,
                    -2.258164167404175
                ],
                [
                    -1.862645149230957e-09,
                    0.9983617663383484,
                    0.05721801146864891,
                    0.23065318167209625
                ],
                [
                    0.0,
                    0.0,
                    0.0,
                    1.0
                ]
            ]
        },
        {
            "file_path": "/data/shapenet_blender/all_50_random/02958343/4e9a489d830e285b59139efcde1fedcb/r_37",
            "rotation": 0.12566370614359174,
            "transform_matrix": [
                [
                    -0.993752121925354,
                    0.02949334867298603,
                    -0.10764255374670029,
                    -0.4339210093021393
                ],
                [
                    -0.11160993576049805,
                    -0.2626027464866638,
                    0.958427369594574,
                    3.863544225692749
                ],
                [
                    1.862645149230957e-09,
                    0.9644530415534973,
                    0.2642538249492645,
                    1.0652412176132202
                ],
                [
                    0.0,
                    0.0,
                    0.0,
                    1.0
                ]
            ]
        },
        {
            "file_path": "/data/shapenet_blender/all_50_random/02958343/4e9a489d830e285b59139efcde1fedcb/r_38",
            "rotation": 0.12566370614359174,
            "transform_matrix": [
                [
                    0.8443653583526611,
                    -0.03011758252978325,
                    0.5349206328392029,
                    2.156334400177002
                ],
                [
                    0.5357679128646851,
                    0.04746503382921219,
                    -0.8430300951004028,
                    -3.3983633518218994
                ],
                [
                    1.862645149230957e-09,
                    0.9984187483787537,
                    0.0562138594686985,
                    0.22660532593727112
                ],
                [
                    0.0,
                    0.0,
                    0.0,
                    1.0
                ]
            ]
        },
        {
            "file_path": "/data/shapenet_blender/all_50_random/02958343/4e9a489d830e285b59139efcde1fedcb/r_39",
            "rotation": 0.12566370614359174,
            "transform_matrix": [
                [
                    0.9027349948883057,
                    0.020396655425429344,
                    0.42971327900886536,
                    1.7322295904159546
                ],
                [
                    0.4301970601081848,
                    -0.042800791561603546,
                    -0.9017198085784912,
                    -3.63494873046875
                ],
                [
                    0.0,
                    0.9988754391670227,
                    -0.04741235822439194,
                    -0.19112533330917358
                ],
                [
                    0.0,
                    0.0,
                    0.0,
                    1.0
                ]
            ]
        },
        {
            "file_path": "/data/shapenet_blender/all_50_random/02958343/4e9a489d830e285b59139efcde1fedcb/r_40",
            "rotation": 0.12566370614359174,
            "transform_matrix": [
                [
                    0.823738694190979,
                    -0.00702890707179904,
                    0.5669260621070862,
                    2.2853517532348633
                ],
                [
                    0.5669695734977722,
                    0.010212157852947712,
                    -0.8236755132675171,
                    -3.3203418254852295
                ],
                [
                    0.0,
                    0.9999231100082397,
                    0.01239732839167118,
                    0.04997522383928299
                ],
                [
                    0.0,
                    0.0,
                    0.0,
                    1.0
                ]
            ]
        },
        {
            "file_path": "/data/shapenet_blender/all_50_random/02958343/4e9a489d830e285b59139efcde1fedcb/r_41",
            "rotation": 0.12566370614359174,
            "transform_matrix": [
                [
                    0.9206254482269287,
                    -0.2805270552635193,
                    0.27157554030418396,
                    1.094756007194519
                ],
                [
                    0.3904467523097992,
                    0.6614482998847961,
                    -0.6403416991233826,
                    -2.5813000202178955
                ],
                [
