{
    "class": "02958343",
    "model": "8320c70894c3cdfdff1370452e3a0154",
    "remove_doubles": true,
    "edge_split": true,
    "denoise": true,
    "camera_angle_x": 0.6911112070083618,
    "scale_factor": 2.222807590968392,
    "hdri_file": "/data/IndoorHDRDataset2018/AG8A0361-7d810ca94d.exr",
    "center_offset": [
        0.0,
        -2.7939677238464355e-09,
        -3.725290298461914e-09
    ],
    "lights": [],
    "frames": [
        {
            "file_path": "/data/shapenet_blender/all_50_random/02958343/8320c70894c3cdfdff1370452e3a0154/r_0",
            "rotation": 0.12566370614359174,
            "transform_matrix": [
                [
                    -0.27937597036361694,
                    -0.11082065850496292,
                    -0.9537650346755981,
                    -3.844749927520752
                ],
                [
                    -0.9601818323135376,
                    0.03224455192685127,
                    0.2775089740753174,
                    1.118674397468567
                ],
                [
                    0.0,
                    0.993317186832428,
                    -0.11541632562875748,
                    -0.46525809168815613
                ],
                [
                    0.0,
                    0.0,
                    0.0,
                    1.0
                ]
            ]
        },
        {
            "file_path": "/data/shapenet_blender/all_50_random/02958343/8320c70894c3cdfdff1370452e3a0154/r_1",
            "rotation": 0.12566370614359174,
            "transform_matrix": [
                [
                    0.9031519293785095,
                    -0.10833882540464401,
                    -0.4154266119003296,
                    -1.674638271331787
                ],
                [
                    -0.4293210506439209,
                    -0.22790966928005219,
                    -0.8739225268363953,
                    -3.5228943824768066
                ],
                [
                    0.0,
                    0.967636227607727,
                    -0.25234919786453247,
                    -1.0172522068023682
                ],
                [
                    0.0,
                    0.0,
                    0.0,
                    1.0
                ]
            ]
        },
        {
            "file_path": "/data/shapenet_blender/all_50_random/02958343/8320c70894c3cdfdff1370452e3a0154/r_2",
            "rotation": 0.12566370614359174,
            "transform_matrix": [
                [
                    -0.1543666124343872,
                    0.12238825857639313,
                    0.9804039597511292,
                    3.952134847640991
                ],
                [
                    0.9880136847496033,
                    0.019121861085295677,
                    0.1531776785850525,
                    0.6174789667129517
                ],
                [
                    0.0,
                    0.9922980070114136,
                    -0.12387305498123169,
                    -0.4993482530117035
                ],
                [
                    0.0,
                    0.0,
                    0.0,
                    1.0
                ]
            ]
        },
        {
            "file_path": "/data/shapenet_blender/all_50_random/02958343/8320c70894c3cdfdff1370452e3a0154/r_3",
            "rotation": 0.12566370614359174,
            "transform_matrix": [
                [
                    -0.8978246450424194,
                    -0.23230795562267303,
                    -0.37409085035324097,
                    -1.5080084800720215
                ],
                [
                    -0.4403532147407532,
                    0.4736466109752655,
                    0.7627240419387817,
                    3.074638843536377
                ],
                [
                    0.0,
                    0.8495244979858398,
                    -0.527549147605896,
                    -2.1266186237335205
                ],
                [
                    0.0,
                    0.0,
                    0.0,
                    1.0
                ]
            ]
        },
        {
            "file_path": "/data/shapenet_blender/all_50_random/02958343/8320c70894c3cdfdff1370452e3a0154/r_4",
            "rotation": 0.12566370614359174,
            "transform_matrix": [
                [
                    -0.710774838924408,
                    -0.5502470135688782,
                    0.43820926547050476,
                    1.766478180885315
                ],
                [
                    0.70341956615448,
                    -0.5560006499290466,
                    0.4427913725376129,
                    1.7849491834640503
                ],
                [
                    1.4901160305669237e-08,
                    0.6229699850082397,
                    0.7822456955909729,
                    3.1533334255218506
                ],
                [
                    0.0,
                    0.0,
                    0.0,
                    1.0
                ]
            ]
        },
        {
            "file_path": "/data/shapenet_blender/all_50_random/02958343/8320c70894c3cdfdff1370452e3a0154/r_5",
            "rotation": 0.12566370614359174,
            "transform_matrix": [
                [
                    -0.7997146844863892,
                    -0.5220648646354675,
                    -0.29648730158805847,
                    -1.195178508758545
                ],
                [
                    -0.6003803014755249,
                    0.6953974962234497,
                    0.3949250876903534,
                    1.5919939279556274
                ],
                [
                    1.4901161193847656e-08,
                    0.493832528591156,
                    -0.8695570230484009,
                    -3.505296468734741
                ],
                [
                    0.0,
                    0.0,
                    0.0,
                    1.0
                ]
            ]
        },
        {
            "file_path": "/data/shapenet_blender/all_50_random/02958343/8320c70894c3cdfdff1370452e3a0154/r_6",
            "rotation": 0.12566370614359174,
            "transform_matrix": [
                [
                    -0.9679619073867798,
                    0.18114449083805084,
                    0.1738862544298172,
                    0.7009578943252563
                ],
                [
                    0.2510971128940582,
                    0.6982994079589844,
                    0.6703193783760071,
                    2.702143907546997
                ],
                [
                    -7.450581485102248e-09,
                    0.6925060153007507,
                    -0.7214120626449585,
                    -2.9081051349639893
                ],
                [
                    0.0,
                    0.0,
                    0.0,
                    1.0
                ]
            ]
        },
        {
            "file_path": "/data/shapenet_blender/all_50_random/02958343/8320c70894c3cdfdff1370452e3a0154/r_7",
            "rotation": 0.12566370614359174,
            "transform_matrix": [
                [
                    0.9845120906829834,
                    -0.02871784195303917,
                    -0.17294882237911224,
                    -0.6971790790557861
                ],
                [
                    -0.17531690001487732,
                    -0.16126830875873566,
                    -0.9712138772010803,
                    -3.915088653564453
                ],
                [
                    1.862645149230957e-09,
                    0.9864926934242249,
                    -0.163805291056633,
                    -0.6603202819824219
                ],
                [
                    0.0,
                    0.0,
                    0.0,
                    1.0
                ]
            ]
        },
        {
            "file_path": "/data/shapenet_blender/all_50_random/02958343/8320c70894c3cdfdff1370452e3a0154/r_8",
            "rotation": 0.12566370614359174,
            "transform_matrix": [
                [
                    -0.46644046902656555,
                    -0.2253817617893219,
                    -0.8553573489189148,
                    -3.4480559825897217
                ],
                [
                    -0.884552538394928,
                    0.11884786188602448,
                    0.45104533433914185,
                    1.8182220458984375
                ],
                [
                    0.0,
                    0.9669944047927856,
                    -0.25479742884635925,
                    -1.0271214246749878
                ],
                [
                    0.0,
                    0.0,
                    0.0,
                    1.0
                ]
            ]
        },
        {
            "file_path": "/data/shapenet_blender/all_50_random/02958343/8320c70894c3cdfdff1370452e3a0154/r_9",
            "rotation": 0.12566370614359174,
            "transform_matrix": [
                [
                    -0.861538827419281,
                    0.46969372034072876,
                    0.19271358847618103,
                    0.7768533229827881
                ],
                [
                    0.5076915621757507,
                    0.7970575094223022,
                    0.3270297348499298,
                    1.3182990550994873
                ],
                [
                    0.0,
                    0.37958797812461853,
                    -0.9251556396484375,
                    -3.729421615600586
                ],
                [
                    0.0,
                    0.0,
                    0.0,
                    1.0
                ]
            ]
        },
        {
            "file_path": "/data/shapenet_blender/all_50_random/02958343/8320c70894c3cdfdff1370452e3a0154/r_10",
            "rotation": 0.12566370614359174,
            "transform_matrix": [
                [
                    -0.9991852045059204,
                    0.03468361869454384,
                    0.020637761801481247,
                    0.08319348096847534
                ],
                [
                    0.040359266102313995,
                    0.8586716651916504,
                    0.510934591293335,
                    2.059643268585205
                ],
                [
                    0.0,
                    0.5113511681556702,
                    -0.8593718409538269,
                    -3.4642386436462402
                ],
                [
                    0.0,
                    0.0,
                    0.0,
                    1.0
                ]
            ]
        },
        {
            "file_path": "/data/shapenet_blender/all_50_random/02958343/8320c70894c3cdfdff1370452e3a0154/r_11",
            "rotation": 0.12566370614359174,
            "transform_matrix": [
                [
                    0.6400602459907532,
                    -0.6121398210525513,
                    -0.4643355906009674,
                    -1.871796727180481
                ],
                [
                    -0.7683246731758118,
                    -0.5099489688873291,
                    -0.3868192434310913,
                    -1.5593184232711792
                ],
                [
                    0.0,
                    0.6043480634689331,
                    -0.7967202663421631,
                    -3.2116823196411133
                ],
                [
                    0.0,
                    0.0,
                    0.0,
                    1.0
                ]
            ]
        },
        {
            "file_path": "/data/shapenet_blender/all_50_random/02958343/8320c70894c3cdfdff1370452e3a0154/r_12",
            "rotation": 0.12566370614359174,
            "transform_matrix": [
                [
                    -0.6705646514892578,
                    -0.5430456399917603,
                    -0.5054152011871338,
                    -2.037393808364868
                ],
                [
                    -0.7418512105941772,
                    0.4908628463745117,
                    0.45684847235679626,
                    1.8416149616241455
                ],
                [
                    -1.4901159417490817e-08,
                    0.6812894344329834,
                    -0.7320142984390259,
                    -2.9508438110351562
                ],
                [
                    0.0,
                    0.0,
                    0.0,
                    1.0
                ]
            ]
        },
        {
            "file_path": "/data/shapenet_blender/all_50_random/02958343/8320c70894c3cdfdff1370452e3a0154/r_13",
            "rotation": 0.12566370614359174,
            "transform_matrix": [
                [
                    -0.8721178770065308,
                    -0.004501510877162218,
                    -0.4892752170562744,
                    -1.9723315238952637
                ],
                [
                    -0.48929598927497864,
                    0.008023463189601898,
                    0.8720808625221252,
                    3.515470504760742
                ],
                [
                    0.0,
                    0.9999576807022095,
                    -0.009199975058436394,
                    -0.03708628565073013
                ],
                [
                    0.0,
                    0.0,
                    0.0,
                    1.0
                ]
            ]
        },
        {
            "file_path": "/data/shapenet_blender/all_50_random/02958343/8320c70894c3cdfdff1370452e3a0154/r_14",
            "rotation": 0.12566370614359174,
            "transform_matrix": [
                [
                    -0.9988437294960022,
                    0.013930539600551128,
                    0.0460134893655777,
                    0.18548628687858582
                ],
                [
                    0.04807598888874054,
                    0.289425790309906,
                    0.9559924602508545,
                    3.8537282943725586
                ],
                [
                    0.0,
                    0.9570990204811096,
                    -0.28976085782051086,
                    -1.1680632829666138
                ],
                [
                    0.0,
                    0.0,
                    0.0,
                    1.0
                ]
            ]
        },
        {
            "file_path": "/data/shapenet_blender/all_50_random/02958343/8320c70894c3cdfdff1370452e3a0154/r_15",
            "rotation": 0.12566370614359174,
            "transform_matrix": [
                [
                    0.4225424826145172,
                    -0.789577066898346,
                    -0.4450010359287262,
                    -1.7938565015792847
                ],
                [
                    -0.9063431620597839,
                    -0.3681054413318634,
                    -0.20746208727359772,
                    -0.8363064527511597
                ],
                [
                    0.0,
                    0.49098506569862366,
                    -0.8711679577827454,
                    -3.5117902755737305
                ],
                [
                    0.0,
                    0.0,
                    0.0,
                    1.0
                ]
            ]
        },
        {
            "file_path": "/data/shapenet_blender/all_50_random/02958343/8320c70894c3cdfdff1370452e3a0154/r_16",
            "rotation": 0.12566370614359174,
            "transform_matrix": [
                [
                    -0.9274970889091492,
                    -0.31227555871009827,
                    0.20550663769245148,
                    0.8284237384796143
                ],
                [
                    0.373830109834671,
                    -0.7747761607170105,
                    0.509875476360321,
                    2.0553739070892334
                ],
                [
                    0.0,
                    0.5497326850891113,
                    0.8353406190872192,
                    3.367365837097168
                ],
                [
                    0.0,
                    0.0,
                    0.0,
                    1.0
                ]
            ]
        },
        {
            "file_path": "/data/shapenet_blender/all_50_random/02958343/8320c70894c3cdfdff1370452e3a0154/r_17",
            "rotation": 0.12566370614359174,
            "transform_matrix": [
                [
                    0.7514225840568542,
                    0.016310395672917366,
                    0.6596196889877319,
                    2.6590123176574707
                ],
                [
                    0.6598213911056519,
                    -0.01857472024857998,
                    -0.7511928081512451,
                    -3.0281553268432617
                ],
                [
                    0.0,
                    0.9996944069862366,
                    -0.02471940964460373,
                    -0.09964713454246521
                ],
                [
                    0.0,
                    0.0,
                    0.0,
                    1.0
                ]
            ]
        },
        {
            "file_path": "/data/shapenet_blender/all_50_random/02958343/8320c70894c3cdfdff1370452e3a0154/r_18",
            "rotation": 0.12566370614359174,
            "transform_matrix": [
                [
                    0.9805393815040588,
                    0.020173564553260803,
                    -0.19528372585773468,
                    -0.787213921546936
                ],
                [
                    -0.19632300734519958,
                    0.10075728595256805,
                    -0.975348711013794,
                    -3.9317567348480225
                ],
                [
                    -1.862645371275562e-09,
                    0.9947065114974976,
                    0.10275699943304062,
                    0.4142267405986786
                ],
                [
                    0.0,
                    0.0,
                    0.0,
                    1.0
                ]
            ]
        },
        {
            "file_path": "/data/shapenet_blender/all_50_random/02958343/8320c70894c3cdfdff1370452e3a0154/r_19",
            "rotation": 0.12566370614359174,
            "transform_matrix": [
                [
                    -0.6764319539070129,
                    -0.45632120966911316,
                    -0.5781096816062927,
                    -2.330434560775757
                ],
                [
                    -0.7365052103996277,
                    0.4191012382507324,
                    0.5309560298919678,
                    2.140352249145508
                ],
                [
                    -1.4901162970204496e-08,
                    0.7849363684654236,
                    -0.6195763349533081,
                    -2.4975922107696533
                ],
                [
                    0.0,
                    0.0,
                    0.0,
                    1.0
                ]
            ]
        },
        {
            "file_path": "/data/shapenet_blender/all_50_random/02958343/8320c70894c3cdfdff1370452e3a0154/r_20",
            "rotation": 0.12566370614359174,
            "transform_matrix": [
                [
                    0.1433907300233841,
                    -0.23639816045761108,
                    0.9610176086425781,
                    3.87398624420166
                ],
                [
                    0.9896661639213562,
                    0.034251246601343155,
                    -0.13923989236354828,
                    -0.5612940192222595
                ],
                [
                    3.725290742551124e-09,
                    0.971052348613739,
                    0.23886655271053314,
                    0.9629019498825073
                ],
                [
                    0.0,
                    0.0,
                    0.0,
                    1.0
                ]
            ]
        },
        {
            "file_path": "/data/shapenet_blender/all_50_random/02958343/8320c70894c3cdfdff1370452e3a0154/r_21",
            "rotation": 0.12566370614359174,
            "transform_matrix": [
                [
                    0.5336472392082214,
                    0.26937124133110046,
                    -0.8016605973243713,
                    -3.231597423553467
                ],
                [
                    -0.8457072377204895,
                    0.1699751615524292,
                    -0.5058534741401672,
                    -2.03916072845459
                ],
                [
                    1.4901161193847656e-08,
                    0.9479175209999084,
                    0.31851592659950256,
                    1.2839789390563965
                ],
                [
                    0.0,
                    0.0,
                    0.0,
                    1.0
                ]
            ]
        },
        {
            "file_path": "/data/shapenet_blender/all_50_random/02958343/8320c70894c3cdfdff1370452e3a0154/r_22",
            "rotation": 0.12566370614359174,
            "transform_matrix": [
                [
                    -0.0817408487200737,
                    -0.03656582534313202,
                    0.9959825873374939,
                    4.014934539794922
                ],
                [
                    0.99665367603302,
                    -0.0029989569447934628,
                    0.08168580383062363,
                    0.32928603887557983
                ],
                [
                    0.0,
                    0.9993267059326172,
                    0.03668859973549843,
                    0.14789649844169617
                ],
                [
                    0.0,
                    0.0,
                    0.0,
                    1.0
                ]
            ]
        },
        {
            "file_path": "/data/shapenet_blender/all_50_random/02958343/8320c70894c3cdfdff1370452e3a0154/r_23",
            "rotation": 0.12566370614359174,
            "transform_matrix": [
                [
                    -0.29657506942749023,
                    -0.5948275923728943,
                    0.7471435070037842,
                    3.011831760406494
                ],
                [
                    0.9550095796585083,
                    -0.18472173810005188,
                    0.2320229560136795,
                    0.9353144764900208
                ],
                [
                    -1.4901161193847656e-08,
                    0.7823414206504822,
                    0.6228498816490173,
                    2.5107882022857666
                ],
                [
                    0.0,
                    0.0,
                    0.0,
                    1.0
                ]
            ]
        },
        {
            "file_path": "/data/shapenet_blender/all_50_random/02958343/8320c70894c3cdfdff1370452e3a0154/r_24",
            "rotation": 0.12566370614359174,
            "transform_matrix": [
                [
                    0.6797620058059692,
                    0.2569352090358734,
                    0.6869555115699768,
                    2.7692065238952637
                ],
                [
                    0.7334328293800354,
                    -0.23813334107398987,
                    -0.6366857886314392,
                    -2.5665626525878906
                ],
                [
                    0.0,
                    0.9366305470466614,
                    -0.35031867027282715,
                    -1.4121798276901245
                ],
                [
                    0.0,
                    0.0,
                    0.0,
                    1.0
                ]
            ]
        },
        {
            "file_path": "/data/shapenet_blender/all_50_random/02958343/8320c70894c3cdfdff1370452e3a0154/r_25",
            "rotation": 0.12566370614359174,
            "transform_matrix": [
                [
                    -0.5047914981842041,
                    0.8395986557006836,
                    -0.2006474882364273,
                    -0.8088359832763672
                ],
                [
                    -0.8632412552833557,
                    -0.49096620082855225,
                    0.11733121424913406,
                    0.47297728061676025
                ],
                [
                    -7.450580152834618e-09,
                    0.23243515193462372,
                    0.9726119041442871,
                    3.9207241535186768
                ],
                [
                    0.0,
                    0.0,
                    0.0,
                    1.0
                ]
            ]
        },
        {
            "file_path": "/data/shapenet_blender/all_50_random/02958343/8320c70894c3cdfdff1370452e3a0154/r_26",
            "rotation": 0.12566370614359174,
            "transform_matrix": [
                [
                    0.18334461748600006,
                    -0.31792140007019043,
                    -0.9302206635475159,
                    -3.7498397827148438
                ],
                [
                    -0.983048677444458,
                    -0.05929430201649666,
                    -0.17349188029766083,
                    -0.6993681788444519
                ],
                [
                    -3.725290298461914e-09,
                    0.9462610483169556,
                    -0.3234035074710846,
                    -1.3036813735961914
                ],
                [
                    0.0,
                    0.0,
                    0.0,
                    1.0
                ]
            ]
        },
        {
            "file_path": "/data/shapenet_blender/all_50_random/02958343/8320c70894c3cdfdff1370452e3a0154/r_27",
            "rotation": 0.12566370614359174,
            "transform_matrix": [
                [
                    -0.1843731850385666,
                    -0.11408912390470505,
                    0.976212203502655,
                    3.935237169265747
                ],
                [
                    0.9828563332557678,
                    -0.02140188217163086,
                    0.18312682211399078,
                    0.7382078170776367
                ],
                [
                    0.0,
                    0.9932399392127991,
                    0.11607915908098221,
                    0.46793004870414734
                ],
                [
                    0.0,
                    0.0,
                    0.0,
                    1.0
                ]
            ]
        },
        {
            "file_path": "/data/shapenet_blender/all_50_random/02958343/8320c70894c3cdfdff1370452e3a0154/r_28",
            "rotation": 0.12566370614359174,
            "transform_matrix": [
                [
                    -0.8733728528022766,
                    -0.3055250346660614,
                    0.37930774688720703,
                    1.529038429260254
                ],
                [
                    0.4870522618293762,
                    -0.5478616952896118,
                    0.6801674365997314,
                    2.741842746734619
                ],
                [
                    0.0,
                    0.7787824273109436,
                    0.62729412317276,
                    2.528703451156616
                ],
                [
                    0.0,
                    0.0,
                    0.0,
                    1.0
                ]
            ]
        },
        {
            "file_path": "/data/shapenet_blender/all_50_random/02958343/8320c70894c3cdfdff1370452e3a0154/r_29",
            "rotation": 0.12566370614359174,
            "transform_matrix": [
                [
                    0.5363894104957581,
                    -0.12923665344715118,
                    0.8340169191360474,
                    3.362030029296875
                ],
                [
                    0.8439705967903137,
                    0.08213695883750916,
                    -0.530063271522522,
                    -2.136753559112549
                ],
                [
                    -7.4505797087454084e-09,
                    0.988206148147583,
                    0.15312932431697845,
                    0.6172841191291809
                ],
                [
                    0.0,
                    0.0,
                    0.0,
                    1.0
                ]
            ]
        },
        {
            "file_path": "/data/shapenet_blender/all_50_random/02958343/8320c70894c3cdfdff1370452e3a0154/r_30",
            "rotation": 0.12566370614359174,
            "transform_matrix": [
                [
                    0.8388592004776001,
                    0.032758019864559174,
                    -0.5433619618415833,
                    -2.1903622150421143
                ],
                [
                    -0.5443485975265503,
                    0.050481196492910385,
                    -0.8373388051986694,
                    -3.375420570373535
                ],
                [
                    1.862645149230957e-09,
                    0.9981876611709595,
                    0.06017839163541794,
                    0.24258683621883392
                ],
                [
                    0.0,
                    0.0,
                    0.0,
                    1.0
                ]
            ]
        },
        {
            "file_path": "/data/shapenet_blender/all_50_random/02958343/8320c70894c3cdfdff1370452e3a0154/r_31",
            "rotation": 0.12566370614359174,
            "transform_matrix": [
                [
                    -0.34209486842155457,
                    -0.14623820781707764,
                    0.9282162189483643,
                    3.7417595386505127
                ],
                [
                    0.9396654367446899,
                    -0.053239524364471436,
                    0.3379266560077667,
                    1.3622260093688965
                ],
                [
                    0.0,
                    0.9878156781196594,
                    0.15562793612480164,
                    0.6273563504219055
                ],
                [
                    0.0,
                    0.0,
                    0.0,
                    1.0
                ]
            ]
        },
        {
            "file_path": "/data/shapenet_blender/all_50_random/02958343/8320c70894c3cdfdff1370452e3a0154/r_32",
            "rotation": 0.12566370614359174,
            "transform_matrix": [
                [
                    0.7845295667648315,
                    -0.10146375745534897,
                    -0.6117339134216309,
                    -2.4659783840179443
                ],
                [
                    -0.6200912594795227,
                    -0.12837031483650208,
                    -0.7739559412002563,
                    -3.1199162006378174
                ],
                [
                    0.0,
                    0.9865221977233887,
                    -0.16362713277339935,
                    -0.6596020460128784
                ],
                [
                    0.0,
                    0.0,
                    0.0,
                    1.0
                ]
            ]
        },
        {
            "file_path": "/data/shapenet_blender/all_50_random/02958343/8320c70894c3cdfdff1370452e3a0154/r_33",
            "rotation": 0.12566370614359174,
            "transform_matrix": [
                [
                    -0.05705321580171585,
                    -0.6036487221717834,
                    -0.7952063083648682,
                    -3.2055790424346924
                ],
                [
                    -0.9983710646629333,
                    0.03449629247188568,
                    0.0454431027173996,
                    0.18318700790405273
                ],
                [
                    -1.8626450382086546e-09,
                    0.7965036034584045,
                    -0.604633629322052,
                    -2.4373562335968018
                ],
                [
                    0.0,
                    0.0,
                    0.0,
                    1.0
                ]
            ]
        },
        {
            "file_path": "/data/shapenet_blender/all_50_random/02958343/8320c70894c3cdfdff1370452e3a0154/r_34",
            "rotation": 0.12566370614359174,
            "transform_matrix": [
                [
                    0.14574873447418213,
                    0.9190230369567871,
                    -0.3662704825401306,
                    -1.476483702659607
                ],
                [
                    -0.9893217086791992,
                    0.1353922039270401,
                    -0.05395966023206711,
                    -0.21751835942268372
                ],
                [
                    -3.725290742551124e-09,
                    0.3702238202095032,
                    0.9289424419403076,
                    3.744687080383301
                ],
                [
                    0.0,
                    0.0,
                    0.0,
                    1.0
                ]
            ]
        },
        {
            "file_path": "/data/shapenet_blender/all_50_random/02958343/8320c70894c3cdfdff1370452e3a0154/r_35",
            "rotation": 0.12566370614359174,
            "transform_matrix": [
                [
                    0.6716606616973877,
                    0.13698647916316986,
                    -0.7280842065811157,
                    -2.9350013732910156
                ],
                [
                    -0.7408589124679565,
                    0.12419157475233078,
                    -0.6600791811943054,
                    -2.6608643531799316
                ],
                [
                    0.0,
                    0.9827567934989929,
                    0.18490228056907654,
                    0.7453649044036865
                ],
                [
                    0.0,
                    0.0,
                    0.0,
                    1.0
                ]
            ]
        },
        {
            "file_path": "/data/shapenet_blender/all_50_random/02958343/8320c70894c3cdfdff1370452e3a0154/r_36",
            "rotation": 0.12566370614359174,
            "transform_matrix": [
                [
                    -0.5898503661155701,
                    0.4163484573364258,
                    -0.6919035315513611,
                    -2.7891523838043213
                ],
                [
                    -0.8075125813484192,
                    -0.3041231632232666,
                    0.5054033398628235,
                    2.037346124649048
                ],
                [
                    1.4901161193847656e-08,
                    0.8568331599235535,
                    0.5155937671661377,
                    2.0784249305725098
                ],
                [
                    0.0,
                    0.0,
                    0.0,
                    1.0
                ]
            ]
        },
        {
            "file_path": "/data/shapenet_blender/all_50_random/02958343/8320c70894c3cdfdff1370452e3a0154/r_37",
            "rotation": 0.12566370614359174,
            "transform_matrix": [
                [
                    -0.28616899251937866,
                    0.07513093948364258,
                    0.9552291631698608,
                    3.850651502609253
                ],
                [
                    0.9581791758537292,
                    0.022438544780015945,
                    0.2852879762649536,
                    1.1500325202941895
                ],
                [
                    0.0,
                    0.996921181678772,
                    -0.07841011136770248,
                    -0.3160812258720398
                ],
                [
                    0.0,
                    0.0,
                    0.0,
                    1.0
                ]
            ]
        },
        {
            "file_path": "/data/shapenet_blender/all_50_random/02958343/8320c70894c3cdfdff1370452e3a0154/r_38",
            "rotation": 0.12566370614359174,
            "transform_matrix": [
                [
                    -0.7636033892631531,
                    -0.5437683463096619,
                    0.3481750190258026,
                    1.4035383462905884
                ],
                [
                    0.6456855535507202,
                    -0.6430736184120178,
                    0.41176024079322815,
                    1.6598585844039917
                ],
                [
                    -1.4901160305669237e-08,
                    0.5392332077026367,
                    0.8421565294265747,
                    3.3948416709899902
                ],
                [
                    0.0,
                    0.0,
                    0.0,
                    1.0
                ]
            ]
        },
        {
            "file_path": "/data/shapenet_blender/all_50_random/02958343/8320c70894c3cdfdff1370452e3a0154/r_39",
            "rotation": 0.12566370614359174,
            "transform_matrix": [
                [
                    -0.8789626955986023,
                    0.39222657680511475,
                    0.271261602640152,
                    1.0934906005859375
                ],
                [
                    0.47689056396484375,
                    0.7229175567626953,
                    0.4999655485153198,
                    2.015425682067871
                ],
                [
                    0.0,
                    0.5688130855560303,
                    -0.8224666714668274,
                    -3.31546950340271
                ],
                [
                    0.0,
                    0.0,
                    0.0,
                    1.0
                ]
            ]
        },
        {
            "file_path": "/data/shapenet_blender/all_50_random/02958343/8320c70894c3cdfdff1370452e3a0154/r_40",
            "rotation": 0.12566370614359174,
            "transform_matrix": [
                [
                    0.9954478144645691,
                    0.0441901832818985,
                    0.08444425463676453,
                    0.34040567278862
                ],
                [
                    0.09530794620513916,
                    -0.4615462124347687,
                    -0.8819815516471863,
                    -3.5553812980651855
                ],
                [
                    0.0,
                    0.8860148191452026,
                    -0.46365687251091003,
                    -1.8690606355667114
                ],
                [
                    0.0,
                    0.0,
                    0.0,
                    1.0
                ]
            ]
        },
        {
            "file_path": "/data/shapenet_blender/all_50_random/02958343/8320c70894c3cdfdff1370452e3a0154/r_41",
            "rotation": 0.12566370614359174,
            "transform_matrix": [
                [
                    -0.15972821414470673,
                    -0.1628829836845398,
                    -0.9736303687095642,
                    -3.9248292446136475
                ],
                [
                    -0.9871610999107361,
                    0.026355383917689323,
                    0.15753886103630066,
                    0.6350594162940979
                ],
                [
                    0.0,
