{
    "class": "02958343",
    "model": "6aef84dbaa69dfd8becf71e2e014ff6f",
    "remove_doubles": true,
    "edge_split": true,
    "denoise": true,
    "camera_angle_x": 0.6911112070083618,
    "scale_factor": 2.3663598985794336,
    "hdri_file": "/data/IndoorHDRDataset2018/9C4A7433-b9108311d4.exr",
    "center_offset": [
        0.0,
        -3.3760443329811096e-09,
        0.0
    ],
    "lights": [],
    "frames": [
        {
            "file_path": "/data/shapenet_blender/all_50_random/02958343/6aef84dbaa69dfd8becf71e2e014ff6f/r_0",
            "rotation": 0.12566370614359174,
            "transform_matrix": [
                [
                    0.8935778141021729,
                    0.34742674231529236,
                    0.2842768728733063,
                    1.1459567546844482
                ],
                [
                    0.44890838861465454,
                    -0.6915728449821472,
                    -0.5658693909645081,
                    -2.281092405319214
                ],
                [
                    1.4901162970204496e-08,
                    0.633262574672699,
                    -0.7739369869232178,
                    -3.119839668273926
                ],
                [
                    0.0,
                    0.0,
                    0.0,
                    1.0
                ]
            ]
        },
        {
            "file_path": "/data/shapenet_blender/all_50_random/02958343/6aef84dbaa69dfd8becf71e2e014ff6f/r_1",
            "rotation": 0.12566370614359174,
            "transform_matrix": [
                [
                    -0.30081042647361755,
                    0.44925469160079956,
                    0.8412390947341919,
                    3.391143321990967
                ],
                [
                    0.9536840319633484,
                    0.14170363545417786,
                    0.2653431296348572,
                    1.0696324110031128
                ],
                [
                    0.0,
                    0.882094144821167,
                    -0.4710729718208313,
                    -1.8989559412002563
                ],
                [
                    0.0,
                    0.0,
                    0.0,
                    1.0
                ]
            ]
        },
        {
            "file_path": "/data/shapenet_blender/all_50_random/02958343/6aef84dbaa69dfd8becf71e2e014ff6f/r_2",
            "rotation": 0.12566370614359174,
            "transform_matrix": [
                [
                    -0.9870243072509766,
                    0.052686870098114014,
                    -0.15168055891990662,
                    -0.611443817615509
                ],
                [
                    -0.16057051718235016,
                    -0.3238653242588043,
                    0.9323778748512268,
                    3.7585349082946777
                ],
                [
                    0.0,
                    0.9446349740028381,
                    0.32812294363975525,
                    1.3227057456970215
                ],
                [
                    0.0,
                    0.0,
                    0.0,
                    1.0
                ]
            ]
        },
        {
            "file_path": "/data/shapenet_blender/all_50_random/02958343/6aef84dbaa69dfd8becf71e2e014ff6f/r_3",
            "rotation": 0.12566370614359174,
            "transform_matrix": [
                [
                    0.6717896461486816,
                    0.08674520999193192,
                    -0.7356452941894531,
                    -2.9654810428619385
                ],
                [
                    -0.7407419681549072,
                    0.07867047935724258,
                    -0.6671673655509949,
                    -2.6894376277923584
                ],
                [
                    -3.725290298461914e-09,
                    0.9931194186210632,
                    0.11710583418607712,
                    0.472068727016449
                ],
                [
                    0.0,
                    0.0,
                    0.0,
                    1.0
                ]
            ]
        },
        {
            "file_path": "/data/shapenet_blender/all_50_random/02958343/6aef84dbaa69dfd8becf71e2e014ff6f/r_4",
            "rotation": 0.12566370614359174,
            "transform_matrix": [
                [
                    -0.5880299210548401,
                    0.3916315734386444,
                    -0.7077043652534485,
                    -2.8528475761413574
                ],
                [
                    -0.8088392019271851,
                    -0.28471803665161133,
                    0.5145044326782227,
                    2.074033737182617
                ],
                [
                    -1.4901162970204496e-08,
                    0.8749629855155945,
                    0.4841896891593933,
                    1.9518311023712158
                ],
                [
                    0.0,
                    0.0,
                    0.0,
                    1.0
                ]
            ]
        },
        {
            "file_path": "/data/shapenet_blender/all_50_random/02958343/6aef84dbaa69dfd8becf71e2e014ff6f/r_5",
            "rotation": 0.12566370614359174,
            "transform_matrix": [
                [
                    0.8439851999282837,
                    0.380415141582489,
                    -0.37811827659606934,
                    -1.5242435932159424
                ],
                [
                    -0.5363666415214539,
                    0.5985918641090393,
                    -0.5949777364730835,
                    -2.3984322547912598
                ],
                [
                    -1.4901162970204496e-08,
                    0.7049623727798462,
                    0.7092445492744446,
                    2.8590564727783203
                ],
                [
                    0.0,
                    0.0,
                    0.0,
                    1.0
                ]
            ]
        },
        {
            "file_path": "/data/shapenet_blender/all_50_random/02958343/6aef84dbaa69dfd8becf71e2e014ff6f/r_6",
            "rotation": 0.12566370614359174,
            "transform_matrix": [
                [
                    0.9838070273399353,
                    0.04303411394357681,
                    -0.17398807406425476,
                    -0.7013683319091797
                ],
                [
                    -0.17923110723495483,
                    0.23621605336666107,
                    -0.9550278186798096,
                    -3.8498401641845703
                ],
                [
                    0.0,
                    0.9707470536231995,
                    0.2401040941476822,
                    0.9678905010223389
                ],
                [
                    0.0,
                    0.0,
                    0.0,
                    1.0
                ]
            ]
        },
        {
            "file_path": "/data/shapenet_blender/all_50_random/02958343/6aef84dbaa69dfd8becf71e2e014ff6f/r_7",
            "rotation": 0.12566370614359174,
            "transform_matrix": [
                [
                    -0.049390166997909546,
                    -0.2660219669342041,
                    0.9627007842063904,
                    3.8807711601257324
                ],
                [
                    0.9987796545028687,
                    -0.013154922053217888,
                    0.04760604724287987,
                    0.1919061243534088
                ],
                [
                    -9.31322685637781e-10,
                    0.9638772010803223,
                    0.2663469910621643,
                    1.0736792087554932
                ],
                [
                    0.0,
                    0.0,
                    0.0,
                    1.0
                ]
            ]
        },
        {
            "file_path": "/data/shapenet_blender/all_50_random/02958343/6aef84dbaa69dfd8becf71e2e014ff6f/r_8",
            "rotation": 0.12566370614359174,
            "transform_matrix": [
                [
                    -0.007581131067126989,
                    0.5469408631324768,
                    -0.8371369242668152,
                    -3.3746068477630615
                ],
                [
                    -0.9999712705612183,
                    -0.0041465493850409985,
                    0.00634662713855505,
                    0.02558407187461853
                ],
                [
                    2.3283064365386963e-10,
                    0.8371608853340149,
                    0.5469565987586975,
                    2.20485258102417
                ],
                [
                    0.0,
                    0.0,
                    0.0,
                    1.0
                ]
            ]
        },
        {
            "file_path": "/data/shapenet_blender/all_50_random/02958343/6aef84dbaa69dfd8becf71e2e014ff6f/r_9",
            "rotation": 0.12566370614359174,
            "transform_matrix": [
                [
                    0.9999957084655762,
                    0.0005166472401469946,
                    0.002876404905691743,
                    0.011595159769058228
                ],
                [
                    0.002922435523942113,
                    -0.17678578197956085,
                    -0.9842449426651001,
                    -3.967618465423584
                ],
                [
                    5.820766091346741e-11,
                    0.9842491149902344,
                    -0.17678652703762054,
                    -0.7126493453979492
                ],
                [
                    0.0,
                    0.0,
                    0.0,
                    1.0
                ]
            ]
        },
        {
            "file_path": "/data/shapenet_blender/all_50_random/02958343/6aef84dbaa69dfd8becf71e2e014ff6f/r_10",
            "rotation": 0.12566370614359174,
            "transform_matrix": [
                [
                    0.8968667387962341,
                    0.4419719874858856,
                    0.017047466710209846,
                    0.06872053444385529
                ],
                [
                    0.44230058789253235,
                    -0.89620041847229,
                    -0.03456768020987511,
                    -0.13934677839279175
                ],
                [
                    0.0,
                    0.03854234144091606,
                    -0.99925696849823,
                    -4.028133392333984
                ],
                [
                    0.0,
                    0.0,
                    0.0,
                    1.0
                ]
            ]
        },
        {
            "file_path": "/data/shapenet_blender/all_50_random/02958343/6aef84dbaa69dfd8becf71e2e014ff6f/r_11",
            "rotation": 0.12566370614359174,
            "transform_matrix": [
                [
                    0.9351068735122681,
                    0.18524117767810822,
                    -0.302094042301178,
                    -1.2177801132202148
                ],
                [
                    -0.3543657958507538,
                    0.4888177514076233,
                    -0.7971711754798889,
                    -3.2135000228881836
                ],
                [
                    0.0,
                    0.8524919748306274,
                    0.5227400064468384,
                    2.1072325706481934
                ],
                [
                    0.0,
                    0.0,
                    0.0,
                    1.0
                ]
            ]
        },
        {
            "file_path": "/data/shapenet_blender/all_50_random/02958343/6aef84dbaa69dfd8becf71e2e014ff6f/r_12",
            "rotation": 0.12566370614359174,
            "transform_matrix": [
                [
                    -0.07358426600694656,
                    0.16185925900936127,
                    -0.9840664863586426,
                    -3.9668989181518555
                ],
                [
                    -0.9972890615463257,
                    -0.011942670680582523,
                    0.07260864973068237,
                    0.2926948368549347
                ],
                [
                    0.0,
                    0.9867416024208069,
                    0.162299245595932,
                    0.6542491912841797
                ],
                [
                    0.0,
                    0.0,
                    0.0,
                    1.0
                ]
            ]
        },
        {
            "file_path": "/data/shapenet_blender/all_50_random/02958343/6aef84dbaa69dfd8becf71e2e014ff6f/r_13",
            "rotation": 0.12566370614359174,
            "transform_matrix": [
                [
                    0.9439033269882202,
                    -0.00454082153737545,
                    0.3301909267902374,
                    1.3310422897338867
                ],
                [
                    0.3302222192287445,
                    0.012979431077837944,
                    -0.9438139200210571,
                    -3.804635763168335
                ],
                [
                    4.656613428188905e-10,
                    0.9999054074287415,
                    0.013750806450843811,
                    0.05543127655982971
                ],
                [
                    0.0,
                    0.0,
                    0.0,
                    1.0
                ]
            ]
        },
        {
            "file_path": "/data/shapenet_blender/all_50_random/02958343/6aef84dbaa69dfd8becf71e2e014ff6f/r_14",
            "rotation": 0.12566370614359174,
            "transform_matrix": [
                [
                    0.4943966865539551,
                    -0.051453523337841034,
                    0.8677121996879578,
                    3.4978597164154053
                ],
                [
                    0.869236409664154,
                    0.029265284538269043,
                    -0.4935297667980194,
                    -1.9894821643829346
                ],
                [
                    1.862645149230957e-09,
                    0.9982463717460632,
                    0.059193942695856094,
                    0.2386184185743332
                ],
                [
                    0.0,
                    0.0,
                    0.0,
                    1.0
                ]
            ]
        },
        {
            "file_path": "/data/shapenet_blender/all_50_random/02958343/6aef84dbaa69dfd8becf71e2e014ff6f/r_15",
            "rotation": 0.12566370614359174,
            "transform_matrix": [
                [
                    -0.9992596507072449,
                    0.026618873700499535,
                    -0.027774706482887268,
                    -0.1119634211063385
                ],
                [
                    -0.03847074881196022,
                    -0.6914127469062805,
                    0.7214349508285522,
                    2.9081974029541016
                ],
                [
                    0.0,
                    0.7219694256782532,
                    0.6919249892234802,
                    2.789238929748535
                ],
                [
                    0.0,
                    0.0,
                    0.0,
                    1.0
                ]
            ]
        },
        {
            "file_path": "/data/shapenet_blender/all_50_random/02958343/6aef84dbaa69dfd8becf71e2e014ff6f/r_16",
            "rotation": 0.12566370614359174,
            "transform_matrix": [
                [
                    0.7478055357933044,
                    0.42594113945961,
                    -0.509274959564209,
                    -2.0529532432556152
                ],
                [
                    -0.6639178395271301,
                    0.4797598421573639,
                    -0.5736231207847595,
                    -2.3123490810394287
                ],
                [
                    0.0,
                    0.7670753598213196,
                    0.641556978225708,
                    2.5861990451812744
                ],
                [
                    0.0,
                    0.0,
                    0.0,
                    1.0
                ]
            ]
        },
        {
            "file_path": "/data/shapenet_blender/all_50_random/02958343/6aef84dbaa69dfd8becf71e2e014ff6f/r_17",
            "rotation": 0.12566370614359174,
            "transform_matrix": [
                [
                    -0.7605301737785339,
                    -0.1490977555513382,
                    0.6319522857666016,
                    2.547481060028076
                ],
                [
                    0.64930260181427,
                    -0.17463867366313934,
                    0.7402077317237854,
                    2.983872890472412
                ],
                [
                    0.0,
                    0.9732785820960999,
                    0.22962753474712372,
                    0.9256582260131836
                ],
                [
                    0.0,
                    0.0,
                    0.0,
                    1.0
                ]
            ]
        },
        {
            "file_path": "/data/shapenet_blender/all_50_random/02958343/6aef84dbaa69dfd8becf71e2e014ff6f/r_18",
            "rotation": 0.12566370614359174,
            "transform_matrix": [
                [
                    0.4843796193599701,
                    -0.67988121509552,
                    0.5505796074867249,
                    2.2194573879241943
                ],
                [
                    0.8748579621315002,
                    0.3764275014400482,
                    -0.30483752489089966,
                    -1.22883939743042
                ],
                [
                    0.0,
                    0.6293359398841858,
                    0.7771332859992981,
                    3.1327245235443115
                ],
                [
                    0.0,
                    0.0,
                    0.0,
                    1.0
                ]
            ]
        },
        {
            "file_path": "/data/shapenet_blender/all_50_random/02958343/6aef84dbaa69dfd8becf71e2e014ff6f/r_19",
            "rotation": 0.12566370614359174,
            "transform_matrix": [
                [
                    0.248067706823349,
                    0.5625547170639038,
                    -0.7886662483215332,
                    -3.179215669631958
                ],
                [
                    -0.9687426686286926,
                    0.14405441284179688,
                    -0.20195521414279938,
                    -0.8141075968742371
                ],
                [
                    -7.450580152834618e-09,
                    0.8141132593154907,
                    0.5807059407234192,
                    2.3409006595611572
                ],
                [
                    0.0,
                    0.0,
                    0.0,
                    1.0
                ]
            ]
        },
        {
            "file_path": "/data/shapenet_blender/all_50_random/02958343/6aef84dbaa69dfd8becf71e2e014ff6f/r_20",
            "rotation": 0.12566370614359174,
            "transform_matrix": [
                [
                    -0.7611841559410095,
                    -0.2783384919166565,
                    0.5857699513435364,
                    2.361314296722412
                ],
                [
                    0.6485359072685242,
                    -0.3266848027706146,
                    0.6875159740447998,
                    2.771465539932251
                ],
                [
                    -1.4901162970204496e-08,
                    0.9032190442085266,
                    0.4291798174381256,
                    1.730079174041748
                ],
                [
                    0.0,
                    0.0,
                    0.0,
                    1.0
                ]
            ]
        },
        {
            "file_path": "/data/shapenet_blender/all_50_random/02958343/6aef84dbaa69dfd8becf71e2e014ff6f/r_21",
            "rotation": 0.12566370614359174,
            "transform_matrix": [
                [
                    0.9950848817825317,
                    0.024802248924970627,
                    -0.09586956351995468,
                    -0.38646256923675537
                ],
                [
                    -0.09902588278055191,
                    0.2492312341928482,
                    -0.9633678793907166,
                    -3.88346004486084
                ],
                [
                    0.0,
                    0.9681262373924255,
                    0.2504623532295227,
                    1.0096460580825806
                ],
                [
                    0.0,
                    0.0,
                    0.0,
                    1.0
                ]
            ]
        },
        {
            "file_path": "/data/shapenet_blender/all_50_random/02958343/6aef84dbaa69dfd8becf71e2e014ff6f/r_22",
            "rotation": 0.12566370614359174,
            "transform_matrix": [
                [
                    0.39971038699150085,
                    0.04847244545817375,
                    0.9153589606285095,
                    3.6899302005767822
                ],
                [
                    0.9166415929794312,
                    -0.021136874333024025,
                    -0.3991510570049286,
                    -1.6090295314788818
                ],
                [
                    -1.862645371275562e-09,
                    0.9986007213592529,
                    -0.05288048833608627,
                    -0.21316808462142944
                ],
                [
                    0.0,
                    0.0,
                    0.0,
                    1.0
                ]
            ]
        },
        {
            "file_path": "/data/shapenet_blender/all_50_random/02958343/6aef84dbaa69dfd8becf71e2e014ff6f/r_23",
            "rotation": 0.12566370614359174,
            "transform_matrix": [
                [
                    0.18251904845237732,
                    0.6638296842575073,
                    -0.7252702116966248,
                    -2.9236578941345215
                ],
                [
                    -0.983202338218689,
                    0.12323157489299774,
                    -0.13463722169399261,
                    -0.5427400469779968
                ],
                [
                    0.0,
                    0.7376611828804016,
                    0.6751709580421448,
                    2.7217013835906982
                ],
                [
                    0.0,
                    0.0,
                    0.0,
                    1.0
                ]
            ]
        },
        {
            "file_path": "/data/shapenet_blender/all_50_random/02958343/6aef84dbaa69dfd8becf71e2e014ff6f/r_24",
            "rotation": 0.12566370614359174,
            "transform_matrix": [
                [
                    -0.6397218108177185,
                    -0.6425769925117493,
                    -0.42172354459762573,
                    -1.7000219821929932
                ],
                [
                    -0.7686066031455994,
                    0.5348256230354309,
                    0.35100626945495605,
                    1.4149515628814697
                ],
                [
                    0.0,
                    0.5486857295036316,
                    -0.8360286355018616,
                    -3.3701391220092773
                ],
                [
                    0.0,
                    0.0,
                    0.0,
                    1.0
                ]
            ]
        },
        {
            "file_path": "/data/shapenet_blender/all_50_random/02958343/6aef84dbaa69dfd8becf71e2e014ff6f/r_25",
            "rotation": 0.12566370614359174,
            "transform_matrix": [
                [
                    0.8865529298782349,
                    -0.03679908066987991,
                    -0.461161345243454,
                    -1.8590009212493896
                ],
                [
                    -0.46262726187705994,
                    -0.07051969319581985,
                    -0.8837437033653259,
                    -3.5624849796295166
                ],
                [
                    0.0,
                    0.9968313574790955,
                    -0.07954369485378265,
                    -0.32065093517303467
                ],
                [
                    0.0,
                    0.0,
                    0.0,
                    1.0
                ]
            ]
        },
        {
            "file_path": "/data/shapenet_blender/all_50_random/02958343/6aef84dbaa69dfd8becf71e2e014ff6f/r_26",
            "rotation": 0.12566370614359174,
            "transform_matrix": [
                [
                    -0.8110374808311462,
                    0.5053367614746094,
                    0.2947081923484802,
                    1.18800687789917
                ],
                [
                    0.5849941968917847,
                    0.7006002068519592,
                    0.4085841774940491,
                    1.6470556259155273
                ],
                [
                    -1.4901161193847656e-08,
                    0.5037797093391418,
                    -0.8638320565223694,
                    -3.4822187423706055
                ],
                [
                    0.0,
                    0.0,
                    0.0,
                    1.0
                ]
            ]
        },
        {
            "file_path": "/data/shapenet_blender/all_50_random/02958343/6aef84dbaa69dfd8becf71e2e014ff6f/r_27",
            "rotation": 0.12566370614359174,
            "transform_matrix": [
                [
                    -0.6402674913406372,
                    -0.318676233291626,
                    -0.6989297866821289,
                    -2.817476272583008
                ],
                [
                    -0.7681519389152527,
                    0.26562198996543884,
                    0.5825696587562561,
                    2.3484137058258057
                ],
                [
                    1.4901160305669237e-08,
                    0.9098848104476929,
                    -0.41486090421676636,
                    -1.6723579168319702
                ],
                [
                    0.0,
                    0.0,
                    0.0,
                    1.0
                ]
            ]
        },
        {
            "file_path": "/data/shapenet_blender/all_50_random/02958343/6aef84dbaa69dfd8becf71e2e014ff6f/r_28",
            "rotation": 0.12566370614359174,
            "transform_matrix": [
                [
                    0.93577641248703,
                    0.24437327682971954,
                    -0.25417360663414,
                    -1.0246065855026245
                ],
                [
                    -0.3525939881801605,
                    0.6485611200332642,
                    -0.6745709776878357,
                    -2.719282627105713
                ],
                [
                    0.0,
                    0.7208677530288696,
                    0.6930726766586304,
                    2.793865442276001
                ],
                [
                    0.0,
                    0.0,
                    0.0,
                    1.0
                ]
            ]
        },
        {
            "file_path": "/data/shapenet_blender/all_50_random/02958343/6aef84dbaa69dfd8becf71e2e014ff6f/r_29",
            "rotation": 0.12566370614359174,
            "transform_matrix": [
                [
                    0.9999975562095642,
                    -0.0014631146332249045,
                    -0.001604871591553092,
                    -0.006469443440437317
                ],
                [
                    -0.0021717080380767584,
                    -0.6737143993377686,
                    -0.7389886379241943,
                    -2.9789581298828125
                ],
                [
                    0.0,
                    0.7389902472496033,
                    -0.6737160682678223,
                    -2.7158360481262207
                ],
                [
                    0.0,
                    0.0,
                    0.0,
                    1.0
                ]
            ]
        },
        {
            "file_path": "/data/shapenet_blender/all_50_random/02958343/6aef84dbaa69dfd8becf71e2e014ff6f/r_30",
            "rotation": 0.12566370614359174,
            "transform_matrix": [
                [
                    -0.03704586997628212,
                    -0.8477901816368103,
                    0.5290361046791077,
                    2.132612943649292
                ],
                [
                    0.9993135929107666,
                    -0.03142869472503662,
                    0.019612064585089684,
                    0.07905876636505127
                ],
                [
                    0.0,
                    0.5293993949890137,
                    0.8483725786209106,
                    3.4198994636535645
                ],
                [
                    0.0,
                    0.0,
                    0.0,
                    1.0
                ]
            ]
        },
        {
            "file_path": "/data/shapenet_blender/all_50_random/02958343/6aef84dbaa69dfd8becf71e2e014ff6f/r_31",
            "rotation": 0.12566370614359174,
            "transform_matrix": [
                [
                    -0.5141906142234802,
                    -0.032109398394823074,
                    -0.8570745587348938,
                    -3.4549784660339355
                ],
                [
                    -0.8576759099960327,
                    0.019250106066465378,
                    0.5138301253318787,
                    2.0713157653808594
                ],
                [
                    0.0,
                    0.9992989301681519,
                    -0.03743768110871315,
                    -0.15091612935066223
                ],
                [
                    0.0,
                    0.0,
                    0.0,
                    1.0
                ]
            ]
        },
        {
            "file_path": "/data/shapenet_blender/all_50_random/02958343/6aef84dbaa69dfd8becf71e2e014ff6f/r_32",
            "rotation": 0.12566370614359174,
            "transform_matrix": [
                [
                    -0.9969913363456726,
                    0.0006466582417488098,
                    0.07751061022281647,
                    0.31245526671409607
                ],
                [
                    0.07751330733299255,
                    0.00831744447350502,
                    0.9969566464424133,
                    4.018860816955566
                ],
                [
                    5.820766091346741e-11,
                    0.9999651312828064,
                    -0.008342545479536057,
                    -0.033629875630140305
                ],
                [
                    0.0,
                    0.0,
                    0.0,
                    1.0
                ]
            ]
        },
        {
            "file_path": "/data/shapenet_blender/all_50_random/02958343/6aef84dbaa69dfd8becf71e2e014ff6f/r_33",
            "rotation": 0.12566370614359174,
            "transform_matrix": [
                [
                    0.39421215653419495,
                    -0.578127920627594,
                    -0.714398205280304,
                    -2.879831552505493
                ],
                [
                    -0.9190194010734558,
                    -0.24798722565174103,
                    -0.30644017457962036,
                    -1.2352999448776245
                ],
                [
                    -1.4901160305669237e-08,
                    0.7773483395576477,
                    -0.6290702819824219,
                    -2.5358636379241943
                ],
                [
                    0.0,
                    0.0,
                    0.0,
                    1.0
                ]
            ]
        },
        {
            "file_path": "/data/shapenet_blender/all_50_random/02958343/6aef84dbaa69dfd8becf71e2e014ff6f/r_34",
            "rotation": 0.12566370614359174,
            "transform_matrix": [
                [
                    0.8945489525794983,
                    -0.1638653725385666,
                    -0.41584911942481995,
                    -1.6763414144515991
                ],
                [
                    -0.44697028398513794,
                    -0.3279537856578827,
                    -0.8322643041610718,
                    -3.3549647331237793
                ],
                [
                    1.4901164746561335e-08,
                    0.9303731918334961,
                    -0.36661362648010254,
                    -1.477866768836975
                ],
                [
                    0.0,
                    0.0,
                    0.0,
                    1.0
                ]
            ]
        },
        {
            "file_path": "/data/shapenet_blender/all_50_random/02958343/6aef84dbaa69dfd8becf71e2e014ff6f/r_35",
            "rotation": 0.12566370614359174,
            "transform_matrix": [
                [
                    0.9120669960975647,
                    -0.3920688033103943,
                    0.1200660690665245,
                    0.4840018153190613
                ],
                [
                    0.4100412130355835,
                    0.8720903992652893,
                    -0.2670665383338928,
                    -1.0765796899795532
                ],
                [
                    -7.450580596923828e-09,
                    0.29281455278396606,
                    0.9561691880226135,
                    3.8544414043426514
                ],
                [
                    0.0,
                    0.0,
                    0.0,
                    1.0
                ]
            ]
        },
        {
            "file_path": "/data/shapenet_blender/all_50_random/02958343/6aef84dbaa69dfd8becf71e2e014ff6f/r_36",
            "rotation": 0.12566370614359174,
            "transform_matrix": [
                [
                    -0.8910031914710999,
                    -0.15659745037555695,
                    -0.4261344373226166,
                    -1.7178027629852295
                ],
                [
                    -0.45399707555770874,
                    0.30733421444892883,
                    0.836320698261261,
                    3.371316432952881
                ],
                [
                    0.0,
                    0.9386281967163086,
                    -0.3449305295944214,
                    -1.390459418296814
                ],
                [
                    0.0,
                    0.0,
                    0.0,
                    1.0
                ]
            ]
        },
        {
            "file_path": "/data/shapenet_blender/all_50_random/02958343/6aef84dbaa69dfd8becf71e2e014ff6f/r_37",
            "rotation": 0.12566370614359174,
            "transform_matrix": [
                [
                    0.9758663177490234,
                    0.007211712189018726,
                    0.2182500958442688,
                    0.8797943592071533
                ],
                [
                    0.2183692455291748,
                    -0.03222828730940819,
                    -0.9753338098526001,
                    -3.931696653366089
                ],
                [
                    4.656613428188905e-10,
                    0.9994544386863708,
                    -0.033025309443473816,
                    -0.1331292986869812
                ],
                [
                    0.0,
                    0.0,
                    0.0,
                    1.0
                ]
            ]
        },
        {
            "file_path": "/data/shapenet_blender/all_50_random/02958343/6aef84dbaa69dfd8becf71e2e014ff6f/r_38",
            "rotation": 0.12566370614359174,
            "transform_matrix": [
                [
                    0.9087518453598022,
                    0.386369526386261,
                    0.1577615886926651,
                    0.6359573006629944
                ],
                [
                    0.417337030172348,
                    -0.8413200974464417,
                    -0.34352603554725647,
                    -1.3847976922988892
                ],
                [
                    1.4901162970204496e-08,
                    0.3780196011066437,
                    -0.9257975816726685,
                    -3.7320094108581543
                ],
                [
                    0.0,
                    0.0,
                    0.0,
                    1.0
                ]
            ]
        },
        {
            "file_path": "/data/shapenet_blender/all_50_random/02958343/6aef84dbaa69dfd8becf71e2e014ff6f/r_39",
            "rotation": 0.12566370614359174,
            "transform_matrix": [
                [
                    -0.8376802802085876,
                    -0.28064385056495667,
                    -0.4685409665107727,
                    -1.888749122619629
                ],
                [
                    -0.5461607575416565,
                    0.4304406940937042,
                    0.7186300754547119,
                    2.896890640258789
                ],
                [
                    -1.4901160305669237e-08,
                    0.8578810095787048,
                    -0.5138483047485352,
                    -2.0713889598846436
                ],
                [
                    0.0,
                    0.0,
                    0.0,
                    1.0
                ]
            ]
        },
        {
            "file_path": "/data/shapenet_blender/all_50_random/02958343/6aef84dbaa69dfd8becf71e2e014ff6f/r_40",
            "rotation": 0.12566370614359174,
            "transform_matrix": [
                [
                    -0.07717473059892654,
                    0.014710390008985996,
                    0.9969088435173035,
                    4.0186686515808105
                ],
                [
                    0.9970176219940186,
                    0.0011386661790311337,
                    0.07716631144285202,
                    0.3110673725605011
                ],
                [
                    1.1641533570472262e-10,
                    0.9998911619186401,
                    -0.01475438941270113,
                    -0.05947685241699219
                ],
                [
                    0.0,
                    0.0,
                    0.0,
                    1.0
                ]
            ]
        },
        {
            "file_path": "/data/shapenet_blender/all_50_random/02958343/6aef84dbaa69dfd8becf71e2e014ff6f/r_41",
            "rotation": 0.12566370614359174,
            "transform_matrix": [
                [
                    0.35796302556991577,
                    -0.3144686222076416,
                    -0.879188060760498,
                    -3.544121026992798
                ],
                [
                    -0.9337357878684998,
                    -0.12055674940347672,
                    -0.33705127239227295,
