{
    "class": "02958343",
    "model": "53328de5c7e18b752350d856e276adb8",
    "remove_doubles": true,
    "edge_split": true,
    "denoise": true,
    "camera_angle_x": 0.6911112070083618,
    "scale_factor": 2.2659576292853525,
    "hdri_file": "/data/IndoorHDRDataset2018/9C4A1356-bd5d599ea9.exr",
    "center_offset": [
        0.0,
        0.0,
        -4.656612873077393e-10
    ],
    "lights": [],
    "frames": [
        {
            "file_path": "/data/shapenet_blender/all_50_random/02958343/53328de5c7e18b752350d856e276adb8/r_0",
            "rotation": 0.12566370614359174,
            "transform_matrix": [
                [
                    -0.9246557950973511,
                    -0.06984476745128632,
                    0.3743440508842468,
                    1.5090291500091553
                ],
                [
                    0.3808041512966156,
                    -0.16959472000598907,
                    0.9089696407318115,
                    3.6641738414764404
                ],
                [
                    0.0,
                    0.983035683631897,
                    0.18341390788555145,
                    0.7393651008605957
                ],
                [
                    0.0,
                    0.0,
                    0.0,
                    1.0
                ]
            ]
        },
        {
            "file_path": "/data/shapenet_blender/all_50_random/02958343/53328de5c7e18b752350d856e276adb8/r_1",
            "rotation": 0.12566370614359174,
            "transform_matrix": [
                [
                    0.2872958481311798,
                    -0.5972312092781067,
                    -0.748849630355835,
                    -3.018709659576416
                ],
                [
                    -0.9578419923782349,
                    -0.17913398146629333,
                    -0.22461052238941193,
                    -0.9054340124130249
                ],
                [
                    0.0,
                    0.7818092107772827,
                    -0.6235175728797913,
                    -2.5134799480438232
                ],
                [
                    0.0,
                    0.0,
                    0.0,
                    1.0
                ]
            ]
        },
        {
            "file_path": "/data/shapenet_blender/all_50_random/02958343/53328de5c7e18b752350d856e276adb8/r_2",
            "rotation": 0.12566370614359174,
            "transform_matrix": [
                [
                    -0.8950138688087463,
                    0.1392737478017807,
                    -0.4237368404865265,
                    -1.7081379890441895
                ],
                [
                    -0.44603821635246277,
                    -0.2794647216796875,
                    0.8502642512321472,
                    3.427525043487549
                ],
                [
                    -7.4505797087454084e-09,
                    0.9500012993812561,
                    0.312246173620224,
                    1.258704662322998
                ],
                [
                    0.0,
                    0.0,
                    0.0,
                    1.0
                ]
            ]
        },
        {
            "file_path": "/data/shapenet_blender/all_50_random/02958343/53328de5c7e18b752350d856e276adb8/r_3",
            "rotation": 0.12566370614359174,
            "transform_matrix": [
                [
                    -0.9934976100921631,
                    0.011977070942521095,
                    0.11322133243083954,
                    0.4564097225666046
                ],
                [
                    0.11385305970907211,
                    0.10451358556747437,
                    0.9879850745201111,
                    3.9826948642730713
                ],
                [
                    0.0,
                    0.9944512248039246,
                    -0.10519763827323914,
                    -0.4240652024745941
                ],
                [
                    0.0,
                    0.0,
                    0.0,
                    1.0
                ]
            ]
        },
        {
            "file_path": "/data/shapenet_blender/all_50_random/02958343/53328de5c7e18b752350d856e276adb8/r_4",
            "rotation": 0.12566370614359174,
            "transform_matrix": [
                [
                    0.9921082854270935,
                    0.03657905384898186,
                    0.11992937326431274,
                    0.483450710773468
                ],
                [
                    0.12538371980190277,
                    -0.289434552192688,
                    -0.9489502906799316,
                    -3.825340509414673
                ],
                [
                    0.0,
                    0.9564984440803528,
                    -0.291736900806427,
                    -1.1760289669036865
                ],
                [
                    0.0,
                    0.0,
                    0.0,
                    1.0
                ]
            ]
        },
        {
            "file_path": "/data/shapenet_blender/all_50_random/02958343/53328de5c7e18b752350d856e276adb8/r_5",
            "rotation": 0.12566370614359174,
            "transform_matrix": [
                [
                    0.857164740562439,
                    -0.24213162064552307,
                    -0.4545777142047882,
                    -1.8324614763259888
                ],
                [
                    -0.5150424242019653,
                    -0.4029700756072998,
                    -0.7565357089042664,
                    -3.0496933460235596
                ],
                [
                    0.0,
                    0.8826024532318115,
                    -0.47011980414390564,
                    -1.8951137065887451
                ],
                [
                    0.0,
                    0.0,
                    0.0,
                    1.0
                ]
            ]
        },
        {
            "file_path": "/data/shapenet_blender/all_50_random/02958343/53328de5c7e18b752350d856e276adb8/r_6",
            "rotation": 0.12566370614359174,
            "transform_matrix": [
                [
                    0.8341968059539795,
                    -0.0005774619057774544,
                    -0.5514664649963379,
                    -2.2230324745178223
                ],
                [
                    -0.5514668226242065,
                    -0.0008735193987376988,
                    -0.8341963887214661,
                    -3.36275315284729
                ],
                [
                    -2.9103826987286752e-11,
                    0.999999463558197,
                    -0.001047138124704361,
                    -0.004221148788928986
                ],
                [
                    0.0,
                    0.0,
                    0.0,
                    1.0
                ]
            ]
        },
        {
            "file_path": "/data/shapenet_blender/all_50_random/02958343/53328de5c7e18b752350d856e276adb8/r_7",
            "rotation": 0.12566370614359174,
            "transform_matrix": [
                [
                    -0.26283395290374756,
                    -0.7257788777351379,
                    -0.6357383728027344,
                    -2.5627431869506836
                ],
                [
                    -0.9648411273956299,
                    0.19771061837673187,
                    0.17318253219127655,
                    0.6981210708618164
                ],
                [
                    0.0,
                    0.6589047312736511,
                    -0.7522264122962952,
                    -3.0323214530944824
                ],
                [
                    0.0,
                    0.0,
                    0.0,
                    1.0
                ]
            ]
        },
        {
            "file_path": "/data/shapenet_blender/all_50_random/02958343/53328de5c7e18b752350d856e276adb8/r_8",
            "rotation": 0.12566370614359174,
            "transform_matrix": [
                [
                    -0.9084699749946594,
                    0.3520793318748474,
                    -0.22521646320819855,
                    -0.9078766107559204
                ],
                [
                    -0.4179501533508301,
                    -0.7652910351753235,
                    0.48953777551651,
                    1.9733898639678955
                ],
                [
                    -1.4901162970204496e-08,
                    0.5388595461845398,
                    0.842395544052124,
                    3.3958051204681396
                ],
                [
                    0.0,
                    0.0,
                    0.0,
                    1.0
                ]
            ]
        },
        {
            "file_path": "/data/shapenet_blender/all_50_random/02958343/53328de5c7e18b752350d856e276adb8/r_9",
            "rotation": 0.12566370614359174,
            "transform_matrix": [
                [
                    0.9701899290084839,
                    0.22096014022827148,
                    -0.09953992813825607,
                    -0.40125828981399536
                ],
                [
                    -0.24234597384929657,
                    0.8845754265785217,
                    -0.3984907865524292,
                    -1.6063677072525024
                ],
                [
                    -7.450580596923828e-09,
                    0.41073480248451233,
                    0.9117547869682312,
                    3.675401210784912
                ],
                [
                    0.0,
                    0.0,
                    0.0,
                    1.0
                ]
            ]
        },
        {
            "file_path": "/data/shapenet_blender/all_50_random/02958343/53328de5c7e18b752350d856e276adb8/r_10",
            "rotation": 0.12566370614359174,
            "transform_matrix": [
                [
                    -0.4657445251941681,
                    0.34634456038475037,
                    0.8143264651298523,
                    3.2826545238494873
                ],
                [
                    0.8849191069602966,
                    0.18228566646575928,
                    0.42859065532684326,
                    1.7277039289474487
                ],
                [
                    0.0,
                    0.9202268123626709,
                    -0.391385555267334,
                    -1.5777254104614258
                ],
                [
                    0.0,
                    0.0,
                    0.0,
                    1.0
                ]
            ]
        },
        {
            "file_path": "/data/shapenet_blender/all_50_random/02958343/53328de5c7e18b752350d856e276adb8/r_11",
            "rotation": 0.12566370614359174,
            "transform_matrix": [
                [
                    -0.9823942184448242,
                    -0.15470486879348755,
                    0.1047283411026001,
                    0.4221734404563904
                ],
                [
                    0.18681974709033966,
                    -0.8135176301002502,
                    0.5507153868675232,
                    2.2200047969818115
                ],
                [
                    0.0,
                    0.5605849027633667,
                    0.828096866607666,
                    3.338165283203125
                ],
                [
                    0.0,
                    0.0,
                    0.0,
                    1.0
                ]
            ]
        },
        {
            "file_path": "/data/shapenet_blender/all_50_random/02958343/53328de5c7e18b752350d856e276adb8/r_12",
            "rotation": 0.12566370614359174,
            "transform_matrix": [
                [
                    -0.893827497959137,
                    -0.35677963495254517,
                    0.2716262638568878,
                    1.0949605703353882
                ],
                [
                    0.448411226272583,
                    -0.711176335811615,
                    0.5414383411407471,
                    2.182607889175415
                ],
                [
                    0.0,
                    0.6057526469230652,
                    0.7956528663635254,
                    3.2073795795440674
                ],
                [
                    0.0,
                    0.0,
                    0.0,
                    1.0
                ]
            ]
        },
        {
            "file_path": "/data/shapenet_blender/all_50_random/02958343/53328de5c7e18b752350d856e276adb8/r_13",
            "rotation": 0.12566370614359174,
            "transform_matrix": [
                [
                    -0.9993262887001038,
                    0.008640852756798267,
                    -0.03566988930106163,
                    -0.14378993213176727
                ],
                [
                    -0.03670157492160797,
                    -0.23527683317661285,
                    0.9712350964546204,
                    3.9151742458343506
                ],
                [
                    0.0,
                    0.9718899726867676,
                    0.23543544113636017,
                    0.9490706920623779
                ],
                [
                    0.0,
                    0.0,
                    0.0,
                    1.0
                ]
            ]
        },
        {
            "file_path": "/data/shapenet_blender/all_50_random/02958343/53328de5c7e18b752350d856e276adb8/r_14",
            "rotation": 0.12566370614359174,
            "transform_matrix": [
                [
                    -0.3661174178123474,
                    -0.5210126638412476,
                    -0.7710407972335815,
                    -3.1081647872924805
                ],
                [
                    -0.9305686354637146,
                    0.2049841433763504,
                    0.3033537268638611,
                    1.22285795211792
                ],
                [
                    0.0,
                    0.8285694718360901,
                    -0.5598863363265991,
                    -2.2569739818573
                ],
                [
                    0.0,
                    0.0,
                    0.0,
                    1.0
                ]
            ]
        },
        {
            "file_path": "/data/shapenet_blender/all_50_random/02958343/53328de5c7e18b752350d856e276adb8/r_15",
            "rotation": 0.12566370614359174,
            "transform_matrix": [
                [
                    -0.7946426868438721,
                    0.4005882441997528,
                    0.45614922046661377,
                    1.8387964963912964
                ],
                [
                    0.6070774793624878,
                    0.5243555903434753,
                    0.5970829129219055,
                    2.406918525695801
                ],
                [
                    0.0,
                    0.751385509967804,
                    -0.6598633527755737,
                    -2.659994602203369
                ],
                [
                    0.0,
                    0.0,
                    0.0,
                    1.0
                ]
            ]
        },
        {
            "file_path": "/data/shapenet_blender/all_50_random/02958343/53328de5c7e18b752350d856e276adb8/r_16",
            "rotation": 0.12566370614359174,
            "transform_matrix": [
                [
                    0.9955776929855347,
                    0.0643063485622406,
                    0.06848204880952835,
                    0.27605998516082764
                ],
                [
                    0.09394200146198273,
                    -0.6815052628517151,
                    -0.7257584929466248,
                    -2.925626277923584
                ],
                [
                    0.0,
                    0.7289822697639465,
                    -0.6845324635505676,
                    -2.7594387531280518
                ],
                [
                    0.0,
                    0.0,
                    0.0,
                    1.0
                ]
            ]
        },
        {
            "file_path": "/data/shapenet_blender/all_50_random/02958343/53328de5c7e18b752350d856e276adb8/r_17",
            "rotation": 0.12566370614359174,
            "transform_matrix": [
                [
                    0.6991930603981018,
                    -0.33576834201812744,
                    0.6311803460121155,
                    2.5443694591522217
                ],
                [
                    0.714932918548584,
                    0.3283761143684387,
                    -0.6172844171524048,
                    -2.4883530139923096
                ],
                [
                    2.980232594040899e-08,
                    0.8828525543212891,
                    0.46965017914772034,
                    1.8932204246520996
                ],
                [
                    0.0,
                    0.0,
                    0.0,
                    1.0
                ]
            ]
        },
        {
            "file_path": "/data/shapenet_blender/all_50_random/02958343/53328de5c7e18b752350d856e276adb8/r_18",
            "rotation": 0.12566370614359174,
            "transform_matrix": [
                [
                    0.023327402770519257,
                    0.02886783331632614,
                    -0.999311089515686,
                    -4.028351306915283
                ],
                [
                    -0.9997279047966003,
                    0.0006735948845744133,
                    -0.023317677900195122,
                    -0.0939965546131134
                ],
                [
                    0.0,
                    0.9995828866958618,
                    0.028875695541501045,
                    0.11640163511037827
                ],
                [
                    0.0,
                    0.0,
                    0.0,
                    1.0
                ]
            ]
        },
        {
            "file_path": "/data/shapenet_blender/all_50_random/02958343/53328de5c7e18b752350d856e276adb8/r_19",
            "rotation": 0.12566370614359174,
            "transform_matrix": [
                [
                    -0.9771156311035156,
                    0.14011310040950775,
                    0.16004221141338348,
                    0.6451507806777954
                ],
                [
                    0.2127091884613037,
                    0.643633246421814,
                    0.7351809740066528,
                    2.963609218597412
                ],
                [
                    0.0,
                    0.7523991465568542,
                    -0.6587073802947998,
                    -2.65533447265625
                ],
                [
                    0.0,
                    0.0,
                    0.0,
                    1.0
                ]
            ]
        },
        {
            "file_path": "/data/shapenet_blender/all_50_random/02958343/53328de5c7e18b752350d856e276adb8/r_20",
            "rotation": 0.12566370614359174,
            "transform_matrix": [
                [
                    0.38614583015441895,
                    -0.15644089877605438,
                    -0.9090752005577087,
                    -3.6645989418029785
                ],
                [
                    -0.9224377274513245,
                    -0.06548843532800674,
                    -0.3805520832538605,
                    -1.5340542793273926
                ],
                [
                    -3.725290076417309e-09,
                    0.9855137467384338,
                    -0.16959510743618011,
                    -0.6836596727371216
                ],
                [
                    0.0,
                    0.0,
                    0.0,
                    1.0
                ]
            ]
        },
        {
            "file_path": "/data/shapenet_blender/all_50_random/02958343/53328de5c7e18b752350d856e276adb8/r_21",
            "rotation": 0.12566370614359174,
            "transform_matrix": [
                [
                    0.1116415411233902,
                    -0.4633050560951233,
                    -0.8791385293006897,
                    -3.5439207553863525
                ],
                [
                    -0.9937485456466675,
                    -0.05204947665333748,
                    -0.09876581281423569,
                    -0.3981377184391022
                ],
                [
                    0.0,
                    0.8846690058708191,
                    -0.46621960401535034,
                    -1.8793913125991821
                ],
                [
                    0.0,
                    0.0,
                    0.0,
                    1.0
                ]
            ]
        },
        {
            "file_path": "/data/shapenet_blender/all_50_random/02958343/53328de5c7e18b752350d856e276adb8/r_22",
            "rotation": 0.12566370614359174,
            "transform_matrix": [
                [
                    0.48008453845977783,
                    -0.10282950103282928,
                    -0.8711745142936707,
                    -3.5118167400360107
                ],
                [
                    -0.8772223591804504,
                    -0.05627632886171341,
                    -0.4767746925354004,
                    -1.9219402074813843
                ],
                [
                    0.0,
                    0.9931057095527649,
                    -0.11722173541784286,
                    -0.4725359380245209
                ],
                [
                    0.0,
                    0.0,
                    0.0,
                    1.0
                ]
            ]
        },
        {
            "file_path": "/data/shapenet_blender/all_50_random/02958343/53328de5c7e18b752350d856e276adb8/r_23",
            "rotation": 0.12566370614359174,
            "transform_matrix": [
                [
                    0.9581432938575745,
                    0.0034975511953234673,
                    0.2862675189971924,
                    1.1539814472198486
                ],
                [
                    0.28628891706466675,
                    -0.01170550100505352,
                    -0.9580717086791992,
                    -3.8621108531951904
                ],
                [
                    0.0,
                    0.9999253749847412,
                    -0.012216855771839619,
                    -0.04924772307276726
                ],
                [
                    0.0,
                    0.0,
                    0.0,
                    1.0
                ]
            ]
        },
        {
            "file_path": "/data/shapenet_blender/all_50_random/02958343/53328de5c7e18b752350d856e276adb8/r_24",
            "rotation": 0.12566370614359174,
            "transform_matrix": [
                [
                    -0.9704974293708801,
                    0.011213514022529125,
                    -0.24085074663162231,
                    -0.9709004163742065
                ],
                [
                    -0.2411116510629654,
                    -0.04513545706868172,
                    0.9694471955299377,
                    3.9079666137695312
                ],
                [
                    9.313225746154785e-10,
                    0.9989179968833923,
                    0.04650755226612091,
                    0.1874779462814331
                ],
                [
                    0.0,
                    0.0,
                    0.0,
                    1.0
                ]
            ]
        },
        {
            "file_path": "/data/shapenet_blender/all_50_random/02958343/53328de5c7e18b752350d856e276adb8/r_25",
            "rotation": 0.12566370614359174,
            "transform_matrix": [
                [
                    -0.1254117637872696,
                    -0.0009522390319034457,
                    0.9921042919158936,
                    3.999300241470337
                ],
                [
                    0.992104709148407,
                    -0.00012037235865136608,
                    0.125411719083786,
                    0.5055508017539978
                ],
                [
                    0.0,
                    0.9999995231628418,
                    0.0009598170290701091,
                    0.0038691461086273193
                ],
                [
                    0.0,
                    0.0,
                    0.0,
                    1.0
                ]
            ]
        },
        {
            "file_path": "/data/shapenet_blender/all_50_random/02958343/53328de5c7e18b752350d856e276adb8/r_26",
            "rotation": 0.12566370614359174,
            "transform_matrix": [
                [
                    0.8860764503479004,
                    -0.04917772859334946,
                    0.4609230160713196,
                    1.8580400943756104
                ],
                [
                    0.4635390341281891,
                    0.0940055102109909,
                    -0.8810757994651794,
                    -3.551730155944824
                ],
                [
                    3.7252898543727042e-09,
                    0.9943563938140869,
                    0.10609187185764313,
                    0.4276700019836426
                ],
                [
                    0.0,
                    0.0,
                    0.0,
                    1.0
                ]
            ]
        },
        {
            "file_path": "/data/shapenet_blender/all_50_random/02958343/53328de5c7e18b752350d856e276adb8/r_27",
            "rotation": 0.12566370614359174,
            "transform_matrix": [
                [
                    -0.8323216438293457,
                    -0.4342731237411499,
                    0.3444523513317108,
                    1.3885319232940674
                ],
                [
                    0.5542929172515869,
                    -0.6521009802818298,
                    0.5172268152236938,
                    2.085008144378662
                ],
                [
                    0.0,
                    0.621426522731781,
                    0.7834722995758057,
                    3.158277988433838
                ],
                [
                    0.0,
                    0.0,
                    0.0,
                    1.0
                ]
            ]
        },
        {
            "file_path": "/data/shapenet_blender/all_50_random/02958343/53328de5c7e18b752350d856e276adb8/r_28",
            "rotation": 0.12566370614359174,
            "transform_matrix": [
                [
                    -0.7458623647689819,
                    -0.29657188057899475,
                    -0.5964348316192627,
                    -2.4043056964874268
                ],
                [
                    -0.6661002039909363,
                    0.33208486437797546,
                    0.6678549647331238,
                    2.692209482192993
                ],
                [
                    -2.9802322387695312e-08,
                    0.8954131603240967,
                    -0.4452361762523651,
                    -1.7948044538497925
                ],
                [
                    0.0,
                    0.0,
                    0.0,
                    1.0
                ]
            ]
        },
        {
            "file_path": "/data/shapenet_blender/all_50_random/02958343/53328de5c7e18b752350d856e276adb8/r_29",
            "rotation": 0.12566370614359174,
            "transform_matrix": [
                [
                    -0.9865390062332153,
                    -0.05635844171047211,
                    -0.15350709855556488,
                    -0.6188068985939026
                ],
                [
                    -0.16352583467960358,
                    0.3400062024593353,
                    0.9260966777801514,
                    3.733215093612671
                ],
                [
                    0.0,
                    0.938732922077179,
                    -0.3446454703807831,
                    -1.389310359954834
                ],
                [
                    0.0,
                    0.0,
                    0.0,
                    1.0
                ]
            ]
        },
        {
            "file_path": "/data/shapenet_blender/all_50_random/02958343/53328de5c7e18b752350d856e276adb8/r_30",
            "rotation": 0.12566370614359174,
            "transform_matrix": [
                [
                    -0.9940219521522522,
                    -0.019475111737847328,
                    -0.10743004083633423,
                    -0.43306437134742737
                ],
                [
                    -0.10918103158473969,
                    0.17730815708637238,
                    0.9780803322792053,
                    3.942768096923828
                ],
                [
                    -1.862645149230957e-09,
                    0.9839627146720886,
                    -0.1783744841814041,
                    -0.7190505862236023
                ],
                [
                    0.0,
                    0.0,
                    0.0,
                    1.0
                ]
            ]
        },
        {
            "file_path": "/data/shapenet_blender/all_50_random/02958343/53328de5c7e18b752350d856e276adb8/r_31",
            "rotation": 0.12566370614359174,
            "transform_matrix": [
                [
                    0.8137456774711609,
                    0.009639243595302105,
                    0.5811411738395691,
                    2.3426551818847656
                ],
                [
                    0.5812211632728577,
                    -0.013495538383722305,
                    -0.8136336803436279,
                    -3.279862403869629
                ],
                [
                    0.0,
                    0.9998624920845032,
                    -0.01658446528017521,
                    -0.06685412675142288
                ],
                [
                    0.0,
                    0.0,
                    0.0,
                    1.0
                ]
            ]
        },
        {
            "file_path": "/data/shapenet_blender/all_50_random/02958343/53328de5c7e18b752350d856e276adb8/r_32",
            "rotation": 0.12566370614359174,
            "transform_matrix": [
                [
                    -0.6871209144592285,
                    0.49831900000572205,
                    -0.528718113899231,
                    -2.131331205368042
                ],
                [
                    -0.7265430092811584,
                    -0.4712803065776825,
                    0.500029981136322,
                    2.015685558319092
                ],
                [
                    1.4901160305669237e-08,
                    0.7277175784111023,
                    0.6858767867088318,
                    2.7648580074310303
                ],
                [
                    0.0,
                    0.0,
                    0.0,
                    1.0
                ]
            ]
        },
        {
            "file_path": "/data/shapenet_blender/all_50_random/02958343/53328de5c7e18b752350d856e276adb8/r_33",
            "rotation": 0.12566370614359174,
            "transform_matrix": [
                [
                    -0.2620265483856201,
                    -0.8172513842582703,
                    -0.5132661461830139,
                    -2.0690419673919678
                ],
                [
                    -0.9650605916976929,
                    0.22189442813396454,
                    0.13935846090316772,
                    0.5617719292640686
                ],
                [
                    7.450580152834618e-09,
                    0.5318486094474792,
                    -0.846839427947998,
                    -3.4137189388275146
                ],
                [
                    0.0,
                    0.0,
                    0.0,
                    1.0
                ]
            ]
        },
        {
            "file_path": "/data/shapenet_blender/all_50_random/02958343/53328de5c7e18b752350d856e276adb8/r_34",
            "rotation": 0.12566370614359174,
            "transform_matrix": [
                [
                    -0.15995170176029205,
                    0.016828712075948715,
                    -0.9869813919067383,
                    -3.978649139404297
                ],
                [
                    -0.9871249198913574,
                    -0.0027268899139016867,
                    0.15992844104766846,
                    0.6446921825408936
                ],
                [
                    2.3283067140944524e-10,
                    0.9998546242713928,
                    0.01704820990562439,
                    0.06872352957725525
                ],
                [
                    0.0,
                    0.0,
                    0.0,
                    1.0
                ]
            ]
        },
        {
            "file_path": "/data/shapenet_blender/all_50_random/02958343/53328de5c7e18b752350d856e276adb8/r_35",
            "rotation": 0.12566370614359174,
            "transform_matrix": [
                [
                    0.8460483551025391,
                    0.5124920010566711,
                    -0.14681307971477509,
                    -0.5918225049972534
                ],
                [
                    -0.5331060886383057,
                    0.8133334517478943,
                    -0.23299482464790344,
                    -0.9392322301864624
                ],
                [
                    1.4901160305669237e-08,
                    0.27539199590682983,
                    0.9613319635391235,
                    3.875253438949585
                ],
                [
                    0.0,
                    0.0,
                    0.0,
                    1.0
                ]
            ]
        },
        {
            "file_path": "/data/shapenet_blender/all_50_random/02958343/53328de5c7e18b752350d856e276adb8/r_36",
            "rotation": 0.12566370614359174,
            "transform_matrix": [
                [
                    0.9948978424072266,
                    0.01059836894273758,
                    -0.10032947361469269,
                    -0.40444108843803406
                ],
                [
                    -0.1008877158164978,
                    0.10451514273881912,
                    -0.9893928170204163,
                    -3.988370180130005
                ],
                [
                    -9.313225746154785e-10,
                    0.9944667816162109,
                    0.10505115240812302,
                    0.4234747588634491
                ],
                [
                    0.0,
                    0.0,
                    0.0,
                    1.0
                ]
            ]
        },
        {
            "file_path": "/data/shapenet_blender/all_50_random/02958343/53328de5c7e18b752350d856e276adb8/r_37",
            "rotation": 0.12566370614359174,
            "transform_matrix": [
                [
                    -0.0822039246559143,
                    0.7435605525970459,
                    -0.6635963320732117,
                    -2.6750423908233643
                ],
                [
                    -0.9966155290603638,
                    -0.06133117526769638,
                    0.05473547428846359,
                    0.2206457555294037
                ],
                [
                    -3.725290298461914e-09,
                    0.6658499240875244,
                    0.7460857033729553,
                    3.0075676441192627
                ],
                [
                    0.0,
                    0.0,
                    0.0,
                    1.0
                ]
            ]
        },
        {
            "file_path": "/data/shapenet_blender/all_50_random/02958343/53328de5c7e18b752350d856e276adb8/r_38",
            "rotation": 0.12566370614359174,
            "transform_matrix": [
                [
                    -0.6440362930297852,
                    -0.09045082330703735,
                    0.7596288323402405,
                    3.062161684036255
                ],
                [
                    0.7649949789047241,
                    -0.07614901661872864,
                    0.6395186185836792,
                    2.577981948852539
                ],
                [
                    3.725290298461914e-09,
                    0.9929854273796082,
                    0.11823713779449463,
                    0.4766291379928589
                ],
                [
                    0.0,
                    0.0,
                    0.0,
                    1.0
                ]
            ]
        },
        {
            "file_path": "/data/shapenet_blender/all_50_random/02958343/53328de5c7e18b752350d856e276adb8/r_39",
            "rotation": 0.12566370614359174,
            "transform_matrix": [
                [
                    -0.02571832202374935,
                    0.5300781726837158,
                    0.8475586175918579,
                    3.4166183471679688
                ],
                [
                    0.9996692538261414,
                    0.013637231662869453,
                    0.021804997697472572,
                    0.08789876103401184
                ],
                [
                    0.0,
                    0.8478391766548157,
                    -0.5302534699440002,
                    -2.1375203132629395
                ],
                [
                    0.0,
                    0.0,
                    0.0,
                    1.0
                ]
            ]
        },
        {
            "file_path": "/data/shapenet_blender/all_50_random/02958343/53328de5c7e18b752350d856e276adb8/r_40",
            "rotation": 0.12566370614359174,
            "transform_matrix": [
                [
                    0.4018290042877197,
                    -0.8348463773727417,
                    0.3762510418891907,
                    1.516716480255127
                ],
                [
                    0.9157147407531738,
                    0.36634278297424316,
                    -0.1651044487953186,
                    -0.665557324886322
                ],
                [
                    0.0,
                    0.41088229417800903,
                    0.9116883277893066,
                    3.675133228302002
                ],
                [
                    0.0,
                    0.0,
                    0.0,
                    1.0
                ]
            ]
        },
        {
            "file_path": "/data/shapenet_blender/all_50_random/02958343/53328de5c7e18b752350d856e276adb8/r_41",
            "rotation": 0.12566370614359174,
            "transform_matrix": [
                [
                    -0.6645075082778931,
                    0.02848692238330841,
                    -0.7467384338378906,
                    -3.0101988315582275
                ],
                [
                    -0.7472816109657288,
                    -0.025331512093544006,
                    0.6640244722366333,
                    2.6767683029174805
                ],
                [
                    0.0,
