{
    "class": "02958343",
    "model": "ba817f535c2668081f757787330d376f",
    "remove_doubles": true,
    "edge_split": true,
    "denoise": true,
    "camera_angle_x": 0.6911112070083618,
    "scale_factor": 2.2824093154621954,
    "hdri_file": "/data/IndoorHDRDataset2018/AG8A3753-e46eab5377.exr",
    "center_offset": [
        0.0,
        0.0,
        0.0
    ],
    "lights": [],
    "frames": [
        {
            "file_path": "/data/shapenet_blender/all_50_random/02958343/ba817f535c2668081f757787330d376f/r_0",
            "rotation": 0.12566370614359174,
            "transform_matrix": [
                [
                    -0.9955257177352905,
                    -0.046904828399419785,
                    0.08202829211950302,
                    0.3306666314601898
                ],
                [
                    0.09449183940887451,
                    -0.49416935443878174,
                    0.8642151951789856,
                    3.4837629795074463
                ],
                [
                    3.725290742551124e-09,
                    0.8680992126464844,
                    0.4963904619216919,
                    2.001013994216919
                ],
                [
                    0.0,
                    0.0,
                    0.0,
                    1.0
                ]
            ]
        },
        {
            "file_path": "/data/shapenet_blender/all_50_random/02958343/ba817f535c2668081f757787330d376f/r_1",
            "rotation": 0.12566370614359174,
            "transform_matrix": [
                [
                    -0.618066132068634,
                    -0.207913339138031,
                    -0.7581334114074707,
                    -3.05613374710083
                ],
                [
                    -0.7861261367797852,
                    0.16346509754657745,
                    0.5960577130317688,
                    2.4027857780456543
                ],
                [
                    0.0,
                    0.9643916487693787,
                    -0.26447829604148865,
                    -1.0661462545394897
                ],
                [
                    0.0,
                    0.0,
                    0.0,
                    1.0
                ]
            ]
        },
        {
            "file_path": "/data/shapenet_blender/all_50_random/02958343/ba817f535c2668081f757787330d376f/r_2",
            "rotation": 0.12566370614359174,
            "transform_matrix": [
                [
                    -0.999057412147522,
                    7.410415491904132e-06,
                    -0.043408919125795364,
                    -0.17498695850372314
                ],
                [
                    -0.04340892285108566,
                    -0.00017055089119821787,
                    0.9990572929382324,
                    4.027328968048096
                ],
                [
                    -4.547473508864641e-13,
                    1.0,
                    0.0001707117771729827,
                    0.0006881612353026867
                ],
                [
                    0.0,
                    0.0,
                    0.0,
                    1.0
                ]
            ]
        },
        {
            "file_path": "/data/shapenet_blender/all_50_random/02958343/ba817f535c2668081f757787330d376f/r_3",
            "rotation": 0.12566370614359174,
            "transform_matrix": [
                [
                    -0.9969980716705322,
                    -0.05867350846529007,
                    -0.050520122051239014,
                    -0.20365314185619354
                ],
                [
                    -0.07742650806903839,
                    0.755521297454834,
                    0.6505325436592102,
                    2.6223807334899902
                ],
                [
                    0.0,
                    0.6524912118911743,
                    -0.7577961683273315,
                    -3.054774284362793
                ],
                [
                    0.0,
                    0.0,
                    0.0,
                    1.0
                ]
            ]
        },
        {
            "file_path": "/data/shapenet_blender/all_50_random/02958343/ba817f535c2668081f757787330d376f/r_4",
            "rotation": 0.12566370614359174,
            "transform_matrix": [
                [
                    -0.9985529184341431,
                    -0.04398256912827492,
                    0.030947217717766762,
                    0.1247522234916687
                ],
                [
                    0.05377916246652603,
                    -0.8166531920433044,
                    0.574617326259613,
                    2.3163564205169678
                ],
                [
                    -1.862645371275562e-09,
                    0.5754501223564148,
                    0.8178369402885437,
                    3.2968060970306396
                ],
                [
                    0.0,
                    0.0,
                    0.0,
                    1.0
                ]
            ]
        },
        {
            "file_path": "/data/shapenet_blender/all_50_random/02958343/ba817f535c2668081f757787330d376f/r_5",
            "rotation": 0.12566370614359174,
            "transform_matrix": [
                [
                    -0.9645141363143921,
                    -0.19594436883926392,
                    -0.17696993052959442,
                    -0.7133886814117432
                ],
                [
                    -0.26403138041496277,
                    0.715790331363678,
                    0.646476149559021,
                    2.6060290336608887
                ],
                [
                    0.0,
                    0.6702609062194824,
                    -0.7421253323554993,
                    -2.991603136062622
                ],
                [
                    0.0,
                    0.0,
                    0.0,
                    1.0
                ]
            ]
        },
        {
            "file_path": "/data/shapenet_blender/all_50_random/02958343/ba817f535c2668081f757787330d376f/r_6",
            "rotation": 0.12566370614359174,
            "transform_matrix": [
                [
                    0.8685324788093567,
                    0.10090816766023636,
                    0.48525139689445496,
                    1.956110954284668
                ],
                [
                    0.4956323206424713,
                    -0.17682871222496033,
                    -0.850341260433197,
                    -3.42783522605896
                ],
                [
                    0.0,
                    0.9790552258491516,
                    -0.20359481871128082,
                    -0.8207169771194458
                ],
                [
                    0.0,
                    0.0,
                    0.0,
                    1.0
                ]
            ]
        },
        {
            "file_path": "/data/shapenet_blender/all_50_random/02958343/ba817f535c2668081f757787330d376f/r_7",
            "rotation": 0.12566370614359174,
            "transform_matrix": [
                [
                    -0.9977973103523254,
                    -0.020401878282427788,
                    0.06312280893325806,
                    0.25445619225502014
                ],
                [
                    0.06633797287940979,
                    -0.3068670332431793,
                    0.9494376182556152,
                    3.827305555343628
                ],
                [
                    0.0,
                    0.9515336155891418,
                    0.3075445294380188,
                    1.2397516965866089
                ],
                [
                    0.0,
                    0.0,
                    0.0,
                    1.0
                ]
            ]
        },
        {
            "file_path": "/data/shapenet_blender/all_50_random/02958343/ba817f535c2668081f757787330d376f/r_8",
            "rotation": 0.12566370614359174,
            "transform_matrix": [
                [
                    -0.01168440468609333,
                    -0.0029241249430924654,
                    0.9999274015426636,
                    4.030836582183838
                ],
                [
                    0.9999317526817322,
                    -3.4168988349847496e-05,
                    0.011684353463351727,
                    0.04710114002227783
                ],
                [
                    0.0,
                    0.999995768070221,
                    0.0029243240132927895,
                    0.011788328178226948
                ],
                [
                    0.0,
                    0.0,
                    0.0,
                    1.0
                ]
            ]
        },
        {
            "file_path": "/data/shapenet_blender/all_50_random/02958343/ba817f535c2668081f757787330d376f/r_9",
            "rotation": 0.12566370614359174,
            "transform_matrix": [
                [
                    -0.9742845296859741,
                    0.13441450893878937,
                    0.18083852529525757,
                    0.7289834022521973
                ],
                [
                    0.22532165050506592,
                    0.5812045931816101,
                    0.781940758228302,
                    3.152104139328003
                ],
                [
                    7.450581485102248e-09,
                    0.8025795221328735,
                    -0.5965451002120972,
                    -2.404750108718872
                ],
                [
                    0.0,
                    0.0,
                    0.0,
                    1.0
                ]
            ]
        },
        {
            "file_path": "/data/shapenet_blender/all_50_random/02958343/ba817f535c2668081f757787330d376f/r_10",
            "rotation": 0.12566370614359174,
            "transform_matrix": [
                [
                    -0.9626028537750244,
                    -0.1533643752336502,
                    -0.22332744300365448,
                    -0.9002617597579956
                ],
                [
                    -0.27091658115386963,
                    0.5449241399765015,
                    0.7935122847557068,
                    3.1987504959106445
                ],
                [
                    0.0,
                    0.824340283870697,
                    -0.5660944581031799,
                    -2.2820000648498535
                ],
                [
                    0.0,
                    0.0,
                    0.0,
                    1.0
                ]
            ]
        },
        {
            "file_path": "/data/shapenet_blender/all_50_random/02958343/ba817f535c2668081f757787330d376f/r_11",
            "rotation": 0.12566370614359174,
            "transform_matrix": [
                [
                    -0.9430224895477295,
                    -0.11551085859537125,
                    0.3120352029800415,
                    1.2578541040420532
                ],
                [
                    0.3327292501926422,
                    -0.32738131284713745,
                    0.8843713998794556,
                    3.5650148391723633
                ],
                [
                    0.0,
                    0.93780517578125,
                    0.34716179966926575,
                    1.39945387840271
                ],
                [
                    0.0,
                    0.0,
                    0.0,
                    1.0
                ]
            ]
        },
        {
            "file_path": "/data/shapenet_blender/all_50_random/02958343/ba817f535c2668081f757787330d376f/r_12",
            "rotation": 0.12566370614359174,
            "transform_matrix": [
                [
                    -0.9514036178588867,
                    -0.009230982512235641,
                    0.30780836939811707,
                    1.240815281867981
                ],
                [
                    0.30794674158096313,
                    -0.02851918339729309,
                    0.9509760737419128,
                    3.8335070610046387
                ],
                [
                    0.0,
                    0.9995505809783936,
                    0.029975904151797295,
                    0.12083673477172852
                ],
                [
                    0.0,
                    0.0,
                    0.0,
                    1.0
                ]
            ]
        },
        {
            "file_path": "/data/shapenet_blender/all_50_random/02958343/ba817f535c2668081f757787330d376f/r_13",
            "rotation": 0.12566370614359174,
            "transform_matrix": [
                [
                    -0.4257529079914093,
                    0.6691569685935974,
                    0.6090676188468933,
                    2.4552299976348877
                ],
                [
                    0.9048395156860352,
                    0.314857542514801,
                    0.2865837514400482,
                    1.1552560329437256
                ],
                [
                    -2.9802322387695312e-08,
                    0.673122227191925,
                    -0.7395312190055847,
                    -2.9811456203460693
                ],
                [
                    0.0,
                    0.0,
                    0.0,
                    1.0
                ]
            ]
        },
        {
            "file_path": "/data/shapenet_blender/all_50_random/02958343/ba817f535c2668081f757787330d376f/r_14",
            "rotation": 0.12566370614359174,
            "transform_matrix": [
                [
                    -0.21222098171710968,
                    -0.8305562138557434,
                    0.5149161219596863,
                    2.075693368911743
                ],
                [
                    0.9772217273712158,
                    -0.18036997318267822,
                    0.11182314157485962,
                    0.4507735073566437
                ],
                [
                    0.0,
                    0.526918351650238,
                    0.8499158024787903,
                    3.4261202812194824
                ],
                [
                    0.0,
                    0.0,
                    0.0,
                    1.0
                ]
            ]
        },
        {
            "file_path": "/data/shapenet_blender/all_50_random/02958343/ba817f535c2668081f757787330d376f/r_15",
            "rotation": 0.12566370614359174,
            "transform_matrix": [
                [
                    -0.4893386662006378,
                    -0.017851125448942184,
                    -0.8719111084938049,
                    -3.5147862434387207
                ],
                [
                    -0.8720938563346863,
                    0.010016405023634434,
                    0.48923608660697937,
                    1.972173810005188
                ],
                [
                    0.0,
                    0.9997904300689697,
                    -0.020469272509217262,
                    -0.08251428604125977
                ],
                [
                    0.0,
                    0.0,
                    0.0,
                    1.0
                ]
            ]
        },
        {
            "file_path": "/data/shapenet_blender/all_50_random/02958343/ba817f535c2668081f757787330d376f/r_16",
            "rotation": 0.12566370614359174,
            "transform_matrix": [
                [
                    0.6252875328063965,
                    -0.5767752528190613,
                    -0.5256860256195068,
                    -2.1191084384918213
                ],
                [
                    -0.780394434928894,
                    -0.4621385335922241,
                    -0.42120352387428284,
                    -1.6979258060455322
                ],
                [
                    -1.4901161193847656e-08,
                    0.6736158728599548,
                    -0.7390815615653992,
                    -2.9793334007263184
                ],
                [
                    0.0,
                    0.0,
                    0.0,
                    1.0
                ]
            ]
        },
        {
            "file_path": "/data/shapenet_blender/all_50_random/02958343/ba817f535c2668081f757787330d376f/r_17",
            "rotation": 0.12566370614359174,
            "transform_matrix": [
                [
                    0.010564078576862812,
                    -0.6821391582489014,
                    -0.731145977973938,
                    -2.9473438262939453
                ],
                [
                    -0.999944269657135,
                    -0.0072065736167132854,
                    -0.007724313996732235,
                    -0.031137704849243164
                ],
                [
                    0.0,
                    0.7311867475509644,
                    -0.6821772456169128,
                    -2.7499444484710693
                ],
                [
                    0.0,
                    0.0,
                    0.0,
                    1.0
                ]
            ]
        },
        {
            "file_path": "/data/shapenet_blender/all_50_random/02958343/ba817f535c2668081f757787330d376f/r_18",
            "rotation": 0.12566370614359174,
            "transform_matrix": [
                [
                    -0.9948873519897461,
                    -0.0022058640606701374,
                    -0.10096681863069534,
                    -0.4070102870464325
                ],
                [
                    -0.10099092870950699,
                    0.021730531007051468,
                    0.9946499466896057,
                    4.0095624923706055
                ],
                [
                    0.0,
                    0.9997613430023193,
                    -0.02184220217168331,
                    -0.08804874122142792
                ],
                [
                    0.0,
                    0.0,
                    0.0,
                    1.0
                ]
            ]
        },
        {
            "file_path": "/data/shapenet_blender/all_50_random/02958343/ba817f535c2668081f757787330d376f/r_19",
            "rotation": 0.12566370614359174,
            "transform_matrix": [
                [
                    0.8921012282371521,
                    0.21306298673152924,
                    -0.3984464406967163,
                    -1.6061891317367554
                ],
                [
                    -0.45183563232421875,
                    0.4206700921058655,
                    -0.7866899371147156,
                    -3.1712489128112793
                ],
                [
                    0.0,
                    0.8818394541740417,
                    0.4715496897697449,
                    1.9008777141571045
                ],
                [
                    0.0,
                    0.0,
                    0.0,
                    1.0
                ]
            ]
        },
        {
            "file_path": "/data/shapenet_blender/all_50_random/02958343/ba817f535c2668081f757787330d376f/r_20",
            "rotation": 0.12566370614359174,
            "transform_matrix": [
                [
                    -0.5430607199668884,
                    -0.6865735054016113,
                    0.4834272265434265,
                    1.9487576484680176
                ],
                [
                    0.839693546295166,
                    -0.44403237104415894,
                    0.3126501739025116,
                    1.2603332996368408
                ],
                [
                    0.0,
                    0.5757187604904175,
                    0.8176476955413818,
                    3.296043634414673
                ],
                [
                    0.0,
                    0.0,
                    0.0,
                    1.0
                ]
            ]
        },
        {
            "file_path": "/data/shapenet_blender/all_50_random/02958343/ba817f535c2668081f757787330d376f/r_21",
            "rotation": 0.12566370614359174,
            "transform_matrix": [
                [
                    0.8968997001647949,
                    0.05750338360667229,
                    -0.43847936391830444,
                    -1.7675668001174927
                ],
                [
                    -0.4422338604927063,
                    0.11662329733371735,
                    -0.8892852067947388,
                    -3.5848233699798584
                ],
                [
                    0.0,
                    0.9915100932121277,
                    0.1300293505191803,
                    0.5241650938987732
                ],
                [
                    0.0,
                    0.0,
                    0.0,
                    1.0
                ]
            ]
        },
        {
            "file_path": "/data/shapenet_blender/all_50_random/02958343/ba817f535c2668081f757787330d376f/r_22",
            "rotation": 0.12566370614359174,
            "transform_matrix": [
                [
                    -0.7666651010513306,
                    0.1577179729938507,
                    0.6223741173744202,
                    2.5088706016540527
                ],
                [
                    0.6420471668243408,
                    0.18833017349243164,
                    0.7431735992431641,
                    2.995828866958618
                ],
                [
                    7.450580596923828e-09,
                    0.9693588614463806,
                    -0.2456485480070114,
                    -0.9902410507202148
                ],
                [
                    0.0,
                    0.0,
                    0.0,
                    1.0
                ]
            ]
        },
        {
            "file_path": "/data/shapenet_blender/all_50_random/02958343/ba817f535c2668081f757787330d376f/r_23",
            "rotation": 0.12566370614359174,
            "transform_matrix": [
                [
                    0.890597403049469,
                    -0.22209115326404572,
                    0.39687761664390564,
                    1.5998648405075073
                ],
                [
                    0.4547926187515259,
                    0.4349098801612854,
                    -0.7771853804588318,
                    -3.1329345703125
                ],
                [
                    0.0,
                    0.8726562857627869,
                    0.488334983587265,
                    1.9685412645339966
                ],
                [
                    0.0,
                    0.0,
                    0.0,
                    1.0
                ]
            ]
        },
        {
            "file_path": "/data/shapenet_blender/all_50_random/02958343/ba817f535c2668081f757787330d376f/r_24",
            "rotation": 0.12566370614359174,
            "transform_matrix": [
                [
                    -0.6113802790641785,
                    0.34809407591819763,
                    -0.7106649279594421,
                    -2.8647818565368652
                ],
                [
                    -0.7913370132446289,
                    -0.26893454790115356,
                    0.5490537285804749,
                    2.213306427001953
                ],
                [
                    0.0,
                    0.8980559706687927,
                    0.43988102674484253,
                    1.7732170820236206
                ],
                [
                    0.0,
                    0.0,
                    0.0,
                    1.0
                ]
            ]
        },
        {
            "file_path": "/data/shapenet_blender/all_50_random/02958343/ba817f535c2668081f757787330d376f/r_25",
            "rotation": 0.12566370614359174,
            "transform_matrix": [
                [
                    0.9999999403953552,
                    -0.00011087485472671688,
                    -0.0004505322431214154,
                    -0.0018161535263061523
                ],
                [
                    -0.000463974749436602,
                    -0.2389674186706543,
                    -0.9710274934768677,
                    -3.914336919784546
                ],
                [
                    7.275958481545164e-12,
                    0.9710274934768677,
                    -0.23896746337413788,
                    -0.9633086323738098
                ],
                [
                    0.0,
                    0.0,
                    0.0,
                    1.0
                ]
            ]
        },
        {
            "file_path": "/data/shapenet_blender/all_50_random/02958343/ba817f535c2668081f757787330d376f/r_26",
            "rotation": 0.12566370614359174,
            "transform_matrix": [
                [
                    -0.8266111612319946,
                    0.09941262006759644,
                    0.553923487663269,
                    2.2329366207122803
                ],
                [
                    0.562773585319519,
                    0.14601890742778778,
                    0.8136120438575745,
                    3.2797746658325195
                ],
                [
                    0.0,
                    0.98427414894104,
                    -0.17664767801761627,
                    -0.712089478969574
                ],
                [
                    0.0,
                    0.0,
                    0.0,
                    1.0
                ]
            ]
        },
        {
            "file_path": "/data/shapenet_blender/all_50_random/02958343/ba817f535c2668081f757787330d376f/r_27",
            "rotation": 0.12566370614359174,
            "transform_matrix": [
                [
                    -0.015298672020435333,
                    -0.03795832023024559,
                    -0.9991622567176819,
                    -4.027751922607422
                ],
                [
                    -0.9998829960823059,
                    0.0005807798006571829,
                    0.015287644229829311,
                    0.06162646412849426
                ],
                [
                    -5.820766091346741e-11,
                    0.9992790818214417,
                    -0.037962768226861954,
                    -0.1530328094959259
                ],
                [
                    0.0,
                    0.0,
                    0.0,
                    1.0
                ]
            ]
        },
        {
            "file_path": "/data/shapenet_blender/all_50_random/02958343/ba817f535c2668081f757787330d376f/r_28",
            "rotation": 0.12566370614359174,
            "transform_matrix": [
                [
                    0.9928688406944275,
                    -0.06107228994369507,
                    -0.10237996280193329,
                    -0.41270682215690613
                ],
                [
                    -0.11921191960573196,
                    -0.5086469054222107,
                    -0.8526821136474609,
                    -3.4372715950012207
                ],
                [
                    -3.725290298461914e-09,
                    0.8588064312934875,
                    -0.5123001933097839,
                    -2.065148115158081
                ],
                [
                    0.0,
                    0.0,
                    0.0,
                    1.0
                ]
            ]
        },
        {
            "file_path": "/data/shapenet_blender/all_50_random/02958343/ba817f535c2668081f757787330d376f/r_29",
            "rotation": 0.12566370614359174,
            "transform_matrix": [
                [
                    -0.9549200534820557,
                    0.027844049036502838,
                    -0.295554518699646,
                    -1.1914185285568237
                ],
                [
                    -0.29686325788497925,
                    -0.0895659551024437,
                    0.9507102370262146,
                    3.8324358463287354
                ],
                [
                    -1.862645371275562e-09,
                    0.9955915808677673,
                    0.09379418194293976,
                    0.37809646129608154
                ],
                [
                    0.0,
                    0.0,
                    0.0,
                    1.0
                ]
            ]
        },
        {
            "file_path": "/data/shapenet_blender/all_50_random/02958343/ba817f535c2668081f757787330d376f/r_30",
            "rotation": 0.12566370614359174,
            "transform_matrix": [
                [
                    0.8379241228103638,
                    0.020711403340101242,
                    0.545393705368042,
                    2.1985526084899902
                ],
                [
                    0.5457869172096252,
                    -0.03179736062884331,
                    -0.8373204469680786,
                    -3.3753468990325928
                ],
                [
                    0.0,
                    0.9992796778678894,
                    -0.03794778510928154,
                    -0.15297242999076843
                ],
                [
                    0.0,
                    0.0,
                    0.0,
                    1.0
                ]
            ]
        },
        {
            "file_path": "/data/shapenet_blender/all_50_random/02958343/ba817f535c2668081f757787330d376f/r_31",
            "rotation": 0.12566370614359174,
            "transform_matrix": [
                [
                    0.4514479637145996,
                    0.4646390974521637,
                    -0.7617776393890381,
                    -3.070823907852173
                ],
                [
                    -0.8922974467277527,
                    0.23507900536060333,
                    -0.38541293144226074,
                    -1.5536491870880127
                ],
                [
                    1.4901161193847656e-08,
                    0.8537260890007019,
                    0.5207222700119019,
                    2.0990986824035645
                ],
                [
                    0.0,
                    0.0,
                    0.0,
                    1.0
                ]
            ]
        },
        {
            "file_path": "/data/shapenet_blender/all_50_random/02958343/ba817f535c2668081f757787330d376f/r_32",
            "rotation": 0.12566370614359174,
            "transform_matrix": [
                [
                    0.9950064420700073,
                    -0.005514449905604124,
                    -0.09965787082910538,
                    -0.4017336964607239
                ],
                [
                    -0.09981031715869904,
                    -0.054973404854536057,
                    -0.9934867024421692,
                    -4.004872798919678
                ],
                [
                    0.0,
                    0.9984726309776306,
                    -0.05524929240345955,
                    -0.2227170169353485
                ],
                [
                    0.0,
                    0.0,
                    0.0,
                    1.0
                ]
            ]
        },
        {
            "file_path": "/data/shapenet_blender/all_50_random/02958343/ba817f535c2668081f757787330d376f/r_33",
            "rotation": 0.12566370614359174,
            "transform_matrix": [
                [
                    -0.9631639719009399,
                    0.05840037763118744,
                    0.2624967098236084,
                    1.058158040046692
                ],
                [
                    0.26891472935676575,
                    0.20917092263698578,
                    0.940176784992218,
                    3.789973735809326
                ],
                [
                    0.0,
                    0.9761337637901306,
                    -0.2171706110239029,
                    -0.8754427433013916
                ],
                [
                    0.0,
                    0.0,
                    0.0,
                    1.0
                ]
            ]
        },
        {
            "file_path": "/data/shapenet_blender/all_50_random/02958343/ba817f535c2668081f757787330d376f/r_34",
            "rotation": 0.12566370614359174,
            "transform_matrix": [
                [
                    -0.8435777425765991,
                    0.4598078429698944,
                    -0.2774045765399933,
                    -1.1182537078857422
                ],
                [
                    -0.5370069742202759,
                    -0.722306489944458,
                    0.4357714056968689,
                    1.7566509246826172
                ],
                [
                    -1.4901161193847656e-08,
                    0.5165752172470093,
                    0.8562415838241577,
                    3.4516208171844482
                ],
                [
                    0.0,
                    0.0,
                    0.0,
                    1.0
                ]
            ]
        },
        {
            "file_path": "/data/shapenet_blender/all_50_random/02958343/ba817f535c2668081f757787330d376f/r_35",
            "rotation": 0.12566370614359174,
            "transform_matrix": [
                [
                    -0.7847791314125061,
                    -0.43548962473869324,
                    0.44098788499832153,
                    1.7776789665222168
                ],
                [
                    0.6197753548622131,
                    -0.5514307022094727,
                    0.5583928227424622,
                    2.250953435897827
                ],
                [
                    -2.9802320611338473e-08,
                    0.7115285396575928,
                    0.702657163143158,
                    2.8325016498565674
                ],
                [
                    0.0,
                    0.0,
                    0.0,
                    1.0
                ]
            ]
        },
        {
            "file_path": "/data/shapenet_blender/all_50_random/02958343/ba817f535c2668081f757787330d376f/r_36",
            "rotation": 0.12566370614359174,
            "transform_matrix": [
                [
                    -0.9962519407272339,
                    -0.003367020282894373,
                    0.08643389493227005,
                    0.3484261631965637
                ],
                [
                    0.08649945259094238,
                    -0.03877944126725197,
                    0.9954968690872192,
                    4.012976169586182
                ],
                [
                    2.3283067140944524e-10,
                    0.9992420077323914,
                    0.03892534226179123,
                    0.15691307187080383
                ],
                [
                    0.0,
                    0.0,
                    0.0,
                    1.0
                ]
            ]
        },
        {
            "file_path": "/data/shapenet_blender/all_50_random/02958343/ba817f535c2668081f757787330d376f/r_37",
            "rotation": 0.12566370614359174,
            "transform_matrix": [
                [
                    0.9914759397506714,
                    0.07900294661521912,
                    -0.10360492765903473,
                    -0.41764482855796814
                ],
                [
                    -0.13028986752033234,
                    0.6011943221092224,
                    -0.7884097695350647,
                    -3.1781814098358154
                ],
                [
                    0.0,
                    0.7951880097389221,
                    0.6063629984855652,
                    2.4443273544311523
                ],
                [
                    0.0,
                    0.0,
                    0.0,
                    1.0
                ]
            ]
        },
        {
            "file_path": "/data/shapenet_blender/all_50_random/02958343/ba817f535c2668081f757787330d376f/r_38",
            "rotation": 0.12566370614359174,
            "transform_matrix": [
                [
                    0.41033580899238586,
                    -0.7496160864830017,
                    -0.5193266868591309,
                    -2.093472719192505
                ],
                [
                    -0.911934494972229,
                    -0.3372986912727356,
                    -0.23367725312709808,
                    -0.941983163356781
                ],
                [
                    1.4901160305669237e-08,
                    0.5694780945777893,
                    -0.8220065236091614,
                    -3.3136143684387207
                ],
                [
                    0.0,
                    0.0,
                    0.0,
                    1.0
                ]
            ]
        },
        {
            "file_path": "/data/shapenet_blender/all_50_random/02958343/ba817f535c2668081f757787330d376f/r_39",
            "rotation": 0.12566370614359174,
            "transform_matrix": [
                [
                    0.33557096123695374,
                    0.05235360190272331,
                    0.9405590295791626,
                    3.7915146350860596
                ],
                [
                    0.9420150518417358,
                    -0.01864975318312645,
                    -0.3350522816181183,
                    -1.35063898563385
                ],
                [
                    1.862645371275562e-09,
                    0.9984543919563293,
                    -0.055576201528310776,
                    -0.22403483092784882
                ],
                [
                    0.0,
                    0.0,
                    0.0,
                    1.0
                ]
            ]
        },
        {
            "file_path": "/data/shapenet_blender/all_50_random/02958343/ba817f535c2668081f757787330d376f/r_40",
            "rotation": 0.12566370614359174,
            "transform_matrix": [
                [
                    0.7264118790626526,
                    0.18813824653625488,
                    -0.6610066890716553,
                    -2.6646032333374023
                ],
                [
                    -0.6872596740722656,
                    0.1988562047481537,
                    -0.6986632347106934,
                    -2.816401481628418
                ],
                [
                    1.4901161193847656e-08,
                    0.9618005752563477,
                    0.27375128865242004,
                    1.1035267114639282
                ],
                [
                    0.0,
                    0.0,
                    0.0,
                    1.0
                ]
            ]
        },
        {
            "file_path": "/data/shapenet_blender/all_50_random/02958343/ba817f535c2668081f757787330d376f/r_41",
            "rotation": 0.12566370614359174,
            "transform_matrix": [
                [
                    -0.8902021050453186,
                    0.022584902122616768,
                    0.4550056457519531,
                    1.8341864347457886
                ],
                [
                    0.45556581020355225,
                    0.04413221403956413,
                    0.8891074657440186,
                    3.584106922149658
                ],
                [
