{
    "class": "02958343",
    "model": "395d86efa3a1a55a49ddf31673a8d73d",
    "remove_doubles": true,
    "edge_split": true,
    "denoise": true,
    "camera_angle_x": 0.6911112070083618,
    "scale_factor": 2.201813844987844,
    "hdri_file": "/data/IndoorHDRDataset2018/9C4A2473-fd57562ee6.exr",
    "center_offset": [
        0.0,
        -2.3283064365386963e-10,
        0.0
    ],
    "lights": [],
    "frames": [
        {
            "file_path": "/data/shapenet_blender/all_50_random/02958343/395d86efa3a1a55a49ddf31673a8d73d/r_0",
            "rotation": 0.12566370614359174,
            "transform_matrix": [
                [
                    0.9530667066574097,
                    0.12347377836704254,
                    -0.2764380872249603,
                    -1.1143577098846436
                ],
                [
                    -0.3027602732181549,
                    0.3886861801147461,
                    -0.8702064156532288,
                    -3.5079145431518555
                ],
                [
                    -7.450580152834618e-09,
                    0.9130592942237854,
                    0.4078267812728882,
                    1.6440024375915527
                ],
                [
                    0.0,
                    0.0,
                    0.0,
                    1.0
                ]
            ]
        },
        {
            "file_path": "/data/shapenet_blender/all_50_random/02958343/395d86efa3a1a55a49ddf31673a8d73d/r_1",
            "rotation": 0.12566370614359174,
            "transform_matrix": [
                [
                    0.8472928404808044,
                    -0.09177300333976746,
                    0.5231373310089111,
                    2.1088340282440186
                ],
                [
                    0.5311261415481567,
                    0.14640328288078308,
                    -0.8345484733581543,
                    -3.3641724586486816
                ],
                [
                    -7.450580596923828e-09,
                    0.984958827495575,
                    0.17278946936130524,
                    0.696536660194397
                ],
                [
                    0.0,
                    0.0,
                    0.0,
                    1.0
                ]
            ]
        },
        {
            "file_path": "/data/shapenet_blender/all_50_random/02958343/395d86efa3a1a55a49ddf31673a8d73d/r_2",
            "rotation": 0.12566370614359174,
            "transform_matrix": [
                [
                    0.4152192771434784,
                    -0.11229965835809708,
                    0.9027632474899292,
                    3.639155626296997
                ],
                [
                    0.9097214341163635,
                    0.05125632882118225,
                    -0.41204336285591125,
                    -1.66100013256073
                ],
                [
                    0.0,
                    0.9923514127731323,
                    0.12344401329755783,
                    0.49761879444122314
                ],
                [
                    0.0,
                    0.0,
                    0.0,
                    1.0
                ]
            ]
        },
        {
            "file_path": "/data/shapenet_blender/all_50_random/02958343/395d86efa3a1a55a49ddf31673a8d73d/r_3",
            "rotation": 0.12566370614359174,
            "transform_matrix": [
                [
                    -0.7737532258033752,
                    0.29218360781669617,
                    0.5620806217193604,
                    2.265819549560547
                ],
                [
                    0.6334870457649231,
                    0.3568786680698395,
                    0.6865360140800476,
                    2.767515182495117
                ],
                [
                    -1.4901160305669237e-08,
                    0.8872803449630737,
                    -0.4612305164337158,
                    -1.8592796325683594
                ],
                [
                    0.0,
                    0.0,
                    0.0,
                    1.0
                ]
            ]
        },
        {
            "file_path": "/data/shapenet_blender/all_50_random/02958343/395d86efa3a1a55a49ddf31673a8d73d/r_4",
            "rotation": 0.12566370614359174,
            "transform_matrix": [
                [
                    0.6734167337417603,
                    0.7278903722763062,
                    -0.12917199730873108,
                    -0.5207089781761169
                ],
                [
                    -0.7392629981040955,
                    0.6630570888519287,
                    -0.11766662448644638,
                    -0.4743293225765228
                ],
                [
                    7.450580152834618e-09,
                    0.17473094165325165,
                    0.984616219997406,
                    3.9691150188446045
                ],
                [
                    0.0,
                    0.0,
                    0.0,
                    1.0
                ]
            ]
        },
        {
            "file_path": "/data/shapenet_blender/all_50_random/02958343/395d86efa3a1a55a49ddf31673a8d73d/r_5",
            "rotation": 0.12566370614359174,
            "transform_matrix": [
                [
                    0.6344025135040283,
                    -0.5909527540206909,
                    -0.49830541014671326,
                    -2.0087335109710693
                ],
                [
                    -0.7730029821395874,
                    -0.48499417304992676,
                    -0.4089585840702057,
                    -1.6485649347305298
                ],
                [
                    -1.4901162970204496e-08,
                    0.6446359157562256,
                    -0.7644896507263184,
                    -3.081756591796875
                ],
                [
                    0.0,
                    0.0,
                    0.0,
                    1.0
                ]
            ]
        },
        {
            "file_path": "/data/shapenet_blender/all_50_random/02958343/395d86efa3a1a55a49ddf31673a8d73d/r_6",
            "rotation": 0.12566370614359174,
            "transform_matrix": [
                [
                    0.21583226323127747,
                    0.14000937342643738,
                    0.9663403630256653,
                    3.8954429626464844
                ],
                [
                    0.9764304757118225,
                    -0.030947968363761902,
                    -0.21360191702842712,
                    -0.861056923866272
                ],
                [
                    -1.862645149230957e-09,
                    0.9896664023399353,
                    -0.14338897168636322,
                    -0.5780194997787476
                ],
                [
                    0.0,
                    0.0,
                    0.0,
                    1.0
                ]
            ]
        },
        {
            "file_path": "/data/shapenet_blender/all_50_random/02958343/395d86efa3a1a55a49ddf31673a8d73d/r_7",
            "rotation": 0.12566370614359174,
            "transform_matrix": [
                [
                    -0.6676142811775208,
                    -0.4929408133029938,
                    0.5579431653022766,
                    2.249140977859497
                ],
                [
                    0.7445074319839478,
                    -0.44202959537506104,
                    0.5003184676170349,
                    2.016848564147949
                ],
                [
                    0.0,
                    0.7494126558303833,
                    0.6621031761169434,
                    2.6690235137939453
                ],
                [
                    0.0,
                    0.0,
                    0.0,
                    1.0
                ]
            ]
        },
        {
            "file_path": "/data/shapenet_blender/all_50_random/02958343/395d86efa3a1a55a49ddf31673a8d73d/r_8",
            "rotation": 0.12566370614359174,
            "transform_matrix": [
                [
                    -0.4588155150413513,
                    -0.7516247630119324,
                    -0.4738655388355255,
                    -1.9102132320404053
                ],
                [
                    -0.8885316848754883,
                    0.38812020421028137,
                    0.24469231069087982,
                    0.9863862991333008
                ],
                [
                    0.0,
                    0.5333131551742554,
                    -0.845917820930481,
                    -3.410004138946533
                ],
                [
                    0.0,
                    0.0,
                    0.0,
                    1.0
                ]
            ]
        },
        {
            "file_path": "/data/shapenet_blender/all_50_random/02958343/395d86efa3a1a55a49ddf31673a8d73d/r_9",
            "rotation": 0.12566370614359174,
            "transform_matrix": [
                [
                    -0.06046951562166214,
                    0.6412478089332581,
                    -0.7649473547935486,
                    -3.083601713180542
                ],
                [
                    -0.9981701374053955,
                    -0.03884702920913696,
                    0.04634079337120056,
                    0.18680572509765625
                ],
                [
                    0.0,
                    0.7663497924804688,
                    0.6424233913421631,
                    2.5896918773651123
                ],
                [
                    0.0,
                    0.0,
                    0.0,
                    1.0
                ]
            ]
        },
        {
            "file_path": "/data/shapenet_blender/all_50_random/02958343/395d86efa3a1a55a49ddf31673a8d73d/r_10",
            "rotation": 0.12566370614359174,
            "transform_matrix": [
                [
                    -0.9935348033905029,
                    0.010073855519294739,
                    0.11307960748672485,
                    0.45583850145339966
                ],
                [
                    0.11352744698524475,
                    0.08816128969192505,
                    0.9896155595779419,
                    3.9892680644989014
                ],
                [
                    0.0,
                    0.9960552453994751,
                    -0.08873496949672699,
                    -0.3577021360397339
                ],
                [
                    0.0,
                    0.0,
                    0.0,
                    1.0
                ]
            ]
        },
        {
            "file_path": "/data/shapenet_blender/all_50_random/02958343/395d86efa3a1a55a49ddf31673a8d73d/r_11",
            "rotation": 0.12566370614359174,
            "transform_matrix": [
                [
                    -0.686145007610321,
                    0.020954709500074387,
                    -0.7271629571914673,
                    -2.9312875270843506
                ],
                [
                    -0.7274648547172546,
                    -0.019764486700296402,
                    0.685860276222229,
                    2.764791250228882
                ],
                [
                    0.0,
                    0.9995849132537842,
                    0.028805119916796684,
                    0.11611714959144592
                ],
                [
                    0.0,
                    0.0,
                    0.0,
                    1.0
                ]
            ]
        },
        {
            "file_path": "/data/shapenet_blender/all_50_random/02958343/395d86efa3a1a55a49ddf31673a8d73d/r_12",
            "rotation": 0.12566370614359174,
            "transform_matrix": [
                [
                    0.4124605655670166,
                    -0.007853932678699493,
                    -0.9109416007995605,
                    -3.6721229553222656
                ],
                [
                    -0.910975456237793,
                    -0.0035560093820095062,
                    -0.41244521737098694,
                    -1.6626198291778564
                ],
                [
                    2.3283062977608182e-10,
                    0.9999628067016602,
                    -0.008621453307569027,
                    -0.0347541905939579
                ],
                [
                    0.0,
                    0.0,
                    0.0,
                    1.0
                ]
            ]
        },
        {
            "file_path": "/data/shapenet_blender/all_50_random/02958343/395d86efa3a1a55a49ddf31673a8d73d/r_13",
            "rotation": 0.12566370614359174,
            "transform_matrix": [
                [
                    0.1485237032175064,
                    -0.01341803465038538,
                    0.9888177514076233,
                    3.9860520362854004
                ],
                [
                    0.9889088273048401,
                    0.0020152477081865072,
                    -0.14851002395153046,
                    -0.5986630916595459
                ],
                [
                    0.0,
                    0.9999079704284668,
                    0.013568523339927197,
                    0.054696470499038696
                ],
                [
                    0.0,
                    0.0,
                    0.0,
                    1.0
                ]
            ]
        },
        {
            "file_path": "/data/shapenet_blender/all_50_random/02958343/395d86efa3a1a55a49ddf31673a8d73d/r_14",
            "rotation": 0.12566370614359174,
            "transform_matrix": [
                [
                    -0.9647449851036072,
                    0.01513709407299757,
                    0.2627509534358978,
                    1.0591830015182495
                ],
                [
                    0.26318666338920593,
                    0.05548699572682381,
                    0.9631479382514954,
                    3.8825736045837402
                ],
                [
                    0.0,
                    0.9983446002006531,
                    -0.05751468241214752,
                    -0.23184910416603088
                ],
                [
                    0.0,
                    0.0,
                    0.0,
                    1.0
                ]
            ]
        },
        {
            "file_path": "/data/shapenet_blender/all_50_random/02958343/395d86efa3a1a55a49ddf31673a8d73d/r_15",
            "rotation": 0.12566370614359174,
            "transform_matrix": [
                [
                    0.8762351274490356,
                    -0.25015321373939514,
                    -0.411868155002594,
                    -1.660293698310852
                ],
                [
                    -0.48188385367393494,
                    -0.4548669755458832,
                    -0.7489218711853027,
                    -3.01900053024292
                ],
                [
                    0.0,
                    0.8547041416168213,
                    -0.5191152095794678,
                    -2.092620372772217
                ],
                [
                    0.0,
                    0.0,
                    0.0,
                    1.0
                ]
            ]
        },
        {
            "file_path": "/data/shapenet_blender/all_50_random/02958343/395d86efa3a1a55a49ddf31673a8d73d/r_16",
            "rotation": 0.12566370614359174,
            "transform_matrix": [
                [
                    -0.7700481414794922,
                    0.1686328798532486,
                    0.6152957677841187,
                    2.4803366661071777
                ],
                [
                    0.63798588514328,
                    0.2035396695137024,
                    0.74266117811203,
                    2.993762969970703
                ],
                [
                    0.0,
                    0.964434802532196,
                    -0.2643207311630249,
                    -1.0655109882354736
                ],
                [
                    0.0,
                    0.0,
                    0.0,
                    1.0
                ]
            ]
        },
        {
            "file_path": "/data/shapenet_blender/all_50_random/02958343/395d86efa3a1a55a49ddf31673a8d73d/r_17",
            "rotation": 0.12566370614359174,
            "transform_matrix": [
                [
                    0.9858583807945251,
                    -0.15989305078983307,
                    -0.05017518624663353,
                    -0.20226263999938965
                ],
                [
                    -0.16758085787296295,
                    -0.9406319260597229,
                    -0.2951746881008148,
                    -1.189887285232544
                ],
                [
                    0.0,
                    0.2994087040424347,
                    -0.9541248679161072,
                    -3.846200466156006
                ],
                [
                    0.0,
                    0.0,
                    0.0,
                    1.0
                ]
            ]
        },
        {
            "file_path": "/data/shapenet_blender/all_50_random/02958343/395d86efa3a1a55a49ddf31673a8d73d/r_18",
            "rotation": 0.12566370614359174,
            "transform_matrix": [
                [
                    -0.4424417316913605,
                    -0.15582258999347687,
                    0.8831560611724854,
                    3.5601160526275635
                ],
                [
                    0.8967972993850708,
                    -0.07687623798847198,
                    0.43571168184280396,
                    1.756410002708435
                ],
                [
                    -7.450581485102248e-09,
                    0.9847888946533203,
                    0.1737545281648636,
                    0.7004269361495972
                ],
                [
                    0.0,
                    0.0,
                    0.0,
                    1.0
                ]
            ]
        },
        {
            "file_path": "/data/shapenet_blender/all_50_random/02958343/395d86efa3a1a55a49ddf31673a8d73d/r_19",
            "rotation": 0.12566370614359174,
            "transform_matrix": [
                [
                    -0.39714333415031433,
                    -0.5245277285575867,
                    0.7530921697616577,
                    3.03581166267395
                ],
                [
                    0.9177566766738892,
                    -0.2269802987575531,
                    0.3258875906467438,
                    1.313694953918457
                ],
                [
                    1.4901162970204496e-08,
                    0.8205794095993042,
                    0.5715324878692627,
                    2.3039212226867676
                ],
                [
                    0.0,
                    0.0,
                    0.0,
                    1.0
                ]
            ]
        },
        {
            "file_path": "/data/shapenet_blender/all_50_random/02958343/395d86efa3a1a55a49ddf31673a8d73d/r_20",
            "rotation": 0.12566370614359174,
            "transform_matrix": [
                [
                    0.8954296708106995,
                    -0.39932429790496826,
                    -0.19683967530727386,
                    -0.7934861183166504
                ],
                [
                    -0.4452030062675476,
                    -0.8031545281410217,
                    -0.3959004878997803,
                    -1.5959259271621704
                ],
                [
                    0.0,
                    0.4421346187591553,
                    -0.8969486951828003,
                    -3.615715742111206
                ],
                [
                    0.0,
                    0.0,
                    0.0,
                    1.0
                ]
            ]
        },
        {
            "file_path": "/data/shapenet_blender/all_50_random/02958343/395d86efa3a1a55a49ddf31673a8d73d/r_21",
            "rotation": 0.12566370614359174,
            "transform_matrix": [
                [
                    -0.6259832382202148,
                    -0.0669420138001442,
                    0.7769580483436584,
                    3.1320180892944336
                ],
                [
                    0.7798366546630859,
                    -0.053735073655843735,
                    0.623672604560852,
                    2.5141046047210693
                ],
                [
                    0.0,
                    0.9963088035583496,
                    0.08584108203649521,
                    0.34603646397590637
                ],
                [
                    0.0,
                    0.0,
                    0.0,
                    1.0
                ]
            ]
        },
        {
            "file_path": "/data/shapenet_blender/all_50_random/02958343/395d86efa3a1a55a49ddf31673a8d73d/r_22",
            "rotation": 0.12566370614359174,
            "transform_matrix": [
                [
                    -0.99928218126297,
                    0.02516058459877968,
                    -0.02832128293812275,
                    -0.1141667366027832
                ],
                [
                    -0.03788337484002113,
                    -0.663682222366333,
                    0.7470546960830688,
                    3.0114736557006836
                ],
                [
                    0.0,
                    0.7475912570953369,
                    0.6641589999198914,
                    2.6773104667663574
                ],
                [
                    0.0,
                    0.0,
                    0.0,
                    1.0
                ]
            ]
        },
        {
            "file_path": "/data/shapenet_blender/all_50_random/02958343/395d86efa3a1a55a49ddf31673a8d73d/r_23",
            "rotation": 0.12566370614359174,
            "transform_matrix": [
                [
                    -0.9793224334716797,
                    -0.1627301126718521,
                    -0.1201939657330513,
                    -0.484517365694046
                ],
                [
                    -0.2023058980703354,
                    0.7877439856529236,
                    0.5818349719047546,
                    2.345451831817627
                ],
                [
                    7.450580596923828e-09,
                    0.5941199064254761,
                    -0.804376482963562,
                    -3.2425453662872314
                ],
                [
                    0.0,
                    0.0,
                    0.0,
                    1.0
                ]
            ]
        },
        {
            "file_path": "/data/shapenet_blender/all_50_random/02958343/395d86efa3a1a55a49ddf31673a8d73d/r_24",
            "rotation": 0.12566370614359174,
            "transform_matrix": [
                [
                    -0.11049932986497879,
                    -0.41927218437194824,
                    -0.9011107683181763,
                    -3.632493734359741
                ],
                [
                    -0.9938761591911316,
                    0.04661475494503975,
                    0.10018565505743027,
                    0.40386128425598145
                ],
                [
                    0.0,
                    0.9066629409790039,
                    -0.4218555688858032,
                    -1.7005541324615479
                ],
                [
                    0.0,
                    0.0,
                    0.0,
                    1.0
                ]
            ]
        },
        {
            "file_path": "/data/shapenet_blender/all_50_random/02958343/395d86efa3a1a55a49ddf31673a8d73d/r_25",
            "rotation": 0.12566370614359174,
            "transform_matrix": [
                [
                    0.8810641169548035,
                    -0.1072583794593811,
                    0.4606752097606659,
                    1.8570411205291748
                ],
                [
                    0.4729968309402466,
                    0.19979310035705566,
                    -0.8581122756004333,
                    -3.4591612815856934
                ],
                [
                    7.450580596923828e-09,
                    0.9739498496055603,
                    0.22676341235637665,
                    0.9141125679016113
                ],
                [
                    0.0,
                    0.0,
                    0.0,
                    1.0
                ]
            ]
        },
        {
            "file_path": "/data/shapenet_blender/all_50_random/02958343/395d86efa3a1a55a49ddf31673a8d73d/r_26",
            "rotation": 0.12566370614359174,
            "transform_matrix": [
                [
                    -0.3965564966201782,
                    0.16072805225849152,
                    0.9038304090499878,
                    3.6434569358825684
                ],
                [
                    0.9180102944374084,
                    0.06943032890558243,
                    0.39043116569519043,
                    1.5738784074783325
                ],
                [
                    -7.450580596923828e-09,
                    0.9845535755157471,
                    -0.17508308589458466,
                    -0.7057824730873108
                ],
                [
                    0.0,
                    0.0,
                    0.0,
                    1.0
                ]
            ]
        },
        {
            "file_path": "/data/shapenet_blender/all_50_random/02958343/395d86efa3a1a55a49ddf31673a8d73d/r_27",
            "rotation": 0.12566370614359174,
            "transform_matrix": [
                [
                    -0.3233199715614319,
                    0.7656781077384949,
                    0.5560585856437683,
                    2.241544008255005
                ],
                [
                    0.9462897181510925,
                    0.2616101801395416,
                    0.18998923897743225,
                    0.7658711671829224
                ],
                [
                    1.4901161193847656e-08,
                    0.5876199007034302,
                    -0.8091370463371277,
                    -3.2617359161376953
                ],
                [
                    0.0,
                    0.0,
                    0.0,
                    1.0
                ]
            ]
        },
        {
            "file_path": "/data/shapenet_blender/all_50_random/02958343/395d86efa3a1a55a49ddf31673a8d73d/r_28",
            "rotation": 0.12566370614359174,
            "transform_matrix": [
                [
                    -0.8426322937011719,
                    -0.13625195622444153,
                    -0.5209667086601257,
                    -2.100084066390991
                ],
                [
                    -0.5384894609451294,
                    0.21320806443691254,
                    0.8152124881744385,
                    3.286226749420166
                ],
                [
                    7.450580596923828e-09,
                    0.9674593806266785,
                    -0.25302624702453613,
                    -1.0199813842773438
                ],
                [
                    0.0,
                    0.0,
                    0.0,
                    1.0
                ]
            ]
        },
        {
            "file_path": "/data/shapenet_blender/all_50_random/02958343/395d86efa3a1a55a49ddf31673a8d73d/r_29",
            "rotation": 0.12566370614359174,
            "transform_matrix": [
                [
                    -0.02596335858106613,
                    -0.5824341773986816,
                    0.812463104724884,
                    3.275143623352051
                ],
                [
                    0.9996629357337952,
                    -0.015127046033740044,
                    0.02110138349235058,
                    0.08506239950656891
                ],
                [
                    -9.313225746154785e-10,
                    0.812736988067627,
                    0.5826305747032166,
                    2.348659038543701
                ],
                [
                    0.0,
                    0.0,
                    0.0,
                    1.0
                ]
            ]
        },
        {
            "file_path": "/data/shapenet_blender/all_50_random/02958343/395d86efa3a1a55a49ddf31673a8d73d/r_30",
            "rotation": 0.12566370614359174,
            "transform_matrix": [
                [
                    -0.9405495524406433,
                    0.08780372142791748,
                    -0.328111469745636,
                    -1.3226596117019653
                ],
                [
                    -0.33965665102005005,
                    -0.24313890933990479,
                    0.9085795283317566,
                    3.6626012325286865
                ],
                [
                    0.0,
                    0.966009259223938,
                    0.25850728154182434,
                    1.0420762300491333
                ],
                [
                    0.0,
                    0.0,
                    0.0,
                    1.0
                ]
            ]
        },
        {
            "file_path": "/data/shapenet_blender/all_50_random/02958343/395d86efa3a1a55a49ddf31673a8d73d/r_31",
            "rotation": 0.12566370614359174,
            "transform_matrix": [
                [
                    -0.7345359921455383,
                    -0.5595187544822693,
                    0.3839213252067566,
                    1.5476365089416504
                ],
                [
                    0.6785696744918823,
                    -0.6056661009788513,
                    0.4155859351158142,
                    1.6752805709838867
                ],
                [
                    1.4901160305669237e-08,
                    0.5657803416252136,
                    0.8245559930801392,
                    3.3238918781280518
                ],
                [
                    0.0,
                    0.0,
                    0.0,
                    1.0
                ]
            ]
        },
        {
            "file_path": "/data/shapenet_blender/all_50_random/02958343/395d86efa3a1a55a49ddf31673a8d73d/r_32",
            "rotation": 0.12566370614359174,
            "transform_matrix": [
                [
                    0.24069520831108093,
                    -0.15473099052906036,
                    0.9581878781318665,
                    3.862579107284546
                ],
                [
                    0.9706008434295654,
                    0.03837108239531517,
                    -0.23761695623397827,
                    -0.9578646421432495
                ],
                [
                    0.0,
                    0.9872111678123474,
                    0.15941773355007172,
                    0.6426334977149963
                ],
                [
                    0.0,
                    0.0,
                    0.0,
                    1.0
                ]
            ]
        },
        {
            "file_path": "/data/shapenet_blender/all_50_random/02958343/395d86efa3a1a55a49ddf31673a8d73d/r_33",
            "rotation": 0.12566370614359174,
            "transform_matrix": [
                [
                    0.3295218348503113,
                    0.06700866669416428,
                    -0.9417669773101807,
                    -3.796384334564209
                ],
                [
                    -0.9441479444503784,
                    0.023387033492326736,
                    -0.32869085669517517,
                    -1.3249953985214233
                ],
                [
                    -1.862645149230957e-09,
                    0.9974781274795532,
                    0.07097263634204865,
                    0.2860998809337616
                ],
                [
                    0.0,
                    0.0,
                    0.0,
                    1.0
                ]
            ]
        },
        {
            "file_path": "/data/shapenet_blender/all_50_random/02958343/395d86efa3a1a55a49ddf31673a8d73d/r_34",
            "rotation": 0.12566370614359174,
            "transform_matrix": [
                [
                    0.5689913034439087,
                    -0.016389837488532066,
                    -0.8221801519393921,
                    -3.314314365386963
                ],
                [
                    -0.8223435282707214,
                    -0.011340363882482052,
                    -0.5688782334327698,
                    -2.2932217121124268
                ],
                [
                    0.0,
                    0.9998013377189636,
                    -0.0199306458234787,
                    -0.08034300804138184
                ],
                [
                    0.0,
                    0.0,
                    0.0,
                    1.0
                ]
            ]
        },
        {
            "file_path": "/data/shapenet_blender/all_50_random/02958343/395d86efa3a1a55a49ddf31673a8d73d/r_35",
            "rotation": 0.12566370614359174,
            "transform_matrix": [
                [
                    -0.9235860705375671,
                    0.16994568705558777,
                    -0.34366729855537415,
                    -1.3853671550750732
                ],
                [
                    -0.3833911120891571,
                    -0.40939778089523315,
                    0.8278917074203491,
                    3.3373382091522217
                ],
                [
                    0.0,
                    0.8963882327079773,
                    0.4432697594165802,
                    1.7868775129318237
                ],
                [
                    0.0,
                    0.0,
                    0.0,
                    1.0
                ]
            ]
        },
        {
            "file_path": "/data/shapenet_blender/all_50_random/02958343/395d86efa3a1a55a49ddf31673a8d73d/r_36",
            "rotation": 0.12566370614359174,
            "transform_matrix": [
                [
                    0.5426405072212219,
                    0.8316899538040161,
                    -0.11761389672756195,
                    -0.4741167724132538
                ],
                [
                    -0.8399650454521179,
                    0.5372945666313171,
                    -0.07598181068897247,
                    -0.30629247426986694
                ],
                [
                    0.0,
                    0.1400221288204193,
                    0.9901483654975891,
                    3.9914157390594482
                ],
                [
                    0.0,
                    0.0,
                    0.0,
                    1.0
                ]
            ]
        },
        {
            "file_path": "/data/shapenet_blender/all_50_random/02958343/395d86efa3a1a55a49ddf31673a8d73d/r_37",
            "rotation": 0.12566370614359174,
            "transform_matrix": [
                [
                    -0.2773802578449249,
                    0.5393882393836975,
                    -0.7950600385665894,
                    -3.2049896717071533
                ],
                [
                    -0.9607601761817932,
                    -0.15572631359100342,
                    0.2295410931110382,
                    0.9253097772598267
                ],
                [
                    0.0,
                    0.8275322318077087,
                    0.5614181160926819,
                    2.2631490230560303
                ],
                [
                    0.0,
                    0.0,
                    0.0,
                    1.0
                ]
            ]
        },
        {
            "file_path": "/data/shapenet_blender/all_50_random/02958343/395d86efa3a1a55a49ddf31673a8d73d/r_38",
            "rotation": 0.12566370614359174,
            "transform_matrix": [
                [
                    0.9931634068489075,
                    0.0937952995300293,
                    0.0694904699921608,
                    0.28012505173683167
                ],
                [
                    0.11673253774642944,
                    -0.7980127930641174,
                    -0.5912266969680786,
                    -2.3833110332489014
                ],
                [
                    0.0,
                    0.5952964425086975,
                    -0.803506076335907,
                    -3.2390365600585938
                ],
                [
                    0.0,
                    0.0,
                    0.0,
                    1.0
                ]
            ]
        },
        {
            "file_path": "/data/shapenet_blender/all_50_random/02958343/395d86efa3a1a55a49ddf31673a8d73d/r_39",
            "rotation": 0.12566370614359174,
            "transform_matrix": [
                [
                    -0.9972089529037476,
                    0.03243039920926094,
                    0.06725053489208221,
                    0.2710955739021301
                ],
                [
                    0.07466167211532593,
                    0.4331524670124054,
                    0.8982229828834534,
                    3.6208527088165283
                ],
                [
                    -5.587935891782081e-09,
                    0.9007369875907898,
                    -0.43436479568481445,
                    -1.7509804964065552
                ],
                [
                    0.0,
                    0.0,
                    0.0,
                    1.0
                ]
            ]
        },
        {
            "file_path": "/data/shapenet_blender/all_50_random/02958343/395d86efa3a1a55a49ddf31673a8d73d/r_40",
            "rotation": 0.12566370614359174,
            "transform_matrix": [
                [
                    -0.2955142855644226,
                    0.8797706365585327,
                    0.3723906874656677,
                    1.5011550188064575
                ],
                [
                    0.9553382992744446,
                    0.2721389830112457,
                    0.11519140005111694,
                    0.4643514156341553
                ],
                [
                    -1.4901161193847656e-08,
                    0.3897998631000519,
                    -0.920899510383606,
                    -3.7122650146484375
                ],
                [
                    0.0,
                    0.0,
                    0.0,
                    1.0
                ]
            ]
        },
        {
            "file_path": "/data/shapenet_blender/all_50_random/02958343/395d86efa3a1a55a49ddf31673a8d73d/r_41",
            "rotation": 0.12566370614359174,
            "transform_matrix": [
                [
                    -0.08906616270542145,
                    0.13947373628616333,
                    -0.9862120151519775,
                    -3.975548028945923
                ],
                [
                    -0.996025800704956,
                    -0.012471955269575119,
                    0.08818858861923218,
                    0.35549959540367126
                ],
                [
                    0.0,
