{
    "class": "02958343",
    "model": "8f715205d2e70c1ebda733a39f84326d",
    "remove_doubles": true,
    "edge_split": true,
    "denoise": true,
    "camera_angle_x": 0.6911112070083618,
    "scale_factor": 2.3041820358656415,
    "hdri_file": "/data/IndoorHDRDataset2018/AG8A0962-c0b57d5a05.exr",
    "center_offset": [
        0.0,
        0.0,
        -3.725290298461914e-09
    ],
    "lights": [],
    "frames": [
        {
            "file_path": "/data/shapenet_blender/all_50_random/02958343/8f715205d2e70c1ebda733a39f84326d/r_0",
            "rotation": 0.12566370614359174,
            "transform_matrix": [
                [
                    0.9522634744644165,
                    -0.04384520277380943,
                    -0.302112340927124,
                    -1.2178537845611572
                ],
                [
                    -0.30527737736701965,
                    -0.13676802814006805,
                    -0.9423906803131104,
                    -3.798898458480835
                ],
                [
                    0.0,
                    0.989632248878479,
                    -0.14362415671348572,
                    -0.5789675116539001
                ],
                [
                    0.0,
                    0.0,
                    0.0,
                    1.0
                ]
            ]
        },
        {
            "file_path": "/data/shapenet_blender/all_50_random/02958343/8f715205d2e70c1ebda733a39f84326d/r_1",
            "rotation": 0.12566370614359174,
            "transform_matrix": [
                [
                    0.4172387719154358,
                    0.15000221133232117,
                    -0.8963320255279541,
                    -3.613229990005493
                ],
                [
                    -0.9087968468666077,
                    0.06886769086122513,
                    -0.4115160405635834,
                    -1.658874273300171
                ],
                [
                    0.0,
                    0.9862843155860901,
                    0.16505581140518188,
                    0.6653612852096558
                ],
                [
                    0.0,
                    0.0,
                    0.0,
                    1.0
                ]
            ]
        },
        {
            "file_path": "/data/shapenet_blender/all_50_random/02958343/8f715205d2e70c1ebda733a39f84326d/r_2",
            "rotation": 0.12566370614359174,
            "transform_matrix": [
                [
                    -0.9867819547653198,
                    -0.13486672937870026,
                    -0.08984709531068802,
                    -0.3621852695941925
                ],
                [
                    -0.1620541363954544,
                    0.8212320804595947,
                    0.54709792137146,
                    2.2054224014282227
                ],
                [
                    7.450581485102248e-09,
                    0.5544264316558838,
                    -0.832232654094696,
                    -3.354837417602539
                ],
                [
                    0.0,
                    0.0,
                    0.0,
                    1.0
                ]
            ]
        },
        {
            "file_path": "/data/shapenet_blender/all_50_random/02958343/8f715205d2e70c1ebda733a39f84326d/r_3",
            "rotation": 0.12566370614359174,
            "transform_matrix": [
                [
                    -0.9096819162368774,
                    0.2712900936603546,
                    0.3144526183605194,
                    1.267599105834961
                ],
                [
                    0.41530564427375793,
                    0.5942314863204956,
                    0.6887742877006531,
                    2.7765378952026367
                ],
                [
                    -1.4901161193847656e-08,
                    0.757159411907196,
                    -0.6532300710678101,
                    -2.6332545280456543
                ],
                [
                    0.0,
                    0.0,
                    0.0,
                    1.0
                ]
            ]
        },
        {
            "file_path": "/data/shapenet_blender/all_50_random/02958343/8f715205d2e70c1ebda733a39f84326d/r_4",
            "rotation": 0.12566370614359174,
            "transform_matrix": [
                [
                    -0.2782433032989502,
                    0.7869479656219482,
                    0.5507209897041321,
                    2.220027208328247
                ],
                [
                    0.9605106115341187,
                    0.22796519100666046,
                    0.15953433513641357,
                    0.6431034803390503
                ],
                [
                    0.0,
                    0.5733626484870911,
                    -0.8193016648292542,
                    -3.30271053314209
                ],
                [
                    0.0,
                    0.0,
                    0.0,
                    1.0
                ]
            ]
        },
        {
            "file_path": "/data/shapenet_blender/all_50_random/02958343/8f715205d2e70c1ebda733a39f84326d/r_5",
            "rotation": 0.12566370614359174,
            "transform_matrix": [
                [
                    0.7369953989982605,
                    0.662940502166748,
                    -0.1317102462053299,
                    -0.5309410095214844
                ],
                [
                    -0.6758977770805359,
                    0.7228668928146362,
                    -0.14361616969108582,
                    -0.5789353251457214
                ],
                [
                    0.0,
                    0.19486695528030396,
                    0.980829656124115,
                    3.953850746154785
                ],
                [
                    0.0,
                    0.0,
                    0.0,
                    1.0
                ]
            ]
        },
        {
            "file_path": "/data/shapenet_blender/all_50_random/02958343/8f715205d2e70c1ebda733a39f84326d/r_6",
            "rotation": 0.12566370614359174,
            "transform_matrix": [
                [
                    0.8864697813987732,
                    -0.016620876267552376,
                    0.46248775720596313,
                    1.8643475770950317
                ],
                [
                    0.4627862274646759,
                    0.03183738887310028,
                    -0.8858980536460876,
                    -3.571168899536133
                ],
                [
                    -9.313224080820248e-10,
                    0.9993547797203064,
                    0.03591480851173401,
                    0.14477720856666565
                ],
                [
                    0.0,
                    0.0,
                    0.0,
                    1.0
                ]
            ]
        },
        {
            "file_path": "/data/shapenet_blender/all_50_random/02958343/8f715205d2e70c1ebda733a39f84326d/r_7",
            "rotation": 0.12566370614359174,
            "transform_matrix": [
                [
                    -0.5161142945289612,
                    -0.4385153353214264,
                    0.7357515692710876,
                    2.965909004211426
                ],
                [
                    0.8565196990966797,
                    -0.26423680782318115,
                    0.4433428943157196,
                    1.7871721982955933
                ],
                [
                    -1.4901160305669237e-08,
                    0.8590012788772583,
                    0.51197350025177,
                    2.063830852508545
                ],
                [
                    0.0,
                    0.0,
                    0.0,
                    1.0
                ]
            ]
        },
        {
            "file_path": "/data/shapenet_blender/all_50_random/02958343/8f715205d2e70c1ebda733a39f84326d/r_8",
            "rotation": 0.12566370614359174,
            "transform_matrix": [
                [
                    0.9538461565971375,
                    -0.0029904383700340986,
                    -0.30028074979782104,
                    -1.2104703187942505
                ],
                [
                    -0.3002955913543701,
                    -0.009498700499534607,
                    -0.9537989497184753,
                    -3.844886064529419
                ],
                [
                    0.0,
                    0.9999503493309021,
                    -0.009958315640687943,
                    -0.04014325141906738
                ],
                [
                    0.0,
                    0.0,
                    0.0,
                    1.0
                ]
            ]
        },
        {
            "file_path": "/data/shapenet_blender/all_50_random/02958343/8f715205d2e70c1ebda733a39f84326d/r_9",
            "rotation": 0.12566370614359174,
            "transform_matrix": [
                [
                    0.2871164083480835,
                    -0.34748366475105286,
                    -0.8926472067832947,
                    -3.598376512527466
                ],
                [
                    -0.9578956365585327,
                    -0.1041535884141922,
                    -0.26755908131599426,
                    -1.078565239906311
                ],
                [
                    0.0,
                    0.9318836331367493,
                    -0.36275729537010193,
                    -1.4623215198516846
                ],
                [
                    0.0,
                    0.0,
                    0.0,
                    1.0
                ]
            ]
        },
        {
            "file_path": "/data/shapenet_blender/all_50_random/02958343/8f715205d2e70c1ebda733a39f84326d/r_10",
            "rotation": 0.12566370614359174,
            "transform_matrix": [
                [
                    0.41488465666770935,
                    -0.09621183574199677,
                    -0.9047728776931763,
                    -3.6472561359405518
                ],
                [
                    -0.9098740220069885,
                    -0.0438707061111927,
                    -0.4125586450099945,
                    -1.6630771160125732
                ],
                [
                    0.0,
                    0.9943935871124268,
                    -0.10574193298816681,
                    -0.4262593686580658
                ],
                [
                    0.0,
                    0.0,
                    0.0,
                    1.0
                ]
            ]
        },
        {
            "file_path": "/data/shapenet_blender/all_50_random/02958343/8f715205d2e70c1ebda733a39f84326d/r_11",
            "rotation": 0.12566370614359174,
            "transform_matrix": [
                [
                    0.6411721706390381,
                    -0.04043068364262581,
                    0.7663312554359436,
                    3.0891799926757812
                ],
                [
                    0.7673970460891724,
                    0.03378046303987503,
                    -0.6402816772460938,
                    -2.5810580253601074
                ],
                [
                    0.0,
                    0.9986111521720886,
                    0.05268548056483269,
                    0.21238195896148682
                ],
                [
                    0.0,
                    0.0,
                    0.0,
                    1.0
                ]
            ]
        },
        {
            "file_path": "/data/shapenet_blender/all_50_random/02958343/8f715205d2e70c1ebda733a39f84326d/r_12",
            "rotation": 0.12566370614359174,
            "transform_matrix": [
                [
                    -0.7215702533721924,
                    -0.04619699344038963,
                    0.690798282623291,
                    2.784696578979492
                ],
                [
                    0.692341148853302,
                    -0.04814732447266579,
                    0.7199621796607971,
                    2.9022600650787354
                ],
                [
                    0.0,
                    0.9977712631225586,
                    0.06672576814889908,
                    0.26898014545440674
                ],
                [
                    0.0,
                    0.0,
                    0.0,
                    1.0
                ]
            ]
        },
        {
            "file_path": "/data/shapenet_blender/all_50_random/02958343/8f715205d2e70c1ebda733a39f84326d/r_13",
            "rotation": 0.12566370614359174,
            "transform_matrix": [
                [
                    -0.5854836702346802,
                    -0.07743894308805466,
                    -0.8069771528244019,
                    -3.2530288696289062
                ],
                [
                    -0.8106842041015625,
                    0.055927131325006485,
                    0.582806408405304,
                    2.34936785697937
                ],
                [
                    3.725290298461914e-09,
                    0.995427131652832,
                    -0.09552296251058578,
                    -0.38506537675857544
                ],
                [
                    0.0,
                    0.0,
                    0.0,
                    1.0
                ]
            ]
        },
        {
            "file_path": "/data/shapenet_blender/all_50_random/02958343/8f715205d2e70c1ebda733a39f84326d/r_14",
            "rotation": 0.12566370614359174,
            "transform_matrix": [
                [
                    -0.4591527581214905,
                    -0.41395458579063416,
                    -0.786015510559082,
                    -3.168529987335205
                ],
                [
                    -0.8883573412895203,
                    0.2139548510313034,
                    0.406256765127182,
                    1.6376733779907227
                ],
                [
                    -1.4901161193847656e-08,
                    0.8847965598106384,
                    -0.4659774899482727,
                    -1.8784153461456299
                ],
                [
                    0.0,
                    0.0,
                    0.0,
                    1.0
                ]
            ]
        },
        {
            "file_path": "/data/shapenet_blender/all_50_random/02958343/8f715205d2e70c1ebda733a39f84326d/r_15",
            "rotation": 0.12566370614359174,
            "transform_matrix": [
                [
                    -0.6942826509475708,
                    0.5442206859588623,
                    -0.4709516167640686,
                    -1.89846670627594
                ],
                [
                    -0.7197025418281555,
                    -0.5249988436698914,
                    0.4543176293373108,
                    1.8314129114151
                ],
                [
                    0.0,
                    0.6543698906898499,
                    0.7561746835708618,
                    3.0482375621795654
                ],
                [
                    0.0,
                    0.0,
                    0.0,
                    1.0
                ]
            ]
        },
        {
            "file_path": "/data/shapenet_blender/all_50_random/02958343/8f715205d2e70c1ebda733a39f84326d/r_16",
            "rotation": 0.12566370614359174,
            "transform_matrix": [
                [
                    -0.9499256610870361,
                    -0.05003948509693146,
                    0.30844351649284363,
                    1.243375539779663
                ],
                [
                    0.31247618794441223,
                    -0.1521197110414505,
                    0.9376663565635681,
                    3.7798540592193604
                ],
                [
                    -3.725290742551124e-09,
                    0.987094521522522,
                    0.1601385623216629,
                    0.6455391645431519
                ],
                [
                    0.0,
                    0.0,
                    0.0,
                    1.0
                ]
            ]
        },
        {
            "file_path": "/data/shapenet_blender/all_50_random/02958343/8f715205d2e70c1ebda733a39f84326d/r_17",
            "rotation": 0.12566370614359174,
            "transform_matrix": [
                [
                    -0.029618600383400917,
                    -0.03074115328490734,
                    -0.99908846616745,
                    -4.027454376220703
                ],
                [
                    -0.9995613694190979,
                    0.0009109095553867519,
                    0.029604587703943253,
                    0.11933991312980652
                ],
                [
                    5.820766785236131e-11,
                    0.9995269179344177,
                    -0.03075464628636837,
                    -0.12397594749927521
                ],
                [
                    0.0,
                    0.0,
                    0.0,
                    1.0
                ]
            ]
        },
        {
            "file_path": "/data/shapenet_blender/all_50_random/02958343/8f715205d2e70c1ebda733a39f84326d/r_18",
            "rotation": 0.12566370614359174,
            "transform_matrix": [
                [
                    0.14208555221557617,
                    -0.9516720771789551,
                    -0.2722715735435486,
                    -1.0975617170333862
                ],
                [
                    -0.9898544549942017,
                    -0.13660477101802826,
                    -0.039082370698451996,
                    -0.1575460582971573
                ],
                [
                    3.725290298461914e-09,
                    0.27506211400032043,
                    -0.9614264965057373,
                    -3.875633716583252
                ],
                [
                    0.0,
                    0.0,
                    0.0,
                    1.0
                ]
            ]
        },
        {
            "file_path": "/data/shapenet_blender/all_50_random/02958343/8f715205d2e70c1ebda733a39f84326d/r_19",
            "rotation": 0.12566370614359174,
            "transform_matrix": [
                [
                    0.2684677243232727,
                    -0.5056105256080627,
                    -0.819928765296936,
                    -3.3052384853363037
                ],
                [
                    -0.9632887244224548,
                    -0.1409132182598114,
                    -0.2285134345293045,
                    -0.9211671352386475
                ],
                [
                    0.0,
                    0.8511765003204346,
                    -0.524879515171051,
                    -2.115856885910034
                ],
                [
                    0.0,
                    0.0,
                    0.0,
                    1.0
                ]
            ]
        },
        {
            "file_path": "/data/shapenet_blender/all_50_random/02958343/8f715205d2e70c1ebda733a39f84326d/r_20",
            "rotation": 0.12566370614359174,
            "transform_matrix": [
                [
                    0.9793578386306763,
                    0.05222845450043678,
                    -0.1952701359987259,
                    -0.7871590852737427
                ],
                [
                    -0.20213422179222107,
                    0.25305140018463135,
                    -0.9461008310317993,
                    -3.813854217529297
                ],
                [
                    0.0,
                    0.9660419821739197,
                    0.25838503241539,
                    1.0415834188461304
                ],
                [
                    0.0,
                    0.0,
                    0.0,
                    1.0
                ]
            ]
        },
        {
            "file_path": "/data/shapenet_blender/all_50_random/02958343/8f715205d2e70c1ebda733a39f84326d/r_21",
            "rotation": 0.12566370614359174,
            "transform_matrix": [
                [
                    -0.20667241513729095,
                    -0.8932464718818665,
                    0.399245947599411,
                    1.6094118356704712
                ],
                [
                    0.9784102439880371,
                    -0.18868300318717957,
                    0.0843338668346405,
                    0.3399606943130493
                ],
                [
                    0.0,
                    0.40805572271347046,
                    0.912956953048706,
                    3.6802473068237305
                ],
                [
                    0.0,
                    0.0,
                    0.0,
                    1.0
                ]
            ]
        },
        {
            "file_path": "/data/shapenet_blender/all_50_random/02958343/8f715205d2e70c1ebda733a39f84326d/r_22",
            "rotation": 0.12566370614359174,
            "transform_matrix": [
                [
                    0.998681366443634,
                    -0.013925817795097828,
                    -0.049414630979299545,
                    -0.1991967260837555
                ],
                [
                    -0.05133941024541855,
                    -0.2708923816680908,
                    -0.9612396359443665,
                    -3.87488055229187
                ],
                [
                    9.31322685637781e-10,
                    0.9625087976455688,
                    -0.2712501585483551,
                    -1.0934442281723022
                ],
                [
                    0.0,
                    0.0,
                    0.0,
                    1.0
                ]
            ]
        },
        {
            "file_path": "/data/shapenet_blender/all_50_random/02958343/8f715205d2e70c1ebda733a39f84326d/r_23",
            "rotation": 0.12566370614359174,
            "transform_matrix": [
                [
                    -0.26844388246536255,
                    -0.6252729892730713,
                    0.732783317565918,
                    2.953943967819214
                ],
                [
                    0.9632952809333801,
                    -0.1742463856935501,
                    0.20420655608177185,
                    0.8231829404830933
                ],
                [
                    0.0,
                    0.7607046961784363,
                    0.6490979790687561,
                    2.6165976524353027
                ],
                [
                    0.0,
                    0.0,
                    0.0,
                    1.0
                ]
            ]
        },
        {
            "file_path": "/data/shapenet_blender/all_50_random/02958343/8f715205d2e70c1ebda733a39f84326d/r_24",
            "rotation": 0.12566370614359174,
            "transform_matrix": [
                [
                    0.7356539368629456,
                    0.102708600461483,
                    0.6695252060890198,
                    2.6989426612854004
                ],
                [
                    0.6773574352264404,
                    -0.11154818534851074,
                    -0.7271476984024048,
                    -2.9312262535095215
                ],
                [
                    0.0,
                    0.9884371161460876,
                    -0.15163129568099976,
                    -0.6112453937530518
                ],
                [
                    0.0,
                    0.0,
                    0.0,
                    1.0
                ]
            ]
        },
        {
            "file_path": "/data/shapenet_blender/all_50_random/02958343/8f715205d2e70c1ebda733a39f84326d/r_25",
            "rotation": 0.12566370614359174,
            "transform_matrix": [
                [
                    -0.33957555890083313,
                    -0.6304030418395996,
                    -0.6980547308921814,
                    -2.813948631286621
                ],
                [
                    -0.9405787587165833,
                    0.2275933474302292,
                    0.2520175278186798,
                    1.0159151554107666
                ],
                [
                    0.0,
                    0.7421544194221497,
                    -0.670228898525238,
                    -2.7017791271209717
                ],
                [
                    0.0,
                    0.0,
                    0.0,
                    1.0
                ]
            ]
        },
        {
            "file_path": "/data/shapenet_blender/all_50_random/02958343/8f715205d2e70c1ebda733a39f84326d/r_26",
            "rotation": 0.12566370614359174,
            "transform_matrix": [
                [
                    0.8623016476631165,
                    -0.019183019176125526,
                    -0.5060314536094666,
                    -2.0398783683776855
                ],
                [
                    -0.5063949823379517,
                    -0.03266530483961105,
                    -0.8616825938224792,
                    -3.4735538959503174
                ],
                [
                    1.862645149230957e-09,
                    0.9992822408676147,
                    -0.0378815233707428,
                    -0.1527053266763687
                ],
                [
                    0.0,
                    0.0,
                    0.0,
                    1.0
                ]
            ]
        },
        {
            "file_path": "/data/shapenet_blender/all_50_random/02958343/8f715205d2e70c1ebda733a39f84326d/r_27",
            "rotation": 0.12566370614359174,
            "transform_matrix": [
                [
                    0.8505746126174927,
                    0.24454884231090546,
                    -0.4655306935310364,
                    -1.8766143321990967
                ],
                [
                    -0.5258545875549316,
                    0.39555999636650085,
                    -0.7530001401901245,
                    -3.0354409217834473
                ],
                [
                    0.0,
                    0.8852841854095459,
                    0.4650503396987915,
                    1.8746780157089233
                ],
                [
                    0.0,
                    0.0,
                    0.0,
                    1.0
                ]
            ]
        },
        {
            "file_path": "/data/shapenet_blender/all_50_random/02958343/8f715205d2e70c1ebda733a39f84326d/r_28",
            "rotation": 0.12566370614359174,
            "transform_matrix": [
                [
                    -0.18781624734401703,
                    -0.36005887389183044,
                    -0.9138285517692566,
                    -3.683760643005371
                ],
                [
                    -0.9822041988372803,
                    0.06885015219449997,
                    0.17474152147769928,
                    0.7044056057929993
                ],
                [
                    0.0,
                    0.9303855299949646,
                    -0.3665825426578522,
                    -1.4777414798736572
                ],
                [
                    0.0,
                    0.0,
                    0.0,
                    1.0
                ]
            ]
        },
        {
            "file_path": "/data/shapenet_blender/all_50_random/02958343/8f715205d2e70c1ebda733a39f84326d/r_29",
            "rotation": 0.12566370614359174,
            "transform_matrix": [
                [
                    -0.04345238581299782,
                    0.40639638900756836,
                    -0.9126630425453186,
                    -3.6790623664855957
                ],
                [
                    -0.9990555047988892,
                    -0.01767558418214321,
                    0.03969487547874451,
                    0.16001516580581665
                ],
                [
                    1.862645149230957e-09,
                    0.9135258793830872,
                    0.40678057074546814,
                    1.6397849321365356
                ],
                [
                    0.0,
                    0.0,
                    0.0,
                    1.0
                ]
            ]
        },
        {
            "file_path": "/data/shapenet_blender/all_50_random/02958343/8f715205d2e70c1ebda733a39f84326d/r_30",
            "rotation": 0.12566370614359174,
            "transform_matrix": [
                [
                    -0.9816276431083679,
                    -0.1652611792087555,
                    -0.09537273645401001,
                    -0.38445979356765747
                ],
                [
                    -0.19080676138401031,
                    0.8502054214477539,
                    0.49065616726875305,
                    1.9778982400894165
                ],
                [
                    0.0,
                    0.49983924627304077,
                    -0.8661181330680847,
                    -3.49143385887146
                ],
                [
                    0.0,
                    0.0,
                    0.0,
                    1.0
                ]
            ]
        },
        {
            "file_path": "/data/shapenet_blender/all_50_random/02958343/8f715205d2e70c1ebda733a39f84326d/r_31",
            "rotation": 0.12566370614359174,
            "transform_matrix": [
                [
                    -0.3628787100315094,
                    -0.8823649287223816,
                    0.2995847463607788,
                    1.2076648473739624
                ],
                [
                    0.9318364262580872,
                    -0.3436133861541748,
                    0.11666527390480042,
                    0.4702928066253662
                ],
                [
                    -7.450581485102248e-09,
                    0.3214993476867676,
                    0.9469096660614014,
                    3.817115306854248
                ],
                [
                    0.0,
                    0.0,
                    0.0,
                    1.0
                ]
            ]
        },
        {
            "file_path": "/data/shapenet_blender/all_50_random/02958343/8f715205d2e70c1ebda733a39f84326d/r_32",
            "rotation": 0.12566370614359174,
            "transform_matrix": [
                [
                    0.7100386023521423,
                    -0.19363746047019958,
                    0.6770153641700745,
                    2.7291359901428223
                ],
                [
                    0.7041627764701843,
                    0.19525325298309326,
                    -0.6826646327972412,
                    -2.751908779144287
                ],
                [
                    0.0,
                    0.9614472389221191,
                    0.27498963475227356,
                    1.1085186004638672
                ],
                [
                    0.0,
                    0.0,
                    0.0,
                    1.0
                ]
            ]
        },
        {
            "file_path": "/data/shapenet_blender/all_50_random/02958343/8f715205d2e70c1ebda733a39f84326d/r_33",
            "rotation": 0.12566370614359174,
            "transform_matrix": [
                [
                    -0.9815382957458496,
                    0.021481024101376534,
                    0.19005590677261353,
                    0.7661398649215698
                ],
                [
                    0.1912660151720047,
                    0.11023624241352081,
                    0.975328266620636,
                    3.931674003601074
                ],
                [
                    0.0,
                    0.9936732053756714,
                    -0.11230968683958054,
                    -0.4527348279953003
                ],
                [
                    0.0,
                    0.0,
                    0.0,
                    1.0
                ]
            ]
        },
        {
            "file_path": "/data/shapenet_blender/all_50_random/02958343/8f715205d2e70c1ebda733a39f84326d/r_34",
            "rotation": 0.12566370614359174,
            "transform_matrix": [
                [
                    -0.4107036292552948,
                    -0.3364291787147522,
                    -0.8474300503730774,
                    -3.416100263595581
                ],
                [
                    -0.911768913269043,
                    0.151543527841568,
                    0.3817223608493805,
                    1.5387723445892334
                ],
                [
                    0.0,
                    0.9294351935386658,
                    -0.3689851462841034,
                    -1.4874268770217896
                ],
                [
                    0.0,
                    0.0,
                    0.0,
                    1.0
                ]
            ]
        },
        {
            "file_path": "/data/shapenet_blender/all_50_random/02958343/8f715205d2e70c1ebda733a39f84326d/r_35",
            "rotation": 0.12566370614359174,
            "transform_matrix": [
                [
                    0.1518470048904419,
                    -0.5316801071166992,
                    0.8332218527793884,
                    3.3588247299194336
                ],
                [
                    0.9884039759635925,
                    0.08168121427297592,
                    -0.12800662219524384,
                    -0.5160111784934998
                ],
                [
                    0.0,
                    0.8429972529411316,
                    0.5379177927970886,
                    2.1684160232543945
                ],
                [
                    0.0,
                    0.0,
                    0.0,
                    1.0
                ]
            ]
        },
        {
            "file_path": "/data/shapenet_blender/all_50_random/02958343/8f715205d2e70c1ebda733a39f84326d/r_36",
            "rotation": 0.12566370614359174,
            "transform_matrix": [
                [
                    -0.9991040825843811,
                    -0.016481369733810425,
                    -0.03898218646645546,
                    -0.15714222192764282
                ],
                [
                    -0.042323119938373566,
                    0.38906872272491455,
                    0.9202359914779663,
                    3.709589958190918
                ],
                [
                    0.0,
                    0.9210612773895264,
                    -0.3894176483154297,
                    -1.5697927474975586
                ],
                [
                    0.0,
                    0.0,
                    0.0,
                    1.0
                ]
            ]
        },
        {
            "file_path": "/data/shapenet_blender/all_50_random/02958343/8f715205d2e70c1ebda733a39f84326d/r_37",
            "rotation": 0.12566370614359174,
            "transform_matrix": [
                [
                    -0.881364107131958,
                    -0.020719347521662712,
                    0.4719832241535187,
                    1.9026252031326294
                ],
                [
                    0.4724377691745758,
                    -0.03865331783890724,
                    0.8805160522460938,
                    3.549473762512207
                ],
                [
                    -1.862645149230957e-09,
                    0.9990378618240356,
                    0.043856244534254074,
                    0.17679017782211304
                ],
                [
                    0.0,
                    0.0,
                    0.0,
                    1.0
                ]
            ]
        },
        {
            "file_path": "/data/shapenet_blender/all_50_random/02958343/8f715205d2e70c1ebda733a39f84326d/r_38",
            "rotation": 0.12566370614359174,
            "transform_matrix": [
                [
                    -0.38356778025627136,
                    0.04003700986504555,
                    -0.9226444363594055,
                    -3.719298839569092
                ],
                [
                    -0.9235127568244934,
                    -0.016628798097372055,
                    0.3832071125507355,
                    1.54475736618042
                ],
                [
                    -1.862645149230957e-09,
                    0.9990597367286682,
                    0.043352965265512466,
                    0.17476141452789307
                ],
                [
                    0.0,
                    0.0,
                    0.0,
                    1.0
                ]
            ]
        },
        {
            "file_path": "/data/shapenet_blender/all_50_random/02958343/8f715205d2e70c1ebda733a39f84326d/r_39",
            "rotation": 0.12566370614359174,
            "transform_matrix": [
                [
                    0.9953223466873169,
                    0.031344473361968994,
                    0.09138298779726028,
                    0.36837661266326904
                ],
                [
                    0.09660913050174713,
                    -0.32292860746383667,
                    -0.9414795637130737,
                    -3.7952256202697754
                ],
                [
                    0.0,
                    0.9459041357040405,
                    -0.3244462311267853,
                    -1.3078845739364624
                ],
                [
                    0.0,
                    0.0,
                    0.0,
                    1.0
                ]
            ]
        },
        {
            "file_path": "/data/shapenet_blender/all_50_random/02958343/8f715205d2e70c1ebda733a39f84326d/r_40",
            "rotation": 0.12566370614359174,
            "transform_matrix": [
                [
                    -0.8727917075157166,
                    -0.0014265315840020776,
                    0.48809072375297546,
                    1.9675565958023071
                ],
                [
                    0.4880928099155426,
                    -0.002550877397879958,
                    0.8727880120277405,
                    3.5183210372924805
                ],
                [
                    -1.1641531488804091e-10,
                    0.999995768070221,
                    0.0029226643964648247,
                    0.011781636625528336
                ],
                [
                    0.0,
                    0.0,
                    0.0,
                    1.0
                ]
            ]
        },
        {
            "file_path": "/data/shapenet_blender/all_50_random/02958343/8f715205d2e70c1ebda733a39f84326d/r_41",
            "rotation": 0.12566370614359174,
            "transform_matrix": [
                [
                    -0.889366865158081,
                    -0.3754943311214447,
                    -0.260826975107193,
                    -1.0514271259307861
                ],
                [
                    -0.457194447517395,
                    0.7304380536079407,
                    0.5073790550231934,
                    2.0453104972839355
                ],
                [
                    -1.4901162970204496e-08,
