{
    "class": "02958343",
    "model": "910ba017e13a2220473f10e6caaeca56",
    "remove_doubles": true,
    "edge_split": true,
    "denoise": true,
    "camera_angle_x": 0.6911112070083618,
    "scale_factor": 2.263931290293329,
    "hdri_file": "/data/IndoorHDRDataset2018/AG8A0554-dcae01ab02.exr",
    "center_offset": [
        0.0,
        0.0,
        1.862645149230957e-09
    ],
    "lights": [],
    "frames": [
        {
            "file_path": "/data/shapenet_blender/all_50_random/02958343/910ba017e13a2220473f10e6caaeca56/r_0",
            "rotation": 0.12566370614359174,
            "transform_matrix": [
                [
                    0.9674086570739746,
                    0.0170491524040699,
                    -0.2526456415653229,
                    -1.0184471607208252
                ],
                [
                    -0.25322026014328003,
                    0.06513498723506927,
                    -0.965213418006897,
                    -3.890899658203125
                ],
                [
                    0.0,
                    0.9977307915687561,
                    0.06732934713363647,
                    0.27141326665878296
                ],
                [
                    0.0,
                    0.0,
                    0.0,
                    1.0
                ]
            ]
        },
        {
            "file_path": "/data/shapenet_blender/all_50_random/02958343/910ba017e13a2220473f10e6caaeca56/r_1",
            "rotation": 0.12566370614359174,
            "transform_matrix": [
                [
                    -0.02777838706970215,
                    -0.37552762031555176,
                    -0.9263947010040283,
                    -3.734416961669922
                ],
                [
                    -0.9996141791343689,
                    0.010435578413307667,
                    0.02574368380010128,
                    0.10377612709999084
                ],
                [
                    0.0,
                    0.926752507686615,
                    -0.37567248940467834,
                    -1.5143845081329346
                ],
                [
                    0.0,
                    0.0,
                    0.0,
                    1.0
                ]
            ]
        },
        {
            "file_path": "/data/shapenet_blender/all_50_random/02958343/910ba017e13a2220473f10e6caaeca56/r_2",
            "rotation": 0.12566370614359174,
            "transform_matrix": [
                [
                    0.9892943501472473,
                    0.010809794999659061,
                    0.14553262293338776,
                    0.5866607427597046
                ],
                [
                    0.14593350887298584,
                    -0.07328040897846222,
                    -0.9865765571594238,
                    -3.977017402648926
                ],
                [
                    0.0,
                    0.9972527027130127,
                    -0.0740734115242958,
                    -0.2985994815826416
                ],
                [
                    0.0,
                    0.0,
                    0.0,
                    1.0
                ]
            ]
        },
        {
            "file_path": "/data/shapenet_blender/all_50_random/02958343/910ba017e13a2220473f10e6caaeca56/r_3",
            "rotation": 0.12566370614359174,
            "transform_matrix": [
                [
                    -0.7416484951972961,
                    0.3056427538394928,
                    -0.5971096754074097,
                    -2.4070262908935547
                ],
                [
                    -0.6707887649536133,
                    -0.33792975544929504,
                    0.660186231136322,
                    2.6612961292266846
                ],
                [
                    0.0,
                    0.8901606202125549,
                    0.45564672350883484,
                    1.8367708921432495
                ],
                [
                    0.0,
                    0.0,
                    0.0,
                    1.0
                ]
            ]
        },
        {
            "file_path": "/data/shapenet_blender/all_50_random/02958343/910ba017e13a2220473f10e6caaeca56/r_4",
            "rotation": 0.12566370614359174,
            "transform_matrix": [
                [
                    0.32172855734825134,
                    0.8537117838859558,
                    -0.4094713032245636,
                    -1.6506316661834717
                ],
                [
                    -0.946832001209259,
                    0.2900868058204651,
                    -0.1391361951828003,
                    -0.5608759522438049
                ],
                [
                    1.4901161193847656e-08,
                    0.4324646294116974,
                    0.9016509056091309,
                    3.6346709728240967
                ],
                [
                    0.0,
                    0.0,
                    0.0,
                    1.0
                ]
            ]
        },
        {
            "file_path": "/data/shapenet_blender/all_50_random/02958343/910ba017e13a2220473f10e6caaeca56/r_5",
            "rotation": 0.12566370614359174,
            "transform_matrix": [
                [
                    0.9429877996444702,
                    -0.03729591146111488,
                    -0.33073100447654724,
                    -1.333219289779663
                ],
                [
                    -0.33282727003097534,
                    -0.10566920042037964,
                    -0.9370485544204712,
                    -3.7773635387420654
                ],
                [
                    0.0,
                    0.9937016367912292,
                    -0.11205786466598511,
                    -0.4517197012901306
                ],
                [
                    0.0,
                    0.0,
                    0.0,
                    1.0
                ]
            ]
        },
        {
            "file_path": "/data/shapenet_blender/all_50_random/02958343/910ba017e13a2220473f10e6caaeca56/r_6",
            "rotation": 0.12566370614359174,
            "transform_matrix": [
                [
                    0.8179773688316345,
                    0.040087178349494934,
                    0.5738518834114075,
                    2.3132708072662354
                ],
                [
                    0.5752503275871277,
                    -0.057001981884241104,
                    -0.8159888982772827,
                    -3.289356231689453
                ],
                [
                    3.7252898543727042e-09,
                    0.9975689053535461,
                    -0.06968649476766586,
                    -0.280915230512619
                ],
                [
                    0.0,
                    0.0,
                    0.0,
                    1.0
                ]
            ]
        },
        {
            "file_path": "/data/shapenet_blender/all_50_random/02958343/910ba017e13a2220473f10e6caaeca56/r_7",
            "rotation": 0.12566370614359174,
            "transform_matrix": [
                [
                    0.1485099345445633,
                    0.8819264769554138,
                    0.4473816454410553,
                    1.8034530878067017
                ],
                [
                    0.9889109134674072,
                    -0.13244351744651794,
                    -0.0671856477856636,
                    -0.2708339989185333
                ],
                [
                    -3.725290298461914e-09,
                    0.452398419380188,
                    -0.8918160200119019,
                    -3.5950253009796143
                ],
                [
                    0.0,
                    0.0,
                    0.0,
                    1.0
                ]
            ]
        },
        {
            "file_path": "/data/shapenet_blender/all_50_random/02958343/910ba017e13a2220473f10e6caaeca56/r_8",
            "rotation": 0.12566370614359174,
            "transform_matrix": [
                [
                    -0.9999977350234985,
                    -0.001780026825144887,
                    0.0012341655092313886,
                    0.004975080490112305
                ],
                [
                    0.0021660239435732365,
                    -0.8217926621437073,
                    0.569782555103302,
                    2.2968668937683105
                ],
                [
                    0.0,
                    0.5697839260101318,
                    0.8217945694923401,
                    3.3127598762512207
                ],
                [
                    0.0,
                    0.0,
                    0.0,
                    1.0
                ]
            ]
        },
        {
            "file_path": "/data/shapenet_blender/all_50_random/02958343/910ba017e13a2220473f10e6caaeca56/r_9",
            "rotation": 0.12566370614359174,
            "transform_matrix": [
                [
                    -0.8365180492401123,
                    -0.045971643179655075,
                    -0.5460074543952942,
                    -2.201026678085327
                ],
                [
                    -0.5479394197463989,
                    0.07018313556909561,
                    0.8335685729980469,
                    3.360222578048706
                ],
                [
                    0.0,
                    0.9964742660522461,
                    -0.0838991180062294,
                    -0.3382081985473633
                ],
                [
                    0.0,
                    0.0,
                    0.0,
                    1.0
                ]
            ]
        },
        {
            "file_path": "/data/shapenet_blender/all_50_random/02958343/910ba017e13a2220473f10e6caaeca56/r_10",
            "rotation": 0.12566370614359174,
            "transform_matrix": [
                [
                    0.5246397852897644,
                    0.24768097698688507,
                    -0.8144981265068054,
                    -3.283346652984619
                ],
                [
                    -0.851324200630188,
                    0.15263667702674866,
                    -0.5019452571868896,
                    -2.0234057903289795
                ],
                [
                    0.0,
                    0.9567424058914185,
                    0.290936142206192,
                    1.1728010177612305
                ],
                [
                    0.0,
                    0.0,
                    0.0,
                    1.0
                ]
            ]
        },
        {
            "file_path": "/data/shapenet_blender/all_50_random/02958343/910ba017e13a2220473f10e6caaeca56/r_11",
            "rotation": 0.12566370614359174,
            "transform_matrix": [
                [
                    -0.9464300870895386,
                    -0.2374272346496582,
                    0.21885713934898376,
                    0.8822413682937622
                ],
                [
                    0.3229089081287384,
                    -0.695887565612793,
                    0.6414595246315002,
                    2.585806131362915
                ],
                [
                    0.0,
                    0.6777675151824951,
                    0.7352762222290039,
                    2.9639933109283447
                ],
                [
                    0.0,
                    0.0,
                    0.0,
                    1.0
                ]
            ]
        },
        {
            "file_path": "/data/shapenet_blender/all_50_random/02958343/910ba017e13a2220473f10e6caaeca56/r_12",
            "rotation": 0.12566370614359174,
            "transform_matrix": [
                [
                    -0.7008088827133179,
                    -0.15069521963596344,
                    0.6972501277923584,
                    2.8107051849365234
                ],
                [
                    0.7133489847183228,
                    -0.1480461210012436,
                    0.6849930286407471,
                    2.7612953186035156
                ],
                [
                    0.0,
                    0.9774318933486938,
                    0.21125033497810364,
                    0.8515773415565491
                ],
                [
                    0.0,
                    0.0,
                    0.0,
                    1.0
                ]
            ]
        },
        {
            "file_path": "/data/shapenet_blender/all_50_random/02958343/910ba017e13a2220473f10e6caaeca56/r_13",
            "rotation": 0.12566370614359174,
            "transform_matrix": [
                [
                    -0.2538685202598572,
                    -0.31837546825408936,
                    0.913338840007782,
                    3.68178653717041
                ],
                [
                    0.96723872423172,
                    -0.08356314897537231,
                    0.23972156643867493,
                    0.9663485288619995
                ],
                [
                    0.0,
                    0.9442744255065918,
                    0.3291592001914978,
                    1.3268831968307495
                ],
                [
                    0.0,
                    0.0,
                    0.0,
                    1.0
                ]
            ]
        },
        {
            "file_path": "/data/shapenet_blender/all_50_random/02958343/910ba017e13a2220473f10e6caaeca56/r_14",
            "rotation": 0.12566370614359174,
            "transform_matrix": [
                [
                    0.024554140865802765,
                    -0.8850964903831482,
                    0.46475914120674133,
                    1.8735039234161377
                ],
                [
                    0.9996984601020813,
                    0.02173933945596218,
                    -0.011415204033255577,
                    -0.046016156673431396
                ],
                [
                    9.313224635931761e-10,
                    0.464899480342865,
                    0.8853635787963867,
                    3.569014549255371
                ],
                [
                    0.0,
                    0.0,
                    0.0,
                    1.0
                ]
            ]
        },
        {
            "file_path": "/data/shapenet_blender/all_50_random/02958343/910ba017e13a2220473f10e6caaeca56/r_15",
            "rotation": 0.12566370614359174,
            "transform_matrix": [
                [
                    0.19699452817440033,
                    -0.09027720987796783,
                    -0.9762393236160278,
                    -3.9353466033935547
                ],
                [
                    -0.9804046154022217,
                    -0.018139569088816643,
                    -0.19615760445594788,
                    -0.7907366156578064
                ],
                [
                    0.0,
                    0.9957513809204102,
                    -0.09208159893751144,
                    -0.3711928129196167
                ],
                [
                    0.0,
                    0.0,
                    0.0,
                    1.0
                ]
            ]
        },
        {
            "file_path": "/data/shapenet_blender/all_50_random/02958343/910ba017e13a2220473f10e6caaeca56/r_16",
            "rotation": 0.12566370614359174,
            "transform_matrix": [
                [
                    -0.32868754863739014,
                    0.046470001339912415,
                    -0.9432947635650635,
                    -3.8025429248809814
                ],
                [
                    -0.9444388151168823,
                    -0.016172684729099274,
                    0.3282893896102905,
                    1.3233768939971924
                ],
                [
                    0.0,
                    0.9987887740135193,
                    0.04920382797718048,
                    0.19834697246551514
                ],
                [
                    0.0,
                    0.0,
                    0.0,
                    1.0
                ]
            ]
        },
        {
            "file_path": "/data/shapenet_blender/all_50_random/02958343/910ba017e13a2220473f10e6caaeca56/r_17",
            "rotation": 0.12566370614359174,
            "transform_matrix": [
                [
                    0.6425259709358215,
                    0.5823096632957458,
                    0.49807217717170715,
                    2.0077931880950928
                ],
                [
                    0.7662638425827026,
                    -0.4882770776748657,
                    -0.4176424443721771,
                    -1.6835705041885376
                ],
                [
                    0.0,
                    0.650000810623169,
                    -0.7599335312843323,
                    -3.063390016555786
                ],
                [
                    0.0,
                    0.0,
                    0.0,
                    1.0
                ]
            ]
        },
        {
            "file_path": "/data/shapenet_blender/all_50_random/02958343/910ba017e13a2220473f10e6caaeca56/r_18",
            "rotation": 0.12566370614359174,
            "transform_matrix": [
                [
                    -0.11180197447538376,
                    0.22063350677490234,
                    -0.968927800655365,
                    -3.9058730602264404
                ],
                [
                    -0.9937305450439453,
                    -0.024822887033224106,
                    0.10901147872209549,
                    0.4394393563270569
                ],
                [
                    0.0,
                    0.9750407934188843,
                    0.22202548384666443,
                    0.8950133919715881
                ],
                [
                    0.0,
                    0.0,
                    0.0,
                    1.0
                ]
            ]
        },
        {
            "file_path": "/data/shapenet_blender/all_50_random/02958343/910ba017e13a2220473f10e6caaeca56/r_19",
            "rotation": 0.12566370614359174,
            "transform_matrix": [
                [
                    -0.339733362197876,
                    0.0021413415670394897,
                    0.9405193328857422,
                    3.7913546562194824
                ],
                [
                    0.9405218362808228,
                    0.0007734910468570888,
                    0.33973246812820435,
                    1.3695054054260254
                ],
                [
                    -5.820766091346741e-11,
                    0.9999974370002747,
                    -0.002276758896186948,
                    -0.009177908301353455
                ],
                [
                    0.0,
                    0.0,
                    0.0,
                    1.0
                ]
            ]
        },
        {
            "file_path": "/data/shapenet_blender/all_50_random/02958343/910ba017e13a2220473f10e6caaeca56/r_20",
            "rotation": 0.12566370614359174,
            "transform_matrix": [
                [
                    0.6618269085884094,
                    0.0024704174138605595,
                    -0.7496525645256042,
                    -3.021946430206299
                ],
                [
                    -0.7496567368507385,
                    0.0021809833124279976,
                    -0.6618232727050781,
                    -2.6678950786590576
                ],
                [
                    0.0,
                    0.9999945759773254,
                    0.0032953983172774315,
                    0.013284176588058472
                ],
                [
                    0.0,
                    0.0,
                    0.0,
                    1.0
                ]
            ]
        },
        {
            "file_path": "/data/shapenet_blender/all_50_random/02958343/910ba017e13a2220473f10e6caaeca56/r_21",
            "rotation": 0.12566370614359174,
            "transform_matrix": [
                [
                    -0.08452954888343811,
                    -0.26655125617980957,
                    -0.9601068496704102,
                    -3.870314598083496
                ],
                [
                    -0.9964210391044617,
                    0.02261238731443882,
                    0.08144890516996384,
                    0.3283310532569885
                ],
                [
                    0.0,
                    0.9635553956031799,
                    -0.26750868558883667,
                    -1.078361988067627
                ],
                [
                    0.0,
                    0.0,
                    0.0,
                    1.0
                ]
            ]
        },
        {
            "file_path": "/data/shapenet_blender/all_50_random/02958343/910ba017e13a2220473f10e6caaeca56/r_22",
            "rotation": 0.12566370614359174,
            "transform_matrix": [
                [
                    0.3792903423309326,
                    -0.4060618281364441,
                    0.8314160704612732,
                    3.3515453338623047
                ],
                [
                    0.925277829170227,
                    0.1664530634880066,
                    -0.340814471244812,
                    -1.3738670349121094
                ],
                [
                    0.0,
                    0.8985583186149597,
                    0.43885400891304016,
                    1.7690770626068115
                ],
                [
                    0.0,
                    0.0,
                    0.0,
                    1.0
                ]
            ]
        },
        {
            "file_path": "/data/shapenet_blender/all_50_random/02958343/910ba017e13a2220473f10e6caaeca56/r_23",
            "rotation": 0.12566370614359174,
            "transform_matrix": [
                [
                    -0.632813036441803,
                    0.7466645240783691,
                    0.20503538846969604,
                    0.826524019241333
                ],
                [
                    0.7743045091629028,
                    0.6102237701416016,
                    0.16756851971149445,
                    0.6754902601242065
                ],
                [
                    0.0,
                    0.2647995948791504,
                    -0.9643034934997559,
                    -3.8872315883636475
                ],
                [
                    0.0,
                    0.0,
                    0.0,
                    1.0
                ]
            ]
        },
        {
            "file_path": "/data/shapenet_blender/all_50_random/02958343/910ba017e13a2220473f10e6caaeca56/r_24",
            "rotation": 0.12566370614359174,
            "transform_matrix": [
                [
                    -0.9990626573562622,
                    -0.0015432242071256042,
                    0.043260566890239716,
                    0.17438894510269165
                ],
                [
                    0.043288085609674454,
                    -0.0356166735291481,
                    0.9984275102615356,
                    4.024790287017822
                ],
                [
                    0.0,
                    0.9993643164634705,
                    0.03565008565783501,
                    0.14371010661125183
                ],
                [
                    0.0,
                    0.0,
                    0.0,
                    1.0
                ]
            ]
        },
        {
            "file_path": "/data/shapenet_blender/all_50_random/02958343/910ba017e13a2220473f10e6caaeca56/r_25",
            "rotation": 0.12566370614359174,
            "transform_matrix": [
                [
                    0.7886152863502502,
                    0.4918704926967621,
                    0.368984192609787,
                    1.4874229431152344
                ],
                [
                    0.6148869395256042,
                    -0.6308420896530151,
                    -0.4732358455657959,
                    -1.9076749086380005
                ],
                [
                    1.4901161193847656e-08,
                    0.6000846028327942,
                    -0.7999363541603088,
                    -3.224647045135498
                ],
                [
                    0.0,
                    0.0,
                    0.0,
                    1.0
                ]
            ]
        },
        {
            "file_path": "/data/shapenet_blender/all_50_random/02958343/910ba017e13a2220473f10e6caaeca56/r_26",
            "rotation": 0.12566370614359174,
            "transform_matrix": [
                [
                    0.7894407510757446,
                    0.41704973578453064,
                    -0.45039185881614685,
                    -1.8155877590179443
                ],
                [
                    -0.6138268709182739,
                    0.53636634349823,
                    -0.5792475342750549,
                    -2.335021734237671
                ],
                [
                    0.0,
                    0.733744204044342,
                    0.6794257164001465,
                    2.7388529777526855
                ],
                [
                    0.0,
                    0.0,
                    0.0,
                    1.0
                ]
            ]
        },
        {
            "file_path": "/data/shapenet_blender/all_50_random/02958343/910ba017e13a2220473f10e6caaeca56/r_27",
            "rotation": 0.12566370614359174,
            "transform_matrix": [
                [
                    -0.21173465251922607,
                    0.02307765930891037,
                    -0.9770547151565552,
                    -3.9386332035064697
                ],
                [
                    -0.9773271679878235,
                    -0.004999697208404541,
                    0.21167561411857605,
                    0.8532916307449341
                ],
                [
                    0.0,
                    0.9997210502624512,
                    0.023613035678863525,
                    0.09518718719482422
                ],
                [
                    0.0,
                    0.0,
                    0.0,
                    1.0
                ]
            ]
        },
        {
            "file_path": "/data/shapenet_blender/all_50_random/02958343/910ba017e13a2220473f10e6caaeca56/r_28",
            "rotation": 0.12566370614359174,
            "transform_matrix": [
                [
                    0.04128926247358322,
                    -0.6531150341033936,
                    0.7561321258544922,
                    3.0480661392211914
                ],
                [
                    0.9991472959518433,
                    0.02698965184390545,
                    -0.031246783211827278,
                    -0.12595981359481812
                ],
                [
                    0.0,
                    0.7567773461341858,
                    0.6536725759506226,
                    2.635038375854492
                ],
                [
                    0.0,
                    0.0,
                    0.0,
                    1.0
                ]
            ]
        },
        {
            "file_path": "/data/shapenet_blender/all_50_random/02958343/910ba017e13a2220473f10e6caaeca56/r_29",
            "rotation": 0.12566370614359174,
            "transform_matrix": [
                [
                    -0.8616968393325806,
                    -0.017406057566404343,
                    0.5071248412132263,
                    2.044285297393799
                ],
                [
                    0.5074234008789062,
                    -0.029558638110756874,
                    0.8611897826194763,
                    3.471566677093506
                ],
                [
                    0.0,
                    0.9994113445281982,
                    0.034302834421396255,
                    0.13827912509441376
                ],
                [
                    0.0,
                    0.0,
                    0.0,
                    1.0
                ]
            ]
        },
        {
            "file_path": "/data/shapenet_blender/all_50_random/02958343/910ba017e13a2220473f10e6caaeca56/r_30",
            "rotation": 0.12566370614359174,
            "transform_matrix": [
                [
                    -0.14455288648605347,
                    0.6170364022254944,
                    0.7735441327095032,
                    3.118256092071533
                ],
                [
                    0.9894970655441284,
                    0.09014113247394562,
                    0.11300491541624069,
                    0.4555373787879944
                ],
                [
                    0.0,
                    0.7817547917366028,
                    -0.6235859394073486,
                    -2.5137553215026855
                ],
                [
                    0.0,
                    0.0,
                    0.0,
                    1.0
                ]
            ]
        },
        {
            "file_path": "/data/shapenet_blender/all_50_random/02958343/910ba017e13a2220473f10e6caaeca56/r_31",
            "rotation": 0.12566370614359174,
            "transform_matrix": [
                [
                    0.472693532705307,
                    -0.20910407602787018,
                    -0.8560585975646973,
                    -3.45088267326355
                ],
                [
                    -0.8812270164489746,
                    -0.1121642217040062,
                    -0.45919308066368103,
                    -1.8510664701461792
                ],
                [
                    -7.450581485102248e-09,
                    0.9714394211769104,
                    -0.23728741705417633,
                    -0.9565361738204956
                ],
                [
                    0.0,
                    0.0,
                    0.0,
                    1.0
                ]
            ]
        },
        {
            "file_path": "/data/shapenet_blender/all_50_random/02958343/910ba017e13a2220473f10e6caaeca56/r_32",
            "rotation": 0.12566370614359174,
            "transform_matrix": [
                [
                    0.9987230896949768,
                    0.0033483728766441345,
                    0.05040949955582619,
                    0.20320719480514526
                ],
                [
                    0.05052059143781662,
                    -0.06619276106357574,
                    -0.9965270161628723,
                    -4.017128944396973
                ],
                [
                    2.3283067140944524e-10,
                    0.9978011846542358,
                    -0.0662773996591568,
                    -0.26717275381088257
                ],
                [
                    0.0,
                    0.0,
                    0.0,
                    1.0
                ]
            ]
        },
        {
            "file_path": "/data/shapenet_blender/all_50_random/02958343/910ba017e13a2220473f10e6caaeca56/r_33",
            "rotation": 0.12566370614359174,
            "transform_matrix": [
                [
                    -0.6253927946090698,
                    0.7750355005264282,
                    -0.09057455509901047,
                    -0.3651176691055298
                ],
                [
                    -0.7803102135658264,
                    -0.6211653351783752,
                    0.07259251177310944,
                    0.29262974858283997
                ],
                [
                    0.0,
                    0.11607532203197479,
                    0.993240475654602,
                    4.003880023956299
                ],
                [
                    0.0,
                    0.0,
                    0.0,
                    1.0
                ]
            ]
        },
        {
            "file_path": "/data/shapenet_blender/all_50_random/02958343/910ba017e13a2220473f10e6caaeca56/r_34",
            "rotation": 0.12566370614359174,
            "transform_matrix": [
                [
                    -0.5517518520355225,
                    -0.03807510808110237,
                    -0.8331387042999268,
                    -3.358489513397217
                ],
                [
                    -0.8340082764625549,
                    0.025189213454723358,
                    0.5511766076087952,
                    2.2218639850616455
                ],
                [
                    0.0,
                    0.9989574551582336,
                    -0.045653145760297775,
                    -0.18403372168540955
                ],
                [
                    0.0,
                    0.0,
                    0.0,
                    1.0
                ]
            ]
        },
        {
            "file_path": "/data/shapenet_blender/all_50_random/02958343/910ba017e13a2220473f10e6caaeca56/r_35",
            "rotation": 0.12566370614359174,
            "transform_matrix": [
                [
                    0.3284916281700134,
                    -0.4046994149684906,
                    -0.8534116744995117,
                    -3.4402127265930176
                ],
                [
                    -0.944506824016571,
                    -0.14075109362602234,
                    -0.29680946469306946,
                    -1.1964772939682007
                ],
                [
                    -7.450580152834618e-09,
                    0.9035527110099792,
                    -0.42847687005996704,
                    -1.7272456884384155
                ],
                [
                    0.0,
                    0.0,
                    0.0,
                    1.0
                ]
            ]
        },
        {
            "file_path": "/data/shapenet_blender/all_50_random/02958343/910ba017e13a2220473f10e6caaeca56/r_36",
            "rotation": 0.12566370614359174,
            "transform_matrix": [
                [
                    -0.6729888319969177,
                    -0.6909063458442688,
                    -0.26407286524772644,
                    -1.0645118951797485
                ],
                [
                    -0.739652693271637,
                    0.6286358833312988,
                    0.24027234315872192,
                    0.9685688614845276
                ],
                [
                    0.0,
                    0.3570226728916168,
                    -0.9340956211090088,
                    -3.7654600143432617
                ],
                [
                    0.0,
                    0.0,
                    0.0,
                    1.0
                ]
            ]
        },
        {
            "file_path": "/data/shapenet_blender/all_50_random/02958343/910ba017e13a2220473f10e6caaeca56/r_37",
            "rotation": 0.12566370614359174,
            "transform_matrix": [
                [
                    -0.9629930257797241,
                    -0.015306890942156315,
                    -0.2690912187099457,
                    -1.0847413539886475
                ],
                [
                    -0.26952624320983887,
                    0.054690148681402206,
                    0.961438775062561,
                    3.8756837844848633
                ],
                [
                    9.313225746154785e-10,
                    0.9983860850334167,
                    -0.05679183825850487,
                    -0.22893522679805756
                ],
                [
                    0.0,
                    0.0,
                    0.0,
                    1.0
                ]
            ]
        },
        {
            "file_path": "/data/shapenet_blender/all_50_random/02958343/910ba017e13a2220473f10e6caaeca56/r_38",
            "rotation": 0.12566370614359174,
            "transform_matrix": [
                [
                    0.7446044087409973,
                    -0.4921393096446991,
                    0.4509579539299011,
                    1.8178696632385254
                ],
                [
                    0.6675059795379639,
                    0.5489825010299683,
                    -0.503044605255127,
                    -2.0278377532958984
                ],
                [
                    -1.4901161193847656e-08,
                    0.6755864024162292,
                    0.7372807860374451,
                    2.972074031829834
                ],
                [
                    0.0,
                    0.0,
                    0.0,
                    1.0
                ]
            ]
        },
        {
            "file_path": "/data/shapenet_blender/all_50_random/02958343/910ba017e13a2220473f10e6caaeca56/r_39",
            "rotation": 0.12566370614359174,
            "transform_matrix": [
                [
                    -0.789680540561676,
                    0.14163866639137268,
                    0.5969448685646057,
                    2.4063618183135986
                ],
                [
                    0.6135182976722717,
                    0.18230801820755005,
                    0.7683482766151428,
                    3.097311019897461
                ],
                [
                    -1.4901162970204496e-08,
                    0.9729862213134766,
                    -0.23086300492286682,
                    -0.9306385517120361
                ],
                [
                    0.0,
                    0.0,
                    0.0,
                    1.0
                ]
            ]
        },
        {
            "file_path": "/data/shapenet_blender/all_50_random/02958343/910ba017e13a2220473f10e6caaeca56/r_40",
            "rotation": 0.12566370614359174,
            "transform_matrix": [
                [
                    0.9203097224235535,
                    0.018557235598564148,
                    -0.39075013995170593,
                    -1.5751643180847168
                ],
                [
                    -0.3911905586719513,
                    0.04365750029683113,
                    -0.9192735552787781,
                    -3.7057104110717773
                ],
                [
                    -1.862645149230957e-09,
                    0.9988741874694824,
                    0.04743783175945282,
                    0.19122803211212158
                ],
                [
                    0.0,
                    0.0,
                    0.0,
                    1.0
                ]
            ]
        },
        {
            "file_path": "/data/shapenet_blender/all_50_random/02958343/910ba017e13a2220473f10e6caaeca56/r_41",
            "rotation": 0.12566370614359174,
            "transform_matrix": [
                [
                    -0.9955909252166748,
                    -0.08331090956926346,
                    -0.043105706572532654,
                    -0.1737646609544754
                ],
                [
                    -0.09380197525024414,
                    0.8842413425445557,
                    0.4575132727622986,
                    1.8442950248718262
                ],
                [
                    0.0,
                    0.4595394432544708,
