{
    "class": "02958343",
    "model": "c8bd4d0ac34266ffaaa232d0915adae9",
    "remove_doubles": true,
    "edge_split": true,
    "denoise": true,
    "camera_angle_x": 0.6911112070083618,
    "scale_factor": 2.217592351182693,
    "hdri_file": "/data/IndoorHDRDataset2018/9C4A7787-3fdd20aa7b.exr",
    "center_offset": [
        0.0,
        0.0,
        -2.7939677238464355e-09
    ],
    "lights": [],
    "frames": [
        {
            "file_path": "/data/shapenet_blender/all_50_random/02958343/c8bd4d0ac34266ffaaa232d0915adae9/r_0",
            "rotation": 0.12566370614359174,
            "transform_matrix": [
                [
                    -0.9994131922721863,
                    -0.012545143254101276,
                    -0.03187337890267372,
                    -0.12848570942878723
                ],
                [
                    -0.03425336629152298,
                    0.36603066325187683,
                    0.9299721121788025,
                    3.74883770942688
                ],
                [
                    9.313225746154785e-10,
                    0.9305182099342346,
                    -0.3662455379962921,
                    -1.476383090019226
                ],
                [
                    0.0,
                    0.0,
                    0.0,
                    1.0
                ]
            ]
        },
        {
            "file_path": "/data/shapenet_blender/all_50_random/02958343/c8bd4d0ac34266ffaaa232d0915adae9/r_1",
            "rotation": 0.12566370614359174,
            "transform_matrix": [
                [
                    0.5636242032051086,
                    -0.04550858587026596,
                    0.8247767686843872,
                    3.3247814178466797
                ],
                [
                    0.8260312676429749,
                    0.03105178102850914,
                    -0.5627682209014893,
                    -2.2685911655426025
                ],
                [
                    -1.8626449271863521e-09,
                    0.9984812140464783,
                    0.055093053728342056,
                    0.22208720445632935
                ],
                [
                    0.0,
                    0.0,
                    0.0,
                    1.0
                ]
            ]
        },
        {
            "file_path": "/data/shapenet_blender/all_50_random/02958343/c8bd4d0ac34266ffaaa232d0915adae9/r_2",
            "rotation": 0.12566370614359174,
            "transform_matrix": [
                [
                    0.8393626809120178,
                    -0.2094946950674057,
                    -0.501579761505127,
                    -2.021932601928711
                ],
                [
                    -0.5435717701911926,
                    -0.323493629693985,
                    -0.7745201587677002,
                    -3.1221907138824463
                ],
                [
                    0.0,
                    0.9227478504180908,
                    -0.38540393114089966,
                    -1.5536129474639893
                ],
                [
                    0.0,
                    0.0,
                    0.0,
                    1.0
                ]
            ]
        },
        {
            "file_path": "/data/shapenet_blender/all_50_random/02958343/c8bd4d0ac34266ffaaa232d0915adae9/r_3",
            "rotation": 0.12566370614359174,
            "transform_matrix": [
                [
                    -0.4927237331867218,
                    0.4465329945087433,
                    -0.7468811869621277,
                    -3.010774612426758
                ],
                [
                    -0.8701857328414917,
                    -0.2528395652770996,
                    0.42290523648262024,
                    1.704785704612732
                ],
                [
                    1.4901160305669237e-08,
                    0.8583009839057922,
                    0.5131465792655945,
                    2.0685603618621826
                ],
                [
                    0.0,
                    0.0,
                    0.0,
                    1.0
                ]
            ]
        },
        {
            "file_path": "/data/shapenet_blender/all_50_random/02958343/c8bd4d0ac34266ffaaa232d0915adae9/r_4",
            "rotation": 0.12566370614359174,
            "transform_matrix": [
                [
                    0.5285900235176086,
                    0.09311503916978836,
                    0.8437548279762268,
                    3.4012844562530518
                ],
                [
                    0.8488773107528687,
                    -0.05798209086060524,
                    -0.5254002809524536,
                    -2.1179561614990234
                ],
                [
                    0.0,
                    0.9939655065536499,
                    -0.10969200730323792,
                    -0.44218263030052185
                ],
                [
                    0.0,
                    0.0,
                    0.0,
                    1.0
                ]
            ]
        },
        {
            "file_path": "/data/shapenet_blender/all_50_random/02958343/c8bd4d0ac34266ffaaa232d0915adae9/r_5",
            "rotation": 0.12566370614359174,
            "transform_matrix": [
                [
                    0.5247169733047485,
                    0.3633691072463989,
                    -0.7698280215263367,
                    -3.1032755374908447
                ],
                [
                    -0.8512768149375916,
                    0.22397641837596893,
                    -0.47451287508010864,
                    -1.9128223657608032
                ],
                [
                    0.0,
                    0.9043214917182922,
                    0.42685195803642273,
                    1.7206950187683105
                ],
                [
                    0.0,
                    0.0,
                    0.0,
                    1.0
                ]
            ]
        },
        {
            "file_path": "/data/shapenet_blender/all_50_random/02958343/c8bd4d0ac34266ffaaa232d0915adae9/r_6",
            "rotation": 0.12566370614359174,
            "transform_matrix": [
                [
                    -0.11376523971557617,
                    0.6991809010505676,
                    -0.7058353424072266,
                    -2.845313549041748
                ],
                [
                    -0.9935077428817749,
                    -0.08006227016448975,
                    0.08082426339387894,
                    0.32581305503845215
                ],
                [
                    3.725290298461914e-09,
                    0.7104479074478149,
                    0.7037497758865356,
                    2.8369064331054688
                ],
                [
                    0.0,
                    0.0,
                    0.0,
                    1.0
                ]
            ]
        },
        {
            "file_path": "/data/shapenet_blender/all_50_random/02958343/c8bd4d0ac34266ffaaa232d0915adae9/r_7",
            "rotation": 0.12566370614359174,
            "transform_matrix": [
                [
                    -0.9991775155067444,
                    0.0027560063172131777,
                    -0.04045742377638817,
                    -0.1630890667438507
                ],
                [
                    -0.040551185607910156,
                    -0.06790774315595627,
                    0.9968672394752502,
                    4.018499851226807
                ],
                [
                    2.3283064365386963e-10,
                    0.9976877570152283,
                    0.06796365231275558,
                    0.27397021651268005
                ],
                [
                    0.0,
                    0.0,
                    0.0,
                    1.0
                ]
            ]
        },
        {
            "file_path": "/data/shapenet_blender/all_50_random/02958343/c8bd4d0ac34266ffaaa232d0915adae9/r_8",
            "rotation": 0.12566370614359174,
            "transform_matrix": [
                [
                    0.6999277472496033,
                    -0.04105186462402344,
                    0.7130329012870789,
                    2.8743276596069336
                ],
                [
                    0.7142136693000793,
                    0.04023072496056557,
                    -0.6987705230712891,
                    -2.816833972930908
                ],
                [
                    1.862645371275562e-09,
                    0.9983466863632202,
                    0.0574784055352211,
                    0.23170286417007446
                ],
                [
                    0.0,
                    0.0,
                    0.0,
                    1.0
                ]
            ]
        },
        {
            "file_path": "/data/shapenet_blender/all_50_random/02958343/c8bd4d0ac34266ffaaa232d0915adae9/r_9",
            "rotation": 0.12566370614359174,
            "transform_matrix": [
                [
                    0.4129546582698822,
                    0.5219436287879944,
                    0.7463533878326416,
                    3.0086467266082764
                ],
                [
                    0.9107515811920166,
                    -0.2366606444120407,
                    -0.33841291069984436,
                    -1.3641860485076904
                ],
                [
                    1.4901161193847656e-08,
                    0.8194916248321533,
                    -0.5730910897254944,
                    -2.310204029083252
                ],
                [
                    0.0,
                    0.0,
                    0.0,
                    1.0
                ]
            ]
        },
        {
            "file_path": "/data/shapenet_blender/all_50_random/02958343/c8bd4d0ac34266ffaaa232d0915adae9/r_10",
            "rotation": 0.12566370614359174,
            "transform_matrix": [
                [
                    0.9668459296226501,
                    0.012678780592978,
                    -0.255045622587204,
                    -1.028121829032898
                ],
                [
                    -0.25536057353019714,
                    0.048004381358623505,
                    -0.9656534194946289,
                    -3.8926734924316406
                ],
                [
                    -9.313225746154785e-10,
                    0.9987666010856628,
                    0.04965050518512726,
                    0.2001475840806961
                ],
                [
                    0.0,
                    0.0,
                    0.0,
                    1.0
                ]
            ]
        },
        {
            "file_path": "/data/shapenet_blender/all_50_random/02958343/c8bd4d0ac34266ffaaa232d0915adae9/r_11",
            "rotation": 0.12566370614359174,
            "transform_matrix": [
                [
                    -0.1640206277370453,
                    0.3047342598438263,
                    0.9382080435752869,
                    3.7820374965667725
                ],
                [
                    0.9864568710327148,
                    0.050668925046920776,
                    0.15599818527698517,
                    0.6288487911224365
                ],
                [
                    -3.725290076417309e-09,
                    0.9510886669158936,
                    -0.3089179992675781,
                    -1.2452882528305054
                ],
                [
                    0.0,
                    0.0,
                    0.0,
                    1.0
                ]
            ]
        },
        {
            "file_path": "/data/shapenet_blender/all_50_random/02958343/c8bd4d0ac34266ffaaa232d0915adae9/r_12",
            "rotation": 0.12566370614359174,
            "transform_matrix": [
                [
                    -0.9731132984161377,
                    -0.08575242757797241,
                    -0.2137691080570221,
                    -0.8617308139801025
                ],
                [
                    -0.23032742738723755,
                    0.36229655146598816,
                    0.9031558036804199,
                    3.640737533569336
                ],
                [
                    7.450581485102248e-09,
                    0.9281097054481506,
                    -0.3723067045211792,
                    -1.5008163452148438
                ],
                [
                    0.0,
                    0.0,
                    0.0,
                    1.0
                ]
            ]
        },
        {
            "file_path": "/data/shapenet_blender/all_50_random/02958343/c8bd4d0ac34266ffaaa232d0915adae9/r_13",
            "rotation": 0.12566370614359174,
            "transform_matrix": [
                [
                    0.964721143245697,
                    -0.06443283706903458,
                    -0.2552676200866699,
                    -1.0290167331695557
                ],
                [
                    -0.2632738947868347,
                    -0.2361028492450714,
                    -0.9353834390640259,
                    -3.770651340484619
                ],
                [
                    0.0,
                    0.9695894718170166,
                    -0.24473688006401062,
                    -0.9865659475326538
                ],
                [
                    0.0,
                    0.0,
                    0.0,
                    1.0
                ]
            ]
        },
        {
            "file_path": "/data/shapenet_blender/all_50_random/02958343/c8bd4d0ac34266ffaaa232d0915adae9/r_14",
            "rotation": 0.12566370614359174,
            "transform_matrix": [
                [
                    -0.6882889866828918,
                    0.1519964337348938,
                    0.7093343734741211,
                    2.8594183921813965
                ],
                [
                    0.7254365086555481,
                    0.14421314001083374,
                    0.6730114221572876,
                    2.712995767593384
                ],
                [
                    0.0,
                    0.9778035283088684,
                    -0.20952408015727997,
                    -0.844618558883667
                ],
                [
                    0.0,
                    0.0,
                    0.0,
                    1.0
                ]
            ]
        },
        {
            "file_path": "/data/shapenet_blender/all_50_random/02958343/c8bd4d0ac34266ffaaa232d0915adae9/r_15",
            "rotation": 0.12566370614359174,
            "transform_matrix": [
                [
                    -0.7319719195365906,
                    0.4500170350074768,
                    -0.5115679502487183,
                    -2.0621962547302246
                ],
                [
                    -0.6813347935676575,
                    -0.48346251249313354,
                    0.5495879054069519,
                    2.2154598236083984
                ],
                [
                    -1.4901162970204496e-08,
                    0.7508318424224854,
                    0.6604932546615601,
                    2.6625335216522217
                ],
                [
                    0.0,
                    0.0,
                    0.0,
                    1.0
                ]
            ]
        },
        {
            "file_path": "/data/shapenet_blender/all_50_random/02958343/c8bd4d0ac34266ffaaa232d0915adae9/r_16",
            "rotation": 0.12566370614359174,
            "transform_matrix": [
                [
                    -0.07754931598901749,
                    -0.34278351068496704,
                    0.9362080097198486,
                    3.773975372314453
                ],
                [
                    0.9969885349273682,
                    -0.02666292153298855,
                    0.07282158732414246,
                    0.2935532331466675
                ],
                [
                    0.0,
                    0.9390360116958618,
                    0.3438188433647156,
                    1.3859782218933105
                ],
                [
                    0.0,
                    0.0,
                    0.0,
                    1.0
                ]
            ]
        },
        {
            "file_path": "/data/shapenet_blender/all_50_random/02958343/c8bd4d0ac34266ffaaa232d0915adae9/r_17",
            "rotation": 0.12566370614359174,
            "transform_matrix": [
                [
                    -0.13600915670394897,
                    0.10277343541383743,
                    -0.9853624105453491,
                    -3.97212290763855
                ],
                [
                    -0.9907075762748718,
                    -0.014109237119555473,
                    0.13527534902095795,
                    0.5453123450279236
                ],
                [
                    9.313225191043273e-10,
                    0.9946047067642212,
                    0.10373740643262863,
                    0.41817885637283325
                ],
                [
                    0.0,
                    0.0,
                    0.0,
                    1.0
                ]
            ]
        },
        {
            "file_path": "/data/shapenet_blender/all_50_random/02958343/c8bd4d0ac34266ffaaa232d0915adae9/r_18",
            "rotation": 0.12566370614359174,
            "transform_matrix": [
                [
                    -0.8420413732528687,
                    0.2570550739765167,
                    -0.47422468662261963,
                    -1.91166090965271
                ],
                [
                    -0.5394129753112793,
                    -0.40127137303352356,
                    0.740280270576477,
                    2.9841651916503906
                ],
                [
                    1.4901161193847656e-08,
                    0.8791495561599731,
                    0.47654592990875244,
                    1.921018123626709
                ],
                [
                    0.0,
                    0.0,
                    0.0,
                    1.0
                ]
            ]
        },
        {
            "file_path": "/data/shapenet_blender/all_50_random/02958343/c8bd4d0ac34266ffaaa232d0915adae9/r_19",
            "rotation": 0.12566370614359174,
            "transform_matrix": [
                [
                    -0.4738147258758545,
                    0.3709794282913208,
                    0.7986700534820557,
                    3.2195420265197754
                ],
                [
                    0.8806246519088745,
                    0.19960322976112366,
                    0.42971959710121155,
                    1.7322551012039185
                ],
                [
                    1.4901162970204496e-08,
                    0.9069359302520752,
                    -0.421268492937088,
                    -1.6981875896453857
                ],
                [
                    0.0,
                    0.0,
                    0.0,
                    1.0
                ]
            ]
        },
        {
            "file_path": "/data/shapenet_blender/all_50_random/02958343/c8bd4d0ac34266ffaaa232d0915adae9/r_20",
            "rotation": 0.12566370614359174,
            "transform_matrix": [
                [
                    -0.9862317442893982,
                    0.11906959861516953,
                    -0.11475738137960434,
                    -0.46260181069374084
                ],
                [
                    -0.16536875069141388,
                    -0.7101113200187683,
                    0.6843939423561096,
                    2.758880138397217
                ],
                [
                    -7.450580152834618e-09,
                    0.6939483284950256,
                    0.720024824142456,
                    2.902512788772583
                ],
                [
                    0.0,
                    0.0,
                    0.0,
                    1.0
                ]
            ]
        },
        {
            "file_path": "/data/shapenet_blender/all_50_random/02958343/c8bd4d0ac34266ffaaa232d0915adae9/r_21",
            "rotation": 0.12566370614359174,
            "transform_matrix": [
                [
                    0.9942598342895508,
                    0.000723568256944418,
                    0.10699036717414856,
                    0.43129196763038635
                ],
                [
                    0.10699281841516495,
                    -0.00672395434230566,
                    -0.9942370653152466,
                    -4.007897853851318
                ],
                [
                    -5.820766091346741e-11,
                    0.999977171421051,
                    -0.00676277419552207,
                    -0.02726161479949951
                ],
                [
                    0.0,
                    0.0,
                    0.0,
                    1.0
                ]
            ]
        },
        {
            "file_path": "/data/shapenet_blender/all_50_random/02958343/c8bd4d0ac34266ffaaa232d0915adae9/r_22",
            "rotation": 0.12566370614359174,
            "transform_matrix": [
                [
                    0.22834360599517822,
                    0.8024232387542725,
                    0.5513402819633484,
                    2.2225236892700195
                ],
                [
                    0.9735805988311768,
                    -0.18820036947727203,
                    -0.12931136786937714,
                    -0.5212708115577698
                ],
                [
                    0.0,
                    0.5663016438484192,
                    -0.8241980671882629,
                    -3.32244873046875
                ],
                [
                    0.0,
                    0.0,
                    0.0,
                    1.0
                ]
            ]
        },
        {
            "file_path": "/data/shapenet_blender/all_50_random/02958343/c8bd4d0ac34266ffaaa232d0915adae9/r_23",
            "rotation": 0.12566370614359174,
            "transform_matrix": [
                [
                    0.5467205047607422,
                    0.6112489104270935,
                    0.5722512602806091,
                    2.306818723678589
                ],
                [
                    0.8373152613639832,
                    -0.39911171793937683,
                    -0.37364837527275085,
                    -1.5062247514724731
                ],
                [
                    1.4901162970204496e-08,
                    0.6834357976913452,
                    -0.7300105094909668,
                    -2.9427664279937744
                ],
                [
                    0.0,
                    0.0,
                    0.0,
                    1.0
                ]
            ]
        },
        {
            "file_path": "/data/shapenet_blender/all_50_random/02958343/c8bd4d0ac34266ffaaa232d0915adae9/r_24",
            "rotation": 0.12566370614359174,
            "transform_matrix": [
                [
                    -0.4415688216686249,
                    0.17860384285449982,
                    -0.8792710900306702,
                    -3.544455051422119
                ],
                [
                    -0.89722740650177,
                    -0.08789955079555511,
                    0.43273165822029114,
                    1.7443971633911133
                ],
                [
                    7.450580596923828e-09,
                    0.979986846446991,
                    0.19906197488307953,
                    0.8024444580078125
                ],
                [
                    0.0,
                    0.0,
                    0.0,
                    1.0
                ]
            ]
        },
        {
            "file_path": "/data/shapenet_blender/all_50_random/02958343/c8bd4d0ac34266ffaaa232d0915adae9/r_25",
            "rotation": 0.12566370614359174,
            "transform_matrix": [
                [
                    -0.6346501111984253,
                    0.3156157433986664,
                    -0.7054118514060974,
                    -2.843606472015381
                ],
                [
                    -0.7727997303009033,
                    -0.25919467210769653,
                    0.5793088674545288,
                    2.335268974304199
                ],
                [
                    0.0,
                    0.9128004312515259,
                    0.408405601978302,
                    1.6463357210159302
                ],
                [
                    0.0,
                    0.0,
                    0.0,
                    1.0
                ]
            ]
        },
        {
            "file_path": "/data/shapenet_blender/all_50_random/02958343/c8bd4d0ac34266ffaaa232d0915adae9/r_26",
            "rotation": 0.12566370614359174,
            "transform_matrix": [
                [
                    0.3116953372955322,
                    -0.11253910511732101,
                    -0.9434940218925476,
                    -3.8033459186553955
                ],
                [
                    -0.9501820802688599,
                    -0.03691704198718071,
                    -0.30950137972831726,
                    -1.2476398944854736
                ],
                [
                    0.0,
                    0.9929612874984741,
                    -0.11843951791524887,
                    -0.47744494676589966
                ],
                [
                    0.0,
                    0.0,
                    0.0,
                    1.0
                ]
            ]
        },
        {
            "file_path": "/data/shapenet_blender/all_50_random/02958343/c8bd4d0ac34266ffaaa232d0915adae9/r_27",
            "rotation": 0.12566370614359174,
            "transform_matrix": [
                [
                    -0.6284596920013428,
                    0.3655337393283844,
                    0.6866028308868408,
                    2.767784595489502
                ],
                [
                    0.7778420448303223,
                    0.29533401131629944,
                    0.554742693901062,
                    2.236239433288574
                ],
                [
                    1.4901160305669237e-08,
                    0.882702112197876,
                    -0.46993300318717957,
                    -1.8943605422973633
                ],
                [
                    0.0,
                    0.0,
                    0.0,
                    1.0
                ]
            ]
        },
        {
            "file_path": "/data/shapenet_blender/all_50_random/02958343/c8bd4d0ac34266ffaaa232d0915adae9/r_28",
            "rotation": 0.12566370614359174,
            "transform_matrix": [
                [
                    0.7457467317581177,
                    -0.31496888399124146,
                    -0.5870743989944458,
                    -2.366572618484497
                ],
                [
                    -0.6662295460700989,
                    -0.35256168246269226,
                    -0.6571441292762756,
                    -2.6490328311920166
                ],
                [
                    1.4901161193847656e-08,
                    0.8811894059181213,
                    -0.4727632999420166,
                    -1.9057698249816895
                ],
                [
                    0.0,
                    0.0,
                    0.0,
                    1.0
                ]
            ]
        },
        {
            "file_path": "/data/shapenet_blender/all_50_random/02958343/c8bd4d0ac34266ffaaa232d0915adae9/r_29",
            "rotation": 0.12566370614359174,
            "transform_matrix": [
                [
                    0.924241304397583,
                    -0.2863849103450775,
                    0.25251108407974243,
                    1.0179048776626587
                ],
                [
                    0.3818091154098511,
                    0.6932489275932312,
                    -0.6112509369850159,
                    -2.46403169631958
                ],
                [
                    0.0,
                    0.6613544225692749,
                    0.7500734329223633,
                    3.0236430168151855
                ],
                [
                    0.0,
                    0.0,
                    0.0,
                    1.0
                ]
            ]
        },
        {
            "file_path": "/data/shapenet_blender/all_50_random/02958343/c8bd4d0ac34266ffaaa232d0915adae9/r_30",
            "rotation": 0.12566370614359174,
            "transform_matrix": [
                [
                    -0.6019778847694397,
                    0.03342878445982933,
                    0.7978126406669617,
                    3.21608567237854
                ],
                [
                    0.7985126972198486,
                    0.025201093405485153,
                    0.6014502048492432,
                    2.42452335357666
                ],
                [
                    -1.862645149230957e-09,
                    0.999123215675354,
                    -0.0418638177216053,
                    -0.16875845193862915
                ],
                [
                    0.0,
                    0.0,
                    0.0,
                    1.0
                ]
            ]
        },
        {
            "file_path": "/data/shapenet_blender/all_50_random/02958343/c8bd4d0ac34266ffaaa232d0915adae9/r_31",
            "rotation": 0.12566370614359174,
            "transform_matrix": [
                [
                    -0.9768776893615723,
                    -0.1417493224143982,
                    0.16005352139472961,
                    0.6451963782310486
                ],
                [
                    0.21379899978637695,
                    -0.6476726531982422,
                    0.7313070893287659,
                    2.947993278503418
                ],
                [
                    7.450581485102248e-09,
                    0.7486168146133423,
                    0.6630028486251831,
                    2.67264986038208
                ],
                [
                    0.0,
                    0.0,
                    0.0,
                    1.0
                ]
            ]
        },
        {
            "file_path": "/data/shapenet_blender/all_50_random/02958343/c8bd4d0ac34266ffaaa232d0915adae9/r_32",
            "rotation": 0.12566370614359174,
            "transform_matrix": [
                [
                    0.75404292345047,
                    -0.2527228891849518,
                    -0.6062594056129456,
                    -2.4439096450805664
                ],
                [
                    -0.6568251848220825,
                    -0.29012882709503174,
                    -0.6959928274154663,
                    -2.805636405944824
                ],
                [
                    -1.4901161193847656e-08,
                    0.9230148196220398,
                    -0.3847643733024597,
                    -1.5510345697402954
                ],
                [
                    0.0,
                    0.0,
                    0.0,
                    1.0
                ]
            ]
        },
        {
            "file_path": "/data/shapenet_blender/all_50_random/02958343/c8bd4d0ac34266ffaaa232d0915adae9/r_33",
            "rotation": 0.12566370614359174,
            "transform_matrix": [
                [
                    0.7036232352256775,
                    0.25097039341926575,
                    -0.6647768020629883,
                    -2.6798012256622314
                ],
                [
                    -0.7105733156204224,
                    0.24851566553115845,
                    -0.6582745909690857,
                    -2.653589963912964
                ],
                [
                    1.4901161193847656e-08,
                    0.9355499744415283,
                    0.3531942367553711,
                    1.423771619796753
                ],
                [
                    0.0,
                    0.0,
                    0.0,
                    1.0
                ]
            ]
        },
        {
            "file_path": "/data/shapenet_blender/all_50_random/02958343/c8bd4d0ac34266ffaaa232d0915adae9/r_34",
            "rotation": 0.12566370614359174,
            "transform_matrix": [
                [
                    -0.6100261211395264,
                    -0.05266161635518074,
                    0.7906294465065002,
                    3.187129259109497
                ],
                [
                    0.7923813462257385,
                    -0.040542297065258026,
                    0.6086773872375488,
                    2.4536569118499756
                ],
                [
                    0.0,
                    0.9977890849113464,
                    0.06645993888378143,
                    0.26790857315063477
                ],
                [
                    0.0,
                    0.0,
                    0.0,
                    1.0
                ]
            ]
        },
        {
            "file_path": "/data/shapenet_blender/all_50_random/02958343/c8bd4d0ac34266ffaaa232d0915adae9/r_35",
            "rotation": 0.12566370614359174,
            "transform_matrix": [
                [
                    0.02354525402188301,
                    0.4981527328491211,
                    -0.8667694926261902,
                    -3.4940598011016846
                ],
                [
                    -0.9997228384017944,
                    0.011732383631169796,
                    -0.020413964986801147,
                    -0.08229133486747742
                ],
                [
                    0.0,
                    0.8670099377632141,
                    0.4982908070087433,
                    2.0086746215820312
                ],
                [
                    0.0,
                    0.0,
                    0.0,
                    1.0
                ]
            ]
        },
        {
            "file_path": "/data/shapenet_blender/all_50_random/02958343/c8bd4d0ac34266ffaaa232d0915adae9/r_36",
            "rotation": 0.12566370614359174,
            "transform_matrix": [
                [
                    -0.6362555027008057,
                    0.03358888626098633,
                    -0.7707468867301941,
                    -3.106980085372925
                ],
                [
                    -0.7714784145355225,
                    -0.02770150452852249,
                    0.6356521248817444,
                    2.5623955726623535
                ],
                [
                    0.0,
                    0.9990518093109131,
                    0.04353833571076393,
                    0.17550864815711975
                ],
                [
                    0.0,
                    0.0,
                    0.0,
                    1.0
                ]
            ]
        },
        {
            "file_path": "/data/shapenet_blender/all_50_random/02958343/c8bd4d0ac34266ffaaa232d0915adae9/r_37",
            "rotation": 0.12566370614359174,
            "transform_matrix": [
                [
                    0.8969821929931641,
                    -0.009304981678724289,
                    0.4419689178466797,
                    1.781633734703064
                ],
                [
                    0.44206690788269043,
                    0.018880406394600868,
                    -0.8967833518981934,
                    -3.615049362182617
                ],
                [
                    0.0,
                    0.9997784495353699,
                    0.021048808470368385,
                    0.08485046029090881
                ],
                [
                    0.0,
                    0.0,
                    0.0,
                    1.0
                ]
            ]
        },
        {
            "file_path": "/data/shapenet_blender/all_50_random/02958343/c8bd4d0ac34266ffaaa232d0915adae9/r_38",
            "rotation": 0.12566370614359174,
            "transform_matrix": [
                [
                    0.6996617913246155,
                    0.17271313071250916,
                    -0.6932846307754517,
                    -2.794719696044922
                ],
                [
                    -0.7144742608070374,
                    0.16913242638111115,
                    -0.6789114475250244,
                    -2.7367796897888184
                ],
                [
                    -1.4901162970204496e-08,
                    0.9703423976898193,
                    0.2417345643043518,
                    0.9744632244110107
                ],
                [
                    0.0,
                    0.0,
                    0.0,
                    1.0
                ]
            ]
        },
        {
            "file_path": "/data/shapenet_blender/all_50_random/02958343/c8bd4d0ac34266ffaaa232d0915adae9/r_39",
            "rotation": 0.12566370614359174,
            "transform_matrix": [
                [
                    0.9093195796012878,
                    -0.0010992125608026981,
                    0.416096955537796,
                    1.6773402690887451
                ],
                [
                    0.41609835624694824,
                    0.002402161480858922,
                    -0.9093165397644043,
                    -3.665571689605713
                ],
                [
                    1.164153010102531e-10,
                    0.9999966025352478,
                    0.002641713246703148,
                    0.01064908504486084
                ],
                [
                    0.0,
                    0.0,
                    0.0,
                    1.0
                ]
            ]
        },
        {
            "file_path": "/data/shapenet_blender/all_50_random/02958343/c8bd4d0ac34266ffaaa232d0915adae9/r_40",
            "rotation": 0.12566370614359174,
            "transform_matrix": [
                [
                    0.8071320652961731,
                    -0.00331358821131289,
                    -0.590361475944519,
                    -2.3798234462738037
                ],
                [
                    -0.590370774269104,
                    -0.004530209116637707,
                    -0.8071193695068359,
                    -3.2536025047302246
                ],
                [
                    0.0,
                    0.9999842643737793,
                    -0.005612722598016262,
                    -0.02262561023235321
                ],
                [
                    0.0,
                    0.0,
                    0.0,
                    1.0
                ]
            ]
        },
        {
            "file_path": "/data/shapenet_blender/all_50_random/02958343/c8bd4d0ac34266ffaaa232d0915adae9/r_41",
            "rotation": 0.12566370614359174,
            "transform_matrix": [
                [
                    -0.20616209506988525,
                    -0.0940128043293953,
                    0.9739911556243896,
                    3.926283836364746
                ],
                [
                    0.9785178303718567,
                    -0.01980738155543804,
