{
    "class": "02958343",
    "model": "a944ae569bbff87716abce8cb03e7794",
    "remove_doubles": true,
    "edge_split": true,
    "denoise": true,
    "camera_angle_x": 0.6911112070083618,
    "scale_factor": 2.2879420582758354,
    "hdri_file": "/data/IndoorHDRDataset2018/9C4A7626-bc1124985e.exr",
    "center_offset": [
        0.0,
        -9.313225746154785e-10,
        -3.725290298461914e-09
    ],
    "lights": [],
    "frames": [
        {
            "file_path": "/data/shapenet_blender/all_50_random/02958343/a944ae569bbff87716abce8cb03e7794/r_0",
            "rotation": 0.12566370614359174,
            "transform_matrix": [
                [
                    0.17493484914302826,
                    0.18854597210884094,
                    0.9663581252098083,
                    3.895514488220215
                ],
                [
                    0.9845800399780273,
                    -0.033499833196401596,
                    -0.17169728875160217,
                    -0.6921339631080627
                ],
                [
                    3.725290298461914e-09,
                    0.9814928770065308,
                    -0.19149886071681976,
                    -0.7719566822052002
                ],
                [
                    0.0,
                    0.0,
                    0.0,
                    1.0
                ]
            ]
        },
        {
            "file_path": "/data/shapenet_blender/all_50_random/02958343/a944ae569bbff87716abce8cb03e7794/r_1",
            "rotation": 0.12566370614359174,
            "transform_matrix": [
                [
                    0.347672700881958,
                    0.14009693264961243,
                    0.9270903468132019,
                    3.7372207641601562
                ],
                [
                    0.9376160502433777,
                    -0.05194864422082901,
                    -0.34376972913742065,
                    -1.3857800960540771
                ],
                [
                    0.0,
                    0.9887740612030029,
                    -0.14941824972629547,
                    -0.6023242473602295
                ],
                [
                    0.0,
                    0.0,
                    0.0,
                    1.0
                ]
            ]
        },
        {
            "file_path": "/data/shapenet_blender/all_50_random/02958343/a944ae569bbff87716abce8cb03e7794/r_2",
            "rotation": 0.12566370614359174,
            "transform_matrix": [
                [
                    -0.9185227751731873,
                    0.07043140381574631,
                    0.38904404640197754,
                    1.5682867765426636
                ],
                [
                    0.3953680098056793,
                    0.16362692415714264,
                    0.9038308262825012,
                    3.643458843231201
                ],
                [
                    0.0,
                    0.9840049147605896,
                    -0.17814137041568756,
                    -0.7181109189987183
                ],
                [
                    0.0,
                    0.0,
                    0.0,
                    1.0
                ]
            ]
        },
        {
            "file_path": "/data/shapenet_blender/all_50_random/02958343/a944ae569bbff87716abce8cb03e7794/r_3",
            "rotation": 0.12566370614359174,
            "transform_matrix": [
                [
                    -0.995985209941864,
                    -0.03421724960207939,
                    -0.08271995186805725,
                    -0.33345478773117065
                ],
                [
                    -0.08951764553785324,
                    0.38070565462112427,
                    0.92035311460495,
                    3.710062026977539
                ],
                [
                    3.725290076417309e-09,
                    0.9240629076957703,
                    -0.38224026560783386,
                    -1.5408598184585571
                ],
                [
                    0.0,
                    0.0,
                    0.0,
                    1.0
                ]
            ]
        },
        {
            "file_path": "/data/shapenet_blender/all_50_random/02958343/a944ae569bbff87716abce8cb03e7794/r_4",
            "rotation": 0.12566370614359174,
            "transform_matrix": [
                [
                    0.9083660840988159,
                    0.0014625980984419584,
                    0.41817328333854675,
                    1.6857104301452637
                ],
                [
                    0.4181758463382721,
                    -0.0031770719215273857,
                    -0.9083606004714966,
                    -3.6617186069488525
                ],
                [
                    1.1641530794914701e-10,
                    0.9999939203262329,
                    -0.0034975677262991667,
                    -0.014099146239459515
                ],
                [
                    0.0,
                    0.0,
                    0.0,
                    1.0
                ]
            ]
        },
        {
            "file_path": "/data/shapenet_blender/all_50_random/02958343/a944ae569bbff87716abce8cb03e7794/r_5",
            "rotation": 0.12566370614359174,
            "transform_matrix": [
                [
                    -0.5608501434326172,
                    -0.09946542978286743,
                    -0.8219206929206848,
                    -3.3132684230804443
                ],
                [
                    -0.8279173374176025,
                    0.0673801526427269,
                    0.5567878484725952,
                    2.2444839477539062
                ],
                [
                    0.0,
                    0.9927570223808289,
                    -0.12013931572437286,
                    -0.48429709672927856
                ],
                [
                    0.0,
                    0.0,
                    0.0,
                    1.0
                ]
            ]
        },
        {
            "file_path": "/data/shapenet_blender/all_50_random/02958343/a944ae569bbff87716abce8cb03e7794/r_6",
            "rotation": 0.12566370614359174,
            "transform_matrix": [
                [
                    0.6342659592628479,
                    -0.05853745713829994,
                    -0.7708955407142639,
                    -3.107579469680786
                ],
                [
                    -0.7731148600578308,
                    -0.04802432283759117,
                    -0.632445216178894,
                    -2.549468517303467
                ],
                [
                    0.0,
                    0.9971293807029724,
                    -0.07571636140346527,
                    -0.30522245168685913
                ],
                [
                    0.0,
                    0.0,
                    0.0,
                    1.0
                ]
            ]
        },
        {
            "file_path": "/data/shapenet_blender/all_50_random/02958343/a944ae569bbff87716abce8cb03e7794/r_7",
            "rotation": 0.12566370614359174,
            "transform_matrix": [
                [
                    0.15708725154399872,
                    0.3427315652370453,
                    0.9262064695358276,
                    3.7336580753326416
                ],
                [
                    0.9875847697257996,
                    -0.05451558157801628,
                    -0.14732429385185242,
                    -0.5938832759857178
                ],
                [
                    -3.725290742551124e-09,
                    0.9378502368927002,
                    -0.3470401167869568,
                    -1.3989635705947876
                ],
                [
                    0.0,
                    0.0,
                    0.0,
                    1.0
                ]
            ]
        },
        {
            "file_path": "/data/shapenet_blender/all_50_random/02958343/a944ae569bbff87716abce8cb03e7794/r_8",
            "rotation": 0.12566370614359174,
            "transform_matrix": [
                [
                    -0.9512453079223633,
                    0.06714585423469543,
                    0.30103799700737,
                    1.2135231494903564
                ],
                [
                    0.3084355294704437,
                    0.20708437263965607,
                    0.9284306168556213,
                    3.742623805999756
                ],
                [
                    0.0,
                    0.976016104221344,
                    -0.21769818663597107,
                    -0.8775694966316223
                ],
                [
                    0.0,
                    0.0,
                    0.0,
                    1.0
                ]
            ]
        },
        {
            "file_path": "/data/shapenet_blender/all_50_random/02958343/a944ae569bbff87716abce8cb03e7794/r_9",
            "rotation": 0.12566370614359174,
            "transform_matrix": [
                [
                    -0.9938332438468933,
                    -0.06381300836801529,
                    -0.09068252146244049,
                    -0.3655529022216797
                ],
                [
                    -0.11088470369577408,
                    0.5719407796859741,
                    0.8127658367156982,
                    3.2763636112213135
                ],
                [
                    0.0,
                    0.8178089261054993,
                    -0.5754897594451904,
                    -2.319873094558716
                ],
                [
                    0.0,
                    0.0,
                    0.0,
                    1.0
                ]
            ]
        },
        {
            "file_path": "/data/shapenet_blender/all_50_random/02958343/a944ae569bbff87716abce8cb03e7794/r_10",
            "rotation": 0.12566370614359174,
            "transform_matrix": [
                [
                    0.9690940380096436,
                    -0.17979583144187927,
                    0.16890935599803925,
                    0.6808954477310181
                ],
                [
                    0.2466919720172882,
                    0.7063021063804626,
                    -0.6635361313819885,
                    -2.674799919128418
                ],
                [
                    0.0,
                    0.6846974492073059,
                    0.7288272976875305,
                    2.9379971027374268
                ],
                [
                    0.0,
                    0.0,
                    0.0,
                    1.0
                ]
            ]
        },
        {
            "file_path": "/data/shapenet_blender/all_50_random/02958343/a944ae569bbff87716abce8cb03e7794/r_11",
            "rotation": 0.12566370614359174,
            "transform_matrix": [
                [
                    -0.16980084776878357,
                    -0.11594847589731216,
                    -0.9786335229873657,
                    -3.944998025894165
                ],
                [
                    -0.9854784607887268,
                    0.01997826248407364,
                    0.16862143576145172,
                    0.6797347664833069
                ],
                [
                    0.0,
                    0.9930543303489685,
                    -0.11765703558921814,
                    -0.474290668964386
                ],
                [
                    0.0,
                    0.0,
                    0.0,
                    1.0
                ]
            ]
        },
        {
            "file_path": "/data/shapenet_blender/all_50_random/02958343/a944ae569bbff87716abce8cb03e7794/r_12",
            "rotation": 0.12566370614359174,
            "transform_matrix": [
                [
                    0.5553481578826904,
                    -0.05654722824692726,
                    -0.829693078994751,
                    -3.344599962234497
                ],
                [
                    -0.8316178321838379,
                    -0.03776181861758232,
                    -0.5540628433227539,
                    -2.233499050140381
                ],
                [
                    0.0,
                    0.9976854920387268,
                    -0.06799664348363876,
                    -0.2741032540798187
                ],
                [
                    0.0,
                    0.0,
                    0.0,
                    1.0
                ]
            ]
        },
        {
            "file_path": "/data/shapenet_blender/all_50_random/02958343/a944ae569bbff87716abce8cb03e7794/r_13",
            "rotation": 0.12566370614359174,
            "transform_matrix": [
                [
                    -0.9152508974075317,
                    0.00035100197419524193,
                    -0.402884304523468,
                    -1.6240785121917725
                ],
                [
                    -0.40288445353507996,
                    -0.0007973871543072164,
                    0.9152505397796631,
                    3.689492702484131
                ],
                [
                    -2.9103826987286752e-11,
                    0.9999997019767761,
                    0.0008712224662303925,
                    0.0035120099782943726
                ],
                [
                    0.0,
                    0.0,
                    0.0,
                    1.0
                ]
            ]
        },
        {
            "file_path": "/data/shapenet_blender/all_50_random/02958343/a944ae569bbff87716abce8cb03e7794/r_14",
            "rotation": 0.12566370614359174,
            "transform_matrix": [
                [
                    0.49435579776763916,
                    -0.4431037902832031,
                    0.7478444576263428,
                    3.014657735824585
                ],
                [
                    0.8692597150802612,
                    0.25199711322784424,
                    -0.4253058433532715,
                    -1.7144627571105957
                ],
                [
                    -1.4901161193847656e-08,
                    0.8603235483169556,
                    0.5097483992576599,
                    2.0548617839813232
                ],
                [
                    0.0,
                    0.0,
                    0.0,
                    1.0
                ]
            ]
        },
        {
            "file_path": "/data/shapenet_blender/all_50_random/02958343/a944ae569bbff87716abce8cb03e7794/r_15",
            "rotation": 0.12566370614359174,
            "transform_matrix": [
                [
                    -0.7124846577644348,
                    0.200065478682518,
                    -0.672561764717102,
                    -2.711183547973633
                ],
                [
                    -0.701687753200531,
                    -0.2031438946723938,
                    0.6829105019569397,
                    2.7529006004333496
                ],
                [
                    0.0,
                    0.9584917426109314,
                    0.28512030839920044,
                    1.1493568420410156
                ],
                [
                    0.0,
                    0.0,
                    0.0,
                    1.0
                ]
            ]
        },
        {
            "file_path": "/data/shapenet_blender/all_50_random/02958343/a944ae569bbff87716abce8cb03e7794/r_16",
            "rotation": 0.12566370614359174,
            "transform_matrix": [
                [
                    0.9513037800788879,
                    0.027635712176561356,
                    -0.3070134222507477,
                    -1.2376108169555664
                ],
                [
                    -0.30825474858283997,
                    0.0852864682674408,
                    -0.9474729895591736,
                    -3.8193860054016113
                ],
                [
                    0.0,
                    0.9959732294082642,
                    0.0896521657705307,
                    0.36139947175979614
                ],
                [
                    0.0,
                    0.0,
                    0.0,
                    1.0
                ]
            ]
        },
        {
            "file_path": "/data/shapenet_blender/all_50_random/02958343/a944ae569bbff87716abce8cb03e7794/r_17",
            "rotation": 0.12566370614359174,
            "transform_matrix": [
                [
                    -0.17603826522827148,
                    -0.968777596950531,
                    0.17458724975585938,
                    0.7037837505340576
                ],
                [
                    0.9843832850456238,
                    -0.17324748635292053,
                    0.03122161515057087,
                    0.1258583664894104
                ],
                [
                    1.8626449271863521e-09,
                    0.1773567646741867,
                    0.9841465353965759,
                    3.967221736907959
                ],
                [
                    0.0,
                    0.0,
                    0.0,
                    1.0
                ]
            ]
        },
        {
            "file_path": "/data/shapenet_blender/all_50_random/02958343/a944ae569bbff87716abce8cb03e7794/r_18",
            "rotation": 0.12566370614359174,
            "transform_matrix": [
                [
                    -0.701078474521637,
                    -0.6284061074256897,
                    0.3370380401611328,
                    1.358643889427185
                ],
                [
                    0.7130841016769409,
                    -0.6178261041641235,
                    0.33136358857154846,
                    1.3357694149017334
                ],
                [
                    0.0,
                    0.4726483225822449,
                    0.8812510371208191,
                    3.5524368286132812
                ],
                [
                    0.0,
                    0.0,
                    0.0,
                    1.0
                ]
            ]
        },
        {
            "file_path": "/data/shapenet_blender/all_50_random/02958343/a944ae569bbff87716abce8cb03e7794/r_19",
            "rotation": 0.12566370614359174,
            "transform_matrix": [
                [
                    0.6163322925567627,
                    0.04651591554284096,
                    -0.7861111760139465,
                    -3.1689155101776123
                ],
                [
                    -0.78748619556427,
                    0.03640604764223099,
                    -0.615256130695343,
                    -2.4801766872406006
                ],
                [
                    0.0,
                    0.9982539415359497,
                    0.05906886234879494,
                    0.23811419308185577
                ],
                [
                    0.0,
                    0.0,
                    0.0,
                    1.0
                ]
            ]
        },
        {
            "file_path": "/data/shapenet_blender/all_50_random/02958343/a944ae569bbff87716abce8cb03e7794/r_20",
            "rotation": 0.12566370614359174,
            "transform_matrix": [
                [
                    0.8733478784561157,
                    -0.26069092750549316,
                    0.41146552562713623,
                    1.6586705446243286
                ],
                [
                    0.48709720373153687,
                    0.46740952134132385,
                    -0.7377430200576782,
                    -2.9739372730255127
                ],
                [
                    0.0,
                    0.8447299003601074,
                    0.5351928472518921,
                    2.1574313640594482
                ],
                [
                    0.0,
                    0.0,
                    0.0,
                    1.0
                ]
            ]
        },
        {
            "file_path": "/data/shapenet_blender/all_50_random/02958343/a944ae569bbff87716abce8cb03e7794/r_21",
            "rotation": 0.12566370614359174,
            "transform_matrix": [
                [
                    -0.5895866751670837,
                    -0.027630796656012535,
                    -0.8072323799133301,
                    -3.2540574073791504
                ],
                [
                    -0.8077051043510437,
                    0.020169179886579514,
                    0.589241623878479,
                    2.3753087520599365
                ],
                [
                    0.0,
                    0.9994146823883057,
                    -0.03420902043581009,
                    -0.1379009485244751
                ],
                [
                    0.0,
                    0.0,
                    0.0,
                    1.0
                ]
            ]
        },
        {
            "file_path": "/data/shapenet_blender/all_50_random/02958343/a944ae569bbff87716abce8cb03e7794/r_22",
            "rotation": 0.12566370614359174,
            "transform_matrix": [
                [
                    -0.7706037163734436,
                    -0.18653295934200287,
                    -0.6094056963920593,
                    -2.4565932750701904
                ],
                [
                    -0.6373146772384644,
                    0.2255447953939438,
                    0.7368578910827637,
                    2.970369338989258
                ],
                [
                    0.0,
                    0.9562086462974548,
                    -0.2926858067512512,
                    -1.179854393005371
                ],
                [
                    0.0,
                    0.0,
                    0.0,
                    1.0
                ]
            ]
        },
        {
            "file_path": "/data/shapenet_blender/all_50_random/02958343/a944ae569bbff87716abce8cb03e7794/r_23",
            "rotation": 0.12566370614359174,
            "transform_matrix": [
                [
                    -0.7932568788528442,
                    -0.3629938066005707,
                    0.48885485529899597,
                    1.9706370830535889
                ],
                [
                    0.608887255191803,
                    -0.47290748357772827,
                    0.6368789076805115,
                    2.5673413276672363
                ],
                [
                    0.0,
                    0.8028661012649536,
                    0.5961593389511108,
                    2.403195381164551
                ],
                [
                    0.0,
                    0.0,
                    0.0,
                    1.0
                ]
            ]
        },
        {
            "file_path": "/data/shapenet_blender/all_50_random/02958343/a944ae569bbff87716abce8cb03e7794/r_24",
            "rotation": 0.12566370614359174,
            "transform_matrix": [
                [
                    0.7083386778831482,
                    -0.6955875158309937,
                    -0.12005878239870071,
                    -0.48397237062454224
                ],
                [
                    -0.7058725953102112,
                    -0.6980176568031311,
                    -0.12047822028398514,
                    -0.48566317558288574
                ],
                [
                    0.0,
                    0.170085608959198,
                    -0.9854293465614319,
                    -3.9723923206329346
                ],
                [
                    0.0,
                    0.0,
                    0.0,
                    1.0
                ]
            ]
        },
        {
            "file_path": "/data/shapenet_blender/all_50_random/02958343/a944ae569bbff87716abce8cb03e7794/r_25",
            "rotation": 0.12566370614359174,
            "transform_matrix": [
                [
                    -0.8733658790588379,
                    -0.17279142141342163,
                    0.4553847908973694,
                    1.8357149362564087
                ],
                [
                    0.4870649576187134,
                    -0.3098357319831848,
                    0.8165595531463623,
                    3.291656970977783
                ],
                [
                    0.0,
                    0.9349570870399475,
                    0.3547605574131012,
                    1.4300856590270996
                ],
                [
                    0.0,
                    0.0,
                    0.0,
                    1.0
                ]
            ]
        },
        {
            "file_path": "/data/shapenet_blender/all_50_random/02958343/a944ae569bbff87716abce8cb03e7794/r_26",
            "rotation": 0.12566370614359174,
            "transform_matrix": [
                [
                    0.8402315378189087,
                    -0.41461610794067383,
                    -0.34943464398384094,
                    -1.4086161851882935
                ],
                [
                    -0.5422279238700867,
                    -0.6424853801727295,
                    -0.5414807200431824,
                    -2.182778835296631
                ],
                [
                    -2.980232594040899e-08,
                    0.6444423794746399,
                    -0.7646527290344238,
                    -3.082414150238037
                ],
                [
                    0.0,
                    0.0,
                    0.0,
                    1.0
                ]
            ]
        },
        {
            "file_path": "/data/shapenet_blender/all_50_random/02958343/a944ae569bbff87716abce8cb03e7794/r_27",
            "rotation": 0.12566370614359174,
            "transform_matrix": [
                [
                    0.5518583655357361,
                    -0.3231212794780731,
                    -0.7687944173812866,
                    -3.099109649658203
                ],
                [
                    -0.8339378833770752,
                    -0.21382549405097961,
                    -0.5087496638298035,
                    -2.0508358478546143
                ],
                [
                    1.4901161193847656e-08,
                    0.9218846559524536,
                    -0.3874644339084625,
                    -1.5619192123413086
                ],
                [
                    0.0,
                    0.0,
                    0.0,
                    1.0
                ]
            ]
        },
        {
            "file_path": "/data/shapenet_blender/all_50_random/02958343/a944ae569bbff87716abce8cb03e7794/r_28",
            "rotation": 0.12566370614359174,
            "transform_matrix": [
                [
                    0.66796875,
                    -0.12601764500141144,
                    -0.7334421277046204,
                    -2.956599712371826
                ],
                [
                    -0.7441893815994263,
                    -0.11311078816652298,
                    -0.6583222150802612,
                    -2.6537816524505615
                ],
                [
                    0.0,
                    0.9855583906173706,
                    -0.1693354845046997,
                    -0.6826131939888
                ],
                [
                    0.0,
                    0.0,
                    0.0,
                    1.0
                ]
            ]
        },
        {
            "file_path": "/data/shapenet_blender/all_50_random/02958343/a944ae569bbff87716abce8cb03e7794/r_29",
            "rotation": 0.12566370614359174,
            "transform_matrix": [
                [
                    -0.9999634623527527,
                    -0.0042315940372645855,
                    -0.007428813260048628,
                    -0.029946506023406982
                ],
                [
                    -0.008549483492970467,
                    0.4949350953102112,
                    0.8688877820968628,
                    3.502599000930786
                ],
                [
                    0.0,
                    0.8689196109771729,
                    -0.49495312571525574,
                    -1.9952199459075928
                ],
                [
                    0.0,
                    0.0,
                    0.0,
                    1.0
                ]
            ]
        },
        {
            "file_path": "/data/shapenet_blender/all_50_random/02958343/a944ae569bbff87716abce8cb03e7794/r_30",
            "rotation": 0.12566370614359174,
            "transform_matrix": [
                [
                    -0.08005266636610031,
                    -0.35580116510391235,
                    0.9311267733573914,
                    3.7534921169281006
                ],
                [
                    0.9967907071113586,
                    -0.028574537485837936,
                    0.07477917522192001,
                    0.30144450068473816
                ],
                [
                    0.0,
                    0.9341247081756592,
                    0.356946736574173,
                    1.4388983249664307
                ],
                [
                    0.0,
                    0.0,
                    0.0,
                    1.0
                ]
            ]
        },
        {
            "file_path": "/data/shapenet_blender/all_50_random/02958343/a944ae569bbff87716abce8cb03e7794/r_31",
            "rotation": 0.12566370614359174,
            "transform_matrix": [
                [
                    0.5804543495178223,
                    -0.19760724902153015,
                    0.7899520397186279,
                    3.1843981742858887
                ],
                [
                    0.8142927885055542,
                    0.14086085557937622,
                    -0.563103437423706,
                    -2.269942283630371
                ],
                [
                    -7.450580596923828e-09,
                    0.970107913017273,
                    0.24267348647117615,
                    0.9782480001449585
                ],
                [
                    0.0,
                    0.0,
                    0.0,
                    1.0
                ]
            ]
        },
        {
            "file_path": "/data/shapenet_blender/all_50_random/02958343/a944ae569bbff87716abce8cb03e7794/r_32",
            "rotation": 0.12566370614359174,
            "transform_matrix": [
                [
                    0.9999949336051941,
                    -0.002022204687818885,
                    -0.002408210653811693,
                    -0.009707808494567871
                ],
                [
                    -0.003144644433632493,
                    -0.6430597901344299,
                    -0.7658093571662903,
                    -3.0870766639709473
                ],
                [
                    0.0,
                    0.7658132910728455,
                    -0.643062949180603,
                    -2.5922698974609375
                ],
                [
                    0.0,
                    0.0,
                    0.0,
                    1.0
                ]
            ]
        },
        {
            "file_path": "/data/shapenet_blender/all_50_random/02958343/a944ae569bbff87716abce8cb03e7794/r_33",
            "rotation": 0.12566370614359174,
            "transform_matrix": [
                [
                    -0.8290145993232727,
                    -0.495015025138855,
                    0.2601824998855591,
                    1.0488293170928955
                ],
                [
                    0.5592269897460938,
                    -0.7338249087333679,
                    0.3857022523880005,
                    1.554815649986267
                ],
                [
                    -1.4901161193847656e-08,
                    0.4652538597583771,
                    0.8851771950721741,
                    3.568263530731201
                ],
                [
                    0.0,
                    0.0,
                    0.0,
                    1.0
                ]
            ]
        },
        {
            "file_path": "/data/shapenet_blender/all_50_random/02958343/a944ae569bbff87716abce8cb03e7794/r_34",
            "rotation": 0.12566370614359174,
            "transform_matrix": [
                [
                    -0.8886691927909851,
                    0.3994067311286926,
                    0.22525839507579803,
                    0.9080456495285034
                ],
                [
                    0.4585489332675934,
                    0.7740514874458313,
                    0.4365514814853668,
                    1.7597953081130981
                ],
                [
                    0.0,
                    0.49124178290367126,
                    -0.8710232377052307,
                    -3.511206865310669
                ],
                [
                    0.0,
                    0.0,
                    0.0,
                    1.0
                ]
            ]
        },
        {
            "file_path": "/data/shapenet_blender/all_50_random/02958343/a944ae569bbff87716abce8cb03e7794/r_35",
            "rotation": 0.12566370614359174,
            "transform_matrix": [
                [
                    0.1675061285495758,
                    -0.01968647912144661,
                    -0.9856744408607483,
                    -3.9733808040618896
                ],
                [
                    -0.9858711361885071,
                    -0.0033448655158281326,
                    -0.1674727201461792,
                    -0.6751041412353516
                ],
                [
                    -2.3283067140944524e-10,
                    0.9998005628585815,
                    -0.019968615844845772,
                    -0.08049606531858444
                ],
                [
                    0.0,
                    0.0,
                    0.0,
                    1.0
                ]
            ]
        },
        {
            "file_path": "/data/shapenet_blender/all_50_random/02958343/a944ae569bbff87716abce8cb03e7794/r_36",
            "rotation": 0.12566370614359174,
            "transform_matrix": [
                [
                    0.6180729866027832,
                    -0.25198909640312195,
                    -0.7446389198303223,
                    -3.0017354488372803
                ],
                [
                    -0.786120593547821,
                    -0.19812186062335968,
                    -0.5854588150978088,
                    -2.360059976577759
                ],
                [
                    0.0,
                    0.9472323060035706,
                    -0.3205476403236389,
                    -1.2921688556671143
                ],
                [
                    0.0,
                    0.0,
                    0.0,
                    1.0
                ]
            ]
        },
        {
            "file_path": "/data/shapenet_blender/all_50_random/02958343/a944ae569bbff87716abce8cb03e7794/r_37",
            "rotation": 0.12566370614359174,
            "transform_matrix": [
                [
                    0.3993662893772125,
                    0.5869280695915222,
                    0.7042882442474365,
                    2.8390769958496094
                ],
                [
                    0.9167913794517517,
                    -0.25567352771759033,
                    -0.3067971467971802,
                    -1.236738920211792
                ],
                [
                    0.0,
                    0.7682099938392639,
                    -0.6401978731155396,
                    -2.5807204246520996
                ],
                [
                    0.0,
                    0.0,
                    0.0,
                    1.0
                ]
            ]
        },
        {
            "file_path": "/data/shapenet_blender/all_50_random/02958343/a944ae569bbff87716abce8cb03e7794/r_38",
            "rotation": 0.12566370614359174,
            "transform_matrix": [
                [
                    -0.9776809215545654,
                    -0.12381815910339355,
                    -0.16973267495632172,
                    -0.6842143535614014
                ],
                [
                    -0.21009549498558044,
                    0.5761886239051819,
                    0.7898522019386292,
                    3.1839962005615234
                ],
                [
                    -7.450580596923828e-09,
                    0.8078834414482117,
                    -0.5893422365188599,
                    -2.3757147789001465
                ],
                [
                    0.0,
                    0.0,
                    0.0,
                    1.0
                ]
            ]
        },
        {
            "file_path": "/data/shapenet_blender/all_50_random/02958343/a944ae569bbff87716abce8cb03e7794/r_39",
            "rotation": 0.12566370614359174,
            "transform_matrix": [
                [
                    -0.11989352107048035,
                    -0.7972531318664551,
                    0.5916190147399902,
                    2.384892463684082
                ],
                [
                    0.9927867650985718,
                    -0.09627997875213623,
                    0.07144664973020554,
                    0.2880106568336487
                ],
                [
                    0.0,
                    0.5959175229072571,
                    0.8030456304550171,
                    3.237180471420288
                ],
                [
                    0.0,
                    0.0,
                    0.0,
                    1.0
                ]
            ]
        },
        {
            "file_path": "/data/shapenet_blender/all_50_random/02958343/a944ae569bbff87716abce8cb03e7794/r_40",
            "rotation": 0.12566370614359174,
            "transform_matrix": [
                [
                    0.6410524249076843,
                    -0.6692088842391968,
                    -0.37578099966049194,
                    -1.5148216485977173
                ],
                [
                    -0.767497181892395,
                    -0.5589570999145508,
                    -0.313871294260025,
                    -1.2652556896209717
                ],
                [
                    0.0,
                    0.48961877822875977,
                    -0.871936559677124,
                    -3.5148887634277344
                ],
                [
                    0.0,
                    0.0,
                    0.0,
                    1.0
                ]
            ]
        },
        {
            "file_path": "/data/shapenet_blender/all_50_random/02958343/a944ae569bbff87716abce8cb03e7794/r_41",
            "rotation": 0.12566370614359174,
            "transform_matrix": [
                [
                    0.11890941113233566,
                    -0.38601991534233093,
                    -0.9147945642471313,
                    -3.687654972076416
                ],
                [
                    -0.9929050803184509,
                    -0.046229396015405655,
                    -0.1095549687743187,
                    -0.4416302442550659
                ],
                [
                    0.0,
                    0.9213312864303589,
