{
    "class": "02958343",
    "model": "713b7eaeea5580af1f71b98bc1f8bb06",
    "remove_doubles": true,
    "edge_split": true,
    "denoise": true,
    "camera_angle_x": 0.6911112070083618,
    "scale_factor": 2.215150871789347,
    "hdri_file": "/data/IndoorHDRDataset2018/9C4A8239-7a9d7093e2.exr",
    "center_offset": [
        0.0,
        -6.984919309616089e-10,
        0.0
    ],
    "lights": [],
    "frames": [
        {
            "file_path": "/data/shapenet_blender/all_50_random/02958343/713b7eaeea5580af1f71b98bc1f8bb06/r_0",
            "rotation": 0.12566370614359174,
            "transform_matrix": [
                [
                    -0.06545758247375488,
                    0.10353884100914001,
                    0.9924691319465637,
                    4.0007710456848145
                ],
                [
                    0.9978553056716919,
                    0.006791969295591116,
                    0.06510426104068756,
                    0.2624436616897583
                ],
                [
                    0.0,
                    0.9946022033691406,
                    -0.10376136749982834,
                    -0.41827547550201416
                ],
                [
                    0.0,
                    0.0,
                    0.0,
                    1.0
                ]
            ]
        },
        {
            "file_path": "/data/shapenet_blender/all_50_random/02958343/713b7eaeea5580af1f71b98bc1f8bb06/r_1",
            "rotation": 0.12566370614359174,
            "transform_matrix": [
                [
                    -0.8875494599342346,
                    -0.18992984294891357,
                    -0.4197412133216858,
                    -1.692030906677246
                ],
                [
                    -0.4607125520706177,
                    0.3658943772315979,
                    0.8086193203926086,
                    3.2596487998962402
                ],
                [
                    1.4901162970204496e-08,
                    0.9110696315765381,
                    -0.41225239634513855,
                    -1.6618425846099854
                ],
                [
                    0.0,
                    0.0,
                    0.0,
                    1.0
                ]
            ]
        },
        {
            "file_path": "/data/shapenet_blender/all_50_random/02958343/713b7eaeea5580af1f71b98bc1f8bb06/r_2",
            "rotation": 0.12566370614359174,
            "transform_matrix": [
                [
                    0.1420687437057495,
                    0.6667141914367676,
                    -0.7316479086875916,
                    -2.9493672847747803
                ],
                [
                    -0.9898567795753479,
                    0.09568984806537628,
                    -0.10500943660736084,
                    -0.4233066141605377
                ],
                [
                    -7.450580152834618e-09,
                    0.7391452789306641,
                    0.6735460162162781,
                    2.715151071548462
                ],
                [
                    0.0,
                    0.0,
                    0.0,
                    1.0
                ]
            ]
        },
        {
            "file_path": "/data/shapenet_blender/all_50_random/02958343/713b7eaeea5580af1f71b98bc1f8bb06/r_3",
            "rotation": 0.12566370614359174,
            "transform_matrix": [
                [
                    0.9712169170379639,
                    0.20478427410125732,
                    -0.12166041880846024,
                    -0.4904288351535797
                ],
                [
                    -0.23819711804389954,
                    0.8349804878234863,
                    -0.496054083108902,
                    -1.9996579885482788
                ],
                [
                    0.0,
                    0.5107550621032715,
                    0.8597261905670166,
                    3.4656670093536377
                ],
                [
                    0.0,
                    0.0,
                    0.0,
                    1.0
                ]
            ]
        },
        {
            "file_path": "/data/shapenet_blender/all_50_random/02958343/713b7eaeea5580af1f71b98bc1f8bb06/r_4",
            "rotation": 0.12566370614359174,
            "transform_matrix": [
                [
                    0.6825350522994995,
                    0.22563353180885315,
                    0.6951512694358826,
                    2.8022446632385254
                ],
                [
                    0.7308529019355774,
                    -0.21071656048297882,
                    -0.6491937637329102,
                    -2.6169838905334473
                ],
                [
                    0.0,
                    0.9511508345603943,
                    -0.30872634053230286,
                    -1.2445157766342163
                ],
                [
                    0.0,
                    0.0,
                    0.0,
                    1.0
                ]
            ]
        },
        {
            "file_path": "/data/shapenet_blender/all_50_random/02958343/713b7eaeea5580af1f71b98bc1f8bb06/r_5",
            "rotation": 0.12566370614359174,
            "transform_matrix": [
                [
                    0.9881781935691833,
                    -0.08667322248220444,
                    0.12645773589611053,
                    0.5097674131393433
                ],
                [
                    0.15330950915813446,
                    0.5586645007133484,
                    -0.8151012659072876,
                    -3.285778284072876
                ],
                [
                    0.0,
                    0.824852466583252,
                    0.5653479695320129,
                    2.2789905071258545
                ],
                [
                    0.0,
                    0.0,
                    0.0,
                    1.0
                ]
            ]
        },
        {
            "file_path": "/data/shapenet_blender/all_50_random/02958343/713b7eaeea5580af1f71b98bc1f8bb06/r_6",
            "rotation": 0.12566370614359174,
            "transform_matrix": [
                [
                    0.7213420271873474,
                    -0.6222131252288818,
                    0.30416515469551086,
                    1.2261289358139038
                ],
                [
                    0.6925791501998901,
                    0.6480537056922913,
                    -0.3167971670627594,
                    -1.277050256729126
                ],
                [
                    0.0,
                    0.43917742371559143,
                    0.8984003067016602,
                    3.621567487716675
                ],
                [
                    0.0,
                    0.0,
                    0.0,
                    1.0
                ]
            ]
        },
        {
            "file_path": "/data/shapenet_blender/all_50_random/02958343/713b7eaeea5580af1f71b98bc1f8bb06/r_7",
            "rotation": 0.12566370614359174,
            "transform_matrix": [
                [
                    0.29349932074546814,
                    0.30873405933380127,
                    0.9047327637672424,
                    3.647094488143921
                ],
                [
                    0.9559592008590698,
                    -0.09478776901960373,
                    -0.2777717411518097,
                    -1.1197336912155151
                ],
                [
                    0.0,
                    0.9464134573936462,
                    -0.3229573369026184,
                    -1.3018826246261597
                ],
                [
                    0.0,
                    0.0,
                    0.0,
                    1.0
                ]
            ]
        },
        {
            "file_path": "/data/shapenet_blender/all_50_random/02958343/713b7eaeea5580af1f71b98bc1f8bb06/r_8",
            "rotation": 0.12566370614359174,
            "transform_matrix": [
                [
                    -0.9952865839004517,
                    0.019814560189843178,
                    0.09493130445480347,
                    0.3826802968978882
                ],
                [
                    0.09697713702917099,
                    0.20335888862609863,
                    0.9742898941040039,
                    3.92748761177063
                ],
                [
                    0.0,
                    0.9789037704467773,
                    -0.2043219655752182,
                    -0.8236480951309204
                ],
                [
                    0.0,
                    0.0,
                    0.0,
                    1.0
                ]
            ]
        },
        {
            "file_path": "/data/shapenet_blender/all_50_random/02958343/713b7eaeea5580af1f71b98bc1f8bb06/r_9",
            "rotation": 0.12566370614359174,
            "transform_matrix": [
                [
                    0.6570422649383545,
                    -0.05374647676944733,
                    -0.7519353032112122,
                    -3.0311484336853027
                ],
                [
                    -0.7538538575172424,
                    -0.0468442365527153,
                    -0.6553701162338257,
                    -2.6418817043304443
                ],
                [
                    0.0,
                    0.9974552392959595,
                    -0.0712956115603447,
                    -0.28740182518959045
                ],
                [
                    0.0,
                    0.0,
                    0.0,
                    1.0
                ]
            ]
        },
        {
            "file_path": "/data/shapenet_blender/all_50_random/02958343/713b7eaeea5580af1f71b98bc1f8bb06/r_10",
            "rotation": 0.12566370614359174,
            "transform_matrix": [
                [
                    -0.530891478061676,
                    0.2414020448923111,
                    -0.8123295307159424,
                    -3.2746050357818604
                ],
                [
                    -0.8474398255348206,
                    -0.15122994780540466,
                    0.5088960528373718,
                    2.0514256954193115
                ],
                [
                    0.0,
                    0.9585689306259155,
                    0.28486040234565735,
                    1.1483089923858643
                ],
                [
                    0.0,
                    0.0,
                    0.0,
                    1.0
                ]
            ]
        },
        {
            "file_path": "/data/shapenet_blender/all_50_random/02958343/713b7eaeea5580af1f71b98bc1f8bb06/r_11",
            "rotation": 0.12566370614359174,
            "transform_matrix": [
                [
                    0.9196168184280396,
                    -0.003905918914824724,
                    0.39279723167419434,
                    1.5834161043167114
                ],
                [
                    0.39281660318374634,
                    0.009144085459411144,
                    -0.9195714592933655,
                    -3.7069106101989746
                ],
                [
                    -2.3283061589829401e-10,
                    0.9999505281448364,
                    0.00994336698204279,
                    0.04008299112319946
                ],
                [
                    0.0,
                    0.0,
                    0.0,
                    1.0
                ]
            ]
        },
        {
            "file_path": "/data/shapenet_blender/all_50_random/02958343/713b7eaeea5580af1f71b98bc1f8bb06/r_12",
            "rotation": 0.12566370614359174,
            "transform_matrix": [
                [
                    0.4495849609375,
                    -0.2146288901567459,
                    -0.8670684695243835,
                    -3.495264768600464
                ],
                [
                    -0.8932375907897949,
                    -0.10802716761827469,
                    -0.4364135265350342,
                    -1.7592391967773438
                ],
                [
                    0.0,
                    0.9707030057907104,
                    -0.24028199911117554,
                    -0.9686077237129211
                ],
                [
                    0.0,
                    0.0,
                    0.0,
                    1.0
                ]
            ]
        },
        {
            "file_path": "/data/shapenet_blender/all_50_random/02958343/713b7eaeea5580af1f71b98bc1f8bb06/r_13",
            "rotation": 0.12566370614359174,
            "transform_matrix": [
                [
                    -0.5702638626098633,
                    0.300446480512619,
                    0.7645463347434998,
                    3.081984758377075
                ],
                [
                    0.8214616775512695,
                    0.20857183635234833,
                    0.5307528972625732,
                    2.139533281326294
                ],
                [
                    0.0,
                    0.9307146668434143,
                    -0.3657462000846863,
                    -1.4743701219558716
                ],
                [
                    0.0,
                    0.0,
                    0.0,
                    1.0
                ]
            ]
        },
        {
            "file_path": "/data/shapenet_blender/all_50_random/02958343/713b7eaeea5580af1f71b98bc1f8bb06/r_14",
            "rotation": 0.12566370614359174,
            "transform_matrix": [
                [
                    -0.9999679327011108,
                    0.0011770656565204263,
                    0.007921434938907623,
                    0.031932324171066284
                ],
                [
                    0.008008408360183239,
                    0.14697401225566864,
                    0.9891079664230347,
                    3.9872217178344727
                ],
                [
                    0.0,
                    0.9891396164894104,
                    -0.1469787210226059,
                    -0.5924901962280273
                ],
                [
                    0.0,
                    0.0,
                    0.0,
                    1.0
                ]
            ]
        },
        {
            "file_path": "/data/shapenet_blender/all_50_random/02958343/713b7eaeea5580af1f71b98bc1f8bb06/r_15",
            "rotation": 0.12566370614359174,
            "transform_matrix": [
                [
                    -0.9271581768989563,
                    -0.23445484042167664,
                    -0.292247474193573,
                    -1.1780873537063599
                ],
                [
                    -0.3746700882911682,
                    0.5801817178726196,
                    0.7231953144073486,
                    2.9152936935424805
                ],
                [
                    0.0,
                    0.7800129055976868,
                    -0.6257633566856384,
                    -2.5225329399108887
                ],
                [
                    0.0,
                    0.0,
                    0.0,
                    1.0
                ]
            ]
        },
        {
            "file_path": "/data/shapenet_blender/all_50_random/02958343/713b7eaeea5580af1f71b98bc1f8bb06/r_16",
            "rotation": 0.12566370614359174,
            "transform_matrix": [
                [
                    0.39778628945350647,
                    -0.8530431985855103,
                    0.33776235580444336,
                    1.3615635633468628
                ],
                [
                    0.917478084564209,
                    0.3698495924472809,
                    -0.14644190669059753,
                    -0.590326189994812
                ],
                [
                    0.0,
                    0.36814209818840027,
                    0.9297694563865662,
                    3.748020648956299
                ],
                [
                    0.0,
                    0.0,
                    0.0,
                    1.0
                ]
            ]
        },
        {
            "file_path": "/data/shapenet_blender/all_50_random/02958343/713b7eaeea5580af1f71b98bc1f8bb06/r_17",
            "rotation": 0.12566370614359174,
            "transform_matrix": [
                [
                    -0.9350603222846985,
                    -0.06404763460159302,
                    -0.3486546277999878,
                    -1.405471920967102
                ],
                [
                    -0.3544886112213135,
                    0.16894309222698212,
                    0.9196716547012329,
                    3.70731520652771
                ],
                [
                    0.0,
                    0.9835427403450012,
                    -0.18067610263824463,
                    -0.7283287048339844
                ],
                [
                    0.0,
                    0.0,
                    0.0,
                    1.0
                ]
            ]
        },
        {
            "file_path": "/data/shapenet_blender/all_50_random/02958343/713b7eaeea5580af1f71b98bc1f8bb06/r_18",
            "rotation": 0.12566370614359174,
            "transform_matrix": [
                [
                    -0.3206745386123657,
                    -0.6897093653678894,
                    0.6492063403129578,
                    2.617034435272217
                ],
                [
                    0.947189450263977,
                    -0.23350366950035095,
                    0.2197912335395813,
                    0.8860068321228027
                ],
                [
                    -1.4901161193847656e-08,
                    0.6854028701782227,
                    0.7281640768051147,
                    2.9353232383728027
                ],
                [
                    0.0,
                    0.0,
                    0.0,
                    1.0
                ]
            ]
        },
        {
            "file_path": "/data/shapenet_blender/all_50_random/02958343/713b7eaeea5580af1f71b98bc1f8bb06/r_19",
            "rotation": 0.12566370614359174,
            "transform_matrix": [
                [
                    0.7127000689506531,
                    0.11716751009225845,
                    -0.6916143894195557,
                    -2.7879867553710938
                ],
                [
                    -0.7014690041542053,
                    0.11904345452785492,
                    -0.702687680721283,
                    -2.832624673843384
                ],
                [
                    0.0,
                    0.9859514832496643,
                    0.1670316606760025,
                    0.6733261346817017
                ],
                [
                    0.0,
                    0.0,
                    0.0,
                    1.0
                ]
            ]
        },
        {
            "file_path": "/data/shapenet_blender/all_50_random/02958343/713b7eaeea5580af1f71b98bc1f8bb06/r_20",
            "rotation": 0.12566370614359174,
            "transform_matrix": [
                [
                    0.6783990263938904,
                    0.15709643065929413,
                    -0.7177015542984009,
                    -2.8931474685668945
                ],
                [
                    -0.734693706035614,
                    0.14505918323993683,
                    -0.6627088785171509,
                    -2.6714649200439453
                ],
                [
                    0.0,
                    0.9768718481063843,
                    0.21382573246955872,
                    0.8619590997695923
                ],
                [
                    0.0,
                    0.0,
                    0.0,
                    1.0
                ]
            ]
        },
        {
            "file_path": "/data/shapenet_blender/all_50_random/02958343/713b7eaeea5580af1f71b98bc1f8bb06/r_21",
            "rotation": 0.12566370614359174,
            "transform_matrix": [
                [
                    0.9958674907684326,
                    0.0022899454925209284,
                    0.09078961610794067,
                    0.3659846782684326
                ],
                [
                    0.09081850200891495,
                    -0.025110328570008278,
                    -0.9955506920814514,
                    -4.013193607330322
                ],
                [
                    2.3283067140944524e-10,
                    0.9996820092201233,
                    -0.02521452307701111,
                    -0.10164301097393036
                ],
                [
                    0.0,
                    0.0,
                    0.0,
                    1.0
                ]
            ]
        },
        {
            "file_path": "/data/shapenet_blender/all_50_random/02958343/713b7eaeea5580af1f71b98bc1f8bb06/r_22",
            "rotation": 0.12566370614359174,
            "transform_matrix": [
                [
                    -0.4998454451560974,
                    0.09451869130134583,
                    -0.8609417080879211,
                    -3.470567226409912
                ],
                [
                    -0.8661144971847534,
                    -0.054547909647226334,
                    0.49686017632484436,
                    2.0029075145721436
                ],
                [
                    3.7252896323280993e-09,
                    0.9940275549888611,
                    0.10912953317165375,
                    0.4399152398109436
                ],
                [
                    0.0,
                    0.0,
                    0.0,
                    1.0
                ]
            ]
        },
        {
            "file_path": "/data/shapenet_blender/all_50_random/02958343/713b7eaeea5580af1f71b98bc1f8bb06/r_23",
            "rotation": 0.12566370614359174,
            "transform_matrix": [
                [
                    0.5560674667358398,
                    -0.22115689516067505,
                    0.801173210144043,
                    3.229632616043091
                ],
                [
                    0.8311371207237244,
                    0.1479637324810028,
                    -0.5360202789306641,
                    -2.160766839981079
                ],
                [
                    -7.4505797087454084e-09,
                    0.9639482498168945,
                    0.2660895586013794,
                    1.0726412534713745
                ],
                [
                    0.0,
                    0.0,
                    0.0,
                    1.0
                ]
            ]
        },
        {
            "file_path": "/data/shapenet_blender/all_50_random/02958343/713b7eaeea5580af1f71b98bc1f8bb06/r_24",
            "rotation": 0.12566370614359174,
            "transform_matrix": [
                [
                    -0.9661552906036377,
                    -0.13523779809474945,
                    -0.2196694165468216,
                    -0.8855157494544983
                ],
                [
                    -0.25796106457710266,
                    0.5065133571624756,
                    0.8227395415306091,
                    3.3165690898895264
                ],
                [
                    1.4901161193847656e-08,
                    0.8515602350234985,
                    -0.524256706237793,
                    -2.1133463382720947
                ],
                [
                    0.0,
                    0.0,
                    0.0,
                    1.0
                ]
            ]
        },
        {
            "file_path": "/data/shapenet_blender/all_50_random/02958343/713b7eaeea5580af1f71b98bc1f8bb06/r_25",
            "rotation": 0.12566370614359174,
            "transform_matrix": [
                [
                    0.639460027217865,
                    0.24362270534038544,
                    -0.7292042374610901,
                    -2.939516305923462
                ],
                [
                    -0.7688242793083191,
                    0.2026301473379135,
                    -0.6065065264701843,
                    -2.444905996322632
                ],
                [
                    -1.4901160305669237e-08,
                    0.9484666585922241,
                    0.31687691807746887,
                    1.2773716449737549
                ],
                [
                    0.0,
                    0.0,
                    0.0,
                    1.0
                ]
            ]
        },
        {
            "file_path": "/data/shapenet_blender/all_50_random/02958343/713b7eaeea5580af1f71b98bc1f8bb06/r_26",
            "rotation": 0.12566370614359174,
            "transform_matrix": [
                [
                    0.5826953053474426,
                    0.5337494611740112,
                    0.612843930721283,
                    2.4704527854919434
                ],
                [
                    0.8126906752586365,
                    -0.3826958239078522,
                    -0.439406156539917,
                    -1.7713028192520142
                ],
                [
                    1.4901160305669237e-08,
                    0.7540923953056335,
                    -0.6567683219909668,
                    -2.647517681121826
                ],
                [
                    0.0,
                    0.0,
                    0.0,
                    1.0
                ]
            ]
        },
        {
            "file_path": "/data/shapenet_blender/all_50_random/02958343/713b7eaeea5580af1f71b98bc1f8bb06/r_27",
            "rotation": 0.12566370614359174,
            "transform_matrix": [
                [
                    -0.5492357611656189,
                    0.46047720313072205,
                    -0.6973526477813721,
                    -2.8111186027526855
                ],
                [
                    -0.8356675505638123,
                    -0.3026449382305145,
                    0.4583294093608856,
                    1.8475850820541382
                ],
                [
                    0.0,
                    0.8344857692718506,
                    0.5510292053222656,
                    2.2212700843811035
                ],
                [
                    0.0,
                    0.0,
                    0.0,
                    1.0
                ]
            ]
        },
        {
            "file_path": "/data/shapenet_blender/all_50_random/02958343/713b7eaeea5580af1f71b98bc1f8bb06/r_28",
            "rotation": 0.12566370614359174,
            "transform_matrix": [
                [
                    -0.6954237818717957,
                    0.6654390692710876,
                    -0.271249920129776,
                    -1.0934433937072754
                ],
                [
                    -0.7185997366905212,
                    -0.6439776420593262,
                    0.26250168681144714,
                    1.058178186416626
                ],
                [
                    0.0,
                    0.37747007608413696,
                    0.9260217547416687,
                    3.732913017272949
                ],
                [
                    0.0,
                    0.0,
                    0.0,
                    1.0
                ]
            ]
        },
        {
            "file_path": "/data/shapenet_blender/all_50_random/02958343/713b7eaeea5580af1f71b98bc1f8bb06/r_29",
            "rotation": 0.12566370614359174,
            "transform_matrix": [
                [
                    0.9983792304992676,
                    0.011400586925446987,
                    -0.05575767531991005,
                    -0.22476637363433838
                ],
                [
                    -0.05691125988960266,
                    0.19999749958515167,
                    -0.9781422019004822,
                    -3.9430172443389893
                ],
                [
                    9.313225746154785e-10,
                    0.9797300100326538,
                    0.2003222107887268,
                    0.8075246810913086
                ],
                [
                    0.0,
                    0.0,
                    0.0,
                    1.0
                ]
            ]
        },
        {
            "file_path": "/data/shapenet_blender/all_50_random/02958343/713b7eaeea5580af1f71b98bc1f8bb06/r_30",
            "rotation": 0.12566370614359174,
            "transform_matrix": [
                [
                    0.3856949508190155,
                    -0.24927422404289246,
                    0.8883140087127686,
                    3.5809082984924316
                ],
                [
                    0.9226264357566833,
                    0.10420665889978409,
                    -0.3713510036468506,
                    -1.4969637393951416
                ],
                [
                    0.0,
                    0.9628101587295532,
                    0.2701789438724518,
                    1.0891261100769043
                ],
                [
                    0.0,
                    0.0,
                    0.0,
                    1.0
                ]
            ]
        },
        {
            "file_path": "/data/shapenet_blender/all_50_random/02958343/713b7eaeea5580af1f71b98bc1f8bb06/r_31",
            "rotation": 0.12566370614359174,
            "transform_matrix": [
                [
                    -0.666480541229248,
                    -0.6694660186767578,
                    -0.32805317640304565,
                    -1.3224246501922607
                ],
                [
                    -0.7455223798751831,
                    0.5984877943992615,
                    0.2932722568511963,
                    1.182218313217163
                ],
                [
                    1.4901161193847656e-08,
                    0.44003111124038696,
                    -0.8979824185371399,
                    -3.619882822036743
                ],
                [
                    0.0,
                    0.0,
                    0.0,
                    1.0
                ]
            ]
        },
        {
            "file_path": "/data/shapenet_blender/all_50_random/02958343/713b7eaeea5580af1f71b98bc1f8bb06/r_32",
            "rotation": 0.12566370614359174,
            "transform_matrix": [
                [
                    -0.5697602033615112,
                    0.42165607213974,
                    0.7053930759429932,
                    2.8435306549072266
                ],
                [
                    0.8218110799789429,
                    0.2923334538936615,
                    0.4890478253364563,
                    1.9714149236679077
                ],
                [
                    -1.4901162970204496e-08,
                    0.858339786529541,
                    -0.5130814909934998,
                    -2.068297863006592
                ],
                [
                    0.0,
                    0.0,
                    0.0,
                    1.0
                ]
            ]
        },
        {
            "file_path": "/data/shapenet_blender/all_50_random/02958343/713b7eaeea5580af1f71b98bc1f8bb06/r_33",
            "rotation": 0.12566370614359174,
            "transform_matrix": [
                [
                    0.6714723706245422,
                    0.33496662974357605,
                    0.6610008478164673,
                    2.664579391479492
                ],
                [
                    0.7410295009613037,
                    -0.30352482199668884,
                    -0.5989556908607483,
                    -2.4144673347473145
                ],
                [
                    0.0,
                    0.8920032978057861,
                    -0.4520288109779358,
                    -1.8221862316131592
                ],
                [
                    0.0,
                    0.0,
                    0.0,
                    1.0
                ]
            ]
        },
        {
            "file_path": "/data/shapenet_blender/all_50_random/02958343/713b7eaeea5580af1f71b98bc1f8bb06/r_34",
            "rotation": 0.12566370614359174,
            "transform_matrix": [
                [
                    0.9061619639396667,
                    -0.1014581248164177,
                    0.4105810821056366,
                    1.6551053524017334
                ],
                [
                    0.4229310154914856,
                    0.2173817753791809,
                    -0.8797013163566589,
                    -3.546189785003662
                ],
                [
                    0.0,
                    0.9707993268966675,
                    0.2398928552865982,
                    0.9670391082763672
                ],
                [
                    0.0,
                    0.0,
                    0.0,
                    1.0
                ]
            ]
        },
        {
            "file_path": "/data/shapenet_blender/all_50_random/02958343/713b7eaeea5580af1f71b98bc1f8bb06/r_35",
            "rotation": 0.12566370614359174,
            "transform_matrix": [
                [
                    0.15021578967571259,
                    0.5733072757720947,
                    -0.8054525256156921,
                    -3.2468831539154053
                ],
                [
                    -0.988653302192688,
                    0.08710819482803345,
                    -0.12238029390573502,
                    -0.49333077669143677
                ],
                [
                    7.450581485102248e-09,
                    0.814696729183197,
                    0.5798871517181396,
                    2.3376002311706543
                ],
                [
                    0.0,
                    0.0,
                    0.0,
                    1.0
                ]
            ]
        },
        {
            "file_path": "/data/shapenet_blender/all_50_random/02958343/713b7eaeea5580af1f71b98bc1f8bb06/r_36",
            "rotation": 0.12566370614359174,
            "transform_matrix": [
                [
                    0.3232083022594452,
                    0.8912523984909058,
                    0.31812790036201477,
                    1.2824145555496216
                ],
                [
                    0.9463278651237488,
                    -0.3043978810310364,
                    -0.1086532324552536,
                    -0.43799519538879395
                ],
                [
                    0.0,
                    0.33617088198661804,
                    -0.9418009519577026,
                    -3.7965211868286133
                ],
                [
                    0.0,
                    0.0,
                    0.0,
                    1.0
                ]
            ]
        },
        {
            "file_path": "/data/shapenet_blender/all_50_random/02958343/713b7eaeea5580af1f71b98bc1f8bb06/r_37",
            "rotation": 0.12566370614359174,
            "transform_matrix": [
                [
                    -0.18037506937980652,
                    -0.2565053403377533,
                    -0.9495629072189331,
                    -3.827810764312744
                ],
                [
                    -0.983597993850708,
                    0.04703870043158531,
                    0.17413361370563507,
                    0.7019551396369934
                ],
                [
                    3.725291186640334e-09,
                    0.9653974175453186,
                    -0.2607826888561249,
                    -1.0512487888336182
                ],
                [
                    0.0,
                    0.0,
                    0.0,
                    1.0
                ]
            ]
        },
        {
            "file_path": "/data/shapenet_blender/all_50_random/02958343/713b7eaeea5580af1f71b98bc1f8bb06/r_38",
            "rotation": 0.12566370614359174,
            "transform_matrix": [
                [
                    -0.8530770540237427,
                    -0.04680304229259491,
                    0.5196816921234131,
                    2.0949039459228516
                ],
                [
                    0.5217849612236023,
                    -0.07651926577091217,
                    0.8496383428573608,
                    3.425001621246338
                ],
                [
                    0.0,
                    0.9959689974784851,
                    0.0896979570388794,
                    0.36158403754234314
                ],
                [
                    0.0,
                    0.0,
                    0.0,
                    1.0
                ]
            ]
        },
        {
            "file_path": "/data/shapenet_blender/all_50_random/02958343/713b7eaeea5580af1f71b98bc1f8bb06/r_39",
            "rotation": 0.12566370614359174,
            "transform_matrix": [
                [
                    0.992672324180603,
                    -0.08417064696550369,
                    -0.08670071512460709,
                    -0.34950175881385803
                ],
                [
                    -0.12083754688501358,
                    -0.691456139087677,
                    -0.7122405171394348,
                    -2.871133327484131
                ],
                [
                    3.725290298461914e-09,
                    0.717498242855072,
                    -0.6965603828430176,
                    -2.807924747467041
                ],
                [
                    0.0,
                    0.0,
                    0.0,
                    1.0
                ]
            ]
        },
        {
            "file_path": "/data/shapenet_blender/all_50_random/02958343/713b7eaeea5580af1f71b98bc1f8bb06/r_40",
            "rotation": 0.12566370614359174,
            "transform_matrix": [
                [
                    -0.9227540493011475,
                    0.3371533155441284,
                    -0.18668879568576813,
                    -0.7525666952133179
                ],
                [
                    -0.3853895664215088,
                    -0.8072599768638611,
                    0.44699665904045105,
                    1.8019013404846191
                ],
                [
                    0.0,
                    0.48441585898399353,
                    0.8748376965522766,
                    3.5265839099884033
                ],
                [
                    0.0,
                    0.0,
                    0.0,
                    1.0
                ]
            ]
        },
        {
            "file_path": "/data/shapenet_blender/all_50_random/02958343/713b7eaeea5580af1f71b98bc1f8bb06/r_41",
            "rotation": 0.12566370614359174,
            "transform_matrix": [
                [
                    -0.6251022219657898,
                    0.06703748553991318,
                    -0.7776587605476379,
                    -3.13484263420105
                ],
                [
                    -0.7805428504943848,
                    -0.053687360137701035,
                    0.6227924823760986,
                    2.510556697845459
                ],
                [
                    -3.725290076417309e-09,
                    0.996304988861084,
