{
    "class": "02958343",
    "model": "d513c968e5bfefd2516624d6e93a68b",
    "remove_doubles": true,
    "edge_split": true,
    "denoise": true,
    "camera_angle_x": 0.6911112070083618,
    "scale_factor": 2.233404171594372,
    "hdri_file": "/data/IndoorHDRDataset2018/9C4A2243-04b9d687e6.exr",
    "center_offset": [
        0.0,
        -1.862645149230957e-09,
        0.0
    ],
    "lights": [],
    "frames": [
        {
            "file_path": "/data/shapenet_blender/all_50_random/02958343/d513c968e5bfefd2516624d6e93a68b/r_0",
            "rotation": 0.12566370614359174,
            "transform_matrix": [
                [
                    0.8613713383674622,
                    -0.4797126352787018,
                    -0.16707850992679596,
                    -0.6735149621963501
                ],
                [
                    -0.5079758763313293,
                    -0.813445508480072,
                    -0.28331393003463745,
                    -1.1420748233795166
                ],
                [
                    0.0,
                    0.32891032099723816,
                    -0.9443612098693848,
                    -3.8068413734436035
                ],
                [
                    0.0,
                    0.0,
                    0.0,
                    1.0
                ]
            ]
        },
        {
            "file_path": "/data/shapenet_blender/all_50_random/02958343/d513c968e5bfefd2516624d6e93a68b/r_1",
            "rotation": 0.12566370614359174,
            "transform_matrix": [
                [
                    0.9965128898620605,
                    -0.026640351861715317,
                    -0.07907287031412125,
                    -0.3187529444694519
                ],
                [
                    -0.08343996107578278,
                    -0.31816232204437256,
                    -0.9443572163581848,
                    -3.806825637817383
                ],
                [
                    0.0,
                    0.9476619362831116,
                    -0.3192756772041321,
                    -1.287041425704956
                ],
                [
                    0.0,
                    0.0,
                    0.0,
                    1.0
                ]
            ]
        },
        {
            "file_path": "/data/shapenet_blender/all_50_random/02958343/d513c968e5bfefd2516624d6e93a68b/r_2",
            "rotation": 0.12566370614359174,
            "transform_matrix": [
                [
                    -0.31714680790901184,
                    0.5541524291038513,
                    0.7696316242218018,
                    3.1024844646453857
                ],
                [
                    0.948376476764679,
                    0.18531426787376404,
                    0.2573727071285248,
                    1.037502646446228
                ],
                [
                    0.0,
                    0.8115254044532776,
                    -0.5843169093132019,
                    -2.355457067489624
                ],
                [
                    0.0,
                    0.0,
                    0.0,
                    1.0
                ]
            ]
        },
        {
            "file_path": "/data/shapenet_blender/all_50_random/02958343/d513c968e5bfefd2516624d6e93a68b/r_3",
            "rotation": 0.12566370614359174,
            "transform_matrix": [
                [
                    -0.9692050218582153,
                    -0.22594554722309113,
                    -0.09793031960725784,
                    -0.3947697579860687
                ],
                [
                    -0.24625545740127563,
                    0.8892698884010315,
                    0.38543128967285156,
                    1.5537232160568237
                ],
                [
                    0.0,
                    0.39767777919769287,
                    -0.9175251126289368,
                    -3.698662042617798
                ],
                [
                    0.0,
                    0.0,
                    0.0,
                    1.0
                ]
            ]
        },
        {
            "file_path": "/data/shapenet_blender/all_50_random/02958343/d513c968e5bfefd2516624d6e93a68b/r_4",
            "rotation": 0.12566370614359174,
            "transform_matrix": [
                [
                    -0.19544059038162231,
                    -0.10577329248189926,
                    0.9749948978424072,
                    3.9303300380706787
                ],
                [
                    0.9807156324386597,
                    -0.021078886464238167,
                    0.19430053234100342,
                    0.7832505106925964
                ],
                [
                    0.0,
                    0.9941667318344116,
                    0.10785318911075592,
                    0.4347701072692871
                ],
                [
                    0.0,
                    0.0,
                    0.0,
                    1.0
                ]
            ]
        },
        {
            "file_path": "/data/shapenet_blender/all_50_random/02958343/d513c968e5bfefd2516624d6e93a68b/r_5",
            "rotation": 0.12566370614359174,
            "transform_matrix": [
                [
                    -0.9594089388847351,
                    -0.14800085127353668,
                    0.24006305634975433,
                    0.9677252173423767
                ],
                [
                    0.28201866149902344,
                    -0.5034891366958618,
                    0.8166786432266235,
                    3.2921371459960938
                ],
                [
                    0.0,
                    0.8512311577796936,
                    0.52479088306427,
                    2.115499973297119
                ],
                [
                    0.0,
                    0.0,
                    0.0,
                    1.0
                ]
            ]
        },
        {
            "file_path": "/data/shapenet_blender/all_50_random/02958343/d513c968e5bfefd2516624d6e93a68b/r_6",
            "rotation": 0.12566370614359174,
            "transform_matrix": [
                [
                    -0.6294769048690796,
                    -0.109735868871212,
                    -0.7692312598228455,
                    -3.1008706092834473
                ],
                [
                    -0.777019202709198,
                    0.08889895677566528,
                    0.6231678128242493,
                    2.5120699405670166
                ],
                [
                    -7.450580596923828e-09,
                    0.989977240562439,
                    -0.14122670888900757,
                    -0.5693031549453735
                ],
                [
                    0.0,
                    0.0,
                    0.0,
                    1.0
                ]
            ]
        },
        {
            "file_path": "/data/shapenet_blender/all_50_random/02958343/d513c968e5bfefd2516624d6e93a68b/r_7",
            "rotation": 0.12566370614359174,
            "transform_matrix": [
                [
                    0.1405586302280426,
                    -0.45405587553977966,
                    0.8798161745071411,
                    3.5466525554656982
                ],
                [
                    0.9900723695755005,
                    0.06446141749620438,
                    -0.12490576505661011,
                    -0.5035112500190735
                ],
                [
                    -3.725290298461914e-09,
                    0.8886383175849915,
                    0.4586087465286255,
                    1.8487110137939453
                ],
                [
                    0.0,
                    0.0,
                    0.0,
                    1.0
                ]
            ]
        },
        {
            "file_path": "/data/shapenet_blender/all_50_random/02958343/d513c968e5bfefd2516624d6e93a68b/r_8",
            "rotation": 0.12566370614359174,
            "transform_matrix": [
                [
                    0.181007519364357,
                    0.37263432145118713,
                    0.910153865814209,
                    3.668947219848633
                ],
                [
                    0.983481764793396,
                    -0.06858246773481369,
                    -0.1675116866827011,
                    -0.6752611398696899
                ],
                [
                    -3.7252898543727042e-09,
                    0.9254404902458191,
                    -0.3788929581642151,
                    -1.5273661613464355
                ],
                [
                    0.0,
                    0.0,
                    0.0,
                    1.0
                ]
            ]
        },
        {
            "file_path": "/data/shapenet_blender/all_50_random/02958343/d513c968e5bfefd2516624d6e93a68b/r_9",
            "rotation": 0.12566370614359174,
            "transform_matrix": [
                [
                    -0.9853844046592712,
                    -0.04962502047419548,
                    0.16295664012432098,
                    0.6568992137908936
                ],
                [
                    0.1703452616930008,
                    -0.2870623767375946,
                    0.942643940448761,
                    3.7999191284179688
                ],
                [
                    0.0,
                    0.9566255211830139,
                    0.29132023453712463,
                    1.1743494272232056
                ],
                [
                    0.0,
                    0.0,
                    0.0,
                    1.0
                ]
            ]
        },
        {
            "file_path": "/data/shapenet_blender/all_50_random/02958343/d513c968e5bfefd2516624d6e93a68b/r_10",
            "rotation": 0.12566370614359174,
            "transform_matrix": [
                [
                    0.485665500164032,
                    0.6063273549079895,
                    0.629679262638092,
                    2.538318634033203
                ],
                [
                    0.8741447925567627,
                    -0.3368690013885498,
                    -0.3498430848121643,
                    -1.4102627038955688
                ],
                [
                    -1.4901161193847656e-08,
                    0.7203376293182373,
                    -0.6936235427856445,
                    -2.796086072921753
                ],
                [
                    0.0,
                    0.0,
                    0.0,
                    1.0
                ]
            ]
        },
        {
            "file_path": "/data/shapenet_blender/all_50_random/02958343/d513c968e5bfefd2516624d6e93a68b/r_11",
            "rotation": 0.12566370614359174,
            "transform_matrix": [
                [
                    0.1788846254348755,
                    0.10421180725097656,
                    -0.9783353805541992,
                    -3.943796157836914
                ],
                [
                    -0.9838701486587524,
                    0.018947510048747063,
                    -0.17787830531597137,
                    -0.7170503735542297
                ],
                [
                    0.0,
                    0.9943745136260986,
                    0.10592029988765717,
                    0.42697837948799133
                ],
                [
                    0.0,
                    0.0,
                    0.0,
                    1.0
                ]
            ]
        },
        {
            "file_path": "/data/shapenet_blender/all_50_random/02958343/d513c968e5bfefd2516624d6e93a68b/r_12",
            "rotation": 0.12566370614359174,
            "transform_matrix": [
                [
                    -0.2590223550796509,
                    -0.055866170674562454,
                    0.9642543196678162,
                    3.887033462524414
                ],
                [
                    0.9658713340759277,
                    -0.014981898479163647,
                    0.2585887014865875,
                    1.0424044132232666
                ],
                [
                    -9.313225191043273e-10,
                    0.9983258843421936,
                    0.05784017592668533,
                    0.23316121101379395
                ],
                [
                    0.0,
                    0.0,
                    0.0,
                    1.0
                ]
            ]
        },
        {
            "file_path": "/data/shapenet_blender/all_50_random/02958343/d513c968e5bfefd2516624d6e93a68b/r_13",
            "rotation": 0.12566370614359174,
            "transform_matrix": [
                [
                    -0.46230053901672363,
                    0.2943365275859833,
                    -0.8364473581314087,
                    -3.3718271255493164
                ],
                [
                    -0.8867231607437134,
                    -0.15345479547977448,
                    0.43608880043029785,
                    1.7579301595687866
                ],
                [
                    0.0,
                    0.9433014988899231,
                    0.3319372832775116,
                    1.338081955909729
                ],
                [
                    0.0,
                    0.0,
                    0.0,
                    1.0
                ]
            ]
        },
        {
            "file_path": "/data/shapenet_blender/all_50_random/02958343/d513c968e5bfefd2516624d6e93a68b/r_14",
            "rotation": 0.12566370614359174,
            "transform_matrix": [
                [
                    -0.45674702525138855,
                    -0.7496893405914307,
                    0.4789029657840729,
                    1.930519700050354
                ],
                [
                    0.8895966410636902,
                    -0.38491418957710266,
                    0.24588391184806824,
                    0.9911898374557495
                ],
                [
                    0.0,
                    0.538337230682373,
                    0.8427294492721558,
                    3.397151231765747
                ],
                [
                    0.0,
                    0.0,
                    0.0,
                    1.0
                ]
            ]
        },
        {
            "file_path": "/data/shapenet_blender/all_50_random/02958343/d513c968e5bfefd2516624d6e93a68b/r_15",
            "rotation": 0.12566370614359174,
            "transform_matrix": [
                [
                    -0.9723324179649353,
                    -0.06557951122522354,
                    -0.2242077887058258,
                    -0.9038105010986328
                ],
                [
                    -0.23360183835029602,
                    0.27296486496925354,
                    0.9332311153411865,
                    3.761975049972534
                ],
                [
                    1.1175872671742582e-08,
                    0.9597861170768738,
                    -0.28073206543922424,
                    -1.131667137145996
                ],
                [
                    0.0,
                    0.0,
                    0.0,
                    1.0
                ]
            ]
        },
        {
            "file_path": "/data/shapenet_blender/all_50_random/02958343/d513c968e5bfefd2516624d6e93a68b/r_16",
            "rotation": 0.12566370614359174,
            "transform_matrix": [
                [
                    0.8890809416770935,
                    -0.3283616304397583,
                    0.3189256191253662,
                    1.285630464553833
                ],
                [
                    0.4577498733997345,
                    0.6377720832824707,
                    -0.6194446682929993,
                    -2.4970614910125732
                ],
                [
                    0.0,
                    0.6967247128486633,
                    0.717338502407074,
                    2.8916842937469482
                ],
                [
                    0.0,
                    0.0,
                    0.0,
                    1.0
                ]
            ]
        },
        {
            "file_path": "/data/shapenet_blender/all_50_random/02958343/d513c968e5bfefd2516624d6e93a68b/r_17",
            "rotation": 0.12566370614359174,
            "transform_matrix": [
                [
                    0.6913804411888123,
                    0.12432300299406052,
                    -0.7117140889167786,
                    -2.869011163711548
                ],
                [
                    -0.7224909067153931,
                    0.11896964907646179,
                    -0.6810676455497742,
                    -2.745471477508545
                ],
                [
                    0.0,
                    0.9850837588310242,
                    0.1720755398273468,
                    0.693658709526062
                ],
                [
                    0.0,
                    0.0,
                    0.0,
                    1.0
                ]
            ]
        },
        {
            "file_path": "/data/shapenet_blender/all_50_random/02958343/d513c968e5bfefd2516624d6e93a68b/r_18",
            "rotation": 0.12566370614359174,
            "transform_matrix": [
                [
                    0.3878096342086792,
                    -0.6226673722267151,
                    -0.679624080657959,
                    -2.739652395248413
                ],
                [
                    -0.9217394590377808,
                    -0.26197901368141174,
                    -0.28594279289245605,
                    -1.152672290802002
                ],
                [
                    0.0,
                    0.7373277544975281,
                    -0.6755351424217224,
                    -2.7231693267822266
                ],
                [
                    0.0,
                    0.0,
                    0.0,
                    1.0
                ]
            ]
        },
        {
            "file_path": "/data/shapenet_blender/all_50_random/02958343/d513c968e5bfefd2516624d6e93a68b/r_19",
            "rotation": 0.12566370614359174,
            "transform_matrix": [
                [
                    0.9504093527793884,
                    0.26406440138816833,
                    -0.1642923504114151,
                    -0.6622836589813232
                ],
                [
                    -0.31100156903266907,
                    0.8069710731506348,
                    -0.5020713210105896,
                    -2.023914337158203
                ],
                [
                    0.0,
                    0.5282683968544006,
                    0.8490774035453796,
                    3.4227404594421387
                ],
                [
                    0.0,
                    0.0,
                    0.0,
                    1.0
                ]
            ]
        },
        {
            "file_path": "/data/shapenet_blender/all_50_random/02958343/d513c968e5bfefd2516624d6e93a68b/r_20",
            "rotation": 0.12566370614359174,
            "transform_matrix": [
                [
                    0.9041976928710938,
                    0.3829091489315033,
                    -0.18922749161720276,
                    -0.762800395488739
                ],
                [
                    -0.4271140992641449,
                    0.8106160759925842,
                    -0.4005933105945587,
                    -1.6148432493209839
                ],
                [
                    0.0,
                    0.44303739070892334,
                    0.896503210067749,
                    3.613919973373413
                ],
                [
                    0.0,
                    0.0,
                    0.0,
                    1.0
                ]
            ]
        },
        {
            "file_path": "/data/shapenet_blender/all_50_random/02958343/d513c968e5bfefd2516624d6e93a68b/r_21",
            "rotation": 0.12566370614359174,
            "transform_matrix": [
                [
                    0.6742004752159119,
                    -0.5459539890289307,
                    -0.4973811209201813,
                    -2.00500750541687
                ],
                [
                    -0.7385483980178833,
                    -0.49838635325431824,
                    -0.45404550433158875,
                    -1.8303160667419434
                ],
                [
                    -1.4901161193847656e-08,
                    0.6734576225280762,
                    -0.7392256855964661,
                    -2.9799141883850098
                ],
                [
                    0.0,
                    0.0,
                    0.0,
                    1.0
                ]
            ]
        },
        {
            "file_path": "/data/shapenet_blender/all_50_random/02958343/d513c968e5bfefd2516624d6e93a68b/r_22",
            "rotation": 0.12566370614359174,
            "transform_matrix": [
                [
                    -0.8624882698059082,
                    -0.3138032853603363,
                    -0.3970410227775574,
                    -1.600523591041565
                ],
                [
                    -0.5060771703720093,
                    0.5348031520843506,
                    0.6766620874404907,
                    2.7277121543884277
                ],
                [
                    0.0,
                    0.7845464944839478,
                    -0.6200700402259827,
                    -2.499582290649414
                ],
                [
                    0.0,
                    0.0,
                    0.0,
                    1.0
                ]
            ]
        },
        {
            "file_path": "/data/shapenet_blender/all_50_random/02958343/d513c968e5bfefd2516624d6e93a68b/r_23",
            "rotation": 0.12566370614359174,
            "transform_matrix": [
                [
                    -0.3830264210700989,
                    -0.03778649494051933,
                    0.9229642152786255,
                    3.720587730407715
                ],
                [
                    0.9237374067306519,
                    -0.015668116509914398,
                    0.38270583748817444,
                    1.542736530303955
                ],
                [
                    -9.313225746154785e-10,
                    0.9991629719734192,
                    0.04090610146522522,
                    0.16489776968955994
                ],
                [
                    0.0,
                    0.0,
                    0.0,
                    1.0
                ]
            ]
        },
        {
            "file_path": "/data/shapenet_blender/all_50_random/02958343/d513c968e5bfefd2516624d6e93a68b/r_24",
            "rotation": 0.12566370614359174,
            "transform_matrix": [
                [
                    -0.9999911785125732,
                    0.0008909103344194591,
                    0.004125275183469057,
                    0.016629517078399658
                ],
                [
                    0.0042203813791275024,
                    0.21109525859355927,
                    0.9774563908576965,
                    3.9402527809143066
                ],
                [
                    0.0,
                    0.9774649739265442,
                    -0.21109716594219208,
                    -0.8509598970413208
                ],
                [
                    0.0,
                    0.0,
                    0.0,
                    1.0
                ]
            ]
        },
        {
            "file_path": "/data/shapenet_blender/all_50_random/02958343/d513c968e5bfefd2516624d6e93a68b/r_25",
            "rotation": 0.12566370614359174,
            "transform_matrix": [
                [
                    -0.5667454600334167,
                    0.03246293589472771,
                    -0.8232531547546387,
                    -3.3186395168304443
                ],
                [
                    -0.8238928914070129,
                    -0.022330839186906815,
                    0.5663053393363953,
                    2.2828497886657715
                ],
                [
                    0.0,
                    0.999223530292511,
                    0.03940188139677048,
                    0.1588340699672699
                ],
                [
                    0.0,
                    0.0,
                    0.0,
                    1.0
                ]
            ]
        },
        {
            "file_path": "/data/shapenet_blender/all_50_random/02958343/d513c968e5bfefd2516624d6e93a68b/r_26",
            "rotation": 0.12566370614359174,
            "transform_matrix": [
                [
                    0.5663639307022095,
                    0.18309922516345978,
                    -0.8035586476325989,
                    -3.239248752593994
                ],
                [
                    -0.824155330657959,
                    0.12582677602767944,
                    -0.5522097945213318,
                    -2.22602915763855
                ],
                [
                    0.0,
                    0.9750088453292847,
                    0.22216592729091644,
                    0.8955795764923096
                ],
                [
                    0.0,
                    0.0,
                    0.0,
                    1.0
                ]
            ]
        },
        {
            "file_path": "/data/shapenet_blender/all_50_random/02958343/d513c968e5bfefd2516624d6e93a68b/r_27",
            "rotation": 0.12566370614359174,
            "transform_matrix": [
                [
                    -0.3144354522228241,
                    0.7013823986053467,
                    0.639681875705719,
                    2.5786404609680176
                ],
                [
                    0.9492788314819336,
                    0.23232321441173553,
                    0.21188576519489288,
                    0.8541389107704163
                ],
                [
                    0.0,
                    0.6738608479499817,
                    -0.7388581037521362,
                    -2.9784324169158936
                ],
                [
                    0.0,
                    0.0,
                    0.0,
                    1.0
                ]
            ]
        },
        {
            "file_path": "/data/shapenet_blender/all_50_random/02958343/d513c968e5bfefd2516624d6e93a68b/r_28",
            "rotation": 0.12566370614359174,
            "transform_matrix": [
                [
                    -0.35167092084884644,
                    -0.3461880683898926,
                    -0.8697593808174133,
                    -3.5061120986938477
                ],
                [
                    -0.9361237287521362,
                    0.13005147874355316,
                    0.326740026473999,
                    1.3171311616897583
                ],
                [
                    -7.450580596923828e-09,
                    0.9291073083877563,
                    -0.36981016397476196,
                    -1.4907524585723877
                ],
                [
                    0.0,
                    0.0,
                    0.0,
                    1.0
                ]
            ]
        },
        {
            "file_path": "/data/shapenet_blender/all_50_random/02958343/d513c968e5bfefd2516624d6e93a68b/r_29",
            "rotation": 0.12566370614359174,
            "transform_matrix": [
                [
                    -0.3263556957244873,
                    -0.022237563505768776,
                    0.9449855089187622,
                    3.8093578815460205
                ],
                [
                    0.9452470541000366,
                    -0.007677732966840267,
                    0.3262653648853302,
                    1.3152176141738892
                ],
                [
                    -4.656612873077393e-10,
                    0.9997231960296631,
                    0.02352566458284855,
                    0.09483497589826584
                ],
                [
                    0.0,
                    0.0,
                    0.0,
                    1.0
                ]
            ]
        },
        {
            "file_path": "/data/shapenet_blender/all_50_random/02958343/d513c968e5bfefd2516624d6e93a68b/r_30",
            "rotation": 0.12566370614359174,
            "transform_matrix": [
                [
                    0.6782485246658325,
                    -0.24298815429210663,
                    0.6934952139854431,
                    2.7955689430236816
                ],
                [
                    0.7348325848579407,
                    0.22427740693092346,
                    -0.6400942206382751,
                    -2.5803024768829346
                ],
                [
                    0.0,
                    0.9437459111213684,
                    0.33067139983177185,
                    1.3329792022705078
                ],
                [
                    0.0,
                    0.0,
                    0.0,
                    1.0
                ]
            ]
        },
        {
            "file_path": "/data/shapenet_blender/all_50_random/02958343/d513c968e5bfefd2516624d6e93a68b/r_31",
            "rotation": 0.12566370614359174,
            "transform_matrix": [
                [
                    -0.9306632876396179,
                    0.053370311856269836,
                    -0.36196354031562805,
                    -1.4591217041015625
                ],
                [
                    -0.36587706208229065,
                    -0.13575540482997894,
                    0.9207086563110352,
                    3.7114953994750977
                ],
                [
                    0.0,
                    0.9893038272857666,
                    0.14586952328681946,
                    0.5880188345909119
                ],
                [
                    0.0,
                    0.0,
                    0.0,
                    1.0
                ]
            ]
        },
        {
            "file_path": "/data/shapenet_blender/all_50_random/02958343/d513c968e5bfefd2516624d6e93a68b/r_32",
            "rotation": 0.12566370614359174,
            "transform_matrix": [
                [
                    0.5812667608261108,
                    0.05849193036556244,
                    0.8116080164909363,
                    3.2716968059539795
                ],
                [
                    0.813713014125824,
                    -0.04178305342793465,
                    -0.5797630548477173,
                    -2.33709979057312
                ],
                [
                    0.0,
                    0.9974130988121033,
                    -0.07188274711370468,
                    -0.28976866602897644
                ],
                [
                    0.0,
                    0.0,
                    0.0,
                    1.0
                ]
            ]
        },
        {
            "file_path": "/data/shapenet_blender/all_50_random/02958343/d513c968e5bfefd2516624d6e93a68b/r_33",
            "rotation": 0.12566370614359174,
            "transform_matrix": [
                [
                    0.6431456208229065,
                    0.05993866175413132,
                    -0.7633944153785706,
                    -3.077341079711914
                ],
                [
                    -0.7657438516616821,
                    0.05034227669239044,
                    -0.6411723494529724,
                    -2.584648370742798
                ],
                [
                    0.0,
                    0.9969316720962524,
                    0.07827508449554443,
                    0.3155369460582733
                ],
                [
                    0.0,
                    0.0,
                    0.0,
                    1.0
                ]
            ]
        },
        {
            "file_path": "/data/shapenet_blender/all_50_random/02958343/d513c968e5bfefd2516624d6e93a68b/r_34",
            "rotation": 0.12566370614359174,
            "transform_matrix": [
                [
                    0.2497815489768982,
                    0.6452423930168152,
                    0.7219913005828857,
                    2.91044020652771
                ],
                [
                    0.9683021903038025,
                    -0.16644559800624847,
                    -0.18624362349510193,
                    -0.7507721185684204
                ],
                [
                    -7.4505797087454084e-09,
                    0.7456260323524475,
                    -0.6663646101951599,
                    -2.686201810836792
                ],
                [
                    0.0,
                    0.0,
                    0.0,
                    1.0
                ]
            ]
        },
        {
            "file_path": "/data/shapenet_blender/all_50_random/02958343/d513c968e5bfefd2516624d6e93a68b/r_35",
            "rotation": 0.12566370614359174,
            "transform_matrix": [
                [
                    -0.9999673366546631,
                    -0.0072601111605763435,
                    -0.003555546747520566,
                    -0.014332867227494717
                ],
                [
                    -0.008084003813564777,
                    0.8980541825294495,
                    0.43981054425239563,
                    1.772933006286621
                ],
                [
                    2.3283064365386963e-10,
                    0.43982475996017456,
                    -0.898083508014679,
                    -3.620290517807007
                ],
                [
                    0.0,
                    0.0,
                    0.0,
                    1.0
                ]
            ]
        },
        {
            "file_path": "/data/shapenet_blender/all_50_random/02958343/d513c968e5bfefd2516624d6e93a68b/r_36",
            "rotation": 0.12566370614359174,
            "transform_matrix": [
                [
                    -0.9136219024658203,
                    -0.10465051978826523,
                    0.39286544919013977,
                    1.5836912393569946
                ],
                [
                    0.4065648913383484,
                    -0.23516790568828583,
                    0.8828369379043579,
                    3.5588295459747314
                ],
                [
                    0.0,
                    0.966304361820221,
                    0.25740179419517517,
                    1.0376198291778564
                ],
                [
                    0.0,
                    0.0,
                    0.0,
                    1.0
                ]
            ]
        },
        {
            "file_path": "/data/shapenet_blender/all_50_random/02958343/d513c968e5bfefd2516624d6e93a68b/r_37",
            "rotation": 0.12566370614359174,
            "transform_matrix": [
                [
                    -0.19431047141551971,
                    -0.055941417813301086,
                    0.9793436527252197,
                    3.9478604793548584
                ],
                [
                    0.9809401631355286,
                    -0.011081208474934101,
                    0.1939942091703415,
                    0.7820156812667847
                ],
                [
                    0.0,
                    0.9983725547790527,
                    0.05702837556600571,
                    0.22988873720169067
                ],
                [
                    0.0,
                    0.0,
                    0.0,
                    1.0
                ]
            ]
        },
        {
            "file_path": "/data/shapenet_blender/all_50_random/02958343/d513c968e5bfefd2516624d6e93a68b/r_38",
            "rotation": 0.12566370614359174,
            "transform_matrix": [
                [
                    0.8877527713775635,
                    -0.2637034058570862,
                    0.3773003816604614,
                    1.5209465026855469
                ],
                [
                    0.4603205919265747,
                    0.5085660219192505,
                    -0.7276438474655151,
                    -2.9332261085510254
                ],
                [
                    1.4901161193847656e-08,
                    0.819646954536438,
                    0.5728689432144165,
                    2.3093085289001465
                ],
                [
                    0.0,
                    0.0,
                    0.0,
                    1.0
                ]
            ]
        },
        {
            "file_path": "/data/shapenet_blender/all_50_random/02958343/d513c968e5bfefd2516624d6e93a68b/r_39",
            "rotation": 0.12566370614359174,
            "transform_matrix": [
                [
                    0.9986400008201599,
                    -0.039385825395584106,
                    -0.03415851667523384,
                    -0.13769739866256714
                ],
                [
                    -0.05213489755988121,
                    -0.7544324994087219,
                    -0.654303789138794,
                    -2.6375832557678223
                ],
                [
                    0.0,
                    0.6551948189735413,
                    -0.7554597854614258,
                    -3.045356035232544
                ],
                [
                    0.0,
                    0.0,
                    0.0,
                    1.0
                ]
            ]
        },
        {
            "file_path": "/data/shapenet_blender/all_50_random/02958343/d513c968e5bfefd2516624d6e93a68b/r_40",
            "rotation": 0.12566370614359174,
            "transform_matrix": [
                [
                    0.9926485419273376,
                    -0.07551050186157227,
                    -0.09458895027637482,
                    -0.38130027055740356
                ],
                [
                    -0.12103268504142761,
                    -0.6192987561225891,
                    -0.7757705450057983,
                    -3.1272313594818115
                ],
                [
                    3.725290298461914e-09,
                    0.781515896320343,
                    -0.6238852739334106,
                    -2.5149621963500977
                ],
                [
                    0.0,
                    0.0,
                    0.0,
                    1.0
                ]
            ]
        },
        {
            "file_path": "/data/shapenet_blender/all_50_random/02958343/d513c968e5bfefd2516624d6e93a68b/r_41",
            "rotation": 0.12566370614359174,
            "transform_matrix": [
                [
                    0.2734047770500183,
                    0.05347955971956253,
                    0.9604113698005676,
                    3.8715415000915527
                ],
                [
                    0.9618991017341614,
                    -0.015200727619230747,
                    -0.2729819118976593,
                    -1.100425124168396
                ],
                [
                    -9.313224635931761e-10,
                    0.9984531998634338,
                    -0.055597901344299316,
