{
    "class": "02958343",
    "model": "d157bd15ee2d92b0bda733a39f84326d",
    "remove_doubles": true,
    "edge_split": true,
    "denoise": true,
    "camera_angle_x": 0.6911112070083618,
    "scale_factor": 2.2737840961577245,
    "hdri_file": "/data/IndoorHDRDataset2018/9C4A8040-0ccefe88e8.exr",
    "center_offset": [
        0.0,
        0.0,
        3.725290298461914e-09
    ],
    "lights": [],
    "frames": [
        {
            "file_path": "/data/shapenet_blender/all_50_random/02958343/d157bd15ee2d92b0bda733a39f84326d/r_0",
            "rotation": 0.12566370614359174,
            "transform_matrix": [
                [
                    0.9344344139099121,
                    0.09094414114952087,
                    -0.3443273603916168,
                    -1.3880280256271362
                ],
                [
                    -0.3561350107192993,
                    0.23862111568450928,
                    -0.9034532308578491,
                    -3.6419365406036377
                ],
                [
                    -7.450580152834618e-09,
                    0.9668448567390442,
                    0.25536420941352844,
                    1.0294060707092285
                ],
                [
                    0.0,
                    0.0,
                    0.0,
                    1.0
                ]
            ]
        },
        {
            "file_path": "/data/shapenet_blender/all_50_random/02958343/d157bd15ee2d92b0bda733a39f84326d/r_1",
            "rotation": 0.12566370614359174,
            "transform_matrix": [
                [
                    0.853989839553833,
                    0.29410043358802795,
                    -0.42919278144836426,
                    -1.7301313877105713
                ],
                [
                    -0.5202898979187012,
                    0.48272860050201416,
                    -0.7044655084609985,
                    -2.8397912979125977
                ],
                [
                    1.4901162970204496e-08,
                    0.8249108791351318,
                    0.5652627348899841,
                    2.278646945953369
                ],
                [
                    0.0,
                    0.0,
                    0.0,
                    1.0
                ]
            ]
        },
        {
            "file_path": "/data/shapenet_blender/all_50_random/02958343/d157bd15ee2d92b0bda733a39f84326d/r_2",
            "rotation": 0.12566370614359174,
            "transform_matrix": [
                [
                    -0.46625372767448425,
                    0.37857380509376526,
                    -0.7995557188987732,
                    -3.223112106323242
                ],
                [
                    -0.8846510648727417,
                    -0.1995266228914261,
                    0.4214043915271759,
                    1.6987354755401611
                ],
                [
                    1.4901161193847656e-08,
                    0.9038091897964478,
                    0.42793571949005127,
                    1.7250640392303467
                ],
                [
                    0.0,
                    0.0,
                    0.0,
                    1.0
                ]
            ]
        },
        {
            "file_path": "/data/shapenet_blender/all_50_random/02958343/d157bd15ee2d92b0bda733a39f84326d/r_3",
            "rotation": 0.12566370614359174,
            "transform_matrix": [
                [
                    0.6460027694702148,
                    0.4817078113555908,
                    -0.5921469330787659,
                    -2.3870205879211426
                ],
                [
                    -0.7633349299430847,
                    0.4076645076274872,
                    -0.5011280179023743,
                    -2.020111560821533
                ],
                [
                    1.4901158529312397e-08,
                    0.7757366299629211,
                    0.6310568451881409,
                    2.5438714027404785
                ],
                [
                    0.0,
                    0.0,
                    0.0,
                    1.0
                ]
            ]
        },
        {
            "file_path": "/data/shapenet_blender/all_50_random/02958343/d157bd15ee2d92b0bda733a39f84326d/r_4",
            "rotation": 0.12566370614359174,
            "transform_matrix": [
                [
                    0.9247463941574097,
                    0.224173903465271,
                    -0.30755507946014404,
                    -1.239794135093689
                ],
                [
                    -0.38058382272720337,
                    0.5446999669075012,
                    -0.747300386428833,
                    -3.0124640464782715
                ],
                [
                    0.0,
                    0.8081139326095581,
                    0.5890262722969055,
                    2.374440908432007
                ],
                [
                    0.0,
                    0.0,
                    0.0,
                    1.0
                ]
            ]
        },
        {
            "file_path": "/data/shapenet_blender/all_50_random/02958343/d157bd15ee2d92b0bda733a39f84326d/r_5",
            "rotation": 0.12566370614359174,
            "transform_matrix": [
                [
                    -0.8467081785202026,
                    0.37184661626815796,
                    0.3805461525917053,
                    1.534030556678772
                ],
                [
                    0.5320576429367065,
                    0.5917508602142334,
                    0.6055951714515686,
                    2.441232204437256
                ],
                [
                    0.0,
                    0.7152348160743713,
                    -0.6988841891288757,
                    -2.8172922134399414
                ],
                [
                    0.0,
                    0.0,
                    0.0,
                    1.0
                ]
            ]
        },
        {
            "file_path": "/data/shapenet_blender/all_50_random/02958343/d157bd15ee2d92b0bda733a39f84326d/r_6",
            "rotation": 0.12566370614359174,
            "transform_matrix": [
                [
                    0.5509597063064575,
                    0.4409734904766083,
                    0.7085095643997192,
                    2.856093406677246
                ],
                [
                    0.8345319628715515,
                    -0.2911316156387329,
                    -0.46775946021080017,
                    -1.8855986595153809
                ],
                [
                    2.980232594040899e-08,
                    0.8489903211593628,
                    -0.5284082293510437,
                    -2.1300816535949707
                ],
                [
                    0.0,
                    0.0,
                    0.0,
                    1.0
                ]
            ]
        },
        {
            "file_path": "/data/shapenet_blender/all_50_random/02958343/d157bd15ee2d92b0bda733a39f84326d/r_7",
            "rotation": 0.12566370614359174,
            "transform_matrix": [
                [
                    -0.9996562004089355,
                    0.01678776554763317,
                    0.020141497254371643,
                    0.08119296282529831
                ],
                [
                    0.026220396161079407,
                    0.6400359272956848,
                    0.7678974270820618,
                    3.0954930782318115
                ],
                [
                    0.0,
                    0.768161416053772,
                    -0.6402562260627747,
                    -2.5809550285339355
                ],
                [
                    0.0,
                    0.0,
                    0.0,
                    1.0
                ]
            ]
        },
        {
            "file_path": "/data/shapenet_blender/all_50_random/02958343/d157bd15ee2d92b0bda733a39f84326d/r_8",
            "rotation": 0.12566370614359174,
            "transform_matrix": [
                [
                    -0.6516103148460388,
                    -0.167598158121109,
                    -0.7398073673248291,
                    -2.9822587966918945
                ],
                [
                    -0.7585538625717163,
                    0.1439695805311203,
                    0.6355066895484924,
                    2.5618093013763428
                ],
                [
                    7.4505797087454084e-09,
                    0.9752864241600037,
                    -0.22094430029392242,
                    -0.890654981136322
                ],
                [
                    0.0,
                    0.0,
                    0.0,
                    1.0
                ]
            ]
        },
        {
            "file_path": "/data/shapenet_blender/all_50_random/02958343/d157bd15ee2d92b0bda733a39f84326d/r_9",
            "rotation": 0.12566370614359174,
            "transform_matrix": [
                [
                    -0.8183610439300537,
                    -0.2330252081155777,
                    0.5253422856330872,
                    2.117722511291504
                ],
                [
                    0.5747045278549194,
                    -0.3318205177783966,
                    0.7480707764625549,
                    3.0155696868896484
                ],
                [
                    1.4901161193847656e-08,
                    0.9141085147857666,
                    0.4054695963859558,
                    1.63450026512146
                ],
                [
                    0.0,
                    0.0,
                    0.0,
                    1.0
                ]
            ]
        },
        {
            "file_path": "/data/shapenet_blender/all_50_random/02958343/d157bd15ee2d92b0bda733a39f84326d/r_10",
            "rotation": 0.12566370614359174,
            "transform_matrix": [
                [
                    0.9689161777496338,
                    0.11597215384244919,
                    -0.21852220594882965,
                    -0.8808912038803101
                ],
                [
                    -0.24738939106464386,
                    0.4542123079299927,
                    -0.8558560609817505,
                    -3.450066089630127
                ],
                [
                    0.0,
                    0.8833127617835999,
                    0.4687839150428772,
                    1.8897284269332886
                ],
                [
                    0.0,
                    0.0,
                    0.0,
                    1.0
                ]
            ]
        },
        {
            "file_path": "/data/shapenet_blender/all_50_random/02958343/d157bd15ee2d92b0bda733a39f84326d/r_11",
            "rotation": 0.12566370614359174,
            "transform_matrix": [
                [
                    -0.2699486315250397,
                    0.6422176361083984,
                    -0.717414915561676,
                    -2.8919920921325684
                ],
                [
                    -0.9628747701644897,
                    -0.18005017936229706,
                    0.20113225281238556,
                    0.8107900619506836
                ],
                [
                    0.0,
                    0.745076060295105,
                    0.6669794321060181,
                    2.6886801719665527
                ],
                [
                    0.0,
                    0.0,
                    0.0,
                    1.0
                ]
            ]
        },
        {
            "file_path": "/data/shapenet_blender/all_50_random/02958343/d157bd15ee2d92b0bda733a39f84326d/r_12",
            "rotation": 0.12566370614359174,
            "transform_matrix": [
                [
                    0.7318630218505859,
                    0.21379582583904266,
                    -0.647045373916626,
                    -2.608323335647583
                ],
                [
                    -0.681451678276062,
                    0.22961169481277466,
                    -0.694911539554596,
                    -2.8012781143188477
                ],
                [
                    0.0,
                    0.9495102763175964,
                    0.31373584270477295,
                    1.2647095918655396
                ],
                [
                    0.0,
                    0.0,
                    0.0,
                    1.0
                ]
            ]
        },
        {
            "file_path": "/data/shapenet_blender/all_50_random/02958343/d157bd15ee2d92b0bda733a39f84326d/r_13",
            "rotation": 0.12566370614359174,
            "transform_matrix": [
                [
                    -0.7823131084442139,
                    0.5258463025093079,
                    0.3338738977909088,
                    1.3458888530731201
                ],
                [
                    0.6228853464126587,
                    0.6604369282722473,
                    0.41932910680770874,
                    1.6903698444366455
                ],
                [
                    0.0,
                    0.5360119342803955,
                    -0.8442103266716003,
                    -3.403120994567871
                ],
                [
                    0.0,
                    0.0,
                    0.0,
                    1.0
                ]
            ]
        },
        {
            "file_path": "/data/shapenet_blender/all_50_random/02958343/d157bd15ee2d92b0bda733a39f84326d/r_14",
            "rotation": 0.12566370614359174,
            "transform_matrix": [
                [
                    -0.22102007269859314,
                    0.36981186270713806,
                    0.9024351835250854,
                    3.6378326416015625
                ],
                [
                    0.9752692580223083,
                    0.08380849659442902,
                    0.20451408624649048,
                    0.8244226574897766
                ],
                [
                    -7.450580152834618e-09,
                    0.9253190159797668,
                    -0.37918952107429504,
                    -1.5285618305206299
                ],
                [
                    0.0,
                    0.0,
                    0.0,
                    1.0
                ]
            ]
        },
        {
            "file_path": "/data/shapenet_blender/all_50_random/02958343/d157bd15ee2d92b0bda733a39f84326d/r_15",
            "rotation": 0.12566370614359174,
            "transform_matrix": [
                [
                    0.9310879111289978,
                    -0.22906850278377533,
                    0.28390631079673767,
                    1.144463062286377
                ],
                [
                    0.36479467153549194,
                    0.5846656560897827,
                    -0.7246315479278564,
                    -2.921083450317383
                ],
                [
                    -1.4901158529312397e-08,
                    0.7782633304595947,
                    0.6279380321502686,
                    2.531299352645874
                ],
                [
                    0.0,
                    0.0,
                    0.0,
                    1.0
                ]
            ]
        },
        {
            "file_path": "/data/shapenet_blender/all_50_random/02958343/d157bd15ee2d92b0bda733a39f84326d/r_16",
            "rotation": 0.12566370614359174,
            "transform_matrix": [
                [
                    0.9999911785125732,
                    0.0020585895981639624,
                    -0.003672059392556548,
                    -0.014802545309066772
                ],
                [
                    -0.004209728445857763,
                    0.48900339007377625,
                    -0.872271716594696,
                    -3.516239643096924
                ],
                [
                    0.0,
                    0.8722794055938721,
                    0.48900774121284485,
                    1.9712532758712769
                ],
                [
                    0.0,
                    0.0,
                    0.0,
                    1.0
                ]
            ]
        },
        {
            "file_path": "/data/shapenet_blender/all_50_random/02958343/d157bd15ee2d92b0bda733a39f84326d/r_17",
            "rotation": 0.12566370614359174,
            "transform_matrix": [
                [
                    0.9931831955909729,
                    -0.006403546780347824,
                    0.116388238966465,
                    0.46917596459388733
                ],
                [
                    0.11656426638364792,
                    0.05456127971410751,
                    -0.9916833639144897,
                    -3.997603178024292
                ],
                [
                    -4.656612873077393e-10,
                    0.9984897971153259,
                    0.054935768246650696,
                    0.22145316004753113
                ],
                [
                    0.0,
                    0.0,
                    0.0,
                    1.0
                ]
            ]
        },
        {
            "file_path": "/data/shapenet_blender/all_50_random/02958343/d157bd15ee2d92b0bda733a39f84326d/r_18",
            "rotation": 0.12566370614359174,
            "transform_matrix": [
                [
                    -0.8176770806312561,
                    0.42058461904525757,
                    0.3930811882019043,
                    1.5845609903335571
                ],
                [
                    0.5756772756576538,
                    0.5973874926567078,
                    0.5583223700523376,
                    2.250669479370117
                ],
                [
                    0.0,
                    0.6828152537345886,
                    -0.7305910587310791,
                    -2.9451067447662354
                ],
                [
                    0.0,
                    0.0,
                    0.0,
                    1.0
                ]
            ]
        },
        {
            "file_path": "/data/shapenet_blender/all_50_random/02958343/d157bd15ee2d92b0bda733a39f84326d/r_19",
            "rotation": 0.12566370614359174,
            "transform_matrix": [
                [
                    -0.9355677962303162,
                    -0.04236361011862755,
                    0.3505970537662506,
                    1.4133018255233765
                ],
                [
                    0.3531472682952881,
                    -0.11223088204860687,
                    0.9288117289543152,
                    3.744159698486328
                ],
                [
                    0.0,
                    0.9927787780761719,
                    0.11996018141508102,
                    0.48357492685317993
                ],
                [
                    0.0,
                    0.0,
                    0.0,
                    1.0
                ]
            ]
        },
        {
            "file_path": "/data/shapenet_blender/all_50_random/02958343/d157bd15ee2d92b0bda733a39f84326d/r_20",
            "rotation": 0.12566370614359174,
            "transform_matrix": [
                [
                    -0.8510546684265137,
                    -0.40676677227020264,
                    0.3320343792438507,
                    1.3384735584259033
                ],
                [
                    0.5250772833824158,
                    -0.6592949032783508,
                    0.5381672382354736,
                    2.169421672821045
                ],
                [
                    1.4901162970204496e-08,
                    0.6323534250259399,
                    0.7746798992156982,
                    3.1228349208831787
                ],
                [
                    0.0,
                    0.0,
                    0.0,
                    1.0
                ]
            ]
        },
        {
            "file_path": "/data/shapenet_blender/all_50_random/02958343/d157bd15ee2d92b0bda733a39f84326d/r_21",
            "rotation": 0.12566370614359174,
            "transform_matrix": [
                [
                    -0.9906988739967346,
                    -0.03828052803874016,
                    0.13057705760002136,
                    0.5263728499412537
                ],
                [
                    0.13607262074947357,
                    -0.2787075936794281,
                    0.9506874680519104,
                    3.8323428630828857
                ],
                [
                    -3.725290076417309e-09,
                    0.9596127271652222,
                    0.2813242971897125,
                    1.1340543031692505
                ],
                [
                    0.0,
                    0.0,
                    0.0,
                    1.0
                ]
            ]
        },
        {
            "file_path": "/data/shapenet_blender/all_50_random/02958343/d157bd15ee2d92b0bda733a39f84326d/r_22",
            "rotation": 0.12566370614359174,
            "transform_matrix": [
                [
                    -0.9467916488647461,
                    -0.04120215028524399,
                    0.31919920444488525,
                    1.2867331504821777
                ],
                [
                    0.32184740900993347,
                    -0.12120603024959564,
                    0.939001202583313,
                    3.7852349281311035
                ],
                [
                    0.0,
                    0.9917718172073364,
                    0.12801764905452728,
                    0.5160556435585022
                ],
                [
                    0.0,
                    0.0,
                    0.0,
                    1.0
                ]
            ]
        },
        {
            "file_path": "/data/shapenet_blender/all_50_random/02958343/d157bd15ee2d92b0bda733a39f84326d/r_23",
            "rotation": 0.12566370614359174,
            "transform_matrix": [
                [
                    -0.5814207792282104,
                    0.6868501901626587,
                    0.4361039102077484,
                    1.757991075515747
                ],
                [
                    0.8136030435562134,
                    0.4908400774002075,
                    0.3116506040096283,
                    1.2563037872314453
                ],
                [
                    0.0,
                    0.5360155701637268,
                    -0.8442081212997437,
                    -3.403111696243286
                ],
                [
                    0.0,
                    0.0,
                    0.0,
                    1.0
                ]
            ]
        },
        {
            "file_path": "/data/shapenet_blender/all_50_random/02958343/d157bd15ee2d92b0bda733a39f84326d/r_24",
            "rotation": 0.12566370614359174,
            "transform_matrix": [
                [
                    0.27469465136528015,
                    -0.07780230790376663,
                    0.9583787322044373,
                    3.8633477687835693
                ],
                [
                    0.9615315794944763,
                    0.022226911038160324,
                    -0.27379393577575684,
                    -1.103698492050171
                ],
                [
                    1.862645149230957e-09,
                    0.9967209100723267,
                    0.08091499656438828,
                    0.32617875933647156
                ],
                [
                    0.0,
                    0.0,
                    0.0,
                    1.0
                ]
            ]
        },
        {
            "file_path": "/data/shapenet_blender/all_50_random/02958343/d157bd15ee2d92b0bda733a39f84326d/r_25",
            "rotation": 0.12566370614359174,
            "transform_matrix": [
                [
                    0.9084997177124023,
                    -0.19722707569599152,
                    0.3684151768684387,
                    1.4851291179656982
                ],
                [
                    0.4178854525089264,
                    0.4287795424461365,
                    -0.8009493350982666,
                    -3.2287299633026123
                ],
                [
                    0.0,
                    0.881617546081543,
                    0.47196444869041443,
                    1.9025495052337646
                ],
                [
                    0.0,
                    0.0,
                    0.0,
                    1.0
                ]
            ]
        },
        {
            "file_path": "/data/shapenet_blender/all_50_random/02958343/d157bd15ee2d92b0bda733a39f84326d/r_26",
            "rotation": 0.12566370614359174,
            "transform_matrix": [
                [
                    -0.5167525410652161,
                    -0.2680300772190094,
                    -0.8130970001220703,
                    -3.2776987552642822
                ],
                [
                    -0.8561348915100098,
                    0.16177968680858612,
                    0.49077537655830383,
                    1.9783787727355957
                ],
                [
                    1.4901161193847656e-08,
                    0.9497300386428833,
                    -0.3130699694156647,
                    -1.2620253562927246
                ],
                [
                    0.0,
                    0.0,
                    0.0,
                    1.0
                ]
            ]
        },
        {
            "file_path": "/data/shapenet_blender/all_50_random/02958343/d157bd15ee2d92b0bda733a39f84326d/r_27",
            "rotation": 0.12566370614359174,
            "transform_matrix": [
                [
                    0.9516316652297974,
                    -0.1886800229549408,
                    -0.24248120188713074,
                    -0.9774730801582336
                ],
                [
                    -0.30724143981933594,
                    -0.5844064354896545,
                    -0.7510470747947693,
                    -3.0275678634643555
                ],
                [
                    0.0,
                    0.7892204523086548,
                    -0.6141098737716675,
                    -2.4755563735961914
                ],
                [
                    0.0,
                    0.0,
                    0.0,
                    1.0
                ]
            ]
        },
        {
            "file_path": "/data/shapenet_blender/all_50_random/02958343/d157bd15ee2d92b0bda733a39f84326d/r_28",
            "rotation": 0.12566370614359174,
            "transform_matrix": [
                [
                    -0.8840640187263489,
                    -0.3744374215602875,
                    -0.2796914279460907,
                    -1.1274722814559937
                ],
                [
                    -0.46736565232276917,
                    0.708281934261322,
                    0.5290613770484924,
                    2.1327147483825684
                ],
                [
                    0.0,
                    0.5984423756599426,
                    -0.801165759563446,
                    -3.229602813720703
                ],
                [
                    0.0,
                    0.0,
                    0.0,
                    1.0
                ]
            ]
        },
        {
            "file_path": "/data/shapenet_blender/all_50_random/02958343/d157bd15ee2d92b0bda733a39f84326d/r_29",
            "rotation": 0.12566370614359174,
            "transform_matrix": [
                [
                    0.9162580966949463,
                    -0.2804838716983795,
                    0.2860065996646881,
                    1.152929425239563
                ],
                [
                    0.4005882740020752,
                    0.6415455341339111,
                    -0.6541775465011597,
                    -2.6370739936828613
                ],
                [
                    0.0,
                    0.7139664888381958,
                    0.700179934501648,
                    2.8225154876708984
                ],
                [
                    0.0,
                    0.0,
                    0.0,
                    1.0
                ]
            ]
        },
        {
            "file_path": "/data/shapenet_blender/all_50_random/02958343/d157bd15ee2d92b0bda733a39f84326d/r_30",
            "rotation": 0.12566370614359174,
            "transform_matrix": [
                [
                    0.43174096941947937,
                    0.6991608738899231,
                    -0.5698893070220947,
                    -2.297297239303589
                ],
                [
                    -0.9019976854324341,
                    0.33465319871902466,
                    -0.27277737855911255,
                    -1.0996007919311523
                ],
                [
                    1.4901161193847656e-08,
                    0.6318079829216003,
                    0.7751249670982361,
                    3.124628782272339
                ],
                [
                    0.0,
                    0.0,
                    0.0,
                    1.0
                ]
            ]
        },
        {
            "file_path": "/data/shapenet_blender/all_50_random/02958343/d157bd15ee2d92b0bda733a39f84326d/r_31",
            "rotation": 0.12566370614359174,
            "transform_matrix": [
                [
                    0.10309384018182755,
                    0.27914679050445557,
                    0.9546982049942017,
                    3.8485116958618164
                ],
                [
                    0.9946717023849487,
                    -0.02893247827887535,
                    -0.09895074367523193,
                    -0.39888322353363037
                ],
                [
                    1.862645149230957e-09,
                    0.9598125219345093,
                    -0.2806421220302582,
                    -1.1313047409057617
                ],
                [
                    0.0,
                    0.0,
                    0.0,
                    1.0
                ]
            ]
        },
        {
            "file_path": "/data/shapenet_blender/all_50_random/02958343/d157bd15ee2d92b0bda733a39f84326d/r_32",
            "rotation": 0.12566370614359174,
            "transform_matrix": [
                [
                    -0.8140924572944641,
                    0.005193817894905806,
                    0.580712080001831,
                    2.3409252166748047
                ],
                [
                    0.5807353258132935,
                    0.0072808521799743176,
                    0.8140599131584167,
                    3.2815802097320557
                ],
                [
                    0.0,
                    0.9999600648880005,
                    -0.008943519555032253,
                    -0.03605248034000397
                ],
                [
                    0.0,
                    0.0,
                    0.0,
                    1.0
                ]
            ]
        },
        {
            "file_path": "/data/shapenet_blender/all_50_random/02958343/d157bd15ee2d92b0bda733a39f84326d/r_33",
            "rotation": 0.12566370614359174,
            "transform_matrix": [
                [
                    0.4439205229282379,
                    0.4352618455886841,
                    -0.7832508683204651,
                    -3.1573848724365234
                ],
                [
                    -0.8960662484169006,
                    0.21563324332237244,
                    -0.38803061842918396,
                    -1.5642012357711792
                ],
                [
                    0.0,
                    0.8740991353988647,
                    0.48574748635292053,
                    1.9581104516983032
                ],
                [
                    0.0,
                    0.0,
                    0.0,
                    1.0
                ]
            ]
        },
        {
            "file_path": "/data/shapenet_blender/all_50_random/02958343/d157bd15ee2d92b0bda733a39f84326d/r_34",
            "rotation": 0.12566370614359174,
            "transform_matrix": [
                [
                    0.761955201625824,
                    0.5971901416778564,
                    -0.25057581067085266,
                    -1.010103464126587
                ],
                [
                    -0.6476297378540039,
                    0.7026114463806152,
                    -0.2948096692562103,
                    -1.1884158849716187
                ],
                [
                    1.4901161193847656e-08,
                    0.38691210746765137,
                    0.9221165180206299,
                    3.7171707153320312
                ],
                [
                    0.0,
                    0.0,
                    0.0,
                    1.0
                ]
            ]
        },
        {
            "file_path": "/data/shapenet_blender/all_50_random/02958343/d157bd15ee2d92b0bda733a39f84326d/r_35",
            "rotation": 0.12566370614359174,
            "transform_matrix": [
                [
                    0.4757643938064575,
                    0.37640678882598877,
                    0.7949630618095398,
                    3.2045981884002686
                ],
                [
                    0.8795728087425232,
                    -0.20359991490840912,
                    -0.42999863624572754,
                    -1.7333797216415405
                ],
                [
                    1.4901161193847656e-08,
                    0.9038057327270508,
                    -0.42794284224510193,
                    -1.7250925302505493
                ],
                [
                    0.0,
                    0.0,
                    0.0,
                    1.0
                ]
            ]
        },
        {
            "file_path": "/data/shapenet_blender/all_50_random/02958343/d157bd15ee2d92b0bda733a39f84326d/r_36",
            "rotation": 0.12566370614359174,
            "transform_matrix": [
                [
                    0.01929466798901558,
                    -0.0228580255061388,
                    -0.9995524287223816,
                    -4.029325008392334
                ],
                [
                    -0.9998138546943665,
                    -0.00044112015166319907,
                    -0.019289623945951462,
                    -0.07775896787643433
                ],
                [
                    0.0,
                    0.9997385144233704,
                    -0.022862281650304794,
                    -0.09216081351041794
                ],
                [
                    0.0,
                    0.0,
                    0.0,
                    1.0
                ]
            ]
        },
        {
            "file_path": "/data/shapenet_blender/all_50_random/02958343/d157bd15ee2d92b0bda733a39f84326d/r_37",
            "rotation": 0.12566370614359174,
            "transform_matrix": [
                [
                    0.8082718849182129,
                    0.44844892621040344,
                    -0.38156256079673767,
                    -1.5381278991699219
                ],
                [
                    -0.5888093113899231,
                    0.6155959963798523,
                    -0.523779571056366,
                    -2.1114230155944824
                ],
                [
                    0.0,
                    0.6480239033699036,
                    0.7616199254989624,
                    3.070188045501709
                ],
                [
                    0.0,
                    0.0,
                    0.0,
                    1.0
                ]
            ]
        },
        {
            "file_path": "/data/shapenet_blender/all_50_random/02958343/d157bd15ee2d92b0bda733a39f84326d/r_38",
            "rotation": 0.12566370614359174,
            "transform_matrix": [
                [
                    -0.04283047467470169,
                    -0.25419193506240845,
                    -0.9662050008773804,
                    -3.8948965072631836
                ],
                [
                    -0.9990824460983276,
                    0.01089716050773859,
                    0.04142102599143982,
                    0.16697347164154053
                ],
                [
                    9.31322685637781e-10,
                    0.9670923352241516,
                    -0.25442543625831604,
                    -1.0256216526031494
                ],
                [
                    0.0,
                    0.0,
                    0.0,
                    1.0
                ]
            ]
        },
        {
            "file_path": "/data/shapenet_blender/all_50_random/02958343/d157bd15ee2d92b0bda733a39f84326d/r_39",
            "rotation": 0.12566370614359174,
            "transform_matrix": [
                [
                    0.9857332706451416,
                    -0.0521014928817749,
                    0.16004790365695953,
                    0.6451737284660339
                ],
                [
                    0.1683148592710495,
                    0.3051315248012543,
                    -0.9373179078102112,
                    -3.778449296951294
                ],
                [
                    0.0,
                    0.9508839249610901,
                    0.3095477521419525,
                    1.2478269338607788
                ],
                [
                    0.0,
                    0.0,
                    0.0,
                    1.0
                ]
            ]
        },
        {
            "file_path": "/data/shapenet_blender/all_50_random/02958343/d157bd15ee2d92b0bda733a39f84326d/r_40",
            "rotation": 0.12566370614359174,
            "transform_matrix": [
                [
                    -0.9596197605133057,
                    0.2567633390426636,
                    0.11490209400653839,
                    0.4631851613521576
                ],
                [
                    0.2813003957271576,
                    0.8759148120880127,
                    0.3919735550880432,
                    1.580095887184143
                ],
                [
                    -7.4505797087454084e-09,
                    0.40846753120422363,
                    -0.9127728939056396,
                    -3.6795051097869873
                ],
                [
                    0.0,
                    0.0,
                    0.0,
                    1.0
                ]
            ]
        },
        {
            "file_path": "/data/shapenet_blender/all_50_random/02958343/d157bd15ee2d92b0bda733a39f84326d/r_41",
            "rotation": 0.12566370614359174,
            "transform_matrix": [
                [
                    -0.43350064754486084,
                    -0.43512532114982605,
                    0.7891407608985901,
                    3.1811282634735107
                ],
                [
                    0.9011533260345459,
                    -0.20931744575500488,
                    0.3796168863773346,
                    1.5302846431732178
                ],
                [
                    0.0,
