{
    "class": "02958343",
    "model": "bebfba98a5e97c6180360680c1602c7d",
    "remove_doubles": true,
    "edge_split": true,
    "denoise": true,
    "camera_angle_x": 0.6911112070083618,
    "scale_factor": 2.3312305701443754,
    "hdri_file": "/data/IndoorHDRDataset2018/9C4A4517-223e5f175e.exr",
    "center_offset": [
        0.0,
        -1.862645149230957e-09,
        -3.725290298461914e-09
    ],
    "lights": [],
    "frames": [
        {
            "file_path": "/data/shapenet_blender/all_50_random/02958343/bebfba98a5e97c6180360680c1602c7d/r_0",
            "rotation": 0.12566370614359174,
            "transform_matrix": [
                [
                    0.26877260208129883,
                    -0.19731581211090088,
                    0.9427765011787415,
                    3.8004539012908936
                ],
                [
                    0.9632037281990051,
                    0.055059053003787994,
                    -0.26307258009910583,
                    -1.0604796409606934
                ],
                [
                    0.0,
                    0.9787926077842712,
                    0.20485363900661469,
                    0.8257914781570435
                ],
                [
                    0.0,
                    0.0,
                    0.0,
                    1.0
                ]
            ]
        },
        {
            "file_path": "/data/shapenet_blender/all_50_random/02958343/bebfba98a5e97c6180360680c1602c7d/r_1",
            "rotation": 0.12566370614359174,
            "transform_matrix": [
                [
                    0.6523408889770508,
                    -0.10881195217370987,
                    -0.7500741481781006,
                    -3.0236458778381348
                ],
                [
                    -0.7579257488250732,
                    -0.0936536192893982,
                    -0.6455830931663513,
                    -2.602428913116455
                ],
                [
                    0.0,
                    0.9896408319473267,
                    -0.14356544613838196,
                    -0.5787308812141418
                ],
                [
                    0.0,
                    0.0,
                    0.0,
                    1.0
                ]
            ]
        },
        {
            "file_path": "/data/shapenet_blender/all_50_random/02958343/bebfba98a5e97c6180360680c1602c7d/r_2",
            "rotation": 0.12566370614359174,
            "transform_matrix": [
                [
                    0.4421903192996979,
                    0.16143567860126495,
                    0.882273256778717,
                    3.5565574169158936
                ],
                [
                    0.8969212770462036,
                    -0.07958925515413284,
                    -0.4349687099456787,
                    -1.7534151077270508
                ],
                [
                    7.450581485102248e-09,
                    0.9836685657501221,
                    -0.17998869717121124,
                    -0.7255576848983765
                ],
                [
                    0.0,
                    0.0,
                    0.0,
                    1.0
                ]
            ]
        },
        {
            "file_path": "/data/shapenet_blender/all_50_random/02958343/bebfba98a5e97c6180360680c1602c7d/r_3",
            "rotation": 0.12566370614359174,
            "transform_matrix": [
                [
                    -0.8670639991760254,
                    0.18707320094108582,
                    0.46173977851867676,
                    1.8613325357437134
                ],
                [
                    0.4981967508792877,
                    0.3255830705165863,
                    0.8036141395568848,
                    3.2394721508026123
                ],
                [
                    1.4901160305669237e-08,
                    0.9268221259117126,
                    -0.3755006194114685,
                    -1.5136914253234863
                ],
                [
                    0.0,
                    0.0,
                    0.0,
                    1.0
                ]
            ]
        },
        {
            "file_path": "/data/shapenet_blender/all_50_random/02958343/bebfba98a5e97c6180360680c1602c7d/r_4",
            "rotation": 0.12566370614359174,
            "transform_matrix": [
                [
                    -0.18263651430606842,
                    -0.8697253465652466,
                    0.45849934220314026,
                    1.8482698202133179
                ],
                [
                    0.9831805229187012,
                    -0.16156096756458282,
                    0.08517125993967056,
                    0.3433363139629364
                ],
                [
                    -7.4505797087454084e-09,
                    0.4663430452346802,
                    0.8846039772033691,
                    3.5659525394439697
                ],
                [
                    0.0,
                    0.0,
                    0.0,
                    1.0
                ]
            ]
        },
        {
            "file_path": "/data/shapenet_blender/all_50_random/02958343/bebfba98a5e97c6180360680c1602c7d/r_5",
            "rotation": 0.12566370614359174,
            "transform_matrix": [
                [
                    0.9689122438430786,
                    0.11831698566675186,
                    -0.21727880835533142,
                    -0.8758789300918579
                ],
                [
                    -0.24740451574325562,
                    0.46336573362350464,
                    -0.8509306907653809,
                    -3.4302115440368652
                ],
                [
                    0.0,
                    0.878233015537262,
                    0.47823289036750793,
                    1.9278185367584229
                ],
                [
                    0.0,
                    0.0,
                    0.0,
                    1.0
                ]
            ]
        },
        {
            "file_path": "/data/shapenet_blender/all_50_random/02958343/bebfba98a5e97c6180360680c1602c7d/r_6",
            "rotation": 0.12566370614359174,
            "transform_matrix": [
                [
                    -0.3665124773979187,
                    -0.7714439034461975,
                    -0.5201372504234314,
                    -2.096740245819092
                ],
                [
                    -0.9304131269454956,
                    0.3038906157016754,
                    0.2048947811126709,
                    0.8259572982788086
                ],
                [
                    0.0,
                    0.5590391159057617,
                    -0.82914137840271,
                    -3.3423757553100586
                ],
                [
                    0.0,
                    0.0,
                    0.0,
                    1.0
                ]
            ]
        },
        {
            "file_path": "/data/shapenet_blender/all_50_random/02958343/bebfba98a5e97c6180360680c1602c7d/r_7",
            "rotation": 0.12566370614359174,
            "transform_matrix": [
                [
                    0.8923161625862122,
                    0.38686856627464294,
                    0.23260392248630524,
                    0.9376564025878906
                ],
                [
                    0.45141100883483887,
                    -0.7647334337234497,
                    -0.45979437232017517,
                    -1.8534903526306152
                ],
                [
                    0.0,
                    0.5152819156646729,
                    -0.8570207357406616,
                    -3.454761028289795
                ],
                [
                    0.0,
                    0.0,
                    0.0,
                    1.0
                ]
            ]
        },
        {
            "file_path": "/data/shapenet_blender/all_50_random/02958343/bebfba98a5e97c6180360680c1602c7d/r_8",
            "rotation": 0.12566370614359174,
            "transform_matrix": [
                [
                    -0.9262950420379639,
                    0.31819871068000793,
                    0.2018096148967743,
                    0.8135205507278442
                ],
                [
                    0.3767991065979004,
                    0.7822361588478088,
                    0.4961138069629669,
                    1.9998986721038818
                ],
                [
                    -1.4901161193847656e-08,
                    0.5355894565582275,
                    -0.8444784879684448,
                    -3.4042017459869385
                ],
                [
                    0.0,
                    0.0,
                    0.0,
                    1.0
                ]
            ]
        },
        {
            "file_path": "/data/shapenet_blender/all_50_random/02958343/bebfba98a5e97c6180360680c1602c7d/r_9",
            "rotation": 0.12566370614359174,
            "transform_matrix": [
                [
                    -0.9786456823348999,
                    0.07910646498203278,
                    -0.18972253799438477,
                    -0.7647960186004639
                ],
                [
                    -0.2055540531873703,
                    -0.37662699818611145,
                    0.9032716155052185,
                    3.641204357147217
                ],
                [
                    -7.4505792646561986e-09,
                    0.9229812026023865,
                    0.3848450779914856,
                    1.5513601303100586
                ],
                [
                    0.0,
                    0.0,
                    0.0,
                    1.0
                ]
            ]
        },
        {
            "file_path": "/data/shapenet_blender/all_50_random/02958343/bebfba98a5e97c6180360680c1602c7d/r_10",
            "rotation": 0.12566370614359174,
            "transform_matrix": [
                [
                    0.2716202735900879,
                    -0.1083035096526146,
                    -0.9562911987304688,
                    -3.854933023452759
                ],
                [
                    -0.9624046087265015,
                    -0.030566589906811714,
                    -0.26989486813545227,
                    -1.0879809856414795
                ],
                [
                    0.0,
                    0.9936478137969971,
                    -0.1125343069434166,
                    -0.45364031195640564
                ],
                [
                    0.0,
                    0.0,
                    0.0,
                    1.0
                ]
            ]
        },
        {
            "file_path": "/data/shapenet_blender/all_50_random/02958343/bebfba98a5e97c6180360680c1602c7d/r_11",
            "rotation": 0.12566370614359174,
            "transform_matrix": [
                [
                    -0.6243124008178711,
                    -0.42781132459640503,
                    0.6536141633987427,
                    2.634803056716919
                ],
                [
                    0.7811748385429382,
                    -0.341905415058136,
                    0.5223663449287415,
                    2.1057260036468506
                ],
                [
                    -1.4901162970204496e-08,
                    0.8367065787315369,
                    0.5476512312889099,
                    2.2076528072357178
                ],
                [
                    0.0,
                    0.0,
                    0.0,
                    1.0
                ]
            ]
        },
        {
            "file_path": "/data/shapenet_blender/all_50_random/02958343/bebfba98a5e97c6180360680c1602c7d/r_12",
            "rotation": 0.12566370614359174,
            "transform_matrix": [
                [
                    -0.8653991222381592,
                    -0.11320479959249496,
                    0.48812803626060486,
                    1.9677069187164307
                ],
                [
                    0.5010830760002136,
                    -0.19551116228103638,
                    0.8430249691009521,
                    3.3983421325683594
                ],
                [
                    7.4505792646561986e-09,
                    0.974145770072937,
                    0.22592024505138397,
                    0.9107136130332947
                ],
                [
                    0.0,
                    0.0,
                    0.0,
                    1.0
                ]
            ]
        },
        {
            "file_path": "/data/shapenet_blender/all_50_random/02958343/bebfba98a5e97c6180360680c1602c7d/r_13",
            "rotation": 0.12566370614359174,
            "transform_matrix": [
                [
                    0.9747060537338257,
                    -0.013395829126238823,
                    0.22308923304080963,
                    0.8993015289306641
                ],
                [
                    0.22349108755588531,
                    0.05842289328575134,
                    -0.9729534387588501,
                    -3.9221010208129883
                ],
                [
                    -9.31322685637781e-10,
                    0.9982019662857056,
                    0.05993898957967758,
                    0.24162180721759796
                ],
                [
                    0.0,
                    0.0,
                    0.0,
                    1.0
                ]
            ]
        },
        {
            "file_path": "/data/shapenet_blender/all_50_random/02958343/bebfba98a5e97c6180360680c1602c7d/r_14",
            "rotation": 0.12566370614359174,
            "transform_matrix": [
                [
                    0.9824545383453369,
                    -0.01529656257480383,
                    0.18587394058704376,
                    0.7492818236351013
                ],
                [
                    0.18650227785110474,
                    0.08057904243469238,
                    -0.9791444540023804,
                    -3.9470574855804443
                ],
                [
                    0.0,
                    0.9966307878494263,
                    0.08201808482408524,
                    0.3306254744529724
                ],
                [
                    0.0,
                    0.0,
                    0.0,
                    1.0
                ]
            ]
        },
        {
            "file_path": "/data/shapenet_blender/all_50_random/02958343/bebfba98a5e97c6180360680c1602c7d/r_15",
            "rotation": 0.12566370614359174,
            "transform_matrix": [
                [
                    -0.760528564453125,
                    -0.017051605507731438,
                    -0.6490804553031921,
                    -2.6165273189544678
                ],
                [
                    -0.6493045091629028,
                    0.01997249759733677,
                    0.760266125202179,
                    3.0647311210632324
                ],
                [
                    0.0,
                    0.99965500831604,
                    -0.026261337101459503,
                    -0.10586284101009369
                ],
                [
                    0.0,
                    0.0,
                    0.0,
                    1.0
                ]
            ]
        },
        {
            "file_path": "/data/shapenet_blender/all_50_random/02958343/bebfba98a5e97c6180360680c1602c7d/r_16",
            "rotation": 0.12566370614359174,
            "transform_matrix": [
                [
                    0.23928222060203552,
                    -0.7739734053611755,
                    -0.5862669944763184,
                    -2.3633182048797607
                ],
                [
                    -0.9709501266479492,
                    -0.1907390058040619,
                    -0.1444803923368454,
                    -0.5824191570281982
                ],
                [
                    -7.450581485102248e-09,
                    0.6038076281547546,
                    -0.7971299886703491,
                    -3.213334083557129
                ],
                [
                    0.0,
                    0.0,
                    0.0,
                    1.0
                ]
            ]
        },
        {
            "file_path": "/data/shapenet_blender/all_50_random/02958343/bebfba98a5e97c6180360680c1602c7d/r_17",
            "rotation": 0.12566370614359174,
            "transform_matrix": [
                [
                    -0.7822112441062927,
                    -0.11361439526081085,
                    0.6125662326812744,
                    2.4693336486816406
                ],
                [
                    0.623013436794281,
                    -0.14264613389968872,
                    0.7690944671630859,
                    3.1003191471099854
                ],
                [
                    7.450581485102248e-09,
                    0.9832313060760498,
                    0.1823626607656479,
                    0.7351274490356445
                ],
                [
                    0.0,
                    0.0,
                    0.0,
                    1.0
                ]
            ]
        },
        {
            "file_path": "/data/shapenet_blender/all_50_random/02958343/bebfba98a5e97c6180360680c1602c7d/r_18",
            "rotation": 0.12566370614359174,
            "transform_matrix": [
                [
                    -0.967667281627655,
                    -0.004428836051374674,
                    -0.25219106674194336,
                    -1.0166146755218506
                ],
                [
                    -0.2522299289703369,
                    0.01699100248515606,
                    0.967518150806427,
                    3.9001903533935547
                ],
                [
                    -4.6566125955216364e-10,
                    0.9998458623886108,
                    -0.01755872182548046,
                    -0.07078146934509277
                ],
                [
                    0.0,
                    0.0,
                    0.0,
                    1.0
                ]
            ]
        },
        {
            "file_path": "/data/shapenet_blender/all_50_random/02958343/bebfba98a5e97c6180360680c1602c7d/r_19",
            "rotation": 0.12566370614359174,
            "transform_matrix": [
                [
                    -0.675502359867096,
                    -0.2666400969028473,
                    -0.6874587535858154,
                    -2.7712349891662598
                ],
                [
                    -0.7373577952384949,
                    0.24427223205566406,
                    0.6297892332077026,
                    2.538761615753174
                ],
                [
                    1.4901162970204496e-08,
                    0.932327151298523,
                    -0.3616156578063965,
                    -1.457719326019287
                ],
                [
                    0.0,
                    0.0,
                    0.0,
                    1.0
                ]
            ]
        },
        {
            "file_path": "/data/shapenet_blender/all_50_random/02958343/bebfba98a5e97c6180360680c1602c7d/r_20",
            "rotation": 0.12566370614359174,
            "transform_matrix": [
                [
                    0.9920422434806824,
                    0.06411099433898926,
                    0.10836134850978851,
                    0.43681856989860535
                ],
                [
                    0.1259063333272934,
                    -0.5051438808441162,
                    -0.8538016080856323,
                    -3.441784381866455
                ],
                [
                    0.0,
                    0.8606504797935486,
                    -0.5091960430145264,
                    -2.0526349544525146
                ],
                [
                    0.0,
                    0.0,
                    0.0,
                    1.0
                ]
            ]
        },
        {
            "file_path": "/data/shapenet_blender/all_50_random/02958343/bebfba98a5e97c6180360680c1602c7d/r_21",
            "rotation": 0.12566370614359174,
            "transform_matrix": [
                [
                    -0.8862977623939514,
                    -0.35813555121421814,
                    -0.29362407326698303,
                    -1.1836365461349487
                ],
                [
                    -0.46311572194099426,
                    0.6853896975517273,
                    0.56192946434021,
                    2.2652101516723633
                ],
                [
                    0.0,
                    0.6340188384056091,
                    -0.7733175754547119,
                    -3.117342948913574
                ],
                [
                    0.0,
                    0.0,
                    0.0,
                    1.0
                ]
            ]
        },
        {
            "file_path": "/data/shapenet_blender/all_50_random/02958343/bebfba98a5e97c6180360680c1602c7d/r_22",
            "rotation": 0.12566370614359174,
            "transform_matrix": [
                [
                    -0.5530174374580383,
                    0.1821376234292984,
                    -0.8130175471305847,
                    -3.277378559112549
                ],
                [
                    -0.8331695795059204,
                    -0.12089408934116364,
                    0.5396414995193481,
                    2.1753644943237305
                ],
                [
                    7.450580152834618e-09,
                    0.9758127331733704,
                    0.2186080813407898,
                    0.8812373876571655
                ],
                [
                    0.0,
                    0.0,
                    0.0,
                    1.0
                ]
            ]
        },
        {
            "file_path": "/data/shapenet_blender/all_50_random/02958343/bebfba98a5e97c6180360680c1602c7d/r_23",
            "rotation": 0.12566370614359174,
            "transform_matrix": [
                [
                    0.9732406735420227,
                    -0.012675881385803223,
                    0.2294384241104126,
                    0.9248958826065063
                ],
                [
                    0.22978831827640533,
                    0.053687162697315216,
                    -0.9717587232589722,
                    -3.9172847270965576
                ],
                [
                    9.31322685637781e-10,
                    0.9984772801399231,
                    0.05516330152750015,
                    0.22237038612365723
                ],
                [
                    0.0,
                    0.0,
                    0.0,
                    1.0
                ]
            ]
        },
        {
            "file_path": "/data/shapenet_blender/all_50_random/02958343/bebfba98a5e97c6180360680c1602c7d/r_24",
            "rotation": 0.12566370614359174,
            "transform_matrix": [
                [
                    0.0757448747754097,
                    -0.45976293087005615,
                    0.8848053812980652,
                    3.5667648315429688
                ],
                [
                    0.9971272945404053,
                    0.03492501378059387,
                    -0.0672125518321991,
                    -0.27094247937202454
                ],
                [
                    1.862645371275562e-09,
                    0.8873546719551086,
                    0.46108749508857727,
                    1.8587032556533813
                ],
                [
                    0.0,
                    0.0,
                    0.0,
                    1.0
                ]
            ]
        },
        {
            "file_path": "/data/shapenet_blender/all_50_random/02958343/bebfba98a5e97c6180360680c1602c7d/r_25",
            "rotation": 0.12566370614359174,
            "transform_matrix": [
                [
                    0.9315319061279297,
                    -0.08807356655597687,
                    0.3528335690498352,
                    1.422317624092102
                ],
                [
                    0.3636598587036133,
                    0.2256045788526535,
                    -0.9037997722625732,
                    -3.6433334350585938
                ],
                [
                    0.0,
                    0.9702296257019043,
                    0.24218665063381195,
                    0.9762856364250183
                ],
                [
                    0.0,
                    0.0,
                    0.0,
                    1.0
                ]
            ]
        },
        {
            "file_path": "/data/shapenet_blender/all_50_random/02958343/bebfba98a5e97c6180360680c1602c7d/r_26",
            "rotation": 0.12566370614359174,
            "transform_matrix": [
                [
                    0.9998462796211243,
                    0.01203063689172268,
                    0.012757129967212677,
                    0.05142563581466675
                ],
                [
                    0.017535123974084854,
                    -0.6859824061393738,
                    -0.7274067997932434,
                    -2.9322705268859863
                ],
                [
                    0.0,
                    0.7275186777114868,
                    -0.6860878467559814,
                    -2.7657086849212646
                ],
                [
                    0.0,
                    0.0,
                    0.0,
                    1.0
                ]
            ]
        },
        {
            "file_path": "/data/shapenet_blender/all_50_random/02958343/bebfba98a5e97c6180360680c1602c7d/r_27",
            "rotation": 0.12566370614359174,
            "transform_matrix": [
                [
                    0.21096739172935486,
                    0.6273157596588135,
                    -0.7496450543403625,
                    -3.021915912628174
                ],
                [
                    -0.9774931073188782,
                    0.13539038598537445,
                    -0.1617921143770218,
                    -0.6522048711776733
                ],
                [
                    -7.450580152834618e-09,
                    0.7669057846069336,
                    0.6417597532272339,
                    2.5870163440704346
                ],
                [
                    0.0,
                    0.0,
                    0.0,
                    1.0
                ]
            ]
        },
        {
            "file_path": "/data/shapenet_blender/all_50_random/02958343/bebfba98a5e97c6180360680c1602c7d/r_28",
            "rotation": 0.12566370614359174,
            "transform_matrix": [
                [
                    -0.6591581106185913,
                    -0.12921999394893646,
                    -0.740818977355957,
                    -2.9863369464874268
                ],
                [
                    -0.7520044445991516,
                    0.11326584219932556,
                    0.6493536829948425,
                    2.617628574371338
                ],
                [
                    0.0,
                    0.9851258397102356,
                    -0.17183411121368408,
                    -0.6926855444908142
                ],
                [
                    0.0,
                    0.0,
                    0.0,
                    1.0
                ]
            ]
        },
        {
            "file_path": "/data/shapenet_blender/all_50_random/02958343/bebfba98a5e97c6180360680c1602c7d/r_29",
            "rotation": 0.12566370614359174,
            "transform_matrix": [
                [
                    -0.6032658219337463,
                    -0.07475517690181732,
                    -0.7940288782119751,
                    -3.2008330821990967
                ],
                [
                    -0.7975401878356934,
                    0.05654542148113251,
                    0.6006098389625549,
                    2.421135902404785
                ],
                [
                    0.0,
                    0.9955974221229553,
                    -0.09373217076063156,
                    -0.37784650921821594
                ],
                [
                    0.0,
                    0.0,
                    0.0,
                    1.0
                ]
            ]
        },
        {
            "file_path": "/data/shapenet_blender/all_50_random/02958343/bebfba98a5e97c6180360680c1602c7d/r_30",
            "rotation": 0.12566370614359174,
            "transform_matrix": [
                [
                    0.9961754679679871,
                    -0.0070953164249658585,
                    -0.08708669990301132,
                    -0.3510577380657196
                ],
                [
                    -0.08737526834011078,
                    -0.08089451491832733,
                    -0.9928854703903198,
                    -4.0024495124816895
                ],
                [
                    -4.656613428188905e-10,
                    0.9966972470283508,
                    -0.0812050923705101,
                    -0.3273482322692871
                ],
                [
                    0.0,
                    0.0,
                    0.0,
                    1.0
                ]
            ]
        },
        {
            "file_path": "/data/shapenet_blender/all_50_random/02958343/bebfba98a5e97c6180360680c1602c7d/r_31",
            "rotation": 0.12566370614359174,
            "transform_matrix": [
                [
                    0.9601548314094543,
                    0.243742436170578,
                    0.13672032952308655,
                    0.5511372089385986
                ],
                [
                    0.2794688642024994,
                    -0.837411642074585,
                    -0.46972206234931946,
                    -1.8935099840164185
                ],
                [
                    -7.450580596923828e-09,
                    0.48921504616737366,
                    -0.8721632957458496,
                    -3.5158023834228516
                ],
                [
                    0.0,
                    0.0,
                    0.0,
                    1.0
                ]
            ]
        },
        {
            "file_path": "/data/shapenet_blender/all_50_random/02958343/bebfba98a5e97c6180360680c1602c7d/r_32",
            "rotation": 0.12566370614359174,
            "transform_matrix": [
                [
                    0.9445344805717468,
                    0.22660957276821136,
                    0.23770323395729065,
                    0.9582124352455139
                ],
                [
                    0.3284124732017517,
                    -0.6517430543899536,
                    -0.6836491227149963,
                    -2.75587797164917
                ],
                [
                    0.0,
                    0.7237948775291443,
                    -0.6900151371955872,
                    -2.7815401554107666
                ],
                [
                    0.0,
                    0.0,
                    0.0,
                    1.0
                ]
            ]
        },
        {
            "file_path": "/data/shapenet_blender/all_50_random/02958343/bebfba98a5e97c6180360680c1602c7d/r_33",
            "rotation": 0.12566370614359174,
            "transform_matrix": [
                [
                    -0.859794020652771,
                    -0.40878692269325256,
                    0.3060188889503479,
                    1.2336015701293945
                ],
                [
                    0.5106411576271057,
                    -0.6882965564727783,
                    0.5152604579925537,
                    2.0770814418792725
                ],
                [
                    1.4901162970204496e-08,
                    0.5992835760116577,
                    0.8005367517471313,
                    3.2270667552948
                ],
                [
                    0.0,
                    0.0,
                    0.0,
                    1.0
                ]
            ]
        },
        {
            "file_path": "/data/shapenet_blender/all_50_random/02958343/bebfba98a5e97c6180360680c1602c7d/r_34",
            "rotation": 0.12566370614359174,
            "transform_matrix": [
                [
                    -0.9466516375541687,
                    -0.03938525170087814,
                    -0.31984296441078186,
                    -1.2893282175064087
                ],
                [
                    -0.32225877046585083,
                    0.11569618433713913,
                    0.9395550489425659,
                    3.7874674797058105
                ],
                [
                    -3.725290298461914e-09,
                    0.9925034046173096,
                    -0.12221623212099075,
                    -0.49266940355300903
                ],
                [
                    0.0,
                    0.0,
                    0.0,
                    1.0
                ]
            ]
        },
        {
            "file_path": "/data/shapenet_blender/all_50_random/02958343/bebfba98a5e97c6180360680c1602c7d/r_35",
            "rotation": 0.12566370614359174,
            "transform_matrix": [
                [
                    0.9434317946434021,
                    0.07588460296392441,
                    0.32276618480682373,
                    1.301112174987793
                ],
                [
                    0.3315667510032654,
                    -0.21592016518115997,
                    -0.9183908700942993,
                    -3.7021522521972656
                ],
                [
                    0.0,
                    0.9734576344490051,
                    -0.22886674106121063,
                    -0.9225913882255554
                ],
                [
                    0.0,
                    0.0,
                    0.0,
                    1.0
                ]
            ]
        },
        {
            "file_path": "/data/shapenet_blender/all_50_random/02958343/bebfba98a5e97c6180360680c1602c7d/r_36",
            "rotation": 0.12566370614359174,
            "transform_matrix": [
                [
                    -0.9234715700149536,
                    0.23210768401622772,
                    0.30549371242523193,
                    1.2314845323562622
                ],
                [
                    0.3836670517921448,
                    0.5586740970611572,
                    0.7353113889694214,
                    2.964134931564331
                ],
                [
                    -1.4901161193847656e-08,
                    0.7962469458580017,
                    -0.604971706867218,
                    -2.4387190341949463
                ],
                [
                    0.0,
                    0.0,
                    0.0,
                    1.0
                ]
            ]
        },
        {
            "file_path": "/data/shapenet_blender/all_50_random/02958343/bebfba98a5e97c6180360680c1602c7d/r_37",
            "rotation": 0.12566370614359174,
            "transform_matrix": [
                [
                    0.11130525171756744,
                    -0.4687175750732422,
                    -0.8763076066970825,
                    -3.5325088500976562
                ],
                [
                    -0.9937863349914551,
                    -0.052496928721666336,
                    -0.09814749658107758,
                    -0.3956452012062073
                ],
                [
                    0.0,
                    0.8817867040634155,
                    -0.47164827585220337,
                    -1.9012750387191772
                ],
                [
                    0.0,
                    0.0,
                    0.0,
                    1.0
                ]
            ]
        },
        {
            "file_path": "/data/shapenet_blender/all_50_random/02958343/bebfba98a5e97c6180360680c1602c7d/r_38",
            "rotation": 0.12566370614359174,
            "transform_matrix": [
                [
                    -0.020248927175998688,
                    0.1726449877023697,
                    -0.9847759008407593,
                    -3.9697587490081787
                ],
                [
                    -0.9997949004173279,
                    -0.003496592864394188,
                    0.019944746047258377,
                    0.08039984107017517
                ],
                [
                    0.0,
                    0.9849779605865479,
                    0.17268037796020508,
                    0.6960968971252441
                ],
                [
                    0.0,
                    0.0,
                    0.0,
                    1.0
                ]
            ]
        },
        {
            "file_path": "/data/shapenet_blender/all_50_random/02958343/bebfba98a5e97c6180360680c1602c7d/r_39",
            "rotation": 0.12566370614359174,
            "transform_matrix": [
                [
                    0.739978015422821,
                    0.5549838542938232,
                    0.3800334334373474,
                    1.53196382522583
                ],
                [
                    0.6726310849189758,
                    -0.6105514168739319,
                    -0.41808414459228516,
                    -1.6853511333465576
                ],
                [
                    0.0,
                    0.5649954080581665,
                    -0.8250939846038818,
                    -3.3260602951049805
                ],
                [
                    0.0,
                    0.0,
                    0.0,
                    1.0
                ]
            ]
        },
        {
            "file_path": "/data/shapenet_blender/all_50_random/02958343/bebfba98a5e97c6180360680c1602c7d/r_40",
            "rotation": 0.12566370614359174,
            "transform_matrix": [
                [
                    -0.5996067523956299,
                    -0.634360134601593,
                    0.4879128038883209,
                    1.9668394327163696
                ],
                [
                    0.800294816493988,
                    -0.475283145904541,
                    0.3655600845813751,
                    1.473619818687439
                ],
                [
                    -2.9802322387695312e-08,
                    0.6096662878990173,
                    0.7926581501960754,
                    3.1953072547912598
                ],
                [
                    0.0,
                    0.0,
                    0.0,
                    1.0
                ]
            ]
        },
        {
            "file_path": "/data/shapenet_blender/all_50_random/02958343/bebfba98a5e97c6180360680c1602c7d/r_41",
            "rotation": 0.12566370614359174,
            "transform_matrix": [
                [
                    -0.6171960234642029,
                    0.7718428373336792,
                    -0.1527339667081833,
                    -0.6156903505325317
                ],
                [
                    -0.7868093848228455,
                    -0.6054558157920837,
                    0.11980894953012466,
