{
    "class": "02958343",
    "model": "2830f11dbd7172222214ff09b39580e9",
    "remove_doubles": true,
    "edge_split": true,
    "denoise": true,
    "camera_angle_x": 0.6911112070083618,
    "scale_factor": 2.3295227698650804,
    "hdri_file": "/data/IndoorHDRDataset2018/AG8A0171-092ff81e06.exr",
    "center_offset": [
        0.0,
        -3.725290298461914e-09,
        7.450580596923828e-09
    ],
    "lights": [],
    "frames": [
        {
            "file_path": "/data/shapenet_blender/all_50_random/02958343/2830f11dbd7172222214ff09b39580e9/r_0",
            "rotation": 0.12566370614359174,
            "transform_matrix": [
                [
                    -0.9925739765167236,
                    -0.04494287073612213,
                    0.113035649061203,
                    0.4556612968444824
                ],
                [
                    0.12164260447025299,
                    -0.36672288179397583,
                    0.922343373298645,
                    3.718085289001465
                ],
                [
                    0.0,
                    0.9292439818382263,
                    0.36946654319763184,
                    1.4893673658370972
                ],
                [
                    0.0,
                    0.0,
                    0.0,
                    1.0
                ]
            ]
        },
        {
            "file_path": "/data/shapenet_blender/all_50_random/02958343/2830f11dbd7172222214ff09b39580e9/r_1",
            "rotation": 0.12566370614359174,
            "transform_matrix": [
                [
                    0.8358819484710693,
                    0.0020374939776957035,
                    -0.5489053726196289,
                    -2.212707996368408
                ],
                [
                    -0.548909068107605,
                    0.003102707676589489,
                    -0.8358763456344604,
                    -3.3695249557495117
                ],
                [
                    -1.164153010102531e-10,
                    0.999993085861206,
                    0.003711897414177656,
                    0.014963135123252869
                ],
                [
                    0.0,
                    0.0,
                    0.0,
                    1.0
                ]
            ]
        },
        {
            "file_path": "/data/shapenet_blender/all_50_random/02958343/2830f11dbd7172222214ff09b39580e9/r_2",
            "rotation": 0.12566370614359174,
            "transform_matrix": [
                [
                    -0.8800569772720337,
                    0.2759682536125183,
                    0.3864469528198242,
                    1.5578174591064453
                ],
                [
                    0.4748680591583252,
                    0.5114426612854004,
                    0.7161890268325806,
                    2.887050151824951
                ],
                [
                    -1.4901159417490817e-08,
                    0.8137984871864319,
                    -0.5811471343040466,
                    -2.342679023742676
                ],
                [
                    0.0,
                    0.0,
                    0.0,
                    1.0
                ]
            ]
        },
        {
            "file_path": "/data/shapenet_blender/all_50_random/02958343/2830f11dbd7172222214ff09b39580e9/r_3",
            "rotation": 0.12566370614359174,
            "transform_matrix": [
                [
                    0.6848927736282349,
                    0.272693008184433,
                    -0.6756925582885742,
                    -2.723803758621216
                ],
                [
                    -0.7286438941955566,
                    0.2563192546367645,
                    -0.6351208686828613,
                    -2.5602540969848633
                ],
                [
                    -1.4901161193847656e-08,
                    0.9273290038108826,
                    0.374247282743454,
                    1.5086390972137451
                ],
                [
                    0.0,
                    0.0,
                    0.0,
                    1.0
                ]
            ]
        },
        {
            "file_path": "/data/shapenet_blender/all_50_random/02958343/2830f11dbd7172222214ff09b39580e9/r_4",
            "rotation": 0.12566370614359174,
            "transform_matrix": [
                [
                    -0.9493961334228516,
                    -0.04650020971894264,
                    0.3106197714805603,
                    1.2521483898162842
                ],
                [
                    0.31408101320266724,
                    -0.14055964350700378,
                    0.9389334917068481,
                    3.7849619388580322
                ],
                [
                    0.0,
                    0.9889796376228333,
                    0.14805161952972412,
                    0.5968151688575745
                ],
                [
                    0.0,
                    0.0,
                    0.0,
                    1.0
                ]
            ]
        },
        {
            "file_path": "/data/shapenet_blender/all_50_random/02958343/2830f11dbd7172222214ff09b39580e9/r_5",
            "rotation": 0.12566370614359174,
            "transform_matrix": [
                [
                    0.8285065293312073,
                    0.01373873371630907,
                    -0.5598107576370239,
                    -2.256669521331787
                ],
                [
                    -0.5599793791770935,
                    0.020326873287558556,
                    -0.8282570242881775,
                    -3.3388113975524902
                ],
                [
                    0.0,
                    0.9996989369392395,
                    0.024534352123737335,
                    0.09890115261077881
                ],
                [
                    0.0,
                    0.0,
                    0.0,
                    1.0
                ]
            ]
        },
        {
            "file_path": "/data/shapenet_blender/all_50_random/02958343/2830f11dbd7172222214ff09b39580e9/r_6",
            "rotation": 0.12566370614359174,
            "transform_matrix": [
                [
                    -0.546578586101532,
                    -0.8087457418441772,
                    0.21721471846103668,
                    0.8756204843521118
                ],
                [
                    0.8374078273773193,
                    -0.527870774269104,
                    0.1417766809463501,
                    0.5715200901031494
                ],
                [
                    7.4505797087454084e-09,
                    0.25938940048217773,
                    0.9657728672027588,
                    3.8931546211242676
                ],
                [
                    0.0,
                    0.0,
                    0.0,
                    1.0
                ]
            ]
        },
        {
            "file_path": "/data/shapenet_blender/all_50_random/02958343/2830f11dbd7172222214ff09b39580e9/r_7",
            "rotation": 0.12566370614359174,
            "transform_matrix": [
                [
                    -0.9542789459228516,
                    0.002170019317418337,
                    -0.29890960454940796,
                    -1.2049431800842285
                ],
                [
                    -0.2989174723625183,
                    -0.00692767696455121,
                    0.9542538523674011,
                    3.8467202186584473
                ],
                [
                    0.0,
                    0.9999735951423645,
                    0.007259594276547432,
                    0.029264360666275024
                ],
                [
                    0.0,
                    0.0,
                    0.0,
                    1.0
                ]
            ]
        },
        {
            "file_path": "/data/shapenet_blender/all_50_random/02958343/2830f11dbd7172222214ff09b39580e9/r_8",
            "rotation": 0.12566370614359174,
            "transform_matrix": [
                [
                    0.7575019598007202,
                    0.17175020277500153,
                    -0.6298353672027588,
                    -2.538947582244873
                ],
                [
                    -0.6528328657150269,
                    0.1992870271205902,
                    -0.7308173179626465,
                    -2.946018934249878
                ],
                [
                    0.0,
                    0.9647727608680725,
                    0.2630845308303833,
                    1.0605276823043823
                ],
                [
                    0.0,
                    0.0,
                    0.0,
                    1.0
                ]
            ]
        },
        {
            "file_path": "/data/shapenet_blender/all_50_random/02958343/2830f11dbd7172222214ff09b39580e9/r_9",
            "rotation": 0.12566370614359174,
            "transform_matrix": [
                [
                    0.17398259043693542,
                    0.7131568789482117,
                    0.6790708303451538,
                    2.737422227859497
                ],
                [
                    0.9847487807273865,
                    -0.12599851191043854,
                    -0.11997629702091217,
                    -0.4836399555206299
                ],
                [
                    0.0,
                    0.6895879507064819,
                    -0.7242018580436707,
                    -2.91935133934021
                ],
                [
                    0.0,
                    0.0,
                    0.0,
                    1.0
                ]
            ]
        },
        {
            "file_path": "/data/shapenet_blender/all_50_random/02958343/2830f11dbd7172222214ff09b39580e9/r_10",
            "rotation": 0.12566370614359174,
            "transform_matrix": [
                [
                    0.9674823880195618,
                    0.0005093038780614734,
                    0.25293800234794617,
                    1.0196256637573242
                ],
                [
                    0.25293850898742676,
                    -0.0019480722257867455,
                    -0.9674804210662842,
                    -3.900038242340088
                ],
                [
                    -5.820766091346741e-11,
                    0.9999979734420776,
                    -0.0020135482773184776,
                    -0.008116872981190681
                ],
                [
                    0.0,
                    0.0,
                    0.0,
                    1.0
                ]
            ]
        },
        {
            "file_path": "/data/shapenet_blender/all_50_random/02958343/2830f11dbd7172222214ff09b39580e9/r_11",
            "rotation": 0.12566370614359174,
            "transform_matrix": [
                [
                    -0.96475750207901,
                    -0.1681542992591858,
                    0.2024029642343521,
                    0.8159124255180359
                ],
                [
                    0.2631402909755707,
                    -0.6165080666542053,
                    0.742074728012085,
                    2.991398811340332
                ],
                [
                    7.450580152834618e-09,
                    0.7691826224327087,
                    0.6390290856361389,
                    2.5760085582733154
                ],
                [
                    0.0,
                    0.0,
                    0.0,
                    1.0
                ]
            ]
        },
        {
            "file_path": "/data/shapenet_blender/all_50_random/02958343/2830f11dbd7172222214ff09b39580e9/r_12",
            "rotation": 0.12566370614359174,
            "transform_matrix": [
                [
                    -0.9845196008682251,
                    0.10245117545127869,
                    -0.14221443235874176,
                    -0.5732847452163696
                ],
                [
                    -0.17527462542057037,
                    -0.575469434261322,
                    0.7988200783729553,
                    3.220147132873535
                ],
                [
                    0.0,
                    0.8113807439804077,
                    0.5845179557800293,
                    2.3562674522399902
                ],
                [
                    0.0,
                    0.0,
                    0.0,
                    1.0
                ]
            ]
        },
        {
            "file_path": "/data/shapenet_blender/all_50_random/02958343/2830f11dbd7172222214ff09b39580e9/r_13",
            "rotation": 0.12566370614359174,
            "transform_matrix": [
                [
                    -0.6027336716651917,
                    -0.11569645255804062,
                    0.789510190486908,
                    3.182617664337158
                ],
                [
                    0.7979425191879272,
                    -0.08739244937896729,
                    0.5963642597198486,
                    2.4040215015411377
                ],
                [
                    0.0,
                    0.9894325137138367,
                    0.14499346911907196,
                    0.5844874382019043
                ],
                [
                    0.0,
                    0.0,
                    0.0,
                    1.0
                ]
            ]
        },
        {
            "file_path": "/data/shapenet_blender/all_50_random/02958343/2830f11dbd7172222214ff09b39580e9/r_14",
            "rotation": 0.12566370614359174,
            "transform_matrix": [
                [
                    -0.9616785645484924,
                    -0.11507055908441544,
                    0.2488638460636139,
                    1.003202199935913
                ],
                [
                    0.274179607629776,
                    -0.4036072790622711,
                    0.8728840947151184,
                    3.5187082290649414
                ],
                [
                    0.0,
                    0.907667338848114,
                    0.41969045996665955,
                    1.6918262243270874
                ],
                [
                    0.0,
                    0.0,
                    0.0,
                    1.0
                ]
            ]
        },
        {
            "file_path": "/data/shapenet_blender/all_50_random/02958343/2830f11dbd7172222214ff09b39580e9/r_15",
            "rotation": 0.12566370614359174,
            "transform_matrix": [
                [
                    0.5731348991394043,
                    0.08153197169303894,
                    -0.815394937992096,
                    -3.2869620323181152
                ],
                [
                    -0.8194610476493835,
                    0.05702384188771248,
                    -0.5702910423278809,
                    -2.298916816711426
                ],
                [
                    0.0,
                    0.9950380921363831,
                    0.09949462115764618,
                    0.40107566118240356
                ],
                [
                    0.0,
                    0.0,
                    0.0,
                    1.0
                ]
            ]
        },
        {
            "file_path": "/data/shapenet_blender/all_50_random/02958343/2830f11dbd7172222214ff09b39580e9/r_16",
            "rotation": 0.12566370614359174,
            "transform_matrix": [
                [
                    0.8581679463386536,
                    -0.28052255511283875,
                    0.4299473464488983,
                    1.733173131942749
                ],
                [
                    0.5133688449859619,
                    0.46893274784088135,
                    -0.7187171578407288,
                    -2.8972415924072266
                ],
                [
                    -1.4901160305669237e-08,
                    0.8375016450881958,
                    0.5464347004890442,
                    2.2027487754821777
                ],
                [
                    0.0,
                    0.0,
                    0.0,
                    1.0
                ]
            ]
        },
        {
            "file_path": "/data/shapenet_blender/all_50_random/02958343/2830f11dbd7172222214ff09b39580e9/r_17",
            "rotation": 0.12566370614359174,
            "transform_matrix": [
                [
                    -0.663970410823822,
                    0.31073570251464844,
                    -0.6801371574401855,
                    -2.741720676422119
                ],
                [
                    -0.7477588653564453,
                    -0.2759169340133667,
                    0.603925883769989,
                    2.4345030784606934
                ],
                [
                    -2.980232594040899e-08,
                    0.9095674157142639,
                    0.4155561327934265,
                    1.6751604080200195
                ],
                [
                    0.0,
                    0.0,
                    0.0,
                    1.0
                ]
            ]
        },
        {
            "file_path": "/data/shapenet_blender/all_50_random/02958343/2830f11dbd7172222214ff09b39580e9/r_18",
            "rotation": 0.12566370614359174,
            "transform_matrix": [
                [
                    0.5427405834197998,
                    0.12348389625549316,
                    -0.8307734131813049,
                    -3.348954677581787
                ],
                [
                    -0.8399004340171814,
                    0.07979483157396317,
                    -0.5368427038192749,
                    -2.1640820503234863
                ],
                [
                    -7.450580596923828e-09,
                    0.9891332387924194,
                    0.1470220535993576,
                    0.5926648378372192
                ],
                [
                    0.0,
                    0.0,
                    0.0,
                    1.0
                ]
            ]
        },
        {
            "file_path": "/data/shapenet_blender/all_50_random/02958343/2830f11dbd7172222214ff09b39580e9/r_19",
            "rotation": 0.12566370614359174,
            "transform_matrix": [
                [
                    0.8036225438117981,
                    0.06610113382339478,
                    0.5914570689201355,
                    2.384239673614502
                ],
                [
                    0.5951393246650696,
                    -0.08925701677799225,
                    -0.798650324344635,
                    -3.2194623947143555
                ],
                [
                    0.0,
                    0.9938127994537354,
                    -0.11106833070516586,
                    -0.44773074984550476
                ],
                [
                    0.0,
                    0.0,
                    0.0,
                    1.0
                ]
            ]
        },
        {
            "file_path": "/data/shapenet_blender/all_50_random/02958343/2830f11dbd7172222214ff09b39580e9/r_20",
            "rotation": 0.12566370614359174,
            "transform_matrix": [
                [
                    0.9883469939231873,
                    -0.10824117809534073,
                    0.10702350735664368,
                    0.4314256012439728
                ],
                [
                    0.1522175520658493,
                    0.7028087973594666,
                    -0.6949024796485901,
                    -2.801241636276245
                ],
                [
                    0.0,
                    0.7030956745147705,
                    0.7110951542854309,
                    2.866516590118408
                ],
                [
                    0.0,
                    0.0,
                    0.0,
                    1.0
                ]
            ]
        },
        {
            "file_path": "/data/shapenet_blender/all_50_random/02958343/2830f11dbd7172222214ff09b39580e9/r_21",
            "rotation": 0.12566370614359174,
            "transform_matrix": [
                [
                    0.1798151284456253,
                    0.08283795416355133,
                    -0.9802061915397644,
                    -3.9513378143310547
                ],
                [
                    -0.9837004542350769,
                    0.015142331831157207,
                    -0.17917640507221222,
                    -0.7222832441329956
                ],
                [
                    0.0,
                    0.9964479207992554,
                    0.08421054482460022,
                    0.33946359157562256
                ],
                [
                    0.0,
                    0.0,
                    0.0,
                    1.0
                ]
            ]
        },
        {
            "file_path": "/data/shapenet_blender/all_50_random/02958343/2830f11dbd7172222214ff09b39580e9/r_22",
            "rotation": 0.12566370614359174,
            "transform_matrix": [
                [
                    -0.8594735860824585,
                    -0.33685076236724854,
                    -0.3844955563545227,
                    -1.549951195716858
                ],
                [
                    -0.5111803412437439,
                    0.5663644075393677,
                    0.6464720368385315,
                    2.6060121059417725
                ],
                [
                    0.0,
                    0.75217205286026,
                    -0.6589667201042175,
                    -2.6563796997070312
                ],
                [
                    0.0,
                    0.0,
                    0.0,
                    1.0
                ]
            ]
        },
        {
            "file_path": "/data/shapenet_blender/all_50_random/02958343/2830f11dbd7172222214ff09b39580e9/r_23",
            "rotation": 0.12566370614359174,
            "transform_matrix": [
                [
                    -0.11316047608852386,
                    0.18059903383255005,
                    -0.9770253300666809,
                    -3.9385154247283936
                ],
                [
                    -0.99357670545578,
                    -0.020568791776895523,
                    0.11127540469169617,
                    0.4485655426979065
                ],
                [
                    0.0,
                    0.9833416938781738,
                    0.1817665547132492,
                    0.7327244877815247
                ],
                [
                    0.0,
                    0.0,
                    0.0,
                    1.0
                ]
            ]
        },
        {
            "file_path": "/data/shapenet_blender/all_50_random/02958343/2830f11dbd7172222214ff09b39580e9/r_24",
            "rotation": 0.12566370614359174,
            "transform_matrix": [
                [
                    -0.7115093469619751,
                    0.004528184421360493,
                    -0.70266193151474,
                    -2.8325209617614746
                ],
                [
                    -0.70267653465271,
                    -0.004585104528814554,
                    0.7114945650100708,
                    2.868126392364502
                ],
                [
                    2.3283062977608182e-10,
                    0.9999793171882629,
                    0.006444192957133055,
                    0.025977373123168945
                ],
                [
                    0.0,
                    0.0,
                    0.0,
                    1.0
                ]
            ]
        },
        {
            "file_path": "/data/shapenet_blender/all_50_random/02958343/2830f11dbd7172222214ff09b39580e9/r_25",
            "rotation": 0.12566370614359174,
            "transform_matrix": [
                [
                    0.9544258117675781,
                    0.0124831423163414,
                    0.2981870472431183,
                    1.2020305395126343
                ],
                [
                    0.29844823479652405,
                    -0.03992059826850891,
                    -0.9535905122756958,
                    -3.8440465927124023
                ],
                [
                    0.0,
                    0.9991247653961182,
                    -0.041826821863651276,
                    -0.16860932111740112
                ],
                [
                    0.0,
                    0.0,
                    0.0,
                    1.0
                ]
            ]
        },
        {
            "file_path": "/data/shapenet_blender/all_50_random/02958343/2830f11dbd7172222214ff09b39580e9/r_26",
            "rotation": 0.12566370614359174,
            "transform_matrix": [
                [
                    -0.30419233441352844,
                    0.29449576139450073,
                    0.9059465527534485,
                    3.6519875526428223
                ],
                [
                    0.9526107311248779,
                    0.09403982758522034,
                    0.28929129242897034,
                    1.166170597076416
                ],
                [
                    7.450581485102248e-09,
                    0.9510144591331482,
                    -0.3091459572315216,
                    -1.246207356452942
                ],
                [
                    0.0,
                    0.0,
                    0.0,
                    1.0
                ]
            ]
        },
        {
            "file_path": "/data/shapenet_blender/all_50_random/02958343/2830f11dbd7172222214ff09b39580e9/r_27",
            "rotation": 0.12566370614359174,
            "transform_matrix": [
                [
                    0.7231266498565674,
                    -0.03325367346405983,
                    0.6899145245552063,
                    2.7811343669891357
                ],
                [
                    0.690715491771698,
                    0.03481407091021538,
                    -0.7222880721092224,
                    -2.9116363525390625
                ],
                [
                    -1.8626449271863521e-09,
                    0.9988403916358948,
                    0.048143815249204636,
                    0.19407391548156738
                ],
                [
                    0.0,
                    0.0,
                    0.0,
                    1.0
                ]
            ]
        },
        {
            "file_path": "/data/shapenet_blender/all_50_random/02958343/2830f11dbd7172222214ff09b39580e9/r_28",
            "rotation": 0.12566370614359174,
            "transform_matrix": [
                [
                    -0.9993782639503479,
                    -0.008869374170899391,
                    0.03412548825144768,
                    0.13756424188613892
                ],
                [
                    0.03525925427675247,
                    -0.2513910233974457,
                    0.9672431945800781,
                    3.8990819454193115
                ],
                [
                    0.0,
                    0.9678449034690857,
                    0.2515474855899811,
                    1.014020323753357
                ],
                [
                    0.0,
                    0.0,
                    0.0,
                    1.0
                ]
            ]
        },
        {
            "file_path": "/data/shapenet_blender/all_50_random/02958343/2830f11dbd7172222214ff09b39580e9/r_29",
            "rotation": 0.12566370614359174,
            "transform_matrix": [
                [
                    0.36822640895843506,
                    -0.07727706432342529,
                    0.9265190362930298,
                    3.734917640686035
                ],
                [
                    0.9297362565994263,
                    0.030605947598814964,
                    -0.36695224046707153,
                    -1.479231834411621
                ],
                [
                    0.0,
                    0.9965397119522095,
                    0.08311720192432404,
                    0.3350561559200287
                ],
                [
                    0.0,
                    0.0,
                    0.0,
                    1.0
                ]
            ]
        },
        {
            "file_path": "/data/shapenet_blender/all_50_random/02958343/2830f11dbd7172222214ff09b39580e9/r_30",
            "rotation": 0.12566370614359174,
            "transform_matrix": [
                [
                    0.44536396861076355,
                    0.11997022479772568,
                    0.8872756361961365,
                    3.5767226219177246
                ],
                [
                    0.8953496813774109,
                    -0.05967546999454498,
                    -0.44134777784347534,
                    -1.7791298627853394
                ],
                [
                    0.0,
                    0.9909822940826416,
                    -0.13399258255958557,
                    -0.5401414632797241
                ],
                [
                    0.0,
                    0.0,
                    0.0,
                    1.0
                ]
            ]
        },
        {
            "file_path": "/data/shapenet_blender/all_50_random/02958343/2830f11dbd7172222214ff09b39580e9/r_31",
            "rotation": 0.12566370614359174,
            "transform_matrix": [
                [
                    -0.9684365391731262,
                    -0.04929892718791962,
                    0.24433642625808716,
                    0.9849516749382019
                ],
                [
                    0.24926026165485382,
                    -0.1915382742881775,
                    0.9493062496185303,
                    3.8267760276794434
                ],
                [
                    -3.725290076417309e-09,
                    0.9802463054656982,
                    0.19778093695640564,
                    0.797280490398407
                ],
                [
                    0.0,
                    0.0,
                    0.0,
                    1.0
                ]
            ]
        },
        {
            "file_path": "/data/shapenet_blender/all_50_random/02958343/2830f11dbd7172222214ff09b39580e9/r_32",
            "rotation": 0.12566370614359174,
            "transform_matrix": [
                [
                    -0.4194711744785309,
                    -0.8279206156730652,
                    -0.37227848172187805,
                    -1.5007027387619019
                ],
                [
                    -0.907768726348877,
                    0.3825741410255432,
                    0.17202629148960114,
                    0.69346022605896
                ],
                [
                    0.0,
                    0.4101027846336365,
                    -0.9120391607284546,
                    -3.6765477657318115
                ],
                [
                    0.0,
                    0.0,
                    0.0,
                    1.0
                ]
            ]
        },
        {
            "file_path": "/data/shapenet_blender/all_50_random/02958343/2830f11dbd7172222214ff09b39580e9/r_33",
            "rotation": 0.12566370614359174,
            "transform_matrix": [
                [
                    0.9881638288497925,
                    -0.10259433090686798,
                    0.11404705047607422,
                    0.4597383737564087
                ],
                [
                    0.15340250730514526,
                    0.6608757972717285,
                    -0.7346501350402832,
                    -2.9614694118499756
                ],
                [
                    0.0,
                    0.7434497475624084,
                    0.6687917709350586,
                    2.695985794067383
                ],
                [
                    0.0,
                    0.0,
                    0.0,
                    1.0
                ]
            ]
        },
        {
            "file_path": "/data/shapenet_blender/all_50_random/02958343/2830f11dbd7172222214ff09b39580e9/r_34",
            "rotation": 0.12566370614359174,
            "transform_matrix": [
                [
                    0.8546469807624817,
                    0.43528568744659424,
                    0.2830279469490051,
                    1.1409223079681396
                ],
                [
                    0.5192094445228577,
                    -0.716503918170929,
                    -0.46587935090065,
                    -1.87801992893219
                ],
                [
                    1.4901160305669237e-08,
                    0.5451132655143738,
                    -0.8383622765541077,
                    -3.379546880722046
                ],
                [
                    0.0,
                    0.0,
                    0.0,
                    1.0
                ]
            ]
        },
        {
            "file_path": "/data/shapenet_blender/all_50_random/02958343/2830f11dbd7172222214ff09b39580e9/r_35",
            "rotation": 0.12566370614359174,
            "transform_matrix": [
                [
                    -0.6811022162437439,
                    -0.06704208999872208,
                    -0.7291126251220703,
                    -2.9391469955444336
                ],
                [
                    -0.7321884036064148,
                    0.062364429235458374,
                    0.678240954875946,
                    2.734076738357544
                ],
                [
                    0.0,
                    0.9957992434501648,
                    -0.09156398475170135,
                    -0.3691062331199646
                ],
                [
                    0.0,
                    0.0,
                    0.0,
                    1.0
                ]
            ]
        },
        {
            "file_path": "/data/shapenet_blender/all_50_random/02958343/2830f11dbd7172222214ff09b39580e9/r_36",
            "rotation": 0.12566370614359174,
            "transform_matrix": [
                [
                    0.6438106894493103,
                    -0.6401786208152771,
                    -0.4191407263278961,
                    -1.6896103620529175
                ],
                [
                    -0.7651847004890442,
                    -0.5386331677436829,
                    -0.35265642404556274,
                    -1.4216035604476929
                ],
                [
                    0.0,
                    0.547764003276825,
                    -0.8366328477859497,
                    -3.372574806213379
                ],
                [
                    0.0,
                    0.0,
                    0.0,
                    1.0
                ]
            ]
        },
        {
            "file_path": "/data/shapenet_blender/all_50_random/02958343/2830f11dbd7172222214ff09b39580e9/r_37",
            "rotation": 0.12566370614359174,
            "transform_matrix": [
                [
                    0.9774420261383057,
                    -0.14665156602859497,
                    -0.15198823809623718,
                    -0.6126841306686401
                ],
                [
                    -0.211203932762146,
                    -0.6786966919898987,
                    -0.7033944725990295,
                    -2.8354735374450684
                ],
                [
                    -7.4505797087454084e-09,
                    0.7196276783943176,
                    -0.694360077381134,
                    -2.7990546226501465
                ],
                [
                    0.0,
                    0.0,
                    0.0,
                    1.0
                ]
            ]
        },
        {
            "file_path": "/data/shapenet_blender/all_50_random/02958343/2830f11dbd7172222214ff09b39580e9/r_38",
            "rotation": 0.12566370614359174,
            "transform_matrix": [
                [
                    0.5100770592689514,
                    -0.3245662450790405,
                    -0.7965413331985474,
                    -3.210960865020752
                ],
                [
                    -0.8601287603378296,
                    -0.19247561693191528,
                    -0.4723682105541229,
                    -1.904177188873291
                ],
                [
                    -1.4901162970204496e-08,
                    0.9260722994804382,
                    -0.37734609842300415,
                    -1.5211308002471924
                ],
                [
                    0.0,
                    0.0,
                    0.0,
                    1.0
                ]
            ]
        },
        {
            "file_path": "/data/shapenet_blender/all_50_random/02958343/2830f11dbd7172222214ff09b39580e9/r_39",
            "rotation": 0.12566370614359174,
            "transform_matrix": [
                [
                    0.4258939027786255,
                    -0.4839620292186737,
                    -0.7644574046134949,
                    -3.0816264152526855
                ],
                [
                    -0.9047731757164001,
                    -0.2278101146221161,
                    -0.3598446249961853,
                    -1.45058012008667
                ],
                [
                    1.4901161193847656e-08,
                    0.8449161052703857,
                    -0.5348987579345703,
                    -2.1562459468841553
                ],
                [
                    0.0,
                    0.0,
                    0.0,
                    1.0
                ]
            ]
        },
        {
            "file_path": "/data/shapenet_blender/all_50_random/02958343/2830f11dbd7172222214ff09b39580e9/r_40",
            "rotation": 0.12566370614359174,
            "transform_matrix": [
                [
                    0.44638246297836304,
                    -0.8776179552078247,
                    0.17472639679908752,
                    0.7043446898460388
                ],
                [
                    0.894842267036438,
                    0.43779030442237854,
                    -0.0871603861451149,
                    -0.35135477781295776
                ],
                [
                    0.0,
                    0.19525931775569916,
                    0.9807515740394592,
                    3.95353627204895
                ],
                [
                    0.0,
                    0.0,
                    0.0,
                    1.0
                ]
            ]
        },
        {
            "file_path": "/data/shapenet_blender/all_50_random/02958343/2830f11dbd7172222214ff09b39580e9/r_41",
            "rotation": 0.12566370614359174,
            "transform_matrix": [
                [
                    0.9002708196640015,
                    0.2019818127155304,
                    0.38563695549964905,
                    1.554552435874939
                ],
                [
                    0.4353303909301758,
                    -0.4177019000053406,
                    -0.7975039482116699,
                    -3.214841365814209
                ],
                [
                    0.0,
                    0.8858489990234375,
