{
    "class": "02958343",
    "model": "e5a3ffca76415acc33529abacbef3013",
    "remove_doubles": true,
    "edge_split": true,
    "denoise": true,
    "camera_angle_x": 0.6911112070083618,
    "scale_factor": 2.2419515217131885,
    "hdri_file": "/data/IndoorHDRDataset2018/9C4A1439-d66b6aa9b8.exr",
    "center_offset": [
        0.0,
        0.0,
        3.259629011154175e-09
    ],
    "lights": [],
    "frames": [
        {
            "file_path": "/data/shapenet_blender/all_50_random/02958343/e5a3ffca76415acc33529abacbef3013/r_0",
            "rotation": 0.12566370614359174,
            "transform_matrix": [
                [
                    0.6241129040718079,
                    -0.5956584215164185,
                    -0.505642294883728,
                    -2.0383095741271973
                ],
                [
                    -0.7813342809677124,
                    -0.4757990837097168,
                    -0.40389615297317505,
                    -1.628157615661621
                ],
                [
                    0.0,
                    0.6471524238586426,
                    -0.7623605132102966,
                    -3.073173761367798
                ],
                [
                    0.0,
                    0.0,
                    0.0,
                    1.0
                ]
            ]
        },
        {
            "file_path": "/data/shapenet_blender/all_50_random/02958343/e5a3ffca76415acc33529abacbef3013/r_1",
            "rotation": 0.12566370614359174,
            "transform_matrix": [
                [
                    -0.9748275876045227,
                    0.07195497304201126,
                    -0.21103008091449738,
                    -0.8506893515586853
                ],
                [
                    -0.22296009957790375,
                    -0.31460198760032654,
                    0.9226670861244202,
                    3.7193894386291504
                ],
                [
                    0.0,
                    0.9464924931526184,
                    0.3227258324623108,
                    1.3009493350982666
                ],
                [
                    0.0,
                    0.0,
                    0.0,
                    1.0
                ]
            ]
        },
        {
            "file_path": "/data/shapenet_blender/all_50_random/02958343/e5a3ffca76415acc33529abacbef3013/r_2",
            "rotation": 0.12566370614359174,
            "transform_matrix": [
                [
                    -0.5732533931732178,
                    0.18209342658519745,
                    -0.7988883256912231,
                    -3.22042179107666
                ],
                [
                    -0.8193781971931458,
                    -0.12739621102809906,
                    0.558918297290802,
                    2.2530717849731445
                ],
                [
                    0.0,
                    0.9749934673309326,
                    0.22223369777202606,
                    0.8958526849746704
                ],
                [
                    0.0,
                    0.0,
                    0.0,
                    1.0
                ]
            ]
        },
        {
            "file_path": "/data/shapenet_blender/all_50_random/02958343/e5a3ffca76415acc33529abacbef3013/r_3",
            "rotation": 0.12566370614359174,
            "transform_matrix": [
                [
                    0.2715666890144348,
                    0.8805795311927795,
                    0.3883695900440216,
                    1.565567970275879
                ],
                [
                    0.9624196290969849,
                    -0.24847380816936493,
                    -0.10958654433488846,
                    -0.44175752997398376
                ],
                [
                    0.0,
                    0.40353456139564514,
                    -0.9149643182754517,
                    -3.6883394718170166
                ],
                [
                    0.0,
                    0.0,
                    0.0,
                    1.0
                ]
            ]
        },
        {
            "file_path": "/data/shapenet_blender/all_50_random/02958343/e5a3ffca76415acc33529abacbef3013/r_4",
            "rotation": 0.12566370614359174,
            "transform_matrix": [
                [
                    -0.41009342670440674,
                    -0.48389843106269836,
                    -0.7730883359909058,
                    -3.1164190769195557
                ],
                [
                    -0.912043571472168,
                    0.21758122742176056,
                    0.34761327505111694,
                    1.4012740850448608
                ],
                [
                    0.0,
                    0.8476442098617554,
                    -0.5305649638175964,
                    -2.1387760639190674
                ],
                [
                    0.0,
                    0.0,
                    0.0,
                    1.0
                ]
            ]
        },
        {
            "file_path": "/data/shapenet_blender/all_50_random/02958343/e5a3ffca76415acc33529abacbef3013/r_5",
            "rotation": 0.12566370614359174,
            "transform_matrix": [
                [
                    -0.9511233568191528,
                    -0.15352891385555267,
                    -0.2679426074028015,
                    -1.0801112651824951
                ],
                [
                    -0.3088112473487854,
                    0.4728614389896393,
                    0.825249969959259,
                    3.3266892433166504
                ],
                [
                    0.0,
                    0.867658257484436,
                    -0.49716097116470337,
                    -2.004120111465454
                ],
                [
                    0.0,
                    0.0,
                    0.0,
                    1.0
                ]
            ]
        },
        {
            "file_path": "/data/shapenet_blender/all_50_random/02958343/e5a3ffca76415acc33529abacbef3013/r_6",
            "rotation": 0.12566370614359174,
            "transform_matrix": [
                [
                    0.5159520506858826,
                    0.5599923133850098,
                    -0.6482298970222473,
                    -2.613098382949829
                ],
                [
                    -0.8566175699234009,
                    0.33729079365730286,
                    -0.39043742418289185,
                    -1.5739035606384277
                ],
                [
                    1.4901162970204496e-08,
                    0.7567319869995117,
                    0.6537251472473145,
                    2.6352503299713135
                ],
                [
                    0.0,
                    0.0,
                    0.0,
                    1.0
                ]
            ]
        },
        {
            "file_path": "/data/shapenet_blender/all_50_random/02958343/e5a3ffca76415acc33529abacbef3013/r_7",
            "rotation": 0.12566370614359174,
            "transform_matrix": [
                [
                    -0.09252307564020157,
                    0.39229604601860046,
                    0.9151738286018372,
                    3.6891839504241943
                ],
                [
                    0.995710551738739,
                    0.036452796310186386,
                    0.08503946661949158,
                    0.34280508756637573
                ],
                [
                    3.725290298461914e-09,
                    0.9191163778305054,
                    -0.3939860165119171,
                    -1.588208556175232
                ],
                [
                    0.0,
                    0.0,
                    0.0,
                    1.0
                ]
            ]
        },
        {
            "file_path": "/data/shapenet_blender/all_50_random/02958343/e5a3ffca76415acc33529abacbef3013/r_8",
            "rotation": 0.12566370614359174,
            "transform_matrix": [
                [
                    -0.9857819080352783,
                    -0.04318510368466377,
                    0.16238544881343842,
                    0.6545966863632202
                ],
                [
                    0.16802971065044403,
                    -0.253354549407959,
                    0.9526686072349548,
                    3.840329885482788
                ],
                [
                    0.0,
                    0.9664089679718018,
                    0.25700876116752625,
                    1.036035418510437
                ],
                [
                    0.0,
                    0.0,
                    0.0,
                    1.0
                ]
            ]
        },
        {
            "file_path": "/data/shapenet_blender/all_50_random/02958343/e5a3ffca76415acc33529abacbef3013/r_9",
            "rotation": 0.12566370614359174,
            "transform_matrix": [
                [
                    0.9604164958000183,
                    0.15146514773368835,
                    0.23379142582416534,
                    0.9424433708190918
                ],
                [
                    0.27856796979904175,
                    -0.522205114364624,
                    -0.8060407638549805,
                    -3.2492542266845703
                ],
                [
                    -7.450580152834618e-09,
                    0.8392617106437683,
                    -0.5437277555465698,
                    -2.1918365955352783
                ],
                [
                    0.0,
                    0.0,
                    0.0,
                    1.0
                ]
            ]
        },
        {
            "file_path": "/data/shapenet_blender/all_50_random/02958343/e5a3ffca76415acc33529abacbef3013/r_10",
            "rotation": 0.12566370614359174,
            "transform_matrix": [
                [
                    0.2339361310005188,
                    -0.3775580823421478,
                    0.8959484696388245,
                    3.6116840839385986
                ],
                [
                    0.9722520112991333,
                    0.0908452495932579,
                    -0.21557652950286865,
                    -0.8690168261528015
                ],
                [
                    0.0,
                    0.9215189218521118,
                    0.3883335292339325,
                    1.5654226541519165
                ],
                [
                    0.0,
                    0.0,
                    0.0,
                    1.0
                ]
            ]
        },
        {
            "file_path": "/data/shapenet_blender/all_50_random/02958343/e5a3ffca76415acc33529abacbef3013/r_11",
            "rotation": 0.12566370614359174,
            "transform_matrix": [
                [
                    0.1781489998102188,
                    0.09224921464920044,
                    0.9796698689460754,
                    3.9491755962371826
                ],
                [
                    0.9840036034584045,
                    -0.016701266169548035,
                    -0.17736440896987915,
                    -0.714978814125061
                ],
                [
                    -1.862645371275562e-09,
                    0.9955958127975464,
                    -0.09374887496232986,
                    -0.37791380286216736
                ],
                [
                    0.0,
                    0.0,
                    0.0,
                    1.0
                ]
            ]
        },
        {
            "file_path": "/data/shapenet_blender/all_50_random/02958343/e5a3ffca76415acc33529abacbef3013/r_12",
            "rotation": 0.12566370614359174,
            "transform_matrix": [
                [
                    -0.9123358130455017,
                    0.10663308203220367,
                    -0.3953133523464203,
                    -1.5935592651367188
                ],
                [
                    -0.409442663192749,
                    -0.23760393261909485,
                    0.8808524012565613,
                    3.5508298873901367
                ],
                [
                    -7.450580596923828e-09,
                    0.9654914140701294,
                    0.26043468713760376,
                    1.0498459339141846
                ],
                [
                    0.0,
                    0.0,
                    0.0,
                    1.0
                ]
            ]
        },
        {
            "file_path": "/data/shapenet_blender/all_50_random/02958343/e5a3ffca76415acc33529abacbef3013/r_13",
            "rotation": 0.12566370614359174,
            "transform_matrix": [
                [
                    0.21094577014446259,
                    0.78837651014328,
                    0.5778964161872864,
                    2.329575300216675
                ],
                [
                    0.9774977564811707,
                    -0.1701330542564392,
                    -0.12471108883619308,
                    -0.5027264952659607
                ],
                [
                    -7.450580596923828e-09,
                    0.5911998152732849,
                    -0.8065250515937805,
                    -3.251206636428833
                ],
                [
                    0.0,
                    0.0,
                    0.0,
                    1.0
                ]
            ]
        },
        {
            "file_path": "/data/shapenet_blender/all_50_random/02958343/e5a3ffca76415acc33529abacbef3013/r_14",
            "rotation": 0.12566370614359174,
            "transform_matrix": [
                [
                    -0.9433414936065674,
                    0.2696041464805603,
                    -0.19344386458396912,
                    -0.7797971367835999
                ],
                [
                    -0.3318236768245697,
                    -0.7664576172828674,
                    0.5499415397644043,
                    2.2168853282928467
                ],
                [
                    0.0,
                    0.5829719305038452,
                    0.812492311000824,
                    3.275261163711548
                ],
                [
                    0.0,
                    0.0,
                    0.0,
                    1.0
                ]
            ]
        },
        {
            "file_path": "/data/shapenet_blender/all_50_random/02958343/e5a3ffca76415acc33529abacbef3013/r_15",
            "rotation": 0.12566370614359174,
            "transform_matrix": [
                [
                    0.4254630506038666,
                    0.24977602064609528,
                    0.8698236346244812,
                    3.506371021270752
                ],
                [
                    0.9049758315086365,
                    -0.11742906272411346,
                    -0.40893667936325073,
                    -1.6484763622283936
                ],
                [
                    -7.450580596923828e-09,
                    0.9611567854881287,
                    -0.2760029733181,
                    -1.1126035451889038
                ],
                [
                    0.0,
                    0.0,
                    0.0,
                    1.0
                ]
            ]
        },
        {
            "file_path": "/data/shapenet_blender/all_50_random/02958343/e5a3ffca76415acc33529abacbef3013/r_16",
            "rotation": 0.12566370614359174,
            "transform_matrix": [
                [
                    -0.6228389143943787,
                    0.3444727957248688,
                    0.7024314999580383,
                    2.831592082977295
                ],
                [
                    0.7823500037193298,
                    0.2742392420768738,
                    0.5592147707939148,
                    2.2542669773101807
                ],
                [
                    0.0,
                    0.8978481888771057,
                    -0.4403051733970642,
                    -1.774927020072937
                ],
                [
                    0.0,
                    0.0,
                    0.0,
                    1.0
                ]
            ]
        },
        {
            "file_path": "/data/shapenet_blender/all_50_random/02958343/e5a3ffca76415acc33529abacbef3013/r_17",
            "rotation": 0.12566370614359174,
            "transform_matrix": [
                [
                    -0.6841111183166504,
                    0.2754550576210022,
                    -0.6753640174865723,
                    -2.7224793434143066
                ],
                [
                    -0.7293778657913208,
                    -0.2583597004413605,
                    0.6334494352340698,
                    2.553516387939453
                ],
                [
                    1.4901161193847656e-08,
                    0.9259452819824219,
                    0.3776576519012451,
                    1.5223866701126099
                ],
                [
                    0.0,
                    0.0,
                    0.0,
                    1.0
                ]
            ]
        },
        {
            "file_path": "/data/shapenet_blender/all_50_random/02958343/e5a3ffca76415acc33529abacbef3013/r_18",
            "rotation": 0.12566370614359174,
            "transform_matrix": [
                [
                    -0.9896299242973328,
                    0.02246897853910923,
                    0.14187245070934296,
                    0.5719062089920044
                ],
                [
                    0.1436406970024109,
                    0.15480272471904755,
                    0.9774473309516907,
                    3.940216541290283
                ],
                [
                    0.0,
                    0.9876897931098938,
                    -0.1564248502254486,
                    -0.63056880235672
                ],
                [
                    0.0,
                    0.0,
                    0.0,
                    1.0
                ]
            ]
        },
        {
            "file_path": "/data/shapenet_blender/all_50_random/02958343/e5a3ffca76415acc33529abacbef3013/r_19",
            "rotation": 0.12566370614359174,
            "transform_matrix": [
                [
                    -0.9058989882469177,
                    -0.28200849890708923,
                    0.31594040989875793,
                    1.2735966444015503
                ],
                [
                    0.42349404096603394,
                    -0.6032463312149048,
                    0.6758303046226501,
                    2.7243592739105225
                ],
                [
                    0.0,
                    0.7460328340530396,
                    0.6659090518951416,
                    2.6843655109405518
                ],
                [
                    0.0,
                    0.0,
                    0.0,
                    1.0
                ]
            ]
        },
        {
            "file_path": "/data/shapenet_blender/all_50_random/02958343/e5a3ffca76415acc33529abacbef3013/r_20",
            "rotation": 0.12566370614359174,
            "transform_matrix": [
                [
                    -0.19811591506004333,
                    0.006331313401460648,
                    -0.9801581501960754,
                    -3.951143741607666
                ],
                [
                    -0.9801785945892334,
                    -0.0012796992668882012,
                    0.19811177253723145,
                    0.7986140847206116
                ],
                [
                    1.1641531488804091e-10,
                    0.9999791383743286,
                    0.006459346506744623,
                    0.026038456708192825
                ],
                [
                    0.0,
                    0.0,
                    0.0,
                    1.0
                ]
            ]
        },
        {
            "file_path": "/data/shapenet_blender/all_50_random/02958343/e5a3ffca76415acc33529abacbef3013/r_21",
            "rotation": 0.12566370614359174,
            "transform_matrix": [
                [
                    -0.9401998519897461,
                    0.06656547635793686,
                    -0.33405575156211853,
                    -1.3466217517852783
                ],
                [
                    -0.34062325954437256,
                    -0.18373626470565796,
                    0.9220719933509827,
                    3.7169909477233887
                ],
                [
                    3.725290076417309e-09,
                    0.9807191491127014,
                    0.19542255997657776,
                    0.7877734899520874
                ],
                [
                    0.0,
                    0.0,
                    0.0,
                    1.0
                ]
            ]
        },
        {
            "file_path": "/data/shapenet_blender/all_50_random/02958343/e5a3ffca76415acc33529abacbef3013/r_22",
            "rotation": 0.12566370614359174,
            "transform_matrix": [
                [
                    0.43735191226005554,
                    -0.2531319260597229,
                    0.86292964220047,
                    3.4785807132720947
                ],
                [
                    0.8992905020713806,
                    0.12310563772916794,
                    -0.4196685254573822,
                    -1.6917378902435303
                ],
                [
                    0.0,
                    0.9595672488212585,
                    0.2814795970916748,
                    1.1346805095672607
                ],
                [
                    0.0,
                    0.0,
                    0.0,
                    1.0
                ]
            ]
        },
        {
            "file_path": "/data/shapenet_blender/all_50_random/02958343/e5a3ffca76415acc33529abacbef3013/r_23",
            "rotation": 0.12566370614359174,
            "transform_matrix": [
                [
                    -0.4104430377483368,
                    0.8758082985877991,
                    -0.2539612352848053,
                    -1.0237505435943604
                ],
                [
                    -0.9118863344192505,
                    -0.39420419931411743,
                    0.11430878192186356,
                    0.4607934355735779
                ],
                [
                    -7.450581485102248e-09,
                    0.2785010039806366,
                    0.9604359269142151,
                    3.871641159057617
                ],
                [
                    0.0,
                    0.0,
                    0.0,
                    1.0
                ]
            ]
        },
        {
            "file_path": "/data/shapenet_blender/all_50_random/02958343/e5a3ffca76415acc33529abacbef3013/r_24",
            "rotation": 0.12566370614359174,
            "transform_matrix": [
                [
                    0.756131649017334,
                    -0.3904058337211609,
                    0.5252125859260559,
                    2.1171998977661133
                ],
                [
                    0.6544196605682373,
                    0.4510839283466339,
                    -0.6068428158760071,
                    -2.4462618827819824
                ],
                [
                    1.4901162970204496e-08,
                    0.802562415599823,
                    0.5965680480003357,
                    2.4048428535461426
                ],
                [
                    0.0,
                    0.0,
                    0.0,
                    1.0
                ]
            ]
        },
        {
            "file_path": "/data/shapenet_blender/all_50_random/02958343/e5a3ffca76415acc33529abacbef3013/r_25",
            "rotation": 0.12566370614359174,
            "transform_matrix": [
                [
                    -0.9997674226760864,
                    -0.011786997318267822,
                    0.018055036664009094,
                    0.07278218865394592
                ],
                [
                    0.02156195044517517,
                    -0.5465301275253296,
                    0.837161660194397,
                    3.374706745147705
                ],
                [
                    0.0,
                    0.8373563289642334,
                    0.5466572642326355,
                    2.203646183013916
                ],
                [
                    0.0,
                    0.0,
                    0.0,
                    1.0
                ]
            ]
        },
        {
            "file_path": "/data/shapenet_blender/all_50_random/02958343/e5a3ffca76415acc33529abacbef3013/r_26",
            "rotation": 0.12566370614359174,
            "transform_matrix": [
                [
                    0.9214423894882202,
                    -0.11741233617067337,
                    -0.3703490197658539,
                    -1.492924690246582
                ],
                [
                    -0.3885152339935303,
                    -0.2784670889377594,
                    -0.8783575892448425,
                    -3.5407726764678955
                ],
                [
                    7.450580596923828e-09,
                    0.9532421231269836,
                    -0.3022078275680542,
                    -1.2182387113571167
                ],
                [
                    0.0,
                    0.0,
                    0.0,
                    1.0
                ]
            ]
        },
        {
            "file_path": "/data/shapenet_blender/all_50_random/02958343/e5a3ffca76415acc33529abacbef3013/r_27",
            "rotation": 0.12566370614359174,
            "transform_matrix": [
                [
                    -0.19312690198421478,
                    -0.5642496943473816,
                    -0.8026980757713318,
                    -3.2357795238494873
                ],
                [
                    -0.9811737537384033,
                    0.11106269061565399,
                    0.15799708664417267,
                    0.636906623840332
                ],
                [
                    0.0,
                    0.8180997371673584,
                    -0.5750762224197388,
                    -2.318206310272217
                ],
                [
                    0.0,
                    0.0,
                    0.0,
                    1.0
                ]
            ]
        },
        {
            "file_path": "/data/shapenet_blender/all_50_random/02958343/e5a3ffca76415acc33529abacbef3013/r_28",
            "rotation": 0.12566370614359174,
            "transform_matrix": [
                [
                    -0.6308733820915222,
                    -0.6517680883407593,
                    -0.42094793915748596,
                    -1.6968955993652344
                ],
                [
                    -0.7758859395980835,
                    0.5299530625343323,
                    0.3422730565071106,
                    1.379746913909912
                ],
                [
                    -1.4901162970204496e-08,
                    0.5425385236740112,
                    -0.84003084897995,
                    -3.38627290725708
                ],
                [
                    0.0,
                    0.0,
                    0.0,
                    1.0
                ]
            ]
        },
        {
            "file_path": "/data/shapenet_blender/all_50_random/02958343/e5a3ffca76415acc33529abacbef3013/r_29",
            "rotation": 0.12566370614359174,
            "transform_matrix": [
                [
                    -0.07705190032720566,
                    -0.2775244414806366,
                    -0.9576236605644226,
                    -3.860304594039917
                ],
                [
                    -0.9970271587371826,
                    0.021447546780109406,
                    0.07400673627853394,
                    0.29833072423934937
                ],
                [
                    0.0,
                    0.9604790806770325,
                    -0.27835193276405334,
                    -1.122072696685791
                ],
                [
                    0.0,
                    0.0,
                    0.0,
                    1.0
                ]
            ]
        },
        {
            "file_path": "/data/shapenet_blender/all_50_random/02958343/e5a3ffca76415acc33529abacbef3013/r_30",
            "rotation": 0.12566370614359174,
            "transform_matrix": [
                [
                    0.5321331024169922,
                    -0.23416489362716675,
                    -0.81363445520401,
                    -3.2798655033111572
                ],
                [
                    -0.8466605544090271,
                    -0.14717458188533783,
                    -0.5113759636878967,
                    -2.061422348022461
                ],
                [
                    -1.4901158529312397e-08,
                    0.9609925150871277,
                    -0.27657464146614075,
                    -1.1149080991744995
                ],
                [
                    0.0,
                    0.0,
                    0.0,
                    1.0
                ]
            ]
        },
        {
            "file_path": "/data/shapenet_blender/all_50_random/02958343/e5a3ffca76415acc33529abacbef3013/r_31",
            "rotation": 0.12566370614359174,
            "transform_matrix": [
                [
                    0.844565749168396,
                    0.17896470427513123,
                    0.5046586990356445,
                    2.034344434738159
                ],
                [
                    0.5354520082473755,
                    -0.2822801172733307,
                    -0.7959955334663391,
                    -3.208761215209961
                ],
                [
                    0.0,
                    0.9424911141395569,
                    -0.33423104882240295,
                    -1.347328543663025
                ],
                [
                    0.0,
                    0.0,
                    0.0,
                    1.0
                ]
            ]
        },
        {
            "file_path": "/data/shapenet_blender/all_50_random/02958343/e5a3ffca76415acc33529abacbef3013/r_32",
            "rotation": 0.12566370614359174,
            "transform_matrix": [
                [
                    -0.05051124095916748,
                    0.5657004117965698,
                    0.8230622410774231,
                    3.3178703784942627
                ],
                [
                    0.9987234473228455,
                    0.028610751032829285,
                    0.041627030819654465,
                    0.16780394315719604
                ],
                [
                    1.862645149230957e-09,
                    0.824114203453064,
                    -0.5664234161376953,
                    -2.2833261489868164
                ],
                [
                    0.0,
                    0.0,
                    0.0,
                    1.0
                ]
            ]
        },
        {
            "file_path": "/data/shapenet_blender/all_50_random/02958343/e5a3ffca76415acc33529abacbef3013/r_33",
            "rotation": 0.12566370614359174,
            "transform_matrix": [
                [
                    -0.9525266289710999,
                    -0.17635883390903473,
                    0.24817456305027008,
                    1.0004236698150635
                ],
                [
                    0.30445536971092224,
                    -0.5517606139183044,
                    0.7764450907707214,
                    3.1299502849578857
                ],
                [
                    0.0,
                    0.8151426315307617,
                    0.5792601704597473,
                    2.3350725173950195
                ],
                [
                    0.0,
                    0.0,
                    0.0,
                    1.0
                ]
            ]
        },
        {
            "file_path": "/data/shapenet_blender/all_50_random/02958343/e5a3ffca76415acc33529abacbef3013/r_34",
            "rotation": 0.12566370614359174,
            "transform_matrix": [
                [
                    -0.9799898862838745,
                    -0.0664372369647026,
                    0.1876324564218521,
                    0.7563706636428833
                ],
                [
                    0.19904737174510956,
                    -0.327097088098526,
                    0.9237897396087646,
                    3.7239158153533936
                ],
                [
                    -7.450580596923828e-09,
                    0.9426524043083191,
                    0.33377596735954285,
                    1.345494031906128
                ],
                [
                    0.0,
                    0.0,
                    0.0,
                    1.0
                ]
            ]
        },
        {
            "file_path": "/data/shapenet_blender/all_50_random/02958343/e5a3ffca76415acc33529abacbef3013/r_35",
            "rotation": 0.12566370614359174,
            "transform_matrix": [
                [
                    -0.8600075840950012,
                    -0.4666748642921448,
                    -0.2064017504453659,
                    -0.8320320844650269
                ],
                [
                    -0.5102814435958862,
                    0.7865148186683655,
                    0.347861111164093,
                    1.4022729396820068
                ],
                [
                    0.0,
                    0.40448611974716187,
                    -0.9145441055297852,
                    -3.686645269393921
                ],
                [
                    0.0,
                    0.0,
                    0.0,
                    1.0
                ]
            ]
        },
        {
            "file_path": "/data/shapenet_blender/all_50_random/02958343/e5a3ffca76415acc33529abacbef3013/r_36",
            "rotation": 0.12566370614359174,
            "transform_matrix": [
                [
                    -0.27289456129074097,
                    0.31713932752609253,
                    0.9082682132720947,
                    3.661346435546875
                ],
                [
                    0.9620438814163208,
                    0.08996013551950455,
                    0.2576404809951782,
                    1.0385820865631104
                ],
                [
                    0.0,
                    0.9441025257110596,
                    -0.3296516239643097,
                    -1.3288682699203491
                ],
                [
                    0.0,
                    0.0,
                    0.0,
                    1.0
                ]
            ]
        },
        {
            "file_path": "/data/shapenet_blender/all_50_random/02958343/e5a3ffca76415acc33529abacbef3013/r_37",
            "rotation": 0.12566370614359174,
            "transform_matrix": [
                [
                    -0.9757700562477112,
                    0.09078574925661087,
                    0.19907468557357788,
                    0.8024957180023193
                ],
                [
                    0.21879850327968597,
                    0.40487489104270935,
                    0.8878082633018494,
                    3.578869581222534
                ],
                [
                    -7.450580596923828e-09,
                    0.909853994846344,
                    -0.4149285554885864,
                    -1.6726305484771729
                ],
                [
                    0.0,
                    0.0,
                    0.0,
                    1.0
                ]
            ]
        },
        {
            "file_path": "/data/shapenet_blender/all_50_random/02958343/e5a3ffca76415acc33529abacbef3013/r_38",
            "rotation": 0.12566370614359174,
            "transform_matrix": [
                [
                    0.7892139554023743,
                    -0.32069867849349976,
                    -0.523730456829071,
                    -2.111225128173828
                ],
                [
                    -0.6141182780265808,
                    -0.41213536262512207,
                    -0.6730549931526184,
                    -2.7131717205047607
                ],
                [
                    0.0,
                    0.8528169393539429,
                    -0.522209882736206,
                    -2.105095624923706
                ],
                [
                    0.0,
                    0.0,
                    0.0,
                    1.0
                ]
            ]
        },
        {
            "file_path": "/data/shapenet_blender/all_50_random/02958343/e5a3ffca76415acc33529abacbef3013/r_39",
            "rotation": 0.12566370614359174,
            "transform_matrix": [
                [
                    0.10354480147361755,
                    0.4936729669570923,
                    -0.8634613156318665,
                    -3.4807238578796387
                ],
                [
                    -0.9946248531341553,
                    0.05139351263642311,
                    -0.08989009261131287,
                    -0.36235854029655457
                ],
                [
                    3.725290742551124e-09,
                    0.8681275844573975,
                    0.49634096026420593,
                    2.000814437866211
                ],
                [
                    0.0,
                    0.0,
                    0.0,
                    1.0
                ]
            ]
        },
        {
            "file_path": "/data/shapenet_blender/all_50_random/02958343/e5a3ffca76415acc33529abacbef3013/r_40",
            "rotation": 0.12566370614359174,
            "transform_matrix": [
                [
                    0.5080440640449524,
                    0.41716641187667847,
                    0.753567099571228,
                    3.0377261638641357
                ],
                [
                    0.8613311052322388,
                    -0.24605976045131683,
                    -0.4444809854030609,
                    -1.7917602062225342
                ],
                [
                    0.0,
                    0.8748866319656372,
                    -0.4843275845050812,
                    -1.9523869752883911
                ],
                [
                    0.0,
                    0.0,
                    0.0,
                    1.0
                ]
            ]
        },
        {
            "file_path": "/data/shapenet_blender/all_50_random/02958343/e5a3ffca76415acc33529abacbef3013/r_41",
            "rotation": 0.12566370614359174,
            "transform_matrix": [
                [
                    0.25389406085014343,
                    -0.9311495423316956,
                    0.26172173023223877,
                    1.0550341606140137
                ],
                [
                    0.9672321081161499,
                    0.2444225698709488,
                    -0.06870078295469284,
                    -0.2769417464733124
                ],
                [
                    0.0,
                    0.2705884575843811,
