{
    "class": "02958343",
    "model": "5ea6bb423b1600141d225d751745cd28",
    "remove_doubles": true,
    "edge_split": true,
    "denoise": true,
    "camera_angle_x": 0.6911112070083618,
    "scale_factor": 2.279106148712037,
    "hdri_file": "/data/IndoorHDRDataset2018/AG8A7573-ef5c737eea.exr",
    "center_offset": [
        0.0,
        0.0,
        3.259629011154175e-09
    ],
    "lights": [],
    "frames": [
        {
            "file_path": "/data/shapenet_blender/all_50_random/02958343/5ea6bb423b1600141d225d751745cd28/r_0",
            "rotation": 0.12566370614359174,
            "transform_matrix": [
                [
                    0.5159395337104797,
                    0.2567327618598938,
                    -0.8172482848167419,
                    -3.294433116912842
                ],
                [
                    -0.8566250801086426,
                    0.15462839603424072,
                    -0.4922231435775757,
                    -1.9842149019241333
                ],
                [
                    -1.4901161193847656e-08,
                    0.9540327191352844,
                    0.29970261454582214,
                    1.2081398963928223
                ],
                [
                    0.0,
                    0.0,
                    0.0,
                    1.0
                ]
            ]
        },
        {
            "file_path": "/data/shapenet_blender/all_50_random/02958343/5ea6bb423b1600141d225d751745cd28/r_1",
            "rotation": 0.12566370614359174,
            "transform_matrix": [
                [
                    0.7987886071205139,
                    -0.017608366906642914,
                    0.6013540625572205,
                    2.424135684967041
                ],
                [
                    0.6016119122505188,
                    0.023379463702440262,
                    -0.7984463572502136,
                    -3.2186403274536133
                ],
                [
                    9.313225746154785e-10,
                    0.999571681022644,
                    0.029268644750118256,
                    0.11798568069934845
                ],
                [
                    0.0,
                    0.0,
                    0.0,
                    1.0
                ]
            ]
        },
        {
            "file_path": "/data/shapenet_blender/all_50_random/02958343/5ea6bb423b1600141d225d751745cd28/r_2",
            "rotation": 0.12566370614359174,
            "transform_matrix": [
                [
                    0.3003704845905304,
                    0.6840580701828003,
                    -0.6647120118141174,
                    -2.6795401573181152
                ],
                [
                    -0.9538225531578064,
                    0.21541833877563477,
                    -0.20932602882385254,
                    -0.8438202738761902
                ],
                [
                    0.0,
                    0.6968927383422852,
                    0.717175304889679,
                    2.891026258468628
                ],
                [
                    0.0,
                    0.0,
                    0.0,
                    1.0
                ]
            ]
        },
        {
            "file_path": "/data/shapenet_blender/all_50_random/02958343/5ea6bb423b1600141d225d751745cd28/r_3",
            "rotation": 0.12566370614359174,
            "transform_matrix": [
                [
                    0.6464569568634033,
                    0.18152867257595062,
                    0.7410402894020081,
                    2.987229108810425
                ],
                [
                    0.7629504799842834,
                    -0.15381139516830444,
                    -0.6278921961784363,
                    -2.5311145782470703
                ],
                [
                    0.0,
                    0.9712823629379272,
                    -0.2379298210144043,
                    -0.9591258764266968
                ],
                [
                    0.0,
                    0.0,
                    0.0,
                    1.0
                ]
            ]
        },
        {
            "file_path": "/data/shapenet_blender/all_50_random/02958343/5ea6bb423b1600141d225d751745cd28/r_4",
            "rotation": 0.12566370614359174,
            "transform_matrix": [
                [
                    -0.763206958770752,
                    -0.5481739640235901,
                    -0.3420827388763428,
                    -1.3789796829223633
                ],
                [
                    -0.6461542248725891,
                    0.6474772095680237,
                    0.40405192971229553,
                    1.6287853717803955
                ],
                [
                    2.980232594040899e-08,
                    0.5294132828712463,
                    -0.848363995552063,
                    -3.4198646545410156
                ],
                [
                    0.0,
                    0.0,
                    0.0,
                    1.0
                ]
            ]
        },
        {
            "file_path": "/data/shapenet_blender/all_50_random/02958343/5ea6bb423b1600141d225d751745cd28/r_5",
            "rotation": 0.12566370614359174,
            "transform_matrix": [
                [
                    0.3884298801422119,
                    -0.007119348272681236,
                    -0.921450674533844,
                    -3.714486837387085
                ],
                [
                    -0.921478271484375,
                    -0.0030010126065462828,
                    -0.3884182572364807,
                    -1.5657641887664795
                ],
                [
                    -2.3283062977608182e-10,
                    0.9999702572822571,
                    -0.007726006209850311,
                    -0.031144529581069946
                ],
                [
                    0.0,
                    0.0,
                    0.0,
                    1.0
                ]
            ]
        },
        {
            "file_path": "/data/shapenet_blender/all_50_random/02958343/5ea6bb423b1600141d225d751745cd28/r_6",
            "rotation": 0.12566370614359174,
            "transform_matrix": [
                [
                    0.9400319457054138,
                    -0.19805903732776642,
                    0.2776915431022644,
                    1.1194103956222534
                ],
                [
                    0.3410864472389221,
                    0.5458493232727051,
                    -0.7653159499168396,
                    -3.085087299346924
                ],
                [
                    0.0,
                    0.8141382336616516,
                    0.5806710720062256,
                    2.3407599925994873
                ],
                [
                    0.0,
                    0.0,
                    0.0,
                    1.0
                ]
            ]
        },
        {
            "file_path": "/data/shapenet_blender/all_50_random/02958343/5ea6bb423b1600141d225d751745cd28/r_7",
            "rotation": 0.12566370614359174,
            "transform_matrix": [
                [
                    0.8885535001754761,
                    -0.3442825376987457,
                    0.30321991443634033,
                    1.2223185300827026
                ],
                [
                    0.45877325534820557,
                    0.6668075323104858,
                    -0.587277352809906,
                    -2.3673906326293945
                ],
                [
                    1.4901164746561335e-08,
                    0.6609363555908203,
                    0.75044184923172,
                    3.02512788772583
                ],
                [
                    0.0,
                    0.0,
                    0.0,
                    1.0
                ]
            ]
        },
        {
            "file_path": "/data/shapenet_blender/all_50_random/02958343/5ea6bb423b1600141d225d751745cd28/r_8",
            "rotation": 0.12566370614359174,
            "transform_matrix": [
                [
                    -0.5652186870574951,
                    -0.06213194504380226,
                    -0.822597861289978,
                    -3.3159983158111572
                ],
                [
                    -0.8249410390853882,
                    0.04257047921419144,
                    0.56361323595047,
                    2.2719979286193848
                ],
                [
                    0.0,
                    0.9971595406532288,
                    -0.07531682401895523,
                    -0.3036118447780609
                ],
                [
                    0.0,
                    0.0,
                    0.0,
                    1.0
                ]
            ]
        },
        {
            "file_path": "/data/shapenet_blender/all_50_random/02958343/5ea6bb423b1600141d225d751745cd28/r_9",
            "rotation": 0.12566370614359174,
            "transform_matrix": [
                [
                    0.38690322637557983,
                    0.35393232107162476,
                    0.8514915108680725,
                    3.432471990585327
                ],
                [
                    0.9221203923225403,
                    -0.1485028862953186,
                    -0.35726872086524963,
                    -1.4401962757110596
                ],
                [
                    0.0,
                    0.9234060645103455,
                    -0.3838244676589966,
                    -1.547245979309082
                ],
                [
                    0.0,
                    0.0,
                    0.0,
                    1.0
                ]
            ]
        },
        {
            "file_path": "/data/shapenet_blender/all_50_random/02958343/5ea6bb423b1600141d225d751745cd28/r_10",
            "rotation": 0.12566370614359174,
            "transform_matrix": [
                [
                    -0.6347951889038086,
                    -0.6787207722663879,
                    -0.3692874610424042,
                    -1.4886451959609985
                ],
                [
                    -0.772680401802063,
                    0.5576027035713196,
                    0.30338793992996216,
                    1.2229957580566406
                ],
                [
                    0.0,
                    0.4779302179813385,
                    -0.8783977627754211,
                    -3.5409343242645264
                ],
                [
                    0.0,
                    0.0,
                    0.0,
                    1.0
                ]
            ]
        },
        {
            "file_path": "/data/shapenet_blender/all_50_random/02958343/5ea6bb423b1600141d225d751745cd28/r_11",
            "rotation": 0.12566370614359174,
            "transform_matrix": [
                [
                    0.7678189277648926,
                    0.06283657997846603,
                    0.6375778913497925,
                    2.5701589584350586
                ],
                [
                    0.6406669020652771,
                    -0.07530763745307922,
                    -0.7641168236732483,
                    -3.0802536010742188
                ],
                [
                    -3.725290298461914e-09,
                    0.9951785206794739,
                    -0.09807992726564407,
                    -0.3953728675842285
                ],
                [
                    0.0,
                    0.0,
                    0.0,
                    1.0
                ]
            ]
        },
        {
            "file_path": "/data/shapenet_blender/all_50_random/02958343/5ea6bb423b1600141d225d751745cd28/r_12",
            "rotation": 0.12566370614359174,
            "transform_matrix": [
                [
                    0.6484666466712952,
                    -0.7359537482261658,
                    0.19458423554897308,
                    0.7843942046165466
                ],
                [
                    0.7612430453300476,
                    0.6269239187240601,
                    -0.16575703024864197,
                    -0.6681880354881287
                ],
                [
                    0.0,
                    0.2556138336658478,
                    0.9667788743972778,
                    3.8972105979919434
                ],
                [
                    0.0,
                    0.0,
                    0.0,
                    1.0
                ]
            ]
        },
        {
            "file_path": "/data/shapenet_blender/all_50_random/02958343/5ea6bb423b1600141d225d751745cd28/r_13",
            "rotation": 0.12566370614359174,
            "transform_matrix": [
                [
                    -0.9502034783363342,
                    -0.10186470299959183,
                    -0.2945115268230438,
                    -1.1872140169143677
                ],
                [
                    -0.31163036823272705,
                    0.31059935688972473,
                    0.8980058431625366,
                    3.6199774742126465
                ],
                [
                    -7.450580596923828e-09,
                    0.9450670480728149,
                    -0.3268766701221466,
                    -1.317682147026062
                ],
                [
                    0.0,
                    0.0,
                    0.0,
                    1.0
                ]
            ]
        },
        {
            "file_path": "/data/shapenet_blender/all_50_random/02958343/5ea6bb423b1600141d225d751745cd28/r_14",
            "rotation": 0.12566370614359174,
            "transform_matrix": [
                [
                    -0.18414288759231567,
                    0.8624383807182312,
                    -0.47147807478904724,
                    -1.900588870048523
                ],
                [
                    -0.9828994870185852,
                    -0.16157488524913788,
                    0.08832981437444687,
                    0.356068879365921
                ],
                [
                    7.450580596923828e-09,
                    0.4796808362007141,
                    0.8774430155754089,
                    3.537086009979248
                ],
                [
                    0.0,
                    0.0,
                    0.0,
                    1.0
                ]
            ]
        },
        {
            "file_path": "/data/shapenet_blender/all_50_random/02958343/5ea6bb423b1600141d225d751745cd28/r_15",
            "rotation": 0.12566370614359174,
            "transform_matrix": [
                [
                    -0.9825599193572998,
                    -0.0057562184520065784,
                    0.18585728108882904,
                    0.7492146492004395
                ],
                [
                    0.18594639003276825,
                    -0.030416451394557953,
                    0.9820889830589294,
                    3.9589273929595947
                ],
                [
                    4.656613428188905e-10,
                    0.9995206594467163,
                    0.030956333503127098,
                    0.12478896975517273
                ],
                [
                    0.0,
                    0.0,
                    0.0,
                    1.0
                ]
            ]
        },
        {
            "file_path": "/data/shapenet_blender/all_50_random/02958343/5ea6bb423b1600141d225d751745cd28/r_16",
            "rotation": 0.12566370614359174,
            "transform_matrix": [
                [
                    -0.9004328846931458,
                    -0.13181687891483307,
                    0.4145418107509613,
                    1.6710712909698486
                ],
                [
                    0.4349949061870575,
                    -0.27285894751548767,
                    0.8580952882766724,
                    3.459092378616333
                ],
                [
                    0.0,
                    0.9529807567596436,
                    0.3030308485031128,
                    1.221556305885315
                ],
                [
                    0.0,
                    0.0,
                    0.0,
                    1.0
                ]
            ]
        },
        {
            "file_path": "/data/shapenet_blender/all_50_random/02958343/5ea6bb423b1600141d225d751745cd28/r_17",
            "rotation": 0.12566370614359174,
            "transform_matrix": [
                [
                    0.7699721455574036,
                    -0.13469599187374115,
                    -0.6236984729766846,
                    -2.5142087936401367
                ],
                [
                    -0.6380773782730103,
                    -0.162538543343544,
                    -0.752621054649353,
                    -3.033912420272827
                ],
                [
                    0.0,
                    0.9774651527404785,
                    -0.2110966444015503,
                    -0.8509577512741089
                ],
                [
                    0.0,
                    0.0,
                    0.0,
                    1.0
                ]
            ]
        },
        {
            "file_path": "/data/shapenet_blender/all_50_random/02958343/5ea6bb423b1600141d225d751745cd28/r_18",
            "rotation": 0.12566370614359174,
            "transform_matrix": [
                [
                    0.9057493805885315,
                    0.3668833374977112,
                    -0.21216663718223572,
                    -0.8552711009979248
                ],
                [
                    -0.42381376028060913,
                    0.7840811014175415,
                    -0.45342981815338135,
                    -1.8278340101242065
                ],
                [
                    0.0,
                    0.5006127953529358,
                    0.8656712174415588,
                    3.4896323680877686
                ],
                [
                    0.0,
                    0.0,
                    0.0,
                    1.0
                ]
            ]
        },
        {
            "file_path": "/data/shapenet_blender/all_50_random/02958343/5ea6bb423b1600141d225d751745cd28/r_19",
            "rotation": 0.12566370614359174,
            "transform_matrix": [
                [
                    0.7856419086456299,
                    -0.003412292106077075,
                    -0.6186719536781311,
                    -2.4939465522766113
                ],
                [
                    -0.6186814308166504,
                    -0.004333150573074818,
                    -0.7856299877166748,
                    -3.166975975036621
                ],
                [
                    2.3283061589829401e-10,
                    0.9999848008155823,
                    -0.005515426397323608,
                    -0.022233396768569946
                ],
                [
                    0.0,
                    0.0,
                    0.0,
                    1.0
                ]
            ]
        },
        {
            "file_path": "/data/shapenet_blender/all_50_random/02958343/5ea6bb423b1600141d225d751745cd28/r_20",
            "rotation": 0.12566370614359174,
            "transform_matrix": [
                [
                    0.7586356401443481,
                    0.18773630261421204,
                    -0.6238806843757629,
                    -2.5149435997009277
                ],
                [
                    -0.6515152454376221,
                    0.21860340237617493,
                    -0.7264574766159058,
                    -2.928443670272827
                ],
                [
                    0.0,
                    0.9575842022895813,
                    0.28815338015556335,
                    1.161583423614502
                ],
                [
                    0.0,
                    0.0,
                    0.0,
                    1.0
                ]
            ]
        },
        {
            "file_path": "/data/shapenet_blender/all_50_random/02958343/5ea6bb423b1600141d225d751745cd28/r_21",
            "rotation": 0.12566370614359174,
            "transform_matrix": [
                [
                    0.44396689534187317,
                    -0.4684499502182007,
                    -0.7638376951217651,
                    -3.0791282653808594
                ],
                [
                    -0.8960433006286621,
                    -0.23210515081882477,
                    -0.3784623444080353,
                    -1.5256304740905762
                ],
                [
                    0.0,
                    0.8524563312530518,
                    -0.5227984189987183,
                    -2.1074678897857666
                ],
                [
                    0.0,
                    0.0,
                    0.0,
                    1.0
                ]
            ]
        },
        {
            "file_path": "/data/shapenet_blender/all_50_random/02958343/5ea6bb423b1600141d225d751745cd28/r_22",
            "rotation": 0.12566370614359174,
            "transform_matrix": [
                [
                    -0.37170079350471497,
                    0.01515912264585495,
                    -0.9282288551330566,
                    -3.741809844970703
                ],
                [
                    -0.9283525943756104,
                    -0.006069522816687822,
                    0.37165123224258423,
                    1.4981738328933716
                ],
                [
                    4.6566125955216364e-10,
                    0.9998667240142822,
                    0.01632905751466751,
                    0.06582453101873398
                ],
                [
                    0.0,
                    0.0,
                    0.0,
                    1.0
                ]
            ]
        },
        {
            "file_path": "/data/shapenet_blender/all_50_random/02958343/5ea6bb423b1600141d225d751745cd28/r_23",
            "rotation": 0.12566370614359174,
            "transform_matrix": [
                [
                    -0.3466412425041199,
                    -0.236759215593338,
                    0.9076260328292847,
                    3.658757448196411
                ],
                [
                    0.9379978179931641,
                    -0.08749541640281677,
                    0.3354172110557556,
                    1.3521100282669067
                ],
                [
                    0.0,
                    0.9676204919815063,
                    0.2524091899394989,
                    1.0174939632415771
                ],
                [
                    0.0,
                    0.0,
                    0.0,
                    1.0
                ]
            ]
        },
        {
            "file_path": "/data/shapenet_blender/all_50_random/02958343/5ea6bb423b1600141d225d751745cd28/r_24",
            "rotation": 0.12566370614359174,
            "transform_matrix": [
                [
                    -0.015684442594647408,
                    0.1086517870426178,
                    0.9939561486244202,
                    4.006765365600586
                ],
                [
                    0.9998770356178284,
                    0.0017043520929291844,
                    0.01559156458824873,
                    0.06285160779953003
                ],
                [
                    1.1641532182693481e-10,
                    0.9940783977508545,
                    -0.10866515338420868,
                    -0.4380432367324829
                ],
                [
                    0.0,
                    0.0,
                    0.0,
                    1.0
                ]
            ]
        },
        {
            "file_path": "/data/shapenet_blender/all_50_random/02958343/5ea6bb423b1600141d225d751745cd28/r_25",
            "rotation": 0.12566370614359174,
            "transform_matrix": [
                [
                    -0.8248705267906189,
                    -0.33016258478164673,
                    0.4588913917541504,
                    1.8498504161834717
                ],
                [
                    0.5653217434883118,
                    -0.4817458391189575,
                    0.6695762276649475,
                    2.699148178100586
                ],
                [
                    0.0,
                    0.8117349147796631,
                    0.5840259790420532,
                    2.3542840480804443
                ],
                [
                    0.0,
                    0.0,
                    0.0,
                    1.0
                ]
            ]
        },
        {
            "file_path": "/data/shapenet_blender/all_50_random/02958343/5ea6bb423b1600141d225d751745cd28/r_26",
            "rotation": 0.12566370614359174,
            "transform_matrix": [
                [
                    -0.9976403117179871,
                    0.06159253418445587,
                    -0.030336232855916023,
                    -0.1222892701625824
                ],
                [
                    -0.06865805387496948,
                    -0.8949743509292603,
                    0.44080260396003723,
                    1.7769322395324707
                ],
                [
                    -1.862645149230957e-09,
                    0.4418452978134155,
                    0.8970912098884583,
                    3.61629056930542
                ],
                [
                    0.0,
                    0.0,
                    0.0,
                    1.0
                ]
            ]
        },
        {
            "file_path": "/data/shapenet_blender/all_50_random/02958343/5ea6bb423b1600141d225d751745cd28/r_27",
            "rotation": 0.12566370614359174,
            "transform_matrix": [
                [
                    0.9958536624908447,
                    -0.07242447882890701,
                    -0.05504760146141052,
                    -0.2219039797782898
                ],
                [
                    -0.09097001701593399,
                    -0.7928346395492554,
                    -0.6026090383529663,
                    -2.429194688796997
                ],
                [
                    0.0,
                    0.6051180958747864,
                    -0.7961357235908508,
                    -3.2093257904052734
                ],
                [
                    0.0,
                    0.0,
                    0.0,
                    1.0
                ]
            ]
        },
        {
            "file_path": "/data/shapenet_blender/all_50_random/02958343/5ea6bb423b1600141d225d751745cd28/r_28",
            "rotation": 0.12566370614359174,
            "transform_matrix": [
                [
                    0.9457263946533203,
                    -0.22498612105846405,
                    -0.23448430001735687,
                    -0.9452365040779114
                ],
                [
                    -0.32496410608291626,
                    -0.6547655463218689,
                    -0.6824076175689697,
                    -2.750873327255249
                ],
                [
                    0.0,
                    0.7215698957443237,
                    -0.6923414468765259,
                    -2.7909178733825684
                ],
                [
                    0.0,
                    0.0,
                    0.0,
                    1.0
                ]
            ]
        },
        {
            "file_path": "/data/shapenet_blender/all_50_random/02958343/5ea6bb423b1600141d225d751745cd28/r_29",
            "rotation": 0.12566370614359174,
            "transform_matrix": [
                [
                    -0.06952231377363205,
                    0.9228813052177429,
                    0.3787568211555481,
                    1.5268175601959229
                ],
                [
                    0.9975804686546326,
                    0.06431645900011063,
                    0.02639591693878174,
                    0.1064053475856781
                ],
                [
                    1.862645371275562e-09,
                    0.3796754777431488,
                    -0.9251196980476379,
                    -3.7292768955230713
                ],
                [
                    0.0,
                    0.0,
                    0.0,
                    1.0
                ]
            ]
        },
        {
            "file_path": "/data/shapenet_blender/all_50_random/02958343/5ea6bb423b1600141d225d751745cd28/r_30",
            "rotation": 0.12566370614359174,
            "transform_matrix": [
                [
                    -0.978775680065155,
                    -0.04808911308646202,
                    0.199212446808815,
                    0.8030510544776917
                ],
                [
                    0.2049345225095749,
                    -0.22967557609081268,
                    0.9514467716217041,
                    3.835404634475708
                ],
                [
                    3.725290298461914e-09,
                    0.9720784425735474,
                    0.23465600609779358,
                    0.9459286332130432
                ],
                [
                    0.0,
                    0.0,
                    0.0,
                    1.0
                ]
            ]
        },
        {
            "file_path": "/data/shapenet_blender/all_50_random/02958343/5ea6bb423b1600141d225d751745cd28/r_31",
            "rotation": 0.12566370614359174,
            "transform_matrix": [
                [
                    0.8743413686752319,
                    0.019260616973042488,
                    -0.48492923378944397,
                    -1.9548124074935913
                ],
                [
                    -0.4853116571903229,
                    0.03470007702708244,
                    -0.8736523389816284,
                    -3.52180552482605
                ],
                [
                    -1.862645371275562e-09,
                    0.9992121458053589,
                    0.039687104523181915,
                    0.15998384356498718
                ],
                [
                    0.0,
                    0.0,
                    0.0,
                    1.0
                ]
            ]
        },
        {
            "file_path": "/data/shapenet_blender/all_50_random/02958343/5ea6bb423b1600141d225d751745cd28/r_32",
            "rotation": 0.12566370614359174,
            "transform_matrix": [
                [
                    -0.24014019966125488,
                    0.7902647852897644,
                    0.5637502074241638,
                    2.272549867630005
                ],
                [
                    0.9707381725311279,
                    0.1954948902130127,
                    0.13945993781089783,
                    0.5621809959411621
                ],
                [
                    -7.450580152834618e-09,
                    0.5807437300682068,
                    -0.8140863180160522,
                    -3.281687021255493
                ],
                [
                    0.0,
                    0.0,
                    0.0,
                    1.0
                ]
            ]
        },
        {
            "file_path": "/data/shapenet_blender/all_50_random/02958343/5ea6bb423b1600141d225d751745cd28/r_33",
            "rotation": 0.12566370614359174,
            "transform_matrix": [
                [
                    -0.9826071858406067,
                    -0.03313114494085312,
                    0.18271701037883759,
                    0.736555814743042
                ],
                [
                    0.18569646775722504,
                    -0.17531244456768036,
                    0.966841459274292,
                    3.8974626064300537
                ],
                [
                    0.0,
                    0.9839552044868469,
                    0.17841561138629913,
                    0.7192163467407227
                ],
                [
                    0.0,
                    0.0,
                    0.0,
                    1.0
                ]
            ]
        },
        {
            "file_path": "/data/shapenet_blender/all_50_random/02958343/5ea6bb423b1600141d225d751745cd28/r_34",
            "rotation": 0.12566370614359174,
            "transform_matrix": [
                [
                    -0.9983019232749939,
                    -0.04618366062641144,
                    0.035502973943948746,
                    0.14311707019805908
                ],
                [
                    0.05825282633304596,
                    -0.7914677858352661,
                    0.6084285974502563,
                    2.4526541233062744
                ],
                [
                    0.0,
                    0.6094635725021362,
                    0.7928140163421631,
                    3.1959354877471924
                ],
                [
                    0.0,
                    0.0,
                    0.0,
                    1.0
                ]
            ]
        },
        {
            "file_path": "/data/shapenet_blender/all_50_random/02958343/5ea6bb423b1600141d225d751745cd28/r_35",
            "rotation": 0.12566370614359174,
            "transform_matrix": [
                [
                    -0.2466236799955368,
                    0.5712511539459229,
                    0.7828466296195984,
                    3.1557557582855225
                ],
                [
                    0.969111442565918,
                    0.14537446200847626,
                    0.19922219216823578,
                    0.8030903339385986
                ],
                [
                    0.0,
                    0.8077983260154724,
                    -0.5894587635993958,
                    -2.3761842250823975
                ],
                [
                    0.0,
                    0.0,
                    0.0,
                    1.0
                ]
            ]
        },
        {
            "file_path": "/data/shapenet_blender/all_50_random/02958343/5ea6bb423b1600141d225d751745cd28/r_36",
            "rotation": 0.12566370614359174,
            "transform_matrix": [
                [
                    -0.8175750970840454,
                    -0.11242775619029999,
                    0.5647398829460144,
                    2.2765393257141113
                ],
                [
                    0.5758221745491028,
                    -0.15962935984134674,
                    0.8018399477005005,
                    3.2323203086853027
                ],
                [
                    0.0,
                    0.9807539582252502,
                    0.1952473670244217,
                    0.7870672941207886
                ],
                [
                    0.0,
                    0.0,
                    0.0,
                    1.0
                ]
            ]
        },
        {
            "file_path": "/data/shapenet_blender/all_50_random/02958343/5ea6bb423b1600141d225d751745cd28/r_37",
            "rotation": 0.12566370614359174,
            "transform_matrix": [
                [
                    -0.88341224193573,
                    -0.0009445440955460072,
                    -0.46859580278396606,
                    -1.8889702558517456
                ],
                [
                    -0.46859684586524963,
                    0.0017806816613301635,
                    0.8834102749824524,
                    3.561141014099121
                ],
                [
                    -5.820766785236131e-11,
                    0.9999979138374329,
                    -0.002015685895457864,
                    -0.008125490508973598
                ],
                [
                    0.0,
                    0.0,
                    0.0,
                    1.0
                ]
            ]
        },
        {
            "file_path": "/data/shapenet_blender/all_50_random/02958343/5ea6bb423b1600141d225d751745cd28/r_38",
            "rotation": 0.12566370614359174,
            "transform_matrix": [
                [
                    0.9712244868278503,
                    0.00934296753257513,
                    -0.2379826307296753,
                    -0.9593386650085449
                ],
                [
                    -0.2381659746170044,
                    0.0380999781191349,
                    -0.9704768061637878,
                    -3.9121172428131104
                ],
                [
                    0.0,
                    0.9992300868034363,
                    0.039228811860084534,
                    0.15813639760017395
                ],
                [
                    0.0,
                    0.0,
                    0.0,
                    1.0
                ]
            ]
        },
        {
            "file_path": "/data/shapenet_blender/all_50_random/02958343/5ea6bb423b1600141d225d751745cd28/r_39",
            "rotation": 0.12566370614359174,
            "transform_matrix": [
                [
                    0.8575534820556641,
                    -0.15810655057430267,
                    -0.4894939363002777,
                    -1.9732133150100708
                ],
                [
                    -0.5143948197364807,
                    -0.263581246137619,
                    -0.8160408735275269,
                    -3.2895662784576416
                ],
                [
                    -1.4901161193847656e-08,
                    0.9515920281410217,
                    -0.3073641359806061,
                    -1.2390246391296387
                ],
                [
                    0.0,
                    0.0,
                    0.0,
                    1.0
                ]
            ]
        },
        {
            "file_path": "/data/shapenet_blender/all_50_random/02958343/5ea6bb423b1600141d225d751745cd28/r_40",
            "rotation": 0.12566370614359174,
            "transform_matrix": [
                [
                    -0.6211915612220764,
                    -0.1440194547176361,
                    0.7703112363815308,
                    3.105224132537842
                ],
                [
                    0.7836588025093079,
                    -0.11416149139404297,
                    0.6106111407279968,
                    2.4614524841308594
                ],
                [
                    -7.450580596923828e-09,
                    0.9829677939414978,
                    0.18377822637557983,
                    0.7408337593078613
                ],
                [
                    0.0,
                    0.0,
                    0.0,
                    1.0
                ]
            ]
        },
        {
            "file_path": "/data/shapenet_blender/all_50_random/02958343/5ea6bb423b1600141d225d751745cd28/r_41",
            "rotation": 0.12566370614359174,
            "transform_matrix": [
                [
                    -0.6225332021713257,
                    0.20476467907428741,
                    0.7553302049636841,
                    3.0448336601257324
                ],
                [
                    0.7825933694839478,
                    0.16288511455059052,
                    0.6008460521697998,
                    2.422088146209717
                ],
                [
