{
    "class": "02958343",
    "model": "1f8fc7a787f254e6428df271ebc70bc0",
    "remove_doubles": true,
    "edge_split": true,
    "denoise": true,
    "camera_angle_x": 0.6911112070083618,
    "scale_factor": 2.3484791983721975,
    "hdri_file": "/data/IndoorHDRDataset2018/9C4A9169-06db224630.exr",
    "center_offset": [
        0.0,
        -3.14321368932724e-09,
        -7.450580596923828e-09
    ],
    "lights": [],
    "frames": [
        {
            "file_path": "/data/shapenet_blender/all_50_random/02958343/1f8fc7a787f254e6428df271ebc70bc0/r_0",
            "rotation": 0.12566370614359174,
            "transform_matrix": [
                [
                    0.7604656219482422,
                    0.3594578206539154,
                    -0.5408162474632263,
                    -2.1800999641418457
                ],
                [
                    -0.6493782997131348,
                    0.42094922065734863,
                    -0.6333321332931519,
                    -2.5530436038970947
                ],
                [
                    -1.4901162970204496e-08,
                    0.8328216075897217,
                    0.5535414218902588,
                    2.2313969135284424
                ],
                [
                    0.0,
                    0.0,
                    0.0,
                    1.0
                ]
            ]
        },
        {
            "file_path": "/data/shapenet_blender/all_50_random/02958343/1f8fc7a787f254e6428df271ebc70bc0/r_1",
            "rotation": 0.12566370614359174,
            "transform_matrix": [
                [
                    0.681664228439331,
                    0.045131880789995193,
                    -0.7302718758583069,
                    -2.943819999694824
                ],
                [
                    -0.7316651940345764,
                    0.04204763472080231,
                    -0.6803661584854126,
                    -2.7426435947418213
                ],
                [
                    0.0,
                    0.998095691204071,
                    0.06168379262089729,
                    0.2486553192138672
                ],
                [
                    0.0,
                    0.0,
                    0.0,
                    1.0
                ]
            ]
        },
        {
            "file_path": "/data/shapenet_blender/all_50_random/02958343/1f8fc7a787f254e6428df271ebc70bc0/r_2",
            "rotation": 0.12566370614359174,
            "transform_matrix": [
                [
                    0.9756970405578613,
                    -0.033559951931238174,
                    -0.2165384143590927,
                    -0.872894287109375
                ],
                [
                    -0.21912358701229095,
                    -0.1494332253932953,
                    -0.9641859531402588,
                    -3.8867578506469727
                ],
                [
                    0.0,
                    0.9882022142410278,
                    -0.1531553417444229,
                    -0.617388904094696
                ],
                [
                    0.0,
                    0.0,
                    0.0,
                    1.0
                ]
            ]
        },
        {
            "file_path": "/data/shapenet_blender/all_50_random/02958343/1f8fc7a787f254e6428df271ebc70bc0/r_3",
            "rotation": 0.12566370614359174,
            "transform_matrix": [
                [
                    -0.492007851600647,
                    -0.4349379241466522,
                    0.7541599869728088,
                    3.04011607170105
                ],
                [
                    0.8705908060073853,
                    -0.2458019107580185,
                    0.42620787024497986,
                    1.7180988788604736
                ],
                [
                    0.0,
                    0.8662623763084412,
                    0.4995894134044647,
                    2.013909339904785
                ],
                [
                    0.0,
                    0.0,
                    0.0,
                    1.0
                ]
            ]
        },
        {
            "file_path": "/data/shapenet_blender/all_50_random/02958343/1f8fc7a787f254e6428df271ebc70bc0/r_4",
            "rotation": 0.12566370614359174,
            "transform_matrix": [
                [
                    -0.8954514861106873,
                    0.4086609482765198,
                    -0.17652980983257294,
                    -0.7116144895553589
                ],
                [
                    -0.44515904784202576,
                    -0.8220344185829163,
                    0.3550953269004822,
                    1.431435227394104
                ],
                [
                    1.4901161193847656e-08,
                    0.39655444025993347,
                    0.9180110692977905,
                    3.7006213665008545
                ],
                [
                    0.0,
                    0.0,
                    0.0,
                    1.0
                ]
            ]
        },
        {
            "file_path": "/data/shapenet_blender/all_50_random/02958343/1f8fc7a787f254e6428df271ebc70bc0/r_5",
            "rotation": 0.12566370614359174,
            "transform_matrix": [
                [
                    -0.8335449695587158,
                    0.39396679401397705,
                    -0.38728922605514526,
                    -1.5612127780914307
                ],
                [
                    -0.5524516701698303,
                    -0.5944213271141052,
                    0.5843461155891418,
                    2.355574607849121
                ],
                [
                    0.0,
                    0.7010373473167419,
                    0.7131245136260986,
                    2.874696969985962
                ],
                [
                    0.0,
                    0.0,
                    0.0,
                    1.0
                ]
            ]
        },
        {
            "file_path": "/data/shapenet_blender/all_50_random/02958343/1f8fc7a787f254e6428df271ebc70bc0/r_6",
            "rotation": 0.12566370614359174,
            "transform_matrix": [
                [
                    0.2999831736087799,
                    0.8048993945121765,
                    0.5120030045509338,
                    2.0639500617980957
                ],
                [
                    0.9539444446563721,
                    -0.25311359763145447,
                    -0.1610075980424881,
                    -0.6490423679351807
                ],
                [
                    0.0,
                    0.5367220044136047,
                    -0.8437591195106506,
                    -3.401301860809326
                ],
                [
                    0.0,
                    0.0,
                    0.0,
                    1.0
                ]
            ]
        },
        {
            "file_path": "/data/shapenet_blender/all_50_random/02958343/1f8fc7a787f254e6428df271ebc70bc0/r_7",
            "rotation": 0.12566370614359174,
            "transform_matrix": [
                [
                    -0.6210872530937195,
                    0.619316577911377,
                    0.4803099036216736,
                    1.9361913204193115
                ],
                [
                    0.7837414145469666,
                    0.4907864034175873,
                    0.3806285262107849,
                    1.53436279296875
                ],
                [
                    -1.4901161193847656e-08,
                    0.612842321395874,
                    -0.7902051210403442,
                    -3.1854190826416016
                ],
                [
                    0.0,
                    0.0,
                    0.0,
                    1.0
                ]
            ]
        },
        {
            "file_path": "/data/shapenet_blender/all_50_random/02958343/1f8fc7a787f254e6428df271ebc70bc0/r_8",
            "rotation": 0.12566370614359174,
            "transform_matrix": [
                [
                    -0.26297181844711304,
                    -0.3420468270778656,
                    0.9021362066268921,
                    3.636627435684204
                ],
                [
                    0.9648035168647766,
                    -0.09323005378246307,
                    0.24589090049266815,
                    0.9912179112434387
                ],
                [
                    7.450580152834618e-09,
                    0.9350466132164001,
                    0.3545248806476593,
                    1.4291355609893799
                ],
                [
                    0.0,
                    0.0,
                    0.0,
                    1.0
                ]
            ]
        },
        {
            "file_path": "/data/shapenet_blender/all_50_random/02958343/1f8fc7a787f254e6428df271ebc70bc0/r_9",
            "rotation": 0.12566370614359174,
            "transform_matrix": [
                [
                    -0.3664051294326782,
                    0.4462946653366089,
                    -0.8164363503456116,
                    -3.2911601066589355
                ],
                [
                    -0.9304554462432861,
                    -0.17574690282344818,
                    0.32150545716285706,
                    1.2960299253463745
                ],
                [
                    1.4901161193847656e-08,
                    0.8774587512016296,
                    0.47965189814567566,
                    1.9335386753082275
                ],
                [
                    0.0,
                    0.0,
                    0.0,
                    1.0
                ]
            ]
        },
        {
            "file_path": "/data/shapenet_blender/all_50_random/02958343/1f8fc7a787f254e6428df271ebc70bc0/r_10",
            "rotation": 0.12566370614359174,
            "transform_matrix": [
                [
                    -0.9640570282936096,
                    -0.0981086790561676,
                    0.2469186633825302,
                    0.9953609704971313
                ],
                [
                    0.26569560170173645,
                    -0.35598018765449524,
                    0.895926296710968,
                    3.6115944385528564
                ],
                [
                    7.450581485102248e-09,
                    0.9293291568756104,
                    0.3692522346973419,
                    1.488503336906433
                ],
                [
                    0.0,
                    0.0,
                    0.0,
                    1.0
                ]
            ]
        },
        {
            "file_path": "/data/shapenet_blender/all_50_random/02958343/1f8fc7a787f254e6428df271ebc70bc0/r_11",
            "rotation": 0.12566370614359174,
            "transform_matrix": [
                [
                    -0.8894903063774109,
                    -0.08837566524744034,
                    0.44832661747932434,
                    1.8072624206542969
                ],
                [
                    0.45695406198501587,
                    -0.17202886939048767,
                    0.8726963996887207,
                    3.517951726913452
                ],
                [
                    -7.450580596923828e-09,
                    0.9811195731163025,
                    0.19340164959430695,
                    0.7796269655227661
                ],
                [
                    0.0,
                    0.0,
                    0.0,
                    1.0
                ]
            ]
        },
        {
            "file_path": "/data/shapenet_blender/all_50_random/02958343/1f8fc7a787f254e6428df271ebc70bc0/r_12",
            "rotation": 0.12566370614359174,
            "transform_matrix": [
                [
                    0.951562762260437,
                    -0.1779714673757553,
                    -0.25070810317993164,
                    -1.010636806488037
                ],
                [
                    -0.30745476484298706,
                    -0.5508160591125488,
                    -0.7759336233139038,
                    -3.1278889179229736
                ],
                [
                    0.0,
                    0.8154309391975403,
                    -0.5788542032241821,
                    -2.3334362506866455
                ],
                [
                    0.0,
                    0.0,
                    0.0,
                    1.0
                ]
            ]
        },
        {
            "file_path": "/data/shapenet_blender/all_50_random/02958343/1f8fc7a787f254e6428df271ebc70bc0/r_13",
            "rotation": 0.12566370614359174,
            "transform_matrix": [
                [
                    -0.9400523900985718,
                    0.18963122367858887,
                    0.28344565629959106,
                    1.1426060199737549
                ],
                [
                    0.34102997183799744,
                    0.5227202773094177,
                    0.7813206315040588,
                    3.149604320526123
                ],
                [
                    -1.4901161193847656e-08,
                    0.8311457633972168,
                    -0.5560544729232788,
                    -2.2415273189544678
                ],
                [
                    0.0,
                    0.0,
                    0.0,
                    1.0
                ]
            ]
        },
        {
            "file_path": "/data/shapenet_blender/all_50_random/02958343/1f8fc7a787f254e6428df271ebc70bc0/r_14",
            "rotation": 0.12566370614359174,
            "transform_matrix": [
                [
                    -0.35909318923950195,
                    0.6422423124313354,
                    0.6771829724311829,
                    2.729811906814575
                ],
                [
                    0.9333017468452454,
                    0.2471064329147339,
                    0.26055005192756653,
                    1.0503108501434326
                ],
                [
                    0.0,
                    0.7255777716636658,
                    -0.6881400942802429,
                    -2.7739813327789307
                ],
                [
                    0.0,
                    0.0,
                    0.0,
                    1.0
                ]
            ]
        },
        {
            "file_path": "/data/shapenet_blender/all_50_random/02958343/1f8fc7a787f254e6428df271ebc70bc0/r_15",
            "rotation": 0.12566370614359174,
            "transform_matrix": [
                [
                    0.43149638175964355,
                    -0.15518276393413544,
                    -0.888667106628418,
                    -3.582331657409668
                ],
                [
                    -0.9021148085594177,
                    -0.07422647625207901,
                    -0.4250641465187073,
                    -1.7134883403778076
                ],
                [
                    0.0,
                    0.9850932359695435,
                    -0.17202112078666687,
                    -0.6934393048286438
                ],
                [
                    0.0,
                    0.0,
                    0.0,
                    1.0
                ]
            ]
        },
        {
            "file_path": "/data/shapenet_blender/all_50_random/02958343/1f8fc7a787f254e6428df271ebc70bc0/r_16",
            "rotation": 0.12566370614359174,
            "transform_matrix": [
                [
                    0.6306291818618774,
                    -0.07066179811954498,
                    0.7728606462478638,
                    3.1155011653900146
                ],
                [
                    0.776084303855896,
                    0.05741823464632034,
                    -0.6280096769332886,
                    -2.531588315963745
                ],
                [
                    3.725290742551124e-09,
                    0.9958463311195374,
                    0.09104911237955093,
                    0.3670307397842407
                ],
                [
                    0.0,
                    0.0,
                    0.0,
                    1.0
                ]
            ]
        },
        {
            "file_path": "/data/shapenet_blender/all_50_random/02958343/1f8fc7a787f254e6428df271ebc70bc0/r_17",
            "rotation": 0.12566370614359174,
            "transform_matrix": [
                [
                    -0.2000935673713684,
                    0.07784920930862427,
                    -0.9766790866851807,
                    -3.937119245529175
                ],
                [
                    -0.9797767996788025,
                    -0.015898646786808968,
                    0.1994609385728836,
                    0.8040527701377869
                ],
                [
                    0.0,
                    0.9968383312225342,
                    0.07945607602596283,
                    0.3202976882457733
                ],
                [
                    0.0,
                    0.0,
                    0.0,
                    1.0
                ]
            ]
        },
        {
            "file_path": "/data/shapenet_blender/all_50_random/02958343/1f8fc7a787f254e6428df271ebc70bc0/r_18",
            "rotation": 0.12566370614359174,
            "transform_matrix": [
                [
                    0.9995430111885071,
                    0.02519170753657818,
                    -0.016712196171283722,
                    -0.0673690214753151
                ],
                [
                    -0.030231108888983727,
                    0.8329232931137085,
                    -0.55256187915802,
                    -2.2274484634399414
                ],
                [
                    9.31322685637781e-10,
                    0.5528146028518677,
                    0.8333041667938232,
                    3.359156847000122
                ],
                [
                    0.0,
                    0.0,
                    0.0,
                    1.0
                ]
            ]
        },
        {
            "file_path": "/data/shapenet_blender/all_50_random/02958343/1f8fc7a787f254e6428df271ebc70bc0/r_19",
            "rotation": 0.12566370614359174,
            "transform_matrix": [
                [
                    0.10828575491905212,
                    0.46432337164878845,
                    0.8790209293365479,
                    3.5434470176696777
                ],
                [
                    0.9941198825836182,
                    -0.05057700350880623,
                    -0.09574845433235168,
                    -0.3859744071960449
                ],
                [
                    0.0,
                    0.8842203617095947,
                    -0.4670698344707489,
                    -1.8828188180923462
                ],
                [
                    0.0,
                    0.0,
                    0.0,
                    1.0
                ]
            ]
        },
        {
            "file_path": "/data/shapenet_blender/all_50_random/02958343/1f8fc7a787f254e6428df271ebc70bc0/r_20",
            "rotation": 0.12566370614359174,
            "transform_matrix": [
                [
                    0.9990525245666504,
                    -0.030997259542346,
                    -0.030548665672540665,
                    -0.12314561009407043
                ],
                [
                    -0.043520696461200714,
                    -0.7115669846534729,
                    -0.7012691497802734,
                    -2.826906442642212
                ],
                [
                    -1.862645149230957e-09,
                    0.7019341588020325,
                    -0.7122418284416199,
                    -2.871138572692871
                ],
                [
                    0.0,
                    0.0,
                    0.0,
                    1.0
                ]
            ]
        },
        {
            "file_path": "/data/shapenet_blender/all_50_random/02958343/1f8fc7a787f254e6428df271ebc70bc0/r_21",
            "rotation": 0.12566370614359174,
            "transform_matrix": [
                [
                    -0.5811596512794495,
                    0.1250745952129364,
                    -0.8041204810142517,
                    -3.241513252258301
                ],
                [
                    -0.8137895464897156,
                    -0.08932077884674072,
                    0.5742546319961548,
                    2.314894437789917
                ],
                [
                    -7.450580596923828e-09,
                    0.9881184101104736,
                    0.1536940336227417,
                    0.6195604801177979
                ],
                [
                    0.0,
                    0.0,
                    0.0,
                    1.0
                ]
            ]
        },
        {
            "file_path": "/data/shapenet_blender/all_50_random/02958343/1f8fc7a787f254e6428df271ebc70bc0/r_22",
            "rotation": 0.12566370614359174,
            "transform_matrix": [
                [
                    -0.48606082797050476,
                    -0.18609710037708282,
                    0.8538809418678284,
                    3.4421043395996094
                ],
                [
                    0.8739250898361206,
                    -0.1035037413239479,
                    0.4749126434326172,
                    1.9144341945648193
                ],
                [
                    0.0,
                    0.9770643711090088,
                    0.21294401586055756,
                    0.8584048748016357
                ],
                [
                    0.0,
                    0.0,
                    0.0,
                    1.0
                ]
            ]
        },
        {
            "file_path": "/data/shapenet_blender/all_50_random/02958343/1f8fc7a787f254e6428df271ebc70bc0/r_23",
            "rotation": 0.12566370614359174,
            "transform_matrix": [
                [
                    -0.3462652564048767,
                    0.16562272608280182,
                    0.9234011173248291,
                    3.72234845161438
                ],
                [
                    0.938136637210846,
                    0.061131175607442856,
                    0.3408263921737671,
                    1.3739149570465088
                ],
                [
                    3.725290076417309e-09,
                    0.9842925667762756,
                    -0.17654436826705933,
                    -0.7116730213165283
                ],
                [
                    0.0,
                    0.0,
                    0.0,
                    1.0
                ]
            ]
        },
        {
            "file_path": "/data/shapenet_blender/all_50_random/02958343/1f8fc7a787f254e6428df271ebc70bc0/r_24",
            "rotation": 0.12566370614359174,
            "transform_matrix": [
                [
                    -0.9984657764434814,
                    -0.035872481763362885,
                    0.04218161478638649,
                    0.17003953456878662
                ],
                [
                    0.05537259206175804,
                    -0.6468443274497986,
                    0.7606091499328613,
                    3.0661134719848633
                ],
                [
                    0.0,
                    0.7617778778076172,
                    0.6478382349014282,
                    2.6115195751190186
                ],
                [
                    0.0,
                    0.0,
                    0.0,
                    1.0
                ]
            ]
        },
        {
            "file_path": "/data/shapenet_blender/all_50_random/02958343/1f8fc7a787f254e6428df271ebc70bc0/r_25",
            "rotation": 0.12566370614359174,
            "transform_matrix": [
                [
                    0.30074426531791687,
                    0.37964263558387756,
                    -0.8748853206634521,
                    -3.526775598526001
                ],
                [
                    -0.9537047743797302,
                    0.11971770972013474,
                    -0.2758890986442566,
                    -1.1121444702148438
                ],
                [
                    0.0,
                    0.9173544049263,
                    0.39807143807411194,
                    1.6046773195266724
                ],
                [
                    0.0,
                    0.0,
                    0.0,
                    1.0
                ]
            ]
        },
        {
            "file_path": "/data/shapenet_blender/all_50_random/02958343/1f8fc7a787f254e6428df271ebc70bc0/r_26",
            "rotation": 0.12566370614359174,
            "transform_matrix": [
                [
                    0.9481842517852783,
                    -0.14935435354709625,
                    0.28042805194854736,
                    1.130441665649414
                ],
                [
                    0.3177209496498108,
                    0.44572269916534424,
                    -0.8368898630142212,
                    -3.3736109733581543
                ],
                [
                    0.0,
                    0.882623553276062,
                    0.4700802266597748,
                    1.894953966140747
                ],
                [
                    0.0,
                    0.0,
                    0.0,
                    1.0
                ]
            ]
        },
        {
            "file_path": "/data/shapenet_blender/all_50_random/02958343/1f8fc7a787f254e6428df271ebc70bc0/r_27",
            "rotation": 0.12566370614359174,
            "transform_matrix": [
                [
                    -0.7778425812721252,
                    -0.26243793964385986,
                    -0.5710405111312866,
                    -2.3019378185272217
                ],
                [
                    -0.6284592151641846,
                    0.324818879365921,
                    0.7067756056785583,
                    2.8491036891937256
                ],
                [
                    0.0,
                    0.9086357355117798,
                    -0.4175894856452942,
                    -1.6833571195602417
                ],
                [
                    0.0,
                    0.0,
                    0.0,
                    1.0
                ]
            ]
        },
        {
            "file_path": "/data/shapenet_blender/all_50_random/02958343/1f8fc7a787f254e6428df271ebc70bc0/r_28",
            "rotation": 0.12566370614359174,
            "transform_matrix": [
                [
                    -0.2268926501274109,
                    -0.6775956153869629,
                    -0.6995596885681152,
                    -2.8200154304504395
                ],
                [
                    -0.9739198088645935,
                    0.15785843133926392,
                    0.16297537088394165,
                    0.6569747924804688
                ],
                [
                    -7.450581485102248e-09,
                    0.7182930111885071,
                    -0.6957406401634216,
                    -2.8046205043792725
                ],
                [
                    0.0,
                    0.0,
                    0.0,
                    1.0
                ]
            ]
        },
        {
            "file_path": "/data/shapenet_blender/all_50_random/02958343/1f8fc7a787f254e6428df271ebc70bc0/r_29",
            "rotation": 0.12566370614359174,
            "transform_matrix": [
                [
                    0.53005450963974,
                    0.11167602241039276,
                    0.8405776619911194,
                    3.388476610183716
                ],
                [
                    0.8479636311531067,
                    -0.06980768591165543,
                    -0.525437593460083,
                    -2.1181063652038574
                ],
                [
                    0.0,
                    0.9912897348403931,
                    -0.1316990852355957,
                    -0.5308959484100342
                ],
                [
                    0.0,
                    0.0,
                    0.0,
                    1.0
                ]
            ]
        },
        {
            "file_path": "/data/shapenet_blender/all_50_random/02958343/1f8fc7a787f254e6428df271ebc70bc0/r_30",
            "rotation": 0.12566370614359174,
            "transform_matrix": [
                [
                    -0.8528245687484741,
                    0.3118586540222168,
                    0.41884899139404297,
                    1.688434362411499
                ],
                [
                    0.5221976041793823,
                    0.5093104839324951,
                    0.6840412020683289,
                    2.757458448410034
                ],
                [
                    -1.4901162970204496e-08,
                    0.8020890951156616,
                    -0.5972042679786682,
                    -2.407407760620117
                ],
                [
                    0.0,
                    0.0,
                    0.0,
                    1.0
                ]
            ]
        },
        {
            "file_path": "/data/shapenet_blender/all_50_random/02958343/1f8fc7a787f254e6428df271ebc70bc0/r_31",
            "rotation": 0.12566370614359174,
            "transform_matrix": [
                [
                    0.9997266530990601,
                    -0.010863829404115677,
                    0.020707080140709877,
                    0.08347290754318237
                ],
                [
                    0.023383887484669685,
                    0.4644591510295868,
                    -0.8852857351303101,
                    -3.5687010288238525
                ],
                [
                    0.0,
                    0.8855278491973877,
                    0.46458616852760315,
                    1.8728067874908447
                ],
                [
                    0.0,
                    0.0,
                    0.0,
                    1.0
                ]
            ]
        },
        {
            "file_path": "/data/shapenet_blender/all_50_random/02958343/1f8fc7a787f254e6428df271ebc70bc0/r_32",
            "rotation": 0.12566370614359174,
            "transform_matrix": [
                [
                    0.5259942412376404,
                    -0.3478507101535797,
                    0.7760992050170898,
                    3.1285560131073
                ],
                [
                    0.8504881262779236,
                    0.21513231098651886,
                    -0.47998756170272827,
                    -1.934891700744629
                ],
                [
                    0.0,
                    0.9125337600708008,
                    0.40900126099586487,
                    1.648736834526062
                ],
                [
                    0.0,
                    0.0,
                    0.0,
                    1.0
                ]
            ]
        },
        {
            "file_path": "/data/shapenet_blender/all_50_random/02958343/1f8fc7a787f254e6428df271ebc70bc0/r_33",
            "rotation": 0.12566370614359174,
            "transform_matrix": [
                [
                    -0.4175761938095093,
                    0.27497491240501404,
                    0.8660364151000977,
                    3.4911041259765625
                ],
                [
                    0.9086419939994812,
                    0.12636765837669373,
                    0.39799630641937256,
                    1.6043742895126343
                ],
                [
                    7.450580596923828e-09,
                    0.9531107544898987,
                    -0.30262184143066406,
                    -1.219907522201538
                ],
                [
                    0.0,
                    0.0,
                    0.0,
                    1.0
                ]
            ]
        },
        {
            "file_path": "/data/shapenet_blender/all_50_random/02958343/1f8fc7a787f254e6428df271ebc70bc0/r_34",
            "rotation": 0.12566370614359174,
            "transform_matrix": [
                [
                    -0.9600592255592346,
                    -0.1246250569820404,
                    -0.25050926208496094,
                    -1.0098352432250977
                ],
                [
                    -0.27979689836502075,
                    0.42762240767478943,
                    0.8595653772354126,
                    3.4650192260742188
                ],
                [
                    0.0,
                    0.8953255414962769,
                    -0.4454124867916107,
                    -1.7955152988433838
                ],
                [
                    0.0,
                    0.0,
                    0.0,
                    1.0
                ]
            ]
        },
        {
            "file_path": "/data/shapenet_blender/all_50_random/02958343/1f8fc7a787f254e6428df271ebc70bc0/r_35",
            "rotation": 0.12566370614359174,
            "transform_matrix": [
                [
                    0.7317988276481628,
                    -0.10527300834655762,
                    -0.6733410358428955,
                    -2.714324474334717
                ],
                [
                    -0.6815207600593567,
                    -0.11303935199975967,
                    -0.7230156660079956,
                    -2.91456937789917
                ],
                [
                    0.0,
                    0.9879978895187378,
                    -0.15446780622005463,
                    -0.6226796507835388
                ],
                [
                    0.0,
                    0.0,
                    0.0,
                    1.0
                ]
            ]
        },
        {
            "file_path": "/data/shapenet_blender/all_50_random/02958343/1f8fc7a787f254e6428df271ebc70bc0/r_36",
            "rotation": 0.12566370614359174,
            "transform_matrix": [
                [
                    -0.9973363280296326,
                    0.04511573910713196,
                    -0.05731353536248207,
                    -0.23103825747966766
                ],
                [
                    -0.07294018566608429,
                    -0.6168830394744873,
                    0.7836677432060242,
                    3.1590657234191895
                ],
                [
                    3.725290076417309e-09,
                    0.785760760307312,
                    0.6185305714607239,
                    2.4933764934539795
                ],
                [
                    0.0,
                    0.0,
                    0.0,
                    1.0
                ]
            ]
        },
        {
            "file_path": "/data/shapenet_blender/all_50_random/02958343/1f8fc7a787f254e6428df271ebc70bc0/r_37",
            "rotation": 0.12566370614359174,
            "transform_matrix": [
                [
                    -0.9251976609230042,
                    -0.23691387474536896,
                    -0.2964477241039276,
                    -1.195019006729126
                ],
                [
                    -0.3794858157634735,
                    0.5776030421257019,
                    0.722748339176178,
                    2.913491725921631
                ],
                [
                    0.0,
                    0.7811826467514038,
                    -0.6243024468421936,
                    -2.516643762588501
                ],
                [
                    0.0,
                    0.0,
                    0.0,
                    1.0
                ]
            ]
        },
        {
            "file_path": "/data/shapenet_blender/all_50_random/02958343/1f8fc7a787f254e6428df271ebc70bc0/r_38",
            "rotation": 0.12566370614359174,
            "transform_matrix": [
                [
                    -0.18927662074565887,
                    -0.5699756741523743,
                    -0.7995637655258179,
                    -3.22314453125
                ],
                [
                    -0.9819237589836121,
                    0.109869085252285,
                    0.15412472188472748,
                    0.6212966442108154
                ],
                [
                    -7.450580152834618e-09,
                    0.8142827749252319,
                    -0.5804682970046997,
                    -2.339942455291748
                ],
                [
                    0.0,
                    0.0,
                    0.0,
                    1.0
                ]
            ]
        },
        {
            "file_path": "/data/shapenet_blender/all_50_random/02958343/1f8fc7a787f254e6428df271ebc70bc0/r_39",
            "rotation": 0.12566370614359174,
            "transform_matrix": [
                [
                    0.07639750093221664,
                    -0.3395143151283264,
                    0.937493085861206,
                    3.779155731201172
                ],
                [
                    0.997077465057373,
                    0.026014074683189392,
                    -0.07183206081390381,
                    -0.2895643413066864
                ],
                [
                    -1.862645149230957e-09,
                    0.9402409791946411,
                    0.3405095040798187,
                    1.3726378679275513
                ],
                [
                    0.0,
                    0.0,
                    0.0,
                    1.0
                ]
            ]
        },
        {
            "file_path": "/data/shapenet_blender/all_50_random/02958343/1f8fc7a787f254e6428df271ebc70bc0/r_40",
            "rotation": 0.12566370614359174,
            "transform_matrix": [
                [
                    -0.9799572229385376,
                    0.0432528518140316,
                    0.19445572793483734,
                    0.7838761210441589
                ],
                [
                    0.19920802116394043,
                    0.21277226507663727,
                    0.9565793871879578,
                    3.8560948371887207
                ],
                [
                    3.725290298461914e-09,
                    0.9761439561843872,
                    -0.2171240597963333,
                    -0.8752551078796387
                ],
                [
                    0.0,
                    0.0,
                    0.0,
                    1.0
                ]
            ]
        },
        {
            "file_path": "/data/shapenet_blender/all_50_random/02958343/1f8fc7a787f254e6428df271ebc70bc0/r_41",
            "rotation": 0.12566370614359174,
            "transform_matrix": [
                [
                    -0.9872907996177673,
                    -0.029538074508309364,
                    -0.15615525841712952,
                    -0.6294819712638855
                ],
                [
                    -0.1589244157075882,
                    0.1835002452135086,
                    0.9700879454612732,
                    3.9105496406555176
                ],
                [
