{
    "class": "02958343",
    "model": "8237df29002d6cda20fc61a2a01df353",
    "remove_doubles": true,
    "edge_split": true,
    "denoise": true,
    "camera_angle_x": 0.6911112070083618,
    "scale_factor": 2.2689448778048873,
    "hdri_file": "/data/IndoorHDRDataset2018/9C4A0568-1ade0e1523.exr",
    "center_offset": [
        0.0,
        0.0,
        -1.862645149230957e-09
    ],
    "lights": [],
    "frames": [
        {
            "file_path": "/data/shapenet_blender/all_50_random/02958343/8237df29002d6cda20fc61a2a01df353/r_0",
            "rotation": 0.12566370614359174,
            "transform_matrix": [
                [
                    -0.9147502779960632,
                    0.1402875930070877,
                    0.3788817524909973,
                    1.527321219444275
                ],
                [
                    0.404019832611084,
                    0.31762826442718506,
                    0.8578346371650696,
                    3.4580421447753906
                ],
                [
                    7.450581485102248e-09,
                    0.9377801418304443,
                    -0.3472294807434082,
                    -1.3997267484664917
                ],
                [
                    0.0,
                    0.0,
                    0.0,
                    1.0
                ]
            ]
        },
        {
            "file_path": "/data/shapenet_blender/all_50_random/02958343/8237df29002d6cda20fc61a2a01df353/r_1",
            "rotation": 0.12566370614359174,
            "transform_matrix": [
                [
                    -0.8366938829421997,
                    -0.31178218126296997,
                    -0.45026132464408875,
                    -1.8150614500045776
                ],
                [
                    -0.5476709008216858,
                    0.4763193428516388,
                    0.6878781914710999,
                    2.772925615310669
                ],
                [
                    1.4901162970204496e-08,
                    0.8221383690834045,
                    -0.5692875385284424,
                    -2.2948715686798096
                ],
                [
                    0.0,
                    0.0,
                    0.0,
                    1.0
                ]
            ]
        },
        {
            "file_path": "/data/shapenet_blender/all_50_random/02958343/8237df29002d6cda20fc61a2a01df353/r_2",
            "rotation": 0.12566370614359174,
            "transform_matrix": [
                [
                    0.9902899265289307,
                    0.08690716326236725,
                    -0.10850373655557632,
                    -0.43739259243011475
                ],
                [
                    -0.13901770114898682,
                    0.6190815567970276,
                    -0.7729243636131287,
                    -3.115757942199707
                ],
                [
                    0.0,
                    0.7805032134056091,
                    0.6251517534255981,
                    2.5200674533843994
                ],
                [
                    0.0,
                    0.0,
                    0.0,
                    1.0
                ]
            ]
        },
        {
            "file_path": "/data/shapenet_blender/all_50_random/02958343/8237df29002d6cda20fc61a2a01df353/r_3",
            "rotation": 0.12566370614359174,
            "transform_matrix": [
                [
                    -0.33838170766830444,
                    -0.29082873463630676,
                    0.8949393630027771,
                    3.6076159477233887
                ],
                [
                    0.941008985042572,
                    -0.10458043217658997,
                    0.3218153119087219,
                    1.2972790002822876
                ],
                [
                    0.0,
                    0.9510424137115479,
                    0.30906054377555847,
                    1.2458629608154297
                ],
                [
                    0.0,
                    0.0,
                    0.0,
                    1.0
                ]
            ]
        },
        {
            "file_path": "/data/shapenet_blender/all_50_random/02958343/8237df29002d6cda20fc61a2a01df353/r_4",
            "rotation": 0.12566370614359174,
            "transform_matrix": [
                [
                    0.3043578267097473,
                    -0.8407710194587708,
                    -0.44773927330970764,
                    -1.8048948049545288
                ],
                [
                    -0.9525578618049622,
                    -0.26864010095596313,
                    -0.14306002855300903,
                    -0.5766934752464294
                ],
                [
                    0.0,
                    0.4700390100479126,
                    -0.8826456069946289,
                    -3.558058500289917
                ],
                [
                    0.0,
                    0.0,
                    0.0,
                    1.0
                ]
            ]
        },
        {
            "file_path": "/data/shapenet_blender/all_50_random/02958343/8237df29002d6cda20fc61a2a01df353/r_5",
            "rotation": 0.12566370614359174,
            "transform_matrix": [
                [
                    -0.5262590050697327,
                    0.0009393803775310516,
                    -0.8503237962722778,
                    -3.427764892578125
                ],
                [
                    -0.8503243327140808,
                    -0.000581375032197684,
                    0.526258647441864,
                    2.1214165687561035
                ],
                [
                    0.0,
                    0.9999993443489075,
                    0.0011047318112105131,
                    0.004453316330909729
                ],
                [
                    0.0,
                    0.0,
                    0.0,
                    1.0
                ]
            ]
        },
        {
            "file_path": "/data/shapenet_blender/all_50_random/02958343/8237df29002d6cda20fc61a2a01df353/r_6",
            "rotation": 0.12566370614359174,
            "transform_matrix": [
                [
                    -0.9524794816970825,
                    -0.21896414458751678,
                    -0.21174919605255127,
                    -0.853588342666626
                ],
                [
                    -0.30460309982299805,
                    0.6846904754638672,
                    0.6621297001838684,
                    2.669130325317383
                ],
                [
                    0.0,
                    0.6951643228530884,
                    -0.7188507318496704,
                    -2.897780179977417
                ],
                [
                    0.0,
                    0.0,
                    0.0,
                    1.0
                ]
            ]
        },
        {
            "file_path": "/data/shapenet_blender/all_50_random/02958343/8237df29002d6cda20fc61a2a01df353/r_7",
            "rotation": 0.12566370614359174,
            "transform_matrix": [
                [
                    0.1933678239583969,
                    0.7066296339035034,
                    -0.6806492805480957,
                    -2.7437849044799805
                ],
                [
                    -0.9811263084411621,
                    0.1392679363489151,
                    -0.1341475397348404,
                    -0.5407660007476807
                ],
                [
                    0.0,
                    0.6937426328659058,
                    0.7202229499816895,
                    2.9033114910125732
                ],
                [
                    0.0,
                    0.0,
                    0.0,
                    1.0
                ]
            ]
        },
        {
            "file_path": "/data/shapenet_blender/all_50_random/02958343/8237df29002d6cda20fc61a2a01df353/r_8",
            "rotation": 0.12566370614359174,
            "transform_matrix": [
                [
                    0.9649630188941956,
                    -0.09864289313554764,
                    0.24313795566558838,
                    0.9801204204559326
                ],
                [
                    0.26238614320755005,
                    0.36277350783348083,
                    -0.8941749930381775,
                    -3.60453462600708
                ],
                [
                    0.0,
                    0.9266418218612671,
                    0.375945508480072,
                    1.5154848098754883
                ],
                [
                    0.0,
                    0.0,
                    0.0,
                    1.0
                ]
            ]
        },
        {
            "file_path": "/data/shapenet_blender/all_50_random/02958343/8237df29002d6cda20fc61a2a01df353/r_9",
            "rotation": 0.12566370614359174,
            "transform_matrix": [
                [
                    -0.44825658202171326,
                    -0.8621415495872498,
                    -0.23617374897003174,
                    -0.9520468711853027
                ],
                [
                    -0.8939049243927002,
                    0.4323285222053528,
                    0.11843141913414001,
                    0.4774123430252075
                ],
                [
                    0.0,
                    0.26420465111732483,
                    -0.9644665718078613,
                    -3.8878893852233887
                ],
                [
                    0.0,
                    0.0,
                    0.0,
                    1.0
                ]
            ]
        },
        {
            "file_path": "/data/shapenet_blender/all_50_random/02958343/8237df29002d6cda20fc61a2a01df353/r_10",
            "rotation": 0.12566370614359174,
            "transform_matrix": [
                [
                    -0.6225220561027527,
                    -0.28660085797309875,
                    -0.7282350063323975,
                    -2.9356091022491455
                ],
                [
                    -0.7826023697853088,
                    0.22797705233097076,
                    0.5792754888534546,
                    2.335134267807007
                ],
                [
                    1.4901162970204496e-08,
                    0.9305300712585449,
                    -0.3662152588367462,
                    -1.4762609004974365
                ],
                [
                    0.0,
                    0.0,
                    0.0,
                    1.0
                ]
            ]
        },
        {
            "file_path": "/data/shapenet_blender/all_50_random/02958343/8237df29002d6cda20fc61a2a01df353/r_11",
            "rotation": 0.12566370614359174,
            "transform_matrix": [
                [
                    -0.28599515557289124,
                    0.756945013999939,
                    -0.5875720381736755,
                    -2.3685789108276367
                ],
                [
                    -0.9582310914993286,
                    -0.2259189933538437,
                    0.17536768317222595,
                    0.7069298028945923
                ],
                [
                    1.4901161193847656e-08,
                    0.6131840944290161,
                    0.7899399399757385,
                    3.18435001373291
                ],
                [
                    0.0,
                    0.0,
                    0.0,
                    1.0
                ]
            ]
        },
        {
            "file_path": "/data/shapenet_blender/all_50_random/02958343/8237df29002d6cda20fc61a2a01df353/r_12",
            "rotation": 0.12566370614359174,
            "transform_matrix": [
                [
                    -0.9230104088783264,
                    0.10224353522062302,
                    -0.3709419369697571,
                    -1.4953148365020752
                ],
                [
                    -0.3847748041152954,
                    -0.2452651411294937,
                    0.8898276686668396,
                    3.587010145187378
                ],
                [
                    7.450580152834618e-09,
                    0.9640493988990784,
                    0.26572301983833313,
                    1.0711637735366821
                ],
                [
                    0.0,
                    0.0,
                    0.0,
                    1.0
                ]
            ]
        },
        {
            "file_path": "/data/shapenet_blender/all_50_random/02958343/8237df29002d6cda20fc61a2a01df353/r_13",
            "rotation": 0.12566370614359174,
            "transform_matrix": [
                [
                    -0.883885383605957,
                    0.3256741762161255,
                    -0.33568280935287476,
                    -1.3531806468963623
                ],
                [
                    -0.46770352125167847,
                    -0.6154724359512329,
                    0.634387195110321,
                    2.5572965145111084
                ],
                [
                    1.4901161193847656e-08,
                    0.7177255153656006,
                    0.6963260769844055,
                    2.8069801330566406
                ],
                [
                    0.0,
                    0.0,
                    0.0,
                    1.0
                ]
            ]
        },
        {
            "file_path": "/data/shapenet_blender/all_50_random/02958343/8237df29002d6cda20fc61a2a01df353/r_14",
            "rotation": 0.12566370614359174,
            "transform_matrix": [
                [
                    -0.7039610743522644,
                    -0.3140542209148407,
                    -0.6370311975479126,
                    -2.567955255508423
                ],
                [
                    -0.7102386355400085,
                    0.311278373003006,
                    0.6314006447792053,
                    2.545257568359375
                ],
                [
                    0.0,
                    0.896925687789917,
                    -0.44218122959136963,
                    -1.7824896574020386
                ],
                [
                    0.0,
                    0.0,
                    0.0,
                    1.0
                ]
            ]
        },
        {
            "file_path": "/data/shapenet_blender/all_50_random/02958343/8237df29002d6cda20fc61a2a01df353/r_15",
            "rotation": 0.12566370614359174,
            "transform_matrix": [
                [
                    0.9948311448097229,
                    -0.10007809102535248,
                    0.017191920429468155,
                    0.06930285692214966
                ],
                [
                    0.10154404491186142,
                    0.9804692268371582,
                    -0.16842995584011078,
                    -0.6789629459381104
                ],
                [
                    0.0,
                    0.16930516064167023,
                    0.9855636358261108,
                    3.9729342460632324
                ],
                [
                    0.0,
                    0.0,
                    0.0,
                    1.0
                ]
            ]
        },
        {
            "file_path": "/data/shapenet_blender/all_50_random/02958343/8237df29002d6cda20fc61a2a01df353/r_16",
            "rotation": 0.12566370614359174,
            "transform_matrix": [
                [
                    -0.9811019897460938,
                    0.075379878282547,
                    -0.17820453643798828,
                    -0.7183653712272644
                ],
                [
                    -0.19349156320095062,
                    -0.38221484422683716,
                    0.9035888910293579,
                    3.6424829959869385
                ],
                [
                    0.0,
                    0.9209938049316406,
                    0.389577180147171,
                    1.570435643196106
                ],
                [
                    0.0,
                    0.0,
                    0.0,
                    1.0
                ]
            ]
        },
        {
            "file_path": "/data/shapenet_blender/all_50_random/02958343/8237df29002d6cda20fc61a2a01df353/r_17",
            "rotation": 0.12566370614359174,
            "transform_matrix": [
                [
                    0.3810999393463135,
                    0.0059443023055791855,
                    0.924514651298523,
                    3.7268381118774414
                ],
                [
                    0.9245338439941406,
                    -0.002450286876410246,
                    -0.38109201192855835,
                    -1.5362311601638794
                ],
                [
                    0.0,
                    0.9999793767929077,
                    -0.006429511588066816,
                    -0.02591819129884243
                ],
                [
                    0.0,
                    0.0,
                    0.0,
                    1.0
                ]
            ]
        },
        {
            "file_path": "/data/shapenet_blender/all_50_random/02958343/8237df29002d6cda20fc61a2a01df353/r_18",
            "rotation": 0.12566370614359174,
            "transform_matrix": [
                [
                    0.21580173075199127,
                    -0.36149686574935913,
                    -0.9070554375648499,
                    -3.6564574241638184
                ],
                [
                    -0.9764372110366821,
                    -0.07989417761564255,
                    -0.20046770572662354,
                    -0.8081111907958984
                ],
                [
                    0.0,
                    0.928943932056427,
                    -0.3702203035354614,
                    -1.4924057722091675
                ],
                [
                    0.0,
                    0.0,
                    0.0,
                    1.0
                ]
            ]
        },
        {
            "file_path": "/data/shapenet_blender/all_50_random/02958343/8237df29002d6cda20fc61a2a01df353/r_19",
            "rotation": 0.12566370614359174,
            "transform_matrix": [
                [
                    -0.37409424781799316,
                    0.08712656050920486,
                    0.923288881778717,
                    3.7218966484069824
                ],
                [
                    0.9273906946182251,
                    0.03514543175697327,
                    0.3724396526813507,
                    1.501352310180664
                ],
                [
                    -3.725290298461914e-09,
                    0.9955770373344421,
                    -0.09394806623458862,
                    -0.37871676683425903
                ],
                [
                    0.0,
                    0.0,
                    0.0,
                    1.0
                ]
            ]
        },
        {
            "file_path": "/data/shapenet_blender/all_50_random/02958343/8237df29002d6cda20fc61a2a01df353/r_20",
            "rotation": 0.12566370614359174,
            "transform_matrix": [
                [
                    -0.7845608592033386,
                    0.1262337863445282,
                    -0.6070661544799805,
                    -2.447161912918091
                ],
                [
                    -0.6200518608093262,
                    -0.15972548723220825,
                    0.7681298851966858,
                    3.096430540084839
                ],
                [
                    7.450580596923828e-09,
                    0.9790570139884949,
                    0.20358586311340332,
                    0.8206808567047119
                ],
                [
                    0.0,
                    0.0,
                    0.0,
                    1.0
                ]
            ]
        },
        {
            "file_path": "/data/shapenet_blender/all_50_random/02958343/8237df29002d6cda20fc61a2a01df353/r_21",
            "rotation": 0.12566370614359174,
            "transform_matrix": [
                [
                    -0.661627471446991,
                    -0.3210906982421875,
                    0.677605926990509,
                    2.7315170764923096
                ],
                [
                    0.7498326897621155,
                    -0.28331971168518066,
                    0.597896933555603,
                    2.4101998805999756
                ],
                [
                    -2.9802322387695312e-08,
                    0.9036762118339539,
                    0.4282163977622986,
                    1.7261955738067627
                ],
                [
                    0.0,
                    0.0,
                    0.0,
                    1.0
                ]
            ]
        },
        {
            "file_path": "/data/shapenet_blender/all_50_random/02958343/8237df29002d6cda20fc61a2a01df353/r_22",
            "rotation": 0.12566370614359174,
            "transform_matrix": [
                [
                    -0.9525266885757446,
                    0.06878191977739334,
                    -0.29658377170562744,
                    -1.1955674886703491
                ],
                [
                    -0.30445507168769836,
                    -0.2151930183172226,
                    0.9279002547264099,
                    3.740485906600952
                ],
                [
                    7.450580596923828e-09,
                    0.9741462469100952,
                    0.22591808438301086,
                    0.9107049703598022
                ],
                [
                    0.0,
                    0.0,
                    0.0,
                    1.0
                ]
            ]
        },
        {
            "file_path": "/data/shapenet_blender/all_50_random/02958343/8237df29002d6cda20fc61a2a01df353/r_23",
            "rotation": 0.12566370614359174,
            "transform_matrix": [
                [
                    -0.9925093650817871,
                    0.0564541257917881,
                    -0.1083420142531395,
                    -0.4367406368255615
                ],
                [
                    -0.1221681609749794,
                    -0.45864036679267883,
                    0.88018399477005,
                    3.548135280609131
                ],
                [
                    0.0,
                    0.8868268728256226,
                    0.4621017873287201,
                    1.862791895866394
                ],
                [
                    0.0,
                    0.0,
                    0.0,
                    1.0
                ]
            ]
        },
        {
            "file_path": "/data/shapenet_blender/all_50_random/02958343/8237df29002d6cda20fc61a2a01df353/r_24",
            "rotation": 0.12566370614359174,
            "transform_matrix": [
                [
                    0.20851019024848938,
                    0.016031190752983093,
                    0.977888822555542,
                    3.941995859146118
                ],
                [
                    0.978020191192627,
                    -0.0034177894704043865,
                    -0.20848219096660614,
                    -0.8404185771942139
                ],
                [
                    4.6566123179658803e-10,
                    0.999865710735321,
                    -0.016391471028327942,
                    -0.0660761296749115
                ],
                [
                    0.0,
                    0.0,
                    0.0,
                    1.0
                ]
            ]
        },
        {
            "file_path": "/data/shapenet_blender/all_50_random/02958343/8237df29002d6cda20fc61a2a01df353/r_25",
            "rotation": 0.12566370614359174,
            "transform_matrix": [
                [
                    -0.13817563652992249,
                    -0.022929472848773003,
                    0.990142285823822,
                    3.991391181945801
                ],
                [
                    0.9904077649116516,
                    -0.003198979888111353,
                    0.13813859224319458,
                    0.5568544864654541
                ],
                [
                    2.3283064365386963e-10,
                    0.9997320175170898,
                    0.023151546716690063,
                    0.0933268666267395
                ],
                [
                    0.0,
                    0.0,
                    0.0,
                    1.0
                ]
            ]
        },
        {
            "file_path": "/data/shapenet_blender/all_50_random/02958343/8237df29002d6cda20fc61a2a01df353/r_26",
            "rotation": 0.12566370614359174,
            "transform_matrix": [
                [
                    0.6769868731498718,
                    0.5749964714050293,
                    -0.4594210684299469,
                    -1.8519856929779053
                ],
                [
                    -0.7359950542449951,
                    0.5288962721824646,
                    -0.4225870966911316,
                    -1.7035032510757446
                ],
                [
                    0.0,
                    0.6242175102233887,
                    0.7812504768371582,
                    3.1493215560913086
                ],
                [
                    0.0,
                    0.0,
                    0.0,
                    1.0
                ]
            ]
        },
        {
            "file_path": "/data/shapenet_blender/all_50_random/02958343/8237df29002d6cda20fc61a2a01df353/r_27",
            "rotation": 0.12566370614359174,
            "transform_matrix": [
                [
                    -0.8172765970230103,
                    -0.04807364195585251,
                    0.5742368698120117,
                    2.3148229122161865
                ],
                [
                    0.5762456655502319,
                    -0.06818179041147232,
                    0.8144275546073914,
                    3.28306245803833
                ],
                [
                    0.0,
                    0.9965140223503113,
                    0.0834256038069725,
                    0.3362993597984314
                ],
                [
                    0.0,
                    0.0,
                    0.0,
                    1.0
                ]
            ]
        },
        {
            "file_path": "/data/shapenet_blender/all_50_random/02958343/8237df29002d6cda20fc61a2a01df353/r_28",
            "rotation": 0.12566370614359174,
            "transform_matrix": [
                [
                    0.8941161036491394,
                    0.19593682885169983,
                    -0.40269729495048523,
                    -1.6233248710632324
                ],
                [
                    -0.44783517718315125,
                    0.39119359850883484,
                    -0.8039969205856323,
                    -3.2410154342651367
                ],
                [
                    0.0,
                    0.8992085456848145,
                    0.4375198781490326,
                    1.7636991739273071
                ],
                [
                    0.0,
                    0.0,
                    0.0,
                    1.0
                ]
            ]
        },
        {
            "file_path": "/data/shapenet_blender/all_50_random/02958343/8237df29002d6cda20fc61a2a01df353/r_29",
            "rotation": 0.12566370614359174,
            "transform_matrix": [
                [
                    -0.5423393845558167,
                    -0.5458417534828186,
                    0.6386898159980774,
                    2.574641227722168
                ],
                [
                    0.84015953540802,
                    -0.35235151648521423,
                    0.41228675842285156,
                    1.661981225013733
                ],
                [
                    0.0,
                    0.7602007985115051,
                    0.649688184261322,
                    2.6189770698547363
                ],
                [
                    0.0,
                    0.0,
                    0.0,
                    1.0
                ]
            ]
        },
        {
            "file_path": "/data/shapenet_blender/all_50_random/02958343/8237df29002d6cda20fc61a2a01df353/r_30",
            "rotation": 0.12566370614359174,
            "transform_matrix": [
                [
                    0.9495295286178589,
                    0.0195766594260931,
                    0.31306636333465576,
                    1.262010931968689
                ],
                [
                    0.3136778771877289,
                    -0.05926021188497543,
                    -0.9476784467697144,
                    -3.820214033126831
                ],
                [
                    1.862645371275562e-09,
                    0.9980505704879761,
                    -0.062410078942775726,
                    -0.251583069562912
                ],
                [
                    0.0,
                    0.0,
                    0.0,
                    1.0
                ]
            ]
        },
        {
            "file_path": "/data/shapenet_blender/all_50_random/02958343/8237df29002d6cda20fc61a2a01df353/r_31",
            "rotation": 0.12566370614359174,
            "transform_matrix": [
                [
                    0.9705566167831421,
                    0.11776797473430634,
                    -0.21012060344219208,
                    -0.8470232486724854
                ],
                [
                    -0.24087336659431458,
                    0.47452524304389954,
                    -0.84664386510849,
                    -3.412930488586426
                ],
                [
                    0.0,
                    0.8723281025886536,
                    0.48892077803611755,
                    1.970902681350708
                ],
                [
                    0.0,
                    0.0,
                    0.0,
                    1.0
                ]
            ]
        },
        {
            "file_path": "/data/shapenet_blender/all_50_random/02958343/8237df29002d6cda20fc61a2a01df353/r_32",
            "rotation": 0.12566370614359174,
            "transform_matrix": [
                [
                    -0.9184126853942871,
                    -0.34358757734298706,
                    0.19612671434879303,
                    0.790611982345581
                ],
                [
                    0.39562371373176575,
                    -0.7976144552230835,
                    0.4552943706512451,
                    1.8353500366210938
                ],
                [
                    0.0,
                    0.49574050307273865,
                    0.8684707880020142,
                    3.5009171962738037
                ],
                [
                    0.0,
                    0.0,
                    0.0,
                    1.0
                ]
            ]
        },
        {
            "file_path": "/data/shapenet_blender/all_50_random/02958343/8237df29002d6cda20fc61a2a01df353/r_33",
            "rotation": 0.12566370614359174,
            "transform_matrix": [
                [
                    0.15810531377792358,
                    -0.44640395045280457,
                    0.880753219127655,
                    3.550429582595825
                ],
                [
                    0.9874222278594971,
                    0.07147786766290665,
                    -0.14102554321289062,
                    -0.5684921145439148
                ],
                [
                    0.0,
                    0.8919721841812134,
                    0.45209023356437683,
                    1.8224339485168457
                ],
                [
                    0.0,
                    0.0,
                    0.0,
                    1.0
                ]
            ]
        },
        {
            "file_path": "/data/shapenet_blender/all_50_random/02958343/8237df29002d6cda20fc61a2a01df353/r_34",
            "rotation": 0.12566370614359174,
            "transform_matrix": [
                [
                    -0.9774231314659119,
                    0.16052302718162537,
                    0.13739128410816193,
                    0.5538420081138611
                ],
                [
                    0.21129129827022552,
                    0.7425715923309326,
                    0.6355653405189514,
                    2.5620458126068115
                ],
                [
                    7.450580596923828e-09,
                    0.6502458453178406,
                    -0.7597238421440125,
                    -3.062544822692871
                ],
                [
                    0.0,
                    0.0,
                    0.0,
                    1.0
                ]
            ]
        },
        {
            "file_path": "/data/shapenet_blender/all_50_random/02958343/8237df29002d6cda20fc61a2a01df353/r_35",
            "rotation": 0.12566370614359174,
            "transform_matrix": [
                [
                    -0.33414754271507263,
                    0.4467451274394989,
                    -0.8299182057380676,
                    -3.3455073833465576
                ],
                [
                    -0.9425208568572998,
                    -0.15838247537612915,
                    0.2942270338535309,
                    1.1860671043395996
                ],
                [
                    -1.4901161193847656e-08,
                    0.8805304169654846,
                    0.47398966550827026,
                    1.9107134342193604
                ],
                [
                    0.0,
                    0.0,
                    0.0,
                    1.0
                ]
            ]
        },
        {
            "file_path": "/data/shapenet_blender/all_50_random/02958343/8237df29002d6cda20fc61a2a01df353/r_36",
            "rotation": 0.12566370614359174,
            "transform_matrix": [
                [
                    -0.0034604857210069895,
                    -0.031414445489645004,
                    0.9995004534721375,
                    4.029115200042725
                ],
                [
                    0.9999940991401672,
                    -0.00010870988626265898,
                    0.003458777442574501,
                    0.01394277811050415
                ],
                [
                    0.0,
                    0.9995064735412598,
                    0.031414635479450226,
                    0.12663644552230835
                ],
                [
                    0.0,
                    0.0,
                    0.0,
                    1.0
                ]
            ]
        },
        {
            "file_path": "/data/shapenet_blender/all_50_random/02958343/8237df29002d6cda20fc61a2a01df353/r_37",
            "rotation": 0.12566370614359174,
            "transform_matrix": [
                [
                    -0.6036592125892639,
                    0.7536953687667847,
                    0.25988253951072693,
                    1.047620177268982
                ],
                [
                    0.7972425222396851,
                    0.5706859827041626,
                    0.19677887856960297,
                    0.7932410836219788
                ],
                [
                    0.0,
                    0.3259768486022949,
                    -0.9453776478767395,
                    -3.8109395503997803
                ],
                [
                    0.0,
                    0.0,
                    0.0,
                    1.0
                ]
            ]
        },
        {
            "file_path": "/data/shapenet_blender/all_50_random/02958343/8237df29002d6cda20fc61a2a01df353/r_38",
            "rotation": 0.12566370614359174,
            "transform_matrix": [
                [
                    -0.9845052361488342,
                    0.0149623341858387,
                    0.1747155338525772,
                    0.7043008804321289
                ],
                [
                    0.17535503208637238,
                    0.08400383591651917,
                    0.9809147715568542,
                    3.9541940689086914
                ],
                [
                    -9.313225746154785e-10,
                    0.9963529706001282,
                    -0.0853259339928627,
                    -0.34395986795425415
                ],
                [
                    0.0,
                    0.0,
                    0.0,
                    1.0
                ]
            ]
        },
        {
            "file_path": "/data/shapenet_blender/all_50_random/02958343/8237df29002d6cda20fc61a2a01df353/r_39",
            "rotation": 0.12566370614359174,
            "transform_matrix": [
                [
                    -0.0586494617164135,
                    0.01344849169254303,
                    -0.9981880187988281,
                    -4.023824691772461
                ],
                [
                    -0.9982786178588867,
                    -0.0007901069475337863,
                    0.058644142001867294,
                    0.23640209436416626
                ],
                [
                    0.0,
                    0.9999093413352966,
                    0.013471679762005806,
                    0.05430607870221138
                ],
                [
                    0.0,
                    0.0,
                    0.0,
                    1.0
                ]
            ]
        },
        {
            "file_path": "/data/shapenet_blender/all_50_random/02958343/8237df29002d6cda20fc61a2a01df353/r_40",
            "rotation": 0.12566370614359174,
            "transform_matrix": [
                [
                    0.9467551112174988,
                    -0.2627515494823456,
                    -0.18605515360832214,
                    -0.7500123977661133
                ],
                [
                    -0.3219548761844635,
                    -0.772659182548523,
                    -0.5471221804618835,
                    -2.2055203914642334
                ],
                [
                    0.0,
                    0.577892005443573,
                    -0.8161131143569946,
                    -3.2898573875427246
                ],
                [
                    0.0,
                    0.0,
                    0.0,
                    1.0
                ]
            ]
        },
        {
            "file_path": "/data/shapenet_blender/all_50_random/02958343/8237df29002d6cda20fc61a2a01df353/r_41",
            "rotation": 0.12566370614359174,
            "transform_matrix": [
                [
                    0.10928040742874146,
                    -0.8430168628692627,
                    -0.5266690254211426,
                    -2.12307071685791
                ],
                [
                    -0.9940110445022583,
                    -0.09268028289079666,
                    -0.057901374995708466,
                    -0.2334079146385193
                ],
                [
                    0.0,
                    0.5298423171043396,
