{
    "class": "02958343",
    "model": "cea62d812396c31a88ed7b6315c3b4a",
    "remove_doubles": true,
    "edge_split": true,
    "denoise": true,
    "camera_angle_x": 0.6911112070083618,
    "scale_factor": 2.275123847349387,
    "hdri_file": "/data/IndoorHDRDataset2018/AG8A9144-ae4159fa42.exr",
    "center_offset": [
        0.0,
        0.0,
        -2.7939677238464355e-09
    ],
    "lights": [],
    "frames": [
        {
            "file_path": "/data/shapenet_blender/all_50_random/02958343/cea62d812396c31a88ed7b6315c3b4a/r_0",
            "rotation": 0.12566370614359174,
            "transform_matrix": [
                [
                    -0.886875569820404,
                    0.1516299843788147,
                    0.43641746044158936,
                    1.759255051612854
                ],
                [
                    0.462008535861969,
                    0.29107025265693665,
                    0.8377507328987122,
                    3.3770811557769775
                ],
                [
                    0.0,
                    0.9446091055870056,
                    -0.3281974196434021,
                    -1.3230061531066895
                ],
                [
                    0.0,
                    0.0,
                    0.0,
                    1.0
                ]
            ]
        },
        {
            "file_path": "/data/shapenet_blender/all_50_random/02958343/cea62d812396c31a88ed7b6315c3b4a/r_1",
            "rotation": 0.12566370614359174,
            "transform_matrix": [
                [
                    0.5859498381614685,
                    -0.32485708594322205,
                    -0.7423816919326782,
                    -2.9926366806030273
                ],
                [
                    -0.8103474378585815,
                    -0.23489917814731598,
                    -0.5368048548698425,
                    -2.1639299392700195
                ],
                [
                    1.4901162970204496e-08,
                    0.9161278605461121,
                    -0.40088608860969543,
                    -1.6160237789154053
                ],
                [
                    0.0,
                    0.0,
                    0.0,
                    1.0
                ]
            ]
        },
        {
            "file_path": "/data/shapenet_blender/all_50_random/02958343/cea62d812396c31a88ed7b6315c3b4a/r_2",
            "rotation": 0.12566370614359174,
            "transform_matrix": [
                [
                    0.9373481869697571,
                    -0.03136163577437401,
                    -0.3469794690608978,
                    -1.3987189531326294
                ],
                [
                    -0.34839385747909546,
                    -0.08437798172235489,
                    -0.9335427284240723,
                    -3.763231039047241
                ],
                [
                    0.0,
                    0.9959401488304138,
                    -0.09001775830984116,
                    -0.3628731966018677
                ],
                [
                    0.0,
                    0.0,
                    0.0,
                    1.0
                ]
            ]
        },
        {
            "file_path": "/data/shapenet_blender/all_50_random/02958343/cea62d812396c31a88ed7b6315c3b4a/r_3",
            "rotation": 0.12566370614359174,
            "transform_matrix": [
                [
                    -0.15438580513000488,
                    0.4842294752597809,
                    -0.8612123727798462,
                    -3.471658229827881
                ],
                [
                    -0.9880106449127197,
                    -0.07566533982753754,
                    0.13457240164279938,
                    0.5424786806106567
                ],
                [
                    0.0,
                    0.8716630339622498,
                    0.490105539560318,
                    1.9756786823272705
                ],
                [
                    0.0,
                    0.0,
                    0.0,
                    1.0
                ]
            ]
        },
        {
            "file_path": "/data/shapenet_blender/all_50_random/02958343/cea62d812396c31a88ed7b6315c3b4a/r_4",
            "rotation": 0.12566370614359174,
            "transform_matrix": [
                [
                    -0.9303746819496155,
                    0.006882954388856888,
                    0.3665454089641571,
                    1.477591872215271
                ],
                [
                    0.366610050201416,
                    0.017467405647039413,
                    0.9302106499671936,
                    3.7497992515563965
                ],
                [
                    0.0,
                    0.9998237490653992,
                    -0.018774589523673058,
                    -0.07568279653787613
                ],
                [
                    0.0,
                    0.0,
                    0.0,
                    1.0
                ]
            ]
        },
        {
            "file_path": "/data/shapenet_blender/all_50_random/02958343/cea62d812396c31a88ed7b6315c3b4a/r_5",
            "rotation": 0.12566370614359174,
            "transform_matrix": [
                [
                    0.9955478310585022,
                    -0.0003146850212942809,
                    -0.09425806254148483,
                    -0.3799664080142975
                ],
                [
                    -0.09425860643386841,
                    -0.003323664888739586,
                    -0.9955421686172485,
                    -4.013158798217773
                ],
                [
                    0.0,
                    0.9999943971633911,
                    -0.003338528797030449,
                    -0.013458039611577988
                ],
                [
                    0.0,
                    0.0,
                    0.0,
                    1.0
                ]
            ]
        },
        {
            "file_path": "/data/shapenet_blender/all_50_random/02958343/cea62d812396c31a88ed7b6315c3b4a/r_6",
            "rotation": 0.12566370614359174,
            "transform_matrix": [
                [
                    -0.9189171195030212,
                    -0.08092914521694183,
                    0.386059433221817,
                    1.5562553405761719
                ],
                [
                    0.3944507837295532,
                    -0.1885334551334381,
                    0.8993685245513916,
                    3.6254703998565674
                ],
                [
                    -7.450580596923828e-09,
                    0.9787265062332153,
                    0.2051691859960556,
                    0.8270634412765503
                ],
                [
                    0.0,
                    0.0,
                    0.0,
                    1.0
                ]
            ]
        },
        {
            "file_path": "/data/shapenet_blender/all_50_random/02958343/cea62d812396c31a88ed7b6315c3b4a/r_7",
            "rotation": 0.12566370614359174,
            "transform_matrix": [
                [
                    -0.7140951752662659,
                    0.6521810293197632,
                    -0.2544167935848236,
                    -1.0255868434906006
                ],
                [
                    -0.7000486254692078,
                    -0.6652671098709106,
                    0.2595216929912567,
                    1.0461654663085938
                ],
                [
                    0.0,
                    0.36342746019363403,
                    0.9316225051879883,
                    3.75549054145813
                ],
                [
                    0.0,
                    0.0,
                    0.0,
                    1.0
                ]
            ]
        },
        {
            "file_path": "/data/shapenet_blender/all_50_random/02958343/cea62d812396c31a88ed7b6315c3b4a/r_8",
            "rotation": 0.12566370614359174,
            "transform_matrix": [
                [
                    -0.32607048749923706,
                    -0.5956487655639648,
                    0.7340847849845886,
                    2.9591903686523438
                ],
                [
                    0.9453454613685608,
                    -0.20545241236686707,
                    0.25320205092430115,
                    1.0206900835037231
                ],
                [
                    0.0,
                    0.7765254378318787,
                    0.6300858855247498,
                    2.5399575233459473
                ],
                [
                    0.0,
                    0.0,
                    0.0,
                    1.0
                ]
            ]
        },
        {
            "file_path": "/data/shapenet_blender/all_50_random/02958343/cea62d812396c31a88ed7b6315c3b4a/r_9",
            "rotation": 0.12566370614359174,
            "transform_matrix": [
                [
                    -0.9206472039222717,
                    0.3082311153411865,
                    0.2395874559879303,
                    0.9658079147338867
                ],
                [
                    0.3903953731060028,
                    0.7268838882446289,
                    0.5650054216384888,
                    2.2776098251342773
                ],
                [
                    0.0,
                    0.61370450258255,
                    -0.7895357608795166,
                    -3.182720422744751
                ],
                [
                    0.0,
                    0.0,
                    0.0,
                    1.0
                ]
            ]
        },
        {
            "file_path": "/data/shapenet_blender/all_50_random/02958343/cea62d812396c31a88ed7b6315c3b4a/r_10",
            "rotation": 0.12566370614359174,
            "transform_matrix": [
                [
                    0.8952548503875732,
                    0.15577071905136108,
                    0.4174375832080841,
                    1.6827447414398193
                ],
                [
                    0.44555431604385376,
                    -0.31299102306365967,
                    -0.8387597799301147,
                    -3.3811488151550293
                ],
                [
                    0.0,
                    0.936894953250885,
                    -0.3496110737323761,
                    -1.4093272686004639
                ],
                [
                    0.0,
                    0.0,
                    0.0,
                    1.0
                ]
            ]
        },
        {
            "file_path": "/data/shapenet_blender/all_50_random/02958343/cea62d812396c31a88ed7b6315c3b4a/r_11",
            "rotation": 0.12566370614359174,
            "transform_matrix": [
                [
                    0.07616908848285675,
                    0.7242217063903809,
                    0.6853474378585815,
                    2.762723922729492
                ],
                [
                    0.9970948696136475,
                    -0.05532403290271759,
                    -0.05235438793897629,
                    -0.21104729175567627
                ],
                [
                    0.0,
                    0.6873441934585571,
                    -0.7263317704200745,
                    -2.9279370307922363
                ],
                [
                    0.0,
                    0.0,
                    0.0,
                    1.0
                ]
            ]
        },
        {
            "file_path": "/data/shapenet_blender/all_50_random/02958343/cea62d812396c31a88ed7b6315c3b4a/r_12",
            "rotation": 0.12566370614359174,
            "transform_matrix": [
                [
                    -0.5930787324905396,
                    -0.260278582572937,
                    0.7619138360023499,
                    3.0713729858398438
                ],
                [
                    0.8051445484161377,
                    -0.19172421097755432,
                    0.5612345337867737,
                    2.26240873336792
                ],
                [
                    0.0,
                    0.9463070034980774,
                    0.32326939702033997,
                    1.303140640258789
                ],
                [
                    0.0,
                    0.0,
                    0.0,
                    1.0
                ]
            ]
        },
        {
            "file_path": "/data/shapenet_blender/all_50_random/02958343/cea62d812396c31a88ed7b6315c3b4a/r_13",
            "rotation": 0.12566370614359174,
            "transform_matrix": [
                [
                    -0.20434433221817017,
                    0.13988162577152252,
                    -0.9688531756401062,
                    -3.9055721759796143
                ],
                [
                    -0.9788991808891296,
                    -0.02920016646385193,
                    0.2022472470998764,
                    0.8152847290039062
                ],
                [
                    0.0,
                    0.9897375702857971,
                    0.1428968757390976,
                    0.576035737991333
                ],
                [
                    0.0,
                    0.0,
                    0.0,
                    1.0
                ]
            ]
        },
        {
            "file_path": "/data/shapenet_blender/all_50_random/02958343/cea62d812396c31a88ed7b6315c3b4a/r_14",
            "rotation": 0.12566370614359174,
            "transform_matrix": [
                [
                    0.32373955845832825,
                    0.934112548828125,
                    0.15042126178741455,
                    0.6063675284385681
                ],
                [
                    0.9461461901664734,
                    -0.3196220397949219,
                    -0.051469117403030396,
                    -0.20747864246368408
                ],
                [
                    3.725290076417309e-09,
                    0.1589832454919815,
                    -0.9872812628746033,
                    -3.979858160018921
                ],
                [
                    0.0,
                    0.0,
                    0.0,
                    1.0
                ]
            ]
        },
        {
            "file_path": "/data/shapenet_blender/all_50_random/02958343/cea62d812396c31a88ed7b6315c3b4a/r_15",
            "rotation": 0.12566370614359174,
            "transform_matrix": [
                [
                    -0.5079672932624817,
                    -0.22384783625602722,
                    0.8317820429801941,
                    3.353020668029785
                ],
                [
                    0.8613764047622681,
                    -0.13200661540031433,
                    0.49051499366760254,
                    1.977329134941101
                ],
                [
                    7.450580596923828e-09,
                    0.9656429290771484,
                    0.25987228751182556,
                    1.0475786924362183
                ],
                [
                    0.0,
                    0.0,
                    0.0,
                    1.0
                ]
            ]
        },
        {
            "file_path": "/data/shapenet_blender/all_50_random/02958343/cea62d812396c31a88ed7b6315c3b4a/r_16",
            "rotation": 0.12566370614359174,
            "transform_matrix": [
                [
                    0.05425632372498512,
                    -0.2624756395816803,
                    -0.9634120464324951,
                    -3.8836381435394287
                ],
                [
                    -0.9985269904136658,
                    -0.014261972159147263,
                    -0.0523483045399189,
                    -0.2110227644443512
                ],
                [
                    -9.313225746154785e-10,
                    0.96483314037323,
                    -0.26286283135414124,
                    -1.0596339702606201
                ],
                [
                    0.0,
                    0.0,
                    0.0,
                    1.0
                ]
            ]
        },
        {
            "file_path": "/data/shapenet_blender/all_50_random/02958343/cea62d812396c31a88ed7b6315c3b4a/r_17",
            "rotation": 0.12566370614359174,
            "transform_matrix": [
                [
                    0.7341639399528503,
                    -0.1423017680644989,
                    -0.6638926863670349,
                    -2.676237106323242
                ],
                [
                    -0.6789723038673401,
                    -0.15386906266212463,
                    -0.717858612537384,
                    -2.8937807083129883
                ],
                [
                    0.0,
                    0.9777905941009521,
                    -0.2095840722322464,
                    -0.8448604345321655
                ],
                [
                    0.0,
                    0.0,
                    0.0,
                    1.0
                ]
            ]
        },
        {
            "file_path": "/data/shapenet_blender/all_50_random/02958343/cea62d812396c31a88ed7b6315c3b4a/r_18",
            "rotation": 0.12566370614359174,
            "transform_matrix": [
                [
                    -0.1277761310338974,
                    0.6020761728286743,
                    -0.7881482243537903,
                    -3.1771271228790283
                ],
                [
                    -0.9918030500411987,
                    -0.07756677269935608,
                    0.10153883695602417,
                    0.40931615233421326
                ],
                [
                    0.0,
                    0.7946619987487793,
                    0.6070521473884583,
                    2.4471054077148438
                ],
                [
                    0.0,
                    0.0,
                    0.0,
                    1.0
                ]
            ]
        },
        {
            "file_path": "/data/shapenet_blender/all_50_random/02958343/cea62d812396c31a88ed7b6315c3b4a/r_19",
            "rotation": 0.12566370614359174,
            "transform_matrix": [
                [
                    -0.3344976603984833,
                    0.46631377935409546,
                    -0.8189399838447571,
                    -3.301252841949463
                ],
                [
                    -0.9423967003822327,
                    -0.16551509499549866,
                    0.2906774878501892,
                    1.1717585325241089
                ],
                [
                    0.0,
                    0.8689972162246704,
                    0.4948168992996216,
                    1.9946708679199219
                ],
                [
                    0.0,
                    0.0,
                    0.0,
                    1.0
                ]
            ]
        },
        {
            "file_path": "/data/shapenet_blender/all_50_random/02958343/cea62d812396c31a88ed7b6315c3b4a/r_20",
            "rotation": 0.12566370614359174,
            "transform_matrix": [
                [
                    0.7121296525001526,
                    0.12508773803710938,
                    -0.6908142566680908,
                    -2.7847611904144287
                ],
                [
                    -0.7020478844642639,
                    0.12688405811786652,
                    -0.7007347345352173,
                    -2.824751853942871
                ],
                [
                    -7.4505792646561986e-09,
                    0.9839986562728882,
                    0.17817553877830505,
                    0.7182485461235046
                ],
                [
                    0.0,
                    0.0,
                    0.0,
                    1.0
                ]
            ]
        },
        {
            "file_path": "/data/shapenet_blender/all_50_random/02958343/cea62d812396c31a88ed7b6315c3b4a/r_21",
            "rotation": 0.12566370614359174,
            "transform_matrix": [
                [
                    -0.8525011539459229,
                    0.19025690853595734,
                    0.4868716895580292,
                    1.9626426696777344
                ],
                [
                    0.5227252840995789,
                    0.3102857768535614,
                    0.7940282225608826,
                    3.2008304595947266
                ],
                [
                    0.0,
                    0.9314101934432983,
                    -0.3639710545539856,
                    -1.4672143459320068
                ],
                [
                    0.0,
                    0.0,
                    0.0,
                    1.0
                ]
            ]
        },
        {
            "file_path": "/data/shapenet_blender/all_50_random/02958343/cea62d812396c31a88ed7b6315c3b4a/r_22",
            "rotation": 0.12566370614359174,
            "transform_matrix": [
                [
                    -0.9611147046089172,
                    0.008997791446745396,
                    -0.27600306272506714,
                    -1.1126039028167725
                ],
                [
                    -0.2761496901512146,
                    -0.03131601959466934,
                    0.9606043100357056,
                    3.8723199367523193
                ],
                [
                    0.0,
                    0.999468982219696,
                    0.032583024352788925,
                    0.13134637475013733
                ],
                [
                    0.0,
                    0.0,
                    0.0,
                    1.0
                ]
            ]
        },
        {
            "file_path": "/data/shapenet_blender/all_50_random/02958343/cea62d812396c31a88ed7b6315c3b4a/r_23",
            "rotation": 0.12566370614359174,
            "transform_matrix": [
                [
                    -0.47826358675956726,
                    0.5667284727096558,
                    0.6708821654319763,
                    2.7044124603271484
                ],
                [
                    0.8782163262367249,
                    0.30863189697265625,
                    0.36535248160362244,
                    1.4727829694747925
                ],
                [
                    2.9802320611338473e-08,
                    0.7639144062995911,
                    -0.645317554473877,
                    -2.60135817527771
                ],
                [
                    0.0,
                    0.0,
                    0.0,
                    1.0
                ]
            ]
        },
        {
            "file_path": "/data/shapenet_blender/all_50_random/02958343/cea62d812396c31a88ed7b6315c3b4a/r_24",
            "rotation": 0.12566370614359174,
            "transform_matrix": [
                [
                    -0.49926161766052246,
                    0.33895325660705566,
                    -0.7974011301994324,
                    -3.2144267559051514
                ],
                [
                    -0.8664513826370239,
                    -0.19530968368053436,
                    0.4594738781452179,
                    1.8521984815597534
                ],
                [
                    1.4901162970204496e-08,
                    0.920306921005249,
                    0.3911971151828766,
                    1.5769660472869873
                ],
                [
                    0.0,
                    0.0,
                    0.0,
                    1.0
                ]
            ]
        },
        {
            "file_path": "/data/shapenet_blender/all_50_random/02958343/cea62d812396c31a88ed7b6315c3b4a/r_25",
            "rotation": 0.12566370614359174,
            "transform_matrix": [
                [
                    -0.39704474806785583,
                    0.6012964248657227,
                    -0.6933959126472473,
                    -2.79516863822937
                ],
                [
                    -0.9177992343902588,
                    -0.26012396812438965,
                    0.2999666929244995,
                    1.2092045545578003
                ],
                [
                    0.0,
                    0.7554984092712402,
                    0.6551502346992493,
                    2.6409952640533447
                ],
                [
                    0.0,
                    0.0,
                    0.0,
                    1.0
                ]
            ]
        },
        {
            "file_path": "/data/shapenet_blender/all_50_random/02958343/cea62d812396c31a88ed7b6315c3b4a/r_26",
            "rotation": 0.12566370614359174,
            "transform_matrix": [
                [
                    0.7431124448776245,
                    0.5861122012138367,
                    0.3228875398635864,
                    1.3016012907028198
                ],
                [
                    0.6691665649414062,
                    -0.6508802175521851,
                    -0.358568012714386,
                    -1.4454338550567627
                ],
                [
                    2.9802322387695312e-08,
                    0.4825218617916107,
                    -0.8758838772773743,
                    -3.5308008193969727
                ],
                [
                    0.0,
                    0.0,
                    0.0,
                    1.0
                ]
            ]
        },
        {
            "file_path": "/data/shapenet_blender/all_50_random/02958343/cea62d812396c31a88ed7b6315c3b4a/r_27",
            "rotation": 0.12566370614359174,
            "transform_matrix": [
                [
                    -0.9605262279510498,
                    -0.07587005943059921,
                    0.2676437795162201,
                    1.078906536102295
                ],
                [
                    0.27818959951400757,
                    -0.26196226477622986,
                    0.9241138100624084,
                    3.725221872329712
                ],
                [
                    0.0,
                    0.9620912671089172,
                    0.2727278769016266,
                    1.0994012355804443
                ],
                [
                    0.0,
                    0.0,
                    0.0,
                    1.0
                ]
            ]
        },
        {
            "file_path": "/data/shapenet_blender/all_50_random/02958343/cea62d812396c31a88ed7b6315c3b4a/r_28",
            "rotation": 0.12566370614359174,
            "transform_matrix": [
                [
                    -0.9726248979568481,
                    0.13773933053016663,
                    -0.18715989589691162,
                    -0.7544656991958618
                ],
                [
                    -0.23238107562065125,
                    -0.5765043497085571,
                    0.7833528518676758,
                    3.1577963829040527
                ],
                [
                    7.450581485102248e-09,
                    0.8054008483886719,
                    0.5927304625511169,
                    2.3893728256225586
                ],
                [
                    0.0,
                    0.0,
                    0.0,
                    1.0
                ]
            ]
        },
        {
            "file_path": "/data/shapenet_blender/all_50_random/02958343/cea62d812396c31a88ed7b6315c3b4a/r_29",
            "rotation": 0.12566370614359174,
            "transform_matrix": [
                [
                    0.7583509087562561,
                    0.18085293471813202,
                    0.6262555718421936,
                    2.524517297744751
                ],
                [
                    0.6518465280532837,
                    -0.21040228009223938,
                    -0.7285786867141724,
                    -2.936994791030884
                ],
                [
                    1.4901161193847656e-08,
                    0.960740864276886,
                    -0.2774471044540405,
                    -1.1184251308441162
                ],
                [
                    0.0,
                    0.0,
                    0.0,
                    1.0
                ]
            ]
        },
        {
            "file_path": "/data/shapenet_blender/all_50_random/02958343/cea62d812396c31a88ed7b6315c3b4a/r_30",
            "rotation": 0.12566370614359174,
            "transform_matrix": [
                [
                    -0.7573654055595398,
                    -0.10069509595632553,
                    -0.6451807022094727,
                    -2.600806713104248
                ],
                [
                    -0.6529912948608398,
                    0.11679019778966904,
                    0.748306393623352,
                    3.016519546508789
                ],
                [
                    0.0,
                    0.9880387187004089,
                    -0.15420587360858917,
                    -0.6216237545013428
                ],
                [
                    0.0,
                    0.0,
                    0.0,
                    1.0
                ]
            ]
        },
        {
            "file_path": "/data/shapenet_blender/all_50_random/02958343/cea62d812396c31a88ed7b6315c3b4a/r_31",
            "rotation": 0.12566370614359174,
            "transform_matrix": [
                [
                    -0.12092263996601105,
                    0.05350509285926819,
                    -0.9912189245223999,
                    -3.9957313537597656
                ],
                [
                    -0.9926619529724121,
                    -0.006517804693430662,
                    0.12074685096740723,
                    0.4867461323738098
                ],
                [
                    4.656612873077393e-10,
                    0.998546302318573,
                    0.053900618106126785,
                    0.2172803431749344
                ],
                [
                    0.0,
                    0.0,
                    0.0,
                    1.0
                ]
            ]
        },
        {
            "file_path": "/data/shapenet_blender/all_50_random/02958343/cea62d812396c31a88ed7b6315c3b4a/r_32",
            "rotation": 0.12566370614359174,
            "transform_matrix": [
                [
                    0.2664712071418762,
                    0.08706104010343552,
                    0.959902822971344,
                    3.8694920539855957
                ],
                [
                    0.9638428688049316,
                    -0.024069545790553093,
                    -0.26538190245628357,
                    -1.0697886943817139
                ],
                [
                    1.862645149230957e-09,
                    0.9959120750427246,
                    -0.09032700955867767,
                    -0.36411982774734497
                ],
                [
                    0.0,
                    0.0,
                    0.0,
                    1.0
                ]
            ]
        },
        {
            "file_path": "/data/shapenet_blender/all_50_random/02958343/cea62d812396c31a88ed7b6315c3b4a/r_33",
            "rotation": 0.12566370614359174,
            "transform_matrix": [
                [
                    -0.5007845163345337,
                    -0.7854899764060974,
                    -0.3636210858821869,
                    -1.465803623199463
                ],
                [
                    -0.8655719757080078,
                    0.45445242524147034,
                    0.2103763073682785,
                    0.848054051399231
                ],
                [
                    0.0,
                    0.4200934171676636,
                    -0.9074807167053223,
                    -3.658172130584717
                ],
                [
                    0.0,
                    0.0,
                    0.0,
                    1.0
                ]
            ]
        },
        {
            "file_path": "/data/shapenet_blender/all_50_random/02958343/cea62d812396c31a88ed7b6315c3b4a/r_34",
            "rotation": 0.12566370614359174,
            "transform_matrix": [
                [
                    0.706024169921875,
                    0.6405921578407288,
                    -0.30194613337516785,
                    -1.2171839475631714
                ],
                [
                    -0.7081877589225769,
                    0.6386350989341736,
                    -0.3010236918926239,
                    -1.2134654521942139
                ],
                [
                    -1.4901161193847656e-08,
                    0.42636460065841675,
                    0.9045513272285461,
                    3.6463632583618164
                ],
                [
                    0.0,
                    0.0,
                    0.0,
                    1.0
                ]
            ]
        },
        {
            "file_path": "/data/shapenet_blender/all_50_random/02958343/cea62d812396c31a88ed7b6315c3b4a/r_35",
            "rotation": 0.12566370614359174,
            "transform_matrix": [
                [
                    -0.989951491355896,
                    0.013521529734134674,
                    -0.14075987040996552,
                    -0.5674211382865906
                ],
                [
                    -0.1414078325033188,
                    -0.0946599617600441,
                    0.9854153990745544,
                    3.9723360538482666
                ],
                [
                    0.0,
                    0.9954178333282471,
                    0.09562082588672638,
                    0.385459840297699
                ],
                [
                    0.0,
                    0.0,
                    0.0,
                    1.0
                ]
            ]
        },
        {
            "file_path": "/data/shapenet_blender/all_50_random/02958343/cea62d812396c31a88ed7b6315c3b4a/r_36",
            "rotation": 0.12566370614359174,
            "transform_matrix": [
                [
                    -0.900305986404419,
                    -0.27092158794403076,
                    0.3406619727611542,
                    1.3732521533966064
                ],
                [
                    0.4352574944496155,
                    -0.5603863000869751,
                    0.7046404480934143,
                    2.840496063232422
                ],
                [
                    -1.4901159417490817e-08,
                    0.7826675772666931,
                    0.6224399209022522,
                    2.5091352462768555
                ],
                [
                    0.0,
                    0.0,
                    0.0,
                    1.0
                ]
            ]
        },
        {
            "file_path": "/data/shapenet_blender/all_50_random/02958343/cea62d812396c31a88ed7b6315c3b4a/r_37",
            "rotation": 0.12566370614359174,
            "transform_matrix": [
                [
                    0.6294846534729004,
                    0.12004683911800385,
                    0.7676833271980286,
                    3.094630718231201
                ],
                [
                    0.777012825012207,
                    -0.09725404530763626,
                    -0.621926486492157,
                    -2.507066011428833
                ],
                [
                    0.0,
                    0.9879931211471558,
                    -0.15449784696102142,
                    -0.6228008270263672
                ],
                [
                    0.0,
                    0.0,
                    0.0,
                    1.0
                ]
            ]
        },
        {
            "file_path": "/data/shapenet_blender/all_50_random/02958343/cea62d812396c31a88ed7b6315c3b4a/r_38",
            "rotation": 0.12566370614359174,
            "transform_matrix": [
                [
                    0.9261582493782043,
                    0.3396387994289398,
                    0.16393989324569702,
                    0.660862922668457
                ],
                [
                    0.3771350383758545,
                    -0.8340760469436646,
                    -0.4025993049144745,
                    -1.6229298114776611
                ],
                [
                    0.0,
                    0.4346981346607208,
                    -0.900576114654541,
                    -3.630338668823242
                ],
                [
                    0.0,
                    0.0,
                    0.0,
                    1.0
                ]
            ]
        },
        {
            "file_path": "/data/shapenet_blender/all_50_random/02958343/cea62d812396c31a88ed7b6315c3b4a/r_39",
            "rotation": 0.12566370614359174,
            "transform_matrix": [
                [
                    0.08411529660224915,
                    0.8190736174583435,
                    -0.5674882531166077,
                    -2.287618398666382
                ],
                [
                    -0.9964560270309448,
                    0.06914165616035461,
                    -0.04790421202778816,
                    -0.19310805201530457
                ],
                [
                    3.725290298461914e-09,
                    0.5695064663887024,
                    0.8219867944717407,
                    3.313534736633301
                ],
                [
                    0.0,
                    0.0,
                    0.0,
                    1.0
                ]
            ]
        },
        {
            "file_path": "/data/shapenet_blender/all_50_random/02958343/cea62d812396c31a88ed7b6315c3b4a/r_40",
            "rotation": 0.12566370614359174,
            "transform_matrix": [
                [
                    -0.9624576568603516,
                    0.2469547539949417,
                    0.11264358460903168,
                    0.45408082008361816
                ],
                [
                    0.2714317739009857,
                    0.8756656646728516,
                    0.39941778779029846,
                    1.6101045608520508
                ],
                [
                    7.4505797087454084e-09,
                    0.4149976670742035,
                    -0.9098224639892578,
                    -3.667611598968506
                ],
                [
                    0.0,
                    0.0,
                    0.0,
                    1.0
                ]
            ]
        },
        {
            "file_path": "/data/shapenet_blender/all_50_random/02958343/cea62d812396c31a88ed7b6315c3b4a/r_41",
            "rotation": 0.12566370614359174,
            "transform_matrix": [
                [
                    0.2688926160335541,
                    -0.925544798374176,
                    -0.2665773332118988,
                    -1.0746076107025146
                ],
                [
                    -0.9631701707839966,
                    -0.25838857889175415,
                    -0.07442160695791245,
                    -0.3000030815601349
                ],
                [
                    -7.450580596923828e-09,
                    0.2767707109451294,
                    -0.9609359502792358,
