{
    "class": "02958343",
    "model": "1836f75baa094cd9372ca62e6806c5c3",
    "remove_doubles": true,
    "edge_split": true,
    "denoise": true,
    "camera_angle_x": 0.6911112070083618,
    "scale_factor": 2.296991872050287,
    "hdri_file": "/data/IndoorHDRDataset2018/9C4A0825-99f33c64e1.exr",
    "center_offset": [
        0.0,
        0.0,
        -1.862645149230957e-09
    ],
    "lights": [],
    "frames": [
        {
            "file_path": "/data/shapenet_blender/all_50_random/02958343/1836f75baa094cd9372ca62e6806c5c3/r_0",
            "rotation": 0.12566370614359174,
            "transform_matrix": [
                [
                    -0.8316701054573059,
                    0.25760704278945923,
                    0.4918977916240692,
                    1.9829034805297852
                ],
                [
                    0.5552700757980347,
                    0.385837584733963,
                    0.7367526292800903,
                    2.969944953918457
                ],
                [
                    1.4901161193847656e-08,
                    0.885871171951294,
                    -0.4639311134815216,
                    -1.8701661825180054
                ],
                [
                    0.0,
                    0.0,
                    0.0,
                    1.0
                ]
            ]
        },
        {
            "file_path": "/data/shapenet_blender/all_50_random/02958343/1836f75baa094cd9372ca62e6806c5c3/r_1",
            "rotation": 0.12566370614359174,
            "transform_matrix": [
                [
                    -0.6791155338287354,
                    -0.04801257327198982,
                    0.7324594259262085,
                    2.952638626098633
                ],
                [
                    0.7340313792228699,
                    -0.04442055523395538,
                    0.677661120891571,
                    2.7317395210266113
                ],
                [
                    0.0,
                    0.997858464717865,
                    0.06540942192077637,
                    0.2636738419532776
                ],
                [
                    0.0,
                    0.0,
                    0.0,
                    1.0
                ]
            ]
        },
        {
            "file_path": "/data/shapenet_blender/all_50_random/02958343/1836f75baa094cd9372ca62e6806c5c3/r_2",
            "rotation": 0.12566370614359174,
            "transform_matrix": [
                [
                    0.779468297958374,
                    0.6187945604324341,
                    0.09758274257183075,
                    0.3933686316013336
                ],
                [
                    0.6264416575431824,
                    -0.769953191280365,
                    -0.12142017483711243,
                    -0.48946037888526917
                ],
                [
                    0.0,
                    0.15577292442321777,
                    -0.9877928495407104,
                    -3.9819202423095703
                ],
                [
                    0.0,
                    0.0,
                    0.0,
                    1.0
                ]
            ]
        },
        {
            "file_path": "/data/shapenet_blender/all_50_random/02958343/1836f75baa094cd9372ca62e6806c5c3/r_3",
            "rotation": 0.12566370614359174,
            "transform_matrix": [
                [
                    -0.7146044969558716,
                    0.4871740937232971,
                    -0.5019977688789368,
                    -2.023617744445801
                ],
                [
                    -0.6995286345481873,
                    -0.4976733922958374,
                    0.5128165483474731,
                    2.0672295093536377
                ],
                [
                    0.0,
                    0.7176228165626526,
                    0.6964319348335266,
                    2.8074069023132324
                ],
                [
                    0.0,
                    0.0,
                    0.0,
                    1.0
                ]
            ]
        },
        {
            "file_path": "/data/shapenet_blender/all_50_random/02958343/1836f75baa094cd9372ca62e6806c5c3/r_4",
            "rotation": 0.12566370614359174,
            "transform_matrix": [
                [
                    -0.5045936703681946,
                    -0.5395240187644958,
                    0.674017071723938,
                    2.7170498371124268
                ],
                [
                    0.8633570671081543,
                    -0.3153277337551117,
                    0.39393290877342224,
                    1.5879943370819092
                ],
                [
                    0.0,
                    0.7806932926177979,
                    0.624914288520813,
                    2.5191099643707275
                ],
                [
                    0.0,
                    0.0,
                    0.0,
                    1.0
                ]
            ]
        },
        {
            "file_path": "/data/shapenet_blender/all_50_random/02958343/1836f75baa094cd9372ca62e6806c5c3/r_5",
            "rotation": 0.12566370614359174,
            "transform_matrix": [
                [
                    -0.9906702637672424,
                    -0.06431330740451813,
                    0.12015171349048615,
                    0.48434704542160034
                ],
                [
                    0.13628147542476654,
                    -0.46751242876052856,
                    0.8734182715415955,
                    3.5208616256713867
                ],
                [
                    0.0,
                    0.8816438913345337,
                    0.47191527485847473,
                    1.9023513793945312
                ],
                [
                    0.0,
                    0.0,
                    0.0,
                    1.0
                ]
            ]
        },
        {
            "file_path": "/data/shapenet_blender/all_50_random/02958343/1836f75baa094cd9372ca62e6806c5c3/r_6",
            "rotation": 0.12566370614359174,
            "transform_matrix": [
                [
                    -0.4157257080078125,
                    0.003207466099411249,
                    0.909484326839447,
                    3.6662487983703613
                ],
                [
                    0.9094901084899902,
                    0.001466125133447349,
                    0.4157230854034424,
                    1.6758334636688232
                ],
                [
                    -1.1641532182693481e-10,
                    0.9999938607215881,
                    -0.00352666387334466,
                    -0.014216437935829163
                ],
                [
                    0.0,
                    0.0,
                    0.0,
                    1.0
                ]
            ]
        },
        {
            "file_path": "/data/shapenet_blender/all_50_random/02958343/1836f75baa094cd9372ca62e6806c5c3/r_7",
            "rotation": 0.12566370614359174,
            "transform_matrix": [
                [
                    -0.24217064678668976,
                    -0.4514981806278229,
                    -0.8587798476219177,
                    -3.4618523120880127
                ],
                [
                    -0.9702337384223938,
                    0.11269408464431763,
                    0.21435172855854034,
                    0.864079475402832
                ],
                [
                    -7.450580596923828e-09,
                    0.8851268291473389,
                    -0.4653499126434326,
                    -1.8758854866027832
                ],
                [
                    0.0,
                    0.0,
                    0.0,
                    1.0
                ]
            ]
        },
        {
            "file_path": "/data/shapenet_blender/all_50_random/02958343/1836f75baa094cd9372ca62e6806c5c3/r_8",
            "rotation": 0.12566370614359174,
            "transform_matrix": [
                [
                    0.781745195388794,
                    0.4541558623313904,
                    0.4273369014263153,
                    1.722650170326233
                ],
                [
                    0.6235979795455933,
                    -0.5693318247795105,
                    -0.5357114672660828,
                    -2.15952205657959
                ],
                [
                    0.0,
                    0.685276210308075,
                    -0.728283166885376,
                    -2.9358034133911133
                ],
                [
                    0.0,
                    0.0,
                    0.0,
                    1.0
                ]
            ]
        },
        {
            "file_path": "/data/shapenet_blender/all_50_random/02958343/1836f75baa094cd9372ca62e6806c5c3/r_9",
            "rotation": 0.12566370614359174,
            "transform_matrix": [
                [
                    -0.6013990640640259,
                    0.3853929340839386,
                    -0.6998510360717773,
                    -2.8211898803710938
                ],
                [
                    -0.7989488840103149,
                    -0.2900998592376709,
                    0.5268043875694275,
                    2.1236164569854736
                ],
                [
                    0.0,
                    0.8759647607803345,
                    0.48237499594688416,
                    1.9445158243179321
                ],
                [
                    0.0,
                    0.0,
                    0.0,
                    1.0
                ]
            ]
        },
        {
            "file_path": "/data/shapenet_blender/all_50_random/02958343/1836f75baa094cd9372ca62e6806c5c3/r_10",
            "rotation": 0.12566370614359174,
            "transform_matrix": [
                [
                    0.4952300786972046,
                    0.6330252289772034,
                    -0.5950009822845459,
                    -2.3985257148742676
                ],
                [
                    -0.8687618970870972,
                    0.36085045337677,
                    -0.3391750752925873,
                    -1.3672584295272827
                ],
                [
                    0.0,
                    0.6848838925361633,
                    0.7286521792411804,
                    2.937290906906128
                ],
                [
                    0.0,
                    0.0,
                    0.0,
                    1.0
                ]
            ]
        },
        {
            "file_path": "/data/shapenet_blender/all_50_random/02958343/1836f75baa094cd9372ca62e6806c5c3/r_11",
            "rotation": 0.12566370614359174,
            "transform_matrix": [
                [
                    0.11717550456523895,
                    -0.09898652136325836,
                    -0.9881657361984253,
                    -3.9834234714508057
                ],
                [
                    -0.993111252784729,
                    -0.011679251678287983,
                    -0.11659198999404907,
                    -0.4699973464012146
                ],
                [
                    0.0,
                    0.99502032995224,
                    -0.09967313706874847,
                    -0.40179526805877686
                ],
                [
                    0.0,
                    0.0,
                    0.0,
                    1.0
                ]
            ]
        },
        {
            "file_path": "/data/shapenet_blender/all_50_random/02958343/1836f75baa094cd9372ca62e6806c5c3/r_12",
            "rotation": 0.12566370614359174,
            "transform_matrix": [
                [
                    -0.9932379722595215,
                    -0.043762654066085815,
                    0.10753168910741806,
                    0.4334740936756134
                ],
                [
                    0.11609578877687454,
                    -0.37440401315689087,
                    0.9199692606925964,
                    3.70851469039917
                ],
                [
                    0.0,
                    0.9262323975563049,
                    0.3769529461860657,
                    1.5195459127426147
                ],
                [
                    0.0,
                    0.0,
                    0.0,
                    1.0
                ]
            ]
        },
        {
            "file_path": "/data/shapenet_blender/all_50_random/02958343/1836f75baa094cd9372ca62e6806c5c3/r_13",
            "rotation": 0.12566370614359174,
            "transform_matrix": [
                [
                    0.7820767164230347,
                    0.5996300578117371,
                    -0.16970524191856384,
                    -0.6841037273406982
                ],
                [
                    -0.6231822967529297,
                    0.7525192499160767,
                    -0.212975412607193,
                    -0.8585313558578491
                ],
                [
                    1.4901162970204496e-08,
                    0.2723205089569092,
                    0.9622066020965576,
                    3.8787789344787598
                ],
                [
                    0.0,
                    0.0,
                    0.0,
                    1.0
                ]
            ]
        },
        {
            "file_path": "/data/shapenet_blender/all_50_random/02958343/1836f75baa094cd9372ca62e6806c5c3/r_14",
            "rotation": 0.12566370614359174,
            "transform_matrix": [
                [
                    0.43308156728744507,
                    0.09012322872877121,
                    -0.8968378305435181,
                    -3.615269184112549
                ],
                [
                    -0.9013547897338867,
                    0.0433022677898407,
                    -0.43091124296188354,
                    -1.7370588779449463
                ],
                [
                    0.0,
                    0.9949887990951538,
                    0.09998639672994614,
                    0.40305808186531067
                ],
                [
                    0.0,
                    0.0,
                    0.0,
                    1.0
                ]
            ]
        },
        {
            "file_path": "/data/shapenet_blender/all_50_random/02958343/1836f75baa094cd9372ca62e6806c5c3/r_15",
            "rotation": 0.12566370614359174,
            "transform_matrix": [
                [
                    0.6672552824020386,
                    0.3509388267993927,
                    -0.6569721102714539,
                    -2.64833927154541
                ],
                [
                    -0.7448291778564453,
                    0.31438857316970825,
                    -0.5885485410690308,
                    -2.3725149631500244
                ],
                [
                    -1.4901162970204496e-08,
                    0.8820440769195557,
                    0.4711668789386749,
                    1.89933443069458
                ],
                [
                    0.0,
                    0.0,
                    0.0,
                    1.0
                ]
            ]
        },
        {
            "file_path": "/data/shapenet_blender/all_50_random/02958343/1836f75baa094cd9372ca62e6806c5c3/r_16",
            "rotation": 0.12566370614359174,
            "transform_matrix": [
                [
                    -0.17532950639724731,
                    0.9310251474380493,
                    -0.3200809359550476,
                    -1.2902874946594238
                ],
                [
                    -0.9845098257064819,
                    -0.16580453515052795,
                    0.05700261890888214,
                    0.22978490591049194
                ],
                [
                    3.725290298461914e-09,
                    0.32511699199676514,
                    0.9456737637519836,
                    3.8121328353881836
                ],
                [
                    0.0,
                    0.0,
                    0.0,
                    1.0
                ]
            ]
        },
        {
            "file_path": "/data/shapenet_blender/all_50_random/02958343/1836f75baa094cd9372ca62e6806c5c3/r_17",
            "rotation": 0.12566370614359174,
            "transform_matrix": [
                [
                    0.4394527077674866,
                    -0.02603103220462799,
                    -0.8978884220123291,
                    -3.619503974914551
                ],
                [
                    -0.8982657194137573,
                    -0.012734993360936642,
                    -0.4392681419849396,
                    -1.7707464694976807
                ],
                [
                    9.313225746154785e-10,
                    0.999579906463623,
                    -0.028979213908314705,
                    -0.11681894958019257
                ],
                [
                    0.0,
                    0.0,
                    0.0,
                    1.0
                ]
            ]
        },
        {
            "file_path": "/data/shapenet_blender/all_50_random/02958343/1836f75baa094cd9372ca62e6806c5c3/r_18",
            "rotation": 0.12566370614359174,
            "transform_matrix": [
                [
                    0.9245594143867493,
                    0.030728686600923538,
                    -0.3797968924045563,
                    -1.5310102701187134
                ],
                [
                    -0.38103798031806946,
                    0.07456079870462418,
                    -0.9215480089187622,
                    -3.714878797531128
                ],
                [
                    0.0,
                    0.9967429041862488,
                    0.08064468204975128,
                    0.32508909702301025
                ],
                [
                    0.0,
                    0.0,
                    0.0,
                    1.0
                ]
            ]
        },
        {
            "file_path": "/data/shapenet_blender/all_50_random/02958343/1836f75baa094cd9372ca62e6806c5c3/r_19",
            "rotation": 0.12566370614359174,
            "transform_matrix": [
                [
                    -0.9712718725204468,
                    0.035883236676454544,
                    -0.23525194823741913,
                    -0.9483309984207153
                ],
                [
                    -0.2379729002714157,
                    -0.14645524322986603,
                    0.9601664543151855,
                    3.8705549240112305
                ],
                [
                    0.0,
                    0.9885661602020264,
                    0.1507871001958847,
                    0.6078423261642456
                ],
                [
                    0.0,
                    0.0,
                    0.0,
                    1.0
                ]
            ]
        },
        {
            "file_path": "/data/shapenet_blender/all_50_random/02958343/1836f75baa094cd9372ca62e6806c5c3/r_20",
            "rotation": 0.12566370614359174,
            "transform_matrix": [
                [
                    -0.3244099020957947,
                    -0.5669659376144409,
                    -0.7571709156036377,
                    -3.0522537231445312
                ],
                [
                    -0.9459165930747986,
                    0.1944456547498703,
                    0.2596780061721802,
                    1.0467956066131592
                ],
                [
                    0.0,
                    0.8004626631736755,
                    -0.5993825197219849,
                    -2.4161884784698486
                ],
                [
                    0.0,
                    0.0,
                    0.0,
                    1.0
                ]
            ]
        },
        {
            "file_path": "/data/shapenet_blender/all_50_random/02958343/1836f75baa094cd9372ca62e6806c5c3/r_21",
            "rotation": 0.12566370614359174,
            "transform_matrix": [
                [
                    -0.7274526357650757,
                    0.5805461406707764,
                    -0.3657579720020294,
                    -1.4744175672531128
                ],
                [
                    -0.6861581206321716,
                    -0.6154847145080566,
                    0.3877701461315155,
                    1.563151478767395
                ],
                [
                    2.980232949312267e-08,
                    0.5330520868301392,
                    0.8460823893547058,
                    3.4106671810150146
                ],
                [
                    0.0,
                    0.0,
                    0.0,
                    1.0
                ]
            ]
        },
        {
            "file_path": "/data/shapenet_blender/all_50_random/02958343/1836f75baa094cd9372ca62e6806c5c3/r_22",
            "rotation": 0.12566370614359174,
            "transform_matrix": [
                [
                    0.5303568840026855,
                    0.3755170404911041,
                    -0.760071337223053,
                    -3.063945770263672
                ],
                [
                    -0.8477744460105896,
                    0.23491865396499634,
                    -0.475490927696228,
                    -1.9167653322219849
                ],
                [
                    0.0,
                    0.8965490460395813,
                    0.4429444670677185,
                    1.7855663299560547
                ],
                [
                    0.0,
                    0.0,
                    0.0,
                    1.0
                ]
            ]
        },
        {
            "file_path": "/data/shapenet_blender/all_50_random/02958343/1836f75baa094cd9372ca62e6806c5c3/r_23",
            "rotation": 0.12566370614359174,
            "transform_matrix": [
                [
                    0.06824206560850143,
                    0.19489078223705292,
                    -0.9784480333328247,
                    -3.9442501068115234
                ],
                [
                    -0.9976688027381897,
                    0.013330826535820961,
                    -0.06692733615636826,
                    -0.26979273557662964
                ],
                [
                    0.0,
                    0.9807342886924744,
                    0.1953461915254593,
                    0.7874656915664673
                ],
                [
                    0.0,
                    0.0,
                    0.0,
                    1.0
                ]
            ]
        },
        {
            "file_path": "/data/shapenet_blender/all_50_random/02958343/1836f75baa094cd9372ca62e6806c5c3/r_24",
            "rotation": 0.12566370614359174,
            "transform_matrix": [
                [
                    -0.7676321268081665,
                    0.353985071182251,
                    0.5342617630958557,
                    2.1536779403686523
                ],
                [
                    0.6408908367156982,
                    0.4239884316921234,
                    0.6399163007736206,
                    2.579585075378418
                ],
                [
                    1.4901161193847656e-08,
                    0.8336237072944641,
                    -0.552332878112793,
                    -2.226525068283081
                ],
                [
                    0.0,
                    0.0,
                    0.0,
                    1.0
                ]
            ]
        },
        {
            "file_path": "/data/shapenet_blender/all_50_random/02958343/1836f75baa094cd9372ca62e6806c5c3/r_25",
            "rotation": 0.12566370614359174,
            "transform_matrix": [
                [
                    0.7603453397750854,
                    -0.36180877685546875,
                    0.5394158363342285,
                    2.174454689025879
                ],
                [
                    0.6495190858840942,
                    0.4235435426235199,
                    -0.6314553618431091,
                    -2.545477867126465
                ],
                [
                    0.0,
                    0.8304848670959473,
                    0.5570410490036011,
                    2.245504379272461
                ],
                [
                    0.0,
                    0.0,
                    0.0,
                    1.0
                ]
            ]
        },
        {
            "file_path": "/data/shapenet_blender/all_50_random/02958343/1836f75baa094cd9372ca62e6806c5c3/r_26",
            "rotation": 0.12566370614359174,
            "transform_matrix": [
                [
                    -0.36380892992019653,
                    0.7759625911712646,
                    -0.5152912735939026,
                    -2.0772056579589844
                ],
                [
                    -0.9314735531806946,
                    -0.30307045578956604,
                    0.20125915110111237,
                    0.811301589012146
                ],
                [
                    0.0,
                    0.5532000660896301,
                    0.833048403263092,
                    3.3581254482269287
                ],
                [
                    0.0,
                    0.0,
                    0.0,
                    1.0
                ]
            ]
        },
        {
            "file_path": "/data/shapenet_blender/all_50_random/02958343/1836f75baa094cd9372ca62e6806c5c3/r_27",
            "rotation": 0.12566370614359174,
            "transform_matrix": [
                [
                    0.828121542930603,
                    0.17746949195861816,
                    0.5317134261131287,
                    2.1434054374694824
                ],
                [
                    0.5605484843254089,
                    -0.2621830403804779,
                    -0.7855223417282104,
                    -3.166541814804077
                ],
                [
                    0.0,
                    0.9485591650009155,
                    -0.31659969687461853,
                    -1.2762541770935059
                ],
                [
                    0.0,
                    0.0,
                    0.0,
                    1.0
                ]
            ]
        },
        {
            "file_path": "/data/shapenet_blender/all_50_random/02958343/1836f75baa094cd9372ca62e6806c5c3/r_28",
            "rotation": 0.12566370614359174,
            "transform_matrix": [
                [
                    -0.8915666937828064,
                    -0.238631471991539,
                    0.384920597076416,
                    1.5516645908355713
                ],
                [
                    0.45288941264152527,
                    -0.46977439522743225,
                    0.7577619552612305,
                    3.054636240005493
                ],
                [
                    0.0,
                    0.8499218225479126,
                    0.5269088745117188,
                    2.124037504196167
                ],
                [
                    0.0,
                    0.0,
                    0.0,
                    1.0
                ]
            ]
        },
        {
            "file_path": "/data/shapenet_blender/all_50_random/02958343/1836f75baa094cd9372ca62e6806c5c3/r_29",
            "rotation": 0.12566370614359174,
            "transform_matrix": [
                [
                    0.6691185235977173,
                    -0.20095251500606537,
                    0.7154708504676819,
                    2.884155035018921
                ],
                [
                    0.743155837059021,
                    0.18093252182006836,
                    -0.6441917419433594,
                    -2.5968198776245117
                ],
                [
                    1.4901159417490817e-08,
                    0.9627468585968018,
                    0.27040427923202515,
                    1.0900344848632812
                ],
                [
                    0.0,
                    0.0,
                    0.0,
                    1.0
                ]
            ]
        },
        {
            "file_path": "/data/shapenet_blender/all_50_random/02958343/1836f75baa094cd9372ca62e6806c5c3/r_30",
            "rotation": 0.12566370614359174,
            "transform_matrix": [
                [
                    -0.5009939074516296,
                    0.11376599222421646,
                    -0.8579407334327698,
                    -3.458469867706299
                ],
                [
                    -0.8654507994651794,
                    -0.06585708260536194,
                    0.4966464638710022,
                    2.0020461082458496
                ],
                [
                    0.0,
                    0.9913223385810852,
                    0.13145285844802856,
                    0.5299034714698792
                ],
                [
                    0.0,
                    0.0,
                    0.0,
                    1.0
                ]
            ]
        },
        {
            "file_path": "/data/shapenet_blender/all_50_random/02958343/1836f75baa094cd9372ca62e6806c5c3/r_31",
            "rotation": 0.12566370614359174,
            "transform_matrix": [
                [
                    0.37033015489578247,
                    -0.17520633339881897,
                    -0.9122270941734314,
                    -3.677304983139038
                ],
                [
                    -0.9289001226425171,
                    -0.06985054910182953,
                    -0.3636830151081085,
                    -1.4660531282424927
                ],
                [
                    0.0,
                    0.9820506572723389,
                    -0.18861697614192963,
                    -0.7603393793106079
                ],
                [
                    0.0,
                    0.0,
                    0.0,
                    1.0
                ]
            ]
        },
        {
            "file_path": "/data/shapenet_blender/all_50_random/02958343/1836f75baa094cd9372ca62e6806c5c3/r_32",
            "rotation": 0.12566370614359174,
            "transform_matrix": [
                [
                    -0.9852799773216248,
                    -0.012696980498731136,
                    -0.17047643661499023,
                    -0.6872124671936035
                ],
                [
                    -0.17094862461090088,
                    0.07318034768104553,
                    0.9825584888458252,
                    3.960819959640503
                ],
                [
                    -9.31322685637781e-10,
                    0.9972378611564636,
                    -0.07427366822957993,
                    -0.2994067370891571
                ],
                [
                    0.0,
                    0.0,
                    0.0,
                    1.0
                ]
            ]
        },
        {
            "file_path": "/data/shapenet_blender/all_50_random/02958343/1836f75baa094cd9372ca62e6806c5c3/r_33",
            "rotation": 0.12566370614359174,
            "transform_matrix": [
                [
                    -0.9402686953544617,
                    -0.0576709620654583,
                    0.3355127274990082,
                    1.3524951934814453
                ],
                [
                    0.34043315052986145,
                    -0.15928588807582855,
                    0.9266785383224487,
                    3.735560894012451
                ],
                [
                    3.725290076417309e-09,
                    0.9855465292930603,
                    0.16940462589263916,
                    0.6828919649124146
                ],
                [
                    0.0,
                    0.0,
                    0.0,
                    1.0
                ]
            ]
        },
        {
            "file_path": "/data/shapenet_blender/all_50_random/02958343/1836f75baa094cd9372ca62e6806c5c3/r_34",
            "rotation": 0.12566370614359174,
            "transform_matrix": [
                [
                    0.5538733601570129,
                    -0.4234530031681061,
                    -0.7168764472007751,
                    -2.8898212909698486
                ],
                [
                    -0.8326009511947632,
                    -0.28169476985931396,
                    -0.4768896698951721,
                    -1.9224036931991577
                ],
                [
                    0.0,
                    0.86100834608078,
                    -0.5085906386375427,
                    -2.050194501876831
                ],
                [
                    0.0,
                    0.0,
                    0.0,
                    1.0
                ]
            ]
        },
        {
            "file_path": "/data/shapenet_blender/all_50_random/02958343/1836f75baa094cd9372ca62e6806c5c3/r_35",
            "rotation": 0.12566370614359174,
            "transform_matrix": [
                [
                    0.9908163547515869,
                    -0.05307810753583908,
                    -0.12436095625162125,
                    -0.5013150572776794
                ],
                [
                    -0.13521438837051392,
                    -0.3889427185058594,
                    -0.9112851619720459,
                    -3.6735079288482666
                ],
                [
                    3.725290298461914e-09,
                    0.919731616973877,
                    -0.39254769682884216,
                    -1.5824103355407715
                ],
                [
                    0.0,
                    0.0,
                    0.0,
                    1.0
                ]
            ]
        },
        {
            "file_path": "/data/shapenet_blender/all_50_random/02958343/1836f75baa094cd9372ca62e6806c5c3/r_36",
            "rotation": 0.12566370614359174,
            "transform_matrix": [
                [
                    -0.23303964734077454,
                    0.514833390712738,
                    0.8250084519386292,
                    3.3257157802581787
                ],
                [
                    0.972467303276062,
                    0.12337340414524078,
                    0.19770297408103943,
                    0.7969662547111511
                ],
                [
                    -7.450581485102248e-09,
                    0.8483662605285645,
                    -0.5294094681739807,
                    -2.13411808013916
                ],
                [
                    0.0,
                    0.0,
                    0.0,
                    1.0
                ]
            ]
        },
        {
            "file_path": "/data/shapenet_blender/all_50_random/02958343/1836f75baa094cd9372ca62e6806c5c3/r_37",
            "rotation": 0.12566370614359174,
            "transform_matrix": [
                [
                    -0.9544666409492493,
                    -0.06971538066864014,
                    -0.2900572717189789,
                    -1.1692582368850708
                ],
                [
                    -0.29831770062446594,
                    0.2230541706085205,
                    0.9280374050140381,
                    3.7410383224487305
                ],
                [
                    0.0,
                    0.9723098278045654,
                    -0.2336951345205307,
                    -0.9420552253723145
                ],
                [
                    0.0,
                    0.0,
                    0.0,
                    1.0
                ]
            ]
        },
        {
            "file_path": "/data/shapenet_blender/all_50_random/02958343/1836f75baa094cd9372ca62e6806c5c3/r_38",
            "rotation": 0.12566370614359174,
            "transform_matrix": [
                [
                    -0.5281139016151428,
                    0.5628594160079956,
                    -0.6358341574668884,
                    -2.563129425048828
                ],
                [
                    -0.8491736650466919,
                    -0.3500507175922394,
                    0.39543482661247253,
                    1.5940487384796143
                ],
                [
                    1.4901162970204496e-08,
                    0.7487682104110718,
                    0.6628319025039673,
                    2.6719608306884766
                ],
                [
                    0.0,
                    0.0,
                    0.0,
                    1.0
                ]
            ]
        },
        {
            "file_path": "/data/shapenet_blender/all_50_random/02958343/1836f75baa094cd9372ca62e6806c5c3/r_39",
            "rotation": 0.12566370614359174,
            "transform_matrix": [
                [
                    -0.5774134993553162,
                    -0.07965818792581558,
                    0.8125565052032471,
                    3.2755203247070312
                ],
                [
                    0.816451907157898,
                    -0.05633610114455223,
                    0.5746586322784424,
                    2.316523313522339
                ],
                [
                    0.0,
                    0.9952289462089539,
                    0.09756629914045334,
                    0.3933023512363434
                ],
                [
                    0.0,
                    0.0,
                    0.0,
                    1.0
                ]
            ]
        },
        {
            "file_path": "/data/shapenet_blender/all_50_random/02958343/1836f75baa094cd9372ca62e6806c5c3/r_40",
            "rotation": 0.12566370614359174,
            "transform_matrix": [
                [
                    0.11620616167783737,
                    -0.6051954627037048,
                    -0.787549614906311,
                    -3.1747143268585205
                ],
                [
                    -0.9932251572608948,
                    -0.07080715149641037,
                    -0.09214236587285995,
                    -0.37143778800964355
                ],
                [
                    0.0,
                    0.7929215431213379,
                    -0.6093235611915588,
                    -2.4562621116638184
                ],
                [
                    0.0,
                    0.0,
                    0.0,
                    1.0
                ]
            ]
        },
        {
            "file_path": "/data/shapenet_blender/all_50_random/02958343/1836f75baa094cd9372ca62e6806c5c3/r_41",
            "rotation": 0.12566370614359174,
            "transform_matrix": [
                [
                    0.2819659411907196,
                    0.3081734776496887,
                    -0.9085836410522461,
                    -3.6626179218292236
                ],
                [
                    -0.9594244956970215,
                    0.09056931734085083,
                    -0.26702427864074707,
                    -1.0764093399047852
                ],
                [
                    0.0,
                    0.9470091462135315,
                    0.32120659947395325,
