{
    "class": "02958343",
    "model": "9676e8250cdd90307d5394224a6aa067",
    "remove_doubles": true,
    "edge_split": true,
    "denoise": true,
    "camera_angle_x": 0.6911112070083618,
    "scale_factor": 2.1084836500364363,
    "hdri_file": "/data/IndoorHDRDataset2018/AG8A5708-942162a67b.exr",
    "center_offset": [
        0.0,
        0.0,
        0.0
    ],
    "lights": [],
    "frames": [
        {
            "file_path": "/data/shapenet_blender/all_50_random/02958343/9676e8250cdd90307d5394224a6aa067/r_0",
            "rotation": 0.12566370614359174,
            "transform_matrix": [
                [
                    -0.911302387714386,
                    0.2089875191450119,
                    -0.35475653409957886,
                    -1.4300694465637207
                ],
                [
                    -0.4117377996444702,
                    -0.46255365014076233,
                    0.7851853370666504,
                    3.1651835441589355
                ],
                [
                    0.0,
                    0.8616079688072205,
                    0.5075742602348328,
                    2.04609751701355
                ],
                [
                    0.0,
                    0.0,
                    0.0,
                    1.0
                ]
            ]
        },
        {
            "file_path": "/data/shapenet_blender/all_50_random/02958343/9676e8250cdd90307d5394224a6aa067/r_1",
            "rotation": 0.12566370614359174,
            "transform_matrix": [
                [
                    0.9019540548324585,
                    0.11234951764345169,
                    -0.41696110367774963,
                    -1.6808239221572876
                ],
                [
                    -0.4318321645259857,
                    0.23466084897518158,
                    -0.8708933591842651,
                    -3.510683536529541
                ],
                [
                    -7.450581485102248e-09,
                    0.9655629396438599,
                    0.2601694166660309,
                    1.0487765073776245
                ],
                [
                    0.0,
                    0.0,
                    0.0,
                    1.0
                ]
            ]
        },
        {
            "file_path": "/data/shapenet_blender/all_50_random/02958343/9676e8250cdd90307d5394224a6aa067/r_2",
            "rotation": 0.12566370614359174,
            "transform_matrix": [
                [
                    -0.9993058443069458,
                    0.011569137685000896,
                    0.03541248291730881,
                    0.1427522897720337
                ],
                [
                    0.03725438192486763,
                    0.31032878160476685,
                    0.9498990178108215,
                    3.829165458679199
                ],
                [
                    0.0,
                    0.9505589008331299,
                    -0.31054434180259705,
                    -1.2518442869186401
                ],
                [
                    0.0,
                    0.0,
                    0.0,
                    1.0
                ]
            ]
        },
        {
            "file_path": "/data/shapenet_blender/all_50_random/02958343/9676e8250cdd90307d5394224a6aa067/r_3",
            "rotation": 0.12566370614359174,
            "transform_matrix": [
                [
                    0.9847844839096069,
                    0.009400074370205402,
                    -0.17352576553821564,
                    -0.6995047330856323
                ],
                [
                    -0.1737801879644394,
                    0.05326871573925018,
                    -0.983342707157135,
                    -3.9639811515808105
                ],
                [
                    0.0,
                    0.9985359311103821,
                    0.05409175157546997,
                    0.21805082261562347
                ],
                [
                    0.0,
                    0.0,
                    0.0,
                    1.0
                ]
            ]
        },
        {
            "file_path": "/data/shapenet_blender/all_50_random/02958343/9676e8250cdd90307d5394224a6aa067/r_4",
            "rotation": 0.12566370614359174,
            "transform_matrix": [
                [
                    -0.9697079658508301,
                    -0.01977965049445629,
                    0.24346503615379333,
                    0.9814389944076538
                ],
                [
                    0.24426721036434174,
                    -0.07852254807949066,
                    0.9665234684944153,
                    3.8961808681488037
                ],
                [
                    0.0,
                    0.9967159628868103,
                    0.08097546547651291,
                    0.3264225721359253
                ],
                [
                    0.0,
                    0.0,
                    0.0,
                    1.0
                ]
            ]
        },
        {
            "file_path": "/data/shapenet_blender/all_50_random/02958343/9676e8250cdd90307d5394224a6aa067/r_5",
            "rotation": 0.12566370614359174,
            "transform_matrix": [
                [
                    -0.8418533205986023,
                    -0.2417420744895935,
                    0.48253893852233887,
                    1.9451767206192017
                ],
                [
                    0.5397064685821533,
                    -0.3770778775215149,
                    0.7526813745498657,
                    3.0341556072235107
                ],
                [
                    0.0,
                    0.8940766453742981,
                    0.4479140043258667,
                    1.8055990934371948
                ],
                [
                    0.0,
                    0.0,
                    0.0,
                    1.0
                ]
            ]
        },
        {
            "file_path": "/data/shapenet_blender/all_50_random/02958343/9676e8250cdd90307d5394224a6aa067/r_6",
            "rotation": 0.12566370614359174,
            "transform_matrix": [
                [
                    -0.9859903454780579,
                    0.06605283170938492,
                    0.1531670093536377,
                    0.6174359917640686
                ],
                [
                    0.16680260002613068,
                    0.3904462456703186,
                    0.9053886532783508,
                    3.649738311767578
                ],
                [
                    0.0,
                    0.9182530045509338,
                    -0.39599403738975525,
                    -1.5963029861450195
                ],
                [
                    0.0,
                    0.0,
                    0.0,
                    1.0
                ]
            ]
        },
        {
            "file_path": "/data/shapenet_blender/all_50_random/02958343/9676e8250cdd90307d5394224a6aa067/r_7",
            "rotation": 0.12566370614359174,
            "transform_matrix": [
                [
                    0.1469380110502243,
                    -0.3814607262611389,
                    0.9126318693161011,
                    3.678936719894409
                ],
                [
                    0.9891457557678223,
                    0.05666615068912506,
                    -0.13557183742523193,
                    -0.5465075373649597
                ],
                [
                    0.0,
                    0.9226465225219727,
                    0.38564667105674744,
                    1.554591417312622
                ],
                [
                    0.0,
                    0.0,
                    0.0,
                    1.0
                ]
            ]
        },
        {
            "file_path": "/data/shapenet_blender/all_50_random/02958343/9676e8250cdd90307d5394224a6aa067/r_8",
            "rotation": 0.12566370614359174,
            "transform_matrix": [
                [
                    0.057634372264146805,
                    0.13977062702178955,
                    -0.9885051846504211,
                    -3.9847917556762695
                ],
                [
                    -0.9983378052711487,
                    0.008069004863500595,
                    -0.05706673115491867,
                    -0.23004335165023804
                ],
                [
                    9.313225746154785e-10,
                    0.9901509881019592,
                    0.14000336825847626,
                    0.564371645450592
                ],
                [
                    0.0,
                    0.0,
                    0.0,
                    1.0
                ]
            ]
        },
        {
            "file_path": "/data/shapenet_blender/all_50_random/02958343/9676e8250cdd90307d5394224a6aa067/r_9",
            "rotation": 0.12566370614359174,
            "transform_matrix": [
                [
                    0.13409306108951569,
                    -0.5716490149497986,
                    0.8094667792320251,
                    3.2630648612976074
                ],
                [
                    0.9909687638282776,
                    0.07735276222229004,
                    -0.10953310877084732,
                    -0.4415420889854431
                ],
                [
                    0.0,
                    0.8168438673019409,
                    0.5768587589263916,
                    2.325392007827759
                ],
                [
                    0.0,
                    0.0,
                    0.0,
                    1.0
                ]
            ]
        },
        {
            "file_path": "/data/shapenet_blender/all_50_random/02958343/9676e8250cdd90307d5394224a6aa067/r_10",
            "rotation": 0.12566370614359174,
            "transform_matrix": [
                [
                    -0.9886337518692017,
                    0.0037465218920260668,
                    0.15029752254486084,
                    0.6058687567710876
                ],
                [
                    0.15034422278404236,
                    0.02463638223707676,
                    0.9883266091346741,
                    3.984072208404541
                ],
                [
                    -2.3283064365386963e-10,
                    0.999689519405365,
                    -0.024919619783759117,
                    -0.10045421123504639
                ],
                [
                    0.0,
                    0.0,
                    0.0,
                    1.0
                ]
            ]
        },
        {
            "file_path": "/data/shapenet_blender/all_50_random/02958343/9676e8250cdd90307d5394224a6aa067/r_11",
            "rotation": 0.12566370614359174,
            "transform_matrix": [
                [
                    0.8788089156150818,
                    0.1680564135313034,
                    0.4466004967689514,
                    1.8003041744232178
                ],
                [
                    0.47717395424842834,
                    -0.30950865149497986,
                    -0.8225018978118896,
                    -3.3156111240386963
                ],
                [
                    0.0,
                    0.9359279274940491,
                    -0.35219115018844604,
                    -1.4197279214859009
                ],
                [
                    0.0,
                    0.0,
                    0.0,
                    1.0
                ]
            ]
        },
        {
            "file_path": "/data/shapenet_blender/all_50_random/02958343/9676e8250cdd90307d5394224a6aa067/r_12",
            "rotation": 0.12566370614359174,
            "transform_matrix": [
                [
                    0.9451910853385925,
                    0.29276707768440247,
                    0.14457283914089203,
                    0.582791805267334
                ],
                [
                    0.326517790555954,
                    -0.8474907875061035,
                    -0.41850385069847107,
                    -1.6870430707931519
                ],
                [
                    7.450580596923828e-09,
                    0.4427716135978699,
                    -0.8966342806816101,
                    -3.6144485473632812
                ],
                [
                    0.0,
                    0.0,
                    0.0,
                    1.0
                ]
            ]
        },
        {
            "file_path": "/data/shapenet_blender/all_50_random/02958343/9676e8250cdd90307d5394224a6aa067/r_13",
            "rotation": 0.12566370614359174,
            "transform_matrix": [
                [
                    -0.688961386680603,
                    -0.451118528842926,
                    -0.5672954320907593,
                    -2.28684139251709
                ],
                [
                    -0.7247979640960693,
                    0.428813636302948,
                    0.5392463207244873,
                    2.173771619796753
                ],
                [
                    1.4901161193847656e-08,
                    0.7826945781707764,
                    -0.6224058270454407,
                    -2.508998394012451
                ],
                [
                    0.0,
                    0.0,
                    0.0,
                    1.0
                ]
            ]
        },
        {
            "file_path": "/data/shapenet_blender/all_50_random/02958343/9676e8250cdd90307d5394224a6aa067/r_14",
            "rotation": 0.12566370614359174,
            "transform_matrix": [
                [
                    0.7684146165847778,
                    0.1190369576215744,
                    0.6287840008735657,
                    2.5347094535827637
                ],
                [
                    0.6399524807929993,
                    -0.14293204247951508,
                    -0.7550041079521179,
                    -3.0435190200805664
                ],
                [
                    -7.450581485102248e-09,
                    0.9825479984283447,
                    -0.18600906431674957,
                    -0.7498265504837036
                ],
                [
                    0.0,
                    0.0,
                    0.0,
                    1.0
                ]
            ]
        },
        {
            "file_path": "/data/shapenet_blender/all_50_random/02958343/9676e8250cdd90307d5394224a6aa067/r_15",
            "rotation": 0.12566370614359174,
            "transform_matrix": [
                [
                    -0.8324476480484009,
                    0.11117888987064362,
                    -0.5428352355957031,
                    -2.188239097595215
                ],
                [
                    -0.554103672504425,
                    -0.16702759265899658,
                    0.8155186772346497,
                    3.287461280822754
                ],
                [
                    0.0,
                    0.9796637296676636,
                    0.20064634084701538,
                    0.8088313341140747
                ],
                [
                    0.0,
                    0.0,
                    0.0,
                    1.0
                ]
            ]
        },
        {
            "file_path": "/data/shapenet_blender/all_50_random/02958343/9676e8250cdd90307d5394224a6aa067/r_16",
            "rotation": 0.12566370614359174,
            "transform_matrix": [
                [
                    -0.5771750211715698,
                    -0.6649335026741028,
                    -0.47405940294265747,
                    -1.9109946489334106
                ],
                [
                    -0.8166205883026123,
                    0.4699649214744568,
                    0.3350580036640167,
                    1.350662112236023
                ],
                [
                    -1.4901162970204496e-08,
                    0.5805137157440186,
                    -0.8142503499984741,
                    -3.282348394393921
                ],
                [
                    0.0,
                    0.0,
                    0.0,
                    1.0
                ]
            ]
        },
        {
            "file_path": "/data/shapenet_blender/all_50_random/02958343/9676e8250cdd90307d5394224a6aa067/r_17",
            "rotation": 0.12566370614359174,
            "transform_matrix": [
                [
                    0.4056691825389862,
                    -0.18196618556976318,
                    -0.8957235813140869,
                    -3.6107773780822754
                ],
                [
                    -0.9140199422836304,
                    -0.08076199144124985,
                    -0.39754870533943176,
                    -1.6025701761245728
                ],
                [
                    7.450580152834618e-09,
                    0.9799825549125671,
                    -0.1990833729505539,
                    -0.802530825138092
                ],
                [
                    0.0,
                    0.0,
                    0.0,
                    1.0
                ]
            ]
        },
        {
            "file_path": "/data/shapenet_blender/all_50_random/02958343/9676e8250cdd90307d5394224a6aa067/r_18",
            "rotation": 0.12566370614359174,
            "transform_matrix": [
                [
                    0.08702544867992401,
                    -0.2819199860095978,
                    -0.9554829001426697,
                    -3.851674795150757
                ],
                [
                    -0.9962061643600464,
                    -0.024627650156617165,
                    -0.083467997610569,
                    -0.33647024631500244
                ],
                [
                    -1.862645371275562e-09,
                    0.9591217041015625,
                    -0.2829936742782593,
                    -1.1407840251922607
                ],
                [
                    0.0,
                    0.0,
                    0.0,
                    1.0
                ]
            ]
        },
        {
            "file_path": "/data/shapenet_blender/all_50_random/02958343/9676e8250cdd90307d5394224a6aa067/r_19",
            "rotation": 0.12566370614359174,
            "transform_matrix": [
                [
                    -0.9864650964736938,
                    0.152174711227417,
                    0.06106887385249138,
                    0.24617648124694824
                ],
                [
                    0.1639712005853653,
                    0.9154963493347168,
                    0.3673957288265228,
                    1.481019377708435
                ],
                [
                    7.4505792646561986e-09,
                    0.3724367618560791,
                    -0.9280577301979065,
                    -3.741119861602783
                ],
                [
                    0.0,
                    0.0,
                    0.0,
                    1.0
                ]
            ]
        },
        {
            "file_path": "/data/shapenet_blender/all_50_random/02958343/9676e8250cdd90307d5394224a6aa067/r_20",
            "rotation": 0.12566370614359174,
            "transform_matrix": [
                [
                    0.9719455242156982,
                    -0.18110710382461548,
                    -0.1500738561153412,
                    -0.6049671173095703
                ],
                [
                    -0.23520620167255402,
                    -0.7483911514282227,
                    -0.6201520562171936,
                    -2.499913215637207
                ],
                [
                    0.0,
                    0.6380523443222046,
                    -0.7699928283691406,
                    -3.103940725326538
                ],
                [
                    0.0,
                    0.0,
                    0.0,
                    1.0
                ]
            ]
        },
        {
            "file_path": "/data/shapenet_blender/all_50_random/02958343/9676e8250cdd90307d5394224a6aa067/r_21",
            "rotation": 0.12566370614359174,
            "transform_matrix": [
                [
                    -0.1138576865196228,
                    0.28239119052886963,
                    -0.9525184631347656,
                    -3.8397250175476074
                ],
                [
                    -0.9934970736503601,
                    -0.032362863421440125,
                    0.10916141420602798,
                    0.44004377722740173
                ],
                [
                    -3.725290298461914e-09,
                    0.9587532877922058,
                    0.2842395603656769,
                    1.1458064317703247
                ],
                [
                    0.0,
                    0.0,
                    0.0,
                    1.0
                ]
            ]
        },
        {
            "file_path": "/data/shapenet_blender/all_50_random/02958343/9676e8250cdd90307d5394224a6aa067/r_22",
            "rotation": 0.12566370614359174,
            "transform_matrix": [
                [
                    -0.9889901876449585,
                    0.1234307587146759,
                    -0.08162927627563477,
                    -0.32905814051628113
                ],
                [
                    -0.14798139035701752,
                    -0.8249132037162781,
                    0.5455452799797058,
                    2.1991634368896484
                ],
                [
                    0.0,
                    0.5516183972358704,
                    0.8340965509414673,
                    3.3623507022857666
                ],
                [
                    0.0,
                    0.0,
                    0.0,
                    1.0
                ]
            ]
        },
        {
            "file_path": "/data/shapenet_blender/all_50_random/02958343/9676e8250cdd90307d5394224a6aa067/r_23",
            "rotation": 0.12566370614359174,
            "transform_matrix": [
                [
                    -0.9728495478630066,
                    0.014121562242507935,
                    0.23100733757019043,
                    0.9312204122543335
                ],
                [
                    0.23143859207630157,
                    0.0593598298728466,
                    0.9710367918014526,
                    3.914374828338623
                ],
                [
                    0.0,
                    0.9981366991996765,
                    -0.06101645529270172,
                    -0.24596521258354187
                ],
                [
                    0.0,
                    0.0,
                    0.0,
                    1.0
                ]
            ]
        },
        {
            "file_path": "/data/shapenet_blender/all_50_random/02958343/9676e8250cdd90307d5394224a6aa067/r_24",
            "rotation": 0.12566370614359174,
            "transform_matrix": [
                [
                    -0.3177199363708496,
                    -0.14309430122375488,
                    -0.9373249411582947,
                    -3.778477668762207
                ],
                [
                    -0.948184609413147,
                    0.04794837534427643,
                    0.3140810430049896,
                    1.2661011219024658
                ],
                [
                    3.725290298461914e-09,
                    0.9885469079017639,
                    -0.15091396868228912,
                    -0.6083536744117737
                ],
                [
                    0.0,
                    0.0,
                    0.0,
                    1.0
                ]
            ]
        },
        {
            "file_path": "/data/shapenet_blender/all_50_random/02958343/9676e8250cdd90307d5394224a6aa067/r_25",
            "rotation": 0.12566370614359174,
            "transform_matrix": [
                [
                    -0.7445588707923889,
                    0.09574846178293228,
                    -0.6606543064117432,
                    -2.6631829738616943
                ],
                [
                    -0.6675567626953125,
                    -0.10679297894239426,
                    0.7368602752685547,
                    2.970379114151001
                ],
                [
                    0.0,
                    0.9896601438522339,
                    0.14343120157718658,
                    0.5781897306442261
                ],
                [
                    0.0,
                    0.0,
                    0.0,
                    1.0
                ]
            ]
        },
        {
            "file_path": "/data/shapenet_blender/all_50_random/02958343/9676e8250cdd90307d5394224a6aa067/r_26",
            "rotation": 0.12566370614359174,
            "transform_matrix": [
                [
                    0.8283674716949463,
                    0.1726771742105484,
                    -0.5329070091247559,
                    -2.148216962814331
                ],
                [
                    -0.5601850748062134,
                    0.2553444504737854,
                    -0.7880302667617798,
                    -3.1766517162323
                ],
                [
                    0.0,
                    0.9513052105903625,
                    0.3082502484321594,
                    1.2425965070724487
                ],
                [
                    0.0,
                    0.0,
                    0.0,
                    1.0
                ]
            ]
        },
        {
            "file_path": "/data/shapenet_blender/all_50_random/02958343/9676e8250cdd90307d5394224a6aa067/r_27",
            "rotation": 0.12566370614359174,
            "transform_matrix": [
                [
                    0.9784004092216492,
                    -0.1793789565563202,
                    -0.10274148732423782,
                    -0.4141642153263092
                ],
                [
                    -0.20671869814395905,
                    -0.8490012884140015,
                    -0.48627588152885437,
                    -1.9602408409118652
                ],
                [
                    0.0,
                    0.4970111548900604,
                    -0.8677440881729126,
                    -3.49798846244812
                ],
                [
                    0.0,
                    0.0,
                    0.0,
                    1.0
                ]
            ]
        },
        {
            "file_path": "/data/shapenet_blender/all_50_random/02958343/9676e8250cdd90307d5394224a6aa067/r_28",
            "rotation": 0.12566370614359174,
            "transform_matrix": [
                [
                    -0.9011414051055908,
                    -0.0776924192905426,
                    0.4265068769454956,
                    1.7193039655685425
                ],
                [
                    0.43352529406547546,
                    -0.16149425506591797,
                    0.886552631855011,
                    3.57380747795105
                ],
                [
                    -7.4505797087454084e-09,
                    0.9838106632232666,
                    0.17921082675457,
                    0.7224218845367432
                ],
                [
                    0.0,
                    0.0,
                    0.0,
                    1.0
                ]
            ]
        },
        {
            "file_path": "/data/shapenet_blender/all_50_random/02958343/9676e8250cdd90307d5394224a6aa067/r_29",
            "rotation": 0.12566370614359174,
            "transform_matrix": [
                [
                    0.9996839761734009,
                    0.0005163197056390345,
                    -0.025133218616247177,
                    -0.10131523758172989
                ],
                [
                    -0.025138521566987038,
                    0.02053249441087246,
                    -0.9994730949401855,
                    -4.0290045738220215
                ],
                [
                    0.0,
                    0.9997891187667847,
                    0.02053898386657238,
                    0.08279529213905334
                ],
                [
                    0.0,
                    0.0,
                    0.0,
                    1.0
                ]
            ]
        },
        {
            "file_path": "/data/shapenet_blender/all_50_random/02958343/9676e8250cdd90307d5394224a6aa067/r_30",
            "rotation": 0.12566370614359174,
            "transform_matrix": [
                [
                    0.06950479000806808,
                    -0.37001538276672363,
                    0.9264219403266907,
                    3.7345263957977295
                ],
                [
                    0.9975816011428833,
                    0.025780191645026207,
                    -0.0645468682050705,
                    -0.2601967453956604
                ],
                [
                    -1.8626450382086546e-09,
                    0.9286679625511169,
                    0.3709123730659485,
                    1.4951956272125244
                ],
                [
                    0.0,
                    0.0,
                    0.0,
                    1.0
                ]
            ]
        },
        {
            "file_path": "/data/shapenet_blender/all_50_random/02958343/9676e8250cdd90307d5394224a6aa067/r_31",
            "rotation": 0.12566370614359174,
            "transform_matrix": [
                [
                    -0.9330048561096191,
                    -0.028589924797415733,
                    0.35872623324394226,
                    1.4460716247558594
                ],
                [
                    0.3598637282848358,
                    -0.07412399351596832,
                    0.9300557971000671,
                    3.7491745948791504
                ],
                [
                    -1.8626449271863521e-09,
                    0.9968391060829163,
                    0.07944652438163757,
                    0.3202591836452484
                ],
                [
                    0.0,
                    0.0,
                    0.0,
                    1.0
                ]
            ]
        },
        {
            "file_path": "/data/shapenet_blender/all_50_random/02958343/9676e8250cdd90307d5394224a6aa067/r_32",
            "rotation": 0.12566370614359174,
            "transform_matrix": [
                [
                    -0.5002102255821228,
                    0.2243378460407257,
                    0.8363385796546936,
                    3.3713886737823486
                ],
                [
                    0.8659039735794067,
                    0.12959414720535278,
                    0.48313108086586,
                    1.947563648223877
                ],
                [
                    0.0,
                    0.9658559560775757,
                    -0.2590793967247009,
                    -1.0443824529647827
                ],
                [
                    0.0,
                    0.0,
                    0.0,
                    1.0
                ]
            ]
        },
        {
            "file_path": "/data/shapenet_blender/all_50_random/02958343/9676e8250cdd90307d5394224a6aa067/r_33",
            "rotation": 0.12566370614359174,
            "transform_matrix": [
                [
                    0.22381214797496796,
                    -0.0589476004242897,
                    -0.9728480577468872,
                    -3.92167592048645
                ],
                [
                    -0.9746323823928833,
                    -0.01353657990694046,
                    -0.22340239584445953,
                    -0.9005638360977173
                ],
                [
                    0.0,
                    0.9981692433357239,
                    -0.06048189476132393,
                    -0.24381031095981598
                ],
                [
                    0.0,
                    0.0,
                    0.0,
                    1.0
                ]
            ]
        },
        {
            "file_path": "/data/shapenet_blender/all_50_random/02958343/9676e8250cdd90307d5394224a6aa067/r_34",
            "rotation": 0.12566370614359174,
            "transform_matrix": [
                [
                    0.99208664894104,
                    0.009391467086970806,
                    0.1252036690711975,
                    0.5047121644020081
                ],
                [
                    0.12555541098117828,
                    -0.07420746237039566,
                    -0.9893073439598083,
                    -3.988025665283203
                ],
                [
                    -9.313225746154785e-10,
                    0.9971985816955566,
                    -0.07479936629533768,
                    -0.30152592062950134
                ],
                [
                    0.0,
                    0.0,
                    0.0,
                    1.0
                ]
            ]
        },
        {
            "file_path": "/data/shapenet_blender/all_50_random/02958343/9676e8250cdd90307d5394224a6aa067/r_35",
            "rotation": 0.12566370614359174,
            "transform_matrix": [
                [
                    -0.9543104767799377,
                    0.060519322752952576,
                    0.2926243841648102,
                    1.1796066761016846
                ],
                [
                    0.2988170385360718,
                    0.19327618181705475,
                    0.9345333576202393,
                    3.7672245502471924
                ],
                [
                    3.725290742551124e-09,
                    0.9792761206626892,
                    -0.2025296688079834,
                    -0.816423237323761
                ],
                [
                    0.0,
                    0.0,
                    0.0,
                    1.0
                ]
            ]
        },
        {
            "file_path": "/data/shapenet_blender/all_50_random/02958343/9676e8250cdd90307d5394224a6aa067/r_36",
            "rotation": 0.12566370614359174,
            "transform_matrix": [
                [
                    0.5485545992851257,
                    -0.031084613874554634,
                    -0.8355365991592407,
                    -3.3681561946868896
                ],
                [
                    -0.8361147046089172,
                    -0.02039385959506035,
                    -0.5481753349304199,
                    -2.209765672683716
                ],
                [
                    1.8626449271863521e-09,
                    0.999308705329895,
                    -0.037177443504333496,
                    -0.14986708760261536
                ],
                [
                    0.0,
                    0.0,
                    0.0,
                    1.0
                ]
            ]
        },
        {
            "file_path": "/data/shapenet_blender/all_50_random/02958343/9676e8250cdd90307d5394224a6aa067/r_37",
            "rotation": 0.12566370614359174,
            "transform_matrix": [
                [
                    -0.8472728729248047,
                    0.3031289577484131,
                    -0.43616682291030884,
                    -1.7582447528839111
                ],
                [
                    -0.5311578512191772,
                    -0.4835340976715088,
                    0.6957485675811768,
                    2.804652214050293
                ],
                [
                    1.4901161193847656e-08,
                    0.8211622834205627,
                    0.5706946849822998,
                    2.300543785095215
                ],
                [
                    0.0,
                    0.0,
                    0.0,
                    1.0
                ]
            ]
        },
        {
            "file_path": "/data/shapenet_blender/all_50_random/02958343/9676e8250cdd90307d5394224a6aa067/r_38",
            "rotation": 0.12566370614359174,
            "transform_matrix": [
                [
                    -0.2776976227760315,
                    -0.5649428963661194,
                    0.7769964337348938,
                    3.1321730613708496
                ],
                [
                    0.9606685638427734,
                    -0.16330640017986298,
                    0.22460408508777618,
                    0.9054080843925476
                ],
                [
                    1.4901161193847656e-08,
                    0.8088080883026123,
                    0.5880725979804993,
                    2.3705966472625732
                ],
                [
                    0.0,
                    0.0,
                    0.0,
                    1.0
                ]
            ]
        },
        {
            "file_path": "/data/shapenet_blender/all_50_random/02958343/9676e8250cdd90307d5394224a6aa067/r_39",
            "rotation": 0.12566370614359174,
            "transform_matrix": [
                [
                    -0.979985237121582,
                    0.01152994018048048,
                    0.19873565435409546,
                    0.8011289238929749
                ],
                [
                    0.1990697979927063,
                    0.05675984546542168,
                    0.9783402681350708,
                    3.943815231323242
                ],
                [
                    0.0,
                    0.9983212351799011,
                    -0.05791908875107765,
                    -0.23347929120063782
                ],
                [
                    0.0,
                    0.0,
                    0.0,
                    1.0
                ]
            ]
        },
        {
            "file_path": "/data/shapenet_blender/all_50_random/02958343/9676e8250cdd90307d5394224a6aa067/r_40",
            "rotation": 0.12566370614359174,
            "transform_matrix": [
                [
                    0.4411464333534241,
                    -0.06391704082489014,
                    0.8951560854911804,
                    3.608489513397217
                ],
                [
                    0.8974351286888123,
                    0.031419288367033005,
                    -0.4400261640548706,
                    -1.7738021612167358
                ],
                [
                    3.725290298461914e-09,
                    0.9974604845046997,
                    0.07122189551591873,
                    0.28710463643074036
                ],
                [
                    0.0,
                    0.0,
                    0.0,
                    1.0
                ]
            ]
        },
        {
            "file_path": "/data/shapenet_blender/all_50_random/02958343/9676e8250cdd90307d5394224a6aa067/r_41",
            "rotation": 0.12566370614359174,
            "transform_matrix": [
                [
                    -0.7541304230690002,
                    0.5027270317077637,
                    0.42255502939224243,
                    1.7033740282058716
                ],
                [
                    0.6567246913909912,
                    0.57729172706604,
                    0.48522859811782837,
                    1.9560192823410034
                ],
                [
