{
    "class": "02958343",
    "model": "eb144af0fef08314f00cd8c386c592fe",
    "remove_doubles": true,
    "edge_split": true,
    "denoise": true,
    "camera_angle_x": 0.6911112070083618,
    "scale_factor": 2.2916489750374383,
    "hdri_file": "/data/IndoorHDRDataset2018/9C4A0330-55d4beffc9.exr",
    "center_offset": [
        0.0,
        -2.444721758365631e-09,
        -3.725290298461914e-09
    ],
    "lights": [],
    "frames": [
        {
            "file_path": "/data/shapenet_blender/all_50_random/02958343/eb144af0fef08314f00cd8c386c592fe/r_0",
            "rotation": 0.12566370614359174,
            "transform_matrix": [
                [
                    0.31840524077415466,
                    -0.45962387323379517,
                    0.8290741443634033,
                    3.34210467338562
                ],
                [
                    0.9479545950889587,
                    0.15438149869441986,
                    -0.278474897146225,
                    -1.1225682497024536
                ],
                [
                    0.0,
                    0.8745926022529602,
                    0.48485851287841797,
                    1.9545270204544067
                ],
                [
                    0.0,
                    0.0,
                    0.0,
                    1.0
                ]
            ]
        },
        {
            "file_path": "/data/shapenet_blender/all_50_random/02958343/eb144af0fef08314f00cd8c386c592fe/r_1",
            "rotation": 0.12566370614359174,
            "transform_matrix": [
                [
                    -0.882369875907898,
                    0.11601301282644272,
                    -0.45603105425834656,
                    -1.838320016860962
                ],
                [
                    -0.47055643796920776,
                    -0.21754328906536102,
                    0.8551324605941772,
                    3.4471492767333984
                ],
                [
                    0.0,
                    0.9691314697265625,
                    0.24654431641101837,
                    0.993851900100708
                ],
                [
                    0.0,
                    0.0,
                    0.0,
                    1.0
                ]
            ]
        },
        {
            "file_path": "/data/shapenet_blender/all_50_random/02958343/eb144af0fef08314f00cd8c386c592fe/r_2",
            "rotation": 0.12566370614359174,
            "transform_matrix": [
                [
                    0.7106565833091736,
                    -0.02315342240035534,
                    -0.7031579613685608,
                    -2.8345203399658203
                ],
                [
                    -0.7035390138626099,
                    -0.023387663066387177,
                    -0.7102717161178589,
                    -2.863196849822998
                ],
                [
                    0.0,
                    0.9994582533836365,
                    -0.03290993347764015,
                    -0.13266418874263763
                ],
                [
                    0.0,
                    0.0,
                    0.0,
                    1.0
                ]
            ]
        },
        {
            "file_path": "/data/shapenet_blender/all_50_random/02958343/eb144af0fef08314f00cd8c386c592fe/r_3",
            "rotation": 0.12566370614359174,
            "transform_matrix": [
                [
                    -0.9999911189079285,
                    0.0013611646136268973,
                    -0.00398621940985322,
                    -0.016068965196609497
                ],
                [
                    -0.0042122104205191135,
                    -0.32314446568489075,
                    0.9463402032852173,
                    3.8148193359375
                ],
                [
                    1.1641533570472262e-10,
                    0.9463485479354858,
                    0.32314738631248474,
                    1.3026487827301025
                ],
                [
                    0.0,
                    0.0,
                    0.0,
                    1.0
                ]
            ]
        },
        {
            "file_path": "/data/shapenet_blender/all_50_random/02958343/eb144af0fef08314f00cd8c386c592fe/r_4",
            "rotation": 0.12566370614359174,
            "transform_matrix": [
                [
                    0.1289035826921463,
                    0.20269982516765594,
                    0.970719575881958,
                    3.9130959510803223
                ],
                [
                    0.9916570782661438,
                    -0.026348557323217392,
                    -0.126181960105896,
                    -0.5086557865142822
                ],
                [
                    -1.8626450382086546e-09,
                    0.9788863658905029,
                    -0.20440512895584106,
                    -0.8239834904670715
                ],
                [
                    0.0,
                    0.0,
                    0.0,
                    1.0
                ]
            ]
        },
        {
            "file_path": "/data/shapenet_blender/all_50_random/02958343/eb144af0fef08314f00cd8c386c592fe/r_5",
            "rotation": 0.12566370614359174,
            "transform_matrix": [
                [
                    0.7635694146156311,
                    0.42753714323043823,
                    -0.4839150607585907,
                    -1.9507238864898682
                ],
                [
                    -0.6457258462905884,
                    0.5055617690086365,
                    -0.5722285509109497,
                    -2.3067269325256348
                ],
                [
                    -1.4901159417490817e-08,
                    0.7494127750396729,
                    0.6621032357215881,
                    2.6690235137939453
                ],
                [
                    0.0,
                    0.0,
                    0.0,
                    1.0
                ]
            ]
        },
        {
            "file_path": "/data/shapenet_blender/all_50_random/02958343/eb144af0fef08314f00cd8c386c592fe/r_6",
            "rotation": 0.12566370614359174,
            "transform_matrix": [
                [
                    -0.9947310090065002,
                    -0.01982698030769825,
                    0.1005840003490448,
                    0.40546706318855286
                ],
                [
                    0.10251951217651367,
                    -0.19237811863422394,
                    0.9759510159492493,
                    3.9341843128204346
                ],
                [
                    -1.862645149230957e-09,
                    0.9811205267906189,
                    0.1933971345424652,
                    0.7796087861061096
                ],
                [
                    0.0,
                    0.0,
                    0.0,
                    1.0
                ]
            ]
        },
        {
            "file_path": "/data/shapenet_blender/all_50_random/02958343/eb144af0fef08314f00cd8c386c592fe/r_7",
            "rotation": 0.12566370614359174,
            "transform_matrix": [
                [
                    0.1819797307252884,
                    0.20093435049057007,
                    0.9625533223152161,
                    3.880176067352295
                ],
                [
                    0.9833023548126221,
                    -0.037186913192272186,
                    -0.17813971638679504,
                    -0.7181040644645691
                ],
                [
                    0.0,
                    0.9788985848426819,
                    -0.20434649288654327,
                    -0.8237469792366028
                ],
                [
                    0.0,
                    0.0,
                    0.0,
                    1.0
                ]
            ]
        },
        {
            "file_path": "/data/shapenet_blender/all_50_random/02958343/eb144af0fef08314f00cd8c386c592fe/r_8",
            "rotation": 0.12566370614359174,
            "transform_matrix": [
                [
                    -0.5404818654060364,
                    -0.16468285024166107,
                    0.8250810503959656,
                    3.3260083198547363
                ],
                [
                    0.8413556814193726,
                    -0.10579128563404083,
                    0.5300271511077881,
                    2.136608123779297
                ],
                [
                    0.0,
                    0.9806566834449768,
                    0.1957351118326187,
                    0.7890335321426392
                ],
                [
                    0.0,
                    0.0,
                    0.0,
                    1.0
                ]
            ]
        },
        {
            "file_path": "/data/shapenet_blender/all_50_random/02958343/eb144af0fef08314f00cd8c386c592fe/r_9",
            "rotation": 0.12566370614359174,
            "transform_matrix": [
                [
                    0.9651339054107666,
                    -0.0964144840836525,
                    0.24335335195064545,
                    0.9809887409210205
                ],
                [
                    0.2617567777633667,
                    0.3554937243461609,
                    -0.8972778916358948,
                    -3.6170427799224854
                ],
                [
                    -7.450580596923828e-09,
                    0.9296926259994507,
                    0.36833617091178894,
                    1.4848105907440186
                ],
                [
                    0.0,
                    0.0,
                    0.0,
                    1.0
                ]
            ]
        },
        {
            "file_path": "/data/shapenet_blender/all_50_random/02958343/eb144af0fef08314f00cd8c386c592fe/r_10",
            "rotation": 0.12566370614359174,
            "transform_matrix": [
                [
                    -0.06823853403329849,
                    -0.9682647585868835,
                    0.24043050408363342,
                    0.9692063927650452
                ],
                [
                    0.997668981552124,
                    -0.06622734665870667,
                    0.016444958746433258,
                    0.06629174947738647
                ],
                [
                    0.0,
                    0.24099205434322357,
                    0.9705270528793335,
                    3.9123196601867676
                ],
                [
                    0.0,
                    0.0,
                    0.0,
                    1.0
                ]
            ]
        },
        {
            "file_path": "/data/shapenet_blender/all_50_random/02958343/eb144af0fef08314f00cd8c386c592fe/r_11",
            "rotation": 0.12566370614359174,
            "transform_matrix": [
                [
                    -0.8405007719993591,
                    0.4618193507194519,
                    0.2833395302295685,
                    1.1421782970428467
                ],
                [
                    0.5418103337287903,
                    0.7164121270179749,
                    0.4395395815372467,
                    1.7718408107757568
                ],
                [
                    0.0,
                    0.522949755191803,
                    -0.8523635268211365,
                    -3.4359874725341797
                ],
                [
                    0.0,
                    0.0,
                    0.0,
                    1.0
                ]
            ]
        },
        {
            "file_path": "/data/shapenet_blender/all_50_random/02958343/eb144af0fef08314f00cd8c386c592fe/r_12",
            "rotation": 0.12566370614359174,
            "transform_matrix": [
                [
                    -0.2302306443452835,
                    0.16705618798732758,
                    -0.9586897492408752,
                    -3.8646020889282227
                ],
                [
                    -0.9731360673904419,
                    -0.039523202925920486,
                    0.22681283950805664,
                    0.9143118262290955
                ],
                [
                    -3.725290298461914e-09,
                    0.9851548075675964,
                    0.17166787385940552,
                    0.6920153498649597
                ],
                [
                    0.0,
                    0.0,
                    0.0,
                    1.0
                ]
            ]
        },
        {
            "file_path": "/data/shapenet_blender/all_50_random/02958343/eb144af0fef08314f00cd8c386c592fe/r_13",
            "rotation": 0.12566370614359174,
            "transform_matrix": [
                [
                    -0.969727098941803,
                    -0.06677623838186264,
                    0.23488356173038483,
                    0.9468460083007812
                ],
                [
                    0.2441912591457367,
                    -0.265180379152298,
                    0.9327645897865295,
                    3.76009464263916
                ],
                [
                    0.0,
                    0.9618837833404541,
                    0.27345871925354004,
                    1.102347493171692
                ],
                [
                    0.0,
                    0.0,
                    0.0,
                    1.0
                ]
            ]
        },
        {
            "file_path": "/data/shapenet_blender/all_50_random/02958343/eb144af0fef08314f00cd8c386c592fe/r_14",
            "rotation": 0.12566370614359174,
            "transform_matrix": [
                [
                    0.46548521518707275,
                    -0.8436033129692078,
                    0.2676880359649658,
                    1.0790849924087524
                ],
                [
                    0.8850556015968323,
                    0.44368383288383484,
                    -0.14078755676746368,
                    -0.5675327777862549
                ],
                [
                    -7.450580596923828e-09,
                    0.3024531900882721,
                    0.9531641602516174,
                    3.84232759475708
                ],
                [
                    0.0,
                    0.0,
                    0.0,
                    1.0
                ]
            ]
        },
        {
            "file_path": "/data/shapenet_blender/all_50_random/02958343/eb144af0fef08314f00cd8c386c592fe/r_15",
            "rotation": 0.12566370614359174,
            "transform_matrix": [
                [
                    -0.646789014339447,
                    0.22325962781906128,
                    0.7292592525482178,
                    2.9397380352020264
                ],
                [
                    0.7626689672470093,
                    0.1893375664949417,
                    0.6184556484222412,
                    2.493074417114258
                ],
                [
                    0.0,
                    0.9561936259269714,
                    -0.29273462295532227,
                    -1.1800509691238403
                ],
                [
                    0.0,
                    0.0,
                    0.0,
                    1.0
                ]
            ]
        },
        {
            "file_path": "/data/shapenet_blender/all_50_random/02958343/eb144af0fef08314f00cd8c386c592fe/r_16",
            "rotation": 0.12566370614359174,
            "transform_matrix": [
                [
                    0.16426809132099152,
                    0.7812423706054688,
                    -0.6022260189056396,
                    -2.4276509284973145
                ],
                [
                    -0.9864157438278198,
                    0.13010050356388092,
                    -0.10028886795043945,
                    -0.40427738428115845
                ],
                [
                    0.0,
                    0.610519528388977,
                    0.7920011281967163,
                    3.1926589012145996
                ],
                [
                    0.0,
                    0.0,
                    0.0,
                    1.0
                ]
            ]
        },
        {
            "file_path": "/data/shapenet_blender/all_50_random/02958343/eb144af0fef08314f00cd8c386c592fe/r_17",
            "rotation": 0.12566370614359174,
            "transform_matrix": [
                [
                    -0.9308270215988159,
                    -0.16751693189144135,
                    -0.32480645179748535,
                    -1.3093366622924805
                ],
                [
                    -0.36546018719673157,
                    0.42666560411453247,
                    0.8272818922996521,
                    3.3348798751831055
                ],
                [
                    1.4901162970204496e-08,
                    0.888759970664978,
                    -0.45837265253067017,
                    -1.8477592468261719
                ],
                [
                    0.0,
                    0.0,
                    0.0,
                    1.0
                ]
            ]
        },
        {
            "file_path": "/data/shapenet_blender/all_50_random/02958343/eb144af0fef08314f00cd8c386c592fe/r_18",
            "rotation": 0.12566370614359174,
            "transform_matrix": [
                [
                    -0.9717307686805725,
                    -0.01228942722082138,
                    -0.2357715517282486,
                    -0.9504255056381226
                ],
                [
                    -0.23609162867069244,
                    0.05058211833238602,
                    0.9704133868217468,
                    3.9118614196777344
                ],
                [
                    0.0,
                    0.998644232749939,
                    -0.05205363407731056,
                    -0.20983490347862244
                ],
                [
                    0.0,
                    0.0,
                    0.0,
                    1.0
                ]
            ]
        },
        {
            "file_path": "/data/shapenet_blender/all_50_random/02958343/eb144af0fef08314f00cd8c386c592fe/r_19",
            "rotation": 0.12566370614359174,
            "transform_matrix": [
                [
                    -0.20473581552505493,
                    0.19488568603992462,
                    0.9592198133468628,
                    3.86673903465271
                ],
                [
                    0.9788172841072083,
                    0.04076356068253517,
                    0.20063668489456177,
                    0.8087924122810364
                ],
                [
                    3.725290298461914e-09,
                    0.9799785017967224,
                    -0.1991032063961029,
                    -0.8026107549667358
                ],
                [
                    0.0,
                    0.0,
                    0.0,
                    1.0
                ]
            ]
        },
        {
            "file_path": "/data/shapenet_blender/all_50_random/02958343/eb144af0fef08314f00cd8c386c592fe/r_20",
            "rotation": 0.12566370614359174,
            "transform_matrix": [
                [
                    -0.029939964413642883,
                    -0.23600022494792938,
                    -0.9712916612625122,
                    -3.9154019355773926
                ],
                [
                    -0.9995517730712891,
                    0.007069006562232971,
                    0.029093477874994278,
                    0.11727955937385559
                ],
                [
                    0.0,
                    0.971727192401886,
                    -0.23610608279705048,
                    -0.9517740607261658
                ],
                [
                    0.0,
                    0.0,
                    0.0,
                    1.0
                ]
            ]
        },
        {
            "file_path": "/data/shapenet_blender/all_50_random/02958343/eb144af0fef08314f00cd8c386c592fe/r_21",
            "rotation": 0.12566370614359174,
            "transform_matrix": [
                [
                    -0.8733181357383728,
                    -0.11418652534484863,
                    0.4735787808895111,
                    1.9090571403503418
                ],
                [
                    0.4871503412723541,
                    -0.20470306277275085,
                    0.8489882946014404,
                    3.4223814010620117
                ],
                [
                    0.0,
                    0.9721410274505615,
                    0.23439686000347137,
                    0.9448839426040649
                ],
                [
                    0.0,
                    0.0,
                    0.0,
                    1.0
                ]
            ]
        },
        {
            "file_path": "/data/shapenet_blender/all_50_random/02958343/eb144af0fef08314f00cd8c386c592fe/r_22",
            "rotation": 0.12566370614359174,
            "transform_matrix": [
                [
                    0.4664885997772217,
                    -0.32966071367263794,
                    0.820799708366394,
                    3.3087494373321533
                ],
                [
                    0.8845272064208984,
                    0.17385894060134888,
                    -0.4328795075416565,
                    -1.7449930906295776
                ],
                [
                    0.0,
                    0.9279529452323914,
                    0.3726971447467804,
                    1.5023902654647827
                ],
                [
                    0.0,
                    0.0,
                    0.0,
                    1.0
                ]
            ]
        },
        {
            "file_path": "/data/shapenet_blender/all_50_random/02958343/eb144af0fef08314f00cd8c386c592fe/r_23",
            "rotation": 0.12566370614359174,
            "transform_matrix": [
                [
                    -0.7502561211585999,
                    -0.09239435940980911,
                    0.6546594500541687,
                    2.63901686668396
                ],
                [
                    0.6611473560333252,
                    -0.10484718531370163,
                    0.7428938150405884,
                    2.9947009086608887
                ],
                [
                    0.0,
                    0.9901869893074036,
                    0.13974852859973907,
                    0.563344419002533
                ],
                [
                    0.0,
                    0.0,
                    0.0,
                    1.0
                ]
            ]
        },
        {
            "file_path": "/data/shapenet_blender/all_50_random/02958343/eb144af0fef08314f00cd8c386c592fe/r_24",
            "rotation": 0.12566370614359174,
            "transform_matrix": [
                [
                    -0.3328821659088135,
                    0.30281275510787964,
                    0.8930250406265259,
                    3.5998992919921875
                ],
                [
                    0.9429683685302734,
                    0.1068975105881691,
                    0.3152514398097992,
                    1.2708193063735962
                ],
                [
                    7.450580596923828e-09,
                    0.9470359683036804,
                    -0.32112711668014526,
                    -1.2945048809051514
                ],
                [
                    0.0,
                    0.0,
                    0.0,
                    1.0
                ]
            ]
        },
        {
            "file_path": "/data/shapenet_blender/all_50_random/02958343/eb144af0fef08314f00cd8c386c592fe/r_25",
            "rotation": 0.12566370614359174,
            "transform_matrix": [
                [
                    -0.20149655640125275,
                    0.4087924659252167,
                    0.8901055455207825,
                    3.588130235671997
                ],
                [
                    0.9794891476631165,
                    0.08409513533115387,
                    0.18310892581939697,
                    0.7381356954574585
                ],
                [
                    0.0,
                    0.9087446928024292,
                    -0.4173526167869568,
                    -1.68240225315094
                ],
                [
                    0.0,
                    0.0,
                    0.0,
                    1.0
                ]
            ]
        },
        {
            "file_path": "/data/shapenet_blender/all_50_random/02958343/eb144af0fef08314f00cd8c386c592fe/r_26",
            "rotation": 0.12566370614359174,
            "transform_matrix": [
                [
                    0.1670871376991272,
                    0.4293593168258667,
                    -0.8875429630279541,
                    -3.5778000354766846
                ],
                [
                    -0.9859421849250793,
                    0.07276330888271332,
                    -0.1504114717245102,
                    -0.606328010559082
                ],
                [
                    -7.450580596923828e-09,
                    0.9001978039741516,
                    0.4354812502861023,
                    1.7554811239242554
                ],
                [
                    0.0,
                    0.0,
                    0.0,
                    1.0
                ]
            ]
        },
        {
            "file_path": "/data/shapenet_blender/all_50_random/02958343/eb144af0fef08314f00cd8c386c592fe/r_27",
            "rotation": 0.12566370614359174,
            "transform_matrix": [
                [
                    -0.7632189989089966,
                    -0.029537469148635864,
                    -0.645464301109314,
                    -2.60194993019104
                ],
                [
                    -0.6461397409439087,
                    0.03488960117101669,
                    0.7624211311340332,
                    3.073417901992798
                ],
                [
                    1.8626450382086546e-09,
                    0.9989545941352844,
                    -0.04571374133229256,
                    -0.1842779815196991
                ],
                [
                    0.0,
                    0.0,
                    0.0,
                    1.0
                ]
            ]
        },
        {
            "file_path": "/data/shapenet_blender/all_50_random/02958343/eb144af0fef08314f00cd8c386c592fe/r_28",
            "rotation": 0.12566370614359174,
            "transform_matrix": [
                [
                    -0.36798912286758423,
                    0.5388696789741516,
                    0.7577620148658752,
                    3.0546367168426514
                ],
                [
                    0.9298301935195923,
                    0.21326281130313873,
                    0.29989150166511536,
                    1.2089014053344727
                ],
                [
                    -1.4901162970204496e-08,
                    0.8149468302726746,
                    -0.5795356035232544,
                    -2.3361830711364746
                ],
                [
                    0.0,
                    0.0,
                    0.0,
                    1.0
                ]
            ]
        },
        {
            "file_path": "/data/shapenet_blender/all_50_random/02958343/eb144af0fef08314f00cd8c386c592fe/r_29",
            "rotation": 0.12566370614359174,
            "transform_matrix": [
                [
                    -0.019975977018475533,
                    -0.18099834024906158,
                    -0.9832804799079895,
                    -3.9637303352355957
                ],
                [
                    -0.9998003840446472,
                    0.0036163406912237406,
                    0.01964591071009636,
                    0.07919520139694214
                ],
                [
                    -2.3283062977608182e-10,
                    0.9834766983985901,
                    -0.18103446066379547,
                    -0.729773223400116
                ],
                [
                    0.0,
                    0.0,
                    0.0,
                    1.0
                ]
            ]
        },
        {
            "file_path": "/data/shapenet_blender/all_50_random/02958343/eb144af0fef08314f00cd8c386c592fe/r_30",
            "rotation": 0.12566370614359174,
            "transform_matrix": [
                [
                    0.7236773371696472,
                    -0.20377886295318604,
                    0.6593673229217529,
                    2.6579947471618652
                ],
                [
                    0.6901385188102722,
                    0.21368196606636047,
                    -0.6914107799530029,
                    -2.787166118621826
                ],
                [
                    0.0,
                    0.9554130434989929,
                    0.29527243971824646,
                    1.1902812719345093
                ],
                [
                    0.0,
                    0.0,
                    0.0,
                    1.0
                ]
            ]
        },
        {
            "file_path": "/data/shapenet_blender/all_50_random/02958343/eb144af0fef08314f00cd8c386c592fe/r_31",
            "rotation": 0.12566370614359174,
            "transform_matrix": [
                [
                    -0.026557303965091705,
                    -0.3040868043899536,
                    0.9522740840911865,
                    3.8387396335601807
                ],
                [
                    0.9996473789215088,
                    -0.00807857420295477,
                    0.025298751890659332,
                    0.10198253393173218
                ],
                [
                    4.656613428188905e-10,
                    0.9526100754737854,
                    0.3041940927505493,
                    1.226245641708374
                ],
                [
                    0.0,
                    0.0,
                    0.0,
                    1.0
                ]
            ]
        },
        {
            "file_path": "/data/shapenet_blender/all_50_random/02958343/eb144af0fef08314f00cd8c386c592fe/r_32",
            "rotation": 0.12566370614359174,
            "transform_matrix": [
                [
                    0.8239617943763733,
                    -0.013253909535706043,
                    0.5664903521537781,
                    2.283595561981201
                ],
                [
                    0.5666454434394836,
                    0.019272571429610252,
                    -0.823736310005188,
                    -3.320587158203125
                ],
                [
                    0.0,
                    0.9997263550758362,
                    0.02339012734591961,
                    0.09428861737251282
                ],
                [
                    0.0,
                    0.0,
                    0.0,
                    1.0
                ]
            ]
        },
        {
            "file_path": "/data/shapenet_blender/all_50_random/02958343/eb144af0fef08314f00cd8c386c592fe/r_33",
            "rotation": 0.12566370614359174,
            "transform_matrix": [
                [
                    -0.5016376972198486,
                    -0.7254837155342102,
                    -0.47120368480682373,
                    -1.8994828462600708
                ],
                [
                    -0.865077793598175,
                    0.42069047689437866,
                    0.2732396423816681,
                    1.1014642715454102
                ],
                [
                    0.0,
                    0.5446950197219849,
                    -0.8386340737342834,
                    -3.3806421756744385
                ],
                [
                    0.0,
                    0.0,
                    0.0,
                    1.0
                ]
            ]
        },
        {
            "file_path": "/data/shapenet_blender/all_50_random/02958343/eb144af0fef08314f00cd8c386c592fe/r_34",
            "rotation": 0.12566370614359174,
            "transform_matrix": [
                [
                    -0.7144224047660828,
                    0.10674117505550385,
                    0.6915249824523926,
                    2.7876265048980713
                ],
                [
                    0.6997146010398865,
                    0.10898485034704208,
                    0.7060606479644775,
                    2.846221685409546
                ],
                [
                    -7.450580152834618e-09,
                    0.9882957935333252,
                    -0.15254956483840942,
                    -0.6149470210075378
                ],
                [
                    0.0,
                    0.0,
                    0.0,
                    1.0
                ]
            ]
        },
        {
            "file_path": "/data/shapenet_blender/all_50_random/02958343/eb144af0fef08314f00cd8c386c592fe/r_35",
            "rotation": 0.12566370614359174,
            "transform_matrix": [
                [
                    0.86849445104599,
                    0.2357252687215805,
                    0.4360630512237549,
                    1.757826328277588
                ],
                [
                    0.4956988990306854,
                    -0.41300493478775024,
                    -0.7640088796615601,
                    -3.0798182487487793
                ],
                [
                    0.0,
                    0.8796935081481934,
                    -0.47554126381874084,
                    -1.9169681072235107
                ],
                [
                    0.0,
                    0.0,
                    0.0,
                    1.0
                ]
            ]
        },
        {
            "file_path": "/data/shapenet_blender/all_50_random/02958343/eb144af0fef08314f00cd8c386c592fe/r_36",
            "rotation": 0.12566370614359174,
            "transform_matrix": [
                [
                    0.7681974768638611,
                    -0.4337586462497711,
                    -0.47087806463241577,
                    -1.8981703519821167
                ],
                [
                    -0.6402130722999573,
                    -0.5204708576202393,
                    -0.5650107860565186,
                    -2.2776315212249756
                ],
                [
                    0.0,
                    0.7355020642280579,
                    -0.6775223016738892,
                    -2.73117995262146
                ],
                [
                    0.0,
                    0.0,
                    0.0,
                    1.0
                ]
            ]
        },
        {
            "file_path": "/data/shapenet_blender/all_50_random/02958343/eb144af0fef08314f00cd8c386c592fe/r_37",
            "rotation": 0.12566370614359174,
            "transform_matrix": [
                [
                    0.9578088521957397,
                    0.007917521521449089,
                    -0.2872968912124634,
                    -1.1581307649612427
                ],
                [
                    -0.28740599751472473,
                    0.026385921984910965,
                    -0.9574453234672546,
                    -3.8595855236053467
                ],
                [
                    -9.313225746154785e-10,
                    0.9996204972267151,
                    0.027548212558031082,
                    0.11105039715766907
                ],
                [
                    0.0,
                    0.0,
                    0.0,
                    1.0
                ]
            ]
        },
        {
            "file_path": "/data/shapenet_blender/all_50_random/02958343/eb144af0fef08314f00cd8c386c592fe/r_38",
            "rotation": 0.12566370614359174,
            "transform_matrix": [
                [
                    -0.9846361875534058,
                    0.1284102201461792,
                    -0.11833176761865616,
                    -0.4770106077194214
                ],
                [
                    -0.1746184080839157,
                    -0.7240779399871826,
                    0.6672476530075073,
                    2.6897614002227783
                ],
                [
                    -7.450581485102248e-09,
                    0.6776590943336487,
                    0.7353761196136475,
                    2.9643959999084473
                ],
                [
                    0.0,
                    0.0,
                    0.0,
                    1.0
                ]
            ]
        },
        {
            "file_path": "/data/shapenet_blender/all_50_random/02958343/eb144af0fef08314f00cd8c386c592fe/r_39",
            "rotation": 0.12566370614359174,
            "transform_matrix": [
                [
                    0.7627860903739929,
                    -0.1304003745317459,
                    -0.633366584777832,
                    -2.553182363510132
                ],
                [
                    -0.646651029586792,
                    -0.15381957590579987,
                    -0.7471157908439636,
                    -3.0117201805114746
                ],
                [
                    0.0,
                    0.9794566035270691,
                    -0.20165494084358215,
                    -0.8128970861434937
                ],
                [
                    0.0,
                    0.0,
                    0.0,
                    1.0
                ]
            ]
        },
        {
            "file_path": "/data/shapenet_blender/all_50_random/02958343/eb144af0fef08314f00cd8c386c592fe/r_40",
            "rotation": 0.12566370614359174,
            "transform_matrix": [
                [
                    0.06459517776966095,
                    0.860720157623291,
                    -0.5049635171890259,
                    -2.0355730056762695
                ],
                [
                    -0.9979115128517151,
                    0.05571473762392998,
                    -0.03268647566437721,
                    -0.13176339864730835
                ],
                [
                    1.8626450382086546e-09,
                    0.5060204267501831,
                    0.8625215291976929,
                    3.476935386657715
                ],
                [
                    0.0,
                    0.0,
                    0.0,
                    1.0
                ]
            ]
        },
        {
            "file_path": "/data/shapenet_blender/all_50_random/02958343/eb144af0fef08314f00cd8c386c592fe/r_41",
            "rotation": 0.12566370614359174,
            "transform_matrix": [
                [
                    -0.8141617178916931,
                    0.1398967206478119,
                    0.5635331869125366,
                    2.2716751098632812
                ],
                [
                    0.5806383490562439,
                    0.1961609572172165,
                    0.7901771664619446,
                    3.1853063106536865
                ],
                [
