{
    "class": "02958343",
    "model": "543a6562ae746ed45daf03c341f7f599",
    "remove_doubles": true,
    "edge_split": true,
    "denoise": true,
    "camera_angle_x": 0.6911112070083618,
    "scale_factor": 2.3116496853471515,
    "hdri_file": "/data/IndoorHDRDataset2018/AG8A6645-bb03793da3.exr",
    "center_offset": [
        0.0,
        -1.862645149230957e-09,
        -3.725290298461914e-09
    ],
    "lights": [],
    "frames": [
        {
            "file_path": "/data/shapenet_blender/all_50_random/02958343/543a6562ae746ed45daf03c341f7f599/r_0",
            "rotation": 0.12566370614359174,
            "transform_matrix": [
                [
                    0.755739688873291,
                    0.01910160854458809,
                    -0.6545934081077576,
                    -2.6387503147125244
                ],
                [
                    -0.6548720598220825,
                    0.02204376645386219,
                    -0.7554182410240173,
                    -3.0451884269714355
                ],
                [
                    9.313224635931761e-10,
                    0.9995745420455933,
                    0.02916845865547657,
                    0.1175818145275116
                ],
                [
                    0.0,
                    0.0,
                    0.0,
                    1.0
                ]
            ]
        },
        {
            "file_path": "/data/shapenet_blender/all_50_random/02958343/543a6562ae746ed45daf03c341f7f599/r_1",
            "rotation": 0.12566370614359174,
            "transform_matrix": [
                [
                    -0.8781896829605103,
                    -0.04967767000198364,
                    -0.47572585940361023,
                    -1.9177120923995972
                ],
                [
                    -0.478312611579895,
                    0.09120901674032211,
                    0.8734403848648071,
                    3.5209503173828125
                ],
                [
                    0.0,
                    0.9945917725563049,
                    -0.1038602888584137,
                    -0.41867417097091675
                ],
                [
                    0.0,
                    0.0,
                    0.0,
                    1.0
                ]
            ]
        },
        {
            "file_path": "/data/shapenet_blender/all_50_random/02958343/543a6562ae746ed45daf03c341f7f599/r_2",
            "rotation": 0.12566370614359174,
            "transform_matrix": [
                [
                    0.46013307571411133,
                    -0.5321112871170044,
                    0.7107284069061279,
                    2.8650381565093994
                ],
                [
                    0.8878499865531921,
                    0.27576956152915955,
                    -0.36833885312080383,
                    -1.4848215579986572
                ],
                [
                    0.0,
                    0.8005051016807556,
                    0.5993257164955139,
                    2.415959596633911
                ],
                [
                    0.0,
                    0.0,
                    0.0,
                    1.0
                ]
            ]
        },
        {
            "file_path": "/data/shapenet_blender/all_50_random/02958343/543a6562ae746ed45daf03c341f7f599/r_3",
            "rotation": 0.12566370614359174,
            "transform_matrix": [
                [
                    0.8826747536659241,
                    -0.23048019409179688,
                    0.4095901548862457,
                    1.6511108875274658
                ],
                [
                    0.4699843227863312,
                    0.4328635036945343,
                    -0.7692488431930542,
                    -3.1009414196014404
                ],
                [
                    0.0,
                    0.8714974522590637,
                    0.4903997778892517,
                    1.9768648147583008
                ],
                [
                    0.0,
                    0.0,
                    0.0,
                    1.0
                ]
            ]
        },
        {
            "file_path": "/data/shapenet_blender/all_50_random/02958343/543a6562ae746ed45daf03c341f7f599/r_4",
            "rotation": 0.12566370614359174,
            "transform_matrix": [
                [
                    0.5726481080055237,
                    0.4782930314540863,
                    -0.6658152341842651,
                    -2.6839871406555176
                ],
                [
                    -0.8198013305664062,
                    0.3340975344181061,
                    -0.4650856554508209,
                    -1.8748202323913574
                ],
                [
                    0.0,
                    0.8121665120124817,
                    0.5834255814552307,
                    2.3518638610839844
                ],
                [
                    0.0,
                    0.0,
                    0.0,
                    1.0
                ]
            ]
        },
        {
            "file_path": "/data/shapenet_blender/all_50_random/02958343/543a6562ae746ed45daf03c341f7f599/r_5",
            "rotation": 0.12566370614359174,
            "transform_matrix": [
                [
                    -0.2646939754486084,
                    -0.6091234683990479,
                    0.7475998401641846,
                    3.013671398162842
                ],
                [
                    0.9643324017524719,
                    -0.16719476878643036,
                    0.2052043229341507,
                    0.8272050619125366
                ],
                [
                    7.450580152834618e-09,
                    0.7752511501312256,
                    0.6316530704498291,
                    2.5462749004364014
                ],
                [
                    0.0,
                    0.0,
                    0.0,
                    1.0
                ]
            ]
        },
        {
            "file_path": "/data/shapenet_blender/all_50_random/02958343/543a6562ae746ed45daf03c341f7f599/r_6",
            "rotation": 0.12566370614359174,
            "transform_matrix": [
                [
                    0.9403755068778992,
                    -0.33031123876571655,
                    0.0811692327260971,
                    0.327203631401062
                ],
                [
                    0.34013816714286804,
                    0.9132071733474731,
                    -0.22440749406814575,
                    -0.9046155214309692
                ],
                [
                    -7.450580596923828e-09,
                    0.2386360615491867,
                    0.9711090326309204,
                    3.914665699005127
                ],
                [
                    0.0,
                    0.0,
                    0.0,
                    1.0
                ]
            ]
        },
        {
            "file_path": "/data/shapenet_blender/all_50_random/02958343/543a6562ae746ed45daf03c341f7f599/r_7",
            "rotation": 0.12566370614359174,
            "transform_matrix": [
                [
                    0.4011448621749878,
                    0.5952693223953247,
                    -0.6962306499481201,
                    -2.806595802307129
                ],
                [
                    -0.9160146713256836,
                    0.26068273186683655,
                    -0.30489614605903625,
                    -1.2290757894515991
                ],
                [
                    -1.4901162970204496e-08,
                    0.7600650787353516,
                    0.6498468518257141,
                    2.619616746902466
                ],
                [
                    0.0,
                    0.0,
                    0.0,
                    1.0
                ]
            ]
        },
        {
            "file_path": "/data/shapenet_blender/all_50_random/02958343/543a6562ae746ed45daf03c341f7f599/r_8",
            "rotation": 0.12566370614359174,
            "transform_matrix": [
                [
                    -0.5397250652313232,
                    -0.5320152044296265,
                    -0.652423620223999,
                    -2.6300039291381836
                ],
                [
                    -0.8418413400650024,
                    0.3410879075527191,
                    0.41828471422195435,
                    1.6861597299575806
                ],
                [
                    -1.4901161193847656e-08,
                    0.7749959230422974,
                    -0.6319660544395447,
                    -2.547536849975586
                ],
                [
                    0.0,
                    0.0,
                    0.0,
                    1.0
                ]
            ]
        },
        {
            "file_path": "/data/shapenet_blender/all_50_random/02958343/543a6562ae746ed45daf03c341f7f599/r_9",
            "rotation": 0.12566370614359174,
            "transform_matrix": [
                [
                    -0.4452539086341858,
                    -0.4663955867290497,
                    0.7643455266952515,
                    3.0811753273010254
                ],
                [
                    0.8954044580459595,
                    -0.23192253708839417,
                    0.3800828158855438,
                    1.5321627855300903
                ],
                [
                    0.0,
                    0.8536316752433777,
                    0.5208770632743835,
                    2.0997226238250732
                ],
                [
                    0.0,
                    0.0,
                    0.0,
                    1.0
                ]
            ]
        },
        {
            "file_path": "/data/shapenet_blender/all_50_random/02958343/543a6562ae746ed45daf03c341f7f599/r_10",
            "rotation": 0.12566370614359174,
            "transform_matrix": [
                [
                    0.7351089715957642,
                    -0.4625489413738251,
                    0.49564433097839355,
                    1.9980063438415527
                ],
                [
                    0.6779490113258362,
                    0.5015478134155273,
                    -0.5374335646629333,
                    -2.166464328765869
                ],
                [
                    0.0,
                    0.7310938835144043,
                    0.6822767853736877,
                    2.7503459453582764
                ],
                [
                    0.0,
                    0.0,
                    0.0,
                    1.0
                ]
            ]
        },
        {
            "file_path": "/data/shapenet_blender/all_50_random/02958343/543a6562ae746ed45daf03c341f7f599/r_11",
            "rotation": 0.12566370614359174,
            "transform_matrix": [
                [
                    0.1370619535446167,
                    -0.6861498355865479,
                    -0.7144315242767334,
                    -2.8799655437469482
                ],
                [
                    -0.9905624985694885,
                    -0.09494103491306305,
                    -0.09885431081056595,
                    -0.3984944820404053
                ],
                [
                    0.0,
                    0.7212383151054382,
                    -0.6926870346069336,
                    -2.7923107147216797
                ],
                [
                    0.0,
                    0.0,
                    0.0,
                    1.0
                ]
            ]
        },
        {
            "file_path": "/data/shapenet_blender/all_50_random/02958343/543a6562ae746ed45daf03c341f7f599/r_12",
            "rotation": 0.12566370614359174,
            "transform_matrix": [
                [
                    -0.9363897442817688,
                    -0.11101171374320984,
                    -0.33294251561164856,
                    -1.3421342372894287
                ],
                [
                    -0.3509620130062103,
                    0.29618656635284424,
                    0.8883125185966492,
                    3.580902338027954
                ],
                [
                    1.4901162970204496e-08,
                    0.9486567974090576,
                    -0.3163069784641266,
                    -1.2750742435455322
                ],
                [
                    0.0,
                    0.0,
                    0.0,
                    1.0
                ]
            ]
        },
        {
            "file_path": "/data/shapenet_blender/all_50_random/02958343/543a6562ae746ed45daf03c341f7f599/r_13",
            "rotation": 0.12566370614359174,
            "transform_matrix": [
                [
                    0.8873178362846375,
                    -0.32646700739860535,
                    0.32570886611938477,
                    1.3129745721817017
                ],
                [
                    0.46115830540657043,
                    0.628157377243042,
                    -0.6266986727714539,
                    -2.526303291320801
                ],
                [
                    1.4901161193847656e-08,
                    0.70628422498703,
                    0.7079282402992249,
                    2.853750228881836
                ],
                [
                    0.0,
                    0.0,
                    0.0,
                    1.0
                ]
            ]
        },
        {
            "file_path": "/data/shapenet_blender/all_50_random/02958343/543a6562ae746ed45daf03c341f7f599/r_14",
            "rotation": 0.12566370614359174,
            "transform_matrix": [
                [
                    0.5880414247512817,
                    0.37507906556129456,
                    0.7166051864624023,
                    2.888727903366089
                ],
                [
                    0.8088309168815613,
                    -0.27269238233566284,
                    -0.5209909081459045,
                    -2.1001815795898438
                ],
                [
                    -1.4901162970204496e-08,
                    0.8859766125679016,
                    -0.4637298882007599,
                    -1.8693549633026123
                ],
                [
                    0.0,
                    0.0,
                    0.0,
                    1.0
                ]
            ]
        },
        {
            "file_path": "/data/shapenet_blender/all_50_random/02958343/543a6562ae746ed45daf03c341f7f599/r_15",
            "rotation": 0.12566370614359174,
            "transform_matrix": [
                [
                    0.9313657283782959,
                    -0.260422945022583,
                    -0.25443610548973083,
                    -1.0256645679473877
                ],
                [
                    -0.364084929227829,
                    -0.6661880016326904,
                    -0.6508730053901672,
                    -2.6237525939941406
                ],
                [
                    -2.9802320611338473e-08,
                    0.698837161064148,
                    -0.7152808904647827,
                    -2.8833892345428467
                ],
                [
                    0.0,
                    0.0,
                    0.0,
                    1.0
                ]
            ]
        },
        {
            "file_path": "/data/shapenet_blender/all_50_random/02958343/543a6562ae746ed45daf03c341f7f599/r_16",
            "rotation": 0.12566370614359174,
            "transform_matrix": [
                [
                    -0.27031081914901733,
                    -0.23266717791557312,
                    -0.9342365860939026,
                    -3.7660281658172607
                ],
                [
                    -0.9627730250358582,
                    0.06532428413629532,
                    0.2622988522052765,
                    1.0573605298995972
                ],
                [
                    0.0,
                    0.9703601598739624,
                    -0.24166354537010193,
                    -0.9741768836975098
                ],
                [
                    0.0,
                    0.0,
                    0.0,
                    1.0
                ]
            ]
        },
        {
            "file_path": "/data/shapenet_blender/all_50_random/02958343/543a6562ae746ed45daf03c341f7f599/r_17",
            "rotation": 0.12566370614359174,
            "transform_matrix": [
                [
                    -0.9073618650436401,
                    -0.14101585745811462,
                    0.39599093794822693,
                    1.5962903499603271
                ],
                [
                    0.4203501343727112,
                    -0.30439484119415283,
                    0.8547804355621338,
                    3.4457297325134277
                ],
                [
                    7.4505792646561986e-09,
                    0.9420500993728638,
                    0.3354724049568176,
                    1.352332353591919
                ],
                [
                    0.0,
                    0.0,
                    0.0,
                    1.0
                ]
            ]
        },
        {
            "file_path": "/data/shapenet_blender/all_50_random/02958343/543a6562ae746ed45daf03c341f7f599/r_18",
            "rotation": 0.12566370614359174,
            "transform_matrix": [
                [
                    -0.6255077123641968,
                    0.29708829522132874,
                    0.7214420437812805,
                    2.9082260131835938
                ],
                [
                    0.7802181243896484,
                    0.2381782978773117,
                    0.5783864259719849,
                    2.331550359725952
                ],
                [
                    0.0,
                    0.9246671199798584,
                    -0.3807760179042816,
                    -1.5349571704864502
                ],
                [
                    0.0,
                    0.0,
                    0.0,
                    1.0
                ]
            ]
        },
        {
            "file_path": "/data/shapenet_blender/all_50_random/02958343/543a6562ae746ed45daf03c341f7f599/r_19",
            "rotation": 0.12566370614359174,
            "transform_matrix": [
                [
                    0.8410165905952454,
                    0.32172882556915283,
                    0.43495020270347595,
                    1.7533403635025024
                ],
                [
                    0.5410093069076538,
                    -0.5001379251480103,
                    -0.6761442422866821,
                    -2.7256245613098145
                ],
                [
                    0.0,
                    0.8039605617523193,
                    -0.5946825742721558,
                    -2.3972420692443848
                ],
                [
                    0.0,
                    0.0,
                    0.0,
                    1.0
                ]
            ]
        },
        {
            "file_path": "/data/shapenet_blender/all_50_random/02958343/543a6562ae746ed45daf03c341f7f599/r_20",
            "rotation": 0.12566370614359174,
            "transform_matrix": [
                [
                    0.7394342422485352,
                    0.16919994354248047,
                    -0.6516197323799133,
                    -2.626763343811035
                ],
                [
                    -0.6732288002967834,
                    0.18583910167217255,
                    -0.7157001495361328,
                    -2.885079860687256
                ],
                [
                    7.450581485102248e-09,
                    0.967902421951294,
                    0.2513260245323181,
                    1.0131276845932007
                ],
                [
                    0.0,
                    0.0,
                    0.0,
                    1.0
                ]
            ]
        },
        {
            "file_path": "/data/shapenet_blender/all_50_random/02958343/543a6562ae746ed45daf03c341f7f599/r_21",
            "rotation": 0.12566370614359174,
            "transform_matrix": [
                [
                    -0.31991568207740784,
                    -0.9441245198249817,
                    0.07926445454359055,
                    0.31952524185180664
                ],
                [
                    0.9474461078643799,
                    -0.3187941312789917,
                    0.02676452323794365,
                    0.10789124667644501
                ],
                [
                    0.0,
                    0.08366119116544724,
                    0.9964942336082458,
                    4.01699686050415
                ],
                [
                    0.0,
                    0.0,
                    0.0,
                    1.0
                ]
            ]
        },
        {
            "file_path": "/data/shapenet_blender/all_50_random/02958343/543a6562ae746ed45daf03c341f7f599/r_22",
            "rotation": 0.12566370614359174,
            "transform_matrix": [
                [
                    -0.7226781845092773,
                    -0.2375348061323166,
                    -0.649086594581604,
                    -2.6165521144866943
                ],
                [
                    -0.6911847591400146,
                    0.24835793673992157,
                    0.6786618232727051,
                    2.7357735633850098
                ],
                [
                    0.0,
                    0.9390928745269775,
                    -0.3436632454395294,
                    -1.3853509426116943
                ],
                [
                    0.0,
                    0.0,
                    0.0,
                    1.0
                ]
            ]
        },
        {
            "file_path": "/data/shapenet_blender/all_50_random/02958343/543a6562ae746ed45daf03c341f7f599/r_23",
            "rotation": 0.12566370614359174,
            "transform_matrix": [
                [
                    -0.9967222213745117,
                    -0.007743052206933498,
                    -0.08052998036146164,
                    -0.32462674379348755
                ],
                [
                    -0.0809013843536377,
                    0.09539603441953659,
                    0.9921464323997498,
                    3.9994702339172363
                ],
                [
                    -4.656613428188905e-10,
                    0.9954091310501099,
                    -0.09570978581905365,
                    -0.3858184814453125
                ],
                [
                    0.0,
                    0.0,
                    0.0,
                    1.0
                ]
            ]
        },
        {
            "file_path": "/data/shapenet_blender/all_50_random/02958343/543a6562ae746ed45daf03c341f7f599/r_24",
            "rotation": 0.12566370614359174,
            "transform_matrix": [
                [
                    0.9889007210731506,
                    -0.024298423901200294,
                    0.146577388048172,
                    0.5908723473548889
                ],
                [
                    0.1485777348279953,
                    0.1617249697446823,
                    -0.9755868315696716,
                    -3.9327163696289062
                ],
                [
                    -1.862645149230957e-09,
                    0.9865366816520691,
                    0.16354012489318848,
                    0.65925133228302
                ],
                [
                    0.0,
                    0.0,
                    0.0,
                    1.0
                ]
            ]
        },
        {
            "file_path": "/data/shapenet_blender/all_50_random/02958343/543a6562ae746ed45daf03c341f7f599/r_25",
            "rotation": 0.12566370614359174,
            "transform_matrix": [
                [
                    0.90267014503479,
                    0.0004460169584490359,
                    -0.43033280968666077,
                    -1.7347270250320435
                ],
                [
                    -0.4303330183029175,
                    0.0009355689981020987,
                    -0.9026697278022766,
                    -3.6387779712677
                ],
                [
                    2.9103826987286752e-11,
                    0.9999995231628418,
                    0.001036446075886488,
                    0.0041780476458370686
                ],
                [
                    0.0,
                    0.0,
                    0.0,
                    1.0
                ]
            ]
        },
        {
            "file_path": "/data/shapenet_blender/all_50_random/02958343/543a6562ae746ed45daf03c341f7f599/r_26",
            "rotation": 0.12566370614359174,
            "transform_matrix": [
                [
                    0.3780503273010254,
                    -0.14623971283435822,
                    0.9141618609428406,
                    3.6851043701171875
                ],
                [
                    0.9257850050926208,
                    0.05971794202923775,
                    -0.37330394983291626,
                    -1.5048363208770752
                ],
                [
                    -3.725290076417309e-09,
                    0.987445056438446,
                    0.15796291828155518,
                    0.6367688775062561
                ],
                [
                    0.0,
                    0.0,
                    0.0,
                    1.0
                ]
            ]
        },
        {
            "file_path": "/data/shapenet_blender/all_50_random/02958343/543a6562ae746ed45daf03c341f7f599/r_27",
            "rotation": 0.12566370614359174,
            "transform_matrix": [
                [
                    0.9387909173965454,
                    0.059553228318691254,
                    -0.3393007218837738,
                    -1.367764949798584
                ],
                [
                    -0.34448739886283875,
                    0.16229338943958282,
                    -0.9246562719345093,
                    -3.7274086475372314
                ],
                [
                    0.0,
                    0.9849437475204468,
                    0.17287489771842957,
                    0.6968809962272644
                ],
                [
                    0.0,
                    0.0,
                    0.0,
                    1.0
                ]
            ]
        },
        {
            "file_path": "/data/shapenet_blender/all_50_random/02958343/543a6562ae746ed45daf03c341f7f599/r_28",
            "rotation": 0.12566370614359174,
            "transform_matrix": [
                [
                    -0.736257016658783,
                    0.37005987763404846,
                    0.5665520429611206,
                    2.283844470977783
                ],
                [
                    0.6767019629478455,
                    0.4026280343532562,
                    0.6164129972457886,
                    2.4848403930664062
                ],
                [
                    -1.4901160305669237e-08,
                    0.8372253179550171,
                    -0.5468579530715942,
                    -2.2044551372528076
                ],
                [
                    0.0,
                    0.0,
                    0.0,
                    1.0
                ]
            ]
        },
        {
            "file_path": "/data/shapenet_blender/all_50_random/02958343/543a6562ae746ed45daf03c341f7f599/r_29",
            "rotation": 0.12566370614359174,
            "transform_matrix": [
                [
                    -0.29232704639434814,
                    0.38981103897094727,
                    -0.8732653260231018,
                    -3.52024507522583
                ],
                [
                    -0.9563184976577759,
                    -0.11915727704763412,
                    0.2669393718242645,
                    1.0760669708251953
                ],
                [
                    -7.450581485102248e-09,
                    0.9131532311439514,
                    0.40761637687683105,
                    1.6431541442871094
                ],
                [
                    0.0,
                    0.0,
                    0.0,
                    1.0
                ]
            ]
        },
        {
            "file_path": "/data/shapenet_blender/all_50_random/02958343/543a6562ae746ed45daf03c341f7f599/r_30",
            "rotation": 0.12566370614359174,
            "transform_matrix": [
                [
                    0.8664984107017517,
                    0.0003508224035613239,
                    -0.4991796016693115,
                    -2.0122573375701904
                ],
                [
                    -0.4991796910762787,
                    0.0006089731468819082,
                    -0.8664982318878174,
                    -3.4929661750793457
                ],
                [
                    0.0,
                    0.9999997019767761,
                    0.0007027977844700217,
                    0.002833068370819092
                ],
                [
                    0.0,
                    0.0,
                    0.0,
                    1.0
                ]
            ]
        },
        {
            "file_path": "/data/shapenet_blender/all_50_random/02958343/543a6562ae746ed45daf03c341f7f599/r_31",
            "rotation": 0.12566370614359174,
            "transform_matrix": [
                [
                    -0.560585618019104,
                    -0.6280875205993652,
                    0.5396757125854492,
                    2.175502300262451
                ],
                [
                    0.8280965089797974,
                    -0.4251881241798401,
                    0.36533716320991516,
                    1.4727212190628052
                ],
                [
                    -1.4901161193847656e-08,
                    0.6517062187194824,
                    0.7584714293479919,
                    3.0574960708618164
                ],
                [
                    0.0,
                    0.0,
                    0.0,
                    1.0
                ]
            ]
        },
        {
            "file_path": "/data/shapenet_blender/all_50_random/02958343/543a6562ae746ed45daf03c341f7f599/r_32",
            "rotation": 0.12566370614359174,
            "transform_matrix": [
                [
                    0.23322609066963196,
                    -0.7823570370674133,
                    -0.5775145292282104,
                    -2.328035593032837
                ],
                [
                    -0.9724225997924805,
                    -0.1876407116651535,
                    -0.13851122558116913,
                    -0.5583565831184387
                ],
                [
                    -7.450581485102248e-09,
                    0.5938925743103027,
                    -0.8045443296432495,
                    -3.2432219982147217
                ],
                [
                    0.0,
                    0.0,
                    0.0,
                    1.0
                ]
            ]
        },
        {
            "file_path": "/data/shapenet_blender/all_50_random/02958343/543a6562ae746ed45daf03c341f7f599/r_33",
            "rotation": 0.12566370614359174,
            "transform_matrix": [
                [
                    0.8699286580085754,
                    -0.243206188082695,
                    0.42903953790664673,
                    1.7295136451721191
                ],
                [
                    0.4931776523590088,
                    0.42899760603904724,
                    -0.7567937970161438,
                    -3.0507333278656006
                ],
                [
                    0.0,
                    0.8699492812156677,
                    0.49314114451408386,
                    1.9879153966903687
                ],
                [
                    0.0,
                    0.0,
                    0.0,
                    1.0
                ]
            ]
        },
        {
            "file_path": "/data/shapenet_blender/all_50_random/02958343/543a6562ae746ed45daf03c341f7f599/r_34",
            "rotation": 0.12566370614359174,
            "transform_matrix": [
                [
                    0.5974170565605164,
                    0.5601218342781067,
                    -0.5738956332206726,
                    -2.3134474754333496
                ],
                [
                    -0.8019307255744934,
                    0.41727590560913086,
                    -0.4275370240211487,
                    -1.7234569787979126
                ],
                [
                    0.0,
                    0.7156424522399902,
                    0.6984666585922241,
                    2.8156094551086426
                ],
                [
                    0.0,
                    0.0,
                    0.0,
                    1.0
                ]
            ]
        },
        {
            "file_path": "/data/shapenet_blender/all_50_random/02958343/543a6562ae746ed45daf03c341f7f599/r_35",
            "rotation": 0.12566370614359174,
            "transform_matrix": [
                [
                    -0.9944256544113159,
                    -0.03178304806351662,
                    0.10053636133670807,
                    0.4052750766277313
                ],
                [
                    0.10544062405824661,
                    -0.2997504770755768,
                    0.9481728672981262,
                    3.82220721244812
                ],
                [
                    -1.862645371275562e-09,
                    0.9534879326820374,
                    0.3014307916164398,
                    1.21510648727417
                ],
                [
                    0.0,
                    0.0,
                    0.0,
                    1.0
                ]
            ]
        },
        {
            "file_path": "/data/shapenet_blender/all_50_random/02958343/543a6562ae746ed45daf03c341f7f599/r_36",
            "rotation": 0.12566370614359174,
            "transform_matrix": [
                [
                    -0.2501431107521057,
                    0.4302034378051758,
                    -0.8673830032348633,
                    -3.496532917022705
                ],
                [
                    -0.968208909034729,
                    -0.11114587634801865,
                    0.22409409284591675,
                    0.9033522605895996
                ],
                [
                    7.450580596923828e-09,
                    0.8958635926246643,
                    0.4443291127681732,
                    1.791148066520691
                ],
                [
                    0.0,
                    0.0,
                    0.0,
                    1.0
                ]
            ]
        },
        {
            "file_path": "/data/shapenet_blender/all_50_random/02958343/543a6562ae746ed45daf03c341f7f599/r_37",
            "rotation": 0.12566370614359174,
            "transform_matrix": [
                [
                    -0.958299994468689,
                    0.053681425750255585,
                    0.28067663311958313,
                    1.1314438581466675
                ],
                [
                    0.28576406836509705,
                    0.1800188422203064,
                    0.9412395358085632,
                    3.7942583560943604
                ],
                [
                    -3.725290298461914e-09,
                    0.9821972846984863,
                    -0.18785224854946136,
                    -0.7572567462921143
                ],
                [
                    0.0,
                    0.0,
                    0.0,
                    1.0
                ]
            ]
        },
        {
            "file_path": "/data/shapenet_blender/all_50_random/02958343/543a6562ae746ed45daf03c341f7f599/r_38",
            "rotation": 0.12566370614359174,
            "transform_matrix": [
                [
                    0.553655207157135,
                    0.720550537109375,
                    -0.4174599051475525,
                    -1.6828347444534302
                ],
                [
                    -0.8327459692955017,
                    0.4790615737438202,
                    -0.27755028009414673,
                    -1.1188409328460693
                ],
                [
                    0.0,
                    0.5013052821159363,
                    0.8652704954147339,
                    3.4880168437957764
                ],
                [
                    0.0,
                    0.0,
                    0.0,
                    1.0
                ]
            ]
        },
        {
            "file_path": "/data/shapenet_blender/all_50_random/02958343/543a6562ae746ed45daf03c341f7f599/r_39",
            "rotation": 0.12566370614359174,
            "transform_matrix": [
                [
                    -0.4109722375869751,
                    0.8098344802856445,
                    0.4186524748802185,
                    1.687642216682434
                ],
                [
                    0.9116478562355042,
                    0.36507460474967957,
                    0.1887291669845581,
                    0.7607916593551636
                ],
                [
                    0.0,
                    0.4592261016368866,
                    -0.8883193135261536,
                    -3.58092999458313
                ],
                [
                    0.0,
                    0.0,
                    0.0,
                    1.0
                ]
            ]
        },
        {
            "file_path": "/data/shapenet_blender/all_50_random/02958343/543a6562ae746ed45daf03c341f7f599/r_40",
            "rotation": 0.12566370614359174,
            "transform_matrix": [
                [
                    0.6820811629295349,
                    0.6180478930473328,
                    -0.3908735513687134,
                    -1.5756616592407227
                ],
                [
                    -0.7312764525413513,
                    0.5764698386192322,
                    -0.3645782470703125,
                    -1.4696619510650635
                ],
                [
                    -1.4901160305669237e-08,
                    0.5345085859298706,
                    0.8451630473136902,
                    3.40696120262146
                ],
                [
                    0.0,
                    0.0,
                    0.0,
                    1.0
                ]
            ]
        },
        {
            "file_path": "/data/shapenet_blender/all_50_random/02958343/543a6562ae746ed45daf03c341f7f599/r_41",
            "rotation": 0.12566370614359174,
            "transform_matrix": [
                [
                    0.18670901656150818,
                    -0.8183584809303284,
                    -0.5435339212417603,
                    -2.1910555362701416
                ],
                [
                    -0.9824153184890747,
                    -0.15552985668182373,
                    -0.10329917073249817,
                    -0.4164122939109802
