{
    "class": "02958343",
    "model": "92a718b74a2e5e84fd2d6c7ed5a8dbd",
    "remove_doubles": true,
    "edge_split": true,
    "denoise": true,
    "camera_angle_x": 0.6911112070083618,
    "scale_factor": 2.227015243979938,
    "hdri_file": "/data/IndoorHDRDataset2018/AG8A4715-42874a83c4.exr",
    "center_offset": [
        0.0,
        0.0,
        -3.725290298461914e-09
    ],
    "lights": [],
    "frames": [
        {
            "file_path": "/data/shapenet_blender/all_50_random/02958343/92a718b74a2e5e84fd2d6c7ed5a8dbd/r_0",
            "rotation": 0.12566370614359174,
            "transform_matrix": [
                [
                    0.4790346324443817,
                    -0.7045417428016663,
                    -0.5235902070999146,
                    -2.110659599304199
                ],
                [
                    -0.8777959942817688,
                    -0.3844855725765228,
                    -0.2857359051704407,
                    -1.1518383026123047
                ],
                [
                    -1.4901160305669237e-08,
                    0.5964826941490173,
                    -0.8026258945465088,
                    -3.2354884147644043
                ],
                [
                    0.0,
                    0.0,
                    0.0,
                    1.0
                ]
            ]
        },
        {
            "file_path": "/data/shapenet_blender/all_50_random/02958343/92a718b74a2e5e84fd2d6c7ed5a8dbd/r_1",
            "rotation": 0.12566370614359174,
            "transform_matrix": [
                [
                    -0.5249321460723877,
                    0.13375630974769592,
                    0.8405685424804688,
                    3.388439893722534
                ],
                [
                    0.851144015789032,
                    0.08249249309301376,
                    0.5184098482131958,
                    2.0897769927978516
                ],
                [
                    -7.450580152834618e-09,
                    0.9875748157501221,
                    -0.15714886784553528,
                    -0.633487343788147
                ],
                [
                    0.0,
                    0.0,
                    0.0,
                    1.0
                ]
            ]
        },
        {
            "file_path": "/data/shapenet_blender/all_50_random/02958343/92a718b74a2e5e84fd2d6c7ed5a8dbd/r_2",
            "rotation": 0.12566370614359174,
            "transform_matrix": [
                [
                    -0.9999829530715942,
                    0.001632350729778409,
                    -0.005612334236502647,
                    -0.022624045610427856
                ],
                [
                    -0.0058449008502066135,
                    -0.27927297353744507,
                    0.960193932056427,
                    3.8706657886505127
                ],
                [
                    0.0,
                    0.9602102637290955,
                    0.2792777121067047,
                    1.1258045434951782
                ],
                [
                    0.0,
                    0.0,
                    0.0,
                    1.0
                ]
            ]
        },
        {
            "file_path": "/data/shapenet_blender/all_50_random/02958343/92a718b74a2e5e84fd2d6c7ed5a8dbd/r_3",
            "rotation": 0.12566370614359174,
            "transform_matrix": [
                [
                    0.14131490886211395,
                    -0.43301987648010254,
                    -0.8902381062507629,
                    -3.5886645317077637
                ],
                [
                    -0.9899647235870361,
                    -0.061812467873096466,
                    -0.12707918882369995,
                    -0.5122725963592529
                ],
                [
                    3.725290298461914e-09,
                    0.8992624282836914,
                    -0.4374094009399414,
                    -1.7632536888122559
                ],
                [
                    0.0,
                    0.0,
                    0.0,
                    1.0
                ]
            ]
        },
        {
            "file_path": "/data/shapenet_blender/all_50_random/02958343/92a718b74a2e5e84fd2d6c7ed5a8dbd/r_4",
            "rotation": 0.12566370614359174,
            "transform_matrix": [
                [
                    -0.8209746479988098,
                    0.26807594299316406,
                    0.5041189789772034,
                    2.0321688652038574
                ],
                [
                    0.5709647536277771,
                    0.3854590654373169,
                    0.7248589396476746,
                    2.9220001697540283
                ],
                [
                    1.4901162970204496e-08,
                    0.8829249739646912,
                    -0.4695139527320862,
                    -1.8926713466644287
                ],
                [
                    0.0,
                    0.0,
                    0.0,
                    1.0
                ]
            ]
        },
        {
            "file_path": "/data/shapenet_blender/all_50_random/02958343/92a718b74a2e5e84fd2d6c7ed5a8dbd/r_5",
            "rotation": 0.12566370614359174,
            "transform_matrix": [
                [
                    0.544704020023346,
                    0.01682509295642376,
                    0.8384596705436707,
                    3.3799386024475098
                ],
                [
                    0.838628351688385,
                    -0.010928197763860226,
                    -0.5445944666862488,
                    -2.1953301429748535
                ],
                [
                    9.313224635931761e-10,
                    0.9997987747192383,
                    -0.020062636584043503,
                    -0.08087506890296936
                ],
                [
                    0.0,
                    0.0,
                    0.0,
                    1.0
                ]
            ]
        },
        {
            "file_path": "/data/shapenet_blender/all_50_random/02958343/92a718b74a2e5e84fd2d6c7ed5a8dbd/r_6",
            "rotation": 0.12566370614359174,
            "transform_matrix": [
                [
                    -0.9969270825386047,
                    -0.031070737168192863,
                    0.07191100716590881,
                    0.2898825705051422
                ],
                [
                    0.07833636552095413,
                    -0.39541351795196533,
                    0.9151564836502075,
                    3.6891140937805176
                ],
                [
                    0.0,
                    0.9179774522781372,
                    0.3966323435306549,
                    1.5988762378692627
                ],
                [
                    0.0,
                    0.0,
                    0.0,
                    1.0
                ]
            ]
        },
        {
            "file_path": "/data/shapenet_blender/all_50_random/02958343/92a718b74a2e5e84fd2d6c7ed5a8dbd/r_7",
            "rotation": 0.12566370614359174,
            "transform_matrix": [
                [
                    -0.4124876856803894,
                    0.32859140634536743,
                    -0.8496362566947937,
                    -3.424992799758911
                ],
                [
                    -0.910963237285614,
                    -0.1487874686717987,
                    0.38471856713294983,
                    1.5508499145507812
                ],
                [
                    -1.4901161193847656e-08,
                    0.9326788783073425,
                    0.36070770025253296,
                    1.45405912399292
                ],
                [
                    0.0,
                    0.0,
                    0.0,
                    1.0
                ]
            ]
        },
        {
            "file_path": "/data/shapenet_blender/all_50_random/02958343/92a718b74a2e5e84fd2d6c7ed5a8dbd/r_8",
            "rotation": 0.12566370614359174,
            "transform_matrix": [
                [
                    0.03415322303771973,
                    -0.5111256241798401,
                    -0.8588271737098694,
                    -3.462043046951294
                ],
                [
                    -0.9994165897369385,
                    -0.017466779798269272,
                    -0.029348840937018394,
                    -0.11830896139144897
                ],
                [
                    0.0,
                    0.8593285083770752,
                    -0.5114239454269409,
                    -2.0616159439086914
                ],
                [
                    0.0,
                    0.0,
                    0.0,
                    1.0
                ]
            ]
        },
        {
            "file_path": "/data/shapenet_blender/all_50_random/02958343/92a718b74a2e5e84fd2d6c7ed5a8dbd/r_9",
            "rotation": 0.12566370614359174,
            "transform_matrix": [
                [
                    0.22683294117450714,
                    0.9029136300086975,
                    -0.36509421467781067,
                    -1.471742033958435
                ],
                [
                    -0.9739336967468262,
                    0.21029208600521088,
                    -0.08503185957670212,
                    -0.3427744209766388
                ],
                [
                    0.0,
                    0.3748655319213867,
                    0.9270790815353394,
                    3.737175464630127
                ],
                [
                    0.0,
                    0.0,
                    0.0,
                    1.0
                ]
            ]
        },
        {
            "file_path": "/data/shapenet_blender/all_50_random/02958343/92a718b74a2e5e84fd2d6c7ed5a8dbd/r_10",
            "rotation": 0.12566370614359174,
            "transform_matrix": [
                [
                    0.3265656530857086,
                    -0.8038009405136108,
                    0.4972512722015381,
                    2.004483938217163
                ],
                [
                    0.9451745748519897,
                    0.2777198851108551,
                    -0.17180444300174713,
                    -0.6925658583641052
                ],
                [
                    0.0,
                    0.5260946154594421,
                    0.8504260182380676,
                    3.4281768798828125
                ],
                [
                    0.0,
                    0.0,
                    0.0,
                    1.0
                ]
            ]
        },
        {
            "file_path": "/data/shapenet_blender/all_50_random/02958343/92a718b74a2e5e84fd2d6c7ed5a8dbd/r_11",
            "rotation": 0.12566370614359174,
            "transform_matrix": [
                [
                    0.7467614412307739,
                    -0.192687526345253,
                    0.636568009853363,
                    2.5660877227783203
                ],
                [
                    0.6650919318199158,
                    0.21634845435619354,
                    -0.7147349119186401,
                    -2.8811886310577393
                ],
                [
                    0.0,
                    0.9571126699447632,
                    0.28971564769744873,
                    1.1678811311721802
                ],
                [
                    0.0,
                    0.0,
                    0.0,
                    1.0
                ]
            ]
        },
        {
            "file_path": "/data/shapenet_blender/all_50_random/02958343/92a718b74a2e5e84fd2d6c7ed5a8dbd/r_12",
            "rotation": 0.12566370614359174,
            "transform_matrix": [
                [
                    -0.8360088467597961,
                    -0.21944361925125122,
                    0.5029252171516418,
                    2.0273561477661133
                ],
                [
                    0.5487160086631775,
                    -0.33433836698532104,
                    0.7662432789802551,
                    3.088824987411499
                ],
                [
                    0.0,
                    0.9165492057800293,
                    0.39992207288742065,
                    1.6121371984481812
                ],
                [
                    0.0,
                    0.0,
                    0.0,
                    1.0
                ]
            ]
        },
        {
            "file_path": "/data/shapenet_blender/all_50_random/02958343/92a718b74a2e5e84fd2d6c7ed5a8dbd/r_13",
            "rotation": 0.12566370614359174,
            "transform_matrix": [
                [
                    0.8621811866760254,
                    -0.16567599773406982,
                    0.4787431061267853,
                    1.9298752546310425
                ],
                [
                    0.5065999627113342,
                    0.2819635570049286,
                    -0.8147716522216797,
                    -3.284449815750122
                ],
                [
                    0.0,
                    0.9450121521949768,
                    0.327035129070282,
                    1.318320870399475
                ],
                [
                    0.0,
                    0.0,
                    0.0,
                    1.0
                ]
            ]
        },
        {
            "file_path": "/data/shapenet_blender/all_50_random/02958343/92a718b74a2e5e84fd2d6c7ed5a8dbd/r_14",
            "rotation": 0.12566370614359174,
            "transform_matrix": [
                [
                    -0.7016096711158752,
                    0.24627558887004852,
                    0.6686494946479797,
                    2.6954126358032227
                ],
                [
                    0.7125614881515503,
                    0.24249039590358734,
                    0.6583725214004517,
                    2.653984785079956
                ],
                [
                    0.0,
                    0.9383745789527893,
                    -0.3456200361251831,
                    -1.3932390213012695
                ],
                [
                    0.0,
                    0.0,
                    0.0,
                    1.0
                ]
            ]
        },
        {
            "file_path": "/data/shapenet_blender/all_50_random/02958343/92a718b74a2e5e84fd2d6c7ed5a8dbd/r_15",
            "rotation": 0.12566370614359174,
            "transform_matrix": [
                [
                    0.7624260187149048,
                    0.17414793372154236,
                    -0.6232007145881653,
                    -2.512202501296997
                ],
                [
                    -0.6470754742622375,
                    0.20519229769706726,
                    -0.7342951893806458,
                    -2.960038661956787
                ],
                [
                    0.0,
                    0.9631035327911377,
                    0.26913079619407654,
                    1.084900975227356
                ],
                [
                    0.0,
                    0.0,
                    0.0,
                    1.0
                ]
            ]
        },
        {
            "file_path": "/data/shapenet_blender/all_50_random/02958343/92a718b74a2e5e84fd2d6c7ed5a8dbd/r_16",
            "rotation": 0.12566370614359174,
            "transform_matrix": [
                [
                    0.8655005097389221,
                    -0.17864009737968445,
                    -0.4679707884788513,
                    -1.8864505290985107
                ],
                [
                    -0.5009081959724426,
                    -0.30866554379463196,
                    -0.8085892796516418,
                    -3.2595276832580566
                ],
                [
                    0.0,
                    0.9342447519302368,
                    -0.35663244128227234,
                    -1.437631368637085
                ],
                [
                    0.0,
                    0.0,
                    0.0,
                    1.0
                ]
            ]
        },
        {
            "file_path": "/data/shapenet_blender/all_50_random/02958343/92a718b74a2e5e84fd2d6c7ed5a8dbd/r_17",
            "rotation": 0.12566370614359174,
            "transform_matrix": [
                [
                    0.799385130405426,
                    -0.32387927174568176,
                    -0.5060489177703857,
                    -2.0399487018585205
                ],
                [
                    -0.600818932056427,
                    -0.43091899156570435,
                    -0.6732943654060364,
                    -2.7141366004943848
                ],
                [
                    0.0,
                    0.8422653079032898,
                    -0.539063036441803,
                    -2.173032760620117
                ],
                [
                    0.0,
                    0.0,
                    0.0,
                    1.0
                ]
            ]
        },
        {
            "file_path": "/data/shapenet_blender/all_50_random/02958343/92a718b74a2e5e84fd2d6c7ed5a8dbd/r_18",
            "rotation": 0.12566370614359174,
            "transform_matrix": [
                [
                    0.07367048412561417,
                    -0.14159323275089264,
                    -0.9871798753738403,
                    -3.9794492721557617
                ],
                [
                    -0.9972826242446899,
                    -0.010459665209054947,
                    -0.0729241892695427,
                    -0.29396679997444153
                ],
                [
                    9.313225191043273e-10,
                    0.9898696541786194,
                    -0.14197903871536255,
                    -0.5723358392715454
                ],
                [
                    0.0,
                    0.0,
                    0.0,
                    1.0
                ]
            ]
        },
        {
            "file_path": "/data/shapenet_blender/all_50_random/02958343/92a718b74a2e5e84fd2d6c7ed5a8dbd/r_19",
            "rotation": 0.12566370614359174,
            "transform_matrix": [
                [
                    -0.9088076949119568,
                    -0.377313494682312,
                    -0.17805413901805878,
                    -0.7177592515945435
                ],
                [
                    -0.4172155261039734,
                    0.8218903541564941,
                    0.3878498375415802,
                    1.563472867012024
                ],
                [
                    0.0,
                    0.42676788568496704,
                    -0.9043611288070679,
                    -3.645596504211426
                ],
                [
                    0.0,
                    0.0,
                    0.0,
                    1.0
                ]
            ]
        },
        {
            "file_path": "/data/shapenet_blender/all_50_random/02958343/92a718b74a2e5e84fd2d6c7ed5a8dbd/r_20",
            "rotation": 0.12566370614359174,
            "transform_matrix": [
                [
                    -0.01345578208565712,
                    -0.49767693877220154,
                    -0.8672581315040588,
                    -3.4960293769836426
                ],
                [
                    -0.999909520149231,
                    0.006697237957268953,
                    0.011670691892504692,
                    0.04704606533050537
                ],
                [
                    0.0,
                    0.867336630821228,
                    -0.49772199988365173,
                    -2.0063815116882324
                ],
                [
                    0.0,
                    0.0,
                    0.0,
                    1.0
                ]
            ]
        },
        {
            "file_path": "/data/shapenet_blender/all_50_random/02958343/92a718b74a2e5e84fd2d6c7ed5a8dbd/r_21",
            "rotation": 0.12566370614359174,
            "transform_matrix": [
                [
                    -0.978028416633606,
                    0.20548897981643677,
                    -0.03513803705573082,
                    -0.14164595305919647
                ],
                [
                    -0.20847155153751373,
                    -0.9640358090400696,
                    0.16484741866588593,
                    0.6645212173461914
                ],
                [
                    3.7252898543727042e-09,
                    0.16855080425739288,
                    0.9856929779052734,
                    3.9734554290771484
                ],
                [
                    0.0,
                    0.0,
                    0.0,
                    1.0
                ]
            ]
        },
        {
            "file_path": "/data/shapenet_blender/all_50_random/02958343/92a718b74a2e5e84fd2d6c7ed5a8dbd/r_22",
            "rotation": 0.12566370614359174,
            "transform_matrix": [
                [
                    0.8295177221298218,
                    -0.466396301984787,
                    -0.30720505118370056,
                    -1.238383173942566
                ],
                [
                    -0.5584805011749268,
                    -0.6927438974380493,
                    -0.45629531145095825,
                    -1.8393852710723877
                ],
                [
                    2.9802322387695312e-08,
                    0.5500729084014893,
                    -0.8351165652275085,
                    -3.366462469100952
                ],
                [
                    0.0,
                    0.0,
                    0.0,
                    1.0
                ]
            ]
        },
        {
            "file_path": "/data/shapenet_blender/all_50_random/02958343/92a718b74a2e5e84fd2d6c7ed5a8dbd/r_23",
            "rotation": 0.12566370614359174,
            "transform_matrix": [
                [
                    -0.5976417064666748,
                    -0.14363223314285278,
                    -0.7887928485870361,
                    -3.1797258853912354
                ],
                [
                    -0.8017634153366089,
                    0.10706477612257004,
                    0.5879733562469482,
                    2.370196580886841
                ],
                [
                    0.0,
                    0.9838225245475769,
                    -0.17914541065692902,
                    -0.7221583127975464
                ],
                [
                    0.0,
                    0.0,
                    0.0,
                    1.0
                ]
            ]
        },
        {
            "file_path": "/data/shapenet_blender/all_50_random/02958343/92a718b74a2e5e84fd2d6c7ed5a8dbd/r_24",
            "rotation": 0.12566370614359174,
            "transform_matrix": [
                [
                    0.4801354706287384,
                    -0.875365674495697,
                    -0.056610170751810074,
                    -0.2282029092311859
                ],
                [
                    -0.877194344997406,
                    -0.47913455963134766,
                    -0.03098578006029129,
                    -0.12490767985582352
                ],
                [
                    0.0,
                    0.0645352452993393,
                    -0.9979153275489807,
                    -4.022725582122803
                ],
                [
                    0.0,
                    0.0,
                    0.0,
                    1.0
                ]
            ]
        },
        {
            "file_path": "/data/shapenet_blender/all_50_random/02958343/92a718b74a2e5e84fd2d6c7ed5a8dbd/r_25",
            "rotation": 0.12566370614359174,
            "transform_matrix": [
                [
                    -0.08320409804582596,
                    -0.6415802836418152,
                    0.7625297904014587,
                    3.0738558769226074
                ],
                [
                    0.9965326189994812,
                    -0.053567852824926376,
                    0.06366635859012604,
                    0.2566472887992859
                ],
                [
                    0.0,
                    0.7651829719543457,
                    0.6438127756118774,
                    2.595292329788208
                ],
                [
                    0.0,
                    0.0,
                    0.0,
                    1.0
                ]
            ]
        },
        {
            "file_path": "/data/shapenet_blender/all_50_random/02958343/92a718b74a2e5e84fd2d6c7ed5a8dbd/r_26",
            "rotation": 0.12566370614359174,
            "transform_matrix": [
                [
                    0.9724825620651245,
                    0.10792079567909241,
                    0.20647172629833221,
                    0.832314133644104
                ],
                [
                    0.23297522962093353,
                    -0.45048174262046814,
                    -0.8618518710136414,
                    -3.474236011505127
                ],
                [
                    7.4505792646561986e-09,
                    0.8862388730049133,
                    -0.4632285535335541,
                    -1.867334008216858
                ],
                [
                    0.0,
                    0.0,
                    0.0,
                    1.0
                ]
            ]
        },
        {
            "file_path": "/data/shapenet_blender/all_50_random/02958343/92a718b74a2e5e84fd2d6c7ed5a8dbd/r_27",
            "rotation": 0.12566370614359174,
            "transform_matrix": [
                [
                    0.994765043258667,
                    -0.059196796268224716,
                    0.08329620957374573,
                    0.33577772974967957
                ],
                [
                    0.10218863189220428,
                    0.5762568116188049,
                    -0.8108548521995544,
                    -3.268660068511963
                ],
                [
                    0.0,
                    0.8151218891143799,
                    0.5792894959449768,
                    2.3351902961730957
                ],
                [
                    0.0,
                    0.0,
                    0.0,
                    1.0
                ]
            ]
        },
        {
            "file_path": "/data/shapenet_blender/all_50_random/02958343/92a718b74a2e5e84fd2d6c7ed5a8dbd/r_28",
            "rotation": 0.12566370614359174,
            "transform_matrix": [
                [
                    0.23266386985778809,
                    -0.4475068151950836,
                    -0.8634843230247498,
                    -3.480816602706909
                ],
                [
                    -0.9725573062896729,
                    -0.10705658793449402,
                    -0.20657044649124146,
                    -0.8327121138572693
                ],
                [
                    0.0,
                    0.8878493905067444,
                    -0.4601341784000397,
                    -1.8548601865768433
                ],
                [
                    0.0,
                    0.0,
                    0.0,
                    1.0
                ]
            ]
        },
        {
            "file_path": "/data/shapenet_blender/all_50_random/02958343/92a718b74a2e5e84fd2d6c7ed5a8dbd/r_29",
            "rotation": 0.12566370614359174,
            "transform_matrix": [
                [
                    0.9279468655586243,
                    -0.15019071102142334,
                    -0.34111204743385315,
                    -1.3750667572021484
                ],
                [
                    -0.372712641954422,
                    -0.37393149733543396,
                    -0.8492705225944519,
                    -3.4235191345214844
                ],
                [
                    1.4901161193847656e-08,
                    0.9152146577835083,
                    -0.40296652913093567,
                    -1.6244101524353027
                ],
                [
                    0.0,
                    0.0,
                    0.0,
                    1.0
                ]
            ]
        },
        {
            "file_path": "/data/shapenet_blender/all_50_random/02958343/92a718b74a2e5e84fd2d6c7ed5a8dbd/r_30",
            "rotation": 0.12566370614359174,
            "transform_matrix": [
                [
                    0.19489042460918427,
                    0.002011089352890849,
                    0.9808229804039001,
                    3.9538238048553467
                ],
                [
                    0.9808250665664673,
                    -0.00039960441063158214,
                    -0.19489000737667084,
                    -0.7856267690658569
                ],
                [
                    -2.9103830456733704e-11,
                    0.9999978542327881,
                    -0.0020504058338701725,
                    -0.008265450596809387
                ],
                [
                    0.0,
                    0.0,
                    0.0,
                    1.0
                ]
            ]
        },
        {
            "file_path": "/data/shapenet_blender/all_50_random/02958343/92a718b74a2e5e84fd2d6c7ed5a8dbd/r_31",
            "rotation": 0.12566370614359174,
            "transform_matrix": [
                [
                    -0.8930018544197083,
                    -0.4087173342704773,
                    0.18840903043746948,
                    0.7595010995864868
                ],
                [
                    0.45005324482917786,
                    -0.8109825849533081,
                    0.37384381890296936,
                    1.5070126056671143
                ],
                [
                    -1.4901162970204496e-08,
                    0.418637216091156,
                    0.9081535935401917,
                    3.660884141921997
                ],
                [
                    0.0,
                    0.0,
                    0.0,
                    1.0
                ]
            ]
        },
        {
            "file_path": "/data/shapenet_blender/all_50_random/02958343/92a718b74a2e5e84fd2d6c7ed5a8dbd/r_32",
            "rotation": 0.12566370614359174,
            "transform_matrix": [
                [
                    -0.7852017283439636,
                    -0.4791831374168396,
                    0.39222684502601624,
                    1.581117033958435
                ],
                [
                    0.6192402243614197,
                    -0.6076081395149231,
                    0.4973468482494354,
                    2.004869222640991
                ],
                [
                    1.4901162970204496e-08,
                    0.6334001421928406,
                    0.7738243341445923,
                    3.1193857192993164
                ],
                [
                    0.0,
                    0.0,
                    0.0,
                    1.0
                ]
            ]
        },
        {
            "file_path": "/data/shapenet_blender/all_50_random/02958343/92a718b74a2e5e84fd2d6c7ed5a8dbd/r_33",
            "rotation": 0.12566370614359174,
            "transform_matrix": [
                [
                    0.7360520958900452,
                    0.5196178555488586,
                    -0.43384864926338196,
                    -1.7488998174667358
                ],
                [
                    -0.6769249439239502,
                    0.5650047659873962,
                    -0.4717439115047455,
                    -1.9016605615615845
                ],
                [
                    0.0,
                    0.6409110426902771,
                    0.7676151394844055,
                    3.094355583190918
                ],
                [
                    0.0,
                    0.0,
                    0.0,
                    1.0
                ]
            ]
        },
        {
            "file_path": "/data/shapenet_blender/all_50_random/02958343/92a718b74a2e5e84fd2d6c7ed5a8dbd/r_34",
            "rotation": 0.12566370614359174,
            "transform_matrix": [
                [
                    -0.11465853452682495,
                    -0.6946617960929871,
                    0.7101397514343262,
                    2.8626649379730225
                ],
                [
                    0.9934049248695374,
                    -0.0801776796579361,
                    0.08196414262056351,
                    0.3304080367088318
                ],
                [
                    0.0,
                    0.7148542404174805,
                    0.6992734670639038,
                    2.818861484527588
                ],
                [
                    0.0,
                    0.0,
                    0.0,
                    1.0
                ]
            ]
        },
        {
            "file_path": "/data/shapenet_blender/all_50_random/02958343/92a718b74a2e5e84fd2d6c7ed5a8dbd/r_35",
            "rotation": 0.12566370614359174,
            "transform_matrix": [
                [
                    -0.7425282597541809,
                    0.23104305565357208,
                    0.6287056803703308,
                    2.534393548965454
                ],
                [
                    0.6698147058486938,
                    0.2561245560646057,
                    0.6969565153121948,
                    2.8095216751098633
                ],
                [
                    -1.4901161193847656e-08,
                    0.938626229763031,
                    -0.3449357748031616,
                    -1.390480637550354
                ],
                [
                    0.0,
                    0.0,
                    0.0,
                    1.0
                ]
            ]
        },
        {
            "file_path": "/data/shapenet_blender/all_50_random/02958343/92a718b74a2e5e84fd2d6c7ed5a8dbd/r_36",
            "rotation": 0.12566370614359174,
            "transform_matrix": [
                [
                    0.054585088044404984,
                    0.18385395407676697,
                    -0.9814367294311523,
                    -3.9562981128692627
                ],
                [
                    -0.9985091686248779,
                    0.010050668381154537,
                    -0.05365179479122162,
                    -0.21627730131149292
                ],
                [
                    0.0,
                    0.9829021692276001,
                    0.18412846326828003,
                    0.7422455549240112
                ],
                [
                    0.0,
                    0.0,
                    0.0,
                    1.0
                ]
            ]
        },
        {
            "file_path": "/data/shapenet_blender/all_50_random/02958343/92a718b74a2e5e84fd2d6c7ed5a8dbd/r_37",
            "rotation": 0.12566370614359174,
            "transform_matrix": [
                [
                    0.2595393657684326,
                    0.00950629636645317,
                    -0.9656857252120972,
                    -3.89280366897583
                ],
                [
                    -0.9657325744628906,
                    0.002554804552346468,
                    -0.2595267593860626,
                    -1.046185851097107
                ],
                [
                    0.0,
                    0.9999516010284424,
                    0.009843612089753151,
                    0.03968086838722229
                ],
                [
                    0.0,
                    0.0,
                    0.0,
                    1.0
                ]
            ]
        },
        {
            "file_path": "/data/shapenet_blender/all_50_random/02958343/92a718b74a2e5e84fd2d6c7ed5a8dbd/r_38",
            "rotation": 0.12566370614359174,
            "transform_matrix": [
                [
                    0.9999110102653503,
                    -0.0002746375685092062,
                    0.013339169323444366,
                    0.053771913051605225
                ],
                [
                    0.013341995887458324,
                    0.020582612603902817,
                    -0.9996991753578186,
                    -4.029916286468506
                ],
                [
                    0.0,
                    0.9997881054878235,
                    0.02058444358408451,
                    0.08297854661941528
                ],
                [
                    0.0,
                    0.0,
                    0.0,
                    1.0
                ]
            ]
        },
        {
            "file_path": "/data/shapenet_blender/all_50_random/02958343/92a718b74a2e5e84fd2d6c7ed5a8dbd/r_39",
            "rotation": 0.12566370614359174,
            "transform_matrix": [
                [
                    -0.9074831008911133,
                    0.016982676461338997,
                    0.4197453260421753,
                    1.6920475959777832
                ],
                [
                    0.42008882761001587,
                    0.03668627142906189,
                    0.9067410826683044,
                    3.6551904678344727
                ],
                [
                    0.0,
                    0.9991824626922607,
                    -0.04042639955878258,
                    -0.16296404600143433
                ],
                [
                    0.0,
                    0.0,
                    0.0,
                    1.0
                ]
            ]
        },
        {
            "file_path": "/data/shapenet_blender/all_50_random/02958343/92a718b74a2e5e84fd2d6c7ed5a8dbd/r_40",
            "rotation": 0.12566370614359174,
            "transform_matrix": [
                [
                    0.3136036992073059,
                    -0.29130473732948303,
                    -0.9037666916847229,
                    -3.643199920654297
                ],
                [
                    -0.9495539665222168,
                    -0.09620752930641174,
                    -0.2984817922115326,
                    -1.2032185792922974
                ],
                [
                    0.0,
                    0.9517802000045776,
                    -0.306780606508255,
                    -1.2366721630096436
                ],
                [
                    0.0,
                    0.0,
                    0.0,
                    1.0
                ]
            ]
        },
        {
            "file_path": "/data/shapenet_blender/all_50_random/02958343/92a718b74a2e5e84fd2d6c7ed5a8dbd/r_41",
            "rotation": 0.12566370614359174,
            "transform_matrix": [
                [
                    -0.9513498544692993,
                    0.057916030287742615,
                    0.30262067914009094,
                    1.2199029922485352
                ],
                [
                    0.30811288952827454,
                    0.17882539331912994,
                    0.9343917369842529,
                    3.766653537750244
                ],
                [
                    0.0,
                    0.9821747541427612,
                    -0.18797017633914948,
