{
    "class": "02958343",
    "model": "414ae320397821af8bf92e87e504146a",
    "remove_doubles": true,
    "edge_split": true,
    "denoise": true,
    "camera_angle_x": 0.6911112070083618,
    "scale_factor": 2.316165896749644,
    "hdri_file": "/data/IndoorHDRDataset2018/AG8A8934-1986519736.exr",
    "center_offset": [
        0.0,
        0.0,
        8.149072527885437e-10
    ],
    "lights": [],
    "frames": [
        {
            "file_path": "/data/shapenet_blender/all_50_random/02958343/414ae320397821af8bf92e87e504146a/r_0",
            "rotation": 0.12566370614359174,
            "transform_matrix": [
                [
                    -0.2074882686138153,
                    -0.6327914595603943,
                    -0.7460049390792847,
                    -3.007242441177368
                ],
                [
                    -0.9782375693321228,
                    0.13421769440174103,
                    0.1582307517528534,
                    0.6378486156463623
                ],
                [
                    -7.450581485102248e-09,
                    0.7626010775566101,
                    -0.646868884563446,
                    -2.607612133026123
                ],
                [
                    0.0,
                    0.0,
                    0.0,
                    1.0
                ]
            ]
        },
        {
            "file_path": "/data/shapenet_blender/all_50_random/02958343/414ae320397821af8bf92e87e504146a/r_1",
            "rotation": 0.12566370614359174,
            "transform_matrix": [
                [
                    0.9312988519668579,
                    5.612333552562632e-05,
                    -0.36425602436065674,
                    -1.4683630466461182
                ],
                [
                    -0.36425602436065674,
                    0.00014349137200042605,
                    -0.9312988519668579,
                    -3.754185676574707
                ],
                [
                    0.0,
                    0.9999999403953552,
                    0.00015407662431243807,
                    0.0006211027503013611
                ],
                [
                    0.0,
                    0.0,
                    0.0,
                    1.0
                ]
            ]
        },
        {
            "file_path": "/data/shapenet_blender/all_50_random/02958343/414ae320397821af8bf92e87e504146a/r_2",
            "rotation": 0.12566370614359174,
            "transform_matrix": [
                [
                    0.6283436417579651,
                    -0.0035977403167635202,
                    -0.7779275178909302,
                    -3.1359264850616455
                ],
                [
                    -0.7779359221458435,
                    -0.0029059171210974455,
                    -0.6283368468284607,
                    -2.532907009124756
                ],
                [
                    0.0,
                    0.9999893307685852,
                    -0.004624725319445133,
                    -0.018642865121364594
                ],
                [
                    0.0,
                    0.0,
                    0.0,
                    1.0
                ]
            ]
        },
        {
            "file_path": "/data/shapenet_blender/all_50_random/02958343/414ae320397821af8bf92e87e504146a/r_3",
            "rotation": 0.12566370614359174,
            "transform_matrix": [
                [
                    0.9294743537902832,
                    0.15288852155208588,
                    -0.3357120752334595,
                    -1.3532987833023071
                ],
                [
                    -0.3688868582248688,
                    0.38522911071777344,
                    -0.8458846807479858,
                    -3.4098703861236572
                ],
                [
                    1.4901161193847656e-08,
                    0.9100678563117981,
                    0.41445910930633545,
                    1.6707382202148438
                ],
                [
                    0.0,
                    0.0,
                    0.0,
                    1.0
                ]
            ]
        },
        {
            "file_path": "/data/shapenet_blender/all_50_random/02958343/414ae320397821af8bf92e87e504146a/r_4",
            "rotation": 0.12566370614359174,
            "transform_matrix": [
                [
                    -0.9840242266654968,
                    0.07303650677204132,
                    0.16236372292041779,
                    0.6545091867446899
                ],
                [
                    0.17803458869457245,
                    0.4036838412284851,
                    0.8974089622497559,
                    3.6175715923309326
                ],
                [
                    7.450580596923828e-09,
                    0.9119786620140076,
                    -0.4102376401424408,
                    -1.6537209749221802
                ],
                [
                    0.0,
                    0.0,
                    0.0,
                    1.0
                ]
            ]
        },
        {
            "file_path": "/data/shapenet_blender/all_50_random/02958343/414ae320397821af8bf92e87e504146a/r_5",
            "rotation": 0.12566370614359174,
            "transform_matrix": [
                [
                    -0.9104591608047485,
                    0.1696511059999466,
                    -0.37720349431037903,
                    -1.520556092262268
                ],
                [
                    -0.4135988652706146,
                    -0.37345463037490845,
                    0.8303417563438416,
                    3.347214937210083
                ],
                [
                    1.4901161193847656e-08,
                    0.912003219127655,
                    0.4101827144622803,
                    1.6534994840621948
                ],
                [
                    0.0,
                    0.0,
                    0.0,
                    1.0
                ]
            ]
        },
        {
            "file_path": "/data/shapenet_blender/all_50_random/02958343/414ae320397821af8bf92e87e504146a/r_6",
            "rotation": 0.12566370614359174,
            "transform_matrix": [
                [
                    0.015279226005077362,
                    0.030842851847410202,
                    -0.9994074702262878,
                    -4.028740406036377
                ],
                [
                    -0.9998832941055298,
                    0.00047130996244959533,
                    -0.015271956101059914,
                    -0.06156322360038757
                ],
                [
                    2.9103830456733704e-11,
                    0.9995241165161133,
                    0.030846452340483665,
                    0.12434602528810501
                ],
                [
                    0.0,
                    0.0,
                    0.0,
                    1.0
                ]
            ]
        },
        {
            "file_path": "/data/shapenet_blender/all_50_random/02958343/414ae320397821af8bf92e87e504146a/r_7",
            "rotation": 0.12566370614359174,
            "transform_matrix": [
                [
                    -0.9931485056877136,
                    -0.07757687568664551,
                    -0.0873940959572792,
                    -0.3522968590259552
                ],
                [
                    -0.11685845255851746,
                    0.6593049168586731,
                    0.7427388429641724,
                    2.9940760135650635
                ],
                [
                    0.0,
                    0.747862696647644,
                    -0.6638533473014832,
                    -2.6760785579681396
                ],
                [
                    0.0,
                    0.0,
                    0.0,
                    1.0
                ]
            ]
        },
        {
            "file_path": "/data/shapenet_blender/all_50_random/02958343/414ae320397821af8bf92e87e504146a/r_8",
            "rotation": 0.12566370614359174,
            "transform_matrix": [
                [
                    -0.4804752469062805,
                    -0.2905871570110321,
                    -0.8274675607681274,
                    -3.3356285095214844
                ],
                [
                    -0.8770082592964172,
                    0.1592002660036087,
                    0.4533340334892273,
                    1.8274478912353516
                ],
                [
                    1.4901161193847656e-08,
                    0.9435116052627563,
                    -0.33133915066719055,
                    -1.335670828819275
                ],
                [
                    0.0,
                    0.0,
                    0.0,
                    1.0
                ]
            ]
        },
        {
            "file_path": "/data/shapenet_blender/all_50_random/02958343/414ae320397821af8bf92e87e504146a/r_9",
            "rotation": 0.12566370614359174,
            "transform_matrix": [
                [
                    0.13559485971927643,
                    0.19287794828414917,
                    0.9718087911605835,
                    3.9174859523773193
                ],
                [
                    0.9907643795013428,
                    -0.02639705128967762,
                    -0.13300062716007233,
                    -0.5361425876617432
                ],
                [
                    0.0,
                    0.9808676242828369,
                    -0.19467592239379883,
                    -0.7847636342048645
                ],
                [
                    0.0,
                    0.0,
                    0.0,
                    1.0
                ]
            ]
        },
        {
            "file_path": "/data/shapenet_blender/all_50_random/02958343/414ae320397821af8bf92e87e504146a/r_10",
            "rotation": 0.12566370614359174,
            "transform_matrix": [
                [
                    -0.8599632382392883,
                    -0.012285230681300163,
                    0.5102080702781677,
                    2.0567145347595215
                ],
                [
                    0.5103560090065002,
                    -0.020700937137007713,
                    0.8597140312194824,
                    3.465618133544922
                ],
                [
                    0.0,
                    0.9997102618217468,
                    0.024071885272860527,
                    0.09703687578439713
                ],
                [
                    0.0,
                    0.0,
                    0.0,
                    1.0
                ]
            ]
        },
        {
            "file_path": "/data/shapenet_blender/all_50_random/02958343/414ae320397821af8bf92e87e504146a/r_11",
            "rotation": 0.12566370614359174,
            "transform_matrix": [
                [
                    0.4758876860141754,
                    0.10857940465211868,
                    0.8727779388427734,
                    3.518280506134033
                ],
                [
                    0.8795060515403748,
                    -0.0587507039308548,
                    -0.4722471833229065,
                    -1.9036892652511597
                ],
                [
                    0.0,
                    0.992350161075592,
                    -0.1234549731016159,
                    -0.49766290187835693
                ],
                [
                    0.0,
                    0.0,
                    0.0,
                    1.0
                ]
            ]
        },
        {
            "file_path": "/data/shapenet_blender/all_50_random/02958343/414ae320397821af8bf92e87e504146a/r_12",
            "rotation": 0.12566370614359174,
            "transform_matrix": [
                [
                    -0.6464427709579468,
                    0.581627607345581,
                    -0.4937824010848999,
                    -1.9905006885528564
                ],
                [
                    -0.7629624605178833,
                    -0.49280139803886414,
                    0.41837191581726074,
                    1.6865112781524658
                ],
                [
                    0.0,
                    0.6471908688545227,
                    0.7623277902603149,
                    3.0730419158935547
                ],
                [
                    0.0,
                    0.0,
                    0.0,
                    1.0
                ]
            ]
        },
        {
            "file_path": "/data/shapenet_blender/all_50_random/02958343/414ae320397821af8bf92e87e504146a/r_13",
            "rotation": 0.12566370614359174,
            "transform_matrix": [
                [
                    0.7467922568321228,
                    -0.5543485283851624,
                    -0.3674219846725464,
                    -1.4811254739761353
                ],
                [
                    -0.6650572419166565,
                    -0.6224775314331055,
                    -0.41257789731025696,
                    -1.6631548404693604
                ],
                [
                    1.4901160305669237e-08,
                    0.5524666905403137,
                    -0.833534836769104,
                    -3.360086679458618
                ],
                [
                    0.0,
                    0.0,
                    0.0,
                    1.0
                ]
            ]
        },
        {
            "file_path": "/data/shapenet_blender/all_50_random/02958343/414ae320397821af8bf92e87e504146a/r_14",
            "rotation": 0.12566370614359174,
            "transform_matrix": [
                [
                    -0.37643173336982727,
                    -0.3763884902000427,
                    -0.8465405106544495,
                    -3.4125139713287354
                ],
                [
                    -0.9264443516731262,
                    0.15293371677398682,
                    0.3439653217792511,
                    1.386568546295166
                ],
                [
                    0.0,
                    0.9137521982192993,
                    -0.4062720537185669,
                    -1.6377350091934204
                ],
                [
                    0.0,
                    0.0,
                    0.0,
                    1.0
                ]
            ]
        },
        {
            "file_path": "/data/shapenet_blender/all_50_random/02958343/414ae320397821af8bf92e87e504146a/r_15",
            "rotation": 0.12566370614359174,
            "transform_matrix": [
                [
                    0.9584349393844604,
                    0.15390044450759888,
                    -0.24024361371994019,
                    -0.9684528708457947
                ],
                [
                    -0.28531092405319214,
                    0.5169923305511475,
                    -0.8070419430732727,
                    -3.2532896995544434
                ],
                [
                    -7.4505792646561986e-09,
                    0.8420413732528687,
                    0.5394130945205688,
                    2.174443483352661
                ],
                [
                    0.0,
                    0.0,
                    0.0,
                    1.0
                ]
            ]
        },
        {
            "file_path": "/data/shapenet_blender/all_50_random/02958343/414ae320397821af8bf92e87e504146a/r_16",
            "rotation": 0.12566370614359174,
            "transform_matrix": [
                [
                    -0.0642366111278534,
                    0.17557446658611298,
                    -0.9823681116104126,
                    -3.960052728652954
                ],
                [
                    -0.9979346990585327,
                    -0.011301650665700436,
                    0.0632345974445343,
                    0.2549068331718445
                ],
                [
                    0.0,
                    0.9844012260437012,
                    0.17593783140182495,
                    0.7092281579971313
                ],
                [
                    0.0,
                    0.0,
                    0.0,
                    1.0
                ]
            ]
        },
        {
            "file_path": "/data/shapenet_blender/all_50_random/02958343/414ae320397821af8bf92e87e504146a/r_17",
            "rotation": 0.12566370614359174,
            "transform_matrix": [
                [
                    -0.9062838554382324,
                    0.12895801663398743,
                    0.4025164246559143,
                    1.6225957870483398
                ],
                [
                    0.4226697087287903,
                    0.2765103876590729,
                    0.8630713820457458,
                    3.479152202606201
                ],
                [
                    0.0,
                    0.9523192644119263,
                    -0.30510348081588745,
                    -1.2299115657806396
                ],
                [
                    0.0,
                    0.0,
                    0.0,
                    1.0
                ]
            ]
        },
        {
            "file_path": "/data/shapenet_blender/all_50_random/02958343/414ae320397821af8bf92e87e504146a/r_18",
            "rotation": 0.12566370614359174,
            "transform_matrix": [
                [
                    0.3535537123680115,
                    -0.1792900264263153,
                    -0.9180713295936584,
                    -3.700863838195801
                ],
                [
                    -0.9354143142700195,
                    -0.06776532530784607,
                    -0.3469986319541931,
                    -1.3987962007522583
                ],
                [
                    -1.1175870895385742e-08,
                    0.9814596176147461,
                    -0.19166915118694305,
                    -0.7726430892944336
                ],
                [
                    0.0,
                    0.0,
                    0.0,
                    1.0
                ]
            ]
        },
        {
            "file_path": "/data/shapenet_blender/all_50_random/02958343/414ae320397821af8bf92e87e504146a/r_19",
            "rotation": 0.12566370614359174,
            "transform_matrix": [
                [
                    -0.18666240572929382,
                    -0.32015255093574524,
                    0.9287947416305542,
                    3.7440907955169678
                ],
                [
                    0.9824240803718567,
                    -0.06082957610487938,
                    0.1764727234840393,
                    0.7113842368125916
                ],
                [
                    0.0,
                    0.9454111456871033,
                    0.3258801996707916,
                    1.3136649131774902
                ],
                [
                    0.0,
                    0.0,
                    0.0,
                    1.0
                ]
            ]
        },
        {
            "file_path": "/data/shapenet_blender/all_50_random/02958343/414ae320397821af8bf92e87e504146a/r_20",
            "rotation": 0.12566370614359174,
            "transform_matrix": [
                [
                    0.9822303652763367,
                    -0.07267215847969055,
                    -0.17303858697414398,
                    -0.6975408792495728
                ],
                [
                    -0.1876794993877411,
                    -0.38033348321914673,
                    -0.9056063294410706,
                    -3.650615930557251
                ],
                [
                    -7.450580596923828e-09,
                    0.9219898581504822,
                    -0.38721415400505066,
                    -1.5609102249145508
                ],
                [
                    0.0,
                    0.0,
                    0.0,
                    1.0
                ]
            ]
        },
        {
            "file_path": "/data/shapenet_blender/all_50_random/02958343/414ae320397821af8bf92e87e504146a/r_21",
            "rotation": 0.12566370614359174,
            "transform_matrix": [
                [
                    0.6398975849151611,
                    -0.4728109538555145,
                    -0.6057894825935364,
                    -2.4420154094696045
                ],
                [
                    -0.7684600949287415,
                    -0.3937101662158966,
                    -0.5044415593147278,
                    -2.0334689617156982
                ],
                [
                    1.4901158529312397e-08,
                    0.7883159518241882,
                    -0.6152706146240234,
                    -2.4802350997924805
                ],
                [
                    0.0,
                    0.0,
                    0.0,
                    1.0
                ]
            ]
        },
        {
            "file_path": "/data/shapenet_blender/all_50_random/02958343/414ae320397821af8bf92e87e504146a/r_22",
            "rotation": 0.12566370614359174,
            "transform_matrix": [
                [
                    -0.4710005223751068,
                    0.013884879648685455,
                    0.8820235729217529,
                    3.555551052093506
                ],
                [
                    0.8821329474449158,
                    0.007413605228066444,
                    0.47094210982322693,
                    1.8984284400939941
                ],
                [
                    0.0,
                    0.9998761415481567,
                    -0.01574011705815792,
                    -0.06345044821500778
                ],
                [
                    0.0,
                    0.0,
                    0.0,
                    1.0
                ]
            ]
        },
        {
            "file_path": "/data/shapenet_blender/all_50_random/02958343/414ae320397821af8bf92e87e504146a/r_23",
            "rotation": 0.12566370614359174,
            "transform_matrix": [
                [
                    0.6748725771903992,
                    0.03624824061989784,
                    0.7370434403419495,
                    2.971116781234741
                ],
                [
                    0.7379341721534729,
                    -0.03315058350563049,
                    -0.6740580201148987,
                    -2.717214584350586
                ],
                [
                    3.7252896323280993e-09,
                    0.998792827129364,
                    -0.04912124201655388,
                    -0.198014035820961
                ],
                [
                    0.0,
                    0.0,
                    0.0,
                    1.0
                ]
            ]
        },
        {
            "file_path": "/data/shapenet_blender/all_50_random/02958343/414ae320397821af8bf92e87e504146a/r_24",
            "rotation": 0.12566370614359174,
            "transform_matrix": [
                [
                    -0.9928188323974609,
                    -0.057040195912122726,
                    -0.10515405982732773,
                    -0.4238895773887634
                ],
                [
                    -0.11962845176458359,
                    0.4733872413635254,
                    0.8726931810379028,
                    3.5179388523101807
                ],
                [
                    0.0,
                    0.8790055513381958,
                    -0.47681137919425964,
                    -1.9220881462097168
                ],
                [
                    0.0,
                    0.0,
                    0.0,
                    1.0
                ]
            ]
        },
        {
            "file_path": "/data/shapenet_blender/all_50_random/02958343/414ae320397821af8bf92e87e504146a/r_25",
            "rotation": 0.12566370614359174,
            "transform_matrix": [
                [
                    -0.43732672929763794,
                    0.1715797483921051,
                    -0.8827829360961914,
                    -3.5586118698120117
                ],
                [
                    -0.8993026614189148,
                    -0.083438441157341,
                    0.42929327487945557,
                    1.7305365800857544
                ],
                [
                    0.0,
                    0.9816305041313171,
                    0.1907919943332672,
                    0.7691071033477783
                ],
                [
                    0.0,
                    0.0,
                    0.0,
                    1.0
                ]
            ]
        },
        {
            "file_path": "/data/shapenet_blender/all_50_random/02958343/414ae320397821af8bf92e87e504146a/r_26",
            "rotation": 0.12566370614359174,
            "transform_matrix": [
                [
                    0.5474827289581299,
                    -0.6009376049041748,
                    0.5823543667793274,
                    2.347545623779297
                ],
                [
                    0.8368170261383057,
                    0.39316001534461975,
                    -0.3810020089149475,
                    -1.5358681678771973
                ],
                [
                    -2.9802322387695312e-08,
                    0.6959161162376404,
                    0.7181230783462524,
                    2.8948466777801514
                ],
                [
                    0.0,
                    0.0,
                    0.0,
                    1.0
                ]
            ]
        },
        {
            "file_path": "/data/shapenet_blender/all_50_random/02958343/414ae320397821af8bf92e87e504146a/r_27",
            "rotation": 0.12566370614359174,
            "transform_matrix": [
                [
                    -0.32919421792030334,
                    -0.3048893213272095,
                    -0.8936854600906372,
                    -3.6025612354278564
                ],
                [
                    -0.9442622661590576,
                    0.10629229992628098,
                    0.31156185269355774,
                    1.2559460401535034
                ],
                [
                    0.0,
                    0.9464377164840698,
                    -0.32288631796836853,
                    -1.3015964031219482
                ],
                [
                    0.0,
                    0.0,
                    0.0,
                    1.0
                ]
            ]
        },
        {
            "file_path": "/data/shapenet_blender/all_50_random/02958343/414ae320397821af8bf92e87e504146a/r_28",
            "rotation": 0.12566370614359174,
            "transform_matrix": [
                [
                    -0.9403368830680847,
                    0.02866504155099392,
                    0.33903512358665466,
                    1.3666943311691284
                ],
                [
                    0.34024477005004883,
                    0.07922177761793137,
                    0.9369937777519226,
                    3.7771427631378174
                ],
                [
                    0.0,
                    0.9964447617530823,
                    -0.08424828946590424,
                    -0.33961573243141174
                ],
                [
                    0.0,
                    0.0,
                    0.0,
                    1.0
                ]
            ]
        },
        {
            "file_path": "/data/shapenet_blender/all_50_random/02958343/414ae320397821af8bf92e87e504146a/r_29",
            "rotation": 0.12566370614359174,
            "transform_matrix": [
                [
                    -0.798728883266449,
                    -0.14190679788589478,
                    -0.5847176313400269,
                    -2.357072114944458
                ],
                [
                    -0.6016911864280701,
                    0.18837745487689972,
                    0.7761968970298767,
                    3.1289498805999756
                ],
                [
                    0.0,
                    0.9717902541160583,
                    -0.23584657907485962,
                    -0.9507279992103577
                ],
                [
                    0.0,
                    0.0,
                    0.0,
                    1.0
                ]
            ]
        },
        {
            "file_path": "/data/shapenet_blender/all_50_random/02958343/414ae320397821af8bf92e87e504146a/r_30",
            "rotation": 0.12566370614359174,
            "transform_matrix": [
                [
                    0.7735216617584229,
                    -0.5845419764518738,
                    -0.24489782750606537,
                    -0.9872148036956787
                ],
                [
                    -0.6337699890136719,
                    -0.7134384512901306,
                    -0.29889988899230957,
                    -1.2049040794372559
                ],
                [
                    1.4901162970204496e-08,
                    0.38641440868377686,
                    -0.9223251342773438,
                    -3.7180118560791016
                ],
                [
                    0.0,
                    0.0,
                    0.0,
                    1.0
                ]
            ]
        },
        {
            "file_path": "/data/shapenet_blender/all_50_random/02958343/414ae320397821af8bf92e87e504146a/r_31",
            "rotation": 0.12566370614359174,
            "transform_matrix": [
                [
                    0.8373605012893677,
                    -0.008903558366000652,
                    0.546578586101532,
                    2.203329086303711
                ],
                [
                    0.5466511845588684,
                    0.01363847404718399,
                    -0.8372492790222168,
                    -3.3750600814819336
                ],
                [
                    -4.656613428188905e-10,
                    0.99986732006073,
                    0.016287455335259438,
                    0.06565684080123901
                ],
                [
                    0.0,
                    0.0,
                    0.0,
                    1.0
                ]
            ]
        },
        {
            "file_path": "/data/shapenet_blender/all_50_random/02958343/414ae320397821af8bf92e87e504146a/r_32",
            "rotation": 0.12566370614359174,
            "transform_matrix": [
                [
                    -0.1408003568649292,
                    0.19361905753612518,
                    0.9709205627441406,
                    3.9139063358306885
                ],
                [
                    0.9900380373001099,
                    0.027535945177078247,
                    0.13808152079582214,
                    0.5566244721412659
                ],
                [
                    0.0,
                    0.9806902408599854,
                    -0.1955672949552536,
                    -0.7883570194244385
                ],
                [
                    0.0,
                    0.0,
                    0.0,
                    1.0
                ]
            ]
        },
        {
            "file_path": "/data/shapenet_blender/all_50_random/02958343/414ae320397821af8bf92e87e504146a/r_33",
            "rotation": 0.12566370614359174,
            "transform_matrix": [
                [
                    0.47215354442596436,
                    -0.3194107413291931,
                    0.8216129541397095,
                    3.3120276927948
                ],
                [
                    0.8815163969993591,
                    0.17108121514320374,
                    -0.4400683343410492,
                    -1.7739721536636353
                ],
                [
                    1.4901162970204496e-08,
                    0.9320449233055115,
                    0.3623424172401428,
                    1.460649013519287
                ],
                [
                    0.0,
                    0.0,
                    0.0,
                    1.0
                ]
            ]
        },
        {
            "file_path": "/data/shapenet_blender/all_50_random/02958343/414ae320397821af8bf92e87e504146a/r_34",
            "rotation": 0.12566370614359174,
            "transform_matrix": [
                [
                    0.0852837786078453,
                    -0.3692784309387207,
                    0.9253971576690674,
                    3.730395555496216
                ],
                [
                    0.996356725692749,
                    0.03160862252116203,
                    -0.07920995354652405,
                    -0.31930556893348694
                ],
                [
                    0.0,
                    0.9287810325622559,
                    0.3706287145614624,
                    1.4940522909164429
                ],
                [
                    0.0,
                    0.0,
                    0.0,
                    1.0
                ]
            ]
        },
        {
            "file_path": "/data/shapenet_blender/all_50_random/02958343/414ae320397821af8bf92e87e504146a/r_35",
            "rotation": 0.12566370614359174,
            "transform_matrix": [
                [
                    -0.6535496711730957,
                    0.2689530551433563,
                    0.7074865102767944,
                    2.8519692420959473
                ],
                [
                    0.7568836808204651,
                    0.23223409056663513,
                    0.6108964681625366,
                    2.462602376937866
                ],
                [
                    -1.4901161193847656e-08,
                    0.9347360730171204,
                    -0.35534268617630005,
                    -1.4324321746826172
                ],
                [
                    0.0,
                    0.0,
                    0.0,
                    1.0
                ]
            ]
        },
        {
            "file_path": "/data/shapenet_blender/all_50_random/02958343/414ae320397821af8bf92e87e504146a/r_36",
            "rotation": 0.12566370614359174,
            "transform_matrix": [
                [
                    0.8349499702453613,
                    -0.3903188109397888,
                    -0.38795599341392517,
                    -1.5639007091522217
                ],
                [
                    -0.5503259897232056,
                    -0.5921883583068848,
                    -0.5886034965515137,
                    -2.372736930847168
                ],
                [
                    0.0,
                    0.7049566507339478,
                    -0.7092502117156982,
                    -2.859079360961914
                ],
                [
                    0.0,
                    0.0,
                    0.0,
                    1.0
                ]
            ]
        },
        {
            "file_path": "/data/shapenet_blender/all_50_random/02958343/414ae320397821af8bf92e87e504146a/r_37",
            "rotation": 0.12566370614359174,
            "transform_matrix": [
                [
                    0.7306879162788391,
                    -0.3216572105884552,
                    -0.6021891832351685,
                    -2.427502155303955
                ],
                [
                    -0.682711660861969,
                    -0.3442610800266266,
                    -0.6445068717002869,
                    -2.598090410232544
                ],
                [
                    -1.4901161193847656e-08,
                    0.8820549845695496,
                    -0.47114652395248413,
                    -1.8992524147033691
                ],
                [
                    0.0,
                    0.0,
                    0.0,
                    1.0
                ]
            ]
        },
        {
            "file_path": "/data/shapenet_blender/all_50_random/02958343/414ae320397821af8bf92e87e504146a/r_38",
            "rotation": 0.12566370614359174,
            "transform_matrix": [
                [
                    -0.9999579787254333,
                    -0.004868424031883478,
                    -0.0077727679163217545,
                    -0.03133302927017212
                ],
                [
                    -0.009171557612717152,
                    0.5307952165603638,
                    0.8474504351615906,
                    3.416182041168213
                ],
                [
                    -4.656612873077393e-10,
                    0.8474860787391663,
                    -0.5308175683021545,
                    -2.139794111251831
                ],
                [
                    0.0,
                    0.0,
                    0.0,
                    1.0
                ]
            ]
        },
        {
            "file_path": "/data/shapenet_blender/all_50_random/02958343/414ae320397821af8bf92e87e504146a/r_39",
            "rotation": 0.12566370614359174,
            "transform_matrix": [
                [
                    -0.44779226183891296,
                    -0.4122109115123749,
                    -0.7934507131576538,
                    -3.198502540588379
                ],
                [
                    -0.8941375613212585,
                    0.20643897354602814,
                    0.39736735820770264,
                    1.601839303970337
                ],
                [
                    0.0,
                    0.8873923420906067,
                    -0.461014986038208,
                    -1.8584110736846924
                ],
                [
                    0.0,
                    0.0,
                    0.0,
                    1.0
                ]
            ]
        },
        {
            "file_path": "/data/shapenet_blender/all_50_random/02958343/414ae320397821af8bf92e87e504146a/r_40",
            "rotation": 0.12566370614359174,
            "transform_matrix": [
                [
                    -0.07067790627479553,
                    -0.9385424852371216,
                    0.3378499150276184,
                    1.3619166612625122
                ],
                [
                    0.9974992275238037,
                    -0.06650052219629288,
                    0.023938389495015144,
                    0.09649874269962311
                ],
                [
                    0.0,
                    0.3386969566345215,
                    0.9408954381942749,
                    3.7928709983825684
                ],
                [
                    0.0,
                    0.0,
                    0.0,
                    1.0
                ]
            ]
        },
        {
            "file_path": "/data/shapenet_blender/all_50_random/02958343/414ae320397821af8bf92e87e504146a/r_41",
            "rotation": 0.12566370614359174,
            "transform_matrix": [
                [
                    -0.3725980520248413,
                    -0.07111752778291702,
                    -0.9252637028694153,
                    -3.7298574447631836
                ],
                [
                    -0.9279929399490356,
                    0.028554368764162064,
                    0.37150222063064575,
                    1.4975734949111938
