{
    "class": "02958343",
    "model": "5ce9ef613933a245538f2c6e5c51cc7e",
    "remove_doubles": true,
    "edge_split": true,
    "denoise": true,
    "camera_angle_x": 0.6911112070083618,
    "scale_factor": 2.0819974011665834,
    "hdri_file": "/data/IndoorHDRDataset2018/9C4A0037-b2d1efd096.exr",
    "center_offset": [
        0.0,
        0.0,
        -1.3969838619232178e-09
    ],
    "lights": [],
    "frames": [
        {
            "file_path": "/data/shapenet_blender/all_50_random/02958343/5ce9ef613933a245538f2c6e5c51cc7e/r_0",
            "rotation": 0.12566370614359174,
            "transform_matrix": [
                [
                    0.9962334632873535,
                    -0.03433678671717644,
                    0.07962384819984436,
                    0.3209739923477173
                ],
                [
                    0.08671200275421143,
                    0.39449506998062134,
                    -0.9147976040840149,
                    -3.68766713142395
                ],
                [
                    -7.450580596923828e-09,
                    0.9182562232017517,
                    0.39598655700683594,
                    1.5962728261947632
                ],
                [
                    0.0,
                    0.0,
                    0.0,
                    1.0
                ]
            ]
        },
        {
            "file_path": "/data/shapenet_blender/all_50_random/02958343/5ce9ef613933a245538f2c6e5c51cc7e/r_1",
            "rotation": 0.12566370614359174,
            "transform_matrix": [
                [
                    -0.9463770389556885,
                    0.1399598866701126,
                    -0.2911730110645294,
                    -1.1737560033798218
                ],
                [
                    -0.3230642080307007,
                    -0.40999534726142883,
                    0.8529556393623352,
                    3.4383740425109863
                ],
                [
                    -7.450580596923828e-09,
                    0.9012851715087891,
                    0.43322622776031494,
                    1.7463908195495605
                ],
                [
                    0.0,
                    0.0,
                    0.0,
                    1.0
                ]
            ]
        },
        {
            "file_path": "/data/shapenet_blender/all_50_random/02958343/5ce9ef613933a245538f2c6e5c51cc7e/r_2",
            "rotation": 0.12566370614359174,
            "transform_matrix": [
                [
                    -0.9160866737365723,
                    0.1617167592048645,
                    0.366923451423645,
                    1.4791157245635986
                ],
                [
                    0.4009801745414734,
                    0.3694610595703125,
                    0.8382800221443176,
                    3.3792147636413574
                ],
                [
                    0.0,
                    0.9150661826133728,
                    -0.4033036231994629,
                    -1.6257688999176025
                ],
                [
                    0.0,
                    0.0,
                    0.0,
                    1.0
                ]
            ]
        },
        {
            "file_path": "/data/shapenet_blender/all_50_random/02958343/5ce9ef613933a245538f2c6e5c51cc7e/r_3",
            "rotation": 0.12566370614359174,
            "transform_matrix": [
                [
                    -0.9841169118881226,
                    0.03465401753783226,
                    0.17410625517368317,
                    0.7018447518348694
                ],
                [
                    0.1775215119123459,
                    0.19210970401763916,
                    0.9651839137077332,
                    3.8907806873321533
                ],
                [
                    0.0,
                    0.9807614088058472,
                    -0.1952102780342102,
                    -0.7869178056716919
                ],
                [
                    0.0,
                    0.0,
                    0.0,
                    1.0
                ]
            ]
        },
        {
            "file_path": "/data/shapenet_blender/all_50_random/02958343/5ce9ef613933a245538f2c6e5c51cc7e/r_4",
            "rotation": 0.12566370614359174,
            "transform_matrix": [
                [
                    -0.9993812441825867,
                    0.00351240998134017,
                    -0.03499748557806015,
                    -0.1410793960094452
                ],
                [
                    -0.03517330437898636,
                    -0.09979831427335739,
                    0.9943857192993164,
                    4.00849723815918
                ],
                [
                    2.3283064365386963e-10,
                    0.9950014352798462,
                    0.09986010193824768,
                    0.40254896879196167
                ],
                [
                    0.0,
                    0.0,
                    0.0,
                    1.0
                ]
            ]
        },
        {
            "file_path": "/data/shapenet_blender/all_50_random/02958343/5ce9ef613933a245538f2c6e5c51cc7e/r_5",
            "rotation": 0.12566370614359174,
            "transform_matrix": [
                [
                    -0.6655553579330444,
                    0.26039689779281616,
                    -0.6994494199752808,
                    -2.819570779800415
                ],
                [
                    -0.74634850025177,
                    -0.23220860958099365,
                    0.6237331628799438,
                    2.5143487453460693
                ],
                [
                    0.0,
                    0.9371618628501892,
                    0.34889453649520874,
                    1.4064388275146484
                ],
                [
                    0.0,
                    0.0,
                    0.0,
                    1.0
                ]
            ]
        },
        {
            "file_path": "/data/shapenet_blender/all_50_random/02958343/5ce9ef613933a245538f2c6e5c51cc7e/r_6",
            "rotation": 0.12566370614359174,
            "transform_matrix": [
                [
                    -0.756455659866333,
                    0.10885988175868988,
                    0.6449220180511475,
                    2.599764108657837
                ],
                [
                    0.6540451049804688,
                    0.12590518593788147,
                    0.7459040284156799,
                    3.006835460662842
                ],
                [
                    -7.450581485102248e-09,
                    0.9860513806343079,
                    -0.1664409190416336,
                    -0.67094486951828
                ],
                [
                    0.0,
                    0.0,
                    0.0,
                    1.0
                ]
            ]
        },
        {
            "file_path": "/data/shapenet_blender/all_50_random/02958343/5ce9ef613933a245538f2c6e5c51cc7e/r_7",
            "rotation": 0.12566370614359174,
            "transform_matrix": [
                [
                    0.846423864364624,
                    0.4003359377384186,
                    -0.3511376976966858,
                    -1.4154813289642334
                ],
                [
                    -0.5325096249580383,
                    0.6363337635993958,
                    -0.5581332445144653,
                    -2.2499070167541504
                ],
                [
                    -1.4901160305669237e-08,
                    0.659401535987854,
                    0.7517908811569214,
                    3.0305659770965576
                ],
                [
                    0.0,
                    0.0,
                    0.0,
                    1.0
                ]
            ]
        },
        {
            "file_path": "/data/shapenet_blender/all_50_random/02958343/5ce9ef613933a245538f2c6e5c51cc7e/r_8",
            "rotation": 0.12566370614359174,
            "transform_matrix": [
                [
                    -0.9910594820976257,
                    0.024786507710814476,
                    -0.1310986429452896,
                    -0.5284755229949951
                ],
                [
                    -0.13342122733592987,
                    -0.18411539494991302,
                    0.973807156085968,
                    3.925541877746582
                ],
                [
                    1.8626449271863521e-09,
                    0.982591986656189,
                    0.18577636778354645,
                    0.7488884329795837
                ],
                [
                    0.0,
                    0.0,
                    0.0,
                    1.0
                ]
            ]
        },
        {
            "file_path": "/data/shapenet_blender/all_50_random/02958343/5ce9ef613933a245538f2c6e5c51cc7e/r_9",
            "rotation": 0.12566370614359174,
            "transform_matrix": [
                [
                    -0.9997215867042542,
                    0.014962444081902504,
                    0.018244754523038864,
                    0.07354696094989777
                ],
                [
                    0.02359546162188053,
                    0.6339473128318787,
                    0.7730162143707275,
                    3.1161279678344727
                ],
                [
                    -1.862645149230957e-09,
                    0.7732314467430115,
                    -0.6341238617897034,
                    -2.5562350749969482
                ],
                [
                    0.0,
                    0.0,
                    0.0,
                    1.0
                ]
            ]
        },
        {
            "file_path": "/data/shapenet_blender/all_50_random/02958343/5ce9ef613933a245538f2c6e5c51cc7e/r_10",
            "rotation": 0.12566370614359174,
            "transform_matrix": [
                [
                    -0.10855753719806671,
                    0.0025642188265919685,
                    -0.9940868616104126,
                    -4.0072922706604
                ],
                [
                    -0.9940902590751648,
                    -0.0002800201182253659,
                    0.10855716466903687,
                    0.43760791420936584
                ],
                [
                    0.0,
                    0.9999966621398926,
                    0.0025794629473239183,
                    0.010398147627711296
                ],
                [
                    0.0,
                    0.0,
                    0.0,
                    1.0
                ]
            ]
        },
        {
            "file_path": "/data/shapenet_blender/all_50_random/02958343/5ce9ef613933a245538f2c6e5c51cc7e/r_11",
            "rotation": 0.12566370614359174,
            "transform_matrix": [
                [
                    -0.816669762134552,
                    -0.17025242745876312,
                    -0.5514206290245056,
                    -2.2228477001190186
                ],
                [
                    -0.5771054029464722,
                    0.2409265637397766,
                    0.7803229093551636,
                    3.1455821990966797
                ],
                [
                    0.0,
                    0.9554938673973083,
                    -0.2950110137462616,
                    -1.1892274618148804
                ],
                [
                    0.0,
                    0.0,
                    0.0,
                    1.0
                ]
            ]
        },
        {
            "file_path": "/data/shapenet_blender/all_50_random/02958343/5ce9ef613933a245538f2c6e5c51cc7e/r_12",
            "rotation": 0.12566370614359174,
            "transform_matrix": [
                [
                    -0.2835673391819,
                    0.32376813888549805,
                    -0.9026426672935486,
                    -3.638669013977051
                ],
                [
                    -0.9589524269104004,
                    -0.0957399532198906,
                    0.2669162154197693,
                    1.075973629951477
                ],
                [
                    0.0,
                    0.9412800073623657,
                    0.33762693405151367,
                    1.3610177040100098
                ],
                [
                    0.0,
                    0.0,
                    0.0,
                    1.0
                ]
            ]
        },
        {
            "file_path": "/data/shapenet_blender/all_50_random/02958343/5ce9ef613933a245538f2c6e5c51cc7e/r_13",
            "rotation": 0.12566370614359174,
            "transform_matrix": [
                [
                    -0.7978315949440002,
                    -0.0380934439599514,
                    -0.6016757488250732,
                    -2.4254322052001953
                ],
                [
                    -0.6028804183006287,
                    0.05041157826781273,
                    0.7962373495101929,
                    3.209735155105591
                ],
                [
                    0.0,
                    0.9980018138885498,
                    -0.06318573653697968,
                    -0.25470981001853943
                ],
                [
                    0.0,
                    0.0,
                    0.0,
                    1.0
                ]
            ]
        },
        {
            "file_path": "/data/shapenet_blender/all_50_random/02958343/5ce9ef613933a245538f2c6e5c51cc7e/r_14",
            "rotation": 0.12566370614359174,
            "transform_matrix": [
                [
                    0.811299204826355,
                    0.10591159015893936,
                    -0.5749576687812805,
                    -2.317728281021118
                ],
                [
                    -0.5846311450004578,
                    0.14697471261024475,
                    -0.7978752851486206,
                    -3.2163376808166504
                ],
                [
                    0.0,
                    0.9834537506103516,
                    0.18115967512130737,
                    0.7302778959274292
                ],
                [
                    0.0,
                    0.0,
                    0.0,
                    1.0
                ]
            ]
        },
        {
            "file_path": "/data/shapenet_blender/all_50_random/02958343/5ce9ef613933a245538f2c6e5c51cc7e/r_15",
            "rotation": 0.12566370614359174,
            "transform_matrix": [
                [
                    0.9936466217041016,
                    -0.005351172760128975,
                    0.11241809278726578,
                    0.45317184925079346
                ],
                [
                    0.11254538595676422,
                    0.047244712710380554,
                    -0.9925227761268616,
                    -4.000987529754639
                ],
                [
                    4.656612873077393e-10,
                    0.998869001865387,
                    0.04754680022597313,
                    0.19166730344295502
                ],
                [
                    0.0,
                    0.0,
                    0.0,
                    1.0
                ]
            ]
        },
        {
            "file_path": "/data/shapenet_blender/all_50_random/02958343/5ce9ef613933a245538f2c6e5c51cc7e/r_16",
            "rotation": 0.12566370614359174,
            "transform_matrix": [
                [
                    0.9995111227035522,
                    -0.002153724431991577,
                    -0.03119012340903282,
                    -0.12573140859603882
                ],
                [
                    -0.03126438707113266,
                    -0.06885378062725067,
                    -0.9971368312835693,
                    -4.01958703994751
                ],
                [
                    0.0,
                    0.9976242780685425,
                    -0.06888747960329056,
                    -0.27769431471824646
                ],
                [
                    0.0,
                    0.0,
                    0.0,
                    1.0
                ]
            ]
        },
        {
            "file_path": "/data/shapenet_blender/all_50_random/02958343/5ce9ef613933a245538f2c6e5c51cc7e/r_17",
            "rotation": 0.12566370614359174,
            "transform_matrix": [
                [
                    0.5244203805923462,
                    0.0016775327967479825,
                    0.8514577746391296,
                    3.4323363304138184
                ],
                [
                    0.8514594435691833,
                    -0.0010332053061574697,
                    -0.5244193077087402,
                    -2.114001989364624
                ],
                [
                    5.8207653974573503e-11,
                    0.999998152256012,
                    -0.001970184501260519,
                    -0.00794206839054823
                ],
                [
                    0.0,
                    0.0,
                    0.0,
                    1.0
                ]
            ]
        },
        {
            "file_path": "/data/shapenet_blender/all_50_random/02958343/5ce9ef613933a245538f2c6e5c51cc7e/r_18",
            "rotation": 0.12566370614359174,
            "transform_matrix": [
                [
                    -0.21856588125228882,
                    0.1428583264350891,
                    0.965308427810669,
                    3.891282796859741
                ],
                [
                    0.9758222103118896,
                    0.03199758753180504,
                    0.2162109911441803,
                    0.8715744018554688
                ],
                [
                    0.0,
                    0.9892258048057556,
                    -0.1463979035615921,
                    -0.5901488065719604
                ],
                [
                    0.0,
                    0.0,
                    0.0,
                    1.0
                ]
            ]
        },
        {
            "file_path": "/data/shapenet_blender/all_50_random/02958343/5ce9ef613933a245538f2c6e5c51cc7e/r_19",
            "rotation": 0.12566370614359174,
            "transform_matrix": [
                [
                    -0.2290215790271759,
                    -0.5719793438911438,
                    -0.7876474857330322,
                    -3.1751086711883545
                ],
                [
                    -0.9734213948249817,
                    0.1345723569393158,
                    0.1853136420249939,
                    0.7470231652259827
                ],
                [
                    0.0,
                    0.80915367603302,
                    -0.5875969529151917,
                    -2.3686790466308594
                ],
                [
                    0.0,
                    0.0,
                    0.0,
                    1.0
                ]
            ]
        },
        {
            "file_path": "/data/shapenet_blender/all_50_random/02958343/5ce9ef613933a245538f2c6e5c51cc7e/r_20",
            "rotation": 0.12566370614359174,
            "transform_matrix": [
                [
                    -0.7107684016227722,
                    -0.4600338935852051,
                    -0.5321438312530518,
                    -2.1451404094696045
                ],
                [
                    -0.70342618227005,
                    0.46483567357063293,
                    0.5376982688903809,
                    2.1675310134887695
                ],
                [
                    1.4901162970204496e-08,
                    0.7565027475357056,
                    -0.6539904475212097,
                    -2.636319875717163
                ],
                [
                    0.0,
                    0.0,
                    0.0,
                    1.0
                ]
            ]
        },
        {
            "file_path": "/data/shapenet_blender/all_50_random/02958343/5ce9ef613933a245538f2c6e5c51cc7e/r_21",
            "rotation": 0.12566370614359174,
            "transform_matrix": [
                [
                    0.5459237694740295,
                    -0.4045262932777405,
                    0.7337068319320679,
                    2.9576668739318848
                ],
                [
                    0.837834894657135,
                    0.26358479261398315,
                    -0.4780751168727875,
                    -1.9271824359893799
                ],
                [
                    0.0,
                    0.8757177591323853,
                    0.4828234016895294,
                    1.9463233947753906
                ],
                [
                    0.0,
                    0.0,
                    0.0,
                    1.0
                ]
            ]
        },
        {
            "file_path": "/data/shapenet_blender/all_50_random/02958343/5ce9ef613933a245538f2c6e5c51cc7e/r_22",
            "rotation": 0.12566370614359174,
            "transform_matrix": [
                [
                    0.6495941877365112,
                    -0.1825428009033203,
                    0.7380415797233582,
                    2.9751410484313965
                ],
                [
                    0.7602811455726624,
                    0.15596699714660645,
                    -0.6305924654006958,
                    -2.5419998168945312
                ],
                [
                    -7.450580596923828e-09,
                    0.9707484245300293,
                    0.24009907245635986,
                    0.9678703546524048
                ],
                [
                    0.0,
                    0.0,
                    0.0,
                    1.0
                ]
            ]
        },
        {
            "file_path": "/data/shapenet_blender/all_50_random/02958343/5ce9ef613933a245538f2c6e5c51cc7e/r_23",
            "rotation": 0.12566370614359174,
            "transform_matrix": [
                [
                    0.23317737877368927,
                    -0.13195495307445526,
                    -0.9634397625923157,
                    -3.8837497234344482
                ],
                [
                    -0.9724342226982117,
                    -0.031641121953725815,
                    -0.23102061450481415,
                    -0.9312738180160522
                ],
                [
                    0.0,
                    0.9907504916191101,
                    -0.13569551706314087,
                    -0.5470061302185059
                ],
                [
                    0.0,
                    0.0,
                    0.0,
                    1.0
                ]
            ]
        },
        {
            "file_path": "/data/shapenet_blender/all_50_random/02958343/5ce9ef613933a245538f2c6e5c51cc7e/r_24",
            "rotation": 0.12566370614359174,
            "transform_matrix": [
                [
                    0.6252608299255371,
                    0.5803638696670532,
                    -0.5217534899711609,
                    -2.1032555103302
                ],
                [
                    -0.7804157137870789,
                    0.464981347322464,
                    -0.41802334785461426,
                    -1.6851060390472412
                ],
                [
                    0.0,
                    0.6685583591461182,
                    0.7436597347259521,
                    2.997788190841675
                ],
                [
                    0.0,
                    0.0,
                    0.0,
                    1.0
                ]
            ]
        },
        {
            "file_path": "/data/shapenet_blender/all_50_random/02958343/5ce9ef613933a245538f2c6e5c51cc7e/r_25",
            "rotation": 0.12566370614359174,
            "transform_matrix": [
                [
                    -0.9813568592071533,
                    -0.10329153388738632,
                    -0.16207918524742126,
                    -0.6533620953559875
                ],
                [
                    -0.19219471514225006,
                    0.5274122953414917,
                    0.8275852799415588,
                    3.3361029624938965
                ],
                [
                    7.450580596923828e-09,
                    0.8433071970939636,
                    -0.5374318361282349,
                    -2.166456937789917
                ],
                [
                    0.0,
                    0.0,
                    0.0,
                    1.0
                ]
            ]
        },
        {
            "file_path": "/data/shapenet_blender/all_50_random/02958343/5ce9ef613933a245538f2c6e5c51cc7e/r_26",
            "rotation": 0.12566370614359174,
            "transform_matrix": [
                [
                    0.261899471282959,
                    -0.10721202194690704,
                    0.9591217041015625,
                    3.866342782974243
                ],
                [
                    0.9650952816009521,
                    0.029094303026795387,
                    -0.2602784335613251,
                    -1.0492157936096191
                ],
                [
                    0.0,
                    0.9938102960586548,
                    0.11108959466218948,
                    0.4478164315223694
                ],
                [
                    0.0,
                    0.0,
                    0.0,
                    1.0
                ]
            ]
        },
        {
            "file_path": "/data/shapenet_blender/all_50_random/02958343/5ce9ef613933a245538f2c6e5c51cc7e/r_27",
            "rotation": 0.12566370614359174,
            "transform_matrix": [
                [
                    0.9939415454864502,
                    0.10341708362102509,
                    0.03721766546368599,
                    0.15002921223640442
                ],
                [
                    0.10991019010543823,
                    -0.9352229833602905,
                    -0.33656737208366394,
                    -1.3567464351654053
                ],
                [
                    0.0,
                    0.3386191129684448,
                    -0.9409236311912537,
                    -3.7929842472076416
                ],
                [
                    0.0,
                    0.0,
                    0.0,
                    1.0
                ]
            ]
        },
        {
            "file_path": "/data/shapenet_blender/all_50_random/02958343/5ce9ef613933a245538f2c6e5c51cc7e/r_28",
            "rotation": 0.12566370614359174,
            "transform_matrix": [
                [
                    -0.9961433410644531,
                    0.08032453060150146,
                    0.03530515357851982,
                    0.14231961965560913
                ],
                [
                    0.08774100989103317,
                    0.9119423627853394,
                    0.4008273184299469,
                    1.6157865524291992
                ],
                [
                    0.0,
                    0.4023790955543518,
                    -0.9154731035232544,
                    -3.690390110015869
                ],
                [
                    0.0,
                    0.0,
                    0.0,
                    1.0
                ]
            ]
        },
        {
            "file_path": "/data/shapenet_blender/all_50_random/02958343/5ce9ef613933a245538f2c6e5c51cc7e/r_29",
            "rotation": 0.12566370614359174,
            "transform_matrix": [
                [
                    -0.21593962609767914,
                    0.8101051449775696,
                    -0.5450684428215027,
                    -2.1972410678863525
                ],
                [
                    -0.9764066934585571,
                    -0.17916080355644226,
                    0.12054595351219177,
                    0.4859362840652466
                ],
                [
                    -7.450580596923828e-09,
                    0.5582391619682312,
                    0.8296800851821899,
                    3.3445475101470947
                ],
                [
                    0.0,
                    0.0,
                    0.0,
                    1.0
                ]
            ]
        },
        {
            "file_path": "/data/shapenet_blender/all_50_random/02958343/5ce9ef613933a245538f2c6e5c51cc7e/r_30",
            "rotation": 0.12566370614359174,
            "transform_matrix": [
                [
                    0.29136988520622253,
                    -0.3164463937282562,
                    0.9027542471885681,
                    3.6391189098358154
                ],
                [
                    0.9566105008125305,
                    0.09638504683971405,
                    -0.2749660313129425,
                    -1.1084235906600952
                ],
                [
                    0.0,
                    0.9437010288238525,
                    0.3307996094226837,
                    1.3334959745407104
                ],
                [
                    0.0,
                    0.0,
                    0.0,
                    1.0
                ]
            ]
        },
        {
            "file_path": "/data/shapenet_blender/all_50_random/02958343/5ce9ef613933a245538f2c6e5c51cc7e/r_31",
            "rotation": 0.12566370614359174,
            "transform_matrix": [
                [
                    -0.37342387437820435,
                    -0.7950412631034851,
                    0.4779789447784424,
                    1.9267947673797607
                ],
                [
                    0.9276608228683472,
                    -0.32003873586654663,
                    0.19240733981132507,
                    0.7756187915802002
                ],
                [
                    0.0,
                    0.5152517557144165,
                    0.8570387959480286,
                    3.454833984375
                ],
                [
                    0.0,
                    0.0,
                    0.0,
                    1.0
                ]
            ]
        },
        {
            "file_path": "/data/shapenet_blender/all_50_random/02958343/5ce9ef613933a245538f2c6e5c51cc7e/r_32",
            "rotation": 0.12566370614359174,
            "transform_matrix": [
                [
                    0.8830356001853943,
                    -0.19297102093696594,
                    -0.4277971386909485,
                    -1.7245055437088013
                ],
                [
                    -0.4693061411380768,
                    -0.36308979988098145,
                    -0.8049331903457642,
                    -3.2447896003723145
                ],
                [
                    1.4901162970204496e-08,
                    0.911552369594574,
                    -0.4111836850643158,
                    -1.6575345993041992
                ],
                [
                    0.0,
                    0.0,
                    0.0,
                    1.0
                ]
            ]
        },
        {
            "file_path": "/data/shapenet_blender/all_50_random/02958343/5ce9ef613933a245538f2c6e5c51cc7e/r_33",
            "rotation": 0.12566370614359174,
            "transform_matrix": [
                [
                    -0.9998300075531006,
                    -0.0009781793924048543,
                    0.01841682568192482,
                    0.07424061000347137
                ],
                [
                    0.01844278909265995,
                    -0.05302957072854042,
                    0.9984225630760193,
                    4.024770259857178
                ],
                [
                    0.0,
                    0.9985923767089844,
                    0.053038593381643295,
                    0.2138054221868515
                ],
                [
                    0.0,
                    0.0,
                    0.0,
                    1.0
                ]
            ]
        },
        {
            "file_path": "/data/shapenet_blender/all_50_random/02958343/5ce9ef613933a245538f2c6e5c51cc7e/r_34",
            "rotation": 0.12566370614359174,
            "transform_matrix": [
                [
                    -0.5743993520736694,
                    0.6290383338928223,
                    0.5238091945648193,
                    2.1115424633026123
                ],
                [
                    0.8185752630233765,
                    0.4414001703262329,
                    0.36756017804145813,
                    1.4816824197769165
                ],
                [
                    -2.9802322387695312e-08,
                    0.6399035453796387,
                    -0.7684552073478699,
                    -3.0977420806884766
                ],
                [
                    0.0,
                    0.0,
                    0.0,
                    1.0
                ]
            ]
        },
        {
            "file_path": "/data/shapenet_blender/all_50_random/02958343/5ce9ef613933a245538f2c6e5c51cc7e/r_35",
            "rotation": 0.12566370614359174,
            "transform_matrix": [
                [
                    0.28439658880233765,
                    -0.002092307433485985,
                    0.9587043523788452,
                    3.86466121673584
                ],
                [
                    0.9587066769599915,
                    0.0006206749239936471,
                    -0.2843959331512451,
                    -1.1464368104934692
                ],
                [
                    5.8207657444020455e-11,
                    0.9999975562095642,
                    0.0021824270952492952,
                    0.008797645568847656
                ],
                [
                    0.0,
                    0.0,
                    0.0,
                    1.0
                ]
            ]
        },
        {
            "file_path": "/data/shapenet_blender/all_50_random/02958343/5ce9ef613933a245538f2c6e5c51cc7e/r_36",
            "rotation": 0.12566370614359174,
            "transform_matrix": [
                [
                    -0.8219232559204102,
                    0.20973944664001465,
                    0.5295766592025757,
                    2.134791851043701
                ],
                [
                    0.5695981383323669,
                    0.30265146493911743,
                    0.7641727328300476,
                    3.0804789066314697
                ],
                [
                    1.4901160305669237e-08,
                    0.9297373294830322,
                    -0.36822348833084106,
                    -1.48435640335083
                ],
                [
                    0.0,
                    0.0,
                    0.0,
                    1.0
                ]
            ]
        },
        {
            "file_path": "/data/shapenet_blender/all_50_random/02958343/5ce9ef613933a245538f2c6e5c51cc7e/r_37",
            "rotation": 0.12566370614359174,
            "transform_matrix": [
                [
                    0.7254112362861633,
                    -0.5550265908241272,
                    -0.40709206461906433,
                    -1.6410406827926636
                ],
                [
                    -0.688315749168396,
                    -0.5849387049674988,
                    -0.42903149127960205,
                    -1.7294813394546509
                ],
                [
                    -2.980232594040899e-08,
                    0.5914320349693298,
                    -0.8063546419143677,
                    -3.2505197525024414
                ],
                [
                    0.0,
                    0.0,
                    0.0,
                    1.0
                ]
            ]
        },
        {
            "file_path": "/data/shapenet_blender/all_50_random/02958343/5ce9ef613933a245538f2c6e5c51cc7e/r_38",
            "rotation": 0.12566370614359174,
            "transform_matrix": [
                [
                    0.9608323574066162,
                    -0.10151036083698273,
                    0.2578697204589844,
                    1.039506196975708
                ],
                [
                    0.27713021636009216,
                    0.3519444465637207,
                    -0.8940547108650208,
                    -3.6040501594543457
                ],
                [
                    -7.450580596923828e-09,
                    0.9305002689361572,
                    0.3662911355495453,
                    1.4765669107437134
                ],
                [
                    0.0,
                    0.0,
                    0.0,
                    1.0
                ]
            ]
        },
        {
            "file_path": "/data/shapenet_blender/all_50_random/02958343/5ce9ef613933a245538f2c6e5c51cc7e/r_39",
            "rotation": 0.12566370614359174,
            "transform_matrix": [
                [
                    -0.9834353923797607,
                    0.10466944426298141,
                    0.1479838788509369,
                    0.5965421199798584
                ],
                [
                    0.18125927448272705,
                    0.5678917169570923,
                    0.8028973340988159,
                    3.2365827560424805
                ],
                [
                    0.0,
                    0.8164210915565491,
                    -0.577457070350647,
                    -2.32780385017395
                ],
                [
                    0.0,
                    0.0,
                    0.0,
                    1.0
                ]
            ]
        },
        {
            "file_path": "/data/shapenet_blender/all_50_random/02958343/5ce9ef613933a245538f2c6e5c51cc7e/r_40",
            "rotation": 0.12566370614359174,
            "transform_matrix": [
                [
                    -0.8981875777244568,
                    -0.01894916221499443,
                    0.43920376896858215,
                    1.7704870700836182
                ],
                [
                    0.43961232900619507,
                    -0.038715705275535583,
                    0.8973528146743774,
                    3.617344856262207
                ],
                [
                    0.0,
                    0.9990705847740173,
                    0.043104253709316254,
                    0.17375880479812622
                ],
                [
                    0.0,
                    0.0,
                    0.0,
                    1.0
                ]
            ]
        },
        {
            "file_path": "/data/shapenet_blender/all_50_random/02958343/5ce9ef613933a245538f2c6e5c51cc7e/r_41",
            "rotation": 0.12566370614359174,
            "transform_matrix": [
                [
                    0.9849023222923279,
                    -0.07619564980268478,
                    0.15544018149375916,
                    0.6265994906425476
                ],
                [
                    0.17311103641986847,
                    0.4335094690322876,
                    -0.8843653202056885,
                    -3.564990758895874
                ],
                [
                    0.0,
