{
    "class": "02958343",
    "model": "2bfea38242ba63cce77aa0b62eed1492",
    "remove_doubles": true,
    "edge_split": true,
    "denoise": true,
    "camera_angle_x": 0.6911112070083618,
    "scale_factor": 2.309356773202391,
    "hdri_file": "/data/IndoorHDRDataset2018/AG8A9312-26a5c8def4.exr",
    "center_offset": [
        0.0,
        -2.7939677238464355e-09,
        0.0
    ],
    "lights": [],
    "frames": [
        {
            "file_path": "/data/shapenet_blender/all_50_random/02958343/2bfea38242ba63cce77aa0b62eed1492/r_0",
            "rotation": 0.12566370614359174,
            "transform_matrix": [
                [
                    -0.7130562663078308,
                    0.1689126342535019,
                    -0.6804552674293518,
                    -2.7430028915405273
                ],
                [
                    -0.70110684633255,
                    -0.17179150879383087,
                    0.6920526623725891,
                    2.7897534370422363
                ],
                [
                    0.0,
                    0.9705442190170288,
                    0.24092283844947815,
                    0.9711910486221313
                ],
                [
                    0.0,
                    0.0,
                    0.0,
                    1.0
                ]
            ]
        },
        {
            "file_path": "/data/shapenet_blender/all_50_random/02958343/2bfea38242ba63cce77aa0b62eed1492/r_1",
            "rotation": 0.12566370614359174,
            "transform_matrix": [
                [
                    -0.7620351314544678,
                    -0.3728528320789337,
                    -0.5294177532196045,
                    -2.134150981903076
                ],
                [
                    -0.6475356221199036,
                    0.4387820363044739,
                    0.6230313181877136,
                    2.511519193649292
                ],
                [
                    0.0,
                    0.8175885677337646,
                    -0.5758028626441956,
                    -2.3211352825164795
                ],
                [
                    0.0,
                    0.0,
                    0.0,
                    1.0
                ]
            ]
        },
        {
            "file_path": "/data/shapenet_blender/all_50_random/02958343/2bfea38242ba63cce77aa0b62eed1492/r_2",
            "rotation": 0.12566370614359174,
            "transform_matrix": [
                [
                    -0.6969763040542603,
                    0.061186783015728,
                    -0.7144790291786194,
                    -2.880156993865967
                ],
                [
                    -0.7170942425727844,
                    -0.059470199048519135,
                    0.6944344639778137,
                    2.7993547916412354
                ],
                [
                    0.0,
                    0.996353030204773,
                    0.08532601594924927,
                    0.343960165977478
                ],
                [
                    0.0,
                    0.0,
                    0.0,
                    1.0
                ]
            ]
        },
        {
            "file_path": "/data/shapenet_blender/all_50_random/02958343/2bfea38242ba63cce77aa0b62eed1492/r_3",
            "rotation": 0.12566370614359174,
            "transform_matrix": [
                [
                    -0.9148324728012085,
                    0.019493468105793,
                    -0.40336281061172485,
                    -1.6260075569152832
                ],
                [
                    -0.4038335680961609,
                    -0.044159915298223495,
                    0.9137660264968872,
                    3.6835086345672607
                ],
                [
                    0.0,
                    0.9988342523574829,
                    0.04827103763818741,
                    0.19458678364753723
                ],
                [
                    0.0,
                    0.0,
                    0.0,
                    1.0
                ]
            ]
        },
        {
            "file_path": "/data/shapenet_blender/all_50_random/02958343/2bfea38242ba63cce77aa0b62eed1492/r_4",
            "rotation": 0.12566370614359174,
            "transform_matrix": [
                [
                    -0.5918665528297424,
                    -0.7659929394721985,
                    0.2508959472179413,
                    1.0113939046859741
                ],
                [
                    0.8060358762741089,
                    -0.5624632835388184,
                    0.18423114717006683,
                    0.7426595091819763
                ],
                [
                    0.0,
                    0.31127145886421204,
                    0.9503210186958313,
                    3.830866575241089
                ],
                [
                    0.0,
                    0.0,
                    0.0,
                    1.0
                ]
            ]
        },
        {
            "file_path": "/data/shapenet_blender/all_50_random/02958343/2bfea38242ba63cce77aa0b62eed1492/r_5",
            "rotation": 0.12566370614359174,
            "transform_matrix": [
                [
                    0.9194361567497253,
                    -0.14434590935707092,
                    -0.3657887876033783,
                    -1.4745419025421143
                ],
                [
                    -0.3932393789291382,
                    -0.3374963402748108,
                    -0.8552536964416504,
                    -3.4476382732391357
                ],
                [
                    -7.450580596923828e-09,
                    0.9301938414573669,
                    -0.36706873774528503,
                    -1.4797015190124512
                ],
                [
                    0.0,
                    0.0,
                    0.0,
                    1.0
                ]
            ]
        },
        {
            "file_path": "/data/shapenet_blender/all_50_random/02958343/2bfea38242ba63cce77aa0b62eed1492/r_6",
            "rotation": 0.12566370614359174,
            "transform_matrix": [
                [
                    0.18456298112869263,
                    0.20083212852478027,
                    -0.96208256483078,
                    -3.878279209136963
                ],
                [
                    -0.9828206300735474,
                    0.03771407902240753,
                    -0.18066859245300293,
                    -0.7282984256744385
                ],
                [
                    0.0,
                    0.9788994193077087,
                    0.2043425738811493,
                    0.8237313032150269
                ],
                [
                    0.0,
                    0.0,
                    0.0,
                    1.0
                ]
            ]
        },
        {
            "file_path": "/data/shapenet_blender/all_50_random/02958343/2bfea38242ba63cce77aa0b62eed1492/r_7",
            "rotation": 0.12566370614359174,
            "transform_matrix": [
                [
                    0.36989787220954895,
                    0.4088270664215088,
                    0.834287703037262,
                    3.363121271133423
                ],
                [
                    0.9290724992752075,
                    -0.16276906430721283,
                    -0.3321605622768402,
                    -1.338982105255127
                ],
                [
                    0.0,
                    0.8979791402816772,
                    -0.44003790616989136,
                    -1.7738494873046875
                ],
                [
                    0.0,
                    0.0,
                    0.0,
                    1.0
                ]
            ]
        },
        {
            "file_path": "/data/shapenet_blender/all_50_random/02958343/2bfea38242ba63cce77aa0b62eed1492/r_8",
            "rotation": 0.12566370614359174,
            "transform_matrix": [
                [
                    0.505858838558197,
                    -0.7498860955238342,
                    0.42635399103164673,
                    1.718687891960144
                ],
                [
                    0.8626163601875305,
                    0.43975111842155457,
                    -0.2500241696834564,
                    -1.007879614830017
                ],
                [
                    0.0,
                    0.4942568242549896,
                    0.8693159222602844,
                    3.5043246746063232
                ],
                [
                    0.0,
                    0.0,
                    0.0,
                    1.0
                ]
            ]
        },
        {
            "file_path": "/data/shapenet_blender/all_50_random/02958343/2bfea38242ba63cce77aa0b62eed1492/r_9",
            "rotation": 0.12566370614359174,
            "transform_matrix": [
                [
                    0.14005796611309052,
                    0.794655978679657,
                    -0.5906822681427002,
                    -2.3811163902282715
                ],
                [
                    -0.9901432394981384,
                    0.11240585893392563,
                    -0.08355332165956497,
                    -0.3368142247200012
                ],
                [
                    0.0,
                    0.596562385559082,
                    0.802566647529602,
                    3.2352497577667236
                ],
                [
                    0.0,
                    0.0,
                    0.0,
                    1.0
                ]
            ]
        },
        {
            "file_path": "/data/shapenet_blender/all_50_random/02958343/2bfea38242ba63cce77aa0b62eed1492/r_10",
            "rotation": 0.12566370614359174,
            "transform_matrix": [
                [
                    0.16659383475780487,
                    -0.6171063780784607,
                    -0.7690423130989075,
                    -3.1001086235046387
                ],
                [
                    -0.9860256314277649,
                    -0.10426313430070877,
                    -0.1299334466457367,
                    -0.52377849817276
                ],
                [
                    0.0,
                    0.7799413800239563,
                    -0.6258524060249329,
                    -2.5228917598724365
                ],
                [
                    0.0,
                    0.0,
                    0.0,
                    1.0
                ]
            ]
        },
        {
            "file_path": "/data/shapenet_blender/all_50_random/02958343/2bfea38242ba63cce77aa0b62eed1492/r_11",
            "rotation": 0.12566370614359174,
            "transform_matrix": [
                [
                    0.4810197949409485,
                    0.3092617392539978,
                    -0.8203517198562622,
                    -3.306943893432617
                ],
                [
                    -0.8767097592353821,
                    0.16968104243278503,
                    -0.4500981271266937,
                    -1.8144036531448364
                ],
                [
                    0.0,
                    0.9357165098190308,
                    0.3527527153491974,
                    1.4219918251037598
                ],
                [
                    0.0,
                    0.0,
                    0.0,
                    1.0
                ]
            ]
        },
        {
            "file_path": "/data/shapenet_blender/all_50_random/02958343/2bfea38242ba63cce77aa0b62eed1492/r_12",
            "rotation": 0.12566370614359174,
            "transform_matrix": [
                [
                    0.06528069823980331,
                    -0.0007953811436891556,
                    -0.9978665113449097,
                    -4.022528648376465
                ],
                [
                    -0.9978669285774231,
                    -5.203403270570561e-05,
                    -0.06528067588806152,
                    -0.2631548345088959
                ],
                [
                    0.0,
                    0.9999996423721313,
                    -0.0007970812730491161,
                    -0.00321313738822937
                ],
                [
                    0.0,
                    0.0,
                    0.0,
                    1.0
                ]
            ]
        },
        {
            "file_path": "/data/shapenet_blender/all_50_random/02958343/2bfea38242ba63cce77aa0b62eed1492/r_13",
            "rotation": 0.12566370614359174,
            "transform_matrix": [
                [
                    0.9902185201644897,
                    0.032725825905799866,
                    -0.13563348352909088,
                    -0.5467561483383179
                ],
                [
                    -0.13952572643756866,
                    0.2322562336921692,
                    -0.9625951647758484,
                    -3.880345582962036
                ],
                [
                    0.0,
                    0.9721038937568665,
                    0.23455049097537994,
                    0.9455033540725708
                ],
                [
                    0.0,
                    0.0,
                    0.0,
                    1.0
                ]
            ]
        },
        {
            "file_path": "/data/shapenet_blender/all_50_random/02958343/2bfea38242ba63cce77aa0b62eed1492/r_14",
            "rotation": 0.12566370614359174,
            "transform_matrix": [
                [
                    0.5481832027435303,
                    -0.014852384105324745,
                    0.8362264037132263,
                    3.370936393737793
                ],
                [
                    0.836358368396759,
                    0.00973485503345728,
                    -0.5480967164039612,
                    -2.2094485759735107
                ],
                [
                    9.31322685637781e-10,
                    0.9998421669006348,
                    0.01775839924812317,
                    0.07158640027046204
                ],
                [
                    0.0,
                    0.0,
                    0.0,
                    1.0
                ]
            ]
        },
        {
            "file_path": "/data/shapenet_blender/all_50_random/02958343/2bfea38242ba63cce77aa0b62eed1492/r_15",
            "rotation": 0.12566370614359174,
            "transform_matrix": [
                [
                    -0.9675149917602539,
                    0.013794010505080223,
                    -0.2524369955062866,
                    -1.0176061391830444
                ],
                [
                    -0.2528136372566223,
                    -0.05278953164815903,
                    0.9660736918449402,
                    3.8943679332733154
                ],
                [
                    -9.313225746154785e-10,
                    0.9985104203224182,
                    0.05456196516752243,
                    0.21994632482528687
                ],
                [
                    0.0,
                    0.0,
                    0.0,
                    1.0
                ]
            ]
        },
        {
            "file_path": "/data/shapenet_blender/all_50_random/02958343/2bfea38242ba63cce77aa0b62eed1492/r_16",
            "rotation": 0.12566370614359174,
            "transform_matrix": [
                [
                    0.21021601557731628,
                    0.3165660798549652,
                    0.92498379945755,
                    3.728729248046875
                ],
                [
                    0.9776549935340881,
                    -0.0680682435631752,
                    -0.19889062643051147,
                    -0.8017538189888
                ],
                [
                    -7.450580596923828e-09,
                    0.9461250305175781,
                    -0.3238013684749603,
                    -1.3052852153778076
                ],
                [
                    0.0,
                    0.0,
                    0.0,
                    1.0
                ]
            ]
        },
        {
            "file_path": "/data/shapenet_blender/all_50_random/02958343/2bfea38242ba63cce77aa0b62eed1492/r_17",
            "rotation": 0.12566370614359174,
            "transform_matrix": [
                [
                    -0.9659682512283325,
                    0.14886705577373505,
                    -0.21152779459953308,
                    -0.852695882320404
                ],
                [
                    -0.25866085290908813,
                    -0.5559436678886414,
                    0.7899500131607056,
                    3.1843905448913574
                ],
                [
                    0.0,
                    0.817780613899231,
                    0.5755299925804138,
                    2.320035934448242
                ],
                [
                    0.0,
                    0.0,
                    0.0,
                    1.0
                ]
            ]
        },
        {
            "file_path": "/data/shapenet_blender/all_50_random/02958343/2bfea38242ba63cce77aa0b62eed1492/r_18",
            "rotation": 0.12566370614359174,
            "transform_matrix": [
                [
                    -0.999999463558197,
                    0.00032770639518275857,
                    -0.0009799260878935456,
                    -0.003950208425521851
                ],
                [
                    -0.0010332699166610837,
                    -0.31715455651283264,
                    0.9483733177185059,
                    3.8230152130126953
                ],
                [
                    -2.9103830456733704e-11,
                    0.9483737945556641,
                    0.3171547055244446,
                    1.278491497039795
                ],
                [
                    0.0,
                    0.0,
                    0.0,
                    1.0
                ]
            ]
        },
        {
            "file_path": "/data/shapenet_blender/all_50_random/02958343/2bfea38242ba63cce77aa0b62eed1492/r_19",
            "rotation": 0.12566370614359174,
            "transform_matrix": [
                [
                    -0.9330362677574158,
                    -0.020798776298761368,
                    0.35918083786964417,
                    1.4479042291641235
                ],
                [
                    0.35978251695632935,
                    -0.05393816903233528,
                    0.9314758777618408,
                    3.754899263381958
                ],
                [
                    -1.862645149230957e-09,
                    0.9983275532722473,
                    0.057809311896562576,
                    0.23303678631782532
                ],
                [
                    0.0,
                    0.0,
                    0.0,
                    1.0
                ]
            ]
        },
        {
            "file_path": "/data/shapenet_blender/all_50_random/02958343/2bfea38242ba63cce77aa0b62eed1492/r_20",
            "rotation": 0.12566370614359174,
            "transform_matrix": [
                [
                    -0.8084723353385925,
                    -0.522319495677948,
                    0.2712099552154541,
                    1.0932823419570923
                ],
                [
                    0.5885342359542847,
                    -0.717512845993042,
                    0.372562438249588,
                    1.501847267150879
                ],
                [
                    1.4901161193847656e-08,
                    0.46082282066345215,
                    0.8874921798706055,
                    3.5775954723358154
                ],
                [
                    0.0,
                    0.0,
                    0.0,
                    1.0
                ]
            ]
        },
        {
            "file_path": "/data/shapenet_blender/all_50_random/02958343/2bfea38242ba63cce77aa0b62eed1492/r_21",
            "rotation": 0.12566370614359174,
            "transform_matrix": [
                [
                    -0.9384028911590576,
                    -0.051711756736040115,
                    -0.3416518270969391,
                    -1.3772425651550293
                ],
                [
                    -0.34554314613342285,
                    0.1404353231191635,
                    0.9278350472450256,
                    3.740222692489624
                ],
                [
                    0.0,
                    0.9887382984161377,
                    -0.1496535688638687,
                    -0.6032728552818298
                ],
                [
                    0.0,
                    0.0,
                    0.0,
                    1.0
                ]
            ]
        },
        {
            "file_path": "/data/shapenet_blender/all_50_random/02958343/2bfea38242ba63cce77aa0b62eed1492/r_22",
            "rotation": 0.12566370614359174,
            "transform_matrix": [
                [
                    -0.2521166205406189,
                    0.5199764966964722,
                    -0.8161259889602661,
                    -3.2899091243743896
                ],
                [
                    -0.9676969051361084,
                    -0.13547082245349884,
                    0.21262744069099426,
                    0.8571286201477051
                ],
                [
                    7.450580596923828e-09,
                    0.8433694839477539,
                    0.5373340845108032,
                    2.166063070297241
                ],
                [
                    0.0,
                    0.0,
                    0.0,
                    1.0
                ]
            ]
        },
        {
            "file_path": "/data/shapenet_blender/all_50_random/02958343/2bfea38242ba63cce77aa0b62eed1492/r_23",
            "rotation": 0.12566370614359174,
            "transform_matrix": [
                [
                    -0.994459867477417,
                    -0.03386583551764488,
                    -0.09951259195804596,
                    -0.40114808082580566
                ],
                [
                    -0.1051173284649849,
                    0.3203869163990021,
                    0.9414364099502563,
                    3.7950515747070312
                ],
                [
                    0.0,
                    0.9466812610626221,
                    -0.32217180728912354,
                    -1.2987160682678223
                ],
                [
                    0.0,
                    0.0,
                    0.0,
                    1.0
                ]
            ]
        },
        {
            "file_path": "/data/shapenet_blender/all_50_random/02958343/2bfea38242ba63cce77aa0b62eed1492/r_24",
            "rotation": 0.12566370614359174,
            "transform_matrix": [
                [
                    -0.5881597399711609,
                    -0.4533158540725708,
                    -0.669755756855011,
                    -2.699871778488159
                ],
                [
                    -0.8087447285652161,
                    0.3296740651130676,
                    0.48708000779151917,
                    1.9634822607040405
                ],
                [
                    1.4901161193847656e-08,
                    0.8281423449516296,
                    -0.5605177879333496,
                    -2.259519577026367
                ],
                [
                    0.0,
                    0.0,
                    0.0,
                    1.0
                ]
            ]
        },
        {
            "file_path": "/data/shapenet_blender/all_50_random/02958343/2bfea38242ba63cce77aa0b62eed1492/r_25",
            "rotation": 0.12566370614359174,
            "transform_matrix": [
                [
                    -0.023684445768594742,
                    -0.1291104108095169,
                    -0.9913473129272461,
                    -3.996248960494995
                ],
                [
                    -0.999719500541687,
                    0.0030587667133659124,
                    0.023486100137233734,
                    0.09467549622058868
                ],
                [
                    2.3283064365386963e-10,
                    0.9916255474090576,
                    -0.12914662063121796,
                    -0.5206066966056824
                ],
                [
                    0.0,
                    0.0,
                    0.0,
                    1.0
                ]
            ]
        },
        {
            "file_path": "/data/shapenet_blender/all_50_random/02958343/2bfea38242ba63cce77aa0b62eed1492/r_26",
            "rotation": 0.12566370614359174,
            "transform_matrix": [
                [
                    -0.9085670113563538,
                    0.03418845683336258,
                    -0.41633784770965576,
                    -1.6783115863800049
                ],
                [
                    -0.41773924231529236,
                    -0.07435860484838486,
                    0.9055190682411194,
                    3.650264024734497
                ],
                [
                    -1.862645149230957e-09,
                    0.9966453909873962,
                    0.08184162527322769,
                    0.3299141526222229
                ],
                [
                    0.0,
                    0.0,
                    0.0,
                    1.0
                ]
            ]
        },
        {
            "file_path": "/data/shapenet_blender/all_50_random/02958343/2bfea38242ba63cce77aa0b62eed1492/r_27",
            "rotation": 0.12566370614359174,
            "transform_matrix": [
                [
                    -0.9917479753494263,
                    0.09437165409326553,
                    0.0867757648229599,
                    0.3498042821884155
                ],
                [
                    0.1282031387090683,
                    0.7300359010696411,
                    0.6712759733200073,
                    2.7060000896453857
                ],
                [
                    0.0,
                    0.676861584186554,
                    -0.7361103296279907,
                    -2.967355728149414
                ],
                [
                    0.0,
                    0.0,
                    0.0,
                    1.0
                ]
            ]
        },
        {
            "file_path": "/data/shapenet_blender/all_50_random/02958343/2bfea38242ba63cce77aa0b62eed1492/r_28",
            "rotation": 0.12566370614359174,
            "transform_matrix": [
                [
                    -0.8953102827072144,
                    0.09199310839176178,
                    -0.4358404576778412,
                    -1.7569290399551392
                ],
                [
                    -0.44544318318367004,
                    -0.18489982187747955,
                    0.8760094046592712,
                    3.531306743621826
                ],
                [
                    7.450581485102248e-09,
                    0.9784421920776367,
                    0.20652040839195251,
                    0.8325104117393494
                ],
                [
                    0.0,
                    0.0,
                    0.0,
                    1.0
                ]
            ]
        },
        {
            "file_path": "/data/shapenet_blender/all_50_random/02958343/2bfea38242ba63cce77aa0b62eed1492/r_29",
            "rotation": 0.12566370614359174,
            "transform_matrix": [
                [
                    0.058836326003074646,
                    -0.680884838104248,
                    0.7300235033035278,
                    2.9428188800811768
                ],
                [
                    0.998267650604248,
                    0.04013027995824814,
                    -0.04302643612027168,
                    -0.17344510555267334
                ],
                [
                    0.0,
                    0.731290340423584,
                    0.6820663213729858,
                    2.749497175216675
                ],
                [
                    0.0,
                    0.0,
                    0.0,
                    1.0
                ]
            ]
        },
        {
            "file_path": "/data/shapenet_blender/all_50_random/02958343/2bfea38242ba63cce77aa0b62eed1492/r_30",
            "rotation": 0.12566370614359174,
            "transform_matrix": [
                [
                    0.845756471157074,
                    0.081636443734169,
                    -0.5272870063781738,
                    -2.1255619525909424
                ],
                [
                    -0.5335692763328552,
                    0.129401296377182,
                    -0.8357985615730286,
                    -3.3692116737365723
                ],
                [
                    0.0,
                    0.988226056098938,
                    0.15300066769123077,
                    0.6167654395103455
                ],
                [
                    0.0,
                    0.0,
                    0.0,
                    1.0
                ]
            ]
        },
        {
            "file_path": "/data/shapenet_blender/all_50_random/02958343/2bfea38242ba63cce77aa0b62eed1492/r_31",
            "rotation": 0.12566370614359174,
            "transform_matrix": [
                [
                    -0.7208189964294434,
                    -0.31068792939186096,
                    0.6195909380912781,
                    2.4976508617401123
                ],
                [
                    0.6931233406066895,
                    -0.32310235500335693,
                    0.6443484425544739,
                    2.597451686859131
                ],
                [
                    0.0,
                    0.8939114212989807,
                    0.44824346899986267,
                    1.80692720413208
                ],
                [
                    0.0,
                    0.0,
                    0.0,
                    1.0
                ]
            ]
        },
        {
            "file_path": "/data/shapenet_blender/all_50_random/02958343/2bfea38242ba63cce77aa0b62eed1492/r_32",
            "rotation": 0.12566370614359174,
            "transform_matrix": [
                [
                    0.4493841230869293,
                    0.4628870189189911,
                    0.7640612125396729,
                    3.080029249191284
                ],
                [
                    0.893338680267334,
                    -0.23285019397735596,
                    -0.38435253500938416,
                    -1.5493745803833008
                ],
                [
                    0.0,
                    0.8552873730659485,
                    -0.5181540250778198,
                    -2.088745594024658
                ],
                [
                    0.0,
                    0.0,
                    0.0,
                    1.0
                ]
            ]
        },
        {
            "file_path": "/data/shapenet_blender/all_50_random/02958343/2bfea38242ba63cce77aa0b62eed1492/r_33",
            "rotation": 0.12566370614359174,
            "transform_matrix": [
                [
                    0.9680643677711487,
                    0.1021551862359047,
                    0.22894445061683655,
                    0.9229047298431396
                ],
                [
                    0.2507014870643616,
                    -0.39446428418159485,
                    -0.8840511441230774,
                    -3.5637245178222656
                ],
                [
                    0.0,
                    0.9132152199745178,
                    -0.4074772894382477,
                    -1.6425937414169312
                ],
                [
                    0.0,
                    0.0,
                    0.0,
                    1.0
                ]
            ]
        },
        {
            "file_path": "/data/shapenet_blender/all_50_random/02958343/2bfea38242ba63cce77aa0b62eed1492/r_34",
            "rotation": 0.12566370614359174,
            "transform_matrix": [
                [
                    -0.3940533995628357,
                    0.19086523354053497,
                    0.8990508317947388,
                    3.624189853668213
                ],
                [
                    0.9190876483917236,
                    0.08183234184980392,
                    0.3854627311229706,
                    1.5538499355316162
                ],
                [
                    0.0,
                    0.978199303150177,
                    -0.20766818523406982,
                    -0.8371372222900391
                ],
                [
                    0.0,
                    0.0,
                    0.0,
                    1.0
                ]
            ]
        },
        {
            "file_path": "/data/shapenet_blender/all_50_random/02958343/2bfea38242ba63cce77aa0b62eed1492/r_35",
            "rotation": 0.12566370614359174,
            "transform_matrix": [
                [
                    -0.4575722813606262,
                    0.6440276503562927,
                    0.6130709052085876,
                    2.471367835998535
                ],
                [
                    0.8891725540161133,
                    0.33141958713531494,
                    0.3154890835285187,
                    1.2717771530151367
                ],
                [
                    -1.4901162970204496e-08,
                    0.6894847750663757,
                    -0.7243001461029053,
                    -2.9197473526000977
                ],
                [
                    0.0,
                    0.0,
                    0.0,
                    1.0
                ]
            ]
        },
        {
            "file_path": "/data/shapenet_blender/all_50_random/02958343/2bfea38242ba63cce77aa0b62eed1492/r_36",
            "rotation": 0.12566370614359174,
            "transform_matrix": [
                [
                    -0.9391297698020935,
                    -0.3111724853515625,
                    0.14562661945819855,
                    0.5870397090911865
                ],
                [
                    0.3435628414154053,
                    -0.8505906462669373,
                    0.39807066321372986,
                    1.604674220085144
                ],
                [
                    0.0,
                    0.42387187480926514,
                    0.9057221412658691,
                    3.651082754135132
                ],
                [
                    0.0,
                    0.0,
                    0.0,
                    1.0
                ]
            ]
        },
        {
            "file_path": "/data/shapenet_blender/all_50_random/02958343/2bfea38242ba63cce77aa0b62eed1492/r_37",
            "rotation": 0.12566370614359174,
            "transform_matrix": [
                [
                    -0.7875875234603882,
                    0.2849154770374298,
                    -0.5463781952857971,
                    -2.2025208473205566
                ],
                [
                    -0.6162028908729553,
                    -0.36415907740592957,
                    0.6983424425125122,
                    2.81510853767395
                ],
                [
                    0.0,
                    0.8866856098175049,
                    0.4623728096485138,
                    1.863884449005127
                ],
                [
                    0.0,
                    0.0,
                    0.0,
                    1.0
                ]
            ]
        },
        {
            "file_path": "/data/shapenet_blender/all_50_random/02958343/2bfea38242ba63cce77aa0b62eed1492/r_38",
            "rotation": 0.12566370614359174,
            "transform_matrix": [
                [
                    -0.8812931776046753,
                    0.10096139460802078,
                    0.46165919303894043,
                    1.8610076904296875
                ],
                [
                    0.4725700318813324,
                    0.1882823258638382,
                    0.8609455823898315,
                    3.4705827236175537
                ],
                [
                    0.0,
                    0.9769116640090942,
                    -0.21364326775074005,
                    -0.861223578453064
                ],
                [
                    0.0,
                    0.0,
                    0.0,
                    1.0
                ]
            ]
        },
        {
            "file_path": "/data/shapenet_blender/all_50_random/02958343/2bfea38242ba63cce77aa0b62eed1492/r_39",
            "rotation": 0.12566370614359174,
            "transform_matrix": [
                [
                    -0.7894349694252014,
                    -0.613447368144989,
                    -0.021786987781524658,
                    -0.08782616257667542
                ],
                [
                    -0.6138342022895813,
                    0.7889374494552612,
                    0.028019635006785393,
                    0.11295077204704285
                ],
                [
                    0.0,
                    0.035492461174726486,
                    -0.9993698000907898,
                    -4.028588771820068
                ],
                [
                    0.0,
                    0.0,
                    0.0,
                    1.0
                ]
            ]
        },
        {
            "file_path": "/data/shapenet_blender/all_50_random/02958343/2bfea38242ba63cce77aa0b62eed1492/r_40",
            "rotation": 0.12566370614359174,
            "transform_matrix": [
                [
                    -0.9544826745986938,
                    -0.06803914159536362,
                    0.2904023230075836,
                    1.1706491708755493
                ],
                [
                    0.2982664108276367,
                    -0.21773214638233185,
                    0.9293168187141418,
                    3.7461960315704346
                ],
                [
                    0.0,
                    0.9736340045928955,
                    0.22811536490917206,
                    0.9195624589920044
                ],
                [
                    0.0,
                    0.0,
                    0.0,
                    1.0
                ]
            ]
        },
        {
            "file_path": "/data/shapenet_blender/all_50_random/02958343/2bfea38242ba63cce77aa0b62eed1492/r_41",
            "rotation": 0.12566370614359174,
            "transform_matrix": [
                [
                    0.36314132809638977,
                    -0.4826207160949707,
                    -0.7969978451728821,
                    -3.212800979614258
                ],
                [
                    -0.9317341446876526,
                    -0.18810036778450012,
                    -0.31062817573547363,
                    -1.2521822452545166
                ],
                [
                    0.0,
                    0.8553918600082397,
                    -0.517981231212616,
                    -2.0880491733551025
