{
    "class": "02958343",
    "model": "35d8d94bdd379556a37f3fc191551700",
    "remove_doubles": true,
    "edge_split": true,
    "denoise": true,
    "camera_angle_x": 0.6911112070083618,
    "scale_factor": 2.26171677420816,
    "hdri_file": "/data/IndoorHDRDataset2018/9C4A9585-4c5c78c08d.exr",
    "center_offset": [
        0.0,
        -3.725290298461914e-09,
        -3.725290298461914e-09
    ],
    "lights": [],
    "frames": [
        {
            "file_path": "/data/shapenet_blender/all_50_random/02958343/35d8d94bdd379556a37f3fc191551700/r_0",
            "rotation": 0.12566370614359174,
            "transform_matrix": [
                [
                    0.4216235876083374,
                    0.0812995582818985,
                    0.9031189680099487,
                    3.6405892372131348
                ],
                [
                    0.9067709445953369,
                    -0.03780205920338631,
                    -0.4199255108833313,
                    -1.6927740573883057
                ],
                [
                    0.0,
                    0.9959726333618164,
                    -0.08965831249952316,
                    -0.3614242374897003
                ],
                [
                    0.0,
                    0.0,
                    0.0,
                    1.0
                ]
            ]
        },
        {
            "file_path": "/data/shapenet_blender/all_50_random/02958343/35d8d94bdd379556a37f3fc191551700/r_1",
            "rotation": 0.12566370614359174,
            "transform_matrix": [
                [
                    0.9677474498748779,
                    -0.20195917785167694,
                    -0.15059003233909607,
                    -0.6070479154586792
                ],
                [
                    -0.2519223988056183,
                    -0.7758162021636963,
                    -0.5784841775894165,
                    -2.331944465637207
                ],
                [
                    0.0,
                    0.5977635979652405,
                    -0.8016722798347473,
                    -3.231644630432129
                ],
                [
                    0.0,
                    0.0,
                    0.0,
                    1.0
                ]
            ]
        },
        {
            "file_path": "/data/shapenet_blender/all_50_random/02958343/35d8d94bdd379556a37f3fc191551700/r_2",
            "rotation": 0.12566370614359174,
            "transform_matrix": [
                [
                    0.6892426013946533,
                    -0.00041241321014240384,
                    -0.7245304584503174,
                    -2.9206759929656982
                ],
                [
                    -0.7245306372642517,
                    -0.0003923267649952322,
                    -0.689242422580719,
                    -2.7784252166748047
                ],
                [
                    -2.9103826987286752e-11,
                    0.9999998807907104,
                    -0.0005692142294719815,
                    -0.00229457626119256
                ],
                [
                    0.0,
                    0.0,
                    0.0,
                    1.0
                ]
            ]
        },
        {
            "file_path": "/data/shapenet_blender/all_50_random/02958343/35d8d94bdd379556a37f3fc191551700/r_3",
            "rotation": 0.12566370614359174,
            "transform_matrix": [
                [
                    -0.25942590832710266,
                    0.055547572672367096,
                    -0.9641642570495605,
                    -3.8866703510284424
                ],
                [
                    -0.9657630324363708,
                    -0.014921342022716999,
                    0.25899645686149597,
                    1.0440480709075928
                ],
                [
                    -9.313225746154785e-10,
                    0.9983444809913635,
                    0.057516783475875854,
                    0.231857568025589
                ],
                [
                    0.0,
                    0.0,
                    0.0,
                    1.0
                ]
            ]
        },
        {
            "file_path": "/data/shapenet_blender/all_50_random/02958343/35d8d94bdd379556a37f3fc191551700/r_4",
            "rotation": 0.12566370614359174,
            "transform_matrix": [
                [
                    -0.7827404737472534,
                    0.1358550786972046,
                    0.6073390245437622,
                    2.4482619762420654
                ],
                [
                    0.6223481893539429,
                    0.17086781561374664,
                    0.7638631463050842,
                    3.079230785369873
                ],
                [
                    0.0,
                    0.9758830070495605,
                    -0.21829432249069214,
                    -0.8799725770950317
                ],
                [
                    0.0,
                    0.0,
                    0.0,
                    1.0
                ]
            ]
        },
        {
            "file_path": "/data/shapenet_blender/all_50_random/02958343/35d8d94bdd379556a37f3fc191551700/r_5",
            "rotation": 0.12566370614359174,
            "transform_matrix": [
                [
                    -0.025558311492204666,
                    -0.32051903009414673,
                    0.9468972086906433,
                    3.8170647621154785
                ],
                [
                    0.9996733665466309,
                    -0.008194602094590664,
                    0.024209002032876015,
                    0.09758961200714111
                ],
                [
                    0.0,
                    0.9472066164016724,
                    0.3206237554550171,
                    1.292475700378418
                ],
                [
                    0.0,
                    0.0,
                    0.0,
                    1.0
                ]
            ]
        },
        {
            "file_path": "/data/shapenet_blender/all_50_random/02958343/35d8d94bdd379556a37f3fc191551700/r_6",
            "rotation": 0.12566370614359174,
            "transform_matrix": [
                [
                    -0.13931219279766083,
                    -0.00267408206127584,
                    -0.9902448058128357,
                    -3.991804838180542
                ],
                [
                    -0.9902485013008118,
                    0.0003762007982004434,
                    0.13931167125701904,
                    0.5615833401679993
                ],
                [
                    2.9103828722010228e-11,
                    0.9999963641166687,
                    -0.002700414974242449,
                    -0.010885722003877163
                ],
                [
                    0.0,
                    0.0,
                    0.0,
                    1.0
                ]
            ]
        },
        {
            "file_path": "/data/shapenet_blender/all_50_random/02958343/35d8d94bdd379556a37f3fc191551700/r_7",
            "rotation": 0.12566370614359174,
            "transform_matrix": [
                [
                    -0.6143374443054199,
                    -0.31870681047439575,
                    0.721813976764679,
                    2.9097254276275635
                ],
                [
                    0.7890435457229614,
                    -0.2481403350830078,
                    0.5619935393333435,
                    2.2654685974121094
                ],
                [
                    0.0,
                    0.9147963523864746,
                    0.4039153456687927,
                    1.628235101699829
                ],
                [
                    0.0,
                    0.0,
                    0.0,
                    1.0
                ]
            ]
        },
        {
            "file_path": "/data/shapenet_blender/all_50_random/02958343/35d8d94bdd379556a37f3fc191551700/r_8",
            "rotation": 0.12566370614359174,
            "transform_matrix": [
                [
                    0.5880221724510193,
                    -0.505268931388855,
                    0.6316115260124207,
                    2.546107769012451
                ],
                [
                    0.808844804763794,
                    0.3673255443572998,
                    -0.45917537808418274,
                    -1.8509953022003174
                ],
                [
                    0.0,
                    0.7808810472488403,
                    0.6246796250343323,
                    2.5181643962860107
                ],
                [
                    0.0,
                    0.0,
                    0.0,
                    1.0
                ]
            ]
        },
        {
            "file_path": "/data/shapenet_blender/all_50_random/02958343/35d8d94bdd379556a37f3fc191551700/r_9",
            "rotation": 0.12566370614359174,
            "transform_matrix": [
                [
                    0.9995262622833252,
                    -0.010955238714814186,
                    0.02876448631286621,
                    0.11595335602760315
                ],
                [
                    0.03078007511794567,
                    0.3557511866092682,
                    -0.9340736865997314,
                    -3.765371561050415
                ],
                [
                    0.0,
                    0.9345163702964783,
                    0.35591983795166016,
                    1.4347587823867798
                ],
                [
                    0.0,
                    0.0,
                    0.0,
                    1.0
                ]
            ]
        },
        {
            "file_path": "/data/shapenet_blender/all_50_random/02958343/35d8d94bdd379556a37f3fc191551700/r_10",
            "rotation": 0.12566370614359174,
            "transform_matrix": [
                [
                    0.9909688830375671,
                    -0.029890049248933792,
                    0.13071829080581665,
                    0.5269423723220825
                ],
                [
                    0.13409209251403809,
                    0.2208937704563141,
                    -0.966035783290863,
                    -3.8942151069641113
                ],
                [
                    0.0,
                    0.9748397469520569,
                    0.22290685772895813,
                    0.8985663652420044
                ],
                [
                    0.0,
                    0.0,
                    0.0,
                    1.0
                ]
            ]
        },
        {
            "file_path": "/data/shapenet_blender/all_50_random/02958343/35d8d94bdd379556a37f3fc191551700/r_11",
            "rotation": 0.12566370614359174,
            "transform_matrix": [
                [
                    0.6738419532775879,
                    0.7256228923797607,
                    -0.1393146812915802,
                    -0.5615954995155334
                ],
                [
                    -0.7388756275177002,
                    0.6617556810379028,
                    -0.12705260515213013,
                    -0.5121654868125916
                ],
                [
                    0.0,
                    0.18854928016662598,
                    0.9820636510848999,
                    3.9588253498077393
                ],
                [
                    0.0,
                    0.0,
                    0.0,
                    1.0
                ]
            ]
        },
        {
            "file_path": "/data/shapenet_blender/all_50_random/02958343/35d8d94bdd379556a37f3fc191551700/r_12",
            "rotation": 0.12566370614359174,
            "transform_matrix": [
                [
                    -0.7604457139968872,
                    -0.1549134999513626,
                    0.6306536197662354,
                    2.5422463417053223
                ],
                [
                    0.6494014859199524,
                    -0.18140287697315216,
                    0.7384920716285706,
                    2.976957082748413
                ],
                [
                    -7.450580596923828e-09,
                    0.9711307287216187,
                    0.23854805529117584,
                    0.9616180658340454
                ],
                [
                    0.0,
                    0.0,
                    0.0,
                    1.0
                ]
            ]
        },
        {
            "file_path": "/data/shapenet_blender/all_50_random/02958343/35d8d94bdd379556a37f3fc191551700/r_13",
            "rotation": 0.12566370614359174,
            "transform_matrix": [
                [
                    0.15857556462287903,
                    0.9392098784446716,
                    0.3045302927494049,
                    1.2276010513305664
                ],
                [
                    0.987346887588501,
                    -0.15084439516067505,
                    -0.048909932374954224,
                    -0.19716225564479828
                ],
                [
                    -3.725290298461914e-09,
                    0.30843284726142883,
                    -0.9512460231781006,
                    -3.8345956802368164
                ],
                [
                    0.0,
                    0.0,
                    0.0,
                    1.0
                ]
            ]
        },
        {
            "file_path": "/data/shapenet_blender/all_50_random/02958343/35d8d94bdd379556a37f3fc191551700/r_14",
            "rotation": 0.12566370614359174,
            "transform_matrix": [
                [
                    0.992256760597229,
                    -0.07967306673526764,
                    0.09528233110904694,
                    0.3840954005718231
                ],
                [
                    0.12420354783535004,
                    0.6365047097206116,
                    -0.7612063884735107,
                    -3.06852126121521
                ],
                [
                    -7.450580596923828e-09,
                    0.767146646976471,
                    0.6414716839790344,
                    2.58585524559021
                ],
                [
                    0.0,
                    0.0,
                    0.0,
                    1.0
                ]
            ]
        },
        {
            "file_path": "/data/shapenet_blender/all_50_random/02958343/35d8d94bdd379556a37f3fc191551700/r_15",
            "rotation": 0.12566370614359174,
            "transform_matrix": [
                [
                    0.550611674785614,
                    -0.02688675932586193,
                    -0.8343283534049988,
                    -3.3632853031158447
                ],
                [
                    -0.8347615599632263,
                    -0.017734600231051445,
                    -0.5503259301185608,
                    -2.218435049057007
                ],
                [
                    9.313225746154785e-10,
                    0.9994811415672302,
                    -0.03220890834927559,
                    -0.1298382729291916
                ],
                [
                    0.0,
                    0.0,
                    0.0,
                    1.0
                ]
            ]
        },
        {
            "file_path": "/data/shapenet_blender/all_50_random/02958343/35d8d94bdd379556a37f3fc191551700/r_16",
            "rotation": 0.12566370614359174,
            "transform_matrix": [
                [
                    -0.8512148261070251,
                    0.08708364516496658,
                    -0.5175420641899109,
                    -2.0862789154052734
                ],
                [
                    -0.5248175263404846,
                    -0.14124314486980438,
                    0.8394145369529724,
                    3.383788585662842
                ],
                [
                    7.450581485102248e-09,
                    0.9861372113227844,
                    0.16593128442764282,
                    0.6688904762268066
                ],
                [
                    0.0,
                    0.0,
                    0.0,
                    1.0
                ]
            ]
        },
        {
            "file_path": "/data/shapenet_blender/all_50_random/02958343/35d8d94bdd379556a37f3fc191551700/r_17",
            "rotation": 0.12566370614359174,
            "transform_matrix": [
                [
                    0.9393725991249084,
                    -0.07373028248548508,
                    0.33487772941589355,
                    1.3499352931976318
                ],
                [
                    0.34289833903312683,
                    0.20198467373847961,
                    -0.917400062084198,
                    -3.698158025741577
                ],
                [
                    0.0,
                    0.9766093492507935,
                    0.21502086520195007,
                    0.8667768239974976
                ],
                [
                    0.0,
                    0.0,
                    0.0,
                    1.0
                ]
            ]
        },
        {
            "file_path": "/data/shapenet_blender/all_50_random/02958343/35d8d94bdd379556a37f3fc191551700/r_18",
            "rotation": 0.12566370614359174,
            "transform_matrix": [
                [
                    -0.2588576674461365,
                    -0.5813168883323669,
                    0.7714036107063293,
                    3.1096270084381104
                ],
                [
                    0.9659154415130615,
                    -0.15578830242156982,
                    0.20673005282878876,
                    0.8333554267883301
                ],
                [
                    -1.4901159417490817e-08,
                    0.7986242175102234,
                    0.601830005645752,
                    2.426054000854492
                ],
                [
                    0.0,
                    0.0,
                    0.0,
                    1.0
                ]
            ]
        },
        {
            "file_path": "/data/shapenet_blender/all_50_random/02958343/35d8d94bdd379556a37f3fc191551700/r_19",
            "rotation": 0.12566370614359174,
            "transform_matrix": [
                [
                    -0.3496614098548889,
                    -0.6224449276924133,
                    0.7002136707305908,
                    2.8226516246795654
                ],
                [
                    0.9368762373924255,
                    -0.23230920732021332,
                    0.261334091424942,
                    1.0534714460372925
                ],
                [
                    0.0,
                    0.7473918795585632,
                    0.6643833518028259,
                    2.6782150268554688
                ],
                [
                    0.0,
                    0.0,
                    0.0,
                    1.0
                ]
            ]
        },
        {
            "file_path": "/data/shapenet_blender/all_50_random/02958343/35d8d94bdd379556a37f3fc191551700/r_20",
            "rotation": 0.12566370614359174,
            "transform_matrix": [
                [
                    -0.1399957239627838,
                    0.3896654546260834,
                    0.9102538228034973,
                    3.6693506240844727
                ],
                [
                    0.99015212059021,
                    0.05509405955672264,
                    0.12869906425476074,
                    0.5188025236129761
                ],
                [
                    0.0,
                    0.9193071126937866,
                    -0.39354100823402405,
                    -1.5864145755767822
                ],
                [
                    0.0,
                    0.0,
                    0.0,
                    1.0
                ]
            ]
        },
        {
            "file_path": "/data/shapenet_blender/all_50_random/02958343/35d8d94bdd379556a37f3fc191551700/r_21",
            "rotation": 0.12566370614359174,
            "transform_matrix": [
                [
                    -0.7666780948638916,
                    -0.0136253135278821,
                    0.6418871283531189,
                    2.5875301361083984
                ],
                [
                    0.6420317888259888,
                    -0.016270577907562256,
                    0.7665053009986877,
                    3.0898818969726562
                ],
                [
                    0.0,
                    0.9997746348381042,
                    0.021222179755568504,
                    0.08554934710264206
                ],
                [
                    0.0,
                    0.0,
                    0.0,
                    1.0
                ]
            ]
        },
        {
            "file_path": "/data/shapenet_blender/all_50_random/02958343/35d8d94bdd379556a37f3fc191551700/r_22",
            "rotation": 0.12566370614359174,
            "transform_matrix": [
                [
                    0.7370107769966125,
                    0.08617083728313446,
                    0.6703653335571289,
                    2.702329158782959
                ],
                [
                    0.6758809685707092,
                    -0.09396451711654663,
                    -0.7309962511062622,
                    -2.94674015045166
                ],
                [
                    -7.450580596923828e-09,
                    0.9918393492698669,
                    -0.12749408185482025,
                    -0.5139451026916504
                ],
                [
                    0.0,
                    0.0,
                    0.0,
                    1.0
                ]
            ]
        },
        {
            "file_path": "/data/shapenet_blender/all_50_random/02958343/35d8d94bdd379556a37f3fc191551700/r_23",
            "rotation": 0.12566370614359174,
            "transform_matrix": [
                [
                    0.5510352253913879,
                    -0.23870232701301575,
                    -0.7996131777763367,
                    -3.223344087600708
                ],
                [
                    -0.834481954574585,
                    -0.1576228141784668,
                    -0.5280102491378784,
                    -2.1284775733947754
                ],
                [
                    0.0,
                    0.9582151174545288,
                    -0.2860484719276428,
                    -1.1530983448028564
                ],
                [
                    0.0,
                    0.0,
                    0.0,
                    1.0
                ]
            ]
        },
        {
            "file_path": "/data/shapenet_blender/all_50_random/02958343/35d8d94bdd379556a37f3fc191551700/r_24",
            "rotation": 0.12566370614359174,
            "transform_matrix": [
                [
                    -0.8722053170204163,
                    -0.000520483881700784,
                    0.48913949728012085,
                    1.9717844724655151
                ],
                [
                    0.4891397953033447,
                    -0.0009280963568016887,
                    0.8722047805786133,
                    3.515970230102539
                ],
                [
                    5.8207657444020455e-11,
                    0.999999463558197,
                    0.0010640798136591911,
                    0.004289443604648113
                ],
                [
                    0.0,
                    0.0,
                    0.0,
                    1.0
                ]
            ]
        },
        {
            "file_path": "/data/shapenet_blender/all_50_random/02958343/35d8d94bdd379556a37f3fc191551700/r_25",
            "rotation": 0.12566370614359174,
            "transform_matrix": [
                [
                    -0.01843390055000782,
                    0.36535391211509705,
                    -0.9306860566139221,
                    -3.751715660095215
                ],
                [
                    -0.9998301863670349,
                    -0.006736041512340307,
                    0.01715908758342266,
                    0.0691705048084259
                ],
                [
                    4.656613428188905e-10,
                    0.9308443069458008,
                    0.3654159903526306,
                    1.473039150238037
                ],
                [
                    0.0,
                    0.0,
                    0.0,
                    1.0
                ]
            ]
        },
        {
            "file_path": "/data/shapenet_blender/all_50_random/02958343/35d8d94bdd379556a37f3fc191551700/r_26",
            "rotation": 0.12566370614359174,
            "transform_matrix": [
                [
                    0.9281225204467773,
                    -0.14179404079914093,
                    0.3442138135433197,
                    1.3875703811645508
                ],
                [
                    0.37227508425712585,
                    0.35350802540779114,
                    -0.8581627011299133,
                    -3.459364652633667
                ],
                [
                    7.450581485102248e-09,
                    0.9246222376823425,
                    0.38088515400886536,
                    1.5353972911834717
                ],
                [
                    0.0,
                    0.0,
                    0.0,
                    1.0
                ]
            ]
        },
        {
            "file_path": "/data/shapenet_blender/all_50_random/02958343/35d8d94bdd379556a37f3fc191551700/r_27",
            "rotation": 0.12566370614359174,
            "transform_matrix": [
                [
                    -0.9380741715431213,
                    -0.16455800831317902,
                    0.30485641956329346,
                    1.2289154529571533
                ],
                [
                    0.3464343547821045,
                    -0.4455898106098175,
                    0.8254895210266113,
                    3.3276546001434326
                ],
                [
                    0.0,
                    0.879983127117157,
                    0.4750048518180847,
                    1.9148056507110596
                ],
                [
                    0.0,
                    0.0,
                    0.0,
                    1.0
                ]
            ]
        },
        {
            "file_path": "/data/shapenet_blender/all_50_random/02958343/35d8d94bdd379556a37f3fc191551700/r_28",
            "rotation": 0.12566370614359174,
            "transform_matrix": [
                [
                    0.903734564781189,
                    -0.24130302667617798,
                    0.3536053001880646,
                    1.4254285097122192
                ],
                [
                    0.428093284368515,
                    0.5094074010848999,
                    -0.7464852929115295,
                    -3.009178400039673
                ],
                [
                    -1.4901160305669237e-08,
                    0.8260005712509155,
                    0.5636692643165588,
                    2.272223472595215
                ],
                [
                    0.0,
                    0.0,
                    0.0,
                    1.0
                ]
            ]
        },
        {
            "file_path": "/data/shapenet_blender/all_50_random/02958343/35d8d94bdd379556a37f3fc191551700/r_29",
            "rotation": 0.12566370614359174,
            "transform_matrix": [
                [
                    -0.33921167254447937,
                    -0.10962262004613876,
                    -0.9343010187149048,
                    -3.7662875652313232
                ],
                [
                    -0.9407100677490234,
                    0.039528943598270416,
                    0.33690062165260315,
                    1.358089804649353
                ],
                [
                    3.7252898543727042e-09,
                    0.993186891078949,
                    -0.11653178930282593,
                    -0.4697546362876892
                ],
                [
                    0.0,
                    0.0,
                    0.0,
                    1.0
                ]
            ]
        },
        {
            "file_path": "/data/shapenet_blender/all_50_random/02958343/35d8d94bdd379556a37f3fc191551700/r_30",
            "rotation": 0.12566370614359174,
            "transform_matrix": [
                [
                    0.8473017811775208,
                    -0.28273746371269226,
                    0.44959887862205505,
                    1.8123910427093506
                ],
                [
                    0.5311116576194763,
                    0.4510613679885864,
                    -0.7172613739967346,
                    -2.8913731575012207
                ],
                [
                    -1.4901161193847656e-08,
                    0.8465241193771362,
                    0.5323503017425537,
                    2.145972728729248
                ],
                [
                    0.0,
                    0.0,
                    0.0,
                    1.0
                ]
            ]
        },
        {
            "file_path": "/data/shapenet_blender/all_50_random/02958343/35d8d94bdd379556a37f3fc191551700/r_31",
            "rotation": 0.12566370614359174,
            "transform_matrix": [
                [
                    0.5864098072052002,
                    0.4686199426651001,
                    -0.6606957316398621,
                    -2.6633496284484863
                ],
                [
                    -0.8100144863128662,
                    0.33925729990005493,
                    -0.47831055521965027,
                    -1.9281315803527832
                ],
                [
                    -1.4901159417490817e-08,
                    0.81565922498703,
                    0.5785327553749084,
                    2.3321402072906494
                ],
                [
                    0.0,
                    0.0,
                    0.0,
                    1.0
                ]
            ]
        },
        {
            "file_path": "/data/shapenet_blender/all_50_random/02958343/35d8d94bdd379556a37f3fc191551700/r_32",
            "rotation": 0.12566370614359174,
            "transform_matrix": [
                [
                    0.9619594812393188,
                    -0.013870449736714363,
                    0.2728397846221924,
                    1.0998523235321045
                ],
                [
                    0.2731921374797821,
                    0.048840392380952835,
                    -0.9607188105583191,
                    -3.87278151512146
                ],
                [
                    0.0,
                    0.9987102746963501,
                    0.05077177286148071,
                    0.2046675682067871
                ],
                [
                    0.0,
                    0.0,
                    0.0,
                    1.0
                ]
            ]
        },
        {
            "file_path": "/data/shapenet_blender/all_50_random/02958343/35d8d94bdd379556a37f3fc191551700/r_33",
            "rotation": 0.12566370614359174,
            "transform_matrix": [
                [
                    -0.35534030199050903,
                    -0.10133093595504761,
                    0.9292283654212952,
                    3.7458393573760986
                ],
                [
                    0.9347370266914368,
                    -0.03852095082402229,
                    0.35324615240097046,
                    1.4239808320999146
                ],
                [
                    -3.725290298461914e-09,
                    0.9941067695617676,
                    0.10840581357479095,
                    0.43699780106544495
                ],
                [
                    0.0,
                    0.0,
                    0.0,
                    1.0
                ]
            ]
        },
        {
            "file_path": "/data/shapenet_blender/all_50_random/02958343/35d8d94bdd379556a37f3fc191551700/r_34",
            "rotation": 0.12566370614359174,
            "transform_matrix": [
                [
                    0.6498438715934753,
                    0.23390188813209534,
                    0.7231823801994324,
                    2.9152414798736572
                ],
                [
                    0.7600677013397217,
                    -0.19998182356357574,
                    -0.6183076500892639,
                    -2.4924778938293457
                ],
                [
                    0.0,
                    0.9514710903167725,
                    -0.30773821473121643,
                    -1.240532398223877
                ],
                [
                    0.0,
                    0.0,
                    0.0,
                    1.0
                ]
            ]
        },
        {
            "file_path": "/data/shapenet_blender/all_50_random/02958343/35d8d94bdd379556a37f3fc191551700/r_35",
            "rotation": 0.12566370614359174,
            "transform_matrix": [
                [
                    -0.30530253052711487,
                    0.6954044103622437,
                    0.6505404710769653,
                    2.62241268157959
                ],
                [
                    0.9522553086280823,
                    0.22295358777046204,
                    0.20856976509094238,
                    0.8407716751098633
                ],
                [
                    1.4901160305669237e-08,
                    0.6831575036048889,
                    -0.7302709221839905,
                    -2.9438164234161377
                ],
                [
                    0.0,
                    0.0,
                    0.0,
                    1.0
                ]
            ]
        },
        {
            "file_path": "/data/shapenet_blender/all_50_random/02958343/35d8d94bdd379556a37f3fc191551700/r_36",
            "rotation": 0.12566370614359174,
            "transform_matrix": [
                [
                    -0.3481801450252533,
                    -0.9108701348304749,
                    -0.2215537577867508,
                    -0.8931117057800293
                ],
                [
                    -0.9374276399612427,
                    0.3383161127567291,
                    0.0822896659374237,
                    0.331720232963562
                ],
                [
                    7.4505797087454084e-09,
                    0.23634250462055206,
                    -0.9716699123382568,
                    -3.916926383972168
                ],
                [
                    0.0,
                    0.0,
                    0.0,
                    1.0
                ]
            ]
        },
        {
            "file_path": "/data/shapenet_blender/all_50_random/02958343/35d8d94bdd379556a37f3fc191551700/r_37",
            "rotation": 0.12566370614359174,
            "transform_matrix": [
                [
                    0.9077330827713013,
                    -0.21262122690677643,
                    -0.36168065667152405,
                    -1.4579814672470093
                ],
                [
                    -0.41954827308654785,
                    -0.46002650260925293,
                    -0.7825309634208679,
                    -3.1544835567474365
                ],
                [
                    0.0,
                    0.8620717525482178,
                    -0.5067861080169678,
                    -2.0429203510284424
                ],
                [
                    0.0,
                    0.0,
                    0.0,
                    1.0
                ]
            ]
        },
        {
            "file_path": "/data/shapenet_blender/all_50_random/02958343/35d8d94bdd379556a37f3fc191551700/r_38",
            "rotation": 0.12566370614359174,
            "transform_matrix": [
                [
                    -0.5080984234809875,
                    0.07828152924776077,
                    0.8577342629432678,
                    3.457637071609497
                ],
                [
                    0.8612989783287048,
                    0.046179916709661484,
                    0.505995512008667,
                    2.0397329330444336
                ],
                [
                    7.4505797087454084e-09,
                    0.9958611726760864,
                    -0.09088774025440216,
                    -0.36638015508651733
                ],
                [
                    0.0,
                    0.0,
                    0.0,
                    1.0
                ]
            ]
        },
        {
            "file_path": "/data/shapenet_blender/all_50_random/02958343/35d8d94bdd379556a37f3fc191551700/r_39",
            "rotation": 0.12566370614359174,
            "transform_matrix": [
                [
                    -0.8773503303527832,
                    0.43187788128852844,
                    0.20913629233837128,
                    0.8430553674697876
                ],
                [
                    0.47985056042671204,
                    0.7896379232406616,
                    0.3823811113834381,
                    1.5414276123046875
                ],
                [
                    0.0,
                    0.43583622574806213,
                    -0.9000259637832642,
                    -3.6281206607818604
                ],
                [
                    0.0,
                    0.0,
                    0.0,
                    1.0
                ]
            ]
        },
        {
            "file_path": "/data/shapenet_blender/all_50_random/02958343/35d8d94bdd379556a37f3fc191551700/r_40",
            "rotation": 0.12566370614359174,
            "transform_matrix": [
                [
                    -0.9997111558914185,
                    -0.015156134963035583,
                    0.01865510269999504,
                    0.0752011239528656
                ],
                [
                    0.024035833775997162,
                    -0.6303820013999939,
                    0.7759129405021667,
                    3.12780499458313
                ],
                [
                    0.0,
                    0.7761371731758118,
                    0.6305641531944275,
                    2.5418853759765625
                ],
                [
                    0.0,
                    0.0,
                    0.0,
                    1.0
                ]
            ]
        },
        {
            "file_path": "/data/shapenet_blender/all_50_random/02958343/35d8d94bdd379556a37f3fc191551700/r_41",
            "rotation": 0.12566370614359174,
            "transform_matrix": [
                [
                    -0.9175300598144531,
                    0.14665822684764862,
                    -0.3696349561214447,
                    -1.4900461435317993
                ],
                [
                    -0.39766648411750793,
                    -0.338382363319397,
                    0.8528532981872559,
                    3.4379615783691406
