{
    "class": "02958343",
    "model": "90f85f62885afeec65ca154580c5c7a",
    "remove_doubles": true,
    "edge_split": true,
    "denoise": true,
    "camera_angle_x": 0.6911112070083618,
    "scale_factor": 2.280863277350464,
    "hdri_file": "/data/IndoorHDRDataset2018/9C4A9510-7974446501.exr",
    "center_offset": [
        0.0,
        -9.313225746154785e-10,
        -3.725290298461914e-09
    ],
    "lights": [],
    "frames": [
        {
            "file_path": "/data/shapenet_blender/all_50_random/02958343/90f85f62885afeec65ca154580c5c7a/r_0",
            "rotation": 0.12566370614359174,
            "transform_matrix": [
                [
                    -0.9110227823257446,
                    -0.13704913854599,
                    0.3889152407646179,
                    1.5677675008773804
                ],
                [
                    0.41235610842704773,
                    -0.30278414487838745,
                    0.859234631061554,
                    3.4636855125427246
                ],
                [
                    0.0,
                    0.9431537985801697,
                    0.332356333732605,
                    1.3397712707519531
                ],
                [
                    0.0,
                    0.0,
                    0.0,
                    1.0
                ]
            ]
        },
        {
            "file_path": "/data/shapenet_blender/all_50_random/02958343/90f85f62885afeec65ca154580c5c7a/r_1",
            "rotation": 0.12566370614359174,
            "transform_matrix": [
                [
                    0.9318754076957703,
                    0.2772650420665741,
                    0.23394963145256042,
                    0.9430811405181885
                ],
                [
                    0.3627786338329315,
                    -0.71221524477005,
                    -0.6009502410888672,
                    -2.4225080013275146
                ],
                [
                    0.0,
                    0.6448826193809509,
                    -0.7642816305160522,
                    -3.0809178352355957
                ],
                [
                    0.0,
                    0.0,
                    0.0,
                    1.0
                ]
            ]
        },
        {
            "file_path": "/data/shapenet_blender/all_50_random/02958343/90f85f62885afeec65ca154580c5c7a/r_2",
            "rotation": 0.12566370614359174,
            "transform_matrix": [
                [
                    0.47109177708625793,
                    0.6249136924743652,
                    -0.6225395798683167,
                    -2.5095372200012207
                ],
                [
                    -0.8820841908454895,
                    0.3337455689907074,
                    -0.3324776291847229,
                    -1.3402601480484009
                ],
                [
                    0.0,
                    0.7057598233222961,
                    0.7084512114524841,
                    2.855858087539673
                ],
                [
                    0.0,
                    0.0,
                    0.0,
                    1.0
                ]
            ]
        },
        {
            "file_path": "/data/shapenet_blender/all_50_random/02958343/90f85f62885afeec65ca154580c5c7a/r_3",
            "rotation": 0.12566370614359174,
            "transform_matrix": [
                [
                    -0.7189289927482605,
                    0.30671077966690063,
                    0.6237543225288391,
                    2.514434337615967
                ],
                [
                    0.6950834393501282,
                    0.31723281741142273,
                    0.6451528668403625,
                    2.6006946563720703
                ],
                [
                    0.0,
                    0.8973804712295532,
                    -0.441257506608963,
                    -1.7787660360336304
                ],
                [
                    0.0,
                    0.0,
                    0.0,
                    1.0
                ]
            ]
        },
        {
            "file_path": "/data/shapenet_blender/all_50_random/02958343/90f85f62885afeec65ca154580c5c7a/r_4",
            "rotation": 0.12566370614359174,
            "transform_matrix": [
                [
                    -0.11132864654064178,
                    -0.5228127837181091,
                    0.8451465368270874,
                    3.4068946838378906
                ],
                [
                    0.993783712387085,
                    -0.058568116277456284,
                    0.09467756748199463,
                    0.3816574811935425
                ],
                [
                    -3.725290742551124e-09,
                    0.8504331707954407,
                    0.5260830521583557,
                    2.120708703994751
                ],
                [
                    0.0,
                    0.0,
                    0.0,
                    1.0
                ]
            ]
        },
        {
            "file_path": "/data/shapenet_blender/all_50_random/02958343/90f85f62885afeec65ca154580c5c7a/r_5",
            "rotation": 0.12566370614359174,
            "transform_matrix": [
                [
                    0.3192913234233856,
                    -0.27559077739715576,
                    0.9066987633705139,
                    3.655019760131836
                ],
                [
                    0.9476566314697266,
                    0.09285404533147812,
                    -0.30549150705337524,
                    -1.231475830078125
                ],
                [
                    0.0,
                    0.9567798376083374,
                    0.2908129096031189,
                    1.1723045110702515
                ],
                [
                    0.0,
                    0.0,
                    0.0,
                    1.0
                ]
            ]
        },
        {
            "file_path": "/data/shapenet_blender/all_50_random/02958343/90f85f62885afeec65ca154580c5c7a/r_6",
            "rotation": 0.12566370614359174,
            "transform_matrix": [
                [
                    0.38228803873062134,
                    0.6916862726211548,
                    0.6127200722694397,
                    2.4699535369873047
                ],
                [
                    0.9240431785583496,
                    -0.28615912795066833,
                    -0.2534898519515991,
                    -1.0218502283096313
                ],
                [
                    0.0,
                    0.6630859971046448,
                    -0.7485432624816895,
                    -3.0174741744995117
                ],
                [
                    0.0,
                    0.0,
                    0.0,
                    1.0
                ]
            ]
        },
        {
            "file_path": "/data/shapenet_blender/all_50_random/02958343/90f85f62885afeec65ca154580c5c7a/r_7",
            "rotation": 0.12566370614359174,
            "transform_matrix": [
                [
                    0.3868260979652405,
                    -0.15791058540344238,
                    -0.9085316061973572,
                    -3.6624083518981934
                ],
                [
                    -0.9221526384353638,
                    -0.066240593791008,
                    -0.38111233711242676,
                    -1.5363130569458008
                ],
                [
                    -3.725290076417309e-09,
                    0.9852290749549866,
                    -0.17124126851558685,
                    -0.6902956962585449
                ],
                [
                    0.0,
                    0.0,
                    0.0,
                    1.0
                ]
            ]
        },
        {
            "file_path": "/data/shapenet_blender/all_50_random/02958343/90f85f62885afeec65ca154580c5c7a/r_8",
            "rotation": 0.12566370614359174,
            "transform_matrix": [
                [
                    -0.13601289689540863,
                    -0.15445862710475922,
                    0.9785923957824707,
                    3.9448320865631104
                ],
                [
                    0.9907071590423584,
                    -0.021205423399806023,
                    0.13434967398643494,
                    0.541580855846405
                ],
                [
                    0.0,
                    0.9877716302871704,
                    0.15590748190879822,
                    0.6284831762313843
                ],
                [
                    0.0,
                    0.0,
                    0.0,
                    1.0
                ]
            ]
        },
        {
            "file_path": "/data/shapenet_blender/all_50_random/02958343/90f85f62885afeec65ca154580c5c7a/r_9",
            "rotation": 0.12566370614359174,
            "transform_matrix": [
                [
                    0.8750045299530029,
                    -0.01280671451240778,
                    0.483945369720459,
                    1.9508461952209473
                ],
                [
                    0.4841148257255554,
                    0.023147262632846832,
                    -0.874698281288147,
                    -3.5260214805603027
                ],
                [
                    9.313225746154785e-10,
                    0.9996500611305237,
                    0.026453878730535507,
                    0.10663899779319763
                ],
                [
                    0.0,
                    0.0,
                    0.0,
                    1.0
                ]
            ]
        },
        {
            "file_path": "/data/shapenet_blender/all_50_random/02958343/90f85f62885afeec65ca154580c5c7a/r_10",
            "rotation": 0.12566370614359174,
            "transform_matrix": [
                [
                    0.2508603036403656,
                    -0.4010598659515381,
                    -0.8810335397720337,
                    -3.5515596866607666
                ],
                [
                    -0.9680233001708984,
                    -0.10393344610929489,
                    -0.22831717133522034,
                    -0.9203759431838989
                ],
                [
                    7.450580596923828e-09,
                    0.9101366996765137,
                    -0.4143080711364746,
                    -1.6701292991638184
                ],
                [
                    0.0,
                    0.0,
                    0.0,
                    1.0
                ]
            ]
        },
        {
            "file_path": "/data/shapenet_blender/all_50_random/02958343/90f85f62885afeec65ca154580c5c7a/r_11",
            "rotation": 0.12566370614359174,
            "transform_matrix": [
                [
                    0.13153009116649628,
                    0.0222405344247818,
                    -0.9910627603530884,
                    -3.9951012134552
                ],
                [
                    -0.9913122057914734,
                    0.0029509367886930704,
                    -0.13149699568748474,
                    -0.5300812721252441
                ],
                [
                    2.3283062977608182e-10,
                    0.9997482895851135,
                    0.02243545465171337,
                    0.09044019877910614
                ],
                [
                    0.0,
                    0.0,
                    0.0,
                    1.0
                ]
            ]
        },
        {
            "file_path": "/data/shapenet_blender/all_50_random/02958343/90f85f62885afeec65ca154580c5c7a/r_12",
            "rotation": 0.12566370614359174,
            "transform_matrix": [
                [
                    -0.445938378572464,
                    -0.001141345244832337,
                    -0.8950629234313965,
                    -3.608114004135132
                ],
                [
                    -0.8950636386871338,
                    0.0005686407093890011,
                    0.44593802094459534,
                    1.7976336479187012
                ],
                [
                    -5.820766091346741e-11,
                    0.9999991655349731,
                    -0.0012751553440466523,
                    -0.005140315741300583
                ],
                [
                    0.0,
                    0.0,
                    0.0,
                    1.0
                ]
            ]
        },
        {
            "file_path": "/data/shapenet_blender/all_50_random/02958343/90f85f62885afeec65ca154580c5c7a/r_13",
            "rotation": 0.12566370614359174,
            "transform_matrix": [
                [
                    -0.833500862121582,
                    0.04510650411248207,
                    -0.5506739020347595,
                    -2.2198374271392822
                ],
                [
                    -0.5525181889533997,
                    -0.06804537773132324,
                    0.8307186961174011,
                    3.348734140396118
                ],
                [
                    0.0,
                    0.9966619610786438,
                    0.08163806051015854,
                    0.3290935456752777
                ],
                [
                    0.0,
                    0.0,
                    0.0,
                    1.0
                ]
            ]
        },
        {
            "file_path": "/data/shapenet_blender/all_50_random/02958343/90f85f62885afeec65ca154580c5c7a/r_14",
            "rotation": 0.12566370614359174,
            "transform_matrix": [
                [
                    -0.2300698310136795,
                    0.45312753319740295,
                    0.8612450361251831,
                    3.471790313720703
                ],
                [
                    0.9731741547584534,
                    0.1071246787905693,
                    0.2036084532737732,
                    0.8207720518112183
                ],
                [
                    0.0,
                    0.8849855661392212,
                    -0.4656181037425995,
                    -1.8769668340682983
                ],
                [
                    0.0,
                    0.0,
                    0.0,
                    1.0
                ]
            ]
        },
        {
            "file_path": "/data/shapenet_blender/all_50_random/02958343/90f85f62885afeec65ca154580c5c7a/r_15",
            "rotation": 0.12566370614359174,
            "transform_matrix": [
                [
                    -0.9218096733093262,
                    0.05682067200541496,
                    0.3834557831287384,
                    1.5457595586776733
                ],
                [
                    0.3876427710056305,
                    0.13511884212493896,
                    0.9118530750274658,
                    3.6757969856262207
                ],
                [
                    3.725290298461914e-09,
                    0.9891988039016724,
                    -0.14657999575138092,
                    -0.5908827781677246
                ],
                [
                    0.0,
                    0.0,
                    0.0,
                    1.0
                ]
            ]
        },
        {
            "file_path": "/data/shapenet_blender/all_50_random/02958343/90f85f62885afeec65ca154580c5c7a/r_16",
            "rotation": 0.12566370614359174,
            "transform_matrix": [
                [
                    0.003459342522546649,
                    0.6461719870567322,
                    0.7631839513778687,
                    3.076493263244629
                ],
                [
                    0.9999939799308777,
                    -0.0022353436797857285,
                    -0.002640130463987589,
                    -0.010642707347869873
                ],
                [
                    0.0,
                    0.7631885409355164,
                    -0.6461758017539978,
                    -2.604818105697632
                ],
                [
                    0.0,
                    0.0,
                    0.0,
                    1.0
                ]
            ]
        },
        {
            "file_path": "/data/shapenet_blender/all_50_random/02958343/90f85f62885afeec65ca154580c5c7a/r_17",
            "rotation": 0.12566370614359174,
            "transform_matrix": [
                [
                    0.9950366020202637,
                    0.09401626139879227,
                    0.032607391476631165,
                    0.13144460320472717
                ],
                [
                    0.0995103195309639,
                    -0.9400997161865234,
                    -0.32605209946632385,
                    -1.3143579959869385
                ],
                [
                    0.0,
                    0.32767853140830994,
                    -0.9447892308235168,
                    -3.8085672855377197
                ],
                [
                    0.0,
                    0.0,
                    0.0,
                    1.0
                ]
            ]
        },
        {
            "file_path": "/data/shapenet_blender/all_50_random/02958343/90f85f62885afeec65ca154580c5c7a/r_18",
            "rotation": 0.12566370614359174,
            "transform_matrix": [
                [
                    0.999924898147583,
                    0.00481511652469635,
                    -0.011276442557573318,
                    -0.04545679688453674
                ],
                [
                    -0.012261465191841125,
                    0.39267370104789734,
                    -0.9195960164070129,
                    -3.707010507583618
                ],
                [
                    4.656612873077393e-10,
                    0.9196652770042419,
                    0.3927031457424164,
                    1.583037257194519
                ],
                [
                    0.0,
                    0.0,
                    0.0,
                    1.0
                ]
            ]
        },
        {
            "file_path": "/data/shapenet_blender/all_50_random/02958343/90f85f62885afeec65ca154580c5c7a/r_19",
            "rotation": 0.12566370614359174,
            "transform_matrix": [
                [
                    0.48822110891342163,
                    -0.0014278931776061654,
                    -0.8727188110351562,
                    -3.5180420875549316
                ],
                [
                    -0.8727200627326965,
                    -0.000798798690084368,
                    -0.4882204234600067,
                    -1.9680794477462769
                ],
                [
                    -5.820766091346741e-11,
                    0.9999987483024597,
                    -0.0016361409798264503,
                    -0.006595495156943798
                ],
                [
                    0.0,
                    0.0,
                    0.0,
                    1.0
                ]
            ]
        },
        {
            "file_path": "/data/shapenet_blender/all_50_random/02958343/90f85f62885afeec65ca154580c5c7a/r_20",
            "rotation": 0.12566370614359174,
            "transform_matrix": [
                [
                    0.9999391436576843,
                    0.00011607060150709003,
                    0.011036456562578678,
                    0.044489383697509766
                ],
                [
                    0.0110370684415102,
                    -0.010515795089304447,
                    -0.9998837113380432,
                    -4.030660629272461
                ],
                [
                    7.275957614183426e-12,
                    0.9999447464942932,
                    -0.010516434907913208,
                    -0.04239311069250107
                ],
                [
                    0.0,
                    0.0,
                    0.0,
                    1.0
                ]
            ]
        },
        {
            "file_path": "/data/shapenet_blender/all_50_random/02958343/90f85f62885afeec65ca154580c5c7a/r_21",
            "rotation": 0.12566370614359174,
            "transform_matrix": [
                [
                    0.4978195130825043,
                    -0.26527369022369385,
                    -0.825715184211731,
                    -3.328564405441284
                ],
                [
                    -0.8672806620597839,
                    -0.1522672325372696,
                    -0.47396090626716614,
                    -1.910597562789917
                ],
                [
                    -1.4901161193847656e-08,
                    0.9520738124847412,
                    -0.30586832761764526,
                    -1.2329946756362915
                ],
                [
                    0.0,
                    0.0,
                    0.0,
                    1.0
                ]
            ]
        },
        {
            "file_path": "/data/shapenet_blender/all_50_random/02958343/90f85f62885afeec65ca154580c5c7a/r_22",
            "rotation": 0.12566370614359174,
            "transform_matrix": [
                [
                    0.028243089094758034,
                    -0.8075432181358337,
                    0.5891315937042236,
                    2.374865770339966
                ],
                [
                    0.9996010661125183,
                    0.022816617041826248,
                    -0.016645537689328194,
                    -0.06710031628608704
                ],
                [
                    1.862645149230957e-09,
                    0.5893667340278625,
                    0.8078655004501343,
                    3.256610155105591
                ],
                [
                    0.0,
                    0.0,
                    0.0,
                    1.0
                ]
            ]
        },
        {
            "file_path": "/data/shapenet_blender/all_50_random/02958343/90f85f62885afeec65ca154580c5c7a/r_23",
            "rotation": 0.12566370614359174,
            "transform_matrix": [
                [
                    -0.5316005349159241,
                    0.20865431427955627,
                    0.820892333984375,
                    3.3091228008270264
                ],
                [
                    0.8469951152801514,
                    0.1309579461812973,
                    0.5152176022529602,
                    2.076908588409424
                ],
                [
                    7.450580152834618e-09,
                    0.9691818356513977,
                    -0.24634651839733124,
                    -0.9930545687675476
                ],
                [
                    0.0,
                    0.0,
                    0.0,
                    1.0
                ]
            ]
        },
        {
            "file_path": "/data/shapenet_blender/all_50_random/02958343/90f85f62885afeec65ca154580c5c7a/r_24",
            "rotation": 0.12566370614359174,
            "transform_matrix": [
                [
                    0.8473755121231079,
                    0.05454561486840248,
                    -0.5281851887702942,
                    -2.129182815551758
                ],
                [
                    -0.5309942960739136,
                    0.08704541623592377,
                    -0.8428927063941956,
                    -3.3978095054626465
                ],
                [
                    3.725290742551124e-09,
                    0.9947099089622498,
                    0.10272354632616043,
                    0.41409188508987427
                ],
                [
                    0.0,
                    0.0,
                    0.0,
                    1.0
                ]
            ]
        },
        {
            "file_path": "/data/shapenet_blender/all_50_random/02958343/90f85f62885afeec65ca154580c5c7a/r_25",
            "rotation": 0.12566370614359174,
            "transform_matrix": [
                [
                    -0.3338000774383545,
                    0.12268631905317307,
                    -0.9346258640289307,
                    -3.7675974369049072
                ],
                [
                    -0.942643940448761,
                    -0.04344451054930687,
                    0.33096081018447876,
                    1.3341456651687622
                ],
                [
                    0.0,
                    0.9914941191673279,
                    0.13015128672122955,
                    0.5246565937995911
                ],
                [
                    0.0,
                    0.0,
                    0.0,
                    1.0
                ]
            ]
        },
        {
            "file_path": "/data/shapenet_blender/all_50_random/02958343/90f85f62885afeec65ca154580c5c7a/r_26",
            "rotation": 0.12566370614359174,
            "transform_matrix": [
                [
                    -0.543430745601654,
                    0.16326147317886353,
                    0.8234250545501709,
                    3.3193321228027344
                ],
                [
                    0.839453935623169,
                    0.10568930208683014,
                    0.5330542325973511,
                    2.1488101482391357
                ],
                [
                    0.0,
                    0.9809054732322693,
                    -0.19448532164096832,
                    -0.7839953303337097
                ],
                [
                    0.0,
                    0.0,
                    0.0,
                    1.0
                ]
            ]
        },
        {
            "file_path": "/data/shapenet_blender/all_50_random/02958343/90f85f62885afeec65ca154580c5c7a/r_27",
            "rotation": 0.12566370614359174,
            "transform_matrix": [
                [
                    -0.7187609076499939,
                    -0.2367127388715744,
                    0.6537200212478638,
                    2.6352295875549316
                ],
                [
                    0.6952573657035828,
                    -0.2447149157524109,
                    0.6758193373680115,
                    2.7243146896362305
                ],
                [
                    -1.4901159417490817e-08,
                    0.9402560591697693,
                    0.34046778082847595,
                    1.372469425201416
                ],
                [
                    0.0,
                    0.0,
                    0.0,
                    1.0
                ]
            ]
        },
        {
            "file_path": "/data/shapenet_blender/all_50_random/02958343/90f85f62885afeec65ca154580c5c7a/r_28",
            "rotation": 0.12566370614359174,
            "transform_matrix": [
                [
                    0.9965851902961731,
                    0.05168799310922623,
                    0.06439155340194702,
                    0.2595706582069397
                ],
                [
                    0.08257070183753967,
                    -0.6238470673561096,
                    -0.7771723866462708,
                    -3.1328821182250977
                ],
                [
                    3.725290298461914e-09,
                    0.7798352837562561,
                    -0.6259847283363342,
                    -2.5234251022338867
                ],
                [
                    0.0,
                    0.0,
                    0.0,
                    1.0
                ]
            ]
        },
        {
            "file_path": "/data/shapenet_blender/all_50_random/02958343/90f85f62885afeec65ca154580c5c7a/r_29",
            "rotation": 0.12566370614359174,
            "transform_matrix": [
                [
                    -0.8072742223739624,
                    -0.17644646763801575,
                    -0.5631829500198364,
                    -2.270263195037842
                ],
                [
                    -0.5901765823364258,
                    0.2413526326417923,
                    0.7703508734703064,
                    3.1053836345672607
                ],
                [
                    0.0,
                    0.9542616605758667,
                    -0.29897233843803406,
                    -1.2051960229873657
                ],
                [
                    0.0,
                    0.0,
                    0.0,
                    1.0
                ]
            ]
        },
        {
            "file_path": "/data/shapenet_blender/all_50_random/02958343/90f85f62885afeec65ca154580c5c7a/r_30",
            "rotation": 0.12566370614359174,
            "transform_matrix": [
                [
                    -0.5917057991027832,
                    0.29168957471847534,
                    -0.7515326738357544,
                    -3.0295250415802
                ],
                [
                    -0.8061539530754089,
                    -0.2140960991382599,
                    0.5516145825386047,
                    2.2236294746398926
                ],
                [
                    0.0,
                    0.932244598865509,
                    0.36182859539985657,
                    1.4585777521133423
                ],
                [
                    0.0,
                    0.0,
                    0.0,
                    1.0
                ]
            ]
        },
        {
            "file_path": "/data/shapenet_blender/all_50_random/02958343/90f85f62885afeec65ca154580c5c7a/r_31",
            "rotation": 0.12566370614359174,
            "transform_matrix": [
                [
                    0.9071769714355469,
                    0.3699583411216736,
                    -0.20040179789066315,
                    -0.8078454732894897
                ],
                [
                    -0.4207494258880615,
                    0.7976663708686829,
                    -0.43208590149879456,
                    -1.7417938709259033
                ],
                [
                    -1.4901159417490817e-08,
                    0.4762975573539734,
                    0.8792843222618103,
                    3.544508218765259
                ],
                [
                    0.0,
                    0.0,
                    0.0,
                    1.0
                ]
            ]
        },
        {
            "file_path": "/data/shapenet_blender/all_50_random/02958343/90f85f62885afeec65ca154580c5c7a/r_32",
            "rotation": 0.12566370614359174,
            "transform_matrix": [
                [
                    0.9771099090576172,
                    -0.03084099292755127,
                    0.21048776805400848,
                    0.8485033512115479
                ],
                [
                    0.21273520588874817,
                    0.14165514707565308,
                    -0.9667872190475464,
                    -3.8972439765930176
                ],
                [
                    1.862645149230957e-09,
                    0.9894355535507202,
                    0.14497360587120056,
                    0.5844072699546814
                ],
                [
                    0.0,
                    0.0,
                    0.0,
                    1.0
                ]
            ]
        },
        {
            "file_path": "/data/shapenet_blender/all_50_random/02958343/90f85f62885afeec65ca154580c5c7a/r_33",
            "rotation": 0.12566370614359174,
            "transform_matrix": [
                [
                    -0.8957206010818481,
                    0.21573783457279205,
                    0.38876956701278687,
                    1.5671803951263428
                ],
                [
                    0.4446173906326294,
                    0.43462273478507996,
                    0.783210277557373,
                    3.157221794128418
                ],
                [
                    0.0,
                    0.8743912577629089,
                    -0.48522132635116577,
                    -1.9559898376464844
                ],
                [
                    0.0,
                    0.0,
                    0.0,
                    1.0
                ]
            ]
        },
        {
            "file_path": "/data/shapenet_blender/all_50_random/02958343/90f85f62885afeec65ca154580c5c7a/r_34",
            "rotation": 0.12566370614359174,
            "transform_matrix": [
                [
                    0.07918061316013336,
                    -0.030895402655005455,
                    -0.996381402015686,
                    -4.016541957855225
                ],
                [
                    -0.9968603253364563,
                    -0.0024540217127650976,
                    -0.07914257794618607,
                    -0.3190339505672455
                ],
                [
                    2.3283067140944524e-10,
                    0.9995194673538208,
                    -0.030992714688181877,
                    -0.12493562698364258
                ],
                [
                    0.0,
                    0.0,
                    0.0,
                    1.0
                ]
            ]
        },
        {
            "file_path": "/data/shapenet_blender/all_50_random/02958343/90f85f62885afeec65ca154580c5c7a/r_35",
            "rotation": 0.12566370614359174,
            "transform_matrix": [
                [
                    0.13933119177818298,
                    0.08495549112558365,
                    -0.9865947961807251,
                    -3.977090835571289
                ],
                [
                    -0.9902458786964417,
                    0.011953544802963734,
                    -0.1388174593448639,
                    -0.5595910549163818
                ],
                [
                    0.0,
                    0.9963129758834839,
                    0.08579232543706894,
                    0.3458399176597595
                ],
                [
                    0.0,
                    0.0,
                    0.0,
                    1.0
                ]
            ]
        },
        {
            "file_path": "/data/shapenet_blender/all_50_random/02958343/90f85f62885afeec65ca154580c5c7a/r_36",
            "rotation": 0.12566370614359174,
            "transform_matrix": [
                [
                    -0.9953206777572632,
                    0.03362089768052101,
                    0.09058850258588791,
                    0.36517393589019775
                ],
                [
                    0.09662629663944244,
                    0.3463195562362671,
                    0.9331270456314087,
                    3.7615554332733154
                ],
                [
                    0.0,
                    0.9375138282775879,
                    -0.34794771671295166,
                    -1.402622103691101
                ],
                [
                    0.0,
                    0.0,
                    0.0,
                    1.0
                ]
            ]
        },
        {
            "file_path": "/data/shapenet_blender/all_50_random/02958343/90f85f62885afeec65ca154580c5c7a/r_37",
            "rotation": 0.12566370614359174,
            "transform_matrix": [
                [
                    -0.9257981181144714,
                    0.15323475003242493,
                    0.34556761384010315,
                    1.3930277824401855
                ],
                [
                    0.37801843881607056,
                    0.3752845227718353,
                    0.8463234901428223,
                    3.411639451980591
                ],
                [
                    0.0,
                    0.9141556024551392,
                    -0.4053632318973541,
                    -1.6340715885162354
                ],
                [
                    0.0,
                    0.0,
                    0.0,
                    1.0
                ]
            ]
        },
        {
            "file_path": "/data/shapenet_blender/all_50_random/02958343/90f85f62885afeec65ca154580c5c7a/r_38",
            "rotation": 0.12566370614359174,
            "transform_matrix": [
                [
                    -0.9824538230895996,
                    0.04342323914170265,
                    0.18138062953948975,
                    0.7311687469482422
                ],
                [
                    0.18650607764720917,
                    0.22873960435390472,
                    0.9554546475410461,
                    3.8515610694885254
                ],
                [
                    0.0,
                    0.9725186824798584,
                    -0.23282481729984283,
                    -0.938546895980835
                ],
                [
                    0.0,
                    0.0,
                    0.0,
                    1.0
                ]
            ]
        },
        {
            "file_path": "/data/shapenet_blender/all_50_random/02958343/90f85f62885afeec65ca154580c5c7a/r_39",
            "rotation": 0.12566370614359174,
            "transform_matrix": [
                [
                    -0.7610341310501099,
                    -0.015527303330600262,
                    -0.6485260128974915,
                    -2.6142919063568115
                ],
                [
                    -0.6487118601799011,
                    0.018215801566839218,
                    0.7608160972595215,
                    3.0669476985931396
                ],
                [
                    0.0,
                    0.9997134208679199,
                    -0.02393559366464615,
                    -0.09648746252059937
                ],
                [
                    0.0,
                    0.0,
                    0.0,
                    1.0
                ]
            ]
        },
        {
            "file_path": "/data/shapenet_blender/all_50_random/02958343/90f85f62885afeec65ca154580c5c7a/r_40",
            "rotation": 0.12566370614359174,
            "transform_matrix": [
                [
                    0.6599862575531006,
                    -0.4793252646923065,
                    -0.5785027146339417,
                    -2.332019090652466
                ],
                [
                    -0.7512775659561157,
                    -0.42108017206192017,
                    -0.5082060694694519,
                    -2.0486443042755127
                ],
                [
                    -1.4901158529312397e-08,
                    0.7700252532958984,
                    -0.6380134224891663,
                    -2.5719141960144043
                ],
                [
                    0.0,
                    0.0,
                    0.0,
                    1.0
                ]
            ]
        },
        {
            "file_path": "/data/shapenet_blender/all_50_random/02958343/90f85f62885afeec65ca154580c5c7a/r_41",
            "rotation": 0.12566370614359174,
            "transform_matrix": [
                [
                    -0.858891487121582,
                    -0.21914027631282806,
                    0.46290698647499084,
                    1.8660377264022827
                ],
                [
                    0.5121574997901917,
                    -0.3674996793270111,
                    0.7762980461120605,
                    3.1293575763702393
                ],
                [
