{
    "class": "02958343",
    "model": "abcabe3968a64d4f16abce8cb03e7794",
    "remove_doubles": true,
    "edge_split": true,
    "denoise": true,
    "camera_angle_x": 0.6911112070083618,
    "scale_factor": 2.2672703994274395,
    "hdri_file": "/data/IndoorHDRDataset2018/9C4A4710-d7f953501a.exr",
    "center_offset": [
        0.0,
        -9.313225746154785e-10,
        -3.725290298461914e-09
    ],
    "lights": [],
    "frames": [
        {
            "file_path": "/data/shapenet_blender/all_50_random/02958343/abcabe3968a64d4f16abce8cb03e7794/r_0",
            "rotation": 0.12566370614359174,
            "transform_matrix": [
                [
                    -0.6235770583152771,
                    -0.10033204406499863,
                    0.7752967476844788,
                    3.125321388244629
                ],
                [
                    0.7817620038986206,
                    -0.08003044873476028,
                    0.6184200048446655,
                    2.4929311275482178
                ],
                [
                    0.0,
                    0.9917299747467041,
                    0.1283409148454666,
                    0.5173588395118713
                ],
                [
                    0.0,
                    0.0,
                    0.0,
                    1.0
                ]
            ]
        },
        {
            "file_path": "/data/shapenet_blender/all_50_random/02958343/abcabe3968a64d4f16abce8cb03e7794/r_1",
            "rotation": 0.12566370614359174,
            "transform_matrix": [
                [
                    -0.9529510736465454,
                    -0.012014768086373806,
                    -0.30288586020469666,
                    -1.2209720611572266
                ],
                [
                    -0.3031240701675415,
                    0.03777161240577698,
                    0.9522021412849426,
                    3.8384499549865723
                ],
                [
                    0.0,
                    0.999214231967926,
                    -0.039636459201574326,
                    -0.15977969765663147
                ],
                [
                    0.0,
                    0.0,
                    0.0,
                    1.0
                ]
            ]
        },
        {
            "file_path": "/data/shapenet_blender/all_50_random/02958343/abcabe3968a64d4f16abce8cb03e7794/r_2",
            "rotation": 0.12566370614359174,
            "transform_matrix": [
                [
                    -0.6763248443603516,
                    -0.7208126783370972,
                    0.15170282125473022,
                    0.6115336418151855
                ],
                [
                    0.7366034984588623,
                    -0.6618261933326721,
                    0.13928847014904022,
                    0.5614897608757019
                ],
                [
                    7.450581485102248e-09,
                    0.205949068069458,
                    0.9785627126693726,
                    3.9447124004364014
                ],
                [
                    0.0,
                    0.0,
                    0.0,
                    1.0
                ]
            ]
        },
        {
            "file_path": "/data/shapenet_blender/all_50_random/02958343/abcabe3968a64d4f16abce8cb03e7794/r_3",
            "rotation": 0.12566370614359174,
            "transform_matrix": [
                [
                    -0.538093090057373,
                    0.7187581658363342,
                    -0.4402756094932556,
                    -1.7748076915740967
                ],
                [
                    -0.8428855538368225,
                    -0.4588508903980255,
                    0.2810693085193634,
                    1.1330265998840332
                ],
                [
                    0.0,
                    0.5223433971405029,
                    0.8527352213859558,
                    3.437485694885254
                ],
                [
                    0.0,
                    0.0,
                    0.0,
                    1.0
                ]
            ]
        },
        {
            "file_path": "/data/shapenet_blender/all_50_random/02958343/abcabe3968a64d4f16abce8cb03e7794/r_4",
            "rotation": 0.12566370614359174,
            "transform_matrix": [
                [
                    0.9467719197273254,
                    0.06498295068740845,
                    -0.31527793407440186,
                    -1.2709259986877441
                ],
                [
                    -0.3219051957130432,
                    0.19112467765808105,
                    -0.927280068397522,
                    -3.737985610961914
                ],
                [
                    0.0,
                    0.9794123768806458,
                    0.20186978578567505,
                    0.8137631416320801
                ],
                [
                    0.0,
                    0.0,
                    0.0,
                    1.0
                ]
            ]
        },
        {
            "file_path": "/data/shapenet_blender/all_50_random/02958343/abcabe3968a64d4f16abce8cb03e7794/r_5",
            "rotation": 0.12566370614359174,
            "transform_matrix": [
                [
                    0.8872212767601013,
                    0.18862928450107574,
                    0.4210195541381836,
                    1.6971840858459473
                ],
                [
                    0.4613442122936249,
                    -0.36275714635849,
                    -0.8096719980239868,
                    -3.26389217376709
                ],
                [
                    1.4901161193847656e-08,
                    0.9125930666923523,
                    -0.4088688790798187,
                    -1.6482031345367432
                ],
                [
                    0.0,
                    0.0,
                    0.0,
                    1.0
                ]
            ]
        },
        {
            "file_path": "/data/shapenet_blender/all_50_random/02958343/abcabe3968a64d4f16abce8cb03e7794/r_6",
            "rotation": 0.12566370614359174,
            "transform_matrix": [
                [
                    -0.4701940715312958,
                    -0.4394451677799225,
                    -0.7653793096542358,
                    -3.0853426456451416
                ],
                [
                    -0.8825631141662598,
                    0.23411867022514343,
                    0.40776327252388,
                    1.6437463760375977
                ],
                [
                    -1.4901161193847656e-08,
                    0.8672233819961548,
                    -0.4979192912578583,
                    -2.0071768760681152
                ],
                [
                    0.0,
                    0.0,
                    0.0,
                    1.0
                ]
            ]
        },
        {
            "file_path": "/data/shapenet_blender/all_50_random/02958343/abcabe3968a64d4f16abce8cb03e7794/r_7",
            "rotation": 0.12566370614359174,
            "transform_matrix": [
                [
                    0.9916009306907654,
                    -0.005404598079621792,
                    -0.12922249734401703,
                    -0.5209125280380249
                ],
                [
                    -0.1293354630470276,
                    -0.041436463594436646,
                    -0.9907347559928894,
                    -3.9937796592712402
                ],
                [
                    0.0,
                    0.9991263747215271,
                    -0.04178744554519653,
                    -0.16845057904720306
                ],
                [
                    0.0,
                    0.0,
                    0.0,
                    1.0
                ]
            ]
        },
        {
            "file_path": "/data/shapenet_blender/all_50_random/02958343/abcabe3968a64d4f16abce8cb03e7794/r_8",
            "rotation": 0.12566370614359174,
            "transform_matrix": [
                [
                    0.9563906788825989,
                    0.06591153889894485,
                    0.28455689549446106,
                    1.1470855474472046
                ],
                [
                    0.2920907139778137,
                    -0.21581372618675232,
                    -0.9317228198051453,
                    -3.755894899368286
                ],
                [
                    0.0,
                    0.9742074012756348,
                    -0.22565436363220215,
                    -0.9096418619155884
                ],
                [
                    0.0,
                    0.0,
                    0.0,
                    1.0
                ]
            ]
        },
        {
            "file_path": "/data/shapenet_blender/all_50_random/02958343/abcabe3968a64d4f16abce8cb03e7794/r_9",
            "rotation": 0.12566370614359174,
            "transform_matrix": [
                [
                    0.9118685722351074,
                    -0.05047596991062164,
                    0.4073670208454132,
                    1.6421490907669067
                ],
                [
                    0.41048237681388855,
                    0.11213015019893646,
                    -0.9049479961395264,
                    -3.6479623317718506
                ],
                [
                    3.725290742551124e-09,
                    0.9924106001853943,
                    0.12296745181083679,
                    0.49569767713546753
                ],
                [
                    0.0,
                    0.0,
                    0.0,
                    1.0
                ]
            ]
        },
        {
            "file_path": "/data/shapenet_blender/all_50_random/02958343/abcabe3968a64d4f16abce8cb03e7794/r_10",
            "rotation": 0.12566370614359174,
            "transform_matrix": [
                [
                    -0.7118902802467346,
                    -0.2260230928659439,
                    -0.6649253368377686,
                    -2.6803998947143555
                ],
                [
                    -0.7022905945777893,
                    0.2291126251220703,
                    0.6740142703056335,
                    2.717038631439209
                ],
                [
                    0.0,
                    0.9467951059341431,
                    -0.3218369483947754,
                    -1.2973663806915283
                ],
                [
                    0.0,
                    0.0,
                    0.0,
                    1.0
                ]
            ]
        },
        {
            "file_path": "/data/shapenet_blender/all_50_random/02958343/abcabe3968a64d4f16abce8cb03e7794/r_11",
            "rotation": 0.12566370614359174,
            "transform_matrix": [
                [
                    0.931799590587616,
                    -0.14439257979393005,
                    0.33301711082458496,
                    1.3424350023269653
                ],
                [
                    0.36297333240509033,
                    0.3706744313240051,
                    -0.8548980951309204,
                    -3.446204662322998
                ],
                [
                    1.4901161193847656e-08,
                    0.9174700975418091,
                    0.397804856300354,
                    1.6036027669906616
                ],
                [
                    0.0,
                    0.0,
                    0.0,
                    1.0
                ]
            ]
        },
        {
            "file_path": "/data/shapenet_blender/all_50_random/02958343/abcabe3968a64d4f16abce8cb03e7794/r_12",
            "rotation": 0.12566370614359174,
            "transform_matrix": [
                [
                    -0.9867110252380371,
                    0.11177241802215576,
                    -0.11793369799852371,
                    -0.4754059612751007
                ],
                [
                    -0.16248518228530884,
                    -0.6787515878677368,
                    0.7161666750907898,
                    2.886960506439209
                ],
                [
                    0.0,
                    0.7258120179176331,
                    0.6878929734230042,
                    2.7729854583740234
                ],
                [
                    0.0,
                    0.0,
                    0.0,
                    1.0
                ]
            ]
        },
        {
            "file_path": "/data/shapenet_blender/all_50_random/02958343/abcabe3968a64d4f16abce8cb03e7794/r_13",
            "rotation": 0.12566370614359174,
            "transform_matrix": [
                [
                    0.9018561840057373,
                    -0.3221517503261566,
                    0.2878781259059906,
                    1.1604738235473633
                ],
                [
                    0.43203651905059814,
                    0.6724767684936523,
                    -0.6009321808815002,
                    -2.4224350452423096
                ],
                [
                    0.0,
                    0.6663282513618469,
                    0.7456585764884949,
                    3.005845785140991
                ],
                [
                    0.0,
                    0.0,
                    0.0,
                    1.0
                ]
            ]
        },
        {
            "file_path": "/data/shapenet_blender/all_50_random/02958343/abcabe3968a64d4f16abce8cb03e7794/r_14",
            "rotation": 0.12566370614359174,
            "transform_matrix": [
                [
                    0.917779266834259,
                    0.0068732332438230515,
                    -0.39703133702278137,
                    -1.6004846096038818
                ],
                [
                    -0.3970908522605896,
                    0.015885815024375916,
                    -0.9176417589187622,
                    -3.6991324424743652
                ],
                [
                    9.313225191043273e-10,
                    0.9998502135276794,
                    0.01730896718800068,
                    0.06977468729019165
                ],
                [
                    0.0,
                    0.0,
                    0.0,
                    1.0
                ]
            ]
        },
        {
            "file_path": "/data/shapenet_blender/all_50_random/02958343/abcabe3968a64d4f16abce8cb03e7794/r_15",
            "rotation": 0.12566370614359174,
            "transform_matrix": [
                [
                    0.8687924742698669,
                    0.39214688539505005,
                    -0.3023582398891449,
                    -1.218845009803772
                ],
                [
                    -0.4951764643192291,
                    0.688025951385498,
                    -0.5304908156394958,
                    -2.138476848602295
                ],
                [
                    -1.4901161193847656e-08,
                    0.6106070280075073,
                    0.7919337153434753,
                    3.1923868656158447
                ],
                [
                    0.0,
                    0.0,
                    0.0,
                    1.0
                ]
            ]
        },
        {
            "file_path": "/data/shapenet_blender/all_50_random/02958343/abcabe3968a64d4f16abce8cb03e7794/r_16",
            "rotation": 0.12566370614359174,
            "transform_matrix": [
                [
                    0.9872530698776245,
                    -0.07776091992855072,
                    -0.1388692706823349,
                    -0.5597999095916748
                ],
                [
                    -0.15915852785110474,
                    -0.48234742879867554,
                    -0.86139976978302,
                    -3.4724135398864746
                ],
                [
                    0.0,
                    0.8725217580795288,
                    -0.488575279712677,
                    -1.9695099592208862
                ],
                [
                    0.0,
                    0.0,
                    0.0,
                    1.0
                ]
            ]
        },
        {
            "file_path": "/data/shapenet_blender/all_50_random/02958343/abcabe3968a64d4f16abce8cb03e7794/r_17",
            "rotation": 0.12566370614359174,
            "transform_matrix": [
                [
                    0.4883861541748047,
                    0.862301766872406,
                    -0.13384556770324707,
                    -0.5395487546920776
                ],
                [
                    -0.8726276755332947,
                    0.48260703682899475,
                    -0.0749097540974617,
                    -0.30197086930274963
                ],
                [
                    0.0,
                    0.15338237583637238,
                    0.9881669282913208,
                    3.9834282398223877
                ],
                [
                    0.0,
                    0.0,
                    0.0,
                    1.0
                ]
            ]
        },
        {
            "file_path": "/data/shapenet_blender/all_50_random/02958343/abcabe3968a64d4f16abce8cb03e7794/r_18",
            "rotation": 0.12566370614359174,
            "transform_matrix": [
                [
                    0.3004077076911926,
                    0.31139010190963745,
                    -0.9015494585037231,
                    -3.6342620849609375
                ],
                [
                    -0.9538109302520752,
                    0.09807392954826355,
                    -0.2839476764202118,
                    -1.144629716873169
                ],
                [
                    0.0,
                    0.9452077150344849,
                    0.32646945118904114,
                    1.3160403966903687
                ],
                [
                    0.0,
                    0.0,
                    0.0,
                    1.0
                ]
            ]
        },
        {
            "file_path": "/data/shapenet_blender/all_50_random/02958343/abcabe3968a64d4f16abce8cb03e7794/r_19",
            "rotation": 0.12566370614359174,
            "transform_matrix": [
                [
                    -0.1082935631275177,
                    0.0588291734457016,
                    0.9923767447471619,
                    4.000398635864258
                ],
                [
                    0.9941190481185913,
                    0.006408508867025375,
                    0.10810376703739166,
                    0.43578022718429565
                ],
                [
                    4.656613428188905e-10,
                    0.998247504234314,
                    -0.05917719751596451,
                    -0.23855091631412506
                ],
                [
                    0.0,
                    0.0,
                    0.0,
                    1.0
                ]
            ]
        },
        {
            "file_path": "/data/shapenet_blender/all_50_random/02958343/abcabe3968a64d4f16abce8cb03e7794/r_20",
            "rotation": 0.12566370614359174,
            "transform_matrix": [
                [
                    0.9831192493438721,
                    -0.0075452253222465515,
                    0.18281017243862152,
                    0.7369314432144165
                ],
                [
                    0.18296581506729126,
                    0.04054230451583862,
                    -0.9822828769683838,
                    -3.9597091674804688
                ],
                [
                    -4.6566125955216364e-10,
                    0.9991493225097656,
                    0.04123843461275101,
                    0.1662374585866928
                ],
                [
                    0.0,
                    0.0,
                    0.0,
                    1.0
                ]
            ]
        },
        {
            "file_path": "/data/shapenet_blender/all_50_random/02958343/abcabe3968a64d4f16abce8cb03e7794/r_21",
            "rotation": 0.12566370614359174,
            "transform_matrix": [
                [
                    -0.9131748676300049,
                    0.1558956354856491,
                    0.37657439708709717,
                    1.5180199146270752
                ],
                [
                    0.4075680673122406,
                    0.3492913246154785,
                    0.8437321186065674,
                    3.4011929035186768
                ],
                [
                    0.0,
                    0.9239545464515686,
                    -0.38250213861465454,
                    -1.5419154167175293
                ],
                [
                    0.0,
                    0.0,
                    0.0,
                    1.0
                ]
            ]
        },
        {
            "file_path": "/data/shapenet_blender/all_50_random/02958343/abcabe3968a64d4f16abce8cb03e7794/r_22",
            "rotation": 0.12566370614359174,
            "transform_matrix": [
                [
                    0.7907280921936035,
                    -0.5794089436531067,
                    0.19757090508937836,
                    0.7964338064193726
                ],
                [
                    0.6121675968170166,
                    0.7484142184257507,
                    -0.25519949197769165,
                    -1.0287420749664307
                ],
                [
                    -1.4901162970204496e-08,
                    0.32273998856544495,
                    0.9464877247810364,
                    3.8154139518737793
                ],
                [
                    0.0,
                    0.0,
                    0.0,
                    1.0
                ]
            ]
        },
        {
            "file_path": "/data/shapenet_blender/all_50_random/02958343/abcabe3968a64d4f16abce8cb03e7794/r_23",
            "rotation": 0.12566370614359174,
            "transform_matrix": [
                [
                    0.9705050587654114,
                    -0.012097382918000221,
                    0.24077703058719635,
                    0.9706032276153564
                ],
                [
                    0.24108076095581055,
                    0.048699747771024704,
                    -0.9692823886871338,
                    -3.9073023796081543
                ],
                [
                    0.0,
                    0.9987401962280273,
                    0.05017979443073273,
                    0.20228122174739838
                ],
                [
                    0.0,
                    0.0,
                    0.0,
                    1.0
                ]
            ]
        },
        {
            "file_path": "/data/shapenet_blender/all_50_random/02958343/abcabe3968a64d4f16abce8cb03e7794/r_24",
            "rotation": 0.12566370614359174,
            "transform_matrix": [
                [
                    0.7772421836853027,
                    -0.0671577900648117,
                    0.6256072521209717,
                    2.5219035148620605
                ],
                [
                    0.6292015314102173,
                    0.0829588994383812,
                    -0.7728021740913391,
                    -3.115265130996704
                ],
                [
                    -3.725290298461914e-09,
                    0.9942874312400818,
                    0.10673495382070541,
                    0.43026235699653625
                ],
                [
                    0.0,
                    0.0,
                    0.0,
                    1.0
                ]
            ]
        },
        {
            "file_path": "/data/shapenet_blender/all_50_random/02958343/abcabe3968a64d4f16abce8cb03e7794/r_25",
            "rotation": 0.12566370614359174,
            "transform_matrix": [
                [
                    -0.8889229893684387,
                    -0.22171390056610107,
                    -0.40082260966300964,
                    -1.6157677173614502
                ],
                [
                    -0.45805659890174866,
                    0.4302668869495392,
                    0.7778524160385132,
                    3.1356236934661865
                ],
                [
                    0.0,
                    0.87505042552948,
                    -0.48403164744377136,
                    -1.9511940479278564
                ],
                [
                    0.0,
                    0.0,
                    0.0,
                    1.0
                ]
            ]
        },
        {
            "file_path": "/data/shapenet_blender/all_50_random/02958343/abcabe3968a64d4f16abce8cb03e7794/r_26",
            "rotation": 0.12566370614359174,
            "transform_matrix": [
                [
                    -0.42466941475868225,
                    0.5882716774940491,
                    -0.6881803870201111,
                    -2.774143934249878
                ],
                [
                    -0.9053484797477722,
                    -0.275939017534256,
                    0.32280293107032776,
                    1.301260232925415
                ],
                [
                    0.0,
                    0.7601274847984314,
                    0.6497738361358643,
                    2.6193220615386963
                ],
                [
                    0.0,
                    0.0,
                    0.0,
                    1.0
                ]
            ]
        },
        {
            "file_path": "/data/shapenet_blender/all_50_random/02958343/abcabe3968a64d4f16abce8cb03e7794/r_27",
            "rotation": 0.12566370614359174,
            "transform_matrix": [
                [
                    -0.17510606348514557,
                    0.00436601834371686,
                    0.984539806842804,
                    3.9688072204589844
                ],
                [
                    0.9845495820045471,
                    0.0007765137706883252,
                    0.17510433495044708,
                    0.7058681845664978
                ],
                [
                    5.8207657444020455e-11,
                    0.9999901652336121,
                    -0.004434532951563597,
                    -0.01787617616355419
                ],
                [
                    0.0,
                    0.0,
                    0.0,
                    1.0
                ]
            ]
        },
        {
            "file_path": "/data/shapenet_blender/all_50_random/02958343/abcabe3968a64d4f16abce8cb03e7794/r_28",
            "rotation": 0.12566370614359174,
            "transform_matrix": [
                [
                    0.6556100249290466,
                    -0.05744533613324165,
                    -0.7529114484786987,
                    -3.035083055496216
                ],
                [
                    -0.7550997138023376,
                    -0.04987649992108345,
                    -0.6537100076675415,
                    -2.6351892948150635
                ],
                [
                    3.725290298461914e-09,
                    0.9971020221710205,
                    -0.07607648521661758,
                    -0.30667412281036377
                ],
                [
                    0.0,
                    0.0,
                    0.0,
                    1.0
                ]
            ]
        },
        {
            "file_path": "/data/shapenet_blender/all_50_random/02958343/abcabe3968a64d4f16abce8cb03e7794/r_29",
            "rotation": 0.12566370614359174,
            "transform_matrix": [
                [
                    -0.9969795346260071,
                    0.029263976961374283,
                    -0.0719403475522995,
                    -0.2900008261203766
                ],
                [
                    -0.07766462862491608,
                    -0.3756612241268158,
                    0.9234970808029175,
                    3.72273588180542
                ],
                [
                    -1.862645149230957e-09,
                    0.9262949228286743,
                    0.3767993152141571,
                    1.5189266204833984
                ],
                [
                    0.0,
                    0.0,
                    0.0,
                    1.0
                ]
            ]
        },
        {
            "file_path": "/data/shapenet_blender/all_50_random/02958343/abcabe3968a64d4f16abce8cb03e7794/r_30",
            "rotation": 0.12566370614359174,
            "transform_matrix": [
                [
                    0.7157058119773865,
                    0.6425695419311523,
                    0.2736230790615082,
                    1.1030100584030151
                ],
                [
                    0.698401927947998,
                    -0.6584901213645935,
                    -0.2804025113582611,
                    -1.1303387880325317
                ],
                [
                    -1.4901161193847656e-08,
                    0.3917846083641052,
                    -0.9200568795204163,
                    -3.7088682651519775
                ],
                [
                    0.0,
                    0.0,
                    0.0,
                    1.0
                ]
            ]
        },
        {
            "file_path": "/data/shapenet_blender/all_50_random/02958343/abcabe3968a64d4f16abce8cb03e7794/r_31",
            "rotation": 0.12566370614359174,
            "transform_matrix": [
                [
                    0.4240018129348755,
                    -0.8750897645950317,
                    -0.23332428932189941,
                    -0.9405602812767029
                ],
                [
                    -0.9056612849235535,
                    -0.40968918800354004,
                    -0.1092350035905838,
                    -0.4403403699398041
                ],
                [
                    0.0,
                    0.2576286196708679,
                    -0.9662439823150635,
                    -3.8950541019439697
                ],
                [
                    0.0,
                    0.0,
                    0.0,
                    1.0
                ]
            ]
        },
        {
            "file_path": "/data/shapenet_blender/all_50_random/02958343/abcabe3968a64d4f16abce8cb03e7794/r_32",
            "rotation": 0.12566370614359174,
            "transform_matrix": [
                [
                    0.1659735143184662,
                    -0.46888747811317444,
                    -0.8675234913825989,
                    -3.4970996379852295
                ],
                [
                    -0.9861302375793457,
                    -0.0789174735546112,
                    -0.146011084318161,
                    -0.5885895490646362
                ],
                [
                    0.0,
                    0.8797252178192139,
                    -0.4754822850227356,
                    -1.9167306423187256
                ],
                [
                    0.0,
                    0.0,
                    0.0,
                    1.0
                ]
            ]
        },
        {
            "file_path": "/data/shapenet_blender/all_50_random/02958343/abcabe3968a64d4f16abce8cb03e7794/r_33",
            "rotation": 0.12566370614359174,
            "transform_matrix": [
                [
                    0.6717134118080139,
                    -0.21120218932628632,
                    0.7100666761398315,
                    2.862370491027832
                ],
                [
                    0.7408111691474915,
                    0.19150270521640778,
                    -0.6438365578651428,
                    -2.595388412475586
                ],
                [
                    0.0,
                    0.958499014377594,
                    0.28509584069252014,
                    1.1492582559585571
                ],
                [
                    0.0,
                    0.0,
                    0.0,
                    1.0
                ]
            ]
        },
        {
            "file_path": "/data/shapenet_blender/all_50_random/02958343/abcabe3968a64d4f16abce8cb03e7794/r_34",
            "rotation": 0.12566370614359174,
            "transform_matrix": [
                [
                    -0.9906817674636841,
                    0.039739880710840225,
                    -0.13027024269104004,
                    -0.5251362323760986
                ],
                [
                    -0.13619689643383026,
                    -0.28906363248825073,
                    0.947571873664856,
                    3.819784641265869
                ],
                [
                    3.725290076417309e-09,
                    0.9564847350120544,
                    0.2917824685573578,
                    1.1762129068374634
                ],
                [
                    0.0,
                    0.0,
                    0.0,
                    1.0
                ]
            ]
        },
        {
            "file_path": "/data/shapenet_blender/all_50_random/02958343/abcabe3968a64d4f16abce8cb03e7794/r_35",
            "rotation": 0.12566370614359174,
            "transform_matrix": [
                [
                    -0.27683401107788086,
                    -0.5629914402961731,
                    -0.7787191867828369,
                    -3.139117479324341
                ],
                [
                    -0.9609178304672241,
                    0.16219407320022583,
                    0.22434379160404205,
                    0.9043587446212769
                ],
                [
                    1.4901162970204496e-08,
                    0.8103910088539124,
                    -0.5858893394470215,
                    -2.361795425415039
                ],
                [
                    0.0,
                    0.0,
                    0.0,
                    1.0
                ]
            ]
        },
        {
            "file_path": "/data/shapenet_blender/all_50_random/02958343/abcabe3968a64d4f16abce8cb03e7794/r_36",
            "rotation": 0.12566370614359174,
            "transform_matrix": [
                [
                    -0.7004942297935486,
                    0.3037961721420288,
                    0.6457675099372864,
                    2.6031720638275146
                ],
                [
                    0.7136580348014832,
                    0.29819247126579285,
                    0.6338559985160828,
                    2.5551552772521973
                ],
                [
                    1.4901161193847656e-08,
                    0.9048696756362915,
                    -0.42568865418434143,
                    -1.716005802154541
                ],
                [
                    0.0,
                    0.0,
                    0.0,
                    1.0
                ]
            ]
        },
        {
            "file_path": "/data/shapenet_blender/all_50_random/02958343/abcabe3968a64d4f16abce8cb03e7794/r_37",
            "rotation": 0.12566370614359174,
            "transform_matrix": [
                [
                    -0.9941570162773132,
                    0.012808449566364288,
                    -0.10718140751123428,
                    -0.432062029838562
                ],
                [
                    -0.10794401168823242,
                    -0.11796495318412781,
                    0.9871335029602051,
                    3.979261875152588
                ],
                [
                    -9.313225746154785e-10,
                    0.9929351210594177,
                    0.11865827441215515,
                    0.4783267378807068
                ],
                [
                    0.0,
                    0.0,
                    0.0,
                    1.0
                ]
            ]
        },
        {
            "file_path": "/data/shapenet_blender/all_50_random/02958343/abcabe3968a64d4f16abce8cb03e7794/r_38",
            "rotation": 0.12566370614359174,
            "transform_matrix": [
                [
                    -0.998935878276825,
                    -0.04550540819764137,
                    -0.007513863500207663,
                    -0.03028935194015503
                ],
                [
                    -0.04612158611416817,
                    0.9855902194976807,
                    0.16274087131023407,
                    0.656029462814331
                ],
                [
                    4.656613428188905e-10,
                    0.1629142463207245,
                    -0.986640214920044,
                    -3.977273941040039
                ],
                [
                    0.0,
                    0.0,
                    0.0,
                    1.0
                ]
            ]
        },
        {
            "file_path": "/data/shapenet_blender/all_50_random/02958343/abcabe3968a64d4f16abce8cb03e7794/r_39",
            "rotation": 0.12566370614359174,
            "transform_matrix": [
                [
                    -0.9998660683631897,
                    0.00030620855977758765,
                    -0.016373341903090477,
                    -0.06600305438041687
                ],
                [
                    -0.016376206651329994,
                    -0.018695876002311707,
                    0.9996911287307739,
                    4.029883861541748
                ],
                [
                    0.0,
                    0.999825119972229,
                    0.01869838684797287,
                    0.07537560909986496
                ],
                [
                    0.0,
                    0.0,
                    0.0,
                    1.0
                ]
            ]
        },
        {
            "file_path": "/data/shapenet_blender/all_50_random/02958343/abcabe3968a64d4f16abce8cb03e7794/r_40",
            "rotation": 0.12566370614359174,
            "transform_matrix": [
                [
                    -0.8844176530838013,
                    0.24063678085803986,
                    -0.3998742401599884,
                    -1.6119446754455566
                ],
                [
                    -0.4666963815689087,
                    -0.45602113008499146,
                    0.7577856779098511,
                    3.054731845855713
                ],
                [
                    1.4901162970204496e-08,
                    0.8568187952041626,
                    0.5156174302101135,
                    2.0785202980041504
                ],
                [
                    0.0,
                    0.0,
                    0.0,
                    1.0
                ]
            ]
        },
        {
            "file_path": "/data/shapenet_blender/all_50_random/02958343/abcabe3968a64d4f16abce8cb03e7794/r_41",
            "rotation": 0.12566370614359174,
            "transform_matrix": [
                [
                    -0.9997909069061279,
                    -0.012430383823812008,
                    0.01623597741127014,
                    0.06544932723045349
                ],
                [
                    0.020448019728064537,
                    -0.6077744364738464,
                    0.7938461899757385,
