{
    "class": "02958343",
    "model": "239783ded35d9a4e9f40394aed156c70",
    "remove_doubles": true,
    "edge_split": true,
    "denoise": true,
    "camera_angle_x": 0.6911112070083618,
    "scale_factor": 2.2164273769711706,
    "hdri_file": "/data/IndoorHDRDataset2018/9C4A3797-9570fedf1e.exr",
    "center_offset": [
        0.0,
        4.656612873077393e-10,
        3.725290298461914e-09
    ],
    "lights": [],
    "frames": [
        {
            "file_path": "/data/shapenet_blender/all_50_random/02958343/239783ded35d9a4e9f40394aed156c70/r_0",
            "rotation": 0.12566370614359174,
            "transform_matrix": [
                [
                    -0.12184110283851624,
                    -0.012703434564173222,
                    0.9924682378768921,
                    4.000767707824707
                ],
                [
                    0.9925497174263,
                    -0.0015594185097143054,
                    0.12183109670877457,
                    0.49111688137054443
                ],
                [
                    0.0,
                    0.9999181032180786,
                    0.012798788957297802,
                    0.05159357190132141
                ],
                [
                    0.0,
                    0.0,
                    0.0,
                    1.0
                ]
            ]
        },
        {
            "file_path": "/data/shapenet_blender/all_50_random/02958343/239783ded35d9a4e9f40394aed156c70/r_1",
            "rotation": 0.12566370614359174,
            "transform_matrix": [
                [
                    -0.5078316330909729,
                    0.6332008242607117,
                    -0.5840922594070435,
                    -2.354551315307617
                ],
                [
                    -0.8614563941955566,
                    -0.37327414751052856,
                    0.3443244993686676,
                    1.3880164623260498
                ],
                [
                    1.4901161193847656e-08,
                    0.6780288219451904,
                    0.7350353002548218,
                    2.963021993637085
                ],
                [
                    0.0,
                    0.0,
                    0.0,
                    1.0
                ]
            ]
        },
        {
            "file_path": "/data/shapenet_blender/all_50_random/02958343/239783ded35d9a4e9f40394aed156c70/r_2",
            "rotation": 0.12566370614359174,
            "transform_matrix": [
                [
                    -0.5634110569953918,
                    0.2249525636434555,
                    -0.7949618101119995,
                    -3.2045936584472656
                ],
                [
                    -0.8261768221855164,
                    -0.15340633690357208,
                    0.5421240329742432,
                    2.1853718757629395
                ],
                [
                    7.450581485102248e-09,
                    0.9622176289558411,
                    0.2722814083099365,
                    1.0976014137268066
                ],
                [
                    0.0,
                    0.0,
                    0.0,
                    1.0
                ]
            ]
        },
        {
            "file_path": "/data/shapenet_blender/all_50_random/02958343/239783ded35d9a4e9f40394aed156c70/r_3",
            "rotation": 0.12566370614359174,
            "transform_matrix": [
                [
                    0.9416426420211792,
                    0.059071943163871765,
                    0.33139070868492126,
                    1.335878849029541
                ],
                [
                    0.33661454916000366,
                    -0.1652473360300064,
                    -0.927029550075531,
                    -3.736975908279419
                ],
                [
                    0.0,
                    0.9844815135002136,
                    -0.17548838257789612,
                    -0.7074163556098938
                ],
                [
                    0.0,
                    0.0,
                    0.0,
                    1.0
                ]
            ]
        },
        {
            "file_path": "/data/shapenet_blender/all_50_random/02958343/239783ded35d9a4e9f40394aed156c70/r_4",
            "rotation": 0.12566370614359174,
            "transform_matrix": [
                [
                    -0.5747408866882324,
                    0.04864015430212021,
                    0.816888689994812,
                    3.2929835319519043
                ],
                [
                    0.8183354139328003,
                    0.03416140004992485,
                    0.5737247467041016,
                    2.312758445739746
                ],
                [
                    -1.8626449271863521e-09,
                    0.9982320666313171,
                    -0.059437915682792664,
                    -0.23960189521312714
                ],
                [
                    0.0,
                    0.0,
                    0.0,
                    1.0
                ]
            ]
        },
        {
            "file_path": "/data/shapenet_blender/all_50_random/02958343/239783ded35d9a4e9f40394aed156c70/r_5",
            "rotation": 0.12566370614359174,
            "transform_matrix": [
                [
                    0.6417393684387207,
                    -0.4959847033023834,
                    -0.5849527716636658,
                    -2.358020067214966
                ],
                [
                    -0.7669228315353394,
                    -0.4150260090827942,
                    -0.4894719421863556,
                    -1.9731245040893555
                ],
                [
                    -1.4901161193847656e-08,
                    0.7627270817756653,
                    -0.6467204689979553,
                    -2.607013702392578
                ],
                [
                    0.0,
                    0.0,
                    0.0,
                    1.0
                ]
            ]
        },
        {
            "file_path": "/data/shapenet_blender/all_50_random/02958343/239783ded35d9a4e9f40394aed156c70/r_6",
            "rotation": 0.12566370614359174,
            "transform_matrix": [
                [
                    -0.0900215283036232,
                    0.7081864476203918,
                    0.7002628445625305,
                    2.822849750518799
                ],
                [
                    0.9959397912025452,
                    0.06401193141937256,
                    0.06329572945833206,
                    0.25515323877334595
                ],
                [
                    0.0,
                    0.7031175494194031,
                    -0.7110735774040222,
                    -2.866429328918457
                ],
                [
                    0.0,
                    0.0,
                    0.0,
                    1.0
                ]
            ]
        },
        {
            "file_path": "/data/shapenet_blender/all_50_random/02958343/239783ded35d9a4e9f40394aed156c70/r_7",
            "rotation": 0.12566370614359174,
            "transform_matrix": [
                [
                    0.7812951803207397,
                    -0.13304655253887177,
                    0.6098166704177856,
                    2.458249568939209
                ],
                [
                    0.6241616010665894,
                    0.1665412187576294,
                    -0.7633388638496399,
                    -3.077117443084717
                ],
                [
                    -7.450580152834618e-09,
                    0.9770172834396362,
                    0.2131604105234146,
                    0.8592771291732788
                ],
                [
                    0.0,
                    0.0,
                    0.0,
                    1.0
                ]
            ]
        },
        {
            "file_path": "/data/shapenet_blender/all_50_random/02958343/239783ded35d9a4e9f40394aed156c70/r_8",
            "rotation": 0.12566370614359174,
            "transform_matrix": [
                [
                    -0.6102548241615295,
                    0.11972369998693466,
                    -0.7831061482429504,
                    -3.15680193901062
                ],
                [
                    -0.7922052145004272,
                    -0.0922260656952858,
                    0.6032456159591675,
                    2.431760787963867
                ],
                [
                    0.0,
                    0.9885143041610718,
                    0.1511271446943283,
                    0.6092129945755005
                ],
                [
                    0.0,
                    0.0,
                    0.0,
                    1.0
                ]
            ]
        },
        {
            "file_path": "/data/shapenet_blender/all_50_random/02958343/239783ded35d9a4e9f40394aed156c70/r_9",
            "rotation": 0.12566370614359174,
            "transform_matrix": [
                [
                    0.9955726861953735,
                    0.0018569830572232604,
                    -0.0939769446849823,
                    -0.37883317470550537
                ],
                [
                    -0.09399530291557312,
                    0.019668661057949066,
                    -0.995378315448761,
                    -4.012498378753662
                ],
                [
                    0.0,
                    0.9998047947883606,
                    0.019756129011511803,
                    0.0796395018696785
                ],
                [
                    0.0,
                    0.0,
                    0.0,
                    1.0
                ]
            ]
        },
        {
            "file_path": "/data/shapenet_blender/all_50_random/02958343/239783ded35d9a4e9f40394aed156c70/r_10",
            "rotation": 0.12566370614359174,
            "transform_matrix": [
                [
                    -0.765674352645874,
                    0.16231298446655273,
                    -0.6224124431610107,
                    -2.5090248584747314
                ],
                [
                    -0.6432284116744995,
                    -0.1932111531496048,
                    0.7408958673477173,
                    2.9866466522216797
                ],
                [
                    -7.450580596923828e-09,
                    0.9676383137702942,
                    0.2523411810398102,
                    1.0172197818756104
                ],
                [
                    0.0,
                    0.0,
                    0.0,
                    1.0
                ]
            ]
        },
        {
            "file_path": "/data/shapenet_blender/all_50_random/02958343/239783ded35d9a4e9f40394aed156c70/r_11",
            "rotation": 0.12566370614359174,
            "transform_matrix": [
                [
                    -0.43766775727272034,
                    0.343707412481308,
                    0.8308503031730652,
                    3.349264621734619
                ],
                [
                    0.8991368412971497,
                    0.16730451583862305,
                    0.40442830324172974,
                    1.6303026676177979
                ],
                [
                    0.0,
                    0.9240533113479614,
                    -0.38226374983787537,
                    -1.5409544706344604
                ],
                [
                    0.0,
                    0.0,
                    0.0,
                    1.0
                ]
            ]
        },
        {
            "file_path": "/data/shapenet_blender/all_50_random/02958343/239783ded35d9a4e9f40394aed156c70/r_12",
            "rotation": 0.12566370614359174,
            "transform_matrix": [
                [
                    -0.40816009044647217,
                    -0.12858815491199493,
                    -0.9038087725639343,
                    -3.6433699131011963
                ],
                [
                    -0.9129103422164917,
                    0.05749146267771721,
                    0.4040907621383667,
                    1.6289421319961548
                ],
                [
                    0.0,
                    0.9900301694869995,
                    -0.14085516333580017,
                    -0.5678054094314575
                ],
                [
                    0.0,
                    0.0,
                    0.0,
                    1.0
                ]
            ]
        },
        {
            "file_path": "/data/shapenet_blender/all_50_random/02958343/239783ded35d9a4e9f40394aed156c70/r_13",
            "rotation": 0.12566370614359174,
            "transform_matrix": [
                [
                    0.5354811549186707,
                    0.3899545669555664,
                    -0.749129593372345,
                    -3.019838333129883
                ],
                [
                    -0.8445470929145813,
                    0.24724888801574707,
                    -0.4749821722507477,
                    -1.9147144556045532
                ],
                [
                    0.0,
                    0.8870193362236023,
                    0.4617321491241455,
                    1.8613018989562988
                ],
                [
                    0.0,
                    0.0,
                    0.0,
                    1.0
                ]
            ]
        },
        {
            "file_path": "/data/shapenet_blender/all_50_random/02958343/239783ded35d9a4e9f40394aed156c70/r_14",
            "rotation": 0.12566370614359174,
            "transform_matrix": [
                [
                    0.6287410259246826,
                    -0.010361756198108196,
                    0.7775457501411438,
                    3.134387254714966
                ],
                [
                    0.7776148915290833,
                    0.008378004655241966,
                    -0.6286851167678833,
                    -2.534310817718506
                ],
                [
                    0.0,
                    0.9999112486839294,
                    0.013325048610568047,
                    0.05371499061584473
                ],
                [
                    0.0,
                    0.0,
                    0.0,
                    1.0
                ]
            ]
        },
        {
            "file_path": "/data/shapenet_blender/all_50_random/02958343/239783ded35d9a4e9f40394aed156c70/r_15",
            "rotation": 0.12566370614359174,
            "transform_matrix": [
                [
                    0.13636554777622223,
                    0.22138306498527527,
                    0.9656053781509399,
                    3.8924801349639893
                ],
                [
                    0.9906585812568665,
                    -0.03047369234263897,
                    -0.13291694223880768,
                    -0.5358054041862488
                ],
                [
                    0.0,
                    0.9747106432914734,
                    -0.2234705686569214,
                    -0.9008387327194214
                ],
                [
                    0.0,
                    0.0,
                    0.0,
                    1.0
                ]
            ]
        },
        {
            "file_path": "/data/shapenet_blender/all_50_random/02958343/239783ded35d9a4e9f40394aed156c70/r_16",
            "rotation": 0.12566370614359174,
            "transform_matrix": [
                [
                    0.2260233610868454,
                    -0.3137529492378235,
                    0.9222105741500854,
                    3.717550039291382
                ],
                [
                    0.9741219282150269,
                    0.07279939949512482,
                    -0.21397848427295685,
                    -0.8625749349594116
                ],
                [
                    7.450581485102248e-09,
                    0.9467096328735352,
                    0.32208797335624695,
                    1.2983782291412354
                ],
                [
                    0.0,
                    0.0,
                    0.0,
                    1.0
                ]
            ]
        },
        {
            "file_path": "/data/shapenet_blender/all_50_random/02958343/239783ded35d9a4e9f40394aed156c70/r_17",
            "rotation": 0.12566370614359174,
            "transform_matrix": [
                [
                    -0.2943396270275116,
                    -0.22751463949680328,
                    -0.9282246828079224,
                    -3.741793632507324
                ],
                [
                    -0.9557007551193237,
                    0.07007064670324326,
                    0.2858774662017822,
                    1.1524090766906738
                ],
                [
                    0.0,
                    0.9712502956390381,
                    -0.23806048929691315,
                    -0.9596526026725769
                ],
                [
                    0.0,
                    0.0,
                    0.0,
                    1.0
                ]
            ]
        },
        {
            "file_path": "/data/shapenet_blender/all_50_random/02958343/239783ded35d9a4e9f40394aed156c70/r_18",
            "rotation": 0.12566370614359174,
            "transform_matrix": [
                [
                    0.9762676954269409,
                    -0.1168508306145668,
                    -0.18233856558799744,
                    -0.7350302934646606
                ],
                [
                    -0.2165674865245819,
                    -0.5267535448074341,
                    -0.8219666481018066,
                    -3.313453435897827
                ],
                [
                    -7.450580596923828e-09,
                    0.8419479727745056,
                    -0.5395585894584656,
                    -2.17503023147583
                ],
                [
                    0.0,
                    0.0,
                    0.0,
                    1.0
                ]
            ]
        },
        {
            "file_path": "/data/shapenet_blender/all_50_random/02958343/239783ded35d9a4e9f40394aed156c70/r_19",
            "rotation": 0.12566370614359174,
            "transform_matrix": [
                [
                    0.8698459267616272,
                    -0.2545928359031677,
                    0.4225521981716156,
                    1.7033624649047852
                ],
                [
                    0.49332326650619507,
                    0.4489075541496277,
                    -0.7450597286224365,
                    -3.003432035446167
                ],
                [
                    1.4901158529312397e-08,
                    0.85654217004776,
                    0.5160769820213318,
                    2.0803730487823486
                ],
                [
                    0.0,
                    0.0,
                    0.0,
                    1.0
                ]
            ]
        },
        {
            "file_path": "/data/shapenet_blender/all_50_random/02958343/239783ded35d9a4e9f40394aed156c70/r_20",
            "rotation": 0.12566370614359174,
            "transform_matrix": [
                [
                    0.5485976934432983,
                    0.26164621114730835,
                    0.7940917015075684,
                    3.2010862827301025
                ],
                [
                    0.8360864520072937,
                    -0.1716790497303009,
                    -0.5210428833961487,
                    -2.100391387939453
                ],
                [
                    1.4901161193847656e-08,
                    0.9497723579406738,
                    -0.3129415512084961,
                    -1.2615078687667847
                ],
                [
                    0.0,
                    0.0,
                    0.0,
                    1.0
                ]
            ]
        },
        {
            "file_path": "/data/shapenet_blender/all_50_random/02958343/239783ded35d9a4e9f40394aed156c70/r_21",
            "rotation": 0.12566370614359174,
            "transform_matrix": [
                [
                    0.514792799949646,
                    0.25801795721054077,
                    0.8175665140151978,
                    3.2957162857055664
                ],
                [
                    0.8573146462440491,
                    -0.15493236482143402,
                    -0.49092522263526917,
                    -1.9789830446243286
                ],
                [
                    -1.4901161193847656e-08,
                    0.9536364674568176,
                    -0.3009606599807739,
                    -1.2132112979888916
                ],
                [
                    0.0,
                    0.0,
                    0.0,
                    1.0
                ]
            ]
        },
        {
            "file_path": "/data/shapenet_blender/all_50_random/02958343/239783ded35d9a4e9f40394aed156c70/r_22",
            "rotation": 0.12566370614359174,
            "transform_matrix": [
                [
                    0.4491892158985138,
                    0.11578506231307983,
                    -0.8859022855758667,
                    -3.5711863040924072
                ],
                [
                    -0.8934366703033447,
                    0.05821274593472481,
                    -0.4454011917114258,
                    -1.7954696416854858
                ],
                [
                    0.0,
                    0.9915669560432434,
                    0.12959516048431396,
                    0.5224148035049438
                ],
                [
                    0.0,
                    0.0,
                    0.0,
                    1.0
                ]
            ]
        },
        {
            "file_path": "/data/shapenet_blender/all_50_random/02958343/239783ded35d9a4e9f40394aed156c70/r_23",
            "rotation": 0.12566370614359174,
            "transform_matrix": [
                [
                    -0.25095483660697937,
                    -0.24012961983680725,
                    -0.9377416372299194,
                    -3.7801575660705566
                ],
                [
                    -0.9679988622665405,
                    0.062253884971141815,
                    0.24311062693595886,
                    0.9800102710723877
                ],
                [
                    -3.725290742551124e-09,
                    0.9687424898147583,
                    -0.24806810915470123,
                    -0.9999945163726807
                ],
                [
                    0.0,
                    0.0,
                    0.0,
                    1.0
                ]
            ]
        },
        {
            "file_path": "/data/shapenet_blender/all_50_random/02958343/239783ded35d9a4e9f40394aed156c70/r_24",
            "rotation": 0.12566370614359174,
            "transform_matrix": [
                [
                    -0.9900227189064026,
                    0.07249658554792404,
                    -0.12082748860120773,
                    -0.48707115650177
                ],
                [
                    -0.1409078985452652,
                    -0.5093629360198975,
                    0.8489371538162231,
                    3.4221749305725098
                ],
                [
                    0.0,
                    0.8574925065040588,
                    0.5144962668418884,
                    2.074000835418701
                ],
                [
                    0.0,
                    0.0,
                    0.0,
                    1.0
                ]
            ]
        },
        {
            "file_path": "/data/shapenet_blender/all_50_random/02958343/239783ded35d9a4e9f40394aed156c70/r_25",
            "rotation": 0.12566370614359174,
            "transform_matrix": [
                [
                    0.9616406559944153,
                    0.1057807132601738,
                    -0.253096342086792,
                    -1.0202641487121582
                ],
                [
                    -0.27431249618530273,
                    0.3708290457725525,
                    -0.8872644901275635,
                    -3.5766780376434326
                ],
                [
                    0.0,
                    0.9226572513580322,
                    0.38562116026878357,
                    1.5544888973236084
                ],
                [
                    0.0,
                    0.0,
                    0.0,
                    1.0
                ]
            ]
        },
        {
            "file_path": "/data/shapenet_blender/all_50_random/02958343/239783ded35d9a4e9f40394aed156c70/r_26",
            "rotation": 0.12566370614359174,
            "transform_matrix": [
                [
                    0.13177648186683655,
                    -0.3306039869785309,
                    0.934524416923523,
                    3.767188549041748
                ],
                [
                    0.9912794828414917,
                    0.04394908994436264,
                    -0.12423170357942581,
                    -0.5007940530776978
                ],
                [
                    0.0,
                    0.9427456259727478,
                    0.33351242542266846,
                    1.344431757926941
                ],
                [
                    0.0,
                    0.0,
                    0.0,
                    1.0
                ]
            ]
        },
        {
            "file_path": "/data/shapenet_blender/all_50_random/02958343/239783ded35d9a4e9f40394aed156c70/r_27",
            "rotation": 0.12566370614359174,
            "transform_matrix": [
                [
                    -0.999946117401123,
                    -0.00016802933532744646,
                    -0.010380687192082405,
                    -0.041845887899398804
                ],
                [
                    -0.010382047854363918,
                    0.016183730214834213,
                    0.9998151063919067,
                    4.030383586883545
                ],
                [
                    -1.4551916963090328e-11,
                    0.9998689293861389,
                    -0.016184605658054352,
                    -0.0652422308921814
                ],
                [
                    0.0,
                    0.0,
                    0.0,
                    1.0
                ]
            ]
        },
        {
            "file_path": "/data/shapenet_blender/all_50_random/02958343/239783ded35d9a4e9f40394aed156c70/r_28",
            "rotation": 0.12566370614359174,
            "transform_matrix": [
                [
                    0.9162367582321167,
                    0.15796740353107452,
                    0.36817994713783264,
                    1.4841809272766113
                ],
                [
                    0.40063726902008057,
                    -0.36126333475112915,
                    -0.8420085906982422,
                    -3.3942453861236572
                ],
                [
                    0.0,
                    0.9189859628677368,
                    -0.39429032802581787,
                    -1.5894352197647095
                ],
                [
                    0.0,
                    0.0,
                    0.0,
                    1.0
                ]
            ]
        },
        {
            "file_path": "/data/shapenet_blender/all_50_random/02958343/239783ded35d9a4e9f40394aed156c70/r_29",
            "rotation": 0.12566370614359174,
            "transform_matrix": [
                [
                    0.11912897974252701,
                    -0.1950179934501648,
                    0.9735380411148071,
                    3.92445707321167
                ],
                [
                    0.992878794670105,
                    0.023398922756314278,
                    -0.11680840700864792,
                    -0.4708697199821472
                ],
                [
                    0.0,
                    0.980520486831665,
                    0.1964167356491089,
                    0.7917811274528503
                ],
                [
                    0.0,
                    0.0,
                    0.0,
                    1.0
                ]
            ]
        },
        {
            "file_path": "/data/shapenet_blender/all_50_random/02958343/239783ded35d9a4e9f40394aed156c70/r_30",
            "rotation": 0.12566370614359174,
            "transform_matrix": [
                [
                    0.8896114230155945,
                    0.06029079854488373,
                    -0.45272114872932434,
                    -1.8249773979187012
                ],
                [
                    -0.4567180871963501,
                    0.11743652820587158,
                    -0.8818260431289673,
                    -3.5547547340393066
                ],
                [
                    3.7252898543727042e-09,
                    0.9912485480308533,
                    0.13200877606868744,
                    0.5321444869041443
                ],
                [
                    0.0,
                    0.0,
                    0.0,
                    1.0
                ]
            ]
        },
        {
            "file_path": "/data/shapenet_blender/all_50_random/02958343/239783ded35d9a4e9f40394aed156c70/r_31",
            "rotation": 0.12566370614359174,
            "transform_matrix": [
                [
                    0.9392772316932678,
                    0.20856069028377533,
                    -0.2725081145763397,
                    -1.0985153913497925
                ],
                [
                    -0.34315919876098633,
                    0.5708613395690918,
                    -0.7458948493003845,
                    -3.006798267364502
                ],
                [
                    1.4901158529312397e-08,
                    0.7941157817840576,
                    0.6077665090560913,
                    2.4499850273132324
                ],
                [
                    0.0,
                    0.0,
                    0.0,
                    1.0
                ]
            ]
        },
        {
            "file_path": "/data/shapenet_blender/all_50_random/02958343/239783ded35d9a4e9f40394aed156c70/r_32",
            "rotation": 0.12566370614359174,
            "transform_matrix": [
                [
                    0.9871739745140076,
                    -0.1137765422463417,
                    -0.11199291795492172,
                    -0.4514578878879547
                ],
                [
                    -0.1596480906009674,
                    -0.7035301327705383,
                    -0.6925011873245239,
                    -2.7915616035461426
                ],
                [
                    0.0,
                    0.7014986276626587,
                    -0.7126708626747131,
                    -2.872868061065674
                ],
                [
                    0.0,
                    0.0,
                    0.0,
                    1.0
                ]
            ]
        },
        {
            "file_path": "/data/shapenet_blender/all_50_random/02958343/239783ded35d9a4e9f40394aed156c70/r_33",
            "rotation": 0.12566370614359174,
            "transform_matrix": [
                [
                    0.5784177184104919,
                    0.1702270358800888,
                    -0.7977816462516785,
                    -3.21596097946167
                ],
                [
                    -0.8157408237457275,
                    0.12070296704769135,
                    -0.5656834244728088,
                    -2.2803430557250977
                ],
                [
                    0.0,
                    0.9779844284057617,
                    0.20867782831192017,
                    0.8412072658538818
                ],
                [
                    0.0,
                    0.0,
                    0.0,
                    1.0
                ]
            ]
        },
        {
            "file_path": "/data/shapenet_blender/all_50_random/02958343/239783ded35d9a4e9f40394aed156c70/r_34",
            "rotation": 0.12566370614359174,
            "transform_matrix": [
                [
                    0.023949654772877693,
                    -0.052564386278390884,
                    -0.9983303546905518,
                    -4.024397850036621
                ],
                [
                    -0.999713122844696,
                    -0.0012592602288350463,
                    -0.02391652949154377,
                    -0.0964106023311615
                ],
                [
                    -1.164153010102531e-10,
                    0.9986168146133423,
                    -0.05257946997880936,
                    -0.21195459365844727
                ],
                [
                    0.0,
                    0.0,
                    0.0,
                    1.0
                ]
            ]
        },
        {
            "file_path": "/data/shapenet_blender/all_50_random/02958343/239783ded35d9a4e9f40394aed156c70/r_35",
            "rotation": 0.12566370614359174,
            "transform_matrix": [
                [
                    -0.0558587908744812,
                    0.6000635623931885,
                    0.7979996204376221,
                    3.216839551925659
                ],
                [
                    0.9984387159347534,
                    0.033571239560842514,
                    0.04464499652385712,
                    0.17996975779533386
                ],
                [
                    -1.862645149230957e-09,
                    0.7992475032806396,
                    -0.6010019183158875,
                    -2.4227163791656494
                ],
                [
                    0.0,
                    0.0,
                    0.0,
                    1.0
                ]
            ]
        },
        {
            "file_path": "/data/shapenet_blender/all_50_random/02958343/239783ded35d9a4e9f40394aed156c70/r_36",
            "rotation": 0.12566370614359174,
            "transform_matrix": [
                [
                    0.02847479097545147,
                    -0.5345791578292847,
                    0.8446385860443115,
                    3.404846668243408
                ],
                [
                    0.9995945692062378,
                    0.015228205360472202,
                    -0.02406066283583641,
                    -0.09699162095785141
                ],
                [
                    0.0,
                    0.8449810743331909,
                    0.5347961187362671,
                    2.155831813812256
                ],
                [
                    0.0,
                    0.0,
                    0.0,
                    1.0
                ]
            ]
        },
        {
            "file_path": "/data/shapenet_blender/all_50_random/02958343/239783ded35d9a4e9f40394aed156c70/r_37",
            "rotation": 0.12566370614359174,
            "transform_matrix": [
                [
                    0.285607248544693,
                    0.5931472778320312,
                    -0.752731442451477,
                    -3.034357786178589
                ],
                [
                    -0.9583467841148376,
                    0.17677022516727448,
                    -0.2243296355009079,
                    -0.9043017625808716
                ],
                [
                    0.0,
                    0.7854480147361755,
                    0.6189275979995728,
                    2.4949772357940674
                ],
                [
                    0.0,
                    0.0,
                    0.0,
                    1.0
                ]
            ]
        },
        {
            "file_path": "/data/shapenet_blender/all_50_random/02958343/239783ded35d9a4e9f40394aed156c70/r_38",
            "rotation": 0.12566370614359174,
            "transform_matrix": [
                [
                    0.27672237157821655,
                    -0.9333505034446716,
                    -0.22865135967731476,
                    -0.9217230081558228
                ],
                [
                    -0.9609498381614685,
                    -0.2687746584415436,
                    -0.06584417819976807,
                    -0.2654263377189636
                ],
                [
                    3.725290076417309e-09,
                    0.23794281482696533,
                    -0.9712792038917542,
                    -3.915351152420044
                ],
                [
                    0.0,
                    0.0,
                    0.0,
                    1.0
                ]
            ]
        },
        {
            "file_path": "/data/shapenet_blender/all_50_random/02958343/239783ded35d9a4e9f40394aed156c70/r_39",
            "rotation": 0.12566370614359174,
            "transform_matrix": [
                [
                    -0.0750776082277298,
                    -0.9555421471595764,
                    0.28513604402542114,
                    1.149420142173767
                ],
                [
                    0.9971777200698853,
                    -0.07194285839796066,
                    0.021467920392751694,
                    0.08653995394706726
                ],
                [
                    0.0,
                    0.2859431207180023,
                    0.9582465887069702,
                    3.8628156185150146
                ],
                [
                    0.0,
                    0.0,
                    0.0,
                    1.0
                ]
            ]
        },
        {
            "file_path": "/data/shapenet_blender/all_50_random/02958343/239783ded35d9a4e9f40394aed156c70/r_40",
            "rotation": 0.12566370614359174,
            "transform_matrix": [
                [
                    -0.5182317495346069,
                    -0.724864661693573,
                    -0.45388010144233704,
                    -1.8296493291854858
                ],
                [
                    -0.8552402257919312,
                    0.4392308294773102,
                    0.2750280797481537,
                    1.1086738109588623
                ],
                [
                    0.0,
                    0.5307047963142395,
                    -0.8475565910339355,
                    -3.4166102409362793
                ],
                [
                    0.0,
                    0.0,
                    0.0,
                    1.0
                ]
            ]
        },
        {
            "file_path": "/data/shapenet_blender/all_50_random/02958343/239783ded35d9a4e9f40394aed156c70/r_41",
            "rotation": 0.12566370614359174,
            "transform_matrix": [
                [
                    -0.41422367095947266,
                    -0.10406749695539474,
                    -0.9042060971260071,
                    -3.6449713706970215
                ],
                [
                    -0.9101752042770386,
                    0.047361455857753754,
                    0.41150712966918945,
                    1.6588382720947266
                ],
                [
