{
    "class": "02958343",
    "model": "bf0e8d944ba4843e94e7e8e27399daf7",
    "remove_doubles": true,
    "edge_split": true,
    "denoise": true,
    "camera_angle_x": 0.6911112070083618,
    "scale_factor": 2.221745840421455,
    "hdri_file": "/data/IndoorHDRDataset2018/AG8A4190-256e16c3a9.exr",
    "center_offset": [
        0.0,
        -1.1641532182693481e-09,
        -3.725290298461914e-09
    ],
    "lights": [],
    "frames": [
        {
            "file_path": "/data/shapenet_blender/all_50_random/02958343/bf0e8d944ba4843e94e7e8e27399daf7/r_0",
            "rotation": 0.12566370614359174,
            "transform_matrix": [
                [
                    -0.9668963551521301,
                    0.07526536285877228,
                    0.2438165843486786,
                    0.9828560948371887
                ],
                [
                    0.2551693320274353,
                    0.28519806265830994,
                    0.9238780736923218,
                    3.724271535873413
                ],
                [
                    0.0,
                    0.9555088877677917,
                    -0.2949623763561249,
                    -1.1890313625335693
                ],
                [
                    0.0,
                    0.0,
                    0.0,
                    1.0
                ]
            ]
        },
        {
            "file_path": "/data/shapenet_blender/all_50_random/02958343/bf0e8d944ba4843e94e7e8e27399daf7/r_1",
            "rotation": 0.12566370614359174,
            "transform_matrix": [
                [
                    -0.9005638360977173,
                    -0.23438891768455505,
                    -0.3661237359046936,
                    -1.4758919477462769
                ],
                [
                    -0.43472376465797424,
                    0.4855547845363617,
                    0.7584536075592041,
                    3.057424306869507
                ],
                [
                    1.4901160305669237e-08,
                    0.8421986103057861,
                    -0.5391674637794495,
                    -2.1734535694122314
                ],
                [
                    0.0,
                    0.0,
                    0.0,
                    1.0
                ]
            ]
        },
        {
            "file_path": "/data/shapenet_blender/all_50_random/02958343/bf0e8d944ba4843e94e7e8e27399daf7/r_2",
            "rotation": 0.12566370614359174,
            "transform_matrix": [
                [
                    0.9997317790985107,
                    -0.023082945495843887,
                    0.0019028220558539033,
                    0.0076705217361450195
                ],
                [
                    0.02316124364733696,
                    0.9963520169258118,
                    -0.08213339745998383,
                    -0.3310903310775757
                ],
                [
                    2.3283067140944524e-10,
                    0.08215536177158356,
                    0.996619462966919,
                    4.0175018310546875
                ],
                [
                    0.0,
                    0.0,
                    0.0,
                    1.0
                ]
            ]
        },
        {
            "file_path": "/data/shapenet_blender/all_50_random/02958343/bf0e8d944ba4843e94e7e8e27399daf7/r_3",
            "rotation": 0.12566370614359174,
            "transform_matrix": [
                [
                    0.8917743563652039,
                    0.01861676573753357,
                    0.4520973265171051,
                    1.822462558746338
                ],
                [
                    0.4524804949760437,
                    -0.03669098764657974,
                    -0.8910192251205444,
                    -3.591813087463379
                ],
                [
                    0.0,
                    0.9991533160209656,
                    -0.04114380106329918,
                    -0.16585595905780792
                ],
                [
                    0.0,
                    0.0,
                    0.0,
                    1.0
                ]
            ]
        },
        {
            "file_path": "/data/shapenet_blender/all_50_random/02958343/bf0e8d944ba4843e94e7e8e27399daf7/r_4",
            "rotation": 0.12566370614359174,
            "transform_matrix": [
                [
                    0.14141970872879028,
                    -0.9387078881263733,
                    -0.31436917185783386,
                    -1.2672626972198486
                ],
                [
                    -0.9899497032165527,
                    -0.13409952819347382,
                    -0.04490934684872627,
                    -0.1810353696346283
                ],
                [
                    -3.725290298461914e-09,
                    0.317560613155365,
                    -0.9482378959655762,
                    -3.8224692344665527
                ],
                [
                    0.0,
                    0.0,
                    0.0,
                    1.0
                ]
            ]
        },
        {
            "file_path": "/data/shapenet_blender/all_50_random/02958343/bf0e8d944ba4843e94e7e8e27399daf7/r_5",
            "rotation": 0.12566370614359174,
            "transform_matrix": [
                [
                    -0.9902840852737427,
                    -0.003938430920243263,
                    -0.13900348544120789,
                    -0.5603410005569458
                ],
                [
                    -0.13905927538871765,
                    0.028046786785125732,
                    0.9898867607116699,
                    3.990361213684082
                ],
                [
                    4.656613428188905e-10,
                    0.9995988011360168,
                    -0.02832196094095707,
                    -0.11416947841644287
                ],
                [
                    0.0,
                    0.0,
                    0.0,
                    1.0
                ]
            ]
        },
        {
            "file_path": "/data/shapenet_blender/all_50_random/02958343/bf0e8d944ba4843e94e7e8e27399daf7/r_6",
            "rotation": 0.12566370614359174,
            "transform_matrix": [
                [
                    -0.36405149102211,
                    0.4666846692562103,
                    -0.8060222268104553,
                    -3.2491796016693115
                ],
                [
                    -0.9313788414001465,
                    -0.18241477012634277,
                    0.31505289673805237,
                    1.2700188159942627
                ],
                [
                    0.0,
                    0.8654075264930725,
                    0.5010685920715332,
                    2.0198721885681152
                ],
                [
                    0.0,
                    0.0,
                    0.0,
                    1.0
                ]
            ]
        },
        {
            "file_path": "/data/shapenet_blender/all_50_random/02958343/bf0e8d944ba4843e94e7e8e27399daf7/r_7",
            "rotation": 0.12566370614359174,
            "transform_matrix": [
                [
                    -0.8849920034408569,
                    -0.11025814712047577,
                    -0.4523630440235138,
                    -1.8235337734222412
                ],
                [
                    -0.4656062722206116,
                    0.2095710039138794,
                    0.8598201870918274,
                    3.466046094894409
                ],
                [
                    0.0,
                    0.9715570211410522,
                    -0.23680555820465088,
                    -0.9545937180519104
                ],
                [
                    0.0,
                    0.0,
                    0.0,
                    1.0
                ]
            ]
        },
        {
            "file_path": "/data/shapenet_blender/all_50_random/02958343/bf0e8d944ba4843e94e7e8e27399daf7/r_8",
            "rotation": 0.12566370614359174,
            "transform_matrix": [
                [
                    -0.40621593594551086,
                    -0.2731858491897583,
                    0.8719851970672607,
                    3.515084743499756
                ],
                [
                    0.9137771725654602,
                    -0.12144365161657333,
                    0.3876374363899231,
                    1.5626164674758911
                ],
                [
                    0.0,
                    0.9542645215988159,
                    0.298963338136673,
                    1.2051597833633423
                ],
                [
                    0.0,
                    0.0,
                    0.0,
                    1.0
                ]
            ]
        },
        {
            "file_path": "/data/shapenet_blender/all_50_random/02958343/bf0e8d944ba4843e94e7e8e27399daf7/r_9",
            "rotation": 0.12566370614359174,
            "transform_matrix": [
                [
                    -0.9186191558837891,
                    0.2658142149448395,
                    0.2923727035522461,
                    1.1785920858383179
                ],
                [
                    0.39514434337615967,
                    0.6179565191268921,
                    0.6796989440917969,
                    2.7399539947509766
                ],
                [
                    2.980232594040899e-08,
                    0.739913821220398,
                    -0.6727016568183899,
                    -2.711747169494629
                ],
                [
                    0.0,
                    0.0,
                    0.0,
                    1.0
                ]
            ]
        },
        {
            "file_path": "/data/shapenet_blender/all_50_random/02958343/bf0e8d944ba4843e94e7e8e27399daf7/r_10",
            "rotation": 0.12566370614359174,
            "transform_matrix": [
                [
                    -0.6979297399520874,
                    0.6510835886001587,
                    -0.29830193519592285,
                    -1.202493667602539
                ],
                [
                    -0.7161661982536316,
                    -0.6345044374465942,
                    0.29070600867271423,
                    1.1718735694885254
                ],
                [
                    1.4901161193847656e-08,
                    0.41652607917785645,
                    0.9091236591339111,
                    3.664794921875
                ],
                [
                    0.0,
                    0.0,
                    0.0,
                    1.0
                ]
            ]
        },
        {
            "file_path": "/data/shapenet_blender/all_50_random/02958343/bf0e8d944ba4843e94e7e8e27399daf7/r_11",
            "rotation": 0.12566370614359174,
            "transform_matrix": [
                [
                    -0.9609037041664124,
                    -0.1892469972372055,
                    -0.2021133005619049,
                    -0.8147448301315308
                ],
                [
                    -0.276883065700531,
                    0.6567687392234802,
                    0.7014203667640686,
                    2.8275160789489746
                ],
                [
                    0.0,
                    0.7299591302871704,
                    -0.6834906935691833,
                    -2.755239248275757
                ],
                [
                    0.0,
                    0.0,
                    0.0,
                    1.0
                ]
            ]
        },
        {
            "file_path": "/data/shapenet_blender/all_50_random/02958343/bf0e8d944ba4843e94e7e8e27399daf7/r_12",
            "rotation": 0.12566370614359174,
            "transform_matrix": [
                [
                    0.8426752686500549,
                    -0.001936635235324502,
                    -0.5384186506271362,
                    -2.1704351902008057
                ],
                [
                    -0.5384222269058228,
                    -0.0030309937428683043,
                    -0.842669665813446,
                    -3.3969104290008545
                ],
                [
                    1.1641532182693481e-10,
                    0.9999935626983643,
                    -0.0035968702286481857,
                    -0.014499448239803314
                ],
                [
                    0.0,
                    0.0,
                    0.0,
                    1.0
                ]
            ]
        },
        {
            "file_path": "/data/shapenet_blender/all_50_random/02958343/bf0e8d944ba4843e94e7e8e27399daf7/r_13",
            "rotation": 0.12566370614359174,
            "transform_matrix": [
                [
                    0.049561697989702225,
                    -0.06214124336838722,
                    -0.9968360662460327,
                    -4.018374443054199
                ],
                [
                    -0.998771071434021,
                    -0.0030836155638098717,
                    -0.04946568235754967,
                    -0.19940254092216492
                ],
                [
                    -2.328306020205062e-10,
                    0.9980626106262207,
                    -0.06221770495176315,
                    -0.25080758333206177
                ],
                [
                    0.0,
                    0.0,
                    0.0,
                    1.0
                ]
            ]
        },
        {
            "file_path": "/data/shapenet_blender/all_50_random/02958343/bf0e8d944ba4843e94e7e8e27399daf7/r_14",
            "rotation": 0.12566370614359174,
            "transform_matrix": [
                [
                    -0.9771134853363037,
                    0.0272506233304739,
                    -0.2109658420085907,
                    -0.8504305481910706
                ],
                [
                    -0.21271856129169464,
                    -0.12517455220222473,
                    0.9690624475479126,
                    3.9064159393310547
                ],
                [
                    0.0,
                    0.9917604923248291,
                    0.12810644507408142,
                    0.5164136290550232
                ],
                [
                    0.0,
                    0.0,
                    0.0,
                    1.0
                ]
            ]
        },
        {
            "file_path": "/data/shapenet_blender/all_50_random/02958343/bf0e8d944ba4843e94e7e8e27399daf7/r_15",
            "rotation": 0.12566370614359174,
            "transform_matrix": [
                [
                    -0.25464603304862976,
                    0.6532986164093018,
                    0.7129911780357361,
                    2.874159336090088
                ],
                [
                    0.9670343399047852,
                    0.17203103005886078,
                    0.18774966895580292,
                    0.7568431496620178
                ],
                [
                    -7.4505797087454084e-09,
                    0.7372966408729553,
                    -0.6755691766738892,
                    -2.72330641746521
                ],
                [
                    0.0,
                    0.0,
                    0.0,
                    1.0
                ]
            ]
        },
        {
            "file_path": "/data/shapenet_blender/all_50_random/02958343/bf0e8d944ba4843e94e7e8e27399daf7/r_16",
            "rotation": 0.12566370614359174,
            "transform_matrix": [
                [
                    -0.9360442161560059,
                    -0.3288429379463196,
                    0.12523400783538818,
                    0.5048344731330872
                ],
                [
                    0.3518824577331543,
                    -0.8747566938400269,
                    0.33313560485839844,
                    1.3429126739501953
                ],
                [
                    -7.450581485102248e-09,
                    0.35589727759361267,
                    0.9345249533653259,
                    3.767190933227539
                ],
                [
                    0.0,
                    0.0,
                    0.0,
                    1.0
                ]
            ]
        },
        {
            "file_path": "/data/shapenet_blender/all_50_random/02958343/bf0e8d944ba4843e94e7e8e27399daf7/r_17",
            "rotation": 0.12566370614359174,
            "transform_matrix": [
                [
                    -0.7111710906028748,
                    0.3043404519557953,
                    0.6337289810180664,
                    2.554643392562866
                ],
                [
                    0.7030189037322998,
                    0.307869553565979,
                    0.6410776972770691,
                    2.5842671394348145
                ],
                [
                    1.4901161193847656e-08,
                    0.9014394283294678,
                    -0.43290504813194275,
                    -1.745096206665039
                ],
                [
                    0.0,
                    0.0,
                    0.0,
                    1.0
                ]
            ]
        },
        {
            "file_path": "/data/shapenet_blender/all_50_random/02958343/bf0e8d944ba4843e94e7e8e27399daf7/r_18",
            "rotation": 0.12566370614359174,
            "transform_matrix": [
                [
                    -0.9090543389320374,
                    -0.09592537581920624,
                    -0.4054855704307556,
                    -1.6345646381378174
                ],
                [
                    -0.4166776239871979,
                    0.20927779376506805,
                    0.8846369385719299,
                    3.5660855770111084
                ],
                [
                    -7.450580596923828e-09,
                    0.9731398224830627,
                    -0.23021484911441803,
                    -0.9280257225036621
                ],
                [
                    0.0,
                    0.0,
                    0.0,
                    1.0
                ]
            ]
        },
        {
            "file_path": "/data/shapenet_blender/all_50_random/02958343/bf0e8d944ba4843e94e7e8e27399daf7/r_19",
            "rotation": 0.12566370614359174,
            "transform_matrix": [
                [
                    0.8348379135131836,
                    0.2871517539024353,
                    0.4696696400642395,
                    1.893298625946045
                ],
                [
                    0.5504958033561707,
                    -0.4354713559150696,
                    -0.7122633457183838,
                    -2.871225118637085
                ],
                [
                    0.0,
                    0.8531755805015564,
                    -0.5216239094734192,
                    -2.1027328968048096
                ],
                [
                    0.0,
                    0.0,
                    0.0,
                    1.0
                ]
            ]
        },
        {
            "file_path": "/data/shapenet_blender/all_50_random/02958343/bf0e8d944ba4843e94e7e8e27399daf7/r_20",
            "rotation": 0.12566370614359174,
            "transform_matrix": [
                [
                    0.6870866417884827,
                    0.0020393577869981527,
                    0.7265726327896118,
                    2.928907871246338
                ],
                [
                    0.726575493812561,
                    -0.0019285202724859118,
                    -0.687083899974823,
                    -2.769723892211914
                ],
                [
                    2.3283064365386963e-10,
                    0.9999960660934448,
                    -0.002806807868182659,
                    -0.011314604431390762
                ],
                [
                    0.0,
                    0.0,
                    0.0,
                    1.0
                ]
            ]
        },
        {
            "file_path": "/data/shapenet_blender/all_50_random/02958343/bf0e8d944ba4843e94e7e8e27399daf7/r_21",
            "rotation": 0.12566370614359174,
            "transform_matrix": [
                [
                    0.5322790741920471,
                    -0.03869279846549034,
                    -0.8456843495368958,
                    -3.409062147140503
                ],
                [
                    -0.8465689420700073,
                    -0.024328041821718216,
                    -0.5317228436470032,
                    -2.1434431076049805
                ],
                [
                    1.8626449271863521e-09,
                    0.9989549517631531,
                    -0.045705437660217285,
                    -0.18424448370933533
                ],
                [
                    0.0,
                    0.0,
                    0.0,
                    1.0
                ]
            ]
        },
        {
            "file_path": "/data/shapenet_blender/all_50_random/02958343/bf0e8d944ba4843e94e7e8e27399daf7/r_22",
            "rotation": 0.12566370614359174,
            "transform_matrix": [
                [
                    0.999090850353241,
                    0.011035943403840065,
                    0.041179049760103226,
                    0.16599805653095245
                ],
                [
                    0.042632218450307846,
                    -0.25862857699394226,
                    -0.965035617351532,
                    -3.8901829719543457
                ],
                [
                    0.0,
                    0.9659137725830078,
                    -0.2588638961315155,
                    -1.0435137748718262
                ],
                [
                    0.0,
                    0.0,
                    0.0,
                    1.0
                ]
            ]
        },
        {
            "file_path": "/data/shapenet_blender/all_50_random/02958343/bf0e8d944ba4843e94e7e8e27399daf7/r_23",
            "rotation": 0.12566370614359174,
            "transform_matrix": [
                [
                    0.1509055495262146,
                    -0.20388489961624146,
                    -0.9672943353652954,
                    -3.8992884159088135
                ],
                [
                    -0.9885482788085938,
                    -0.031123781576752663,
                    -0.14766104519367218,
                    -0.5952407717704773
                ],
                [
                    1.862645371275562e-09,
                    0.9785000085830688,
                    -0.2062467783689499,
                    -0.8314074277877808
                ],
                [
                    0.0,
                    0.0,
                    0.0,
                    1.0
                ]
            ]
        },
        {
            "file_path": "/data/shapenet_blender/all_50_random/02958343/bf0e8d944ba4843e94e7e8e27399daf7/r_24",
            "rotation": 0.12566370614359174,
            "transform_matrix": [
                [
                    -0.5058567523956299,
                    -0.23391929268836975,
                    0.8302955031394958,
                    3.3470282554626465
                ],
                [
                    0.8626173734664917,
                    -0.13717514276504517,
                    0.4869025647640228,
                    1.9627670049667358
                ],
                [
                    7.450580152834618e-09,
                    0.962530255317688,
                    0.2711738646030426,
                    1.0931367874145508
                ],
                [
                    0.0,
                    0.0,
                    0.0,
                    1.0
                ]
            ]
        },
        {
            "file_path": "/data/shapenet_blender/all_50_random/02958343/bf0e8d944ba4843e94e7e8e27399daf7/r_25",
            "rotation": 0.12566370614359174,
            "transform_matrix": [
                [
                    -0.9989744424819946,
                    0.007949366234242916,
                    0.04457562044262886,
                    0.17969009280204773
                ],
                [
                    0.04527889937162399,
                    0.17538443207740784,
                    0.9834582209587097,
                    3.964447021484375
                ],
                [
                    -9.313225746154785e-10,
                    0.9844679236412048,
                    -0.1755644828081131,
                    -0.7077231407165527
                ],
                [
                    0.0,
                    0.0,
                    0.0,
                    1.0
                ]
            ]
        },
        {
            "file_path": "/data/shapenet_blender/all_50_random/02958343/bf0e8d944ba4843e94e7e8e27399daf7/r_26",
            "rotation": 0.12566370614359174,
            "transform_matrix": [
                [
                    -0.9289014339447021,
                    -0.1792226880788803,
                    0.3240702450275421,
                    1.3063689470291138
                ],
                [
                    0.37032732367515564,
                    -0.4495488405227661,
                    0.8128736019134521,
                    3.2767982482910156
                ],
                [
                    1.4901162970204496e-08,
                    0.8750914335250854,
                    0.48395758867263794,
                    1.9508954286575317
                ],
                [
                    0.0,
                    0.0,
                    0.0,
                    1.0
                ]
            ]
        },
        {
            "file_path": "/data/shapenet_blender/all_50_random/02958343/bf0e8d944ba4843e94e7e8e27399daf7/r_27",
            "rotation": 0.12566370614359174,
            "transform_matrix": [
                [
                    0.9888752102851868,
                    -0.00030099714058451355,
                    0.14874768257141113,
                    0.5996211767196655
                ],
                [
                    0.1487480103969574,
                    0.002001025713980198,
                    -0.9888730645179749,
                    -3.9862749576568604
                ],
                [
                    2.9103830456733704e-11,
                    0.9999980330467224,
                    0.0020235369447618723,
                    0.008157139644026756
                ],
                [
                    0.0,
                    0.0,
                    0.0,
                    1.0
                ]
            ]
        },
        {
            "file_path": "/data/shapenet_blender/all_50_random/02958343/bf0e8d944ba4843e94e7e8e27399daf7/r_28",
            "rotation": 0.12566370614359174,
            "transform_matrix": [
                [
                    0.3251650035381317,
                    0.017908599227666855,
                    -0.9454876184463501,
                    -3.81138277053833
                ],
                [
                    -0.9456572532653809,
                    0.006157886236906052,
                    -0.325106680393219,
                    -1.310547113418579
                ],
                [
                    -4.6566125955216364e-10,
                    0.9998206496238708,
                    0.018937723711133003,
                    0.07634041458368301
                ],
                [
                    0.0,
                    0.0,
                    0.0,
                    1.0
                ]
            ]
        },
        {
            "file_path": "/data/shapenet_blender/all_50_random/02958343/bf0e8d944ba4843e94e7e8e27399daf7/r_29",
            "rotation": 0.12566370614359174,
            "transform_matrix": [
                [
                    -0.5713825225830078,
                    -0.07670492678880692,
                    0.8170914649963379,
                    3.2938005924224854
                ],
                [
                    0.8206837773323059,
                    -0.0534040704369545,
                    0.5688814520835876,
                    2.29323410987854
                ],
                [
                    0.0,
                    0.9956226348876953,
                    0.09346465766429901,
                    0.3767680525779724
                ],
                [
                    0.0,
                    0.0,
                    0.0,
                    1.0
                ]
            ]
        },
        {
            "file_path": "/data/shapenet_blender/all_50_random/02958343/bf0e8d944ba4843e94e7e8e27399daf7/r_30",
            "rotation": 0.12566370614359174,
            "transform_matrix": [
                [
                    0.802638590335846,
                    -0.3056171238422394,
                    -0.5122201442718506,
                    -2.0648257732391357
                ],
                [
                    -0.5964657664299011,
                    -0.41125595569610596,
                    -0.6892728209495544,
                    -2.778547763824463
                ],
                [
                    -1.4901162970204496e-08,
                    0.8587587475776672,
                    -0.5123800039291382,
                    -2.0654702186584473
                ],
                [
                    0.0,
                    0.0,
                    0.0,
                    1.0
                ]
            ]
        },
        {
            "file_path": "/data/shapenet_blender/all_50_random/02958343/bf0e8d944ba4843e94e7e8e27399daf7/r_31",
            "rotation": 0.12566370614359174,
            "transform_matrix": [
                [
                    0.7140857577323914,
                    -0.14887267351150513,
                    -0.6840456128120422,
                    -2.757476329803467
                ],
                [
                    -0.7000582814216614,
                    -0.1518557220697403,
                    -0.6977522373199463,
                    -2.8127293586730957
                ],
                [
                    0.0,
                    0.9771267771720886,
                    -0.21265752613544464,
                    -0.8572499752044678
                ],
                [
                    0.0,
                    0.0,
                    0.0,
                    1.0
                ]
            ]
        },
        {
            "file_path": "/data/shapenet_blender/all_50_random/02958343/bf0e8d944ba4843e94e7e8e27399daf7/r_32",
            "rotation": 0.12566370614359174,
            "transform_matrix": [
                [
                    0.9968581199645996,
                    0.051052093505859375,
                    -0.06056158244609833,
                    -0.24413155019283295
                ],
                [
                    -0.07920872420072556,
                    0.6425011157989502,
                    -0.762179970741272,
                    -3.0724456310272217
                ],
                [
                    0.0,
                    0.7645821571350098,
                    0.6445262432098389,
                    2.59816837310791
                ],
                [
                    0.0,
                    0.0,
                    0.0,
                    1.0
                ]
            ]
        },
        {
            "file_path": "/data/shapenet_blender/all_50_random/02958343/bf0e8d944ba4843e94e7e8e27399daf7/r_33",
            "rotation": 0.12566370614359174,
            "transform_matrix": [
                [
                    0.9878342747688293,
                    0.0862017571926117,
                    -0.12943245470523834,
                    -0.5217589735984802
                ],
                [
                    -0.15551047027111053,
                    0.5475711226463318,
                    -0.8221814036369324,
                    -3.314319372177124
                ],
                [
                    0.0,
                    0.8323070406913757,
                    0.5543147921562195,
                    2.2345147132873535
                ],
                [
                    0.0,
                    0.0,
                    0.0,
                    1.0
                ]
            ]
        },
        {
            "file_path": "/data/shapenet_blender/all_50_random/02958343/bf0e8d944ba4843e94e7e8e27399daf7/r_34",
            "rotation": 0.12566370614359174,
            "transform_matrix": [
                [
                    0.700787365436554,
                    -0.1290452927350998,
                    0.7016013264656067,
                    2.8282454013824463
                ],
                [
                    0.7133702039718628,
                    0.12676911056041718,
                    -0.6892260313034058,
                    -2.7783589363098145
                ],
                [
                    0.0,
                    0.9835023283958435,
                    0.18089526891708374,
                    0.7292121648788452
                ],
                [
                    0.0,
                    0.0,
                    0.0,
                    1.0
                ]
            ]
        },
        {
            "file_path": "/data/shapenet_blender/all_50_random/02958343/bf0e8d944ba4843e94e7e8e27399daf7/r_35",
            "rotation": 0.12566370614359174,
            "transform_matrix": [
                [
                    -0.15983964502811432,
                    -0.2616232931613922,
                    0.9518426656723022,
                    3.837000608444214
                ],
                [
                    0.9871430397033691,
                    -0.042362429201602936,
                    0.15412376821041107,
                    0.621292769908905
                ],
                [
                    0.0,
                    0.9642399549484253,
                    0.26503077149391174,
                    1.068373203277588
                ],
                [
                    0.0,
                    0.0,
                    0.0,
                    1.0
                ]
            ]
        },
        {
            "file_path": "/data/shapenet_blender/all_50_random/02958343/bf0e8d944ba4843e94e7e8e27399daf7/r_36",
            "rotation": 0.12566370614359174,
            "transform_matrix": [
                [
                    -0.9263508915901184,
                    0.17140653729438782,
                    -0.3354009985923767,
                    -1.3520448207855225
                ],
                [
                    -0.3766617178916931,
                    -0.42155224084854126,
                    0.8248754739761353,
                    3.3251795768737793
                ],
                [
                    0.0,
                    0.8904569149017334,
                    0.45506754517555237,
                    1.834436058998108
                ],
                [
                    0.0,
                    0.0,
                    0.0,
                    1.0
                ]
            ]
        },
        {
            "file_path": "/data/shapenet_blender/all_50_random/02958343/bf0e8d944ba4843e94e7e8e27399daf7/r_37",
            "rotation": 0.12566370614359174,
            "transform_matrix": [
                [
                    -0.9829992055892944,
                    -0.10502177476882935,
                    -0.15060889720916748,
                    -0.6071239709854126
                ],
                [
                    -0.1836099624633789,
                    0.562258780002594,
                    0.8063201904296875,
                    3.2503809928894043
                ],
                [
                    0.0,
                    0.8202654719352722,
                    -0.5719829201698303,
                    -2.305737257003784
                ],
                [
                    0.0,
                    0.0,
                    0.0,
                    1.0
                ]
            ]
        },
        {
            "file_path": "/data/shapenet_blender/all_50_random/02958343/bf0e8d944ba4843e94e7e8e27399daf7/r_38",
            "rotation": 0.12566370614359174,
            "transform_matrix": [
                [
                    0.9998858571052551,
                    -0.00862035807222128,
                    -0.012403128668665886,
                    -0.04999861121177673
                ],
                [
                    -0.015104574151337147,
                    -0.5706466436386108,
                    -0.8210567831993103,
                    -3.309785842895508
                ],
                [
                    -4.6566125955216364e-10,
                    0.821150541305542,
                    -0.5707117319107056,
                    -2.300612688064575
                ],
                [
                    0.0,
                    0.0,
                    0.0,
                    1.0
                ]
            ]
        },
        {
            "file_path": "/data/shapenet_blender/all_50_random/02958343/bf0e8d944ba4843e94e7e8e27399daf7/r_39",
            "rotation": 0.12566370614359174,
            "transform_matrix": [
                [
                    0.7306193709373474,
                    0.4422040283679962,
                    0.5202412009239197,
                    2.0971593856811523
                ],
                [
                    0.682784914970398,
                    -0.47318387031555176,
                    -0.5566881895065308,
                    -2.244081974029541
                ],
                [
                    -1.4901160305669237e-08,
                    0.7619401216506958,
                    -0.647647500038147,
                    -2.610750675201416
                ],
                [
                    0.0,
                    0.0,
                    0.0,
                    1.0
                ]
            ]
        },
        {
            "file_path": "/data/shapenet_blender/all_50_random/02958343/bf0e8d944ba4843e94e7e8e27399daf7/r_40",
            "rotation": 0.12566370614359174,
            "transform_matrix": [
                [
                    0.4918519854545593,
                    0.6864785552024841,
                    -0.5355639457702637,
                    -2.1589276790618896
                ],
                [
                    -0.8706789016723633,
                    0.3877960443496704,
                    -0.30254343152046204,
                    -1.219591736793518
                ],
                [
                    0.0,
                    0.6151107549667358,
                    0.788440465927124,
                    3.1783056259155273
                ],
                [
                    0.0,
                    0.0,
                    0.0,
                    1.0
                ]
            ]
        },
        {
            "file_path": "/data/shapenet_blender/all_50_random/02958343/bf0e8d944ba4843e94e7e8e27399daf7/r_41",
            "rotation": 0.12566370614359174,
            "transform_matrix": [
                [
                    -0.30098584294319153,
                    0.8156748414039612,
                    -0.49404671788215637,
                    -1.9915660619735718
                ],
                [
                    -0.953628659248352,
                    -0.2574446201324463,
