{
    "class": "02958343",
    "model": "cdba926f41c3b1ce92dd8154d7e0933a",
    "remove_doubles": true,
    "edge_split": true,
    "denoise": true,
    "camera_angle_x": 0.6911112070083618,
    "scale_factor": 2.2772637813778904,
    "hdri_file": "/data/IndoorHDRDataset2018/AG8A1344-4ebe8355c9.exr",
    "center_offset": [
        0.0,
        0.0,
        -4.656612873077393e-10
    ],
    "lights": [],
    "frames": [
        {
            "file_path": "/data/shapenet_blender/all_50_random/02958343/cdba926f41c3b1ce92dd8154d7e0933a/r_0",
            "rotation": 0.12566370614359174,
            "transform_matrix": [
                [
                    -0.0015782585833221674,
                    -0.7140874862670898,
                    -0.7000546455383301,
                    -2.8220107555389404
                ],
                [
                    -0.9999988079071045,
                    0.0011270159156993032,
                    0.001104868482798338,
                    0.004453867673873901
                ],
                [
                    -5.820766785236131e-11,
                    0.7000555396080017,
                    -0.7140883207321167,
                    -2.878582239151001
                ],
                [
                    0.0,
                    0.0,
                    0.0,
                    1.0
                ]
            ]
        },
        {
            "file_path": "/data/shapenet_blender/all_50_random/02958343/cdba926f41c3b1ce92dd8154d7e0933a/r_1",
            "rotation": 0.12566370614359174,
            "transform_matrix": [
                [
                    -0.7157862186431885,
                    -0.30297261476516724,
                    0.629172146320343,
                    2.5362741947174072
                ],
                [
                    0.6983194947242737,
                    -0.3105507493019104,
                    0.6449093222618103,
                    2.59971284866333
                ],
                [
                    1.4901161193847656e-08,
                    0.9009804129600525,
                    0.433859646320343,
                    1.7489442825317383
                ],
                [
                    0.0,
                    0.0,
                    0.0,
                    1.0
                ]
            ]
        },
        {
            "file_path": "/data/shapenet_blender/all_50_random/02958343/cdba926f41c3b1ce92dd8154d7e0933a/r_2",
            "rotation": 0.12566370614359174,
            "transform_matrix": [
                [
                    0.17683573067188263,
                    0.8988974690437317,
                    -0.4008895754814148,
                    -1.6160377264022827
                ],
                [
                    -0.9842403531074524,
                    0.1615024209022522,
                    -0.07202671468257904,
                    -0.29034900665283203
                ],
                [
                    7.450580152834618e-09,
                    0.4073087275028229,
                    0.9132905006408691,
                    3.6815919876098633
                ],
                [
                    0.0,
                    0.0,
                    0.0,
                    1.0
                ]
            ]
        },
        {
            "file_path": "/data/shapenet_blender/all_50_random/02958343/cdba926f41c3b1ce92dd8154d7e0933a/r_3",
            "rotation": 0.12566370614359174,
            "transform_matrix": [
                [
                    -0.9944465160369873,
                    -0.05350979417562485,
                    -0.09062474220991135,
                    -0.36532002687454224
                ],
                [
                    -0.1052432507276535,
                    0.5056155920028687,
                    0.8563157916069031,
                    3.4519193172454834
                ],
                [
                    0.0,
                    0.8610979318618774,
                    -0.5084391832351685,
                    -2.049583911895752
                ],
                [
                    0.0,
                    0.0,
                    0.0,
                    1.0
                ]
            ]
        },
        {
            "file_path": "/data/shapenet_blender/all_50_random/02958343/cdba926f41c3b1ce92dd8154d7e0933a/r_4",
            "rotation": 0.12566370614359174,
            "transform_matrix": [
                [
                    -0.40585607290267944,
                    0.2550573945045471,
                    -0.8776255249977112,
                    -3.5378217697143555
                ],
                [
                    -0.9139370918273926,
                    -0.11326445639133453,
                    0.3897310197353363,
                    1.5710560083389282
                ],
                [
                    0.0,
                    0.9602691531181335,
                    0.2790754437446594,
                    1.1249891519546509
                ],
                [
                    0.0,
                    0.0,
                    0.0,
                    1.0
                ]
            ]
        },
        {
            "file_path": "/data/shapenet_blender/all_50_random/02958343/cdba926f41c3b1ce92dd8154d7e0933a/r_5",
            "rotation": 0.12566370614359174,
            "transform_matrix": [
                [
                    0.28863415122032166,
                    -0.5010548830032349,
                    0.8158640265464783,
                    3.288853406906128
                ],
                [
                    0.9574395418167114,
                    0.15105032920837402,
                    -0.24595415592193604,
                    -0.9914729595184326
                ],
                [
                    0.0,
                    0.8521312475204468,
                    0.5233279466629028,
                    2.109602689743042
                ],
                [
                    0.0,
                    0.0,
                    0.0,
                    1.0
                ]
            ]
        },
        {
            "file_path": "/data/shapenet_blender/all_50_random/02958343/cdba926f41c3b1ce92dd8154d7e0933a/r_6",
            "rotation": 0.12566370614359174,
            "transform_matrix": [
                [
                    0.2689116597175598,
                    -0.6743690967559814,
                    0.6876865029335022,
                    2.772152900695801
                ],
                [
                    0.9631648659706116,
                    0.1882810890674591,
                    -0.19199924170970917,
                    -0.7739737033843994
                ],
                [
                    -1.4901161193847656e-08,
                    0.7139862775802612,
                    0.7001596689224243,
                    2.8224339485168457
                ],
                [
                    0.0,
                    0.0,
                    0.0,
                    1.0
                ]
            ]
        },
        {
            "file_path": "/data/shapenet_blender/all_50_random/02958343/cdba926f41c3b1ce92dd8154d7e0933a/r_7",
            "rotation": 0.12566370614359174,
            "transform_matrix": [
                [
                    -0.8863822817802429,
                    0.20360660552978516,
                    -0.41577720642089844,
                    -1.6760514974594116
                ],
                [
                    -0.4629538953304291,
                    -0.38982993364334106,
                    0.7960566878318787,
                    3.2090072631835938
                ],
                [
                    0.0,
                    0.8980962634086609,
                    0.43979889154434204,
                    1.772886037826538
                ],
                [
                    0.0,
                    0.0,
                    0.0,
                    1.0
                ]
            ]
        },
        {
            "file_path": "/data/shapenet_blender/all_50_random/02958343/cdba926f41c3b1ce92dd8154d7e0933a/r_8",
            "rotation": 0.12566370614359174,
            "transform_matrix": [
                [
                    0.8643710017204285,
                    -0.01517689973115921,
                    0.502625584602356,
                    2.026148557662964
                ],
                [
                    0.5028547048568726,
                    0.026087995618581772,
                    -0.8639771342277527,
                    -3.4828033447265625
                ],
                [
                    9.31322685637781e-10,
                    0.9995443820953369,
                    0.030181482434272766,
                    0.12166544795036316
                ],
                [
                    0.0,
                    0.0,
                    0.0,
                    1.0
                ]
            ]
        },
        {
            "file_path": "/data/shapenet_blender/all_50_random/02958343/cdba926f41c3b1ce92dd8154d7e0933a/r_9",
            "rotation": 0.12566370614359174,
            "transform_matrix": [
                [
                    0.7751374840736389,
                    -0.6017638444900513,
                    0.1924634724855423,
                    0.7758450508117676
                ],
                [
                    0.6317927241325378,
                    0.7382954359054565,
                    -0.23613066971302032,
                    -0.9518731832504272
                ],
                [
                    0.0,
                    0.30463075637817383,
                    0.9524704813957214,
                    3.839531421661377
                ],
                [
                    0.0,
                    0.0,
                    0.0,
                    1.0
                ]
            ]
        },
        {
            "file_path": "/data/shapenet_blender/all_50_random/02958343/cdba926f41c3b1ce92dd8154d7e0933a/r_10",
            "rotation": 0.12566370614359174,
            "transform_matrix": [
                [
                    0.7918859124183655,
                    -0.13913804292678833,
                    -0.594606876373291,
                    -2.3969368934631348
                ],
                [
                    -0.6106690764427185,
                    -0.1804274469614029,
                    -0.7710571885108948,
                    -3.1082308292388916
                ],
                [
                    -1.4901161193847656e-08,
                    0.973697304725647,
                    -0.22784526646137238,
                    -0.9184736013412476
                ],
                [
                    0.0,
                    0.0,
                    0.0,
                    1.0
                ]
            ]
        },
        {
            "file_path": "/data/shapenet_blender/all_50_random/02958343/cdba926f41c3b1ce92dd8154d7e0933a/r_11",
            "rotation": 0.12566370614359174,
            "transform_matrix": [
                [
                    -0.8812274932861328,
                    0.3999209702014923,
                    -0.25199466943740845,
                    -1.0158230066299438
                ],
                [
                    -0.4726924002170563,
                    -0.7455617189407349,
                    0.46978673338890076,
                    1.8937709331512451
                ],
                [
                    -1.4901161193847656e-08,
                    0.5331048965454102,
                    0.8460490703582764,
                    3.4105329513549805
                ],
                [
                    0.0,
                    0.0,
                    0.0,
                    1.0
                ]
            ]
        },
        {
            "file_path": "/data/shapenet_blender/all_50_random/02958343/cdba926f41c3b1ce92dd8154d7e0933a/r_12",
            "rotation": 0.12566370614359174,
            "transform_matrix": [
                [
                    -0.8782657980918884,
                    -0.42065590620040894,
                    -0.22737155854701996,
                    -0.9165640473365784
                ],
                [
                    -0.47817277908325195,
                    0.7726238369941711,
                    0.4176161289215088,
                    1.6834644079208374
                ],
                [
                    -1.4901161193847656e-08,
                    0.47550082206726074,
                    -0.8797152638435364,
                    -3.546245574951172
                ],
                [
                    0.0,
                    0.0,
                    0.0,
                    1.0
                ]
            ]
        },
        {
            "file_path": "/data/shapenet_blender/all_50_random/02958343/cdba926f41c3b1ce92dd8154d7e0933a/r_13",
            "rotation": 0.12566370614359174,
            "transform_matrix": [
                [
                    0.7054917812347412,
                    -0.4385703206062317,
                    0.5567201972007751,
                    2.244210720062256
                ],
                [
                    0.7087180614471436,
                    0.4365738034248352,
                    -0.5541858673095703,
                    -2.233994483947754
                ],
                [
                    1.4901161193847656e-08,
                    0.7855310440063477,
                    0.6188220381736755,
                    2.494551181793213
                ],
                [
                    0.0,
                    0.0,
                    0.0,
                    1.0
                ]
            ]
        },
        {
            "file_path": "/data/shapenet_blender/all_50_random/02958343/cdba926f41c3b1ce92dd8154d7e0933a/r_14",
            "rotation": 0.12566370614359174,
            "transform_matrix": [
                [
                    -0.8464120626449585,
                    -0.305807501077652,
                    -0.4359683394432068,
                    -1.7574446201324463
                ],
                [
                    -0.5325285196304321,
                    0.486056923866272,
                    0.6929372549057007,
                    2.7933194637298584
                ],
                [
                    1.4901161193847656e-08,
                    0.8186759352684021,
                    -0.574255645275116,
                    -2.3148984909057617
                ],
                [
                    0.0,
                    0.0,
                    0.0,
                    1.0
                ]
            ]
        },
        {
            "file_path": "/data/shapenet_blender/all_50_random/02958343/cdba926f41c3b1ce92dd8154d7e0933a/r_15",
            "rotation": 0.12566370614359174,
            "transform_matrix": [
                [
                    0.12342827022075653,
                    -0.4688621461391449,
                    0.8746048808097839,
                    3.5256450176239014
                ],
                [
                    0.9923535585403442,
                    0.05831675976514816,
                    -0.10878276824951172,
                    -0.43851736187934875
                ],
                [
                    0.0,
                    0.8813440203666687,
                    0.47247496247291565,
                    1.9046075344085693
                ],
                [
                    0.0,
                    0.0,
                    0.0,
                    1.0
                ]
            ]
        },
        {
            "file_path": "/data/shapenet_blender/all_50_random/02958343/cdba926f41c3b1ce92dd8154d7e0933a/r_16",
            "rotation": 0.12566370614359174,
            "transform_matrix": [
                [
                    0.8249795436859131,
                    -0.026988932862877846,
                    0.5645178556442261,
                    2.275644540786743
                ],
                [
                    0.565162718296051,
                    0.039396293461322784,
                    -0.8240382075309753,
                    -3.3218045234680176
                ],
                [
                    0.0,
                    0.9988590478897095,
                    0.04775426909327507,
                    0.19250363111495972
                ],
                [
                    0.0,
                    0.0,
                    0.0,
                    1.0
                ]
            ]
        },
        {
            "file_path": "/data/shapenet_blender/all_50_random/02958343/cdba926f41c3b1ce92dd8154d7e0933a/r_17",
            "rotation": 0.12566370614359174,
            "transform_matrix": [
                [
                    -0.7866709232330322,
                    0.2418428361415863,
                    0.568032443523407,
                    2.289811849594116
                ],
                [
                    0.617372453212738,
                    0.30816197395324707,
                    0.7238006591796875,
                    2.9177334308624268
                ],
                [
                    0.0,
                    0.9200804829597473,
                    -0.3917292654514313,
                    -1.5791109800338745
                ],
                [
                    0.0,
                    0.0,
                    0.0,
                    1.0
                ]
            ]
        },
        {
            "file_path": "/data/shapenet_blender/all_50_random/02958343/cdba926f41c3b1ce92dd8154d7e0933a/r_18",
            "rotation": 0.12566370614359174,
            "transform_matrix": [
                [
                    -0.9999984502792358,
                    -0.0011948782484978437,
                    -0.0013596625067293644,
                    -0.005480974912643433
                ],
                [
                    -0.001810087589547038,
                    0.6601207852363586,
                    0.751157283782959,
                    3.0280117988586426
                ],
                [
                    0.0,
                    0.7511584162712097,
                    -0.6601218581199646,
                    -2.661036252975464
                ],
                [
                    0.0,
                    0.0,
                    0.0,
                    1.0
                ]
            ]
        },
        {
            "file_path": "/data/shapenet_blender/all_50_random/02958343/cdba926f41c3b1ce92dd8154d7e0933a/r_19",
            "rotation": 0.12566370614359174,
            "transform_matrix": [
                [
                    -0.5874353647232056,
                    -0.14820770919322968,
                    0.7955842018127441,
                    3.2071025371551514
                ],
                [
                    0.8092711567878723,
                    -0.10758130252361298,
                    0.5775002241134644,
                    2.3279778957366943
                ],
                [
                    -7.450580596923828e-09,
                    0.9830873608589172,
                    0.18313728272914886,
                    0.7382500171661377
                ],
                [
                    0.0,
                    0.0,
                    0.0,
                    1.0
                ]
            ]
        },
        {
            "file_path": "/data/shapenet_blender/all_50_random/02958343/cdba926f41c3b1ce92dd8154d7e0933a/r_20",
            "rotation": 0.12566370614359174,
            "transform_matrix": [
                [
                    -0.44052839279174805,
                    0.35353705286979675,
                    0.8251947164535522,
                    3.3264663219451904
                ],
                [
                    0.8977386951446533,
                    0.17348378896713257,
                    0.4049304127693176,
                    1.6323267221450806
                ],
                [
                    0.0,
                    0.9191925525665283,
                    -0.39380839467048645,
                    -1.5874924659729004
                ],
                [
                    0.0,
                    0.0,
                    0.0,
                    1.0
                ]
            ]
        },
        {
            "file_path": "/data/shapenet_blender/all_50_random/02958343/cdba926f41c3b1ce92dd8154d7e0933a/r_21",
            "rotation": 0.12566370614359174,
            "transform_matrix": [
                [
                    0.6459119915962219,
                    0.1178591400384903,
                    0.7542592287063599,
                    3.0405161380767822
                ],
                [
                    0.7634119391441345,
                    -0.09971894323825836,
                    -0.6381679773330688,
                    -2.572537422180176
                ],
                [
                    0.0,
                    0.988010823726654,
                    -0.15438471734523773,
                    -0.6223446726799011
                ],
                [
                    0.0,
                    0.0,
                    0.0,
                    1.0
                ]
            ]
        },
        {
            "file_path": "/data/shapenet_blender/all_50_random/02958343/cdba926f41c3b1ce92dd8154d7e0933a/r_22",
            "rotation": 0.12566370614359174,
            "transform_matrix": [
                [
                    0.6810941696166992,
                    0.08598586171865463,
                    0.7271292805671692,
                    2.931152105331421
                ],
                [
                    0.7321957349777222,
                    -0.07998472452163696,
                    -0.6763813495635986,
                    -2.7265806198120117
                ],
                [
                    0.0,
                    0.9930804371833801,
                    -0.11743561923503876,
                    -0.4733981490135193
                ],
                [
                    0.0,
                    0.0,
                    0.0,
                    1.0
                ]
            ]
        },
        {
            "file_path": "/data/shapenet_blender/all_50_random/02958343/cdba926f41c3b1ce92dd8154d7e0933a/r_23",
            "rotation": 0.12566370614359174,
            "transform_matrix": [
                [
                    -0.2970264256000519,
                    0.4865046441555023,
                    -0.8216376900672913,
                    -3.3121275901794434
                ],
                [
                    -0.9548692107200623,
                    -0.15133459866046906,
                    0.2555827796459198,
                    1.0302871465682983
                ],
                [
                    0.0,
                    0.8604714274406433,
                    0.509498655796051,
                    2.0538547039031982
                ],
                [
                    0.0,
                    0.0,
                    0.0,
                    1.0
                ]
            ]
        },
        {
            "file_path": "/data/shapenet_blender/all_50_random/02958343/cdba926f41c3b1ce92dd8154d7e0933a/r_24",
            "rotation": 0.12566370614359174,
            "transform_matrix": [
                [
                    -0.8516033887863159,
                    -0.3476117253303528,
                    -0.39234912395477295,
                    -1.5816099643707275
                ],
                [
                    -0.5241867899894714,
                    0.5647363066673279,
                    0.6374174952507019,
                    2.569512128829956
                ],
                [
                    0.0,
                    0.748491108417511,
                    -0.6631448268890381,
                    -2.673222303390503
                ],
                [
                    0.0,
                    0.0,
                    0.0,
                    1.0
                ]
            ]
        },
        {
            "file_path": "/data/shapenet_blender/all_50_random/02958343/cdba926f41c3b1ce92dd8154d7e0933a/r_25",
            "rotation": 0.12566370614359174,
            "transform_matrix": [
                [
                    -0.23557665944099426,
                    -0.25024059414863586,
                    0.939086377620697,
                    3.785578489303589
                ],
                [
                    0.9718558192253113,
                    -0.06065801531076431,
                    0.22763340175151825,
                    0.9176196455955505
                ],
                [
                    0.0,
                    0.9662816524505615,
                    0.25748732686042786,
                    1.0379647016525269
                ],
                [
                    0.0,
                    0.0,
                    0.0,
                    1.0
                ]
            ]
        },
        {
            "file_path": "/data/shapenet_blender/all_50_random/02958343/cdba926f41c3b1ce92dd8154d7e0933a/r_26",
            "rotation": 0.12566370614359174,
            "transform_matrix": [
                [
                    -0.993212878704071,
                    -0.030761994421482086,
                    0.11216868460178375,
                    0.4521664083003998
                ],
                [
                    0.11631041765213013,
                    -0.2626867890357971,
                    0.9578452706336975,
                    3.8611974716186523
                ],
                [
                    1.8626450382086546e-09,
                    0.9643906354904175,
                    0.2644818425178528,
                    1.0661604404449463
                ],
                [
                    0.0,
                    0.0,
                    0.0,
                    1.0
                ]
            ]
        },
        {
            "file_path": "/data/shapenet_blender/all_50_random/02958343/cdba926f41c3b1ce92dd8154d7e0933a/r_27",
            "rotation": 0.12566370614359174,
            "transform_matrix": [
                [
                    -0.2944902181625366,
                    -0.8231164813041687,
                    -0.4855458438396454,
                    -1.957297921180725
                ],
                [
                    -0.9556545615196228,
                    0.25364789366722107,
                    0.14962363243103027,
                    0.6031521558761597
                ],
                [
                    0.0,
                    0.5080767273902893,
                    -0.8613117337226868,
                    -3.4720587730407715
                ],
                [
                    0.0,
                    0.0,
                    0.0,
                    1.0
                ]
            ]
        },
        {
            "file_path": "/data/shapenet_blender/all_50_random/02958343/cdba926f41c3b1ce92dd8154d7e0933a/r_28",
            "rotation": 0.12566370614359174,
            "transform_matrix": [
                [
                    0.974479079246521,
                    -0.0019083890365436673,
                    -0.22447046637535095,
                    -0.9048694372177124
                ],
                [
                    -0.224478617310524,
                    -0.008284464478492737,
                    -0.9744437336921692,
                    -3.9281086921691895
                ],
                [
                    1.1641532182693481e-10,
                    0.9999639391899109,
                    -0.008501428179442883,
                    -0.034270357340574265
                ],
                [
                    0.0,
                    0.0,
                    0.0,
                    1.0
                ]
            ]
        },
        {
            "file_path": "/data/shapenet_blender/all_50_random/02958343/cdba926f41c3b1ce92dd8154d7e0933a/r_29",
            "rotation": 0.12566370614359174,
            "transform_matrix": [
                [
                    0.651078999042511,
                    0.25441092252731323,
                    -0.7151021957397461,
                    -2.88266921043396
                ],
                [
                    -0.7590099573135376,
                    0.21823379397392273,
                    -0.6134149432182312,
                    -2.472754716873169
                ],
                [
                    0.0,
                    0.9421512484550476,
                    0.3351878821849823,
                    1.3511855602264404
                ],
                [
                    0.0,
                    0.0,
                    0.0,
                    1.0
                ]
            ]
        },
        {
            "file_path": "/data/shapenet_blender/all_50_random/02958343/cdba926f41c3b1ce92dd8154d7e0933a/r_30",
            "rotation": 0.12566370614359174,
            "transform_matrix": [
                [
                    0.7841662764549255,
                    0.23990432918071747,
                    0.5723015666007996,
                    2.307021379470825
                ],
                [
                    0.6205506324768066,
                    -0.3031579852104187,
                    -0.7231957316398621,
                    -2.915295124053955
                ],
                [
                    1.4901160305669237e-08,
                    0.9222478270530701,
                    -0.386599063873291,
                    -1.5584306716918945
                ],
                [
                    0.0,
                    0.0,
                    0.0,
                    1.0
                ]
            ]
        },
        {
            "file_path": "/data/shapenet_blender/all_50_random/02958343/cdba926f41c3b1ce92dd8154d7e0933a/r_31",
            "rotation": 0.12566370614359174,
            "transform_matrix": [
                [
                    0.4084358215332031,
                    -0.44510436058044434,
                    -0.796907901763916,
                    -3.2124385833740234
                ],
                [
                    -0.912787139415741,
                    -0.1991664320230484,
                    -0.35658448934555054,
                    -1.4374380111694336
                ],
                [
                    0.0,
                    0.8730490207672119,
                    -0.48763227462768555,
                    -1.965708613395691
                ],
                [
                    0.0,
                    0.0,
                    0.0,
                    1.0
                ]
            ]
        },
        {
            "file_path": "/data/shapenet_blender/all_50_random/02958343/cdba926f41c3b1ce92dd8154d7e0933a/r_32",
            "rotation": 0.12566370614359174,
            "transform_matrix": [
                [
                    -0.9695545434951782,
                    1.1583041441554087e-06,
                    0.24487580358982086,
                    0.9871259927749634
                ],
                [
                    0.24487584829330444,
                    4.586157047015149e-06,
                    0.9695543646812439,
                    3.9083988666534424
                ],
                [
                    0.0,
                    0.9999999403953552,
                    -4.73016916657798e-06,
                    -1.9067923858528957e-05
                ],
                [
                    0.0,
                    0.0,
                    0.0,
                    1.0
                ]
            ]
        },
        {
            "file_path": "/data/shapenet_blender/all_50_random/02958343/cdba926f41c3b1ce92dd8154d7e0933a/r_33",
            "rotation": 0.12566370614359174,
            "transform_matrix": [
                [
                    -0.9648545384407043,
                    0.07346312701702118,
                    -0.2523071765899658,
                    -1.0170828104019165
                ],
                [
                    -0.26278460025787354,
                    -0.2697312533855438,
                    0.9263850450515747,
                    3.73437762260437
                ],
                [
                    1.4901161193847656e-08,
                    0.9601293206214905,
                    0.27955639362335205,
                    1.1269278526306152
                ],
                [
                    0.0,
                    0.0,
                    0.0,
                    1.0
                ]
            ]
        },
        {
            "file_path": "/data/shapenet_blender/all_50_random/02958343/cdba926f41c3b1ce92dd8154d7e0933a/r_34",
            "rotation": 0.12566370614359174,
            "transform_matrix": [
                [
                    -0.0734148621559143,
                    0.618201732635498,
                    0.7825834155082703,
                    3.1546945571899414
                ],
                [
                    0.9973015189170837,
                    0.0455080009996891,
                    0.0576087087392807,
                    0.2322281301021576
                ],
                [
                    0.0,
                    0.7847009301185608,
                    -0.6198745369911194,
                    -2.4987940788269043
                ],
                [
                    0.0,
                    0.0,
                    0.0,
                    1.0
                ]
            ]
        },
        {
            "file_path": "/data/shapenet_blender/all_50_random/02958343/cdba926f41c3b1ce92dd8154d7e0933a/r_35",
            "rotation": 0.12566370614359174,
            "transform_matrix": [
                [
                    -0.5644152164459229,
                    0.22113683819770813,
                    0.7953199744224548,
                    3.2060375213623047
                ],
                [
                    0.8254910707473755,
                    0.15119847655296326,
                    0.5437862277030945,
                    2.192072629928589
                ],
                [
                    0.0,
                    0.9634507894515991,
                    -0.2678851783275604,
                    -1.0798797607421875
                ],
                [
                    0.0,
                    0.0,
                    0.0,
                    1.0
                ]
            ]
        },
        {
            "file_path": "/data/shapenet_blender/all_50_random/02958343/cdba926f41c3b1ce92dd8154d7e0933a/r_36",
            "rotation": 0.12566370614359174,
            "transform_matrix": [
                [
                    -0.5104286670684814,
                    0.012069733813405037,
                    -0.8598353266716003,
                    -3.4661073684692383
                ],
                [
                    -0.8599202036857605,
                    -0.007164314389228821,
                    0.5103783011436462,
                    2.057400941848755
                ],
                [
                    0.0,
                    0.9999014735221863,
                    0.014035876840353012,
                    0.05658043175935745
                ],
                [
                    0.0,
                    0.0,
                    0.0,
                    1.0
                ]
            ]
        },
        {
            "file_path": "/data/shapenet_blender/all_50_random/02958343/cdba926f41c3b1ce92dd8154d7e0933a/r_37",
            "rotation": 0.12566370614359174,
            "transform_matrix": [
                [
                    -0.9699223637580872,
                    -0.2356279194355011,
                    -0.061073414981365204,
                    -0.24619480967521667
                ],
                [
                    -0.24341420829296112,
                    0.938896656036377,
                    0.24335666000843048,
                    0.9810020923614502
                ],
                [
                    0.0,
                    0.25090330839157104,
                    -0.9680121541023254,
                    -3.90218186378479
                ],
                [
                    0.0,
                    0.0,
                    0.0,
                    1.0
                ]
            ]
        },
        {
            "file_path": "/data/shapenet_blender/all_50_random/02958343/cdba926f41c3b1ce92dd8154d7e0933a/r_38",
            "rotation": 0.12566370614359174,
            "transform_matrix": [
                [
                    0.999965250492096,
                    -0.0006489090155810118,
                    -0.008314871229231358,
                    -0.033518314361572266
                ],
                [
                    -0.008340153843164444,
                    -0.07780270278453827,
                    -0.9969339370727539,
                    -4.018768787384033
                ],
                [
                    -5.820766091346741e-11,
                    0.9969685077667236,
                    -0.07780541479587555,
                    -0.3136436343193054
                ],
                [
                    0.0,
                    0.0,
                    0.0,
                    1.0
                ]
            ]
        },
        {
            "file_path": "/data/shapenet_blender/all_50_random/02958343/cdba926f41c3b1ce92dd8154d7e0933a/r_39",
            "rotation": 0.12566370614359174,
            "transform_matrix": [
                [
                    -0.5962895154953003,
                    -0.19989626109600067,
                    -0.7774832248687744,
                    -3.1341352462768555
                ],
                [
                    -0.8027693629264832,
                    0.1484810709953308,
                    0.5775072574615479,
                    2.3280062675476074
                ],
                [
                    0.0,
                    0.9685013294219971,
                    -0.24900832772254944,
                    -1.0037846565246582
                ],
                [
                    0.0,
                    0.0,
                    0.0,
                    1.0
                ]
            ]
        },
        {
            "file_path": "/data/shapenet_blender/all_50_random/02958343/cdba926f41c3b1ce92dd8154d7e0933a/r_40",
            "rotation": 0.12566370614359174,
            "transform_matrix": [
                [
                    -0.7096722722053528,
                    0.0015504446346312761,
                    0.7045302391052246,
                    2.8400521278381348
                ],
                [
                    0.7045319676399231,
                    0.0015617568278685212,
                    0.7096705436706543,
                    2.8607735633850098
                ],
                [
                    0.0,
                    0.999997615814209,
                    -0.002200673334300518,
                    -0.008871197700500488
                ],
                [
                    0.0,
                    0.0,
                    0.0,
                    1.0
                ]
            ]
        },
        {
            "file_path": "/data/shapenet_blender/all_50_random/02958343/cdba926f41c3b1ce92dd8154d7e0933a/r_41",
            "rotation": 0.12566370614359174,
            "transform_matrix": [
                [
                    -0.05369347333908081,
                    -0.40363308787345886,
                    0.9133439660072327,
                    3.681807518005371
                ],
                [
                    0.9985573887825012,
                    -0.021703770384192467,
                    0.04911145567893982,
                    0.19797462224960327
                ],
                [
                    0.0,
                    0.9146634340286255,
