{
    "class": "02958343",
    "model": "d0ea101dad5bc464a134736201a79843",
    "remove_doubles": true,
    "edge_split": true,
    "denoise": true,
    "camera_angle_x": 0.6911112070083618,
    "scale_factor": 2.3165119250087765,
    "hdri_file": "/data/IndoorHDRDataset2018/AG8A3981-f75104bffc.exr",
    "center_offset": [
        0.0,
        0.0,
        3.725290298461914e-09
    ],
    "lights": [],
    "frames": [
        {
            "file_path": "/data/shapenet_blender/all_50_random/02958343/d0ea101dad5bc464a134736201a79843/r_0",
            "rotation": 0.12566370614359174,
            "transform_matrix": [
                [
                    -0.4647683799266815,
                    0.011652711778879166,
                    0.8853555917739868,
                    3.5689826011657715
                ],
                [
                    0.885432243347168,
                    0.006116574164479971,
                    0.46472814679145813,
                    1.873379111289978
                ],
                [
                    0.0,
                    0.9999133944511414,
                    -0.013160478323698044,
                    -0.05305158346891403
                ],
                [
                    0.0,
                    0.0,
                    0.0,
                    1.0
                ]
            ]
        },
        {
            "file_path": "/data/shapenet_blender/all_50_random/02958343/d0ea101dad5bc464a134736201a79843/r_1",
            "rotation": 0.12566370614359174,
            "transform_matrix": [
                [
                    -0.6796424388885498,
                    -0.3615490794181824,
                    -0.6382542252540588,
                    -2.572885036468506
                ],
                [
                    -0.7335435748100281,
                    0.334982305765152,
                    0.5913549661636353,
                    2.3838281631469727
                ],
                [
                    2.9802322387695312e-08,
                    0.8700971603393555,
                    -0.4928801953792572,
                    -1.986863613128662
                ],
                [
                    0.0,
                    0.0,
                    0.0,
                    1.0
                ]
            ]
        },
        {
            "file_path": "/data/shapenet_blender/all_50_random/02958343/d0ea101dad5bc464a134736201a79843/r_2",
            "rotation": 0.12566370614359174,
            "transform_matrix": [
                [
                    0.049279022961854935,
                    -0.27703750133514404,
                    -0.9595946073532104,
                    -3.8682494163513184
                ],
                [
                    -0.9987849593162537,
                    -0.013668745756149292,
                    -0.04734541103243828,
                    -0.19085544347763062
                ],
                [
                    0.0,
                    0.9607618451118469,
                    -0.2773745059967041,
                    -1.1181323528289795
                ],
                [
                    0.0,
                    0.0,
                    0.0,
                    1.0
                ]
            ]
        },
        {
            "file_path": "/data/shapenet_blender/all_50_random/02958343/d0ea101dad5bc464a134736201a79843/r_3",
            "rotation": 0.12566370614359174,
            "transform_matrix": [
                [
                    -0.9839760065078735,
                    -0.09646342694759369,
                    -0.1499539017677307,
                    -0.6044834852218628
                ],
                [
                    -0.17830133438110352,
                    0.5323442220687866,
                    0.827537477016449,
                    3.3359103202819824
                ],
                [
                    -7.450580596923828e-09,
                    0.8410139083862305,
                    -0.5410134792327881,
                    -2.1808950901031494
                ],
                [
                    0.0,
                    0.0,
                    0.0,
                    1.0
                ]
            ]
        },
        {
            "file_path": "/data/shapenet_blender/all_50_random/02958343/d0ea101dad5bc464a134736201a79843/r_4",
            "rotation": 0.12566370614359174,
            "transform_matrix": [
                [
                    0.2612125277519226,
                    0.32402125000953674,
                    -0.9092734456062317,
                    -3.665398597717285
                ],
                [
                    -0.9652813076972961,
                    0.08768264204263687,
                    -0.24605637788772583,
                    -0.9918850064277649
                ],
                [
                    7.450580596923828e-09,
                    0.9419776201248169,
                    0.3356754779815674,
                    1.3531510829925537
                ],
                [
                    0.0,
                    0.0,
                    0.0,
                    1.0
                ]
            ]
        },
        {
            "file_path": "/data/shapenet_blender/all_50_random/02958343/d0ea101dad5bc464a134736201a79843/r_5",
            "rotation": 0.12566370614359174,
            "transform_matrix": [
                [
                    -0.19412720203399658,
                    -0.3092041611671448,
                    0.9309712052345276,
                    3.7528650760650635
                ],
                [
                    0.9809764623641968,
                    -0.061188966035842896,
                    0.18423157930374146,
                    0.7426612377166748
                ],
                [
                    -7.450581485102248e-09,
                    0.9490250945091248,
                    0.3152003884315491,
                    1.270613431930542
                ],
                [
                    0.0,
                    0.0,
                    0.0,
                    1.0
                ]
            ]
        },
        {
            "file_path": "/data/shapenet_blender/all_50_random/02958343/d0ea101dad5bc464a134736201a79843/r_6",
            "rotation": 0.12566370614359174,
            "transform_matrix": [
                [
                    -0.1897840052843094,
                    0.7761945724487305,
                    0.6012519598007202,
                    2.4237241744995117
                ],
                [
                    0.9818258285522461,
                    0.15003611147403717,
                    0.11622022092342377,
                    0.46849870681762695
                ],
                [
                    0.0,
                    0.6123814582824707,
                    -0.7905623912811279,
                    -3.186858892440796
                ],
                [
                    0.0,
                    0.0,
                    0.0,
                    1.0
                ]
            ]
        },
        {
            "file_path": "/data/shapenet_blender/all_50_random/02958343/d0ea101dad5bc464a134736201a79843/r_7",
            "rotation": 0.12566370614359174,
            "transform_matrix": [
                [
                    -0.22148087620735168,
                    0.4538152515888214,
                    -0.8631325960159302,
                    -3.479398727416992
                ],
                [
                    -0.9751647710800171,
                    -0.1030711978673935,
                    0.1960359662771225,
                    0.7902462482452393
                ],
                [
                    7.450580596923828e-09,
                    0.8851146101951599,
                    0.4653729498386383,
                    1.8759782314300537
                ],
                [
                    0.0,
                    0.0,
                    0.0,
                    1.0
                ]
            ]
        },
        {
            "file_path": "/data/shapenet_blender/all_50_random/02958343/d0ea101dad5bc464a134736201a79843/r_8",
            "rotation": 0.12566370614359174,
            "transform_matrix": [
                [
                    0.9767229557037354,
                    0.20072442293167114,
                    0.07564444094896317,
                    0.30493250489234924
                ],
                [
                    0.21450498700141907,
                    -0.9139748215675354,
                    -0.34443798661231995,
                    -1.3884739875793457
                ],
                [
                    0.0,
                    0.35264652967453003,
                    -0.9357565641403198,
                    -3.772155284881592
                ],
                [
                    0.0,
                    0.0,
                    0.0,
                    1.0
                ]
            ]
        },
        {
            "file_path": "/data/shapenet_blender/all_50_random/02958343/d0ea101dad5bc464a134736201a79843/r_9",
            "rotation": 0.12566370614359174,
            "transform_matrix": [
                [
                    -0.28158438205718994,
                    0.015177451074123383,
                    0.959416389465332,
                    3.8675312995910645
                ],
                [
                    0.9595364928245544,
                    0.0044539556838572025,
                    0.2815491259098053,
                    1.1349610090255737
                ],
                [
                    0.0,
                    0.9998748302459717,
                    -0.01581748016178608,
                    -0.06376230716705322
                ],
                [
                    0.0,
                    0.0,
                    0.0,
                    1.0
                ]
            ]
        },
        {
            "file_path": "/data/shapenet_blender/all_50_random/02958343/d0ea101dad5bc464a134736201a79843/r_10",
            "rotation": 0.12566370614359174,
            "transform_matrix": [
                [
                    -0.882564902305603,
                    0.15115571022033691,
                    0.4452316462993622,
                    1.7947863340377808
                ],
                [
                    0.47019076347351074,
                    0.28372469544410706,
                    0.8357157707214355,
                    3.3688783645629883
                ],
                [
                    0.0,
                    0.9469172358512878,
                    -0.32147741317749023,
                    -1.29591703414917
                ],
                [
                    0.0,
                    0.0,
                    0.0,
                    1.0
                ]
            ]
        },
        {
            "file_path": "/data/shapenet_blender/all_50_random/02958343/d0ea101dad5bc464a134736201a79843/r_11",
            "rotation": 0.12566370614359174,
            "transform_matrix": [
                [
                    -0.8843008279800415,
                    0.2795581519603729,
                    0.37397757172584534,
                    1.507551908493042
                ],
                [
                    0.46691757440567017,
                    0.5294585824012756,
                    0.708280622959137,
                    2.855170726776123
                ],
                [
                    -1.4901161193847656e-08,
                    0.8009498715400696,
                    -0.598731279373169,
                    -2.4135632514953613
                ],
                [
                    0.0,
                    0.0,
                    0.0,
                    1.0
                ]
            ]
        },
        {
            "file_path": "/data/shapenet_blender/all_50_random/02958343/d0ea101dad5bc464a134736201a79843/r_12",
            "rotation": 0.12566370614359174,
            "transform_matrix": [
                [
                    0.321091890335083,
                    -0.25289857387542725,
                    -0.9126567840576172,
                    -3.679037094116211
                ],
                [
                    -0.9470480680465698,
                    -0.0857439935207367,
                    -0.30943170189857483,
                    -1.247359037399292
                ],
                [
                    0.0,
                    0.9636857509613037,
                    -0.26703882217407227,
                    -1.0764678716659546
                ],
                [
                    0.0,
                    0.0,
                    0.0,
                    1.0
                ]
            ]
        },
        {
            "file_path": "/data/shapenet_blender/all_50_random/02958343/d0ea101dad5bc464a134736201a79843/r_13",
            "rotation": 0.12566370614359174,
            "transform_matrix": [
                [
                    0.9749161005020142,
                    0.11515303701162338,
                    -0.19046886265277863,
                    -0.7678046226501465
                ],
                [
                    -0.22257272899150848,
                    0.5043948888778687,
                    -0.834294319152832,
                    -3.3631482124328613
                ],
                [
                    0.0,
                    0.8557602167129517,
                    0.5173725485801697,
                    2.0855956077575684
                ],
                [
                    0.0,
                    0.0,
                    0.0,
                    1.0
                ]
            ]
        },
        {
            "file_path": "/data/shapenet_blender/all_50_random/02958343/d0ea101dad5bc464a134736201a79843/r_14",
            "rotation": 0.12566370614359174,
            "transform_matrix": [
                [
                    0.8124493956565857,
                    -0.08470608294010162,
                    -0.5768457055091858,
                    -2.3253393173217773
                ],
                [
                    -0.5830318331718445,
                    -0.11803712695837021,
                    -0.8038290739059448,
                    -3.2403385639190674
                ],
                [
                    0.0,
                    0.9893896579742432,
                    -0.14528553187847137,
                    -0.585664689540863
                ],
                [
                    0.0,
                    0.0,
                    0.0,
                    1.0
                ]
            ]
        },
        {
            "file_path": "/data/shapenet_blender/all_50_random/02958343/d0ea101dad5bc464a134736201a79843/r_15",
            "rotation": 0.12566370614359174,
            "transform_matrix": [
                [
                    0.9128900766372681,
                    0.09255053848028183,
                    0.3975751996040344,
                    1.6026769876480103
                ],
                [
                    0.40820541977882385,
                    -0.20697535574436188,
                    -0.8891171813011169,
                    -3.58414626121521
                ],
                [
                    -7.450580596923828e-09,
                    0.9739586710929871,
                    -0.22672538459300995,
                    -0.9139593243598938
                ],
                [
                    0.0,
                    0.0,
                    0.0,
                    1.0
                ]
            ]
        },
        {
            "file_path": "/data/shapenet_blender/all_50_random/02958343/d0ea101dad5bc464a134736201a79843/r_16",
            "rotation": 0.12566370614359174,
            "transform_matrix": [
                [
                    -0.9285227656364441,
                    -0.04722025245428085,
                    0.36826056241989136,
                    1.4845057725906372
                ],
                [
                    0.3712756335735321,
                    -0.11809305846691132,
                    0.920982301235199,
                    3.7125983238220215
                ],
                [
                    0.0,
                    0.9918791055679321,
                    0.12718382477760315,
                    0.5126944184303284
                ],
                [
                    0.0,
                    0.0,
                    0.0,
                    1.0
                ]
            ]
        },
        {
            "file_path": "/data/shapenet_blender/all_50_random/02958343/d0ea101dad5bc464a134736201a79843/r_17",
            "rotation": 0.12566370614359174,
            "transform_matrix": [
                [
                    -0.6660577654838562,
                    -0.6861602067947388,
                    -0.2924911081790924,
                    -1.1790695190429688
                ],
                [
                    -0.7459001541137695,
                    0.6127124428749084,
                    0.26118236780166626,
                    1.052859902381897
                ],
                [
                    -1.4901162970204496e-08,
                    0.3921317756175995,
                    -0.9199090003967285,
                    -3.7082719802856445
                ],
                [
                    0.0,
                    0.0,
                    0.0,
                    1.0
                ]
            ]
        },
        {
            "file_path": "/data/shapenet_blender/all_50_random/02958343/d0ea101dad5bc464a134736201a79843/r_18",
            "rotation": 0.12566370614359174,
            "transform_matrix": [
                [
                    -0.7860894799232483,
                    -0.20170481503009796,
                    -0.584276020526886,
                    -2.3552918434143066
                ],
                [
                    -0.6181126832962036,
                    0.2565195858478546,
                    0.7430574297904968,
                    2.9953601360321045
                ],
                [
                    0.0,
                    0.9452580213546753,
                    -0.3263236880302429,
                    -1.3154528141021729
                ],
                [
                    0.0,
                    0.0,
                    0.0,
                    1.0
                ]
            ]
        },
        {
            "file_path": "/data/shapenet_blender/all_50_random/02958343/d0ea101dad5bc464a134736201a79843/r_19",
            "rotation": 0.12566370614359174,
            "transform_matrix": [
                [
                    -0.8407143950462341,
                    0.4579918086528778,
                    -0.288864403963089,
                    -1.1644498109817505
                ],
                [
                    -0.5414786338806152,
                    -0.7110904455184937,
                    0.4484986960887909,
                    1.8079562187194824
                ],
                [
                    0.0,
                    0.5334732532501221,
                    0.8458168506622314,
                    3.4095969200134277
                ],
                [
                    0.0,
                    0.0,
                    0.0,
                    1.0
                ]
            ]
        },
        {
            "file_path": "/data/shapenet_blender/all_50_random/02958343/d0ea101dad5bc464a134736201a79843/r_20",
            "rotation": 0.12566370614359174,
            "transform_matrix": [
                [
                    -0.5886332392692566,
                    -0.20069430768489838,
                    0.7830917239189148,
                    3.1567437648773193
                ],
                [
                    0.8084002137184143,
                    -0.14613471925258636,
                    0.5702049732208252,
                    2.298569679260254
                ],
                [
                    0.0,
                    0.9686931371688843,
                    0.24826109409332275,
                    1.000772476196289
                ],
                [
                    0.0,
                    0.0,
                    0.0,
                    1.0
                ]
            ]
        },
        {
            "file_path": "/data/shapenet_blender/all_50_random/02958343/d0ea101dad5bc464a134736201a79843/r_21",
            "rotation": 0.12566370614359174,
            "transform_matrix": [
                [
                    0.8668742775917053,
                    -0.05646749958395958,
                    -0.49531856179237366,
                    -1.9966931343078613
                ],
                [
                    -0.4985269606113434,
                    -0.09818972647190094,
                    -0.8612952828407288,
                    -3.4719924926757812
                ],
                [
                    -3.725290742551124e-09,
                    0.9935643076896667,
                    -0.11326871812343597,
                    -0.4566008448600769
                ],
                [
                    0.0,
                    0.0,
                    0.0,
                    1.0
                ]
            ]
        },
        {
            "file_path": "/data/shapenet_blender/all_50_random/02958343/d0ea101dad5bc464a134736201a79843/r_22",
            "rotation": 0.12566370614359174,
            "transform_matrix": [
                [
                    -0.8345144987106323,
                    -0.28529202938079834,
                    0.4713746905326843,
                    1.9001718759536743
                ],
                [
                    0.5509860515594482,
                    -0.4320986866950989,
                    0.7139363884925842,
                    2.877969264984131
                ],
                [
                    1.4901161193847656e-08,
                    0.855510950088501,
                    0.517784595489502,
                    2.0872561931610107
                ],
                [
                    0.0,
                    0.0,
                    0.0,
                    1.0
                ]
            ]
        },
        {
            "file_path": "/data/shapenet_blender/all_50_random/02958343/d0ea101dad5bc464a134736201a79843/r_23",
            "rotation": 0.12566370614359174,
            "transform_matrix": [
                [
                    -0.018584029749035835,
                    0.08989250659942627,
                    0.9957781434059143,
                    4.0141096115112305
                ],
                [
                    0.9998273253440857,
                    0.0016708537004888058,
                    0.01850876770913601,
                    0.07461121678352356
                ],
                [
                    -1.1641530794914701e-10,
                    0.9959501028060913,
                    -0.08990803360939026,
                    -0.3624308407306671
                ],
                [
                    0.0,
                    0.0,
                    0.0,
                    1.0
                ]
            ]
        },
        {
            "file_path": "/data/shapenet_blender/all_50_random/02958343/d0ea101dad5bc464a134736201a79843/r_24",
            "rotation": 0.12566370614359174,
            "transform_matrix": [
                [
                    0.930833101272583,
                    0.010663221590220928,
                    -0.3652890622615814,
                    -1.472527265548706
                ],
                [
                    -0.36544468998908997,
                    0.027160553261637688,
                    -0.9304366707801819,
                    -3.7507102489471436
                ],
                [
                    9.313225746154785e-10,
                    0.9995743036270142,
                    0.02917875349521637,
                    0.11762331426143646
                ],
                [
                    0.0,
                    0.0,
                    0.0,
                    1.0
                ]
            ]
        },
        {
            "file_path": "/data/shapenet_blender/all_50_random/02958343/d0ea101dad5bc464a134736201a79843/r_25",
            "rotation": 0.12566370614359174,
            "transform_matrix": [
                [
                    0.790302574634552,
                    0.04065790772438049,
                    0.6113662719726562,
                    2.464496374130249
                ],
                [
                    0.612716794013977,
                    -0.05244193226099014,
                    -0.788560688495636,
                    -3.1787898540496826
                ],
                [
                    3.725290298461914e-09,
                    0.9977959990501404,
                    -0.06635677069425583,
                    -0.26749271154403687
                ],
                [
                    0.0,
                    0.0,
                    0.0,
                    1.0
                ]
            ]
        },
        {
            "file_path": "/data/shapenet_blender/all_50_random/02958343/d0ea101dad5bc464a134736201a79843/r_26",
            "rotation": 0.12566370614359174,
            "transform_matrix": [
                [
                    0.3436509370803833,
                    0.8144291043281555,
                    0.46755659580230713,
                    1.884781002998352
                ],
                [
                    0.9390974640846252,
                    -0.2980301082134247,
                    -0.17109645903110504,
                    -0.6897119283676147
                ],
                [
                    0.0,
                    0.49787867069244385,
                    -0.8672466278076172,
                    -3.495983123779297
                ],
                [
                    0.0,
                    0.0,
                    0.0,
                    1.0
                ]
            ]
        },
        {
            "file_path": "/data/shapenet_blender/all_50_random/02958343/d0ea101dad5bc464a134736201a79843/r_27",
            "rotation": 0.12566370614359174,
            "transform_matrix": [
                [
                    -0.21454085409641266,
                    -0.20229855179786682,
                    -0.9555351734161377,
                    -3.8518855571746826
                ],
                [
                    -0.9767150282859802,
                    0.04443599283695221,
                    0.20988857746124268,
                    0.8460879325866699
                ],
                [
                    0.0,
                    0.9783152341842651,
                    -0.2071213722229004,
                    -0.8349329829216003
                ],
                [
                    0.0,
                    0.0,
                    0.0,
                    1.0
                ]
            ]
        },
        {
            "file_path": "/data/shapenet_blender/all_50_random/02958343/d0ea101dad5bc464a134736201a79843/r_28",
            "rotation": 0.12566370614359174,
            "transform_matrix": [
                [
                    0.42569413781166077,
                    0.5555005073547363,
                    -0.7142854332923889,
                    -2.8793766498565674
                ],
                [
                    -0.9048670530319214,
                    0.2613348662853241,
                    -0.3360351324081421,
                    -1.3546009063720703
                ],
                [
                    1.4901160305669237e-08,
                    0.7893816232681274,
                    0.6139028072357178,
                    2.4747214317321777
                ],
                [
                    0.0,
                    0.0,
                    0.0,
                    1.0
                ]
            ]
        },
        {
            "file_path": "/data/shapenet_blender/all_50_random/02958343/d0ea101dad5bc464a134736201a79843/r_29",
            "rotation": 0.12566370614359174,
            "transform_matrix": [
                [
                    0.9390180110931396,
                    0.14445860683918,
                    0.31205278635025024,
                    1.2579251527786255
                ],
                [
                    0.34386810660362244,
                    -0.39448046684265137,
                    -0.852138340473175,
                    -3.43507981300354
                ],
                [
                    1.4901162970204496e-08,
                    0.9074782133102417,
                    -0.4200989305973053,
                    -1.6934731006622314
                ],
                [
                    0.0,
                    0.0,
                    0.0,
                    1.0
                ]
            ]
        },
        {
            "file_path": "/data/shapenet_blender/all_50_random/02958343/d0ea101dad5bc464a134736201a79843/r_30",
            "rotation": 0.12566370614359174,
            "transform_matrix": [
                [
                    -0.9970510601997375,
                    -0.05358217656612396,
                    0.05493822693824768,
                    0.22146308422088623
                ],
                [
                    0.07674150913953781,
                    -0.6961572766304016,
                    0.7137755751609802,
                    2.877321720123291
                ],
                [
                    -3.725290742551124e-09,
                    0.7158868312835693,
                    0.6982162594795227,
                    2.8145999908447266
                ],
                [
                    0.0,
                    0.0,
                    0.0,
                    1.0
                ]
            ]
        },
        {
            "file_path": "/data/shapenet_blender/all_50_random/02958343/d0ea101dad5bc464a134736201a79843/r_31",
            "rotation": 0.12566370614359174,
            "transform_matrix": [
                [
                    0.08662555366754532,
                    0.49739113450050354,
                    0.8631905913352966,
                    3.479632616043091
                ],
                [
                    0.9962409734725952,
                    -0.04324936121702194,
                    -0.07505650818347931,
                    -0.3025624752044678
                ],
                [
                    0.0,
                    0.8664476275444031,
                    -0.49926790595054626,
                    -2.012613296508789
                ],
                [
                    0.0,
                    0.0,
                    0.0,
                    1.0
                ]
            ]
        },
        {
            "file_path": "/data/shapenet_blender/all_50_random/02958343/d0ea101dad5bc464a134736201a79843/r_32",
            "rotation": 0.12566370614359174,
            "transform_matrix": [
                [
                    -0.8647124171257019,
                    0.03714203089475632,
                    0.5008920431137085,
                    2.019160747528076
                ],
                [
                    0.5022673010826111,
                    0.06394439190626144,
                    0.8623448014259338,
                    3.4762232303619385
                ],
                [
                    -3.725290298461914e-09,
                    0.9972620010375977,
                    -0.07394872605800629,
                    -0.2980968654155731
                ],
                [
                    0.0,
                    0.0,
                    0.0,
                    1.0
                ]
            ]
        },
        {
            "file_path": "/data/shapenet_blender/all_50_random/02958343/d0ea101dad5bc464a134736201a79843/r_33",
            "rotation": 0.12566370614359174,
            "transform_matrix": [
                [
                    -0.3993235230445862,
                    0.04909777268767357,
                    0.915494441986084,
                    3.690476179122925
                ],
                [
                    0.9168100953102112,
                    0.02138490416109562,
                    0.3987504839897156,
                    1.6074146032333374
                ],
                [
                    0.0,
                    0.9985650777816772,
                    -0.05355282127857208,
                    -0.21587832272052765
                ],
                [
                    0.0,
                    0.0,
                    0.0,
                    1.0
                ]
            ]
        },
        {
            "file_path": "/data/shapenet_blender/all_50_random/02958343/d0ea101dad5bc464a134736201a79843/r_34",
            "rotation": 0.12566370614359174,
            "transform_matrix": [
                [
                    -0.7115834355354309,
                    -0.2513093054294586,
                    0.6561194062232971,
                    2.644901990890503
                ],
                [
                    0.7026016712188721,
                    -0.2545219361782074,
                    0.6645069718360901,
                    2.678713321685791
                ],
                [
                    -1.4901162970204496e-08,
                    0.9338427186012268,
                    0.357683926820755,
                    1.4418699741363525
                ],
                [
                    0.0,
                    0.0,
                    0.0,
                    1.0
                ]
            ]
        },
        {
            "file_path": "/data/shapenet_blender/all_50_random/02958343/d0ea101dad5bc464a134736201a79843/r_35",
            "rotation": 0.12566370614359174,
            "transform_matrix": [
                [
                    -0.16929872334003448,
                    0.2853143513202667,
                    -0.9433629512786865,
                    -3.8028175830841064
                ],
                [
                    -0.9855648279190063,
                    -0.04901083931326866,
                    0.16204936802387238,
                    0.6532418727874756
                ],
                [
                    0.0,
                    0.9571799635887146,
                    0.28949326276779175,
                    1.1669846773147583
                ],
                [
                    0.0,
                    0.0,
                    0.0,
                    1.0
                ]
            ]
        },
        {
            "file_path": "/data/shapenet_blender/all_50_random/02958343/d0ea101dad5bc464a134736201a79843/r_36",
            "rotation": 0.12566370614359174,
            "transform_matrix": [
                [
                    -0.25370413064956665,
                    -0.08867061883211136,
                    0.9632090330123901,
                    3.882819890975952
                ],
                [
                    0.9672818779945374,
                    -0.023257030174136162,
                    0.2526358962059021,
                    1.0184078216552734
                ],
                [
                    0.0,
                    0.9957894682884216,
                    0.09166988730430603,
                    0.36953312158584595
                ],
                [
                    0.0,
                    0.0,
                    0.0,
                    1.0
                ]
            ]
        },
        {
            "file_path": "/data/shapenet_blender/all_50_random/02958343/d0ea101dad5bc464a134736201a79843/r_37",
            "rotation": 0.12566370614359174,
            "transform_matrix": [
                [
                    -0.3454657196998596,
                    -0.21459467709064484,
                    0.9135658144950867,
                    3.682701587677002
                ],
                [
                    0.9384313225746155,
                    -0.07899896800518036,
                    0.3363119661808014,
                    1.3557169437408447
                ],
                [
                    0.0,
                    0.9735031127929688,
                    0.2286737859249115,
                    0.9218134880065918
                ],
                [
                    0.0,
                    0.0,
                    0.0,
                    1.0
                ]
            ]
        },
        {
            "file_path": "/data/shapenet_blender/all_50_random/02958343/d0ea101dad5bc464a134736201a79843/r_38",
            "rotation": 0.12566370614359174,
            "transform_matrix": [
                [
                    -0.6637870669364929,
                    0.6319347023963928,
                    -0.4000566899776459,
                    -1.612680196762085
                ],
                [
                    -0.7479216456413269,
                    -0.5608476400375366,
                    0.3550538420677185,
                    1.4312679767608643
                ],
                [
                    0.0,
                    0.5348912477493286,
                    0.8449208736419678,
                    3.405985116958618
                ],
                [
                    0.0,
                    0.0,
                    0.0,
                    1.0
                ]
            ]
        },
        {
            "file_path": "/data/shapenet_blender/all_50_random/02958343/d0ea101dad5bc464a134736201a79843/r_39",
            "rotation": 0.12566370614359174,
            "transform_matrix": [
                [
                    0.5115479826927185,
                    -0.6013328433036804,
                    0.6137730479240417,
                    2.474198341369629
                ],
                [
                    0.8592547178268433,
                    0.35799700021743774,
                    -0.3654031455516815,
                    -1.472987174987793
                ],
                [
                    0.0,
                    0.7143086194992065,
                    0.6998307704925537,
                    2.821108102798462
                ],
                [
                    0.0,
                    0.0,
                    0.0,
                    1.0
                ]
            ]
        },
        {
            "file_path": "/data/shapenet_blender/all_50_random/02958343/d0ea101dad5bc464a134736201a79843/r_40",
            "rotation": 0.12566370614359174,
            "transform_matrix": [
                [
                    -0.9642099738121033,
                    0.25182870030403137,
                    -0.08295506238937378,
                    -0.33440256118774414
                ],
                [
                    -0.2651400566101074,
                    -0.9158018231391907,
                    0.30167487263679504,
                    1.2160903215408325
                ],
                [
                    -7.450580596923828e-09,
                    0.3128724992275238,
                    0.949795126914978,
                    3.8287465572357178
                ],
                [
                    0.0,
                    0.0,
                    0.0,
                    1.0
                ]
            ]
        },
        {
            "file_path": "/data/shapenet_blender/all_50_random/02958343/d0ea101dad5bc464a134736201a79843/r_41",
            "rotation": 0.12566370614359174,
            "transform_matrix": [
                [
                    0.9774936437606812,
                    0.029950648546218872,
                    -0.20882809162139893,
                    -0.8418128490447998
                ],
                [
                    -0.21096494793891907,
                    0.1387745589017868,
                    -0.9675926566123962,
                    -3.9004902839660645
                ],
                [
                    0.0,
