{
    "class": "02958343",
    "model": "f37c7ab91bef514b4125854591376336",
    "remove_doubles": true,
    "edge_split": true,
    "denoise": true,
    "camera_angle_x": 0.6911112070083618,
    "scale_factor": 2.253930019040674,
    "hdri_file": "/data/IndoorHDRDataset2018/9C4A9316-e66248150e.exr",
    "center_offset": [
        0.0,
        0.0,
        -3.725290298461914e-09
    ],
    "lights": [],
    "frames": [
        {
            "file_path": "/data/shapenet_blender/all_50_random/02958343/f37c7ab91bef514b4125854591376336/r_0",
            "rotation": 0.12566370614359174,
            "transform_matrix": [
                [
                    0.8140632510185242,
                    0.3669714331626892,
                    -0.450147807598114,
                    -1.8146039247512817
                ],
                [
                    -0.5807763338088989,
                    0.5143769383430481,
                    -0.6309636831283569,
                    -2.5434961318969727
                ],
                [
                    0.0,
                    0.7750794887542725,
                    0.6318635940551758,
                    2.547123908996582
                ],
                [
                    0.0,
                    0.0,
                    0.0,
                    1.0
                ]
            ]
        },
        {
            "file_path": "/data/shapenet_blender/all_50_random/02958343/f37c7ab91bef514b4125854591376336/r_1",
            "rotation": 0.12566370614359174,
            "transform_matrix": [
                [
                    -0.9772796034812927,
                    0.05816700682044029,
                    -0.20381636917591095,
                    -0.8216100931167603
                ],
                [
                    -0.2119540125131607,
                    -0.2681970000267029,
                    0.9397584199905396,
                    3.788287401199341
                ],
                [
                    -3.7252898543727042e-09,
                    0.961606502532959,
                    0.27443215250968933,
                    1.1062713861465454
                ],
                [
                    0.0,
                    0.0,
                    0.0,
                    1.0
                ]
            ]
        },
        {
            "file_path": "/data/shapenet_blender/all_50_random/02958343/f37c7ab91bef514b4125854591376336/r_2",
            "rotation": 0.12566370614359174,
            "transform_matrix": [
                [
                    0.4084893465042114,
                    0.7776997685432434,
                    0.477827787399292,
                    1.9261853694915771
                ],
                [
                    0.9127631187438965,
                    -0.34804439544677734,
                    -0.213842511177063,
                    -0.8620266914367676
                ],
                [
                    0.0,
                    0.5234960913658142,
                    -0.8520281314849854,
                    -3.4346351623535156
                ],
                [
                    0.0,
                    0.0,
                    0.0,
                    1.0
                ]
            ]
        },
        {
            "file_path": "/data/shapenet_blender/all_50_random/02958343/f37c7ab91bef514b4125854591376336/r_3",
            "rotation": 0.12566370614359174,
            "transform_matrix": [
                [
                    -0.8587197065353394,
                    -0.014150389470160007,
                    -0.5122501254081726,
                    -2.064946413040161
                ],
                [
                    -0.5124455690383911,
                    0.023712212219834328,
                    0.8583922386169434,
                    3.460289716720581
                ],
                [
                    -9.313225746154785e-10,
                    0.999618649482727,
                    -0.027613447979092598,
                    -0.11131337285041809
                ],
                [
                    0.0,
                    0.0,
                    0.0,
                    1.0
                ]
            ]
        },
        {
            "file_path": "/data/shapenet_blender/all_50_random/02958343/f37c7ab91bef514b4125854591376336/r_4",
            "rotation": 0.12566370614359174,
            "transform_matrix": [
                [
                    0.940320611000061,
                    -0.15245404839515686,
                    0.30422842502593994,
                    1.226384162902832
                ],
                [
                    0.3402898609638214,
                    0.42127519845962524,
                    -0.8406722545623779,
                    -3.3888585567474365
                ],
                [
                    -1.4901161193847656e-08,
                    0.8940272927284241,
                    0.44801226258277893,
                    1.8059953451156616
                ],
                [
                    0.0,
                    0.0,
                    0.0,
                    1.0
                ]
            ]
        },
        {
            "file_path": "/data/shapenet_blender/all_50_random/02958343/f37c7ab91bef514b4125854591376336/r_5",
            "rotation": 0.12566370614359174,
            "transform_matrix": [
                [
                    0.7486510872840881,
                    -0.20856355130672455,
                    0.6293033361434937,
                    2.5368032455444336
                ],
                [
                    0.6629642248153687,
                    0.23552000522613525,
                    -0.7106396555900574,
                    -2.864680290222168
                ],
                [
                    0.0,
                    0.9492267966270447,
                    0.3145924508571625,
                    1.2681628465652466
                ],
                [
                    0.0,
                    0.0,
                    0.0,
                    1.0
                ]
            ]
        },
        {
            "file_path": "/data/shapenet_blender/all_50_random/02958343/f37c7ab91bef514b4125854591376336/r_6",
            "rotation": 0.12566370614359174,
            "transform_matrix": [
                [
                    -0.911223828792572,
                    -0.0748918280005455,
                    -0.4050463140010834,
                    -1.63279390335083
                ],
                [
                    -0.41191181540489197,
                    0.1656743437051773,
                    0.8960360884666443,
                    3.612036943435669
                ],
                [
                    0.0,
                    0.983332633972168,
                    -0.1818152368068695,
                    -0.7329206466674805
                ],
                [
                    0.0,
                    0.0,
                    0.0,
                    1.0
                ]
            ]
        },
        {
            "file_path": "/data/shapenet_blender/all_50_random/02958343/f37c7ab91bef514b4125854591376336/r_7",
            "rotation": 0.12566370614359174,
            "transform_matrix": [
                [
                    0.0027966115158051252,
                    -0.3167501389980316,
                    -0.9485048651695251,
                    -3.823545455932617
                ],
                [
                    -0.9999960660934448,
                    -0.0008858306100592017,
                    -0.0026526101864874363,
                    -0.010693013668060303
                ],
                [
                    -5.8207657444020455e-11,
                    0.9485085010528564,
                    -0.3167513906955719,
                    -1.2768657207489014
                ],
                [
                    0.0,
                    0.0,
                    0.0,
                    1.0
                ]
            ]
        },
        {
            "file_path": "/data/shapenet_blender/all_50_random/02958343/f37c7ab91bef514b4125854591376336/r_8",
            "rotation": 0.12566370614359174,
            "transform_matrix": [
                [
                    -0.8806149959564209,
                    0.45372363924980164,
                    0.1365724354982376,
                    0.5505411028862
                ],
                [
                    0.4738324284553528,
                    0.8432429432868958,
                    0.25381913781166077,
                    1.0231776237487793
                ],
                [
                    0.0,
                    0.2882296144962311,
                    -0.9575614333152771,
                    -3.860053539276123
                ],
                [
                    0.0,
                    0.0,
                    0.0,
                    1.0
                ]
            ]
        },
        {
            "file_path": "/data/shapenet_blender/all_50_random/02958343/f37c7ab91bef514b4125854591376336/r_9",
            "rotation": 0.12566370614359174,
            "transform_matrix": [
                [
                    0.08987198024988174,
                    -0.6772905588150024,
                    0.730205774307251,
                    2.9435536861419678
                ],
                [
                    0.9959532618522644,
                    0.061116766184568405,
                    -0.06589168310165405,
                    -0.26561787724494934
                ],
                [
                    0.0,
                    0.7331727147102356,
                    0.6800425052642822,
                    2.7413389682769775
                ],
                [
                    0.0,
                    0.0,
                    0.0,
                    1.0
                ]
            ]
        },
        {
            "file_path": "/data/shapenet_blender/all_50_random/02958343/f37c7ab91bef514b4125854591376336/r_10",
            "rotation": 0.12566370614359174,
            "transform_matrix": [
                [
                    0.08250223100185394,
                    -0.8240534663200378,
                    0.5604722499847412,
                    2.259335994720459
                ],
                [
                    0.996590793132782,
                    0.06821882724761963,
                    -0.04639839753508568,
                    -0.18703791499137878
                ],
                [
                    0.0,
                    0.562389612197876,
                    0.8268724083900452,
                    3.3332290649414062
                ],
                [
                    0.0,
                    0.0,
                    0.0,
                    1.0
                ]
            ]
        },
        {
            "file_path": "/data/shapenet_blender/all_50_random/02958343/f37c7ab91bef514b4125854591376336/r_11",
            "rotation": 0.12566370614359174,
            "transform_matrix": [
                [
                    0.7946171164512634,
                    0.057336799800395966,
                    0.6043973565101624,
                    2.436403751373291
                ],
                [
                    0.6071109771728516,
                    -0.07504525780677795,
                    -0.7910653948783875,
                    -3.1888866424560547
                ],
                [
                    0.0,
                    0.9955302476882935,
                    -0.09444204717874527,
                    -0.38070806860923767
                ],
                [
                    0.0,
                    0.0,
                    0.0,
                    1.0
                ]
            ]
        },
        {
            "file_path": "/data/shapenet_blender/all_50_random/02958343/f37c7ab91bef514b4125854591376336/r_12",
            "rotation": 0.12566370614359174,
            "transform_matrix": [
                [
                    -0.12306949496269226,
                    -0.5857939124107361,
                    -0.8010613918304443,
                    -3.2291817665100098
                ],
                [
                    -0.9923981428146362,
                    0.07264559715986252,
                    0.09934139251708984,
                    0.4004579484462738
                ],
                [
                    0.0,
                    0.8071975111961365,
                    -0.5902812480926514,
                    -2.379499912261963
                ],
                [
                    0.0,
                    0.0,
                    0.0,
                    1.0
                ]
            ]
        },
        {
            "file_path": "/data/shapenet_blender/all_50_random/02958343/f37c7ab91bef514b4125854591376336/r_13",
            "rotation": 0.12566370614359174,
            "transform_matrix": [
                [
                    0.9963805079460144,
                    -0.05494434013962746,
                    -0.06486107409000397,
                    -0.26146337389945984
                ],
                [
                    -0.08500494062900543,
                    -0.6440268754959106,
                    -0.7602653503417969,
                    -3.064727783203125
                ],
                [
                    0.0,
                    0.7630271315574646,
                    -0.6463663578033447,
                    -2.605586290359497
                ],
                [
                    0.0,
                    0.0,
                    0.0,
                    1.0
                ]
            ]
        },
        {
            "file_path": "/data/shapenet_blender/all_50_random/02958343/f37c7ab91bef514b4125854591376336/r_14",
            "rotation": 0.12566370614359174,
            "transform_matrix": [
                [
                    -0.4142925441265106,
                    -0.5430116057395935,
                    -0.7304108738899231,
                    -2.944380521774292
                ],
                [
                    -0.9101437926292419,
                    0.24717596173286438,
                    0.3324791193008423,
                    1.340266227722168
                ],
                [
                    -1.4901160305669237e-08,
                    0.8025224804878235,
                    -0.5966218113899231,
                    -2.405059337615967
                ],
                [
                    0.0,
                    0.0,
                    0.0,
                    1.0
                ]
            ]
        },
        {
            "file_path": "/data/shapenet_blender/all_50_random/02958343/f37c7ab91bef514b4125854591376336/r_15",
            "rotation": 0.12566370614359174,
            "transform_matrix": [
                [
                    0.9694944024085999,
                    -0.14218732714653015,
                    0.19965779781341553,
                    0.8048464059829712
                ],
                [
                    0.24511320888996124,
                    0.56239253282547,
                    -0.7897050380706787,
                    -3.1834030151367188
                ],
                [
                    -7.450580152834618e-09,
                    0.8145535588264465,
                    0.5800883769989014,
                    2.338411331176758
                ],
                [
                    0.0,
                    0.0,
                    0.0,
                    1.0
                ]
            ]
        },
        {
            "file_path": "/data/shapenet_blender/all_50_random/02958343/f37c7ab91bef514b4125854591376336/r_16",
            "rotation": 0.12566370614359174,
            "transform_matrix": [
                [
                    -0.2400042563676834,
                    0.522599458694458,
                    -0.818100094795227,
                    -3.2978670597076416
                ],
                [
                    -0.970771849155426,
                    -0.1292024403810501,
                    0.20225916802883148,
                    0.8153327703475952
                ],
                [
                    0.0,
                    0.8427314758300781,
                    0.5383339524269104,
                    2.170093536376953
                ],
                [
                    0.0,
                    0.0,
                    0.0,
                    1.0
                ]
            ]
        },
        {
            "file_path": "/data/shapenet_blender/all_50_random/02958343/f37c7ab91bef514b4125854591376336/r_17",
            "rotation": 0.12566370614359174,
            "transform_matrix": [
                [
                    0.6471113562583923,
                    -0.6090413928031921,
                    -0.45860159397125244,
                    -1.8486822843551636
                ],
                [
                    -0.7623955011367798,
                    -0.5169463753700256,
                    -0.3892550468444824,
                    -1.569137454032898
                ],
                [
                    1.4901161193847656e-08,
                    0.6015270948410034,
                    -0.7988522052764893,
                    -3.2202765941619873
                ],
                [
                    0.0,
                    0.0,
                    0.0,
                    1.0
                ]
            ]
        },
        {
            "file_path": "/data/shapenet_blender/all_50_random/02958343/f37c7ab91bef514b4125854591376336/r_18",
            "rotation": 0.12566370614359174,
            "transform_matrix": [
                [
                    0.7957953214645386,
                    -0.3711124658584595,
                    0.47852417826652527,
                    1.9289926290512085
                ],
                [
                    0.6055657267570496,
                    0.4876919984817505,
                    -0.6288455128669739,
                    -2.5349574089050293
                ],
                [
                    1.4901161193847656e-08,
                    0.7902100682258606,
                    0.6128360033035278,
                    2.4704208374023438
                ],
                [
                    0.0,
                    0.0,
                    0.0,
                    1.0
                ]
            ]
        },
        {
            "file_path": "/data/shapenet_blender/all_50_random/02958343/f37c7ab91bef514b4125854591376336/r_19",
            "rotation": 0.12566370614359174,
            "transform_matrix": [
                [
                    -0.4897345304489136,
                    -0.6755340695381165,
                    0.5511929988861084,
                    2.2219302654266357
                ],
                [
                    0.8718717098236084,
                    -0.3794507384300232,
                    0.30960777401924133,
                    1.248068928718567
                ],
                [
                    -1.4901162970204496e-08,
                    0.6321951150894165,
                    0.7748090624809265,
                    3.1233553886413574
                ],
                [
                    0.0,
                    0.0,
                    0.0,
                    1.0
                ]
            ]
        },
        {
            "file_path": "/data/shapenet_blender/all_50_random/02958343/f37c7ab91bef514b4125854591376336/r_20",
            "rotation": 0.12566370614359174,
            "transform_matrix": [
                [
                    0.9260985255241394,
                    0.2293291538953781,
                    0.29958251118659973,
                    1.207655668258667
                ],
                [
                    0.3772817850112915,
                    -0.5629251003265381,
                    -0.7353731989860535,
                    -2.964384078979492
                ],
                [
                    1.4901161193847656e-08,
                    0.7940549254417419,
                    -0.6078457832336426,
                    -2.4503047466278076
                ],
                [
                    0.0,
                    0.0,
                    0.0,
                    1.0
                ]
            ]
        },
        {
            "file_path": "/data/shapenet_blender/all_50_random/02958343/f37c7ab91bef514b4125854591376336/r_21",
            "rotation": 0.12566370614359174,
            "transform_matrix": [
                [
                    -0.40342938899993896,
                    -0.08689087629318237,
                    0.9108757376670837,
                    3.6718575954437256
                ],
                [
                    0.9150106906890869,
                    -0.038310300558805466,
                    0.4016062915325165,
                    1.618926763534546
                ],
                [
                    0.0,
                    0.9954809546470642,
                    0.09496158361434937,
                    0.38280239701271057
                ],
                [
                    0.0,
                    0.0,
                    0.0,
                    1.0
                ]
            ]
        },
        {
            "file_path": "/data/shapenet_blender/all_50_random/02958343/f37c7ab91bef514b4125854591376336/r_22",
            "rotation": 0.12566370614359174,
            "transform_matrix": [
                [
                    0.6911043524742126,
                    -0.2806466519832611,
                    0.666042149066925,
                    2.6849019527435303
                ],
                [
                    0.7227550148963928,
                    0.26835668087005615,
                    -0.6368750929832458,
                    -2.5673258304595947
                ],
                [
                    0.0,
                    0.9215325713157654,
                    0.38830119371414185,
                    1.5652923583984375
                ],
                [
                    0.0,
                    0.0,
                    0.0,
                    1.0
                ]
            ]
        },
        {
            "file_path": "/data/shapenet_blender/all_50_random/02958343/f37c7ab91bef514b4125854591376336/r_23",
            "rotation": 0.12566370614359174,
            "transform_matrix": [
                [
                    -0.9950151443481445,
                    -0.09502007812261581,
                    -0.030267896130681038,
                    -0.12201380729675293
                ],
                [
                    -0.0997244343161583,
                    0.9480767846107483,
                    0.3020024001598358,
                    1.217410683631897
                ],
                [
                    -1.862645371275562e-09,
                    0.30351537466049194,
                    -0.9528263807296753,
                    -3.8409664630889893
                ],
                [
                    0.0,
                    0.0,
                    0.0,
                    1.0
                ]
            ]
        },
        {
            "file_path": "/data/shapenet_blender/all_50_random/02958343/f37c7ab91bef514b4125854591376336/r_24",
            "rotation": 0.12566370614359174,
            "transform_matrix": [
                [
                    -0.37743905186653137,
                    -0.05382535234093666,
                    -0.9244688153266907,
                    -3.7266528606414795
                ],
                [
                    -0.9260344505310059,
                    0.02193848229944706,
                    0.37680092453956604,
                    1.5189330577850342
                ],
                [
                    0.0,
                    0.998309314250946,
                    -0.05812457203865051,
                    -0.23430763185024261
                ],
                [
                    0.0,
                    0.0,
                    0.0,
                    1.0
                ]
            ]
        },
        {
            "file_path": "/data/shapenet_blender/all_50_random/02958343/f37c7ab91bef514b4125854591376336/r_25",
            "rotation": 0.12566370614359174,
            "transform_matrix": [
                [
                    0.9551244378089905,
                    0.004009637050330639,
                    -0.2961779236793518,
                    -1.1939313411712646
                ],
                [
                    -0.296205073595047,
                    0.012929228134453297,
                    -0.9550368785858154,
                    -3.849876880645752
                ],
                [
                    6.984919309616089e-10,
                    0.9999083876609802,
                    0.013536695390939713,
                    0.05456816405057907
                ],
                [
                    0.0,
                    0.0,
                    0.0,
                    1.0
                ]
            ]
        },
        {
            "file_path": "/data/shapenet_blender/all_50_random/02958343/f37c7ab91bef514b4125854591376336/r_26",
            "rotation": 0.12566370614359174,
            "transform_matrix": [
                [
                    0.09073702991008759,
                    -0.21202117204666138,
                    -0.9730435609817505,
                    -3.92246413230896
                ],
                [
                    -0.9958750009536743,
                    -0.019317857921123505,
                    -0.08865679800510406,
                    -0.357386976480484
                ],
                [
                    1.862645371275562e-09,
                    0.977074146270752,
                    -0.21289938688278198,
                    -0.8582248687744141
                ],
                [
                    0.0,
                    0.0,
                    0.0,
                    1.0
                ]
            ]
        },
        {
            "file_path": "/data/shapenet_blender/all_50_random/02958343/f37c7ab91bef514b4125854591376336/r_27",
            "rotation": 0.12566370614359174,
            "transform_matrix": [
                [
                    0.5922567248344421,
                    -0.5363037586212158,
                    0.6013402342796326,
                    2.4240803718566895
                ],
                [
                    0.8057492971420288,
                    0.39420390129089355,
                    -0.44200825691223145,
                    -1.781792402267456
                ],
                [
                    1.4901162970204496e-08,
                    0.7463119029998779,
                    0.6655962467193604,
                    2.6831045150756836
                ],
                [
                    0.0,
                    0.0,
                    0.0,
                    1.0
                ]
            ]
        },
        {
            "file_path": "/data/shapenet_blender/all_50_random/02958343/f37c7ab91bef514b4125854591376336/r_28",
            "rotation": 0.12566370614359174,
            "transform_matrix": [
                [
                    0.30195608735084534,
                    0.6171868443489075,
                    -0.7265691757202148,
                    -2.928894281387329
                ],
                [
                    -0.9533217549324036,
                    0.19548837840557098,
                    -0.23013423383235931,
                    -0.9277008771896362
                ],
                [
                    0.0,
                    0.7621447443962097,
                    0.6474065780639648,
                    2.6097795963287354
                ],
                [
                    0.0,
                    0.0,
                    0.0,
                    1.0
                ]
            ]
        },
        {
            "file_path": "/data/shapenet_blender/all_50_random/02958343/f37c7ab91bef514b4125854591376336/r_29",
            "rotation": 0.12566370614359174,
            "transform_matrix": [
                [
                    0.980843186378479,
                    -0.06871091574430466,
                    0.18227887153625488,
                    0.7347896099090576
                ],
                [
                    0.19479936361312866,
                    0.3459694981575012,
                    -0.917800784111023,
                    -3.6997733116149902
                ],
                [
                    0.0,
                    0.9357262849807739,
                    0.3527267277240753,
                    1.421886920928955
                ],
                [
                    0.0,
                    0.0,
                    0.0,
                    1.0
                ]
            ]
        },
        {
            "file_path": "/data/shapenet_blender/all_50_random/02958343/f37c7ab91bef514b4125854591376336/r_30",
            "rotation": 0.12566370614359174,
            "transform_matrix": [
                [
                    -0.365616112947464,
                    0.3834308683872223,
                    0.848118782043457,
                    3.4188764095306396
                ],
                [
                    0.9307657480239868,
                    0.15061631798744202,
                    0.3331514000892639,
                    1.3429763317108154
                ],
                [
                    0.0,
                    0.9112054109573364,
                    -0.41195207834243774,
                    -1.6606320142745972
                ],
                [
                    0.0,
                    0.0,
                    0.0,
                    1.0
                ]
            ]
        },
        {
            "file_path": "/data/shapenet_blender/all_50_random/02958343/f37c7ab91bef514b4125854591376336/r_31",
            "rotation": 0.12566370614359174,
            "transform_matrix": [
                [
                    0.8280706405639648,
                    -0.08946097642183304,
                    -0.5534400343894958,
                    -2.230988025665283
                ],
                [
                    -0.5606239438056946,
                    -0.13213850557804108,
                    -0.8174596428871155,
                    -3.295285224914551
                ],
                [
                    -7.450581485102248e-09,
                    0.9871858954429626,
                    -0.1595739871263504,
                    -0.6432633399963379
                ],
                [
                    0.0,
                    0.0,
                    0.0,
                    1.0
                ]
            ]
        },
        {
            "file_path": "/data/shapenet_blender/all_50_random/02958343/f37c7ab91bef514b4125854591376336/r_32",
            "rotation": 0.12566370614359174,
            "transform_matrix": [
                [
                    -0.9973950386047363,
                    0.05586228519678116,
                    -0.0456356480717659,
                    -0.18396317958831787
                ],
                [
                    -0.07213326543569565,
                    -0.7724142670631409,
                    0.6310093402862549,
                    2.54367995262146
                ],
                [
                    -3.725290742551124e-09,
                    0.6326573491096497,
                    0.7744317650794983,
                    3.1218342781066895
                ],
                [
                    0.0,
                    0.0,
                    0.0,
                    1.0
                ]
            ]
        },
        {
            "file_path": "/data/shapenet_blender/all_50_random/02958343/f37c7ab91bef514b4125854591376336/r_33",
            "rotation": 0.12566370614359174,
            "transform_matrix": [
                [
                    -0.6466963887214661,
                    -0.376139760017395,
                    0.66355299949646,
                    2.674867868423462
                ],
                [
                    0.7627475261688232,
                    -0.31891053915023804,
                    0.5625941753387451,
                    2.267889976501465
                ],
                [
                    0.0,
                    0.8699511289596558,
                    0.4931379556655884,
                    1.9879027605056763
                ],
                [
                    0.0,
                    0.0,
                    0.0,
                    1.0
                ]
            ]
        },
        {
            "file_path": "/data/shapenet_blender/all_50_random/02958343/f37c7ab91bef514b4125854591376336/r_34",
            "rotation": 0.12566370614359174,
            "transform_matrix": [
                [
                    0.4988771378993988,
                    -0.6175735592842102,
                    -0.608049750328064,
                    -2.451127052307129
                ],
                [
                    -0.8666727542877197,
                    -0.3554897904396057,
                    -0.35000768303871155,
                    -1.410926103591919
                ],
                [
                    1.4901161193847656e-08,
                    0.701590895652771,
                    -0.7125799059867859,
                    -2.8725013732910156
                ],
                [
                    0.0,
                    0.0,
                    0.0,
                    1.0
                ]
            ]
        },
        {
            "file_path": "/data/shapenet_blender/all_50_random/02958343/f37c7ab91bef514b4125854591376336/r_35",
            "rotation": 0.12566370614359174,
            "transform_matrix": [
                [
                    0.9999993443489075,
                    0.0004978523938916624,
                    0.0010289050405845046,
                    0.004147648811340332
                ],
                [
                    0.001143023488111794,
                    -0.43555718660354614,
                    -0.9001603126525879,
                    -3.628662347793579
                ],
                [
                    0.0,
                    0.9001609086990356,
                    -0.43555748462677,
                    -1.7557883262634277
                ],
                [
                    0.0,
                    0.0,
                    0.0,
                    1.0
                ]
            ]
        },
        {
            "file_path": "/data/shapenet_blender/all_50_random/02958343/f37c7ab91bef514b4125854591376336/r_36",
            "rotation": 0.12566370614359174,
            "transform_matrix": [
                [
                    -0.9498712420463562,
                    0.2566569447517395,
                    0.1785266399383545,
                    0.7196639776229858
                ],
                [
                    0.3126412630081177,
                    0.7797788977622986,
                    0.5424022674560547,
                    2.1864936351776123
                ],
                [
                    1.4901161193847656e-08,
                    0.5710271596908569,
                    -0.820931077003479,
                    -3.309279203414917
                ],
                [
                    0.0,
                    0.0,
                    0.0,
                    1.0
                ]
            ]
        },
        {
            "file_path": "/data/shapenet_blender/all_50_random/02958343/f37c7ab91bef514b4125854591376336/r_37",
            "rotation": 0.12566370614359174,
            "transform_matrix": [
                [
                    0.8592045903205872,
                    -0.08100569248199463,
                    0.5051787495613098,
                    2.03644061088562
                ],
                [
                    0.5116322040557861,
                    0.13603612780570984,
                    -0.8483670949935913,
                    -3.419877052307129
                ],
                [
                    0.0,
                    0.9873865842819214,
                    0.15832796692848206,
                    0.6382404565811157
                ],
                [
                    0.0,
                    0.0,
                    0.0,
                    1.0
                ]
            ]
        },
        {
            "file_path": "/data/shapenet_blender/all_50_random/02958343/f37c7ab91bef514b4125854591376336/r_38",
            "rotation": 0.12566370614359174,
            "transform_matrix": [
                [
                    0.6288567781448364,
                    0.06743001192808151,
                    0.7745916843414307,
                    3.122479200363159
                ],
                [
                    0.7775211930274963,
                    -0.05453718453645706,
                    -0.6264873743057251,
                    -2.52545166015625
                ],
                [
                    0.0,
                    0.9962323904037476,
                    -0.08672432601451874,
                    -0.3495969772338867
                ],
                [
                    0.0,
                    0.0,
                    0.0,
                    1.0
                ]
            ]
        },
        {
            "file_path": "/data/shapenet_blender/all_50_random/02958343/f37c7ab91bef514b4125854591376336/r_39",
            "rotation": 0.12566370614359174,
            "transform_matrix": [
                [
                    -0.6335893869400024,
                    -0.04837404936552048,
                    -0.7721556425094604,
                    -3.112658977508545
                ],
                [
                    -0.773669421672821,
                    0.039615482091903687,
                    0.6323497295379639,
                    2.5490832328796387
                ],
                [
                    0.0,
                    0.998043417930603,
                    -0.06252546608448029,
                    -0.25204822421073914
                ],
                [
                    0.0,
                    0.0,
                    0.0,
                    1.0
                ]
            ]
        },
        {
            "file_path": "/data/shapenet_blender/all_50_random/02958343/f37c7ab91bef514b4125854591376336/r_40",
            "rotation": 0.12566370614359174,
            "transform_matrix": [
                [
                    -0.28602147102355957,
                    0.14756083488464355,
                    -0.9467933177947998,
                    -3.816645860671997
                ],
                [
                    -0.958223283290863,
                    -0.04404564946889877,
                    0.2826097309589386,
                    1.1392362117767334
                ],
                [
                    3.725290742551124e-09,
                    0.9880716800689697,
                    0.15399421751499176,
                    0.6207705736160278
                ],
                [
                    0.0,
                    0.0,
                    0.0,
                    1.0
                ]
            ]
        },
        {
            "file_path": "/data/shapenet_blender/all_50_random/02958343/f37c7ab91bef514b4125854591376336/r_41",
            "rotation": 0.12566370614359174,
            "transform_matrix": [
                [
                    0.9898243546485901,
                    0.00014998445112723857,
                    0.1422949731349945,
                    0.573609471321106
                ],
                [
                    0.14229509234428406,
                    -0.0010433127172291279,
                    -0.9898236393928528,
                    -3.9901070594787598
                ],
                [
                    1.4551916963090328e-11,
