{
    "class": "02958343",
    "model": "3a48188e012364f8921cb81cb1632a5e",
    "remove_doubles": true,
    "edge_split": true,
    "denoise": true,
    "camera_angle_x": 0.6911112070083618,
    "scale_factor": 2.260926751067043,
    "hdri_file": "/data/IndoorHDRDataset2018/AG8A2187-22219f93ae.exr",
    "center_offset": [
        0.0,
        -3.725290298461914e-09,
        0.0
    ],
    "lights": [],
    "frames": [
        {
            "file_path": "/data/shapenet_blender/all_50_random/02958343/3a48188e012364f8921cb81cb1632a5e/r_0",
            "rotation": 0.12566370614359174,
            "transform_matrix": [
                [
                    0.4807741045951843,
                    0.7649235725402832,
                    0.42865845561027527,
                    1.7279775142669678
                ],
                [
                    0.8768444657325745,
                    -0.4194078743457794,
                    -0.2350335717201233,
                    -0.9474506378173828
                ],
                [
                    1.4901160305669237e-08,
                    0.4888648986816406,
                    -0.8723595142364502,
                    -3.5165936946868896
                ],
                [
                    0.0,
                    0.0,
                    0.0,
                    1.0
                ]
            ]
        },
        {
            "file_path": "/data/shapenet_blender/all_50_random/02958343/3a48188e012364f8921cb81cb1632a5e/r_1",
            "rotation": 0.12566370614359174,
            "transform_matrix": [
                [
                    -0.9992399215698242,
                    -0.008598449639976025,
                    -0.0380222350358963,
                    -0.15327253937721252
                ],
                [
                    -0.03898235410451889,
                    0.2204052358865738,
                    0.9746291041374207,
                    3.9288556575775146
                ],
                [
                    0.0,
                    0.975370466709137,
                    -0.22057288885116577,
                    -0.889157772064209
                ],
                [
                    0.0,
                    0.0,
                    0.0,
                    1.0
                ]
            ]
        },
        {
            "file_path": "/data/shapenet_blender/all_50_random/02958343/3a48188e012364f8921cb81cb1632a5e/r_2",
            "rotation": 0.12566370614359174,
            "transform_matrix": [
                [
                    -0.3822054862976074,
                    0.18941307067871094,
                    -0.9044564962387085,
                    -3.6459810733795166
                ],
                [
                    -0.9240774512290955,
                    -0.07834269106388092,
                    0.3740900754928589,
                    1.5080054998397827
                ],
                [
                    -7.450581485102248e-09,
                    0.9787670373916626,
                    0.20497535169124603,
                    0.8262821435928345
                ],
                [
                    0.0,
                    0.0,
                    0.0,
                    1.0
                ]
            ]
        },
        {
            "file_path": "/data/shapenet_blender/all_50_random/02958343/3a48188e012364f8921cb81cb1632a5e/r_3",
            "rotation": 0.12566370614359174,
            "transform_matrix": [
                [
                    -0.9786801934242249,
                    -0.08047588914632797,
                    0.18896695971488953,
                    0.7617501616477966
                ],
                [
                    0.20538955926895142,
                    -0.3834671974182129,
                    0.9004265666007996,
                    3.6297354698181152
                ],
                [
                    0.0,
                    0.9200416207313538,
                    0.3918207287788391,
                    1.5794798135757446
                ],
                [
                    0.0,
                    0.0,
                    0.0,
                    1.0
                ]
            ]
        },
        {
            "file_path": "/data/shapenet_blender/all_50_random/02958343/3a48188e012364f8921cb81cb1632a5e/r_4",
            "rotation": 0.12566370614359174,
            "transform_matrix": [
                [
                    -0.2701483368873596,
                    0.9283115863800049,
                    0.2554548680782318,
                    1.0297715663909912
                ],
                [
                    0.9628188014030457,
                    0.2604662775993347,
                    0.07167569547891617,
                    0.28893396258354187
                ],
                [
                    -7.450581485102248e-09,
                    0.26531991362571716,
                    -0.9641605019569397,
                    -3.886655330657959
                ],
                [
                    0.0,
                    0.0,
                    0.0,
                    1.0
                ]
            ]
        },
        {
            "file_path": "/data/shapenet_blender/all_50_random/02958343/3a48188e012364f8921cb81cb1632a5e/r_5",
            "rotation": 0.12566370614359174,
            "transform_matrix": [
                [
                    -0.8098019361495972,
                    0.35365718603134155,
                    0.4681319296360016,
                    1.8870999813079834
                ],
                [
                    0.5867034196853638,
                    0.4881380498409271,
                    0.6461427211761475,
                    2.604684352874756
                ],
                [
                    1.4901161193847656e-08,
                    0.7979021072387695,
                    -0.6027870178222656,
                    -2.4299118518829346
                ],
                [
                    0.0,
                    0.0,
                    0.0,
                    1.0
                ]
            ]
        },
        {
            "file_path": "/data/shapenet_blender/all_50_random/02958343/3a48188e012364f8921cb81cb1632a5e/r_6",
            "rotation": 0.12566370614359174,
            "transform_matrix": [
                [
                    -0.21289126574993134,
                    -0.016531703993678093,
                    -0.9769360423088074,
                    -3.938155174255371
                ],
                [
                    -0.9770758748054504,
                    0.003602028591558337,
                    0.21286079287528992,
                    0.8580693006515503
                ],
                [
                    -2.3283064365386963e-10,
                    0.9998567700386047,
                    -0.016919570043683052,
                    -0.06820496916770935
                ],
                [
                    0.0,
                    0.0,
                    0.0,
                    1.0
                ]
            ]
        },
        {
            "file_path": "/data/shapenet_blender/all_50_random/02958343/3a48188e012364f8921cb81cb1632a5e/r_7",
            "rotation": 0.12566370614359174,
            "transform_matrix": [
                [
                    0.696979284286499,
                    -0.011796730570495129,
                    -0.7169942259788513,
                    -2.890296220779419
                ],
                [
                    -0.7170912623405457,
                    -0.011465872637927532,
                    -0.6968849897384644,
                    -2.8092331886291504
                ],
                [
                    0.0,
                    0.9998645782470703,
                    -0.016450809314846992,
                    -0.06631533056497574
                ],
                [
                    0.0,
                    0.0,
                    0.0,
                    1.0
                ]
            ]
        },
        {
            "file_path": "/data/shapenet_blender/all_50_random/02958343/3a48188e012364f8921cb81cb1632a5e/r_8",
            "rotation": 0.12566370614359174,
            "transform_matrix": [
                [
                    -0.5366790294647217,
                    0.5728557109832764,
                    -0.6195255517959595,
                    -2.497387409210205
                ],
                [
                    -0.8437865972518921,
                    -0.3643571138381958,
                    0.3940408527851105,
                    1.5884294509887695
                ],
                [
                    1.4901162970204496e-08,
                    0.7342207431793213,
                    0.6789107918739319,
                    2.736776828765869
                ],
                [
                    0.0,
                    0.0,
                    0.0,
                    1.0
                ]
            ]
        },
        {
            "file_path": "/data/shapenet_blender/all_50_random/02958343/3a48188e012364f8921cb81cb1632a5e/r_9",
            "rotation": 0.12566370614359174,
            "transform_matrix": [
                [
                    -0.5366379022598267,
                    0.06371739506721497,
                    -0.8414034247398376,
                    -3.39180588722229
                ],
                [
                    -0.8438127040863037,
                    -0.04052223265171051,
                    0.5351057052612305,
                    2.1570804119110107
                ],
                [
                    -3.725290298461914e-09,
                    0.9971449971199036,
                    0.07551129162311554,
                    0.30439579486846924
                ],
                [
                    0.0,
                    0.0,
                    0.0,
                    1.0
                ]
            ]
        },
        {
            "file_path": "/data/shapenet_blender/all_50_random/02958343/3a48188e012364f8921cb81cb1632a5e/r_10",
            "rotation": 0.12566370614359174,
            "transform_matrix": [
                [
                    0.9757357239723206,
                    0.11108620464801788,
                    -0.18867863714694977,
                    -0.7605879306793213
                ],
                [
                    -0.2189515382051468,
                    0.49504461884498596,
                    -0.8408275842666626,
                    -3.389484405517578
                ],
                [
                    0.0,
                    0.8617370128631592,
                    0.5073552131652832,
                    2.0452141761779785
                ],
                [
                    0.0,
                    0.0,
                    0.0,
                    1.0
                ]
            ]
        },
        {
            "file_path": "/data/shapenet_blender/all_50_random/02958343/3a48188e012364f8921cb81cb1632a5e/r_11",
            "rotation": 0.12566370614359174,
            "transform_matrix": [
                [
                    -0.9160908460617065,
                    0.22026696801185608,
                    0.3350523114204407,
                    1.3506392240524292
                ],
                [
                    0.40097081661224365,
                    0.5032399892807007,
                    0.7654880285263062,
                    3.0857810974121094
                ],
                [
                    0.0,
                    0.8356028199195862,
                    -0.5493339896202087,
                    -2.2144362926483154
                ],
                [
                    0.0,
                    0.0,
                    0.0,
                    1.0
                ]
            ]
        },
        {
            "file_path": "/data/shapenet_blender/all_50_random/02958343/3a48188e012364f8921cb81cb1632a5e/r_12",
            "rotation": 0.12566370614359174,
            "transform_matrix": [
                [
                    -0.3834865093231201,
                    -0.5692991018295288,
                    -0.7272114753723145,
                    -2.931483030319214
                ],
                [
                    -0.9235464334487915,
                    0.23639152944087982,
                    0.30196186900138855,
                    1.2172472476959229
                ],
                [
                    1.4901159417490817e-08,
                    0.7874118685722351,
                    -0.6164271831512451,
                    -2.4848973751068115
                ],
                [
                    0.0,
                    0.0,
                    0.0,
                    1.0
                ]
            ]
        },
        {
            "file_path": "/data/shapenet_blender/all_50_random/02958343/3a48188e012364f8921cb81cb1632a5e/r_13",
            "rotation": 0.12566370614359174,
            "transform_matrix": [
                [
                    -0.8649296164512634,
                    -0.06345511972904205,
                    0.49786558747291565,
                    2.006960391998291
                ],
                [
                    0.501893162727356,
                    -0.1093543991446495,
                    0.8579888343811035,
                    3.4586637020111084
                ],
                [
                    3.725290298461914e-09,
                    0.9919753074645996,
                    0.12643153965473175,
                    0.509661853313446
                ],
                [
                    0.0,
                    0.0,
                    0.0,
                    1.0
                ]
            ]
        },
        {
            "file_path": "/data/shapenet_blender/all_50_random/02958343/3a48188e012364f8921cb81cb1632a5e/r_14",
            "rotation": 0.12566370614359174,
            "transform_matrix": [
                [
                    0.4144163131713867,
                    -0.00479117501527071,
                    0.9100748300552368,
                    3.6686289310455322
                ],
                [
                    0.910087525844574,
                    0.002181703457608819,
                    -0.4144105315208435,
                    -1.6705422401428223
                ],
                [
                    0.0,
                    0.9999861717224121,
                    0.005264521576464176,
                    0.021221965551376343
                ],
                [
                    0.0,
                    0.0,
                    0.0,
                    1.0
                ]
            ]
        },
        {
            "file_path": "/data/shapenet_blender/all_50_random/02958343/3a48188e012364f8921cb81cb1632a5e/r_15",
            "rotation": 0.12566370614359174,
            "transform_matrix": [
                [
                    0.24572943150997162,
                    0.41837212443351746,
                    0.8744037747383118,
                    3.524833917617798
                ],
                [
                    0.9693384170532227,
                    -0.10605825483798981,
                    -0.22166328132152557,
                    -0.8935531377792358
                ],
                [
                    7.4505792646561986e-09,
                    0.9020623564720154,
                    -0.43160581588745117,
                    -1.7398585081100464
                ],
                [
                    0.0,
                    0.0,
                    0.0,
                    1.0
                ]
            ]
        },
        {
            "file_path": "/data/shapenet_blender/all_50_random/02958343/3a48188e012364f8921cb81cb1632a5e/r_16",
            "rotation": 0.12566370614359174,
            "transform_matrix": [
                [
                    0.5682203769683838,
                    -0.7075949311256409,
                    0.4200417995452881,
                    1.6932426691055298
                ],
                [
                    0.822876513004303,
                    0.4886150658130646,
                    -0.2900511920452118,
                    -1.169233798980713
                ],
                [
                    1.4901162970204496e-08,
                    0.5104554891586304,
                    0.8599041104316711,
                    3.4663844108581543
                ],
                [
                    0.0,
                    0.0,
                    0.0,
                    1.0
                ]
            ]
        },
        {
            "file_path": "/data/shapenet_blender/all_50_random/02958343/3a48188e012364f8921cb81cb1632a5e/r_17",
            "rotation": 0.12566370614359174,
            "transform_matrix": [
                [
                    0.8757128119468689,
                    0.2562560439109802,
                    -0.4092188775539398,
                    -1.6496140956878662
                ],
                [
                    -0.48283255100250244,
                    0.46477124094963074,
                    -0.742199718952179,
                    -2.9919028282165527
                ],
                [
                    0.0,
                    0.8475378751754761,
                    0.5307348370552063,
                    2.139460563659668
                ],
                [
                    0.0,
                    0.0,
                    0.0,
                    1.0
                ]
            ]
        },
        {
            "file_path": "/data/shapenet_blender/all_50_random/02958343/3a48188e012364f8921cb81cb1632a5e/r_18",
            "rotation": 0.12566370614359174,
            "transform_matrix": [
                [
                    0.6570717096328735,
                    -0.005563672631978989,
                    0.7538074851036072,
                    3.0386953353881836
                ],
                [
                    0.753828227519989,
                    0.004849556367844343,
                    -0.6570537090301514,
                    -2.6486685276031494
                ],
                [
                    0.0,
                    0.9999727010726929,
                    0.007380558643490076,
                    0.029751986265182495
                ],
                [
                    0.0,
                    0.0,
                    0.0,
                    1.0
                ]
            ]
        },
        {
            "file_path": "/data/shapenet_blender/all_50_random/02958343/3a48188e012364f8921cb81cb1632a5e/r_19",
            "rotation": 0.12566370614359174,
            "transform_matrix": [
                [
                    -0.9857407808303833,
                    0.11217716336250305,
                    0.12542445957660675,
                    0.505602240562439
                ],
                [
                    0.16827064752578735,
                    0.6571413278579712,
                    0.7347449064254761,
                    2.9618515968322754
                ],
                [
                    -7.450580152834618e-09,
                    0.7453733086585999,
                    -0.66664719581604,
                    -2.6873409748077393
                ],
                [
                    0.0,
                    0.0,
                    0.0,
                    1.0
                ]
            ]
        },
        {
            "file_path": "/data/shapenet_blender/all_50_random/02958343/3a48188e012364f8921cb81cb1632a5e/r_20",
            "rotation": 0.12566370614359174,
            "transform_matrix": [
                [
                    -0.1585158407688141,
                    -0.1164025068283081,
                    0.9804709553718567,
                    3.952404737472534
                ],
                [
                    0.9873563647270203,
                    -0.01868792623281479,
                    0.1574104279279709,
                    0.6345417499542236
                ],
                [
                    0.0,
                    0.9930261969566345,
                    0.11789311468601227,
                    0.47524234652519226
                ],
                [
                    0.0,
                    0.0,
                    0.0,
                    1.0
                ]
            ]
        },
        {
            "file_path": "/data/shapenet_blender/all_50_random/02958343/3a48188e012364f8921cb81cb1632a5e/r_21",
            "rotation": 0.12566370614359174,
            "transform_matrix": [
                [
                    -0.21389096975326538,
                    -0.6566735506057739,
                    0.7232083678245544,
                    2.915346145629883
                ],
                [
                    0.976857602596283,
                    -0.1437840461730957,
                    0.15835238993167877,
                    0.6383389234542847
                ],
                [
                    0.0,
                    0.7403416037559509,
                    0.6722307205200195,
                    2.709848642349243
                ],
                [
                    0.0,
                    0.0,
                    0.0,
                    1.0
                ]
            ]
        },
        {
            "file_path": "/data/shapenet_blender/all_50_random/02958343/3a48188e012364f8921cb81cb1632a5e/r_22",
            "rotation": 0.12566370614359174,
            "transform_matrix": [
                [
                    0.9543357491493225,
                    -0.2733936309814453,
                    0.12041337788105011,
                    0.48540183901786804
                ],
                [
                    0.29873648285865784,
                    0.8733761310577393,
                    -0.3846694529056549,
                    -1.5506521463394165
                ],
                [
                    1.4901162970204496e-08,
                    0.4030756652355194,
                    0.9151666760444641,
                    3.689154863357544
                ],
                [
                    0.0,
                    0.0,
                    0.0,
                    1.0
                ]
            ]
        },
        {
            "file_path": "/data/shapenet_blender/all_50_random/02958343/3a48188e012364f8921cb81cb1632a5e/r_23",
            "rotation": 0.12566370614359174,
            "transform_matrix": [
                [
                    -0.2809180021286011,
                    0.7394577264785767,
                    0.6117902994155884,
                    2.4662058353424072
                ],
                [
                    0.9597317576408386,
                    0.2164427489042282,
                    0.17907389998435974,
                    0.7218700647354126
                ],
                [
                    0.0,
                    0.6374596953392029,
                    -0.7704835534095764,
                    -3.1059188842773438
                ],
                [
                    0.0,
                    0.0,
                    0.0,
                    1.0
                ]
            ]
        },
        {
            "file_path": "/data/shapenet_blender/all_50_random/02958343/3a48188e012364f8921cb81cb1632a5e/r_24",
            "rotation": 0.12566370614359174,
            "transform_matrix": [
                [
                    0.3841273784637451,
                    0.36916178464889526,
                    -0.8462657928466797,
                    -3.4114065170288086
                ],
                [
                    -0.9232801795005798,
                    0.1535884290933609,
                    -0.35208582878112793,
                    -1.4193034172058105
                ],
                [
                    0.0,
                    0.9165862202644348,
                    0.3998372256755829,
                    1.611795425415039
                ],
                [
                    0.0,
                    0.0,
                    0.0,
                    1.0
                ]
            ]
        },
        {
            "file_path": "/data/shapenet_blender/all_50_random/02958343/3a48188e012364f8921cb81cb1632a5e/r_25",
            "rotation": 0.12566370614359174,
            "transform_matrix": [
                [
                    0.1196751594543457,
                    0.4786064028739929,
                    -0.8698354959487915,
                    -3.5064189434051514
                ],
                [
                    -0.9928130507469177,
                    0.05769193172454834,
                    -0.10485126823186874,
                    -0.422668993473053
                ],
                [
                    0.0,
                    0.8761320114135742,
                    0.48207104206085205,
                    1.9432904720306396
                ],
                [
                    0.0,
                    0.0,
                    0.0,
                    1.0
                ]
            ]
        },
        {
            "file_path": "/data/shapenet_blender/all_50_random/02958343/3a48188e012364f8921cb81cb1632a5e/r_26",
            "rotation": 0.12566370614359174,
            "transform_matrix": [
                [
                    -0.5803537964820862,
                    0.039169538766145706,
                    0.8134218454360962,
                    3.279008626937866
                ],
                [
                    0.8143645524978638,
                    0.027914024889469147,
                    0.5796819925308228,
                    2.336773157119751
                ],
                [
                    0.0,
                    0.9988425970077515,
                    -0.048098284751176834,
                    -0.19389040768146515
                ],
                [
                    0.0,
                    0.0,
                    0.0,
                    1.0
                ]
            ]
        },
        {
            "file_path": "/data/shapenet_blender/all_50_random/02958343/3a48188e012364f8921cb81cb1632a5e/r_27",
            "rotation": 0.12566370614359174,
            "transform_matrix": [
                [
                    -0.3729479908943176,
                    -0.7557615637779236,
                    -0.5382697582244873,
                    -2.169834852218628
                ],
                [
                    -0.9278522729873657,
                    0.3037765324115753,
                    0.21635624766349792,
                    0.8721599578857422
                ],
                [
                    -1.4901161193847656e-08,
                    0.5801243782043457,
                    -0.8145278692245483,
                    -3.2834668159484863
                ],
                [
                    0.0,
                    0.0,
                    0.0,
                    1.0
                ]
            ]
        },
        {
            "file_path": "/data/shapenet_blender/all_50_random/02958343/3a48188e012364f8921cb81cb1632a5e/r_28",
            "rotation": 0.12566370614359174,
            "transform_matrix": [
                [
                    0.5560274124145508,
                    0.3040977716445923,
                    0.7735360264778137,
                    3.1182236671447754
                ],
                [
                    0.8311640620231628,
                    -0.20343360304832458,
                    -0.5174757242202759,
                    -2.0860116481781006
                ],
                [
                    0.0,
                    0.9306660294532776,
                    -0.36586976051330566,
                    -1.4748682975769043
                ],
                [
                    0.0,
                    0.0,
                    0.0,
                    1.0
                ]
            ]
        },
        {
            "file_path": "/data/shapenet_blender/all_50_random/02958343/3a48188e012364f8921cb81cb1632a5e/r_29",
            "rotation": 0.12566370614359174,
            "transform_matrix": [
                [
                    0.2645460367202759,
                    -0.15247264504432678,
                    0.9522433280944824,
                    3.838615894317627
                ],
                [
                    0.964372992515564,
                    0.04182618111371994,
                    -0.2612186372280121,
                    -1.0530061721801758
                ],
                [
                    0.0,
                    0.9874221682548523,
                    0.15810546278953552,
                    0.6373435854911804
                ],
                [
                    0.0,
                    0.0,
                    0.0,
                    1.0
                ]
            ]
        },
        {
            "file_path": "/data/shapenet_blender/all_50_random/02958343/3a48188e012364f8921cb81cb1632a5e/r_30",
            "rotation": 0.12566370614359174,
            "transform_matrix": [
                [
                    0.13549618422985077,
                    -0.7339422702789307,
                    0.6655595302581787,
                    2.6829562187194824
                ],
                [
                    0.990777850151062,
                    0.10037202388048172,
                    -0.09102017432451248,
                    -0.3669140636920929
                ],
                [
                    -7.450580596923828e-09,
                    0.6717545986175537,
                    0.7407737970352173,
                    2.986154794692993
                ],
                [
                    0.0,
                    0.0,
                    0.0,
                    1.0
                ]
            ]
        },
        {
            "file_path": "/data/shapenet_blender/all_50_random/02958343/3a48188e012364f8921cb81cb1632a5e/r_31",
            "rotation": 0.12566370614359174,
            "transform_matrix": [
                [
                    -0.7700492143630981,
                    0.4192585349082947,
                    -0.4808807671070099,
                    -1.9384924173355103
                ],
                [
                    -0.6379843354225159,
                    -0.50604647397995,
                    0.5804247260093689,
                    2.3397669792175293
                ],
                [
                    -1.4901159417490817e-08,
                    0.7537500858306885,
                    0.6571611166000366,
                    2.6491012573242188
                ],
                [
                    0.0,
                    0.0,
                    0.0,
                    1.0
                ]
            ]
        },
        {
            "file_path": "/data/shapenet_blender/all_50_random/02958343/3a48188e012364f8921cb81cb1632a5e/r_32",
            "rotation": 0.12566370614359174,
            "transform_matrix": [
                [
                    0.6214606761932373,
                    -0.055812280625104904,
                    -0.781454861164093,
                    -3.1501452922821045
                ],
                [
                    -0.783445417881012,
                    -0.044272564351558685,
                    -0.6198816895484924,
                    -2.4988229274749756
                ],
                [
                    0.0,
                    0.9974592328071594,
                    -0.07123953104019165,
                    -0.2871757447719574
                ],
                [
                    0.0,
                    0.0,
                    0.0,
                    1.0
                ]
            ]
        },
        {
            "file_path": "/data/shapenet_blender/all_50_random/02958343/3a48188e012364f8921cb81cb1632a5e/r_33",
            "rotation": 0.12566370614359174,
            "transform_matrix": [
                [
                    0.8936629295349121,
                    -0.3317796289920807,
                    -0.30214056372642517,
                    -1.2179677486419678
                ],
                [
                    -0.4487389922142029,
                    -0.6607385277748108,
                    -0.6017124056816101,
                    -2.4255805015563965
                ],
                [
                    0.0,
                    0.6733103394508362,
                    -0.7393599152565002,
                    -2.9804553985595703
                ],
                [
                    0.0,
                    0.0,
                    0.0,
                    1.0
                ]
            ]
        },
        {
            "file_path": "/data/shapenet_blender/all_50_random/02958343/3a48188e012364f8921cb81cb1632a5e/r_34",
            "rotation": 0.12566370614359174,
            "transform_matrix": [
                [
                    -0.836309552192688,
                    -0.2721841037273407,
                    0.4759224057197571,
                    1.9185045957565308
                ],
                [
                    0.54825758934021,
                    -0.41518837213516235,
                    0.7259698510169983,
                    2.926478147506714
                ],
                [
                    -1.4901161193847656e-08,
                    0.8680635690689087,
                    0.4964529871940613,
                    2.0012660026550293
                ],
                [
                    0.0,
                    0.0,
                    0.0,
                    1.0
                ]
            ]
        },
        {
            "file_path": "/data/shapenet_blender/all_50_random/02958343/3a48188e012364f8921cb81cb1632a5e/r_35",
            "rotation": 0.12566370614359174,
            "transform_matrix": [
                [
                    0.5110923051834106,
                    0.4814143478870392,
                    -0.7120567560195923,
                    -2.8703925609588623
                ],
                [
                    -0.8595257997512817,
                    0.2862592339515686,
                    -0.42340412735939026,
                    -1.706796646118164
                ],
                [
                    0.0,
                    0.8284296989440918,
                    0.5600929260253906,
                    2.2578067779541016
                ],
                [
                    0.0,
                    0.0,
                    0.0,
                    1.0
                ]
            ]
        },
        {
            "file_path": "/data/shapenet_blender/all_50_random/02958343/3a48188e012364f8921cb81cb1632a5e/r_36",
            "rotation": 0.12566370614359174,
            "transform_matrix": [
                [
                    -0.38917529582977295,
                    -0.3248366117477417,
                    0.8619882464408875,
                    3.474785804748535
                ],
                [
                    0.92116379737854,
                    -0.13723768293857574,
                    0.3641746938228607,
                    1.468035101890564
                ],
                [
                    -7.450581485102248e-09,
                    0.935759961605072,
                    0.35263729095458984,
                    1.4215264320373535
                ],
                [
                    0.0,
                    0.0,
                    0.0,
                    1.0
                ]
            ]
        },
        {
            "file_path": "/data/shapenet_blender/all_50_random/02958343/3a48188e012364f8921cb81cb1632a5e/r_37",
            "rotation": 0.12566370614359174,
            "transform_matrix": [
                [
                    -0.959351658821106,
                    -0.23334786295890808,
                    0.15872403979301453,
                    0.6398371458053589
                ],
                [
                    0.2822136878967285,
                    -0.79323810338974,
                    0.5395633578300476,
                    2.1750497817993164
                ],
                [
                    0.0,
                    0.5624250769615173,
                    0.8268480896949768,
                    3.3331315517425537
                ],
                [
                    0.0,
                    0.0,
                    0.0,
                    1.0
                ]
            ]
        },
        {
            "file_path": "/data/shapenet_blender/all_50_random/02958343/3a48188e012364f8921cb81cb1632a5e/r_38",
            "rotation": 0.12566370614359174,
            "transform_matrix": [
                [
                    0.8733653426170349,
                    0.42443445324897766,
                    -0.2389317750930786,
                    -0.9631646871566772
                ],
                [
                    -0.48706576228141785,
                    0.7610601186752319,
                    -0.4284323453903198,
                    -1.7270658016204834
                ],
                [
                    0.0,
                    0.4905534088611603,
                    0.8714112043380737,
                    3.512770414352417
                ],
                [
                    0.0,
                    0.0,
                    0.0,
                    1.0
                ]
            ]
        },
        {
            "file_path": "/data/shapenet_blender/all_50_random/02958343/3a48188e012364f8921cb81cb1632a5e/r_39",
            "rotation": 0.12566370614359174,
            "transform_matrix": [
                [
                    0.10073716938495636,
                    -0.372902512550354,
                    -0.9223858714103699,
                    -3.7182564735412598
                ],
                [
                    -0.9949131011962891,
                    -0.037757210433483124,
                    -0.09339362382888794,
                    -0.3764817416667938
                ],
                [
                    -3.725290298461914e-09,
                    0.9271019101142883,
                    -0.3748091459274292,
                    -1.5109039545059204
                ],
                [
                    0.0,
                    0.0,
                    0.0,
                    1.0
                ]
            ]
        },
        {
            "file_path": "/data/shapenet_blender/all_50_random/02958343/3a48188e012364f8921cb81cb1632a5e/r_40",
            "rotation": 0.12566370614359174,
            "transform_matrix": [
                [
                    0.5421524047851562,
                    0.14198431372642517,
                    0.8281975388526917,
                    3.338571071624756
                ],
                [
                    0.8402801752090454,
                    -0.09160889685153961,
                    -0.5343566536903381,
                    -2.1540606021881104
                ],
                [
                    0.0,
                    0.9856207370758057,
                    -0.16897258162498474,
                    -0.6811502575874329
                ],
                [
                    0.0,
                    0.0,
                    0.0,
                    1.0
                ]
            ]
        },
        {
            "file_path": "/data/shapenet_blender/all_50_random/02958343/3a48188e012364f8921cb81cb1632a5e/r_41",
            "rotation": 0.12566370614359174,
            "transform_matrix": [
                [
                    0.48914530873298645,
                    0.3803826868534088,
                    -0.784885823726654,
                    -3.163975954055786
                ],
                [
                    -0.8722022771835327,
                    0.21332485973834991,
                    -0.4401768147945404,
                    -1.774409532546997
                ],
                [
                    2.9802322387695312e-08,
