{
    "class": "02958343",
    "model": "51b8011a2eaaed85cde8c99e4b182f9",
    "remove_doubles": true,
    "edge_split": true,
    "denoise": true,
    "camera_angle_x": 0.6911112070083618,
    "scale_factor": 2.2597363589552466,
    "hdri_file": "/data/IndoorHDRDataset2018/AG8A3284-dda2b36f8a.exr",
    "center_offset": [
        0.0,
        0.0,
        1.9354047253727913e-09
    ],
    "lights": [],
    "frames": [
        {
            "file_path": "/data/shapenet_blender/all_50_random/02958343/51b8011a2eaaed85cde8c99e4b182f9/r_0",
            "rotation": 0.12566370614359174,
            "transform_matrix": [
                [
                    -0.9427071809768677,
                    0.04982929676771164,
                    0.32987916469573975,
                    1.3297854661941528
                ],
                [
                    0.33362138271331787,
                    0.14080163836479187,
                    0.9321328997612,
                    3.7575478553771973
                ],
                [
                    0.0,
                    0.9887830018997192,
                    -0.1493588536977768,
                    -0.6020848155021667
                ],
                [
                    0.0,
                    0.0,
                    0.0,
                    1.0
                ]
            ]
        },
        {
            "file_path": "/data/shapenet_blender/all_50_random/02958343/51b8011a2eaaed85cde8c99e4b182f9/r_1",
            "rotation": 0.12566370614359174,
            "transform_matrix": [
                [
                    -0.5946342349052429,
                    -0.30699053406715393,
                    0.7430793642997742,
                    2.9954488277435303
                ],
                [
                    0.8039963841438293,
                    -0.22704963386058807,
                    0.5495800971984863,
                    2.215428352355957
                ],
                [
                    0.0,
                    0.9242322444915771,
                    0.38183078169822693,
                    1.5392091274261475
                ],
                [
                    0.0,
                    0.0,
                    0.0,
                    1.0
                ]
            ]
        },
        {
            "file_path": "/data/shapenet_blender/all_50_random/02958343/51b8011a2eaaed85cde8c99e4b182f9/r_2",
            "rotation": 0.12566370614359174,
            "transform_matrix": [
                [
                    0.1271781623363495,
                    -0.1980140507221222,
                    0.9719136357307434,
                    3.9179091453552246
                ],
                [
                    0.991879940032959,
                    0.025389228016138077,
                    -0.12461810559034348,
                    -0.5023516416549683
                ],
                [
                    0.0,
                    0.9798702597618103,
                    0.19963513314723969,
                    0.8047549724578857
                ],
                [
                    0.0,
                    0.0,
                    0.0,
                    1.0
                ]
            ]
        },
        {
            "file_path": "/data/shapenet_blender/all_50_random/02958343/51b8011a2eaaed85cde8c99e4b182f9/r_3",
            "rotation": 0.12566370614359174,
            "transform_matrix": [
                [
                    0.982397735118866,
                    0.030806705355644226,
                    0.18424303829669952,
                    0.7427074909210205
                ],
                [
                    0.18680085241794586,
                    -0.1620144546031952,
                    -0.968946099281311,
                    -3.905946969985962
                ],
                [
                    -1.8626450382086546e-09,
                    0.9863073825836182,
                    -0.16491734981536865,
                    -0.664803147315979
                ],
                [
                    0.0,
                    0.0,
                    0.0,
                    1.0
                ]
            ]
        },
        {
            "file_path": "/data/shapenet_blender/all_50_random/02958343/51b8011a2eaaed85cde8c99e4b182f9/r_4",
            "rotation": 0.12566370614359174,
            "transform_matrix": [
                [
                    0.6108787059783936,
                    0.6693785190582275,
                    0.4227995276451111,
                    1.704359531402588
                ],
                [
                    0.7917241454124451,
                    -0.5164792537689209,
                    -0.32622379064559937,
                    -1.3150502443313599
                ],
                [
                    -1.4901160305669237e-08,
                    0.5340238213539124,
                    -0.8454693555831909,
                    -3.408196210861206
                ],
                [
                    0.0,
                    0.0,
                    0.0,
                    1.0
                ]
            ]
        },
        {
            "file_path": "/data/shapenet_blender/all_50_random/02958343/51b8011a2eaaed85cde8c99e4b182f9/r_5",
            "rotation": 0.12566370614359174,
            "transform_matrix": [
                [
                    0.1905074566602707,
                    -0.16731156408786774,
                    0.9673229455947876,
                    3.8994035720825195
                ],
                [
                    0.9816857576370239,
                    0.03246873989701271,
                    -0.1877201795578003,
                    -0.7567242383956909
                ],
                [
                    -3.725290742551124e-09,
                    0.9853691458702087,
                    0.1704329401254654,
                    0.6870371699333191
                ],
                [
                    0.0,
                    0.0,
                    0.0,
                    1.0
                ]
            ]
        },
        {
            "file_path": "/data/shapenet_blender/all_50_random/02958343/51b8011a2eaaed85cde8c99e4b182f9/r_6",
            "rotation": 0.12566370614359174,
            "transform_matrix": [
                [
                    0.8488339185714722,
                    0.0026598903350532055,
                    -0.5286528468132019,
                    -2.131067991256714
                ],
                [
                    -0.5286595821380615,
                    0.004270810633897781,
                    -0.8488231301307678,
                    -3.42171573638916
                ],
                [
                    -2.3283061589829401e-10,
                    0.9999874234199524,
                    0.005031384527683258,
                    0.020282162353396416
                ],
                [
                    0.0,
                    0.0,
                    0.0,
                    1.0
                ]
            ]
        },
        {
            "file_path": "/data/shapenet_blender/all_50_random/02958343/51b8011a2eaaed85cde8c99e4b182f9/r_7",
            "rotation": 0.12566370614359174,
            "transform_matrix": [
                [
                    -0.9999542832374573,
                    -0.0015913703246042132,
                    -0.009425216354429722,
                    -0.03799426555633545
                ],
                [
                    -0.009558618068695068,
                    0.166477769613266,
                    0.985998809337616,
                    3.9746885299682617
                ],
                [
                    -2.3283062977608182e-10,
                    0.9860439300537109,
                    -0.16648536920547485,
                    -0.6711240410804749
                ],
                [
                    0.0,
                    0.0,
                    0.0,
                    1.0
                ]
            ]
        },
        {
            "file_path": "/data/shapenet_blender/all_50_random/02958343/51b8011a2eaaed85cde8c99e4b182f9/r_8",
            "rotation": 0.12566370614359174,
            "transform_matrix": [
                [
                    -0.768163800239563,
                    -0.20676706731319427,
                    -0.6059470176696777,
                    -2.442650556564331
                ],
                [
                    -0.6402534246444702,
                    0.24807515740394592,
                    0.7270036339759827,
                    2.93064546585083
                ],
                [
                    -1.4901162970204496e-08,
                    0.9464174509048462,
                    -0.32294565439224243,
                    -1.301835536956787
                ],
                [
                    0.0,
                    0.0,
                    0.0,
                    1.0
                ]
            ]
        },
        {
            "file_path": "/data/shapenet_blender/all_50_random/02958343/51b8011a2eaaed85cde8c99e4b182f9/r_9",
            "rotation": 0.12566370614359174,
            "transform_matrix": [
                [
                    -0.9931721687316895,
                    -0.003761450992897153,
                    -0.11659687012434006,
                    -0.47001704573631287
                ],
                [
                    -0.11665752530097961,
                    0.03202338144183159,
                    0.9926557540893555,
                    4.001523494720459
                ],
                [
                    4.6566125955216364e-10,
                    0.9994800090789795,
                    -0.032243531197309494,
                    -0.12997785210609436
                ],
                [
                    0.0,
                    0.0,
                    0.0,
                    1.0
                ]
            ]
        },
        {
            "file_path": "/data/shapenet_blender/all_50_random/02958343/51b8011a2eaaed85cde8c99e4b182f9/r_10",
            "rotation": 0.12566370614359174,
            "transform_matrix": [
                [
                    0.8283823132514954,
                    -0.1381436288356781,
                    -0.542861819267273,
                    -2.1883459091186523
                ],
                [
                    -0.5601629614830017,
                    -0.20429006218910217,
                    -0.8027969002723694,
                    -3.236177921295166
                ],
                [
                    7.450580152834618e-09,
                    0.9691139459609985,
                    -0.2466132491827011,
                    -0.9941297769546509
                ],
                [
                    0.0,
                    0.0,
                    0.0,
                    1.0
                ]
            ]
        },
        {
            "file_path": "/data/shapenet_blender/all_50_random/02958343/51b8011a2eaaed85cde8c99e4b182f9/r_11",
            "rotation": 0.12566370614359174,
            "transform_matrix": [
                [
                    0.8303039073944092,
                    0.29021307826042175,
                    -0.47578537464141846,
                    -1.917952299118042
                ],
                [
                    -0.5573108196258545,
                    0.43237099051475525,
                    -0.708844006061554,
                    -2.8574419021606445
                ],
                [
                    -1.4901161193847656e-08,
                    0.8537164330482483,
                    0.5207381248474121,
                    2.0991628170013428
                ],
                [
                    0.0,
                    0.0,
                    0.0,
                    1.0
                ]
            ]
        },
        {
            "file_path": "/data/shapenet_blender/all_50_random/02958343/51b8011a2eaaed85cde8c99e4b182f9/r_12",
            "rotation": 0.12566370614359174,
            "transform_matrix": [
                [
                    0.778639554977417,
                    0.055019114166498184,
                    -0.6250547170639038,
                    -2.5196762084960938
                ],
                [
                    -0.6274715662002563,
                    0.0682741031050682,
                    -0.7756404280662537,
                    -3.126706600189209
                ],
                [
                    0.0,
                    0.9961482882499695,
                    0.08768384158611298,
                    0.35346487164497375
                ],
                [
                    0.0,
                    0.0,
                    0.0,
                    1.0
                ]
            ]
        },
        {
            "file_path": "/data/shapenet_blender/all_50_random/02958343/51b8011a2eaaed85cde8c99e4b182f9/r_13",
            "rotation": 0.12566370614359174,
            "transform_matrix": [
                [
                    0.08496926724910736,
                    -0.8705086708068848,
                    0.484762579202652,
                    1.954140543937683
                ],
                [
                    0.9963836073875427,
                    0.07423494756221771,
                    -0.04133941978216171,
                    -0.16664454340934753
                ],
                [
                    0.0,
                    0.4865221083164215,
                    0.8736681938171387,
                    3.521869421005249
                ],
                [
                    0.0,
                    0.0,
                    0.0,
                    1.0
                ]
            ]
        },
        {
            "file_path": "/data/shapenet_blender/all_50_random/02958343/51b8011a2eaaed85cde8c99e4b182f9/r_14",
            "rotation": 0.12566370614359174,
            "transform_matrix": [
                [
                    0.809175968170166,
                    0.4874602258205414,
                    0.3280501961708069,
                    1.3224126100540161
                ],
                [
                    0.5875665545463562,
                    -0.6713130474090576,
                    -0.45177915692329407,
                    -1.821179986000061
                ],
                [
                    1.4901162970204496e-08,
                    0.5583201050758362,
                    -0.8296256065368652,
                    -3.344327688217163
                ],
                [
                    0.0,
                    0.0,
                    0.0,
                    1.0
                ]
            ]
        },
        {
            "file_path": "/data/shapenet_blender/all_50_random/02958343/51b8011a2eaaed85cde8c99e4b182f9/r_15",
            "rotation": 0.12566370614359174,
            "transform_matrix": [
                [
                    0.8753080368041992,
                    0.372994601726532,
                    -0.3077510893344879,
                    -1.240584373474121
                ],
                [
                    -0.48356562852859497,
                    0.6751620769500732,
                    -0.5570639967918396,
                    -2.2455968856811523
                ],
                [
                    0.0,
                    0.636420488357544,
                    0.7713422179222107,
                    3.109380006790161
                ],
                [
                    0.0,
                    0.0,
                    0.0,
                    1.0
                ]
            ]
        },
        {
            "file_path": "/data/shapenet_blender/all_50_random/02958343/51b8011a2eaaed85cde8c99e4b182f9/r_16",
            "rotation": 0.12566370614359174,
            "transform_matrix": [
                [
                    -0.7698742747306824,
                    0.09045235067605972,
                    0.6317530870437622,
                    2.546678066253662
                ],
                [
                    0.6381955742835999,
                    0.1091153621673584,
                    0.7621025443077087,
                    3.0721335411071777
                ],
                [
                    0.0,
                    0.989905059337616,
                    -0.14173142611980438,
                    -0.5713376402854919
                ],
                [
                    0.0,
                    0.0,
                    0.0,
                    1.0
                ]
            ]
        },
        {
            "file_path": "/data/shapenet_blender/all_50_random/02958343/51b8011a2eaaed85cde8c99e4b182f9/r_17",
            "rotation": 0.12566370614359174,
            "transform_matrix": [
                [
                    -0.4999053180217743,
                    -0.22351586818695068,
                    0.8367408514022827,
                    3.3730103969573975
                ],
                [
                    0.8660800457000732,
                    -0.12901437282562256,
                    0.48297059535980225,
                    1.9469168186187744
                ],
                [
                    7.450580152834618e-09,
                    0.9661242365837097,
                    0.25807756185531616,
                    1.040343999862671
                ],
                [
                    0.0,
                    0.0,
                    0.0,
                    1.0
                ]
            ]
        },
        {
            "file_path": "/data/shapenet_blender/all_50_random/02958343/51b8011a2eaaed85cde8c99e4b182f9/r_18",
            "rotation": 0.12566370614359174,
            "transform_matrix": [
                [
                    -0.44959431886672974,
                    0.003446876769885421,
                    0.8932262659072876,
                    3.600710153579712
                ],
                [
                    0.8932328224182129,
                    0.0017349296249449253,
                    0.4495909810066223,
                    1.8123592138290405
                ],
                [
                    0.0,
                    0.9999926090240479,
                    -0.00385887804441154,
                    -0.01555563509464264
                ],
                [
                    0.0,
                    0.0,
                    0.0,
                    1.0
                ]
            ]
        },
        {
            "file_path": "/data/shapenet_blender/all_50_random/02958343/51b8011a2eaaed85cde8c99e4b182f9/r_19",
            "rotation": 0.12566370614359174,
            "transform_matrix": [
                [
                    -0.7828906178474426,
                    -0.49985283613204956,
                    0.3704448640346527,
                    1.4933110475540161
                ],
                [
                    0.6221593022346497,
                    -0.6289870142936707,
                    0.46614721417427063,
                    1.8790994882583618
                ],
                [
                    0.0,
                    0.5954180359840393,
                    0.8034160733222961,
                    3.238673686981201
                ],
                [
                    0.0,
                    0.0,
                    0.0,
                    1.0
                ]
            ]
        },
        {
            "file_path": "/data/shapenet_blender/all_50_random/02958343/51b8011a2eaaed85cde8c99e4b182f9/r_20",
            "rotation": 0.12566370614359174,
            "transform_matrix": [
                [
                    -0.659734308719635,
                    -0.5052214860916138,
                    -0.5563288927078247,
                    -2.242633819580078
                ],
                [
                    -0.7514990568161011,
                    0.4435294568538666,
                    0.48839619755744934,
                    1.9687881469726562
                ],
                [
                    0.0,
                    0.7402923107147217,
                    -0.6722850203514099,
                    -2.7100677490234375
                ],
                [
                    0.0,
                    0.0,
                    0.0,
                    1.0
                ]
            ]
        },
        {
            "file_path": "/data/shapenet_blender/all_50_random/02958343/51b8011a2eaaed85cde8c99e4b182f9/r_21",
            "rotation": 0.12566370614359174,
            "transform_matrix": [
                [
                    -0.4045559763908386,
                    0.27017244696617126,
                    0.8736940622329712,
                    3.5219733715057373
                ],
                [
                    0.9145132303237915,
                    0.1195170134305954,
                    0.38649868965148926,
                    1.5580260753631592
                ],
                [
                    0.0,
                    0.9553651213645935,
                    -0.2954276204109192,
                    -1.1909068822860718
                ],
                [
                    0.0,
                    0.0,
                    0.0,
                    1.0
                ]
            ]
        },
        {
            "file_path": "/data/shapenet_blender/all_50_random/02958343/51b8011a2eaaed85cde8c99e4b182f9/r_22",
            "rotation": 0.12566370614359174,
            "transform_matrix": [
                [
                    -0.9905451536178589,
                    -0.08205682784318924,
                    0.10994131118059158,
                    0.4431875944137573
                ],
                [
                    0.13718751072883606,
                    -0.5924809575080872,
                    0.7938173413276672,
                    3.1999800205230713
                ],
                [
                    0.0,
                    0.8013944029808044,
                    0.5981362462043762,
                    2.4111642837524414
                ],
                [
                    0.0,
                    0.0,
                    0.0,
                    1.0
                ]
            ]
        },
        {
            "file_path": "/data/shapenet_blender/all_50_random/02958343/51b8011a2eaaed85cde8c99e4b182f9/r_23",
            "rotation": 0.12566370614359174,
            "transform_matrix": [
                [
                    0.8798801898956299,
                    -0.3693317174911499,
                    -0.2990066707134247,
                    -1.2053344249725342
                ],
                [
                    -0.47519564628601074,
                    -0.683860719203949,
                    -0.553645670413971,
                    -2.2318170070648193
                ],
                [
                    -1.4901161193847656e-08,
                    0.629228413105011,
                    -0.7772203683853149,
                    -3.133075475692749
                ],
                [
                    0.0,
                    0.0,
                    0.0,
                    1.0
                ]
            ]
        },
        {
            "file_path": "/data/shapenet_blender/all_50_random/02958343/51b8011a2eaaed85cde8c99e4b182f9/r_24",
            "rotation": 0.12566370614359174,
            "transform_matrix": [
                [
                    -0.43165868520736694,
                    0.5232489705085754,
                    -0.7347660660743713,
                    -2.9619369506835938
                ],
                [
                    -0.9020370244979858,
                    -0.250394344329834,
                    0.35161325335502625,
                    1.417398452758789
                ],
                [
                    0.0,
                    0.8145631551742554,
                    0.5800747871398926,
                    2.3383564949035645
                ],
                [
                    0.0,
                    0.0,
                    0.0,
                    1.0
                ]
            ]
        },
        {
            "file_path": "/data/shapenet_blender/all_50_random/02958343/51b8011a2eaaed85cde8c99e4b182f9/r_25",
            "rotation": 0.12566370614359174,
            "transform_matrix": [
                [
                    0.664426863193512,
                    -0.06539242714643478,
                    -0.7444868087768555,
                    -3.001122236251831
                ],
                [
                    -0.7473531365394592,
                    -0.05813649296760559,
                    -0.6618786454200745,
                    -2.6681180000305176
                ],
                [
                    -3.725290076417309e-09,
                    0.9961645603179932,
                    -0.08749868720769882,
                    -0.3527184724807739
                ],
                [
                    0.0,
                    0.0,
                    0.0,
                    1.0
                ]
            ]
        },
        {
            "file_path": "/data/shapenet_blender/all_50_random/02958343/51b8011a2eaaed85cde8c99e4b182f9/r_26",
            "rotation": 0.12566370614359174,
            "transform_matrix": [
                [
                    0.15247806906700134,
                    0.8664423823356628,
                    0.4754241704940796,
                    1.9164962768554688
                ],
                [
                    0.9883067607879639,
                    -0.13367657363414764,
                    -0.07334945350885391,
                    -0.2956811487674713
                ],
                [
                    0.0,
                    0.48104918003082275,
                    -0.8766935467720032,
                    -3.534065008163452
                ],
                [
                    0.0,
                    0.0,
                    0.0,
                    1.0
                ]
            ]
        },
        {
            "file_path": "/data/shapenet_blender/all_50_random/02958343/51b8011a2eaaed85cde8c99e4b182f9/r_27",
            "rotation": 0.12566370614359174,
            "transform_matrix": [
                [
                    0.49871429800987244,
                    0.7853869199752808,
                    0.36667612195014954,
                    1.4781187772750854
                ],
                [
                    0.8667665123939514,
                    -0.45189064741134644,
                    -0.21097563207149506,
                    -0.8504699468612671
                ],
                [
                    0.0,
                    0.42303910851478577,
                    -0.9061113595962524,
                    -3.652651786804199
                ],
                [
                    0.0,
                    0.0,
                    0.0,
                    1.0
                ]
            ]
        },
        {
            "file_path": "/data/shapenet_blender/all_50_random/02958343/51b8011a2eaaed85cde8c99e4b182f9/r_28",
            "rotation": 0.12566370614359174,
            "transform_matrix": [
                [
                    -0.8806153535842896,
                    -0.4081076979637146,
                    0.2407585084438324,
                    0.9705286026000977
                ],
                [
                    0.4738318622112274,
                    -0.7584671378135681,
                    0.44744908809661865,
                    1.803725004196167
                ],
                [
                    0.0,
                    0.5081095099449158,
                    0.8612923622131348,
                    3.471980571746826
                ],
                [
                    0.0,
                    0.0,
                    0.0,
                    1.0
                ]
            ]
        },
        {
            "file_path": "/data/shapenet_blender/all_50_random/02958343/51b8011a2eaaed85cde8c99e4b182f9/r_29",
            "rotation": 0.12566370614359174,
            "transform_matrix": [
                [
                    0.7398524284362793,
                    0.30037397146224976,
                    0.6019915342330933,
                    2.4267055988311768
                ],
                [
                    0.6727691888809204,
                    -0.3303248882293701,
                    -0.6620174050331116,
                    -2.668677568435669
                ],
                [
                    -1.4901162970204496e-08,
                    0.8947964310646057,
                    -0.4464741051197052,
                    -1.7997946739196777
                ],
                [
                    0.0,
                    0.0,
                    0.0,
                    1.0
                ]
            ]
        },
        {
            "file_path": "/data/shapenet_blender/all_50_random/02958343/51b8011a2eaaed85cde8c99e4b182f9/r_30",
            "rotation": 0.12566370614359174,
            "transform_matrix": [
                [
                    0.7169770002365112,
                    -0.5485696792602539,
                    -0.4301341474056244,
                    -1.7339261770248413
                ],
                [
                    -0.6970968842506409,
                    -0.5642140507698059,
                    -0.44240090250968933,
                    -1.7833750247955322
                ],
                [
                    -1.4901161193847656e-08,
                    0.6170364022254944,
                    -0.7869346141815186,
                    -3.1722350120544434
                ],
                [
                    0.0,
                    0.0,
                    0.0,
                    1.0
                ]
            ]
        },
        {
            "file_path": "/data/shapenet_blender/all_50_random/02958343/51b8011a2eaaed85cde8c99e4b182f9/r_31",
            "rotation": 0.12566370614359174,
            "transform_matrix": [
                [
                    -0.7942164540290833,
                    -0.5865622758865356,
                    0.15863412618637085,
                    0.639474630355835
                ],
                [
                    0.6076349020004272,
                    -0.76667320728302,
                    0.2073446363210678,
                    0.835832953453064
                ],
                [
                    -7.450580596923828e-09,
                    0.2610681653022766,
                    0.965320348739624,
                    3.8913307189941406
                ],
                [
                    0.0,
                    0.0,
                    0.0,
                    1.0
                ]
            ]
        },
        {
            "file_path": "/data/shapenet_blender/all_50_random/02958343/51b8011a2eaaed85cde8c99e4b182f9/r_32",
            "rotation": 0.12566370614359174,
            "transform_matrix": [
                [
                    -0.9791706800460815,
                    0.08451731503009796,
                    -0.1846119463443756,
                    -0.7441946268081665
                ],
                [
                    -0.2030387967824936,
                    -0.40759143233299255,
                    0.890305757522583,
                    3.588937520980835
                ],
                [
                    7.450580596923828e-09,
                    0.90924471616745,
                    0.4162618815898895,
                    1.6780054569244385
                ],
                [
                    0.0,
                    0.0,
                    0.0,
                    1.0
                ]
            ]
        },
        {
            "file_path": "/data/shapenet_blender/all_50_random/02958343/51b8011a2eaaed85cde8c99e4b182f9/r_33",
            "rotation": 0.12566370614359174,
            "transform_matrix": [
                [
                    -0.35941949486732483,
                    -0.08214595913887024,
                    -0.9295535087585449,
                    -3.74714994430542
                ],
                [
                    -0.9331761002540588,
                    0.03163910657167435,
                    0.3580242097377777,
                    1.4432417154312134
                ],
                [
                    1.862645149230957e-09,
                    0.996117889881134,
                    -0.08802836388349533,
                    -0.35485368967056274
                ],
                [
                    0.0,
                    0.0,
                    0.0,
                    1.0
                ]
            ]
        },
        {
            "file_path": "/data/shapenet_blender/all_50_random/02958343/51b8011a2eaaed85cde8c99e4b182f9/r_34",
            "rotation": 0.12566370614359174,
            "transform_matrix": [
                [
                    -0.964730978012085,
                    0.07281509041786194,
                    -0.2529669404029846,
                    -1.0197423696517944
                ],
                [
                    -0.26323816180229187,
                    -0.2668570876121521,
                    0.9270883798599243,
                    3.737212896347046
                ],
                [
                    0.0,
                    0.9609813690185547,
                    0.2766129970550537,
                    1.1150627136230469
                ],
                [
                    0.0,
                    0.0,
                    0.0,
                    1.0
                ]
            ]
        },
        {
            "file_path": "/data/shapenet_blender/all_50_random/02958343/51b8011a2eaaed85cde8c99e4b182f9/r_35",
            "rotation": 0.12566370614359174,
            "transform_matrix": [
                [
                    -0.45391225814819336,
                    -0.0775160938501358,
                    -0.887668251991272,
                    -3.5783050060272217
                ],
                [
                    -0.8910463452339172,
                    0.03948785364627838,
                    0.45219141244888306,
                    1.822841763496399
                ],
                [
                    3.7252898543727042e-09,
                    0.9962087273597717,
                    -0.08699445426464081,
                    -0.35068586468696594
                ],
                [
                    0.0,
                    0.0,
                    0.0,
                    1.0
                ]
            ]
        },
        {
            "file_path": "/data/shapenet_blender/all_50_random/02958343/51b8011a2eaaed85cde8c99e4b182f9/r_36",
            "rotation": 0.12566370614359174,
            "transform_matrix": [
                [
                    -0.31321126222610474,
                    0.6058110594749451,
                    0.7313629388809204,
                    2.94821834564209
                ],
                [
                    0.9496835470199585,
                    0.19980008900165558,
                    0.24120783805847168,
                    0.9723398685455322
                ],
                [
                    0.0,
                    0.7701123356819153,
                    -0.6379083395004272,
                    -2.57149076461792
                ],
                [
                    0.0,
                    0.0,
                    0.0,
                    1.0
                ]
            ]
        },
        {
            "file_path": "/data/shapenet_blender/all_50_random/02958343/51b8011a2eaaed85cde8c99e4b182f9/r_37",
            "rotation": 0.12566370614359174,
            "transform_matrix": [
                [
                    0.5632103681564331,
                    -0.2252533733844757,
                    0.7950188517570496,
                    3.2048234939575195
                ],
                [
                    0.8263134956359863,
                    0.15353135764598846,
                    -0.5418801307678223,
                    -2.1843886375427246
                ],
                [
                    7.450580152834618e-09,
                    0.9621273875236511,
                    0.27260035276412964,
                    1.0988872051239014
                ],
                [
                    0.0,
                    0.0,
                    0.0,
                    1.0
                ]
            ]
        },
        {
            "file_path": "/data/shapenet_blender/all_50_random/02958343/51b8011a2eaaed85cde8c99e4b182f9/r_38",
            "rotation": 0.12566370614359174,
            "transform_matrix": [
                [
                    -0.0011712998384609818,
                    0.48914834856987,
                    0.8721997737884521,
                    3.5159497261047363
                ],
                [
                    0.9999994039535522,
                    0.0005729396943934262,
                    0.0010216081282123923,
                    0.004118233919143677
                ],
                [
                    0.0,
                    0.8722003102302551,
                    -0.48914873600006104,
                    -1.971821665763855
                ],
                [
                    0.0,
                    0.0,
                    0.0,
                    1.0
                ]
            ]
        },
        {
            "file_path": "/data/shapenet_blender/all_50_random/02958343/51b8011a2eaaed85cde8c99e4b182f9/r_39",
            "rotation": 0.12566370614359174,
            "transform_matrix": [
                [
                    -0.7650473117828369,
                    0.11053590476512909,
                    0.6344165802001953,
                    2.557415008544922
                ],
                [
                    0.6439740657806396,
                    0.13131771981716156,
                    0.7536929845809937,
                    3.038233518600464
                ],
                [
                    -7.450580596923828e-09,
                    0.9851585030555725,
                    -0.17164655029773712,
                    -0.6919293999671936
                ],
                [
                    0.0,
                    0.0,
                    0.0,
                    1.0
                ]
            ]
        },
        {
            "file_path": "/data/shapenet_blender/all_50_random/02958343/51b8011a2eaaed85cde8c99e4b182f9/r_40",
            "rotation": 0.12566370614359174,
            "transform_matrix": [
                [
                    0.8113024234771729,
                    -0.49685975909233093,
                    -0.3080889880657196,
                    -1.2419464588165283
                ],
                [
                    -0.5846267938613892,
                    -0.6895056962966919,
                    -0.42754343152046204,
                    -1.7234827280044556
                ],
                [
                    0.0,
                    0.5269840359687805,
                    -0.8498751521110535,
                    -3.4259562492370605
                ],
                [
                    0.0,
                    0.0,
                    0.0,
                    1.0
                ]
            ]
        },
        {
            "file_path": "/data/shapenet_blender/all_50_random/02958343/51b8011a2eaaed85cde8c99e4b182f9/r_41",
            "rotation": 0.12566370614359174,
            "transform_matrix": [
                [
                    0.9778731465339661,
                    0.12747542560100555,
                    0.16587410867214203,
                    0.6686599254608154
                ],
                [
                    0.2091989666223526,
                    -0.5958671569824219,
                    -0.7753567695617676,
                    -3.125563144683838
                ],
                [
                    0.0,
