{
    "class": "02958343",
    "model": "609f09c6ce74d6c44c06afea25f8c085",
    "remove_doubles": true,
    "edge_split": true,
    "denoise": true,
    "camera_angle_x": 0.6911112070083618,
    "scale_factor": 2.261619667924851,
    "hdri_file": "/data/IndoorHDRDataset2018/AG8A8322-553640ea4d.exr",
    "center_offset": [
        0.0,
        0.0,
        -2.3283064365386963e-10
    ],
    "lights": [],
    "frames": [
        {
            "file_path": "/data/shapenet_blender/all_50_random/02958343/609f09c6ce74d6c44c06afea25f8c085/r_0",
            "rotation": 0.12566370614359174,
            "transform_matrix": [
                [
                    0.9763075709342957,
                    0.0027722176164388657,
                    -0.21636955440044403,
                    -0.8722134828567505
                ],
                [
                    -0.21638727188110352,
                    0.012507837265729904,
                    -0.9762275815010071,
                    -3.9352986812591553
                ],
                [
                    -2.328306020205062e-10,
                    0.9999179840087891,
                    0.012811370193958282,
                    0.051644280552864075
                ],
                [
                    0.0,
                    0.0,
                    0.0,
                    1.0
                ]
            ]
        },
        {
            "file_path": "/data/shapenet_blender/all_50_random/02958343/609f09c6ce74d6c44c06afea25f8c085/r_1",
            "rotation": 0.12566370614359174,
            "transform_matrix": [
                [
                    0.9997051358222961,
                    0.010524986311793327,
                    0.02188168466091156,
                    0.0882079005241394
                ],
                [
                    0.024281341582536697,
                    -0.43333205580711365,
                    -0.9009070992469788,
                    -3.6316728591918945
                ],
                [
                    9.313225191043273e-10,
                    0.9011728763580322,
                    -0.4334598481655121,
                    -1.7473326921463013
                ],
                [
                    0.0,
                    0.0,
                    0.0,
                    1.0
                ]
            ]
        },
        {
            "file_path": "/data/shapenet_blender/all_50_random/02958343/609f09c6ce74d6c44c06afea25f8c085/r_2",
            "rotation": 0.12566370614359174,
            "transform_matrix": [
                [
                    0.7684394717216492,
                    -0.5519163012504578,
                    -0.3238658905029297,
                    -1.3055453300476074
                ],
                [
                    -0.6399224400520325,
                    -0.6627589464187622,
                    -0.38890865445137024,
                    -1.5677410364151
                ],
                [
                    0.0,
                    0.5061019062995911,
                    -0.8624736666679382,
                    -3.476742744445801
                ],
                [
                    0.0,
                    0.0,
                    0.0,
                    1.0
                ]
            ]
        },
        {
            "file_path": "/data/shapenet_blender/all_50_random/02958343/609f09c6ce74d6c44c06afea25f8c085/r_3",
            "rotation": 0.12566370614359174,
            "transform_matrix": [
                [
                    -0.9920448064804077,
                    -0.010304909199476242,
                    -0.12546251714229584,
                    -0.5057555437088013
                ],
                [
                    -0.1258849799633026,
                    0.08120850473642349,
                    0.9887154698371887,
                    3.9856390953063965
                ],
                [
                    0.0,
                    0.9966438412666321,
                    -0.08185971528291702,
                    -0.3299870193004608
                ],
                [
                    0.0,
                    0.0,
                    0.0,
                    1.0
                ]
            ]
        },
        {
            "file_path": "/data/shapenet_blender/all_50_random/02958343/609f09c6ce74d6c44c06afea25f8c085/r_4",
            "rotation": 0.12566370614359174,
            "transform_matrix": [
                [
                    0.8602465391159058,
                    0.048777904361486435,
                    0.5075397491455078,
                    2.0459582805633545
                ],
                [
                    0.5098783373832703,
                    -0.08229615539312363,
                    -0.856300950050354,
                    -3.451859474182129
                ],
                [
                    3.725290742551124e-09,
                    0.9954134821891785,
                    -0.09566577523946762,
                    -0.38564106822013855
                ],
                [
                    0.0,
                    0.0,
                    0.0,
                    1.0
                ]
            ]
        },
        {
            "file_path": "/data/shapenet_blender/all_50_random/02958343/609f09c6ce74d6c44c06afea25f8c085/r_5",
            "rotation": 0.12566370614359174,
            "transform_matrix": [
                [
                    0.6012805104255676,
                    -0.6772990226745605,
                    0.42394304275512695,
                    1.7089691162109375
                ],
                [
                    0.7990379929542542,
                    0.5096712708473206,
                    -0.31901949644088745,
                    -1.2860087156295776
                ],
                [
                    -1.4901161193847656e-08,
                    0.5305666327476501,
                    0.8476430773735046,
                    3.4169585704803467
                ],
                [
                    0.0,
                    0.0,
                    0.0,
                    1.0
                ]
            ]
        },
        {
            "file_path": "/data/shapenet_blender/all_50_random/02958343/609f09c6ce74d6c44c06afea25f8c085/r_6",
            "rotation": 0.12566370614359174,
            "transform_matrix": [
                [
                    -0.31360092759132385,
                    0.9441073536872864,
                    0.10156608372926712,
                    0.4094260334968567
                ],
                [
                    0.9495549201965332,
                    0.31180182099342346,
                    0.03354331851005554,
                    0.13521745800971985
                ],
                [
                    0.0,
                    0.10696166008710861,
                    -0.9942629933357239,
                    -4.008002758026123
                ],
                [
                    0.0,
                    0.0,
                    0.0,
                    1.0
                ]
            ]
        },
        {
            "file_path": "/data/shapenet_blender/all_50_random/02958343/609f09c6ce74d6c44c06afea25f8c085/r_7",
            "rotation": 0.12566370614359174,
            "transform_matrix": [
                [
                    -0.3332449197769165,
                    0.3389129638671875,
                    0.8798214197158813,
                    3.5466737747192383
                ],
                [
                    0.9428403973579407,
                    0.11978807300329208,
                    0.3109710216522217,
                    1.2535643577575684
                ],
                [
                    0.0,
                    0.9331606030464172,
                    -0.3594595491886139,
                    -1.4490278959274292
                ],
                [
                    0.0,
                    0.0,
                    0.0,
                    1.0
                ]
            ]
        },
        {
            "file_path": "/data/shapenet_blender/all_50_random/02958343/609f09c6ce74d6c44c06afea25f8c085/r_8",
            "rotation": 0.12566370614359174,
            "transform_matrix": [
                [
                    0.4052906632423401,
                    -0.07269124686717987,
                    -0.9112932682037354,
                    -3.6735408306121826
                ],
                [
                    -0.9141879081726074,
                    -0.03222650662064552,
                    -0.4040073752403259,
                    -1.6286059617996216
                ],
                [
                    0.0,
                    0.9968336224555969,
                    -0.07951456308364868,
                    -0.32053348422050476
                ],
                [
                    0.0,
                    0.0,
                    0.0,
                    1.0
                ]
            ]
        },
        {
            "file_path": "/data/shapenet_blender/all_50_random/02958343/609f09c6ce74d6c44c06afea25f8c085/r_9",
            "rotation": 0.12566370614359174,
            "transform_matrix": [
                [
                    0.34724417328834534,
                    -0.016314344480633736,
                    -0.9376328587532043,
                    -3.7797186374664307
                ],
                [
                    -0.937774658203125,
                    -0.006040962412953377,
                    -0.3471916615962982,
                    -1.3995742797851562
                ],
                [
                    0.0,
                    0.9998486042022705,
                    -0.017396871000528336,
                    -0.07012902945280075
                ],
                [
                    0.0,
                    0.0,
                    0.0,
                    1.0
                ]
            ]
        },
        {
            "file_path": "/data/shapenet_blender/all_50_random/02958343/609f09c6ce74d6c44c06afea25f8c085/r_10",
            "rotation": 0.12566370614359174,
            "transform_matrix": [
                [
                    -0.19263164699077606,
                    -0.8731656670570374,
                    0.44774389266967773,
                    1.8049135208129883
                ],
                [
                    0.9812711477279663,
                    -0.17140963673591614,
                    0.08789582550525665,
                    0.35431942343711853
                ],
                [
                    0.0,
                    0.4562896192073822,
                    0.8898311853408813,
                    3.587024450302124
                ],
                [
                    0.0,
                    0.0,
                    0.0,
                    1.0
                ]
            ]
        },
        {
            "file_path": "/data/shapenet_blender/all_50_random/02958343/609f09c6ce74d6c44c06afea25f8c085/r_11",
            "rotation": 0.12566370614359174,
            "transform_matrix": [
                [
                    0.639717161655426,
                    0.5545729398727417,
                    0.5321754813194275,
                    2.145267963409424
                ],
                [
                    0.7686104774475098,
                    -0.4615730047225952,
                    -0.44293153285980225,
                    -1.7855141162872314
                ],
                [
                    -1.4901162970204496e-08,
                    0.6923865079879761,
                    -0.7215267419815063,
                    -2.908567428588867
                ],
                [
                    0.0,
                    0.0,
                    0.0,
                    1.0
                ]
            ]
        },
        {
            "file_path": "/data/shapenet_blender/all_50_random/02958343/609f09c6ce74d6c44c06afea25f8c085/r_12",
            "rotation": 0.12566370614359174,
            "transform_matrix": [
                [
                    0.6086399555206299,
                    0.3533324897289276,
                    -0.7104318737983704,
                    -2.863842487335205
                ],
                [
                    -0.79344642162323,
                    0.27103564143180847,
                    -0.5449608564376831,
                    -2.196807384490967
                ],
                [
                    -1.4901160305669237e-08,
                    0.8953745365142822,
                    0.4453136920928955,
                    1.795116901397705
                ],
                [
                    0.0,
                    0.0,
                    0.0,
                    1.0
                ]
            ]
        },
        {
            "file_path": "/data/shapenet_blender/all_50_random/02958343/609f09c6ce74d6c44c06afea25f8c085/r_13",
            "rotation": 0.12566370614359174,
            "transform_matrix": [
                [
                    -0.044755224138498306,
                    -0.318236380815506,
                    0.9469543695449829,
                    3.8172950744628906
                ],
                [
                    0.9989979267120361,
                    -0.014257026836276054,
                    0.04242366552352905,
                    0.17101526260375977
                ],
                [
                    0.0,
                    0.947904109954834,
                    0.3185555934906006,
                    1.2841386795043945
                ],
                [
                    0.0,
                    0.0,
                    0.0,
                    1.0
                ]
            ]
        },
        {
            "file_path": "/data/shapenet_blender/all_50_random/02958343/609f09c6ce74d6c44c06afea25f8c085/r_14",
            "rotation": 0.12566370614359174,
            "transform_matrix": [
                [
                    0.46639811992645264,
                    0.008057866245508194,
                    -0.8845381736755371,
                    -3.565687656402588
                ],
                [
                    -0.8845749497413635,
                    0.004248563665896654,
                    -0.46637868881225586,
                    -1.8800327777862549
                ],
                [
                    -2.3283064365386963e-10,
                    0.9999584555625916,
                    0.009109308011829853,
                    0.036720797419548035
                ],
                [
                    0.0,
                    0.0,
                    0.0,
                    1.0
                ]
            ]
        },
        {
            "file_path": "/data/shapenet_blender/all_50_random/02958343/609f09c6ce74d6c44c06afea25f8c085/r_15",
            "rotation": 0.12566370614359174,
            "transform_matrix": [
                [
                    0.31912389397621155,
                    0.19318152964115143,
                    0.9278151392936707,
                    3.740142345428467
                ],
                [
                    0.9477130174636841,
                    -0.06505011022090912,
                    -0.3124236464500427,
                    -1.2594200372695923
                ],
                [
                    0.0,
                    0.9790042638778687,
                    -0.20383970439434052,
                    -0.8217041492462158
                ],
                [
                    0.0,
                    0.0,
                    0.0,
                    1.0
                ]
            ]
        },
        {
            "file_path": "/data/shapenet_blender/all_50_random/02958343/609f09c6ce74d6c44c06afea25f8c085/r_16",
            "rotation": 0.12566370614359174,
            "transform_matrix": [
                [
                    -0.9998921155929565,
                    -0.011448301374912262,
                    -0.009203740395605564,
                    -0.03710146248340607
                ],
                [
                    -0.014689196832478046,
                    0.7792847156524658,
                    0.6264976859092712,
                    2.5254929065704346
                ],
                [
                    0.0,
                    0.6265652179718018,
                    -0.7793689370155334,
                    -3.1417367458343506
                ],
                [
                    0.0,
                    0.0,
                    0.0,
                    1.0
                ]
            ]
        },
        {
            "file_path": "/data/shapenet_blender/all_50_random/02958343/609f09c6ce74d6c44c06afea25f8c085/r_17",
            "rotation": 0.12566370614359174,
            "transform_matrix": [
                [
                    -0.18793386220932007,
                    0.40388837456703186,
                    -0.895296037197113,
                    -3.60905385017395
                ],
                [
                    -0.9821817278862,
                    -0.07728133350610733,
                    0.17130888998508453,
                    0.690568208694458
                ],
                [
                    -7.450580596923828e-09,
                    0.9115381836891174,
                    0.41121551394462585,
                    1.6576627492904663
                ],
                [
                    0.0,
                    0.0,
                    0.0,
                    1.0
                ]
            ]
        },
        {
            "file_path": "/data/shapenet_blender/all_50_random/02958343/609f09c6ce74d6c44c06afea25f8c085/r_18",
            "rotation": 0.12566370614359174,
            "transform_matrix": [
                [
                    -0.2684116065502167,
                    -0.38694143295288086,
                    0.8821743130683899,
                    3.5561583042144775
                ],
                [
                    0.963304340839386,
                    -0.1078159511089325,
                    0.24580582976341248,
                    0.9908750057220459
                ],
                [
                    7.450581485102248e-09,
                    0.9157794117927551,
                    0.40168139338493347,
                    1.6192294359207153
                ],
                [
                    0.0,
                    0.0,
                    0.0,
                    1.0
                ]
            ]
        },
        {
            "file_path": "/data/shapenet_blender/all_50_random/02958343/609f09c6ce74d6c44c06afea25f8c085/r_19",
            "rotation": 0.12566370614359174,
            "transform_matrix": [
                [
                    -0.639623761177063,
                    -0.19181829690933228,
                    -0.7443703413009644,
                    -3.00065279006958
                ],
                [
                    -0.7686882615089417,
                    0.15961159765720367,
                    0.6193889379501343,
                    2.4968366622924805
                ],
                [
                    7.450581485102248e-09,
                    0.9683644771575928,
                    -0.2495398223400116,
                    -1.0059272050857544
                ],
                [
                    0.0,
                    0.0,
                    0.0,
                    1.0
                ]
            ]
        },
        {
            "file_path": "/data/shapenet_blender/all_50_random/02958343/609f09c6ce74d6c44c06afea25f8c085/r_20",
            "rotation": 0.12566370614359174,
            "transform_matrix": [
                [
                    0.8045480847358704,
                    -0.02016947977244854,
                    -0.5935449600219727,
                    -2.3926563262939453
                ],
                [
                    -0.5938875675201416,
                    -0.027323881164193153,
                    -0.8040838837623596,
                    -3.241365909576416
                ],
                [
                    1.862645149230957e-09,
                    0.9994231462478638,
                    -0.03396177664399147,
                    -0.1369042992591858
                ],
                [
                    0.0,
                    0.0,
                    0.0,
                    1.0
                ]
            ]
        },
        {
            "file_path": "/data/shapenet_blender/all_50_random/02958343/609f09c6ce74d6c44c06afea25f8c085/r_21",
            "rotation": 0.12566370614359174,
            "transform_matrix": [
                [
                    0.008370079100131989,
                    0.03679055720567703,
                    -0.9992879033088684,
                    -4.028258323669434
                ],
                [
                    -0.9999650716781616,
                    0.00030795062775723636,
                    -0.008364411070942879,
                    -0.03371801972389221
                ],
                [
                    -2.9103833926180656e-11,
                    0.9993228912353516,
                    0.0367918498814106,
                    0.14831268787384033
                ],
                [
                    0.0,
                    0.0,
                    0.0,
                    1.0
                ]
            ]
        },
        {
            "file_path": "/data/shapenet_blender/all_50_random/02958343/609f09c6ce74d6c44c06afea25f8c085/r_22",
            "rotation": 0.12566370614359174,
            "transform_matrix": [
                [
                    -0.03543863445520401,
                    0.589613139629364,
                    -0.8069079518318176,
                    -3.2527499198913574
                ],
                [
                    -0.9993718862533569,
                    -0.020908217877149582,
                    0.028613686561584473,
                    0.11534546315670013
                ],
                [
                    -1.862645149230957e-09,
                    0.8074150681495667,
                    0.5899837613105774,
                    2.378300666809082
                ],
                [
                    0.0,
                    0.0,
                    0.0,
                    1.0
                ]
            ]
        },
        {
            "file_path": "/data/shapenet_blender/all_50_random/02958343/609f09c6ce74d6c44c06afea25f8c085/r_23",
            "rotation": 0.12566370614359174,
            "transform_matrix": [
                [
                    -0.5566816926002502,
                    0.5963481068611145,
                    -0.5783376693725586,
                    -2.3313536643981934
                ],
                [
                    -0.8307258486747742,
                    -0.39962172508239746,
                    0.3875526487827301,
                    1.562274694442749
                ],
                [
                    0.0,
                    0.6961835026741028,
                    0.7178638577461243,
                    2.893801689147949
                ],
                [
                    0.0,
                    0.0,
                    0.0,
                    1.0
                ]
            ]
        },
        {
            "file_path": "/data/shapenet_blender/all_50_random/02958343/609f09c6ce74d6c44c06afea25f8c085/r_24",
            "rotation": 0.12566370614359174,
            "transform_matrix": [
                [
                    -0.9890599846839905,
                    0.003604946192353964,
                    -0.14747045934200287,
                    -0.5944724678993225
                ],
                [
                    -0.14751453697681427,
                    -0.02417055331170559,
                    0.9887644648551941,
                    3.98583722114563
                ],
                [
                    0.0,
                    0.9997013211250305,
                    0.024437904357910156,
                    0.09851235151290894
                ],
                [
                    0.0,
                    0.0,
                    0.0,
                    1.0
                ]
            ]
        },
        {
            "file_path": "/data/shapenet_blender/all_50_random/02958343/609f09c6ce74d6c44c06afea25f8c085/r_25",
            "rotation": 0.12566370614359174,
            "transform_matrix": [
                [
                    0.4113866984844208,
                    0.8520110249519348,
                    -0.32378706336021423,
                    -1.305227518081665
                ],
                [
                    -0.911460816860199,
                    0.3845541179180145,
                    -0.14614088833332062,
                    -0.5891128182411194
                ],
                [
                    0.0,
                    0.3552396893501282,
                    0.934775173664093,
                    3.7681994438171387
                ],
                [
                    0.0,
                    0.0,
                    0.0,
                    1.0
                ]
            ]
        },
        {
            "file_path": "/data/shapenet_blender/all_50_random/02958343/609f09c6ce74d6c44c06afea25f8c085/r_26",
            "rotation": 0.12566370614359174,
            "transform_matrix": [
                [
                    -0.5750160217285156,
                    -0.19725486636161804,
                    -0.794006884098053,
                    -3.200744390487671
                ],
                [
                    -0.8181421756744385,
                    0.13863691687583923,
                    0.5580530166625977,
                    2.2495839595794678
                ],
                [
                    -7.450580596923828e-09,
                    0.9705000519752502,
                    -0.24110093712806702,
                    -0.9719090461730957
                ],
                [
                    0.0,
                    0.0,
                    0.0,
                    1.0
                ]
            ]
        },
        {
            "file_path": "/data/shapenet_blender/all_50_random/02958343/609f09c6ce74d6c44c06afea25f8c085/r_27",
            "rotation": 0.12566370614359174,
            "transform_matrix": [
                [
                    -0.8215822577476501,
                    0.5393101572990417,
                    0.18478986620903015,
                    0.744911789894104
                ],
                [
                    0.5700901746749878,
                    0.7772238254547119,
                    0.26630890369415283,
                    1.0735255479812622
                ],
                [
                    1.4901162970204496e-08,
                    0.3241415321826935,
                    -0.946008563041687,
                    -3.8134825229644775
                ],
                [
                    0.0,
                    0.0,
                    0.0,
                    1.0
                ]
            ]
        },
        {
            "file_path": "/data/shapenet_blender/all_50_random/02958343/609f09c6ce74d6c44c06afea25f8c085/r_28",
            "rotation": 0.12566370614359174,
            "transform_matrix": [
                [
                    -0.9907848238945007,
                    0.03630976006388664,
                    0.1304882913827896,
                    0.5260151028633118
                ],
                [
                    0.13544590771198273,
                    0.2656053602695465,
                    0.9545198678970337,
                    3.847792625427246
                ],
                [
                    -3.725290742551124e-09,
                    0.9633978009223938,
                    -0.26807576417922974,
                    -1.0806479454040527
                ],
                [
                    0.0,
                    0.0,
                    0.0,
                    1.0
                ]
            ]
        },
        {
            "file_path": "/data/shapenet_blender/all_50_random/02958343/609f09c6ce74d6c44c06afea25f8c085/r_29",
            "rotation": 0.12566370614359174,
            "transform_matrix": [
                [
                    0.519321084022522,
                    0.011770196259021759,
                    -0.8544981479644775,
                    -3.444592237472534
                ],
                [
                    -0.8545792102813721,
                    0.00715265516191721,
                    -0.5192717909812927,
                    -2.0932514667510986
                ],
                [
                    -4.656612873077393e-10,
                    0.9999051094055176,
                    0.013773090206086636,
                    0.055521100759506226
                ],
                [
                    0.0,
                    0.0,
                    0.0,
                    1.0
                ]
            ]
        },
        {
            "file_path": "/data/shapenet_blender/all_50_random/02958343/609f09c6ce74d6c44c06afea25f8c085/r_30",
            "rotation": 0.12566370614359174,
            "transform_matrix": [
                [
                    -0.6383136510848999,
                    -0.31585970520973206,
                    -0.7019888758659363,
                    -2.829807758331299
                ],
                [
                    -0.769776463508606,
                    0.26191699504852295,
                    0.5821028351783752,
                    2.346531629562378
                ],
                [
                    -1.4901161193847656e-08,
                    0.9119386672973633,
                    -0.4103265702724457,
                    -1.6540793180465698
                ],
                [
                    0.0,
                    0.0,
                    0.0,
                    1.0
                ]
            ]
        },
        {
            "file_path": "/data/shapenet_blender/all_50_random/02958343/609f09c6ce74d6c44c06afea25f8c085/r_31",
            "rotation": 0.12566370614359174,
            "transform_matrix": [
                [
                    -0.7191128134727478,
                    -0.0450626015663147,
                    0.6934306025505066,
                    2.7953083515167236
                ],
                [
                    0.6948932409286499,
                    -0.046633198857307434,
                    0.7175991535186768,
                    2.892735004425049
                ],
                [
                    0.0,
                    0.9978950619697571,
                    0.06484822183847427,
                    0.26141157746315
                ],
                [
                    0.0,
                    0.0,
                    0.0,
                    1.0
                ]
            ]
        },
        {
            "file_path": "/data/shapenet_blender/all_50_random/02958343/609f09c6ce74d6c44c06afea25f8c085/r_32",
            "rotation": 0.12566370614359174,
            "transform_matrix": [
                [
                    0.4997924566268921,
                    -0.5306036472320557,
                    -0.6845927834510803,
                    -2.7596817016601562
                ],
                [
                    -0.8661452531814575,
                    -0.3061746060848236,
                    -0.3950310945510864,
                    -1.592421293258667
                ],
                [
                    1.4901162970204496e-08,
                    0.7903902530670166,
                    -0.6126036047935486,
                    -2.4694840908050537
                ],
                [
                    0.0,
                    0.0,
                    0.0,
                    1.0
                ]
            ]
        },
        {
            "file_path": "/data/shapenet_blender/all_50_random/02958343/609f09c6ce74d6c44c06afea25f8c085/r_33",
            "rotation": 0.12566370614359174,
            "transform_matrix": [
                [
                    0.9976261854171753,
                    0.03710490092635155,
                    -0.05801109969615936,
                    -0.23385022580623627
                ],
                [
                    -0.06886262446641922,
                    0.5375458598136902,
                    -0.8404179811477661,
                    -3.3878333568573
                ],
                [
                    0.0,
                    0.84241783618927,
                    0.5388248562812805,
                    2.172072410583496
                ],
                [
                    0.0,
                    0.0,
                    0.0,
                    1.0
                ]
            ]
        },
        {
            "file_path": "/data/shapenet_blender/all_50_random/02958343/609f09c6ce74d6c44c06afea25f8c085/r_34",
            "rotation": 0.12566370614359174,
            "transform_matrix": [
                [
                    -0.5332047343254089,
                    -0.09550575166940689,
                    0.8405780792236328,
                    3.3884782791137695
                ],
                [
                    0.8459861874580383,
                    -0.06019497290253639,
                    0.5297961235046387,
                    2.135676145553589
                ],
                [
                    -3.7252898543727042e-09,
                    0.9936071634292603,
                    0.11289281398057938,
                    0.455085426568985
                ],
                [
                    0.0,
                    0.0,
                    0.0,
                    1.0
                ]
            ]
        },
        {
            "file_path": "/data/shapenet_blender/all_50_random/02958343/609f09c6ce74d6c44c06afea25f8c085/r_35",
            "rotation": 0.12566370614359174,
            "transform_matrix": [
                [
                    0.9891317486763,
                    0.0023957437369972467,
                    -0.14701302349567413,
                    -0.592628538608551
                ],
                [
                    -0.14703257381916046,
                    0.016116878017783165,
                    -0.9890002608299255,
                    -3.986787796020508
                ],
                [
                    0.0,
                    0.9998672604560852,
                    0.01629396341741085,
                    0.06568307429552078
                ],
                [
                    0.0,
                    0.0,
                    0.0,
                    1.0
                ]
            ]
        },
        {
            "file_path": "/data/shapenet_blender/all_50_random/02958343/609f09c6ce74d6c44c06afea25f8c085/r_36",
            "rotation": 0.12566370614359174,
            "transform_matrix": [
                [
                    -0.921076774597168,
                    -0.3041931688785553,
                    -0.2430724799633026,
                    -0.9798564910888672
                ],
                [
                    -0.38938120007514954,
                    0.7195654511451721,
                    0.574985146522522,
                    2.3178391456604004
                ],
                [
                    0.0,
                    0.6242532730102539,
                    -0.7812220454216003,
                    -3.1492068767547607
                ],
                [
                    0.0,
                    0.0,
                    0.0,
                    1.0
                ]
            ]
        },
        {
            "file_path": "/data/shapenet_blender/all_50_random/02958343/609f09c6ce74d6c44c06afea25f8c085/r_37",
            "rotation": 0.12566370614359174,
            "transform_matrix": [
                [
                    0.6611450910568237,
                    -0.42998239398002625,
                    0.6148189306259155,
                    2.478414297103882
                ],
                [
                    0.7502580881118774,
                    0.3789106011390686,
                    -0.5417929291725159,
                    -2.184037208557129
                ],
                [
                    0.0,
                    0.8194766640663147,
                    0.5731126070022583,
                    2.310290813446045
                ],
                [
                    0.0,
                    0.0,
                    0.0,
                    1.0
                ]
            ]
        },
        {
            "file_path": "/data/shapenet_blender/all_50_random/02958343/609f09c6ce74d6c44c06afea25f8c085/r_38",
            "rotation": 0.12566370614359174,
            "transform_matrix": [
                [
                    0.6212792992591858,
                    -0.08311933279037476,
                    0.7791683077812195,
                    3.140928030014038
                ],
                [
                    0.783589243888855,
                    0.06590227782726288,
                    -0.6177740693092346,
                    -2.4903268814086914
                ],
                [
                    0.0,
                    0.9943580627441406,
                    0.10607514530420303,
                    0.4276025891304016
                ],
                [
                    0.0,
                    0.0,
                    0.0,
                    1.0
                ]
            ]
        },
        {
            "file_path": "/data/shapenet_blender/all_50_random/02958343/609f09c6ce74d6c44c06afea25f8c085/r_39",
            "rotation": 0.12566370614359174,
            "transform_matrix": [
                [
                    0.4475194811820984,
                    0.7219939231872559,
                    -0.5276846885681152,
                    -2.1271650791168213
                ],
                [
                    -0.8942741751670837,
                    0.36130568385124207,
                    -0.26406797766685486,
                    -1.064492106437683
                ],
                [
                    0.0,
                    0.590070366859436,
                    0.80735182762146,
                    3.2545392513275146
                ],
                [
                    0.0,
                    0.0,
                    0.0,
                    1.0
                ]
            ]
        },
        {
            "file_path": "/data/shapenet_blender/all_50_random/02958343/609f09c6ce74d6c44c06afea25f8c085/r_40",
            "rotation": 0.12566370614359174,
            "transform_matrix": [
                [
                    0.5244951844215393,
                    0.226033017039299,
                    -0.8208616971969604,
                    -3.3089993000030518
                ],
                [
                    -0.8514134883880615,
                    0.13924284279346466,
                    -0.505674421787262,
                    -2.0384387969970703
                ],
                [
                    0.0,
                    0.9641163945198059,
                    0.2654797434806824,
                    1.0701830387115479
                ],
                [
                    0.0,
                    0.0,
                    0.0,
                    1.0
                ]
            ]
        },
        {
            "file_path": "/data/shapenet_blender/all_50_random/02958343/609f09c6ce74d6c44c06afea25f8c085/r_41",
            "rotation": 0.12566370614359174,
            "transform_matrix": [
                [
                    -0.5552303791046143,
                    -0.29185017943382263,
                    -0.7788084745407104,
                    -3.1394777297973633
                ],
                [
                    -0.8316965699195862,
                    0.1948355883359909,
                    0.5199229121208191,
                    2.095876455307007
                ],
