{
    "class": "02958343",
    "model": "1710ff46ca275e171df27141dea8c9a",
    "remove_doubles": true,
    "edge_split": true,
    "denoise": true,
    "camera_angle_x": 0.6911112070083618,
    "scale_factor": 2.2723760536879007,
    "hdri_file": "/data/IndoorHDRDataset2018/AG8A7883-f48b891ed0.exr",
    "center_offset": [
        0.0,
        0.0,
        -1.862645149230957e-09
    ],
    "lights": [],
    "frames": [
        {
            "file_path": "/data/shapenet_blender/all_50_random/02958343/1710ff46ca275e171df27141dea8c9a/r_0",
            "rotation": 0.12566370614359174,
            "transform_matrix": [
                [
                    -0.347635954618454,
                    0.36093345284461975,
                    0.865376353263855,
                    3.4884438514709473
                ],
                [
                    0.9376295208930969,
                    0.1338198333978653,
                    0.3208473026752472,
                    1.2933769226074219
                ],
                [
                    7.450580152834618e-09,
                    0.9229404926300049,
                    -0.3849424719810486,
                    -1.5517528057098389
                ],
                [
                    0.0,
                    0.0,
                    0.0,
                    1.0
                ]
            ]
        },
        {
            "file_path": "/data/shapenet_blender/all_50_random/02958343/1710ff46ca275e171df27141dea8c9a/r_1",
            "rotation": 0.12566370614359174,
            "transform_matrix": [
                [
                    0.10310132801532745,
                    -0.045542873442173004,
                    -0.9936276078224182,
                    -4.005441188812256
                ],
                [
                    -0.9946708679199219,
                    -0.00472068740054965,
                    -0.1029931828379631,
                    -0.4151788353919983
                ],
                [
                    0.0,
                    0.9989511966705322,
                    -0.04578687250614166,
                    -0.18457280099391937
                ],
                [
                    0.0,
                    0.0,
                    0.0,
                    1.0
                ]
            ]
        },
        {
            "file_path": "/data/shapenet_blender/all_50_random/02958343/1710ff46ca275e171df27141dea8c9a/r_2",
            "rotation": 0.12566370614359174,
            "transform_matrix": [
                [
                    0.7274553179740906,
                    -0.48838385939598083,
                    0.48196470737457275,
                    1.9428619146347046
                ],
                [
                    0.6861551403999329,
                    0.5177800059318542,
                    -0.5109745264053345,
                    -2.0598042011260986
                ],
                [
                    1.4901162970204496e-08,
                    0.7024135589599609,
                    0.7117689251899719,
                    2.869232416152954
                ],
                [
                    0.0,
                    0.0,
                    0.0,
                    1.0
                ]
            ]
        },
        {
            "file_path": "/data/shapenet_blender/all_50_random/02958343/1710ff46ca275e171df27141dea8c9a/r_3",
            "rotation": 0.12566370614359174,
            "transform_matrix": [
                [
                    0.4354676306247711,
                    -0.054343435913324356,
                    0.8985626101493835,
                    3.6222217082977295
                ],
                [
                    0.9002044796943665,
                    0.02628825604915619,
                    -0.43467336893081665,
                    -1.7522244453430176
                ],
                [
                    0.0,
                    0.9981761574745178,
                    0.0603678859770298,
                    0.24335072934627533
                ],
                [
                    0.0,
                    0.0,
                    0.0,
                    1.0
                ]
            ]
        },
        {
            "file_path": "/data/shapenet_blender/all_50_random/02958343/1710ff46ca275e171df27141dea8c9a/r_4",
            "rotation": 0.12566370614359174,
            "transform_matrix": [
                [
                    -0.9139080047607422,
                    -0.24238823354244232,
                    0.3256072998046875,
                    1.3125649690628052
                ],
                [
                    0.4059213399887085,
                    -0.5457228422164917,
                    0.7330856323242188,
                    2.955162763595581
                ],
                [
                    1.4901159417490817e-08,
                    0.8021438717842102,
                    0.5971308946609497,
                    2.407111644744873
                ],
                [
                    0.0,
                    0.0,
                    0.0,
                    1.0
                ]
            ]
        },
        {
            "file_path": "/data/shapenet_blender/all_50_random/02958343/1710ff46ca275e171df27141dea8c9a/r_5",
            "rotation": 0.12566370614359174,
            "transform_matrix": [
                [
                    -0.9280957579612732,
                    -0.13246256113052368,
                    -0.3479824662208557,
                    -1.4027621746063232
                ],
                [
                    -0.3723413944244385,
                    0.3301753103733063,
                    0.867378830909729,
                    3.496515989303589
                ],
                [
                    -7.450580152834618e-09,
                    0.934579074382782,
                    -0.35575562715530396,
                    -1.4340968132019043
                ],
                [
                    0.0,
                    0.0,
                    0.0,
                    1.0
                ]
            ]
        },
        {
            "file_path": "/data/shapenet_blender/all_50_random/02958343/1710ff46ca275e171df27141dea8c9a/r_6",
            "rotation": 0.12566370614359174,
            "transform_matrix": [
                [
                    0.32280653715133667,
                    0.8206249475479126,
                    0.47156181931495667,
                    1.9009265899658203
                ],
                [
                    0.9464649558067322,
                    -0.2798868417739868,
                    -0.1608334630727768,
                    -0.6483404636383057
                ],
                [
                    -1.4901162970204496e-08,
                    0.4982347786426544,
                    -0.8670420050621033,
                    -3.4951584339141846
                ],
                [
                    0.0,
                    0.0,
                    0.0,
                    1.0
                ]
            ]
        },
        {
            "file_path": "/data/shapenet_blender/all_50_random/02958343/1710ff46ca275e171df27141dea8c9a/r_7",
            "rotation": 0.12566370614359174,
            "transform_matrix": [
                [
                    0.981975793838501,
                    -0.018398761749267578,
                    0.18810948729515076,
                    0.7582935690879822
                ],
                [
                    0.18900713324546814,
                    0.09558971971273422,
                    -0.9773120880126953,
                    -3.939671039581299
                ],
                [
                    -1.862645149230957e-09,
                    0.9952508211135864,
                    0.09734427183866501,
                    0.39240729808807373
                ],
                [
                    0.0,
                    0.0,
                    0.0,
                    1.0
                ]
            ]
        },
        {
            "file_path": "/data/shapenet_blender/all_50_random/02958343/1710ff46ca275e171df27141dea8c9a/r_8",
            "rotation": 0.12566370614359174,
            "transform_matrix": [
                [
                    0.9128082990646362,
                    -0.011568346060812473,
                    0.408224493265152,
                    1.6456056833267212
                ],
                [
                    0.4083884358406067,
                    0.02585695870220661,
                    -0.9124419093132019,
                    -3.678171157836914
                ],
                [
                    0.0,
                    0.9995986223220825,
                    0.02832682430744171,
                    0.11418908834457397
                ],
                [
                    0.0,
                    0.0,
                    0.0,
                    1.0
                ]
            ]
        },
        {
            "file_path": "/data/shapenet_blender/all_50_random/02958343/1710ff46ca275e171df27141dea8c9a/r_9",
            "rotation": 0.12566370614359174,
            "transform_matrix": [
                [
                    0.9546154737472534,
                    -0.13136506080627441,
                    0.26730629801750183,
                    1.0775461196899414
                ],
                [
                    0.29784131050109863,
                    0.42104005813598633,
                    -0.8567472100257874,
                    -3.4536585807800293
                ],
                [
                    -7.450581485102248e-09,
                    0.8974788784980774,
                    0.4410572648048401,
                    1.7779587507247925
                ],
                [
                    0.0,
                    0.0,
                    0.0,
                    1.0
                ]
            ]
        },
        {
            "file_path": "/data/shapenet_blender/all_50_random/02958343/1710ff46ca275e171df27141dea8c9a/r_10",
            "rotation": 0.12566370614359174,
            "transform_matrix": [
                [
                    -0.6791993379592896,
                    -0.3297180235385895,
                    -0.6557241082191467,
                    -2.643308639526367
                ],
                [
                    -0.7339537739753723,
                    0.30512040853500366,
                    0.6068057417869568,
                    2.4461123943328857
                ],
                [
                    2.980232594040899e-08,
                    0.8934133052825928,
                    -0.4492354094982147,
                    -1.8109259605407715
                ],
                [
                    0.0,
                    0.0,
                    0.0,
                    1.0
                ]
            ]
        },
        {
            "file_path": "/data/shapenet_blender/all_50_random/02958343/1710ff46ca275e171df27141dea8c9a/r_11",
            "rotation": 0.12566370614359174,
            "transform_matrix": [
                [
                    -0.9086800813674927,
                    0.23182983696460724,
                    -0.34721124172210693,
                    -1.399653434753418
                ],
                [
                    -0.41749343276023865,
                    -0.5045806765556335,
                    0.7557098865509033,
                    3.0463643074035645
                ],
                [
                    1.4901164746561335e-08,
                    0.8316568732261658,
                    0.5552896857261658,
                    2.2384445667266846
                ],
                [
                    0.0,
                    0.0,
                    0.0,
                    1.0
                ]
            ]
        },
        {
            "file_path": "/data/shapenet_blender/all_50_random/02958343/1710ff46ca275e171df27141dea8c9a/r_12",
            "rotation": 0.12566370614359174,
            "transform_matrix": [
                [
                    -0.7367204427719116,
                    -0.3380618393421173,
                    -0.585625410079956,
                    -2.360731601715088
                ],
                [
                    -0.676197350025177,
                    0.3683200776576996,
                    0.6380418539047241,
                    2.572028875350952
                ],
                [
                    0.0,
                    0.8660569190979004,
                    -0.4999454617500305,
                    -2.0153446197509766
                ],
                [
                    0.0,
                    0.0,
                    0.0,
                    1.0
                ]
            ]
        },
        {
            "file_path": "/data/shapenet_blender/all_50_random/02958343/1710ff46ca275e171df27141dea8c9a/r_13",
            "rotation": 0.12566370614359174,
            "transform_matrix": [
                [
                    -0.3393608033657074,
                    0.6217712163925171,
                    0.705857515335083,
                    2.845402240753174
                ],
                [
                    0.9406563639640808,
                    0.2243165522813797,
                    0.25465238094329834,
                    1.026536464691162
                ],
                [
                    0.0,
                    0.7503882646560669,
                    -0.6609973907470703,
                    -2.664565324783325
                ],
                [
                    0.0,
                    0.0,
                    0.0,
                    1.0
                ]
            ]
        },
        {
            "file_path": "/data/shapenet_blender/all_50_random/02958343/1710ff46ca275e171df27141dea8c9a/r_14",
            "rotation": 0.12566370614359174,
            "transform_matrix": [
                [
                    -0.1086759865283966,
                    -0.2794574797153473,
                    -0.9539879560470581,
                    -3.8456485271453857
                ],
                [
                    -0.9940771460533142,
                    0.03055126592516899,
                    0.10429329425096512,
                    0.42041972279548645
                ],
                [
                    -1.8626450382086546e-09,
                    0.9596719145774841,
                    -0.28112247586250305,
                    -1.1332409381866455
                ],
                [
                    0.0,
                    0.0,
                    0.0,
                    1.0
                ]
            ]
        },
        {
            "file_path": "/data/shapenet_blender/all_50_random/02958343/1710ff46ca275e171df27141dea8c9a/r_15",
            "rotation": 0.12566370614359174,
            "transform_matrix": [
                [
                    -0.22321927547454834,
                    -0.44198843836784363,
                    0.8688033819198608,
                    3.50225830078125
                ],
                [
                    0.9747682809829712,
                    -0.10121414810419083,
                    0.19895361363887787,
                    0.8020076155662537
                ],
                [
                    0.0,
                    0.891292154788971,
                    0.45342931151390076,
                    1.8278318643569946
                ],
                [
                    0.0,
                    0.0,
                    0.0,
                    1.0
                ]
            ]
        },
        {
            "file_path": "/data/shapenet_blender/all_50_random/02958343/1710ff46ca275e171df27141dea8c9a/r_16",
            "rotation": 0.12566370614359174,
            "transform_matrix": [
                [
                    0.7519686222076416,
                    0.11450421065092087,
                    -0.6491779088973999,
                    -2.616919755935669
                ],
                [
                    -0.6591988801956177,
                    0.13061849772930145,
                    -0.7405374050140381,
                    -2.985201835632324
                ],
                [
                    0.0,
                    0.9847981929779053,
                    0.17370207607746124,
                    0.7002154588699341
                ],
                [
                    0.0,
                    0.0,
                    0.0,
                    1.0
                ]
            ]
        },
        {
            "file_path": "/data/shapenet_blender/all_50_random/02958343/1710ff46ca275e171df27141dea8c9a/r_17",
            "rotation": 0.12566370614359174,
            "transform_matrix": [
                [
                    -0.9621703624725342,
                    0.09207117557525635,
                    0.2564196288585663,
                    1.033660650253296
                ],
                [
                    0.2724483907222748,
                    0.32515570521354675,
                    0.9055636525154114,
                    3.6504440307617188
                ],
                [
                    0.0,
                    0.9411677122116089,
                    -0.3379397988319397,
                    -1.3622790575027466
                ],
                [
                    0.0,
                    0.0,
                    0.0,
                    1.0
                ]
            ]
        },
        {
            "file_path": "/data/shapenet_blender/all_50_random/02958343/1710ff46ca275e171df27141dea8c9a/r_18",
            "rotation": 0.12566370614359174,
            "transform_matrix": [
                [
                    0.257368266582489,
                    -0.12012537568807602,
                    -0.9588177800178528,
                    -3.8651180267333984
                ],
                [
                    -0.9663134217262268,
                    -0.03199423477053642,
                    -0.2553718686103821,
                    -1.0294369459152222
                ],
                [
                    1.862645149230957e-09,
                    0.9922430515289307,
                    -0.12431306391954422,
                    -0.501121997833252
                ],
                [
                    0.0,
                    0.0,
                    0.0,
                    1.0
                ]
            ]
        },
        {
            "file_path": "/data/shapenet_blender/all_50_random/02958343/1710ff46ca275e171df27141dea8c9a/r_19",
            "rotation": 0.12566370614359174,
            "transform_matrix": [
                [
                    -0.9739671945571899,
                    -0.027744874358177185,
                    0.22498470544815063,
                    0.9069423675537109
                ],
                [
                    0.22668899595737457,
                    -0.11920560896396637,
                    0.9666447639465332,
                    3.896669626235962
                ],
                [
                    0.0,
                    0.9924818277359009,
                    0.12239180505275726,
                    0.493377149105072
                ],
                [
                    0.0,
                    0.0,
                    0.0,
                    1.0
                ]
            ]
        },
        {
            "file_path": "/data/shapenet_blender/all_50_random/02958343/1710ff46ca275e171df27141dea8c9a/r_20",
            "rotation": 0.12566370614359174,
            "transform_matrix": [
                [
                    0.212607741355896,
                    0.4854143559932709,
                    0.8480393886566162,
                    3.4185562133789062
                ],
                [
                    0.9771377444267273,
                    -0.10561750084161758,
                    -0.1845182478427887,
                    -0.7438168525695801
                ],
                [
                    0.0,
                    0.8678811192512512,
                    -0.49677178263664246,
                    -2.0025510787963867
                ],
                [
                    0.0,
                    0.0,
                    0.0,
                    1.0
                ]
            ]
        },
        {
            "file_path": "/data/shapenet_blender/all_50_random/02958343/1710ff46ca275e171df27141dea8c9a/r_21",
            "rotation": 0.12566370614359174,
            "transform_matrix": [
                [
                    -0.9939626455307007,
                    -0.07878895103931427,
                    -0.07635873556137085,
                    -0.3078119456768036
                ],
                [
                    -0.10971945524215698,
                    0.7137593030929565,
                    0.6917436122894287,
                    2.7885079383850098
                ],
                [
                    3.725290298461914e-09,
                    0.6959453225135803,
                    -0.7180946469306946,
                    -2.8947322368621826
                ],
                [
                    0.0,
                    0.0,
                    0.0,
                    1.0
                ]
            ]
        },
        {
            "file_path": "/data/shapenet_blender/all_50_random/02958343/1710ff46ca275e171df27141dea8c9a/r_22",
            "rotation": 0.12566370614359174,
            "transform_matrix": [
                [
                    -0.5928192734718323,
                    0.48316824436187744,
                    -0.6442930698394775,
                    -2.597228765487671
                ],
                [
                    -0.8053354620933533,
                    -0.35566726326942444,
                    0.4742736518383026,
                    1.911858320236206
                ],
                [
                    0.0,
                    0.8000307083129883,
                    0.5999589562416077,
                    2.4185121059417725
                ],
                [
                    0.0,
                    0.0,
                    0.0,
                    1.0
                ]
            ]
        },
        {
            "file_path": "/data/shapenet_blender/all_50_random/02958343/1710ff46ca275e171df27141dea8c9a/r_23",
            "rotation": 0.12566370614359174,
            "transform_matrix": [
                [
                    0.5973586440086365,
                    -0.1059500128030777,
                    0.7949448227882385,
                    3.2045249938964844
                ],
                [
                    0.8019741773605347,
                    0.07891794294118881,
                    -0.5921227335929871,
                    -2.38692307472229
                ],
                [
                    7.450580596923828e-09,
                    0.9912347197532654,
                    0.13211151957511902,
                    0.5325585603713989
                ],
                [
                    0.0,
                    0.0,
                    0.0,
                    1.0
                ]
            ]
        },
        {
            "file_path": "/data/shapenet_blender/all_50_random/02958343/1710ff46ca275e171df27141dea8c9a/r_24",
            "rotation": 0.12566370614359174,
            "transform_matrix": [
                [
                    0.9104715585708618,
                    -0.024318227544426918,
                    0.4128563404083252,
                    1.664277195930481
                ],
                [
                    0.41357195377349854,
                    0.05353615805506706,
                    -0.9088961482048035,
                    -3.663877487182617
                ],
                [
                    1.862645371275562e-09,
                    0.9982696175575256,
                    0.05880049616098404,
                    0.23703238368034363
                ],
                [
                    0.0,
                    0.0,
                    0.0,
                    1.0
                ]
            ]
        },
        {
            "file_path": "/data/shapenet_blender/all_50_random/02958343/1710ff46ca275e171df27141dea8c9a/r_25",
            "rotation": 0.12566370614359174,
            "transform_matrix": [
                [
                    0.7633424401283264,
                    0.1056516245007515,
                    0.6372959017753601,
                    2.5690219402313232
                ],
                [
                    0.6459940671920776,
                    -0.12484382838010788,
                    -0.7530642151832581,
                    -3.035698890686035
                ],
                [
                    7.450580596923828e-09,
                    0.9865351915359497,
                    -0.16354893147945404,
                    -0.6592868566513062
                ],
                [
                    0.0,
                    0.0,
                    0.0,
                    1.0
                ]
            ]
        },
        {
            "file_path": "/data/shapenet_blender/all_50_random/02958343/1710ff46ca275e171df27141dea8c9a/r_26",
            "rotation": 0.12566370614359174,
            "transform_matrix": [
                [
                    -0.5834497809410095,
                    0.09909281134605408,
                    -0.8060811758041382,
                    -3.249417304992676
                ],
                [
                    -0.812149167060852,
                    -0.07118849456310272,
                    0.5790904760360718,
                    2.3343887329101562
                ],
                [
                    -3.7252898543727042e-09,
                    0.99252849817276,
                    0.12201305478811264,
                    0.4918503761291504
                ],
                [
                    0.0,
                    0.0,
                    0.0,
                    1.0
                ]
            ]
        },
        {
            "file_path": "/data/shapenet_blender/all_50_random/02958343/1710ff46ca275e171df27141dea8c9a/r_27",
            "rotation": 0.12566370614359174,
            "transform_matrix": [
                [
                    -0.06683968752622604,
                    0.3466188311576843,
                    0.9356216192245483,
                    3.771611452102661
                ],
                [
                    0.9977637529373169,
                    0.023219821974635124,
                    0.0626768246293068,
                    0.2526583671569824
                ],
                [
                    0.0,
                    0.9377185702323914,
                    -0.3473956882953644,
                    -1.4003968238830566
                ],
                [
                    0.0,
                    0.0,
                    0.0,
                    1.0
                ]
            ]
        },
        {
            "file_path": "/data/shapenet_blender/all_50_random/02958343/1710ff46ca275e171df27141dea8c9a/r_28",
            "rotation": 0.12566370614359174,
            "transform_matrix": [
                [
                    0.8096137046813965,
                    -0.08494533598423004,
                    0.5807837843894958,
                    2.341214179992676
                ],
                [
                    0.5869629383087158,
                    0.1171673834323883,
                    -0.801090657711029,
                    -3.229299545288086
                ],
                [
                    -7.4505792646561986e-09,
                    0.9894727468490601,
                    0.14472007751464844,
                    0.5833852887153625
                ],
                [
                    0.0,
                    0.0,
                    0.0,
                    1.0
                ]
            ]
        },
        {
            "file_path": "/data/shapenet_blender/all_50_random/02958343/1710ff46ca275e171df27141dea8c9a/r_29",
            "rotation": 0.12566370614359174,
            "transform_matrix": [
                [
                    0.963780403137207,
                    -0.12664993107318878,
                    0.23470653593540192,
                    0.9461323618888855
                ],
                [
                    0.26669713854789734,
                    0.45768287777900696,
                    -0.8481738567352295,
                    -3.419098377227783
                ],
                [
                    0.0,
                    0.880048930644989,
                    0.47488293051719666,
                    1.9143143892288208
                ],
                [
                    0.0,
                    0.0,
                    0.0,
                    1.0
                ]
            ]
        },
        {
            "file_path": "/data/shapenet_blender/all_50_random/02958343/1710ff46ca275e171df27141dea8c9a/r_30",
            "rotation": 0.12566370614359174,
            "transform_matrix": [
                [
                    -0.9595389366149902,
                    0.18177729845046997,
                    -0.21504005789756775,
                    -0.866854190826416
                ],
                [
                    -0.2815763056278229,
                    -0.61944979429245,
                    0.7328006029129028,
                    2.9540138244628906
                ],
                [
                    0.0,
                    0.7637007832527161,
                    0.6455702781677246,
                    2.602376937866211
                ],
                [
                    0.0,
                    0.0,
                    0.0,
                    1.0
                ]
            ]
        },
        {
            "file_path": "/data/shapenet_blender/all_50_random/02958343/1710ff46ca275e171df27141dea8c9a/r_31",
            "rotation": 0.12566370614359174,
            "transform_matrix": [
                [
                    0.3157132565975189,
                    0.054988015443086624,
                    -0.9472599625587463,
                    -3.8185269832611084
                ],
                [
                    -0.9488545656204224,
                    0.01829621009528637,
                    -0.3151826858520508,
                    -1.270542025566101
                ],
                [
                    -3.725290076417309e-09,
                    0.9983193278312683,
                    0.05795199051499367,
                    0.23361194133758545
                ],
                [
                    0.0,
                    0.0,
                    0.0,
                    1.0
                ]
            ]
        },
        {
            "file_path": "/data/shapenet_blender/all_50_random/02958343/1710ff46ca275e171df27141dea8c9a/r_32",
            "rotation": 0.12566370614359174,
            "transform_matrix": [
                [
                    0.06111562252044678,
                    -0.14428088068962097,
                    -0.9876476526260376,
                    -3.981335163116455
                ],
                [
                    -0.9981306791305542,
                    -0.00883433036506176,
                    -0.06047374755144119,
                    -0.24377748370170593
                ],
                [
                    0.0,
                    0.9894973635673523,
                    -0.144551083445549,
                    -0.5827041268348694
                ],
                [
                    0.0,
                    0.0,
                    0.0,
                    1.0
                ]
            ]
        },
        {
            "file_path": "/data/shapenet_blender/all_50_random/02958343/1710ff46ca275e171df27141dea8c9a/r_33",
            "rotation": 0.12566370614359174,
            "transform_matrix": [
                [
                    0.3111409544944763,
                    0.09407142549753189,
                    0.9456964135169983,
                    3.8122243881225586
                ],
                [
                    0.95036381483078,
                    -0.030798176303505898,
                    -0.30961287021636963,
                    -1.2480895519256592
                ],
                [
                    -1.862645371275562e-09,
                    0.9950888752937317,
                    -0.09898464381694794,
                    -0.39901989698410034
                ],
                [
                    0.0,
                    0.0,
                    0.0,
                    1.0
                ]
            ]
        },
        {
            "file_path": "/data/shapenet_blender/all_50_random/02958343/1710ff46ca275e171df27141dea8c9a/r_34",
            "rotation": 0.12566370614359174,
            "transform_matrix": [
                [
                    -0.9508270025253296,
                    0.30430617928504944,
                    0.057670529931783676,
                    0.2324773371219635
                ],
                [
                    0.3097227215766907,
                    0.9341986179351807,
                    0.17704446613788605,
                    0.7136890888214111
                ],
                [
                    -3.725290742551124e-09,
                    0.1862006038427353,
                    -0.9825117588043213,
                    -3.9606316089630127
                ],
                [
                    0.0,
                    0.0,
                    0.0,
                    1.0
                ]
            ]
        },
        {
            "file_path": "/data/shapenet_blender/all_50_random/02958343/1710ff46ca275e171df27141dea8c9a/r_35",
            "rotation": 0.12566370614359174,
            "transform_matrix": [
                [
                    0.8111421465873718,
                    -0.048184897750616074,
                    -0.5828607082366943,
                    -2.3495869636535645
                ],
                [
                    -0.5848491787910461,
                    -0.06682886183261871,
                    -0.808384358882904,
                    -3.258701801300049
                ],
                [
                    0.0,
                    0.9966002702713013,
                    -0.08238858729600906,
                    -0.33211904764175415
                ],
                [
                    0.0,
                    0.0,
                    0.0,
                    1.0
                ]
            ]
        },
        {
            "file_path": "/data/shapenet_blender/all_50_random/02958343/1710ff46ca275e171df27141dea8c9a/r_36",
            "rotation": 0.12566370614359174,
            "transform_matrix": [
                [
                    0.19886769354343414,
                    0.01287019345909357,
                    -0.9799418449401855,
                    -3.9502718448638916
                ],
                [
                    -0.9800263047218323,
                    0.002611629432067275,
                    -0.19885055720806122,
                    -0.801592230796814
                ],
                [
                    -2.328306020205062e-10,
                    0.9999138116836548,
                    0.013132496736943722,
                    0.0529387891292572
                ],
                [
                    0.0,
                    0.0,
                    0.0,
                    1.0
                ]
            ]
        },
        {
            "file_path": "/data/shapenet_blender/all_50_random/02958343/1710ff46ca275e171df27141dea8c9a/r_37",
            "rotation": 0.12566370614359174,
            "transform_matrix": [
                [
                    -0.8740658164024353,
                    0.0023139335680752993,
                    -0.4858019948005676,
                    -1.958330512046814
                ],
                [
                    -0.48580747842788696,
                    -0.004163234028965235,
                    0.8740559220314026,
                    3.5234320163726807
                ],
                [
                    0.0,
                    0.9999887347221375,
                    0.004763066302984953,
                    0.019200533628463745
                ],
                [
                    0.0,
                    0.0,
                    0.0,
                    1.0
                ]
            ]
        },
        {
            "file_path": "/data/shapenet_blender/all_50_random/02958343/1710ff46ca275e171df27141dea8c9a/r_38",
            "rotation": 0.12566370614359174,
            "transform_matrix": [
                [
                    -0.042821984738111496,
                    0.8871711492538452,
                    0.4594492018222809,
                    1.8520989418029785
                ],
                [
                    0.9990827441215515,
                    0.03802530840039253,
                    0.019692590460181236,
                    0.07938337326049805
                ],
                [
                    1.862645149230957e-09,
                    0.4598710834980011,
                    -0.8879857063293457,
                    -3.579584836959839
                ],
                [
                    0.0,
                    0.0,
                    0.0,
                    1.0
                ]
            ]
        },
        {
            "file_path": "/data/shapenet_blender/all_50_random/02958343/1710ff46ca275e171df27141dea8c9a/r_39",
            "rotation": 0.12566370614359174,
            "transform_matrix": [
                [
                    0.9183180928230286,
                    -0.2099177986383438,
                    -0.33559855818748474,
                    -1.3528411388397217
                ],
                [
                    -0.3958433270454407,
                    -0.48698893189430237,
                    -0.7785561084747314,
                    -3.138460397720337
                ],
                [
                    0.0,
                    0.8478066325187683,
                    -0.5303053259849548,
                    -2.1377294063568115
                ],
                [
                    0.0,
                    0.0,
                    0.0,
                    1.0
                ]
            ]
        },
        {
            "file_path": "/data/shapenet_blender/all_50_random/02958343/1710ff46ca275e171df27141dea8c9a/r_40",
            "rotation": 0.12566370614359174,
            "transform_matrix": [
                [
                    0.07019046694040298,
                    0.405079185962677,
                    0.9115833044052124,
                    3.6747097969055176
                ],
                [
                    0.9975336790084839,
                    -0.028502993285655975,
                    -0.06414265185594559,
                    -0.25856730341911316
                ],
                [
                    0.0,
                    0.9138370752334595,
                    -0.40608078241348267,
                    -1.636963963508606
                ],
                [
                    0.0,
                    0.0,
                    0.0,
                    1.0
                ]
            ]
        },
        {
            "file_path": "/data/shapenet_blender/all_50_random/02958343/1710ff46ca275e171df27141dea8c9a/r_41",
            "rotation": 0.12566370614359174,
            "transform_matrix": [
                [
                    0.953588604927063,
                    0.014190657995641232,
                    -0.30077803134918213,
                    -1.212475061416626
                ],
                [
                    -0.3011125922203064,
                    0.04494016245007515,
                    -0.9525290131568909,
                    -3.8397672176361084
                ],
                [
