{
    "class": "02958343",
    "model": "bc9c588a00ae179fa2645d665a7d8fa",
    "remove_doubles": true,
    "edge_split": true,
    "denoise": true,
    "camera_angle_x": 0.6911112070083618,
    "scale_factor": 2.125800617750188,
    "hdri_file": "/data/IndoorHDRDataset2018/9C4A1575-d4c98f6660.exr",
    "center_offset": [
        0.0,
        0.0,
        -1.280568540096283e-09
    ],
    "lights": [],
    "frames": [
        {
            "file_path": "/data/shapenet_blender/all_50_random/02958343/bc9c588a00ae179fa2645d665a7d8fa/r_0",
            "rotation": 0.12566370614359174,
            "transform_matrix": [
                [
                    0.9349716901779175,
                    0.0519675612449646,
                    0.3508949875831604,
                    1.4145030975341797
                ],
                [
                    0.35472238063812256,
                    -0.13697528839111328,
                    -0.9248836040496826,
                    -3.728325366973877
                ],
                [
                    -3.725290298461914e-09,
                    0.9892104268074036,
                    -0.1465020328760147,
                    -0.5905686616897583
                ],
                [
                    0.0,
                    0.0,
                    0.0,
                    1.0
                ]
            ]
        },
        {
            "file_path": "/data/shapenet_blender/all_50_random/02958343/bc9c588a00ae179fa2645d665a7d8fa/r_1",
            "rotation": 0.12566370614359174,
            "transform_matrix": [
                [
                    0.6737806797027588,
                    0.1285935640335083,
                    -0.7276560664176941,
                    -2.9332754611968994
                ],
                [
                    -0.73893141746521,
                    0.11725562065839767,
                    -0.6634994745254517,
                    -2.674651861190796
                ],
                [
                    0.0,
                    0.9847409725189209,
                    0.17402641475200653,
                    0.7015228867530823
                ],
                [
                    0.0,
                    0.0,
                    0.0,
                    1.0
                ]
            ]
        },
        {
            "file_path": "/data/shapenet_blender/all_50_random/02958343/bc9c588a00ae179fa2645d665a7d8fa/r_2",
            "rotation": 0.12566370614359174,
            "transform_matrix": [
                [
                    0.942041277885437,
                    0.11374057829380035,
                    -0.31562861800193787,
                    -1.2723397016525269
                ],
                [
                    -0.3354972004890442,
                    0.3193717300891876,
                    -0.8862524032592773,
                    -3.5725977420806885
                ],
                [
                    0.0,
                    0.940778911113739,
                    0.3390209376811981,
                    1.366637110710144
                ],
                [
                    0.0,
                    0.0,
                    0.0,
                    1.0
                ]
            ]
        },
        {
            "file_path": "/data/shapenet_blender/all_50_random/02958343/bc9c588a00ae179fa2645d665a7d8fa/r_3",
            "rotation": 0.12566370614359174,
            "transform_matrix": [
                [
                    -0.9234990477561951,
                    -0.15162336826324463,
                    0.3523631691932678,
                    1.4204213619232178
                ],
                [
                    0.3836006224155426,
                    -0.3650256097316742,
                    0.8482964634895325,
                    3.4195923805236816
                ],
                [
                    1.4901160305669237e-08,
                    0.9185677766799927,
                    0.39526358246803284,
                    1.5933585166931152
                ],
                [
                    0.0,
                    0.0,
                    0.0,
                    1.0
                ]
            ]
        },
        {
            "file_path": "/data/shapenet_blender/all_50_random/02958343/bc9c588a00ae179fa2645d665a7d8fa/r_4",
            "rotation": 0.12566370614359174,
            "transform_matrix": [
                [
                    0.27711546421051025,
                    0.05500400811433792,
                    -0.9592609405517578,
                    -3.8669044971466064
                ],
                [
                    -0.9608365297317505,
                    0.01586374081671238,
                    -0.2766610383987427,
                    -1.1152563095092773
                ],
                [
                    9.313224080820248e-10,
                    0.9983602166175842,
                    0.057245947420597076,
                    0.23076578974723816
                ],
                [
                    0.0,
                    0.0,
                    0.0,
                    1.0
                ]
            ]
        },
        {
            "file_path": "/data/shapenet_blender/all_50_random/02958343/bc9c588a00ae179fa2645d665a7d8fa/r_5",
            "rotation": 0.12566370614359174,
            "transform_matrix": [
                [
                    0.12844473123550415,
                    -0.1673421561717987,
                    -0.9774959683418274,
                    -3.9404125213623047
                ],
                [
                    -0.9917166829109192,
                    -0.021673748269677162,
                    -0.1266028881072998,
                    -0.510352611541748
                ],
                [
                    0.0,
                    0.9856604933738708,
                    -0.16873988509178162,
                    -0.6802123188972473
                ],
                [
                    0.0,
                    0.0,
                    0.0,
                    1.0
                ]
            ]
        },
        {
            "file_path": "/data/shapenet_blender/all_50_random/02958343/bc9c588a00ae179fa2645d665a7d8fa/r_6",
            "rotation": 0.12566370614359174,
            "transform_matrix": [
                [
                    -0.8467006087303162,
                    0.08707347512245178,
                    -0.524896502494812,
                    -2.1159257888793945
                ],
                [
                    -0.532069742679596,
                    -0.13856296241283417,
                    0.8352856040000916,
                    3.3671441078186035
                ],
                [
                    7.450580596923828e-09,
                    0.9865184426307678,
                    0.16365046799182892,
                    0.6596962213516235
                ],
                [
                    0.0,
                    0.0,
                    0.0,
                    1.0
                ]
            ]
        },
        {
            "file_path": "/data/shapenet_blender/all_50_random/02958343/bc9c588a00ae179fa2645d665a7d8fa/r_7",
            "rotation": 0.12566370614359174,
            "transform_matrix": [
                [
                    -0.6622143983840942,
                    -0.009757804684340954,
                    -0.7492507696151733,
                    -3.020326614379883
                ],
                [
                    -0.7493143081665039,
                    0.008623562753200531,
                    0.6621582508087158,
                    2.669245481491089
                ],
                [
                    4.656612040410124e-10,
                    0.9999152421951294,
                    -0.013022310100495815,
                    -0.05249461531639099
                ],
                [
                    0.0,
                    0.0,
                    0.0,
                    1.0
                ]
            ]
        },
        {
            "file_path": "/data/shapenet_blender/all_50_random/02958343/bc9c588a00ae179fa2645d665a7d8fa/r_8",
            "rotation": 0.12566370614359174,
            "transform_matrix": [
                [
                    0.7300798892974854,
                    -0.06203795224428177,
                    0.6805399060249329,
                    2.7433440685272217
                ],
                [
                    0.6833617687225342,
                    0.06627918034791946,
                    -0.7270651459693909,
                    -2.9308934211730957
                ],
                [
                    3.725290298461914e-09,
                    0.9958705902099609,
                    0.09078346937894821,
                    0.36595988273620605
                ],
                [
                    0.0,
                    0.0,
                    0.0,
                    1.0
                ]
            ]
        },
        {
            "file_path": "/data/shapenet_blender/all_50_random/02958343/bc9c588a00ae179fa2645d665a7d8fa/r_9",
            "rotation": 0.12566370614359174,
            "transform_matrix": [
                [
                    0.7743912935256958,
                    0.0020141787827014923,
                    -0.6327036619186401,
                    -2.5505099296569824
                ],
                [
                    -0.6327068209648132,
                    0.0024652215652167797,
                    -0.7743874788284302,
                    -3.1216557025909424
                ],
                [
                    -1.164153010102531e-10,
                    0.9999949932098389,
                    0.00318343099206686,
                    0.012832820415496826
                ],
                [
                    0.0,
                    0.0,
                    0.0,
                    1.0
                ]
            ]
        },
        {
            "file_path": "/data/shapenet_blender/all_50_random/02958343/bc9c588a00ae179fa2645d665a7d8fa/r_10",
            "rotation": 0.12566370614359174,
            "transform_matrix": [
                [
                    0.3493715226650238,
                    -0.1528756320476532,
                    0.9244288206100464,
                    3.726491689682007
                ],
                [
                    0.9369843602180481,
                    0.057002440094947815,
                    -0.3446899652481079,
                    -1.3894896507263184
                ],
                [
                    0.0,
                    0.9866001009941101,
                    0.16315710544586182,
                    0.6577073335647583
                ],
                [
                    0.0,
                    0.0,
                    0.0,
                    1.0
                ]
            ]
        },
        {
            "file_path": "/data/shapenet_blender/all_50_random/02958343/bc9c588a00ae179fa2645d665a7d8fa/r_11",
            "rotation": 0.12566370614359174,
            "transform_matrix": [
                [
                    0.6982750296592712,
                    -0.1965281069278717,
                    0.6883231401443481,
                    2.77471923828125
                ],
                [
                    0.715829610824585,
                    0.19170856475830078,
                    -0.6714431047439575,
                    -2.7066736221313477
                ],
                [
                    0.0,
                    0.9615738391876221,
                    0.27454596757888794,
                    1.1067302227020264
                ],
                [
                    0.0,
                    0.0,
                    0.0,
                    1.0
                ]
            ]
        },
        {
            "file_path": "/data/shapenet_blender/all_50_random/02958343/bc9c588a00ae179fa2645d665a7d8fa/r_12",
            "rotation": 0.12566370614359174,
            "transform_matrix": [
                [
                    -0.19988329708576202,
                    0.277353972196579,
                    0.9397453665733337,
                    3.7882349491119385
                ],
                [
                    0.9798197150230408,
                    0.056580234318971634,
                    0.19170811772346497,
                    0.7728002071380615
                ],
                [
                    -3.725290298461914e-09,
                    0.9591002464294434,
                    -0.2830663323402405,
                    -1.1410770416259766
                ],
                [
                    0.0,
                    0.0,
                    0.0,
                    1.0
                ]
            ]
        },
        {
            "file_path": "/data/shapenet_blender/all_50_random/02958343/bc9c588a00ae179fa2645d665a7d8fa/r_13",
            "rotation": 0.12566370614359174,
            "transform_matrix": [
                [
                    0.3346964120864868,
                    -0.7763386964797974,
                    -0.5341128706932068,
                    -2.1530778408050537
                ],
                [
                    -0.942326009273529,
                    -0.2757408618927002,
                    -0.18970680236816406,
                    -0.7647325992584229
                ],
                [
                    -1.4901161193847656e-08,
                    0.5668026208877563,
                    -0.8238535523414612,
                    -3.3210599422454834
                ],
                [
                    0.0,
                    0.0,
                    0.0,
                    1.0
                ]
            ]
        },
        {
            "file_path": "/data/shapenet_blender/all_50_random/02958343/bc9c588a00ae179fa2645d665a7d8fa/r_14",
            "rotation": 0.12566370614359174,
            "transform_matrix": [
                [
                    0.22657597064971924,
                    -0.1409386247396469,
                    0.9637423753738403,
                    3.884970188140869
                ],
                [
                    0.9739935994148254,
                    0.03278594836592674,
                    -0.22419126331806183,
                    -0.9037439823150635
                ],
                [
                    0.0,
                    0.9894753098487854,
                    0.1447017788887024,
                    0.5833116173744202
                ],
                [
                    0.0,
                    0.0,
                    0.0,
                    1.0
                ]
            ]
        },
        {
            "file_path": "/data/shapenet_blender/all_50_random/02958343/bc9c588a00ae179fa2645d665a7d8fa/r_15",
            "rotation": 0.12566370614359174,
            "transform_matrix": [
                [
                    0.9935808181762695,
                    -0.0513475239276886,
                    0.10080033540725708,
                    0.4063391387462616
                ],
                [
                    0.11312504857778549,
                    0.4509868919849396,
                    -0.885332465171814,
                    -3.5688893795013428
                ],
                [
                    0.0,
                    0.89105224609375,
                    0.45390060544013977,
                    1.829731822013855
                ],
                [
                    0.0,
                    0.0,
                    0.0,
                    1.0
                ]
            ]
        },
        {
            "file_path": "/data/shapenet_blender/all_50_random/02958343/bc9c588a00ae179fa2645d665a7d8fa/r_16",
            "rotation": 0.12566370614359174,
            "transform_matrix": [
                [
                    0.9320057034492493,
                    -0.2757009267807007,
                    -0.23527510464191437,
                    -0.9484243392944336
                ],
                [
                    -0.36244362592697144,
                    -0.7089511752128601,
                    -0.6049981117248535,
                    -2.4388256072998047
                ],
                [
                    -1.4901161193847656e-08,
                    0.6491356492042542,
                    -0.7606725096702576,
                    -3.0663692951202393
                ],
                [
                    0.0,
                    0.0,
                    0.0,
                    1.0
                ]
            ]
        },
        {
            "file_path": "/data/shapenet_blender/all_50_random/02958343/bc9c588a00ae179fa2645d665a7d8fa/r_17",
            "rotation": 0.12566370614359174,
            "transform_matrix": [
                [
                    -0.3934856653213501,
                    -0.6842856407165527,
                    0.6139397025108337,
                    2.474870443344116
                ],
                [
                    0.9193307757377625,
                    -0.2928832769393921,
                    0.2627742886543274,
                    1.0592771768569946
                ],
                [
                    -1.4901162970204496e-08,
                    0.6678116321563721,
                    0.7443301677703857,
                    3.000491142272949
                ],
                [
                    0.0,
                    0.0,
                    0.0,
                    1.0
                ]
            ]
        },
        {
            "file_path": "/data/shapenet_blender/all_50_random/02958343/bc9c588a00ae179fa2645d665a7d8fa/r_18",
            "rotation": 0.12566370614359174,
            "transform_matrix": [
                [
                    0.6636576056480408,
                    -0.1368502974510193,
                    -0.7354118824005127,
                    -2.9645400047302246
                ],
                [
                    -0.7480365037918091,
                    -0.12141351401805878,
                    -0.6524569988250732,
                    -2.6301381587982178
                ],
                [
                    0.0,
                    0.9831228852272034,
                    -0.18294602632522583,
                    -0.7374789714813232
                ],
                [
                    0.0,
                    0.0,
                    0.0,
                    1.0
                ]
            ]
        },
        {
            "file_path": "/data/shapenet_blender/all_50_random/02958343/bc9c588a00ae179fa2645d665a7d8fa/r_19",
            "rotation": 0.12566370614359174,
            "transform_matrix": [
                [
                    0.3701876401901245,
                    0.019383231177926064,
                    -0.9287548661231995,
                    -3.7439301013946533
                ],
                [
                    -0.9289571046829224,
                    0.007724180817604065,
                    -0.3701070547103882,
                    -1.4919490814208984
                ],
                [
                    0.0,
                    0.9997822046279907,
                    0.020865589380264282,
                    0.08411186933517456
                ],
                [
                    0.0,
                    0.0,
                    0.0,
                    1.0
                ]
            ]
        },
        {
            "file_path": "/data/shapenet_blender/all_50_random/02958343/bc9c588a00ae179fa2645d665a7d8fa/r_20",
            "rotation": 0.12566370614359174,
            "transform_matrix": [
                [
                    -0.38180917501449585,
                    0.0713624358177185,
                    -0.9214819073677063,
                    -3.7146127223968506
                ],
                [
                    -0.9242411851882935,
                    -0.0294802226126194,
                    0.38066932559013367,
                    1.53452730178833
                ],
                [
                    0.0,
                    0.9970146417617798,
                    0.07721191644668579,
                    0.3112512230873108
                ],
                [
                    0.0,
                    0.0,
                    0.0,
                    1.0
                ]
            ]
        },
        {
            "file_path": "/data/shapenet_blender/all_50_random/02958343/bc9c588a00ae179fa2645d665a7d8fa/r_21",
            "rotation": 0.12566370614359174,
            "transform_matrix": [
                [
                    -0.7609282732009888,
                    0.6032112240791321,
                    -0.23900708556175232,
                    -0.9634683728218079
                ],
                [
                    -0.6488360166549683,
                    -0.7074213624000549,
                    0.2802976965904236,
                    1.1299161911010742
                ],
                [
                    0.0,
                    0.36836278438568115,
                    0.9296820759773254,
                    3.7476682662963867
                ],
                [
                    0.0,
                    0.0,
                    0.0,
                    1.0
                ]
            ]
        },
        {
            "file_path": "/data/shapenet_blender/all_50_random/02958343/bc9c588a00ae179fa2645d665a7d8fa/r_22",
            "rotation": 0.12566370614359174,
            "transform_matrix": [
                [
                    -0.8043976426124573,
                    -0.09471321851015091,
                    -0.5864928960800171,
                    -2.3642284870147705
                ],
                [
                    -0.5940913558006287,
                    0.12824136018753052,
                    0.7941093444824219,
                    3.2011570930480957
                ],
                [
                    0.0,
                    0.9872100353240967,
                    -0.15942531824111938,
                    -0.6426640152931213
                ],
                [
                    0.0,
                    0.0,
                    0.0,
                    1.0
                ]
            ]
        },
        {
            "file_path": "/data/shapenet_blender/all_50_random/02958343/bc9c588a00ae179fa2645d665a7d8fa/r_23",
            "rotation": 0.12566370614359174,
            "transform_matrix": [
                [
                    -0.20474262535572052,
                    0.3825529217720032,
                    0.9009626507759094,
                    3.631896495819092
                ],
                [
                    0.9788158535957336,
                    0.08002004772424698,
                    0.18845777213573456,
                    0.7596975564956665
                ],
                [
                    -7.450580596923828e-09,
                    0.9204617142677307,
                    -0.39083248376846313,
                    -1.5754960775375366
                ],
                [
                    0.0,
                    0.0,
                    0.0,
                    1.0
                ]
            ]
        },
        {
            "file_path": "/data/shapenet_blender/all_50_random/02958343/bc9c588a00ae179fa2645d665a7d8fa/r_24",
            "rotation": 0.12566370614359174,
            "transform_matrix": [
                [
                    -0.3919116258621216,
                    -0.050685517489910126,
                    -0.9186056852340698,
                    -3.703017473220825
                ],
                [
                    -0.9200029373168945,
                    0.02159149944782257,
                    0.39131641387939453,
                    1.577446699142456
                ],
                [
                    -1.862645149230957e-09,
                    0.9984812140464783,
                    -0.055092789232730865,
                    -0.2220861166715622
                ],
                [
                    0.0,
                    0.0,
                    0.0,
                    1.0
                ]
            ]
        },
        {
            "file_path": "/data/shapenet_blender/all_50_random/02958343/bc9c588a00ae179fa2645d665a7d8fa/r_25",
            "rotation": 0.12566370614359174,
            "transform_matrix": [
                [
                    0.007908955216407776,
                    -0.142726331949234,
                    -0.9897305369377136,
                    -3.989731550216675
                ],
                [
                    -0.9999687671661377,
                    -0.0011288514360785484,
                    -0.00782797858119011,
                    -0.03155559301376343
                ],
                [
                    0.0,
                    0.9897615313529968,
                    -0.14273077249526978,
                    -0.575366199016571
                ],
                [
                    0.0,
                    0.0,
                    0.0,
                    1.0
                ]
            ]
        },
        {
            "file_path": "/data/shapenet_blender/all_50_random/02958343/bc9c588a00ae179fa2645d665a7d8fa/r_26",
            "rotation": 0.12566370614359174,
            "transform_matrix": [
                [
                    -0.014711982570588589,
                    0.34442955255508423,
                    0.9386969804763794,
                    3.784008026123047
                ],
                [
                    0.9998918175697327,
                    0.00506778946146369,
                    0.013811587356030941,
                    0.055676281452178955
                ],
                [
                    0.0,
                    0.9387984275817871,
                    -0.34446683526039124,
                    -1.3885900974273682
                ],
                [
                    0.0,
                    0.0,
                    0.0,
                    1.0
                ]
            ]
        },
        {
            "file_path": "/data/shapenet_blender/all_50_random/02958343/bc9c588a00ae179fa2645d665a7d8fa/r_27",
            "rotation": 0.12566370614359174,
            "transform_matrix": [
                [
                    -0.741542398929596,
                    0.15595759451389313,
                    -0.6525274515151978,
                    -2.6304218769073486
                ],
                [
                    -0.6709058880805969,
                    -0.17237763106822968,
                    0.7212290167808533,
                    2.9073667526245117
                ],
                [
                    0.0,
                    0.972606360912323,
                    0.23245824873447418,
                    0.9370690584182739
                ],
                [
                    0.0,
                    0.0,
                    0.0,
                    1.0
                ]
            ]
        },
        {
            "file_path": "/data/shapenet_blender/all_50_random/02958343/bc9c588a00ae179fa2645d665a7d8fa/r_28",
            "rotation": 0.12566370614359174,
            "transform_matrix": [
                [
                    0.11869721859693527,
                    -0.0119850505143404,
                    0.9928581118583679,
                    4.0023393630981445
                ],
                [
                    0.99293053150177,
                    0.0014327206881716847,
                    -0.11868856102228165,
                    -0.47844892740249634
                ],
                [
                    0.0,
                    0.9999271035194397,
                    0.01207038201391697,
                    0.04865726828575134
                ],
                [
                    0.0,
                    0.0,
                    0.0,
                    1.0
                ]
            ]
        },
        {
            "file_path": "/data/shapenet_blender/all_50_random/02958343/bc9c588a00ae179fa2645d665a7d8fa/r_29",
            "rotation": 0.12566370614359174,
            "transform_matrix": [
                [
                    -0.7018422484397888,
                    0.25872310996055603,
                    0.6636865139007568,
                    2.6754062175750732
                ],
                [
                    0.7123324275016785,
                    0.25491297245025635,
                    0.6539126634597778,
                    2.6360065937042236
                ],
                [
                    1.4901159417490817e-08,
                    0.9317091703414917,
                    -0.3632054626941681,
                    -1.4641281366348267
                ],
                [
                    0.0,
                    0.0,
                    0.0,
                    1.0
                ]
            ]
        },
        {
            "file_path": "/data/shapenet_blender/all_50_random/02958343/bc9c588a00ae179fa2645d665a7d8fa/r_30",
            "rotation": 0.12566370614359174,
            "transform_matrix": [
                [
                    -0.9592871069908142,
                    0.2318386286497116,
                    -0.16130468249320984,
                    -0.6502399444580078
                ],
                [
                    -0.2824329137802124,
                    -0.7874429225921631,
                    0.5478734374046326,
                    2.2085485458374023
                ],
                [
                    -1.4901161193847656e-08,
                    0.5711256265640259,
                    0.8208626508712769,
                    3.3090031147003174
                ],
                [
                    0.0,
                    0.0,
                    0.0,
                    1.0
                ]
            ]
        },
        {
            "file_path": "/data/shapenet_blender/all_50_random/02958343/bc9c588a00ae179fa2645d665a7d8fa/r_31",
            "rotation": 0.12566370614359174,
            "transform_matrix": [
                [
                    -0.6427611708641052,
                    0.031892746686935425,
                    -0.7654024362564087,
                    -3.0854358673095703
                ],
                [
                    -0.7660666704177856,
                    -0.026759319007396698,
                    0.6422038674354553,
                    2.588806629180908
                ],
                [
                    -1.862645149230957e-09,
                    0.9991329908370972,
                    0.041631825268268585,
                    0.16782325506210327
                ],
                [
                    0.0,
                    0.0,
                    0.0,
                    1.0
                ]
            ]
        },
        {
            "file_path": "/data/shapenet_blender/all_50_random/02958343/bc9c588a00ae179fa2645d665a7d8fa/r_32",
            "rotation": 0.12566370614359174,
            "transform_matrix": [
                [
                    -0.943556547164917,
                    -0.19278743863105774,
                    -0.2693212032318115,
                    -1.0856685638427734
                ],
                [
                    -0.33121126890182495,
                    0.5492138862609863,
                    0.7672437429428101,
                    3.0928587913513184
                ],
                [
                    0.0,
                    0.8131402134895325,
                    -0.5820677280426025,
                    -2.3463902473449707
                ],
                [
                    0.0,
                    0.0,
                    0.0,
                    1.0
                ]
            ]
        },
        {
            "file_path": "/data/shapenet_blender/all_50_random/02958343/bc9c588a00ae179fa2645d665a7d8fa/r_33",
            "rotation": 0.12566370614359174,
            "transform_matrix": [
                [
                    -0.055198509246110916,
                    0.03777729347348213,
                    0.997760534286499,
                    4.022100925445557
                ],
                [
                    0.9984753727912903,
                    0.0020884345285594463,
                    0.05515899136662483,
                    0.2223529815673828
                ],
                [
                    -2.3283062977608182e-10,
                    0.9992839694023132,
                    -0.03783498331904411,
                    -0.1525176763534546
                ],
                [
                    0.0,
                    0.0,
                    0.0,
                    1.0
                ]
            ]
        },
        {
            "file_path": "/data/shapenet_blender/all_50_random/02958343/bc9c588a00ae179fa2645d665a7d8fa/r_34",
            "rotation": 0.12566370614359174,
            "transform_matrix": [
                [
                    0.8040022850036621,
                    -0.34941503405570984,
                    -0.48113346099853516,
                    -1.9395110607147217
                ],
                [
                    -0.5946261286735535,
                    -0.4724489748477936,
                    -0.6505473256111145,
                    -2.6224400997161865
                ],
                [
                    0.0,
                    0.8091360926628113,
                    -0.5876213312149048,
                    -2.368777275085449
                ],
                [
                    0.0,
                    0.0,
                    0.0,
                    1.0
                ]
            ]
        },
        {
            "file_path": "/data/shapenet_blender/all_50_random/02958343/bc9c588a00ae179fa2645d665a7d8fa/r_35",
            "rotation": 0.12566370614359174,
            "transform_matrix": [
                [
                    -0.722642719745636,
                    -0.2620304524898529,
                    -0.6396307349205017,
                    -2.5784342288970947
                ],
                [
                    -0.6912217736244202,
                    0.27394160628318787,
                    0.6687065362930298,
                    2.6956424713134766
                ],
                [
                    0.0,
                    0.9253626465797424,
                    -0.3790830373764038,
                    -1.528132677078247
                ],
                [
                    0.0,
                    0.0,
                    0.0,
                    1.0
                ]
            ]
        },
        {
            "file_path": "/data/shapenet_blender/all_50_random/02958343/bc9c588a00ae179fa2645d665a7d8fa/r_36",
            "rotation": 0.12566370614359174,
            "transform_matrix": [
                [
                    0.7855390310287476,
                    0.24335408210754395,
                    0.5689527988433838,
                    2.2935221195220947
                ],
                [
                    0.6188122034072876,
                    -0.30892106890678406,
                    -0.722245991230011,
                    -2.911466598510742
                ],
                [
                    0.0,
                    0.9194273352622986,
                    -0.39326000213623047,
                    -1.5852817296981812
                ],
                [
                    0.0,
                    0.0,
                    0.0,
                    1.0
                ]
            ]
        },
        {
            "file_path": "/data/shapenet_blender/all_50_random/02958343/bc9c588a00ae179fa2645d665a7d8fa/r_37",
            "rotation": 0.12566370614359174,
            "transform_matrix": [
                [
                    -0.0375976637005806,
                    -0.042710307985544205,
                    0.9983798265457153,
                    4.024597644805908
                ],
                [
                    0.9992929697036743,
                    -0.001606944017112255,
                    0.03756330534815788,
                    0.15142253041267395
                ],
                [
                    1.1641530794914701e-10,
                    0.9990862011909485,
                    0.04274052754044533,
                    0.1722925752401352
                ],
                [
                    0.0,
                    0.0,
                    0.0,
                    1.0
                ]
            ]
        },
        {
            "file_path": "/data/shapenet_blender/all_50_random/02958343/bc9c588a00ae179fa2645d665a7d8fa/r_38",
            "rotation": 0.12566370614359174,
            "transform_matrix": [
                [
                    -0.9519873261451721,
                    -0.2625754773616791,
                    -0.1573987454175949,
                    -0.6344946622848511
                ],
                [
                    -0.3061376214027405,
                    0.8165233731269836,
                    0.4894583225250244,
                    1.9730695486068726
                ],
                [
                    0.0,
                    0.5141437649726868,
                    -0.8577040433883667,
                    -3.4575154781341553
                ],
                [
                    0.0,
                    0.0,
                    0.0,
                    1.0
                ]
            ]
        },
        {
            "file_path": "/data/shapenet_blender/all_50_random/02958343/bc9c588a00ae179fa2645d665a7d8fa/r_39",
            "rotation": 0.12566370614359174,
            "transform_matrix": [
                [
                    0.1706632822751999,
                    0.12217783182859421,
                    0.9777251482009888,
                    3.9413363933563232
                ],
                [
                    0.9853294491767883,
                    -0.021161723881959915,
                    -0.1693461835384369,
                    -0.6826563477516174
                ],
                [
                    0.0,
                    0.9922826290130615,
                    -0.12399692088365555,
                    -0.4998476207256317
                ],
                [
                    0.0,
                    0.0,
                    0.0,
                    1.0
                ]
            ]
        },
        {
            "file_path": "/data/shapenet_blender/all_50_random/02958343/bc9c588a00ae179fa2645d665a7d8fa/r_40",
            "rotation": 0.12566370614359174,
            "transform_matrix": [
                [
                    -0.21170665323734283,
                    -0.15815259516239166,
                    -0.9644521474838257,
                    -3.887831211090088
                ],
                [
                    -0.9773332476615906,
                    0.034258484840393066,
                    0.20891638100147247,
                    0.842168927192688
                ],
                [
                    3.725290298461914e-09,
                    0.9868201613426208,
                    -0.16182053089141846,
                    -0.6523194909095764
                ],
                [
                    0.0,
                    0.0,
                    0.0,
                    1.0
                ]
            ]
        },
        {
            "file_path": "/data/shapenet_blender/all_50_random/02958343/bc9c588a00ae179fa2645d665a7d8fa/r_41",
            "rotation": 0.12566370614359174,
            "transform_matrix": [
                [
                    -0.982519268989563,
                    -0.05294875428080559,
                    0.17847223579883575,
                    0.7194445729255676
                ],
                [
                    0.18616098165512085,
                    -0.2794525921344757,
                    0.941939651966095,
                    3.7970802783966064
                ],
                [
