{
    "class": "02958343",
    "model": "870086475e8af25bae57d337a2e5e53",
    "remove_doubles": true,
    "edge_split": true,
    "denoise": true,
    "camera_angle_x": 0.6911112070083618,
    "scale_factor": 2.257914982258026,
    "hdri_file": "/data/IndoorHDRDataset2018/9C4A4511-e4a50b76c8.exr",
    "center_offset": [
        0.0,
        0.0,
        1.6298145055770874e-09
    ],
    "lights": [],
    "frames": [
        {
            "file_path": "/data/shapenet_blender/all_50_random/02958343/870086475e8af25bae57d337a2e5e53/r_0",
            "rotation": 0.12566370614359174,
            "transform_matrix": [
                [
                    -0.9813451766967773,
                    0.049781884998083115,
                    0.18569710850715637,
                    0.7485690116882324
                ],
                [
                    0.19225414097309113,
                    0.2541074752807617,
                    0.9478753805160522,
                    3.8210079669952393
                ],
                [
                    0.0,
                    0.9658939242362976,
                    -0.25893792510032654,
                    -1.0438121557235718
                ],
                [
                    0.0,
                    0.0,
                    0.0,
                    1.0
                ]
            ]
        },
        {
            "file_path": "/data/shapenet_blender/all_50_random/02958343/870086475e8af25bae57d337a2e5e53/r_1",
            "rotation": 0.12566370614359174,
            "transform_matrix": [
                [
                    -0.29971256852149963,
                    0.7073321342468262,
                    -0.6401979327201843,
                    -2.5807206630706787
                ],
                [
                    -0.9540295600891113,
                    -0.22221149504184723,
                    0.2011210024356842,
                    0.8107447624206543
                ],
                [
                    1.4901162970204496e-08,
                    0.6710461974143982,
                    0.7414153814315796,
                    2.988741159439087
                ],
                [
                    0.0,
                    0.0,
                    0.0,
                    1.0
                ]
            ]
        },
        {
            "file_path": "/data/shapenet_blender/all_50_random/02958343/870086475e8af25bae57d337a2e5e53/r_2",
            "rotation": 0.12566370614359174,
            "transform_matrix": [
                [
                    -0.05501440912485123,
                    0.29148393869400024,
                    -0.954992413520813,
                    -3.8496975898742676
                ],
                [
                    -0.9984855651855469,
                    -0.01606013812124729,
                    0.052618030458688736,
                    0.21211007237434387
                ],
                [
                    9.313225746154785e-10,
                    0.9564409255981445,
                    0.29192599654197693,
                    1.1767913103103638
                ],
                [
                    0.0,
                    0.0,
                    0.0,
                    1.0
                ]
            ]
        },
        {
            "file_path": "/data/shapenet_blender/all_50_random/02958343/870086475e8af25bae57d337a2e5e53/r_3",
            "rotation": 0.12566370614359174,
            "transform_matrix": [
                [
                    0.8616127967834473,
                    -0.17996500432491302,
                    -0.4745904207229614,
                    -1.9131351709365845
                ],
                [
                    -0.5075662136077881,
                    -0.30549734830856323,
                    -0.8056350946426392,
                    -3.2476189136505127
                ],
                [
                    1.4901161193847656e-08,
                    0.9350315928459167,
                    -0.3545645475387573,
                    -1.4292954206466675
                ],
                [
                    0.0,
                    0.0,
                    0.0,
                    1.0
                ]
            ]
        },
        {
            "file_path": "/data/shapenet_blender/all_50_random/02958343/870086475e8af25bae57d337a2e5e53/r_4",
            "rotation": 0.12566370614359174,
            "transform_matrix": [
                [
                    -0.9997901916503906,
                    0.014945995062589645,
                    0.01400785706937313,
                    0.05646747723221779
                ],
                [
                    0.020484209060668945,
                    0.7294818758964539,
                    0.6836933493614197,
                    2.756056070327759
                ],
                [
                    0.0,
                    0.6838368773460388,
                    -0.7296349406242371,
                    -2.9412524700164795
                ],
                [
                    0.0,
                    0.0,
                    0.0,
                    1.0
                ]
            ]
        },
        {
            "file_path": "/data/shapenet_blender/all_50_random/02958343/870086475e8af25bae57d337a2e5e53/r_5",
            "rotation": 0.12566370614359174,
            "transform_matrix": [
                [
                    -0.8648809194564819,
                    0.051653966307640076,
                    0.4993124008178711,
                    2.0127928256988525
                ],
                [
                    0.5019771456718445,
                    0.08899714052677155,
                    0.8602896928787231,
                    3.4679388999938965
                ],
                [
                    0.0,
                    0.9946915507316589,
                    -0.10290103405714035,
                    -0.41480737924575806
                ],
                [
                    0.0,
                    0.0,
                    0.0,
                    1.0
                ]
            ]
        },
        {
            "file_path": "/data/shapenet_blender/all_50_random/02958343/870086475e8af25bae57d337a2e5e53/r_6",
            "rotation": 0.12566370614359174,
            "transform_matrix": [
                [
                    0.31176912784576416,
                    -0.8821012377738953,
                    0.3531251549720764,
                    1.4234931468963623
                ],
                [
                    0.950157880783081,
                    0.2894381284713745,
                    -0.11586865782737732,
                    -0.4670815169811249
                ],
                [
                    0.0,
                    0.37164902687072754,
                    0.9283732771873474,
                    3.7423925399780273
                ],
                [
                    0.0,
                    0.0,
                    0.0,
                    1.0
                ]
            ]
        },
        {
            "file_path": "/data/shapenet_blender/all_50_random/02958343/870086475e8af25bae57d337a2e5e53/r_7",
            "rotation": 0.12566370614359174,
            "transform_matrix": [
                [
                    0.49404141306877136,
                    0.6595613360404968,
                    -0.5664820075035095,
                    -2.283561944961548
                ],
                [
                    -0.8694383502006531,
                    0.37478286027908325,
                    -0.3218923509120941,
                    -1.2975895404815674
                ],
                [
                    0.0,
                    0.6515493988990784,
                    0.7586061954498291,
                    3.058039426803589
                ],
                [
                    0.0,
                    0.0,
                    0.0,
                    1.0
                ]
            ]
        },
        {
            "file_path": "/data/shapenet_blender/all_50_random/02958343/870086475e8af25bae57d337a2e5e53/r_8",
            "rotation": 0.12566370614359174,
            "transform_matrix": [
                [
                    0.24025478959083557,
                    0.01835729368031025,
                    0.9705362915992737,
                    3.9123568534851074
                ],
                [
                    0.9707098603248596,
                    -0.004543507471680641,
                    -0.2402118295431137,
                    -0.9683248400688171
                ],
                [
                    -4.656612873077393e-10,
                    0.999821126461029,
                    -0.018911205232143402,
                    -0.07623350620269775
                ],
                [
                    0.0,
                    0.0,
                    0.0,
                    1.0
                ]
            ]
        },
        {
            "file_path": "/data/shapenet_blender/all_50_random/02958343/870086475e8af25bae57d337a2e5e53/r_9",
            "rotation": 0.12566370614359174,
            "transform_matrix": [
                [
                    0.9859474897384644,
                    -0.007264412939548492,
                    0.1668979972600937,
                    0.6727873682975769
                ],
                [
                    0.16705602407455444,
                    0.042873814702034,
                    -0.985014796257019,
                    -3.97072172164917
                ],
                [
                    4.656612873077393e-10,
                    0.9990541338920593,
                    0.0434848889708519,
                    0.1752931922674179
                ],
                [
                    0.0,
                    0.0,
                    0.0,
                    1.0
                ]
            ]
        },
        {
            "file_path": "/data/shapenet_blender/all_50_random/02958343/870086475e8af25bae57d337a2e5e53/r_10",
            "rotation": 0.12566370614359174,
            "transform_matrix": [
                [
                    -0.18997743725776672,
                    -0.001441679080016911,
                    -0.981787383556366,
                    -3.957711696624756
                ],
                [
                    -0.9817885160446167,
                    0.0002789669088087976,
                    0.18997722864151,
                    0.7658227682113647
                ],
                [
                    -2.9103830456733704e-11,
                    0.9999988675117493,
                    -0.0014684215420857072,
                    -0.005919396877288818
                ],
                [
                    0.0,
                    0.0,
                    0.0,
                    1.0
                ]
            ]
        },
        {
            "file_path": "/data/shapenet_blender/all_50_random/02958343/870086475e8af25bae57d337a2e5e53/r_11",
            "rotation": 0.12566370614359174,
            "transform_matrix": [
                [
                    -0.9990778565406799,
                    -0.030437830835580826,
                    -0.030282100662589073,
                    -0.12207105755805969
                ],
                [
                    -0.04293561354279518,
                    0.7082642316818237,
                    0.7046405076980591,
                    2.8404970169067383
                ],
                [
                    -1.8626450382086546e-09,
                    0.7052909731864929,
                    -0.7089179158210754,
                    -2.8577396869659424
                ],
                [
                    0.0,
                    0.0,
                    0.0,
                    1.0
                ]
            ]
        },
        {
            "file_path": "/data/shapenet_blender/all_50_random/02958343/870086475e8af25bae57d337a2e5e53/r_12",
            "rotation": 0.12566370614359174,
            "transform_matrix": [
                [
                    -0.48987579345703125,
                    0.48726513981819153,
                    -0.7229068875312805,
                    -2.914130926132202
                ],
                [
                    -0.8717922568321228,
                    -0.27380305528640747,
                    0.4062144160270691,
                    1.637502670288086
                ],
                [
                    0.0,
                    0.8292192220687866,
                    0.5589234828948975,
                    2.2530925273895264
                ],
                [
                    0.0,
                    0.0,
                    0.0,
                    1.0
                ]
            ]
        },
        {
            "file_path": "/data/shapenet_blender/all_50_random/02958343/870086475e8af25bae57d337a2e5e53/r_13",
            "rotation": 0.12566370614359174,
            "transform_matrix": [
                [
                    0.606980562210083,
                    -0.5136873722076416,
                    0.606382429599762,
                    2.444406032562256
                ],
                [
                    0.7947166562080383,
                    0.39233899116516113,
                    -0.4631366729736328,
                    -1.8669637441635132
                ],
                [
                    -1.4901161193847656e-08,
                    0.7630171179771423,
                    0.6463780403137207,
                    2.605633497238159
                ],
                [
                    0.0,
                    0.0,
                    0.0,
                    1.0
                ]
            ]
        },
        {
            "file_path": "/data/shapenet_blender/all_50_random/02958343/870086475e8af25bae57d337a2e5e53/r_14",
            "rotation": 0.12566370614359174,
            "transform_matrix": [
                [
                    -0.3963657021522522,
                    0.6082016229629517,
                    0.6877390146255493,
                    2.772364854812622
                ],
                [
                    0.9180927276611328,
                    0.26257726550102234,
                    0.2969157099723816,
                    1.1969056129455566
                ],
                [
                    0.0,
                    0.7490954995155334,
                    -0.6624619960784912,
                    -2.6704699993133545
                ],
                [
                    0.0,
                    0.0,
                    0.0,
                    1.0
                ]
            ]
        },
        {
            "file_path": "/data/shapenet_blender/all_50_random/02958343/870086475e8af25bae57d337a2e5e53/r_15",
            "rotation": 0.12566370614359174,
            "transform_matrix": [
                [
                    0.999999463558197,
                    -0.0008343018707819283,
                    0.0005930627230554819,
                    0.0023907124996185303
                ],
                [
                    0.0010236128000542521,
                    0.8150556683540344,
                    -0.5793815851211548,
                    -2.335562229156494
                ],
                [
                    2.9103830456733704e-11,
                    0.5793819427490234,
                    0.8150560855865479,
                    3.2855963706970215
                ],
                [
                    0.0,
                    0.0,
                    0.0,
                    1.0
                ]
            ]
        },
        {
            "file_path": "/data/shapenet_blender/all_50_random/02958343/870086475e8af25bae57d337a2e5e53/r_16",
            "rotation": 0.12566370614359174,
            "transform_matrix": [
                [
                    0.8056748509407043,
                    0.22034791111946106,
                    -0.549849808216095,
                    -2.21651554107666
                ],
                [
                    -0.5923579931259155,
                    0.2996984124183655,
                    -0.7478588223457336,
                    -3.0147154331207275
                ],
                [
                    -1.4901161193847656e-08,
                    0.9282389283180237,
                    0.3719843327999115,
                    1.4995168447494507
                ],
                [
                    0.0,
                    0.0,
                    0.0,
                    1.0
                ]
            ]
        },
        {
            "file_path": "/data/shapenet_blender/all_50_random/02958343/870086475e8af25bae57d337a2e5e53/r_17",
            "rotation": 0.12566370614359174,
            "transform_matrix": [
                [
                    -0.8875705599784851,
                    0.23289091885089874,
                    -0.39746731519699097,
                    -1.602242112159729
                ],
                [
                    -0.4606717526912689,
                    -0.44870805740356445,
                    0.7657953500747681,
                    3.087019920349121
                ],
                [
                    0.0,
                    0.8627994656562805,
                    0.5055462718009949,
                    2.0379223823547363
                ],
                [
                    0.0,
                    0.0,
                    0.0,
                    1.0
                ]
            ]
        },
        {
            "file_path": "/data/shapenet_blender/all_50_random/02958343/870086475e8af25bae57d337a2e5e53/r_18",
            "rotation": 0.12566370614359174,
            "transform_matrix": [
                [
                    0.9158740639686584,
                    0.06590516120195389,
                    -0.39601930975914,
                    -1.5964049100875854
                ],
                [
                    -0.4014658033847809,
                    0.15035109221935272,
                    -0.9034488201141357,
                    -3.641918659210205
                ],
                [
                    -7.450580596923828e-09,
                    0.9864334464073181,
                    0.16416135430335999,
                    0.6617555618286133
                ],
                [
                    0.0,
                    0.0,
                    0.0,
                    1.0
                ]
            ]
        },
        {
            "file_path": "/data/shapenet_blender/all_50_random/02958343/870086475e8af25bae57d337a2e5e53/r_19",
            "rotation": 0.12566370614359174,
            "transform_matrix": [
                [
                    0.5298214554786682,
                    0.6178900003433228,
                    -0.5809484124183655,
                    -2.3418779373168945
                ],
                [
                    -0.848109245300293,
                    0.38600143790245056,
                    -0.36292368173599243,
                    -1.4629921913146973
                ],
                [
                    0.0,
                    0.6849923729896545,
                    0.728550136089325,
                    2.9368796348571777
                ],
                [
                    0.0,
                    0.0,
                    0.0,
                    1.0
                ]
            ]
        },
        {
            "file_path": "/data/shapenet_blender/all_50_random/02958343/870086475e8af25bae57d337a2e5e53/r_20",
            "rotation": 0.12566370614359174,
            "transform_matrix": [
                [
                    0.2491592913866043,
                    0.5190256834030151,
                    0.8176380395889282,
                    3.296004295349121
                ],
                [
                    0.9684625267982483,
                    -0.13353130221366882,
                    -0.210356205701828,
                    -0.8479729890823364
                ],
                [
                    0.0,
                    0.8442639112472534,
                    -0.5359274744987488,
                    -2.1603927612304688
                ],
                [
                    0.0,
                    0.0,
                    0.0,
                    1.0
                ]
            ]
        },
        {
            "file_path": "/data/shapenet_blender/all_50_random/02958343/870086475e8af25bae57d337a2e5e53/r_21",
            "rotation": 0.12566370614359174,
            "transform_matrix": [
                [
                    0.2516380846500397,
                    -0.2679624855518341,
                    0.9299862384796143,
                    3.748894453048706
                ],
                [
                    0.9678214192390442,
                    0.06967149674892426,
                    -0.24180077016353607,
                    -0.9747300744056702
                ],
                [
                    0.0,
                    0.9609068632125854,
                    0.27687180042266846,
                    1.1161059141159058
                ],
                [
                    0.0,
                    0.0,
                    0.0,
                    1.0
                ]
            ]
        },
        {
            "file_path": "/data/shapenet_blender/all_50_random/02958343/870086475e8af25bae57d337a2e5e53/r_22",
            "rotation": 0.12566370614359174,
            "transform_matrix": [
                [
                    -0.8736513257026672,
                    -0.1621202826499939,
                    -0.4587484896183014,
                    -1.8492743968963623
                ],
                [
                    -0.48655226826667786,
                    0.2911025285720825,
                    0.8237269520759583,
                    3.320549726486206
                ],
                [
                    0.0,
                    0.9428554177284241,
                    -0.3332020938396454,
                    -1.343180775642395
                ],
                [
                    0.0,
                    0.0,
                    0.0,
                    1.0
                ]
            ]
        },
        {
            "file_path": "/data/shapenet_blender/all_50_random/02958343/870086475e8af25bae57d337a2e5e53/r_23",
            "rotation": 0.12566370614359174,
            "transform_matrix": [
                [
                    0.9359691739082336,
                    -0.2509330213069916,
                    -0.2469702512025833,
                    -0.9955689907073975
                ],
                [
                    -0.35208192467689514,
                    -0.6670764684677124,
                    -0.6565418839454651,
                    -2.6466052532196045
                ],
                [
                    0.0,
                    0.7014568448066711,
                    -0.7127119302749634,
                    -2.8730340003967285
                ],
                [
                    0.0,
                    0.0,
                    0.0,
                    1.0
                ]
            ]
        },
        {
            "file_path": "/data/shapenet_blender/all_50_random/02958343/870086475e8af25bae57d337a2e5e53/r_24",
            "rotation": 0.12566370614359174,
            "transform_matrix": [
                [
                    -0.0803137868642807,
                    -0.32146647572517395,
                    0.9435089230537415,
                    3.80340576171875
                ],
                [
                    0.9967696666717529,
                    -0.025901859626173973,
                    0.07602234929800034,
                    0.3064558506011963
                ],
                [
                    0.0,
                    0.946566641330719,
                    0.322508305311203,
                    1.300072431564331
                ],
                [
                    0.0,
                    0.0,
                    0.0,
                    1.0
                ]
            ]
        },
        {
            "file_path": "/data/shapenet_blender/all_50_random/02958343/870086475e8af25bae57d337a2e5e53/r_25",
            "rotation": 0.12566370614359174,
            "transform_matrix": [
                [
                    -0.6507152915000916,
                    0.038363151252269745,
                    0.7583519816398621,
                    3.0570149421691895
                ],
                [
                    0.7593217492103577,
                    0.03287603706121445,
                    0.6498842239379883,
                    2.619767427444458
                ],
                [
                    0.0,
                    0.9987229108810425,
                    -0.05052290856838226,
                    -0.2036643773317337
                ],
                [
                    0.0,
                    0.0,
                    0.0,
                    1.0
                ]
            ]
        },
        {
            "file_path": "/data/shapenet_blender/all_50_random/02958343/870086475e8af25bae57d337a2e5e53/r_26",
            "rotation": 0.12566370614359174,
            "transform_matrix": [
                [
                    -0.9036393165588379,
                    0.34702637791633606,
                    0.2510153651237488,
                    1.0118753910064697
                ],
                [
                    0.4282943904399872,
                    0.7321755886077881,
                    0.5296062231063843,
                    2.134911298751831
                ],
                [
                    0.0,
                    0.5860815644264221,
                    -0.8102520108222961,
                    -3.266230583190918
                ],
                [
                    0.0,
                    0.0,
                    0.0,
                    1.0
                ]
            ]
        },
        {
            "file_path": "/data/shapenet_blender/all_50_random/02958343/870086475e8af25bae57d337a2e5e53/r_27",
            "rotation": 0.12566370614359174,
            "transform_matrix": [
                [
                    -0.9055837988853455,
                    0.1797143965959549,
                    -0.3842144012451172,
                    -1.548817753791809
                ],
                [
                    -0.4241673946380615,
                    -0.3836844563484192,
                    0.820285439491272,
                    3.306676149368286
                ],
                [
                    1.4901160305669237e-08,
                    0.9058083295822144,
                    0.42368751764297485,
                    1.7079389095306396
                ],
                [
                    0.0,
                    0.0,
                    0.0,
                    1.0
                ]
            ]
        },
        {
            "file_path": "/data/shapenet_blender/all_50_random/02958343/870086475e8af25bae57d337a2e5e53/r_28",
            "rotation": 0.12566370614359174,
            "transform_matrix": [
                [
                    -0.03378363698720932,
                    0.05813087522983551,
                    -0.9977370500564575,
                    -4.022006988525391
                ],
                [
                    -0.9994292855262756,
                    -0.0019649937748908997,
                    0.03372643142938614,
                    0.1359556019306183
                ],
                [
                    0.0,
                    0.9983071088790894,
                    0.058164067566394806,
                    0.23446686565876007
                ],
                [
                    0.0,
                    0.0,
                    0.0,
                    1.0
                ]
            ]
        },
        {
            "file_path": "/data/shapenet_blender/all_50_random/02958343/870086475e8af25bae57d337a2e5e53/r_29",
            "rotation": 0.12566370614359174,
            "transform_matrix": [
                [
                    0.5996748208999634,
                    -0.6920406818389893,
                    0.40183311700820923,
                    1.61984121799469
                ],
                [
                    0.8002438545227051,
                    0.5185911655426025,
                    -0.30111974477767944,
                    -1.2138526439666748
                ],
                [
                    1.4901161193847656e-08,
                    0.5021383762359619,
                    0.864787220954895,
                    3.4860689640045166
                ],
                [
                    0.0,
                    0.0,
                    0.0,
                    1.0
                ]
            ]
        },
        {
            "file_path": "/data/shapenet_blender/all_50_random/02958343/870086475e8af25bae57d337a2e5e53/r_30",
            "rotation": 0.12566370614359174,
            "transform_matrix": [
                [
                    -0.9904046654701233,
                    0.004034318029880524,
                    0.1381387710571289,
                    0.5568552017211914
                ],
                [
                    0.13819767534732819,
                    0.028912262991070747,
                    0.9899826049804688,
                    3.9907472133636475
                ],
                [
                    -4.656612040410124e-10,
                    0.9995737671852112,
                    -0.029192378744482994,
                    -0.11767823249101639
                ],
                [
                    0.0,
                    0.0,
                    0.0,
                    1.0
                ]
            ]
        },
        {
            "file_path": "/data/shapenet_blender/all_50_random/02958343/870086475e8af25bae57d337a2e5e53/r_31",
            "rotation": 0.12566370614359174,
            "transform_matrix": [
                [
                    0.9794833064079285,
                    0.02777431719005108,
                    -0.19960269331932068,
                    -0.8046241998672485
                ],
                [
                    -0.20152582228183746,
                    0.13499252498149872,
                    -0.970136284828186,
                    -3.9107444286346436
                ],
                [
                    0.0,
                    0.9904571771621704,
                    0.13782018423080444,
                    0.5555709600448608
                ],
                [
                    0.0,
                    0.0,
                    0.0,
                    1.0
                ]
            ]
        },
        {
            "file_path": "/data/shapenet_blender/all_50_random/02958343/870086475e8af25bae57d337a2e5e53/r_32",
            "rotation": 0.12566370614359174,
            "transform_matrix": [
                [
                    0.9322218894958496,
                    -0.03716905415058136,
                    -0.3599734604358673,
                    -1.4510993957519531
                ],
                [
                    -0.3618873357772827,
                    -0.09574750065803528,
                    -0.927291750907898,
                    -3.738032579421997
                ],
                [
                    -3.725290742551124e-09,
                    0.9947113990783691,
                    -0.10270892083644867,
                    -0.414032906293869
                ],
                [
                    0.0,
                    0.0,
                    0.0,
                    1.0
                ]
            ]
        },
        {
            "file_path": "/data/shapenet_blender/all_50_random/02958343/870086475e8af25bae57d337a2e5e53/r_33",
            "rotation": 0.12566370614359174,
            "transform_matrix": [
                [
                    -0.4072798490524292,
                    0.11169745773077011,
                    0.9064472913742065,
                    3.654006242752075
                ],
                [
                    0.913303554058075,
                    0.04981051757931709,
                    0.4042223393917084,
                    1.6294724941253662
                ],
                [
                    0.0,
                    0.9924931526184082,
                    -0.12230047583580017,
                    -0.4930090308189392
                ],
                [
                    0.0,
                    0.0,
                    0.0,
                    1.0
                ]
            ]
        },
        {
            "file_path": "/data/shapenet_blender/all_50_random/02958343/870086475e8af25bae57d337a2e5e53/r_34",
            "rotation": 0.12566370614359174,
            "transform_matrix": [
                [
                    -0.6155588626861572,
                    -0.1013370156288147,
                    0.7815485596656799,
                    3.1505227088928223
                ],
                [
                    0.7880908846855164,
                    -0.07915189862251282,
                    0.6104487776756287,
                    2.4607975482940674
                ],
                [
                    -3.725290298461914e-09,
                    0.9916983246803284,
                    0.12858545780181885,
                    0.518344521522522
                ],
                [
                    0.0,
                    0.0,
                    0.0,
                    1.0
                ]
            ]
        },
        {
            "file_path": "/data/shapenet_blender/all_50_random/02958343/870086475e8af25bae57d337a2e5e53/r_35",
            "rotation": 0.12566370614359174,
            "transform_matrix": [
                [
                    0.5589743256568909,
                    0.2959744334220886,
                    0.774562418460846,
                    3.1223607063293457
                ],
                [
                    0.8291850686073303,
                    -0.19952377676963806,
                    -0.5221518874168396,
                    -2.104861259460449
                ],
                [
                    1.4901161193847656e-08,
                    0.9341249465942383,
                    -0.3569462299346924,
                    -1.4388960599899292
                ],
                [
                    0.0,
                    0.0,
                    0.0,
                    1.0
                ]
            ]
        },
        {
            "file_path": "/data/shapenet_blender/all_50_random/02958343/870086475e8af25bae57d337a2e5e53/r_36",
            "rotation": 0.12566370614359174,
            "transform_matrix": [
                [
                    -0.998773455619812,
                    5.34432620042935e-05,
                    0.049515221267938614,
                    0.19960221648216248
                ],
                [
                    0.0495152473449707,
                    0.001078005530871451,
                    0.9987728595733643,
                    4.026181697845459
                ],
                [
                    -3.637978807091713e-12,
                    0.9999993443489075,
                    -0.0010793295223265886,
                    -0.004350916016846895
                ],
                [
                    0.0,
                    0.0,
                    0.0,
                    1.0
                ]
            ]
        },
        {
            "file_path": "/data/shapenet_blender/all_50_random/02958343/870086475e8af25bae57d337a2e5e53/r_37",
            "rotation": 0.12566370614359174,
            "transform_matrix": [
                [
                    0.4334307014942169,
                    0.4519794285297394,
                    0.7796489000320435,
                    3.1428651809692383
                ],
                [
                    0.9011868834495544,
                    -0.21738195419311523,
                    -0.37497636675834656,
                    -1.51157808303833
                ],
                [
                    0.0,
                    0.8651356101036072,
                    -0.5015379786491394,
                    -2.0217642784118652
                ],
                [
                    0.0,
                    0.0,
                    0.0,
                    1.0
                ]
            ]
        },
        {
            "file_path": "/data/shapenet_blender/all_50_random/02958343/870086475e8af25bae57d337a2e5e53/r_38",
            "rotation": 0.12566370614359174,
            "transform_matrix": [
                [
                    0.9800825119018555,
                    -0.062044408172369,
                    -0.18864980340003967,
                    -0.7604717016220093
                ],
                [
                    -0.19859066605567932,
                    -0.30620089173316956,
                    -0.9310224652290344,
                    -3.7530715465545654
                ],
                [
                    0.0,
                    0.9499428272247314,
                    -0.31242361664772034,
                    -1.2594199180603027
                ],
                [
                    0.0,
                    0.0,
                    0.0,
                    1.0
                ]
            ]
        },
        {
            "file_path": "/data/shapenet_blender/all_50_random/02958343/870086475e8af25bae57d337a2e5e53/r_39",
            "rotation": 0.12566370614359174,
            "transform_matrix": [
                [
                    -0.7409977316856384,
                    0.0030717833433300257,
                    -0.6715004444122314,
                    -2.7069051265716553
                ],
                [
                    -0.6715075373649597,
                    -0.003389663528650999,
                    0.7409899234771729,
                    2.9870262145996094
                ],
                [
                    0.0,
                    0.9999895691871643,
                    0.00457445764914155,
                    0.018440229818224907
                ],
                [
                    0.0,
                    0.0,
                    0.0,
                    1.0
                ]
            ]
        },
        {
            "file_path": "/data/shapenet_blender/all_50_random/02958343/870086475e8af25bae57d337a2e5e53/r_40",
            "rotation": 0.12566370614359174,
            "transform_matrix": [
                [
                    -0.26349347829818726,
                    -0.14189575612545013,
                    0.9541680812835693,
                    3.846374750137329
                ],
                [
                    0.964661180973053,
                    -0.038758281618356705,
                    0.2606273293495178,
                    1.0506224632263184
                ],
                [
                    0.0,
                    0.9891225099563599,
                    0.14709387719631195,
                    0.5929544568061829
                ],
                [
                    0.0,
                    0.0,
                    0.0,
                    1.0
                ]
            ]
        },
        {
            "file_path": "/data/shapenet_blender/all_50_random/02958343/870086475e8af25bae57d337a2e5e53/r_41",
            "rotation": 0.12566370614359174,
            "transform_matrix": [
                [
                    -0.35334211587905884,
                    0.48725807666778564,
                    -0.7985792756080627,
                    -3.2191760540008545
                ],
                [
                    -0.9354941248893738,
                    -0.18404051661491394,
                    0.3016285300254822,
                    1.2159035205841064
                ],
                [
                    -1.4901160305669237e-08,
                    0.8536443114280701,
