{
    "class": "02958343",
    "model": "89c7e63c3d3d14aa17b597d473206848",
    "remove_doubles": true,
    "edge_split": true,
    "denoise": true,
    "camera_angle_x": 0.6911112070083618,
    "scale_factor": 2.2969945451702674,
    "hdri_file": "/data/IndoorHDRDataset2018/AG8A7891-6d756d2939.exr",
    "center_offset": [
        0.0,
        -1.862645149230957e-09,
        -3.725290298461914e-09
    ],
    "lights": [],
    "frames": [
        {
            "file_path": "/data/shapenet_blender/all_50_random/02958343/89c7e63c3d3d14aa17b597d473206848/r_0",
            "rotation": 0.12566370614359174,
            "transform_matrix": [
                [
                    0.8630024194717407,
                    -0.48783424496650696,
                    -0.13131849467754364,
                    -0.5293617844581604
                ],
                [
                    -0.5051997303962708,
                    -0.8333379626274109,
                    -0.22432349622249603,
                    -0.9042769074440002
                ],
                [
                    -7.450580152834618e-09,
                    0.2599336802959442,
                    -0.9656264185905457,
                    -3.892564535140991
                ],
                [
                    0.0,
                    0.0,
                    0.0,
                    1.0
                ]
            ]
        },
        {
            "file_path": "/data/shapenet_blender/all_50_random/02958343/89c7e63c3d3d14aa17b597d473206848/r_1",
            "rotation": 0.12566370614359174,
            "transform_matrix": [
                [
                    -0.2540282607078552,
                    -0.29885825514793396,
                    -0.9198658466339111,
                    -3.7080981731414795
                ],
                [
                    -0.9671968817710876,
                    0.07849326729774475,
                    0.2415970414876938,
                    0.9739089012145996
                ],
                [
                    7.450581485102248e-09,
                    0.9510639309883118,
                    -0.30899423360824585,
                    -1.2455956935882568
                ],
                [
                    0.0,
                    0.0,
                    0.0,
                    1.0
                ]
            ]
        },
        {
            "file_path": "/data/shapenet_blender/all_50_random/02958343/89c7e63c3d3d14aa17b597d473206848/r_2",
            "rotation": 0.12566370614359174,
            "transform_matrix": [
                [
                    0.5913297533988953,
                    0.15346954762935638,
                    0.7916920185089111,
                    3.1914124488830566
                ],
                [
                    0.8064298033714294,
                    -0.11253441870212555,
                    -0.5805229544639587,
                    -2.340162754058838
                ],
                [
                    0.0,
                    0.9817244410514832,
                    -0.1903073936700821,
                    -0.7671536207199097
                ],
                [
                    0.0,
                    0.0,
                    0.0,
                    1.0
                ]
            ]
        },
        {
            "file_path": "/data/shapenet_blender/all_50_random/02958343/89c7e63c3d3d14aa17b597d473206848/r_3",
            "rotation": 0.12566370614359174,
            "transform_matrix": [
                [
                    -0.3686460256576538,
                    0.19610385596752167,
                    0.908649206161499,
                    3.662882089614868
                ],
                [
                    0.9295699000358582,
                    0.07777027785778046,
                    0.3603493571281433,
                    1.452614665031433
                ],
                [
                    -7.450580596923828e-09,
                    0.9774943590164185,
                    -0.21096190810203552,
                    -0.8504146337509155
                ],
                [
                    0.0,
                    0.0,
                    0.0,
                    1.0
                ]
            ]
        },
        {
            "file_path": "/data/shapenet_blender/all_50_random/02958343/89c7e63c3d3d14aa17b597d473206848/r_4",
            "rotation": 0.12566370614359174,
            "transform_matrix": [
                [
                    -0.795344889163971,
                    -0.4270382225513458,
                    0.4301914572715759,
                    1.7341573238372803
                ],
                [
                    0.6061569452285767,
                    -0.5603212714195251,
                    0.5644586682319641,
                    2.2754058837890625
                ],
                [
                    -1.4901158529312397e-08,
                    0.7097030282020569,
                    0.7045009136199951,
                    2.8399343490600586
                ],
                [
                    0.0,
                    0.0,
                    0.0,
                    1.0
                ]
            ]
        },
        {
            "file_path": "/data/shapenet_blender/all_50_random/02958343/89c7e63c3d3d14aa17b597d473206848/r_5",
            "rotation": 0.12566370614359174,
            "transform_matrix": [
                [
                    0.8913775682449341,
                    -0.04270012304186821,
                    0.4512457251548767,
                    1.819029688835144
                ],
                [
                    0.45326152443885803,
                    0.08397343754768372,
                    -0.8874133229255676,
                    -3.577277421951294
                ],
                [
                    3.725290298461914e-09,
                    0.9955525994300842,
                    0.09420637041330338,
                    0.3797580301761627
                ],
                [
                    0.0,
                    0.0,
                    0.0,
                    1.0
                ]
            ]
        },
        {
            "file_path": "/data/shapenet_blender/all_50_random/02958343/89c7e63c3d3d14aa17b597d473206848/r_6",
            "rotation": 0.12566370614359174,
            "transform_matrix": [
                [
                    -0.9561970233917236,
                    0.1321178376674652,
                    0.2612128257751465,
                    1.0529825687408447
                ],
                [
                    0.2927238643169403,
                    0.4315694570541382,
                    0.8532646298408508,
                    3.439619779586792
                ],
                [
                    0.0,
                    0.8923523426055908,
                    -0.4513394832611084,
                    -1.8194077014923096
                ],
                [
                    0.0,
                    0.0,
                    0.0,
                    1.0
                ]
            ]
        },
        {
            "file_path": "/data/shapenet_blender/all_50_random/02958343/89c7e63c3d3d14aa17b597d473206848/r_7",
            "rotation": 0.12566370614359174,
            "transform_matrix": [
                [
                    -0.5205661654472351,
                    0.7174780964851379,
                    -0.462856262922287,
                    -1.8658332824707031
                ],
                [
                    -0.8538213968276978,
                    -0.43743905425071716,
                    0.2821986973285675,
                    1.137579321861267
                ],
                [
                    -1.4901162970204496e-08,
                    0.5420995950698853,
                    0.8403142094612122,
                    3.3874149322509766
                ],
                [
                    0.0,
                    0.0,
                    0.0,
                    1.0
                ]
            ]
        },
        {
            "file_path": "/data/shapenet_blender/all_50_random/02958343/89c7e63c3d3d14aa17b597d473206848/r_8",
            "rotation": 0.12566370614359174,
            "transform_matrix": [
                [
                    0.9539417028427124,
                    -0.25652989745140076,
                    -0.15552371740341187,
                    -0.626936137676239
                ],
                [
                    -0.29999202489852905,
                    -0.8157369494438171,
                    -0.49454832077026367,
                    -1.9935880899429321
                ],
                [
                    -1.4901161193847656e-08,
                    0.5184261798858643,
                    -0.8551223874092102,
                    -3.447108507156372
                ],
                [
                    0.0,
                    0.0,
                    0.0,
                    1.0
                ]
            ]
        },
        {
            "file_path": "/data/shapenet_blender/all_50_random/02958343/89c7e63c3d3d14aa17b597d473206848/r_9",
            "rotation": 0.12566370614359174,
            "transform_matrix": [
                [
                    -0.28007933497428894,
                    0.27885979413986206,
                    0.9185819029808044,
                    3.7029221057891846
                ],
                [
                    0.959976851940155,
                    0.08135911822319031,
                    0.26800209283828735,
                    1.0803509950637817
                ],
                [
                    -7.450580596923828e-09,
                    0.9568792581558228,
                    -0.2904859781265259,
                    -1.1709864139556885
                ],
                [
                    0.0,
                    0.0,
                    0.0,
                    1.0
                ]
            ]
        },
        {
            "file_path": "/data/shapenet_blender/all_50_random/02958343/89c7e63c3d3d14aa17b597d473206848/r_10",
            "rotation": 0.12566370614359174,
            "transform_matrix": [
                [
                    -0.9106757640838623,
                    -0.3892859220504761,
                    -0.13829734921455383,
                    -0.5574945211410522
                ],
                [
                    -0.41312190890312195,
                    0.8581323027610779,
                    0.3048592507839203,
                    1.2289270162582397
                ],
                [
                    7.450580596923828e-09,
                    0.33476167917251587,
                    -0.9423027634620667,
                    -3.79854416847229
                ],
                [
                    0.0,
                    0.0,
                    0.0,
                    1.0
                ]
            ]
        },
        {
            "file_path": "/data/shapenet_blender/all_50_random/02958343/89c7e63c3d3d14aa17b597d473206848/r_11",
            "rotation": 0.12566370614359174,
            "transform_matrix": [
                [
                    -0.44306227564811707,
                    -0.23314224183559418,
                    -0.8656445741653442,
                    -3.4895248413085938
                ],
                [
                    -0.8964908719062805,
                    0.11522319167852402,
                    0.4278174936771393,
                    1.7245874404907227
                ],
                [
                    0.0,
                    0.9655921459197998,
                    -0.2600609362125397,
                    -1.0483391284942627
                ],
                [
                    0.0,
                    0.0,
                    0.0,
                    1.0
                ]
            ]
        },
        {
            "file_path": "/data/shapenet_blender/all_50_random/02958343/89c7e63c3d3d14aa17b597d473206848/r_12",
            "rotation": 0.12566370614359174,
            "transform_matrix": [
                [
                    -0.792301595211029,
                    -0.12623082101345062,
                    0.5969288349151611,
                    2.406297206878662
                ],
                [
                    0.6101297736167908,
                    -0.16392067074775696,
                    0.7751591205596924,
                    3.1247663497924805
                ],
                [
                    0.0,
                    0.9783637523651123,
                    0.20689181983470917,
                    0.8340076208114624
                ],
                [
                    0.0,
                    0.0,
                    0.0,
                    1.0
                ]
            ]
        },
        {
            "file_path": "/data/shapenet_blender/all_50_random/02958343/89c7e63c3d3d14aa17b597d473206848/r_13",
            "rotation": 0.12566370614359174,
            "transform_matrix": [
                [
                    -0.9662569761276245,
                    0.11596405506134033,
                    -0.22999972105026245,
                    -0.9271585941314697
                ],
                [
                    -0.2575801610946655,
                    -0.43501436710357666,
                    0.8627947568893433,
                    3.478037118911743
                ],
                [
                    -7.450580596923828e-09,
                    0.8929247856140137,
                    0.4502056837081909,
                    1.8148373365402222
                ],
                [
                    0.0,
                    0.0,
                    0.0,
                    1.0
                ]
            ]
        },
        {
            "file_path": "/data/shapenet_blender/all_50_random/02958343/89c7e63c3d3d14aa17b597d473206848/r_14",
            "rotation": 0.12566370614359174,
            "transform_matrix": [
                [
                    -0.7316938638687134,
                    0.06289924681186676,
                    0.678725004196167,
                    2.7360281944274902
                ],
                [
                    0.6816333532333374,
                    0.0675187036395073,
                    0.7285720109939575,
                    2.9369678497314453
                ],
                [
                    0.0,
                    0.995733380317688,
                    -0.09227724373340607,
                    -0.37198150157928467
                ],
                [
                    0.0,
                    0.0,
                    0.0,
                    1.0
                ]
            ]
        },
        {
            "file_path": "/data/shapenet_blender/all_50_random/02958343/89c7e63c3d3d14aa17b597d473206848/r_15",
            "rotation": 0.12566370614359174,
            "transform_matrix": [
                [
                    0.823249340057373,
                    0.1775624305009842,
                    0.5391958951950073,
                    2.1735682487487793
                ],
                [
                    0.5676801204681396,
                    -0.25750091671943665,
                    -0.7819415330886841,
                    -3.1521072387695312
                ],
                [
                    0.0,
                    0.9498234987258911,
                    -0.3127861022949219,
                    -1.2608810663223267
                ],
                [
                    0.0,
                    0.0,
                    0.0,
                    1.0
                ]
            ]
        },
        {
            "file_path": "/data/shapenet_blender/all_50_random/02958343/89c7e63c3d3d14aa17b597d473206848/r_16",
            "rotation": 0.12566370614359174,
            "transform_matrix": [
                [
                    -0.9438121914863586,
                    -0.1977875679731369,
                    0.2647615969181061,
                    1.0672881603240967
                ],
                [
                    0.3304824233055115,
                    -0.5648539662361145,
                    0.7561225295066833,
                    3.048027515411377
                ],
                [
                    1.4901161193847656e-08,
                    0.8011367321014404,
                    0.5984813570976257,
                    2.412555456161499
                ],
                [
                    0.0,
                    0.0,
                    0.0,
                    1.0
                ]
            ]
        },
        {
            "file_path": "/data/shapenet_blender/all_50_random/02958343/89c7e63c3d3d14aa17b597d473206848/r_17",
            "rotation": 0.12566370614359174,
            "transform_matrix": [
                [
                    0.7148036956787109,
                    0.28009653091430664,
                    -0.6407819986343384,
                    -2.5830748081207275
                ],
                [
                    -0.6993252038955688,
                    0.2862960398197174,
                    -0.654964804649353,
                    -2.6402475833892822
                ],
                [
                    -2.980232594040899e-08,
                    0.9162861704826355,
                    0.4005240201950073,
                    1.6145639419555664
                ],
                [
                    0.0,
                    0.0,
                    0.0,
                    1.0
                ]
            ]
        },
        {
            "file_path": "/data/shapenet_blender/all_50_random/02958343/89c7e63c3d3d14aa17b597d473206848/r_18",
            "rotation": 0.12566370614359174,
            "transform_matrix": [
                [
                    0.5288709998130798,
                    -0.011533957906067371,
                    -0.8486238121986389,
                    -3.420912027359009
                ],
                [
                    -0.8487021327018738,
                    -0.007187416777014732,
                    -0.5288221836090088,
                    -2.1317503452301025
                ],
                [
                    -4.6566125955216364e-10,
                    0.9999076724052429,
                    -0.013590112328529358,
                    -0.05478349328041077
                ],
                [
                    0.0,
                    0.0,
                    0.0,
                    1.0
                ]
            ]
        },
        {
            "file_path": "/data/shapenet_blender/all_50_random/02958343/89c7e63c3d3d14aa17b597d473206848/r_19",
            "rotation": 0.12566370614359174,
            "transform_matrix": [
                [
                    -0.7305194139480591,
                    -0.28814956545829773,
                    0.6191213130950928,
                    2.495757818222046
                ],
                [
                    0.6828919649124146,
                    -0.3082461953163147,
                    0.6623011827468872,
                    2.6698215007781982
                ],
                [
                    -1.4901161193847656e-08,
                    0.906616747379303,
                    0.421954870223999,
                    1.7009544372558594
                ],
                [
                    0.0,
                    0.0,
                    0.0,
                    1.0
                ]
            ]
        },
        {
            "file_path": "/data/shapenet_blender/all_50_random/02958343/89c7e63c3d3d14aa17b597d473206848/r_20",
            "rotation": 0.12566370614359174,
            "transform_matrix": [
                [
                    0.5893847942352295,
                    0.46785715222358704,
                    -0.6585857272148132,
                    -2.654844045639038
                ],
                [
                    -0.8078523278236389,
                    0.3413345217704773,
                    -0.48048439621925354,
                    -1.9368945360183716
                ],
                [
                    -2.9802320611338473e-08,
                    0.8152303099632263,
                    0.5791369080543518,
                    2.334575653076172
                ],
                [
                    0.0,
                    0.0,
                    0.0,
                    1.0
                ]
            ]
        },
        {
            "file_path": "/data/shapenet_blender/all_50_random/02958343/89c7e63c3d3d14aa17b597d473206848/r_21",
            "rotation": 0.12566370614359174,
            "transform_matrix": [
                [
                    0.06612421572208405,
                    -0.7877868413925171,
                    0.6123881936073303,
                    2.468616008758545
                ],
                [
                    0.9978114366531372,
                    0.052206046879291534,
                    -0.040582507848739624,
                    -0.1635933369398117
                ],
                [
                    0.0,
                    0.6137313842773438,
                    0.7895147800445557,
                    3.182636022567749
                ],
                [
                    0.0,
                    0.0,
                    0.0,
                    1.0
                ]
            ]
        },
        {
            "file_path": "/data/shapenet_blender/all_50_random/02958343/89c7e63c3d3d14aa17b597d473206848/r_22",
            "rotation": 0.12566370614359174,
            "transform_matrix": [
                [
                    0.999320387840271,
                    -0.008574999868869781,
                    0.03584989532828331,
                    0.14451554417610168
                ],
                [
                    0.03686116263270378,
                    0.2324715405702591,
                    -0.971904456615448,
                    -3.917872190475464
                ],
                [
                    0.0,
                    0.9725654125213623,
                    0.23262962698936462,
                    0.9377599954605103
                ],
                [
                    0.0,
                    0.0,
                    0.0,
                    1.0
                ]
            ]
        },
        {
            "file_path": "/data/shapenet_blender/all_50_random/02958343/89c7e63c3d3d14aa17b597d473206848/r_23",
            "rotation": 0.12566370614359174,
            "transform_matrix": [
                [
                    0.9892107844352722,
                    -0.015849201008677483,
                    0.1456395536661148,
                    0.5870918035507202
                ],
                [
                    0.1464994102716446,
                    0.1070188656449318,
                    -0.9834047555923462,
                    -3.964231252670288
                ],
                [
                    0.0,
                    0.9941306710243225,
                    0.10818611085414886,
                    0.4361121654510498
                ],
                [
                    0.0,
                    0.0,
                    0.0,
                    1.0
                ]
            ]
        },
        {
            "file_path": "/data/shapenet_blender/all_50_random/02958343/89c7e63c3d3d14aa17b597d473206848/r_24",
            "rotation": 0.12566370614359174,
            "transform_matrix": [
                [
                    0.4674869179725647,
                    0.4580031633377075,
                    0.7561012506484985,
                    3.0479416847229004
                ],
                [
                    0.8840000629425049,
                    -0.24220643937587738,
                    -0.3998500406742096,
                    -1.6118470430374146
                ],
                [
                    0.0,
                    0.8553181886672974,
                    -0.5181031227111816,
                    -2.088540554046631
                ],
                [
                    0.0,
                    0.0,
                    0.0,
                    1.0
                ]
            ]
        },
        {
            "file_path": "/data/shapenet_blender/all_50_random/02958343/89c7e63c3d3d14aa17b597d473206848/r_25",
            "rotation": 0.12566370614359174,
            "transform_matrix": [
                [
                    -0.995180606842041,
                    0.027944734320044518,
                    0.09399362653493881,
                    0.3789004385471344
                ],
                [
                    0.09805973619222641,
                    0.2836032509803772,
                    0.9539148211479187,
                    3.845353603363037
                ],
                [
                    -1.862645371275562e-09,
                    0.9585344195365906,
                    -0.28497666120529175,
                    -1.148777723312378
                ],
                [
                    0.0,
                    0.0,
                    0.0,
                    1.0
                ]
            ]
        },
        {
            "file_path": "/data/shapenet_blender/all_50_random/02958343/89c7e63c3d3d14aa17b597d473206848/r_26",
            "rotation": 0.12566370614359174,
            "transform_matrix": [
                [
                    -0.5749627351760864,
                    -0.10364944487810135,
                    0.8115877509117126,
                    3.2716147899627686
                ],
                [
                    0.818179726600647,
                    -0.07283799350261688,
                    0.5703303217887878,
                    2.299075126647949
                ],
                [
                    0.0,
                    0.9919432997703552,
                    0.12668298184871674,
                    0.5106754302978516
                ],
                [
                    0.0,
                    0.0,
                    0.0,
                    1.0
                ]
            ]
        },
        {
            "file_path": "/data/shapenet_blender/all_50_random/02958343/89c7e63c3d3d14aa17b597d473206848/r_27",
            "rotation": 0.12566370614359174,
            "transform_matrix": [
                [
                    -0.6574971675872803,
                    0.29665324091911316,
                    -0.6925995945930481,
                    -2.7919583320617676
                ],
                [
                    -0.7534569501876831,
                    -0.2588717043399811,
                    0.6043906211853027,
                    2.4363765716552734
                ],
                [
                    0.0,
                    0.9192291498184204,
                    0.39372286200523376,
                    1.58714759349823
                ],
                [
                    0.0,
                    0.0,
                    0.0,
                    1.0
                ]
            ]
        },
        {
            "file_path": "/data/shapenet_blender/all_50_random/02958343/89c7e63c3d3d14aa17b597d473206848/r_28",
            "rotation": 0.12566370614359174,
            "transform_matrix": [
                [
                    0.9329217672348022,
                    -0.06442275643348694,
                    0.3542690873146057,
                    1.4281044006347656
                ],
                [
                    0.36007896065711975,
                    0.16691170632839203,
                    -0.9178690314292908,
                    -3.7000484466552734
                ],
                [
                    -3.725290076417309e-09,
                    0.9838649034500122,
                    0.17891284823417664,
                    0.7212207317352295
                ],
                [
                    0.0,
                    0.0,
                    0.0,
                    1.0
                ]
            ]
        },
        {
            "file_path": "/data/shapenet_blender/all_50_random/02958343/89c7e63c3d3d14aa17b597d473206848/r_29",
            "rotation": 0.12566370614359174,
            "transform_matrix": [
                [
                    -0.9999945163726807,
                    0.0013316991971805692,
                    0.0030180152971297503,
                    0.012166008353233337
                ],
                [
                    0.0032987629529088736,
                    0.4036943018436432,
                    0.9148879647254944,
                    3.6880311965942383
                ],
                [
                    -1.1641531488804091e-10,
                    0.9148929119110107,
                    -0.4036965072154999,
                    -1.6273525953292847
                ],
                [
                    0.0,
                    0.0,
                    0.0,
                    1.0
                ]
            ]
        },
        {
            "file_path": "/data/shapenet_blender/all_50_random/02958343/89c7e63c3d3d14aa17b597d473206848/r_30",
            "rotation": 0.12566370614359174,
            "transform_matrix": [
                [
                    -0.7932765483856201,
                    -0.3431049883365631,
                    0.5029824376106262,
                    2.027587413787842
                ],
                [
                    0.6088616251945496,
                    -0.44702625274658203,
                    0.6553281545639038,
                    2.6417124271392822
                ],
                [
                    0.0,
                    0.826103150844574,
                    0.5635188221931458,
                    2.2716171741485596
                ],
                [
                    0.0,
                    0.0,
                    0.0,
                    1.0
                ]
            ]
        },
        {
            "file_path": "/data/shapenet_blender/all_50_random/02958343/89c7e63c3d3d14aa17b597d473206848/r_31",
            "rotation": 0.12566370614359174,
            "transform_matrix": [
                [
                    -0.9248816967010498,
                    -0.19059999287128448,
                    -0.32903748750686646,
                    -1.3263925313949585
                ],
                [
                    -0.3802552819252014,
                    0.46358978748321533,
                    0.800306499004364,
                    3.2261385917663574
                ],
                [
                    1.4901162970204496e-08,
                    0.8653068542480469,
                    -0.5012423396110535,
                    -2.0205724239349365
                ],
                [
                    0.0,
                    0.0,
                    0.0,
                    1.0
                ]
            ]
        },
        {
            "file_path": "/data/shapenet_blender/all_50_random/02958343/89c7e63c3d3d14aa17b597d473206848/r_32",
            "rotation": 0.12566370614359174,
            "transform_matrix": [
                [
                    0.31896156072616577,
                    0.9136634469032288,
                    0.2519577145576477,
                    1.0156739950180054
                ],
                [
                    0.9477676749229431,
                    -0.30748414993286133,
                    -0.0847938060760498,
                    -0.3418147563934326
                ],
                [
                    7.450580596923828e-09,
                    0.26584315299987793,
                    -0.9640162587165833,
                    -3.8860738277435303
                ],
                [
                    0.0,
                    0.0,
                    0.0,
                    1.0
                ]
            ]
        },
        {
            "file_path": "/data/shapenet_blender/all_50_random/02958343/89c7e63c3d3d14aa17b597d473206848/r_33",
            "rotation": 0.12566370614359174,
            "transform_matrix": [
                [
                    -0.5827784538269043,
                    -0.17366546392440796,
                    0.7938574552536011,
                    3.200141668319702
                ],
                [
                    0.8126310706138611,
                    -0.1245441883802414,
                    0.5693148970603943,
                    2.2949817180633545
                ],
                [
                    -7.4505797087454084e-09,
                    0.9768977761268616,
                    0.21370762586593628,
                    0.8614829778671265
                ],
                [
                    0.0,
                    0.0,
                    0.0,
                    1.0
                ]
            ]
        },
        {
            "file_path": "/data/shapenet_blender/all_50_random/02958343/89c7e63c3d3d14aa17b597d473206848/r_34",
            "rotation": 0.12566370614359174,
            "transform_matrix": [
                [
                    -0.7087777853012085,
                    0.2878321707248688,
                    -0.6440393328666687,
                    -2.596205472946167
                ],
                [
                    -0.7054318189620972,
                    -0.2891974151134491,
                    0.6470941305160522,
                    2.6085197925567627
                ],
                [
                    0.0,
                    0.9129717946052551,
                    0.4080226719379425,
                    1.6447919607162476
                ],
                [
                    0.0,
                    0.0,
                    0.0,
                    1.0
                ]
            ]
        },
        {
            "file_path": "/data/shapenet_blender/all_50_random/02958343/89c7e63c3d3d14aa17b597d473206848/r_35",
            "rotation": 0.12566370614359174,
            "transform_matrix": [
                [
                    -0.8039867877960205,
                    0.372400164604187,
                    -0.46359845995903015,
                    -1.8688253164291382
                ],
                [
                    -0.5946473479270935,
                    -0.5034996867179871,
                    0.6268033981323242,
                    2.5267255306243896
                ],
                [
                    0.0,
                    0.7796190977096558,
                    0.6262537837028503,
                    2.524509906768799
                ],
                [
                    0.0,
                    0.0,
                    0.0,
                    1.0
                ]
            ]
        },
        {
            "file_path": "/data/shapenet_blender/all_50_random/02958343/89c7e63c3d3d14aa17b597d473206848/r_36",
            "rotation": 0.12566370614359174,
            "transform_matrix": [
                [
                    0.9996732473373413,
                    -0.006495549809187651,
                    -0.02472522296011448,
                    -0.09967055916786194
                ],
                [
                    -0.02556421421468258,
                    -0.254004567861557,
                    -0.966865062713623,
                    -3.8975577354431152
                ],
                [
                    4.656613428188905e-10,
                    0.9671811461448669,
                    -0.2540876269340515,
                    -1.0242600440979004
                ],
                [
                    0.0,
                    0.0,
                    0.0,
                    1.0
                ]
            ]
        },
        {
            "file_path": "/data/shapenet_blender/all_50_random/02958343/89c7e63c3d3d14aa17b597d473206848/r_37",
            "rotation": 0.12566370614359174,
            "transform_matrix": [
                [
                    0.8110133409500122,
                    -0.30739113688468933,
                    0.4977630376815796,
                    2.006546974182129
                ],
                [
                    0.5850276947021484,
                    0.4261308014392853,
                    -0.6900399327278137,
                    -2.78164005279541
                ],
                [
                    0.0,
                    0.8508367538452148,
                    0.5254300832748413,
                    2.1180763244628906
                ],
                [
                    0.0,
                    0.0,
                    0.0,
                    1.0
                ]
            ]
        },
        {
            "file_path": "/data/shapenet_blender/all_50_random/02958343/89c7e63c3d3d14aa17b597d473206848/r_38",
            "rotation": 0.12566370614359174,
            "transform_matrix": [
                [
                    -0.79865562915802,
                    0.2656079828739166,
                    0.5400015711784363,
                    2.176815986633301
                ],
                [
                    0.6017884612083435,
                    0.3524981439113617,
                    0.7166559100151062,
                    2.888932466506958
                ],
                [
                    -1.4901162970204496e-08,
                    0.8973279595375061,
                    -0.4413643777370453,
                    -1.7791967391967773
                ],
                [
                    0.0,
                    0.0,
                    0.0,
                    1.0
                ]
            ]
        },
        {
            "file_path": "/data/shapenet_blender/all_50_random/02958343/89c7e63c3d3d14aa17b597d473206848/r_39",
            "rotation": 0.12566370614359174,
            "transform_matrix": [
                [
                    -0.0625375285744667,
                    -0.978778064250946,
                    -0.19514748454093933,
                    -0.786664605140686
                ],
                [
                    -0.9980427026748657,
                    0.061330396682024,
                    0.012227973900735378,
                    0.049292534589767456
                ],
                [
                    0.0,
                    0.19553004205226898,
                    -0.980697751045227,
                    -3.9533185958862305
                ],
                [
                    0.0,
                    0.0,
                    0.0,
                    1.0
                ]
            ]
        },
        {
            "file_path": "/data/shapenet_blender/all_50_random/02958343/89c7e63c3d3d14aa17b597d473206848/r_40",
            "rotation": 0.12566370614359174,
            "transform_matrix": [
                [
                    0.9925863146781921,
                    0.03358820453286171,
                    0.11680884659290314,
                    0.4708715081214905
                ],
                [
                    0.1215420663356781,
                    -0.2743016481399536,
                    -0.9539319276809692,
                    -3.8454225063323975
                ],
                [
                    0.0,
                    0.9610568881034851,
                    -0.2763504385948181,
                    -1.1140042543411255
                ],
                [
                    0.0,
                    0.0,
                    0.0,
                    1.0
                ]
            ]
        },
        {
            "file_path": "/data/shapenet_blender/all_50_random/02958343/89c7e63c3d3d14aa17b597d473206848/r_41",
            "rotation": 0.12566370614359174,
            "transform_matrix": [
                [
                    -0.012495307251811028,
                    -0.17655879259109497,
                    0.9842106699943542,
                    3.967480421066284
                ],
                [
                    0.999921977519989,
                    -0.0022063283249735832,
                    0.012298974208533764,
                    0.04957875609397888
