{
    "class": "02958343",
    "model": "d20990638711f55967bf54a1f364120",
    "remove_doubles": true,
    "edge_split": true,
    "denoise": true,
    "camera_angle_x": 0.6911112070083618,
    "scale_factor": 2.2277768608177246,
    "hdri_file": "/data/IndoorHDRDataset2018/9C4A3195-f42e5ef293.exr",
    "center_offset": [
        0.0,
        -9.313225746154785e-10,
        -3.725290298461914e-09
    ],
    "lights": [],
    "frames": [
        {
            "file_path": "/data/shapenet_blender/all_50_random/02958343/d20990638711f55967bf54a1f364120/r_0",
            "rotation": 0.12566370614359174,
            "transform_matrix": [
                [
                    -0.4468199908733368,
                    0.06124800443649292,
                    0.8925248384475708,
                    3.5978825092315674
                ],
                [
                    0.8946239352226257,
                    0.030590320006012917,
                    0.44577160477638245,
                    1.7969627380371094
                ],
                [
                    0.0,
                    0.997653603553772,
                    -0.0684622973203659,
                    -0.2759803533554077
                ],
                [
                    0.0,
                    0.0,
                    0.0,
                    1.0
                ]
            ]
        },
        {
            "file_path": "/data/shapenet_blender/all_50_random/02958343/d20990638711f55967bf54a1f364120/r_1",
            "rotation": 0.12566370614359174,
            "transform_matrix": [
                [
                    -0.9693708419799805,
                    -0.10827498137950897,
                    -0.2204466164112091,
                    -0.8886487483978271
                ],
                [
                    -0.24560166895389557,
                    0.42735299468040466,
                    0.8700857758522034,
                    3.507427930831909
                ],
                [
                    0.0,
                    0.8975778222084045,
                    -0.44085603952407837,
                    -1.7771475315093994
                ],
                [
                    0.0,
                    0.0,
                    0.0,
                    1.0
                ]
            ]
        },
        {
            "file_path": "/data/shapenet_blender/all_50_random/02958343/d20990638711f55967bf54a1f364120/r_2",
            "rotation": 0.12566370614359174,
            "transform_matrix": [
                [
                    -0.8573015332221985,
                    -0.06424178928136826,
                    -0.5107906460762024,
                    -2.059063196182251
                ],
                [
                    -0.5148146748542786,
                    0.10697942972183228,
                    0.8506004214286804,
                    3.428880214691162
                ],
                [
                    -3.725290298461914e-09,
                    0.9921836256980896,
                    -0.12478622794151306,
                    -0.5030294060707092
                ],
                [
                    0.0,
                    0.0,
                    0.0,
                    1.0
                ]
            ]
        },
        {
            "file_path": "/data/shapenet_blender/all_50_random/02958343/d20990638711f55967bf54a1f364120/r_3",
            "rotation": 0.12566370614359174,
            "transform_matrix": [
                [
                    -0.6873265504837036,
                    0.46913930773735046,
                    0.5545182228088379,
                    2.2353343963623047
                ],
                [
                    0.7263485193252563,
                    0.4439355134963989,
                    0.5247275829315186,
                    2.1152446269989014
                ],
                [
                    1.4901161193847656e-08,
                    0.7634326815605164,
                    -0.6458873152732849,
                    -2.6036550998687744
                ],
                [
                    0.0,
                    0.0,
                    0.0,
                    1.0
                ]
            ]
        },
        {
            "file_path": "/data/shapenet_blender/all_50_random/02958343/d20990638711f55967bf54a1f364120/r_4",
            "rotation": 0.12566370614359174,
            "transform_matrix": [
                [
                    -0.8305346369743347,
                    0.3165736794471741,
                    -0.4582502841949463,
                    -1.8472659587860107
                ],
                [
                    -0.5569669604301453,
                    -0.4720664322376251,
                    0.6833308935165405,
                    2.7545950412750244
                ],
                [
                    -1.4901160305669237e-08,
                    0.822760283946991,
                    0.5683885812759399,
                    2.291247606277466
                ],
                [
                    0.0,
                    0.0,
                    0.0,
                    1.0
                ]
            ]
        },
        {
            "file_path": "/data/shapenet_blender/all_50_random/02958343/d20990638711f55967bf54a1f364120/r_5",
            "rotation": 0.12566370614359174,
            "transform_matrix": [
                [
                    -0.8035053610801697,
                    0.1526356041431427,
                    -0.5753968358039856,
                    -2.3194987773895264
                ],
                [
                    -0.5952975153923035,
                    -0.2060205340385437,
                    0.7766442894935608,
                    3.1307532787323
                ],
                [
                    7.450580596923828e-09,
                    0.9665701389312744,
                    0.2564021944999695,
                    1.033590316772461
                ],
                [
                    0.0,
                    0.0,
                    0.0,
                    1.0
                ]
            ]
        },
        {
            "file_path": "/data/shapenet_blender/all_50_random/02958343/d20990638711f55967bf54a1f364120/r_6",
            "rotation": 0.12566370614359174,
            "transform_matrix": [
                [
                    0.28013789653778076,
                    0.15514889359474182,
                    0.9473391771316528,
                    3.8188464641571045
                ],
                [
                    0.9599597454071045,
                    -0.04527594521641731,
                    -0.2764549255371094,
                    -1.1144254207611084
                ],
                [
                    0.0,
                    0.9868530631065369,
                    -0.16162019968032837,
                    -0.6515118479728699
                ],
                [
                    0.0,
                    0.0,
                    0.0,
                    1.0
                ]
            ]
        },
        {
            "file_path": "/data/shapenet_blender/all_50_random/02958343/d20990638711f55967bf54a1f364120/r_7",
            "rotation": 0.12566370614359174,
            "transform_matrix": [
                [
                    -0.08384353667497635,
                    0.5406617522239685,
                    -0.8370513916015625,
                    -3.3742620944976807
                ],
                [
                    -0.9964789748191833,
                    -0.04549117386341095,
                    0.07042934000492096,
                    0.28390973806381226
                ],
                [
                    0.0,
                    0.8400090932846069,
                    0.5425722002983093,
                    2.187178611755371
                ],
                [
                    0.0,
                    0.0,
                    0.0,
                    1.0
                ]
            ]
        },
        {
            "file_path": "/data/shapenet_blender/all_50_random/02958343/d20990638711f55967bf54a1f364120/r_8",
            "rotation": 0.12566370614359174,
            "transform_matrix": [
                [
                    0.4341241717338562,
                    0.16589978337287903,
                    0.8854454159736633,
                    3.5693445205688477
                ],
                [
                    0.9008530974388123,
                    -0.07994766533374786,
                    -0.42669913172721863,
                    -1.7200791835784912
                ],
                [
                    0.0,
                    0.9828965067863464,
                    -0.1841585487127304,
                    -0.7423668503761292
                ],
                [
                    0.0,
                    0.0,
                    0.0,
                    1.0
                ]
            ]
        },
        {
            "file_path": "/data/shapenet_blender/all_50_random/02958343/d20990638711f55967bf54a1f364120/r_9",
            "rotation": 0.12566370614359174,
            "transform_matrix": [
                [
                    -0.830202579498291,
                    -0.5428434014320374,
                    0.12682539224624634,
                    0.5112494826316833
                ],
                [
                    0.5574617981910706,
                    -0.8084320425987244,
                    0.18887530267238617,
                    0.761380672454834
                ],
                [
                    0.0,
                    0.22750520706176758,
                    0.9737769365310669,
                    3.9254202842712402
                ],
                [
                    0.0,
                    0.0,
                    0.0,
                    1.0
                ]
            ]
        },
        {
            "file_path": "/data/shapenet_blender/all_50_random/02958343/d20990638711f55967bf54a1f364120/r_10",
            "rotation": 0.12566370614359174,
            "transform_matrix": [
                [
                    -0.5948935747146606,
                    -0.2742301821708679,
                    0.7555788159370422,
                    3.0458357334136963
                ],
                [
                    0.8038045763969421,
                    -0.20295703411102295,
                    0.5592018961906433,
                    2.2542150020599365
                ],
                [
                    -1.4901162970204496e-08,
                    0.9400032758712769,
                    0.34116530418395996,
                    1.3752813339233398
                ],
                [
                    0.0,
                    0.0,
                    0.0,
                    1.0
                ]
            ]
        },
        {
            "file_path": "/data/shapenet_blender/all_50_random/02958343/d20990638711f55967bf54a1f364120/r_11",
            "rotation": 0.12566370614359174,
            "transform_matrix": [
                [
                    -0.7896053194999695,
                    -0.044896483421325684,
                    0.6119704842567444,
                    2.4669318199157715
                ],
                [
                    0.6136151552200317,
                    -0.057773176580667496,
                    0.7874888777732849,
                    3.174469232559204
                ],
                [
                    -3.725290742551124e-09,
                    0.9973195791244507,
                    0.07316717505455017,
                    0.2949463129043579
                ],
                [
                    0.0,
                    0.0,
                    0.0,
                    1.0
                ]
            ]
        },
        {
            "file_path": "/data/shapenet_blender/all_50_random/02958343/d20990638711f55967bf54a1f364120/r_12",
            "rotation": 0.12566370614359174,
            "transform_matrix": [
                [
                    -0.425281286239624,
                    0.0413961336016655,
                    -0.9041140675544739,
                    -3.6446001529693604
                ],
                [
                    -0.9050613045692444,
                    -0.019451722502708435,
                    0.4248361885547638,
                    1.7125693559646606
                ],
                [
                    -1.862645149230957e-09,
                    0.9989533424377441,
                    0.04573849216103554,
                    0.1843777447938919
                ],
                [
                    0.0,
                    0.0,
                    0.0,
                    1.0
                ]
            ]
        },
        {
            "file_path": "/data/shapenet_blender/all_50_random/02958343/d20990638711f55967bf54a1f364120/r_13",
            "rotation": 0.12566370614359174,
            "transform_matrix": [
                [
                    0.2369302362203598,
                    -0.1235366091132164,
                    0.9636402726173401,
                    3.8845584392547607
                ],
                [
                    0.9715266227722168,
                    0.0301273874938488,
                    -0.23500697314739227,
                    -0.9473434686660767
                ],
                [
                    0.0,
                    0.9918825030326843,
                    0.12715718150138855,
                    0.5125870704650879
                ],
                [
                    0.0,
                    0.0,
                    0.0,
                    1.0
                ]
            ]
        },
        {
            "file_path": "/data/shapenet_blender/all_50_random/02958343/d20990638711f55967bf54a1f364120/r_14",
            "rotation": 0.12566370614359174,
            "transform_matrix": [
                [
                    0.2284623384475708,
                    0.8994951248168945,
                    -0.3724425733089447,
                    -1.5013641119003296
                ],
                [
                    -0.9735528230667114,
                    0.211083322763443,
                    -0.08740060031414032,
                    -0.35232311487197876
                ],
                [
                    0.0,
                    0.38256022334098816,
                    0.9239304661750793,
                    3.724483013153076
                ],
                [
                    0.0,
                    0.0,
                    0.0,
                    1.0
                ]
            ]
        },
        {
            "file_path": "/data/shapenet_blender/all_50_random/02958343/d20990638711f55967bf54a1f364120/r_15",
            "rotation": 0.12566370614359174,
            "transform_matrix": [
                [
                    0.44689691066741943,
                    -0.3013620972633362,
                    0.8422968983650208,
                    3.3954074382781982
                ],
                [
                    0.8945854902267456,
                    0.15054769814014435,
                    -0.42077574133872986,
                    -1.6962013244628906
                ],
                [
                    0.0,
                    0.9415499567985535,
                    0.33687344193458557,
                    1.3579802513122559
                ],
                [
                    0.0,
                    0.0,
                    0.0,
                    1.0
                ]
            ]
        },
        {
            "file_path": "/data/shapenet_blender/all_50_random/02958343/d20990638711f55967bf54a1f364120/r_16",
            "rotation": 0.12566370614359174,
            "transform_matrix": [
                [
                    -0.9131633639335632,
                    -0.340553343296051,
                    0.22395549714565277,
                    0.9027934670448303
                ],
                [
                    0.4075937271118164,
                    -0.7629677057266235,
                    0.5017446279525757,
                    2.022597312927246
                ],
                [
                    0.0,
                    0.5494576692581177,
                    0.8355215191841125,
                    3.3680949211120605
                ],
                [
                    0.0,
                    0.0,
                    0.0,
                    1.0
                ]
            ]
        },
        {
            "file_path": "/data/shapenet_blender/all_50_random/02958343/d20990638711f55967bf54a1f364120/r_17",
            "rotation": 0.12566370614359174,
            "transform_matrix": [
                [
                    -0.28710824251174927,
                    -0.4723757803440094,
                    0.833324670791626,
                    3.359239101409912
                ],
                [
                    0.9578981399536133,
                    -0.14158391952514648,
                    0.2497701644897461,
                    1.0068557262420654
                ],
                [
                    0.0,
                    0.8699511289596558,
                    0.49313780665397644,
                    1.987902045249939
                ],
                [
                    0.0,
                    0.0,
                    0.0,
                    1.0
                ]
            ]
        },
        {
            "file_path": "/data/shapenet_blender/all_50_random/02958343/d20990638711f55967bf54a1f364120/r_18",
            "rotation": 0.12566370614359174,
            "transform_matrix": [
                [
                    0.860640287399292,
                    -0.27654576301574707,
                    0.42757540941238403,
                    1.72361159324646
                ],
                [
                    0.509213387966156,
                    0.4674001634120941,
                    -0.7226609587669373,
                    -2.913139581680298
                ],
                [
                    1.4901160305669237e-08,
                    0.8396782279014587,
                    0.5430842041969299,
                    2.189242362976074
                ],
                [
                    0.0,
                    0.0,
                    0.0,
                    1.0
                ]
            ]
        },
        {
            "file_path": "/data/shapenet_blender/all_50_random/02958343/d20990638711f55967bf54a1f364120/r_19",
            "rotation": 0.12566370614359174,
            "transform_matrix": [
                [
                    0.348022997379303,
                    -0.6432702541351318,
                    0.6819701194763184,
                    2.7491095066070557
                ],
                [
                    0.9374859929084778,
                    0.2388012856245041,
                    -0.2531678080558777,
                    -1.0205520391464233
                ],
                [
                    -1.4901160305669237e-08,
                    0.727445662021637,
                    0.6861652135848999,
                    2.7660202980041504
                ],
                [
                    0.0,
                    0.0,
                    0.0,
                    1.0
                ]
            ]
        },
        {
            "file_path": "/data/shapenet_blender/all_50_random/02958343/d20990638711f55967bf54a1f364120/r_20",
            "rotation": 0.12566370614359174,
            "transform_matrix": [
                [
                    -0.8805850148200989,
                    0.41058748960494995,
                    -0.23661796748638153,
                    -0.9538373947143555
                ],
                [
                    -0.4738883674144745,
                    -0.7629585266113281,
                    0.4396863281726837,
                    1.7724320888519287
                ],
                [
                    0.0,
                    0.4993115961551666,
                    0.8664225339889526,
                    3.4926605224609375
                ],
                [
                    0.0,
                    0.0,
                    0.0,
                    1.0
                ]
            ]
        },
        {
            "file_path": "/data/shapenet_blender/all_50_random/02958343/d20990638711f55967bf54a1f364120/r_21",
            "rotation": 0.12566370614359174,
            "transform_matrix": [
                [
                    -0.9980965256690979,
                    0.035016488283872604,
                    -0.05076465383172035,
                    -0.20463886857032776
                ],
                [
                    -0.061670124530792236,
                    -0.5667222738265991,
                    0.8215975761413574,
                    3.3119657039642334
                ],
                [
                    1.8626450382086546e-09,
                    0.8231644034385681,
                    0.5678030252456665,
                    2.2888872623443604
                ],
                [
                    0.0,
                    0.0,
                    0.0,
                    1.0
                ]
            ]
        },
        {
            "file_path": "/data/shapenet_blender/all_50_random/02958343/d20990638711f55967bf54a1f364120/r_22",
            "rotation": 0.12566370614359174,
            "transform_matrix": [
                [
                    0.773006021976471,
                    0.025945745408535004,
                    0.6338678598403931,
                    2.5552029609680176
                ],
                [
                    0.6343985795974731,
                    -0.03161453455686569,
                    -0.772359311580658,
                    -3.1134798526763916
                ],
                [
                    0.0,
                    0.9991632103919983,
                    -0.04089817777276039,
                    -0.16486582159996033
                ],
                [
                    0.0,
                    0.0,
                    0.0,
                    1.0
                ]
            ]
        },
        {
            "file_path": "/data/shapenet_blender/all_50_random/02958343/d20990638711f55967bf54a1f364120/r_23",
            "rotation": 0.12566370614359174,
            "transform_matrix": [
                [
                    -0.5964170098304749,
                    0.6175440549850464,
                    -0.5127631425857544,
                    -2.067014694213867
                ],
                [
                    -0.8026747703552246,
                    -0.45885807275772095,
                    0.3810019791126251,
                    1.5358681678771973
                ],
                [
                    0.0,
                    0.638818085193634,
                    0.7693576812744141,
                    3.1013803482055664
                ],
                [
                    0.0,
                    0.0,
                    0.0,
                    1.0
                ]
            ]
        },
        {
            "file_path": "/data/shapenet_blender/all_50_random/02958343/d20990638711f55967bf54a1f364120/r_24",
            "rotation": 0.12566370614359174,
            "transform_matrix": [
                [
                    -0.20158794522285461,
                    0.07009350508451462,
                    0.9769591689109802,
                    3.9382483959198
                ],
                [
                    0.979470431804657,
                    0.014426168985664845,
                    0.20107108354568481,
                    0.8105434775352478
                ],
                [
                    -9.313225746154785e-10,
                    0.9974360466003418,
                    -0.07156266272068024,
                    -0.2884783148765564
                ],
                [
                    0.0,
                    0.0,
                    0.0,
                    1.0
                ]
            ]
        },
        {
            "file_path": "/data/shapenet_blender/all_50_random/02958343/d20990638711f55967bf54a1f364120/r_25",
            "rotation": 0.12566370614359174,
            "transform_matrix": [
                [
                    0.7222675681114197,
                    -0.2944435179233551,
                    -0.6258055567741394,
                    -2.522702932357788
                ],
                [
                    -0.6916137933731079,
                    -0.30749383568763733,
                    -0.6535425782203674,
                    -2.634514331817627
                ],
                [
                    1.4901161193847656e-08,
                    0.9048483967781067,
                    -0.4257339835166931,
                    -1.7161885499954224
                ],
                [
                    0.0,
                    0.0,
                    0.0,
                    1.0
                ]
            ]
        },
        {
            "file_path": "/data/shapenet_blender/all_50_random/02958343/d20990638711f55967bf54a1f364120/r_26",
            "rotation": 0.12566370614359174,
            "transform_matrix": [
                [
                    -0.7606779932975769,
                    -0.041494835168123245,
                    -0.6478016972541809,
                    -2.611372232437134
                ],
                [
                    -0.6491292715072632,
                    0.048625461757183075,
                    0.7591223120689392,
                    3.060119867324829
                ],
                [
                    0.0,
                    0.9979547262191772,
                    -0.06392384320497513,
                    -0.25768524408340454
                ],
                [
                    0.0,
                    0.0,
                    0.0,
                    1.0
                ]
            ]
        },
        {
            "file_path": "/data/shapenet_blender/all_50_random/02958343/d20990638711f55967bf54a1f364120/r_27",
            "rotation": 0.12566370614359174,
            "transform_matrix": [
                [
                    -0.8565648198127747,
                    0.12180960923433304,
                    -0.5014569759368896,
                    -2.021437883377075
                ],
                [
                    -0.5160394906997681,
                    -0.2021896094083786,
                    0.8323596119880676,
                    3.355349063873291
                ],
                [
                    0.0,
                    0.9717414975166321,
                    0.23604711890220642,
                    0.9515364170074463
                ],
                [
                    0.0,
                    0.0,
                    0.0,
                    1.0
                ]
            ]
        },
        {
            "file_path": "/data/shapenet_blender/all_50_random/02958343/d20990638711f55967bf54a1f364120/r_28",
            "rotation": 0.12566370614359174,
            "transform_matrix": [
                [
                    0.30491092801094055,
                    -0.050567544996738434,
                    0.9510375261306763,
                    3.833754539489746
                ],
                [
                    0.9523808360099792,
                    0.01618953049182892,
                    -0.3044808804988861,
                    -1.2274014949798584
                ],
                [
                    -9.313224080820248e-10,
                    0.9985893964767456,
                    0.05309593304991722,
                    0.21403652429580688
                ],
                [
                    0.0,
                    0.0,
                    0.0,
                    1.0
                ]
            ]
        },
        {
            "file_path": "/data/shapenet_blender/all_50_random/02958343/d20990638711f55967bf54a1f364120/r_29",
            "rotation": 0.12566370614359174,
            "transform_matrix": [
                [
                    -0.7921957969665527,
                    -0.18583601713180542,
                    -0.5812835693359375,
                    -2.343229293823242
                ],
                [
                    -0.6102668642997742,
                    0.24123628437519073,
                    0.7545722126960754,
                    3.041778087615967
                ],
                [
                    -1.4901160305669237e-08,
                    0.9525071978569031,
                    -0.30451592803001404,
                    -1.2275431156158447
                ],
                [
                    0.0,
                    0.0,
                    0.0,
                    1.0
                ]
            ]
        },
        {
            "file_path": "/data/shapenet_blender/all_50_random/02958343/d20990638711f55967bf54a1f364120/r_30",
            "rotation": 0.12566370614359174,
            "transform_matrix": [
                [
                    0.5338125824928284,
                    0.35732558369636536,
                    -0.7663958072662354,
                    -3.08944034576416
                ],
                [
                    -0.845602810382843,
                    0.22557266056537628,
                    -0.4838107228279114,
                    -1.9503034353256226
                ],
                [
                    -1.4901161193847656e-08,
                    0.9063307046890259,
                    0.42256903648376465,
                    1.7034302949905396
                ],
                [
                    0.0,
                    0.0,
                    0.0,
                    1.0
                ]
            ]
        },
        {
            "file_path": "/data/shapenet_blender/all_50_random/02958343/d20990638711f55967bf54a1f364120/r_31",
            "rotation": 0.12566370614359174,
            "transform_matrix": [
                [
                    -0.9189141988754272,
                    -0.24412688612937927,
                    -0.3098367154598236,
                    -1.2489917278289795
                ],
                [
                    -0.39445751905441284,
                    0.5687093138694763,
                    0.7217846512794495,
                    2.90960693359375
                ],
                [
                    -1.4901161193847656e-08,
                    0.785475492477417,
                    -0.6188927292823792,
                    -2.4948363304138184
                ],
                [
                    0.0,
                    0.0,
                    0.0,
                    1.0
                ]
            ]
        },
        {
            "file_path": "/data/shapenet_blender/all_50_random/02958343/d20990638711f55967bf54a1f364120/r_32",
            "rotation": 0.12566370614359174,
            "transform_matrix": [
                [
                    0.520991861820221,
                    0.41089364886283875,
                    -0.7481536269187927,
                    -3.0159037113189697
                ],
                [
                    -0.8535615801811218,
                    0.2507988214492798,
                    -0.45665356516838074,
                    -1.8408293724060059
                ],
                [
                    1.4901159417490817e-08,
                    0.8765080571174622,
                    0.481387197971344,
                    1.9405338764190674
                ],
                [
                    0.0,
                    0.0,
                    0.0,
                    1.0
                ]
            ]
        },
        {
            "file_path": "/data/shapenet_blender/all_50_random/02958343/d20990638711f55967bf54a1f364120/r_33",
            "rotation": 0.12566370614359174,
            "transform_matrix": [
                [
                    -0.5223770141601562,
                    -0.08434487879276276,
                    0.8485329151153564,
                    3.4205455780029297
                ],
                [
                    0.8527145385742188,
                    -0.05167008191347122,
                    0.5198153853416443,
                    2.095442771911621
                ],
                [
                    0.0,
                    0.9950960278511047,
                    0.09891337901353836,
                    0.39873257279396057
                ],
                [
                    0.0,
                    0.0,
                    0.0,
                    1.0
                ]
            ]
        },
        {
            "file_path": "/data/shapenet_blender/all_50_random/02958343/d20990638711f55967bf54a1f364120/r_34",
            "rotation": 0.12566370614359174,
            "transform_matrix": [
                [
                    0.07964252680540085,
                    0.4294297397136688,
                    -0.8995816707611084,
                    -3.6263294219970703
                ],
                [
                    -0.9968234896659851,
                    0.03430985286831856,
                    -0.0718732625246048,
                    -0.28973037004470825
                ],
                [
                    -1.8626450382086546e-09,
                    0.9024481773376465,
                    0.4307982325553894,
                    1.7366031408309937
                ],
                [
                    0.0,
                    0.0,
                    0.0,
                    1.0
                ]
            ]
        },
        {
            "file_path": "/data/shapenet_blender/all_50_random/02958343/d20990638711f55967bf54a1f364120/r_35",
            "rotation": 0.12566370614359174,
            "transform_matrix": [
                [
                    0.9378414750099182,
                    -0.3082449734210968,
                    -0.15949444472789764,
                    -0.6429427266120911
                ],
                [
                    -0.3470640778541565,
                    -0.8329439759254456,
                    -0.4309881627559662,
                    -1.7373689413070679
                ],
                [
                    0.0,
                    0.45955342054367065,
                    -0.8881500959396362,
                    -3.5802478790283203
                ],
                [
                    0.0,
                    0.0,
                    0.0,
                    1.0
                ]
            ]
        },
        {
            "file_path": "/data/shapenet_blender/all_50_random/02958343/d20990638711f55967bf54a1f364120/r_36",
            "rotation": 0.12566370614359174,
            "transform_matrix": [
                [
                    -0.954128623008728,
                    -0.0926455408334732,
                    0.28470245003700256,
                    1.147672414779663
                ],
                [
                    0.2993972599506378,
                    -0.2952457070350647,
                    0.907298743724823,
                    3.6574385166168213
                ],
                [
                    0.0,
                    0.9509188532829285,
                    0.30944016575813293,
                    1.2473933696746826
                ],
                [
                    0.0,
                    0.0,
                    0.0,
                    1.0
                ]
            ]
        },
        {
            "file_path": "/data/shapenet_blender/all_50_random/02958343/d20990638711f55967bf54a1f364120/r_37",
            "rotation": 0.12566370614359174,
            "transform_matrix": [
                [
                    -0.5755735635757446,
                    0.1023600623011589,
                    -0.8113183975219727,
                    -3.27052903175354
                ],
                [
                    -0.8177500367164612,
                    -0.07204614579677582,
                    0.5710465908050537,
                    2.301962375640869
                ],
                [
                    0.0,
                    0.9921349883079529,
                    0.12517277896404266,
                    0.5045875906944275
                ],
                [
                    0.0,
                    0.0,
                    0.0,
                    1.0
                ]
            ]
        },
        {
            "file_path": "/data/shapenet_blender/all_50_random/02958343/d20990638711f55967bf54a1f364120/r_38",
            "rotation": 0.12566370614359174,
            "transform_matrix": [
                [
                    -0.8438334465026855,
                    0.4562850892543793,
                    -0.2823987305164337,
                    -1.1383857727050781
                ],
                [
                    -0.5366052389144897,
                    -0.7175267338752747,
                    0.44408345222473145,
                    1.7901577949523926
                ],
                [
                    1.4901161193847656e-08,
                    0.5262690186500549,
                    0.8503180146217346,
                    3.427741765975952
                ],
                [
                    0.0,
                    0.0,
                    0.0,
                    1.0
                ]
            ]
        },
        {
            "file_path": "/data/shapenet_blender/all_50_random/02958343/d20990638711f55967bf54a1f364120/r_39",
            "rotation": 0.12566370614359174,
            "transform_matrix": [
                [
                    -0.6286653876304626,
                    -0.14589940011501312,
                    -0.763867199420929,
                    -3.079247236251831
                ],
                [
                    -0.7776759266853333,
                    0.11794362217187881,
                    0.6175025701522827,
                    2.4892325401306152
                ],
                [
                    7.450581485102248e-09,
                    0.9822435975074768,
                    -0.18760953843593597,
                    -0.7562782168388367
                ],
                [
                    0.0,
                    0.0,
                    0.0,
                    1.0
                ]
            ]
        },
        {
            "file_path": "/data/shapenet_blender/all_50_random/02958343/d20990638711f55967bf54a1f364120/r_40",
            "rotation": 0.12566370614359174,
            "transform_matrix": [
                [
                    -0.6341768503189087,
                    -0.06414099782705307,
                    0.770522952079773,
                    3.1060774326324463
                ],
                [
                    0.7731879949569702,
                    -0.052609119564294815,
                    0.6319909691810608,
                    2.5476369857788086
                ],
                [
                    0.0,
                    0.9965531229972839,
                    0.08295654505491257,
                    0.3344085216522217
                ],
                [
                    0.0,
                    0.0,
                    0.0,
                    1.0
                ]
            ]
        },
        {
            "file_path": "/data/shapenet_blender/all_50_random/02958343/d20990638711f55967bf54a1f364120/r_41",
            "rotation": 0.12566370614359174,
            "transform_matrix": [
                [
                    -0.9231898784637451,
                    -0.10517720133066177,
                    0.36967310309410095,
                    1.4902000427246094
                ],
                [
                    0.3843442499637604,
                    -0.2526342570781708,
                    0.8879500031471252,
                    3.5794413089752197
                ],
                [
                    0.0,
                    0.9618281722068787,
