{
    "class": "02958343",
    "model": "7015c7c8ee74f69313ded1857c15b5b6",
    "remove_doubles": true,
    "edge_split": true,
    "denoise": true,
    "camera_angle_x": 0.6911112070083618,
    "scale_factor": 2.3042961239922524,
    "hdri_file": "/data/IndoorHDRDataset2018/9C4A1019-522396b543.exr",
    "center_offset": [
        0.0,
        -1.862645149230957e-09,
        -3.725290298461914e-09
    ],
    "lights": [],
    "frames": [
        {
            "file_path": "/data/shapenet_blender/all_50_random/02958343/7015c7c8ee74f69313ded1857c15b5b6/r_0",
            "rotation": 0.12566370614359174,
            "transform_matrix": [
                [
                    -0.27204641699790955,
                    0.5276699662208557,
                    -0.8047080636024475,
                    -3.243881940841675
                ],
                [
                    -0.9622842073440552,
                    -0.14917705953121185,
                    0.22749821841716766,
                    0.9170746803283691
                ],
                [
                    0.0,
                    0.8362478017807007,
                    0.5483515858650208,
                    2.2104759216308594
                ],
                [
                    0.0,
                    0.0,
                    0.0,
                    1.0
                ]
            ]
        },
        {
            "file_path": "/data/shapenet_blender/all_50_random/02958343/7015c7c8ee74f69313ded1857c15b5b6/r_1",
            "rotation": 0.12566370614359174,
            "transform_matrix": [
                [
                    -0.6022630929946899,
                    0.26188334822654724,
                    -0.7541195154190063,
                    -3.0399529933929443
                ],
                [
                    -0.7982977032661438,
                    -0.19757376611232758,
                    0.5689335465431213,
                    2.2934443950653076
                ],
                [
                    0.0,
                    0.9446594715118408,
                    0.328052282333374,
                    1.3224209547042847
                ],
                [
                    0.0,
                    0.0,
                    0.0,
                    1.0
                ]
            ]
        },
        {
            "file_path": "/data/shapenet_blender/all_50_random/02958343/7015c7c8ee74f69313ded1857c15b5b6/r_2",
            "rotation": 0.12566370614359174,
            "transform_matrix": [
                [
                    -0.9824010133743286,
                    -0.12278356403112411,
                    -0.1407567411661148,
                    -0.567408561706543
                ],
                [
                    -0.18678399920463562,
                    0.6457870602607727,
                    0.7403180003166199,
                    2.9843173027038574
                ],
                [
                    0.0,
                    0.7535802721977234,
                    -0.6573559045791626,
                    -2.6498863697052
                ],
                [
                    0.0,
                    0.0,
                    0.0,
                    1.0
                ]
            ]
        },
        {
            "file_path": "/data/shapenet_blender/all_50_random/02958343/7015c7c8ee74f69313ded1857c15b5b6/r_3",
            "rotation": 0.12566370614359174,
            "transform_matrix": [
                [
                    0.5579298734664917,
                    0.21821698546409607,
                    -0.80068439245224,
                    -3.2276623249053955
                ],
                [
                    -0.829888105392456,
                    0.1467062532901764,
                    -0.5382963418960571,
                    -2.1699421405792236
                ],
                [
                    -7.450580596923828e-09,
                    0.9648101925849915,
                    0.2629474401473999,
                    1.0599751472473145
                ],
                [
                    0.0,
                    0.0,
                    0.0,
                    1.0
                ]
            ]
        },
        {
            "file_path": "/data/shapenet_blender/all_50_random/02958343/7015c7c8ee74f69313ded1857c15b5b6/r_4",
            "rotation": 0.12566370614359174,
            "transform_matrix": [
                [
                    -0.9940668344497681,
                    0.029309647157788277,
                    0.10474812984466553,
                    0.42225325107574463
                ],
                [
                    0.10877145081758499,
                    0.2678620517253876,
                    0.9572975039482117,
                    3.858989953994751
                ],
                [
                    3.725290742551124e-09,
                    0.9630112648010254,
                    -0.2694608271121979,
                    -1.0862314701080322
                ],
                [
                    0.0,
                    0.0,
                    0.0,
                    1.0
                ]
            ]
        },
        {
            "file_path": "/data/shapenet_blender/all_50_random/02958343/7015c7c8ee74f69313ded1857c15b5b6/r_5",
            "rotation": 0.12566370614359174,
            "transform_matrix": [
                [
                    0.6809049844741821,
                    -0.046662233769893646,
                    0.7308837175369263,
                    2.946286678314209
                ],
                [
                    0.7323717474937439,
                    0.04338308796286583,
                    -0.6795215010643005,
                    -2.739238977432251
                ],
                [
                    0.0,
                    0.9979682564735413,
                    0.06371385604143143,
                    0.2568387985229492
                ],
                [
                    0.0,
                    0.0,
                    0.0,
                    1.0
                ]
            ]
        },
        {
            "file_path": "/data/shapenet_blender/all_50_random/02958343/7015c7c8ee74f69313ded1857c15b5b6/r_6",
            "rotation": 0.12566370614359174,
            "transform_matrix": [
                [
                    -0.5519223809242249,
                    -0.7109723687171936,
                    0.4357750713825226,
                    1.756665587425232
                ],
                [
                    0.8338954448699951,
                    -0.47056448459625244,
                    0.28842225670814514,
                    1.1626673936843872
                ],
                [
                    1.4901160305669237e-08,
                    0.522577702999115,
                    0.8525916337966919,
                    3.4369070529937744
                ],
                [
                    0.0,
                    0.0,
                    0.0,
                    1.0
                ]
            ]
        },
        {
            "file_path": "/data/shapenet_blender/all_50_random/02958343/7015c7c8ee74f69313ded1857c15b5b6/r_7",
            "rotation": 0.12566370614359174,
            "transform_matrix": [
                [
                    -0.18404315412044525,
                    0.20707309246063232,
                    0.9608582854270935,
                    3.8733439445495605
                ],
                [
                    0.9829182028770447,
                    0.038772691041231155,
                    0.17991262674331665,
                    0.7252510786056519
                ],
                [
                    3.725290298461914e-09,
                    0.9775568246841431,
                    -0.21067173779010773,
                    -0.849245011806488
                ],
                [
                    0.0,
                    0.0,
                    0.0,
                    1.0
                ]
            ]
        },
        {
            "file_path": "/data/shapenet_blender/all_50_random/02958343/7015c7c8ee74f69313ded1857c15b5b6/r_8",
            "rotation": 0.12566370614359174,
            "transform_matrix": [
                [
                    0.11905860155820847,
                    -0.14054636657238007,
                    -0.9828895926475525,
                    -3.9621541500091553
                ],
                [
                    -0.9928871989250183,
                    -0.016853127628564835,
                    -0.11785977333784103,
                    -0.475107878446579
                ],
                [
                    -1.8626448161640496e-09,
                    0.9899306893348694,
                    -0.14155322313308716,
                    -0.5706192255020142
                ],
                [
                    0.0,
                    0.0,
                    0.0,
                    1.0
                ]
            ]
        },
        {
            "file_path": "/data/shapenet_blender/all_50_random/02958343/7015c7c8ee74f69313ded1857c15b5b6/r_9",
            "rotation": 0.12566370614359174,
            "transform_matrix": [
                [
                    0.7738582491874695,
                    0.10667892545461655,
                    -0.6243100762367249,
                    -2.516674518585205
                ],
                [
                    -0.6333588361740112,
                    0.1303437352180481,
                    -0.7628021240234375,
                    -3.07495379447937
                ],
                [
                    -7.450580596923828e-09,
                    0.9857129454612732,
                    0.16843362152576447,
                    0.6789776682853699
                ],
                [
                    0.0,
                    0.0,
                    0.0,
                    1.0
                ]
            ]
        },
        {
            "file_path": "/data/shapenet_blender/all_50_random/02958343/7015c7c8ee74f69313ded1857c15b5b6/r_10",
            "rotation": 0.12566370614359174,
            "transform_matrix": [
                [
                    0.9220499992370605,
                    -0.22067762911319733,
                    0.31800204515457153,
                    1.281907320022583
                ],
                [
                    0.38707101345062256,
                    0.5256807804107666,
                    -0.7575193643569946,
                    -3.0536584854125977
                ],
                [
                    1.4901162970204496e-08,
                    0.8215601444244385,
                    0.5701217651367188,
                    2.298234701156616
                ],
                [
                    0.0,
                    0.0,
                    0.0,
                    1.0
                ]
            ]
        },
        {
            "file_path": "/data/shapenet_blender/all_50_random/02958343/7015c7c8ee74f69313ded1857c15b5b6/r_11",
            "rotation": 0.12566370614359174,
            "transform_matrix": [
                [
                    0.3559526205062866,
                    -0.0755310207605362,
                    0.9314466714859009,
                    3.7547812461853027
                ],
                [
                    0.9345040917396545,
                    0.02876976691186428,
                    -0.35478806495666504,
                    -1.4301962852478027
                ],
                [
                    1.862645149230957e-09,
                    0.9967283606529236,
                    0.08082471787929535,
                    0.325814813375473
                ],
                [
                    0.0,
                    0.0,
                    0.0,
                    1.0
                ]
            ]
        },
        {
            "file_path": "/data/shapenet_blender/all_50_random/02958343/7015c7c8ee74f69313ded1857c15b5b6/r_12",
            "rotation": 0.12566370614359174,
            "transform_matrix": [
                [
                    0.3567352294921875,
                    -0.3003009855747223,
                    -0.8846237659454346,
                    -3.566032648086548
                ],
                [
                    -0.9342055320739746,
                    -0.11467278003692627,
                    -0.3378019630908966,
                    -1.3617234230041504
                ],
                [
                    0.0,
                    0.9469264149665833,
                    -0.3214506208896637,
                    -1.295809030532837
                ],
                [
                    0.0,
                    0.0,
                    0.0,
                    1.0
                ]
            ]
        },
        {
            "file_path": "/data/shapenet_blender/all_50_random/02958343/7015c7c8ee74f69313ded1857c15b5b6/r_13",
            "rotation": 0.12566370614359174,
            "transform_matrix": [
                [
                    0.4137606620788574,
                    -0.18100135028362274,
                    -0.8922110199928284,
                    -3.5966179370880127
                ],
                [
                    -0.9103857278823853,
                    -0.08226318657398224,
                    -0.4055004417896271,
                    -1.634624719619751
                ],
                [
                    7.450581485102248e-09,
                    0.9800362586975098,
                    -0.19881831109523773,
                    -0.8014622926712036
                ],
                [
                    0.0,
                    0.0,
                    0.0,
                    1.0
                ]
            ]
        },
        {
            "file_path": "/data/shapenet_blender/all_50_random/02958343/7015c7c8ee74f69313ded1857c15b5b6/r_14",
            "rotation": 0.12566370614359174,
            "transform_matrix": [
                [
                    0.6522255539894104,
                    -0.6938365697860718,
                    -0.3052746057510376,
                    -1.2306013107299805
                ],
                [
                    -0.7580249905586243,
                    -0.5969960689544678,
                    -0.26266664266586304,
                    -1.0588431358337402
                ],
                [
                    -1.4901161193847656e-08,
                    0.4027237296104431,
                    -0.9153215885162354,
                    -3.689779281616211
                ],
                [
                    0.0,
                    0.0,
                    0.0,
                    1.0
                ]
            ]
        },
        {
            "file_path": "/data/shapenet_blender/all_50_random/02958343/7015c7c8ee74f69313ded1857c15b5b6/r_15",
            "rotation": 0.12566370614359174,
            "transform_matrix": [
                [
                    0.8208500742912292,
                    -0.08423163741827011,
                    0.5648984909057617,
                    2.2771787643432617
                ],
                [
                    0.5711439251899719,
                    0.12105800211429596,
                    -0.8118740916252136,
                    -3.2727692127227783
                ],
                [
                    0.0,
                    0.9890652298927307,
                    0.14747881889343262,
                    0.5945061445236206
                ],
                [
                    0.0,
                    0.0,
                    0.0,
                    1.0
                ]
            ]
        },
        {
            "file_path": "/data/shapenet_blender/all_50_random/02958343/7015c7c8ee74f69313ded1857c15b5b6/r_16",
            "rotation": 0.12566370614359174,
            "transform_matrix": [
                [
                    -0.9976259469985962,
                    0.03317246213555336,
                    0.0603494867682457,
                    0.24327656626701355
                ],
                [
                    0.06886561214923859,
                    0.4805549383163452,
                    0.8742565512657166,
                    3.5242409706115723
                ],
                [
                    -1.862645149230957e-09,
                    0.8763370513916016,
                    -0.48169848322868347,
                    -1.941788673400879
                ],
                [
                    0.0,
                    0.0,
                    0.0,
                    1.0
                ]
            ]
        },
        {
            "file_path": "/data/shapenet_blender/all_50_random/02958343/7015c7c8ee74f69313ded1857c15b5b6/r_17",
            "rotation": 0.12566370614359174,
            "transform_matrix": [
                [
                    -0.596177339553833,
                    -0.2917245626449585,
                    0.7479768395423889,
                    3.015191078186035
                ],
                [
                    0.8028528690338135,
                    -0.21662695705890656,
                    0.5554279088973999,
                    2.239001512527466
                ],
                [
                    -1.4901162970204496e-08,
                    0.9316487908363342,
                    0.3633599579334259,
                    1.46475088596344
                ],
                [
                    0.0,
                    0.0,
                    0.0,
                    1.0
                ]
            ]
        },
        {
            "file_path": "/data/shapenet_blender/all_50_random/02958343/7015c7c8ee74f69313ded1857c15b5b6/r_18",
            "rotation": 0.12566370614359174,
            "transform_matrix": [
                [
                    0.9201112389564514,
                    -0.38764333724975586,
                    0.055927738547325134,
                    0.22545193135738373
                ],
                [
                    0.3916570842266083,
                    0.9106818437576294,
                    -0.131389781832695,
                    -0.5296491384506226
                ],
                [
                    0.0,
                    0.1427975445985794,
                    0.9897518754005432,
                    3.9898173809051514
                ],
                [
                    0.0,
                    0.0,
                    0.0,
                    1.0
                ]
            ]
        },
        {
            "file_path": "/data/shapenet_blender/all_50_random/02958343/7015c7c8ee74f69313ded1857c15b5b6/r_19",
            "rotation": 0.12566370614359174,
            "transform_matrix": [
                [
                    0.9711130857467651,
                    -0.024896634742617607,
                    -0.23731708526611328,
                    -0.956655740737915
                ],
                [
                    -0.23861944675445557,
                    -0.10132220387458801,
                    -0.9658128619194031,
                    -3.8933162689208984
                ],
                [
                    0.0,
                    0.9945420622825623,
                    -0.10433614999055862,
                    -0.4205924868583679
                ],
                [
                    0.0,
                    0.0,
                    0.0,
                    1.0
                ]
            ]
        },
        {
            "file_path": "/data/shapenet_blender/all_50_random/02958343/7015c7c8ee74f69313ded1857c15b5b6/r_20",
            "rotation": 0.12566370614359174,
            "transform_matrix": [
                [
                    -0.9898744821548462,
                    -0.10882386565208435,
                    -0.09113549441099167,
                    -0.36737895011901855
                ],
                [
                    -0.1419447362422943,
                    0.7589007019996643,
                    0.6355479955673218,
                    2.561976194381714
                ],
                [
                    0.0,
                    0.6420489549636841,
                    -0.7666634321212769,
                    -3.090519428253174
                ],
                [
                    0.0,
                    0.0,
                    0.0,
                    1.0
                ]
            ]
        },
        {
            "file_path": "/data/shapenet_blender/all_50_random/02958343/7015c7c8ee74f69313ded1857c15b5b6/r_21",
            "rotation": 0.12566370614359174,
            "transform_matrix": [
                [
                    0.7983684539794922,
                    0.04485780745744705,
                    0.6004959940910339,
                    2.4206769466400146
                ],
                [
                    0.6021691560745239,
                    -0.059473417699337006,
                    -0.7961501479148865,
                    -3.2093842029571533
                ],
                [
                    0.0,
                    0.9972215294837952,
                    -0.07449368387460709,
                    -0.3002936840057373
                ],
                [
                    0.0,
                    0.0,
                    0.0,
                    1.0
                ]
            ]
        },
        {
            "file_path": "/data/shapenet_blender/all_50_random/02958343/7015c7c8ee74f69313ded1857c15b5b6/r_22",
            "rotation": 0.12566370614359174,
            "transform_matrix": [
                [
                    0.9987941980361938,
                    0.006241906899958849,
                    0.048695798963308334,
                    0.19629904627799988
                ],
                [
                    0.049094218760728836,
                    -0.12698808312416077,
                    -0.9906885623931885,
                    -3.993593215942383
                ],
                [
                    4.656612873077393e-10,
                    0.9918845891952515,
                    -0.12714138627052307,
                    -0.5125232934951782
                ],
                [
                    0.0,
                    0.0,
                    0.0,
                    1.0
                ]
            ]
        },
        {
            "file_path": "/data/shapenet_blender/all_50_random/02958343/7015c7c8ee74f69313ded1857c15b5b6/r_23",
            "rotation": 0.12566370614359174,
            "transform_matrix": [
                [
                    0.22025230526924133,
                    0.3861389458179474,
                    -0.8957598209381104,
                    -3.6109232902526855
                ],
                [
                    -0.9754429459571838,
                    0.08718910068273544,
                    -0.2022600769996643,
                    -0.8153364658355713
                ],
                [
                    0.0,
                    0.918310821056366,
                    0.39586007595062256,
                    1.5957629680633545
                ],
                [
                    0.0,
                    0.0,
                    0.0,
                    1.0
                ]
            ]
        },
        {
            "file_path": "/data/shapenet_blender/all_50_random/02958343/7015c7c8ee74f69313ded1857c15b5b6/r_24",
            "rotation": 0.12566370614359174,
            "transform_matrix": [
                [
                    0.23772762715816498,
                    -0.6489734053611755,
                    0.7227163314819336,
                    2.913362979888916
                ],
                [
                    0.9713318347930908,
                    0.1588323414325714,
                    -0.17688047885894775,
                    -0.713028073310852
                ],
                [
                    0.0,
                    0.7440467476844788,
                    0.6681273579597473,
                    2.693307876586914
                ],
                [
                    0.0,
                    0.0,
                    0.0,
                    1.0
                ]
            ]
        },
        {
            "file_path": "/data/shapenet_blender/all_50_random/02958343/7015c7c8ee74f69313ded1857c15b5b6/r_25",
            "rotation": 0.12566370614359174,
            "transform_matrix": [
                [
                    -0.9177137613296509,
                    0.1877259612083435,
                    0.3500862419605255,
                    1.4112427234649658
                ],
                [
                    0.3972422778606415,
                    0.4336867332458496,
                    0.8087733387947083,
                    3.2602696418762207
                ],
                [
                    0.0,
                    0.8812914490699768,
                    -0.47257304191589355,
                    -1.9050028324127197
                ],
                [
                    0.0,
                    0.0,
                    0.0,
                    1.0
                ]
            ]
        },
        {
            "file_path": "/data/shapenet_blender/all_50_random/02958343/7015c7c8ee74f69313ded1857c15b5b6/r_26",
            "rotation": 0.12566370614359174,
            "transform_matrix": [
                [
                    0.13490131497383118,
                    0.7079365253448486,
                    0.6932728886604309,
                    2.794672727584839
                ],
                [
                    0.9908590912818909,
                    -0.09638259559869766,
                    -0.09438620507717133,
                    -0.3804830014705658
                ],
                [
                    0.0,
                    0.6996686458587646,
                    -0.7144674062728882,
                    -2.880110502243042
                ],
                [
                    0.0,
                    0.0,
                    0.0,
                    1.0
                ]
            ]
        },
        {
            "file_path": "/data/shapenet_blender/all_50_random/02958343/7015c7c8ee74f69313ded1857c15b5b6/r_27",
            "rotation": 0.12566370614359174,
            "transform_matrix": [
                [
                    0.47867444157600403,
                    -0.12015184760093689,
                    0.8697323799133301,
                    3.506002902984619
                ],
                [
                    0.8779924511909485,
                    0.06550581753253937,
                    -0.47417110204696655,
                    -1.9114446640014648
                ],
                [
                    0.0,
                    0.9905920028686523,
                    0.13684840500354767,
                    0.5516535043716431
                ],
                [
                    0.0,
                    0.0,
                    0.0,
                    1.0
                ]
            ]
        },
        {
            "file_path": "/data/shapenet_blender/all_50_random/02958343/7015c7c8ee74f69313ded1857c15b5b6/r_28",
            "rotation": 0.12566370614359174,
            "transform_matrix": [
                [
                    -0.21924829483032227,
                    -0.23770399391651154,
                    -0.9462700486183167,
                    -3.8145365715026855
                ],
                [
                    -0.9756691455841064,
                    0.053415846079587936,
                    0.2126418501138687,
                    0.8571867346763611
                ],
                [
                    0.0,
                    0.9698678255081177,
                    -0.2436317652463913,
                    -0.9821110367774963
                ],
                [
                    0.0,
                    0.0,
                    0.0,
                    1.0
                ]
            ]
        },
        {
            "file_path": "/data/shapenet_blender/all_50_random/02958343/7015c7c8ee74f69313ded1857c15b5b6/r_29",
            "rotation": 0.12566370614359174,
            "transform_matrix": [
                [
                    -0.9759512543678284,
                    -0.13795550167560577,
                    -0.16878236830234528,
                    -0.680383563041687
                ],
                [
                    -0.21798904240131378,
                    0.6176358461380005,
                    0.755649745464325,
                    3.046121835708618
                ],
                [
                    0.0,
                    0.7742701172828674,
                    -0.632855236530304,
                    -2.551121234893799
                ],
                [
                    0.0,
                    0.0,
                    0.0,
                    1.0
                ]
            ]
        },
        {
            "file_path": "/data/shapenet_blender/all_50_random/02958343/7015c7c8ee74f69313ded1857c15b5b6/r_30",
            "rotation": 0.12566370614359174,
            "transform_matrix": [
                [
                    -0.964422345161438,
                    -0.2084910273551941,
                    -0.1625460833311081,
                    -0.6552442312240601
                ],
                [
                    -0.26436668634414673,
                    0.7605852484703064,
                    0.592975914478302,
                    2.39036226272583
                ],
                [
                    -7.450581485102248e-09,
                    0.6148508787155151,
                    -0.7886433005332947,
                    -3.1791229248046875
                ],
                [
                    0.0,
                    0.0,
                    0.0,
                    1.0
                ]
            ]
        },
        {
            "file_path": "/data/shapenet_blender/all_50_random/02958343/7015c7c8ee74f69313ded1857c15b5b6/r_31",
            "rotation": 0.12566370614359174,
            "transform_matrix": [
                [
                    -0.9327468276023865,
                    -0.007230252027511597,
                    0.360459566116333,
                    1.4530589580535889
                ],
                [
                    0.36053207516670227,
                    -0.018705671653151512,
                    0.9325591921806335,
                    3.7592663764953613
                ],
                [
                    0.0,
                    0.9997988939285278,
                    0.020054396241903305,
                    0.08084185421466827
                ],
                [
                    0.0,
                    0.0,
                    0.0,
                    1.0
                ]
            ]
        },
        {
            "file_path": "/data/shapenet_blender/all_50_random/02958343/7015c7c8ee74f69313ded1857c15b5b6/r_32",
            "rotation": 0.12566370614359174,
            "transform_matrix": [
                [
                    0.8410499095916748,
                    0.3062151074409485,
                    -0.4459454119205475,
                    -1.797663688659668
                ],
                [
                    -0.5409575700759888,
                    0.4760857820510864,
                    -0.6933304667472839,
                    -2.794904947280884
                ],
                [
                    0.0,
                    0.824363112449646,
                    0.56606125831604,
                    2.2818663120269775
                ],
                [
                    0.0,
                    0.0,
                    0.0,
                    1.0
                ]
            ]
        },
        {
            "file_path": "/data/shapenet_blender/all_50_random/02958343/7015c7c8ee74f69313ded1857c15b5b6/r_33",
            "rotation": 0.12566370614359174,
            "transform_matrix": [
                [
                    -0.9996468424797058,
                    -0.0067082964815199375,
                    -0.025710944086313248,
                    -0.10364413261413574
                ],
                [
                    -0.026571672409772873,
                    0.25237128138542175,
                    0.9672655463218689,
                    3.899172067642212
                ],
                [
                    0.0,
                    0.9676071405410767,
                    -0.25246044993400574,
                    -1.0177006721496582
                ],
                [
                    0.0,
                    0.0,
                    0.0,
                    1.0
                ]
            ]
        },
        {
            "file_path": "/data/shapenet_blender/all_50_random/02958343/7015c7c8ee74f69313ded1857c15b5b6/r_34",
            "rotation": 0.12566370614359174,
            "transform_matrix": [
                [
                    -0.3158043324947357,
                    -0.12639768421649933,
                    0.940367579460144,
                    3.790742874145508
                ],
                [
                    0.9488243460655212,
                    -0.04206989333033562,
                    0.31298962235450745,
                    1.2617015838623047
                ],
                [
                    0.0,
                    0.9910871386528015,
                    0.1332150399684906,
                    0.5370069742202759
                ],
                [
                    0.0,
                    0.0,
                    0.0,
                    1.0
                ]
            ]
        },
        {
            "file_path": "/data/shapenet_blender/all_50_random/02958343/7015c7c8ee74f69313ded1857c15b5b6/r_35",
            "rotation": 0.12566370614359174,
            "transform_matrix": [
                [
                    -0.8422912359237671,
                    -0.5132677555084229,
                    -0.1646260768175125,
                    -0.6636289358139038
                ],
                [
                    -0.5390227437019348,
                    0.8020458221435547,
                    0.2572490870952606,
                    1.0370042324066162
                ],
                [
                    0.0,
                    0.3054158091545105,
                    -0.9522190690040588,
                    -3.838517904281616
                ],
                [
                    0.0,
                    0.0,
                    0.0,
                    1.0
                ]
            ]
        },
        {
            "file_path": "/data/shapenet_blender/all_50_random/02958343/7015c7c8ee74f69313ded1857c15b5b6/r_36",
            "rotation": 0.12566370614359174,
            "transform_matrix": [
                [
                    -0.5567003488540649,
                    0.020912477746605873,
                    -0.830450177192688,
                    -3.347651243209839
                ],
                [
                    -0.8307133316993713,
                    -0.014014441519975662,
                    0.5565239787101746,
                    2.243419647216797
                ],
                [
                    -9.313225191043273e-10,
                    0.9996830821037292,
                    0.02517412230372429,
                    0.10148011893033981
                ],
                [
                    0.0,
                    0.0,
                    0.0,
                    1.0
                ]
            ]
        },
        {
            "file_path": "/data/shapenet_blender/all_50_random/02958343/7015c7c8ee74f69313ded1857c15b5b6/r_37",
            "rotation": 0.12566370614359174,
            "transform_matrix": [
                [
                    -0.7884690165519714,
                    0.1432877779006958,
                    -0.598151445388794,
                    -2.4112257957458496
                ],
                [
                    -0.6150744557380676,
                    -0.18368178606033325,
                    0.7667752504348755,
                    3.090970039367676
                ],
                [
                    -7.450580596923828e-09,
                    0.9724861979484558,
                    0.2329600751399994,
                    0.9390921592712402
                ],
                [
                    0.0,
                    0.0,
                    0.0,
                    1.0
                ]
            ]
        },
        {
            "file_path": "/data/shapenet_blender/all_50_random/02958343/7015c7c8ee74f69313ded1857c15b5b6/r_38",
            "rotation": 0.12566370614359174,
            "transform_matrix": [
                [
                    0.9684600830078125,
                    0.10489259660243988,
                    -0.226014643907547,
                    -0.9110941886901855
                ],
                [
                    -0.2491687685251236,
                    0.40769273042678833,
                    -0.878465473651886,
                    -3.5412075519561768
                ],
                [
                    0.0,
                    0.907074511051178,
                    0.42097008228302,
                    1.6969846487045288
                ],
                [
                    0.0,
                    0.0,
                    0.0,
                    1.0
                ]
            ]
        },
        {
            "file_path": "/data/shapenet_blender/all_50_random/02958343/7015c7c8ee74f69313ded1857c15b5b6/r_39",
            "rotation": 0.12566370614359174,
            "transform_matrix": [
                [
                    0.9833762645721436,
                    -0.1194886714220047,
                    -0.13672445714473724,
                    -0.5511538982391357
                ],
                [
                    -0.18157953023910522,
                    -0.6471121907234192,
                    -0.740455687046051,
                    -2.984872341156006
                ],
                [
                    0.0,
                    0.7529729604721069,
                    -0.6580514311790466,
                    -2.6526901721954346
                ],
                [
                    0.0,
                    0.0,
                    0.0,
                    1.0
                ]
            ]
        },
        {
            "file_path": "/data/shapenet_blender/all_50_random/02958343/7015c7c8ee74f69313ded1857c15b5b6/r_40",
            "rotation": 0.12566370614359174,
            "transform_matrix": [
                [
                    0.40425440669059753,
                    0.3411064147949219,
                    -0.8486605882644653,
                    -3.42106032371521
                ],
                [
                    -0.9146466851234436,
                    0.15076178312301636,
                    -0.37508994340896606,
                    -1.5120359659194946
                ],
                [
                    0.0,
                    0.9278562664985657,
                    0.3729379177093506,
                    1.5033608675003052
                ],
                [
                    0.0,
                    0.0,
                    0.0,
                    1.0
                ]
            ]
        },
        {
            "file_path": "/data/shapenet_blender/all_50_random/02958343/7015c7c8ee74f69313ded1857c15b5b6/r_41",
            "rotation": 0.12566370614359174,
            "transform_matrix": [
                [
                    -0.21325291693210602,
                    0.03380827233195305,
                    -0.9764118790626526,
                    -3.936042308807373
                ],
                [
                    -0.9769970774650574,
                    -0.007379462476819754,
                    0.21312518417835236,
                    0.8591351509094238
                ],
                [
                    -9.313225746154785e-10,
