{
    "class": "02958343",
    "model": "663bec87ecf2e0adad0e351bfd714e3b",
    "remove_doubles": true,
    "edge_split": true,
    "denoise": true,
    "camera_angle_x": 0.6911112070083618,
    "scale_factor": 2.305828942872748,
    "hdri_file": "/data/IndoorHDRDataset2018/9C4A6005-806579ae95.exr",
    "center_offset": [
        0.0,
        -1.862645149230957e-09,
        0.0
    ],
    "lights": [],
    "frames": [
        {
            "file_path": "/data/shapenet_blender/all_50_random/02958343/663bec87ecf2e0adad0e351bfd714e3b/r_0",
            "rotation": 0.12566370614359174,
            "transform_matrix": [
                [
                    -0.7749730348587036,
                    -0.25880712270736694,
                    -0.5765724182128906,
                    -2.324237823486328
                ],
                [
                    -0.631994366645813,
                    0.3173580765724182,
                    0.7070126533508301,
                    2.8500592708587646
                ],
                [
                    0.0,
                    0.9123061895370483,
                    -0.409508615732193,
                    -1.6507819890975952
                ],
                [
                    0.0,
                    0.0,
                    0.0,
                    1.0
                ]
            ]
        },
        {
            "file_path": "/data/shapenet_blender/all_50_random/02958343/663bec87ecf2e0adad0e351bfd714e3b/r_1",
            "rotation": 0.12566370614359174,
            "transform_matrix": [
                [
                    0.49824321269989014,
                    -0.15993061661720276,
                    0.8521594405174255,
                    3.4351649284362793
                ],
                [
                    0.8670373558998108,
                    0.0919041708111763,
                    -0.48969364166259766,
                    -1.9740183353424072
                ],
                [
                    0.0,
                    0.9828406572341919,
                    0.18445642292499542,
                    0.743567705154419
                ],
                [
                    0.0,
                    0.0,
                    0.0,
                    1.0
                ]
            ]
        },
        {
            "file_path": "/data/shapenet_blender/all_50_random/02958343/663bec87ecf2e0adad0e351bfd714e3b/r_2",
            "rotation": 0.12566370614359174,
            "transform_matrix": [
                [
                    0.17966368794441223,
                    -0.4965500235557556,
                    -0.8492108583450317,
                    -3.423278331756592
                ],
                [
                    -0.9837281107902527,
                    -0.09068766981363297,
                    -0.15509605407714844,
                    -0.6252121925354004
                ],
                [
                    0.0,
                    0.8632577657699585,
                    -0.5047633647918701,
                    -2.03476619720459
                ],
                [
                    0.0,
                    0.0,
                    0.0,
                    1.0
                ]
            ]
        },
        {
            "file_path": "/data/shapenet_blender/all_50_random/02958343/663bec87ecf2e0adad0e351bfd714e3b/r_3",
            "rotation": 0.12566370614359174,
            "transform_matrix": [
                [
                    -0.8882880806922913,
                    0.1530771702528,
                    -0.4330262243747711,
                    -1.745584487915039
                ],
                [
                    -0.45928674936294556,
                    -0.29606038331985474,
                    0.8374986052513123,
                    3.3760647773742676
                ],
                [
                    0.0,
                    0.9428231120109558,
                    0.33329325914382935,
                    1.343548059463501
                ],
                [
                    0.0,
                    0.0,
                    0.0,
                    1.0
                ]
            ]
        },
        {
            "file_path": "/data/shapenet_blender/all_50_random/02958343/663bec87ecf2e0adad0e351bfd714e3b/r_4",
            "rotation": 0.12566370614359174,
            "transform_matrix": [
                [
                    0.9835312962532043,
                    0.0842360332608223,
                    0.15990756452083588,
                    0.6446080803871155
                ],
                [
                    0.18073777854442596,
                    -0.4583921730518341,
                    -0.8701783418655396,
                    -3.5078012943267822
                ],
                [
                    0.0,
                    0.8847490549087524,
                    -0.4660676419734955,
                    -1.8787789344787598
                ],
                [
                    0.0,
                    0.0,
                    0.0,
                    1.0
                ]
            ]
        },
        {
            "file_path": "/data/shapenet_blender/all_50_random/02958343/663bec87ecf2e0adad0e351bfd714e3b/r_5",
            "rotation": 0.12566370614359174,
            "transform_matrix": [
                [
                    -0.44231855869293213,
                    -0.4462399184703827,
                    0.7779615521430969,
                    3.1360630989074707
                ],
                [
                    0.8968579769134521,
                    -0.2200796753168106,
                    0.38368043303489685,
                    1.5466651916503906
                ],
                [
                    0.0,
                    0.8674300312995911,
                    0.49755924940109253,
                    2.005725383758545
                ],
                [
                    0.0,
                    0.0,
                    0.0,
                    1.0
                ]
            ]
        },
        {
            "file_path": "/data/shapenet_blender/all_50_random/02958343/663bec87ecf2e0adad0e351bfd714e3b/r_6",
            "rotation": 0.12566370614359174,
            "transform_matrix": [
                [
                    -0.08494389802217484,
                    -0.018430128693580627,
                    -0.996215283870697,
                    -4.015872001647949
                ],
                [
                    -0.9963857531547546,
                    0.0015712055610492826,
                    0.08492936193943024,
                    0.3423612117767334
                ],
                [
                    -1.1641532182693481e-10,
                    0.9998288750648499,
                    -0.018496980890631676,
                    -0.07456371188163757
                ],
                [
                    0.0,
                    0.0,
                    0.0,
                    1.0
                ]
            ]
        },
        {
            "file_path": "/data/shapenet_blender/all_50_random/02958343/663bec87ecf2e0adad0e351bfd714e3b/r_7",
            "rotation": 0.12566370614359174,
            "transform_matrix": [
                [
                    0.8382391333580017,
                    -0.040646616369485855,
                    -0.5437856316566467,
                    -2.192070245742798
                ],
                [
                    -0.5453026294708252,
                    -0.062481969594955444,
                    -0.8359071612358093,
                    -3.369649887084961
                ],
                [
                    0.0,
                    0.9972180724143982,
                    -0.07453953474760056,
                    -0.3004785180091858
                ],
                [
                    0.0,
                    0.0,
                    0.0,
                    1.0
                ]
            ]
        },
        {
            "file_path": "/data/shapenet_blender/all_50_random/02958343/663bec87ecf2e0adad0e351bfd714e3b/r_8",
            "rotation": 0.12566370614359174,
            "transform_matrix": [
                [
                    0.996997058391571,
                    0.0288679376244545,
                    -0.07185770571231842,
                    -0.28966766595840454
                ],
                [
                    -0.0774395689368248,
                    0.3716607391834259,
                    -0.925133228302002,
                    -3.7293312549591064
                ],
                [
                    0.0,
                    0.9279197454452515,
                    0.3727801740169525,
                    1.5027250051498413
                ],
                [
                    0.0,
                    0.0,
                    0.0,
                    1.0
                ]
            ]
        },
        {
            "file_path": "/data/shapenet_blender/all_50_random/02958343/663bec87ecf2e0adad0e351bfd714e3b/r_9",
            "rotation": 0.12566370614359174,
            "transform_matrix": [
                [
                    0.8956905603408813,
                    -0.24387460947036743,
                    -0.37183821201324463,
                    -1.4989279508590698
                ],
                [
                    -0.44467800855636597,
                    -0.4912232458591461,
                    -0.7489733099937439,
                    -3.0192081928253174
                ],
                [
                    0.0,
                    0.8361965417861938,
                    -0.5484296679496765,
                    -2.2107908725738525
                ],
                [
                    0.0,
                    0.0,
                    0.0,
                    1.0
                ]
            ]
        },
        {
            "file_path": "/data/shapenet_blender/all_50_random/02958343/663bec87ecf2e0adad0e351bfd714e3b/r_10",
            "rotation": 0.12566370614359174,
            "transform_matrix": [
                [
                    0.26982149481773376,
                    -0.2011144906282425,
                    -0.9416736364364624,
                    -3.7960078716278076
                ],
                [
                    -0.9629104137420654,
                    -0.056355204433202744,
                    -0.2638706564903259,
                    -1.0636966228485107
                ],
                [
                    3.725290298461914e-09,
                    0.9779453277587891,
                    -0.20886105298995972,
                    -0.8419458270072937
                ],
                [
                    0.0,
                    0.0,
                    0.0,
                    1.0
                ]
            ]
        },
        {
            "file_path": "/data/shapenet_blender/all_50_random/02958343/663bec87ecf2e0adad0e351bfd714e3b/r_11",
            "rotation": 0.12566370614359174,
            "transform_matrix": [
                [
                    0.1321737915277481,
                    0.3625871241092682,
                    0.9225294589996338,
                    3.7188351154327393
                ],
                [
                    0.9912266135215759,
                    -0.04834870249032974,
                    -0.1230134665966034,
                    -0.49588313698768616
                ],
                [
                    3.725290298461914e-09,
                    0.9306948781013489,
                    -0.36579641699790955,
                    -1.4745725393295288
                ],
                [
                    0.0,
                    0.0,
                    0.0,
                    1.0
                ]
            ]
        },
        {
            "file_path": "/data/shapenet_blender/all_50_random/02958343/663bec87ecf2e0adad0e351bfd714e3b/r_12",
            "rotation": 0.12566370614359174,
            "transform_matrix": [
                [
                    -0.5526272654533386,
                    0.0707426369190216,
                    0.830420732498169,
                    3.3475329875946045
                ],
                [
                    0.8334285616874695,
                    0.046907808631658554,
                    0.550632894039154,
                    2.219672203063965
                ],
                [
                    3.725290298461914e-09,
                    0.9963909387588501,
                    -0.08488147705793381,
                    -0.3421681821346283
                ],
                [
                    0.0,
                    0.0,
                    0.0,
                    1.0
                ]
            ]
        },
        {
            "file_path": "/data/shapenet_blender/all_50_random/02958343/663bec87ecf2e0adad0e351bfd714e3b/r_13",
            "rotation": 0.12566370614359174,
            "transform_matrix": [
                [
                    0.035363733768463135,
                    -0.029188664630055428,
                    0.9989480972290039,
                    4.026888847351074
                ],
                [
                    0.999374508857727,
                    0.001032866071909666,
                    -0.035348642617464066,
                    -0.14249494671821594
                ],
                [
                    0.0,
                    0.9995734095573425,
                    0.029206929728388786,
                    0.11773690581321716
                ],
                [
                    0.0,
                    0.0,
                    0.0,
                    1.0
                ]
            ]
        },
        {
            "file_path": "/data/shapenet_blender/all_50_random/02958343/663bec87ecf2e0adad0e351bfd714e3b/r_14",
            "rotation": 0.12566370614359174,
            "transform_matrix": [
                [
                    -0.99937504529953,
                    0.004962974693626165,
                    -0.03499974310398102,
                    -0.14108848571777344
                ],
                [
                    -0.03534987196326256,
                    -0.14030809700489044,
                    0.9894765615463257,
                    3.9887077808380127
                ],
                [
                    -4.656612873077393e-10,
                    0.9900954365730286,
                    0.14039583504199982,
                    0.56595379114151
                ],
                [
                    0.0,
                    0.0,
                    0.0,
                    1.0
                ]
            ]
        },
        {
            "file_path": "/data/shapenet_blender/all_50_random/02958343/663bec87ecf2e0adad0e351bfd714e3b/r_15",
            "rotation": 0.12566370614359174,
            "transform_matrix": [
                [
                    -0.9562734365463257,
                    0.07772382348775864,
                    0.28195762634277344,
                    1.1366076469421387
                ],
                [
                    0.2924741506576538,
                    0.25412580370903015,
                    0.9218887090682983,
                    3.716252565383911
                ],
                [
                    0.0,
                    0.964043140411377,
                    -0.2657459080219269,
                    -1.071256160736084
                ],
                [
                    0.0,
                    0.0,
                    0.0,
                    1.0
                ]
            ]
        },
        {
            "file_path": "/data/shapenet_blender/all_50_random/02958343/663bec87ecf2e0adad0e351bfd714e3b/r_16",
            "rotation": 0.12566370614359174,
            "transform_matrix": [
                [
                    0.9126864671707153,
                    0.24832376837730408,
                    -0.3245592415332794,
                    -1.3083401918411255
                ],
                [
                    -0.4086604714393616,
                    0.5545966029167175,
                    -0.7248579859733582,
                    -2.9219961166381836
                ],
                [
                    0.0,
                    0.7942025661468506,
                    0.6076529622077942,
                    2.4495275020599365
                ],
                [
                    0.0,
                    0.0,
                    0.0,
                    1.0
                ]
            ]
        },
        {
            "file_path": "/data/shapenet_blender/all_50_random/02958343/663bec87ecf2e0adad0e351bfd714e3b/r_17",
            "rotation": 0.12566370614359174,
            "transform_matrix": [
                [
                    -0.7496165633201599,
                    -0.23965784907341003,
                    -0.6169596910476685,
                    -2.487043857574463
                ],
                [
                    -0.6618724465370178,
                    0.2714291512966156,
                    0.6987497210502625,
                    2.8167498111724854
                ],
                [
                    -1.4901161193847656e-08,
                    0.9321429133415222,
                    -0.36209070682525635,
                    -1.4596341848373413
                ],
                [
                    0.0,
                    0.0,
                    0.0,
                    1.0
                ]
            ]
        },
        {
            "file_path": "/data/shapenet_blender/all_50_random/02958343/663bec87ecf2e0adad0e351bfd714e3b/r_18",
            "rotation": 0.12566370614359174,
            "transform_matrix": [
                [
                    -0.853691041469574,
                    0.14798127114772797,
                    -0.4993126690387726,
                    -2.012793779373169
                ],
                [
                    -0.5207798480987549,
                    -0.24257907271385193,
                    0.8185009360313416,
                    3.299482822418213
                ],
                [
                    0.0,
                    0.9587789177894592,
                    0.2841532230377197,
                    1.1454582214355469
                ],
                [
                    0.0,
                    0.0,
                    0.0,
                    1.0
                ]
            ]
        },
        {
            "file_path": "/data/shapenet_blender/all_50_random/02958343/663bec87ecf2e0adad0e351bfd714e3b/r_19",
            "rotation": 0.12566370614359174,
            "transform_matrix": [
                [
                    0.22950498759746552,
                    0.7282625436782837,
                    0.6457251906394958,
                    2.603001594543457
                ],
                [
                    0.9733074307441711,
                    -0.1717236340045929,
                    -0.1522614061832428,
                    -0.6137853860855103
                ],
                [
                    -7.450580152834618e-09,
                    0.6634339690208435,
                    -0.7482348084449768,
                    -3.016231060028076
                ],
                [
                    0.0,
                    0.0,
                    0.0,
                    1.0
                ]
            ]
        },
        {
            "file_path": "/data/shapenet_blender/all_50_random/02958343/663bec87ecf2e0adad0e351bfd714e3b/r_20",
            "rotation": 0.12566370614359174,
            "transform_matrix": [
                [
                    -0.9760640263557434,
                    -0.09371089190244675,
                    -0.19625797867774963,
                    -0.7911412715911865
                ],
                [
                    -0.21748316287994385,
                    0.4205743074417114,
                    0.8808054327964783,
                    3.55064058303833
                ],
                [
                    0.0,
                    0.9024053812026978,
                    -0.43088793754577637,
                    -1.7369649410247803
                ],
                [
                    0.0,
                    0.0,
                    0.0,
                    1.0
                ]
            ]
        },
        {
            "file_path": "/data/shapenet_blender/all_50_random/02958343/663bec87ecf2e0adad0e351bfd714e3b/r_21",
            "rotation": 0.12566370614359174,
            "transform_matrix": [
                [
                    -0.6784668564796448,
                    0.6979856491088867,
                    0.22912617027759552,
                    0.9236371517181396
                ],
                [
                    0.7346310615539551,
                    0.6446231007575989,
                    0.21160896122455597,
                    0.8530229926109314
                ],
                [
                    -1.4901161193847656e-08,
                    0.31189289689064026,
                    -0.950117290019989,
                    -3.830045223236084
                ],
                [
                    0.0,
                    0.0,
                    0.0,
                    1.0
                ]
            ]
        },
        {
            "file_path": "/data/shapenet_blender/all_50_random/02958343/663bec87ecf2e0adad0e351bfd714e3b/r_22",
            "rotation": 0.12566370614359174,
            "transform_matrix": [
                [
                    -0.1074824333190918,
                    -0.36031004786491394,
                    0.926619827747345,
                    3.735323905944824
                ],
                [
                    0.9942070245742798,
                    -0.038952648639678955,
                    0.10017566382884979,
                    0.40382102131843567
                ],
                [
                    0.0,
                    0.9320189952850342,
                    0.36240947246551514,
                    1.4609192609786987
                ],
                [
                    0.0,
                    0.0,
                    0.0,
                    1.0
                ]
            ]
        },
        {
            "file_path": "/data/shapenet_blender/all_50_random/02958343/663bec87ecf2e0adad0e351bfd714e3b/r_23",
            "rotation": 0.12566370614359174,
            "transform_matrix": [
                [
                    0.36452236771583557,
                    0.7657613754272461,
                    0.52984219789505,
                    2.135862112045288
                ],
                [
                    0.9311946630477905,
                    -0.29976239800453186,
                    -0.20741026103496552,
                    -0.8360974788665771
                ],
                [
                    0.0,
                    0.5689918398857117,
                    -0.822343111038208,
                    -3.3149712085723877
                ],
                [
                    0.0,
                    0.0,
                    0.0,
                    1.0
                ]
            ]
        },
        {
            "file_path": "/data/shapenet_blender/all_50_random/02958343/663bec87ecf2e0adad0e351bfd714e3b/r_24",
            "rotation": 0.12566370614359174,
            "transform_matrix": [
                [
                    0.6357971429824829,
                    0.4708874821662903,
                    0.6115773916244507,
                    2.4653472900390625
                ],
                [
                    0.7718561887741089,
                    -0.3878817558288574,
                    -0.5037715435028076,
                    -2.0307681560516357
                ],
                [
                    0.0,
                    0.7923462390899658,
                    -0.6100715398788452,
                    -2.4592771530151367
                ],
                [
                    0.0,
                    0.0,
                    0.0,
                    1.0
                ]
            ]
        },
        {
            "file_path": "/data/shapenet_blender/all_50_random/02958343/663bec87ecf2e0adad0e351bfd714e3b/r_25",
            "rotation": 0.12566370614359174,
            "transform_matrix": [
                [
                    -0.09299148619174957,
                    0.11934730410575867,
                    -0.9884881377220154,
                    -3.9847230911254883
                ],
                [
                    -0.9956669807434082,
                    -0.011146582663059235,
                    0.092321015894413,
                    0.3721579313278198
                ],
                [
                    -9.31322685637781e-10,
                    0.9927899241447449,
                    0.11986670643091202,
                    0.4831981360912323
                ],
                [
                    0.0,
                    0.0,
                    0.0,
                    1.0
                ]
            ]
        },
        {
            "file_path": "/data/shapenet_blender/all_50_random/02958343/663bec87ecf2e0adad0e351bfd714e3b/r_26",
            "rotation": 0.12566370614359174,
            "transform_matrix": [
                [
                    -0.9758186936378479,
                    -0.19263529777526855,
                    -0.10329370200634003,
                    -0.41639024019241333
                ],
                [
                    -0.2185816913843155,
                    0.8599857091903687,
                    0.46113619208335876,
                    1.858899474143982
                ],
                [
                    0.0,
                    0.47256341576576233,
                    -0.8812966346740723,
                    -3.5526204109191895
                ],
                [
                    0.0,
                    0.0,
                    0.0,
                    1.0
                ]
            ]
        },
        {
            "file_path": "/data/shapenet_blender/all_50_random/02958343/663bec87ecf2e0adad0e351bfd714e3b/r_27",
            "rotation": 0.12566370614359174,
            "transform_matrix": [
                [
                    0.6776365637779236,
                    -0.34616246819496155,
                    -0.6488299369812012,
                    -2.6155171394348145
                ],
                [
                    -0.7353969812393188,
                    -0.3189737796783447,
                    -0.5978687405586243,
                    -2.410085916519165
                ],
                [
                    -1.4901159417490817e-08,
                    0.8822853565216064,
                    -0.47071507573127747,
                    -1.8975131511688232
                ],
                [
                    0.0,
                    0.0,
                    0.0,
                    1.0
                ]
            ]
        },
        {
            "file_path": "/data/shapenet_blender/all_50_random/02958343/663bec87ecf2e0adad0e351bfd714e3b/r_28",
            "rotation": 0.12566370614359174,
            "transform_matrix": [
                [
                    -0.026969289407134056,
                    0.6021507978439331,
                    0.7979267239570618,
                    3.216545581817627
                ],
                [
                    0.9996362924575806,
                    0.016245486214756966,
                    0.021527346223592758,
                    0.08677950501441956
                ],
                [
                    9.313225746154785e-10,
                    0.7982170581817627,
                    -0.6023699045181274,
                    -2.4282307624816895
                ],
                [
                    0.0,
                    0.0,
                    0.0,
                    1.0
                ]
            ]
        },
        {
            "file_path": "/data/shapenet_blender/all_50_random/02958343/663bec87ecf2e0adad0e351bfd714e3b/r_29",
            "rotation": 0.12566370614359174,
            "transform_matrix": [
                [
                    0.8415198922157288,
                    0.15712770819664001,
                    0.5168704986572266,
                    2.0835719108581543
                ],
                [
                    0.54022616147995,
                    -0.2447606325149536,
                    -0.8051384091377258,
                    -3.245616912841797
                ],
                [
                    0.0,
                    0.9567670226097107,
                    -0.29085540771484375,
                    -1.172475814819336
                ],
                [
                    0.0,
                    0.0,
                    0.0,
                    1.0
                ]
            ]
        },
        {
            "file_path": "/data/shapenet_blender/all_50_random/02958343/663bec87ecf2e0adad0e351bfd714e3b/r_30",
            "rotation": 0.12566370614359174,
            "transform_matrix": [
                [
                    0.6849889159202576,
                    -0.03855748102068901,
                    0.7275324463844299,
                    2.932777166366577
                ],
                [
                    0.7285534739494324,
                    0.03625190258026123,
                    -0.6840289831161499,
                    -2.75740909576416
                ],
                [
                    0.0,
                    0.9985985159873962,
                    0.05292334035038948,
                    0.21334080398082733
                ],
                [
                    0.0,
                    0.0,
                    0.0,
                    1.0
                ]
            ]
        },
        {
            "file_path": "/data/shapenet_blender/all_50_random/02958343/663bec87ecf2e0adad0e351bfd714e3b/r_31",
            "rotation": 0.12566370614359174,
            "transform_matrix": [
                [
                    0.7641217708587646,
                    0.08191091567277908,
                    -0.639850378036499,
                    -2.579319477081299
                ],
                [
                    -0.6450719833374023,
                    0.09702779352664948,
                    -0.7579364776611328,
                    -3.0553395748138428
                ],
                [
                    -3.725290298461914e-09,
                    0.9919052720069885,
                    0.1269795000553131,
                    0.5118707418441772
                ],
                [
                    0.0,
                    0.0,
                    0.0,
                    1.0
                ]
            ]
        },
        {
            "file_path": "/data/shapenet_blender/all_50_random/02958343/663bec87ecf2e0adad0e351bfd714e3b/r_32",
            "rotation": 0.12566370614359174,
            "transform_matrix": [
                [
                    -0.9990720748901367,
                    -0.01885889284312725,
                    0.03872016444802284,
                    0.15608596801757812
                ],
                [
                    0.04306865483522415,
                    -0.43747347593307495,
                    0.8981992602348328,
                    3.6207571029663086
                ],
                [
                    0.0,
                    0.8990334272384644,
                    0.4378798007965088,
                    1.7651499509811401
                ],
                [
                    0.0,
                    0.0,
                    0.0,
                    1.0
                ]
            ]
        },
        {
            "file_path": "/data/shapenet_blender/all_50_random/02958343/663bec87ecf2e0adad0e351bfd714e3b/r_33",
            "rotation": 0.12566370614359174,
            "transform_matrix": [
                [
                    -0.47315409779548645,
                    -0.38958504796028137,
                    0.7901573181152344,
                    3.1852262020111084
                ],
                [
                    0.8809797763824463,
                    -0.209237203001976,
                    0.42437541484832764,
                    1.710712194442749
                ],
                [
                    0.0,
                    0.8969075679779053,
                    0.4422179162502289,
                    1.782637596130371
                ],
                [
                    0.0,
                    0.0,
                    0.0,
                    1.0
                ]
            ]
        },
        {
            "file_path": "/data/shapenet_blender/all_50_random/02958343/663bec87ecf2e0adad0e351bfd714e3b/r_34",
            "rotation": 0.12566370614359174,
            "transform_matrix": [
                [
                    -0.982035756111145,
                    -0.16045154631137848,
                    -0.09930384159088135,
                    -0.4003065824508667
                ],
                [
                    -0.18869544565677643,
                    0.8350448608398438,
                    0.5168112516403198,
                    2.0833327770233154
                ],
                [
                    -7.450581485102248e-09,
                    0.5262652039527893,
                    -0.8503205180168152,
                    -3.4277515411376953
                ],
                [
                    0.0,
                    0.0,
                    0.0,
                    1.0
                ]
            ]
        },
        {
            "file_path": "/data/shapenet_blender/all_50_random/02958343/663bec87ecf2e0adad0e351bfd714e3b/r_35",
            "rotation": 0.12566370614359174,
            "transform_matrix": [
                [
                    0.9999068975448608,
                    0.012800860218703747,
                    0.004747577011585236,
                    0.019138097763061523
                ],
                [
                    0.013652895577251911,
                    -0.9375057816505432,
                    -0.3477017283439636,
                    -1.4016306400299072
                ],
                [
                    0.0,
                    0.3477341830730438,
                    -0.9375931024551392,
                    -3.7795588970184326
                ],
                [
                    0.0,
                    0.0,
                    0.0,
                    1.0
                ]
            ]
        },
        {
            "file_path": "/data/shapenet_blender/all_50_random/02958343/663bec87ecf2e0adad0e351bfd714e3b/r_36",
            "rotation": 0.12566370614359174,
            "transform_matrix": [
                [
                    -0.9164105653762817,
                    -0.11332090944051743,
                    -0.3838618993759155,
                    -1.5473968982696533
                ],
                [
                    -0.40023937821388245,
                    0.25946590304374695,
                    0.8789116740226746,
                    3.543006420135498
                ],
                [
                    7.450580152834618e-09,
                    0.959080696105957,
                    -0.28313276171684265,
                    -1.1413447856903076
                ],
                [
                    0.0,
                    0.0,
                    0.0,
                    1.0
                ]
            ]
        },
        {
            "file_path": "/data/shapenet_blender/all_50_random/02958343/663bec87ecf2e0adad0e351bfd714e3b/r_37",
            "rotation": 0.12566370614359174,
            "transform_matrix": [
                [
                    0.9732418656349182,
                    -0.007506601978093386,
                    0.2296607345342636,
                    0.9257919192314148
                ],
                [
                    0.22978338599205017,
                    0.03179403021931648,
                    -0.9727224111557007,
                    -3.9211690425872803
                ],
                [
                    -4.656612873077393e-10,
                    0.9994662404060364,
                    0.03266816958785057,
                    0.13168959319591522
                ],
                [
                    0.0,
                    0.0,
                    0.0,
                    1.0
                ]
            ]
        },
        {
            "file_path": "/data/shapenet_blender/all_50_random/02958343/663bec87ecf2e0adad0e351bfd714e3b/r_38",
            "rotation": 0.12566370614359174,
            "transform_matrix": [
                [
                    -0.09765113145112991,
                    -0.7271506190299988,
                    0.6794970035552979,
                    2.739140272140503
                ],
                [
                    0.9952207803726196,
                    -0.07134806364774704,
                    0.06667228788137436,
                    0.2687646150588989
                ],
                [
                    0.0,
                    0.6827601194381714,
                    0.7306424975395203,
                    2.945314407348633
                ],
                [
                    0.0,
                    0.0,
                    0.0,
                    1.0
                ]
            ]
        },
        {
            "file_path": "/data/shapenet_blender/all_50_random/02958343/663bec87ecf2e0adad0e351bfd714e3b/r_39",
            "rotation": 0.12566370614359174,
            "transform_matrix": [
                [
                    0.2998588979244232,
                    -0.15073418617248535,
                    -0.9419999718666077,
                    -3.797322988510132
                ],
                [
                    -0.9539834856987,
                    -0.047379206866025925,
                    -0.2960921823978424,
                    -1.1935856342315674
                ],
                [
                    0.0,
                    0.9874383807182312,
                    -0.1580050140619278,
                    -0.6369385123252869
                ],
                [
                    0.0,
                    0.0,
                    0.0,
                    1.0
                ]
            ]
        },
        {
            "file_path": "/data/shapenet_blender/all_50_random/02958343/663bec87ecf2e0adad0e351bfd714e3b/r_40",
            "rotation": 0.12566370614359174,
            "transform_matrix": [
                [
                    0.9213733077049255,
                    -0.040479451417922974,
                    0.38656505942344666,
                    1.5582935810089111
                ],
                [
                    0.3886786699295044,
                    0.09595763683319092,
                    -0.9163629412651062,
                    -3.693976879119873
                ],
                [
                    0.0,
                    0.9945618510246277,
                    0.10414633899927139,
                    0.41982731223106384
                ],
                [
                    0.0,
                    0.0,
                    0.0,
                    1.0
                ]
            ]
        },
        {
            "file_path": "/data/shapenet_blender/all_50_random/02958343/663bec87ecf2e0adad0e351bfd714e3b/r_41",
            "rotation": 0.12566370614359174,
            "transform_matrix": [
                [
                    -0.833595335483551,
                    -0.4596230983734131,
                    -0.3063744902610779,
                    -1.2350350618362427
                ],
                [
                    -0.5523754954338074,
                    0.6936216354370117,
                    0.4623527526855469,
                    1.863803505897522
                ],
                [
                    -2.9802320611338473e-08,
                    0.5546488761901855,
