{
    "class": "02958343",
    "model": "110ab054cfc351f46a2345809e2bb169",
    "remove_doubles": true,
    "edge_split": true,
    "denoise": true,
    "camera_angle_x": 0.6911112070083618,
    "scale_factor": 2.163202829598428,
    "hdri_file": "/data/IndoorHDRDataset2018/AG8A9226-7e9ad4b6a6.exr",
    "center_offset": [
        0.0,
        0.0,
        -4.656612873077393e-10
    ],
    "lights": [],
    "frames": [
        {
            "file_path": "/data/shapenet_blender/all_50_random/02958343/110ab054cfc351f46a2345809e2bb169/r_0",
            "rotation": 0.12566370614359174,
            "transform_matrix": [
                [
                    -0.6073532700538635,
                    0.05849001929163933,
                    0.7922757863998413,
                    3.193765878677368
                ],
                [
                    0.7944319844245911,
                    0.044716354459524155,
                    0.6057048439979553,
                    2.44167423248291
                ],
                [
                    3.725290742551124e-09,
                    0.9972859621047974,
                    -0.07362496107816696,
                    -0.2967917025089264
                ],
                [
                    0.0,
                    0.0,
                    0.0,
                    1.0
                ]
            ]
        },
        {
            "file_path": "/data/shapenet_blender/all_50_random/02958343/110ab054cfc351f46a2345809e2bb169/r_1",
            "rotation": 0.12566370614359174,
            "transform_matrix": [
                [
                    -0.04318806529045105,
                    0.13083945214748383,
                    -0.9904624223709106,
                    -3.9926817417144775
                ],
                [
                    -0.999066948890686,
                    -0.0056559802033007145,
                    0.042816102504730225,
                    0.1725972294807434
                ],
                [
                    -4.656612873077393e-10,
                    0.9913874268531799,
                    0.13096164166927338,
                    0.5279232859611511
                ],
                [
                    0.0,
                    0.0,
                    0.0,
                    1.0
                ]
            ]
        },
        {
            "file_path": "/data/shapenet_blender/all_50_random/02958343/110ab054cfc351f46a2345809e2bb169/r_2",
            "rotation": 0.12566370614359174,
            "transform_matrix": [
                [
                    -0.7421516180038452,
                    -0.06892237812280655,
                    -0.6666789650917053,
                    -2.6874685287475586
                ],
                [
                    -0.6702321171760559,
                    0.07631811499595642,
                    0.7382171750068665,
                    2.9758481979370117
                ],
                [
                    0.0,
                    0.9946985840797424,
                    -0.10283359885215759,
                    -0.41453543305397034
                ],
                [
                    0.0,
                    0.0,
                    0.0,
                    1.0
                ]
            ]
        },
        {
            "file_path": "/data/shapenet_blender/all_50_random/02958343/110ab054cfc351f46a2345809e2bb169/r_3",
            "rotation": 0.12566370614359174,
            "transform_matrix": [
                [
                    -0.9101523160934448,
                    0.18253996968269348,
                    -0.37188953161239624,
                    -1.4991347789764404
                ],
                [
                    -0.4142736792564392,
                    -0.4010372459888458,
                    0.8170350790023804,
                    3.293574094772339
                ],
                [
                    0.0,
                    0.8976905345916748,
                    0.4406264126300812,
                    1.7762219905853271
                ],
                [
                    0.0,
                    0.0,
                    0.0,
                    1.0
                ]
            ]
        },
        {
            "file_path": "/data/shapenet_blender/all_50_random/02958343/110ab054cfc351f46a2345809e2bb169/r_4",
            "rotation": 0.12566370614359174,
            "transform_matrix": [
                [
                    -0.5613964200019836,
                    0.5900571942329407,
                    0.5802296996116638,
                    2.3389806747436523
                ],
                [
                    0.8275470733642578,
                    0.40028658509254456,
                    0.39361974596977234,
                    1.5867319107055664
                ],
                [
                    0.0,
                    0.7011439800262451,
                    -0.713019609451294,
                    -2.8742740154266357
                ],
                [
                    0.0,
                    0.0,
                    0.0,
                    1.0
                ]
            ]
        },
        {
            "file_path": "/data/shapenet_blender/all_50_random/02958343/110ab054cfc351f46a2345809e2bb169/r_5",
            "rotation": 0.12566370614359174,
            "transform_matrix": [
                [
                    0.9435479640960693,
                    -0.11337766796350479,
                    0.3112277090549469,
                    1.2545990943908691
                ],
                [
                    0.3312358558177948,
                    0.32296401262283325,
                    -0.8865534067153931,
                    -3.5738112926483154
                ],
                [
                    7.450580152834618e-09,
                    0.9395955204963684,
                    0.3422867953777313,
                    1.3798023462295532
                ],
                [
                    0.0,
                    0.0,
                    0.0,
                    1.0
                ]
            ]
        },
        {
            "file_path": "/data/shapenet_blender/all_50_random/02958343/110ab054cfc351f46a2345809e2bb169/r_6",
            "rotation": 0.12566370614359174,
            "transform_matrix": [
                [
                    -0.9999257326126099,
                    0.002676995936781168,
                    0.01189307402819395,
                    0.047942519187927246
                ],
                [
                    0.01219063438475132,
                    0.21957817673683167,
                    0.9755186438560486,
                    3.9324417114257812
                ],
                [
                    0.0,
                    0.9755911231040955,
                    -0.21959449350833893,
                    -0.8852137923240662
                ],
                [
                    0.0,
                    0.0,
                    0.0,
                    1.0
                ]
            ]
        },
        {
            "file_path": "/data/shapenet_blender/all_50_random/02958343/110ab054cfc351f46a2345809e2bb169/r_7",
            "rotation": 0.12566370614359174,
            "transform_matrix": [
                [
                    -0.8347678184509277,
                    -0.052030544728040695,
                    -0.5481381416320801,
                    -2.209615707397461
                ],
                [
                    -0.55060213804245,
                    0.07888351380825043,
                    0.8310322761535645,
                    3.3499984741210938
                ],
                [
                    3.725290298461914e-09,
                    0.9955251216888428,
                    -0.09449753910303116,
                    -0.3809317946434021
                ],
                [
                    0.0,
                    0.0,
                    0.0,
                    1.0
                ]
            ]
        },
        {
            "file_path": "/data/shapenet_blender/all_50_random/02958343/110ab054cfc351f46a2345809e2bb169/r_8",
            "rotation": 0.12566370614359174,
            "transform_matrix": [
                [
                    -0.9998013973236084,
                    -0.000561348395422101,
                    0.019919846206903458,
                    0.08029946684837341
                ],
                [
                    0.019927753135561943,
                    -0.028163578361272812,
                    0.9994046092033386,
                    4.02872896194458
                ],
                [
                    0.0,
                    0.9996031522750854,
                    0.028169170022010803,
                    0.11355355381965637
                ],
                [
                    0.0,
                    0.0,
                    0.0,
                    1.0
                ]
            ]
        },
        {
            "file_path": "/data/shapenet_blender/all_50_random/02958343/110ab054cfc351f46a2345809e2bb169/r_9",
            "rotation": 0.12566370614359174,
            "transform_matrix": [
                [
                    -0.7158281803131104,
                    0.14220522344112396,
                    -0.6836429834365845,
                    -2.7558529376983643
                ],
                [
                    -0.6982765197753906,
                    -0.14577965438365936,
                    0.7008268237113953,
                    2.8251233100891113
                ],
                [
                    0.0,
                    0.9790433645248413,
                    0.20365175604820251,
                    0.8209465146064758
                ],
                [
                    0.0,
                    0.0,
                    0.0,
                    1.0
                ]
            ]
        },
        {
            "file_path": "/data/shapenet_blender/all_50_random/02958343/110ab054cfc351f46a2345809e2bb169/r_10",
            "rotation": 0.12566370614359174,
            "transform_matrix": [
                [
                    -0.9777816534042358,
                    0.035447005182504654,
                    -0.2066076546907425,
                    -0.832862138748169
                ],
                [
                    -0.20962639153003693,
                    -0.16533903777599335,
                    0.9637010097503662,
                    3.884803295135498
                ],
                [
                    3.725290742551124e-09,
                    0.9855995178222656,
                    0.16909608244895935,
                    0.6816481947898865
                ],
                [
                    0.0,
                    0.0,
                    0.0,
                    1.0
                ]
            ]
        },
        {
            "file_path": "/data/shapenet_blender/all_50_random/02958343/110ab054cfc351f46a2345809e2bb169/r_11",
            "rotation": 0.12566370614359174,
            "transform_matrix": [
                [
                    0.6947755813598633,
                    -0.1323823481798172,
                    0.7069382667541504,
                    2.849759340286255
                ],
                [
                    0.7192265391349792,
                    0.12788185477256775,
                    -0.6829050779342651,
                    -2.752878427505493
                ],
                [
                    0.0,
                    0.9829146265983582,
                    0.18406209349632263,
                    0.7419780492782593
                ],
                [
                    0.0,
                    0.0,
                    0.0,
                    1.0
                ]
            ]
        },
        {
            "file_path": "/data/shapenet_blender/all_50_random/02958343/110ab054cfc351f46a2345809e2bb169/r_12",
            "rotation": 0.12566370614359174,
            "transform_matrix": [
                [
                    -0.0024337528739124537,
                    -0.5796719789505005,
                    0.8148462176322937,
                    3.28475022315979
                ],
                [
                    0.999997079372406,
                    -0.0014107826864346862,
                    0.0019831403624266386,
                    0.007994294166564941
                ],
                [
                    0.0,
                    0.8148486614227295,
                    0.579673707485199,
                    2.3367395401000977
                ],
                [
                    0.0,
                    0.0,
                    0.0,
                    1.0
                ]
            ]
        },
        {
            "file_path": "/data/shapenet_blender/all_50_random/02958343/110ab054cfc351f46a2345809e2bb169/r_13",
            "rotation": 0.12566370614359174,
            "transform_matrix": [
                [
                    0.9982725977897644,
                    0.00565234012901783,
                    -0.058480918407440186,
                    -0.23574408888816833
                ],
                [
                    -0.05875343829393387,
                    0.09603822976350784,
                    -0.9936422109603882,
                    -4.005499362945557
                ],
                [
                    0.0,
                    0.9953615069389343,
                    0.09620443731546402,
                    0.38781243562698364
                ],
                [
                    0.0,
                    0.0,
                    0.0,
                    1.0
                ]
            ]
        },
        {
            "file_path": "/data/shapenet_blender/all_50_random/02958343/110ab054cfc351f46a2345809e2bb169/r_14",
            "rotation": 0.12566370614359174,
            "transform_matrix": [
                [
                    0.6268771886825562,
                    0.4014640152454376,
                    0.6677212119102478,
                    2.6916704177856445
                ],
                [
                    0.7791180610656738,
                    -0.32301729917526245,
                    -0.5372474193572998,
                    -2.1657135486602783
                ],
                [
                    0.0,
                    0.8570218086242676,
                    -0.5152800679206848,
                    -2.077160358428955
                ],
                [
                    0.0,
                    0.0,
                    0.0,
                    1.0
                ]
            ]
        },
        {
            "file_path": "/data/shapenet_blender/all_50_random/02958343/110ab054cfc351f46a2345809e2bb169/r_15",
            "rotation": 0.12566370614359174,
            "transform_matrix": [
                [
                    0.8980972766876221,
                    0.08582207560539246,
                    0.43134209513664246,
                    1.7387956380844116
                ],
                [
                    0.4397970736026764,
                    -0.17525485157966614,
                    -0.8808315992355347,
                    -3.550745725631714
                ],
                [
                    -7.450581485102248e-09,
                    0.9807752966880798,
                    -0.19514019787311554,
                    -0.7866352796554565
                ],
                [
                    0.0,
                    0.0,
                    0.0,
                    1.0
                ]
            ]
        },
        {
            "file_path": "/data/shapenet_blender/all_50_random/02958343/110ab054cfc351f46a2345809e2bb169/r_16",
            "rotation": 0.12566370614359174,
            "transform_matrix": [
                [
                    -0.14671285450458527,
                    -0.2456902265548706,
                    0.9581814408302307,
                    3.8625528812408447
                ],
                [
                    0.9891791343688965,
                    -0.036440227180719376,
                    0.14211533963680267,
                    0.572885274887085
                ],
                [
                    0.0,
                    0.9686631560325623,
                    0.24837790429592133,
                    1.0012433528900146
                ],
                [
                    0.0,
                    0.0,
                    0.0,
                    1.0
                ]
            ]
        },
        {
            "file_path": "/data/shapenet_blender/all_50_random/02958343/110ab054cfc351f46a2345809e2bb169/r_17",
            "rotation": 0.12566370614359174,
            "transform_matrix": [
                [
                    -0.28826844692230225,
                    0.04095007851719856,
                    0.9566736221313477,
                    3.8564746379852295
                ],
                [
                    0.9575496912002563,
                    0.012327942065894604,
                    0.28800472617149353,
                    1.1609841585159302
                ],
                [
                    -9.313225746154785e-10,
                    0.9990851283073425,
                    -0.04276549071073532,
                    -0.17239320278167725
                ],
                [
                    0.0,
                    0.0,
                    0.0,
                    1.0
                ]
            ]
        },
        {
            "file_path": "/data/shapenet_blender/all_50_random/02958343/110ab054cfc351f46a2345809e2bb169/r_18",
            "rotation": 0.12566370614359174,
            "transform_matrix": [
                [
                    -0.6377252340316772,
                    -0.5012487173080444,
                    0.5848556756973267,
                    2.357628583908081
                ],
                [
                    0.7702639698982239,
                    -0.4149992763996124,
                    0.484220027923584,
                    1.951953411102295
                ],
                [
                    1.4901162970204496e-08,
                    0.7592925429344177,
                    0.6507493853569031,
                    2.6232547760009766
                ],
                [
                    0.0,
                    0.0,
                    0.0,
                    1.0
                ]
            ]
        },
        {
            "file_path": "/data/shapenet_blender/all_50_random/02958343/110ab054cfc351f46a2345809e2bb169/r_19",
            "rotation": 0.12566370614359174,
            "transform_matrix": [
                [
                    0.8946264982223511,
                    0.1111200824379921,
                    -0.4327769875526428,
                    -1.744579792022705
                ],
                [
                    -0.44681495428085327,
                    0.22248800098896027,
                    -0.8665192127227783,
                    -3.4930505752563477
                ],
                [
                    7.450580596923828e-09,
                    0.9685822129249573,
                    0.24869376420974731,
                    1.0025166273117065
                ],
                [
                    0.0,
                    0.0,
                    0.0,
                    1.0
                ]
            ]
        },
        {
            "file_path": "/data/shapenet_blender/all_50_random/02958343/110ab054cfc351f46a2345809e2bb169/r_20",
            "rotation": 0.12566370614359174,
            "transform_matrix": [
                [
                    0.5513049364089966,
                    -0.014685058034956455,
                    -0.8341745734214783,
                    -3.3626651763916016
                ],
                [
                    -0.8343038558959961,
                    -0.009703832678496838,
                    -0.5512195229530334,
                    -2.2220370769500732
                ],
                [
                    -9.313225746154785e-10,
                    0.999845027923584,
                    -0.01760157197713852,
                    -0.07095420360565186
                ],
                [
                    0.0,
                    0.0,
                    0.0,
                    1.0
                ]
            ]
        },
        {
            "file_path": "/data/shapenet_blender/all_50_random/02958343/110ab054cfc351f46a2345809e2bb169/r_21",
            "rotation": 0.12566370614359174,
            "transform_matrix": [
                [
                    -0.18536248803138733,
                    -0.019898703321814537,
                    0.9824686646461487,
                    3.9604580402374268
                ],
                [
                    0.9826701879501343,
                    -0.003753520781174302,
                    0.18532446026802063,
                    0.747066855430603
                ],
                [
                    0.0,
                    0.9997949004173279,
                    0.0202496238052845,
                    0.08162885159254074
                ],
                [
                    0.0,
                    0.0,
                    0.0,
                    1.0
                ]
            ]
        },
        {
            "file_path": "/data/shapenet_blender/all_50_random/02958343/110ab054cfc351f46a2345809e2bb169/r_22",
            "rotation": 0.12566370614359174,
            "transform_matrix": [
                [
                    -0.9869967699050903,
                    0.006347139831632376,
                    0.16061519086360931,
                    0.6474605798721313
                ],
                [
                    0.16074058413505554,
                    0.03897339850664139,
                    0.9862268567085266,
                    3.9756078720092773
                ],
                [
                    0.0,
                    0.9992201924324036,
                    -0.039486851543188095,
                    -0.15917660295963287
                ],
                [
                    0.0,
                    0.0,
                    0.0,
                    1.0
                ]
            ]
        },
        {
            "file_path": "/data/shapenet_blender/all_50_random/02958343/110ab054cfc351f46a2345809e2bb169/r_23",
            "rotation": 0.12566370614359174,
            "transform_matrix": [
                [
                    0.9188942909240723,
                    0.17712901532649994,
                    -0.35250338912010193,
                    -1.420986533164978
                ],
                [
                    -0.3945038914680481,
                    0.41257601976394653,
                    -0.8210650086402893,
                    -3.309818744659424
                ],
                [
                    0.0,
                    0.8935359716415405,
                    0.4489917755126953,
                    1.809943675994873
                ],
                [
                    0.0,
                    0.0,
                    0.0,
                    1.0
                ]
            ]
        },
        {
            "file_path": "/data/shapenet_blender/all_50_random/02958343/110ab054cfc351f46a2345809e2bb169/r_24",
            "rotation": 0.12566370614359174,
            "transform_matrix": [
                [
                    0.9392568469047546,
                    -0.13871516287326813,
                    -0.31393420696258545,
                    -1.2655091285705566
                ],
                [
                    -0.3432150185108185,
                    -0.37961381673812866,
                    -0.8591256737709045,
                    -3.4632458686828613
                ],
                [
                    -7.4505792646561986e-09,
                    0.9146865606307983,
                    -0.40416404604911804,
                    -1.629237174987793
                ],
                [
                    0.0,
                    0.0,
                    0.0,
                    1.0
                ]
            ]
        },
        {
            "file_path": "/data/shapenet_blender/all_50_random/02958343/110ab054cfc351f46a2345809e2bb169/r_25",
            "rotation": 0.12566370614359174,
            "transform_matrix": [
                [
                    -0.9999901056289673,
                    -0.000748663442209363,
                    -0.004402092657983303,
                    -0.017745405435562134
                ],
                [
                    -0.004465301986783743,
                    0.16766077280044556,
                    0.985834538936615,
                    3.9740264415740967
                ],
                [
                    5.820766785236131e-11,
                    0.9858444333076477,
                    -0.16766242682933807,
                    -0.6758689284324646
                ],
                [
                    0.0,
                    0.0,
                    0.0,
                    1.0
                ]
            ]
        },
        {
            "file_path": "/data/shapenet_blender/all_50_random/02958343/110ab054cfc351f46a2345809e2bb169/r_26",
            "rotation": 0.12566370614359174,
            "transform_matrix": [
                [
                    0.4399401545524597,
                    0.8964476585388184,
                    -0.053237758576869965,
                    -0.21460825204849243
                ],
                [
                    -0.8980270624160767,
                    0.43916642665863037,
                    -0.026080982759594917,
                    -0.10513579845428467
                ],
                [
                    1.8626449271863521e-09,
                    0.059283893555402756,
                    0.9982411861419678,
                    4.024038791656494
                ],
                [
                    0.0,
                    0.0,
                    0.0,
                    1.0
                ]
            ]
        },
        {
            "file_path": "/data/shapenet_blender/all_50_random/02958343/110ab054cfc351f46a2345809e2bb169/r_27",
            "rotation": 0.12566370614359174,
            "transform_matrix": [
                [
                    0.9541164040565491,
                    0.10514470934867859,
                    -0.2803686261177063,
                    -1.1302021741867065
                ],
                [
                    -0.29943615198135376,
                    0.3350306749343872,
                    -0.8933601379394531,
                    -3.601250171661377
                ],
                [
                    0.0,
                    0.9363221526145935,
                    0.3511423170566559,
                    1.4155000448226929
                ],
                [
                    0.0,
                    0.0,
                    0.0,
                    1.0
                ]
            ]
        },
        {
            "file_path": "/data/shapenet_blender/all_50_random/02958343/110ab054cfc351f46a2345809e2bb169/r_28",
            "rotation": 0.12566370614359174,
            "transform_matrix": [
                [
                    0.1897042691707611,
                    0.39034345746040344,
                    -0.9009130001068115,
                    -3.6316964626312256
                ],
                [
                    -0.9818412065505981,
                    0.0754193514585495,
                    -0.1740679144859314,
                    -0.7016901969909668
                ],
                [
                    0.0,
                    0.917574942111969,
                    0.397562712430954,
                    1.6026265621185303
                ],
                [
                    0.0,
                    0.0,
                    0.0,
                    1.0
                ]
            ]
        },
        {
            "file_path": "/data/shapenet_blender/all_50_random/02958343/110ab054cfc351f46a2345809e2bb169/r_29",
            "rotation": 0.12566370614359174,
            "transform_matrix": [
                [
                    0.9379485249519348,
                    0.06478983908891678,
                    -0.34066838026046753,
                    -1.3732781410217285
                ],
                [
                    -0.3467746675014496,
                    0.17524214088916779,
                    -0.9214323163032532,
                    -3.7144124507904053
                ],
                [
                    7.450580596923828e-09,
                    0.9823912382125854,
                    0.18683557212352753,
                    0.7531582713127136
                ],
                [
                    0.0,
                    0.0,
                    0.0,
                    1.0
                ]
            ]
        },
        {
            "file_path": "/data/shapenet_blender/all_50_random/02958343/110ab054cfc351f46a2345809e2bb169/r_30",
            "rotation": 0.12566370614359174,
            "transform_matrix": [
                [
                    -0.999843418598175,
                    0.00015150428225751966,
                    0.017695343121886253,
                    0.07133221626281738
                ],
                [
                    0.017695991322398186,
                    0.008560161106288433,
                    0.9998067617416382,
                    4.030350208282471
                ],
                [
                    1.4551913493643376e-11,
                    0.9999634027481079,
                    -0.008561501279473305,
                    -0.03451251983642578
                ],
                [
                    0.0,
                    0.0,
                    0.0,
                    1.0
                ]
            ]
        },
        {
            "file_path": "/data/shapenet_blender/all_50_random/02958343/110ab054cfc351f46a2345809e2bb169/r_31",
            "rotation": 0.12566370614359174,
            "transform_matrix": [
                [
                    0.4432823359966278,
                    -0.251437246799469,
                    -0.8603953719139099,
                    -3.4683642387390137
                ],
                [
                    -0.8963820934295654,
                    -0.12434171885251999,
                    -0.4254860281944275,
                    -1.7151888608932495
                ],
                [
                    7.450580596923828e-09,
                    0.9598532319068909,
                    -0.28050240874290466,
                    -1.1307412385940552
                ],
                [
                    0.0,
                    0.0,
                    0.0,
                    1.0
                ]
            ]
        },
        {
            "file_path": "/data/shapenet_blender/all_50_random/02958343/110ab054cfc351f46a2345809e2bb169/r_32",
            "rotation": 0.12566370614359174,
            "transform_matrix": [
                [
                    0.36603373289108276,
                    -0.30763542652130127,
                    -0.8782822489738464,
                    -3.54046893119812
                ],
                [
                    -0.9306015968322754,
                    -0.12100231647491455,
                    -0.34545496106147766,
                    -1.3925734758377075
                ],
                [
                    0.0,
                    0.9437789916992188,
                    -0.33057692646980286,
                    -1.3325982093811035
                ],
                [
                    0.0,
                    0.0,
                    0.0,
                    1.0
                ]
            ]
        },
        {
            "file_path": "/data/shapenet_blender/all_50_random/02958343/110ab054cfc351f46a2345809e2bb169/r_33",
            "rotation": 0.12566370614359174,
            "transform_matrix": [
                [
                    0.6775828003883362,
                    0.28374579548835754,
                    0.678505539894104,
                    2.7351434230804443
                ],
                [
                    0.7354464530944824,
                    -0.26142117381095886,
                    -0.6251219511032104,
                    -2.5199472904205322
                ],
                [
                    0.0,
                    0.9225764870643616,
                    -0.38581427931785583,
                    -1.555267095565796
                ],
                [
                    0.0,
                    0.0,
                    0.0,
                    1.0
                ]
            ]
        },
        {
            "file_path": "/data/shapenet_blender/all_50_random/02958343/110ab054cfc351f46a2345809e2bb169/r_34",
            "rotation": 0.12566370614359174,
            "transform_matrix": [
                [
                    0.07498615235090256,
                    -0.9408616423606873,
                    0.33038806915283203,
                    1.3318369388580322
                ],
                [
                    0.9971845746040344,
                    0.07075079530477524,
                    -0.02484447881579399,
                    -0.10015130043029785
                ],
                [
                    -1.862645149230957e-09,
                    0.3313208222389221,
                    0.9435181021690369,
                    3.803443193435669
                ],
                [
                    0.0,
                    0.0,
                    0.0,
                    1.0
                ]
            ]
        },
        {
            "file_path": "/data/shapenet_blender/all_50_random/02958343/110ab054cfc351f46a2345809e2bb169/r_35",
            "rotation": 0.12566370614359174,
            "transform_matrix": [
                [
                    -0.9191817045211792,
                    0.376838743686676,
                    0.11444497108459473,
                    0.46134239435195923
                ],
                [
                    0.3938339352607727,
                    0.8795161247253418,
                    0.267106831073761,
                    1.0767419338226318
                ],
                [
                    7.450581485102248e-09,
                    0.29059189558029175,
                    -0.9568471312522888,
                    -3.8571736812591553
                ],
                [
                    0.0,
                    0.0,
                    0.0,
                    1.0
                ]
            ]
        },
        {
            "file_path": "/data/shapenet_blender/all_50_random/02958343/110ab054cfc351f46a2345809e2bb169/r_36",
            "rotation": 0.12566370614359174,
            "transform_matrix": [
                [
                    -0.44951385259628296,
                    -0.6546443104743958,
                    0.6077648401260376,
                    2.4499783515930176
                ],
                [
                    0.8932733535766602,
                    -0.3294307291507721,
                    0.30583998560905457,
                    1.2328804731369019
                ],
                [
                    0.0,
                    0.6803794503211975,
                    0.7328600287437439,
                    2.9542531967163086
                ],
                [
                    0.0,
                    0.0,
                    0.0,
                    1.0
                ]
            ]
        },
        {
            "file_path": "/data/shapenet_blender/all_50_random/02958343/110ab054cfc351f46a2345809e2bb169/r_37",
            "rotation": 0.12566370614359174,
            "transform_matrix": [
                [
                    0.6056492328643799,
                    -0.32509127259254456,
                    -0.7262951135635376,
                    -2.9277894496917725
                ],
                [
                    -0.795731782913208,
                    -0.24743424355983734,
                    -0.55279940366745,
                    -2.2284059524536133
                ],
                [
                    -1.4901161193847656e-08,
                    0.9127387404441833,
                    -0.40854376554489136,
                    -1.6468926668167114
                ],
                [
                    0.0,
                    0.0,
                    0.0,
                    1.0
                ]
            ]
        },
        {
            "file_path": "/data/shapenet_blender/all_50_random/02958343/110ab054cfc351f46a2345809e2bb169/r_38",
            "rotation": 0.12566370614359174,
            "transform_matrix": [
                [
                    -0.12512925267219543,
                    -0.5110353231430054,
                    0.8504030704498291,
                    3.4280846118927
                ],
                [
                    0.9921404123306274,
                    -0.06445203721523285,
                    0.10725327581167221,
                    0.43235182762145996
                ],
                [
                    0.0,
                    0.8571397662162781,
                    0.5150836110115051,
                    2.076368808746338
                ],
                [
                    0.0,
                    0.0,
                    0.0,
                    1.0
                ]
            ]
        },
        {
            "file_path": "/data/shapenet_blender/all_50_random/02958343/110ab054cfc351f46a2345809e2bb169/r_39",
            "rotation": 0.12566370614359174,
            "transform_matrix": [
                [
                    0.17767803370952606,
                    0.21473312377929688,
                    0.9603750109672546,
                    3.8713955879211426
                ],
                [
                    0.984088659286499,
                    -0.038770243525505066,
                    -0.1733965128660202,
                    -0.6989837288856506
                ],
                [
                    0.0,
                    0.9759029150009155,
                    -0.218205064535141,
                    -0.8796127438545227
                ],
                [
                    0.0,
                    0.0,
                    0.0,
                    1.0
                ]
            ]
        },
        {
            "file_path": "/data/shapenet_blender/all_50_random/02958343/110ab054cfc351f46a2345809e2bb169/r_40",
            "rotation": 0.12566370614359174,
            "transform_matrix": [
                [
                    0.029406581073999405,
                    -0.07981570065021515,
                    -0.9963757991790771,
                    -4.016519069671631
                ],
                [
                    -0.9995675086975098,
                    -0.0023481224197894335,
                    -0.029312683269381523,
                    -0.11816319823265076
                ],
                [
                    0.0,
                    0.996806800365448,
                    -0.07985023409128189,
                    -0.3218865692615509
                ],
                [
                    0.0,
                    0.0,
                    0.0,
                    1.0
                ]
            ]
        },
        {
            "file_path": "/data/shapenet_blender/all_50_random/02958343/110ab054cfc351f46a2345809e2bb169/r_41",
            "rotation": 0.12566370614359174,
            "transform_matrix": [
                [
                    -0.38475751876831055,
                    0.9147849082946777,
                    -0.12300530076026917,
                    -0.49585023522377014
                ],
                [
                    -0.9230177402496338,
                    -0.38132569193840027,
                    0.05127444118261337,
                    0.2066938877105713
