{
    "class": "02958343",
    "model": "8109ca22dd6b5772bb54d0b0194b4764",
    "remove_doubles": true,
    "edge_split": true,
    "denoise": true,
    "camera_angle_x": 0.6911112070083618,
    "scale_factor": 2.2499566831583584,
    "hdri_file": "/data/IndoorHDRDataset2018/9C4A9895-0d06e1e983.exr",
    "center_offset": [
        0.0,
        -2.7939677238464355e-09,
        -3.725290298461914e-09
    ],
    "lights": [],
    "frames": [
        {
            "file_path": "/data/shapenet_blender/all_50_random/02958343/8109ca22dd6b5772bb54d0b0194b4764/r_0",
            "rotation": 0.12566370614359174,
            "transform_matrix": [
                [
                    0.05433591455221176,
                    0.12270696461200714,
                    -0.9909543395042419,
                    -3.9946646690368652
                ],
                [
                    -0.9985226392745972,
                    0.006677259225398302,
                    -0.0539240725338459,
                    -0.21737489104270935
                ],
                [
                    0.0,
                    0.992420494556427,
                    0.12288849800825119,
                    0.49537938833236694
                ],
                [
                    0.0,
                    0.0,
                    0.0,
                    1.0
                ]
            ]
        },
        {
            "file_path": "/data/shapenet_blender/all_50_random/02958343/8109ca22dd6b5772bb54d0b0194b4764/r_1",
            "rotation": 0.12566370614359174,
            "transform_matrix": [
                [
                    0.1014988124370575,
                    -0.00979167502373457,
                    -0.9947873950004578,
                    -4.0101165771484375
                ],
                [
                    -0.9948357343673706,
                    -0.0009990023681893945,
                    -0.10149387270212173,
                    -0.4091349244117737
                ],
                [
                    1.1641532182693481e-10,
                    0.9999516010284424,
                    -0.009842503815889359,
                    -0.03967640548944473
                ],
                [
                    0.0,
                    0.0,
                    0.0,
                    1.0
                ]
            ]
        },
        {
            "file_path": "/data/shapenet_blender/all_50_random/02958343/8109ca22dd6b5772bb54d0b0194b4764/r_2",
            "rotation": 0.12566370614359174,
            "transform_matrix": [
                [
                    -0.9994975924491882,
                    -0.005435028579086065,
                    -0.031223440542817116,
                    -0.12586571276187897
                ],
                [
                    -0.03169294074177742,
                    0.17140401899814606,
                    0.9846909046173096,
                    3.9694159030914307
                ],
                [
                    0.0,
                    0.9851858019828796,
                    -0.1714901626110077,
                    -0.6912989616394043
                ],
                [
                    0.0,
                    0.0,
                    0.0,
                    1.0
                ]
            ]
        },
        {
            "file_path": "/data/shapenet_blender/all_50_random/02958343/8109ca22dd6b5772bb54d0b0194b4764/r_3",
            "rotation": 0.12566370614359174,
            "transform_matrix": [
                [
                    0.24433080852031708,
                    0.3815620243549347,
                    -0.8914667367935181,
                    -3.5936169624328613
                ],
                [
                    -0.9696918725967407,
                    0.09614121168851852,
                    -0.22462061047554016,
                    -0.9054745435714722
                ],
                [
                    0.0,
                    0.9193297624588013,
                    0.39348796010017395,
                    1.586200475692749
                ],
                [
                    0.0,
                    0.0,
                    0.0,
                    1.0
                ]
            ]
        },
        {
            "file_path": "/data/shapenet_blender/all_50_random/02958343/8109ca22dd6b5772bb54d0b0194b4764/r_4",
            "rotation": 0.12566370614359174,
            "transform_matrix": [
                [
                    -0.739608108997345,
                    0.2261224240064621,
                    0.6339151263237,
                    2.555393695831299
                ],
                [
                    0.6730376482009888,
                    0.24848830699920654,
                    0.696615993976593,
                    2.8081488609313965
                ],
                [
                    0.0,
                    0.941871702671051,
                    -0.3359728753566742,
                    -1.354349970817566
                ],
                [
                    0.0,
                    0.0,
                    0.0,
                    1.0
                ]
            ]
        },
        {
            "file_path": "/data/shapenet_blender/all_50_random/02958343/8109ca22dd6b5772bb54d0b0194b4764/r_5",
            "rotation": 0.12566370614359174,
            "transform_matrix": [
                [
                    -0.2865004539489746,
                    -0.12935319542884827,
                    -0.9493077397346497,
                    -3.826781988143921
                ],
                [
                    -0.9580801725387573,
                    0.038681261241436005,
                    0.2838771939277649,
                    1.1443455219268799
                ],
                [
                    0.0,
                    0.9908438324928284,
                    -0.1350129097700119,
                    -0.5442544221878052
                ],
                [
                    0.0,
                    0.0,
                    0.0,
                    1.0
                ]
            ]
        },
        {
            "file_path": "/data/shapenet_blender/all_50_random/02958343/8109ca22dd6b5772bb54d0b0194b4764/r_6",
            "rotation": 0.12566370614359174,
            "transform_matrix": [
                [
                    -0.9809801578521729,
                    0.033780645579099655,
                    0.19114603102207184,
                    0.7705342769622803
                ],
                [
                    0.1941080540418625,
                    0.17072008550167084,
                    0.9660107493400574,
                    3.894113779067993
                ],
                [
                    0.0,
                    0.9847402572631836,
                    -0.1740301251411438,
                    -0.7015378475189209
                ],
                [
                    0.0,
                    0.0,
                    0.0,
                    1.0
                ]
            ]
        },
        {
            "file_path": "/data/shapenet_blender/all_50_random/02958343/8109ca22dd6b5772bb54d0b0194b4764/r_7",
            "rotation": 0.12566370614359174,
            "transform_matrix": [
                [
                    -0.4007483422756195,
                    -0.0019227832090109587,
                    -0.9161860942840576,
                    -3.6932642459869385
                ],
                [
                    -0.9161881804466248,
                    0.0008410414448007941,
                    0.4007474482059479,
                    1.615464687347412
                ],
                [
                    0.0,
                    0.9999978542327881,
                    -0.0020986769814044237,
                    -0.008460037410259247
                ],
                [
                    0.0,
                    0.0,
                    0.0,
                    1.0
                ]
            ]
        },
        {
            "file_path": "/data/shapenet_blender/all_50_random/02958343/8109ca22dd6b5772bb54d0b0194b4764/r_8",
            "rotation": 0.12566370614359174,
            "transform_matrix": [
                [
                    0.7446461319923401,
                    0.38855916261672974,
                    0.5427007079124451,
                    2.1876964569091797
                ],
                [
                    0.6674595475196838,
                    -0.433493047952652,
                    -0.6054598689079285,
                    -2.4406867027282715
                ],
                [
                    0.0,
                    0.813084065914154,
                    -0.582146406173706,
                    -2.3467071056365967
                ],
                [
                    0.0,
                    0.0,
                    0.0,
                    1.0
                ]
            ]
        },
        {
            "file_path": "/data/shapenet_blender/all_50_random/02958343/8109ca22dd6b5772bb54d0b0194b4764/r_9",
            "rotation": 0.12566370614359174,
            "transform_matrix": [
                [
                    0.6295108199119568,
                    0.4310151934623718,
                    0.646484375,
                    2.6060619354248047
                ],
                [
                    0.7769917249679565,
                    -0.3492041528224945,
                    -0.5237751007080078,
                    -2.1114048957824707
                ],
                [
                    1.4901161193847656e-08,
                    0.8320350646972656,
                    -0.5547230243682861,
                    -2.2361600399017334
                ],
                [
                    0.0,
                    0.0,
                    0.0,
                    1.0
                ]
            ]
        },
        {
            "file_path": "/data/shapenet_blender/all_50_random/02958343/8109ca22dd6b5772bb54d0b0194b4764/r_10",
            "rotation": 0.12566370614359174,
            "transform_matrix": [
                [
                    0.04133513942360878,
                    0.8160403370857239,
                    -0.5765151381492615,
                    -2.3240067958831787
                ],
                [
                    -0.9991453886032104,
                    0.03375999256968498,
                    -0.023850716650485992,
                    -0.09614531695842743
                ],
                [
                    0.0,
                    0.5770083069801331,
                    0.8167383074760437,
                    3.292377471923828
                ],
                [
                    0.0,
                    0.0,
                    0.0,
                    1.0
                ]
            ]
        },
        {
            "file_path": "/data/shapenet_blender/all_50_random/02958343/8109ca22dd6b5772bb54d0b0194b4764/r_11",
            "rotation": 0.12566370614359174,
            "transform_matrix": [
                [
                    -0.6653013229370117,
                    0.13746294379234314,
                    0.7338106632232666,
                    2.958085298538208
                ],
                [
                    0.7465749382972717,
                    0.12249846756458282,
                    0.6539266109466553,
                    2.6360623836517334
                ],
                [
                    0.0,
                    0.9829028248786926,
                    -0.18412479758262634,
                    -0.7422307729721069
                ],
                [
                    0.0,
                    0.0,
                    0.0,
                    1.0
                ]
            ]
        },
        {
            "file_path": "/data/shapenet_blender/all_50_random/02958343/8109ca22dd6b5772bb54d0b0194b4764/r_12",
            "rotation": 0.12566370614359174,
            "transform_matrix": [
                [
                    -0.9082122445106506,
                    -0.3312748670578003,
                    0.255748987197876,
                    1.0309571027755737
                ],
                [
                    0.41850998997688293,
                    -0.7189025282859802,
                    0.5550031661987305,
                    2.2372894287109375
                ],
                [
                    -1.4901162970204496e-08,
                    0.6110941767692566,
                    0.7915578484535217,
                    3.1908717155456543
                ],
                [
                    0.0,
                    0.0,
                    0.0,
                    1.0
                ]
            ]
        },
        {
            "file_path": "/data/shapenet_blender/all_50_random/02958343/8109ca22dd6b5772bb54d0b0194b4764/r_13",
            "rotation": 0.12566370614359174,
            "transform_matrix": [
                [
                    -0.4066793620586395,
                    -0.6382156610488892,
                    -0.6536762714385986,
                    -2.6350531578063965
                ],
                [
                    -0.9135710000991821,
                    0.28410395979881287,
                    0.2909862995147705,
                    1.1730033159255981
                ],
                [
                    0.0,
                    0.7155176401138306,
                    -0.6985945105552673,
                    -2.816124439239502
                ],
                [
                    0.0,
                    0.0,
                    0.0,
                    1.0
                ]
            ]
        },
        {
            "file_path": "/data/shapenet_blender/all_50_random/02958343/8109ca22dd6b5772bb54d0b0194b4764/r_14",
            "rotation": 0.12566370614359174,
            "transform_matrix": [
                [
                    -0.9860114455223083,
                    -0.051035668700933456,
                    0.1586722731590271,
                    0.6396284103393555
                ],
                [
                    0.16667792201042175,
                    -0.3019101023674011,
                    0.9386526346206665,
                    3.783829689025879
                ],
                [
                    0.0,
                    0.9519693851470947,
                    0.3061933219432831,
                    1.2343047857284546
                ],
                [
                    0.0,
                    0.0,
                    0.0,
                    1.0
                ]
            ]
        },
        {
            "file_path": "/data/shapenet_blender/all_50_random/02958343/8109ca22dd6b5772bb54d0b0194b4764/r_15",
            "rotation": 0.12566370614359174,
            "transform_matrix": [
                [
                    -0.17682719230651855,
                    0.29489028453826904,
                    0.9390270709991455,
                    3.785339117050171
                ],
                [
                    0.9842419028282166,
                    0.052979476749897,
                    0.16870398819446564,
                    0.6800675392150879
                ],
                [
                    3.725290298461914e-09,
                    0.9540612101554871,
                    -0.2996115982532501,
                    -1.207772970199585
                ],
                [
                    0.0,
                    0.0,
                    0.0,
                    1.0
                ]
            ]
        },
        {
            "file_path": "/data/shapenet_blender/all_50_random/02958343/8109ca22dd6b5772bb54d0b0194b4764/r_16",
            "rotation": 0.12566370614359174,
            "transform_matrix": [
                [
                    0.8066116571426392,
                    0.552672266960144,
                    0.20959752798080444,
                    0.8449146747589111
                ],
                [
                    0.5910817980766296,
                    -0.7541965246200562,
                    -0.2860243618488312,
                    -1.153001070022583
                ],
                [
                    0.0,
                    0.35459989309310913,
                    -0.9350181221961975,
                    -3.769178628921509
                ],
                [
                    0.0,
                    0.0,
                    0.0,
                    1.0
                ]
            ]
        },
        {
            "file_path": "/data/shapenet_blender/all_50_random/02958343/8109ca22dd6b5772bb54d0b0194b4764/r_17",
            "rotation": 0.12566370614359174,
            "transform_matrix": [
                [
                    0.5881446599960327,
                    -0.26972880959510803,
                    0.7624514102935791,
                    3.073540210723877
                ],
                [
                    0.8087558746337891,
                    0.19615258276462555,
                    -0.5544710755348206,
                    -2.23514461517334
                ],
                [
                    1.4901162970204496e-08,
                    0.9427462816238403,
                    0.33351075649261475,
                    1.3444249629974365
                ],
                [
                    0.0,
                    0.0,
                    0.0,
                    1.0
                ]
            ]
        },
        {
            "file_path": "/data/shapenet_blender/all_50_random/02958343/8109ca22dd6b5772bb54d0b0194b4764/r_18",
            "rotation": 0.12566370614359174,
            "transform_matrix": [
                [
                    -0.08654964715242386,
                    0.31724047660827637,
                    0.9443874359130859,
                    3.8069472312927246
                ],
                [
                    0.9962475895881653,
                    0.027560468763113022,
                    0.08204425871372223,
                    0.33073097467422485
                ],
                [
                    1.862645149230957e-09,
                    0.9479444622993469,
                    -0.3184354603290558,
                    -1.2836543321609497
                ],
                [
                    0.0,
                    0.0,
                    0.0,
                    1.0
                ]
            ]
        },
        {
            "file_path": "/data/shapenet_blender/all_50_random/02958343/8109ca22dd6b5772bb54d0b0194b4764/r_19",
            "rotation": 0.12566370614359174,
            "transform_matrix": [
                [
                    0.6738370060920715,
                    0.33273255825042725,
                    0.6597217321395874,
                    2.659423351287842
                ],
                [
                    0.7388800978660583,
                    -0.3034423589706421,
                    -0.601646900177002,
                    -2.425316333770752
                ],
                [
                    0.0,
                    0.8928672075271606,
                    -0.45032012462615967,
                    -1.8152984380722046
                ],
                [
                    0.0,
                    0.0,
                    0.0,
                    1.0
                ]
            ]
        },
        {
            "file_path": "/data/shapenet_blender/all_50_random/02958343/8109ca22dd6b5772bb54d0b0194b4764/r_20",
            "rotation": 0.12566370614359174,
            "transform_matrix": [
                [
                    -0.9262584447860718,
                    -0.11222227662801743,
                    -0.35979369282722473,
                    -1.4503748416900635
                ],
                [
                    -0.37688905000686646,
                    0.2758021950721741,
                    0.8842441439628601,
                    3.564502477645874
                ],
                [
                    0.0,
                    0.9546408653259277,
                    -0.29775941371917725,
                    -1.2003066539764404
                ],
                [
                    0.0,
                    0.0,
                    0.0,
                    1.0
                ]
            ]
        },
        {
            "file_path": "/data/shapenet_blender/all_50_random/02958343/8109ca22dd6b5772bb54d0b0194b4764/r_21",
            "rotation": 0.12566370614359174,
            "transform_matrix": [
                [
                    -0.8986808061599731,
                    -0.3015422821044922,
                    0.31850436329841614,
                    1.2839323282241821
                ],
                [
                    0.4386032819747925,
                    -0.6178482174873352,
                    0.6526028513908386,
                    2.6307265758514404
                ],
                [
                    0.0,
                    0.7261787056922913,
                    0.6875057816505432,
                    2.7714247703552246
                ],
                [
                    0.0,
                    0.0,
                    0.0,
                    1.0
                ]
            ]
        },
        {
            "file_path": "/data/shapenet_blender/all_50_random/02958343/8109ca22dd6b5772bb54d0b0194b4764/r_22",
            "rotation": 0.12566370614359174,
            "transform_matrix": [
                [
                    -0.9149017333984375,
                    0.1557908058166504,
                    0.3724032938480377,
                    1.5012056827545166
                ],
                [
                    0.4036768674850464,
                    0.35308757424354553,
                    0.8440226316452026,
                    3.4023640155792236
                ],
                [
                    -1.4901162970204496e-08,
                    0.9225282073020935,
                    -0.38592955470085144,
                    -1.5557317733764648
                ],
                [
                    0.0,
                    0.0,
                    0.0,
                    1.0
                ]
            ]
        },
        {
            "file_path": "/data/shapenet_blender/all_50_random/02958343/8109ca22dd6b5772bb54d0b0194b4764/r_23",
            "rotation": 0.12566370614359174,
            "transform_matrix": [
                [
                    -0.9234512448310852,
                    -0.13507317006587982,
                    -0.35915592312812805,
                    -1.4478039741516113
                ],
                [
                    -0.38371577858924866,
                    0.3250674307346344,
                    0.8643455505371094,
                    3.4842886924743652
                ],
                [
                    0.0,
                    0.9359948635101318,
                    -0.35201358795166016,
                    -1.4190123081207275
                ],
                [
                    0.0,
                    0.0,
                    0.0,
                    1.0
                ]
            ]
        },
        {
            "file_path": "/data/shapenet_blender/all_50_random/02958343/8109ca22dd6b5772bb54d0b0194b4764/r_24",
            "rotation": 0.12566370614359174,
            "transform_matrix": [
                [
                    -0.2694479525089264,
                    -0.7870864868164062,
                    -0.554880678653717,
                    -2.2367959022521973
                ],
                [
                    -0.9630149602890015,
                    0.22022384405136108,
                    0.15525352954864502,
                    0.6258470416069031
                ],
                [
                    7.450581485102248e-09,
                    0.5761911869049072,
                    -0.8173148036003113,
                    -3.29470157623291
                ],
                [
                    0.0,
                    0.0,
                    0.0,
                    1.0
                ]
            ]
        },
        {
            "file_path": "/data/shapenet_blender/all_50_random/02958343/8109ca22dd6b5772bb54d0b0194b4764/r_25",
            "rotation": 0.12566370614359174,
            "transform_matrix": [
                [
                    0.6842628121376038,
                    -0.29539456963539124,
                    0.6667280793190002,
                    2.687666893005371
                ],
                [
                    0.7292353510856628,
                    0.2771773636341095,
                    -0.6256104111671448,
                    -2.521916151046753
                ],
                [
                    -1.4901160305669237e-08,
                    0.9142837524414062,
                    0.4050743877887726,
                    1.6329070329666138
                ],
                [
                    0.0,
                    0.0,
                    0.0,
                    1.0
                ]
            ]
        },
        {
            "file_path": "/data/shapenet_blender/all_50_random/02958343/8109ca22dd6b5772bb54d0b0194b4764/r_26",
            "rotation": 0.12566370614359174,
            "transform_matrix": [
                [
                    -0.9183807373046875,
                    -0.15146206319332123,
                    -0.36556270718574524,
                    -1.473630428314209
                ],
                [
                    -0.3956979811191559,
                    0.3515303432941437,
                    0.8484394550323486,
                    3.420168876647949
                ],
                [
                    -1.4901162970204496e-08,
                    0.92384272813797,
                    -0.38277196884155273,
                    -1.5430032014846802
                ],
                [
                    0.0,
                    0.0,
                    0.0,
                    1.0
                ]
            ]
        },
        {
            "file_path": "/data/shapenet_blender/all_50_random/02958343/8109ca22dd6b5772bb54d0b0194b4764/r_27",
            "rotation": 0.12566370614359174,
            "transform_matrix": [
                [
                    0.9400823712348938,
                    0.044181011617183685,
                    0.3380727171897888,
                    1.3628146648406982
                ],
                [
                    0.34094738960266113,
                    -0.12181876599788666,
                    -0.9321561455726624,
                    -3.757641553878784
                ],
                [
                    -3.725290298461914e-09,
                    0.9915685057640076,
                    -0.12958309054374695,
                    -0.5223661661148071
                ],
                [
                    0.0,
                    0.0,
                    0.0,
                    1.0
                ]
            ]
        },
        {
            "file_path": "/data/shapenet_blender/all_50_random/02958343/8109ca22dd6b5772bb54d0b0194b4764/r_28",
            "rotation": 0.12566370614359174,
            "transform_matrix": [
                [
                    0.36897027492523193,
                    0.2885574996471405,
                    0.8835131525993347,
                    3.5615553855895996
                ],
                [
                    0.9294412136077881,
                    -0.11455177515745163,
                    -0.35073772072792053,
                    -1.413869023323059
                ],
                [
                    0.0,
                    0.9505853652954102,
                    -0.31046342849731445,
                    -1.2515181303024292
                ],
                [
                    0.0,
                    0.0,
                    0.0,
                    1.0
                ]
            ]
        },
        {
            "file_path": "/data/shapenet_blender/all_50_random/02958343/8109ca22dd6b5772bb54d0b0194b4764/r_29",
            "rotation": 0.12566370614359174,
            "transform_matrix": [
                [
                    -0.3192288279533386,
                    -0.0005166386836208403,
                    0.947677493095398,
                    3.8202102184295654
                ],
                [
                    0.947677731513977,
                    -0.000174031694768928,
                    0.31922876834869385,
                    1.2868523597717285
                ],
                [
                    -1.4551915228366852e-11,
                    0.9999999403953552,
                    0.0005451627657748759,
                    0.002197621390223503
                ],
                [
                    0.0,
                    0.0,
                    0.0,
                    1.0
                ]
            ]
        },
        {
            "file_path": "/data/shapenet_blender/all_50_random/02958343/8109ca22dd6b5772bb54d0b0194b4764/r_30",
            "rotation": 0.12566370614359174,
            "transform_matrix": [
                [
                    0.7439077496528625,
                    0.23362945020198822,
                    -0.626113772392273,
                    -2.5239453315734863
                ],
                [
                    -0.6682822704315186,
                    0.2600679099559784,
                    -0.696967363357544,
                    -2.809565305709839
                ],
                [
                    0.0,
                    0.9369000196456909,
                    0.3495970070362091,
                    1.4092706441879272
                ],
                [
                    0.0,
                    0.0,
                    0.0,
                    1.0
                ]
            ]
        },
        {
            "file_path": "/data/shapenet_blender/all_50_random/02958343/8109ca22dd6b5772bb54d0b0194b4764/r_31",
            "rotation": 0.12566370614359174,
            "transform_matrix": [
                [
                    -0.8408898711204529,
                    -0.30249783396720886,
                    0.44877535104751587,
                    1.8090713024139404
                ],
                [
                    0.5412062406539917,
                    -0.4700007140636444,
                    0.6972768902778625,
                    2.8108129501342773
                ],
                [
                    -1.4901161193847656e-08,
                    0.8292130827903748,
                    0.5589325428009033,
                    2.253129243850708
                ],
                [
                    0.0,
                    0.0,
                    0.0,
                    1.0
                ]
            ]
        },
        {
            "file_path": "/data/shapenet_blender/all_50_random/02958343/8109ca22dd6b5772bb54d0b0194b4764/r_32",
            "rotation": 0.12566370614359174,
            "transform_matrix": [
                [
                    -0.9065241813659668,
                    -0.17800691723823547,
                    -0.3827890455722809,
                    -1.543071985244751
                ],
                [
                    -0.42215389013290405,
                    0.3822482228279114,
                    0.8219929337501526,
                    3.3135595321655273
                ],
                [
                    0.0,
                    0.9067522883415222,
                    -0.4216635823249817,
                    -1.6997802257537842
                ],
                [
                    0.0,
                    0.0,
                    0.0,
                    1.0
                ]
            ]
        },
        {
            "file_path": "/data/shapenet_blender/all_50_random/02958343/8109ca22dd6b5772bb54d0b0194b4764/r_33",
            "rotation": 0.12566370614359174,
            "transform_matrix": [
                [
                    -0.945460319519043,
                    -0.020760416984558105,
                    0.3250753581523895,
                    1.3104207515716553
                ],
                [
                    0.3257376253604889,
                    -0.06025754660367966,
                    0.9435380101203918,
                    3.803523540496826
                ],
                [
                    1.862645371275562e-09,
                    0.9979668259620667,
                    0.06373356282711029,
                    0.2569182515144348
                ],
                [
                    0.0,
                    0.0,
                    0.0,
                    1.0
                ]
            ]
        },
        {
            "file_path": "/data/shapenet_blender/all_50_random/02958343/8109ca22dd6b5772bb54d0b0194b4764/r_34",
            "rotation": 0.12566370614359174,
            "transform_matrix": [
                [
                    0.7772753834724426,
                    0.05093506723642349,
                    0.6270952224731445,
                    2.5279018878936768
                ],
                [
                    0.6291604042053223,
                    -0.0629260390996933,
                    -0.774724006652832,
                    -3.1230125427246094
                ],
                [
                    0.0,
                    0.9967175722122192,
                    -0.08095718920230865,
                    -0.3263489007949829
                ],
                [
                    0.0,
                    0.0,
                    0.0,
                    1.0
                ]
            ]
        },
        {
            "file_path": "/data/shapenet_blender/all_50_random/02958343/8109ca22dd6b5772bb54d0b0194b4764/r_35",
            "rotation": 0.12566370614359174,
            "transform_matrix": [
                [
                    -0.8695193529129028,
                    -0.21145929396152496,
                    0.44634202122688293,
                    1.7992620468139648
                ],
                [
                    0.49389901757240295,
                    -0.3722783923149109,
                    0.7857943177223206,
                    3.167637825012207
                ],
                [
                    -2.980232594040899e-08,
                    0.9037110209465027,
                    0.42814287543296814,
                    1.7258988618850708
                ],
                [
                    0.0,
                    0.0,
                    0.0,
                    1.0
                ]
            ]
        },
        {
            "file_path": "/data/shapenet_blender/all_50_random/02958343/8109ca22dd6b5772bb54d0b0194b4764/r_36",
            "rotation": 0.12566370614359174,
            "transform_matrix": [
                [
                    -0.22172953188419342,
                    -0.36932530999183655,
                    0.9024603962898254,
                    3.6379342079162598
                ],
                [
                    0.9751081466674805,
                    -0.08398076891899109,
                    0.20521019399166107,
                    0.8272287249565125
                ],
                [
                    0.0,
                    0.9254976511001587,
                    0.3787531852722168,
                    1.526802897453308
                ],
                [
                    0.0,
                    0.0,
                    0.0,
                    1.0
                ]
            ]
        },
        {
            "file_path": "/data/shapenet_blender/all_50_random/02958343/8109ca22dd6b5772bb54d0b0194b4764/r_37",
            "rotation": 0.12566370614359174,
            "transform_matrix": [
                [
                    0.9947658181190491,
                    -0.027528341859579086,
                    -0.09840361773967743,
                    -0.396677702665329
                ],
                [
                    -0.10218162834644318,
                    -0.2679958641529083,
                    -0.9579858779907227,
                    -3.861764907836914
                ],
                [
                    -1.862645371275562e-09,
                    0.9630265831947327,
                    -0.2694059908390045,
                    -1.086010456085205
                ],
                [
                    0.0,
                    0.0,
                    0.0,
                    1.0
                ]
            ]
        },
        {
            "file_path": "/data/shapenet_blender/all_50_random/02958343/8109ca22dd6b5772bb54d0b0194b4764/r_38",
            "rotation": 0.12566370614359174,
            "transform_matrix": [
                [
                    0.5624946355819702,
                    -0.02169785462319851,
                    0.8265160918235779,
                    3.3317930698394775
                ],
                [
                    0.8268010020256042,
                    0.014761627651751041,
                    -0.5623008608818054,
                    -2.266707420349121
                ],
                [
                    0.0,
                    0.999655544757843,
                    0.026243140920996666,
                    0.10578949004411697
                ],
                [
                    0.0,
                    0.0,
                    0.0,
                    1.0
                ]
            ]
        },
        {
            "file_path": "/data/shapenet_blender/all_50_random/02958343/8109ca22dd6b5772bb54d0b0194b4764/r_39",
            "rotation": 0.12566370614359174,
            "transform_matrix": [
                [
                    -0.26160669326782227,
                    -0.17082470655441284,
                    0.9499372839927673,
                    3.829319715499878
                ],
                [
                    0.9651745557785034,
                    -0.04630134999752045,
                    0.25747668743133545,
                    1.037921667098999
                ],
                [
                    -3.725290298461914e-09,
                    0.9842128753662109,
                    0.1769884079694748,
                    0.7134630680084229
                ],
                [
                    0.0,
                    0.0,
                    0.0,
                    1.0
                ]
            ]
        },
        {
            "file_path": "/data/shapenet_blender/all_50_random/02958343/8109ca22dd6b5772bb54d0b0194b4764/r_40",
            "rotation": 0.12566370614359174,
            "transform_matrix": [
                [
                    -0.9153603911399841,
                    0.34156402945518494,
                    0.21318849921226501,
                    0.859390377998352
                ],
                [
                    0.40263548493385315,
                    0.776519238948822,
                    0.48466745018959045,
                    1.9537570476531982
                ],
                [
                    -1.4901160305669237e-08,
                    0.5294827818870544,
                    -0.8483206629753113,
                    -3.4196901321411133
                ],
                [
                    0.0,
                    0.0,
                    0.0,
                    1.0
                ]
            ]
        },
        {
            "file_path": "/data/shapenet_blender/all_50_random/02958343/8109ca22dd6b5772bb54d0b0194b4764/r_41",
            "rotation": 0.12566370614359174,
            "transform_matrix": [
                [
                    0.7982873916625977,
                    0.34817448258399963,
                    -0.4914383292198181,
                    -1.9810514450073242
                ],
                [
                    -0.6022765636444092,
                    0.4614878296852112,
                    -0.6513768434524536,
                    -2.625784397125244
                ],
                [
