{
    "class": "02958343",
    "model": "98a1a92a94a025aed28935fb3c99dc7e",
    "remove_doubles": true,
    "edge_split": true,
    "denoise": true,
    "camera_angle_x": 0.6911112070083618,
    "scale_factor": 2.2534271745554184,
    "hdri_file": "/data/IndoorHDRDataset2018/9C4A0473-bde5e7f570.exr",
    "center_offset": [
        0.0,
        0.0,
        -1.862645149230957e-09
    ],
    "lights": [],
    "frames": [
        {
            "file_path": "/data/shapenet_blender/all_50_random/02958343/98a1a92a94a025aed28935fb3c99dc7e/r_0",
            "rotation": 0.12566370614359174,
            "transform_matrix": [
                [
                    0.8359622955322266,
                    0.115169957280159,
                    -0.5365659594535828,
                    -2.162966728210449
                ],
                [
                    -0.5487870573997498,
                    0.175437331199646,
                    -0.8173459768295288,
                    -3.2948272228240967
                ],
                [
                    7.450581485102248e-09,
                    0.9777307510375977,
                    0.20986275374889374,
                    0.8459838628768921
                ],
                [
                    0.0,
                    0.0,
                    0.0,
                    1.0
                ]
            ]
        },
        {
            "file_path": "/data/shapenet_blender/all_50_random/02958343/98a1a92a94a025aed28935fb3c99dc7e/r_1",
            "rotation": 0.12566370614359174,
            "transform_matrix": [
                [
                    0.47638654708862305,
                    -0.29614388942718506,
                    0.827861487865448,
                    3.337216377258301
                ],
                [
                    0.8792360424995422,
                    0.16045629978179932,
                    -0.44855085015296936,
                    -1.808166265487671
                ],
                [
                    1.4901162970204496e-08,
                    0.9415690898895264,
                    0.3368196189403534,
                    1.3577632904052734
                ],
                [
                    0.0,
                    0.0,
                    0.0,
                    1.0
                ]
            ]
        },
        {
            "file_path": "/data/shapenet_blender/all_50_random/02958343/98a1a92a94a025aed28935fb3c99dc7e/r_2",
            "rotation": 0.12566370614359174,
            "transform_matrix": [
                [
                    -0.9135989546775818,
                    -0.027366623282432556,
                    -0.40569445490837097,
                    -1.635406494140625
                ],
                [
                    -0.4066163897514343,
                    0.06148822233080864,
                    0.9115275144577026,
                    3.6744844913482666
                ],
                [
                    0.0,
                    0.9977325201034546,
                    -0.06730329990386963,
                    -0.2713082432746887
                ],
                [
                    0.0,
                    0.0,
                    0.0,
                    1.0
                ]
            ]
        },
        {
            "file_path": "/data/shapenet_blender/all_50_random/02958343/98a1a92a94a025aed28935fb3c99dc7e/r_3",
            "rotation": 0.12566370614359174,
            "transform_matrix": [
                [
                    0.9464545845985413,
                    0.02549002133309841,
                    -0.32182934880256653,
                    -1.2973355054855347
                ],
                [
                    -0.322837233543396,
                    0.07472851872444153,
                    -0.9434998631477356,
                    -3.8033690452575684
                ],
                [
                    -1.862645149230957e-09,
                    0.9968779683113098,
                    0.07895627617835999,
                    0.3182829022407532
                ],
                [
                    0.0,
                    0.0,
                    0.0,
                    1.0
                ]
            ]
        },
        {
            "file_path": "/data/shapenet_blender/all_50_random/02958343/98a1a92a94a025aed28935fb3c99dc7e/r_4",
            "rotation": 0.12566370614359174,
            "transform_matrix": [
                [
                    0.3023940920829773,
                    0.4045339822769165,
                    -0.8630816340446472,
                    -3.479193687438965
                ],
                [
                    -0.9531830549240112,
                    0.12833702564239502,
                    -0.2738097310066223,
                    -1.1037625074386597
                ],
                [
                    -7.450581485102248e-09,
                    0.9054731726646423,
                    0.42440322041511536,
                    1.7108242511749268
                ],
                [
                    0.0,
                    0.0,
                    0.0,
                    1.0
                ]
            ]
        },
        {
            "file_path": "/data/shapenet_blender/all_50_random/02958343/98a1a92a94a025aed28935fb3c99dc7e/r_5",
            "rotation": 0.12566370614359174,
            "transform_matrix": [
                [
                    0.5536184906959534,
                    0.15025383234024048,
                    -0.8191034197807312,
                    -3.3019115924835205
                ],
                [
                    -0.8327705264091492,
                    0.0998874232172966,
                    -0.5445327162742615,
                    -2.1950814723968506
                ],
                [
                    7.450581485102248e-09,
                    0.983588457107544,
                    0.1804264783859253,
                    0.7273223996162415
                ],
                [
                    0.0,
                    0.0,
                    0.0,
                    1.0
                ]
            ]
        },
        {
            "file_path": "/data/shapenet_blender/all_50_random/02958343/98a1a92a94a025aed28935fb3c99dc7e/r_6",
            "rotation": 0.12566370614359174,
            "transform_matrix": [
                [
                    0.11826803535223007,
                    -0.03223229944705963,
                    -0.9924584031105042,
                    -4.000727653503418
                ],
                [
                    -0.9929817914962769,
                    -0.003838993376120925,
                    -0.11820569634437561,
                    -0.476502388715744
                ],
                [
                    2.3283067140944524e-10,
                    0.9994728565216064,
                    -0.03246011584997177,
                    -0.1308509111404419
                ],
                [
                    0.0,
                    0.0,
                    0.0,
                    1.0
                ]
            ]
        },
        {
            "file_path": "/data/shapenet_blender/all_50_random/02958343/98a1a92a94a025aed28935fb3c99dc7e/r_7",
            "rotation": 0.12566370614359174,
            "transform_matrix": [
                [
                    0.9327257871627808,
                    -0.14431652426719666,
                    -0.33044731616973877,
                    -1.3320757150650024
                ],
                [
                    -0.36058664321899414,
                    -0.3733021020889282,
                    -0.8547646999359131,
                    -3.445666790008545
                ],
                [
                    0.0,
                    0.9164159297943115,
                    -0.4002270996570587,
                    -1.6133670806884766
                ],
                [
                    0.0,
                    0.0,
                    0.0,
                    1.0
                ]
            ]
        },
        {
            "file_path": "/data/shapenet_blender/all_50_random/02958343/98a1a92a94a025aed28935fb3c99dc7e/r_8",
            "rotation": 0.12566370614359174,
            "transform_matrix": [
                [
                    -0.8888316750526428,
                    0.28770238161087036,
                    -0.35665878653526306,
                    -1.4377377033233643
                ],
                [
                    -0.4582337737083435,
                    -0.5580535531044006,
                    0.6918076872825623,
                    2.7887661457061768
                ],
                [
                    1.4901159417490817e-08,
                    0.7783337235450745,
                    0.6278507113456726,
                    2.53094744682312
                ],
                [
                    0.0,
                    0.0,
                    0.0,
                    1.0
                ]
            ]
        },
        {
            "file_path": "/data/shapenet_blender/all_50_random/02958343/98a1a92a94a025aed28935fb3c99dc7e/r_9",
            "rotation": 0.12566370614359174,
            "transform_matrix": [
                [
                    0.8918761014938354,
                    -0.032222721725702286,
                    0.45113053917884827,
                    1.8185653686523438
                ],
                [
                    0.45227986574172974,
                    0.06354179978370667,
                    -0.889609694480896,
                    -3.5861313343048096
                ],
                [
                    -1.862645149230957e-09,
                    0.9974587559700012,
                    0.07124510407447815,
                    0.28719818592071533
                ],
                [
                    0.0,
                    0.0,
                    0.0,
                    1.0
                ]
            ]
        },
        {
            "file_path": "/data/shapenet_blender/all_50_random/02958343/98a1a92a94a025aed28935fb3c99dc7e/r_10",
            "rotation": 0.12566370614359174,
            "transform_matrix": [
                [
                    0.2166885882616043,
                    -0.028286240994930267,
                    -0.9758307337760925,
                    -3.9337000846862793
                ],
                [
                    -0.976240873336792,
                    -0.006278477143496275,
                    -0.2165975570678711,
                    -0.8731328248977661
                ],
                [
                    0.0,
                    0.9995800852775574,
                    -0.02897465229034424,
                    -0.11680057644844055
                ],
                [
                    0.0,
                    0.0,
                    0.0,
                    1.0
                ]
            ]
        },
        {
            "file_path": "/data/shapenet_blender/all_50_random/02958343/98a1a92a94a025aed28935fb3c99dc7e/r_11",
            "rotation": 0.12566370614359174,
            "transform_matrix": [
                [
                    0.9217536449432373,
                    0.007505016401410103,
                    -0.38770341873168945,
                    -1.562882661819458
                ],
                [
                    -0.3877761662006378,
                    0.017839612439274788,
                    -0.9215807914733887,
                    -3.7150115966796875
                ],
                [
                    0.0,
                    0.9998125433921814,
                    0.019353993237018585,
                    0.07801844924688339
                ],
                [
                    0.0,
                    0.0,
                    0.0,
                    1.0
                ]
            ]
        },
        {
            "file_path": "/data/shapenet_blender/all_50_random/02958343/98a1a92a94a025aed28935fb3c99dc7e/r_12",
            "rotation": 0.12566370614359174,
            "transform_matrix": [
                [
                    0.3546503782272339,
                    -0.015529002994298935,
                    0.9348699450492859,
                    3.7685813903808594
                ],
                [
                    0.9349989295005798,
                    0.005890239030122757,
                    -0.3546014726161957,
                    -1.4294443130493164
                ],
                [
                    0.0,
                    0.9998619556427002,
                    0.016608579084277153,
                    0.06695132702589035
                ],
                [
                    0.0,
                    0.0,
                    0.0,
                    1.0
                ]
            ]
        },
        {
            "file_path": "/data/shapenet_blender/all_50_random/02958343/98a1a92a94a025aed28935fb3c99dc7e/r_13",
            "rotation": 0.12566370614359174,
            "transform_matrix": [
                [
                    0.1094292551279068,
                    -0.0855352133512497,
                    -0.9903074502944946,
                    -3.9920570850372314
                ],
                [
                    -0.9939945936203003,
                    -0.009416605345904827,
                    -0.1090233325958252,
                    -0.439487099647522
                ],
                [
                    -9.31322685637781e-10,
                    0.9962905645370483,
                    -0.08605199307203293,
                    -0.34688669443130493
                ],
                [
                    0.0,
                    0.0,
                    0.0,
                    1.0
                ]
            ]
        },
        {
            "file_path": "/data/shapenet_blender/all_50_random/02958343/98a1a92a94a025aed28935fb3c99dc7e/r_14",
            "rotation": 0.12566370614359174,
            "transform_matrix": [
                [
                    0.7639045715332031,
                    0.13401538133621216,
                    -0.631260335445404,
                    -2.544691801071167
                ],
                [
                    -0.6453291773796082,
                    0.15863992273807526,
                    -0.7472506761550903,
                    -3.012263774871826
                ],
                [
                    0.0,
                    0.9781988859176636,
                    0.20766980946063995,
                    0.8371437788009644
                ],
                [
                    0.0,
                    0.0,
                    0.0,
                    1.0
                ]
            ]
        },
        {
            "file_path": "/data/shapenet_blender/all_50_random/02958343/98a1a92a94a025aed28935fb3c99dc7e/r_15",
            "rotation": 0.12566370614359174,
            "transform_matrix": [
                [
                    0.4687736928462982,
                    0.4352129101753235,
                    0.7686617374420166,
                    3.0985748767852783
                ],
                [
                    0.883318305015564,
                    -0.23096585273742676,
                    -0.40792587399482727,
                    -1.6444019079208374
                ],
                [
                    0.0,
                    0.8701979517936707,
                    -0.4927022159099579,
                    -1.986146330833435
                ],
                [
                    0.0,
                    0.0,
                    0.0,
                    1.0
                ]
            ]
        },
        {
            "file_path": "/data/shapenet_blender/all_50_random/02958343/98a1a92a94a025aed28935fb3c99dc7e/r_16",
            "rotation": 0.12566370614359174,
            "transform_matrix": [
                [
                    0.687538206577301,
                    -0.3772093951702118,
                    0.6204870343208313,
                    2.501263380050659
                ],
                [
                    0.7261481881141663,
                    0.3571528196334839,
                    -0.5874951481819153,
                    -2.3682689666748047
                ],
                [
                    0.0,
                    0.8544909954071045,
                    0.5194661021232605,
                    2.0940351486206055
                ],
                [
                    0.0,
                    0.0,
                    0.0,
                    1.0
                ]
            ]
        },
        {
            "file_path": "/data/shapenet_blender/all_50_random/02958343/98a1a92a94a025aed28935fb3c99dc7e/r_17",
            "rotation": 0.12566370614359174,
            "transform_matrix": [
                [
                    -0.933786928653717,
                    0.12717916071414948,
                    -0.3344660699367523,
                    -1.348275899887085
                ],
                [
                    -0.3578297197818756,
                    -0.3318847715854645,
                    0.8728174567222595,
                    3.518439769744873
                ],
                [
                    0.0,
                    0.9347073435783386,
                    0.3554181456565857,
                    1.4327363967895508
                ],
                [
                    0.0,
                    0.0,
                    0.0,
                    1.0
                ]
            ]
        },
        {
            "file_path": "/data/shapenet_blender/all_50_random/02958343/98a1a92a94a025aed28935fb3c99dc7e/r_18",
            "rotation": 0.12566370614359174,
            "transform_matrix": [
                [
                    -0.9993512630462646,
                    -0.00037364146555773914,
                    -0.036013152450323105,
                    -0.14517366886138916
                ],
                [
                    -0.036015093326568604,
                    0.01036784891039133,
                    0.9992973804473877,
                    4.028296947479248
                ],
                [
                    2.9103828722010228e-11,
                    0.9999461770057678,
                    -0.010374577715992928,
                    -0.04182126373052597
                ],
                [
                    0.0,
                    0.0,
                    0.0,
                    1.0
                ]
            ]
        },
        {
            "file_path": "/data/shapenet_blender/all_50_random/02958343/98a1a92a94a025aed28935fb3c99dc7e/r_19",
            "rotation": 0.12566370614359174,
            "transform_matrix": [
                [
                    -0.5728489756584167,
                    -0.6168408393859863,
                    -0.53976970911026,
                    -2.1758813858032227
                ],
                [
                    -0.8196609020233154,
                    0.4311009347438812,
                    0.37723708152770996,
                    1.5206913948059082
                ],
                [
                    -1.4901159417490817e-08,
                    0.6585280895233154,
                    -0.7525560855865479,
                    -3.0336506366729736
                ],
                [
                    0.0,
                    0.0,
                    0.0,
                    1.0
                ]
            ]
        },
        {
            "file_path": "/data/shapenet_blender/all_50_random/02958343/98a1a92a94a025aed28935fb3c99dc7e/r_20",
            "rotation": 0.12566370614359174,
            "transform_matrix": [
                [
                    -0.6500344276428223,
                    0.08249244838953018,
                    -0.7554139494895935,
                    -3.045171022415161
                ],
                [
                    -0.7599048614501953,
                    -0.07056532800197601,
                    0.6461928486824036,
                    2.604886770248413
                ],
                [
                    0.0,
                    0.9940903186798096,
                    0.10855629295110703,
                    0.4376044273376465
                ],
                [
                    0.0,
                    0.0,
                    0.0,
                    1.0
                ]
            ]
        },
        {
            "file_path": "/data/shapenet_blender/all_50_random/02958343/98a1a92a94a025aed28935fb3c99dc7e/r_21",
            "rotation": 0.12566370614359174,
            "transform_matrix": [
                [
                    -0.0667315274477005,
                    -0.703331470489502,
                    -0.7077229619026184,
                    -2.8529224395751953
                ],
                [
                    -0.9977710247039795,
                    0.04703923314809799,
                    0.04733293503522873,
                    0.19080516695976257
                ],
                [
                    0.0,
                    0.7093040347099304,
                    -0.704902708530426,
                    -2.8415536880493164
                ],
                [
                    0.0,
                    0.0,
                    0.0,
                    1.0
                ]
            ]
        },
        {
            "file_path": "/data/shapenet_blender/all_50_random/02958343/98a1a92a94a025aed28935fb3c99dc7e/r_22",
            "rotation": 0.12566370614359174,
            "transform_matrix": [
                [
                    0.8285549879074097,
                    0.053151268512010574,
                    0.5573793053627014,
                    2.2468678951263428
                ],
                [
                    0.559907853603363,
                    -0.07865355908870697,
                    -0.824813187122345,
                    -3.3249282836914062
                ],
                [
                    0.0,
                    0.9954839944839478,
                    -0.09492860734462738,
                    -0.38266944885253906
                ],
                [
                    0.0,
                    0.0,
                    0.0,
                    1.0
                ]
            ]
        },
        {
            "file_path": "/data/shapenet_blender/all_50_random/02958343/98a1a92a94a025aed28935fb3c99dc7e/r_23",
            "rotation": 0.12566370614359174,
            "transform_matrix": [
                [
                    -0.7696826457977295,
                    0.4324263334274292,
                    -0.46967655420303345,
                    -1.8933265209197998
                ],
                [
                    -0.638426661491394,
                    -0.5213301181793213,
                    0.5662387609481812,
                    2.282581090927124
                ],
                [
                    0.0,
                    0.7356781363487244,
                    0.6773313283920288,
                    2.730409622192383
                ],
                [
                    0.0,
                    0.0,
                    0.0,
                    1.0
                ]
            ]
        },
        {
            "file_path": "/data/shapenet_blender/all_50_random/02958343/98a1a92a94a025aed28935fb3c99dc7e/r_24",
            "rotation": 0.12566370614359174,
            "transform_matrix": [
                [
                    0.8246426582336426,
                    0.2798278033733368,
                    -0.49159008264541626,
                    -1.9816629886627197
                ],
                [
                    -0.5656539797782898,
                    0.4079490005970001,
                    -0.7166681289672852,
                    -2.888981580734253
                ],
                [
                    1.4901159417490817e-08,
                    0.86906498670578,
                    0.4946979284286499,
                    1.9941911697387695
                ],
                [
                    0.0,
                    0.0,
                    0.0,
                    1.0
                ]
            ]
        },
        {
            "file_path": "/data/shapenet_blender/all_50_random/02958343/98a1a92a94a025aed28935fb3c99dc7e/r_25",
            "rotation": 0.12566370614359174,
            "transform_matrix": [
                [
                    0.173142209649086,
                    -0.7761232852935791,
                    -0.6063451766967773,
                    -2.4442555904388428
                ],
                [
                    -0.9848968386650085,
                    -0.13644038140773773,
                    -0.10659384727478027,
                    -0.4296935498714447
                ],
                [
                    0.0,
                    0.6156434416770935,
                    -0.78802490234375,
                    -3.1766300201416016
                ],
                [
                    0.0,
                    0.0,
                    0.0,
                    1.0
                ]
            ]
        },
        {
            "file_path": "/data/shapenet_blender/all_50_random/02958343/98a1a92a94a025aed28935fb3c99dc7e/r_26",
            "rotation": 0.12566370614359174,
            "transform_matrix": [
                [
                    -0.7462619543075562,
                    -0.1164674386382103,
                    0.6553841829299927,
                    2.6419379711151123
                ],
                [
                    0.6656523942947388,
                    -0.13057148456573486,
                    0.7347502708435059,
                    2.9618730545043945
                ],
                [
                    7.450580596923828e-09,
                    0.9845741987228394,
                    0.17496734857559204,
                    0.7053159475326538
                ],
                [
                    0.0,
                    0.0,
                    0.0,
                    1.0
                ]
            ]
        },
        {
            "file_path": "/data/shapenet_blender/all_50_random/02958343/98a1a92a94a025aed28935fb3c99dc7e/r_27",
            "rotation": 0.12566370614359174,
            "transform_matrix": [
                [
                    0.5444613099098206,
                    0.8364065289497375,
                    -0.06313428282737732,
                    -0.25450244545936584
                ],
                [
                    -0.8387858867645264,
                    0.5429168939590454,
                    -0.04098087549209595,
                    -0.1651991903781891
                ],
                [
                    -3.725290076417309e-09,
                    0.07526854425668716,
                    0.9971632957458496,
                    4.019693851470947
                ],
                [
                    0.0,
                    0.0,
                    0.0,
                    1.0
                ]
            ]
        },
        {
            "file_path": "/data/shapenet_blender/all_50_random/02958343/98a1a92a94a025aed28935fb3c99dc7e/r_28",
            "rotation": 0.12566370614359174,
            "transform_matrix": [
                [
                    -0.053231436759233475,
                    -0.9538477659225464,
                    0.2955347001552582,
                    1.1913385391235352
                ],
                [
                    0.9985821843147278,
                    -0.05084677413105965,
                    0.01575407199561596,
                    0.06350669264793396
                ],
                [
                    0.0,
                    0.2959543466567993,
                    0.9552021026611328,
                    3.8505427837371826
                ],
                [
                    0.0,
                    0.0,
                    0.0,
                    1.0
                ]
            ]
        },
        {
            "file_path": "/data/shapenet_blender/all_50_random/02958343/98a1a92a94a025aed28935fb3c99dc7e/r_29",
            "rotation": 0.12566370614359174,
            "transform_matrix": [
                [
                    -0.3130161464214325,
                    0.1577460765838623,
                    0.9365559220314026,
                    3.7753777503967285
                ],
                [
                    0.9497478604316711,
                    0.051989659667015076,
                    0.3086683750152588,
                    1.2442820072174072
                ],
                [
                    0.0,
                    0.9861102104187012,
                    -0.16609257459640503,
                    -0.6695405840873718
                ],
                [
                    0.0,
                    0.0,
                    0.0,
                    1.0
                ]
            ]
        },
        {
            "file_path": "/data/shapenet_blender/all_50_random/02958343/98a1a92a94a025aed28935fb3c99dc7e/r_30",
            "rotation": 0.12566370614359174,
            "transform_matrix": [
                [
                    0.02545558661222458,
                    -0.6883566379547119,
                    -0.7249256372451782,
                    -2.9222686290740967
                ],
                [
                    -0.9996760487556458,
                    -0.017528200522065163,
                    -0.018459387123584747,
                    -0.07441216707229614
                ],
                [
                    0.0,
                    0.725160539150238,
                    -0.688579797744751,
                    -2.775753974914551
                ],
                [
                    0.0,
                    0.0,
                    0.0,
                    1.0
                ]
            ]
        },
        {
            "file_path": "/data/shapenet_blender/all_50_random/02958343/98a1a92a94a025aed28935fb3c99dc7e/r_31",
            "rotation": 0.12566370614359174,
            "transform_matrix": [
                [
                    0.24953700602054596,
                    0.24269156157970428,
                    0.9374603629112244,
                    3.7790238857269287
                ],
                [
                    0.9683652520179749,
                    -0.06253892928361893,
                    -0.24157315492630005,
                    -0.9738125801086426
                ],
                [
                    3.725290298461914e-09,
                    0.968085527420044,
                    -0.2506198287010193,
                    -1.010280966758728
                ],
                [
                    0.0,
                    0.0,
                    0.0,
                    1.0
                ]
            ]
        },
        {
            "file_path": "/data/shapenet_blender/all_50_random/02958343/98a1a92a94a025aed28935fb3c99dc7e/r_32",
            "rotation": 0.12566370614359174,
            "transform_matrix": [
                [
                    -0.9704203009605408,
                    0.14023646712303162,
                    0.19651535153388977,
                    0.7921788096427917
                ],
                [
                    0.24142196774482727,
                    0.5636947751045227,
                    0.789913535118103,
                    3.1842434406280518
                ],
                [
                    7.450581485102248e-09,
                    0.8139911890029907,
                    -0.5808770060539246,
                    -2.341590404510498
                ],
                [
                    0.0,
                    0.0,
                    0.0,
                    1.0
                ]
            ]
        },
        {
            "file_path": "/data/shapenet_blender/all_50_random/02958343/98a1a92a94a025aed28935fb3c99dc7e/r_33",
            "rotation": 0.12566370614359174,
            "transform_matrix": [
                [
                    0.9900139570236206,
                    0.06685308367013931,
                    0.12410956621170044,
                    0.5003016591072083
                ],
                [
                    0.14096994698047638,
                    -0.46950069069862366,
                    -0.8716056942939758,
                    -3.5135550498962402
                ],
                [
                    0.0,
                    0.8803974986076355,
                    -0.47423651814460754,
                    -1.9117085933685303
                ],
                [
                    0.0,
                    0.0,
                    0.0,
                    1.0
                ]
            ]
        },
        {
            "file_path": "/data/shapenet_blender/all_50_random/02958343/98a1a92a94a025aed28935fb3c99dc7e/r_34",
            "rotation": 0.12566370614359174,
            "transform_matrix": [
                [
                    -0.5582792162895203,
                    0.16987420618534088,
                    -0.8120757937431335,
                    -3.2735822200775146
                ],
                [
                    -0.8296531438827515,
                    -0.11430949717760086,
                    0.5464512705802917,
                    2.202815532684326
                ],
                [
                    0.0,
                    0.978813648223877,
                    0.20475327968597412,
                    0.8253868818283081
                ],
                [
                    0.0,
                    0.0,
                    0.0,
                    1.0
                ]
            ]
        },
        {
            "file_path": "/data/shapenet_blender/all_50_random/02958343/98a1a92a94a025aed28935fb3c99dc7e/r_35",
            "rotation": 0.12566370614359174,
            "transform_matrix": [
                [
                    -0.13773521780967712,
                    0.258074551820755,
                    0.9562565088272095,
                    3.8547933101654053
                ],
                [
                    0.9904690980911255,
                    0.03588800132274628,
                    0.13297758996486664,
                    0.5360497832298279
                ],
                [
                    -3.725290298461914e-09,
                    0.9654581546783447,
                    -0.2605579197406769,
                    -1.0503425598144531
                ],
                [
                    0.0,
                    0.0,
                    0.0,
                    1.0
                ]
            ]
        },
        {
            "file_path": "/data/shapenet_blender/all_50_random/02958343/98a1a92a94a025aed28935fb3c99dc7e/r_36",
            "rotation": 0.12566370614359174,
            "transform_matrix": [
                [
                    -0.1991584599018097,
                    0.0981748178601265,
                    -0.9750372171401978,
                    -3.9305007457733154
                ],
                [
                    -0.9799673557281494,
                    -0.019952038303017616,
                    0.19815650582313538,
                    0.7987944483757019
                ],
                [
                    -1.862645371275562e-09,
                    0.9949690699577332,
                    0.10018174350261688,
                    0.40384551882743835
                ],
                [
                    0.0,
                    0.0,
                    0.0,
                    1.0
                ]
            ]
        },
        {
            "file_path": "/data/shapenet_blender/all_50_random/02958343/98a1a92a94a025aed28935fb3c99dc7e/r_37",
            "rotation": 0.12566370614359174,
            "transform_matrix": [
                [
                    0.8356669545173645,
                    -0.2769569456577301,
                    0.47429490089416504,
                    1.911944031715393
                ],
                [
                    0.5492365956306458,
                    0.42139169573783875,
                    -0.7216426134109497,
                    -2.9090347290039062
                ],
                [
                    1.4901162970204496e-08,
                    0.8635529279708862,
                    0.5042579174041748,
                    2.032728910446167
                ],
                [
                    0.0,
                    0.0,
                    0.0,
                    1.0
                ]
            ]
        },
        {
            "file_path": "/data/shapenet_blender/all_50_random/02958343/98a1a92a94a025aed28935fb3c99dc7e/r_38",
            "rotation": 0.12566370614359174,
            "transform_matrix": [
                [
                    0.6617897152900696,
                    -0.6417904496192932,
                    -0.387478232383728,
                    -1.5619748830795288
                ],
                [
                    -0.7496895790100098,
                    -0.5665415525436401,
                    -0.3420470654964447,
                    -1.378835916519165
                ],
                [
                    2.980232594040899e-08,
                    0.5168516039848328,
                    -0.8560749292373657,
                    -3.450948715209961
                ],
                [
                    0.0,
                    0.0,
                    0.0,
                    1.0
                ]
            ]
        },
        {
            "file_path": "/data/shapenet_blender/all_50_random/02958343/98a1a92a94a025aed28935fb3c99dc7e/r_39",
            "rotation": 0.12566370614359174,
            "transform_matrix": [
                [
                    -0.49152034521102905,
                    -0.6289407014846802,
                    0.6023629903793335,
                    2.4282028675079346
                ],
                [
                    0.8708660006523132,
                    -0.35497674345970154,
                    0.33997616171836853,
                    1.3704876899719238
                ],
                [
                    0.0,
                    0.6916826963424683,
                    0.7222014665603638,
                    2.911287307739258
                ],
                [
                    0.0,
                    0.0,
                    0.0,
                    1.0
                ]
            ]
        },
        {
            "file_path": "/data/shapenet_blender/all_50_random/02958343/98a1a92a94a025aed28935fb3c99dc7e/r_40",
            "rotation": 0.12566370614359174,
            "transform_matrix": [
                [
                    0.706508219242096,
                    -0.4448470175266266,
                    0.550415575504303,
                    2.2187962532043457
                ],
                [
                    0.7077049016952515,
                    0.44409480690956116,
                    -0.5494848489761353,
                    -2.2150442600250244
                ],
                [
                    0.0,
                    0.7777473330497742,
                    0.6285769939422607,
                    2.533874988555908
                ],
                [
                    0.0,
                    0.0,
                    0.0,
                    1.0
                ]
            ]
        },
        {
            "file_path": "/data/shapenet_blender/all_50_random/02958343/98a1a92a94a025aed28935fb3c99dc7e/r_41",
            "rotation": 0.12566370614359174,
            "transform_matrix": [
                [
                    -0.8568927049636841,
                    0.3998423218727112,
                    0.32536303997039795,
                    1.3115805387496948
                ],
                [
                    0.5154949426651001,
                    0.6646466255187988,
                    0.5408417582511902,
                    2.1802031993865967
                ],
                [
