{
    "class": "02958343",
    "model": "eb46e6071b4f72659bc0c5b67eaafbc",
    "remove_doubles": true,
    "edge_split": true,
    "denoise": true,
    "camera_angle_x": 0.6911112070083618,
    "scale_factor": 2.3383006541777718,
    "hdri_file": "/data/IndoorHDRDataset2018/9C4A7069-d43f18f3f3.exr",
    "center_offset": [
        0.0,
        0.0,
        -3.725290298461914e-09
    ],
    "lights": [],
    "frames": [
        {
            "file_path": "/data/shapenet_blender/all_50_random/02958343/eb46e6071b4f72659bc0c5b67eaafbc/r_0",
            "rotation": 0.12566370614359174,
            "transform_matrix": [
                [
                    -0.6199730038642883,
                    -0.6121050715446472,
                    0.49087774753570557,
                    1.9787914752960205
                ],
                [
                    0.7846232652664185,
                    -0.4836571514606476,
                    0.3878689408302307,
                    1.5635497570037842
                ],
                [
                    -1.4901162970204496e-08,
                    0.6256222724914551,
                    0.7801260352134705,
                    3.1447887420654297
                ],
                [
                    0.0,
                    0.0,
                    0.0,
                    1.0
                ]
            ]
        },
        {
            "file_path": "/data/shapenet_blender/all_50_random/02958343/eb46e6071b4f72659bc0c5b67eaafbc/r_1",
            "rotation": 0.12566370614359174,
            "transform_matrix": [
                [
                    0.20873183012008667,
                    -0.1457599252462387,
                    -0.9670496582984924,
                    -3.898301839828491
                ],
                [
                    -0.9779729247093201,
                    -0.0311100035905838,
                    -0.20640045404434204,
                    -0.8320268392562866
                ],
                [
                    -3.725290298461914e-09,
                    0.9888306260108948,
                    -0.14904293417930603,
                    -0.6008113026618958
                ],
                [
                    0.0,
                    0.0,
                    0.0,
                    1.0
                ]
            ]
        },
        {
            "file_path": "/data/shapenet_blender/all_50_random/02958343/eb46e6071b4f72659bc0c5b67eaafbc/r_2",
            "rotation": 0.12566370614359174,
            "transform_matrix": [
                [
                    0.7196424603462219,
                    0.3600667715072632,
                    -0.5936890244483948,
                    -2.3932371139526367
                ],
                [
                    -0.6943448185920715,
                    0.3731853663921356,
                    -0.6153193712234497,
                    -2.4804317951202393
                ],
                [
                    -1.4901161193847656e-08,
                    0.8550347685813904,
                    0.5185704827308655,
                    2.0904245376586914
                ],
                [
                    0.0,
                    0.0,
                    0.0,
                    1.0
                ]
            ]
        },
        {
            "file_path": "/data/shapenet_blender/all_50_random/02958343/eb46e6071b4f72659bc0c5b67eaafbc/r_3",
            "rotation": 0.12566370614359174,
            "transform_matrix": [
                [
                    0.5473571419715881,
                    -0.08343828469514847,
                    0.8327293992042542,
                    3.356839418411255
                ],
                [
                    0.8368991017341614,
                    0.05457114428281784,
                    -0.5446299910545349,
                    -2.1954736709594727
                ],
                [
                    0.0,
                    0.9950175881385803,
                    0.09969933331012726,
                    0.40190085768699646
                ],
                [
                    0.0,
                    0.0,
                    0.0,
                    1.0
                ]
            ]
        },
        {
            "file_path": "/data/shapenet_blender/all_50_random/02958343/eb46e6071b4f72659bc0c5b67eaafbc/r_4",
            "rotation": 0.12566370614359174,
            "transform_matrix": [
                [
                    0.8446394205093384,
                    0.29037559032440186,
                    -0.44974008202552795,
                    -1.8129602670669556
                ],
                [
                    -0.5353354811668396,
                    0.45814764499664307,
                    -0.7095890641212463,
                    -2.860445022583008
                ],
                [
                    0.0,
                    0.8401086330413818,
                    0.5424180030822754,
                    2.186556816101074
                ],
                [
                    0.0,
                    0.0,
                    0.0,
                    1.0
                ]
            ]
        },
        {
            "file_path": "/data/shapenet_blender/all_50_random/02958343/eb46e6071b4f72659bc0c5b67eaafbc/r_5",
            "rotation": 0.12566370614359174,
            "transform_matrix": [
                [
                    0.45912376046180725,
                    0.24234308302402496,
                    -0.8546783924102783,
                    -3.4453189373016357
                ],
                [
                    -0.8883723020553589,
                    0.12524643540382385,
                    -0.4417102634906769,
                    -1.7805911302566528
                ],
                [
                    0.0,
                    0.9620721936225891,
                    0.2727945148944855,
                    1.0996699333190918
                ],
                [
                    0.0,
                    0.0,
                    0.0,
                    1.0
                ]
            ]
        },
        {
            "file_path": "/data/shapenet_blender/all_50_random/02958343/eb46e6071b4f72659bc0c5b67eaafbc/r_6",
            "rotation": 0.12566370614359174,
            "transform_matrix": [
                [
                    0.7686876058578491,
                    -0.23556207120418549,
                    -0.5946677327156067,
                    -2.3971824645996094
                ],
                [
                    -0.639624297618866,
                    -0.28309375047683716,
                    -0.7146597504615784,
                    -2.8808858394622803
                ],
                [
                    1.4901160305669237e-08,
                    0.9297141432762146,
                    -0.36828190088272095,
                    -1.4845919609069824
                ],
                [
                    0.0,
                    0.0,
                    0.0,
                    1.0
                ]
            ]
        },
        {
            "file_path": "/data/shapenet_blender/all_50_random/02958343/eb46e6071b4f72659bc0c5b67eaafbc/r_7",
            "rotation": 0.12566370614359174,
            "transform_matrix": [
                [
                    0.9927008152008057,
                    -0.0009004633175209165,
                    0.12060020864009857,
                    0.4861550033092499
                ],
                [
                    0.12060358375310898,
                    0.007411808241158724,
                    -0.9926730394363403,
                    -4.001593112945557
                ],
                [
                    5.820766785236131e-11,
                    0.9999721050262451,
                    0.007466306909918785,
                    0.03009764663875103
                ],
                [
                    0.0,
                    0.0,
                    0.0,
                    1.0
                ]
            ]
        },
        {
            "file_path": "/data/shapenet_blender/all_50_random/02958343/eb46e6071b4f72659bc0c5b67eaafbc/r_8",
            "rotation": 0.12566370614359174,
            "transform_matrix": [
                [
                    -0.9082722067832947,
                    -0.1047869324684143,
                    0.4050447940826416,
                    1.6327877044677734
                ],
                [
                    0.4183797240257263,
                    -0.22748488187789917,
                    0.8793230652809143,
                    3.5446643829345703
                ],
                [
                    0.0,
                    0.9681271910667419,
                    0.2504589259624481,
                    1.0096322298049927
                ],
                [
                    0.0,
                    0.0,
                    0.0,
                    1.0
                ]
            ]
        },
        {
            "file_path": "/data/shapenet_blender/all_50_random/02958343/eb46e6071b4f72659bc0c5b67eaafbc/r_9",
            "rotation": 0.12566370614359174,
            "transform_matrix": [
                [
                    0.5003223419189453,
                    0.049942806363105774,
                    0.8643976449966431,
                    3.4844982624053955
                ],
                [
                    0.8658393025398254,
                    -0.028859280049800873,
                    -0.4994892477989197,
                    -2.013505458831787
                ],
                [
                    0.0,
                    0.998335063457489,
                    -0.057681385427713394,
                    -0.23252108693122864
                ],
                [
                    0.0,
                    0.0,
                    0.0,
                    1.0
                ]
            ]
        },
        {
            "file_path": "/data/shapenet_blender/all_50_random/02958343/eb46e6071b4f72659bc0c5b67eaafbc/r_10",
            "rotation": 0.12566370614359174,
            "transform_matrix": [
                [
                    0.4420783519744873,
                    -0.44488751888275146,
                    0.7788721323013306,
                    3.1397342681884766
                ],
                [
                    0.8969764709472656,
                    0.21926455199718475,
                    -0.3838701546192169,
                    -1.547430157661438
                ],
                [
                    -1.4901161193847656e-08,
                    0.868330717086792,
                    0.4959856867790222,
                    1.9993823766708374
                ],
                [
                    0.0,
                    0.0,
                    0.0,
                    1.0
                ]
            ]
        },
        {
            "file_path": "/data/shapenet_blender/all_50_random/02958343/eb46e6071b4f72659bc0c5b67eaafbc/r_11",
            "rotation": 0.12566370614359174,
            "transform_matrix": [
                [
                    0.8399600982666016,
                    0.14204281568527222,
                    0.5237277746200562,
                    2.1112143993377686
                ],
                [
                    0.5426481366157532,
                    -0.2198667675256729,
                    -0.8106734752655029,
                    -3.2679295539855957
                ],
                [
                    -7.450580596923828e-09,
                    0.9651334285736084,
                    -0.2617585361003876,
                    -1.0551825761795044
                ],
                [
                    0.0,
                    0.0,
                    0.0,
                    1.0
                ]
            ]
        },
        {
            "file_path": "/data/shapenet_blender/all_50_random/02958343/eb46e6071b4f72659bc0c5b67eaafbc/r_12",
            "rotation": 0.12566370614359174,
            "transform_matrix": [
                [
                    0.9184979796409607,
                    -0.26583021879196167,
                    -0.2927381098270416,
                    -1.1800651550292969
                ],
                [
                    -0.3954254686832428,
                    -0.6174729466438293,
                    -0.6799748539924622,
                    -2.7410664558410645
                ],
                [
                    0.0,
                    0.7403117418289185,
                    -0.6722636222839355,
                    -2.709981679916382
                ],
                [
                    0.0,
                    0.0,
                    0.0,
                    1.0
                ]
            ]
        },
        {
            "file_path": "/data/shapenet_blender/all_50_random/02958343/eb46e6071b4f72659bc0c5b67eaafbc/r_13",
            "rotation": 0.12566370614359174,
            "transform_matrix": [
                [
                    0.8621200323104858,
                    -0.17808017134666443,
                    0.474380224943161,
                    1.9122878313064575
                ],
                [
                    0.5067042112350464,
                    0.3029903471469879,
                    -0.8071231245994568,
                    -3.253617286682129
                ],
                [
                    0.0,
                    0.9362072944641113,
                    0.3514479994773865,
                    1.4167321920394897
                ],
                [
                    0.0,
                    0.0,
                    0.0,
                    1.0
                ]
            ]
        },
        {
            "file_path": "/data/shapenet_blender/all_50_random/02958343/eb46e6071b4f72659bc0c5b67eaafbc/r_14",
            "rotation": 0.12566370614359174,
            "transform_matrix": [
                [
                    -0.991672694683075,
                    -0.09037564694881439,
                    0.09174808114767075,
                    0.369848370552063
                ],
                [
                    0.12878459692001343,
                    -0.6959144473075867,
                    0.7064825296401978,
                    2.8479223251342773
                ],
                [
                    0.0,
                    0.7124151587486267,
                    0.7017581462860107,
                    2.8288779258728027
                ],
                [
                    0.0,
                    0.0,
                    0.0,
                    1.0
                ]
            ]
        },
        {
            "file_path": "/data/shapenet_blender/all_50_random/02958343/eb46e6071b4f72659bc0c5b67eaafbc/r_15",
            "rotation": 0.12566370614359174,
            "transform_matrix": [
                [
                    -0.8819244503974915,
                    0.14959685504436493,
                    -0.4470234513282776,
                    -1.802009105682373
                ],
                [
                    -0.47139066457748413,
                    -0.2798806428909302,
                    0.8363358378410339,
                    3.371377468109131
                ],
                [
                    0.0,
                    0.9483076930046082,
                    0.31735217571258545,
                    1.2792874574661255
                ],
                [
                    0.0,
                    0.0,
                    0.0,
                    1.0
                ]
            ]
        },
        {
            "file_path": "/data/shapenet_blender/all_50_random/02958343/eb46e6071b4f72659bc0c5b67eaafbc/r_16",
            "rotation": 0.12566370614359174,
            "transform_matrix": [
                [
                    -0.37554144859313965,
                    -0.749699056148529,
                    -0.5449036955833435,
                    -2.1965770721435547
                ],
                [
                    -0.9268056154251099,
                    0.30377790331840515,
                    0.2207948863506317,
                    0.8900526762008667
                ],
                [
                    -1.4901161193847656e-08,
                    0.5879374146461487,
                    -0.8089063763618469,
                    -3.26080584526062
                ],
                [
                    0.0,
                    0.0,
                    0.0,
                    1.0
                ]
            ]
        },
        {
            "file_path": "/data/shapenet_blender/all_50_random/02958343/eb46e6071b4f72659bc0c5b67eaafbc/r_17",
            "rotation": 0.12566370614359174,
            "transform_matrix": [
                [
                    0.09602045267820358,
                    0.015379187650978565,
                    -0.9952605366706848,
                    -4.012023448944092
                ],
                [
                    -0.9953794479370117,
                    0.0014835713664069772,
                    -0.09600897878408432,
                    -0.38702458143234253
                ],
                [
                    -1.1641532182693481e-10,
                    0.9998806715011597,
                    0.01545057911425829,
                    0.06228327751159668
                ],
                [
                    0.0,
                    0.0,
                    0.0,
                    1.0
                ]
            ]
        },
        {
            "file_path": "/data/shapenet_blender/all_50_random/02958343/eb46e6071b4f72659bc0c5b67eaafbc/r_18",
            "rotation": 0.12566370614359174,
            "transform_matrix": [
                [
                    0.6123014092445374,
                    -0.3915342688560486,
                    -0.6868681311607361,
                    -2.7688539028167725
                ],
                [
                    -0.7906243801116943,
                    -0.3032248914241791,
                    -0.531947135925293,
                    -2.1443474292755127
                ],
                [
                    1.4901160305669237e-08,
                    0.868766725063324,
                    -0.4952215850353241,
                    -1.9963020086288452
                ],
                [
                    0.0,
                    0.0,
                    0.0,
                    1.0
                ]
            ]
        },
        {
            "file_path": "/data/shapenet_blender/all_50_random/02958343/eb46e6071b4f72659bc0c5b67eaafbc/r_19",
            "rotation": 0.12566370614359174,
            "transform_matrix": [
                [
                    -0.9480136036872864,
                    0.08645801246166229,
                    0.30626001954078674,
                    1.2345737218856812
                ],
                [
                    0.3182297945022583,
                    0.2575603127479553,
                    0.912355363368988,
                    3.6778223514556885
                ],
                [
                    0.0,
                    0.9623863697052002,
                    -0.2716841697692871,
                    -1.0951939821243286
                ],
                [
                    0.0,
                    0.0,
                    0.0,
                    1.0
                ]
            ]
        },
        {
            "file_path": "/data/shapenet_blender/all_50_random/02958343/eb46e6071b4f72659bc0c5b67eaafbc/r_20",
            "rotation": 0.12566370614359174,
            "transform_matrix": [
                [
                    0.8678845167160034,
                    -0.03133666515350342,
                    0.4957767724990845,
                    1.9985401630401611
                ],
                [
                    0.49676620960235596,
                    0.05474730208516121,
                    -0.8661558628082275,
                    -3.491586208343506
                ],
                [
                    -3.725290742551124e-09,
                    0.9980083107948303,
                    0.06308132410049438,
                    0.2542889714241028
                ],
                [
                    0.0,
                    0.0,
                    0.0,
                    1.0
                ]
            ]
        },
        {
            "file_path": "/data/shapenet_blender/all_50_random/02958343/eb46e6071b4f72659bc0c5b67eaafbc/r_21",
            "rotation": 0.12566370614359174,
            "transform_matrix": [
                [
                    -0.9220574498176575,
                    -0.01620354689657688,
                    0.38671359419822693,
                    1.5588923692703247
                ],
                [
                    0.38705289363861084,
                    -0.03860092908143997,
                    0.9212491512298584,
                    3.7136740684509277
                ],
                [
                    0.0,
                    0.9991231560707092,
                    0.04186391457915306,
                    0.1687588393688202
                ],
                [
                    0.0,
                    0.0,
                    0.0,
                    1.0
                ]
            ]
        },
        {
            "file_path": "/data/shapenet_blender/all_50_random/02958343/eb46e6071b4f72659bc0c5b67eaafbc/r_22",
            "rotation": 0.12566370614359174,
            "transform_matrix": [
                [
                    0.9936780333518982,
                    0.01751883514225483,
                    -0.11089204996824265,
                    -0.44702017307281494
                ],
                [
                    -0.11226734519004822,
                    0.15505915880203247,
                    -0.981505274772644,
                    -3.9565744400024414
                ],
                [
                    0.0,
                    0.9877498149871826,
                    0.15604566037654877,
                    0.6290402412414551
                ],
                [
                    0.0,
                    0.0,
                    0.0,
                    1.0
                ]
            ]
        },
        {
            "file_path": "/data/shapenet_blender/all_50_random/02958343/eb46e6071b4f72659bc0c5b67eaafbc/r_23",
            "rotation": 0.12566370614359174,
            "transform_matrix": [
                [
                    -0.48741716146469116,
                    0.86440110206604,
                    0.1234310194849968,
                    0.4975663423538208
                ],
                [
                    0.8731693625450134,
                    0.4825226068496704,
                    0.0689011812210083,
                    0.27774953842163086
                ],
                [
                    0.0,
                    0.14135968685150146,
                    -0.9899582862854004,
                    -3.990649461746216
                ],
                [
                    0.0,
                    0.0,
                    0.0,
                    1.0
                ]
            ]
        },
        {
            "file_path": "/data/shapenet_blender/all_50_random/02958343/eb46e6071b4f72659bc0c5b67eaafbc/r_24",
            "rotation": 0.12566370614359174,
            "transform_matrix": [
                [
                    0.017334381118416786,
                    0.9993146061897278,
                    0.03270658850669861,
                    0.13184449076652527
                ],
                [
                    0.9998497366905212,
                    -0.017325101420283318,
                    -0.0005670336540788412,
                    -0.002285785973072052
                ],
                [
                    -5.8207657444020455e-11,
                    0.03271271288394928,
                    -0.9994648098945618,
                    -4.0289716720581055
                ],
                [
                    0.0,
                    0.0,
                    0.0,
                    1.0
                ]
            ]
        },
        {
            "file_path": "/data/shapenet_blender/all_50_random/02958343/eb46e6071b4f72659bc0c5b67eaafbc/r_25",
            "rotation": 0.12566370614359174,
            "transform_matrix": [
                [
                    -0.4363129436969757,
                    -0.4790852963924408,
                    0.7616483569145203,
                    3.070302724838257
                ],
                [
                    0.8997949957847595,
                    -0.2323097288608551,
                    0.36932530999183655,
                    1.488797903060913
                ],
                [
                    0.0,
                    0.8464687466621399,
                    0.5324382781982422,
                    2.146327257156372
                ],
                [
                    0.0,
                    0.0,
                    0.0,
                    1.0
                ]
            ]
        },
        {
            "file_path": "/data/shapenet_blender/all_50_random/02958343/eb46e6071b4f72659bc0c5b67eaafbc/r_26",
            "rotation": 0.12566370614359174,
            "transform_matrix": [
                [
                    0.3175228238105774,
                    -0.8991346955299377,
                    0.3012241721153259,
                    1.214273452758789
                ],
                [
                    0.9482506513595581,
                    0.3010762631893158,
                    -0.10086525976657867,
                    -0.40660086274147034
                ],
                [
                    7.450580596923828e-09,
                    0.31766289472579956,
                    0.9482036828994751,
                    3.822331190109253
                ],
                [
                    0.0,
                    0.0,
                    0.0,
                    1.0
                ]
            ]
        },
        {
            "file_path": "/data/shapenet_blender/all_50_random/02958343/eb46e6071b4f72659bc0c5b67eaafbc/r_27",
            "rotation": 0.12566370614359174,
            "transform_matrix": [
                [
                    0.9975553154945374,
                    0.028018422424793243,
                    0.06401975452899933,
                    0.2580718994140625
                ],
                [
                    0.06988248974084854,
                    -0.399956077337265,
                    -0.9138662815093994,
                    -3.683912754058838
                ],
                [
                    -1.862645371275562e-09,
                    0.9161059260368347,
                    -0.4009362757205963,
                    -1.6162258386611938
                ],
                [
                    0.0,
                    0.0,
                    0.0,
                    1.0
                ]
            ]
        },
        {
            "file_path": "/data/shapenet_blender/all_50_random/02958343/eb46e6071b4f72659bc0c5b67eaafbc/r_28",
            "rotation": 0.12566370614359174,
            "transform_matrix": [
                [
                    0.07569701224565506,
                    0.22826923429965973,
                    -0.9706509709358215,
                    -3.912818670272827
                ],
                [
                    -0.9971308708190918,
                    0.017329016700387,
                    -0.07368679344654083,
                    -0.2970409393310547
                ],
                [
                    0.0,
                    0.973443865776062,
                    0.22892604768276215,
                    0.9228302836418152
                ],
                [
                    0.0,
                    0.0,
                    0.0,
                    1.0
                ]
            ]
        },
        {
            "file_path": "/data/shapenet_blender/all_50_random/02958343/eb46e6071b4f72659bc0c5b67eaafbc/r_29",
            "rotation": 0.12566370614359174,
            "transform_matrix": [
                [
                    0.17656256258487701,
                    -0.9443013668060303,
                    0.2777058184146881,
                    1.1194679737091064
                ],
                [
                    0.9842893481254578,
                    0.1693894863128662,
                    -0.04981508105993271,
                    -0.2008109986782074
                ],
                [
                    0.0,
                    0.2821383476257324,
                    0.9593737125396729,
                    3.867358922958374
                ],
                [
                    0.0,
                    0.0,
                    0.0,
                    1.0
                ]
            ]
        },
        {
            "file_path": "/data/shapenet_blender/all_50_random/02958343/eb46e6071b4f72659bc0c5b67eaafbc/r_30",
            "rotation": 0.12566370614359174,
            "transform_matrix": [
                [
                    0.7659025192260742,
                    -0.2780298590660095,
                    0.5797349810600281,
                    2.336986780166626
                ],
                [
                    0.6429567337036133,
                    0.33119451999664307,
                    -0.6905915141105652,
                    -2.7838637828826904
                ],
                [
                    1.4901162970204496e-08,
                    0.9016703367233276,
                    0.432423859834671,
                    1.7431564331054688
                ],
                [
                    0.0,
                    0.0,
                    0.0,
                    1.0
                ]
            ]
        },
        {
            "file_path": "/data/shapenet_blender/all_50_random/02958343/eb46e6071b4f72659bc0c5b67eaafbc/r_31",
            "rotation": 0.12566370614359174,
            "transform_matrix": [
                [
                    0.08664017915725708,
                    -0.10374277085065842,
                    0.9908233284950256,
                    3.9941365718841553
                ],
                [
                    0.9962396025657654,
                    0.009022219106554985,
                    -0.08616913855075836,
                    -0.34735891222953796
                ],
                [
                    -9.313225746154785e-10,
                    0.994563102722168,
                    0.10413435846567154,
                    0.4197790324687958
                ],
                [
                    0.0,
                    0.0,
                    0.0,
                    1.0
                ]
            ]
        },
        {
            "file_path": "/data/shapenet_blender/all_50_random/02958343/eb46e6071b4f72659bc0c5b67eaafbc/r_32",
            "rotation": 0.12566370614359174,
            "transform_matrix": [
                [
                    0.8787626624107361,
                    -0.2324589341878891,
                    -0.41682013869285583,
                    -1.6802558898925781
                ],
                [
                    -0.4772590696811676,
                    -0.42801961302757263,
                    -0.7674782872200012,
                    -3.093804121017456
                ],
                [
                    -1.4901161193847656e-08,
                    0.8733625411987305,
                    -0.4870707094669342,
                    -1.9634449481964111
                ],
                [
                    0.0,
                    0.0,
                    0.0,
                    1.0
                ]
            ]
        },
        {
            "file_path": "/data/shapenet_blender/all_50_random/02958343/eb46e6071b4f72659bc0c5b67eaafbc/r_33",
            "rotation": 0.12566370614359174,
            "transform_matrix": [
                [
                    0.8802545070648193,
                    -0.019219519570469856,
                    -0.47411248087882996,
                    -1.9112085103988647
                ],
                [
                    -0.4745018780231476,
                    -0.035654377192258835,
                    -0.8795320987701416,
                    -3.5455071926116943
                ],
                [
                    0.0,
                    0.9991793036460876,
                    -0.04050462692975998,
                    -0.16327936947345734
                ],
                [
                    0.0,
                    0.0,
                    0.0,
                    1.0
                ]
            ]
        },
        {
            "file_path": "/data/shapenet_blender/all_50_random/02958343/eb46e6071b4f72659bc0c5b67eaafbc/r_34",
            "rotation": 0.12566370614359174,
            "transform_matrix": [
                [
                    0.9233605265617371,
                    0.13788077235221863,
                    0.35832151770591736,
                    1.4444403648376465
                ],
                [
                    0.3839341998100281,
                    -0.3316028118133545,
                    -0.8617621660232544,
                    -3.473874568939209
                ],
                [
                    -7.450580596923828e-09,
                    0.933289110660553,
                    -0.3591260015964508,
                    -1.447683334350586
                ],
                [
                    0.0,
                    0.0,
                    0.0,
                    1.0
                ]
            ]
        },
        {
            "file_path": "/data/shapenet_blender/all_50_random/02958343/eb46e6071b4f72659bc0c5b67eaafbc/r_35",
            "rotation": 0.12566370614359174,
            "transform_matrix": [
                [
                    0.5596511363983154,
                    -0.7943921685218811,
                    0.23607558012008667,
                    0.9516510963439941
                ],
                [
                    0.8287283778190613,
                    0.5364634394645691,
                    -0.15942493081092834,
                    -0.6426624655723572
                ],
                [
                    0.0,
                    0.28486478328704834,
                    0.9585676789283752,
                    3.864109992980957
                ],
                [
                    0.0,
                    0.0,
                    0.0,
                    1.0
                ]
            ]
        },
        {
            "file_path": "/data/shapenet_blender/all_50_random/02958343/eb46e6071b4f72659bc0c5b67eaafbc/r_36",
            "rotation": 0.12566370614359174,
            "transform_matrix": [
                [
                    -0.7633767127990723,
                    0.2046055644750595,
                    0.6126928329467773,
                    2.469843626022339
                ],
                [
                    0.6459534168243408,
                    0.24179936945438385,
                    0.7240699529647827,
                    2.918818950653076
                ],
                [
                    0.0,
                    0.9485092163085938,
                    -0.3167496919631958,
                    -1.2768586874008179
                ],
                [
                    0.0,
                    0.0,
                    0.0,
                    1.0
                ]
            ]
        },
        {
            "file_path": "/data/shapenet_blender/all_50_random/02958343/eb46e6071b4f72659bc0c5b67eaafbc/r_37",
            "rotation": 0.12566370614359174,
            "transform_matrix": [
                [
                    -0.8535270094871521,
                    -0.3935171961784363,
                    -0.3415199816226959,
                    -1.376711130142212
                ],
                [
                    -0.5210485458374023,
                    0.6446185111999512,
                    0.5594421029090881,
                    2.255183219909668
                ],
                [
                    1.4901160305669237e-08,
                    0.6554474234580994,
                    -0.755240797996521,
                    -3.0444729328155518
                ],
                [
                    0.0,
                    0.0,
                    0.0,
                    1.0
                ]
            ]
        },
        {
            "file_path": "/data/shapenet_blender/all_50_random/02958343/eb46e6071b4f72659bc0c5b67eaafbc/r_38",
            "rotation": 0.12566370614359174,
            "transform_matrix": [
                [
                    -0.7210031151771545,
                    0.4959047734737396,
                    0.4839760959148407,
                    1.95097017288208
                ],
                [
                    0.6929317116737366,
                    0.5159944295883179,
                    0.5035824775695801,
                    2.030006170272827
                ],
                [
                    0.0,
                    0.698447048664093,
                    -0.7156616449356079,
                    -2.8849246501922607
                ],
                [
                    0.0,
                    0.0,
                    0.0,
                    1.0
                ]
            ]
        },
        {
            "file_path": "/data/shapenet_blender/all_50_random/02958343/eb46e6071b4f72659bc0c5b67eaafbc/r_39",
            "rotation": 0.12566370614359174,
            "transform_matrix": [
                [
                    -0.8226264715194702,
                    -0.10637077689170837,
                    0.5585436820983887,
                    2.2515616416931152
                ],
                [
                    0.56858229637146,
                    -0.15389753878116608,
                    0.808102548122406,
                    3.257565498352051
                ],
                [
                    0.0,
                    0.9823445081710815,
                    0.18708071112632751,
                    0.7541464567184448
                ],
                [
                    0.0,
                    0.0,
                    0.0,
                    1.0
                ]
            ]
        },
        {
            "file_path": "/data/shapenet_blender/all_50_random/02958343/eb46e6071b4f72659bc0c5b67eaafbc/r_40",
            "rotation": 0.12566370614359174,
            "transform_matrix": [
                [
                    -0.3856336176395416,
                    0.23405413329601288,
                    -0.8924714922904968,
                    -3.597667694091797
                ],
                [
                    -0.9226520657539368,
                    -0.09782576560974121,
                    0.3730193078517914,
                    1.503688931465149
                ],
                [
                    0.0,
                    0.9672894477844238,
                    0.2536754012107849,
                    1.0225982666015625
                ],
                [
                    0.0,
                    0.0,
                    0.0,
                    1.0
                ]
            ]
        },
        {
            "file_path": "/data/shapenet_blender/all_50_random/02958343/eb46e6071b4f72659bc0c5b67eaafbc/r_41",
            "rotation": 0.12566370614359174,
            "transform_matrix": [
                [
                    0.9333425164222717,
                    0.040409937500953674,
                    0.35670536756515503,
                    1.4379253387451172
                ],
                [
                    0.35898706316947937,
                    -0.10506317019462585,
                    -0.927410364151001,
                    -3.738510847091675
                ],
                [
                    0.0,
                    0.9936442375183105,
