{
    "class": "02958343",
    "model": "df1d1694cb98584cc23e2024862e7f3",
    "remove_doubles": true,
    "edge_split": true,
    "denoise": true,
    "camera_angle_x": 0.6911112070083618,
    "scale_factor": 2.2950966248273263,
    "hdri_file": "/data/IndoorHDRDataset2018/AG8A7422-77d30fccc7.exr",
    "center_offset": [
        0.0,
        -9.313225746154785e-10,
        0.0
    ],
    "lights": [],
    "frames": [
        {
            "file_path": "/data/shapenet_blender/all_50_random/02958343/df1d1694cb98584cc23e2024862e7f3/r_0",
            "rotation": 0.12566370614359174,
            "transform_matrix": [
                [
                    0.0721413642168045,
                    -0.6348867416381836,
                    0.7692297697067261,
                    3.1008644104003906
                ],
                [
                    0.9973944425582886,
                    0.04592124745249748,
                    -0.055638257414102554,
                    -0.22428499162197113
                ],
                [
                    0.0,
                    0.7712392807006836,
                    0.6365453004837036,
                    2.5659961700439453
                ],
                [
                    0.0,
                    0.0,
                    0.0,
                    1.0
                ]
            ]
        },
        {
            "file_path": "/data/shapenet_blender/all_50_random/02958343/df1d1694cb98584cc23e2024862e7f3/r_1",
            "rotation": 0.12566370614359174,
            "transform_matrix": [
                [
                    -0.9928467273712158,
                    -0.09149705618619919,
                    -0.0767054408788681,
                    -0.30920952558517456
                ],
                [
                    -0.1193961426615715,
                    0.7608500123023987,
                    0.6378493309020996,
                    2.5712528228759766
                ],
                [
                    0.0,
                    0.6424448490142822,
                    -0.7663317918777466,
                    -3.0891823768615723
                ],
                [
                    0.0,
                    0.0,
                    0.0,
                    1.0
                ]
            ]
        },
        {
            "file_path": "/data/shapenet_blender/all_50_random/02958343/df1d1694cb98584cc23e2024862e7f3/r_2",
            "rotation": 0.12566370614359174,
            "transform_matrix": [
                [
                    0.09650936722755432,
                    0.026976166293025017,
                    -0.9949663877487183,
                    -4.010838031768799
                ],
                [
                    -0.9953320026397705,
                    0.0026156625244766474,
                    -0.09647391736507416,
                    -0.3888988196849823
                ],
                [
                    -2.3283062977608182e-10,
                    0.9996325969696045,
                    0.027102677151560783,
                    0.109254390001297
                ],
                [
                    0.0,
                    0.0,
                    0.0,
                    1.0
                ]
            ]
        },
        {
            "file_path": "/data/shapenet_blender/all_50_random/02958343/df1d1694cb98584cc23e2024862e7f3/r_3",
            "rotation": 0.12566370614359174,
            "transform_matrix": [
                [
                    0.8709770441055298,
                    0.47980108857154846,
                    -0.10578246414661407,
                    -0.42642274498939514
                ],
                [
                    -0.4913238286972046,
                    0.8505504727363586,
                    -0.18752214312553406,
                    -0.7559258937835693
                ],
                [
                    0.0,
                    0.21530111134052277,
                    0.9765477776527405,
                    3.9365897178649902
                ],
                [
                    0.0,
                    0.0,
                    0.0,
                    1.0
                ]
            ]
        },
        {
            "file_path": "/data/shapenet_blender/all_50_random/02958343/df1d1694cb98584cc23e2024862e7f3/r_4",
            "rotation": 0.12566370614359174,
            "transform_matrix": [
                [
                    0.6592499613761902,
                    0.09314922243356705,
                    0.7461317777633667,
                    3.007753610610962
                ],
                [
                    0.7519239187240601,
                    -0.0816686600446701,
                    -0.6541717052459717,
                    -2.6370506286621094
                ],
                [
                    -3.725290298461914e-09,
                    0.9922971129417419,
                    -0.12388117611408234,
                    -0.49938103556632996
                ],
                [
                    0.0,
                    0.0,
                    0.0,
                    1.0
                ]
            ]
        },
        {
            "file_path": "/data/shapenet_blender/all_50_random/02958343/df1d1694cb98584cc23e2024862e7f3/r_5",
            "rotation": 0.12566370614359174,
            "transform_matrix": [
                [
                    -0.1923055350780487,
                    -0.5634908080101013,
                    0.8034279942512512,
                    3.238722085952759
                ],
                [
                    0.9813351631164551,
                    -0.11042343080043793,
                    0.15744227170944214,
                    0.6346701383590698
                ],
                [
                    0.0,
                    0.818709135055542,
                    0.5742083787918091,
                    2.3147082328796387
                ],
                [
                    0.0,
                    0.0,
                    0.0,
                    1.0
                ]
            ]
        },
        {
            "file_path": "/data/shapenet_blender/all_50_random/02958343/df1d1694cb98584cc23e2024862e7f3/r_6",
            "rotation": 0.12566370614359174,
            "transform_matrix": [
                [
                    -0.1452791541814804,
                    0.6538921594619751,
                    0.7425084710121155,
                    2.993147611618042
                ],
                [
                    0.9893907308578491,
                    0.0960155576467514,
                    0.10902770608663559,
                    0.4395047724246979
                ],
                [
                    0.0,
                    0.7504704594612122,
                    -0.6609038710594177,
                    -2.664188861846924
                ],
                [
                    0.0,
                    0.0,
                    0.0,
                    1.0
                ]
            ]
        },
        {
            "file_path": "/data/shapenet_blender/all_50_random/02958343/df1d1694cb98584cc23e2024862e7f3/r_7",
            "rotation": 0.12566370614359174,
            "transform_matrix": [
                [
                    -0.09939131885766983,
                    -0.212238147854805,
                    0.9721503257751465,
                    3.918863296508789
                ],
                [
                    0.995048463344574,
                    -0.021199598908424377,
                    0.09710411727428436,
                    0.3914392292499542
                ],
                [
                    -1.862645371275562e-09,
                    0.9769879579544067,
                    0.21329428255558014,
                    0.8598167300224304
                ],
                [
                    0.0,
                    0.0,
                    0.0,
                    1.0
                ]
            ]
        },
        {
            "file_path": "/data/shapenet_blender/all_50_random/02958343/df1d1694cb98584cc23e2024862e7f3/r_8",
            "rotation": 0.12566370614359174,
            "transform_matrix": [
                [
                    -0.7893102169036865,
                    -0.15233354270458221,
                    -0.5947973728179932,
                    -2.397704839706421
                ],
                [
                    -0.6139947175979614,
                    0.19582976400852203,
                    0.764631450176239,
                    3.0823280811309814
                ],
                [
                    7.450580596923828e-09,
                    0.9687337875366211,
                    -0.24810241162776947,
                    -1.0001327991485596
                ],
                [
                    0.0,
                    0.0,
                    0.0,
                    1.0
                ]
            ]
        },
        {
            "file_path": "/data/shapenet_blender/all_50_random/02958343/df1d1694cb98584cc23e2024862e7f3/r_9",
            "rotation": 0.12566370614359174,
            "transform_matrix": [
                [
                    -0.9521581530570984,
                    0.061468105763196945,
                    -0.2993602156639099,
                    -1.2067595720291138
                ],
                [
                    -0.3056057393550873,
                    -0.19151262938976288,
                    0.9326993227005005,
                    3.759831190109253
                ],
                [
                    -3.725290076417309e-09,
                    0.9795634746551514,
                    0.2011353075504303,
                    0.8108023405075073
                ],
                [
                    0.0,
                    0.0,
                    0.0,
                    1.0
                ]
            ]
        },
        {
            "file_path": "/data/shapenet_blender/all_50_random/02958343/df1d1694cb98584cc23e2024862e7f3/r_10",
            "rotation": 0.12566370614359174,
            "transform_matrix": [
                [
                    0.5358321070671082,
                    0.3726990222930908,
                    0.7576143145561218,
                    3.0540409088134766
                ],
                [
                    0.8443245887756348,
                    -0.2365252822637558,
                    -0.48080334067344666,
                    -1.9381802082061768
                ],
                [
                    1.4901161193847656e-08,
                    0.8973021507263184,
                    -0.44141677021980286,
                    -1.7794078588485718
                ],
                [
                    0.0,
                    0.0,
                    0.0,
                    1.0
                ]
            ]
        },
        {
            "file_path": "/data/shapenet_blender/all_50_random/02958343/df1d1694cb98584cc23e2024862e7f3/r_11",
            "rotation": 0.12566370614359174,
            "transform_matrix": [
                [
                    -0.924217939376831,
                    -0.21805758774280548,
                    -0.3134840130805969,
                    -1.2636942863464355
                ],
                [
                    -0.38186562061309814,
                    0.5277582406997681,
                    0.7587159872055054,
                    3.0584816932678223
                ],
                [
                    0.0,
                    0.8209275007247925,
                    -0.5710323452949524,
                    -2.3019046783447266
                ],
                [
                    0.0,
                    0.0,
                    0.0,
                    1.0
                ]
            ]
        },
        {
            "file_path": "/data/shapenet_blender/all_50_random/02958343/df1d1694cb98584cc23e2024862e7f3/r_12",
            "rotation": 0.12566370614359174,
            "transform_matrix": [
                [
                    -0.2129400670528412,
                    0.12017460912466049,
                    -0.969646692276001,
                    -3.9087703227996826
                ],
                [
                    -0.9770653247833252,
                    -0.02619066648185253,
                    0.21132327616214752,
                    0.8518712520599365
                ],
                [
                    -1.862645149230957e-09,
                    0.9924071431159973,
                    0.12299549579620361,
                    0.4958106577396393
                ],
                [
                    0.0,
                    0.0,
                    0.0,
                    1.0
                ]
            ]
        },
        {
            "file_path": "/data/shapenet_blender/all_50_random/02958343/df1d1694cb98584cc23e2024862e7f3/r_13",
            "rotation": 0.12566370614359174,
            "transform_matrix": [
                [
                    -0.5485138297080994,
                    0.25525572896003723,
                    -0.7962267994880676,
                    -3.2096927165985107
                ],
                [
                    -0.8361415266990662,
                    -0.16744929552078247,
                    0.5223295092582703,
                    2.1055774688720703
                ],
                [
                    0.0,
                    0.9522631168365479,
                    0.3052782118320465,
                    1.2306158542633057
                ],
                [
                    0.0,
                    0.0,
                    0.0,
                    1.0
                ]
            ]
        },
        {
            "file_path": "/data/shapenet_blender/all_50_random/02958343/df1d1694cb98584cc23e2024862e7f3/r_14",
            "rotation": 0.12566370614359174,
            "transform_matrix": [
                [
                    0.7541184425354004,
                    -0.07728518545627594,
                    0.6521750092506409,
                    2.6290018558502197
                ],
                [
                    0.6567384004592896,
                    0.08874490112066269,
                    -0.7488784193992615,
                    -3.0188257694244385
                ],
                [
                    0.0,
                    0.9930514693260193,
                    0.11768031865358353,
                    0.4743845760822296
                ],
                [
                    0.0,
                    0.0,
                    0.0,
                    1.0
                ]
            ]
        },
        {
            "file_path": "/data/shapenet_blender/all_50_random/02958343/df1d1694cb98584cc23e2024862e7f3/r_15",
            "rotation": 0.12566370614359174,
            "transform_matrix": [
                [
                    -0.03271431848406792,
                    -0.749374270439148,
                    -0.6613380312919617,
                    -2.6659388542175293
                ],
                [
                    -0.999464750289917,
                    0.024528393521904945,
                    0.021646808832883835,
                    0.08726108074188232
                ],
                [
                    -1.862645149230957e-09,
                    0.661692202091217,
                    -0.7497755289077759,
                    -3.022441864013672
                ],
                [
                    0.0,
                    0.0,
                    0.0,
                    1.0
                ]
            ]
        },
        {
            "file_path": "/data/shapenet_blender/all_50_random/02958343/df1d1694cb98584cc23e2024862e7f3/r_16",
            "rotation": 0.12566370614359174,
            "transform_matrix": [
                [
                    0.8861406445503235,
                    -0.1426936686038971,
                    0.4409007728099823,
                    1.7773278951644897
                ],
                [
                    0.4634166657924652,
                    0.2728573679924011,
                    -0.8430859446525574,
                    -3.398588180541992
                ],
                [
                    0.0,
                    0.9514133334159851,
                    0.3079166114330292,
                    1.2412515878677368
                ],
                [
                    0.0,
                    0.0,
                    0.0,
                    1.0
                ]
            ]
        },
        {
            "file_path": "/data/shapenet_blender/all_50_random/02958343/df1d1694cb98584cc23e2024862e7f3/r_17",
            "rotation": 0.12566370614359174,
            "transform_matrix": [
                [
                    -0.7852595448493958,
                    0.2592691481113434,
                    0.562269389629364,
                    2.266580581665039
                ],
                [
                    0.6191666126251221,
                    0.328818678855896,
                    0.7130994200706482,
                    2.874595880508423
                ],
                [
                    0.0,
                    0.9081066846847534,
                    -0.41873881220817566,
                    -1.6879903078079224
                ],
                [
                    0.0,
                    0.0,
                    0.0,
                    1.0
                ]
            ]
        },
        {
            "file_path": "/data/shapenet_blender/all_50_random/02958343/df1d1694cb98584cc23e2024862e7f3/r_18",
            "rotation": 0.12566370614359174,
            "transform_matrix": [
                [
                    -0.28802645206451416,
                    -0.9046016931533813,
                    -0.31422358751296997,
                    -1.2666758298873901
                ],
                [
                    -0.9576224684715271,
                    0.2720792591571808,
                    0.0945097953081131,
                    0.3809811770915985
                ],
                [
                    0.0,
                    0.3281289041042328,
                    -0.9446329474449158,
                    -3.8079371452331543
                ],
                [
                    0.0,
                    0.0,
                    0.0,
                    1.0
                ]
            ]
        },
        {
            "file_path": "/data/shapenet_blender/all_50_random/02958343/df1d1694cb98584cc23e2024862e7f3/r_19",
            "rotation": 0.12566370614359174,
            "transform_matrix": [
                [
                    0.9467145204544067,
                    -0.1319074034690857,
                    -0.2938235104084015,
                    -1.1844404935836792
                ],
                [
                    -0.3220742344856262,
                    -0.38773247599601746,
                    -0.8636733889579773,
                    -3.481578826904297
                ],
                [
                    -7.450581485102248e-09,
                    0.9122849702835083,
                    -0.40955591201782227,
                    -1.6509727239608765
                ],
                [
                    0.0,
                    0.0,
                    0.0,
                    1.0
                ]
            ]
        },
        {
            "file_path": "/data/shapenet_blender/all_50_random/02958343/df1d1694cb98584cc23e2024862e7f3/r_20",
            "rotation": 0.12566370614359174,
            "transform_matrix": [
                [
                    -0.487861305475235,
                    -0.4807059168815613,
                    -0.7286378145217896,
                    -2.9372332096099854
                ],
                [
                    -0.8729211091995239,
                    0.2686586380004883,
                    0.40722373127937317,
                    1.6415715217590332
                ],
                [
                    0.0,
                    0.8347120881080627,
                    -0.5506864786148071,
                    -2.21988844871521
                ],
                [
                    0.0,
                    0.0,
                    0.0,
                    1.0
                ]
            ]
        },
        {
            "file_path": "/data/shapenet_blender/all_50_random/02958343/df1d1694cb98584cc23e2024862e7f3/r_21",
            "rotation": 0.12566370614359174,
            "transform_matrix": [
                [
                    0.9757354855537415,
                    0.1828906089067459,
                    -0.12038052827119827,
                    -0.4852694272994995
                ],
                [
                    -0.21895310282707214,
                    0.8150277733802795,
                    -0.5364598631858826,
                    -2.162538766860962
                ],
                [
                    7.450581485102248e-09,
                    0.5498005151748657,
                    0.8352959156036377,
                    3.367185592651367
                ],
                [
                    0.0,
                    0.0,
                    0.0,
                    1.0
                ]
            ]
        },
        {
            "file_path": "/data/shapenet_blender/all_50_random/02958343/df1d1694cb98584cc23e2024862e7f3/r_22",
            "rotation": 0.12566370614359174,
            "transform_matrix": [
                [
                    -0.8133918046951294,
                    0.10105115920305252,
                    -0.5728721618652344,
                    -2.309321641921997
                ],
                [
                    -0.5817162990570068,
                    -0.14129599928855896,
                    0.8010253310203552,
                    3.229036331176758
                ],
                [
                    -7.450580596923828e-09,
                    0.9847964644432068,
                    0.1737121045589447,
                    0.7002558708190918
                ],
                [
                    0.0,
                    0.0,
                    0.0,
                    1.0
                ]
            ]
        },
        {
            "file_path": "/data/shapenet_blender/all_50_random/02958343/df1d1694cb98584cc23e2024862e7f3/r_23",
            "rotation": 0.12566370614359174,
            "transform_matrix": [
                [
                    -0.9866369962692261,
                    0.001576139940880239,
                    0.1629260778427124,
                    0.6567760109901428
                ],
                [
                    0.16293369233608246,
                    0.00954423751682043,
                    0.9865908622741699,
                    3.9770748615264893
                ],
                [
                    1.1641530794914701e-10,
                    0.9999532699584961,
                    -0.009673504158854485,
                    -0.03899514302611351
                ],
                [
                    0.0,
                    0.0,
                    0.0,
                    1.0
                ]
            ]
        },
        {
            "file_path": "/data/shapenet_blender/all_50_random/02958343/df1d1694cb98584cc23e2024862e7f3/r_24",
            "rotation": 0.12566370614359174,
            "transform_matrix": [
                [
                    -0.5214815139770508,
                    -0.6689261794090271,
                    0.5297117829322815,
                    2.135336399078369
                ],
                [
                    0.8532625436782837,
                    -0.408822238445282,
                    0.3237396776676178,
                    1.3050364255905151
                ],
                [
                    1.4901161193847656e-08,
                    0.620807409286499,
                    0.7839630246162415,
                    3.1602561473846436
                ],
                [
                    0.0,
                    0.0,
                    0.0,
                    1.0
                ]
            ]
        },
        {
            "file_path": "/data/shapenet_blender/all_50_random/02958343/df1d1694cb98584cc23e2024862e7f3/r_25",
            "rotation": 0.12566370614359174,
            "transform_matrix": [
                [
                    0.8110707998275757,
                    -0.03737320378422737,
                    0.5837529301643372,
                    2.3531832695007324
                ],
                [
                    0.5849481225013733,
                    0.05182051658630371,
                    -0.8094136118888855,
                    -3.262850522994995
                ],
                [
                    1.8626449271863521e-09,
                    0.9979568719863892,
                    0.06389148533344269,
                    0.257554829120636
                ],
                [
                    0.0,
                    0.0,
                    0.0,
                    1.0
                ]
            ]
        },
        {
            "file_path": "/data/shapenet_blender/all_50_random/02958343/df1d1694cb98584cc23e2024862e7f3/r_26",
            "rotation": 0.12566370614359174,
            "transform_matrix": [
                [
                    -0.02719208039343357,
                    0.1874799132347107,
                    -0.9818919897079468,
                    -3.9581332206726074
                ],
                [
                    -0.999630331993103,
                    -0.005099853966385126,
                    0.026709560304880142,
                    0.10766968131065369
                ],
                [
                    0.0,
                    0.9822551012039185,
                    0.18754927814006805,
                    0.756035327911377
                ],
                [
                    0.0,
                    0.0,
                    0.0,
                    1.0
                ]
            ]
        },
        {
            "file_path": "/data/shapenet_blender/all_50_random/02958343/df1d1694cb98584cc23e2024862e7f3/r_27",
            "rotation": 0.12566370614359174,
            "transform_matrix": [
                [
                    -0.14768682420253754,
                    -0.8156360387802124,
                    -0.5593982338905334,
                    -2.2550063133239746
                ],
                [
                    -0.9890342950820923,
                    0.12179426103830338,
                    0.08353173732757568,
                    0.33672720193862915
                ],
                [
                    -7.450581485102248e-09,
                    0.5656004548072815,
                    -0.8246793746948242,
                    -3.3243889808654785
                ],
                [
                    0.0,
                    0.0,
                    0.0,
                    1.0
                ]
            ]
        },
        {
            "file_path": "/data/shapenet_blender/all_50_random/02958343/df1d1694cb98584cc23e2024862e7f3/r_28",
            "rotation": 0.12566370614359174,
            "transform_matrix": [
                [
                    0.1023842990398407,
                    0.6789076328277588,
                    -0.7270500659942627,
                    -2.930832862854004
                ],
                [
                    -0.9947450160980225,
                    0.06987668573856354,
                    -0.0748317539691925,
                    -0.30165648460388184
                ],
                [
                    -3.725290298461914e-09,
                    0.7308911085128784,
                    0.6824941039085388,
                    2.7512218952178955
                ],
                [
                    0.0,
                    0.0,
                    0.0,
                    1.0
                ]
            ]
        },
        {
            "file_path": "/data/shapenet_blender/all_50_random/02958343/df1d1694cb98584cc23e2024862e7f3/r_29",
            "rotation": 0.12566370614359174,
            "transform_matrix": [
                [
                    -0.6420924067497253,
                    0.007674220018088818,
                    0.7665888071060181,
                    3.0902183055877686
                ],
                [
                    0.766627311706543,
                    0.006427580490708351,
                    0.6420602202415466,
                    2.5882275104522705
                ],
                [
                    4.656612873077393e-10,
                    0.9999499917030334,
                    -0.010010365396738052,
                    -0.04035307466983795
                ],
                [
                    0.0,
                    0.0,
                    0.0,
                    1.0
                ]
            ]
        },
        {
            "file_path": "/data/shapenet_blender/all_50_random/02958343/df1d1694cb98584cc23e2024862e7f3/r_30",
            "rotation": 0.12566370614359174,
            "transform_matrix": [
                [
                    -0.9985291361808777,
                    0.024705970659852028,
                    0.04826031252741814,
                    0.19454354047775269
                ],
                [
                    0.054216623306274414,
                    0.45501968264579773,
                    0.8888293504714966,
                    3.5829856395721436
                ],
                [
                    0.0,
                    0.8901386260986328,
                    -0.4556898772716522,
                    -1.8369446992874146
                ],
                [
                    0.0,
                    0.0,
                    0.0,
                    1.0
                ]
            ]
        },
        {
            "file_path": "/data/shapenet_blender/all_50_random/02958343/df1d1694cb98584cc23e2024862e7f3/r_31",
            "rotation": 0.12566370614359174,
            "transform_matrix": [
                [
                    0.8791479468345642,
                    -0.45726531744003296,
                    -0.1341918557882309,
                    -0.5409447550773621
                ],
                [
                    -0.4765491485595703,
                    -0.843572735786438,
                    -0.24755999445915222,
                    -0.9979463219642639
                ],
                [
                    0.0,
                    0.28159070014953613,
                    -0.9595345258712769,
                    -3.8680076599121094
                ],
                [
                    0.0,
                    0.0,
                    0.0,
                    1.0
                ]
            ]
        },
        {
            "file_path": "/data/shapenet_blender/all_50_random/02958343/df1d1694cb98584cc23e2024862e7f3/r_32",
            "rotation": 0.12566370614359174,
            "transform_matrix": [
                [
                    -0.9980091452598572,
                    -0.03554810583591461,
                    -0.05209578573703766,
                    -0.21000483632087708
                ],
                [
                    -0.06306852400302887,
                    0.562520444393158,
                    0.8243743181228638,
                    3.3231592178344727
                ],
                [
                    0.0,
                    0.8260186910629272,
                    -0.5636425614356995,
                    -2.27211594581604
                ],
                [
                    0.0,
                    0.0,
                    0.0,
                    1.0
                ]
            ]
        },
        {
            "file_path": "/data/shapenet_blender/all_50_random/02958343/df1d1694cb98584cc23e2024862e7f3/r_33",
            "rotation": 0.12566370614359174,
            "transform_matrix": [
                [
                    -0.23409567773342133,
                    0.12943212687969208,
                    -0.9635592699050903,
                    -3.8842318058013916
                ],
                [
                    -0.9722135066986084,
                    -0.031165480613708496,
                    0.2320118397474289,
                    0.9352697134017944
                ],
                [
                    -1.8626450382086546e-09,
                    0.9910982847213745,
                    0.13313136994838715,
                    0.5366697907447815
                ],
                [
                    0.0,
                    0.0,
                    0.0,
                    1.0
                ]
            ]
        },
        {
            "file_path": "/data/shapenet_blender/all_50_random/02958343/df1d1694cb98584cc23e2024862e7f3/r_34",
            "rotation": 0.12566370614359174,
            "transform_matrix": [
                [
                    -0.996749997138977,
                    0.07309811562299728,
                    -0.03385517746210098,
                    -0.1364745795726776
                ],
                [
                    -0.08055748045444489,
                    -0.9044541120529175,
                    0.41889524459838867,
                    1.688620686531067
                ],
                [
                    0.0,
                    0.4202609956264496,
                    0.9074032306671143,
                    3.6578593254089355
                ],
                [
                    0.0,
                    0.0,
                    0.0,
                    1.0
                ]
            ]
        },
        {
            "file_path": "/data/shapenet_blender/all_50_random/02958343/df1d1694cb98584cc23e2024862e7f3/r_35",
            "rotation": 0.12566370614359174,
            "transform_matrix": [
                [
                    -0.9848241806030273,
                    -0.05179119482636452,
                    0.16564767062664032,
                    0.6677471995353699
                ],
                [
                    0.1735554188489914,
                    -0.2938843071460724,
                    0.9399523735046387,
                    3.789069414138794
                ],
                [
                    -3.725290298461914e-09,
                    0.9544367790222168,
                    0.2984130084514618,
                    1.2029414176940918
                ],
                [
                    0.0,
                    0.0,
                    0.0,
                    1.0
                ]
            ]
        },
        {
            "file_path": "/data/shapenet_blender/all_50_random/02958343/df1d1694cb98584cc23e2024862e7f3/r_36",
            "rotation": 0.12566370614359174,
            "transform_matrix": [
                [
                    -0.8298298716545105,
                    -0.04003828018903732,
                    0.5565783381462097,
                    2.2436389923095703
                ],
                [
                    0.5580165386199951,
                    -0.059541162103414536,
                    0.8276910185813904,
                    3.33652925491333
                ],
                [
                    -3.725290298461914e-09,
                    0.9974225759506226,
                    0.07175105065107346,
                    0.28923773765563965
                ],
                [
                    0.0,
                    0.0,
                    0.0,
                    1.0
                ]
            ]
        },
        {
            "file_path": "/data/shapenet_blender/all_50_random/02958343/df1d1694cb98584cc23e2024862e7f3/r_37",
            "rotation": 0.12566370614359174,
            "transform_matrix": [
                [
                    -0.9600871205329895,
                    -0.097206249833107,
                    -0.2622663974761963,
                    -1.05722975730896
                ],
                [
                    -0.2797011435031891,
                    0.3336649537086487,
                    0.9002415537834167,
                    3.6289901733398438
                ],
                [
                    0.0,
                    0.9376665949821472,
                    -0.3475360870361328,
                    -1.4009629487991333
                ],
                [
                    0.0,
                    0.0,
                    0.0,
                    1.0
                ]
            ]
        },
        {
            "file_path": "/data/shapenet_blender/all_50_random/02958343/df1d1694cb98584cc23e2024862e7f3/r_38",
            "rotation": 0.12566370614359174,
            "transform_matrix": [
                [
                    0.954227864742279,
                    -0.03006444312632084,
                    0.29756563901901245,
                    1.1995254755020142
                ],
                [
                    0.29908058047294617,
                    0.09592173993587494,
                    -0.9493944644927979,
                    -3.8271312713623047
                ],
                [
                    1.8626450382086546e-09,
                    0.9949347972869873,
                    0.10052289068698883,
                    0.40522071719169617
                ],
                [
                    0.0,
                    0.0,
                    0.0,
                    1.0
                ]
            ]
        },
        {
            "file_path": "/data/shapenet_blender/all_50_random/02958343/df1d1694cb98584cc23e2024862e7f3/r_39",
            "rotation": 0.12566370614359174,
            "transform_matrix": [
                [
                    0.4437984824180603,
                    0.5364906191825867,
                    0.7177887558937073,
                    2.8934991359710693
                ],
                [
                    0.8961266279220581,
                    -0.2656920552253723,
                    -0.35547828674316406,
                    -1.432978868484497
                ],
                [
                    0.0,
                    0.8009904026985168,
                    -0.5986772179603577,
                    -2.4133450984954834
                ],
                [
                    0.0,
                    0.0,
                    0.0,
                    1.0
                ]
            ]
        },
        {
            "file_path": "/data/shapenet_blender/all_50_random/02958343/df1d1694cb98584cc23e2024862e7f3/r_40",
            "rotation": 0.12566370614359174,
            "transform_matrix": [
                [
                    -0.9547195434570312,
                    -0.012383348308503628,
                    -0.29724931716918945,
                    -1.1982502937316895
                ],
                [
                    -0.297507107257843,
                    0.039738960564136505,
                    0.9538922309875488,
                    3.8452625274658203
                ],
                [
                    -9.313225191043273e-10,
                    0.9991333484649658,
                    -0.04162370413541794,
                    -0.1677905172109604
                ],
                [
                    0.0,
                    0.0,
                    0.0,
                    1.0
                ]
            ]
        },
        {
            "file_path": "/data/shapenet_blender/all_50_random/02958343/df1d1694cb98584cc23e2024862e7f3/r_41",
            "rotation": 0.12566370614359174,
            "transform_matrix": [
                [
                    0.9843887686729431,
                    -0.14837485551834106,
                    -0.09467688202857971,
                    -0.3816547095775604
                ],
                [
                    -0.1760079562664032,
                    -0.8298404812812805,
                    -0.5295149683952332,
                    -2.1345431804656982
                ],
                [
