{
    "class": "02958343",
    "model": "109567d7d55b8fe515a520abec2f04dd",
    "remove_doubles": true,
    "edge_split": true,
    "denoise": true,
    "camera_angle_x": 0.6911112070083618,
    "scale_factor": 2.3248784987051687,
    "hdri_file": "/data/IndoorHDRDataset2018/9C4A5417-f5d395fb63.exr",
    "center_offset": [
        0.0,
        -3.725290298461914e-09,
        0.0
    ],
    "lights": [],
    "frames": [
        {
            "file_path": "/data/shapenet_blender/all_50_random/02958343/109567d7d55b8fe515a520abec2f04dd/r_0",
            "rotation": 0.12566370614359174,
            "transform_matrix": [
                [
                    -0.4288801848888397,
                    -0.29223817586898804,
                    0.8547857403755188,
                    3.445751428604126
                ],
                [
                    0.903361439704895,
                    -0.1387431025505066,
                    0.405818372964859,
                    1.6359062194824219
                ],
                [
                    7.450580596923828e-09,
                    0.9462278485298157,
                    0.3235009014606476,
                    1.3040738105773926
                ],
                [
                    0.0,
                    0.0,
                    0.0,
                    1.0
                ]
            ]
        },
        {
            "file_path": "/data/shapenet_blender/all_50_random/02958343/109567d7d55b8fe515a520abec2f04dd/r_1",
            "rotation": 0.12566370614359174,
            "transform_matrix": [
                [
                    0.07358038425445557,
                    -0.5371952056884766,
                    0.8402422666549683,
                    3.387125253677368
                ],
                [
                    0.9972892999649048,
                    0.03963446617126465,
                    -0.061993397772312164,
                    -0.24990339577198029
                ],
                [
                    0.0,
                    0.8425261378288269,
                    0.5386552810668945,
                    2.171389102935791
                ],
                [
                    0.0,
                    0.0,
                    0.0,
                    1.0
                ]
            ]
        },
        {
            "file_path": "/data/shapenet_blender/all_50_random/02958343/109567d7d55b8fe515a520abec2f04dd/r_2",
            "rotation": 0.12566370614359174,
            "transform_matrix": [
                [
                    0.6896704435348511,
                    0.6203181147575378,
                    0.37357741594314575,
                    1.5059388875961304
                ],
                [
                    0.7241233587265015,
                    -0.5908041000366211,
                    -0.3558030426502228,
                    -1.4342880249023438
                ],
                [
                    0.0,
                    0.5159029364585876,
                    -0.8566468954086304,
                    -3.453254222869873
                ],
                [
                    0.0,
                    0.0,
                    0.0,
                    1.0
                ]
            ]
        },
        {
            "file_path": "/data/shapenet_blender/all_50_random/02958343/109567d7d55b8fe515a520abec2f04dd/r_3",
            "rotation": 0.12566370614359174,
            "transform_matrix": [
                [
                    0.7210046052932739,
                    0.0759977474808693,
                    -0.6887500286102295,
                    -2.776440143585205
                ],
                [
                    -0.6929301023483276,
                    0.0790768414735794,
                    -0.7166551351547241,
                    -2.8889293670654297
                ],
                [
                    3.725290076417309e-09,
                    0.9939672946929932,
                    0.10967591404914856,
                    0.44211775064468384
                ],
                [
                    0.0,
                    0.0,
                    0.0,
                    1.0
                ]
            ]
        },
        {
            "file_path": "/data/shapenet_blender/all_50_random/02958343/109567d7d55b8fe515a520abec2f04dd/r_4",
            "rotation": 0.12566370614359174,
            "transform_matrix": [
                [
                    0.81746906042099,
                    0.1845870018005371,
                    -0.54559326171875,
                    -2.1993567943573
                ],
                [
                    -0.5759725570678711,
                    0.2619814872741699,
                    -0.7743521928787231,
                    -3.121513605117798
                ],
                [
                    -1.4901161193847656e-08,
                    0.9472556710243225,
                    0.3204788267612457,
                    1.2918914556503296
                ],
                [
                    0.0,
                    0.0,
                    0.0,
                    1.0
                ]
            ]
        },
        {
            "file_path": "/data/shapenet_blender/all_50_random/02958343/109567d7d55b8fe515a520abec2f04dd/r_5",
            "rotation": 0.12566370614359174,
            "transform_matrix": [
                [
                    0.6256809830665588,
                    -0.6829788088798523,
                    0.37691259384155273,
                    1.519383430480957
                ],
                [
                    0.7800789475440979,
                    0.5477994680404663,
                    -0.3023117780685425,
                    -1.2186578512191772
                ],
                [
                    1.4901160305669237e-08,
                    0.48317232728004456,
                    0.875525176525116,
                    3.529355049133301
                ],
                [
                    0.0,
                    0.0,
                    0.0,
                    1.0
                ]
            ]
        },
        {
            "file_path": "/data/shapenet_blender/all_50_random/02958343/109567d7d55b8fe515a520abec2f04dd/r_6",
            "rotation": 0.12566370614359174,
            "transform_matrix": [
                [
                    0.9285911321640015,
                    -0.02941213548183441,
                    0.36993709206581116,
                    1.4912641048431396
                ],
                [
                    0.3711044490337372,
                    0.07359611988067627,
                    -0.9256700873374939,
                    -3.7314953804016113
                ],
                [
                    0.0,
                    0.996854305267334,
                    0.07925567775964737,
                    0.31948986649513245
                ],
                [
                    0.0,
                    0.0,
                    0.0,
                    1.0
                ]
            ]
        },
        {
            "file_path": "/data/shapenet_blender/all_50_random/02958343/109567d7d55b8fe515a520abec2f04dd/r_7",
            "rotation": 0.12566370614359174,
            "transform_matrix": [
                [
                    -0.9366064071655273,
                    0.1328970193862915,
                    0.3242018520832062,
                    1.3068995475769043
                ],
                [
                    0.35038334131240845,
                    0.35524579882621765,
                    0.8666208982467651,
                    3.4934608936309814
                ],
                [
                    -7.450580596923828e-09,
                    0.9252777099609375,
                    -0.37929031252861023,
                    -1.528968334197998
                ],
                [
                    0.0,
                    0.0,
                    0.0,
                    1.0
                ]
            ]
        },
        {
            "file_path": "/data/shapenet_blender/all_50_random/02958343/109567d7d55b8fe515a520abec2f04dd/r_8",
            "rotation": 0.12566370614359174,
            "transform_matrix": [
                [
                    -0.7785813808441162,
                    -0.5731934905052185,
                    0.2554607689380646,
                    1.0297954082489014
                ],
                [
                    0.6275436282157898,
                    -0.7111502289772034,
                    0.31694531440734863,
                    1.2776474952697754
                ],
                [
                    0.0,
                    0.4070805311203003,
                    0.913392186164856,
                    3.682001829147339
                ],
                [
                    0.0,
                    0.0,
                    0.0,
                    1.0
                ]
            ]
        },
        {
            "file_path": "/data/shapenet_blender/all_50_random/02958343/109567d7d55b8fe515a520abec2f04dd/r_9",
            "rotation": 0.12566370614359174,
            "transform_matrix": [
                [
                    -0.5243690609931946,
                    -0.7314195036888123,
                    0.4359617829322815,
                    1.757418155670166
                ],
                [
                    0.8514912128448486,
                    -0.4504259526729584,
                    0.26847589015960693,
                    1.0822609663009644
                ],
                [
                    0.0,
                    0.5119980573654175,
                    0.8589865565299988,
                    3.4626855850219727
                ],
                [
                    0.0,
                    0.0,
                    0.0,
                    1.0
                ]
            ]
        },
        {
            "file_path": "/data/shapenet_blender/all_50_random/02958343/109567d7d55b8fe515a520abec2f04dd/r_10",
            "rotation": 0.12566370614359174,
            "transform_matrix": [
                [
                    -0.18653537333011627,
                    -0.6341272592544556,
                    0.75039142370224,
                    3.0249245166778564
                ],
                [
                    0.9824482202529907,
                    -0.12040039896965027,
                    0.14247523248195648,
                    0.574336051940918
                ],
                [
                    -7.450580152834618e-09,
                    0.763797402381897,
                    0.645456075668335,
                    2.601916551589966
                ],
                [
                    0.0,
                    0.0,
                    0.0,
                    1.0
                ]
            ]
        },
        {
            "file_path": "/data/shapenet_blender/all_50_random/02958343/109567d7d55b8fe515a520abec2f04dd/r_11",
            "rotation": 0.12566370614359174,
            "transform_matrix": [
                [
                    -0.7738019824028015,
                    -0.0836409404873848,
                    -0.6278810501098633,
                    -2.531069755554199
                ],
                [
                    -0.633427619934082,
                    0.10217666625976562,
                    0.7670262455940247,
                    3.091981887817383
                ],
                [
                    -7.450580596923828e-09,
                    0.9912437796592712,
                    -0.1320449560880661,
                    -0.5322902798652649
                ],
                [
                    0.0,
                    0.0,
                    0.0,
                    1.0
                ]
            ]
        },
        {
            "file_path": "/data/shapenet_blender/all_50_random/02958343/109567d7d55b8fe515a520abec2f04dd/r_12",
            "rotation": 0.12566370614359174,
            "transform_matrix": [
                [
                    -0.8589306473731995,
                    0.3875891864299774,
                    0.33468323945999146,
                    1.3491511344909668
                ],
                [
                    0.5120920538902283,
                    0.6501023173332214,
                    0.5613633394241333,
                    2.262927770614624
                ],
                [
                    1.4901161193847656e-08,
                    0.6535606980323792,
                    -0.756874144077301,
                    -3.0510568618774414
                ],
                [
                    0.0,
                    0.0,
                    0.0,
                    1.0
                ]
            ]
        },
        {
            "file_path": "/data/shapenet_blender/all_50_random/02958343/109567d7d55b8fe515a520abec2f04dd/r_13",
            "rotation": 0.12566370614359174,
            "transform_matrix": [
                [
                    -0.6962850689888,
                    0.12016183882951736,
                    -0.7076355814933777,
                    -2.8525705337524414
                ],
                [
                    -0.7177653312683105,
                    -0.11656580865383148,
                    0.6864584684371948,
                    2.767202854156494
                ],
                [
                    -7.450580596923828e-09,
                    0.9858872294425964,
                    0.16741101443767548,
                    0.6748554706573486
                ],
                [
                    0.0,
                    0.0,
                    0.0,
                    1.0
                ]
            ]
        },
        {
            "file_path": "/data/shapenet_blender/all_50_random/02958343/109567d7d55b8fe515a520abec2f04dd/r_14",
            "rotation": 0.12566370614359174,
            "transform_matrix": [
                [
                    -0.857938289642334,
                    0.2394365668296814,
                    -0.4545459449291229,
                    -1.8323334455490112
                ],
                [
                    -0.513752818107605,
                    -0.39984560012817383,
                    0.7590661644935608,
                    3.059893846511841
                ],
                [
                    0.0,
                    0.8847562074661255,
                    0.4660540223121643,
                    1.8787239789962769
                ],
                [
                    0.0,
                    0.0,
                    0.0,
                    1.0
                ]
            ]
        },
        {
            "file_path": "/data/shapenet_blender/all_50_random/02958343/109567d7d55b8fe515a520abec2f04dd/r_15",
            "rotation": 0.12566370614359174,
            "transform_matrix": [
                [
                    0.7346251010894775,
                    -0.1636560559272766,
                    0.658439576625824,
                    2.654254913330078
                ],
                [
                    0.6784732937812805,
                    0.1772005409002304,
                    -0.7129333019256592,
                    -2.8739261627197266
                ],
                [
                    0.0,
                    0.9704722762107849,
                    0.24121223390102386,
                    0.9723576307296753
                ],
                [
                    0.0,
                    0.0,
                    0.0,
                    1.0
                ]
            ]
        },
        {
            "file_path": "/data/shapenet_blender/all_50_random/02958343/109567d7d55b8fe515a520abec2f04dd/r_16",
            "rotation": 0.12566370614359174,
            "transform_matrix": [
                [
                    0.9619494676589966,
                    -0.0749591514468193,
                    0.26274383068084717,
                    1.0591542720794678
                ],
                [
                    0.27322736382484436,
                    0.26390811800956726,
                    -0.9250401854515076,
                    -3.7289562225341797
                ],
                [
                    0.0,
                    0.9616307020187378,
                    0.2743471562862396,
                    1.1059287786483765
                ],
                [
                    0.0,
                    0.0,
                    0.0,
                    1.0
                ]
            ]
        },
        {
            "file_path": "/data/shapenet_blender/all_50_random/02958343/109567d7d55b8fe515a520abec2f04dd/r_17",
            "rotation": 0.12566370614359174,
            "transform_matrix": [
                [
                    -0.5571821928024292,
                    0.40893110632896423,
                    0.7227193117141724,
                    2.913374900817871
                ],
                [
                    0.830390214920044,
                    0.27438801527023315,
                    0.48493626713752747,
                    1.9548407793045044
                ],
                [
                    -1.4901159417490817e-08,
                    0.8703370094299316,
                    -0.4924565255641937,
                    -1.9851558208465576
                ],
                [
                    0.0,
                    0.0,
                    0.0,
                    1.0
                ]
            ]
        },
        {
            "file_path": "/data/shapenet_blender/all_50_random/02958343/109567d7d55b8fe515a520abec2f04dd/r_18",
            "rotation": 0.12566370614359174,
            "transform_matrix": [
                [
                    0.4962862730026245,
                    -0.6474367380142212,
                    -0.5783817768096924,
                    -2.3315317630767822
                ],
                [
                    -0.8681589365005493,
                    -0.37010958790779114,
                    -0.33063408732414246,
                    -1.3328287601470947
                ],
                [
                    1.4901161193847656e-08,
                    0.6662165522575378,
                    -0.7457582950592041,
                    -3.0062479972839355
                ],
                [
                    0.0,
                    0.0,
                    0.0,
                    1.0
                ]
            ]
        },
        {
            "file_path": "/data/shapenet_blender/all_50_random/02958343/109567d7d55b8fe515a520abec2f04dd/r_19",
            "rotation": 0.12566370614359174,
            "transform_matrix": [
                [
                    0.3431502878665924,
                    0.8941177725791931,
                    -0.28775182366371155,
                    -1.1599647998809814
                ],
                [
                    -0.9392805099487305,
                    0.32665085792541504,
                    -0.10512528568506241,
                    -0.4237736165523529
                ],
                [
                    0.0,
                    0.30635344982147217,
                    0.9519177675247192,
                    3.837303400039673
                ],
                [
                    0.0,
                    0.0,
                    0.0,
                    1.0
                ]
            ]
        },
        {
            "file_path": "/data/shapenet_blender/all_50_random/02958343/109567d7d55b8fe515a520abec2f04dd/r_20",
            "rotation": 0.12566370614359174,
            "transform_matrix": [
                [
                    0.8830757737159729,
                    -0.007329300045967102,
                    -0.46917328238487244,
                    -1.8912980556488037
                ],
                [
                    -0.4692305624485016,
                    -0.013793490827083588,
                    -0.8829679489135742,
                    -3.5593576431274414
                ],
                [
                    -4.656612873077393e-10,
                    0.9998781085014343,
                    -0.015619826503098011,
                    -0.06296553462743759
                ],
                [
                    0.0,
                    0.0,
                    0.0,
                    1.0
                ]
            ]
        },
        {
            "file_path": "/data/shapenet_blender/all_50_random/02958343/109567d7d55b8fe515a520abec2f04dd/r_21",
            "rotation": 0.12566370614359174,
            "transform_matrix": [
                [
                    0.18275389075279236,
                    -0.27376946806907654,
                    -0.9442728757858276,
                    -3.806485652923584
                ],
                [
                    -0.9831587076187134,
                    -0.05088948458433151,
                    -0.17552563548088074,
                    -0.7075664401054382
                ],
                [
                    0.0,
                    0.9604480266571045,
                    -0.2784590721130371,
                    -1.122504472732544
                ],
                [
                    0.0,
                    0.0,
                    0.0,
                    1.0
                ]
            ]
        },
        {
            "file_path": "/data/shapenet_blender/all_50_random/02958343/109567d7d55b8fe515a520abec2f04dd/r_22",
            "rotation": 0.12566370614359174,
            "transform_matrix": [
                [
                    -0.989000141620636,
                    -0.059921760112047195,
                    0.13523367047309875,
                    0.5451444387435913
                ],
                [
                    0.14791472256183624,
                    -0.40065398812294006,
                    0.9042109847068787,
                    3.644991397857666
                ],
                [
                    -3.725290298461914e-09,
                    0.914267897605896,
                    0.40511012077331543,
                    1.6330512762069702
                ],
                [
                    0.0,
                    0.0,
                    0.0,
                    1.0
                ]
            ]
        },
        {
            "file_path": "/data/shapenet_blender/all_50_random/02958343/109567d7d55b8fe515a520abec2f04dd/r_23",
            "rotation": 0.12566370614359174,
            "transform_matrix": [
                [
                    -0.032878223806619644,
                    0.5423097610473633,
                    -0.8395349383354187,
                    -3.3842740058898926
                ],
                [
                    -0.999459445476532,
                    -0.0178398247808218,
                    0.027617348358035088,
                    0.1113291084766388
                ],
                [
                    1.862645371275562e-09,
                    0.839989185333252,
                    0.5426030158996582,
                    2.187303066253662
                ],
                [
                    0.0,
                    0.0,
                    0.0,
                    1.0
                ]
            ]
        },
        {
            "file_path": "/data/shapenet_blender/all_50_random/02958343/109567d7d55b8fe515a520abec2f04dd/r_24",
            "rotation": 0.12566370614359174,
            "transform_matrix": [
                [
                    0.061311542987823486,
                    0.7047039866447449,
                    0.7068473100662231,
                    2.849392890930176
                ],
                [
                    0.9981187582015991,
                    -0.04328792169690132,
                    -0.043419577181339264,
                    -0.1750299334526062
                ],
                [
                    1.862645371275562e-09,
                    0.7081797122955322,
                    -0.7060321569442749,
                    -2.846107006072998
                ],
                [
                    0.0,
                    0.0,
                    0.0,
                    1.0
                ]
            ]
        },
        {
            "file_path": "/data/shapenet_blender/all_50_random/02958343/109567d7d55b8fe515a520abec2f04dd/r_25",
            "rotation": 0.12566370614359174,
            "transform_matrix": [
                [
                    0.844253420829773,
                    -0.2880787253379822,
                    -0.45193690061569214,
                    -1.8218159675598145
                ],
                [
                    -0.535944402217865,
                    -0.4537997841835022,
                    -0.7119194865226746,
                    -2.8698391914367676
                ],
                [
                    0.0,
                    0.8432533740997314,
                    -0.5375162363052368,
                    -2.166797161102295
                ],
                [
                    0.0,
                    0.0,
                    0.0,
                    1.0
                ]
            ]
        },
        {
            "file_path": "/data/shapenet_blender/all_50_random/02958343/109567d7d55b8fe515a520abec2f04dd/r_26",
            "rotation": 0.12566370614359174,
            "transform_matrix": [
                [
                    -0.9321109652519226,
                    0.12278290838003159,
                    -0.3407248854637146,
                    -1.37350594997406
                ],
                [
                    -0.3621727228164673,
                    -0.3160019516944885,
                    0.876911461353302,
                    3.534943103790283
                ],
                [
                    7.4505797087454084e-09,
                    0.9407800436019897,
                    0.3390175700187683,
                    1.3666235208511353
                ],
                [
                    0.0,
                    0.0,
                    0.0,
                    1.0
                ]
            ]
        },
        {
            "file_path": "/data/shapenet_blender/all_50_random/02958343/109567d7d55b8fe515a520abec2f04dd/r_27",
            "rotation": 0.12566370614359174,
            "transform_matrix": [
                [
                    -0.9143537878990173,
                    -0.13139526546001434,
                    -0.3830045163631439,
                    -1.5439406633377075
                ],
                [
                    -0.40491631627082825,
                    0.2967076003551483,
                    0.8648741245269775,
                    3.486419439315796
                ],
                [
                    -1.4901162970204496e-08,
                    0.9458857178688049,
                    -0.3244997560977936,
                    -1.3081004619598389
                ],
                [
                    0.0,
                    0.0,
                    0.0,
                    1.0
                ]
            ]
        },
        {
            "file_path": "/data/shapenet_blender/all_50_random/02958343/109567d7d55b8fe515a520abec2f04dd/r_28",
            "rotation": 0.12566370614359174,
            "transform_matrix": [
                [
                    -0.34459736943244934,
                    -0.5351910591125488,
                    -0.7712478637695312,
                    -3.108999490737915
                ],
                [
                    -0.9387505650520325,
                    0.19645839929580688,
                    0.2831103205680847,
                    1.141254186630249
                ],
                [
                    0.0,
                    0.8215683698654175,
                    -0.5701099634170532,
                    -2.298186779022217
                ],
                [
                    0.0,
                    0.0,
                    0.0,
                    1.0
                ]
            ]
        },
        {
            "file_path": "/data/shapenet_blender/all_50_random/02958343/109567d7d55b8fe515a520abec2f04dd/r_29",
            "rotation": 0.12566370614359174,
            "transform_matrix": [
                [
                    -0.9740294814109802,
                    0.17869111895561218,
                    0.13905389606952667,
                    0.5605442523956299
                ],
                [
                    0.22642111778259277,
                    0.7687023282051086,
                    0.5981889367103577,
                    2.411376953125
                ],
                [
                    0.0,
                    0.6141384243965149,
                    -0.7891982197761536,
                    -3.1813600063323975
                ],
                [
                    0.0,
                    0.0,
                    0.0,
                    1.0
                ]
            ]
        },
        {
            "file_path": "/data/shapenet_blender/all_50_random/02958343/109567d7d55b8fe515a520abec2f04dd/r_30",
            "rotation": 0.12566370614359174,
            "transform_matrix": [
                [
                    -0.6174023151397705,
                    -0.6724200248718262,
                    -0.40824705362319946,
                    -1.6456965208053589
                ],
                [
                    -0.7866476774215698,
                    0.5277504920959473,
                    0.3204137086868286,
                    1.2916289567947388
                ],
                [
                    0.0,
                    0.5189705491065979,
                    -0.854792058467865,
                    -3.44577693939209
                ],
                [
                    0.0,
                    0.0,
                    0.0,
                    1.0
                ]
            ]
        },
        {
            "file_path": "/data/shapenet_blender/all_50_random/02958343/109567d7d55b8fe515a520abec2f04dd/r_31",
            "rotation": 0.12566370614359174,
            "transform_matrix": [
                [
                    0.6630570888519287,
                    -0.019415708258748055,
                    0.7483169436454773,
                    3.016561985015869
                ],
                [
                    0.7485687136650085,
                    0.017197784036397934,
                    -0.662834107875824,
                    -2.6719696521759033
                ],
                [
                    9.313225191043273e-10,
                    0.9996634721755981,
                    0.02593710832297802,
                    0.10455583035945892
                ],
                [
                    0.0,
                    0.0,
                    0.0,
                    1.0
                ]
            ]
        },
        {
            "file_path": "/data/shapenet_blender/all_50_random/02958343/109567d7d55b8fe515a520abec2f04dd/r_32",
            "rotation": 0.12566370614359174,
            "transform_matrix": [
                [
                    0.3677229881286621,
                    -0.6704249382019043,
                    -0.6444456577301025,
                    -2.597843647003174
                ],
                [
                    -0.9299353957176208,
                    -0.26510515809059143,
                    -0.2548322081565857,
                    -1.02726149559021
                ],
                [
                    0.0,
                    0.6930005550384521,
                    -0.7209370732307434,
                    -2.9061903953552246
                ],
                [
                    0.0,
                    0.0,
                    0.0,
                    1.0
                ]
            ]
        },
        {
            "file_path": "/data/shapenet_blender/all_50_random/02958343/109567d7d55b8fe515a520abec2f04dd/r_33",
            "rotation": 0.12566370614359174,
            "transform_matrix": [
                [
                    -0.46356329321861267,
                    0.07502558082342148,
                    -0.882881760597229,
                    -3.5590102672576904
                ],
                [
                    -0.886063814163208,
                    -0.039251238107681274,
                    0.4618985056877136,
                    1.861972451210022
                ],
                [
                    0.0,
                    0.9964088201522827,
                    0.08467287570238113,
                    0.3413272798061371
                ],
                [
                    0.0,
                    0.0,
                    0.0,
                    1.0
                ]
            ]
        },
        {
            "file_path": "/data/shapenet_blender/all_50_random/02958343/109567d7d55b8fe515a520abec2f04dd/r_34",
            "rotation": 0.12566370614359174,
            "transform_matrix": [
                [
                    0.8874212503433228,
                    -0.2772373557090759,
                    -0.3682704269886017,
                    -1.4845455884933472
                ],
                [
                    -0.4609595537185669,
                    -0.5337265133857727,
                    -0.7089797854423523,
                    -2.8579888343811035
                ],
                [
                    -1.4901162970204496e-08,
                    0.7989214062690735,
                    -0.6014354228973389,
                    -2.4244637489318848
                ],
                [
                    0.0,
                    0.0,
                    0.0,
                    1.0
                ]
            ]
        },
        {
            "file_path": "/data/shapenet_blender/all_50_random/02958343/109567d7d55b8fe515a520abec2f04dd/r_35",
            "rotation": 0.12566370614359174,
            "transform_matrix": [
                [
                    -0.9415034055709839,
                    0.1719304919242859,
                    0.2898472845554352,
                    1.1684117317199707
                ],
                [
                    0.33700379729270935,
                    0.48033028841018677,
                    0.8097599744796753,
                    3.264246940612793
                ],
                [
                    0.0,
                    0.8600713610649109,
                    -0.5101737976074219,
                    -2.0565762519836426
                ],
                [
                    0.0,
                    0.0,
                    0.0,
                    1.0
                ]
            ]
        },
        {
            "file_path": "/data/shapenet_blender/all_50_random/02958343/109567d7d55b8fe515a520abec2f04dd/r_36",
            "rotation": 0.12566370614359174,
            "transform_matrix": [
                [
                    -0.8908568620681763,
                    0.17229367792606354,
                    0.4203439950942993,
                    1.6944608688354492
                ],
                [
                    0.45428431034088135,
                    0.33786994218826294,
                    0.8242995142936707,
                    3.322857618331909
                ],
                [
                    0.0,
                    0.9252884984016418,
                    -0.3792640268802643,
                    -1.5288622379302979
                ],
                [
                    0.0,
                    0.0,
                    0.0,
                    1.0
                ]
            ]
        },
        {
            "file_path": "/data/shapenet_blender/all_50_random/02958343/109567d7d55b8fe515a520abec2f04dd/r_37",
            "rotation": 0.12566370614359174,
            "transform_matrix": [
                [
                    0.4731581509113312,
                    -0.19010180234909058,
                    -0.8602223992347717,
                    -3.467667579650879
                ],
                [
                    -0.8809775114059448,
                    -0.10210047662258148,
                    -0.4620109498500824,
                    -1.8624258041381836
                ],
                [
                    0.0,
                    0.9764408469200134,
                    -0.21578508615493774,
                    -0.8698575496673584
                ],
                [
                    0.0,
                    0.0,
                    0.0,
                    1.0
                ]
            ]
        },
        {
            "file_path": "/data/shapenet_blender/all_50_random/02958343/109567d7d55b8fe515a520abec2f04dd/r_38",
            "rotation": 0.12566370614359174,
            "transform_matrix": [
                [
                    -0.5669514536857605,
                    0.7279826402664185,
                    -0.3854961097240448,
                    -1.553984522819519
                ],
                [
                    -0.8237512707710266,
                    -0.5010381937026978,
                    0.2653198838233948,
                    1.0695387125015259
                ],
                [
                    0.0,
                    0.4679763615131378,
                    0.8837409615516663,
                    3.562473773956299
                ],
                [
                    0.0,
                    0.0,
                    0.0,
                    1.0
                ]
            ]
        },
        {
            "file_path": "/data/shapenet_blender/all_50_random/02958343/109567d7d55b8fe515a520abec2f04dd/r_39",
            "rotation": 0.12566370614359174,
            "transform_matrix": [
                [
                    -0.9700334668159485,
                    0.2212608903646469,
                    0.10039304196834564,
                    0.4046972990036011
                ],
                [
                    0.2429715096950531,
                    0.883356511592865,
                    0.4008066952228546,
                    1.6157034635543823
                ],
                [
                    0.0,
                    0.4131884276866913,
                    -0.9106454849243164,
                    -3.670929431915283
                ],
                [
                    0.0,
                    0.0,
                    0.0,
                    1.0
                ]
            ]
        },
        {
            "file_path": "/data/shapenet_blender/all_50_random/02958343/109567d7d55b8fe515a520abec2f04dd/r_40",
            "rotation": 0.12566370614359174,
            "transform_matrix": [
                [
                    0.08735434710979462,
                    -0.1617632657289505,
                    -0.9829555749893188,
                    -3.96242094039917
                ],
                [
                    -0.9961772561073303,
                    -0.014184950850903988,
                    -0.0861949473619461,
                    -0.3474629819393158
                ],
                [
                    0.0,
                    0.9867275357246399,
                    -0.1623840034008026,
                    -0.654590904712677
                ],
                [
                    0.0,
                    0.0,
                    0.0,
                    1.0
                ]
            ]
        },
        {
            "file_path": "/data/shapenet_blender/all_50_random/02958343/109567d7d55b8fe515a520abec2f04dd/r_41",
            "rotation": 0.12566370614359174,
            "transform_matrix": [
                [
                    0.4861336648464203,
                    0.24137641489505768,
                    -0.839887797832489,
                    -3.3856959342956543
                ],
                [
                    -0.8738844990730286,
                    0.1342753916978836,
                    -0.46722158789634705,
                    -1.8834304809570312
                ],
                [
                    -7.450580596923828e-09,
                    0.9610970616340637,
