{
    "class": "02958343",
    "model": "c3d23ea4f3d1e18180360680c1602c7d",
    "remove_doubles": true,
    "edge_split": true,
    "denoise": true,
    "camera_angle_x": 0.6911112070083618,
    "scale_factor": 2.230795915982103,
    "hdri_file": "/data/IndoorHDRDataset2018/9C4A1917-a1a131bdeb.exr",
    "center_offset": [
        0.0,
        -9.313225746154785e-10,
        -4.6566128730773926e-09
    ],
    "lights": [],
    "frames": [
        {
            "file_path": "/data/shapenet_blender/all_50_random/02958343/c3d23ea4f3d1e18180360680c1602c7d/r_0",
            "rotation": 0.12566370614359174,
            "transform_matrix": [
                [
                    -0.5108655691146851,
                    -0.3545687198638916,
                    0.7831330895423889,
                    3.1569101810455322
                ],
                [
                    0.8596606254577637,
                    -0.21070751547813416,
                    0.4653880000114441,
                    1.8760387897491455
                ],
                [
                    0.0,
                    0.9109793305397034,
                    0.4124520421028137,
                    1.6626471281051636
                ],
                [
                    0.0,
                    0.0,
                    0.0,
                    1.0
                ]
            ]
        },
        {
            "file_path": "/data/shapenet_blender/all_50_random/02958343/c3d23ea4f3d1e18180360680c1602c7d/r_1",
            "rotation": 0.12566370614359174,
            "transform_matrix": [
                [
                    0.540831983089447,
                    0.3889302611351013,
                    -0.745810866355896,
                    -3.006459951400757
                ],
                [
                    -0.8411305546760559,
                    0.25007522106170654,
                    -0.47954311966896057,
                    -1.9331002235412598
                ],
                [
                    0.0,
                    0.8866766691207886,
                    0.46238985657691956,
                    1.8639532327651978
                ],
                [
                    0.0,
                    0.0,
                    0.0,
                    1.0
                ]
            ]
        },
        {
            "file_path": "/data/shapenet_blender/all_50_random/02958343/c3d23ea4f3d1e18180360680c1602c7d/r_2",
            "rotation": 0.12566370614359174,
            "transform_matrix": [
                [
                    0.8397263884544373,
                    0.0232186708599329,
                    0.5425130128860474,
                    2.1869401931762695
                ],
                [
                    0.5430096983909607,
                    -0.03590604290366173,
                    -0.8389583230018616,
                    -3.3819494247436523
                ],
                [
                    0.0,
                    0.9990854263305664,
                    -0.042759209871292114,
                    -0.1723679006099701
                ],
                [
                    0.0,
                    0.0,
                    0.0,
                    1.0
                ]
            ]
        },
        {
            "file_path": "/data/shapenet_blender/all_50_random/02958343/c3d23ea4f3d1e18180360680c1602c7d/r_3",
            "rotation": 0.12566370614359174,
            "transform_matrix": [
                [
                    -0.331256240606308,
                    0.1937742680311203,
                    -0.9234287142753601,
                    -3.7224607467651367
                ],
                [
                    -0.9435409307479858,
                    -0.06802984327077866,
                    0.32419532537460327,
                    1.3068733215332031
                ],
                [
                    0.0,
                    0.9786845445632935,
                    0.20536920428276062,
                    0.8278698921203613
                ],
                [
                    0.0,
                    0.0,
                    0.0,
                    1.0
                ]
            ]
        },
        {
            "file_path": "/data/shapenet_blender/all_50_random/02958343/c3d23ea4f3d1e18180360680c1602c7d/r_4",
            "rotation": 0.12566370614359174,
            "transform_matrix": [
                [
                    0.8907727003097534,
                    0.12015461921691895,
                    -0.43827706575393677,
                    -1.7667511701583862
                ],
                [
                    -0.45444899797439575,
                    0.2355169951915741,
                    -0.8590738773345947,
                    -3.4630372524261475
                ],
                [
                    7.450580152834618e-09,
                    0.964414119720459,
                    0.2643962800502777,
                    1.0658153295516968
                ],
                [
                    0.0,
                    0.0,
                    0.0,
                    1.0
                ]
            ]
        },
        {
            "file_path": "/data/shapenet_blender/all_50_random/02958343/c3d23ea4f3d1e18180360680c1602c7d/r_5",
            "rotation": 0.12566370614359174,
            "transform_matrix": [
                [
                    -0.7933123111724854,
                    -0.015791062265634537,
                    0.6086100935935974,
                    2.453386068344116
                ],
                [
                    0.6088150143623352,
                    -0.020576436072587967,
                    0.7930452823638916,
                    3.1968679428100586
                ],
                [
                    -9.31322685637781e-10,
                    0.9996634721755981,
                    0.02593737654387951,
                    0.10455691814422607
                ],
                [
                    0.0,
                    0.0,
                    0.0,
                    1.0
                ]
            ]
        },
        {
            "file_path": "/data/shapenet_blender/all_50_random/02958343/c3d23ea4f3d1e18180360680c1602c7d/r_6",
            "rotation": 0.12566370614359174,
            "transform_matrix": [
                [
                    -0.9969687461853027,
                    -0.04278791695833206,
                    -0.0649813711643219,
                    -0.2619483172893524
                ],
                [
                    -0.07780350744724274,
                    0.5482813715934753,
                    0.8326667547225952,
                    3.3565874099731445
                ],
                [
                    3.725290742551124e-09,
                    0.8351984620094299,
                    -0.5499483942985535,
                    -2.2169132232666016
                ],
                [
                    0.0,
                    0.0,
                    0.0,
                    1.0
                ]
            ]
        },
        {
            "file_path": "/data/shapenet_blender/all_50_random/02958343/c3d23ea4f3d1e18180360680c1602c7d/r_7",
            "rotation": 0.12566370614359174,
            "transform_matrix": [
                [
                    -0.9999847412109375,
                    -0.004953105468302965,
                    -0.0024807772133499384,
                    -0.010000333189964294
                ],
                [
                    -0.005539631005376577,
                    0.894108235836029,
                    0.4478166699409485,
                    1.8052067756652832
                ],
                [
                    0.0,
                    0.44782349467277527,
                    -0.8941219449043274,
                    -3.604320764541626
                ],
                [
                    0.0,
                    0.0,
                    0.0,
                    1.0
                ]
            ]
        },
        {
            "file_path": "/data/shapenet_blender/all_50_random/02958343/c3d23ea4f3d1e18180360680c1602c7d/r_8",
            "rotation": 0.12566370614359174,
            "transform_matrix": [
                [
                    -0.7521211504936218,
                    0.13780009746551514,
                    0.6444570422172546,
                    2.5978894233703613
                ],
                [
                    0.6590248942375183,
                    0.15726624429225922,
                    0.7354954481124878,
                    2.964876890182495
                ],
                [
                    7.450580596923828e-09,
                    0.9778949022293091,
                    -0.2090969681739807,
                    -0.8428968191146851
                ],
                [
                    0.0,
                    0.0,
                    0.0,
                    1.0
                ]
            ]
        },
        {
            "file_path": "/data/shapenet_blender/all_50_random/02958343/c3d23ea4f3d1e18180360680c1602c7d/r_9",
            "rotation": 0.12566370614359174,
            "transform_matrix": [
                [
                    0.950943112373352,
                    0.2363635152578354,
                    -0.1995987743139267,
                    -0.8046084046363831
                ],
                [
                    -0.3093661069869995,
                    0.7265444397926331,
                    -0.613535463809967,
                    -2.473240613937378
                ],
                [
                    -1.4901162970204496e-08,
                    0.6451863050460815,
                    0.7640252113342285,
                    3.0798840522766113
                ],
                [
                    0.0,
                    0.0,
                    0.0,
                    1.0
                ]
            ]
        },
        {
            "file_path": "/data/shapenet_blender/all_50_random/02958343/c3d23ea4f3d1e18180360680c1602c7d/r_10",
            "rotation": 0.12566370614359174,
            "transform_matrix": [
                [
                    0.4892358183860779,
                    0.13275277614593506,
                    -0.8619889616966248,
                    -3.4747886657714844
                ],
                [
                    -0.8721514940261841,
                    0.07446803897619247,
                    -0.4835350811481476,
                    -1.9491922855377197
                ],
                [
                    0.0,
                    0.9883476495742798,
                    0.1522129774093628,
                    0.6135901212692261
                ],
                [
                    0.0,
                    0.0,
                    0.0,
                    1.0
                ]
            ]
        },
        {
            "file_path": "/data/shapenet_blender/all_50_random/02958343/c3d23ea4f3d1e18180360680c1602c7d/r_11",
            "rotation": 0.12566370614359174,
            "transform_matrix": [
                [
                    0.6690361499786377,
                    -0.4780079424381256,
                    0.5691213607788086,
                    2.294201612472534
                ],
                [
                    0.743229866027832,
                    0.43029025197029114,
                    -0.5123081803321838,
                    -2.0651803016662598
                ],
                [
                    1.4901161193847656e-08,
                    0.7657405734062195,
                    0.6431494951248169,
                    2.592618465423584
                ],
                [
                    0.0,
                    0.0,
                    0.0,
                    1.0
                ]
            ]
        },
        {
            "file_path": "/data/shapenet_blender/all_50_random/02958343/c3d23ea4f3d1e18180360680c1602c7d/r_12",
            "rotation": 0.12566370614359174,
            "transform_matrix": [
                [
                    0.811093270778656,
                    0.40875244140625,
                    -0.4183886647224426,
                    -1.6865787506103516
                ],
                [
                    -0.5849168300628662,
                    0.5668094158172607,
                    -0.5801717638969421,
                    -2.338747501373291
                ],
                [
                    1.4901161193847656e-08,
                    0.7152959704399109,
                    0.698821485042572,
                    2.817039728164673
                ],
                [
                    0.0,
                    0.0,
                    0.0,
                    1.0
                ]
            ]
        },
        {
            "file_path": "/data/shapenet_blender/all_50_random/02958343/c3d23ea4f3d1e18180360680c1602c7d/r_13",
            "rotation": 0.12566370614359174,
            "transform_matrix": [
                [
                    0.45776963233947754,
                    0.554288923740387,
                    -0.6951335072517395,
                    -2.802173137664795
                ],
                [
                    -0.8890708684921265,
                    0.2853952944278717,
                    -0.3579140901565552,
                    -1.4427980184555054
                ],
                [
                    1.4901162970204496e-08,
                    0.7818651795387268,
                    0.6234474182128906,
                    2.513197183609009
                ],
                [
                    0.0,
                    0.0,
                    0.0,
                    1.0
                ]
            ]
        },
        {
            "file_path": "/data/shapenet_blender/all_50_random/02958343/c3d23ea4f3d1e18180360680c1602c7d/r_14",
            "rotation": 0.12566370614359174,
            "transform_matrix": [
                [
                    0.9146497845649719,
                    -0.25663328170776367,
                    0.31233787536621094,
                    1.259074330329895
                ],
                [
                    0.40424689650535583,
                    0.5806589722633362,
                    -0.7066962718963623,
                    -2.8487839698791504
                ],
                [
                    -1.4901158529312397e-08,
                    0.7726413607597351,
                    0.6348427534103394,
                    2.559133291244507
                ],
                [
                    0.0,
                    0.0,
                    0.0,
                    1.0
                ]
            ]
        },
        {
            "file_path": "/data/shapenet_blender/all_50_random/02958343/c3d23ea4f3d1e18180360680c1602c7d/r_15",
            "rotation": 0.12566370614359174,
            "transform_matrix": [
                [
                    -0.9740456938743591,
                    0.006959438323974609,
                    -0.22624464333057404,
                    -0.9120213389396667
                ],
                [
                    -0.22635166347026825,
                    -0.029948139563202858,
                    0.9735851883888245,
                    3.924647331237793
                ],
                [
                    0.0,
                    0.9995272159576416,
                    0.030746133998036385,
                    0.12394163012504578
                ],
                [
                    0.0,
                    0.0,
                    0.0,
                    1.0
                ]
            ]
        },
        {
            "file_path": "/data/shapenet_blender/all_50_random/02958343/c3d23ea4f3d1e18180360680c1602c7d/r_16",
            "rotation": 0.12566370614359174,
            "transform_matrix": [
                [
                    -0.7933270931243896,
                    0.19610580801963806,
                    -0.5763459205627441,
                    -2.323324680328369
                ],
                [
                    -0.6087955832481384,
                    -0.25554725527763367,
                    0.75104159116745,
                    3.02754545211792
                ],
                [
                    0.0,
                    0.9466984272003174,
                    0.3221209645271301,
                    1.2985111474990845
                ],
                [
                    0.0,
                    0.0,
                    0.0,
                    1.0
                ]
            ]
        },
        {
            "file_path": "/data/shapenet_blender/all_50_random/02958343/c3d23ea4f3d1e18180360680c1602c7d/r_17",
            "rotation": 0.12566370614359174,
            "transform_matrix": [
                [
                    0.9029030799865723,
                    -0.08809490501880646,
                    -0.42072007060050964,
                    -1.695976972579956
                ],
                [
                    -0.42984429001808167,
                    -0.18504644930362701,
                    -0.883737325668335,
                    -3.5624592304229736
                ],
                [
                    0.0,
                    0.978773295879364,
                    -0.20494608581066132,
                    -0.826164186000824
                ],
                [
                    0.0,
                    0.0,
                    0.0,
                    1.0
                ]
            ]
        },
        {
            "file_path": "/data/shapenet_blender/all_50_random/02958343/c3d23ea4f3d1e18180360680c1602c7d/r_18",
            "rotation": 0.12566370614359174,
            "transform_matrix": [
                [
                    0.1917983889579773,
                    -0.1755400151014328,
                    0.9656080603599548,
                    3.892490863800049
                ],
                [
                    0.9814343452453613,
                    0.03430518880486488,
                    -0.18870550394058228,
                    -0.760696291923523
                ],
                [
                    3.725290298461914e-09,
                    0.9838743805885315,
                    0.1788606494665146,
                    0.7210103869438171
                ],
                [
                    0.0,
                    0.0,
                    0.0,
                    1.0
                ]
            ]
        },
        {
            "file_path": "/data/shapenet_blender/all_50_random/02958343/c3d23ea4f3d1e18180360680c1602c7d/r_19",
            "rotation": 0.12566370614359174,
            "transform_matrix": [
                [
                    -0.9916619062423706,
                    0.007081526331603527,
                    0.12867224216461182,
                    0.5186944603919983
                ],
                [
                    0.1288669854402542,
                    0.054494019597768784,
                    0.9901633858680725,
                    3.991476535797119
                ],
                [
                    0.0,
                    0.9984889626502991,
                    -0.05495221167802811,
                    -0.22151947021484375
                ],
                [
                    0.0,
                    0.0,
                    0.0,
                    1.0
                ]
            ]
        },
        {
            "file_path": "/data/shapenet_blender/all_50_random/02958343/c3d23ea4f3d1e18180360680c1602c7d/r_20",
            "rotation": 0.12566370614359174,
            "transform_matrix": [
                [
                    -0.5539600253105164,
                    -0.05586093291640282,
                    0.83066725730896,
                    3.3485264778137207
                ],
                [
                    0.8325434923171997,
                    -0.037168897688388824,
                    0.5527116060256958,
                    2.2280514240264893
                ],
                [
                    1.862645371275562e-09,
                    0.9977464079856873,
                    0.06709673255681992,
                    0.2704755365848541
                ],
                [
                    0.0,
                    0.0,
                    0.0,
                    1.0
                ]
            ]
        },
        {
            "file_path": "/data/shapenet_blender/all_50_random/02958343/c3d23ea4f3d1e18180360680c1602c7d/r_21",
            "rotation": 0.12566370614359174,
            "transform_matrix": [
                [
                    -0.643007218837738,
                    0.06460292637348175,
                    0.7631304264068604,
                    3.076277494430542
                ],
                [
                    0.7658601403236389,
                    0.05423986539244652,
                    0.6407154202461243,
                    2.5828068256378174
                ],
                [
                    0.0,
                    0.9964358806610107,
                    -0.08435342460870743,
                    -0.34003955125808716
                ],
                [
                    0.0,
                    0.0,
                    0.0,
                    1.0
                ]
            ]
        },
        {
            "file_path": "/data/shapenet_blender/all_50_random/02958343/c3d23ea4f3d1e18180360680c1602c7d/r_22",
            "rotation": 0.12566370614359174,
            "transform_matrix": [
                [
                    -0.5121321678161621,
                    0.07031039148569107,
                    -0.8560239672660828,
                    -3.4507429599761963
                ],
                [
                    -0.858906626701355,
                    -0.04192332550883293,
                    0.510413408279419,
                    2.057542324066162
                ],
                [
                    -3.725290298461914e-09,
                    0.9966437220573425,
                    0.08186035603284836,
                    0.32998964190483093
                ],
                [
                    0.0,
                    0.0,
                    0.0,
                    1.0
                ]
            ]
        },
        {
            "file_path": "/data/shapenet_blender/all_50_random/02958343/c3d23ea4f3d1e18180360680c1602c7d/r_23",
            "rotation": 0.12566370614359174,
            "transform_matrix": [
                [
                    0.04103439301252365,
                    0.2689327299594879,
                    -0.9622844457626343,
                    -3.8790926933288574
                ],
                [
                    -0.999157726764679,
                    0.011044795624911785,
                    -0.03952004760503769,
                    -0.15931040048599243
                ],
                [
                    0.0,
                    0.9630956649780273,
                    0.2691594362258911,
                    1.0850163698196411
                ],
                [
                    0.0,
                    0.0,
                    0.0,
                    1.0
                ]
            ]
        },
        {
            "file_path": "/data/shapenet_blender/all_50_random/02958343/c3d23ea4f3d1e18180360680c1602c7d/r_24",
            "rotation": 0.12566370614359174,
            "transform_matrix": [
                [
                    0.9870741367340088,
                    0.03649783879518509,
                    0.15605320036411285,
                    0.6290706396102905
                ],
                [
                    0.16026447713375092,
                    -0.22479137778282166,
                    -0.9611368179321289,
                    -3.87446665763855
                ],
                [
                    -3.725290298461914e-09,
                    0.9737231731414795,
                    -0.2277350276708603,
                    -0.9180293083190918
                ],
                [
                    0.0,
                    0.0,
                    0.0,
                    1.0
                ]
            ]
        },
        {
            "file_path": "/data/shapenet_blender/all_50_random/02958343/c3d23ea4f3d1e18180360680c1602c7d/r_25",
            "rotation": 0.12566370614359174,
            "transform_matrix": [
                [
                    0.2798292636871338,
                    -0.32139912247657776,
                    -0.9046536087989807,
                    -3.646775245666504
                ],
                [
                    -0.9600497484207153,
                    -0.09367940574884415,
                    -0.2636827528476715,
                    -1.062939167022705
                ],
                [
                    -7.4505797087454084e-09,
                    0.9422986507415771,
                    -0.3347734212875366,
                    -1.3495148420333862
                ],
                [
                    0.0,
                    0.0,
                    0.0,
                    1.0
                ]
            ]
        },
        {
            "file_path": "/data/shapenet_blender/all_50_random/02958343/c3d23ea4f3d1e18180360680c1602c7d/r_26",
            "rotation": 0.12566370614359174,
            "transform_matrix": [
                [
                    0.9429890513420105,
                    0.054753173142671585,
                    -0.32828906178474426,
                    -1.3233755826950073
                ],
                [
                    -0.3328237235546112,
                    0.15513209998607635,
                    -0.930141031742096,
                    -3.749518394470215
                ],
                [
                    0.0,
                    0.9863752126693726,
                    0.16451102495193481,
                    0.6631651520729065
                ],
                [
                    0.0,
                    0.0,
                    0.0,
                    1.0
                ]
            ]
        },
        {
            "file_path": "/data/shapenet_blender/all_50_random/02958343/c3d23ea4f3d1e18180360680c1602c7d/r_27",
            "rotation": 0.12566370614359174,
            "transform_matrix": [
                [
                    -0.44558075070381165,
                    -0.29313817620277405,
                    0.8458887338638306,
                    3.409886598587036
                ],
                [
                    0.8952417373657227,
                    -0.14590106904506683,
                    0.4210166931152344,
                    1.6971725225448608
                ],
                [
                    7.450580596923828e-09,
                    0.9448718428611755,
                    0.3274402618408203,
                    1.3199539184570312
                ],
                [
                    0.0,
                    0.0,
                    0.0,
                    1.0
                ]
            ]
        },
        {
            "file_path": "/data/shapenet_blender/all_50_random/02958343/c3d23ea4f3d1e18180360680c1602c7d/r_28",
            "rotation": 0.12566370614359174,
            "transform_matrix": [
                [
                    0.8528937101364136,
                    0.16995419561862946,
                    -0.4936474859714508,
                    -1.9899567365646362
                ],
                [
                    -0.5220845937728882,
                    0.27764248847961426,
                    -0.8064379692077637,
                    -3.2508556842803955
                ],
                [
                    0.0,
                    0.9455316662788391,
                    0.3255300223827362,
                    1.3122535943984985
                ],
                [
                    0.0,
                    0.0,
                    0.0,
                    1.0
                ]
            ]
        },
        {
            "file_path": "/data/shapenet_blender/all_50_random/02958343/c3d23ea4f3d1e18180360680c1602c7d/r_29",
            "rotation": 0.12566370614359174,
            "transform_matrix": [
                [
                    -0.6241872310638428,
                    0.6199780702590942,
                    0.4754129648208618,
                    1.9164509773254395
                ],
                [
                    0.7812747955322266,
                    0.49532175064086914,
                    0.3798237144947052,
                    1.531118392944336
                ],
                [
                    0.0,
                    0.6085091829299927,
                    -0.793546736240387,
                    -3.1988892555236816
                ],
                [
                    0.0,
                    0.0,
                    0.0,
                    1.0
                ]
            ]
        },
        {
            "file_path": "/data/shapenet_blender/all_50_random/02958343/c3d23ea4f3d1e18180360680c1602c7d/r_30",
            "rotation": 0.12566370614359174,
            "transform_matrix": [
                [
                    0.03659383952617645,
                    -0.04562465101480484,
                    0.9982881546020508,
                    4.024228572845459
                ],
                [
                    0.9993302226066589,
                    0.0016707003815099597,
                    -0.03655568137764931,
                    -0.1473606824874878
                ],
                [
                    -1.1641532182693481e-10,
                    0.9989571571350098,
                    0.04565523564815521,
                    0.18404215574264526
                ],
                [
                    0.0,
                    0.0,
                    0.0,
                    1.0
                ]
            ]
        },
        {
            "file_path": "/data/shapenet_blender/all_50_random/02958343/c3d23ea4f3d1e18180360680c1602c7d/r_31",
            "rotation": 0.12566370614359174,
            "transform_matrix": [
                [
                    0.994554340839386,
                    0.013835065998136997,
                    0.10329665243625641,
                    0.416402131319046
                ],
                [
                    0.10421903431415558,
                    -0.13202698528766632,
                    -0.9857521057128906,
                    -3.97369384765625
                ],
                [
                    9.313225191043273e-10,
                    0.9911495447158813,
                    -0.13274988532066345,
                    -0.5351319313049316
                ],
                [
                    0.0,
                    0.0,
                    0.0,
                    1.0
                ]
            ]
        },
        {
            "file_path": "/data/shapenet_blender/all_50_random/02958343/c3d23ea4f3d1e18180360680c1602c7d/r_32",
            "rotation": 0.12566370614359174,
            "transform_matrix": [
                [
                    0.8114510178565979,
                    -0.13975538313388824,
                    0.5674644112586975,
                    2.2875218391418457
                ],
                [
                    0.5844205021858215,
                    0.194046288728714,
                    -0.7879078388214111,
                    -3.1761577129364014
                ],
                [
                    -7.450580596923828e-09,
                    0.9709862470626831,
                    0.2391349971294403,
                    0.9639838933944702
                ],
                [
                    0.0,
                    0.0,
                    0.0,
                    1.0
                ]
            ]
        },
        {
            "file_path": "/data/shapenet_blender/all_50_random/02958343/c3d23ea4f3d1e18180360680c1602c7d/r_33",
            "rotation": 0.12566370614359174,
            "transform_matrix": [
                [
                    0.4261755645275116,
                    0.5383710265159607,
                    0.7270013689994812,
                    2.930636405944824
                ],
                [
                    0.9046404957771301,
                    -0.2536262571811676,
                    -0.3424898684024811,
                    -1.3806209564208984
                ],
                [
                    1.4901160305669237e-08,
                    0.8036357760429382,
                    -0.595121443271637,
                    -2.3990116119384766
                ],
                [
                    0.0,
                    0.0,
                    0.0,
                    1.0
                ]
            ]
        },
        {
            "file_path": "/data/shapenet_blender/all_50_random/02958343/c3d23ea4f3d1e18180360680c1602c7d/r_34",
            "rotation": 0.12566370614359174,
            "transform_matrix": [
                [
                    0.9998565316200256,
                    0.011964930221438408,
                    0.011988166719675064,
                    0.04832584410905838
                ],
                [
                    0.01693740300834179,
                    -0.7063192129135132,
                    -0.7076908946037292,
                    -2.8527932167053223
                ],
                [
                    0.0,
                    0.7077924609184265,
                    -0.7064204216003418,
                    -2.8476717472076416
                ],
                [
                    0.0,
                    0.0,
                    0.0,
                    1.0
                ]
            ]
        },
        {
            "file_path": "/data/shapenet_blender/all_50_random/02958343/c3d23ea4f3d1e18180360680c1602c7d/r_35",
            "rotation": 0.12566370614359174,
            "transform_matrix": [
                [
                    -0.9055052995681763,
                    -0.05744275078177452,
                    -0.42042896151542664,
                    -1.6948033571243286
                ],
                [
                    -0.4243350028991699,
                    0.12257936596870422,
                    0.8971700668334961,
                    3.616608142852783
                ],
                [
                    0.0,
                    0.9907948970794678,
                    -0.13537123799324036,
                    -0.5456989407539368
                ],
                [
                    0.0,
                    0.0,
                    0.0,
                    1.0
                ]
            ]
        },
        {
            "file_path": "/data/shapenet_blender/all_50_random/02958343/c3d23ea4f3d1e18180360680c1602c7d/r_36",
            "rotation": 0.12566370614359174,
            "transform_matrix": [
                [
                    0.6762667894363403,
                    -0.02168290503323078,
                    0.7363376021385193,
                    2.9682717323303223
                ],
                [
                    0.7366568446159363,
                    0.019905373454093933,
                    -0.6759737730026245,
                    -2.7249374389648438
                ],
                [
                    9.313225746154785e-10,
                    0.9995667338371277,
                    0.0294342003762722,
                    0.1186530590057373
                ],
                [
                    0.0,
                    0.0,
                    0.0,
                    1.0
                ]
            ]
        },
        {
            "file_path": "/data/shapenet_blender/all_50_random/02958343/c3d23ea4f3d1e18180360680c1602c7d/r_37",
            "rotation": 0.12566370614359174,
            "transform_matrix": [
                [
                    0.9803632497787476,
                    -0.1427028924226761,
                    -0.13610264658927917,
                    -0.548647403717041
                ],
                [
                    -0.19720056653022766,
                    -0.7094334363937378,
                    -0.6766209602355957,
                    -2.7275466918945312
                ],
                [
                    0.0,
                    0.690173864364624,
                    -0.7236434817314148,
                    -2.917100429534912
                ],
                [
                    0.0,
                    0.0,
                    0.0,
                    1.0
                ]
            ]
        },
        {
            "file_path": "/data/shapenet_blender/all_50_random/02958343/c3d23ea4f3d1e18180360680c1602c7d/r_38",
            "rotation": 0.12566370614359174,
            "transform_matrix": [
                [
                    0.9757918119430542,
                    -0.05617961660027504,
                    -0.21136243641376495,
                    -0.8520292043685913
                ],
                [
                    -0.21870121359825134,
                    -0.2506598234176636,
                    -0.9430479407310486,
                    -3.8015477657318115
                ],
                [
                    3.725290076417309e-09,
                    0.9664435982704163,
                    -0.25687843561172485,
                    -1.0355100631713867
                ],
                [
                    0.0,
                    0.0,
                    0.0,
                    1.0
                ]
            ]
        },
        {
            "file_path": "/data/shapenet_blender/all_50_random/02958343/c3d23ea4f3d1e18180360680c1602c7d/r_39",
            "rotation": 0.12566370614359174,
            "transform_matrix": [
                [
                    0.5372630953788757,
                    -0.003522283397614956,
                    0.8434072732925415,
                    3.399883508682251
                ],
                [
                    0.8434145450592041,
                    0.002243728144094348,
                    -0.537258505821228,
                    -2.1657583713531494
                ],
                [
                    0.0,
                    0.9999912977218628,
                    0.0041762180626392365,
                    0.01683487370610237
                ],
                [
                    0.0,
                    0.0,
                    0.0,
                    1.0
                ]
            ]
        },
        {
            "file_path": "/data/shapenet_blender/all_50_random/02958343/c3d23ea4f3d1e18180360680c1602c7d/r_40",
            "rotation": 0.12566370614359174,
            "transform_matrix": [
                [
                    -0.4802023470401764,
                    -0.12214194238185883,
                    0.8686121702194214,
                    3.5014877319335938
                ],
                [
                    0.8771578669548035,
                    -0.0668669193983078,
                    0.475523978471756,
                    1.916898488998413
                ],
                [
                    -3.725290742551124e-09,
                    0.9902576208114624,
                    0.13924740254878998,
                    0.5613242387771606
                ],
                [
                    0.0,
                    0.0,
                    0.0,
                    1.0
                ]
            ]
        },
        {
            "file_path": "/data/shapenet_blender/all_50_random/02958343/c3d23ea4f3d1e18180360680c1602c7d/r_41",
            "rotation": 0.12566370614359174,
            "transform_matrix": [
                [
                    -0.385229229927063,
                    -0.055406440049409866,
                    0.9211561679840088,
                    3.713298797607422
                ],
                [
                    0.9228208065032959,
                    -0.023129278793931007,
                    0.3845343291759491,
                    1.5501072406768799
