{
    "class": "02958343",
    "model": "45e9059c3ac5825661c6c61410fc904b",
    "remove_doubles": true,
    "edge_split": true,
    "denoise": true,
    "camera_angle_x": 0.6911112070083618,
    "scale_factor": 2.398717231094993,
    "hdri_file": "/data/IndoorHDRDataset2018/9C4A9529-5fb98484b9.exr",
    "center_offset": [
        0.0,
        -3.259629011154175e-09,
        1.4901161193847656e-08
    ],
    "lights": [],
    "frames": [
        {
            "file_path": "/data/shapenet_blender/all_50_random/02958343/45e9059c3ac5825661c6c61410fc904b/r_0",
            "rotation": 0.12566370614359174,
            "transform_matrix": [
                [
                    0.3854283094406128,
                    0.048545993864536285,
                    -0.9214598536491394,
                    -3.7145235538482666
                ],
                [
                    -0.9227377772331238,
                    0.02027769945561886,
                    -0.3848945200443268,
                    -1.5515594482421875
                ],
                [
                    -1.8626450382086546e-09,
                    0.9986151456832886,
                    0.05261082202196121,
                    0.21208100020885468
                ],
                [
                    0.0,
                    0.0,
                    0.0,
                    1.0
                ]
            ]
        },
        {
            "file_path": "/data/shapenet_blender/all_50_random/02958343/45e9059c3ac5825661c6c61410fc904b/r_1",
            "rotation": 0.12566370614359174,
            "transform_matrix": [
                [
                    -0.999993085861206,
                    -0.0006869458593428135,
                    -0.003656401066109538,
                    -0.014739423990249634
                ],
                [
                    -0.0037203715182840824,
                    0.18464316427707672,
                    0.9827985763549805,
                    3.961787700653076
                ],
                [
                    5.8207657444020455e-11,
                    0.9828054904937744,
                    -0.184644415974617,
                    -0.7443254590034485
                ],
                [
                    0.0,
                    0.0,
                    0.0,
                    1.0
                ]
            ]
        },
        {
            "file_path": "/data/shapenet_blender/all_50_random/02958343/45e9059c3ac5825661c6c61410fc904b/r_2",
            "rotation": 0.12566370614359174,
            "transform_matrix": [
                [
                    -0.01711251027882099,
                    -0.22338880598545074,
                    0.9745792150497437,
                    3.928654432296753
                ],
                [
                    0.9998536109924316,
                    -0.0038233029190450907,
                    0.01667993888258934,
                    0.06723898649215698
                ],
                [
                    -2.3283064365386963e-10,
                    0.9747218489646912,
                    0.22342155873775482,
                    0.9006410837173462
                ],
                [
                    0.0,
                    0.0,
                    0.0,
                    1.0
                ]
            ]
        },
        {
            "file_path": "/data/shapenet_blender/all_50_random/02958343/45e9059c3ac5825661c6c61410fc904b/r_3",
            "rotation": 0.12566370614359174,
            "transform_matrix": [
                [
                    0.9501844644546509,
                    -0.19963550567626953,
                    -0.23936398327350616,
                    -0.964907169342041
                ],
                [
                    -0.311688095331192,
                    -0.6085909605026245,
                    -0.7297036647796631,
                    -2.9415297508239746
                ],
                [
                    0.0,
                    0.7679600119590759,
                    -0.6404976844787598,
                    -2.5819289684295654
                ],
                [
                    0.0,
                    0.0,
                    0.0,
                    1.0
                ]
            ]
        },
        {
            "file_path": "/data/shapenet_blender/all_50_random/02958343/45e9059c3ac5825661c6c61410fc904b/r_4",
            "rotation": 0.12566370614359174,
            "transform_matrix": [
                [
                    0.5774725079536438,
                    -0.01893833838403225,
                    0.8161903619766235,
                    3.2901687622070312
                ],
                [
                    0.8164100646972656,
                    0.013395682908594608,
                    -0.5773171186447144,
                    -2.327239990234375
                ],
                [
                    0.0,
                    0.9997309446334839,
                    0.02319708652794361,
                    0.0935104563832283
                ],
                [
                    0.0,
                    0.0,
                    0.0,
                    1.0
                ]
            ]
        },
        {
            "file_path": "/data/shapenet_blender/all_50_random/02958343/45e9059c3ac5825661c6c61410fc904b/r_5",
            "rotation": 0.12566370614359174,
            "transform_matrix": [
                [
                    0.756759762763977,
                    -0.3058081269264221,
                    0.5777508616447449,
                    2.3289883136749268
                ],
                [
                    0.6536930799484253,
                    0.35402435064315796,
                    -0.6688438057899475,
                    -2.696195602416992
                ],
                [
                    0.0,
                    0.8838258385658264,
                    0.4678160548210144,
                    1.885826826095581
                ],
                [
                    0.0,
                    0.0,
                    0.0,
                    1.0
                ]
            ]
        },
        {
            "file_path": "/data/shapenet_blender/all_50_random/02958343/45e9059c3ac5825661c6c61410fc904b/r_6",
            "rotation": 0.12566370614359174,
            "transform_matrix": [
                [
                    0.9988188147544861,
                    0.04811013489961624,
                    0.006816728040575981,
                    0.027479112148284912
                ],
                [
                    0.04859066382050514,
                    -0.9889411330223083,
                    -0.1401231288909912,
                    -0.5648544430732727
                ],
                [
                    -4.656612873077393e-10,
                    0.14028896391391754,
                    -0.9901105165481567,
                    -3.9912633895874023
                ],
                [
                    0.0,
                    0.0,
                    0.0,
                    1.0
                ]
            ]
        },
        {
            "file_path": "/data/shapenet_blender/all_50_random/02958343/45e9059c3ac5825661c6c61410fc904b/r_7",
            "rotation": 0.12566370614359174,
            "transform_matrix": [
                [
                    -0.9999995827674866,
                    0.00042643703636713326,
                    0.0009111485560424626,
                    0.003672957420349121
                ],
                [
                    0.0010060021886602044,
                    0.4238925576210022,
                    0.9057118892669678,
                    3.6510415077209473
                ],
                [
                    0.0,
                    0.9057124853134155,
                    -0.4238927364349365,
                    -1.708766222000122
                ],
                [
                    0.0,
                    0.0,
                    0.0,
                    1.0
                ]
            ]
        },
        {
            "file_path": "/data/shapenet_blender/all_50_random/02958343/45e9059c3ac5825661c6c61410fc904b/r_8",
            "rotation": 0.12566370614359174,
            "transform_matrix": [
                [
                    0.7455746531486511,
                    -0.07044070214033127,
                    -0.6626888513565063,
                    -2.671384334564209
                ],
                [
                    -0.6664221882820129,
                    -0.07880710065364838,
                    -0.7413979172706604,
                    -2.988670825958252
                ],
                [
                    3.725290742551124e-09,
                    0.9943980574607849,
                    -0.1056998074054718,
                    -0.4260895848274231
                ],
                [
                    0.0,
                    0.0,
                    0.0,
                    1.0
                ]
            ]
        },
        {
            "file_path": "/data/shapenet_blender/all_50_random/02958343/45e9059c3ac5825661c6c61410fc904b/r_9",
            "rotation": 0.12566370614359174,
            "transform_matrix": [
                [
                    0.4174072742462158,
                    -0.010852503590285778,
                    0.9086547493934631,
                    3.6629045009613037
                ],
                [
                    0.9087195992469788,
                    0.004984940867871046,
                    -0.4173774719238281,
                    -1.6825023889541626
                ],
                [
                    0.0,
                    0.9999287128448486,
                    0.011942632496356964,
                    0.048142291605472565
                ],
                [
                    0.0,
                    0.0,
                    0.0,
                    1.0
                ]
            ]
        },
        {
            "file_path": "/data/shapenet_blender/all_50_random/02958343/45e9059c3ac5825661c6c61410fc904b/r_10",
            "rotation": 0.12566370614359174,
            "transform_matrix": [
                [
                    0.02802698314189911,
                    0.6163628697395325,
                    0.786963164806366,
                    3.1723504066467285
                ],
                [
                    0.9996071457862854,
                    -0.017281580716371536,
                    -0.022064873948693275,
                    -0.08894635736942291
                ],
                [
                    0.0,
                    0.787272572517395,
                    -0.6166050434112549,
                    -2.485614776611328
                ],
                [
                    0.0,
                    0.0,
                    0.0,
                    1.0
                ]
            ]
        },
        {
            "file_path": "/data/shapenet_blender/all_50_random/02958343/45e9059c3ac5825661c6c61410fc904b/r_11",
            "rotation": 0.12566370614359174,
            "transform_matrix": [
                [
                    -0.5698805451393127,
                    -0.008290835656225681,
                    0.8216857314109802,
                    3.312321186065674
                ],
                [
                    0.8217276334762573,
                    -0.00574982026591897,
                    0.5698515176773071,
                    2.297144889831543
                ],
                [
                    0.0,
                    0.9999490976333618,
                    0.010089519433677197,
                    0.04067215323448181
                ],
                [
                    0.0,
                    0.0,
                    0.0,
                    1.0
                ]
            ]
        },
        {
            "file_path": "/data/shapenet_blender/all_50_random/02958343/45e9059c3ac5825661c6c61410fc904b/r_12",
            "rotation": 0.12566370614359174,
            "transform_matrix": [
                [
                    0.4902679920196533,
                    0.37334296107292175,
                    0.7875610589981079,
                    3.174760103225708
                ],
                [
                    0.8715718984603882,
                    -0.21000917255878448,
                    -0.4430110454559326,
                    -1.7858346700668335
                ],
                [
                    -1.4901162970204496e-08,
                    0.9036099910736084,
                    -0.42835596203804016,
                    -1.7267581224441528
                ],
                [
                    0.0,
                    0.0,
                    0.0,
                    1.0
                ]
            ]
        },
        {
            "file_path": "/data/shapenet_blender/all_50_random/02958343/45e9059c3ac5825661c6c61410fc904b/r_13",
            "rotation": 0.12566370614359174,
            "transform_matrix": [
                [
                    0.6469000577926636,
                    -0.2023966759443283,
                    0.7352250218391418,
                    2.9637868404388428
                ],
                [
                    0.7625747919082642,
                    0.17169520258903503,
                    -0.6236990094184875,
                    -2.5142111778259277
                ],
                [
                    0.0,
                    0.964134931564331,
                    0.26541224122047424,
                    1.069911003112793
                ],
                [
                    0.0,
                    0.0,
                    0.0,
                    1.0
                ]
            ]
        },
        {
            "file_path": "/data/shapenet_blender/all_50_random/02958343/45e9059c3ac5825661c6c61410fc904b/r_14",
            "rotation": 0.12566370614359174,
            "transform_matrix": [
                [
                    -0.2703523337841034,
                    -0.7210562825202942,
                    -0.6379555463790894,
                    -2.571681261062622
                ],
                [
                    -0.9627614617347717,
                    0.202479287981987,
                    0.17914383113384247,
                    0.7221519351005554
                ],
                [
                    0.0,
                    0.662631094455719,
                    -0.7489458918571472,
                    -3.0190978050231934
                ],
                [
                    0.0,
                    0.0,
                    0.0,
                    1.0
                ]
            ]
        },
        {
            "file_path": "/data/shapenet_blender/all_50_random/02958343/45e9059c3ac5825661c6c61410fc904b/r_15",
            "rotation": 0.12566370614359174,
            "transform_matrix": [
                [
                    -0.9099724888801575,
                    -0.24570614099502563,
                    -0.334033727645874,
                    -1.346533179283142
                ],
                [
                    -0.41466864943504333,
                    0.5391915440559387,
                    0.7330226898193359,
                    2.954909324645996
                ],
                [
                    0.0,
                    0.8055437803268433,
                    -0.5925360918045044,
                    -2.38858962059021
                ],
                [
                    0.0,
                    0.0,
                    0.0,
                    1.0
                ]
            ]
        },
        {
            "file_path": "/data/shapenet_blender/all_50_random/02958343/45e9059c3ac5825661c6c61410fc904b/r_16",
            "rotation": 0.12566370614359174,
            "transform_matrix": [
                [
                    0.34937119483947754,
                    -0.5771172642707825,
                    -0.738156795501709,
                    -2.9756052494049072
                ],
                [
                    -0.9369844198226929,
                    -0.21518836915493011,
                    -0.27523478865623474,
                    -1.1095069646835327
                ],
                [
                    -1.4901161193847656e-08,
                    0.7878004312515259,
                    -0.6159304976463318,
                    -2.4828951358795166
                ],
                [
                    0.0,
                    0.0,
                    0.0,
                    1.0
                ]
            ]
        },
        {
            "file_path": "/data/shapenet_blender/all_50_random/02958343/45e9059c3ac5825661c6c61410fc904b/r_17",
            "rotation": 0.12566370614359174,
            "transform_matrix": [
                [
                    -0.9067468643188477,
                    -0.021380215883255005,
                    -0.42113304138183594,
                    -1.697641372680664
                ],
                [
                    -0.42167535424232483,
                    0.04597480595111847,
                    0.9055806398391724,
                    3.6505119800567627
                ],
                [
                    0.0,
                    0.9987136721611023,
                    -0.050703030079603195,
                    -0.20439042150974274
                ],
                [
                    0.0,
                    0.0,
                    0.0,
                    1.0
                ]
            ]
        },
        {
            "file_path": "/data/shapenet_blender/all_50_random/02958343/45e9059c3ac5825661c6c61410fc904b/r_18",
            "rotation": 0.12566370614359174,
            "transform_matrix": [
                [
                    -0.36850711703300476,
                    0.04586731642484665,
                    0.928492546081543,
                    3.7428736686706543
                ],
                [
                    0.9296249747276306,
                    0.018181992694735527,
                    0.3680582642555237,
                    1.4836905002593994
                ],
                [
                    -1.862645371275562e-09,
                    0.9987820386886597,
                    -0.04933958500623703,
                    -0.19889426231384277
                ],
                [
                    0.0,
                    0.0,
                    0.0,
                    1.0
                ]
            ]
        },
        {
            "file_path": "/data/shapenet_blender/all_50_random/02958343/45e9059c3ac5825661c6c61410fc904b/r_19",
            "rotation": 0.12566370614359174,
            "transform_matrix": [
                [
                    -0.8726022243499756,
                    -0.15407201647758484,
                    -0.4634944796562195,
                    -1.8684061765670776
                ],
                [
                    -0.48843154311180115,
                    0.2752557396888733,
                    0.8280512094497681,
                    3.3379814624786377
                ],
                [
                    0.0,
                    0.9489447474479675,
                    -0.31544235348701477,
                    -1.271588921546936
                ],
                [
                    0.0,
                    0.0,
                    0.0,
                    1.0
                ]
            ]
        },
        {
            "file_path": "/data/shapenet_blender/all_50_random/02958343/45e9059c3ac5825661c6c61410fc904b/r_20",
            "rotation": 0.12566370614359174,
            "transform_matrix": [
                [
                    0.9980366826057434,
                    0.04427526891231537,
                    0.044298697263002396,
                    0.17857375741004944
                ],
                [
                    0.06263125687837601,
                    -0.7055317759513855,
                    -0.7059051394462585,
                    -2.845594644546509
                ],
                [
                    0.0,
                    0.7072938084602356,
                    -0.7069197297096252,
                    -2.849684476852417
                ],
                [
                    0.0,
                    0.0,
                    0.0,
                    1.0
                ]
            ]
        },
        {
            "file_path": "/data/shapenet_blender/all_50_random/02958343/45e9059c3ac5825661c6c61410fc904b/r_21",
            "rotation": 0.12566370614359174,
            "transform_matrix": [
                [
                    0.0677734836935997,
                    -0.11969246715307236,
                    0.990494966506958,
                    3.9928131103515625
                ],
                [
                    0.9977007508277893,
                    0.008130669593811035,
                    -0.067283995449543,
                    -0.2712304890155792
                ],
                [
                    0.0,
                    0.9927777051925659,
                    0.11996829509735107,
                    0.4836077094078064
                ],
                [
                    0.0,
                    0.0,
                    0.0,
                    1.0
                ]
            ]
        },
        {
            "file_path": "/data/shapenet_blender/all_50_random/02958343/45e9059c3ac5825661c6c61410fc904b/r_22",
            "rotation": 0.12566370614359174,
            "transform_matrix": [
                [
                    -0.8975054025650024,
                    -0.20726577937602997,
                    0.38926202058792114,
                    1.5691654682159424
                ],
                [
                    0.4410034716129303,
                    -0.4218156337738037,
                    0.7922041416168213,
                    3.1934773921966553
                ],
                [
                    0.0,
                    0.8826735019683838,
                    0.4699866771697998,
                    1.8945770263671875
                ],
                [
                    0.0,
                    0.0,
                    0.0,
                    1.0
                ]
            ]
        },
        {
            "file_path": "/data/shapenet_blender/all_50_random/02958343/45e9059c3ac5825661c6c61410fc904b/r_23",
            "rotation": 0.12566370614359174,
            "transform_matrix": [
                [
                    -0.12658776342868805,
                    0.3579373359680176,
                    -0.9251250624656677,
                    -3.7292983531951904
                ],
                [
                    -0.9919554591178894,
                    -0.04567795246839523,
                    0.11805925518274307,
                    0.47591209411621094
                ],
                [
                    -3.725290298461914e-09,
                    0.9326276183128357,
                    0.36084017157554626,
                    1.454593300819397
                ],
                [
                    0.0,
                    0.0,
                    0.0,
                    1.0
                ]
            ]
        },
        {
            "file_path": "/data/shapenet_blender/all_50_random/02958343/45e9059c3ac5825661c6c61410fc904b/r_24",
            "rotation": 0.12566370614359174,
            "transform_matrix": [
                [
                    -0.4295012056827545,
                    -0.35610756278038025,
                    -0.829889178276062,
                    -3.3453903198242188
                ],
                [
                    -0.9030662178993225,
                    0.16936592757701874,
                    0.39469799399375916,
                    1.591078519821167
                ],
                [
                    1.4901160305669237e-08,
                    0.9189682602882385,
                    -0.39433157444000244,
                    -1.5896013975143433
                ],
                [
                    0.0,
                    0.0,
                    0.0,
                    1.0
                ]
            ]
        },
        {
            "file_path": "/data/shapenet_blender/all_50_random/02958343/45e9059c3ac5825661c6c61410fc904b/r_25",
            "rotation": 0.12566370614359174,
            "transform_matrix": [
                [
                    -0.09056732803583145,
                    0.6901941895484924,
                    0.7179340720176697,
                    2.894084930419922
                ],
                [
                    0.9958903789520264,
                    0.06276699155569077,
                    0.0652896836400032,
                    0.2631911337375641
                ],
                [
                    -3.725290742551124e-09,
                    0.7208967208862305,
                    -0.6930423974990845,
                    -2.793743371963501
                ],
                [
                    0.0,
                    0.0,
                    0.0,
                    1.0
                ]
            ]
        },
        {
            "file_path": "/data/shapenet_blender/all_50_random/02958343/45e9059c3ac5825661c6c61410fc904b/r_26",
            "rotation": 0.12566370614359174,
            "transform_matrix": [
                [
                    0.9744749069213867,
                    0.18726664781570435,
                    -0.12381434440612793,
                    -0.4991116225719452
                ],
                [
                    -0.2244967818260193,
                    0.8128697872161865,
                    -0.5374419093132019,
                    -2.1664979457855225
                ],
                [
                    -7.450581485102248e-09,
                    0.5515196323394775,
                    0.8341618180274963,
                    3.362614154815674
                ],
                [
                    0.0,
                    0.0,
                    0.0,
                    1.0
                ]
            ]
        },
        {
            "file_path": "/data/shapenet_blender/all_50_random/02958343/45e9059c3ac5825661c6c61410fc904b/r_27",
            "rotation": 0.12566370614359174,
            "transform_matrix": [
                [
                    -0.3202700912952423,
                    0.03516751900315285,
                    0.9466732740402222,
                    3.816161870956421
                ],
                [
                    0.9473262429237366,
                    0.011889362707734108,
                    0.32004934549331665,
                    1.2901601791381836
                ],
                [
                    0.0,
                    0.9993106126785278,
                    -0.037122923880815506,
                    -0.1496472954750061
                ],
                [
                    0.0,
                    0.0,
                    0.0,
                    1.0
                ]
            ]
        },
        {
            "file_path": "/data/shapenet_blender/all_50_random/02958343/45e9059c3ac5825661c6c61410fc904b/r_28",
            "rotation": 0.12566370614359174,
            "transform_matrix": [
                [
                    0.3770406246185303,
                    -0.5805425643920898,
                    0.7216721177101135,
                    2.909153461456299
                ],
                [
                    0.926196813583374,
                    0.2363300323486328,
                    -0.29378172755241394,
                    -1.184272050857544
                ],
                [
                    0.0,
                    0.7791780829429626,
                    0.6268026232719421,
                    2.5267221927642822
                ],
                [
                    0.0,
                    0.0,
                    0.0,
                    1.0
                ]
            ]
        },
        {
            "file_path": "/data/shapenet_blender/all_50_random/02958343/45e9059c3ac5825661c6c61410fc904b/r_29",
            "rotation": 0.12566370614359174,
            "transform_matrix": [
                [
                    0.8287144899368286,
                    -0.5533714294433594,
                    0.08373947441577911,
                    0.3375646471977234
                ],
                [
                    0.5596715807914734,
                    0.8193857669830322,
                    -0.1239943578839302,
                    -0.4998372793197632
                ],
                [
                    0.0,
                    0.14962255954742432,
                    0.9887431263923645,
                    3.985751152038574
                ],
                [
                    0.0,
                    0.0,
                    0.0,
                    1.0
                ]
            ]
        },
        {
            "file_path": "/data/shapenet_blender/all_50_random/02958343/45e9059c3ac5825661c6c61410fc904b/r_30",
            "rotation": 0.12566370614359174,
            "transform_matrix": [
                [
                    0.4886862337589264,
                    -0.13357090950012207,
                    -0.862174391746521,
                    -3.4755356311798096
                ],
                [
                    -0.8724595904350281,
                    -0.07481636852025986,
                    -0.4829252362251282,
                    -1.9467337131500244
                ],
                [
                    7.4505797087454084e-09,
                    0.9882112145423889,
                    -0.15309694409370422,
                    -0.6171534657478333
                ],
                [
                    0.0,
                    0.0,
                    0.0,
                    1.0
                ]
            ]
        },
        {
            "file_path": "/data/shapenet_blender/all_50_random/02958343/45e9059c3ac5825661c6c61410fc904b/r_31",
            "rotation": 0.12566370614359174,
            "transform_matrix": [
                [
                    -0.7828848958015442,
                    -0.5983380079269409,
                    0.17053645849227905,
                    0.6874544620513916
                ],
                [
                    0.6221664547920227,
                    -0.7529010772705078,
                    0.21458956599235535,
                    0.8650382161140442
                ],
                [
                    -1.4901160305669237e-08,
                    0.2741009294986725,
                    0.9617009162902832,
                    3.8767404556274414
                ],
                [
                    0.0,
                    0.0,
                    0.0,
                    1.0
                ]
            ]
        },
        {
            "file_path": "/data/shapenet_blender/all_50_random/02958343/45e9059c3ac5825661c6c61410fc904b/r_32",
            "rotation": 0.12566370614359174,
            "transform_matrix": [
                [
                    -0.9838871359825134,
                    -0.07211507111787796,
                    0.16360165178775787,
                    0.6594993472099304
                ],
                [
                    0.1787906140089035,
                    -0.39685022830963135,
                    0.9003020524978638,
                    3.6292335987091064
                ],
                [
                    7.450580596923828e-09,
                    0.915045976638794,
                    0.403349369764328,
                    1.6259533166885376
                ],
                [
                    0.0,
                    0.0,
                    0.0,
                    1.0
                ]
            ]
        },
        {
            "file_path": "/data/shapenet_blender/all_50_random/02958343/45e9059c3ac5825661c6c61410fc904b/r_33",
            "rotation": 0.12566370614359174,
            "transform_matrix": [
                [
                    0.9924705028533936,
                    0.10531065613031387,
                    0.06254711002111435,
                    0.2521354854106903
                ],
                [
                    0.12248460948467255,
                    -0.8533130884170532,
                    -0.5068078637123108,
                    -2.0430080890655518
                ],
                [
                    0.0,
                    0.510653018951416,
                    -0.8597869277000427,
                    -3.465912103652954
                ],
                [
                    0.0,
                    0.0,
                    0.0,
                    1.0
                ]
            ]
        },
        {
            "file_path": "/data/shapenet_blender/all_50_random/02958343/45e9059c3ac5825661c6c61410fc904b/r_34",
            "rotation": 0.12566370614359174,
            "transform_matrix": [
                [
                    -0.6764125227928162,
                    -0.276338130235672,
                    -0.6827176213264465,
                    -2.7521228790283203
                ],
                [
                    -0.7365230321884155,
                    0.253785103559494,
                    0.6269983649253845,
                    2.5275113582611084
                ],
                [
                    0.0,
                    0.9269466400146484,
                    -0.375192791223526,
                    -1.5124505758285522
                ],
                [
                    0.0,
                    0.0,
                    0.0,
                    1.0
                ]
            ]
        },
        {
            "file_path": "/data/shapenet_blender/all_50_random/02958343/45e9059c3ac5825661c6c61410fc904b/r_35",
            "rotation": 0.12566370614359174,
            "transform_matrix": [
                [
                    0.3357752859592438,
                    0.38649982213974,
                    0.858995258808136,
                    3.4627206325531006
                ],
                [
                    0.9419422149658203,
                    -0.13777607679367065,
                    -0.3062070906162262,
                    -1.2343602180480957
                ],
                [
                    7.450581485102248e-09,
                    0.9119405746459961,
                    -0.41032224893569946,
                    -1.6540619134902954
                ],
                [
                    0.0,
                    0.0,
                    0.0,
                    1.0
                ]
            ]
        },
        {
            "file_path": "/data/shapenet_blender/all_50_random/02958343/45e9059c3ac5825661c6c61410fc904b/r_36",
            "rotation": 0.12566370614359174,
            "transform_matrix": [
                [
                    -0.7684848308563232,
                    0.45240458846092224,
                    -0.452505499124527,
                    -1.8241081237792969
                ],
                [
                    -0.6398681402206421,
                    -0.5433401465415955,
                    0.5434613227844238,
                    2.190762996673584
                ],
                [
                    0.0,
                    0.707185685634613,
                    0.707027792930603,
                    2.8501205444335938
                ],
                [
                    0.0,
                    0.0,
                    0.0,
                    1.0
                ]
            ]
        },
        {
            "file_path": "/data/shapenet_blender/all_50_random/02958343/45e9059c3ac5825661c6c61410fc904b/r_37",
            "rotation": 0.12566370614359174,
            "transform_matrix": [
                [
                    -0.9893313646316528,
                    -0.045834578573703766,
                    0.1382843405008316,
                    0.5574420690536499
                ],
                [
                    0.1456824243068695,
                    -0.31126320362091064,
                    0.9390908479690552,
                    3.7855966091156006
                ],
                [
                    -3.725290298461914e-09,
                    0.9492177367210388,
                    0.3146197497844696,
                    1.268272876739502
                ],
                [
                    0.0,
                    0.0,
                    0.0,
                    1.0
                ]
            ]
        },
        {
            "file_path": "/data/shapenet_blender/all_50_random/02958343/45e9059c3ac5825661c6c61410fc904b/r_38",
            "rotation": 0.12566370614359174,
            "transform_matrix": [
                [
                    0.9467099905014038,
                    -0.2953822910785675,
                    0.12841124832630157,
                    0.5176422595977783
                ],
                [
                    0.3220871686935425,
                    0.8682164549827576,
                    -0.37743890285491943,
                    -1.5215047597885132
                ],
                [
                    7.4505797087454084e-09,
                    0.3986847996711731,
                    0.9170880913734436,
                    3.696899890899658
                ],
                [
                    0.0,
                    0.0,
                    0.0,
                    1.0
                ]
            ]
        },
        {
            "file_path": "/data/shapenet_blender/all_50_random/02958343/45e9059c3ac5825661c6c61410fc904b/r_39",
            "rotation": 0.12566370614359174,
            "transform_matrix": [
                [
                    0.8212828040122986,
                    0.3223959803581238,
                    -0.4706968069076538,
                    -1.8974395990371704
                ],
                [
                    -0.5705214142799377,
                    0.4640986919403076,
                    -0.6775822043418884,
                    -2.73142147064209
                ],
                [
                    -1.4901162970204496e-08,
                    0.825029194355011,
                    0.5650899410247803,
                    2.2779507637023926
                ],
                [
                    0.0,
                    0.0,
                    0.0,
                    1.0
                ]
            ]
        },
        {
            "file_path": "/data/shapenet_blender/all_50_random/02958343/45e9059c3ac5825661c6c61410fc904b/r_40",
            "rotation": 0.12566370614359174,
            "transform_matrix": [
                [
                    -0.5625600814819336,
                    0.7863991856575012,
                    0.2551515996456146,
                    1.0285489559173584
                ],
                [
                    0.8267564177513123,
                    0.5350993275642395,
                    0.173615962266922,
                    0.6998683214187622
                ],
                [
                    0.0,
                    0.3086175322532654,
                    -0.9511861801147461,
                    -3.8343541622161865
                ],
                [
                    0.0,
                    0.0,
                    0.0,
                    1.0
                ]
            ]
        },
        {
            "file_path": "/data/shapenet_blender/all_50_random/02958343/45e9059c3ac5825661c6c61410fc904b/r_41",
            "rotation": 0.12566370614359174,
            "transform_matrix": [
                [
                    0.9710360169410706,
                    -0.0020124572329223156,
                    0.23892495036125183,
                    0.9631372690200806
                ],
                [
                    0.23893344402313232,
                    0.008178714662790298,
                    -0.9710015058517456,
                    -3.9142322540283203
                ],
                [
