{
    "class": "02958343",
    "model": "1552f1a6521bb54a4bb135bcd06914d",
    "remove_doubles": true,
    "edge_split": true,
    "denoise": true,
    "camera_angle_x": 0.6911112070083618,
    "scale_factor": 2.286404253472116,
    "hdri_file": "/data/IndoorHDRDataset2018/9C4A4811-64470bd442.exr",
    "center_offset": [
        0.0,
        0.0,
        0.0
    ],
    "lights": [],
    "frames": [
        {
            "file_path": "/data/shapenet_blender/all_50_random/02958343/1552f1a6521bb54a4bb135bcd06914d/r_0",
            "rotation": 0.12566370614359174,
            "transform_matrix": [
                [
                    -0.9887614846229553,
                    -0.14024591445922852,
                    0.05178731307387352,
                    0.2087613046169281
                ],
                [
                    0.1495019942522049,
                    -0.9275445342063904,
                    0.3425057828426361,
                    1.3806848526000977
                ],
                [
                    0.0,
                    0.34639880061149597,
                    0.9380874037742615,
                    3.781550884246826
                ],
                [
                    0.0,
                    0.0,
                    0.0,
                    1.0
                ]
            ]
        },
        {
            "file_path": "/data/shapenet_blender/all_50_random/02958343/1552f1a6521bb54a4bb135bcd06914d/r_1",
            "rotation": 0.12566370614359174,
            "transform_matrix": [
                [
                    -0.6455433368682861,
                    -0.6258834600448608,
                    -0.43765679001808167,
                    -1.7642511129379272
                ],
                [
                    -0.7637236714363098,
                    0.5290328860282898,
                    0.36993280053138733,
                    1.4912469387054443
                ],
                [
                    1.4901162970204496e-08,
                    0.5730564594268799,
                    -0.8195157647132874,
                    -3.3035738468170166
                ],
                [
                    0.0,
                    0.0,
                    0.0,
                    1.0
                ]
            ]
        },
        {
            "file_path": "/data/shapenet_blender/all_50_random/02958343/1552f1a6521bb54a4bb135bcd06914d/r_2",
            "rotation": 0.12566370614359174,
            "transform_matrix": [
                [
                    0.9965997934341431,
                    -0.050867266952991486,
                    -0.06481782346963882,
                    -0.26128900051116943
                ],
                [
                    -0.08239435404539108,
                    -0.6152642965316772,
                    -0.7840030789375305,
                    -3.1604175567626953
                ],
                [
                    0.0,
                    0.786677896976471,
                    -0.6173635125160217,
                    -2.4886720180511475
                ],
                [
                    0.0,
                    0.0,
                    0.0,
                    1.0
                ]
            ]
        },
        {
            "file_path": "/data/shapenet_blender/all_50_random/02958343/1552f1a6521bb54a4bb135bcd06914d/r_3",
            "rotation": 0.12566370614359174,
            "transform_matrix": [
                [
                    -0.9869619011878967,
                    -0.01702377013862133,
                    -0.1600511223077774,
                    -0.6451867818832397
                ],
                [
                    -0.16095393896102905,
                    0.10438892990350723,
                    0.9814258217811584,
                    3.956254243850708
                ],
                [
                    -1.862645149230957e-09,
                    0.9943907856941223,
                    -0.10576793551445007,
                    -0.4263642132282257
                ],
                [
                    0.0,
                    0.0,
                    0.0,
                    1.0
                ]
            ]
        },
        {
            "file_path": "/data/shapenet_blender/all_50_random/02958343/1552f1a6521bb54a4bb135bcd06914d/r_4",
            "rotation": 0.12566370614359174,
            "transform_matrix": [
                [
                    -0.8805307149887085,
                    -0.34242379665374756,
                    0.32773706316947937,
                    1.321150302886963
                ],
                [
                    0.4739890396595001,
                    -0.6361216306686401,
                    0.6088380217552185,
                    2.4543044567108154
                ],
                [
                    1.4901159417490817e-08,
                    0.6914443969726562,
                    0.7224297523498535,
                    2.9122073650360107
                ],
                [
                    0.0,
                    0.0,
                    0.0,
                    1.0
                ]
            ]
        },
        {
            "file_path": "/data/shapenet_blender/all_50_random/02958343/1552f1a6521bb54a4bb135bcd06914d/r_5",
            "rotation": 0.12566370614359174,
            "transform_matrix": [
                [
                    -0.20198340713977814,
                    0.6087658405303955,
                    -0.7672072052955627,
                    -3.0927112102508545
                ],
                [
                    -0.979388952255249,
                    -0.12554827332496643,
                    0.15822428464889526,
                    0.6378225088119507
                ],
                [
                    0.0,
                    0.7833529710769653,
                    0.6215771436691284,
                    2.50565767288208
                ],
                [
                    0.0,
                    0.0,
                    0.0,
                    1.0
                ]
            ]
        },
        {
            "file_path": "/data/shapenet_blender/all_50_random/02958343/1552f1a6521bb54a4bb135bcd06914d/r_6",
            "rotation": 0.12566370614359174,
            "transform_matrix": [
                [
                    0.9944594502449036,
                    -0.025395039469003677,
                    0.10200817883014679,
                    0.4112081229686737
                ],
                [
                    0.10512173175811768,
                    0.2402389645576477,
                    -0.9650049805641174,
                    -3.890059471130371
                ],
                [
                    0.0,
                    0.9703814387321472,
                    0.24157747626304626,
                    0.973829984664917
                ],
                [
                    0.0,
                    0.0,
                    0.0,
                    1.0
                ]
            ]
        },
        {
            "file_path": "/data/shapenet_blender/all_50_random/02958343/1552f1a6521bb54a4bb135bcd06914d/r_7",
            "rotation": 0.12566370614359174,
            "transform_matrix": [
                [
                    0.5742872357368469,
                    -0.11978320777416229,
                    0.8098431825637817,
                    3.264582633972168
                ],
                [
                    0.8186538219451904,
                    0.08402815461158752,
                    -0.5681065320968628,
                    -2.2901108264923096
                ],
                [
                    0.0,
                    0.9892377257347107,
                    0.146317258477211,
                    0.5898237824440002
                ],
                [
                    0.0,
                    0.0,
                    0.0,
                    1.0
                ]
            ]
        },
        {
            "file_path": "/data/shapenet_blender/all_50_random/02958343/1552f1a6521bb54a4bb135bcd06914d/r_8",
            "rotation": 0.12566370614359174,
            "transform_matrix": [
                [
                    0.9891979098320007,
                    -0.02163740061223507,
                    0.14498017728328705,
                    0.5844337940216064
                ],
                [
                    0.14658589661121368,
                    0.1460145264863968,
                    -0.9783620238304138,
                    -3.9439034461975098
                ],
                [
                    0.0,
                    0.9890457391738892,
                    0.14760899543762207,
                    0.5950309038162231
                ],
                [
                    0.0,
                    0.0,
                    0.0,
                    1.0
                ]
            ]
        },
        {
            "file_path": "/data/shapenet_blender/all_50_random/02958343/1552f1a6521bb54a4bb135bcd06914d/r_9",
            "rotation": 0.12566370614359174,
            "transform_matrix": [
                [
                    -0.5724152326583862,
                    0.3782435953617096,
                    0.7275112271308899,
                    2.9326915740966797
                ],
                [
                    0.8199639320373535,
                    0.2640511393547058,
                    0.5078741908073425,
                    2.0473062992095947
                ],
                [
                    0.0,
                    0.8872479200363159,
                    -0.46129292249679565,
                    -1.859531283378601
                ],
                [
                    0.0,
                    0.0,
                    0.0,
                    1.0
                ]
            ]
        },
        {
            "file_path": "/data/shapenet_blender/all_50_random/02958343/1552f1a6521bb54a4bb135bcd06914d/r_10",
            "rotation": 0.12566370614359174,
            "transform_matrix": [
                [
                    -0.7559895515441895,
                    0.07855615019798279,
                    0.6498528122901917,
                    2.619640588760376
                ],
                [
                    0.6545836925506592,
                    0.09072580188512802,
                    0.7505258321762085,
                    3.0254664421081543
                ],
                [
                    0.0,
                    0.9927728176116943,
                    -0.12000932544469833,
                    -0.48377305269241333
                ],
                [
                    0.0,
                    0.0,
                    0.0,
                    1.0
                ]
            ]
        },
        {
            "file_path": "/data/shapenet_blender/all_50_random/02958343/1552f1a6521bb54a4bb135bcd06914d/r_11",
            "rotation": 0.12566370614359174,
            "transform_matrix": [
                [
                    0.6201021075248718,
                    -0.2387021780014038,
                    -0.7473250031471252,
                    -3.012563467025757
                ],
                [
                    -0.7845211029052734,
                    -0.18867525458335876,
                    -0.5907015204429626,
                    -2.3811938762664795
                ],
                [
                    1.4901161193847656e-08,
                    0.9525874853134155,
                    -0.3042648136615753,
                    -1.22653067111969
                ],
                [
                    0.0,
                    0.0,
                    0.0,
                    1.0
                ]
            ]
        },
        {
            "file_path": "/data/shapenet_blender/all_50_random/02958343/1552f1a6521bb54a4bb135bcd06914d/r_12",
            "rotation": 0.12566370614359174,
            "transform_matrix": [
                [
                    0.3228549063205719,
                    0.028513580560684204,
                    -0.9460188150405884,
                    -3.813524007797241
                ],
                [
                    -0.9464485049247742,
                    0.009726623073220253,
                    -0.3227083086967468,
                    -1.300878882408142
                ],
                [
                    -9.313225746154785e-10,
                    0.9995460510253906,
                    0.030126919969916344,
                    0.12144550681114197
                ],
                [
                    0.0,
                    0.0,
                    0.0,
                    1.0
                ]
            ]
        },
        {
            "file_path": "/data/shapenet_blender/all_50_random/02958343/1552f1a6521bb54a4bb135bcd06914d/r_13",
            "rotation": 0.12566370614359174,
            "transform_matrix": [
                [
                    0.11470159888267517,
                    -0.022669032216072083,
                    -0.9931413531303406,
                    -4.003480911254883
                ],
                [
                    -0.993399977684021,
                    -0.002617449499666691,
                    -0.1146717369556427,
                    -0.4622565507888794
                ],
                [
                    0.0,
                    0.9997395277023315,
                    -0.022819645702838898,
                    -0.0919889360666275
                ],
                [
                    0.0,
                    0.0,
                    0.0,
                    1.0
                ]
            ]
        },
        {
            "file_path": "/data/shapenet_blender/all_50_random/02958343/1552f1a6521bb54a4bb135bcd06914d/r_14",
            "rotation": 0.12566370614359174,
            "transform_matrix": [
                [
                    -0.20248475670814514,
                    -0.30738458037376404,
                    -0.9297927618026733,
                    -3.748114585876465
                ],
                [
                    -0.979285478591919,
                    0.06355725228786469,
                    0.19225125014781952,
                    0.7749896049499512
                ],
                [
                    3.725290298461914e-09,
                    0.949460506439209,
                    -0.3138866126537323,
                    -1.265317440032959
                ],
                [
                    0.0,
                    0.0,
                    0.0,
                    1.0
                ]
            ]
        },
        {
            "file_path": "/data/shapenet_blender/all_50_random/02958343/1552f1a6521bb54a4bb135bcd06914d/r_15",
            "rotation": 0.12566370614359174,
            "transform_matrix": [
                [
                    -0.2901705503463745,
                    -0.23099280893802643,
                    0.9286782741546631,
                    3.743621826171875
                ],
                [
                    0.9569749236106873,
                    -0.07004082202911377,
                    0.2815905511379242,
                    1.1351277828216553
                ],
                [
                    0.0,
                    0.9704311490058899,
                    0.24137809872627258,
                    0.9730262160301208
                ],
                [
                    0.0,
                    0.0,
                    0.0,
                    1.0
                ]
            ]
        },
        {
            "file_path": "/data/shapenet_blender/all_50_random/02958343/1552f1a6521bb54a4bb135bcd06914d/r_16",
            "rotation": 0.12566370614359174,
            "transform_matrix": [
                [
                    -0.7887042164802551,
                    0.5513173341751099,
                    -0.27201980352401733,
                    -1.0965468883514404
                ],
                [
                    -0.6147727370262146,
                    -0.7072959542274475,
                    0.3489796221256256,
                    1.4067819118499756
                ],
                [
                    1.4901160305669237e-08,
                    0.44247201085090637,
                    0.8967822194099426,
                    3.6150448322296143
                ],
                [
                    0.0,
                    0.0,
                    0.0,
                    1.0
                ]
            ]
        },
        {
            "file_path": "/data/shapenet_blender/all_50_random/02958343/1552f1a6521bb54a4bb135bcd06914d/r_17",
            "rotation": 0.12566370614359174,
            "transform_matrix": [
                [
                    -0.5765452980995178,
                    -0.005525035317987204,
                    -0.8170464634895325,
                    -3.2936196327209473
                ],
                [
                    -0.8170651793479919,
                    0.003898628056049347,
                    0.5765321254730225,
                    2.324075222015381
                ],
                [
                    -2.3283064365386963e-10,
                    0.9999771118164062,
                    -0.006762049626559019,
                    -0.027258694171905518
                ],
                [
                    0.0,
                    0.0,
                    0.0,
                    1.0
                ]
            ]
        },
        {
            "file_path": "/data/shapenet_blender/all_50_random/02958343/1552f1a6521bb54a4bb135bcd06914d/r_18",
            "rotation": 0.12566370614359174,
            "transform_matrix": [
                [
                    0.6643277406692505,
                    0.1810658574104309,
                    -0.7251784801483154,
                    -2.923287868499756
                ],
                [
                    -0.7474414110183716,
                    0.1609317660331726,
                    -0.6445403695106506,
                    -2.5982253551483154
                ],
                [
                    0.0,
                    0.9702144861221313,
                    0.2422475516796112,
                    0.9765310883522034
                ],
                [
                    0.0,
                    0.0,
                    0.0,
                    1.0
                ]
            ]
        },
        {
            "file_path": "/data/shapenet_blender/all_50_random/02958343/1552f1a6521bb54a4bb135bcd06914d/r_19",
            "rotation": 0.12566370614359174,
            "transform_matrix": [
                [
                    0.005397091619670391,
                    0.08465774357318878,
                    0.996395468711853,
                    4.016598701477051
                ],
                [
                    0.99998539686203,
                    -0.00045691229752264917,
                    -0.005377716384828091,
                    -0.021678268909454346
                ],
                [
                    0.0,
                    0.9964100122451782,
                    -0.08465897291898727,
                    -0.34127122163772583
                ],
                [
                    0.0,
                    0.0,
                    0.0,
                    1.0
                ]
            ]
        },
        {
            "file_path": "/data/shapenet_blender/all_50_random/02958343/1552f1a6521bb54a4bb135bcd06914d/r_20",
            "rotation": 0.12566370614359174,
            "transform_matrix": [
                [
                    -0.4984869956970215,
                    0.19731533527374268,
                    -0.8441429138183594,
                    -3.4028491973876953
                ],
                [
                    -0.8668971657752991,
                    -0.11346112936735153,
                    0.48540276288986206,
                    1.9567211866378784
                ],
                [
                    0.0,
                    0.9737521409988403,
                    0.2276109755039215,
                    0.9175292253494263
                ],
                [
                    0.0,
                    0.0,
                    0.0,
                    1.0
                ]
            ]
        },
        {
            "file_path": "/data/shapenet_blender/all_50_random/02958343/1552f1a6521bb54a4bb135bcd06914d/r_21",
            "rotation": 0.12566370614359174,
            "transform_matrix": [
                [
                    0.5283811688423157,
                    0.003543402999639511,
                    0.8489997982978821,
                    3.4224278926849365
                ],
                [
                    0.849007248878479,
                    -0.0022052431013435125,
                    -0.5283765196800232,
                    -2.1299540996551514
                ],
                [
                    0.0,
                    0.999991238117218,
                    -0.004173583816736937,
                    -0.016824256628751755
                ],
                [
                    0.0,
                    0.0,
                    0.0,
                    1.0
                ]
            ]
        },
        {
            "file_path": "/data/shapenet_blender/all_50_random/02958343/1552f1a6521bb54a4bb135bcd06914d/r_22",
            "rotation": 0.12566370614359174,
            "transform_matrix": [
                [
                    -0.5635951161384583,
                    -0.638608992099762,
                    0.5239647626876831,
                    2.1121692657470703
                ],
                [
                    0.8260510563850403,
                    -0.43570780754089355,
                    0.3574887812137604,
                    1.4410831928253174
                ],
                [
                    -1.4901158529312397e-08,
                    0.6343006491661072,
                    0.7730865478515625,
                    3.1164112091064453
                ],
                [
                    0.0,
                    0.0,
                    0.0,
                    1.0
                ]
            ]
        },
        {
            "file_path": "/data/shapenet_blender/all_50_random/02958343/1552f1a6521bb54a4bb135bcd06914d/r_23",
            "rotation": 0.12566370614359174,
            "transform_matrix": [
                [
                    0.6382043361663818,
                    0.21023333072662354,
                    -0.7406058311462402,
                    -2.9854776859283447
                ],
                [
                    -0.7698668837547302,
                    0.17427924275398254,
                    -0.6139475107192993,
                    -2.4749016761779785
                ],
                [
                    0.0,
                    0.9619920253753662,
                    0.27307748794555664,
                    1.1008105278015137
                ],
                [
                    0.0,
                    0.0,
                    0.0,
                    1.0
                ]
            ]
        },
        {
            "file_path": "/data/shapenet_blender/all_50_random/02958343/1552f1a6521bb54a4bb135bcd06914d/r_24",
            "rotation": 0.12566370614359174,
            "transform_matrix": [
                [
                    -0.8597570657730103,
                    -0.29737555980682373,
                    -0.41519320011138916,
                    -1.6736974716186523
                ],
                [
                    -0.5107030272483826,
                    0.5006250739097595,
                    0.6989684104919434,
                    2.817631959915161
                ],
                [
                    0.0,
                    0.8129835724830627,
                    -0.582286536693573,
                    -2.3472723960876465
                ],
                [
                    0.0,
                    0.0,
                    0.0,
                    1.0
                ]
            ]
        },
        {
            "file_path": "/data/shapenet_blender/all_50_random/02958343/1552f1a6521bb54a4bb135bcd06914d/r_25",
            "rotation": 0.12566370614359174,
            "transform_matrix": [
                [
                    -0.9532889723777771,
                    0.016652066260576248,
                    -0.30160048604011536,
                    -1.2157902717590332
                ],
                [
                    -0.3020597994327545,
                    -0.05255327373743057,
                    0.9518393874168396,
                    3.836986780166626
                ],
                [
                    0.0,
                    0.9984792470932007,
                    0.05512838438153267,
                    0.22222959995269775
                ],
                [
                    0.0,
                    0.0,
                    0.0,
                    1.0
                ]
            ]
        },
        {
            "file_path": "/data/shapenet_blender/all_50_random/02958343/1552f1a6521bb54a4bb135bcd06914d/r_26",
            "rotation": 0.12566370614359174,
            "transform_matrix": [
                [
                    -0.9101088047027588,
                    0.05926055833697319,
                    0.41010990738868713,
                    1.6532058715820312
                ],
                [
                    0.4143693745136261,
                    0.1301581710577011,
                    0.9007534980773926,
                    3.6310534477233887
                ],
                [
                    -3.725290298461914e-09,
                    0.9897206425666809,
                    -0.1430138498544693,
                    -0.5765072703361511
                ],
                [
                    0.0,
                    0.0,
                    0.0,
                    1.0
                ]
            ]
        },
        {
            "file_path": "/data/shapenet_blender/all_50_random/02958343/1552f1a6521bb54a4bb135bcd06914d/r_27",
            "rotation": 0.12566370614359174,
            "transform_matrix": [
                [
                    0.8438015580177307,
                    0.1795116662979126,
                    -0.5057414174079895,
                    -2.0387089252471924
                ],
                [
                    -0.5366551876068115,
                    0.28225240111351013,
                    -0.7951947450637817,
                    -3.2055325508117676
                ],
                [
                    0.0,
                    0.9423953890800476,
                    0.33450090885162354,
                    1.3484163284301758
                ],
                [
                    0.0,
                    0.0,
                    0.0,
                    1.0
                ]
            ]
        },
        {
            "file_path": "/data/shapenet_blender/all_50_random/02958343/1552f1a6521bb54a4bb135bcd06914d/r_28",
            "rotation": 0.12566370614359174,
            "transform_matrix": [
                [
                    0.7938721776008606,
                    -0.06860215961933136,
                    -0.6042025685310364,
                    -2.4356184005737305
                ],
                [
                    -0.6080847382545471,
                    -0.08956209570169449,
                    -0.7888038754463196,
                    -3.1797702312469482
                ],
                [
                    3.725290298461914e-09,
                    0.9936158061027527,
                    -0.11281677335500717,
                    -0.4547789692878723
                ],
                [
                    0.0,
                    0.0,
                    0.0,
                    1.0
                ]
            ]
        },
        {
            "file_path": "/data/shapenet_blender/all_50_random/02958343/1552f1a6521bb54a4bb135bcd06914d/r_29",
            "rotation": 0.12566370614359174,
            "transform_matrix": [
                [
                    -0.6873221397399902,
                    -0.04066113382577896,
                    0.7252136468887329,
                    2.9234299659729004
                ],
                [
                    0.7263526320457458,
                    -0.038476210087537766,
                    0.6862443089485168,
                    2.7663395404815674
                ],
                [
                    0.0,
                    0.9984318017959595,
                    0.05597987771034241,
                    0.22566212713718414
                ],
                [
                    0.0,
                    0.0,
                    0.0,
                    1.0
                ]
            ]
        },
        {
            "file_path": "/data/shapenet_blender/all_50_random/02958343/1552f1a6521bb54a4bb135bcd06914d/r_30",
            "rotation": 0.12566370614359174,
            "transform_matrix": [
                [
                    0.48143142461776733,
                    -0.3001995384693146,
                    -0.8234706521034241,
                    -3.319516658782959
                ],
                [
                    -0.8764838576316833,
                    -0.16489236056804657,
                    -0.45231255888938904,
                    -1.8233304023742676
                ],
                [
                    0.0,
                    0.9395161867141724,
                    -0.3425043523311615,
                    -1.3806793689727783
                ],
                [
                    0.0,
                    0.0,
                    0.0,
                    1.0
                ]
            ]
        },
        {
            "file_path": "/data/shapenet_blender/all_50_random/02958343/1552f1a6521bb54a4bb135bcd06914d/r_31",
            "rotation": 0.12566370614359174,
            "transform_matrix": [
                [
                    -0.9729397892951965,
                    0.009775902144610882,
                    -0.23085187375545502,
                    -0.9305935502052307
                ],
                [
                    -0.2310587465763092,
                    -0.04116426408290863,
                    0.9720686674118042,
                    3.9185335636138916
                ],
                [
                    0.0,
                    0.9991044998168945,
                    0.04230916500091553,
                    0.17055368423461914
                ],
                [
                    0.0,
                    0.0,
                    0.0,
                    1.0
                ]
            ]
        },
        {
            "file_path": "/data/shapenet_blender/all_50_random/02958343/1552f1a6521bb54a4bb135bcd06914d/r_32",
            "rotation": 0.12566370614359174,
            "transform_matrix": [
                [
                    -0.06586456298828125,
                    0.01673499308526516,
                    -0.9976882934570312,
                    -4.021810054779053
                ],
                [
                    -0.9978285431861877,
                    -0.001104641705751419,
                    0.06585530191659927,
                    0.2654712200164795
                ],
                [
                    -1.1641531488804091e-10,
                    0.9998593330383301,
                    0.016771411523222923,
                    0.06760772317647934
                ],
                [
                    0.0,
                    0.0,
                    0.0,
                    1.0
                ]
            ]
        },
        {
            "file_path": "/data/shapenet_blender/all_50_random/02958343/1552f1a6521bb54a4bb135bcd06914d/r_33",
            "rotation": 0.12566370614359174,
            "transform_matrix": [
                [
                    0.17752428352832794,
                    -0.05279264599084854,
                    -0.9826993942260742,
                    -3.961387872695923
                ],
                [
                    -0.9841164946556091,
                    -0.009523238986730576,
                    -0.17726866900920868,
                    -0.7145928740501404
                ],
                [
                    9.31322685637781e-10,
                    0.9985600113868713,
                    -0.05364471673965454,
                    -0.2162487655878067
                ],
                [
                    0.0,
                    0.0,
                    0.0,
                    1.0
                ]
            ]
        },
        {
            "file_path": "/data/shapenet_blender/all_50_random/02958343/1552f1a6521bb54a4bb135bcd06914d/r_34",
            "rotation": 0.12566370614359174,
            "transform_matrix": [
                [
                    0.9850969314575195,
                    -0.1455247402191162,
                    0.09168761223554611,
                    0.36960461735725403
                ],
                [
                    0.1720002293586731,
                    0.8334639072418213,
                    -0.5251224637031555,
                    -2.1168365478515625
                ],
                [
                    0.0,
                    0.5330668687820435,
                    0.8460729718208313,
                    3.4106297492980957
                ],
                [
                    0.0,
                    0.0,
                    0.0,
                    1.0
                ]
            ]
        },
        {
            "file_path": "/data/shapenet_blender/all_50_random/02958343/1552f1a6521bb54a4bb135bcd06914d/r_35",
            "rotation": 0.12566370614359174,
            "transform_matrix": [
                [
                    -0.34161511063575745,
                    -0.21303538978099823,
                    0.9153770208358765,
                    3.690002679824829
                ],
                [
                    0.9398400187492371,
                    -0.07743456214666367,
                    0.3327232301235199,
                    1.3412503004074097
                ],
                [
                    0.0,
                    0.9739711880683899,
                    0.2266719788312912,
                    0.9137439727783203
                ],
                [
                    0.0,
                    0.0,
                    0.0,
                    1.0
                ]
            ]
        },
        {
            "file_path": "/data/shapenet_blender/all_50_random/02958343/1552f1a6521bb54a4bb135bcd06914d/r_36",
            "rotation": 0.12566370614359174,
            "transform_matrix": [
                [
                    -0.9968922138214111,
                    -0.07099779695272446,
                    0.03413579985499382,
                    0.13760581612586975
                ],
                [
                    0.07877779752016068,
                    -0.8984403014183044,
                    0.43197086453437805,
                    1.7413302659988403
                ],
                [
                    -3.725290298461914e-09,
                    0.4333175718784332,
                    0.9012413024902344,
                    3.6330199241638184
                ],
                [
                    0.0,
                    0.0,
                    0.0,
                    1.0
                ]
            ]
        },
        {
            "file_path": "/data/shapenet_blender/all_50_random/02958343/1552f1a6521bb54a4bb135bcd06914d/r_37",
            "rotation": 0.12566370614359174,
            "transform_matrix": [
                [
                    -0.49004894495010376,
                    0.11264599114656448,
                    0.8643858432769775,
                    3.4844508171081543
                ],
                [
                    0.8716949224472046,
                    0.06332726031541824,
                    0.48593994975090027,
                    1.9588866233825684
                ],
                [
                    0.0,
                    0.9916151165962219,
                    -0.12922638654708862,
                    -0.5209282040596008
                ],
                [
                    0.0,
                    0.0,
                    0.0,
                    1.0
                ]
            ]
        },
        {
            "file_path": "/data/shapenet_blender/all_50_random/02958343/1552f1a6521bb54a4bb135bcd06914d/r_38",
            "rotation": 0.12566370614359174,
            "transform_matrix": [
                [
                    -0.24955689907073975,
                    -0.6989584565162659,
                    0.6702076196670532,
                    2.701693534851074
                ],
                [
                    0.968360185623169,
                    -0.18012917041778564,
                    0.17271976172924042,
                    0.6962556838989258
                ],
                [
                    7.450581485102248e-09,
                    0.692105770111084,
                    0.7217959761619568,
                    2.9096529483795166
                ],
                [
                    0.0,
                    0.0,
                    0.0,
                    1.0
                ]
            ]
        },
        {
            "file_path": "/data/shapenet_blender/all_50_random/02958343/1552f1a6521bb54a4bb135bcd06914d/r_39",
            "rotation": 0.12566370614359174,
            "transform_matrix": [
                [
                    -0.7850757837295532,
                    -0.1764591485261917,
                    0.5937324166297913,
                    2.393411874771118
                ],
                [
                    0.6193997263908386,
                    -0.22365815937519073,
                    0.7525429725646973,
                    3.033597707748413
                ],
                [
                    1.4901161193847656e-08,
                    0.9585608839988708,
                    0.2848873734474182,
                    1.1484177112579346
                ],
                [
                    0.0,
                    0.0,
                    0.0,
                    1.0
                ]
            ]
        },
        {
            "file_path": "/data/shapenet_blender/all_50_random/02958343/1552f1a6521bb54a4bb135bcd06914d/r_40",
            "rotation": 0.12566370614359174,
            "transform_matrix": [
                [
                    0.39128413796424866,
                    0.05426785349845886,
                    -0.9186684489250183,
                    -3.70327091217041
                ],
                [
                    -0.9202699065208435,
                    0.02307382971048355,
                    -0.390603244304657,
                    -1.5745720863342285
                ],
                [
                    0.0,
                    0.9982596635818481,
                    0.05896950140595436,
                    0.23771366477012634
                ],
                [
                    0.0,
                    0.0,
                    0.0,
                    1.0
                ]
            ]
        },
        {
            "file_path": "/data/shapenet_blender/all_50_random/02958343/1552f1a6521bb54a4bb135bcd06914d/r_41",
            "rotation": 0.12566370614359174,
            "transform_matrix": [
                [
                    -0.857591986656189,
                    0.49496597051620483,
                    0.13980261981487274,
                    0.5635623931884766
                ],
                [
                    0.5143307447433472,
                    0.825303316116333,
                    0.23310606181621552,
                    0.9396805763244629
                ],
                [
                    0.0,
                    0.27181476354599,
                    -0.9623496532440186,
