{
    "class": "02958343",
    "model": "39957ba700c2461d6b6786771012aae1",
    "remove_doubles": true,
    "edge_split": true,
    "denoise": true,
    "camera_angle_x": 0.6911112070083618,
    "scale_factor": 2.2552619300368337,
    "hdri_file": "/data/IndoorHDRDataset2018/AG8A8373-61755ee58f.exr",
    "center_offset": [
        0.0,
        -3.725290298461914e-09,
        -3.725290298461914e-09
    ],
    "lights": [],
    "frames": [
        {
            "file_path": "/data/shapenet_blender/all_50_random/02958343/39957ba700c2461d6b6786771012aae1/r_0",
            "rotation": 0.12566370614359174,
            "transform_matrix": [
                [
                    -0.9977430701255798,
                    -0.0006660371436737478,
                    -0.06714507937431335,
                    -0.27067047357559204
                ],
                [
                    -0.06714839488267899,
                    0.009896498173475266,
                    0.9976938962936401,
                    4.021832466125488
                ],
                [
                    0.0,
                    0.9999507665634155,
                    -0.009918884374201298,
                    -0.03998430073261261
                ],
                [
                    0.0,
                    0.0,
                    0.0,
                    1.0
                ]
            ]
        },
        {
            "file_path": "/data/shapenet_blender/all_50_random/02958343/39957ba700c2461d6b6786771012aae1/r_1",
            "rotation": 0.12566370614359174,
            "transform_matrix": [
                [
                    -0.9871521592140198,
                    -0.025712762027978897,
                    -0.15770073235034943,
                    -0.6357120275497437
                ],
                [
                    -0.15978321433067322,
                    0.15885528922080994,
                    0.9742864966392517,
                    3.9274747371673584
                ],
                [
                    0.0,
                    0.9869669079780579,
                    -0.1609227955341339,
                    -0.6487005949020386
                ],
                [
                    0.0,
                    0.0,
                    0.0,
                    1.0
                ]
            ]
        },
        {
            "file_path": "/data/shapenet_blender/all_50_random/02958343/39957ba700c2461d6b6786771012aae1/r_2",
            "rotation": 0.12566370614359174,
            "transform_matrix": [
                [
                    -0.03964318707585335,
                    0.8089013695716858,
                    0.5866062045097351,
                    2.364685297012329
                ],
                [
                    0.9992139339447021,
                    0.03209265321493149,
                    0.02327323518693447,
                    0.09381741285324097
                ],
                [
                    1.862645371275562e-09,
                    0.5870676040649414,
                    -0.8095378279685974,
                    -3.2633514404296875
                ],
                [
                    0.0,
                    0.0,
                    0.0,
                    1.0
                ]
            ]
        },
        {
            "file_path": "/data/shapenet_blender/all_50_random/02958343/39957ba700c2461d6b6786771012aae1/r_3",
            "rotation": 0.12566370614359174,
            "transform_matrix": [
                [
                    0.1747828722000122,
                    0.04434214159846306,
                    -0.9836080074310303,
                    -3.965050458908081
                ],
                [
                    -0.9846069812774658,
                    0.007871412672102451,
                    -0.17460553348064423,
                    -0.703857421875
                ],
                [
                    9.313224635931761e-10,
                    0.9989854097366333,
                    0.04503536969423294,
                    0.18154338002204895
                ],
                [
                    0.0,
                    0.0,
                    0.0,
                    1.0
                ]
            ]
        },
        {
            "file_path": "/data/shapenet_blender/all_50_random/02958343/39957ba700c2461d6b6786771012aae1/r_4",
            "rotation": 0.12566370614359174,
            "transform_matrix": [
                [
                    0.24335341155529022,
                    0.4336242973804474,
                    0.8676111102104187,
                    3.4974522590637207
                ],
                [
                    0.9699376225471497,
                    -0.10879458487033844,
                    -0.21768011152744293,
                    -0.877496600151062
                ],
                [
                    7.450580152834618e-09,
                    0.8945019245147705,
                    -0.44706404209136963,
                    -1.8021727800369263
                ],
                [
                    0.0,
                    0.0,
                    0.0,
                    1.0
                ]
            ]
        },
        {
            "file_path": "/data/shapenet_blender/all_50_random/02958343/39957ba700c2461d6b6786771012aae1/r_5",
            "rotation": 0.12566370614359174,
            "transform_matrix": [
                [
                    0.7164120674133301,
                    0.3619230091571808,
                    0.5964607000350952,
                    2.4044101238250732
                ],
                [
                    0.6976774334907532,
                    -0.37164175510406494,
                    -0.6124774217605591,
                    -2.468975782394409
                ],
                [
                    2.980232594040899e-08,
                    0.8549233675003052,
                    -0.5187540650367737,
                    -2.0911648273468018
                ],
                [
                    0.0,
                    0.0,
                    0.0,
                    1.0
                ]
            ]
        },
        {
            "file_path": "/data/shapenet_blender/all_50_random/02958343/39957ba700c2461d6b6786771012aae1/r_6",
            "rotation": 0.12566370614359174,
            "transform_matrix": [
                [
                    -0.9484568238258362,
                    0.15928423404693604,
                    0.2739674150943756,
                    1.1043980121612549
                ],
                [
                    0.31690630316734314,
                    0.47671574354171753,
                    0.8199465870857239,
                    3.3053104877471924
                ],
                [
                    -1.4901161193847656e-08,
                    0.8645058870315552,
                    -0.5026224851608276,
                    -2.0261361598968506
                ],
                [
                    0.0,
                    0.0,
                    0.0,
                    1.0
                ]
            ]
        },
        {
            "file_path": "/data/shapenet_blender/all_50_random/02958343/39957ba700c2461d6b6786771012aae1/r_7",
            "rotation": 0.12566370614359174,
            "transform_matrix": [
                [
                    -0.3140387535095215,
                    -0.5704914331436157,
                    -0.7588933706283569,
                    -3.059196949005127
                ],
                [
                    -0.9494102001190186,
                    0.18870286643505096,
                    0.25102102756500244,
                    1.011898159980774
                ],
                [
                    0.0,
                    0.7993313670158386,
                    -0.6008904576301575,
                    -2.422266960144043
                ],
                [
                    0.0,
                    0.0,
                    0.0,
                    1.0
                ]
            ]
        },
        {
            "file_path": "/data/shapenet_blender/all_50_random/02958343/39957ba700c2461d6b6786771012aae1/r_8",
            "rotation": 0.12566370614359174,
            "transform_matrix": [
                [
                    0.9319162368774414,
                    -0.2015930563211441,
                    -0.3014838993549347,
                    -1.2153204679489136
                ],
                [
                    -0.36267387866973877,
                    -0.5180076956748962,
                    -0.7746842503547668,
                    -3.122852087020874
                ],
                [
                    -1.4901162970204496e-08,
                    0.8312810063362122,
                    -0.5558523535728455,
                    -2.2407124042510986
                ],
                [
                    0.0,
                    0.0,
                    0.0,
                    1.0
                ]
            ]
        },
        {
            "file_path": "/data/shapenet_blender/all_50_random/02958343/39957ba700c2461d6b6786771012aae1/r_9",
            "rotation": 0.12566370614359174,
            "transform_matrix": [
                [
                    -0.4901517927646637,
                    -0.27821165323257446,
                    0.826044499874115,
                    3.3298919200897217
                ],
                [
                    0.8716371059417725,
                    -0.15644808113574982,
                    0.46451351046562195,
                    1.8725138902664185
                ],
                [
                    0.0,
                    0.9476931095123291,
                    0.3191829025745392,
                    1.2866674661636353
                ],
                [
                    0.0,
                    0.0,
                    0.0,
                    1.0
                ]
            ]
        },
        {
            "file_path": "/data/shapenet_blender/all_50_random/02958343/39957ba700c2461d6b6786771012aae1/r_10",
            "rotation": 0.12566370614359174,
            "transform_matrix": [
                [
                    -0.7098965644836426,
                    -0.5726673603057861,
                    0.4099986255168915,
                    1.6527574062347412
                ],
                [
                    0.7043059468269348,
                    -0.5772131085395813,
                    0.41325312852859497,
                    1.6658767461776733
                ],
                [
                    0.0,
                    0.5821313858032227,
                    0.8130946159362793,
                    3.2776894569396973
                ],
                [
                    0.0,
                    0.0,
                    0.0,
                    1.0
                ]
            ]
        },
        {
            "file_path": "/data/shapenet_blender/all_50_random/02958343/39957ba700c2461d6b6786771012aae1/r_11",
            "rotation": 0.12566370614359174,
            "transform_matrix": [
                [
                    -0.4096726179122925,
                    0.03927694633603096,
                    0.9113866090774536,
                    3.673917293548584
                ],
                [
                    0.9122326970100403,
                    0.01763879880309105,
                    0.40929263830184937,
                    1.6499115228652954
                ],
                [
                    0.0,
                    0.9990726113319397,
                    -0.04305584356188774,
                    -0.17356367409229279
                ],
                [
                    0.0,
                    0.0,
                    0.0,
                    1.0
                ]
            ]
        },
        {
            "file_path": "/data/shapenet_blender/all_50_random/02958343/39957ba700c2461d6b6786771012aae1/r_12",
            "rotation": 0.12566370614359174,
            "transform_matrix": [
                [
                    0.8843026161193848,
                    0.03289170190691948,
                    0.46575430035591125,
                    1.8775157928466797
                ],
                [
                    0.4669142961502075,
                    -0.062294553965330124,
                    -0.8821056485176086,
                    -3.5558817386627197
                ],
                [
                    0.0,
                    0.9975156784057617,
                    -0.07044483721256256,
                    -0.28397226333618164
                ],
                [
                    0.0,
                    0.0,
                    0.0,
                    1.0
                ]
            ]
        },
        {
            "file_path": "/data/shapenet_blender/all_50_random/02958343/39957ba700c2461d6b6786771012aae1/r_13",
            "rotation": 0.12566370614359174,
            "transform_matrix": [
                [
                    0.9881178140640259,
                    0.03554914519190788,
                    0.14953097701072693,
                    0.6027787327766418
                ],
                [
                    0.1536986082792282,
                    -0.22854302823543549,
                    -0.9613244533538818,
                    -3.875223159790039
                ],
                [
                    3.725290298461914e-09,
                    0.9728845953941345,
                    -0.23129123449325562,
                    -0.932364821434021
                ],
                [
                    0.0,
                    0.0,
                    0.0,
                    1.0
                ]
            ]
        },
        {
            "file_path": "/data/shapenet_blender/all_50_random/02958343/39957ba700c2461d6b6786771012aae1/r_14",
            "rotation": 0.12566370614359174,
            "transform_matrix": [
                [
                    0.549493670463562,
                    0.77528315782547,
                    -0.31143632531166077,
                    -1.2554399967193604
                ],
                [
                    -0.8354979753494263,
                    0.5098913311958313,
                    -0.2048266977071762,
                    -0.8256828188896179
                ],
                [
                    0.0,
                    0.37275540828704834,
                    0.9279296398162842,
                    3.7406039237976074
                ],
                [
                    0.0,
                    0.0,
                    0.0,
                    1.0
                ]
            ]
        },
        {
            "file_path": "/data/shapenet_blender/all_50_random/02958343/39957ba700c2461d6b6786771012aae1/r_15",
            "rotation": 0.12566370614359174,
            "transform_matrix": [
                [
                    0.9901375770568848,
                    0.017095444723963737,
                    -0.13905175030231476,
                    -0.5605355501174927
                ],
                [
                    -0.1400986909866333,
                    0.12082084268331528,
                    -0.9827383756637573,
                    -3.961544990539551
                ],
                [
                    0.0,
                    0.9925270676612854,
                    0.122024305164814,
                    0.4918957054615021
                ],
                [
                    0.0,
                    0.0,
                    0.0,
                    1.0
                ]
            ]
        },
        {
            "file_path": "/data/shapenet_blender/all_50_random/02958343/39957ba700c2461d6b6786771012aae1/r_16",
            "rotation": 0.12566370614359174,
            "transform_matrix": [
                [
                    -0.948536217212677,
                    -0.1047162264585495,
                    -0.29885366559028625,
                    -1.2047176361083984
                ],
                [
                    -0.3166685998439789,
                    0.31366273760795593,
                    0.8951740860939026,
                    3.6085622310638428
                ],
                [
                    1.4901159417490817e-08,
                    0.9437426924705505,
                    -0.330680787563324,
                    -1.3330168724060059
                ],
                [
                    0.0,
                    0.0,
                    0.0,
                    1.0
                ]
            ]
        },
        {
            "file_path": "/data/shapenet_blender/all_50_random/02958343/39957ba700c2461d6b6786771012aae1/r_17",
            "rotation": 0.12566370614359174,
            "transform_matrix": [
                [
                    0.31137359142303467,
                    0.13859635591506958,
                    -0.940126359462738,
                    -3.7897703647613525
                ],
                [
                    -0.9502876400947571,
                    0.0454128198325634,
                    -0.30804410576820374,
                    -1.2417654991149902
                ],
                [
                    -3.725290298461914e-09,
                    0.9893071055412292,
                    0.14584675431251526,
                    0.5879270434379578
                ],
                [
                    0.0,
                    0.0,
                    0.0,
                    1.0
                ]
            ]
        },
        {
            "file_path": "/data/shapenet_blender/all_50_random/02958343/39957ba700c2461d6b6786771012aae1/r_18",
            "rotation": 0.12566370614359174,
            "transform_matrix": [
                [
                    -0.8684978485107422,
                    -0.32088765501976013,
                    -0.37781304121017456,
                    -1.5230131149291992
                ],
                [
                    -0.49569302797317505,
                    0.5622233748435974,
                    0.6619616746902466,
                    2.6684529781341553
                ],
                [
                    0.0,
                    0.7621915340423584,
                    -0.6473515033721924,
                    -2.6095573902130127
                ],
                [
                    0.0,
                    0.0,
                    0.0,
                    1.0
                ]
            ]
        },
        {
            "file_path": "/data/shapenet_blender/all_50_random/02958343/39957ba700c2461d6b6786771012aae1/r_19",
            "rotation": 0.12566370614359174,
            "transform_matrix": [
                [
                    0.5857730507850647,
                    0.7221457362174988,
                    0.3679341971874237,
                    1.4831901788711548
                ],
                [
                    0.8104751706123352,
                    -0.5219327211380005,
                    -0.26592540740966797,
                    -1.0719796419143677
                ],
                [
                    0.0,
                    0.4539734423160553,
                    -0.8910151720046997,
                    -3.591797113418579
                ],
                [
                    0.0,
                    0.0,
                    0.0,
                    1.0
                ]
            ]
        },
        {
            "file_path": "/data/shapenet_blender/all_50_random/02958343/39957ba700c2461d6b6786771012aae1/r_20",
            "rotation": 0.12566370614359174,
            "transform_matrix": [
                [
                    0.5950021147727966,
                    0.02076863870024681,
                    0.803455650806427,
                    3.2388336658477783
                ],
                [
                    0.8037241697311401,
                    -0.015375155955553055,
                    -0.5948033332824707,
                    -2.3977291584014893
                ],
                [
                    -9.31322685637781e-10,
                    0.9996659755706787,
                    -0.025840505957603455,
                    -0.1041664183139801
                ],
                [
                    0.0,
                    0.0,
                    0.0,
                    1.0
                ]
            ]
        },
        {
            "file_path": "/data/shapenet_blender/all_50_random/02958343/39957ba700c2461d6b6786771012aae1/r_21",
            "rotation": 0.12566370614359174,
            "transform_matrix": [
                [
                    0.045323871076107025,
                    0.6041399836540222,
                    0.7955882549285889,
                    3.2071189880371094
                ],
                [
                    0.9989722967147827,
                    -0.027410132810473442,
                    -0.0360962338745594,
                    -0.14550858736038208
                ],
                [
                    0.0,
                    0.7964067459106445,
                    -0.6047613620758057,
                    -2.437871217727661
                ],
                [
                    0.0,
                    0.0,
                    0.0,
                    1.0
                ]
            ]
        },
        {
            "file_path": "/data/shapenet_blender/all_50_random/02958343/39957ba700c2461d6b6786771012aae1/r_22",
            "rotation": 0.12566370614359174,
            "transform_matrix": [
                [
                    0.6688913106918335,
                    0.18263818323612213,
                    -0.7205744981765747,
                    -2.904728651046753
                ],
                [
                    -0.7433601021766663,
                    0.1643417328596115,
                    -0.6483883261680603,
                    -2.613736867904663
                ],
                [
                    0.0,
                    0.9693477153778076,
                    0.24569272994995117,
                    0.9904190301895142
                ],
                [
                    0.0,
                    0.0,
                    0.0,
                    1.0
                ]
            ]
        },
        {
            "file_path": "/data/shapenet_blender/all_50_random/02958343/39957ba700c2461d6b6786771012aae1/r_23",
            "rotation": 0.12566370614359174,
            "transform_matrix": [
                [
                    -0.09279059618711472,
                    0.006670849397778511,
                    0.9956632852554321,
                    4.013647079467773
                ],
                [
                    0.9956856369972229,
                    0.0006216742331162095,
                    0.09278851002454758,
                    0.37404245138168335
                ],
                [
                    -5.8207653974573503e-11,
                    0.9999776482582092,
                    -0.006699753925204277,
                    -0.0270075723528862
                ],
                [
                    0.0,
                    0.0,
                    0.0,
                    1.0
                ]
            ]
        },
        {
            "file_path": "/data/shapenet_blender/all_50_random/02958343/39957ba700c2461d6b6786771012aae1/r_24",
            "rotation": 0.12566370614359174,
            "transform_matrix": [
                [
                    -0.955258309841156,
                    -0.03209685534238815,
                    0.2940261662006378,
                    1.1852571964263916
                ],
                [
                    0.29577285051345825,
                    -0.10366330295801163,
                    0.9496170282363892,
                    3.8280282020568848
                ],
                [
                    1.8626449271863521e-09,
                    0.9940943717956543,
                    0.10851863026618958,
                    0.4374525249004364
                ],
                [
                    0.0,
                    0.0,
                    0.0,
                    1.0
                ]
            ]
        },
        {
            "file_path": "/data/shapenet_blender/all_50_random/02958343/39957ba700c2461d6b6786771012aae1/r_25",
            "rotation": 0.12566370614359174,
            "transform_matrix": [
                [
                    0.3107447624206543,
                    -0.023890797048807144,
                    -0.9501929879188538,
                    -3.830350637435913
                ],
                [
                    -0.9504933953285217,
                    -0.007810618262737989,
                    -0.31064656376838684,
                    -1.2522565126419067
                ],
                [
                    0.0,
                    0.9996840357780457,
                    -0.02513515204191208,
                    -0.10132304579019547
                ],
                [
                    0.0,
                    0.0,
                    0.0,
                    1.0
                ]
            ]
        },
        {
            "file_path": "/data/shapenet_blender/all_50_random/02958343/39957ba700c2461d6b6786771012aae1/r_26",
            "rotation": 0.12566370614359174,
            "transform_matrix": [
                [
                    -0.6372441649436951,
                    -0.5798191428184509,
                    0.5076707601547241,
                    2.0464863777160645
                ],
                [
                    0.7706620693206787,
                    -0.47944024205207825,
                    0.41978225111961365,
                    1.6921963691711426
                ],
                [
                    -1.4901162970204496e-08,
                    0.6587462425231934,
                    0.7523650527000427,
                    3.0328805446624756
                ],
                [
                    0.0,
                    0.0,
                    0.0,
                    1.0
                ]
            ]
        },
        {
            "file_path": "/data/shapenet_blender/all_50_random/02958343/39957ba700c2461d6b6786771012aae1/r_27",
            "rotation": 0.12566370614359174,
            "transform_matrix": [
                [
                    -0.9591339230537415,
                    -0.08241493999958038,
                    0.27068400382995605,
                    1.0911622047424316
                ],
                [
                    0.2829523980617523,
                    -0.2793648838996887,
                    0.9175472855567932,
                    3.69875168800354
                ],
                [
                    7.450580596923828e-09,
                    0.9566415548324585,
                    0.2912678122520447,
                    1.1741381883621216
                ],
                [
                    0.0,
                    0.0,
                    0.0,
                    1.0
                ]
            ]
        },
        {
            "file_path": "/data/shapenet_blender/all_50_random/02958343/39957ba700c2461d6b6786771012aae1/r_28",
            "rotation": 0.12566370614359174,
            "transform_matrix": [
                [
                    0.5162151455879211,
                    0.0010750985238701105,
                    -0.8564582467079163,
                    -3.452493667602539
                ],
                [
                    -0.8564590215682983,
                    0.000647996028419584,
                    -0.5162146687507629,
                    -2.080927848815918
                ],
                [
                    -5.8207653974573503e-11,
                    0.9999992847442627,
                    0.001255282899364829,
                    0.005060207098722458
                ],
                [
                    0.0,
                    0.0,
                    0.0,
                    1.0
                ]
            ]
        },
        {
            "file_path": "/data/shapenet_blender/all_50_random/02958343/39957ba700c2461d6b6786771012aae1/r_29",
            "rotation": 0.12566370614359174,
            "transform_matrix": [
                [
                    0.22271817922592163,
                    0.3459538519382477,
                    -0.9114343523979187,
                    -3.67410945892334
                ],
                [
                    -0.9748829007148743,
                    0.07903534173965454,
                    -0.20822295546531677,
                    -0.8393735885620117
                ],
                [
                    -7.450580596923828e-09,
                    0.9349167943000793,
                    0.35486704111099243,
                    1.4305148124694824
                ],
                [
                    0.0,
                    0.0,
                    0.0,
                    1.0
                ]
            ]
        },
        {
            "file_path": "/data/shapenet_blender/all_50_random/02958343/39957ba700c2461d6b6786771012aae1/r_30",
            "rotation": 0.12566370614359174,
            "transform_matrix": [
                [
                    0.9984225034713745,
                    0.0459785982966423,
                    0.03222506120800972,
                    0.1299033761024475
                ],
                [
                    0.056147001683712006,
                    -0.8176048994064331,
                    -0.573035478591919,
                    -2.3099799156188965
                ],
                [
                    -1.862645149230957e-09,
                    0.5739407539367676,
                    -0.8188967108726501,
                    -3.3010783195495605
                ],
                [
                    0.0,
                    0.0,
                    0.0,
                    1.0
                ]
            ]
        },
        {
            "file_path": "/data/shapenet_blender/all_50_random/02958343/39957ba700c2461d6b6786771012aae1/r_31",
            "rotation": 0.12566370614359174,
            "transform_matrix": [
                [
                    0.8593067526817322,
                    0.2481546849012375,
                    -0.44722607731819153,
                    -1.802825927734375
                ],
                [
                    -0.511460542678833,
                    0.4169255793094635,
                    -0.7513861656188965,
                    -3.0289344787597656
                ],
                [
                    0.0,
                    0.8744096159934998,
                    0.4851882755756378,
                    1.955856442451477
                ],
                [
                    0.0,
                    0.0,
                    0.0,
                    1.0
                ]
            ]
        },
        {
            "file_path": "/data/shapenet_blender/all_50_random/02958343/39957ba700c2461d6b6786771012aae1/r_32",
            "rotation": 0.12566370614359174,
            "transform_matrix": [
                [
                    -0.18022353947162628,
                    -0.41877296566963196,
                    0.8900273442268372,
                    3.587815046310425
                ],
                [
                    0.9836257696151733,
                    -0.07672912627458572,
                    0.1630740910768509,
                    0.6573727130889893
                ],
                [
                    0.0,
                    0.9048435688018799,
                    0.4257441759109497,
                    1.7162296772003174
                ],
                [
                    0.0,
                    0.0,
                    0.0,
                    1.0
                ]
            ]
        },
        {
            "file_path": "/data/shapenet_blender/all_50_random/02958343/39957ba700c2461d6b6786771012aae1/r_33",
            "rotation": 0.12566370614359174,
            "transform_matrix": [
                [
                    -0.9284973740577698,
                    -0.33363965153694153,
                    0.16302520036697388,
                    0.6571756601333618
                ],
                [
                    0.37133899331092834,
                    -0.834233820438385,
                    0.40762877464294434,
                    1.6432042121887207
                ],
                [
                    1.4901161193847656e-08,
                    0.43901973962783813,
                    0.89847731590271,
                    3.621878147125244
                ],
                [
                    0.0,
                    0.0,
                    0.0,
                    1.0
                ]
            ]
        },
        {
            "file_path": "/data/shapenet_blender/all_50_random/02958343/39957ba700c2461d6b6786771012aae1/r_34",
            "rotation": 0.12566370614359174,
            "transform_matrix": [
                [
                    0.9628322720527649,
                    -0.2477300465106964,
                    0.10762827843427658,
                    0.43386349081993103
                ],
                [
                    0.2700999975204468,
                    0.8830894231796265,
                    -0.38366520404815674,
                    -1.546604037284851
                ],
                [
                    0.0,
                    0.39847561717033386,
                    0.9171788096427917,
                    3.6972663402557373
                ],
                [
                    0.0,
                    0.0,
                    0.0,
                    1.0
                ]
            ]
        },
        {
            "file_path": "/data/shapenet_blender/all_50_random/02958343/39957ba700c2461d6b6786771012aae1/r_35",
            "rotation": 0.12566370614359174,
            "transform_matrix": [
                [
                    0.988679826259613,
                    -0.008600467815995216,
                    -0.14979463815689087,
                    -0.6038414835929871
                ],
                [
                    -0.1500413566827774,
                    -0.05667177960276604,
                    -0.987054169178009,
                    -3.978942632675171
                ],
                [
                    -9.31322685637781e-10,
                    0.9983557462692261,
                    -0.057320669293403625,
                    -0.2310670018196106
                ],
                [
                    0.0,
                    0.0,
                    0.0,
                    1.0
                ]
            ]
        },
        {
            "file_path": "/data/shapenet_blender/all_50_random/02958343/39957ba700c2461d6b6786771012aae1/r_36",
            "rotation": 0.12566370614359174,
            "transform_matrix": [
                [
                    0.591015636920929,
                    -0.26898083090782166,
                    0.7604930996894836,
                    3.065645933151245
                ],
                [
                    0.8066600561141968,
                    0.19707420468330383,
                    -0.557190477848053,
                    -2.2461068630218506
                ],
                [
                    -1.4901160305669237e-08,
                    0.9427676796913147,
                    0.3334500193595886,
                    1.3441801071166992
                ],
                [
                    0.0,
                    0.0,
                    0.0,
                    1.0
                ]
            ]
        },
        {
            "file_path": "/data/shapenet_blender/all_50_random/02958343/39957ba700c2461d6b6786771012aae1/r_37",
            "rotation": 0.12566370614359174,
            "transform_matrix": [
                [
                    0.9997342228889465,
                    -0.008961044251918793,
                    -0.02124108001589775,
                    -0.0856255292892456
                ],
                [
                    -0.023053931072354317,
                    -0.3885958790779114,
                    -0.9211198687553406,
                    -3.7131528854370117
                ],
                [
                    0.0,
                    0.9213647246360779,
                    -0.38869917392730713,
                    -1.5668964385986328
                ],
                [
                    0.0,
                    0.0,
                    0.0,
                    1.0
                ]
            ]
        },
        {
            "file_path": "/data/shapenet_blender/all_50_random/02958343/39957ba700c2461d6b6786771012aae1/r_38",
            "rotation": 0.12566370614359174,
            "transform_matrix": [
                [
                    0.3610946834087372,
                    -0.7264707684516907,
                    0.5846800208091736,
                    2.3569207191467285
                ],
                [
                    0.9325292110443115,
                    0.28130456805229187,
                    -0.22640027105808258,
                    -0.9126487374305725
                ],
                [
                    1.4901162970204496e-08,
                    0.626983106136322,
                    0.7790327072143555,
                    3.1403815746307373
                ],
                [
                    0.0,
                    0.0,
                    0.0,
                    1.0
                ]
            ]
        },
        {
            "file_path": "/data/shapenet_blender/all_50_random/02958343/39957ba700c2461d6b6786771012aae1/r_39",
            "rotation": 0.12566370614359174,
            "transform_matrix": [
                [
                    -0.6074507832527161,
                    -0.33120274543762207,
                    -0.7220166921615601,
                    -2.9105427265167236
                ],
                [
                    -0.7943572402000427,
                    0.2532731592655182,
                    0.5521314144134521,
                    2.2257132530212402
                ],
                [
                    0.0,
                    0.9089320302009583,
                    -0.4169442653656006,
                    -1.6807562112808228
                ],
                [
                    0.0,
                    0.0,
                    0.0,
                    1.0
                ]
            ]
        },
        {
            "file_path": "/data/shapenet_blender/all_50_random/02958343/39957ba700c2461d6b6786771012aae1/r_40",
            "rotation": 0.12566370614359174,
            "transform_matrix": [
                [
                    0.9979102611541748,
                    -0.04886961728334427,
                    -0.04227277263998985,
                    -0.1704069972038269
                ],
                [
                    -0.06461600214242935,
                    -0.754727840423584,
                    -0.6528481245040894,
                    -2.6317150592803955
                ],
                [
                    0.0,
                    0.6542153358459473,
                    -0.7563083171844482,
                    -3.048776388168335
                ],
                [
                    0.0,
                    0.0,
                    0.0,
                    1.0
                ]
            ]
        },
        {
            "file_path": "/data/shapenet_blender/all_50_random/02958343/39957ba700c2461d6b6786771012aae1/r_41",
            "rotation": 0.12566370614359174,
            "transform_matrix": [
                [
                    0.15489935874938965,
                    0.02029711939394474,
                    0.9877218008041382,
                    3.981633424758911
                ],
                [
                    0.9879302382469177,
                    -0.0031824219040572643,
                    -0.15486668050289154,
