{
    "class": "02958343",
    "model": "d28ad2ed7b1ba665b1bb46d2556ba67d",
    "remove_doubles": true,
    "edge_split": true,
    "denoise": true,
    "camera_angle_x": 0.6911112070083618,
    "scale_factor": 2.3158306805448157,
    "hdri_file": "/data/IndoorHDRDataset2018/AG8A7027-0c6add4f60.exr",
    "center_offset": [
        0.0,
        0.0,
        1.862645149230957e-09
    ],
    "lights": [],
    "frames": [
        {
            "file_path": "/data/shapenet_blender/all_50_random/02958343/d28ad2ed7b1ba665b1bb46d2556ba67d/r_0",
            "rotation": 0.12566370614359174,
            "transform_matrix": [
                [
                    -0.06293259561061859,
                    -0.7594904899597168,
                    0.6474670767784119,
                    2.6100234985351562
                ],
                [
                    0.9980177879333496,
                    -0.04789163917303085,
                    0.040827710181474686,
                    0.1645817756652832
                ],
                [
                    1.862645149230957e-09,
                    0.6487530469894409,
                    0.7609989047050476,
                    3.0676848888397217
                ],
                [
                    0.0,
                    0.0,
                    0.0,
                    1.0
                ]
            ]
        },
        {
            "file_path": "/data/shapenet_blender/all_50_random/02958343/d28ad2ed7b1ba665b1bb46d2556ba67d/r_1",
            "rotation": 0.12566370614359174,
            "transform_matrix": [
                [
                    0.7127580642700195,
                    -0.5482714176177979,
                    -0.43746358156204224,
                    -1.763472080230713
                ],
                [
                    -0.7014100551605225,
                    -0.5571418404579163,
                    -0.44454124569892883,
                    -1.7920030355453491
                ],
                [
                    -1.4901161193847656e-08,
                    0.6236916184425354,
                    -0.7816704511642456,
                    -3.1510143280029297
                ],
                [
                    0.0,
                    0.0,
                    0.0,
                    1.0
                ]
            ]
        },
        {
            "file_path": "/data/shapenet_blender/all_50_random/02958343/d28ad2ed7b1ba665b1bb46d2556ba67d/r_2",
            "rotation": 0.12566370614359174,
            "transform_matrix": [
                [
                    -0.737826943397522,
                    0.43634551763534546,
                    -0.5149893164634705,
                    -2.075988531112671
                ],
                [
                    -0.6749899983406067,
                    -0.4769662916660309,
                    0.5629312992095947,
                    2.2692489624023438
                ],
                [
                    0.0,
                    0.7629585266113281,
                    0.6464473009109497,
                    2.605912685394287
                ],
                [
                    0.0,
                    0.0,
                    0.0,
                    1.0
                ]
            ]
        },
        {
            "file_path": "/data/shapenet_blender/all_50_random/02958343/d28ad2ed7b1ba665b1bb46d2556ba67d/r_3",
            "rotation": 0.12566370614359174,
            "transform_matrix": [
                [
                    -0.5108172297477722,
                    -0.038221050053834915,
                    0.858839213848114,
                    3.4620916843414307
                ],
                [
                    0.8596893548965454,
                    -0.022710498422384262,
                    0.5103121399879456,
                    2.0571341514587402
                ],
                [
                    0.0,
                    0.999011218547821,
                    0.04445914179086685,
                    0.1792205274105072
                ],
                [
                    0.0,
                    0.0,
                    0.0,
                    1.0
                ]
            ]
        },
        {
            "file_path": "/data/shapenet_blender/all_50_random/02958343/d28ad2ed7b1ba665b1bb46d2556ba67d/r_4",
            "rotation": 0.12566370614359174,
            "transform_matrix": [
                [
                    -0.9975350499153137,
                    -0.03165040165185928,
                    -0.06262709945440292,
                    -0.2524579167366028
                ],
                [
                    -0.07017051428556442,
                    0.4499380588531494,
                    0.8902987241744995,
                    3.5889089107513428
                ],
                [
                    1.862645149230957e-09,
                    0.8924986720085144,
                    -0.4510498642921448,
                    -1.8182401657104492
                ],
                [
                    0.0,
                    0.0,
                    0.0,
                    1.0
                ]
            ]
        },
        {
            "file_path": "/data/shapenet_blender/all_50_random/02958343/d28ad2ed7b1ba665b1bb46d2556ba67d/r_5",
            "rotation": 0.12566370614359174,
            "transform_matrix": [
                [
                    -0.13725009560585022,
                    -0.8438022136688232,
                    0.518806517124176,
                    2.091376304626465
                ],
                [
                    0.9905364513397217,
                    -0.1169183999300003,
                    0.07188655436038971,
                    0.2897840142250061
                ],
                [
                    -7.450580596923828e-09,
                    0.5237632393836975,
                    0.8518638014793396,
                    3.4339730739593506
                ],
                [
                    0.0,
                    0.0,
                    0.0,
                    1.0
                ]
            ]
        },
        {
            "file_path": "/data/shapenet_blender/all_50_random/02958343/d28ad2ed7b1ba665b1bb46d2556ba67d/r_6",
            "rotation": 0.12566370614359174,
            "transform_matrix": [
                [
                    -0.9653062224388123,
                    -0.04150368273258209,
                    0.2578010559082031,
                    1.039229393005371
                ],
                [
                    0.2611205577850342,
                    -0.15343011915683746,
                    0.9530346989631653,
                    3.841805934906006
                ],
                [
                    0.0,
                    0.9872874617576599,
                    0.1589445024728775,
                    0.64072585105896
                ],
                [
                    0.0,
                    0.0,
                    0.0,
                    1.0
                ]
            ]
        },
        {
            "file_path": "/data/shapenet_blender/all_50_random/02958343/d28ad2ed7b1ba665b1bb46d2556ba67d/r_7",
            "rotation": 0.12566370614359174,
            "transform_matrix": [
                [
                    0.8250426054000854,
                    -0.01105013769119978,
                    0.5649625658988953,
                    2.2774369716644287
                ],
                [
                    0.565070629119873,
                    0.016133971512317657,
                    -0.8248847723007202,
                    -3.325216770172119
                ],
                [
                    9.313225746154785e-10,
                    0.9998087882995605,
                    0.01955532096326351,
                    0.07883001863956451
                ],
                [
                    0.0,
                    0.0,
                    0.0,
                    1.0
                ]
            ]
        },
        {
            "file_path": "/data/shapenet_blender/all_50_random/02958343/d28ad2ed7b1ba665b1bb46d2556ba67d/r_8",
            "rotation": 0.12566370614359174,
            "transform_matrix": [
                [
                    0.4071764349937439,
                    -0.9036533236503601,
                    -0.1327330768108368,
                    -0.5350642204284668
                ],
                [
                    -0.9133496284484863,
                    -0.40285375714302063,
                    -0.05917315557599068,
                    -0.23853462934494019
                ],
                [
                    0.0,
                    0.14532561600208282,
                    -0.9893838167190552,
                    -3.9883339405059814
                ],
                [
                    0.0,
                    0.0,
                    0.0,
                    1.0
                ]
            ]
        },
        {
            "file_path": "/data/shapenet_blender/all_50_random/02958343/d28ad2ed7b1ba665b1bb46d2556ba67d/r_9",
            "rotation": 0.12566370614359174,
            "transform_matrix": [
                [
                    -0.9958787560462952,
                    0.04298746958374977,
                    -0.07985887676477432,
                    -0.3219214677810669
                ],
                [
                    -0.09069377928972244,
                    -0.4720313251018524,
                    0.8769041895866394,
                    3.534914016723633
                ],
                [
                    3.725290076417309e-09,
                    0.88053297996521,
                    0.4739846885204315,
                    1.9106935262680054
                ],
                [
                    0.0,
                    0.0,
                    0.0,
                    1.0
                ]
            ]
        },
        {
            "file_path": "/data/shapenet_blender/all_50_random/02958343/d28ad2ed7b1ba665b1bb46d2556ba67d/r_10",
            "rotation": 0.12566370614359174,
            "transform_matrix": [
                [
                    -0.9923654794692993,
                    0.0295772235840559,
                    0.11973250657320023,
                    0.48265713453292847
                ],
                [
                    0.12333160638809204,
                    0.23798780143260956,
                    0.9634060263633728,
                    3.8836135864257812
                ],
                [
                    0.0,
                    0.9708176851272583,
                    -0.2398187220096588,
                    -0.9667401313781738
                ],
                [
                    0.0,
                    0.0,
                    0.0,
                    1.0
                ]
            ]
        },
        {
            "file_path": "/data/shapenet_blender/all_50_random/02958343/d28ad2ed7b1ba665b1bb46d2556ba67d/r_11",
            "rotation": 0.12566370614359174,
            "transform_matrix": [
                [
                    -0.08743353188037872,
                    -0.9926789402961731,
                    -0.08333022892475128,
                    -0.3359149396419525
                ],
                [
                    -0.9961704015731812,
                    0.08712709695100784,
                    0.007313866168260574,
                    0.029483139514923096
                ],
                [
                    4.656613428188905e-10,
                    0.08365041017532349,
                    -0.9964950084686279,
                    -4.017000198364258
                ],
                [
                    0.0,
                    0.0,
                    0.0,
                    1.0
                ]
            ]
        },
        {
            "file_path": "/data/shapenet_blender/all_50_random/02958343/d28ad2ed7b1ba665b1bb46d2556ba67d/r_12",
            "rotation": 0.12566370614359174,
            "transform_matrix": [
                [
                    0.5296503901481628,
                    -0.46776139736175537,
                    0.7075801491737366,
                    2.852346897125244
                ],
                [
                    0.8482160568237305,
                    0.29208359122276306,
                    -0.4418333172798157,
                    -1.781087040901184
                ],
                [
                    0.0,
                    0.834197998046875,
                    0.5514649748802185,
                    2.2230265140533447
                ],
                [
                    0.0,
                    0.0,
                    0.0,
                    1.0
                ]
            ]
        },
        {
            "file_path": "/data/shapenet_blender/all_50_random/02958343/d28ad2ed7b1ba665b1bb46d2556ba67d/r_13",
            "rotation": 0.12566370614359174,
            "transform_matrix": [
                [
                    -0.263484925031662,
                    0.09413734078407288,
                    0.9600592851638794,
                    3.8701226711273193
                ],
                [
                    0.9646635055541992,
                    0.025712355971336365,
                    0.2622273564338684,
                    1.0570722818374634
                ],
                [
                    0.0,
                    0.9952271580696106,
                    -0.09758567810058594,
                    -0.39338046312332153
                ],
                [
                    0.0,
                    0.0,
                    0.0,
                    1.0
                ]
            ]
        },
        {
            "file_path": "/data/shapenet_blender/all_50_random/02958343/d28ad2ed7b1ba665b1bb46d2556ba67d/r_14",
            "rotation": 0.12566370614359174,
            "transform_matrix": [
                [
                    -0.9958460927009583,
                    0.004313743207603693,
                    -0.09095040708780289,
                    -0.3666328489780426
                ],
                [
                    -0.09105265885591507,
                    -0.047179557383060455,
                    0.9947277903556824,
                    4.009876251220703
                ],
                [
                    0.0,
                    0.9988770484924316,
                    0.0473763570189476,
                    0.1909802258014679
                ],
                [
                    0.0,
                    0.0,
                    0.0,
                    1.0
                ]
            ]
        },
        {
            "file_path": "/data/shapenet_blender/all_50_random/02958343/d28ad2ed7b1ba665b1bb46d2556ba67d/r_15",
            "rotation": 0.12566370614359174,
            "transform_matrix": [
                [
                    -0.9175150990486145,
                    -0.0031269313767552376,
                    -0.39768877625465393,
                    -1.6031348705291748
                ],
                [
                    -0.3977011442184448,
                    0.007213976234197617,
                    0.9174865484237671,
                    3.6985068321228027
                ],
                [
                    -2.3283064365386963e-10,
                    0.9999691843986511,
                    -0.007862513884902,
                    -0.03169481083750725
                ],
                [
                    0.0,
                    0.0,
                    0.0,
                    1.0
                ]
            ]
        },
        {
            "file_path": "/data/shapenet_blender/all_50_random/02958343/d28ad2ed7b1ba665b1bb46d2556ba67d/r_16",
            "rotation": 0.12566370614359174,
            "transform_matrix": [
                [
                    0.07508864998817444,
                    -0.18206767737865448,
                    0.9804148077964783,
                    3.9521780014038086
                ],
                [
                    0.9971767663955688,
                    0.013709922321140766,
                    -0.07382645457983017,
                    -0.29760393500328064
                ],
                [
                    0.0,
                    0.9831904768943787,
                    0.18258312344551086,
                    0.736016035079956
                ],
                [
                    0.0,
                    0.0,
                    0.0,
                    1.0
                ]
            ]
        },
        {
            "file_path": "/data/shapenet_blender/all_50_random/02958343/d28ad2ed7b1ba665b1bb46d2556ba67d/r_17",
            "rotation": 0.12566370614359174,
            "transform_matrix": [
                [
                    -0.3073292076587677,
                    0.344970703125,
                    0.8868731260299683,
                    3.5750999450683594
                ],
                [
                    0.9516032338142395,
                    0.11141154915094376,
                    0.28642404079437256,
                    1.1546121835708618
                ],
                [
                    -7.450580152834618e-09,
                    0.9319778680801392,
                    -0.36251527070999146,
                    -1.4613457918167114
                ],
                [
                    0.0,
                    0.0,
                    0.0,
                    1.0
                ]
            ]
        },
        {
            "file_path": "/data/shapenet_blender/all_50_random/02958343/d28ad2ed7b1ba665b1bb46d2556ba67d/r_18",
            "rotation": 0.12566370614359174,
            "transform_matrix": [
                [
                    0.8880347013473511,
                    -0.25682684779167175,
                    0.3813585937023163,
                    1.5373057126998901
                ],
                [
                    0.45977652072906494,
                    0.49604785442352295,
                    -0.7365745306015015,
                    -2.969226837158203
                ],
                [
                    1.4901161193847656e-08,
                    0.8294434547424316,
                    0.5585906505584717,
                    2.251750946044922
                ],
                [
                    0.0,
                    0.0,
                    0.0,
                    1.0
                ]
            ]
        },
        {
            "file_path": "/data/shapenet_blender/all_50_random/02958343/d28ad2ed7b1ba665b1bb46d2556ba67d/r_19",
            "rotation": 0.12566370614359174,
            "transform_matrix": [
                [
                    0.27658897638320923,
                    0.3279312551021576,
                    -0.9033048152923584,
                    -3.641338348388672
                ],
                [
                    -0.9609884023666382,
                    0.09438424557447433,
                    -0.25998663902282715,
                    -1.0480397939682007
                ],
                [
                    -7.450580596923828e-09,
                    0.9399749040603638,
                    0.3412436842918396,
                    1.375597357749939
                ],
                [
                    0.0,
                    0.0,
                    0.0,
                    1.0
                ]
            ]
        },
        {
            "file_path": "/data/shapenet_blender/all_50_random/02958343/d28ad2ed7b1ba665b1bb46d2556ba67d/r_20",
            "rotation": 0.12566370614359174,
            "transform_matrix": [
                [
                    0.2795950472354889,
                    -0.9000067710876465,
                    -0.33438634872436523,
                    -1.347954511642456
                ],
                [
                    -0.9601179957389832,
                    -0.26209011673927307,
                    -0.09737633913755417,
                    -0.39253658056259155
                ],
                [
                    0.0,
                    0.3482763171195984,
                    -0.9373918771743774,
                    -3.77874755859375
                ],
                [
                    0.0,
                    0.0,
                    0.0,
                    1.0
                ]
            ]
        },
        {
            "file_path": "/data/shapenet_blender/all_50_random/02958343/d28ad2ed7b1ba665b1bb46d2556ba67d/r_21",
            "rotation": 0.12566370614359174,
            "transform_matrix": [
                [
                    0.8712805509567261,
                    -0.4272659122943878,
                    0.24148306250572205,
                    0.9734493494033813
                ],
                [
                    0.4907853305339813,
                    0.7585158944129944,
                    -0.42869967222213745,
                    -1.7281436920166016
                ],
                [
                    1.4901161193847656e-08,
                    0.49203407764434814,
                    0.8705759644508362,
                    3.509403944015503
                ],
                [
                    0.0,
                    0.0,
                    0.0,
                    1.0
                ]
            ]
        },
        {
            "file_path": "/data/shapenet_blender/all_50_random/02958343/d28ad2ed7b1ba665b1bb46d2556ba67d/r_22",
            "rotation": 0.12566370614359174,
            "transform_matrix": [
                [
                    0.5022374391555786,
                    -0.04697989299893379,
                    0.8634525537490845,
                    3.4806885719299316
                ],
                [
                    0.8647297024726868,
                    0.02728605456650257,
                    -0.5014957189559937,
                    -2.0215938091278076
                ],
                [
                    1.8626449271863521e-09,
                    0.9985230565071106,
                    0.05432898923754692,
                    0.21900716423988342
                ],
                [
                    0.0,
                    0.0,
                    0.0,
                    1.0
                ]
            ]
        },
        {
            "file_path": "/data/shapenet_blender/all_50_random/02958343/d28ad2ed7b1ba665b1bb46d2556ba67d/r_23",
            "rotation": 0.12566370614359174,
            "transform_matrix": [
                [
                    0.8842522501945496,
                    -0.17755404114723206,
                    -0.4319404661655426,
                    -1.7412077188491821
                ],
                [
                    -0.46700966358184814,
                    -0.336186945438385,
                    -0.8178510069847107,
                    -3.296862840652466
                ],
                [
                    1.4901161193847656e-08,
                    0.9249069690704346,
                    -0.3801935017108917,
                    -1.532608985900879
                ],
                [
                    0.0,
                    0.0,
                    0.0,
                    1.0
                ]
            ]
        },
        {
            "file_path": "/data/shapenet_blender/all_50_random/02958343/d28ad2ed7b1ba665b1bb46d2556ba67d/r_24",
            "rotation": 0.12566370614359174,
            "transform_matrix": [
                [
                    0.9899612069129944,
                    -0.021333931013941765,
                    -0.13972023129463196,
                    -0.5632302761077881
                ],
                [
                    -0.14133960008621216,
                    -0.14942567050457,
                    -0.9786189198493958,
                    -3.944939136505127
                ],
                [
                    -1.862645149230957e-09,
                    0.9885427951812744,
                    -0.1509409248828888,
                    -0.6084623336791992
                ],
                [
                    0.0,
                    0.0,
                    0.0,
                    1.0
                ]
            ]
        },
        {
            "file_path": "/data/shapenet_blender/all_50_random/02958343/d28ad2ed7b1ba665b1bb46d2556ba67d/r_25",
            "rotation": 0.12566370614359174,
            "transform_matrix": [
                [
                    -0.8898125290870667,
                    -0.2672983407974243,
                    0.36984503269195557,
                    1.4908931255340576
                ],
                [
                    0.456326425075531,
                    -0.5212177038192749,
                    0.7211783528327942,
                    2.907163143157959
                ],
                [
                    0.0,
                    0.8104835748672485,
                    0.5857612490653992,
                    2.361279249191284
                ],
                [
                    0.0,
                    0.0,
                    0.0,
                    1.0
                ]
            ]
        },
        {
            "file_path": "/data/shapenet_blender/all_50_random/02958343/d28ad2ed7b1ba665b1bb46d2556ba67d/r_26",
            "rotation": 0.12566370614359174,
            "transform_matrix": [
                [
                    -0.02668728120625019,
                    -0.15030239522457123,
                    -0.9882797598838806,
                    -3.9838833808898926
                ],
                [
                    -0.999643862247467,
                    0.004012591205537319,
                    0.0263838954269886,
                    0.10635688900947571
                ],
                [
                    0.0,
                    0.9886319637298584,
                    -0.15035592019557953,
                    -0.6061041355133057
                ],
                [
                    0.0,
                    0.0,
                    0.0,
                    1.0
                ]
            ]
        },
        {
            "file_path": "/data/shapenet_blender/all_50_random/02958343/d28ad2ed7b1ba665b1bb46d2556ba67d/r_27",
            "rotation": 0.12566370614359174,
            "transform_matrix": [
                [
                    -0.12613055109977722,
                    0.7816003561019897,
                    0.6108944416046143,
                    2.4625942707061768
                ],
                [
                    0.9920137524604797,
                    0.09937732666730881,
                    0.07767276465892792,
                    0.3131089210510254
                ],
                [
                    3.725290742551124e-09,
                    0.6158125400543213,
                    -0.7878926992416382,
                    -3.1760971546173096
                ],
                [
                    0.0,
                    0.0,
                    0.0,
                    1.0
                ]
            ]
        },
        {
            "file_path": "/data/shapenet_blender/all_50_random/02958343/d28ad2ed7b1ba665b1bb46d2556ba67d/r_28",
            "rotation": 0.12566370614359174,
            "transform_matrix": [
                [
                    -0.7852910757064819,
                    0.26125356554985046,
                    -0.5613060593605042,
                    -2.2626969814300537
                ],
                [
                    -0.6191267371177673,
                    -0.33137011528015137,
                    0.7119522094726562,
                    2.8699710369110107
                ],
                [
                    1.4901160305669237e-08,
                    0.906609296798706,
                    0.42197108268737793,
                    1.7010198831558228
                ],
                [
                    0.0,
                    0.0,
                    0.0,
                    1.0
                ]
            ]
        },
        {
            "file_path": "/data/shapenet_blender/all_50_random/02958343/d28ad2ed7b1ba665b1bb46d2556ba67d/r_29",
            "rotation": 0.12566370614359174,
            "transform_matrix": [
                [
                    -0.3977223038673401,
                    0.7134767770767212,
                    0.5768603682518005,
                    2.3253984451293945
                ],
                [
                    0.9175058603286743,
                    0.3092793822288513,
                    0.2500585913658142,
                    1.0080183744430542
                ],
                [
                    -2.9802322387695312e-08,
                    0.6287266612052917,
                    -0.7776263952255249,
                    -3.1347122192382812
                ],
                [
                    0.0,
                    0.0,
                    0.0,
                    1.0
                ]
            ]
        },
        {
            "file_path": "/data/shapenet_blender/all_50_random/02958343/d28ad2ed7b1ba665b1bb46d2556ba67d/r_30",
            "rotation": 0.12566370614359174,
            "transform_matrix": [
                [
                    0.7403172254562378,
                    -0.016235476359725,
                    0.6720616817474365,
                    2.709167242050171
                ],
                [
                    0.6722577810287476,
                    0.01787915639579296,
                    -0.7401012778282166,
                    -2.9834437370300293
                ],
                [
                    9.31322685637781e-10,
                    0.9997082948684692,
                    0.024150671437382698,
                    0.0973544716835022
                ],
                [
                    0.0,
                    0.0,
                    0.0,
                    1.0
                ]
            ]
        },
        {
            "file_path": "/data/shapenet_blender/all_50_random/02958343/d28ad2ed7b1ba665b1bb46d2556ba67d/r_31",
            "rotation": 0.12566370614359174,
            "transform_matrix": [
                [
                    -0.8789805173873901,
                    0.4532347321510315,
                    -0.14822830259799957,
                    -0.5975273847579956
                ],
                [
                    -0.47685784101486206,
                    -0.8354366421699524,
                    0.2732256352901459,
                    1.101407766342163
                ],
                [
                    -7.450580596923828e-09,
                    0.31084367632865906,
                    0.9504610300064087,
                    3.8314309120178223
                ],
                [
                    0.0,
                    0.0,
                    0.0,
                    1.0
                ]
            ]
        },
        {
            "file_path": "/data/shapenet_blender/all_50_random/02958343/d28ad2ed7b1ba665b1bb46d2556ba67d/r_32",
            "rotation": 0.12566370614359174,
            "transform_matrix": [
                [
                    0.9636024236679077,
                    0.2640323340892792,
                    0.041918277740478516,
                    0.16897797584533691
                ],
                [
                    0.2673391103744507,
                    -0.9516834020614624,
                    -0.1510910540819168,
                    -0.6090674996376038
                ],
                [
                    3.7252896323280993e-09,
                    0.15679819881916046,
                    -0.9876306653022766,
                    -3.981266498565674
                ],
                [
                    0.0,
                    0.0,
                    0.0,
                    1.0
                ]
            ]
        },
        {
            "file_path": "/data/shapenet_blender/all_50_random/02958343/d28ad2ed7b1ba665b1bb46d2556ba67d/r_33",
            "rotation": 0.12566370614359174,
            "transform_matrix": [
                [
                    -0.23160798847675323,
                    0.481336772441864,
                    0.8453831672668457,
                    3.4078481197357178
                ],
                [
                    0.9728091955184937,
                    0.11459743976593018,
                    0.201270192861557,
                    0.8113459944725037
                ],
                [
                    0.0,
                    0.8690122365951538,
                    -0.49479058384895325,
                    -1.994564414024353
                ],
                [
                    0.0,
                    0.0,
                    0.0,
                    1.0
                ]
            ]
        },
        {
            "file_path": "/data/shapenet_blender/all_50_random/02958343/d28ad2ed7b1ba665b1bb46d2556ba67d/r_34",
            "rotation": 0.12566370614359174,
            "transform_matrix": [
                [
                    0.880142331123352,
                    0.06316639482975006,
                    0.4704885184764862,
                    1.8965997695922852
                ],
                [
                    0.4747098386287689,
                    -0.11711453646421432,
                    -0.8723157644271851,
                    -3.5164170265197754
                ],
                [
                    3.725290076417309e-09,
                    0.9911075234413147,
                    -0.1330631822347641,
                    -0.5363948345184326
                ],
                [
                    0.0,
                    0.0,
                    0.0,
                    1.0
                ]
            ]
        },
        {
            "file_path": "/data/shapenet_blender/all_50_random/02958343/d28ad2ed7b1ba665b1bb46d2556ba67d/r_35",
            "rotation": 0.12566370614359174,
            "transform_matrix": [
                [
                    -0.9851604700088501,
                    -0.047234855592250824,
                    0.16500838100910187,
                    0.6651700735092163
                ],
                [
                    0.1716359555721283,
                    -0.2711198329925537,
                    0.9471193552017212,
                    3.817960262298584
                ],
                [
                    0.0,
                    0.96138596534729,
                    0.2752037048339844,
                    1.1093816757202148
                ],
                [
                    0.0,
                    0.0,
                    0.0,
                    1.0
                ]
            ]
        },
        {
            "file_path": "/data/shapenet_blender/all_50_random/02958343/d28ad2ed7b1ba665b1bb46d2556ba67d/r_36",
            "rotation": 0.12566370614359174,
            "transform_matrix": [
                [
                    -0.3187907040119171,
                    -0.07724516838788986,
                    -0.9446722865104675,
                    -3.808095693588257
                ],
                [
                    -0.9478251338005066,
                    0.025980575010180473,
                    0.31773027777671814,
                    1.2808116674423218
                ],
                [
                    0.0,
                    0.9966735243797302,
                    -0.08149728924036026,
                    -0.3285260796546936
                ],
                [
                    0.0,
                    0.0,
                    0.0,
                    1.0
                ]
            ]
        },
        {
            "file_path": "/data/shapenet_blender/all_50_random/02958343/d28ad2ed7b1ba665b1bb46d2556ba67d/r_37",
            "rotation": 0.12566370614359174,
            "transform_matrix": [
                [
                    0.8239961266517639,
                    -0.000795271247625351,
                    -0.5665947794914246,
                    -2.2840166091918945
                ],
                [
                    -0.5665953159332275,
                    -0.001156558282673359,
                    -0.8239954113960266,
                    -3.321631669998169
                ],
                [
                    0.0,
                    0.9999990463256836,
                    -0.0014035966014489532,
                    -0.0056580789387226105
                ],
                [
                    0.0,
                    0.0,
                    0.0,
                    1.0
                ]
            ]
        },
        {
            "file_path": "/data/shapenet_blender/all_50_random/02958343/d28ad2ed7b1ba665b1bb46d2556ba67d/r_38",
            "rotation": 0.12566370614359174,
            "transform_matrix": [
                [
                    0.8958966135978699,
                    0.34889569878578186,
                    0.27502918243408203,
                    1.1086781024932861
                ],
                [
                    0.4442625939846039,
                    -0.7035804390907288,
                    -0.5546217560768127,
                    -2.2357518672943115
                ],
                [
                    1.4901161193847656e-08,
                    0.6190689206123352,
                    -0.7853366136550903,
                    -3.1657931804656982
                ],
                [
                    0.0,
                    0.0,
                    0.0,
                    1.0
                ]
            ]
        },
        {
            "file_path": "/data/shapenet_blender/all_50_random/02958343/d28ad2ed7b1ba665b1bb46d2556ba67d/r_39",
            "rotation": 0.12566370614359174,
            "transform_matrix": [
                [
                    -0.43270206451416016,
                    0.038265399634838104,
                    -0.9007245302200317,
                    -3.630936622619629
                ],
                [
                    -0.9015370607376099,
                    -0.018365874886512756,
                    0.4323120713233948,
                    1.7427057027816772
                ],
                [
                    0.0,
                    0.9990988969802856,
                    0.0424446202814579,
                    0.1710997372865677
                ],
                [
                    0.0,
                    0.0,
                    0.0,
                    1.0
                ]
            ]
        },
        {
            "file_path": "/data/shapenet_blender/all_50_random/02958343/d28ad2ed7b1ba665b1bb46d2556ba67d/r_40",
            "rotation": 0.12566370614359174,
            "transform_matrix": [
                [
                    -0.10330698639154434,
                    -0.8734350800514221,
                    0.4758559465408325,
                    1.9182367324829102
                ],
                [
                    0.9946495294570923,
                    -0.09071732312440872,
                    0.04942368343472481,
                    0.19923323392868042
                ],
                [
                    0.0,
                    0.47841572761535645,
                    0.8781334161758423,
                    3.5398690700531006
                ],
                [
                    0.0,
                    0.0,
                    0.0,
                    1.0
                ]
            ]
        },
        {
            "file_path": "/data/shapenet_blender/all_50_random/02958343/d28ad2ed7b1ba665b1bb46d2556ba67d/r_41",
            "rotation": 0.12566370614359174,
            "transform_matrix": [
                [
                    0.9870819449424744,
                    0.10655494034290314,
                    -0.1196470856666565,
                    -0.4823128581047058
                ],
                [
                    -0.16021668910980225,
                    0.6564762592315674,
                    -0.7371358871459961,
