{
    "class": "02958343",
    "model": "e213d976734431773a3afd30f2e86bd7",
    "remove_doubles": true,
    "edge_split": true,
    "denoise": true,
    "camera_angle_x": 0.6911112070083618,
    "scale_factor": 2.2983828919331457,
    "hdri_file": "/data/IndoorHDRDataset2018/9C4A6009-96403a8245.exr",
    "center_offset": [
        0.0,
        0.0,
        -1.862645149230957e-09
    ],
    "lights": [],
    "frames": [
        {
            "file_path": "/data/shapenet_blender/all_50_random/02958343/e213d976734431773a3afd30f2e86bd7/r_0",
            "rotation": 0.12566370614359174,
            "transform_matrix": [
                [
                    -0.4532175064086914,
                    -0.060682572424411774,
                    0.8893319964408875,
                    3.585012197494507
                ],
                [
                    0.8913999795913696,
                    -0.030853044241666794,
                    0.4521660804748535,
                    1.822739839553833
                ],
                [
                    -1.862645149230957e-09,
                    0.9976800680160522,
                    0.06807557493448257,
                    0.27442145347595215
                ],
                [
                    0.0,
                    0.0,
                    0.0,
                    1.0
                ]
            ]
        },
        {
            "file_path": "/data/shapenet_blender/all_50_random/02958343/e213d976734431773a3afd30f2e86bd7/r_1",
            "rotation": 0.12566370614359174,
            "transform_matrix": [
                [
                    -0.8265770077705383,
                    0.1700369417667389,
                    -0.5365239381790161,
                    -2.162797451019287
                ],
                [
                    -0.5628237724304199,
                    -0.2497204691171646,
                    0.7879524230957031,
                    3.176337957382202
                ],
                [
                    1.4901162970204496e-08,
                    0.953271746635437,
                    0.30211395025253296,
                    1.217860460281372
                ],
                [
                    0.0,
                    0.0,
                    0.0,
                    1.0
                ]
            ]
        },
        {
            "file_path": "/data/shapenet_blender/all_50_random/02958343/e213d976734431773a3afd30f2e86bd7/r_2",
            "rotation": 0.12566370614359174,
            "transform_matrix": [
                [
                    0.007748354692012072,
                    -0.8996773362159729,
                    0.43648675084114075,
                    1.759534478187561
                ],
                [
                    0.999970018863678,
                    0.006971227936446667,
                    -0.0033821556717157364,
                    -0.013633906841278076
                ],
                [
                    2.3283064365386963e-10,
                    0.4364997446537018,
                    0.8997042775154114,
                    3.626824140548706
                ],
                [
                    0.0,
                    0.0,
                    0.0,
                    1.0
                ]
            ]
        },
        {
            "file_path": "/data/shapenet_blender/all_50_random/02958343/e213d976734431773a3afd30f2e86bd7/r_3",
            "rotation": 0.12566370614359174,
            "transform_matrix": [
                [
                    0.7757312059402466,
                    -0.036938127130270004,
                    -0.629981517791748,
                    -2.539536714553833
                ],
                [
                    -0.6310634613037109,
                    -0.04540598392486572,
                    -0.7744011878967285,
                    -3.121711015701294
                ],
                [
                    0.0,
                    0.9982854127883911,
                    -0.05853314325213432,
                    -0.2359546422958374
                ],
                [
                    0.0,
                    0.0,
                    0.0,
                    1.0
                ]
            ]
        },
        {
            "file_path": "/data/shapenet_blender/all_50_random/02958343/e213d976734431773a3afd30f2e86bd7/r_4",
            "rotation": 0.12566370614359174,
            "transform_matrix": [
                [
                    -0.7999269962310791,
                    0.21760247647762299,
                    0.5592547059059143,
                    2.2544281482696533
                ],
                [
                    0.6000972986221313,
                    0.29006314277648926,
                    0.7454840540885925,
                    3.0051426887512207
                ],
                [
                    0.0,
                    0.9319401979446411,
                    -0.36261194944381714,
                    -1.4617356061935425
                ],
                [
                    0.0,
                    0.0,
                    0.0,
                    1.0
                ]
            ]
        },
        {
            "file_path": "/data/shapenet_blender/all_50_random/02958343/e213d976734431773a3afd30f2e86bd7/r_5",
            "rotation": 0.12566370614359174,
            "transform_matrix": [
                [
                    -0.827334463596344,
                    -0.12666994333267212,
                    0.5472407937049866,
                    2.205998182296753
                ],
                [
                    0.5617097020149231,
                    -0.186570405960083,
                    0.806023359298706,
                    3.2491841316223145
                ],
                [
                    0.0,
                    0.9742412567138672,
                    0.22550787031650543,
                    0.9090512990951538
                ],
                [
                    0.0,
                    0.0,
                    0.0,
                    1.0
                ]
            ]
        },
        {
            "file_path": "/data/shapenet_blender/all_50_random/02958343/e213d976734431773a3afd30f2e86bd7/r_6",
            "rotation": 0.12566370614359174,
            "transform_matrix": [
                [
                    0.18883070349693298,
                    0.13666459918022156,
                    0.9724534153938293,
                    3.9200851917266846
                ],
                [
                    0.9820096492767334,
                    -0.02627924457192421,
                    -0.18699312210083008,
                    -0.7537933588027954
                ],
                [
                    0.0,
                    0.9902687072753906,
                    -0.13916829228401184,
                    -0.5610053539276123
                ],
                [
                    0.0,
                    0.0,
                    0.0,
                    1.0
                ]
            ]
        },
        {
            "file_path": "/data/shapenet_blender/all_50_random/02958343/e213d976734431773a3afd30f2e86bd7/r_7",
            "rotation": 0.12566370614359174,
            "transform_matrix": [
                [
                    -0.9197051525115967,
                    -0.013759363442659378,
                    -0.39236879348754883,
                    -1.5816892385482788
                ],
                [
                    -0.3926100432872772,
                    0.03223187476396561,
                    0.9191400408744812,
                    3.705172061920166
                ],
                [
                    0.0,
                    0.9993855953216553,
                    -0.03504588454961777,
                    -0.14127448201179504
                ],
                [
                    0.0,
                    0.0,
                    0.0,
                    1.0
                ]
            ]
        },
        {
            "file_path": "/data/shapenet_blender/all_50_random/02958343/e213d976734431773a3afd30f2e86bd7/r_8",
            "rotation": 0.12566370614359174,
            "transform_matrix": [
                [
                    -0.20469339191913605,
                    -0.2646569609642029,
                    0.9423679113388062,
                    3.7988064289093018
                ],
                [
                    0.9788260459899902,
                    -0.05534541606903076,
                    0.1970692276954651,
                    0.7944114208221436
                ],
                [
                    0.0,
                    0.962753176689148,
                    0.27038195729255676,
                    1.0899444818496704
                ],
                [
                    0.0,
                    0.0,
                    0.0,
                    1.0
                ]
            ]
        },
        {
            "file_path": "/data/shapenet_blender/all_50_random/02958343/e213d976734431773a3afd30f2e86bd7/r_9",
            "rotation": 0.12566370614359174,
            "transform_matrix": [
                [
                    -0.8277614116668701,
                    0.31481513381004333,
                    -0.4644377827644348,
                    -1.872208595275879
                ],
                [
                    -0.5610801577568054,
                    -0.46444663405418396,
                    0.685184895992279,
                    2.762068748474121
                ],
                [
                    0.0,
                    0.8277565240859985,
                    0.5610874891281128,
                    2.2618160247802734
                ],
                [
                    0.0,
                    0.0,
                    0.0,
                    1.0
                ]
            ]
        },
        {
            "file_path": "/data/shapenet_blender/all_50_random/02958343/e213d976734431773a3afd30f2e86bd7/r_10",
            "rotation": 0.12566370614359174,
            "transform_matrix": [
                [
                    0.7938687205314636,
                    0.2731320559978485,
                    0.5432966351509094,
                    2.190098762512207
                ],
                [
                    0.6080890893936157,
                    -0.35657769441604614,
                    -0.7092812657356262,
                    -2.8592042922973633
                ],
                [
                    1.4901161193847656e-08,
                    0.8934490084648132,
                    -0.4491645395755768,
                    -1.8106402158737183
                ],
                [
                    0.0,
                    0.0,
                    0.0,
                    1.0
                ]
            ]
        },
        {
            "file_path": "/data/shapenet_blender/all_50_random/02958343/e213d976734431773a3afd30f2e86bd7/r_11",
            "rotation": 0.12566370614359174,
            "transform_matrix": [
                [
                    0.12019932270050049,
                    0.16502149403095245,
                    0.9789381623268127,
                    3.946226119995117
                ],
                [
                    0.9927497506141663,
                    -0.019980331882834435,
                    -0.11852704733610153,
                    -0.47779783606529236
                ],
                [
                    -1.8626449271863521e-09,
                    0.9860876202583313,
                    -0.16622664034366608,
                    -0.6700810790061951
                ],
                [
                    0.0,
                    0.0,
                    0.0,
                    1.0
                ]
            ]
        },
        {
            "file_path": "/data/shapenet_blender/all_50_random/02958343/e213d976734431773a3afd30f2e86bd7/r_12",
            "rotation": 0.12566370614359174,
            "transform_matrix": [
                [
                    0.15640893578529358,
                    0.7433669567108154,
                    0.6503397822380066,
                    2.621603488922119
                ],
                [
                    0.9876924157142639,
                    -0.11771806329488754,
                    -0.10298646986484528,
                    -0.4151517450809479
                ],
                [
                    0.0,
                    0.6584435105323792,
                    -0.7526300549507141,
                    -3.0339488983154297
                ],
                [
                    0.0,
                    0.0,
                    0.0,
                    1.0
                ]
            ]
        },
        {
            "file_path": "/data/shapenet_blender/all_50_random/02958343/e213d976734431773a3afd30f2e86bd7/r_13",
            "rotation": 0.12566370614359174,
            "transform_matrix": [
                [
                    0.4239867925643921,
                    0.1326536387205124,
                    -0.8959006667137146,
                    -3.6114914417266846
                ],
                [
                    -0.9056683778762817,
                    0.06210153177380562,
                    -0.41941407322883606,
                    -1.690712332725525
                ],
                [
                    0.0,
                    0.9892150163650513,
                    0.14647041261196136,
                    0.5904411673545837
                ],
                [
                    0.0,
                    0.0,
                    0.0,
                    1.0
                ]
            ]
        },
        {
            "file_path": "/data/shapenet_blender/all_50_random/02958343/e213d976734431773a3afd30f2e86bd7/r_14",
            "rotation": 0.12566370614359174,
            "transform_matrix": [
                [
                    -0.036981791257858276,
                    0.6190349459648132,
                    0.7844921946525574,
                    3.1623892784118652
                ],
                [
                    0.9993160367012024,
                    0.022908691316843033,
                    0.02903178334236145,
                    0.11703085899353027
                ],
                [
                    0.0,
                    0.7850292325019836,
                    -0.6194587349891663,
                    -2.4971179962158203
                ],
                [
                    0.0,
                    0.0,
                    0.0,
                    1.0
                ]
            ]
        },
        {
            "file_path": "/data/shapenet_blender/all_50_random/02958343/e213d976734431773a3afd30f2e86bd7/r_15",
            "rotation": 0.12566370614359174,
            "transform_matrix": [
                [
                    0.9293421506881714,
                    0.2788481116294861,
                    0.24200600385665894,
                    0.9755573868751526
                ],
                [
                    0.36921972036361694,
                    -0.7018728852272034,
                    -0.6091396808624268,
                    -2.4555206298828125
                ],
                [
                    0.0,
                    0.65545254945755,
                    -0.7552363276481628,
                    -3.044455051422119
                ],
                [
                    0.0,
                    0.0,
                    0.0,
                    1.0
                ]
            ]
        },
        {
            "file_path": "/data/shapenet_blender/all_50_random/02958343/e213d976734431773a3afd30f2e86bd7/r_16",
            "rotation": 0.12566370614359174,
            "transform_matrix": [
                [
                    -0.960509717464447,
                    -0.06967595964670181,
                    0.26938170194625854,
                    1.0859123468399048
                ],
                [
                    0.2782467305660248,
                    -0.2405218929052353,
                    0.929907500743866,
                    3.748577117919922
                ],
                [
                    -7.450581485102248e-09,
                    0.9681397080421448,
                    0.25041070580482483,
                    1.0094377994537354
                ],
                [
                    0.0,
                    0.0,
                    0.0,
                    1.0
                ]
            ]
        },
        {
            "file_path": "/data/shapenet_blender/all_50_random/02958343/e213d976734431773a3afd30f2e86bd7/r_17",
            "rotation": 0.12566370614359174,
            "transform_matrix": [
                [
                    0.14991186559200287,
                    0.845005989074707,
                    -0.5133141279220581,
                    -2.069235324859619
                ],
                [
                    -0.9886993765830994,
                    0.12812431156635284,
                    -0.07783143222332001,
                    -0.3137485384941101
                ],
                [
                    -7.450580596923828e-09,
                    0.5191811919212341,
                    0.854664146900177,
                    3.4452614784240723
                ],
                [
                    0.0,
                    0.0,
                    0.0,
                    1.0
                ]
            ]
        },
        {
            "file_path": "/data/shapenet_blender/all_50_random/02958343/e213d976734431773a3afd30f2e86bd7/r_18",
            "rotation": 0.12566370614359174,
            "transform_matrix": [
                [
                    -0.9832298755645752,
                    0.010254647582769394,
                    0.18208207190036774,
                    0.7339962720870972
                ],
                [
                    0.1823706179857254,
                    0.05528673157095909,
                    0.9816741943359375,
                    3.9572553634643555
                ],
                [
                    9.313225746154785e-10,
                    0.9984177947044373,
                    -0.056229714304208755,
                    -0.22666923701763153
                ],
                [
                    0.0,
                    0.0,
                    0.0,
                    1.0
                ]
            ]
        },
        {
            "file_path": "/data/shapenet_blender/all_50_random/02958343/e213d976734431773a3afd30f2e86bd7/r_19",
            "rotation": 0.12566370614359174,
            "transform_matrix": [
                [
                    0.875515878200531,
                    0.2598966360092163,
                    0.40733984112739563,
                    1.6420395374298096
                ],
                [
                    0.4831894636154175,
                    -0.4709200859069824,
                    -0.7380800247192383,
                    -2.9752960205078125
                ],
                [
                    0.0,
                    0.8430231213569641,
                    -0.5378772020339966,
                    -2.16825270652771
                ],
                [
                    0.0,
                    0.0,
                    0.0,
                    1.0
                ]
            ]
        },
        {
            "file_path": "/data/shapenet_blender/all_50_random/02958343/e213d976734431773a3afd30f2e86bd7/r_20",
            "rotation": 0.12566370614359174,
            "transform_matrix": [
                [
                    0.41718584299087524,
                    0.2536379396915436,
                    -0.8727105855941772,
                    -3.5180089473724365
                ],
                [
                    -0.9088212251663208,
                    0.11643011122941971,
                    -0.4006095826625824,
                    -1.6149089336395264
                ],
                [
                    0.0,
                    0.9602665305137634,
                    0.2790845036506653,
                    1.1250256299972534
                ],
                [
                    0.0,
                    0.0,
                    0.0,
                    1.0
                ]
            ]
        },
        {
            "file_path": "/data/shapenet_blender/all_50_random/02958343/e213d976734431773a3afd30f2e86bd7/r_21",
            "rotation": 0.12566370614359174,
            "transform_matrix": [
                [
                    0.6928656697273254,
                    -0.5051988363265991,
                    0.5145009160041809,
                    2.07401967048645
                ],
                [
                    0.7210666537284851,
                    0.4854404926300049,
                    -0.4943787753582001,
                    -1.9929046630859375
                ],
                [
                    -1.4901161193847656e-08,
                    0.7135276198387146,
                    0.7006270289421082,
                    2.8243181705474854
                ],
                [
                    0.0,
                    0.0,
                    0.0,
                    1.0
                ]
            ]
        },
        {
            "file_path": "/data/shapenet_blender/all_50_random/02958343/e213d976734431773a3afd30f2e86bd7/r_22",
            "rotation": 0.12566370614359174,
            "transform_matrix": [
                [
                    0.8597762584686279,
                    0.2877628207206726,
                    -0.4218735992908478,
                    -1.7006268501281738
                ],
                [
                    -0.5106709599494934,
                    0.4844835102558136,
                    -0.7102751731872559,
                    -2.863210916519165
                ],
                [
                    0.0,
                    0.8261162638664246,
                    0.5634995102882385,
                    2.2715392112731934
                ],
                [
                    0.0,
                    0.0,
                    0.0,
                    1.0
                ]
            ]
        },
        {
            "file_path": "/data/shapenet_blender/all_50_random/02958343/e213d976734431773a3afd30f2e86bd7/r_23",
            "rotation": 0.12566370614359174,
            "transform_matrix": [
                [
                    -0.9917446374893188,
                    -0.1095619723200798,
                    0.06662563979625702,
                    0.2685765326023102
                ],
                [
                    0.12822949886322021,
                    -0.8473674654960632,
                    0.5152919292449951,
                    2.0772082805633545
                ],
                [
                    -3.725290742551124e-09,
                    0.5195812582969666,
                    0.8544209599494934,
                    3.4442811012268066
                ],
                [
                    0.0,
                    0.0,
                    0.0,
                    1.0
                ]
            ]
        },
        {
            "file_path": "/data/shapenet_blender/all_50_random/02958343/e213d976734431773a3afd30f2e86bd7/r_24",
            "rotation": 0.12566370614359174,
            "transform_matrix": [
                [
                    -0.9940507411956787,
                    0.015465780161321163,
                    0.10781362652778625,
                    0.43461063504219055
                ],
                [
                    0.108917236328125,
                    0.14115090668201447,
                    0.9839783906936646,
                    3.966543674468994
                ],
                [
                    1.8626450382086546e-09,
                    0.9898671507835388,
                    -0.14199571311473846,
                    -0.5724030137062073
                ],
                [
                    0.0,
                    0.0,
                    0.0,
                    1.0
                ]
            ]
        },
        {
            "file_path": "/data/shapenet_blender/all_50_random/02958343/e213d976734431773a3afd30f2e86bd7/r_25",
            "rotation": 0.12566370614359174,
            "transform_matrix": [
                [
                    -0.43257585167884827,
                    -0.09515636414289474,
                    -0.8965619206428528,
                    -3.61415696144104
                ],
                [
                    -0.9015976190567017,
                    0.04565489664673805,
                    0.4301597774028778,
                    1.7340296506881714
                ],
                [
                    0.0,
                    0.9944148659706116,
                    -0.10554193705320358,
                    -0.42545318603515625
                ],
                [
                    0.0,
                    0.0,
                    0.0,
                    1.0
                ]
            ]
        },
        {
            "file_path": "/data/shapenet_blender/all_50_random/02958343/e213d976734431773a3afd30f2e86bd7/r_26",
            "rotation": 0.12566370614359174,
            "transform_matrix": [
                [
                    0.7347284555435181,
                    -0.5007824301719666,
                    0.45759260654449463,
                    1.8446147441864014
                ],
                [
                    0.6783613562583923,
                    0.5423939824104309,
                    -0.4956153929233551,
                    -1.997889518737793
                ],
                [
                    1.4901161193847656e-08,
                    0.6745558381080627,
                    0.7382237911224365,
                    2.9758753776550293
                ],
                [
                    0.0,
                    0.0,
                    0.0,
                    1.0
                ]
            ]
        },
        {
            "file_path": "/data/shapenet_blender/all_50_random/02958343/e213d976734431773a3afd30f2e86bd7/r_27",
            "rotation": 0.12566370614359174,
            "transform_matrix": [
                [
                    0.6147218942642212,
                    0.5335757732391357,
                    -0.5808732509613037,
                    -2.3415749073028564
                ],
                [
                    -0.7887439131736755,
                    0.41585201025009155,
                    -0.45271414518356323,
                    -1.8249491453170776
                ],
                [
                    0.0,
                    0.7364534735679626,
                    0.6764880418777466,
                    2.727010488510132
                ],
                [
                    0.0,
                    0.0,
                    0.0,
                    1.0
                ]
            ]
        },
        {
            "file_path": "/data/shapenet_blender/all_50_random/02958343/e213d976734431773a3afd30f2e86bd7/r_28",
            "rotation": 0.12566370614359174,
            "transform_matrix": [
                [
                    -0.3715474605560303,
                    0.764927864074707,
                    -0.5261536836624146,
                    -2.1209936141967773
                ],
                [
                    -0.9284140467643738,
                    -0.30612099170684814,
                    0.21056455373764038,
                    0.8488129377365112
                ],
                [
                    0.0,
                    0.5667232275009155,
                    0.8239081501960754,
                    3.3212802410125732
                ],
                [
                    0.0,
                    0.0,
                    0.0,
                    1.0
                ]
            ]
        },
        {
            "file_path": "/data/shapenet_blender/all_50_random/02958343/e213d976734431773a3afd30f2e86bd7/r_29",
            "rotation": 0.12566370614359174,
            "transform_matrix": [
                [
                    -0.9910507202148438,
                    -0.0645265132188797,
                    -0.11685336381196976,
                    -0.47105100750923157
                ],
                [
                    -0.13348549604415894,
                    0.47907111048698425,
                    0.8675668835639954,
                    3.497274160385132
                ],
                [
                    0.0,
                    0.8754010200500488,
                    -0.48339715600013733,
                    -1.9486364126205444
                ],
                [
                    0.0,
                    0.0,
                    0.0,
                    1.0
                ]
            ]
        },
        {
            "file_path": "/data/shapenet_blender/all_50_random/02958343/e213d976734431773a3afd30f2e86bd7/r_30",
            "rotation": 0.12566370614359174,
            "transform_matrix": [
                [
                    0.20526878535747528,
                    0.5138325691223145,
                    0.8329710364341736,
                    3.357813596725464
                ],
                [
                    0.978705644607544,
                    -0.10776865482330322,
                    -0.17470313608646393,
                    -0.7042508721351624
                ],
                [
                    0.0,
                    0.8510946035385132,
                    -0.5250123143196106,
                    -2.1163923740386963
                ],
                [
                    0.0,
                    0.0,
                    0.0,
                    1.0
                ]
            ]
        },
        {
            "file_path": "/data/shapenet_blender/all_50_random/02958343/e213d976734431773a3afd30f2e86bd7/r_31",
            "rotation": 0.12566370614359174,
            "transform_matrix": [
                [
                    -0.7865902185440063,
                    0.057437069714069366,
                    -0.6147981882095337,
                    -2.478330373764038
                ],
                [
                    -0.6174753904342651,
                    -0.07316800951957703,
                    0.7831799387931824,
                    3.1570990085601807
                ],
                [
                    -3.7252898543727042e-09,
                    0.9956642985343933,
                    0.09301923215389252,
                    0.37497246265411377
                ],
                [
                    0.0,
                    0.0,
                    0.0,
                    1.0
                ]
            ]
        },
        {
            "file_path": "/data/shapenet_blender/all_50_random/02958343/e213d976734431773a3afd30f2e86bd7/r_32",
            "rotation": 0.12566370614359174,
            "transform_matrix": [
                [
                    -0.9350996613502502,
                    -0.08627229183912277,
                    -0.3437235355377197,
                    -1.3855938911437988
                ],
                [
                    -0.354385107755661,
                    0.2276427149772644,
                    0.9069674611091614,
                    3.6561028957366943
                ],
                [
                    0.0,
                    0.9699153900146484,
                    -0.24344222247600555,
                    -0.9813469648361206
                ],
                [
                    0.0,
                    0.0,
                    0.0,
                    1.0
                ]
            ]
        },
        {
            "file_path": "/data/shapenet_blender/all_50_random/02958343/e213d976734431773a3afd30f2e86bd7/r_33",
            "rotation": 0.12566370614359174,
            "transform_matrix": [
                [
                    -0.8716877698898315,
                    -0.2958645522594452,
                    -0.39067205786705017,
                    -1.5748496055603027
                ],
                [
                    -0.49006175994873047,
                    0.5262632369995117,
                    0.6949002742767334,
                    2.8012328147888184
                ],
                [
                    -1.4901161193847656e-08,
                    0.797189474105835,
                    -0.6037291288375854,
                    -2.4337100982666016
                ],
                [
                    0.0,
                    0.0,
                    0.0,
                    1.0
                ]
            ]
        },
        {
            "file_path": "/data/shapenet_blender/all_50_random/02958343/e213d976734431773a3afd30f2e86bd7/r_34",
            "rotation": 0.12566370614359174,
            "transform_matrix": [
                [
                    -0.7814216017723083,
                    -0.5542431473731995,
                    -0.2866963744163513,
                    -1.155710220336914
                ],
                [
                    -0.6240034103393555,
                    0.6940627694129944,
                    0.3590216338634491,
                    1.4472626447677612
                ],
                [
                    0.0,
                    0.45944666862487793,
                    -0.8882051706314087,
                    -3.580469846725464
                ],
                [
                    0.0,
                    0.0,
                    0.0,
                    1.0
                ]
            ]
        },
        {
            "file_path": "/data/shapenet_blender/all_50_random/02958343/e213d976734431773a3afd30f2e86bd7/r_35",
            "rotation": 0.12566370614359174,
            "transform_matrix": [
                [
                    0.09506435692310333,
                    0.8993180990219116,
                    -0.426836758852005,
                    -1.72063410282135
                ],
                [
                    -0.9954710602760315,
                    0.08588205277919769,
                    -0.04076157137751579,
                    -0.16431516408920288
                ],
                [
                    -3.725290076417309e-09,
                    0.428778737783432,
                    0.903409481048584,
                    3.6417603492736816
                ],
                [
                    0.0,
                    0.0,
                    0.0,
                    1.0
                ]
            ]
        },
        {
            "file_path": "/data/shapenet_blender/all_50_random/02958343/e213d976734431773a3afd30f2e86bd7/r_36",
            "rotation": 0.12566370614359174,
            "transform_matrix": [
                [
                    0.9820672273635864,
                    0.04178358241915703,
                    -0.18384279310703278,
                    -0.7410939931869507
                ],
                [
                    -0.18853126466274261,
                    0.21765239536762238,
                    -0.9576447010040283,
                    -3.860389232635498
                ],
                [
                    -3.725290298461914e-09,
                    0.9751315712928772,
                    0.22162678837776184,
                    0.8934061527252197
                ],
                [
                    0.0,
                    0.0,
                    0.0,
                    1.0
                ]
            ]
        },
        {
            "file_path": "/data/shapenet_blender/all_50_random/02958343/e213d976734431773a3afd30f2e86bd7/r_37",
            "rotation": 0.12566370614359174,
            "transform_matrix": [
                [
                    0.9571974277496338,
                    0.03627782315015793,
                    0.28715330362319946,
                    1.1575520038604736
                ],
                [
                    0.28943586349487305,
                    -0.11997490376234055,
                    -0.9496487975120544,
                    -3.8281567096710205
                ],
                [
                    0.0,
                    0.9921138286590576,
                    -0.12533976137638092,
                    -0.5052607655525208
                ],
                [
                    0.0,
                    0.0,
                    0.0,
                    1.0
                ]
            ]
        },
        {
            "file_path": "/data/shapenet_blender/all_50_random/02958343/e213d976734431773a3afd30f2e86bd7/r_38",
            "rotation": 0.12566370614359174,
            "transform_matrix": [
                [
                    0.2410804182291031,
                    0.23167122900485992,
                    0.9424481987953186,
                    3.7991302013397217
                ],
                [
                    0.9705051779747009,
                    -0.05754879117012024,
                    -0.23411086201667786,
                    -0.9437310695648193
                ],
                [
                    3.725290298461914e-09,
                    0.9710904359817505,
                    -0.23871199786663055,
                    -0.9622788429260254
                ],
                [
                    0.0,
                    0.0,
                    0.0,
                    1.0
                ]
            ]
        },
        {
            "file_path": "/data/shapenet_blender/all_50_random/02958343/e213d976734431773a3afd30f2e86bd7/r_39",
            "rotation": 0.12566370614359174,
            "transform_matrix": [
                [
                    0.352937251329422,
                    -0.791813313961029,
                    0.4984644055366516,
                    2.0093743801116943
                ],
                [
                    0.9356470108032227,
                    0.29868146777153015,
                    -0.18802674114704132,
                    -0.7579600811004639
                ],
                [
                    0.0,
                    0.5327483415603638,
                    0.8462736010551453,
                    3.411438226699829
                ],
                [
                    0.0,
                    0.0,
                    0.0,
                    1.0
                ]
            ]
        },
        {
            "file_path": "/data/shapenet_blender/all_50_random/02958343/e213d976734431773a3afd30f2e86bd7/r_40",
            "rotation": 0.12566370614359174,
            "transform_matrix": [
                [
                    0.9297124147415161,
                    -0.03776656463742256,
                    0.3663448095321655,
                    1.4767831563949585
                ],
                [
                    0.3682863414287567,
                    0.09533897787332535,
                    -0.9248111248016357,
                    -3.7280328273773193
                ],
                [
                    0.0,
                    0.994728147983551,
                    0.10254674404859543,
                    0.41337916254997253
                ],
                [
                    0.0,
                    0.0,
                    0.0,
                    1.0
                ]
            ]
        },
        {
            "file_path": "/data/shapenet_blender/all_50_random/02958343/e213d976734431773a3afd30f2e86bd7/r_41",
            "rotation": 0.12566370614359174,
            "transform_matrix": [
                [
                    0.2947218716144562,
                    0.6457695960998535,
                    0.7043582201004028,
                    2.8393590450286865
                ],
                [
                    0.9555830955505371,
                    -0.19916890561580658,
                    -0.2172388732433319,
                    -0.8757179975509644
                ],
                [
                    0.0,
                    0.7370978593826294,
