{
    "class": "02958343",
    "model": "17600a4881b1ff6a5c14de0cb75f4d3e",
    "remove_doubles": true,
    "edge_split": true,
    "denoise": true,
    "camera_angle_x": 0.6911112070083618,
    "scale_factor": 2.2785400202060453,
    "hdri_file": "/data/IndoorHDRDataset2018/AG8A0067-ca52658896.exr",
    "center_offset": [
        0.0,
        -4.656612873077393e-10,
        -3.725290298461914e-09
    ],
    "lights": [],
    "frames": [
        {
            "file_path": "/data/shapenet_blender/all_50_random/02958343/17600a4881b1ff6a5c14de0cb75f4d3e/r_0",
            "rotation": 0.12566370614359174,
            "transform_matrix": [
                [
                    -0.155888170003891,
                    0.9647674560546875,
                    -0.21194946765899658,
                    -0.8543956279754639
                ],
                [
                    -0.9877747893333435,
                    -0.15225721895694733,
                    0.03344934061169624,
                    0.13483861088752747
                ],
                [
                    -3.725290742551124e-09,
                    0.21457263827323914,
                    0.9767079949378967,
                    3.9372358322143555
                ],
                [
                    0.0,
                    0.0,
                    0.0,
                    1.0
                ]
            ]
        },
        {
            "file_path": "/data/shapenet_blender/all_50_random/02958343/17600a4881b1ff6a5c14de0cb75f4d3e/r_1",
            "rotation": 0.12566370614359174,
            "transform_matrix": [
                [
                    -0.56911700963974,
                    0.19696852564811707,
                    -0.798316478729248,
                    -3.2181167602539062
                ],
                [
                    -0.8222566246986389,
                    -0.13632985949516296,
                    0.5525470972061157,
                    2.227388620376587
                ],
                [
                    7.450581485102248e-09,
                    0.9708848595619202,
                    0.23954631388187408,
                    0.9656420946121216
                ],
                [
                    0.0,
                    0.0,
                    0.0,
                    1.0
                ]
            ]
        },
        {
            "file_path": "/data/shapenet_blender/all_50_random/02958343/17600a4881b1ff6a5c14de0cb75f4d3e/r_2",
            "rotation": 0.12566370614359174,
            "transform_matrix": [
                [
                    -0.8678404688835144,
                    -0.11981680989265442,
                    0.48217928409576416,
                    1.9437270164489746
                ],
                [
                    0.49684303998947144,
                    -0.209285169839859,
                    0.8422271609306335,
                    3.3951265811920166
                ],
                [
                    0.0,
                    0.9704862833023071,
                    0.24115626513957977,
                    0.9721320867538452
                ],
                [
                    0.0,
                    0.0,
                    0.0,
                    1.0
                ]
            ]
        },
        {
            "file_path": "/data/shapenet_blender/all_50_random/02958343/17600a4881b1ff6a5c14de0cb75f4d3e/r_3",
            "rotation": 0.12566370614359174,
            "transform_matrix": [
                [
                    0.5490322709083557,
                    -0.15836305916309357,
                    0.8206610679626465,
                    3.3081908226013184
                ],
                [
                    0.8358011245727539,
                    0.10402766615152359,
                    -0.5390868782997131,
                    -2.173128843307495
                ],
                [
                    -7.450580152834618e-09,
                    0.9818856716156006,
                    0.18947455286979675,
                    0.7637963891029358
                ],
                [
                    0.0,
                    0.0,
                    0.0,
                    1.0
                ]
            ]
        },
        {
            "file_path": "/data/shapenet_blender/all_50_random/02958343/17600a4881b1ff6a5c14de0cb75f4d3e/r_4",
            "rotation": 0.12566370614359174,
            "transform_matrix": [
                [
                    0.38793691992759705,
                    -0.7686996459960938,
                    0.5085330009460449,
                    2.049962282180786
                ],
                [
                    0.9216859340667725,
                    0.32354509830474854,
                    -0.21404117345809937,
                    -0.8628276586532593
                ],
                [
                    1.4901161193847656e-08,
                    0.5517421364784241,
                    0.8340146541595459,
                    3.36202073097229
                ],
                [
                    0.0,
                    0.0,
                    0.0,
                    1.0
                ]
            ]
        },
        {
            "file_path": "/data/shapenet_blender/all_50_random/02958343/17600a4881b1ff6a5c14de0cb75f4d3e/r_5",
            "rotation": 0.12566370614359174,
            "transform_matrix": [
                [
                    0.7465224862098694,
                    -0.10561597347259521,
                    -0.656924307346344,
                    -2.648146629333496
                ],
                [
                    -0.6653602719306946,
                    -0.118499256670475,
                    -0.7370574474334717,
                    -2.9711735248565674
                ],
                [
                    0.0,
                    0.987321138381958,
                    -0.15873503684997559,
                    -0.6398813724517822
                ],
                [
                    0.0,
                    0.0,
                    0.0,
                    1.0
                ]
            ]
        },
        {
            "file_path": "/data/shapenet_blender/all_50_random/02958343/17600a4881b1ff6a5c14de0cb75f4d3e/r_6",
            "rotation": 0.12566370614359174,
            "transform_matrix": [
                [
                    0.4467124938964844,
                    0.30504876375198364,
                    -0.8410666584968567,
                    -3.3904483318328857
                ],
                [
                    -0.8946776390075684,
                    0.1523108333349228,
                    -0.41994452476501465,
                    -1.6928505897521973
                ],
                [
                    0.0,
                    0.9400777816772461,
                    0.34095945954322815,
                    1.3744516372680664
                ],
                [
                    0.0,
                    0.0,
                    0.0,
                    1.0
                ]
            ]
        },
        {
            "file_path": "/data/shapenet_blender/all_50_random/02958343/17600a4881b1ff6a5c14de0cb75f4d3e/r_7",
            "rotation": 0.12566370614359174,
            "transform_matrix": [
                [
                    -0.954851508140564,
                    0.15421916544437408,
                    0.25391969084739685,
                    1.0235830545425415
                ],
                [
                    0.2970837652683258,
                    0.49567294120788574,
                    0.816118597984314,
                    3.289879322052002
                ],
                [
                    0.0,
                    0.8547074198722839,
                    -0.5191099643707275,
                    -2.0925991535186768
                ],
                [
                    0.0,
                    0.0,
                    0.0,
                    1.0
                ]
            ]
        },
        {
            "file_path": "/data/shapenet_blender/all_50_random/02958343/17600a4881b1ff6a5c14de0cb75f4d3e/r_8",
            "rotation": 0.12566370614359174,
            "transform_matrix": [
                [
                    -0.3866727948188782,
                    0.12606076896190643,
                    0.9135605096817017,
                    3.682680368423462
                ],
                [
                    0.922217071056366,
                    0.05285553261637688,
                    0.38304319977760315,
                    1.54409658908844
                ],
                [
                    -3.725290298461914e-09,
                    0.9906134605407715,
                    -0.13669317960739136,
                    -0.5510278940200806
                ],
                [
                    0.0,
                    0.0,
                    0.0,
                    1.0
                ]
            ]
        },
        {
            "file_path": "/data/shapenet_blender/all_50_random/02958343/17600a4881b1ff6a5c14de0cb75f4d3e/r_9",
            "rotation": 0.12566370614359174,
            "transform_matrix": [
                [
                    -0.19552795588970184,
                    -0.010868119075894356,
                    0.9806379079818726,
                    3.953077793121338
                ],
                [
                    0.9806981682777405,
                    -0.0021668453700840473,
                    0.1955159604549408,
                    0.7881500720977783
                ],
                [
                    0.0,
                    0.9999385476112366,
                    0.011082024313509464,
                    0.044673070311546326
                ],
                [
                    0.0,
                    0.0,
                    0.0,
                    1.0
                ]
            ]
        },
        {
            "file_path": "/data/shapenet_blender/all_50_random/02958343/17600a4881b1ff6a5c14de0cb75f4d3e/r_10",
            "rotation": 0.12566370614359174,
            "transform_matrix": [
                [
                    -0.9907190799713135,
                    0.034082770347595215,
                    0.13158318400382996,
                    0.5304287672042847
                ],
                [
                    0.13592560589313507,
                    0.24841861426830292,
                    0.9590685367584229,
                    3.866128921508789
                ],
                [
                    0.0,
                    0.9680529832839966,
                    -0.2507457733154297,
                    -1.0107885599136353
                ],
                [
                    0.0,
                    0.0,
                    0.0,
                    1.0
                ]
            ]
        },
        {
            "file_path": "/data/shapenet_blender/all_50_random/02958343/17600a4881b1ff6a5c14de0cb75f4d3e/r_11",
            "rotation": 0.12566370614359174,
            "transform_matrix": [
                [
                    -0.850927472114563,
                    -0.36329588294029236,
                    -0.37939247488975525,
                    -1.529379963874817
                ],
                [
                    -0.5252833962440491,
                    0.5885175466537476,
                    0.614592969417572,
                    2.477503538131714
                ],
                [
                    4.4703490686970326e-08,
                    0.7222625613212585,
                    -0.6916189789772034,
                    -2.7880053520202637
                ],
                [
                    0.0,
                    0.0,
                    0.0,
                    1.0
                ]
            ]
        },
        {
            "file_path": "/data/shapenet_blender/all_50_random/02958343/17600a4881b1ff6a5c14de0cb75f4d3e/r_12",
            "rotation": 0.12566370614359174,
            "transform_matrix": [
                [
                    -0.00755693856626749,
                    -0.1557481735944748,
                    -0.9877678155899048,
                    -3.9818196296691895
                ],
                [
                    -0.9999714493751526,
                    0.0011770129203796387,
                    0.007464713882654905,
                    0.03009122610092163
                ],
                [
                    0.0,
                    0.9877960681915283,
                    -0.15575259923934937,
                    -0.6278588771820068
                ],
                [
                    0.0,
                    0.0,
                    0.0,
                    1.0
                ]
            ]
        },
        {
            "file_path": "/data/shapenet_blender/all_50_random/02958343/17600a4881b1ff6a5c14de0cb75f4d3e/r_13",
            "rotation": 0.12566370614359174,
            "transform_matrix": [
                [
                    -0.9978864192962646,
                    -0.03656740486621857,
                    -0.05371873080730438,
                    -0.2165471613407135
                ],
                [
                    -0.06498368084430695,
                    0.5615273714065552,
                    0.824902355670929,
                    3.3252882957458496
                ],
                [
                    -1.862645371275562e-09,
                    0.8266497850418091,
                    -0.5627166628837585,
                    -2.268383741378784
                ],
                [
                    0.0,
                    0.0,
                    0.0,
                    1.0
                ]
            ]
        },
        {
            "file_path": "/data/shapenet_blender/all_50_random/02958343/17600a4881b1ff6a5c14de0cb75f4d3e/r_14",
            "rotation": 0.12566370614359174,
            "transform_matrix": [
                [
                    -0.3717997968196869,
                    -0.8495256304740906,
                    -0.37426069378852844,
                    -1.5086930990219116
                ],
                [
                    -0.9283129572868347,
                    0.3402445912361145,
                    0.14989562332630157,
                    0.604248583316803
                ],
                [
                    1.4901161193847656e-08,
                    0.40316224098205566,
                    -0.9151285290718079,
                    -3.6890010833740234
                ],
                [
                    0.0,
                    0.0,
                    0.0,
                    1.0
                ]
            ]
        },
        {
            "file_path": "/data/shapenet_blender/all_50_random/02958343/17600a4881b1ff6a5c14de0cb75f4d3e/r_15",
            "rotation": 0.12566370614359174,
            "transform_matrix": [
                [
                    0.5695348978042603,
                    0.3139607608318329,
                    -0.7596437335014343,
                    -3.0622217655181885
                ],
                [
                    -0.8219671845436096,
                    0.21754106879234314,
                    -0.5263514518737793,
                    -2.121790647506714
                ],
                [
                    0.0,
                    0.9241777062416077,
                    0.38196268677711487,
                    1.539740800857544
                ],
                [
                    0.0,
                    0.0,
                    0.0,
                    1.0
                ]
            ]
        },
        {
            "file_path": "/data/shapenet_blender/all_50_random/02958343/17600a4881b1ff6a5c14de0cb75f4d3e/r_16",
            "rotation": 0.12566370614359174,
            "transform_matrix": [
                [
                    0.926923930644989,
                    0.008212742395699024,
                    -0.37515944242477417,
                    -1.512316107749939
                ],
                [
                    -0.37524935603141785,
                    0.020286746323108673,
                    -0.9267018437385559,
                    -3.735654592514038
                ],
                [
                    9.31322685637781e-10,
                    0.9997603893280029,
                    0.021886097267270088,
                    0.08822567760944366
                ],
                [
                    0.0,
                    0.0,
                    0.0,
                    1.0
                ]
            ]
        },
        {
            "file_path": "/data/shapenet_blender/all_50_random/02958343/17600a4881b1ff6a5c14de0cb75f4d3e/r_17",
            "rotation": 0.12566370614359174,
            "transform_matrix": [
                [
                    0.10457645356655121,
                    0.37058189511299133,
                    -0.9228937029838562,
                    -3.7203032970428467
                ],
                [
                    -0.9945167899131775,
                    0.038967810571193695,
                    -0.09704507887363434,
                    -0.3912011981010437
                ],
                [
                    -3.7252896323280993e-09,
                    0.9279819130897522,
                    0.37262511253356934,
                    1.502099871635437
                ],
                [
                    0.0,
                    0.0,
                    0.0,
                    1.0
                ]
            ]
        },
        {
            "file_path": "/data/shapenet_blender/all_50_random/02958343/17600a4881b1ff6a5c14de0cb75f4d3e/r_18",
            "rotation": 0.12566370614359174,
            "transform_matrix": [
                [
                    -0.9369052648544312,
                    0.26146167516708374,
                    0.2320481240749359,
                    0.9354159235954285
                ],
                [
                    0.34958338737487793,
                    0.7007336020469666,
                    0.6219034194946289,
                    2.5069727897644043
                ],
                [
                    0.0,
                    0.6637846827507019,
                    -0.7479236721992493,
                    -3.014976739883423
                ],
                [
                    0.0,
                    0.0,
                    0.0,
                    1.0
                ]
            ]
        },
        {
            "file_path": "/data/shapenet_blender/all_50_random/02958343/17600a4881b1ff6a5c14de0cb75f4d3e/r_19",
            "rotation": 0.12566370614359174,
            "transform_matrix": [
                [
                    0.9447712302207947,
                    0.2816499173641205,
                    -0.16757263243198395,
                    -0.6755068898200989
                ],
                [
                    -0.3277304172515869,
                    0.8119316697120667,
                    -0.48307323455810547,
                    -1.9473304748535156
                ],
                [
                    -1.4901160305669237e-08,
                    0.5113122463226318,
                    0.8593949675559998,
                    3.464331865310669
                ],
                [
                    0.0,
                    0.0,
                    0.0,
                    1.0
                ]
            ]
        },
        {
            "file_path": "/data/shapenet_blender/all_50_random/02958343/17600a4881b1ff6a5c14de0cb75f4d3e/r_20",
            "rotation": 0.12566370614359174,
            "transform_matrix": [
                [
                    0.7991039156913757,
                    0.3143593668937683,
                    0.5124558806419373,
                    2.0657758712768555
                ],
                [
                    0.601192831993103,
                    -0.41784560680389404,
                    -0.6811549663543701,
                    -2.745823621749878
                ],
                [
                    0.0,
                    0.8523984551429749,
                    -0.5228926539421082,
                    -2.1078479290008545
                ],
                [
                    0.0,
                    0.0,
                    0.0,
                    1.0
                ]
            ]
        },
        {
            "file_path": "/data/shapenet_blender/all_50_random/02958343/17600a4881b1ff6a5c14de0cb75f4d3e/r_21",
            "rotation": 0.12566370614359174,
            "transform_matrix": [
                [
                    0.022366097196936607,
                    -0.8882400393486023,
                    -0.4588347375392914,
                    -1.849622130393982
                ],
                [
                    -0.9997498393058777,
                    -0.019871434196829796,
                    -0.010264910757541656,
                    -0.041379183530807495
                ],
                [
                    0.0,
                    0.45894938707351685,
                    -0.8884623050689697,
                    -3.5815062522888184
                ],
                [
                    0.0,
                    0.0,
                    0.0,
                    1.0
                ]
            ]
        },
        {
            "file_path": "/data/shapenet_blender/all_50_random/02958343/17600a4881b1ff6a5c14de0cb75f4d3e/r_22",
            "rotation": 0.12566370614359174,
            "transform_matrix": [
                [
                    0.28810611367225647,
                    0.1620975285768509,
                    0.9437792301177979,
                    3.8044955730438232
                ],
                [
                    0.9575985670089722,
                    -0.04876917600631714,
                    -0.2839483916759491,
                    -1.1446325778961182
                ],
                [
                    3.725290298461914e-09,
                    0.9855688810348511,
                    -0.16927503049373627,
                    -0.6823694705963135
                ],
                [
                    0.0,
                    0.0,
                    0.0,
                    1.0
                ]
            ]
        },
        {
            "file_path": "/data/shapenet_blender/all_50_random/02958343/17600a4881b1ff6a5c14de0cb75f4d3e/r_23",
            "rotation": 0.12566370614359174,
            "transform_matrix": [
                [
                    -0.8059067130088806,
                    0.38787922263145447,
                    0.44728508591651917,
                    1.8030638694763184
                ],
                [
                    0.5920423865318298,
                    0.527993381023407,
                    0.6088585257530212,
                    2.4543871879577637
                ],
                [
                    0.0,
                    0.7554949522018433,
                    -0.6551544070243835,
                    -2.641011953353882
                ],
                [
                    0.0,
                    0.0,
                    0.0,
                    1.0
                ]
            ]
        },
        {
            "file_path": "/data/shapenet_blender/all_50_random/02958343/17600a4881b1ff6a5c14de0cb75f4d3e/r_24",
            "rotation": 0.12566370614359174,
            "transform_matrix": [
                [
                    -0.9687052369117737,
                    0.0928625613451004,
                    -0.23018857836723328,
                    -0.927919864654541
                ],
                [
                    -0.24821412563323975,
                    -0.36241471767425537,
                    0.8983569741249084,
                    3.6213927268981934
                ],
                [
                    0.0,
                    0.9273790717124939,
                    0.37412285804748535,
                    1.5081374645233154
                ],
                [
                    0.0,
                    0.0,
                    0.0,
                    1.0
                ]
            ]
        },
        {
            "file_path": "/data/shapenet_blender/all_50_random/02958343/17600a4881b1ff6a5c14de0cb75f4d3e/r_25",
            "rotation": 0.12566370614359174,
            "transform_matrix": [
                [
                    -0.8612046837806702,
                    0.07274375855922699,
                    -0.5030257105827332,
                    -2.027761459350586
                ],
                [
                    -0.5082582831382751,
                    -0.12325871735811234,
                    0.852338433265686,
                    3.4358861446380615
                ],
                [
                    -3.725290076417309e-09,
                    0.9897048473358154,
                    0.143123596906662,
                    0.5769496560096741
                ],
                [
                    0.0,
                    0.0,
                    0.0,
                    1.0
                ]
            ]
        },
        {
            "file_path": "/data/shapenet_blender/all_50_random/02958343/17600a4881b1ff6a5c14de0cb75f4d3e/r_26",
            "rotation": 0.12566370614359174,
            "transform_matrix": [
                [
                    -0.19929303228855133,
                    -0.22850902378559113,
                    0.952924907207489,
                    3.8413631916046143
                ],
                [
                    0.9799399971961975,
                    -0.046472497284412384,
                    0.19379891455173492,
                    0.7812284231185913
                ],
                [
                    0.0,
                    0.972432017326355,
                    0.233186736702919,
                    0.9400057792663574
                ],
                [
                    0.0,
                    0.0,
                    0.0,
                    1.0
                ]
            ]
        },
        {
            "file_path": "/data/shapenet_blender/all_50_random/02958343/17600a4881b1ff6a5c14de0cb75f4d3e/r_27",
            "rotation": 0.12566370614359174,
            "transform_matrix": [
                [
                    -0.867112934589386,
                    -0.06146855652332306,
                    -0.4943043291568756,
                    -1.9926044940948486
                ],
                [
                    -0.4981116056442261,
                    0.10700449347496033,
                    0.8604851961135864,
                    3.468726873397827
                ],
                [
                    3.725290298461914e-09,
                    0.992356538772583,
                    -0.12340318411588669,
                    -0.49745413661003113
                ],
                [
                    0.0,
                    0.0,
                    0.0,
                    1.0
                ]
            ]
        },
        {
            "file_path": "/data/shapenet_blender/all_50_random/02958343/17600a4881b1ff6a5c14de0cb75f4d3e/r_28",
            "rotation": 0.12566370614359174,
            "transform_matrix": [
                [
                    -0.2541370093822479,
                    0.2681160569190979,
                    0.9292621612548828,
                    3.7459754943847656
                ],
                [
                    0.9671682119369507,
                    0.07045125216245651,
                    0.24417667090892792,
                    0.9843076467514038
                ],
                [
                    0.0,
                    0.9608071446418762,
                    -0.2772176265716553,
                    -1.1174999475479126
                ],
                [
                    0.0,
                    0.0,
                    0.0,
                    1.0
                ]
            ]
        },
        {
            "file_path": "/data/shapenet_blender/all_50_random/02958343/17600a4881b1ff6a5c14de0cb75f4d3e/r_29",
            "rotation": 0.12566370614359174,
            "transform_matrix": [
                [
                    -0.595372200012207,
                    -0.504913330078125,
                    -0.6249755024909973,
                    -2.5193567276000977
                ],
                [
                    -0.8034500479698181,
                    0.37415069341659546,
                    0.46311911940574646,
                    1.86689293384552
                ],
                [
                    0.0,
                    0.7778647541999817,
                    -0.6284316182136536,
                    -2.5332889556884766
                ],
                [
                    0.0,
                    0.0,
                    0.0,
                    1.0
                ]
            ]
        },
        {
            "file_path": "/data/shapenet_blender/all_50_random/02958343/17600a4881b1ff6a5c14de0cb75f4d3e/r_30",
            "rotation": 0.12566370614359174,
            "transform_matrix": [
                [
                    -0.7003831267356873,
                    -0.22124850749969482,
                    -0.6786107420921326,
                    -2.735567331314087
                ],
                [
                    -0.7137670516967773,
                    0.2170998603105545,
                    0.6658860445022583,
                    2.684272527694702
                ],
                [
                    0.0,
                    0.9507454037666321,
                    -0.30997297167778015,
                    -1.2495410442352295
                ],
                [
                    0.0,
                    0.0,
                    0.0,
                    1.0
                ]
            ]
        },
        {
            "file_path": "/data/shapenet_blender/all_50_random/02958343/17600a4881b1ff6a5c14de0cb75f4d3e/r_31",
            "rotation": 0.12566370614359174,
            "transform_matrix": [
                [
                    -0.6245537400245667,
                    0.31450197100639343,
                    -0.7148573994636536,
                    -2.8816823959350586
                ],
                [
                    -0.7809818387031555,
                    -0.25150826573371887,
                    0.5716738104820251,
                    2.304490804672241
                ],
                [
                    -1.4901161193847656e-08,
                    0.9153316617012024,
                    0.4027007222175598,
                    1.6233385801315308
                ],
                [
                    0.0,
                    0.0,
                    0.0,
                    1.0
                ]
            ]
        },
        {
            "file_path": "/data/shapenet_blender/all_50_random/02958343/17600a4881b1ff6a5c14de0cb75f4d3e/r_32",
            "rotation": 0.12566370614359174,
            "transform_matrix": [
                [
                    0.5556100010871887,
                    0.7757352590560913,
                    -0.299219012260437,
                    -1.2061904668807983
                ],
                [
                    -0.8314429521560669,
                    0.5183835029602051,
                    -0.19995249807834625,
                    -0.8060343265533447
                ],
                [
                    0.0,
                    0.35987913608551025,
                    0.9329988956451416,
                    3.7610387802124023
                ],
                [
                    0.0,
                    0.0,
                    0.0,
                    1.0
                ]
            ]
        },
        {
            "file_path": "/data/shapenet_blender/all_50_random/02958343/17600a4881b1ff6a5c14de0cb75f4d3e/r_33",
            "rotation": 0.12566370614359174,
            "transform_matrix": [
                [
                    -0.9997158050537109,
                    -0.006016279570758343,
                    -0.023069843649864197,
                    -0.09299752116203308
                ],
                [
                    -0.02384142577648163,
                    0.25227391719818115,
                    0.9673619866371155,
                    3.8995611667633057
                ],
                [
                    0.0,
                    0.9676371216773987,
                    -0.25234562158584595,
                    -1.017237901687622
                ],
                [
                    0.0,
                    0.0,
                    0.0,
                    1.0
                ]
            ]
        },
        {
            "file_path": "/data/shapenet_blender/all_50_random/02958343/17600a4881b1ff6a5c14de0cb75f4d3e/r_34",
            "rotation": 0.12566370614359174,
            "transform_matrix": [
                [
                    0.12686489522457123,
                    -0.795900821685791,
                    -0.5919856429100037,
                    -2.3863706588745117
                ],
                [
                    -0.9919201135635376,
                    -0.10179436206817627,
                    -0.07571395486593246,
                    -0.30521273612976074
                ],
                [
                    0.0,
                    0.5968078970909119,
                    -0.8023840188980103,
                    -3.234513759613037
                ],
                [
                    0.0,
                    0.0,
                    0.0,
                    1.0
                ]
            ]
        },
        {
            "file_path": "/data/shapenet_blender/all_50_random/02958343/17600a4881b1ff6a5c14de0cb75f4d3e/r_35",
            "rotation": 0.12566370614359174,
            "transform_matrix": [
                [
                    -0.9999624490737915,
                    -0.0029354305006563663,
                    0.008155236952006817,
                    0.032874807715415955
                ],
                [
                    0.008667446672916412,
                    -0.3386602997779846,
                    0.9408688545227051,
                    3.7927632331848145
                ],
                [
                    0.0,
                    0.9409040808677673,
                    0.33867305517196655,
                    1.365234613418579
                ],
                [
                    0.0,
                    0.0,
                    0.0,
                    1.0
                ]
            ]
        },
        {
            "file_path": "/data/shapenet_blender/all_50_random/02958343/17600a4881b1ff6a5c14de0cb75f4d3e/r_36",
            "rotation": 0.12566370614359174,
            "transform_matrix": [
                [
                    -0.7583312392234802,
                    0.01549368817359209,
                    0.6516852974891663,
                    2.6270270347595215
                ],
                [
                    0.6518694162368774,
                    0.018024083226919174,
                    0.758117139339447,
                    3.05606746673584
                ],
                [
                    0.0,
                    0.9997175335884094,
                    -0.023768087849020958,
                    -0.09581221640110016
                ],
                [
                    0.0,
                    0.0,
                    0.0,
                    1.0
                ]
            ]
        },
        {
            "file_path": "/data/shapenet_blender/all_50_random/02958343/17600a4881b1ff6a5c14de0cb75f4d3e/r_37",
            "rotation": 0.12566370614359174,
            "transform_matrix": [
                [
                    0.9945955276489258,
                    0.023841695860028267,
                    -0.10105125606060028,
                    -0.40735065937042236
                ],
                [
                    -0.10382573306560516,
                    0.22839081287384033,
                    -0.9680174589157104,
                    -3.902203321456909
                ],
                [
                    1.8626450382086546e-09,
                    0.9732775688171387,
                    0.22963182628154755,
                    0.9256755709648132
                ],
                [
                    0.0,
                    0.0,
                    0.0,
                    1.0
                ]
            ]
        },
        {
            "file_path": "/data/shapenet_blender/all_50_random/02958343/17600a4881b1ff6a5c14de0cb75f4d3e/r_38",
            "rotation": 0.12566370614359174,
            "transform_matrix": [
                [
                    0.9737570285797119,
                    -0.00541949225589633,
                    0.2275257706642151,
                    0.9171857833862305
                ],
                [
                    0.22759035229682922,
                    0.023187577724456787,
                    -0.973480761051178,
                    -3.924226760864258
                ],
                [
                    0.0,
                    0.9997163414955139,
                    0.023812489584088326,
                    0.09599122405052185
                ],
                [
                    0.0,
                    0.0,
                    0.0,
                    1.0
                ]
            ]
        },
        {
            "file_path": "/data/shapenet_blender/all_50_random/02958343/17600a4881b1ff6a5c14de0cb75f4d3e/r_39",
            "rotation": 0.12566370614359174,
            "transform_matrix": [
                [
                    -0.6885242462158203,
                    -0.1869073063135147,
                    -0.7007138729095459,
                    -2.8246679306030273
                ],
                [
                    -0.7252132296562195,
                    0.17745153605937958,
                    0.6652643084526062,
                    2.6817662715911865
                ],
                [
                    -7.450580596923828e-09,
                    0.9662176370620728,
                    -0.25772735476493835,
                    -1.038932204246521
                ],
                [
                    0.0,
                    0.0,
                    0.0,
                    1.0
                ]
            ]
        },
        {
            "file_path": "/data/shapenet_blender/all_50_random/02958343/17600a4881b1ff6a5c14de0cb75f4d3e/r_40",
            "rotation": 0.12566370614359174,
            "transform_matrix": [
                [
                    -0.3157773017883301,
                    0.5776726007461548,
                    -0.7527144551277161,
                    -3.0342886447906494
                ],
                [
                    -0.9488334059715271,
                    -0.19225281476974487,
                    0.25050777196884155,
                    1.009829044342041
                ],
                [
                    1.4901161193847656e-08,
                    0.7933050990104675,
                    0.6088242530822754,
                    2.4542486667633057
                ],
                [
                    0.0,
                    0.0,
                    0.0,
                    1.0
                ]
            ]
        },
        {
            "file_path": "/data/shapenet_blender/all_50_random/02958343/17600a4881b1ff6a5c14de0cb75f4d3e/r_41",
            "rotation": 0.12566370614359174,
            "transform_matrix": [
                [
                    -0.9927847981452942,
                    0.03316931053996086,
                    0.11523083597421646,
                    0.46451035141944885
                ],
                [
                    0.11990975588560104,
                    0.2746230959892273,
                    0.9540460109710693,
                    3.8458824157714844
                ],
                [
