{
    "class": "02958343",
    "model": "11a96098620b2ebac2f9fb5458a091d1",
    "remove_doubles": true,
    "edge_split": true,
    "denoise": true,
    "camera_angle_x": 0.6911112070083618,
    "scale_factor": 2.2260262599253227,
    "hdri_file": "/data/IndoorHDRDataset2018/AG8A7673-f42f4753f8.exr",
    "center_offset": [
        0.0,
        1.862645149230957e-09,
        1.862645149230957e-09
    ],
    "lights": [],
    "frames": [
        {
            "file_path": "/data/shapenet_blender/all_50_random/02958343/11a96098620b2ebac2f9fb5458a091d1/r_0",
            "rotation": 0.12566370614359174,
            "transform_matrix": [
                [
                    0.7860450744628906,
                    -0.008625268936157227,
                    -0.618108868598938,
                    -2.4916768074035645
                ],
                [
                    -0.6181690692901611,
                    -0.01096763089299202,
                    -0.785968542098999,
                    -3.1683406829833984
                ],
                [
                    0.0,
                    0.9999027252197266,
                    -0.013952926732599735,
                    -0.05624604970216751
                ],
                [
                    0.0,
                    0.0,
                    0.0,
                    1.0
                ]
            ]
        },
        {
            "file_path": "/data/shapenet_blender/all_50_random/02958343/11a96098620b2ebac2f9fb5458a091d1/r_1",
            "rotation": 0.12566370614359174,
            "transform_matrix": [
                [
                    -0.015128371305763721,
                    0.2747679352760315,
                    -0.9613916277885437,
                    -3.875493049621582
                ],
                [
                    -0.999885618686676,
                    -0.004157267045229673,
                    0.014545952901244164,
                    0.058636605739593506
                ],
                [
                    0.0,
                    0.9615014791488647,
                    0.2747994661331177,
                    1.1077519655227661
                ],
                [
                    0.0,
                    0.0,
                    0.0,
                    1.0
                ]
            ]
        },
        {
            "file_path": "/data/shapenet_blender/all_50_random/02958343/11a96098620b2ebac2f9fb5458a091d1/r_2",
            "rotation": 0.12566370614359174,
            "transform_matrix": [
                [
                    0.48887187242507935,
                    0.49154070019721985,
                    -0.72068852186203,
                    -2.9051883220672607
                ],
                [
                    -0.872355580329895,
                    0.2754615545272827,
                    -0.40387699007987976,
                    -1.6280802488327026
                ],
                [
                    1.4901161193847656e-08,
                    0.8261407017707825,
                    0.5634637475013733,
                    2.271394968032837
                ],
                [
                    0.0,
                    0.0,
                    0.0,
                    1.0
                ]
            ]
        },
        {
            "file_path": "/data/shapenet_blender/all_50_random/02958343/11a96098620b2ebac2f9fb5458a091d1/r_3",
            "rotation": 0.12566370614359174,
            "transform_matrix": [
                [
                    0.6020102500915527,
                    -0.27993372082710266,
                    0.7478106617927551,
                    3.014521360397339
                ],
                [
                    0.7984883785247803,
                    0.21105247735977173,
                    -0.5638023614883423,
                    -2.2727601528167725
                ],
                [
                    1.4901161193847656e-08,
                    0.9365328550338745,
                    0.3505795896053314,
                    1.413231611251831
                ],
                [
                    0.0,
                    0.0,
                    0.0,
                    1.0
                ]
            ]
        },
        {
            "file_path": "/data/shapenet_blender/all_50_random/02958343/11a96098620b2ebac2f9fb5458a091d1/r_4",
            "rotation": 0.12566370614359174,
            "transform_matrix": [
                [
                    0.961933970451355,
                    0.27134162187576294,
                    0.032507993280887604,
                    0.1310439109802246
                ],
                [
                    0.2732820212841034,
                    -0.955103874206543,
                    -0.1144258975982666,
                    -0.46126553416252136
                ],
                [
                    0.0,
                    0.11895372718572617,
                    -0.9928998351097107,
                    -4.002507209777832
                ],
                [
                    0.0,
                    0.0,
                    0.0,
                    1.0
                ]
            ]
        },
        {
            "file_path": "/data/shapenet_blender/all_50_random/02958343/11a96098620b2ebac2f9fb5458a091d1/r_5",
            "rotation": 0.12566370614359174,
            "transform_matrix": [
                [
                    0.8712103962898254,
                    0.48186957836151123,
                    0.09377767890691757,
                    0.3780299127101898
                ],
                [
                    0.4909099340438843,
                    -0.8551665544509888,
                    -0.16642582416534424,
                    -0.6708839535713196
                ],
                [
                    -7.450581485102248e-09,
                    0.19102798402309418,
                    -0.9815845489501953,
                    -3.9568939208984375
                ],
                [
                    0.0,
                    0.0,
                    0.0,
                    1.0
                ]
            ]
        },
        {
            "file_path": "/data/shapenet_blender/all_50_random/02958343/11a96098620b2ebac2f9fb5458a091d1/r_6",
            "rotation": 0.12566370614359174,
            "transform_matrix": [
                [
                    -0.36380741000175476,
                    0.00030853820499032736,
                    -0.9314741492271423,
                    -3.754892349243164
                ],
                [
                    -0.9314740896224976,
                    -0.00012050629447912797,
                    0.36380743980407715,
                    1.4665546417236328
                ],
                [
                    0.0,
                    1.0,
                    0.00033123642788268626,
                    0.0013352567330002785
                ],
                [
                    0.0,
                    0.0,
                    0.0,
                    1.0
                ]
            ]
        },
        {
            "file_path": "/data/shapenet_blender/all_50_random/02958343/11a96098620b2ebac2f9fb5458a091d1/r_7",
            "rotation": 0.12566370614359174,
            "transform_matrix": [
                [
                    -0.4654308557510376,
                    -0.168570414185524,
                    -0.8688833117485046,
                    -3.502580165863037
                ],
                [
                    -0.8850842118263245,
                    0.08864451944828033,
                    0.45691144466400146,
                    1.8418687582015991
                ],
                [
                    -7.4505797087454084e-09,
                    0.9816955327987671,
                    -0.19045694172382355,
                    -0.7677564024925232
                ],
                [
                    0.0,
                    0.0,
                    0.0,
                    1.0
                ]
            ]
        },
        {
            "file_path": "/data/shapenet_blender/all_50_random/02958343/11a96098620b2ebac2f9fb5458a091d1/r_8",
            "rotation": 0.12566370614359174,
            "transform_matrix": [
                [
                    0.6321999430656433,
                    0.39314162731170654,
                    -0.6676547527313232,
                    -2.6914024353027344
                ],
                [
                    -0.7748052477836609,
                    0.32078269124031067,
                    -0.5447708368301392,
                    -2.1960415840148926
                ],
                [
                    0.0,
                    0.8617064952850342,
                    0.507407009601593,
                    2.0454230308532715
                ],
                [
                    0.0,
                    0.0,
                    0.0,
                    1.0
                ]
            ]
        },
        {
            "file_path": "/data/shapenet_blender/all_50_random/02958343/11a96098620b2ebac2f9fb5458a091d1/r_9",
            "rotation": 0.12566370614359174,
            "transform_matrix": [
                [
                    -0.9970264434814453,
                    0.0313132219016552,
                    0.07041045278310776,
                    0.2838336229324341
                ],
                [
                    0.07705938816070557,
                    0.40514352917671204,
                    0.9109997749328613,
                    3.6723575592041016
                ],
                [
                    -1.8626450382086546e-09,
                    0.913716733455658,
                    -0.406351774930954,
                    -1.6380563974380493
                ],
                [
                    0.0,
                    0.0,
                    0.0,
                    1.0
                ]
            ]
        },
        {
            "file_path": "/data/shapenet_blender/all_50_random/02958343/11a96098620b2ebac2f9fb5458a091d1/r_10",
            "rotation": 0.12566370614359174,
            "transform_matrix": [
                [
                    -0.9922038912773132,
                    0.03552529215812683,
                    -0.11945478618144989,
                    -0.4815376400947571
                ],
                [
                    -0.12462540715932846,
                    -0.2828342318534851,
                    0.9510380029678345,
                    3.833756923675537
                ],
                [
                    0.0,
                    0.9585105776786804,
                    0.28505662083625793,
                    1.1490999460220337
                ],
                [
                    0.0,
                    0.0,
                    0.0,
                    1.0
                ]
            ]
        },
        {
            "file_path": "/data/shapenet_blender/all_50_random/02958343/11a96098620b2ebac2f9fb5458a091d1/r_11",
            "rotation": 0.12566370614359174,
            "transform_matrix": [
                [
                    0.9992964863777161,
                    0.02343246154487133,
                    -0.02928072214126587,
                    -0.11803436279296875
                ],
                [
                    -0.03750254213809967,
                    0.6243836283683777,
                    -0.7802169919013977,
                    -3.145155191421509
                ],
                [
                    -1.8626450382086546e-09,
                    0.7807661294937134,
                    0.6248232126235962,
                    2.518742799758911
                ],
                [
                    0.0,
                    0.0,
                    0.0,
                    1.0
                ]
            ]
        },
        {
            "file_path": "/data/shapenet_blender/all_50_random/02958343/11a96098620b2ebac2f9fb5458a091d1/r_12",
            "rotation": 0.12566370614359174,
            "transform_matrix": [
                [
                    0.7745015621185303,
                    0.09182949364185333,
                    -0.6258711218833923,
                    -2.5229671001434326
                ],
                [
                    -0.6325719952583313,
                    0.11243318766355515,
                    -0.7662972211837769,
                    -3.089042901992798
                ],
                [
                    0.0,
                    0.989406943321228,
                    0.14516843855381012,
                    0.5851926803588867
                ],
                [
                    0.0,
                    0.0,
                    0.0,
                    1.0
                ]
            ]
        },
        {
            "file_path": "/data/shapenet_blender/all_50_random/02958343/11a96098620b2ebac2f9fb5458a091d1/r_13",
            "rotation": 0.12566370614359174,
            "transform_matrix": [
                [
                    -0.8796860575675964,
                    -0.07268258184194565,
                    -0.46996796131134033,
                    -1.8945014476776123
                ],
                [
                    -0.4755551218986511,
                    0.13444887101650238,
                    0.8693508505821228,
                    3.504465341567993
                ],
                [
                    0.0,
                    0.988251268863678,
                    -0.15283739566802979,
                    -0.6161072254180908
                ],
                [
                    0.0,
                    0.0,
                    0.0,
                    1.0
                ]
            ]
        },
        {
            "file_path": "/data/shapenet_blender/all_50_random/02958343/11a96098620b2ebac2f9fb5458a091d1/r_14",
            "rotation": 0.12566370614359174,
            "transform_matrix": [
                [
                    0.23217420279979706,
                    -0.5284799933433533,
                    0.8165807127952576,
                    3.2917420864105225
                ],
                [
                    0.9726741909980774,
                    0.12614646553993225,
                    -0.19491519033908844,
                    -0.7857282757759094
                ],
                [
                    7.450580152834618e-09,
                    0.8395212888717651,
                    0.5433268547058105,
                    2.190220594406128
                ],
                [
                    0.0,
                    0.0,
                    0.0,
                    1.0
                ]
            ]
        },
        {
            "file_path": "/data/shapenet_blender/all_50_random/02958343/11a96098620b2ebac2f9fb5458a091d1/r_15",
            "rotation": 0.12566370614359174,
            "transform_matrix": [
                [
                    0.7992273569107056,
                    0.00949773471802473,
                    -0.6009537577629089,
                    -2.4225220680236816
                ],
                [
                    -0.6010288000106812,
                    0.01262975949794054,
                    -0.7991275787353516,
                    -3.221386194229126
                ],
                [
                    -4.656612873077393e-10,
                    0.9998750686645508,
                    0.01580246165394783,
                    0.06370176374912262
                ],
                [
                    0.0,
                    0.0,
                    0.0,
                    1.0
                ]
            ]
        },
        {
            "file_path": "/data/shapenet_blender/all_50_random/02958343/11a96098620b2ebac2f9fb5458a091d1/r_16",
            "rotation": 0.12566370614359174,
            "transform_matrix": [
                [
                    0.6076506972312927,
                    0.3947586417198181,
                    0.6891489028930664,
                    2.778048038482666
                ],
                [
                    0.7942044734954834,
                    -0.3020322918891907,
                    -0.5272720456123352,
                    -2.1255016326904297
                ],
                [
                    1.4901162970204496e-08,
                    0.8677221536636353,
                    -0.4970492720603943,
                    -2.0036697387695312
                ],
                [
                    0.0,
                    0.0,
                    0.0,
                    1.0
                ]
            ]
        },
        {
            "file_path": "/data/shapenet_blender/all_50_random/02958343/11a96098620b2ebac2f9fb5458a091d1/r_17",
            "rotation": 0.12566370614359174,
            "transform_matrix": [
                [
                    -0.8528105616569519,
                    -0.15810082852840424,
                    0.497713178396225,
                    2.0063459873199463
                ],
                [
                    0.5222205519676208,
                    -0.258186012506485,
                    0.8127888441085815,
                    3.276456594467163
                ],
                [
                    -1.4901162970204496e-08,
                    0.9530708193778992,
                    0.3027472496032715,
                    1.2204132080078125
                ],
                [
                    0.0,
                    0.0,
                    0.0,
                    1.0
                ]
            ]
        },
        {
            "file_path": "/data/shapenet_blender/all_50_random/02958343/11a96098620b2ebac2f9fb5458a091d1/r_18",
            "rotation": 0.12566370614359174,
            "transform_matrix": [
                [
                    0.9936912655830383,
                    -0.010845065116882324,
                    0.11162390559911728,
                    0.4499703645706177
                ],
                [
                    0.11214950680732727,
                    0.09609179198741913,
                    -0.9890342354774475,
                    -3.986924648284912
                ],
                [
                    0.0,
                    0.9953133463859558,
                    0.09670184552669525,
                    0.38981759548187256
                ],
                [
                    0.0,
                    0.0,
                    0.0,
                    1.0
                ]
            ]
        },
        {
            "file_path": "/data/shapenet_blender/all_50_random/02958343/11a96098620b2ebac2f9fb5458a091d1/r_19",
            "rotation": 0.12566370614359174,
            "transform_matrix": [
                [
                    -0.999596357345581,
                    0.0196343045681715,
                    0.020534060895442963,
                    0.08277544379234314
                ],
                [
                    0.028410447761416435,
                    0.6908155679702759,
                    0.7224726676940918,
                    2.9123804569244385
                ],
                [
                    -9.313225746154785e-10,
                    0.7227643728256226,
                    -0.6910945177078247,
                    -2.785891056060791
                ],
                [
                    0.0,
                    0.0,
                    0.0,
                    1.0
                ]
            ]
        },
        {
            "file_path": "/data/shapenet_blender/all_50_random/02958343/11a96098620b2ebac2f9fb5458a091d1/r_20",
            "rotation": 0.12566370614359174,
            "transform_matrix": [
                [
                    0.6897733211517334,
                    -0.20864365994930267,
                    0.6933112740516663,
                    2.7948272228240967
                ],
                [
                    0.7240253686904907,
                    0.19877319037914276,
                    -0.6605122685432434,
                    -2.6626100540161133
                ],
                [
                    0.0,
                    0.9575785994529724,
                    0.28817179799079895,
                    1.161657691001892
                ],
                [
                    0.0,
                    0.0,
                    0.0,
                    1.0
                ]
            ]
        },
        {
            "file_path": "/data/shapenet_blender/all_50_random/02958343/11a96098620b2ebac2f9fb5458a091d1/r_21",
            "rotation": 0.12566370614359174,
            "transform_matrix": [
                [
                    -0.05499093979597092,
                    -0.6883483529090881,
                    0.7232927680015564,
                    2.9156863689422607
                ],
                [
                    0.9984868168830872,
                    -0.03791029006242752,
                    0.039834827184677124,
                    0.16057932376861572
                ],
                [
                    1.8626450382086546e-09,
                    0.724388837814331,
                    0.689391553401947,
                    2.7790262699127197
                ],
                [
                    0.0,
                    0.0,
                    0.0,
                    1.0
                ]
            ]
        },
        {
            "file_path": "/data/shapenet_blender/all_50_random/02958343/11a96098620b2ebac2f9fb5458a091d1/r_22",
            "rotation": 0.12566370614359174,
            "transform_matrix": [
                [
                    -0.12742622196674347,
                    -0.043428387492895126,
                    0.9908967614173889,
                    3.9944326877593994
                ],
                [
                    0.9918480515480042,
                    -0.005579397547990084,
                    0.12730400264263153,
                    0.513178825378418
                ],
                [
                    -4.656613428188905e-10,
                    0.999040961265564,
                    0.04378531873226166,
                    0.17650426924228668
                ],
                [
                    0.0,
                    0.0,
                    0.0,
                    1.0
                ]
            ]
        },
        {
            "file_path": "/data/shapenet_blender/all_50_random/02958343/11a96098620b2ebac2f9fb5458a091d1/r_23",
            "rotation": 0.12566370614359174,
            "transform_matrix": [
                [
                    -0.7119207382202148,
                    -0.4481120705604553,
                    0.5407072305679321,
                    2.1796607971191406
                ],
                [
                    0.7022597789764404,
                    -0.4542767405509949,
                    0.5481457114219666,
                    2.209646224975586
                ],
                [
                    0.0,
                    0.7699532508850098,
                    0.6381000876426697,
                    2.5722639560699463
                ],
                [
                    0.0,
                    0.0,
                    0.0,
                    1.0
                ]
            ]
        },
        {
            "file_path": "/data/shapenet_blender/all_50_random/02958343/11a96098620b2ebac2f9fb5458a091d1/r_24",
            "rotation": 0.12566370614359174,
            "transform_matrix": [
                [
                    0.1291792392730713,
                    -0.7491120100021362,
                    -0.6497260332107544,
                    -2.6191294193267822
                ],
                [
                    -0.9916212558746338,
                    -0.09758737683296204,
                    -0.08464029431343079,
                    -0.3411959409713745
                ],
                [
                    0.0,
                    0.655215859413147,
                    -0.7554416656494141,
                    -3.0452828407287598
                ],
                [
                    0.0,
                    0.0,
                    0.0,
                    1.0
                ]
            ]
        },
        {
            "file_path": "/data/shapenet_blender/all_50_random/02958343/11a96098620b2ebac2f9fb5458a091d1/r_25",
            "rotation": 0.12566370614359174,
            "transform_matrix": [
                [
                    -0.7835410237312317,
                    -0.40236523747444153,
                    0.47346144914627075,
                    1.9085841178894043
                ],
                [
                    0.6213401556015015,
                    -0.5074027180671692,
                    0.5970585942268372,
                    2.406820058822632
                ],
                [
                    1.4901161193847656e-08,
                    0.762000322341919,
                    0.6475765705108643,
                    2.610464572906494
                ],
                [
                    0.0,
                    0.0,
                    0.0,
                    1.0
                ]
            ]
        },
        {
            "file_path": "/data/shapenet_blender/all_50_random/02958343/11a96098620b2ebac2f9fb5458a091d1/r_26",
            "rotation": 0.12566370614359174,
            "transform_matrix": [
                [
                    -0.6551001667976379,
                    0.3674958050251007,
                    -0.6601443290710449,
                    -2.6611270904541016
                ],
                [
                    -0.7555421590805054,
                    -0.3186408579349518,
                    0.5723845958709717,
                    2.307356357574463
                ],
                [
                    -1.4901162970204496e-08,
                    0.8737360239028931,
                    0.48640021681785583,
                    1.9607421159744263
                ],
                [
                    0.0,
                    0.0,
                    0.0,
                    1.0
                ]
            ]
        },
        {
            "file_path": "/data/shapenet_blender/all_50_random/02958343/11a96098620b2ebac2f9fb5458a091d1/r_27",
            "rotation": 0.12566370614359174,
            "transform_matrix": [
                [
                    0.4999653398990631,
                    0.29560601711273193,
                    0.8140342235565186,
                    3.2814769744873047
                ],
                [
                    0.8660454154014587,
                    -0.17065244913101196,
                    -0.4699394404888153,
                    -1.8943865299224854
                ],
                [
                    1.4901161193847656e-08,
                    0.9399440884590149,
                    -0.34132853150367737,
                    -1.3759393692016602
                ],
                [
                    0.0,
                    0.0,
                    0.0,
                    1.0
                ]
            ]
        },
        {
            "file_path": "/data/shapenet_blender/all_50_random/02958343/11a96098620b2ebac2f9fb5458a091d1/r_28",
            "rotation": 0.12566370614359174,
            "transform_matrix": [
                [
                    -0.2071022391319275,
                    -0.05845433101058006,
                    0.9765714406967163,
                    3.93668532371521
                ],
                [
                    0.9783193469047546,
                    -0.012374305166304111,
                    0.20673221349716187,
                    0.8333641886711121
                ],
                [
                    0.0,
                    0.9982134103775024,
                    0.059749748557806015,
                    0.24085894227027893
                ],
                [
                    0.0,
                    0.0,
                    0.0,
                    1.0
                ]
            ]
        },
        {
            "file_path": "/data/shapenet_blender/all_50_random/02958343/11a96098620b2ebac2f9fb5458a091d1/r_29",
            "rotation": 0.12566370614359174,
            "transform_matrix": [
                [
                    0.22154149413108826,
                    0.22397740185260773,
                    -0.9490803480148315,
                    -3.8258652687072754
                ],
                [
                    -0.975151002407074,
                    0.05088471993803978,
                    -0.2156185805797577,
                    -0.869186282157898
                ],
                [
                    0.0,
                    0.9732650518417358,
                    0.22968485951423645,
                    0.9258893132209778
                ],
                [
                    0.0,
                    0.0,
                    0.0,
                    1.0
                ]
            ]
        },
        {
            "file_path": "/data/shapenet_blender/all_50_random/02958343/11a96098620b2ebac2f9fb5458a091d1/r_30",
            "rotation": 0.12566370614359174,
            "transform_matrix": [
                [
                    -0.8356257081031799,
                    0.2950805127620697,
                    -0.4633108973503113,
                    -1.8676660060882568
                ],
                [
                    -0.5492990612983704,
                    -0.448893666267395,
                    0.7048155069351196,
                    2.8412022590637207
                ],
                [
                    0.0,
                    0.843458354473114,
                    0.5371946096420288,
                    2.1655006408691406
                ],
                [
                    0.0,
                    0.0,
                    0.0,
                    1.0
                ]
            ]
        },
        {
            "file_path": "/data/shapenet_blender/all_50_random/02958343/11a96098620b2ebac2f9fb5458a091d1/r_31",
            "rotation": 0.12566370614359174,
            "transform_matrix": [
                [
                    0.9963533282279968,
                    -0.017120715230703354,
                    -0.08358776569366455,
                    -0.3369531035423279
                ],
                [
                    -0.08532311767339706,
                    -0.19992567598819733,
                    -0.9760889410972595,
                    -3.9347405433654785
                ],
                [
                    0.0,
                    0.9796614050865173,
                    -0.20065739750862122,
                    -0.8088759183883667
                ],
                [
                    0.0,
                    0.0,
                    0.0,
                    1.0
                ]
            ]
        },
        {
            "file_path": "/data/shapenet_blender/all_50_random/02958343/11a96098620b2ebac2f9fb5458a091d1/r_32",
            "rotation": 0.12566370614359174,
            "transform_matrix": [
                [
                    0.6543161869049072,
                    0.06944677978754044,
                    -0.7530255317687988,
                    -3.0355429649353027
                ],
                [
                    -0.7562211155891418,
                    0.060088444501161575,
                    -0.6515512466430664,
                    -2.6264870166778564
                ],
                [
                    -3.725290298461914e-09,
                    0.9957743883132935,
                    0.09183395653963089,
                    0.37019452452659607
                ],
                [
                    0.0,
                    0.0,
                    0.0,
                    1.0
                ]
            ]
        },
        {
            "file_path": "/data/shapenet_blender/all_50_random/02958343/11a96098620b2ebac2f9fb5458a091d1/r_33",
            "rotation": 0.12566370614359174,
            "transform_matrix": [
                [
                    0.7442141771316528,
                    0.4778871536254883,
                    0.4666574001312256,
                    1.881156325340271
                ],
                [
                    0.6679410934448242,
                    -0.5324577689170837,
                    -0.5199456214904785,
                    -2.095968008041382
                ],
                [
                    1.4901161193847656e-08,
                    0.6986506581306458,
                    -0.7154629230499268,
                    -2.8841235637664795
                ],
                [
                    0.0,
                    0.0,
                    0.0,
                    1.0
                ]
            ]
        },
        {
            "file_path": "/data/shapenet_blender/all_50_random/02958343/11a96098620b2ebac2f9fb5458a091d1/r_34",
            "rotation": 0.12566370614359174,
            "transform_matrix": [
                [
                    -0.865623414516449,
                    0.10187050700187683,
                    -0.4902230501174927,
                    -1.9761524200439453
                ],
                [
                    -0.5006958246231079,
                    -0.1761178821325302,
                    0.8475176095962524,
                    3.4164531230926514
                ],
                [
                    0.0,
                    0.9790836572647095,
                    0.20345787703990936,
                    0.8201649785041809
                ],
                [
                    0.0,
                    0.0,
                    0.0,
                    1.0
                ]
            ]
        },
        {
            "file_path": "/data/shapenet_blender/all_50_random/02958343/11a96098620b2ebac2f9fb5458a091d1/r_35",
            "rotation": 0.12566370614359174,
            "transform_matrix": [
                [
                    -0.500434398651123,
                    -0.7753438949584961,
                    0.38523659110069275,
                    1.5529382228851318
                ],
                [
                    0.8657745122909546,
                    -0.4481637477874756,
                    0.2226741760969162,
                    0.8976281881332397
                ],
                [
                    1.4901161193847656e-08,
                    0.444961816072464,
                    0.8955495953559875,
                    3.6100754737854004
                ],
                [
                    0.0,
                    0.0,
                    0.0,
                    1.0
                ]
            ]
        },
        {
            "file_path": "/data/shapenet_blender/all_50_random/02958343/11a96098620b2ebac2f9fb5458a091d1/r_36",
            "rotation": 0.12566370614359174,
            "transform_matrix": [
                [
                    0.9968253970146179,
                    -0.012340233661234379,
                    0.07865649461746216,
                    0.3170745074748993
                ],
                [
                    0.07961862534284592,
                    0.15449973940849304,
                    -0.9847794771194458,
                    -3.969773292541504
                ],
                [
                    0.0,
                    0.9879157543182373,
                    0.1549917608499527,
                    0.6247918605804443
                ],
                [
                    0.0,
                    0.0,
                    0.0,
                    1.0
                ]
            ]
        },
        {
            "file_path": "/data/shapenet_blender/all_50_random/02958343/11a96098620b2ebac2f9fb5458a091d1/r_37",
            "rotation": 0.12566370614359174,
            "transform_matrix": [
                [
                    -0.7776641249656677,
                    -0.03482523187994957,
                    0.6277145147323608,
                    2.530398368835449
                ],
                [
                    0.6286798119544983,
                    -0.04307809844613075,
                    0.7764700651168823,
                    3.1300511360168457
                ],
                [
                    -1.8626450382086546e-09,
                    0.9984645843505859,
                    0.055394213646650314,
                    0.2233012318611145
                ],
                [
                    0.0,
                    0.0,
                    0.0,
                    1.0
                ]
            ]
        },
        {
            "file_path": "/data/shapenet_blender/all_50_random/02958343/11a96098620b2ebac2f9fb5458a091d1/r_38",
            "rotation": 0.12566370614359174,
            "transform_matrix": [
                [
                    0.5498747229576111,
                    -0.22333592176437378,
                    -0.8048346638679504,
                    -3.2443923950195312
                ],
                [
                    -0.835247278213501,
                    -0.14703044295310974,
                    -0.5298529863357544,
                    -2.1359057426452637
                ],
                [
                    0.0,
                    0.9635885953903198,
                    -0.2673890292644501,
                    -1.0778796672821045
                ],
                [
                    0.0,
                    0.0,
                    0.0,
                    1.0
                ]
            ]
        },
        {
            "file_path": "/data/shapenet_blender/all_50_random/02958343/11a96098620b2ebac2f9fb5458a091d1/r_39",
            "rotation": 0.12566370614359174,
            "transform_matrix": [
                [
                    -0.29656994342803955,
                    0.6049635410308838,
                    -0.7389622926712036,
                    -2.9788522720336914
                ],
                [
                    -0.9550111889839172,
                    -0.18786588311195374,
                    0.22947794198989868,
                    0.9250551462173462
                ],
                [
                    -1.4901162970204496e-08,
                    0.7737733721733093,
                    0.6334623694419861,
                    2.5535686016082764
                ],
                [
                    0.0,
                    0.0,
                    0.0,
                    1.0
                ]
            ]
        },
        {
            "file_path": "/data/shapenet_blender/all_50_random/02958343/11a96098620b2ebac2f9fb5458a091d1/r_40",
            "rotation": 0.12566370614359174,
            "transform_matrix": [
                [
                    -0.9999678134918213,
                    -0.005838596727699041,
                    0.005512839183211327,
                    0.022222965955734253
                ],
                [
                    0.008029982447624207,
                    -0.7270761728286743,
                    0.6865097880363464,
                    2.767409563064575
                ],
                [
                    4.656613428188905e-10,
                    0.6865319013595581,
                    0.7270996570587158,
                    2.931032419204712
                ],
                [
                    0.0,
                    0.0,
                    0.0,
                    1.0
                ]
            ]
        },
        {
            "file_path": "/data/shapenet_blender/all_50_random/02958343/11a96098620b2ebac2f9fb5458a091d1/r_41",
            "rotation": 0.12566370614359174,
            "transform_matrix": [
                [
                    0.07278677821159363,
                    -0.01708940789103508,
                    0.997201144695282,
                    4.019846439361572
                ],
                [
                    0.9973475933074951,
                    0.0012471911031752825,
                    -0.07277609407901764,
