{
    "class": "02958343",
    "model": "437f3ed08c32f2b9092ea6b09901598",
    "remove_doubles": true,
    "edge_split": true,
    "denoise": true,
    "camera_angle_x": 0.6911112070083618,
    "scale_factor": 2.326974954168809,
    "hdri_file": "/data/IndoorHDRDataset2018/AG8A3343-c4a982236d.exr",
    "center_offset": [
        0.0,
        0.0,
        9.313225746154785e-10
    ],
    "lights": [],
    "frames": [
        {
            "file_path": "/data/shapenet_blender/all_50_random/02958343/437f3ed08c32f2b9092ea6b09901598/r_0",
            "rotation": 0.12566370614359174,
            "transform_matrix": [
                [
                    -0.8540672063827515,
                    -0.3563048541545868,
                    -0.37896719574928284,
                    -1.527665615081787
                ],
                [
                    -0.5201627612113953,
                    0.5850250720977783,
                    0.6222349405288696,
                    2.5083093643188477
                ],
                [
                    -1.4901162970204496e-08,
                    0.7285550236701965,
                    -0.6849871873855591,
                    -2.7612717151641846
                ],
                [
                    0.0,
                    0.0,
                    0.0,
                    1.0
                ]
            ]
        },
        {
            "file_path": "/data/shapenet_blender/all_50_random/02958343/437f3ed08c32f2b9092ea6b09901598/r_1",
            "rotation": 0.12566370614359174,
            "transform_matrix": [
                [
                    -0.6767582893371582,
                    0.09355739504098892,
                    -0.7302363514900208,
                    -2.9436771869659424
                ],
                [
                    -0.7362052798271179,
                    -0.08600283414125443,
                    0.6712713241577148,
                    2.705981492996216
                ],
                [
                    0.0,
                    0.9918923377990723,
                    0.12708055973052979,
                    0.5122781991958618
                ],
                [
                    0.0,
                    0.0,
                    0.0,
                    1.0
                ]
            ]
        },
        {
            "file_path": "/data/shapenet_blender/all_50_random/02958343/437f3ed08c32f2b9092ea6b09901598/r_2",
            "rotation": 0.12566370614359174,
            "transform_matrix": [
                [
                    0.6179437637329102,
                    -0.19436796009540558,
                    0.761817991733551,
                    3.07098650932312
                ],
                [
                    0.7862222790718079,
                    0.15276654064655304,
                    -0.5987628102302551,
                    -2.4136900901794434
                ],
                [
                    7.4505797087454084e-09,
                    0.9689600467681885,
                    0.2472175657749176,
                    0.9965658783912659
                ],
                [
                    0.0,
                    0.0,
                    0.0,
                    1.0
                ]
            ]
        },
        {
            "file_path": "/data/shapenet_blender/all_50_random/02958343/437f3ed08c32f2b9092ea6b09901598/r_3",
            "rotation": 0.12566370614359174,
            "transform_matrix": [
                [
                    -0.24987363815307617,
                    -0.8038676977157593,
                    0.5397775769233704,
                    2.1759133338928223
                ],
                [
                    0.9682784676551819,
                    -0.20744584500789642,
                    0.13929483294487,
                    0.5615155100822449
                ],
                [
                    0.0,
                    0.5574610829353333,
                    0.8302029371261597,
                    3.3466553688049316
                ],
                [
                    0.0,
                    0.0,
                    0.0,
                    1.0
                ]
            ]
        },
        {
            "file_path": "/data/shapenet_blender/all_50_random/02958343/437f3ed08c32f2b9092ea6b09901598/r_4",
            "rotation": 0.12566370614359174,
            "transform_matrix": [
                [
                    -0.6746753454208374,
                    -0.5457033514976501,
                    0.49701225757598877,
                    2.0035202503204346
                ],
                [
                    0.7381147146224976,
                    -0.4988012909889221,
                    0.4542950987815857,
                    1.8313219547271729
                ],
                [
                    0.0,
                    0.6733536124229431,
                    0.7393205761909485,
                    2.9802961349487305
                ],
                [
                    0.0,
                    0.0,
                    0.0,
                    1.0
                ]
            ]
        },
        {
            "file_path": "/data/shapenet_blender/all_50_random/02958343/437f3ed08c32f2b9092ea6b09901598/r_5",
            "rotation": 0.12566370614359174,
            "transform_matrix": [
                [
                    -0.4357573986053467,
                    -0.6826672554016113,
                    0.5865840911865234,
                    2.364596366882324
                ],
                [
                    0.9000641703605652,
                    -0.33050674200057983,
                    0.2839890122413635,
                    1.1447964906692505
                ],
                [
                    0.0,
                    0.6517136693000793,
                    0.7584649920463562,
                    3.0574703216552734
                ],
                [
                    0.0,
                    0.0,
                    0.0,
                    1.0
                ]
            ]
        },
        {
            "file_path": "/data/shapenet_blender/all_50_random/02958343/437f3ed08c32f2b9092ea6b09901598/r_6",
            "rotation": 0.12566370614359174,
            "transform_matrix": [
                [
                    -0.9203405380249023,
                    -0.3076028525829315,
                    -0.2415652573108673,
                    -0.9737807512283325
                ],
                [
                    -0.39111804962158203,
                    0.7238208651542664,
                    0.5684276223182678,
                    2.291405200958252
                ],
                [
                    1.4901161193847656e-08,
                    0.6176275610923767,
                    -0.7864706516265869,
                    -3.1703648567199707
                ],
                [
                    0.0,
                    0.0,
                    0.0,
                    1.0
                ]
            ]
        },
        {
            "file_path": "/data/shapenet_blender/all_50_random/02958343/437f3ed08c32f2b9092ea6b09901598/r_7",
            "rotation": 0.12566370614359174,
            "transform_matrix": [
                [
                    -0.2428746223449707,
                    0.8862597942352295,
                    -0.3944050073623657,
                    -1.5898973941802979
                ],
                [
                    -0.9700577259063721,
                    -0.2218940109014511,
                    0.09874769300222397,
                    0.39806467294692993
                ],
                [
                    0.0,
                    0.4065789580345154,
                    0.9136156439781189,
                    3.6829025745391846
                ],
                [
                    0.0,
                    0.0,
                    0.0,
                    1.0
                ]
            ]
        },
        {
            "file_path": "/data/shapenet_blender/all_50_random/02958343/437f3ed08c32f2b9092ea6b09901598/r_8",
            "rotation": 0.12566370614359174,
            "transform_matrix": [
                [
                    -0.9799254536628723,
                    0.016819659620523453,
                    -0.1986534744501114,
                    -0.8007977604866028
                ],
                [
                    -0.19936425983905792,
                    -0.0826728567481041,
                    0.9764317870140076,
                    3.936122417449951
                ],
                [
                    0.0,
                    0.99643474817276,
                    0.08436647802591324,
                    0.34009215235710144
                ],
                [
                    0.0,
                    0.0,
                    0.0,
                    1.0
                ]
            ]
        },
        {
            "file_path": "/data/shapenet_blender/all_50_random/02958343/437f3ed08c32f2b9092ea6b09901598/r_9",
            "rotation": 0.12566370614359174,
            "transform_matrix": [
                [
                    0.7312238216400146,
                    0.5226775407791138,
                    -0.4383147954940796,
                    -1.7669034004211426
                ],
                [
                    -0.6821376085281372,
                    0.5602891445159912,
                    -0.4698556661605835,
                    -1.894048810005188
                ],
                [
                    1.4901161193847656e-08,
                    0.6425606608390808,
                    0.7662347555160522,
                    3.0887911319732666
                ],
                [
                    0.0,
                    0.0,
                    0.0,
                    1.0
                ]
            ]
        },
        {
            "file_path": "/data/shapenet_blender/all_50_random/02958343/437f3ed08c32f2b9092ea6b09901598/r_10",
            "rotation": 0.12566370614359174,
            "transform_matrix": [
                [
                    0.994192898273468,
                    0.05759553611278534,
                    0.09090175479650497,
                    0.3664367198944092
                ],
                [
                    0.10761215537786484,
                    -0.5321059823036194,
                    -0.8398110866546631,
                    -3.3853869438171387
                ],
                [
                    0.0,
                    0.8447164297103882,
                    -0.5352139472961426,
                    -2.1575167179107666
                ],
                [
                    0.0,
                    0.0,
                    0.0,
                    1.0
                ]
            ]
        },
        {
            "file_path": "/data/shapenet_blender/all_50_random/02958343/437f3ed08c32f2b9092ea6b09901598/r_11",
            "rotation": 0.12566370614359174,
            "transform_matrix": [
                [
                    0.9444161653518677,
                    0.021988235414028168,
                    -0.32801610231399536,
                    -1.322275161743164
                ],
                [
                    -0.3287522494792938,
                    0.06316623836755753,
                    -0.9423014521598816,
                    -3.7985384464263916
                ],
                [
                    -1.8626449271863521e-09,
                    0.9977607727050781,
                    0.06688389927148819,
                    0.26961761713027954
                ],
                [
                    0.0,
                    0.0,
                    0.0,
                    1.0
                ]
            ]
        },
        {
            "file_path": "/data/shapenet_blender/all_50_random/02958343/437f3ed08c32f2b9092ea6b09901598/r_12",
            "rotation": 0.12566370614359174,
            "transform_matrix": [
                [
                    0.3584914803504944,
                    -0.1759529858827591,
                    0.9168012142181396,
                    3.6957437992095947
                ],
                [
                    0.9335330724716187,
                    0.06756873428821564,
                    -0.35206618905067444,
                    -1.4192242622375488
                ],
                [
                    0.0,
                    0.9820769429206848,
                    0.18848076462745667,
                    0.7597902417182922
                ],
                [
                    0.0,
                    0.0,
                    0.0,
                    1.0
                ]
            ]
        },
        {
            "file_path": "/data/shapenet_blender/all_50_random/02958343/437f3ed08c32f2b9092ea6b09901598/r_13",
            "rotation": 0.12566370614359174,
            "transform_matrix": [
                [
                    -0.4502529203891754,
                    0.559145450592041,
                    -0.6961525678634644,
                    -2.806281089782715
                ],
                [
                    -0.8929010629653931,
                    -0.2819538414478302,
                    0.3510408401489258,
                    1.4150910377502441
                ],
                [
                    0.0,
                    0.7796526551246643,
                    0.6262121200561523,
                    2.5243420600891113
                ],
                [
                    0.0,
                    0.0,
                    0.0,
                    1.0
                ]
            ]
        },
        {
            "file_path": "/data/shapenet_blender/all_50_random/02958343/437f3ed08c32f2b9092ea6b09901598/r_14",
            "rotation": 0.12566370614359174,
            "transform_matrix": [
                [
                    -0.4304783344268799,
                    -0.0031186689157038927,
                    0.9025955200195312,
                    3.638478994369507
                ],
                [
                    0.9026009440422058,
                    -0.0014873897889629006,
                    0.43047577142715454,
                    1.735303282737732
                ],
                [
                    0.0,
                    0.9999939799308777,
                    0.003455202793702483,
                    0.013928367756307125
                ],
                [
                    0.0,
                    0.0,
                    0.0,
                    1.0
                ]
            ]
        },
        {
            "file_path": "/data/shapenet_blender/all_50_random/02958343/437f3ed08c32f2b9092ea6b09901598/r_15",
            "rotation": 0.12566370614359174,
            "transform_matrix": [
                [
                    -0.8992367386817932,
                    0.22343173623085022,
                    -0.3761006295681,
                    -1.5161101818084717
                ],
                [
                    -0.43746253848075867,
                    -0.45928049087524414,
                    0.7731027603149414,
                    3.1164770126342773
                ],
                [
                    1.4901162970204496e-08,
                    0.8597323298454285,
                    0.5107448697090149,
                    2.0588784217834473
                ],
                [
                    0.0,
                    0.0,
                    0.0,
                    1.0
                ]
            ]
        },
        {
            "file_path": "/data/shapenet_blender/all_50_random/02958343/437f3ed08c32f2b9092ea6b09901598/r_16",
            "rotation": 0.12566370614359174,
            "transform_matrix": [
                [
                    0.5655900239944458,
                    -0.01899498514831066,
                    0.8244677782058716,
                    3.323535919189453
                ],
                [
                    0.8246866464614868,
                    0.013027220964431763,
                    -0.5654399394989014,
                    -2.2793612480163574
                ],
                [
                    -9.31322685637781e-10,
                    0.9997346997261047,
                    0.02303297445178032,
                    0.09284888952970505
                ],
                [
                    0.0,
                    0.0,
                    0.0,
                    1.0
                ]
            ]
        },
        {
            "file_path": "/data/shapenet_blender/all_50_random/02958343/437f3ed08c32f2b9092ea6b09901598/r_17",
            "rotation": 0.12566370614359174,
            "transform_matrix": [
                [
                    -0.9917631149291992,
                    -0.002814515493810177,
                    0.12805476784706116,
                    0.516205370426178
                ],
                [
                    0.12808571755886078,
                    -0.021792691200971603,
                    0.9915235042572021,
                    3.9969594478607178
                ],
                [
                    -2.3283067140944524e-10,
                    0.9997584819793701,
                    0.021973684430122375,
                    0.08857876062393188
                ],
                [
                    0.0,
                    0.0,
                    0.0,
                    1.0
                ]
            ]
        },
        {
            "file_path": "/data/shapenet_blender/all_50_random/02958343/437f3ed08c32f2b9092ea6b09901598/r_18",
            "rotation": 0.12566370614359174,
            "transform_matrix": [
                [
                    0.036030035465955734,
                    -0.639646589756012,
                    -0.7678241729736328,
                    -3.095198392868042
                ],
                [
                    -0.9993506669998169,
                    -0.023061463609337807,
                    -0.027682706713676453,
                    -0.11159256845712662
                ],
                [
                    0.0,
                    0.7683230638504028,
                    -0.640062153339386,
                    -2.5801732540130615
                ],
                [
                    0.0,
                    0.0,
                    0.0,
                    1.0
                ]
            ]
        },
        {
            "file_path": "/data/shapenet_blender/all_50_random/02958343/437f3ed08c32f2b9092ea6b09901598/r_19",
            "rotation": 0.12566370614359174,
            "transform_matrix": [
                [
                    -0.2086605727672577,
                    -0.0021932388190180063,
                    -0.977985680103302,
                    -3.9423863887786865
                ],
                [
                    -0.9779881834983826,
                    0.00046794276568107307,
                    0.2086600512266159,
                    0.841135561466217
                ],
                [
                    -2.9103830456733704e-11,
                    0.9999974370002747,
                    -0.002242602873593569,
                    -0.009040221571922302
                ],
                [
                    0.0,
                    0.0,
                    0.0,
                    1.0
                ]
            ]
        },
        {
            "file_path": "/data/shapenet_blender/all_50_random/02958343/437f3ed08c32f2b9092ea6b09901598/r_20",
            "rotation": 0.12566370614359174,
            "transform_matrix": [
                [
                    -0.3412450850009918,
                    0.49824434518814087,
                    0.7970598340034485,
                    3.2130510807037354
                ],
                [
                    0.9399743676185608,
                    0.18088091909885406,
                    0.2893618643283844,
                    1.1664550304412842
                ],
                [
                    -1.4901161193847656e-08,
                    0.8479591608047485,
                    -0.5300616025924683,
                    -2.136746644973755
                ],
                [
                    0.0,
                    0.0,
                    0.0,
                    1.0
                ]
            ]
        },
        {
            "file_path": "/data/shapenet_blender/all_50_random/02958343/437f3ed08c32f2b9092ea6b09901598/r_21",
            "rotation": 0.12566370614359174,
            "transform_matrix": [
                [
                    -0.9603437781333923,
                    0.11756101250648499,
                    -0.2528223693370819,
                    -1.0191595554351807
                ],
                [
                    -0.2788184583187103,
                    -0.404919296503067,
                    0.8708045482635498,
                    3.5103251934051514
                ],
                [
                    0.0,
                    0.9067631959915161,
                    0.421640008687973,
                    1.6996852159500122
                ],
                [
                    0.0,
                    0.0,
                    0.0,
                    1.0
                ]
            ]
        },
        {
            "file_path": "/data/shapenet_blender/all_50_random/02958343/437f3ed08c32f2b9092ea6b09901598/r_22",
            "rotation": 0.12566370614359174,
            "transform_matrix": [
                [
                    0.2098718285560608,
                    -0.597144365310669,
                    0.7741914391517639,
                    3.1208655834198
                ],
                [
                    0.9777289032936096,
                    0.1281784474849701,
                    -0.1661820262670517,
                    -0.6699011921882629
                ],
                [
                    7.450580596923828e-09,
                    0.7918263077735901,
                    0.6107463240623474,
                    2.4619972705841064
                ],
                [
                    0.0,
                    0.0,
                    0.0,
                    1.0
                ]
            ]
        },
        {
            "file_path": "/data/shapenet_blender/all_50_random/02958343/437f3ed08c32f2b9092ea6b09901598/r_23",
            "rotation": 0.12566370614359174,
            "transform_matrix": [
                [
                    0.9927059412002563,
                    0.005355467554181814,
                    -0.12044190615415573,
                    -0.48551681637763977
                ],
                [
                    -0.1205609142780304,
                    0.04409724846482277,
                    -0.9917260408401489,
                    -3.9977753162384033
                ],
                [
                    0.0,
                    0.99901282787323,
                    0.04442126676440239,
                    0.17906785011291504
                ],
                [
                    0.0,
                    0.0,
                    0.0,
                    1.0
                ]
            ]
        },
        {
            "file_path": "/data/shapenet_blender/all_50_random/02958343/437f3ed08c32f2b9092ea6b09901598/r_24",
            "rotation": 0.12566370614359174,
            "transform_matrix": [
                [
                    -0.7893297672271729,
                    -0.075283944606781,
                    -0.6093363761901855,
                    -2.4563136100769043
                ],
                [
                    -0.6139695644378662,
                    0.09678632766008377,
                    0.7833732962608337,
                    3.157878875732422
                ],
                [
                    -3.725290742551124e-09,
                    0.9924538731575012,
                    -0.12261836975812912,
                    -0.49429047107696533
                ],
                [
                    0.0,
                    0.0,
                    0.0,
                    1.0
                ]
            ]
        },
        {
            "file_path": "/data/shapenet_blender/all_50_random/02958343/437f3ed08c32f2b9092ea6b09901598/r_25",
            "rotation": 0.12566370614359174,
            "transform_matrix": [
                [
                    0.6365033388137817,
                    0.07951627671718597,
                    0.7671639919281006,
                    3.0925369262695312
                ],
                [
                    0.7712739109992981,
                    -0.06562178581953049,
                    -0.6331115961074829,
                    -2.552154541015625
                ],
                [
                    -7.450580596923828e-09,
                    0.9946712255477905,
                    -0.1030973345041275,
                    -0.41559866070747375
                ],
                [
                    0.0,
                    0.0,
                    0.0,
                    1.0
                ]
            ]
        },
        {
            "file_path": "/data/shapenet_blender/all_50_random/02958343/437f3ed08c32f2b9092ea6b09901598/r_26",
            "rotation": 0.12566370614359174,
            "transform_matrix": [
                [
                    0.9538918733596802,
                    0.22073058784008026,
                    0.20339159667491913,
                    0.8198977708816528
                ],
                [
                    0.30015015602111816,
                    -0.7014926075935364,
                    -0.6463884115219116,
                    -2.605674982070923
                ],
                [
                    0.0,
                    0.6776326894760132,
                    -0.7354004979133606,
                    -2.964494228363037
                ],
                [
                    0.0,
                    0.0,
                    0.0,
                    1.0
                ]
            ]
        },
        {
            "file_path": "/data/shapenet_blender/all_50_random/02958343/437f3ed08c32f2b9092ea6b09901598/r_27",
            "rotation": 0.12566370614359174,
            "transform_matrix": [
                [
                    0.03264502435922623,
                    0.07665010541677475,
                    -0.9965234994888306,
                    -4.017114639282227
                ],
                [
                    -0.9994670748710632,
                    0.0025035792496055365,
                    -0.03254888206720352,
                    -0.13120874762535095
                ],
                [
                    2.3283064365386963e-10,
                    0.997054934501648,
                    0.07669098675251007,
                    0.3091512620449066
                ],
                [
                    0.0,
                    0.0,
                    0.0,
                    1.0
                ]
            ]
        },
        {
            "file_path": "/data/shapenet_blender/all_50_random/02958343/437f3ed08c32f2b9092ea6b09901598/r_28",
            "rotation": 0.12566370614359174,
            "transform_matrix": [
                [
                    0.9773254990577698,
                    -0.2067376971244812,
                    -0.04576605185866356,
                    -0.18448886275291443
                ],
                [
                    -0.2117428183555603,
                    -0.9542237520217896,
                    -0.21123896539211273,
                    -0.8515315055847168
                ],
                [
                    3.725290742551124e-09,
                    0.21613992750644684,
                    -0.976362407207489,
                    -3.935842752456665
                ],
                [
                    0.0,
                    0.0,
                    0.0,
                    1.0
                ]
            ]
        },
        {
            "file_path": "/data/shapenet_blender/all_50_random/02958343/437f3ed08c32f2b9092ea6b09901598/r_29",
            "rotation": 0.12566370614359174,
            "transform_matrix": [
                [
                    -0.9915480017662048,
                    -0.028261566534638405,
                    -0.12662500143051147,
                    -0.510441780090332
                ],
                [
                    -0.12974055111408234,
                    0.21599029004573822,
                    0.9677373170852661,
                    3.901074171066284
                ],
                [
                    0.0,
                    0.9759864211082458,
                    -0.21783138811588287,
                    -0.8781064748764038
                ],
                [
                    0.0,
                    0.0,
                    0.0,
                    1.0
                ]
            ]
        },
        {
            "file_path": "/data/shapenet_blender/all_50_random/02958343/437f3ed08c32f2b9092ea6b09901598/r_30",
            "rotation": 0.12566370614359174,
            "transform_matrix": [
                [
                    -0.5852013826370239,
                    0.07880771160125732,
                    -0.8070493936538696,
                    -3.25331974029541
                ],
                [
                    -0.8108879923820496,
                    -0.05687393248081207,
                    0.5824311971664429,
                    2.3478550910949707
                ],
                [
                    -3.725290298461914e-09,
                    0.9952660202980042,
                    0.09718695282936096,
                    0.3917731046676636
                ],
                [
                    0.0,
                    0.0,
                    0.0,
                    1.0
                ]
            ]
        },
        {
            "file_path": "/data/shapenet_blender/all_50_random/02958343/437f3ed08c32f2b9092ea6b09901598/r_31",
            "rotation": 0.12566370614359174,
            "transform_matrix": [
                [
                    0.4763009548187256,
                    -0.1250070184469223,
                    0.8703508973121643,
                    3.5084967613220215
                ],
                [
                    0.8792823553085327,
                    0.06771540641784668,
                    -0.47146284580230713,
                    -1.9005274772644043
                ],
                [
                    0.0,
                    0.9898422360420227,
                    0.14216938614845276,
                    0.573103129863739
                ],
                [
                    0.0,
                    0.0,
                    0.0,
                    1.0
                ]
            ]
        },
        {
            "file_path": "/data/shapenet_blender/all_50_random/02958343/437f3ed08c32f2b9092ea6b09901598/r_32",
            "rotation": 0.12566370614359174,
            "transform_matrix": [
                [
                    0.9318997859954834,
                    -0.02970593422651291,
                    0.36149731278419495,
                    1.4572423696517944
                ],
                [
                    0.36271584033966064,
                    0.0763213261961937,
                    -0.9287691116333008,
                    -3.743988275527954
                ],
                [
                    -1.862645149230957e-09,
                    0.9966406226158142,
                    0.08189863711595535,
                    0.3301439881324768
                ],
                [
                    0.0,
                    0.0,
                    0.0,
                    1.0
                ]
            ]
        },
        {
            "file_path": "/data/shapenet_blender/all_50_random/02958343/437f3ed08c32f2b9092ea6b09901598/r_33",
            "rotation": 0.12566370614359174,
            "transform_matrix": [
                [
                    -0.982668399810791,
                    -0.05911986902356148,
                    0.17569203674793243,
                    0.7082372903823853
                ],
                [
                    0.18537220358848572,
                    -0.31339770555496216,
                    0.9313532710075378,
                    3.7544052600860596
                ],
                [
                    0.0,
                    0.9477798342704773,
                    0.318925142288208,
                    1.2856284379959106
                ],
                [
                    0.0,
                    0.0,
                    0.0,
                    1.0
                ]
            ]
        },
        {
            "file_path": "/data/shapenet_blender/all_50_random/02958343/437f3ed08c32f2b9092ea6b09901598/r_34",
            "rotation": 0.12566370614359174,
            "transform_matrix": [
                [
                    -0.8510144948959351,
                    0.10127874463796616,
                    -0.5152833461761475,
                    -2.0771734714508057
                ],
                [
                    -0.5251421928405762,
                    -0.16412638127803802,
                    0.8350379467010498,
                    3.366145133972168
                ],
                [
                    0.0,
                    0.9812263250350952,
                    0.1928597241640091,
                    0.7774423360824585
                ],
                [
                    0.0,
                    0.0,
                    0.0,
                    1.0
                ]
            ]
        },
        {
            "file_path": "/data/shapenet_blender/all_50_random/02958343/437f3ed08c32f2b9092ea6b09901598/r_35",
            "rotation": 0.12566370614359174,
            "transform_matrix": [
                [
                    -0.6432467699050903,
                    0.7498708963394165,
                    0.15468400716781616,
                    0.6235512495040894
                ],
                [
                    0.7656589150428772,
                    0.6299828886985779,
                    0.12995341420173645,
                    0.5238590240478516
                ],
                [
                    7.450580596923828e-09,
                    0.20202739536762238,
                    -0.9793797731399536,
                    -3.9480063915252686
                ],
                [
                    0.0,
                    0.0,
                    0.0,
                    1.0
                ]
            ]
        },
        {
            "file_path": "/data/shapenet_blender/all_50_random/02958343/437f3ed08c32f2b9092ea6b09901598/r_36",
            "rotation": 0.12566370614359174,
            "transform_matrix": [
                [
                    -0.6241348385810852,
                    0.0846446231007576,
                    0.7767180800437927,
                    3.1310508251190186
                ],
                [
                    0.7813167572021484,
                    0.06761618703603745,
                    0.6204613447189331,
                    2.50115966796875
                ],
                [
                    0.0,
                    0.9941142797470093,
                    -0.10833586752414703,
                    -0.43671584129333496
                ],
                [
                    0.0,
                    0.0,
                    0.0,
                    1.0
                ]
            ]
        },
        {
            "file_path": "/data/shapenet_blender/all_50_random/02958343/437f3ed08c32f2b9092ea6b09901598/r_37",
            "rotation": 0.12566370614359174,
            "transform_matrix": [
                [
                    -0.9663094878196716,
                    0.24955958127975464,
                    -0.06297597289085388,
                    -0.25386425852775574
                ],
                [
                    -0.257382869720459,
                    -0.9369378685951233,
                    0.23643481731414795,
                    0.953099250793457
                ],
                [
                    0.0,
                    0.2446780651807785,
                    0.9696043133735657,
                    3.908600091934204
                ],
                [
                    0.0,
                    0.0,
                    0.0,
                    1.0
                ]
            ]
        },
        {
            "file_path": "/data/shapenet_blender/all_50_random/02958343/437f3ed08c32f2b9092ea6b09901598/r_38",
            "rotation": 0.12566370614359174,
            "transform_matrix": [
                [
                    -0.9932841062545776,
                    0.10026329010725021,
                    -0.05773982033133507,
                    -0.23275667428970337
                ],
                [
                    -0.11570052057504654,
                    -0.8607560992240906,
                    0.4956938922405243,
                    1.9982061386108398
                ],
                [
                    -3.7252898543727042e-09,
                    0.4990454316139221,
                    0.8665757775306702,
                    3.493278980255127
                ],
                [
                    0.0,
                    0.0,
                    0.0,
                    1.0
                ]
            ]
        },
        {
            "file_path": "/data/shapenet_blender/all_50_random/02958343/437f3ed08c32f2b9092ea6b09901598/r_39",
            "rotation": 0.12566370614359174,
            "transform_matrix": [
                [
                    0.7462684512138367,
                    0.012399950996041298,
                    -0.6655295491218567,
                    -2.682835340499878
                ],
                [
                    -0.6656450033187866,
                    0.013901841826736927,
                    -0.7461389899253845,
                    -3.007782459259033
                ],
                [
                    -9.313225191043273e-10,
                    0.9998264908790588,
                    0.018628472462296486,
                    0.07509377598762512
                ],
                [
                    0.0,
                    0.0,
                    0.0,
                    1.0
                ]
            ]
        },
        {
            "file_path": "/data/shapenet_blender/all_50_random/02958343/437f3ed08c32f2b9092ea6b09901598/r_40",
            "rotation": 0.12566370614359174,
            "transform_matrix": [
                [
                    0.6185457706451416,
                    0.22747308015823364,
                    0.752101719379425,
                    3.0318191051483154
                ],
                [
                    0.7857486605644226,
                    -0.17906807363033295,
                    -0.5920587182044983,
                    -2.386665105819702
                ],
                [
                    -1.4901160305669237e-08,
                    0.9571784138679504,
                    -0.289498507976532,
                    -1.1670057773590088
                ],
                [
                    0.0,
                    0.0,
                    0.0,
                    1.0
                ]
            ]
        },
        {
            "file_path": "/data/shapenet_blender/all_50_random/02958343/437f3ed08c32f2b9092ea6b09901598/r_41",
            "rotation": 0.12566370614359174,
            "transform_matrix": [
                [
                    0.14816366136074066,
                    -0.056945156306028366,
                    -0.9873220324516296,
                    -3.980022430419922
                ],
                [
                    -0.9889628887176514,
                    -0.008531363680958748,
                    -0.14791782200336456,
                    -0.596275806427002
                ],
                [
                    0.0,
