{
    "class": "02958343",
    "model": "a262c2044977b6eb52ab7aae4be20d81",
    "remove_doubles": true,
    "edge_split": true,
    "denoise": true,
    "camera_angle_x": 0.6911112070083618,
    "scale_factor": 2.3021318012148435,
    "hdri_file": "/data/IndoorHDRDataset2018/9C4A0849-af31d8c9d2.exr",
    "center_offset": [
        0.0,
        -1.862645149230957e-09,
        0.0
    ],
    "lights": [],
    "frames": [
        {
            "file_path": "/data/shapenet_blender/all_50_random/02958343/a262c2044977b6eb52ab7aae4be20d81/r_0",
            "rotation": 0.12566370614359174,
            "transform_matrix": [
                [
                    0.999722421169281,
                    -0.004769428167492151,
                    -0.02307048812508583,
                    -0.09300011396408081
                ],
                [
                    -0.023558327928185463,
                    -0.2023957073688507,
                    -0.9790204167366028,
                    -3.9465575218200684
                ],
                [
                    -4.6566125955216364e-10,
                    0.9792922139167786,
                    -0.2024518847465515,
                    -0.8161096572875977
                ],
                [
                    0.0,
                    0.0,
                    0.0,
                    1.0
                ]
            ]
        },
        {
            "file_path": "/data/shapenet_blender/all_50_random/02958343/a262c2044977b6eb52ab7aae4be20d81/r_1",
            "rotation": 0.12566370614359174,
            "transform_matrix": [
                [
                    -0.33141401410102844,
                    0.030334163457155228,
                    0.9429976940155029,
                    3.8013453483581543
                ],
                [
                    0.9434854984283447,
                    0.010655349120497704,
                    0.3312426507472992,
                    1.3352818489074707
                ],
                [
                    -9.31322685637781e-10,
                    0.9994829893112183,
                    -0.032151173800230026,
                    -0.12960553169250488
                ],
                [
                    0.0,
                    0.0,
                    0.0,
                    1.0
                ]
            ]
        },
        {
            "file_path": "/data/shapenet_blender/all_50_random/02958343/a262c2044977b6eb52ab7aae4be20d81/r_2",
            "rotation": 0.12566370614359174,
            "transform_matrix": [
                [
                    0.9917823672294617,
                    -0.05510687828063965,
                    0.11546017229557037,
                    0.46543484926223755
                ],
                [
                    0.12793678045272827,
                    0.42719560861587524,
                    -0.8950620889663696,
                    -3.6081106662750244
                ],
                [
                    -3.725290298461914e-09,
                    0.9024783968925476,
                    0.4307352304458618,
                    1.7363492250442505
                ],
                [
                    0.0,
                    0.0,
                    0.0,
                    1.0
                ]
            ]
        },
        {
            "file_path": "/data/shapenet_blender/all_50_random/02958343/a262c2044977b6eb52ab7aae4be20d81/r_3",
            "rotation": 0.12566370614359174,
            "transform_matrix": [
                [
                    -0.12355894595384598,
                    0.16078370809555054,
                    -0.9792250394821167,
                    -3.9473824501037598
                ],
                [
                    -0.992337167263031,
                    -0.020019670948386192,
                    0.12192631512880325,
                    0.49150070548057556
                ],
                [
                    1.8626450382086546e-09,
                    0.9867866039276123,
                    0.16202525794506073,
                    0.6531447172164917
                ],
                [
                    0.0,
                    0.0,
                    0.0,
                    1.0
                ]
            ]
        },
        {
            "file_path": "/data/shapenet_blender/all_50_random/02958343/a262c2044977b6eb52ab7aae4be20d81/r_4",
            "rotation": 0.12566370614359174,
            "transform_matrix": [
                [
                    -0.5848576426506042,
                    0.34005752205848694,
                    -0.7364118099212646,
                    -2.9685709476470947
                ],
                [
                    -0.8111359477043152,
                    -0.2451934963464737,
                    0.5309789776802063,
                    2.140444755554199
                ],
                [
                    0.0,
                    0.9078771471977234,
                    0.4192361831665039,
                    1.6899950504302979
                ],
                [
                    0.0,
                    0.0,
                    0.0,
                    1.0
                ]
            ]
        },
        {
            "file_path": "/data/shapenet_blender/all_50_random/02958343/a262c2044977b6eb52ab7aae4be20d81/r_5",
            "rotation": 0.12566370614359174,
            "transform_matrix": [
                [
                    0.4500848352909088,
                    -0.22131721675395966,
                    -0.8651256561279297,
                    -3.4874329566955566
                ],
                [
                    -0.8929859399795532,
                    -0.11154881864786148,
                    -0.4360426366329193,
                    -1.7577440738677979
                ],
                [
                    0.0,
                    0.9688010215759277,
                    -0.24783959984779358,
                    -0.9990733861923218
                ],
                [
                    0.0,
                    0.0,
                    0.0,
                    1.0
                ]
            ]
        },
        {
            "file_path": "/data/shapenet_blender/all_50_random/02958343/a262c2044977b6eb52ab7aae4be20d81/r_6",
            "rotation": 0.12566370614359174,
            "transform_matrix": [
                [
                    -0.2635422348976135,
                    0.09902336448431015,
                    0.9595519304275513,
                    3.868077278137207
                ],
                [
                    0.9646478295326233,
                    0.02705322951078415,
                    0.26215001940727234,
                    1.056760549545288
                ],
                [
                    0.0,
                    0.9947172999382019,
                    -0.10265234112739563,
                    -0.4138047993183136
                ],
                [
                    0.0,
                    0.0,
                    0.0,
                    1.0
                ]
            ]
        },
        {
            "file_path": "/data/shapenet_blender/all_50_random/02958343/a262c2044977b6eb52ab7aae4be20d81/r_7",
            "rotation": 0.12566370614359174,
            "transform_matrix": [
                [
                    0.843454897403717,
                    -0.053401149809360504,
                    0.5345391035079956,
                    2.1547963619232178
                ],
                [
                    0.5371999740600586,
                    0.0838448628783226,
                    -0.8392770886421204,
                    -3.3832345008850098
                ],
                [
                    0.0,
                    0.995046854019165,
                    0.09940645098686218,
                    0.4007202386856079
                ],
                [
                    0.0,
                    0.0,
                    0.0,
                    1.0
                ]
            ]
        },
        {
            "file_path": "/data/shapenet_blender/all_50_random/02958343/a262c2044977b6eb52ab7aae4be20d81/r_8",
            "rotation": 0.12566370614359174,
            "transform_matrix": [
                [
                    -0.9391902685165405,
                    0.2412613332271576,
                    0.24436569213867188,
                    0.9850696325302124
                ],
                [
                    0.34339720010757446,
                    0.6598489880561829,
                    0.6683394312858582,
                    2.694162368774414
                ],
                [
                    0.0,
                    0.7116122841835022,
                    -0.7025722861289978,
                    -2.8321595191955566
                ],
                [
                    0.0,
                    0.0,
                    0.0,
                    1.0
                ]
            ]
        },
        {
            "file_path": "/data/shapenet_blender/all_50_random/02958343/a262c2044977b6eb52ab7aae4be20d81/r_9",
            "rotation": 0.12566370614359174,
            "transform_matrix": [
                [
                    -0.9466888904571533,
                    -0.07078773528337479,
                    -0.3142758011817932,
                    -1.2668863534927368
                ],
                [
                    -0.322149395942688,
                    0.2080214023590088,
                    0.9235511422157288,
                    3.722954034805298
                ],
                [
                    0.0,
                    0.975559413433075,
                    -0.2197357416152954,
                    -0.8857831954956055
                ],
                [
                    0.0,
                    0.0,
                    0.0,
                    1.0
                ]
            ]
        },
        {
            "file_path": "/data/shapenet_blender/all_50_random/02958343/a262c2044977b6eb52ab7aae4be20d81/r_10",
            "rotation": 0.12566370614359174,
            "transform_matrix": [
                [
                    0.6819891929626465,
                    0.42525023221969604,
                    0.5950233936309814,
                    2.398616313934326
                ],
                [
                    0.7313622236251831,
                    -0.39654234051704407,
                    -0.5548543930053711,
                    -2.236689805984497
                ],
                [
                    0.0,
                    0.8135824799537659,
                    -0.5814494490623474,
                    -2.343898057937622
                ],
                [
                    0.0,
                    0.0,
                    0.0,
                    1.0
                ]
            ]
        },
        {
            "file_path": "/data/shapenet_blender/all_50_random/02958343/a262c2044977b6eb52ab7aae4be20d81/r_11",
            "rotation": 0.12566370614359174,
            "transform_matrix": [
                [
                    -0.9875222444534302,
                    0.058855339884757996,
                    0.14606866240501404,
                    0.5888215899467468
                ],
                [
                    0.1574801802635193,
                    0.3690683841705322,
                    0.9159631729125977,
                    3.6923656463623047
                ],
                [
                    0.0,
                    0.9275367856025696,
                    -0.373731791973114,
                    -1.506561040878296
                ],
                [
                    0.0,
                    0.0,
                    0.0,
                    1.0
                ]
            ]
        },
        {
            "file_path": "/data/shapenet_blender/all_50_random/02958343/a262c2044977b6eb52ab7aae4be20d81/r_12",
            "rotation": 0.12566370614359174,
            "transform_matrix": [
                [
                    -0.2771693468093872,
                    -0.06566876173019409,
                    -0.9585742950439453,
                    -3.8641366958618164
                ],
                [
                    -0.9608210921287537,
                    0.018943553790450096,
                    0.2765212059020996,
                    1.1146926879882812
                ],
                [
                    -1.862645371275562e-09,
                    0.9976615309715271,
                    -0.06834650784730911,
                    -0.27551358938217163
                ],
                [
                    0.0,
                    0.0,
                    0.0,
                    1.0
                ]
            ]
        },
        {
            "file_path": "/data/shapenet_blender/all_50_random/02958343/a262c2044977b6eb52ab7aae4be20d81/r_13",
            "rotation": 0.12566370614359174,
            "transform_matrix": [
                [
                    0.19083860516548157,
                    -0.0018106233328580856,
                    -0.9816197752952576,
                    -3.957035779953003
                ],
                [
                    -0.9816214442253113,
                    -0.00035200617276132107,
                    -0.1908382773399353,
                    -0.7692937254905701
                ],
                [
                    0.0,
                    0.9999983310699463,
                    -0.0018445231253281236,
                    -0.007435510400682688
                ],
                [
                    0.0,
                    0.0,
                    0.0,
                    1.0
                ]
            ]
        },
        {
            "file_path": "/data/shapenet_blender/all_50_random/02958343/a262c2044977b6eb52ab7aae4be20d81/r_14",
            "rotation": 0.12566370614359174,
            "transform_matrix": [
                [
                    -0.9339599609375,
                    0.31340712308883667,
                    0.17174038290977478,
                    0.692307710647583
                ],
                [
                    0.35737764835357666,
                    0.8190487027168274,
                    0.448821097612381,
                    1.809255838394165
                ],
                [
                    0.0,
                    0.4805571138858795,
                    -0.8769633769989014,
                    -3.5351526737213135
                ],
                [
                    0.0,
                    0.0,
                    0.0,
                    1.0
                ]
            ]
        },
        {
            "file_path": "/data/shapenet_blender/all_50_random/02958343/a262c2044977b6eb52ab7aae4be20d81/r_15",
            "rotation": 0.12566370614359174,
            "transform_matrix": [
                [
                    0.5747559666633606,
                    -0.4987143278121948,
                    -0.6487985253334045,
                    -2.6153907775878906
                ],
                [
                    -0.8183249235153198,
                    -0.35027530789375305,
                    -0.4556879699230194,
                    -1.8369370698928833
                ],
                [
                    0.0,
                    0.792837381362915,
                    -0.609433114528656,
                    -2.4567036628723145
                ],
                [
                    0.0,
                    0.0,
                    0.0,
                    1.0
                ]
            ]
        },
        {
            "file_path": "/data/shapenet_blender/all_50_random/02958343/a262c2044977b6eb52ab7aae4be20d81/r_16",
            "rotation": 0.12566370614359174,
            "transform_matrix": [
                [
                    0.9536330699920654,
                    0.12008333951234818,
                    0.27597832679748535,
                    1.112504243850708
                ],
                [
                    0.3009718656539917,
                    -0.38048553466796875,
                    -0.8744407296180725,
                    -3.5249834060668945
                ],
                [
                    0.0,
                    0.9169571995735168,
                    -0.3989853262901306,
                    -1.6083612442016602
                ],
                [
                    0.0,
                    0.0,
                    0.0,
                    1.0
                ]
            ]
        },
        {
            "file_path": "/data/shapenet_blender/all_50_random/02958343/a262c2044977b6eb52ab7aae4be20d81/r_17",
            "rotation": 0.12566370614359174,
            "transform_matrix": [
                [
                    -0.18305081129074097,
                    -0.43431976437568665,
                    0.8819629549980164,
                    3.5553064346313477
                ],
                [
                    0.9831035137176514,
                    -0.08086898922920227,
                    0.1642187535762787,
                    0.6619869470596313
                ],
                [
                    7.450581485102248e-09,
                    0.8971211314201355,
                    0.44178447127342224,
                    1.7808901071548462
                ],
                [
                    0.0,
                    0.0,
                    0.0,
                    1.0
                ]
            ]
        },
        {
            "file_path": "/data/shapenet_blender/all_50_random/02958343/a262c2044977b6eb52ab7aae4be20d81/r_18",
            "rotation": 0.12566370614359174,
            "transform_matrix": [
                [
                    -0.9538326263427734,
                    -0.01662958785891533,
                    -0.29987820982933044,
                    -1.2088477611541748
                ],
                [
                    -0.3003389537334442,
                    0.05281313881278038,
                    0.9523693323135376,
                    3.839123487472534
                ],
                [
                    0.0,
                    0.998465895652771,
                    -0.055369410663843155,
                    -0.2232012301683426
                ],
                [
                    0.0,
                    0.0,
                    0.0,
                    1.0
                ]
            ]
        },
        {
            "file_path": "/data/shapenet_blender/all_50_random/02958343/a262c2044977b6eb52ab7aae4be20d81/r_19",
            "rotation": 0.12566370614359174,
            "transform_matrix": [
                [
                    -0.746027946472168,
                    0.20846155285835266,
                    -0.6324445009231567,
                    -2.5494654178619385
                ],
                [
                    -0.6659145951271057,
                    -0.23354066908359528,
                    0.7085312008857727,
                    2.8561806678771973
                ],
                [
                    1.4901161193847656e-08,
                    0.9497380256652832,
                    0.31304553151130676,
                    1.2619268894195557
                ],
                [
                    0.0,
                    0.0,
                    0.0,
                    1.0
                ]
            ]
        },
        {
            "file_path": "/data/shapenet_blender/all_50_random/02958343/a262c2044977b6eb52ab7aae4be20d81/r_20",
            "rotation": 0.12566370614359174,
            "transform_matrix": [
                [
                    0.5162262320518494,
                    0.3732391893863678,
                    -0.7708455324172974,
                    -3.1073780059814453
                ],
                [
                    -0.8564522862434387,
                    0.2249697595834732,
                    -0.46462681889533997,
                    -1.872970700263977
                ],
                [
                    0.0,
                    0.9000450968742371,
                    0.4357968270778656,
                    1.7567533254623413
                ],
                [
                    0.0,
                    0.0,
                    0.0,
                    1.0
                ]
            ]
        },
        {
            "file_path": "/data/shapenet_blender/all_50_random/02958343/a262c2044977b6eb52ab7aae4be20d81/r_21",
            "rotation": 0.12566370614359174,
            "transform_matrix": [
                [
                    -0.9999392032623291,
                    -0.005428962409496307,
                    -0.009603990241885185,
                    -0.038714922964572906
                ],
                [
                    -0.011032238602638245,
                    0.49206990003585815,
                    0.870485782623291,
                    3.509040355682373
                ],
                [
                    -4.656612873077393e-10,
                    0.8705388307571411,
                    -0.4920998513698578,
                    -1.983717918395996
                ],
                [
                    0.0,
                    0.0,
                    0.0,
                    1.0
                ]
            ]
        },
        {
            "file_path": "/data/shapenet_blender/all_50_random/02958343/a262c2044977b6eb52ab7aae4be20d81/r_22",
            "rotation": 0.12566370614359174,
            "transform_matrix": [
                [
                    0.7249619960784912,
                    0.03966890275478363,
                    0.6876455545425415,
                    2.7719881534576416
                ],
                [
                    0.688788890838623,
                    -0.04175219312310219,
                    -0.7237586379051208,
                    -2.917564630508423
                ],
                [
                    -1.862645149230957e-09,
                    0.9983401894569397,
                    -0.0575922466814518,
                    -0.23216179013252258
                ],
                [
                    0.0,
                    0.0,
                    0.0,
                    1.0
                ]
            ]
        },
        {
            "file_path": "/data/shapenet_blender/all_50_random/02958343/a262c2044977b6eb52ab7aae4be20d81/r_23",
            "rotation": 0.12566370614359174,
            "transform_matrix": [
                [
                    0.625580370426178,
                    0.49372750520706177,
                    0.604054868221283,
                    2.435023307800293
                ],
                [
                    0.7801598310470581,
                    -0.39590126276016235,
                    -0.48436859250068665,
                    -1.952552318572998
                ],
                [
                    0.0,
                    0.7742708325386047,
                    -0.6328542828559875,
                    -2.551117420196533
                ],
                [
                    0.0,
                    0.0,
                    0.0,
                    1.0
                ]
            ]
        },
        {
            "file_path": "/data/shapenet_blender/all_50_random/02958343/a262c2044977b6eb52ab7aae4be20d81/r_24",
            "rotation": 0.12566370614359174,
            "transform_matrix": [
                [
                    0.9483930468559265,
                    0.2930660843849182,
                    0.12109073996543884,
                    0.48813238739967346
                ],
                [
                    0.31709733605384827,
                    -0.8765190243721008,
                    -0.3621652126312256,
                    -1.4599347114562988
                ],
                [
                    -7.450580596923828e-09,
                    0.38187241554260254,
                    -0.9242150187492371,
                    -3.7256298065185547
                ],
                [
                    0.0,
                    0.0,
                    0.0,
                    1.0
                ]
            ]
        },
        {
            "file_path": "/data/shapenet_blender/all_50_random/02958343/a262c2044977b6eb52ab7aae4be20d81/r_25",
            "rotation": 0.12566370614359174,
            "transform_matrix": [
                [
                    -0.5530755519866943,
                    -0.3108772039413452,
                    -0.7729570865631104,
                    -3.1158900260925293
                ],
                [
                    -0.8331310749053955,
                    0.20637638866901398,
                    0.513128936290741,
                    2.0684890747070312
                ],
                [
                    0.0,
                    0.9277737140655518,
                    -0.37314319610595703,
                    -1.5041884183883667
                ],
                [
                    0.0,
                    0.0,
                    0.0,
                    1.0
                ]
            ]
        },
        {
            "file_path": "/data/shapenet_blender/all_50_random/02958343/a262c2044977b6eb52ab7aae4be20d81/r_26",
            "rotation": 0.12566370614359174,
            "transform_matrix": [
                [
                    0.18952950835227966,
                    0.24662244319915771,
                    0.950397789478302,
                    3.8311760425567627
                ],
                [
                    0.9818750023841858,
                    -0.04760507494211197,
                    -0.1834535300731659,
                    -0.7395248413085938
                ],
                [
                    0.0,
                    0.9679416418075562,
                    -0.2511749565601349,
                    -1.0125186443328857
                ],
                [
                    0.0,
                    0.0,
                    0.0,
                    1.0
                ]
            ]
        },
        {
            "file_path": "/data/shapenet_blender/all_50_random/02958343/a262c2044977b6eb52ab7aae4be20d81/r_27",
            "rotation": 0.12566370614359174,
            "transform_matrix": [
                [
                    -0.9999998211860657,
                    0.0001704566675471142,
                    -0.0006443926249630749,
                    -0.002597630023956299
                ],
                [
                    -0.0006665564142167568,
                    -0.25572723150253296,
                    0.9667486548423767,
                    3.8970887660980225
                ],
                [
                    1.4551915228366852e-11,
                    0.9667488932609558,
                    0.25572729110717773,
                    1.0308698415756226
                ],
                [
                    0.0,
                    0.0,
                    0.0,
                    1.0
                ]
            ]
        },
        {
            "file_path": "/data/shapenet_blender/all_50_random/02958343/a262c2044977b6eb52ab7aae4be20d81/r_28",
            "rotation": 0.12566370614359174,
            "transform_matrix": [
                [
                    0.22711697220802307,
                    -0.4006209075450897,
                    0.8876489996910095,
                    3.5782277584075928
                ],
                [
                    0.9738675951957703,
                    0.093429334461689,
                    -0.20700980722904205,
                    -0.83448326587677
                ],
                [
                    7.450581485102248e-09,
                    0.9114679098129272,
                    0.41137102246284485,
                    1.6582897901535034
                ],
                [
                    0.0,
                    0.0,
                    0.0,
                    1.0
                ]
            ]
        },
        {
            "file_path": "/data/shapenet_blender/all_50_random/02958343/a262c2044977b6eb52ab7aae4be20d81/r_29",
            "rotation": 0.12566370614359174,
            "transform_matrix": [
                [
                    0.35630062222480774,
                    0.26224732398986816,
                    -0.8968144655227661,
                    -3.6151747703552246
                ],
                [
                    -0.9343713521957397,
                    0.10000187903642654,
                    -0.3419792056083679,
                    -1.378562331199646
                ],
                [
                    0.0,
                    0.9598051905632019,
                    0.28066712617874146,
                    1.1314053535461426
                ],
                [
                    0.0,
                    0.0,
                    0.0,
                    1.0
                ]
            ]
        },
        {
            "file_path": "/data/shapenet_blender/all_50_random/02958343/a262c2044977b6eb52ab7aae4be20d81/r_30",
            "rotation": 0.12566370614359174,
            "transform_matrix": [
                [
                    -0.9798657894134521,
                    -0.07362397015094757,
                    0.1855870485305786,
                    0.7481253147125244
                ],
                [
                    0.19965732097625732,
                    -0.3613271415233612,
                    0.9108125567436218,
                    3.671602964401245
                ],
                [
                    0.0,
                    0.9295278787612915,
                    0.3687516748905182,
                    1.4864856004714966
                ],
                [
                    0.0,
                    0.0,
                    0.0,
                    1.0
                ]
            ]
        },
        {
            "file_path": "/data/shapenet_blender/all_50_random/02958343/a262c2044977b6eb52ab7aae4be20d81/r_31",
            "rotation": 0.12566370614359174,
            "transform_matrix": [
                [
                    -0.6893725395202637,
                    -0.20879033207893372,
                    -0.6936656832695007,
                    -2.7962558269500732
                ],
                [
                    -0.7244070172309875,
                    0.19869263470172882,
                    0.6601179838180542,
                    2.6610207557678223
                ],
                [
                    1.4901161193847656e-08,
                    0.9575635194778442,
                    -0.28822240233421326,
                    -1.1618616580963135
                ],
                [
                    0.0,
                    0.0,
                    0.0,
                    1.0
                ]
            ]
        },
        {
            "file_path": "/data/shapenet_blender/all_50_random/02958343/a262c2044977b6eb52ab7aae4be20d81/r_32",
            "rotation": 0.12566370614359174,
            "transform_matrix": [
                [
                    -0.8514531850814819,
                    0.18141372501850128,
                    -0.4920533001422882,
                    -1.9835305213928223
                ],
                [
                    -0.5244306325912476,
                    -0.29453906416893005,
                    0.7988861799240112,
                    3.2204136848449707
                ],
                [
                    0.0,
                    0.9382621645927429,
                    0.3459250330924988,
                    1.3944685459136963
                ],
                [
                    0.0,
                    0.0,
                    0.0,
                    1.0
                ]
            ]
        },
        {
            "file_path": "/data/shapenet_blender/all_50_random/02958343/a262c2044977b6eb52ab7aae4be20d81/r_33",
            "rotation": 0.12566370614359174,
            "transform_matrix": [
                [
                    0.9994637966156006,
                    0.01684918999671936,
                    -0.0280756838619709,
                    -0.11317670345306396
                ],
                [
                    -0.03274353966116905,
                    0.5143046975135803,
                    -0.8569822311401367,
                    -3.4546058177948
                ],
                [
                    0.0,
                    0.8574420809745789,
                    0.5145806074142456,
                    2.0743408203125
                ],
                [
                    0.0,
                    0.0,
                    0.0,
                    1.0
                ]
            ]
        },
        {
            "file_path": "/data/shapenet_blender/all_50_random/02958343/a262c2044977b6eb52ab7aae4be20d81/r_34",
            "rotation": 0.12566370614359174,
            "transform_matrix": [
                [
                    -0.5387969613075256,
                    0.6918658018112183,
                    0.4806447923183441,
                    1.9375412464141846
                ],
                [
                    0.8424357175827026,
                    0.4424968659877777,
                    0.3074061870574951,
                    1.2391941547393799
                ],
                [
                    1.4901162970204496e-08,
                    0.5705418586730957,
                    -0.8212684392929077,
                    -3.3106391429901123
                ],
                [
                    0.0,
                    0.0,
                    0.0,
                    1.0
                ]
            ]
        },
        {
            "file_path": "/data/shapenet_blender/all_50_random/02958343/a262c2044977b6eb52ab7aae4be20d81/r_35",
            "rotation": 0.12566370614359174,
            "transform_matrix": [
                [
                    -0.6090226769447327,
                    -0.3931277394294739,
                    0.6888698935508728,
                    2.776923656463623
                ],
                [
                    0.7931527495384216,
                    -0.30186331272125244,
                    0.5289490818977356,
                    2.1322622299194336
                ],
                [
                    -1.4901161193847656e-08,
                    0.8685210943222046,
                    0.4956519305706024,
                    1.9980370998382568
                ],
                [
                    0.0,
                    0.0,
                    0.0,
                    1.0
                ]
            ]
        },
        {
            "file_path": "/data/shapenet_blender/all_50_random/02958343/a262c2044977b6eb52ab7aae4be20d81/r_36",
            "rotation": 0.12566370614359174,
            "transform_matrix": [
                [
                    -0.7260874509811401,
                    0.05864892154932022,
                    0.6850966215133667,
                    2.7617127895355225
                ],
                [
                    0.6876024007797241,
                    0.061931490898132324,
                    0.7234413623809814,
                    2.916285276412964
                ],
                [
                    3.7252898543727042e-09,
                    0.9963557124137878,
                    -0.08529481291770935,
                    -0.34383437037467957
                ],
                [
                    0.0,
                    0.0,
                    0.0,
                    1.0
                ]
            ]
        },
        {
            "file_path": "/data/shapenet_blender/all_50_random/02958343/a262c2044977b6eb52ab7aae4be20d81/r_37",
            "rotation": 0.12566370614359174,
            "transform_matrix": [
                [
                    0.6025254130363464,
                    -0.7531194090843201,
                    -0.26414820551872253,
                    -1.0648155212402344
                ],
                [
                    -0.7980997562408447,
                    -0.5685675144195557,
                    -0.19941869378089905,
                    -0.8038824796676636
                ],
                [
                    0.0,
                    0.330971360206604,
                    -0.9436407685279846,
                    -3.8039376735687256
                ],
                [
                    0.0,
                    0.0,
                    0.0,
                    1.0
                ]
            ]
        },
        {
            "file_path": "/data/shapenet_blender/all_50_random/02958343/a262c2044977b6eb52ab7aae4be20d81/r_38",
            "rotation": 0.12566370614359174,
            "transform_matrix": [
                [
                    -0.3638247847557068,
                    0.47585809230804443,
                    -0.8007437586784363,
                    -3.2279012203216553
                ],
                [
                    -0.9314674139022827,
                    -0.18586690723896027,
                    0.3127650022506714,
                    1.260796070098877
                ],
                [
                    -1.4901161193847656e-08,
                    0.8596583604812622,
                    0.5108693242073059,
                    2.059380054473877
                ],
                [
                    0.0,
                    0.0,
                    0.0,
                    1.0
                ]
            ]
        },
        {
            "file_path": "/data/shapenet_blender/all_50_random/02958343/a262c2044977b6eb52ab7aae4be20d81/r_39",
            "rotation": 0.12566370614359174,
            "transform_matrix": [
                [
                    0.5190779566764832,
                    -0.37958014011383057,
                    0.7658178210258484,
                    3.0871102809906006
                ],
                [
                    0.8547267913818359,
                    0.230520099401474,
                    -0.4650833308696747,
                    -1.874810814857483
                ],
                [
                    0.0,
                    0.8959795832633972,
                    0.444095253944397,
                    1.7902052402496338
                ],
                [
                    0.0,
                    0.0,
                    0.0,
                    1.0
                ]
            ]
        },
        {
            "file_path": "/data/shapenet_blender/all_50_random/02958343/a262c2044977b6eb52ab7aae4be20d81/r_40",
            "rotation": 0.12566370614359174,
            "transform_matrix": [
                [
                    -0.8230196833610535,
                    0.29629388451576233,
                    0.4846116602420807,
                    1.953532099723816
                ],
                [
                    0.5680127739906311,
                    0.4293137490749359,
                    0.702176034450531,
                    2.830562114715576
                ],
                [
                    2.9802320611338473e-08,
                    0.8531702756881714,
                    -0.5216324329376221,
                    -2.1027677059173584
                ],
                [
                    0.0,
                    0.0,
                    0.0,
                    1.0
                ]
            ]
        },
        {
            "file_path": "/data/shapenet_blender/all_50_random/02958343/a262c2044977b6eb52ab7aae4be20d81/r_41",
            "rotation": 0.12566370614359174,
            "transform_matrix": [
                [
                    -0.9494815468788147,
                    0.04430907592177391,
                    0.31067925691604614,
                    1.2523882389068604
                ],
                [
                    0.31382307410240173,
                    0.13405849039554596,
                    0.9399698376655579,
                    3.789139747619629
                ],
                [
                    0.0,
