{
    "class": "02958343",
    "model": "d41c66c7b1ff1f57979ef391885ee5d2",
    "remove_doubles": true,
    "edge_split": true,
    "denoise": true,
    "camera_angle_x": 0.6911112070083618,
    "scale_factor": 2.3237007709720228,
    "hdri_file": "/data/IndoorHDRDataset2018/9C4A8931-ebe94676df.exr",
    "center_offset": [
        0.0,
        0.0,
        -2.3283064365386963e-10
    ],
    "lights": [],
    "frames": [
        {
            "file_path": "/data/shapenet_blender/all_50_random/02958343/d41c66c7b1ff1f57979ef391885ee5d2/r_0",
            "rotation": 0.12566370614359174,
            "transform_matrix": [
                [
                    -0.7787977457046509,
                    0.005664896219968796,
                    -0.6272494792938232,
                    -2.5285234451293945
                ],
                [
                    -0.6272749900817871,
                    -0.007033292204141617,
                    0.7787660360336304,
                    3.1393063068389893
                ],
                [
                    0.0,
                    0.9999592304229736,
                    0.009030960500240326,
                    0.036404967308044434
                ],
                [
                    0.0,
                    0.0,
                    0.0,
                    1.0
                ]
            ]
        },
        {
            "file_path": "/data/shapenet_blender/all_50_random/02958343/d41c66c7b1ff1f57979ef391885ee5d2/r_1",
            "rotation": 0.12566370614359174,
            "transform_matrix": [
                [
                    -0.6901817917823792,
                    0.3367118835449219,
                    0.6405263543128967,
                    2.5820446014404297
                ],
                [
                    0.7236359715461731,
                    0.3211454749107361,
                    0.610914409160614,
                    2.462675094604492
                ],
                [
                    0.0,
                    0.8851500153541565,
                    -0.4653055965900421,
                    -1.8757070302963257
                ],
                [
                    0.0,
                    0.0,
                    0.0,
                    1.0
                ]
            ]
        },
        {
            "file_path": "/data/shapenet_blender/all_50_random/02958343/d41c66c7b1ff1f57979ef391885ee5d2/r_2",
            "rotation": 0.12566370614359174,
            "transform_matrix": [
                [
                    0.8794668316841125,
                    -0.4732586741447449,
                    0.050639498978853226,
                    0.20413434505462646
                ],
                [
                    0.47596025466918945,
                    0.8744749426841736,
                    -0.09357033669948578,
                    -0.3771941065788269
                ],
                [
                    0.0,
                    0.10639486461877823,
                    0.9943240284919739,
                    4.008248329162598
                ],
                [
                    0.0,
                    0.0,
                    0.0,
                    1.0
                ]
            ]
        },
        {
            "file_path": "/data/shapenet_blender/all_50_random/02958343/d41c66c7b1ff1f57979ef391885ee5d2/r_3",
            "rotation": 0.12566370614359174,
            "transform_matrix": [
                [
                    -0.9528350234031677,
                    -0.17999665439128876,
                    0.24434973299503326,
                    0.985005259513855
                ],
                [
                    0.3034890592098236,
                    -0.5651179552078247,
                    0.7671610116958618,
                    3.092525005340576
                ],
                [
                    1.4901162970204496e-08,
                    0.8051352500915527,
                    0.5930911898612976,
                    2.390826940536499
                ],
                [
                    0.0,
                    0.0,
                    0.0,
                    1.0
                ]
            ]
        },
        {
            "file_path": "/data/shapenet_blender/all_50_random/02958343/d41c66c7b1ff1f57979ef391885ee5d2/r_4",
            "rotation": 0.12566370614359174,
            "transform_matrix": [
                [
                    -0.25210464000701904,
                    0.35031989216804504,
                    0.9020638465881348,
                    3.636335611343384
                ],
                [
                    0.9677000045776367,
                    0.09126513451337814,
                    0.23500515520572662,
                    0.9473360776901245
                ],
                [
                    0.0,
                    0.9321730732917786,
                    -0.36201292276382446,
                    -1.4593207836151123
                ],
                [
                    0.0,
                    0.0,
                    0.0,
                    1.0
                ]
            ]
        },
        {
            "file_path": "/data/shapenet_blender/all_50_random/02958343/d41c66c7b1ff1f57979ef391885ee5d2/r_5",
            "rotation": 0.12566370614359174,
            "transform_matrix": [
                [
                    -0.8464502096176147,
                    -0.08630841970443726,
                    0.52542644739151,
                    2.1180617809295654
                ],
                [
                    0.5324679613113403,
                    -0.137202188372612,
                    0.8352565169334412,
                    3.3670268058776855
                ],
                [
                    -1.4901161193847656e-08,
                    0.9867757558822632,
                    0.16209129989147186,
                    0.6534109115600586
                ],
                [
                    0.0,
                    0.0,
                    0.0,
                    1.0
                ]
            ]
        },
        {
            "file_path": "/data/shapenet_blender/all_50_random/02958343/d41c66c7b1ff1f57979ef391885ee5d2/r_6",
            "rotation": 0.12566370614359174,
            "transform_matrix": [
                [
                    -0.7272197008132935,
                    -0.2593199610710144,
                    0.6355350017547607,
                    2.5619235038757324
                ],
                [
                    0.686404824256897,
                    -0.2747395932674408,
                    0.6733250617980957,
                    2.7142601013183594
                ],
                [
                    -1.4901162970204496e-08,
                    0.9258894324302673,
                    0.3777945637702942,
                    1.52293860912323
                ],
                [
                    0.0,
                    0.0,
                    0.0,
                    1.0
                ]
            ]
        },
        {
            "file_path": "/data/shapenet_blender/all_50_random/02958343/d41c66c7b1ff1f57979ef391885ee5d2/r_7",
            "rotation": 0.12566370614359174,
            "transform_matrix": [
                [
                    -0.6905776262283325,
                    -0.41926801204681396,
                    -0.5893359780311584,
                    -2.3756892681121826
                ],
                [
                    -0.723258376121521,
                    0.4003232419490814,
                    0.5627065896987915,
                    2.2683427333831787
                ],
                [
                    1.4901161193847656e-08,
                    0.814834713935852,
                    -0.5796933174133301,
                    -2.3368184566497803
                ],
                [
                    0.0,
                    0.0,
                    0.0,
                    1.0
                ]
            ]
        },
        {
            "file_path": "/data/shapenet_blender/all_50_random/02958343/d41c66c7b1ff1f57979ef391885ee5d2/r_8",
            "rotation": 0.12566370614359174,
            "transform_matrix": [
                [
                    -0.0425252728164196,
                    -0.45290979743003845,
                    0.8905415534973145,
                    3.589887857437134
                ],
                [
                    0.9990953207015991,
                    -0.019277552142739296,
                    0.03790481388568878,
                    0.15279918909072876
                ],
                [
                    0.0,
                    0.8913479447364807,
                    0.45331981778144836,
                    1.8273906707763672
                ],
                [
                    0.0,
                    0.0,
                    0.0,
                    1.0
                ]
            ]
        },
        {
            "file_path": "/data/shapenet_blender/all_50_random/02958343/d41c66c7b1ff1f57979ef391885ee5d2/r_9",
            "rotation": 0.12566370614359174,
            "transform_matrix": [
                [
                    -0.5442766547203064,
                    0.5484789609909058,
                    0.6347706913948059,
                    2.558842420578003
                ],
                [
                    0.8389058113098145,
                    0.35584959387779236,
                    0.41183510422706604,
                    1.6601604223251343
                ],
                [
                    0.0,
                    0.7566649317741394,
                    -0.6538028120994568,
                    -2.635563373565674
                ],
                [
                    0.0,
                    0.0,
                    0.0,
                    1.0
                ]
            ]
        },
        {
            "file_path": "/data/shapenet_blender/all_50_random/02958343/d41c66c7b1ff1f57979ef391885ee5d2/r_10",
            "rotation": 0.12566370614359174,
            "transform_matrix": [
                [
                    0.8759999871253967,
                    0.008168363012373447,
                    -0.48224198818206787,
                    -1.9439796209335327
                ],
                [
                    -0.4823111891746521,
                    0.014835827052593231,
                    -0.8758742809295654,
                    -3.530762195587158
                ],
                [
                    -4.656613428188905e-10,
                    0.9998565316200256,
                    0.01693587563931942,
                    0.06827069818973541
                ],
                [
                    0.0,
                    0.0,
                    0.0,
                    1.0
                ]
            ]
        },
        {
            "file_path": "/data/shapenet_blender/all_50_random/02958343/d41c66c7b1ff1f57979ef391885ee5d2/r_11",
            "rotation": 0.12566370614359174,
            "transform_matrix": [
                [
                    -0.8299487829208374,
                    0.3581581711769104,
                    0.4276771545410156,
                    1.7240217924118042
                ],
                [
                    0.557839572429657,
                    0.532864511013031,
                    0.6362942457199097,
                    2.564984083175659
                ],
                [
                    0.0,
                    0.766666829586029,
                    -0.6420450806617737,
                    -2.5881664752960205
                ],
                [
                    0.0,
                    0.0,
                    0.0,
                    1.0
                ]
            ]
        },
        {
            "file_path": "/data/shapenet_blender/all_50_random/02958343/d41c66c7b1ff1f57979ef391885ee5d2/r_12",
            "rotation": 0.12566370614359174,
            "transform_matrix": [
                [
                    0.7978859543800354,
                    -0.48696231842041016,
                    0.3553105592727661,
                    1.432302713394165
                ],
                [
                    0.6028083562850952,
                    0.6445504426956177,
                    -0.4702942669391632,
                    -1.8958168029785156
                ],
                [
                    1.4901161193847656e-08,
                    0.5894254446029663,
                    0.8078227639198303,
                    3.2564377784729004
                ],
                [
                    0.0,
                    0.0,
                    0.0,
                    1.0
                ]
            ]
        },
        {
            "file_path": "/data/shapenet_blender/all_50_random/02958343/d41c66c7b1ff1f57979ef391885ee5d2/r_13",
            "rotation": 0.12566370614359174,
            "transform_matrix": [
                [
                    -0.9489121437072754,
                    -0.058908745646476746,
                    -0.3099929988384247,
                    -1.2496216297149658
                ],
                [
                    -0.3155406415462494,
                    0.1771537959575653,
                    0.9322289228439331,
                    3.7579345703125
                ],
                [
                    0.0,
                    0.9824184775352478,
                    -0.1866914927959442,
                    -0.7525773644447327
                ],
                [
                    0.0,
                    0.0,
                    0.0,
                    1.0
                ]
            ]
        },
        {
            "file_path": "/data/shapenet_blender/all_50_random/02958343/d41c66c7b1ff1f57979ef391885ee5d2/r_14",
            "rotation": 0.12566370614359174,
            "transform_matrix": [
                [
                    -0.8347381353378296,
                    0.04909469932317734,
                    -0.5484541058540344,
                    -2.2108891010284424
                ],
                [
                    -0.5506470799446106,
                    -0.07442374527454376,
                    0.8314138054847717,
                    3.351536273956299
                ],
                [
                    0.0,
                    0.996017575263977,
                    0.08915817737579346,
                    0.35940811038017273
                ],
                [
                    0.0,
                    0.0,
                    0.0,
                    1.0
                ]
            ]
        },
        {
            "file_path": "/data/shapenet_blender/all_50_random/02958343/d41c66c7b1ff1f57979ef391885ee5d2/r_15",
            "rotation": 0.12566370614359174,
            "transform_matrix": [
                [
                    -0.9719616174697876,
                    -0.1685495525598526,
                    -0.16395676136016846,
                    -0.660930871963501
                ],
                [
                    -0.2351399064064026,
                    0.6967073082923889,
                    0.6777227520942688,
                    2.731987714767456
                ],
                [
                    0.0,
                    0.6972731351852417,
                    -0.7168055176734924,
                    -2.889535427093506
                ],
                [
                    0.0,
                    0.0,
                    0.0,
                    1.0
                ]
            ]
        },
        {
            "file_path": "/data/shapenet_blender/all_50_random/02958343/d41c66c7b1ff1f57979ef391885ee5d2/r_16",
            "rotation": 0.12566370614359174,
            "transform_matrix": [
                [
                    -0.18741613626480103,
                    -0.6790758371353149,
                    -0.7097401022911072,
                    -2.861053943634033
                ],
                [
                    -0.9822805523872375,
                    0.12956559658050537,
                    0.13541623950004578,
                    0.5458803176879883
                ],
                [
                    7.450580596923828e-09,
                    0.7225430607795715,
                    -0.691325843334198,
                    -2.7868235111236572
                ],
                [
                    0.0,
                    0.0,
                    0.0,
                    1.0
                ]
            ]
        },
        {
            "file_path": "/data/shapenet_blender/all_50_random/02958343/d41c66c7b1ff1f57979ef391885ee5d2/r_17",
            "rotation": 0.12566370614359174,
            "transform_matrix": [
                [
                    -0.2968747317790985,
                    0.7685622572898865,
                    -0.566724956035614,
                    -2.284541606903076
                ],
                [
                    -0.9549164175987244,
                    -0.23893895745277405,
                    0.176189586520195,
                    0.7102429866790771
                ],
                [
                    0.0,
                    0.5934812426567078,
                    0.8048477172851562,
                    3.2444450855255127
                ],
                [
                    0.0,
                    0.0,
                    0.0,
                    1.0
                ]
            ]
        },
        {
            "file_path": "/data/shapenet_blender/all_50_random/02958343/d41c66c7b1ff1f57979ef391885ee5d2/r_18",
            "rotation": 0.12566370614359174,
            "transform_matrix": [
                [
                    0.827976405620575,
                    0.006044168025255203,
                    -0.5607303977012634,
                    -2.2603766918182373
                ],
                [
                    -0.5607630610466003,
                    0.008924318477511406,
                    -0.8279281854629517,
                    -3.3374855518341064
                ],
                [
                    0.0,
                    0.9999419450759888,
                    0.010778469033539295,
                    0.04344940185546875
                ],
                [
                    0.0,
                    0.0,
                    0.0,
                    1.0
                ]
            ]
        },
        {
            "file_path": "/data/shapenet_blender/all_50_random/02958343/d41c66c7b1ff1f57979ef391885ee5d2/r_19",
            "rotation": 0.12566370614359174,
            "transform_matrix": [
                [
                    -0.9994827508926392,
                    -0.012073668651282787,
                    0.029809527099132538,
                    0.12016604840755463
                ],
                [
                    0.03216180577874184,
                    -0.375209778547287,
                    0.9263817667961121,
                    3.7343642711639404
                ],
                [
                    -9.31322685637781e-10,
                    0.9268612265586853,
                    0.37540403008461,
                    1.5133020877838135
                ],
                [
                    0.0,
                    0.0,
                    0.0,
                    1.0
                ]
            ]
        },
        {
            "file_path": "/data/shapenet_blender/all_50_random/02958343/d41c66c7b1ff1f57979ef391885ee5d2/r_20",
            "rotation": 0.12566370614359174,
            "transform_matrix": [
                [
                    -0.8227003216743469,
                    0.3102690875530243,
                    -0.47633740305900574,
                    -1.9201774597167969
                ],
                [
                    -0.5684753656387329,
                    -0.44902294874191284,
                    0.6893578171730042,
                    2.7788901329040527
                ],
                [
                    0.0,
                    0.8379209041595459,
                    0.5457916259765625,
                    2.2001564502716064
                ],
                [
                    0.0,
                    0.0,
                    0.0,
                    1.0
                ]
            ]
        },
        {
            "file_path": "/data/shapenet_blender/all_50_random/02958343/d41c66c7b1ff1f57979ef391885ee5d2/r_21",
            "rotation": 0.12566370614359174,
            "transform_matrix": [
                [
                    -0.930217981338501,
                    -0.009301389567553997,
                    0.3668898344039917,
                    1.478980302810669
                ],
                [
                    0.3670077919960022,
                    -0.023575302213430405,
                    0.9299190044403076,
                    3.7486236095428467
                ],
                [
                    0.0,
                    0.9996787309646606,
                    0.02534385211765766,
                    0.10216434299945831
                ],
                [
                    0.0,
                    0.0,
                    0.0,
                    1.0
                ]
            ]
        },
        {
            "file_path": "/data/shapenet_blender/all_50_random/02958343/d41c66c7b1ff1f57979ef391885ee5d2/r_22",
            "rotation": 0.12566370614359174,
            "transform_matrix": [
                [
                    -0.7861754298210144,
                    -0.37167125940322876,
                    -0.4937494695186615,
                    -1.9903678894042969
                ],
                [
                    -0.618003249168396,
                    0.47281110286712646,
                    0.6281093955039978,
                    2.5319902896881104
                ],
                [
                    1.4901161193847656e-08,
                    0.7989429831504822,
                    -0.6014065146446228,
                    -2.424347400665283
                ],
                [
                    0.0,
                    0.0,
                    0.0,
                    1.0
                ]
            ]
        },
        {
            "file_path": "/data/shapenet_blender/all_50_random/02958343/d41c66c7b1ff1f57979ef391885ee5d2/r_23",
            "rotation": 0.12566370614359174,
            "transform_matrix": [
                [
                    -0.16244623064994812,
                    0.9141834378242493,
                    0.37132176756858826,
                    1.4968459606170654
                ],
                [
                    0.9867174029350281,
                    0.15050473809242249,
                    0.061131805181503296,
                    0.2464301884174347
                ],
                [
                    0.0,
                    0.3763202428817749,
                    -0.9264896512031555,
                    -3.7347991466522217
                ],
                [
                    0.0,
                    0.0,
                    0.0,
                    1.0
                ]
            ]
        },
        {
            "file_path": "/data/shapenet_blender/all_50_random/02958343/d41c66c7b1ff1f57979ef391885ee5d2/r_24",
            "rotation": 0.12566370614359174,
            "transform_matrix": [
                [
                    0.8219020962715149,
                    0.3346218764781952,
                    0.46098271012306213,
                    1.858280897140503
                ],
                [
                    0.5696286559104919,
                    -0.48281699419021606,
                    -0.6651396155357361,
                    -2.6812636852264404
                ],
                [
                    1.4901160305669237e-08,
                    0.8092687726020813,
                    -0.5874385237693787,
                    -2.3680405616760254
                ],
                [
                    0.0,
                    0.0,
                    0.0,
                    1.0
                ]
            ]
        },
        {
            "file_path": "/data/shapenet_blender/all_50_random/02958343/d41c66c7b1ff1f57979ef391885ee5d2/r_25",
            "rotation": 0.12566370614359174,
            "transform_matrix": [
                [
                    -0.13494925200939178,
                    -0.47282877564430237,
                    0.8707591891288757,
                    3.5101425647735596
                ],
                [
                    0.9908524751663208,
                    -0.06439696252346039,
                    0.11859314143657684,
                    0.47806423902511597
                ],
                [
                    0.0,
                    0.8787978887557983,
                    0.4771938920021057,
                    1.9236301183700562
                ],
                [
                    0.0,
                    0.0,
                    0.0,
                    1.0
                ]
            ]
        },
        {
            "file_path": "/data/shapenet_blender/all_50_random/02958343/d41c66c7b1ff1f57979ef391885ee5d2/r_26",
            "rotation": 0.12566370614359174,
            "transform_matrix": [
                [
                    -0.6470695734024048,
                    -0.09360165148973465,
                    0.7566635012626648,
                    3.05020809173584
                ],
                [
                    0.7624308466911316,
                    -0.07943905144929886,
                    0.6421748399734497,
                    2.5886895656585693
                ],
                [
                    7.4505792646561986e-09,
                    0.9924355745315552,
                    0.122767373919487,
                    0.49489110708236694
                ],
                [
                    0.0,
                    0.0,
                    0.0,
                    1.0
                ]
            ]
        },
        {
            "file_path": "/data/shapenet_blender/all_50_random/02958343/d41c66c7b1ff1f57979ef391885ee5d2/r_27",
            "rotation": 0.12566370614359174,
            "transform_matrix": [
                [
                    -0.7389911413192749,
                    0.17218562960624695,
                    -0.6513402462005615,
                    -2.625636577606201
                ],
                [
                    -0.6737150549888611,
                    -0.18886864185333252,
                    0.7144484519958496,
                    2.8800337314605713
                ],
                [
                    7.450580596923828e-09,
                    0.9667888283729553,
                    0.25557634234428406,
                    1.0302611589431763
                ],
                [
                    0.0,
                    0.0,
                    0.0,
                    1.0
                ]
            ]
        },
        {
            "file_path": "/data/shapenet_blender/all_50_random/02958343/d41c66c7b1ff1f57979ef391885ee5d2/r_28",
            "rotation": 0.12566370614359174,
            "transform_matrix": [
                [
                    0.8295018672943115,
                    -0.29740995168685913,
                    -0.4727303087711334,
                    -1.9056367874145508
                ],
                [
                    -0.5585038661956787,
                    -0.44171956181526184,
                    -0.7021090984344482,
                    -2.830292224884033
                ],
                [
                    1.4901161193847656e-08,
                    0.846422553062439,
                    -0.5325117707252502,
                    -2.1466236114501953
                ],
                [
                    0.0,
                    0.0,
                    0.0,
                    1.0
                ]
            ]
        },
        {
            "file_path": "/data/shapenet_blender/all_50_random/02958343/d41c66c7b1ff1f57979ef391885ee5d2/r_29",
            "rotation": 0.12566370614359174,
            "transform_matrix": [
                [
                    0.8757961988449097,
                    -0.1991647481918335,
                    -0.439675509929657,
                    -1.7723886966705322
                ],
                [
                    -0.4826812446117401,
                    -0.3613725006580353,
                    -0.7977648377418518,
                    -3.215893030166626
                ],
                [
                    -1.4901162970204496e-08,
                    0.9109024405479431,
                    -0.41262170672416687,
                    -1.6633312702178955
                ],
                [
                    0.0,
                    0.0,
                    0.0,
                    1.0
                ]
            ]
        },
        {
            "file_path": "/data/shapenet_blender/all_50_random/02958343/d41c66c7b1ff1f57979ef391885ee5d2/r_30",
            "rotation": 0.12566370614359174,
            "transform_matrix": [
                [
                    0.17797282338142395,
                    -0.5218909382820129,
                    0.8342394232749939,
                    3.362926721572876
                ],
                [
                    0.9840354919433594,
                    0.09438928216695786,
                    -0.15088066458702087,
                    -0.6082193851470947
                ],
                [
                    0.0,
                    0.8477736711502075,
                    0.5303579568862915,
                    2.137941360473633
                ],
                [
                    0.0,
                    0.0,
                    0.0,
                    1.0
                ]
            ]
        },
        {
            "file_path": "/data/shapenet_blender/all_50_random/02958343/d41c66c7b1ff1f57979ef391885ee5d2/r_31",
            "rotation": 0.12566370614359174,
            "transform_matrix": [
                [
                    -0.9677205085754395,
                    0.10397105664014816,
                    0.22958017885684967,
                    0.925467312335968
                ],
                [
                    0.25202587246894836,
                    0.39922457933425903,
                    0.8815342783927917,
                    3.5535783767700195
                ],
                [
                    0.0,
                    0.9109389781951904,
                    -0.4125412106513977,
                    -1.6630067825317383
                ],
                [
                    0.0,
                    0.0,
                    0.0,
                    1.0
                ]
            ]
        },
        {
            "file_path": "/data/shapenet_blender/all_50_random/02958343/d41c66c7b1ff1f57979ef391885ee5d2/r_32",
            "rotation": 0.12566370614359174,
            "transform_matrix": [
                [
                    0.90603107213974,
                    -0.0710054561495781,
                    0.41721218824386597,
                    1.6818361282348633
                ],
                [
                    0.42321130633354187,
                    0.152011901140213,
                    -0.8931878805160522,
                    -3.600555419921875
                ],
                [
                    -7.450580596923828e-09,
                    0.9858248829841614,
                    0.16777779161930084,
                    0.6763339042663574
                ],
                [
                    0.0,
                    0.0,
                    0.0,
                    1.0
                ]
            ]
        },
        {
            "file_path": "/data/shapenet_blender/all_50_random/02958343/d41c66c7b1ff1f57979ef391885ee5d2/r_33",
            "rotation": 0.12566370614359174,
            "transform_matrix": [
                [
                    0.4760945439338684,
                    -0.2841416001319885,
                    -0.832224428653717,
                    -3.3548038005828857
                ],
                [
                    -0.879393994808197,
                    -0.15383122861385345,
                    -0.4505574405193329,
                    -1.8162550926208496
                ],
                [
                    0.0,
                    0.9463611841201782,
                    -0.3231106698513031,
                    -1.3025007247924805
                ],
                [
                    0.0,
                    0.0,
                    0.0,
                    1.0
                ]
            ]
        },
        {
            "file_path": "/data/shapenet_blender/all_50_random/02958343/d41c66c7b1ff1f57979ef391885ee5d2/r_34",
            "rotation": 0.12566370614359174,
            "transform_matrix": [
                [
                    0.9842138290405273,
                    -0.049785491079092026,
                    0.16983719170093536,
                    0.6846356391906738
                ],
                [
                    0.1769838184118271,
                    0.2768590450286865,
                    -0.9444711804389954,
                    -3.8072850704193115
                ],
                [
                    -3.725290298461914e-09,
                    0.9596199989318848,
                    0.2812996804714203,
                    1.1339552402496338
                ],
                [
                    0.0,
                    0.0,
                    0.0,
                    1.0
                ]
            ]
        },
        {
            "file_path": "/data/shapenet_blender/all_50_random/02958343/d41c66c7b1ff1f57979ef391885ee5d2/r_35",
            "rotation": 0.12566370614359174,
            "transform_matrix": [
                [
                    0.9983628988265991,
                    -0.05046048387885094,
                    -0.026934338733553886,
                    -0.10857579857110977
                ],
                [
                    -0.05719894915819168,
                    -0.8807482719421387,
                    -0.47011780738830566,
                    -1.8951056003570557
                ],
                [
                    -1.862645371275562e-09,
                    0.47088879346847534,
                    -0.8821924924850464,
                    -3.55623197555542
                ],
                [
                    0.0,
                    0.0,
                    0.0,
                    1.0
                ]
            ]
        },
        {
            "file_path": "/data/shapenet_blender/all_50_random/02958343/d41c66c7b1ff1f57979ef391885ee5d2/r_36",
            "rotation": 0.12566370614359174,
            "transform_matrix": [
                [
                    0.9959875345230103,
                    -0.038373466581106186,
                    -0.08084850013256073,
                    -0.325910747051239
                ],
                [
                    -0.0894930437207222,
                    -0.4270666539669037,
                    -0.8997805118560791,
                    -3.627131462097168
                ],
                [
                    0.0,
                    0.9034055471420288,
                    -0.42878714203834534,
                    -1.7284964323043823
                ],
                [
                    0.0,
                    0.0,
                    0.0,
                    1.0
                ]
            ]
        },
        {
            "file_path": "/data/shapenet_blender/all_50_random/02958343/d41c66c7b1ff1f57979ef391885ee5d2/r_37",
            "rotation": 0.12566370614359174,
            "transform_matrix": [
                [
                    0.9935680627822876,
                    0.03728511184453964,
                    -0.10692277550697327,
                    -0.43101954460144043
                ],
                [
                    -0.11323720961809158,
                    0.3271477222442627,
                    -0.9381638765335083,
                    -3.781860113143921
                ],
                [
                    0.0,
                    0.944237470626831,
                    0.3292655050754547,
                    1.3273118734359741
                ],
                [
                    0.0,
                    0.0,
                    0.0,
                    1.0
                ]
            ]
        },
        {
            "file_path": "/data/shapenet_blender/all_50_random/02958343/d41c66c7b1ff1f57979ef391885ee5d2/r_38",
            "rotation": 0.12566370614359174,
            "transform_matrix": [
                [
                    0.3574506342411041,
                    0.2879246771335602,
                    -0.8884415030479431,
                    -3.5814225673675537
                ],
                [
                    -0.9339321255683899,
                    0.11019952595233917,
                    -0.3400397002696991,
                    -1.370743989944458
                ],
                [
                    7.450581485102248e-09,
                    0.9512914419174194,
                    0.3082929253578186,
                    1.24276864528656
                ],
                [
                    0.0,
                    0.0,
                    0.0,
                    1.0
                ]
            ]
        },
        {
            "file_path": "/data/shapenet_blender/all_50_random/02958343/d41c66c7b1ff1f57979ef391885ee5d2/r_39",
            "rotation": 0.12566370614359174,
            "transform_matrix": [
                [
                    -0.8085890412330627,
                    -0.16679693758487701,
                    -0.5642361044883728,
                    -2.274508476257324
                ],
                [
                    -0.5883736610412598,
                    0.22922539710998535,
                    0.7754173874855042,
                    3.125807523727417
                ],
                [
                    0.0,
                    0.9589757323265076,
                    -0.28348806500434875,
                    -1.1427769660949707
                ],
                [
                    0.0,
                    0.0,
                    0.0,
                    1.0
                ]
            ]
        },
        {
            "file_path": "/data/shapenet_blender/all_50_random/02958343/d41c66c7b1ff1f57979ef391885ee5d2/r_40",
            "rotation": 0.12566370614359174,
            "transform_matrix": [
                [
                    0.12164683640003204,
                    0.5350781679153442,
                    -0.8359984755516052,
                    -3.3700177669525146
                ],
                [
                    -0.9925734996795654,
                    0.06557757407426834,
                    -0.10245746374130249,
                    -0.41301923990249634
                ],
                [
                    0.0,
                    0.842253565788269,
                    0.5390816330909729,
                    2.173107624053955
                ],
                [
                    0.0,
                    0.0,
                    0.0,
                    1.0
                ]
            ]
        },
        {
            "file_path": "/data/shapenet_blender/all_50_random/02958343/d41c66c7b1ff1f57979ef391885ee5d2/r_41",
            "rotation": 0.12566370614359174,
            "transform_matrix": [
                [
                    0.01630726084113121,
                    -0.5534991025924683,
                    -0.8326900005340576,
                    -3.3566811084747314
                ],
                [
                    -0.9998670220375061,
                    -0.009027254767715931,
                    -0.01358069945126772,
                    -0.05474555492401123
                ],
                [
                    0.0,
                    0.8328007459640503,
