{
    "class": "02958343",
    "model": "7dda382210dd768680e74058ee862f05",
    "remove_doubles": true,
    "edge_split": true,
    "denoise": true,
    "camera_angle_x": 0.6911112070083618,
    "scale_factor": 2.2970816608383493,
    "hdri_file": "/data/IndoorHDRDataset2018/9C4A8325-a402b616f8.exr",
    "center_offset": [
        0.0,
        0.0,
        -1.862645149230957e-09
    ],
    "lights": [],
    "frames": [
        {
            "file_path": "/data/shapenet_blender/all_50_random/02958343/7dda382210dd768680e74058ee862f05/r_0",
            "rotation": 0.12566370614359174,
            "transform_matrix": [
                [
                    -0.48463141918182373,
                    0.359855979681015,
                    0.7972678542137146,
                    3.2138895988464355
                ],
                [
                    0.8747185468673706,
                    0.19937555491924286,
                    0.4417204260826111,
                    1.7806320190429688
                ],
                [
                    1.4901162970204496e-08,
                    0.9114564657211304,
                    -0.4113963544368744,
                    -1.6583917140960693
                ],
                [
                    0.0,
                    0.0,
                    0.0,
                    1.0
                ]
            ]
        },
        {
            "file_path": "/data/shapenet_blender/all_50_random/02958343/7dda382210dd768680e74058ee862f05/r_1",
            "rotation": 0.12566370614359174,
            "transform_matrix": [
                [
                    0.9995695352554321,
                    -0.025884125381708145,
                    -0.013811550103127956,
                    -0.05567613244056702
                ],
                [
                    -0.029338490217924118,
                    -0.8818785548210144,
                    -0.4705629050731659,
                    -1.8968994617462158
                ],
                [
                    0.0,
                    0.4707655608654022,
                    -0.882258415222168,
                    -3.556497097015381
                ],
                [
                    0.0,
                    0.0,
                    0.0,
                    1.0
                ]
            ]
        },
        {
            "file_path": "/data/shapenet_blender/all_50_random/02958343/7dda382210dd768680e74058ee862f05/r_2",
            "rotation": 0.12566370614359174,
            "transform_matrix": [
                [
                    -0.8509816527366638,
                    -0.3369758427143097,
                    0.4028368890285492,
                    1.6238874197006226
                ],
                [
                    0.5251954793930054,
                    -0.5460066795349121,
                    0.6527222990989685,
                    2.6312077045440674
                ],
                [
                    -1.4901162970204496e-08,
                    0.7670227289199829,
                    0.6416198015213013,
                    2.5864522457122803
                ],
                [
                    0.0,
                    0.0,
                    0.0,
                    1.0
                ]
            ]
        },
        {
            "file_path": "/data/shapenet_blender/all_50_random/02958343/7dda382210dd768680e74058ee862f05/r_3",
            "rotation": 0.12566370614359174,
            "transform_matrix": [
                [
                    0.8802509307861328,
                    -0.018091635778546333,
                    -0.4741634726524353,
                    -1.9114139080047607
                ],
                [
                    -0.4745084345340729,
                    -0.033561427146196365,
                    -0.8796109557151794,
                    -3.5458247661590576
                ],
                [
                    0.0,
                    0.999272882938385,
                    -0.0381271131336689,
                    -0.15369528532028198
                ],
                [
                    0.0,
                    0.0,
                    0.0,
                    1.0
                ]
            ]
        },
        {
            "file_path": "/data/shapenet_blender/all_50_random/02958343/7dda382210dd768680e74058ee862f05/r_4",
            "rotation": 0.12566370614359174,
            "transform_matrix": [
                [
                    0.94780033826828,
                    0.13193297386169434,
                    -0.29028981924057007,
                    -1.1701956987380981
                ],
                [
                    -0.3188643753528595,
                    0.3921608328819275,
                    -0.86286461353302,
                    -3.478318452835083
                ],
                [
                    0.0,
                    0.9103863835334778,
                    0.4137589633464813,
                    1.66791570186615
                ],
                [
                    0.0,
                    0.0,
                    0.0,
                    1.0
                ]
            ]
        },
        {
            "file_path": "/data/shapenet_blender/all_50_random/02958343/7dda382210dd768680e74058ee862f05/r_5",
            "rotation": 0.12566370614359174,
            "transform_matrix": [
                [
                    0.433121919631958,
                    -0.19262127578258514,
                    0.880512535572052,
                    3.54945969581604
                ],
                [
                    0.9013353586196899,
                    0.09256099164485931,
                    -0.4231158494949341,
                    -1.7056347131729126
                ],
                [
                    0.0,
                    0.9768978357315063,
                    0.21370655298233032,
                    0.8614787459373474
                ],
                [
                    0.0,
                    0.0,
                    0.0,
                    1.0
                ]
            ]
        },
        {
            "file_path": "/data/shapenet_blender/all_50_random/02958343/7dda382210dd768680e74058ee862f05/r_6",
            "rotation": 0.12566370614359174,
            "transform_matrix": [
                [
                    0.6803606152534485,
                    0.06681864708662033,
                    0.7298250794410706,
                    2.942018985748291
                ],
                [
                    0.7328774929046631,
                    -0.062030527740716934,
                    -0.6775269508361816,
                    -2.73119854927063
                ],
                [
                    0.0,
                    0.9958350658416748,
                    -0.09117300808429718,
                    -0.36753013730049133
                ],
                [
                    0.0,
                    0.0,
                    0.0,
                    1.0
                ]
            ]
        },
        {
            "file_path": "/data/shapenet_blender/all_50_random/02958343/7dda382210dd768680e74058ee862f05/r_7",
            "rotation": 0.12566370614359174,
            "transform_matrix": [
                [
                    0.013371726498007774,
                    -0.6620095372200012,
                    0.749376118183136,
                    3.020831823348999
                ],
                [
                    0.9999105930328369,
                    0.008853001520037651,
                    -0.010021348483860493,
                    -0.04039734601974487
                ],
                [
                    4.656612873077393e-10,
                    0.7494431734085083,
                    0.6620687246322632,
                    2.66888427734375
                ],
                [
                    0.0,
                    0.0,
                    0.0,
                    1.0
                ]
            ]
        },
        {
            "file_path": "/data/shapenet_blender/all_50_random/02958343/7dda382210dd768680e74058ee862f05/r_8",
            "rotation": 0.12566370614359174,
            "transform_matrix": [
                [
                    0.671890914440155,
                    -0.10229454934597015,
                    0.7335519790649414,
                    2.9570422172546387
                ],
                [
                    0.7406501770019531,
                    0.0927978977560997,
                    -0.66545170545578,
                    -2.682521343231201
                ],
                [
                    0.0,
                    0.9904161691665649,
                    0.1381145566701889,
                    0.5567575097084045
                ],
                [
                    0.0,
                    0.0,
                    0.0,
                    1.0
                ]
            ]
        },
        {
            "file_path": "/data/shapenet_blender/all_50_random/02958343/7dda382210dd768680e74058ee862f05/r_9",
            "rotation": 0.12566370614359174,
            "transform_matrix": [
                [
                    -0.852828860282898,
                    0.4536062777042389,
                    0.25869742035865784,
                    1.0428425073623657
                ],
                [
                    0.522190511226654,
                    0.7408187389373779,
                    0.42249831557273865,
                    1.7031450271606445
                ],
                [
                    -1.4901159417490817e-08,
                    0.4954080283641815,
                    -0.8686604499816895,
                    -3.5016818046569824
                ],
                [
                    0.0,
                    0.0,
                    0.0,
                    1.0
                ]
            ]
        },
        {
            "file_path": "/data/shapenet_blender/all_50_random/02958343/7dda382210dd768680e74058ee862f05/r_10",
            "rotation": 0.12566370614359174,
            "transform_matrix": [
                [
                    0.9822190403938293,
                    0.03805360943078995,
                    -0.18384189903736115,
                    -0.7410904169082642
                ],
                [
                    -0.18773898482322693,
                    0.1990901082754135,
                    -0.9618301391601562,
                    -3.8772614002227783
                ],
                [
                    -3.725290742551124e-09,
                    0.9792420268058777,
                    0.20269423723220825,
                    0.8170865774154663
                ],
                [
                    0.0,
                    0.0,
                    0.0,
                    1.0
                ]
            ]
        },
        {
            "file_path": "/data/shapenet_blender/all_50_random/02958343/7dda382210dd768680e74058ee862f05/r_11",
            "rotation": 0.12566370614359174,
            "transform_matrix": [
                [
                    0.7486135363578796,
                    0.24783124029636383,
                    0.6149449944496155,
                    2.4789228439331055
                ],
                [
                    0.6630066633224487,
                    -0.2798309922218323,
                    -0.6943462491035461,
                    -2.798999547958374
                ],
                [
                    -1.4901162970204496e-08,
                    0.9275096654891968,
                    -0.37379899621009827,
                    -1.5068321228027344
                ],
                [
                    0.0,
                    0.0,
                    0.0,
                    1.0
                ]
            ]
        },
        {
            "file_path": "/data/shapenet_blender/all_50_random/02958343/7dda382210dd768680e74058ee862f05/r_12",
            "rotation": 0.12566370614359174,
            "transform_matrix": [
                [
                    0.9934519529342651,
                    0.0007920057396404445,
                    -0.1142485961318016,
                    -0.4605507552623749
                ],
                [
                    -0.11425133794546127,
                    0.006886743474751711,
                    -0.993428111076355,
                    -4.004636287689209
                ],
                [
                    0.0,
                    0.9999760389328003,
                    0.006932136602699757,
                    0.027944333851337433
                ],
                [
                    0.0,
                    0.0,
                    0.0,
                    1.0
                ]
            ]
        },
        {
            "file_path": "/data/shapenet_blender/all_50_random/02958343/7dda382210dd768680e74058ee862f05/r_13",
            "rotation": 0.12566370614359174,
            "transform_matrix": [
                [
                    -0.8513143062591553,
                    -0.2667679488658905,
                    -0.4517729878425598,
                    -1.8211551904678345
                ],
                [
                    -0.5246560573577881,
                    0.43286141753196716,
                    0.7330531477928162,
                    2.9550318717956543
                ],
                [
                    0.0,
                    0.8610841631889343,
                    -0.5084624886512756,
                    -2.049677848815918
                ],
                [
                    0.0,
                    0.0,
                    0.0,
                    1.0
                ]
            ]
        },
        {
            "file_path": "/data/shapenet_blender/all_50_random/02958343/7dda382210dd768680e74058ee862f05/r_14",
            "rotation": 0.12566370614359174,
            "transform_matrix": [
                [
                    0.7352696657180786,
                    -0.3071437478065491,
                    -0.6041863560676575,
                    -2.4355533123016357
                ],
                [
                    -0.6777747273445129,
                    -0.3331984281539917,
                    -0.6554388999938965,
                    -2.6421589851379395
                ],
                [
                    1.4901162970204496e-08,
                    0.8914266228675842,
                    -0.4531649649143219,
                    -1.8267664909362793
                ],
                [
                    0.0,
                    0.0,
                    0.0,
                    1.0
                ]
            ]
        },
        {
            "file_path": "/data/shapenet_blender/all_50_random/02958343/7dda382210dd768680e74058ee862f05/r_15",
            "rotation": 0.12566370614359174,
            "transform_matrix": [
                [
                    -0.8850290179252625,
                    0.15907157957553864,
                    0.4375154972076416,
                    1.7636815309524536
                ],
                [
                    0.46553581953048706,
                    0.3024106025695801,
                    0.8317596316337585,
                    3.3529305458068848
                ],
                [
                    0.0,
                    0.939810574054718,
                    -0.3416956961154938,
                    -1.3774194717407227
                ],
                [
                    0.0,
                    0.0,
                    0.0,
                    1.0
                ]
            ]
        },
        {
            "file_path": "/data/shapenet_blender/all_50_random/02958343/7dda382210dd768680e74058ee862f05/r_16",
            "rotation": 0.12566370614359174,
            "transform_matrix": [
                [
                    0.1561761498451233,
                    -0.06814941018819809,
                    0.9853752851486206,
                    3.972175121307373
                ],
                [
                    0.9877292513847351,
                    0.01077553816139698,
                    -0.15580394864082336,
                    -0.6280658841133118
                ],
                [
                    -1.862645371275562e-09,
                    0.9976168274879456,
                    0.06899604946374893,
                    0.27813199162483215
                ],
                [
                    0.0,
                    0.0,
                    0.0,
                    1.0
                ]
            ]
        },
        {
            "file_path": "/data/shapenet_blender/all_50_random/02958343/7dda382210dd768680e74058ee862f05/r_17",
            "rotation": 0.12566370614359174,
            "transform_matrix": [
                [
                    -0.5375083684921265,
                    -0.15263637900352478,
                    0.829329252243042,
                    3.343132734298706
                ],
                [
                    0.8432583808898926,
                    -0.09729322791099548,
                    0.5286296606063843,
                    2.130974054336548
                ],
                [
                    0.0,
                    0.9834816455841064,
                    0.18100784718990326,
                    0.7296658754348755
                ],
                [
                    0.0,
                    0.0,
                    0.0,
                    1.0
                ]
            ]
        },
        {
            "file_path": "/data/shapenet_blender/all_50_random/02958343/7dda382210dd768680e74058ee862f05/r_18",
            "rotation": 0.12566370614359174,
            "transform_matrix": [
                [
                    0.5208233594894409,
                    0.1416722983121872,
                    -0.8418265581130981,
                    -3.3935115337371826
                ],
                [
                    -0.8536645174026489,
                    0.08643469959497452,
                    -0.5136009454727173,
                    -2.070391893386841
                ],
                [
                    0.0,
                    0.986132800579071,
                    0.16595780849456787,
                    0.6689974069595337
                ],
                [
                    0.0,
                    0.0,
                    0.0,
                    1.0
                ]
            ]
        },
        {
            "file_path": "/data/shapenet_blender/all_50_random/02958343/7dda382210dd768680e74058ee862f05/r_19",
            "rotation": 0.12566370614359174,
            "transform_matrix": [
                [
                    -0.9655498266220093,
                    -0.2126913070678711,
                    -0.14992007613182068,
                    -0.6043471693992615
                ],
                [
                    -0.26021844148635864,
                    0.789198637008667,
                    0.5562837719917297,
                    2.2424516677856445
                ],
                [
                    0.0,
                    0.5761316418647766,
                    -0.8173568844795227,
                    -3.2948708534240723
                ],
                [
                    0.0,
                    0.0,
                    0.0,
                    1.0
                ]
            ]
        },
        {
            "file_path": "/data/shapenet_blender/all_50_random/02958343/7dda382210dd768680e74058ee862f05/r_20",
            "rotation": 0.12566370614359174,
            "transform_matrix": [
                [
                    0.17944523692131042,
                    -0.01498451642692089,
                    -0.9836537837982178,
                    -3.965235471725464
                ],
                [
                    -0.9837679862976074,
                    -0.002733266446739435,
                    -0.17942440509796143,
                    -0.7232829928398132
                ],
                [
                    0.0,
                    0.9998839497566223,
                    -0.015231759287416935,
                    -0.061401188373565674
                ],
                [
                    0.0,
                    0.0,
                    0.0,
                    1.0
                ]
            ]
        },
        {
            "file_path": "/data/shapenet_blender/all_50_random/02958343/7dda382210dd768680e74058ee862f05/r_21",
            "rotation": 0.12566370614359174,
            "transform_matrix": [
                [
                    0.004938921425491571,
                    0.19541262090206146,
                    -0.9807085990905762,
                    -3.9533629417419434
                ],
                [
                    -0.9999878406524658,
                    0.0009651393047533929,
                    -0.004843701608479023,
                    -0.019525587558746338
                ],
                [
                    -5.820766785236131e-11,
                    0.980720579624176,
                    0.19541499018669128,
                    0.787743091583252
                ],
                [
                    0.0,
                    0.0,
                    0.0,
                    1.0
                ]
            ]
        },
        {
            "file_path": "/data/shapenet_blender/all_50_random/02958343/7dda382210dd768680e74058ee862f05/r_22",
            "rotation": 0.12566370614359174,
            "transform_matrix": [
                [
                    -0.1189224123954773,
                    -0.41661199927330017,
                    -0.9012723565101624,
                    -3.6331450939178467
                ],
                [
                    -0.9929035902023315,
                    0.049898602068424225,
                    0.10794752091169357,
                    0.4351503849029541
                ],
                [
                    -3.725290742551124e-09,
                    0.9077138304710388,
                    -0.4195895791053772,
                    -1.6914197206497192
                ],
                [
                    0.0,
                    0.0,
                    0.0,
                    1.0
                ]
            ]
        },
        {
            "file_path": "/data/shapenet_blender/all_50_random/02958343/7dda382210dd768680e74058ee862f05/r_23",
            "rotation": 0.12566370614359174,
            "transform_matrix": [
                [
                    -0.9037663340568542,
                    0.2043488770723343,
                    0.37609541416168213,
                    1.5160892009735107
                ],
                [
                    0.4280259311199188,
                    0.4314776659011841,
                    0.7941163182258606,
                    3.201185464859009
                ],
                [
                    1.4901158529312397e-08,
                    0.878674328327179,
                    -0.4774216115474701,
                    -1.9245481491088867
                ],
                [
                    0.0,
                    0.0,
                    0.0,
                    1.0
                ]
            ]
        },
        {
            "file_path": "/data/shapenet_blender/all_50_random/02958343/7dda382210dd768680e74058ee862f05/r_24",
            "rotation": 0.12566370614359174,
            "transform_matrix": [
                [
                    -0.7849059700965881,
                    -0.23042024672031403,
                    0.5751774907112122,
                    2.3186147212982178
                ],
                [
                    0.6196148991584778,
                    -0.2918880581855774,
                    0.7286141514778137,
                    2.9371376037597656
                ],
                [
                    0.0,
                    0.9282820820808411,
                    0.3718765377998352,
                    1.499082326889038
                ],
                [
                    0.0,
                    0.0,
                    0.0,
                    1.0
                ]
            ]
        },
        {
            "file_path": "/data/shapenet_blender/all_50_random/02958343/7dda382210dd768680e74058ee862f05/r_25",
            "rotation": 0.12566370614359174,
            "transform_matrix": [
                [
                    -0.965019941329956,
                    0.22914738953113556,
                    0.12738902866840363,
                    0.5135216116905212
                ],
                [
                    0.2621764540672302,
                    0.8434464335441589,
                    0.4688939154148102,
                    1.8901718854904175
                ],
                [
                    -7.450580596923828e-09,
                    0.48589035868644714,
                    -0.8740197420120239,
                    -3.5232863426208496
                ],
                [
                    0.0,
                    0.0,
                    0.0,
                    1.0
                ]
            ]
        },
        {
            "file_path": "/data/shapenet_blender/all_50_random/02958343/7dda382210dd768680e74058ee862f05/r_26",
            "rotation": 0.12566370614359174,
            "transform_matrix": [
                [
                    -0.5287747979164124,
                    -0.7411127090454102,
                    -0.41370174288749695,
                    -1.6676850318908691
                ],
                [
                    -0.8487621545791626,
                    0.46170973777770996,
                    0.2577342391014099,
                    1.0389599800109863
                ],
                [
                    0.0,
                    0.48741772770881653,
                    -0.8731688261032104,
                    -3.5198562145233154
                ],
                [
                    0.0,
                    0.0,
                    0.0,
                    1.0
                ]
            ]
        },
        {
            "file_path": "/data/shapenet_blender/all_50_random/02958343/7dda382210dd768680e74058ee862f05/r_27",
            "rotation": 0.12566370614359174,
            "transform_matrix": [
                [
                    -0.5887912511825562,
                    0.37240952253341675,
                    0.7173814177513123,
                    2.8918569087982178
                ],
                [
                    0.808285117149353,
                    0.27127984166145325,
                    0.5225728750228882,
                    2.1065585613250732
                ],
                [
                    0.0,
                    0.887535035610199,
                    -0.46074026823043823,
                    -1.8573033809661865
                ],
                [
                    0.0,
                    0.0,
                    0.0,
                    1.0
                ]
            ]
        },
        {
            "file_path": "/data/shapenet_blender/all_50_random/02958343/7dda382210dd768680e74058ee862f05/r_28",
            "rotation": 0.12566370614359174,
            "transform_matrix": [
                [
                    -0.6713307499885559,
                    -0.3905702233314514,
                    0.6298966407775879,
                    2.5391948223114014
                ],
                [
                    0.7411578893661499,
                    -0.35377320647239685,
                    0.5705518126487732,
                    2.2999682426452637
                ],
                [
                    0.0,
                    0.8498818874359131,
                    0.5269730091094971,
                    2.1242964267730713
                ],
                [
                    0.0,
                    0.0,
                    0.0,
                    1.0
                ]
            ]
        },
        {
            "file_path": "/data/shapenet_blender/all_50_random/02958343/7dda382210dd768680e74058ee862f05/r_29",
            "rotation": 0.12566370614359174,
            "transform_matrix": [
                [
                    -0.9988425970077515,
                    -0.025427427142858505,
                    -0.040827929973602295,
                    -0.16458265483379364
                ],
                [
                    -0.04809859022498131,
                    0.5280404090881348,
                    0.8478559851646423,
                    3.4178168773651123
                ],
                [
                    0.0,
                    0.8488383889198303,
                    -0.5286523103713989,
                    -2.131065607070923
                ],
                [
                    0.0,
                    0.0,
                    0.0,
                    1.0
                ]
            ]
        },
        {
            "file_path": "/data/shapenet_blender/all_50_random/02958343/7dda382210dd768680e74058ee862f05/r_30",
            "rotation": 0.12566370614359174,
            "transform_matrix": [
                [
                    -0.7758185267448425,
                    -0.5289913415908813,
                    0.3439095914363861,
                    1.3863439559936523
                ],
                [
                    0.6309561729431152,
                    -0.6504433751106262,
                    0.42286840081214905,
                    1.704637050628662
                ],
                [
                    -1.4901162970204496e-08,
                    0.5450610518455505,
                    0.8383963108062744,
                    3.37968373298645
                ],
                [
                    0.0,
                    0.0,
                    0.0,
                    1.0
                ]
            ]
        },
        {
            "file_path": "/data/shapenet_blender/all_50_random/02958343/7dda382210dd768680e74058ee862f05/r_31",
            "rotation": 0.12566370614359174,
            "transform_matrix": [
                [
                    0.6083460450172424,
                    0.23053480684757233,
                    -0.7594529986381531,
                    -3.061452865600586
                ],
                [
                    -0.7936719655990601,
                    0.17670390009880066,
                    -0.5821173191070557,
                    -2.346590042114258
                ],
                [
                    0.0,
                    0.9568853378295898,
                    0.2904660999774933,
                    1.1709063053131104
                ],
                [
                    0.0,
                    0.0,
                    0.0,
                    1.0
                ]
            ]
        },
        {
            "file_path": "/data/shapenet_blender/all_50_random/02958343/7dda382210dd768680e74058ee862f05/r_32",
            "rotation": 0.12566370614359174,
            "transform_matrix": [
                [
                    -0.6714890599250793,
                    -0.3652665913105011,
                    -0.6447345614433289,
                    -2.599008321762085
                ],
                [
                    -0.7410144805908203,
                    0.3309955894947052,
                    0.584242582321167,
                    2.3551573753356934
                ],
                [
                    0.0,
                    0.870070219039917,
                    -0.4929277300834656,
                    -1.9870553016662598
                ],
                [
                    0.0,
                    0.0,
                    0.0,
                    1.0
                ]
            ]
        },
        {
            "file_path": "/data/shapenet_blender/all_50_random/02958343/7dda382210dd768680e74058ee862f05/r_33",
            "rotation": 0.12566370614359174,
            "transform_matrix": [
                [
                    0.44373780488967896,
                    0.12183870375156403,
                    -0.8878356218338013,
                    -3.578979969024658
                ],
                [
                    -0.8961567878723145,
                    0.060329217463731766,
                    -0.4396175146102905,
                    -1.7721549272537231
                ],
                [
                    0.0,
                    0.9907147288322449,
                    0.13595691323280334,
                    0.5480598211288452
                ],
                [
                    0.0,
                    0.0,
                    0.0,
                    1.0
                ]
            ]
        },
        {
            "file_path": "/data/shapenet_blender/all_50_random/02958343/7dda382210dd768680e74058ee862f05/r_34",
            "rotation": 0.12566370614359174,
            "transform_matrix": [
                [
                    -0.8474894762039185,
                    0.0546703040599823,
                    -0.527989387512207,
                    -2.1283929347991943
                ],
                [
                    -0.53081214427948,
                    -0.08728606253862381,
                    0.8429825901985168,
                    3.3981711864471436
                ],
                [
                    0.0,
                    0.9946820139884949,
                    0.1029936894774437,
                    0.4151808023452759
                ],
                [
                    0.0,
                    0.0,
                    0.0,
                    1.0
                ]
            ]
        },
        {
            "file_path": "/data/shapenet_blender/all_50_random/02958343/7dda382210dd768680e74058ee862f05/r_35",
            "rotation": 0.12566370614359174,
            "transform_matrix": [
                [
                    -0.6133425235748291,
                    0.6200759410858154,
                    -0.489200234413147,
                    -1.972029209136963
                ],
                [
                    -0.7898170948028564,
                    -0.4815278649330139,
                    0.3798947036266327,
                    1.5314044952392578
                ],
                [
                    1.4901161193847656e-08,
                    0.619384229183197,
                    0.7850880026817322,
                    3.1647908687591553
                ],
                [
                    0.0,
                    0.0,
                    0.0,
                    1.0
                ]
            ]
        },
        {
            "file_path": "/data/shapenet_blender/all_50_random/02958343/7dda382210dd768680e74058ee862f05/r_36",
            "rotation": 0.12566370614359174,
            "transform_matrix": [
                [
                    -0.6528601050376892,
                    -0.6217912435531616,
                    0.4326072931289673,
                    1.7438960075378418
                ],
                [
                    0.7574783563613892,
                    -0.5359132885932922,
                    0.37285828590393066,
                    1.5030399560928345
                ],
                [
                    0.0,
                    0.5711150169372559,
                    0.8208698630332947,
                    3.309032678604126
                ],
                [
                    0.0,
                    0.0,
                    0.0,
                    1.0
                ]
            ]
        },
        {
            "file_path": "/data/shapenet_blender/all_50_random/02958343/7dda382210dd768680e74058ee862f05/r_37",
            "rotation": 0.12566370614359174,
            "transform_matrix": [
                [
                    0.9665580987930298,
                    0.02099587395787239,
                    -0.2555868327617645,
                    -1.0303034782409668
                ],
                [
                    -0.25644776225090027,
                    0.07913397997617722,
                    -0.9633132219314575,
                    -3.88323974609375
                ],
                [
                    0.0,
                    0.9966428279876709,
                    0.08187194168567657,
                    0.33003634214401245
                ],
                [
                    0.0,
                    0.0,
                    0.0,
                    1.0
                ]
            ]
        },
        {
            "file_path": "/data/shapenet_blender/all_50_random/02958343/7dda382210dd768680e74058ee862f05/r_38",
            "rotation": 0.12566370614359174,
            "transform_matrix": [
                [
                    -0.8853245377540588,
                    -0.06129102036356926,
                    0.46091631054878235,
                    1.8580127954483032
                ],
                [
                    0.464973509311676,
                    -0.11670006811618805,
                    0.8775994777679443,
                    3.5377161502838135
                ],
                [
                    -3.7252896323280993e-09,
                    0.9912741780281067,
                    0.13181614875793457,
                    0.531367838382721
                ],
                [
                    0.0,
                    0.0,
                    0.0,
                    1.0
                ]
            ]
        },
        {
            "file_path": "/data/shapenet_blender/all_50_random/02958343/7dda382210dd768680e74058ee862f05/r_39",
            "rotation": 0.12566370614359174,
            "transform_matrix": [
                [
                    0.5210965275764465,
                    -0.6384753584861755,
                    -0.5663988590240479,
                    -2.283226728439331
                ],
                [
                    -0.8534978628158569,
                    -0.38981619477272034,
                    -0.3458104431629181,
                    -1.3940064907073975
                ],
                [
                    0.0,
                    0.6636207103729248,
                    -0.748069167137146,
                    -3.0155632495880127
                ],
                [
                    0.0,
                    0.0,
                    0.0,
                    1.0
                ]
            ]
        },
        {
            "file_path": "/data/shapenet_blender/all_50_random/02958343/7dda382210dd768680e74058ee862f05/r_40",
            "rotation": 0.12566370614359174,
            "transform_matrix": [
                [
                    -0.9479624032974243,
                    0.170435830950737,
                    -0.26892203092575073,
                    -1.0840593576431274
                ],
                [
                    -0.3183825612068176,
                    -0.5074610710144043,
                    0.8006970882415771,
                    3.227713108062744
                ],
                [
                    1.4901162970204496e-08,
                    0.8446506857872009,
                    0.5353178381919861,
                    2.15793514251709
                ],
                [
                    0.0,
                    0.0,
                    0.0,
                    1.0
                ]
            ]
        },
        {
            "file_path": "/data/shapenet_blender/all_50_random/02958343/7dda382210dd768680e74058ee862f05/r_41",
            "rotation": 0.12566370614359174,
            "transform_matrix": [
                [
                    -0.6606352925300598,
                    0.22507373988628387,
                    -0.7161723971366882,
                    -2.8869829177856445
                ],
                [
                    -0.7507069706916809,
                    -0.19806884229183197,
                    0.630244255065918,
                    2.540595531463623
                ],
                [
                    -1.4901158529312397e-08,
                    0.9539971351623535,
