{
    "class": "02958343",
    "model": "7272b7e028737097f200a72c9245aee7",
    "remove_doubles": true,
    "edge_split": true,
    "denoise": true,
    "camera_angle_x": 0.6911112070083618,
    "scale_factor": 2.2329354064836413,
    "hdri_file": "/data/IndoorHDRDataset2018/9C4A8630-e302d58e90.exr",
    "center_offset": [
        0.0,
        -1.862645149230957e-09,
        -1.862645149230957e-09
    ],
    "lights": [],
    "frames": [
        {
            "file_path": "/data/shapenet_blender/all_50_random/02958343/7272b7e028737097f200a72c9245aee7/r_0",
            "rotation": 0.12566370614359174,
            "transform_matrix": [
                [
                    -0.6134243011474609,
                    0.6468826532363892,
                    0.4530491530895233,
                    1.8262995481491089
                ],
                [
                    0.7897534370422363,
                    0.5024524331092834,
                    0.35189634561538696,
                    1.4185395240783691
                ],
                [
                    -1.4901159417490817e-08,
                    0.5736588835716248,
                    -0.8190943002700806,
                    -3.3018746376037598
                ],
                [
                    0.0,
                    0.0,
                    0.0,
                    1.0
                ]
            ]
        },
        {
            "file_path": "/data/shapenet_blender/all_50_random/02958343/7272b7e028737097f200a72c9245aee7/r_1",
            "rotation": 0.12566370614359174,
            "transform_matrix": [
                [
                    -0.024681657552719116,
                    0.14407506585121155,
                    0.9892588257789612,
                    3.98783016204834
                ],
                [
                    0.999695360660553,
                    0.003557094605639577,
                    0.024423986673355103,
                    0.0984562486410141
                ],
                [
                    4.656613428188905e-10,
                    0.9895603060722351,
                    -0.14411894977092743,
                    -0.5809621214866638
                ],
                [
                    0.0,
                    0.0,
                    0.0,
                    1.0
                ]
            ]
        },
        {
            "file_path": "/data/shapenet_blender/all_50_random/02958343/7272b7e028737097f200a72c9245aee7/r_2",
            "rotation": 0.12566370614359174,
            "transform_matrix": [
                [
                    0.9783048629760742,
                    0.011585977859795094,
                    0.20684652030467987,
                    0.8338249921798706
                ],
                [
                    0.2071707546710968,
                    -0.0547114759683609,
                    -0.976773738861084,
                    -3.9375009536743164
                ],
                [
                    0.0,
                    0.9984350204467773,
                    -0.05592477321624756,
                    -0.22543996572494507
                ],
                [
                    0.0,
                    0.0,
                    0.0,
                    1.0
                ]
            ]
        },
        {
            "file_path": "/data/shapenet_blender/all_50_random/02958343/7272b7e028737097f200a72c9245aee7/r_3",
            "rotation": 0.12566370614359174,
            "transform_matrix": [
                [
                    0.9894776344299316,
                    -0.08713915944099426,
                    0.11550280451774597,
                    0.465606689453125
                ],
                [
                    0.14468631148338318,
                    0.5959253311157227,
                    -0.7898980379104614,
                    -3.184180736541748
                ],
                [
                    0.0,
                    0.7982980012893677,
                    0.6022626161575317,
                    2.427798271179199
                ],
                [
                    0.0,
                    0.0,
                    0.0,
                    1.0
                ]
            ]
        },
        {
            "file_path": "/data/shapenet_blender/all_50_random/02958343/7272b7e028737097f200a72c9245aee7/r_4",
            "rotation": 0.12566370614359174,
            "transform_matrix": [
                [
                    -0.4084285795688629,
                    0.2740209400653839,
                    -0.8706884980201721,
                    -3.5098578929901123
                ],
                [
                    -0.9127902984619141,
                    -0.12261085212230682,
                    0.3895901143550873,
                    1.5704880952835083
                ],
                [
                    -7.450580596923828e-09,
                    0.9538757801055908,
                    0.300201416015625,
                    1.2101507186889648
                ],
                [
                    0.0,
                    0.0,
                    0.0,
                    1.0
                ]
            ]
        },
        {
            "file_path": "/data/shapenet_blender/all_50_random/02958343/7272b7e028737097f200a72c9245aee7/r_5",
            "rotation": 0.12566370614359174,
            "transform_matrix": [
                [
                    -0.2708508372306824,
                    -0.37325114011764526,
                    0.8873124122619629,
                    3.576870918273926
                ],
                [
                    0.9626213312149048,
                    -0.1050209254026413,
                    0.24966132640838623,
                    1.0064170360565186
                ],
                [
                    0.0,
                    0.9217668771743774,
                    0.3877444863319397,
                    1.5630481243133545
                ],
                [
                    0.0,
                    0.0,
                    0.0,
                    1.0
                ]
            ]
        },
        {
            "file_path": "/data/shapenet_blender/all_50_random/02958343/7272b7e028737097f200a72c9245aee7/r_6",
            "rotation": 0.12566370614359174,
            "transform_matrix": [
                [
                    -0.3434049189090729,
                    0.4578286409378052,
                    0.8200401663780212,
                    3.30568790435791
                ],
                [
                    0.9391874670982361,
                    0.16740065813064575,
                    0.2998398542404175,
                    1.208693265914917
                ],
                [
                    1.4901161193847656e-08,
                    0.8731380105018616,
                    -0.4874730706214905,
                    -1.965066909790039
                ],
                [
                    0.0,
                    0.0,
                    0.0,
                    1.0
                ]
            ]
        },
        {
            "file_path": "/data/shapenet_blender/all_50_random/02958343/7272b7e028737097f200a72c9245aee7/r_7",
            "rotation": 0.12566370614359174,
            "transform_matrix": [
                [
                    -0.900248646736145,
                    0.40899762511253357,
                    -0.1492425799369812,
                    -0.6016161441802979
                ],
                [
                    -0.4353761672973633,
                    -0.8457043766975403,
                    0.3085961937904358,
                    1.2439911365509033
                ],
                [
                    0.0,
                    0.34279006719589233,
                    0.9394119381904602,
                    3.786890983581543
                ],
                [
                    0.0,
                    0.0,
                    0.0,
                    1.0
                ]
            ]
        },
        {
            "file_path": "/data/shapenet_blender/all_50_random/02958343/7272b7e028737097f200a72c9245aee7/r_8",
            "rotation": 0.12566370614359174,
            "transform_matrix": [
                [
                    -0.741223931312561,
                    0.5421843528747559,
                    -0.3957566022872925,
                    -1.5953459739685059
                ],
                [
                    -0.6712579131126404,
                    -0.5986968278884888,
                    0.43700677156448364,
                    1.7616307735443115
                ],
                [
                    1.4901162970204496e-08,
                    0.5895746350288391,
                    0.8077138066291809,
                    3.2559988498687744
                ],
                [
                    0.0,
                    0.0,
                    0.0,
                    1.0
                ]
            ]
        },
        {
            "file_path": "/data/shapenet_blender/all_50_random/02958343/7272b7e028737097f200a72c9245aee7/r_9",
            "rotation": 0.12566370614359174,
            "transform_matrix": [
                [
                    0.6206058263778687,
                    0.6891369819641113,
                    -0.37408357858657837,
                    -1.507979154586792
                ],
                [
                    -0.78412264585495,
                    0.5454279780387878,
                    -0.29607418179512024,
                    -1.1935131549835205
                ],
                [
                    -1.4901160305669237e-08,
                    0.47707274556159973,
                    0.8788637518882751,
                    3.5428130626678467
                ],
                [
                    0.0,
                    0.0,
                    0.0,
                    1.0
                ]
            ]
        },
        {
            "file_path": "/data/shapenet_blender/all_50_random/02958343/7272b7e028737097f200a72c9245aee7/r_10",
            "rotation": 0.12566370614359174,
            "transform_matrix": [
                [
                    0.3897770047187805,
                    -0.2184138298034668,
                    0.8946335315704346,
                    3.6063833236694336
                ],
                [
                    0.9209093451499939,
                    0.09244416654109955,
                    -0.37865570187568665,
                    -1.5264101028442383
                ],
                [
                    -7.450581485102248e-09,
                    0.9714676737785339,
                    0.23717191815376282,
                    0.9560706615447998
                ],
                [
                    0.0,
                    0.0,
                    0.0,
                    1.0
                ]
            ]
        },
        {
            "file_path": "/data/shapenet_blender/all_50_random/02958343/7272b7e028737097f200a72c9245aee7/r_11",
            "rotation": 0.12566370614359174,
            "transform_matrix": [
                [
                    -0.9736652970314026,
                    -0.009028705768287182,
                    0.2278037667274475,
                    0.9183064103126526
                ],
                [
                    0.22798265516757965,
                    -0.038559675216674805,
                    0.9729012846946716,
                    3.9218907356262207
                ],
                [
                    0.0,
                    0.9992154240608215,
                    0.039602600038051605,
                    0.15964320302009583
                ],
                [
                    0.0,
                    0.0,
                    0.0,
                    1.0
                ]
            ]
        },
        {
            "file_path": "/data/shapenet_blender/all_50_random/02958343/7272b7e028737097f200a72c9245aee7/r_12",
            "rotation": 0.12566370614359174,
            "transform_matrix": [
                [
                    -0.604486346244812,
                    -0.0007522578816860914,
                    -0.7966151833534241,
                    -3.2112584114074707
                ],
                [
                    -0.7966155409812927,
                    0.000570826989132911,
                    0.6044860482215881,
                    2.4367611408233643
                ],
                [
                    5.820766091346741e-11,
                    0.9999995827674866,
                    -0.0009443173767067492,
                    -0.003806665074080229
                ],
                [
                    0.0,
                    0.0,
                    0.0,
                    1.0
                ]
            ]
        },
        {
            "file_path": "/data/shapenet_blender/all_50_random/02958343/7272b7e028737097f200a72c9245aee7/r_13",
            "rotation": 0.12566370614359174,
            "transform_matrix": [
                [
                    0.8247421979904175,
                    -0.17681580781936646,
                    0.5371559858322144,
                    2.1653451919555664
                ],
                [
                    0.565509021282196,
                    0.2578693628311157,
                    -0.7833918929100037,
                    -3.157953977584839
                ],
                [
                    0.0,
                    0.9498628973960876,
                    0.3126666247844696,
                    1.260399580001831
                ],
                [
                    0.0,
                    0.0,
                    0.0,
                    1.0
                ]
            ]
        },
        {
            "file_path": "/data/shapenet_blender/all_50_random/02958343/7272b7e028737097f200a72c9245aee7/r_14",
            "rotation": 0.12566370614359174,
            "transform_matrix": [
                [
                    0.16003510355949402,
                    -0.35702377557754517,
                    0.9202840924263,
                    3.7097837924957275
                ],
                [
                    0.9871113300323486,
                    0.05788236856460571,
                    -0.14920076727867126,
                    -0.6014475226402283
                ],
                [
                    -3.725290298461914e-09,
                    0.9323000907897949,
                    0.36168545484542847,
                    1.458000659942627
                ],
                [
                    0.0,
                    0.0,
                    0.0,
                    1.0
                ]
            ]
        },
        {
            "file_path": "/data/shapenet_blender/all_50_random/02958343/7272b7e028737097f200a72c9245aee7/r_15",
            "rotation": 0.12566370614359174,
            "transform_matrix": [
                [
                    -0.9905688762664795,
                    0.03047635592520237,
                    -0.13358336687088013,
                    -0.5384917855262756
                ],
                [
                    -0.13701578974723816,
                    -0.22033174335956573,
                    0.9657538533210754,
                    3.893078327178955
                ],
                [
                    1.862645149230957e-09,
                    0.9749488234519958,
                    0.22242948412895203,
                    0.8966419100761414
                ],
                [
                    0.0,
                    0.0,
                    0.0,
                    1.0
                ]
            ]
        },
        {
            "file_path": "/data/shapenet_blender/all_50_random/02958343/7272b7e028737097f200a72c9245aee7/r_16",
            "rotation": 0.12566370614359174,
            "transform_matrix": [
                [
                    0.8456965684890747,
                    -0.0689709261059761,
                    0.5291882753372192,
                    2.1332263946533203
                ],
                [
                    0.5336640477180481,
                    0.10929812490940094,
                    -0.8386039137840271,
                    -3.380520820617676
                ],
                [
                    3.725290298461914e-09,
                    0.9916132688522339,
                    0.12924033403396606,
                    0.5209845304489136
                ],
                [
                    0.0,
                    0.0,
                    0.0,
                    1.0
                ]
            ]
        },
        {
            "file_path": "/data/shapenet_blender/all_50_random/02958343/7272b7e028737097f200a72c9245aee7/r_17",
            "rotation": 0.12566370614359174,
            "transform_matrix": [
                [
                    -0.2036653459072113,
                    0.43113547563552856,
                    0.8790009021759033,
                    3.543365955352783
                ],
                [
                    0.9790405631065369,
                    0.08968714624643326,
                    0.1828545480966568,
                    0.7371102571487427
                ],
                [
                    -7.450580596923828e-09,
                    0.8978186249732971,
                    -0.4403653144836426,
                    -1.7751693725585938
                ],
                [
                    0.0,
                    0.0,
                    0.0,
                    1.0
                ]
            ]
        },
        {
            "file_path": "/data/shapenet_blender/all_50_random/02958343/7272b7e028737097f200a72c9245aee7/r_18",
            "rotation": 0.12566370614359174,
            "transform_matrix": [
                [
                    -0.21728943288326263,
                    0.247567281126976,
                    -0.944190502166748,
                    -3.8061537742614746
                ],
                [
                    -0.9761072397232056,
                    -0.055110495537519455,
                    0.2101845145225525,
                    0.8472808599472046
                ],
                [
                    3.725290298461914e-09,
                    0.9673020839691162,
                    0.25362712144851685,
                    1.022403597831726
                ],
                [
                    0.0,
                    0.0,
                    0.0,
                    1.0
                ]
            ]
        },
        {
            "file_path": "/data/shapenet_blender/all_50_random/02958343/7272b7e028737097f200a72c9245aee7/r_19",
            "rotation": 0.12566370614359174,
            "transform_matrix": [
                [
                    0.8790702223777771,
                    -0.41390788555145264,
                    -0.23646505177021027,
                    -0.9532212018966675
                ],
                [
                    -0.47669216990470886,
                    -0.7632894515991211,
                    -0.43606629967689514,
                    -1.757839560508728
                ],
                [
                    0.0,
                    0.4960539937019348,
                    -0.8682916164398193,
                    -3.5001957416534424
                ],
                [
                    0.0,
                    0.0,
                    0.0,
                    1.0
                ]
            ]
        },
        {
            "file_path": "/data/shapenet_blender/all_50_random/02958343/7272b7e028737097f200a72c9245aee7/r_20",
            "rotation": 0.12566370614359174,
            "transform_matrix": [
                [
                    -0.8509123921394348,
                    -0.2039082646369934,
                    0.4841170907020569,
                    1.9515385627746582
                ],
                [
                    0.5253074169158936,
                    -0.33029815554618835,
                    0.7841907143592834,
                    3.1611740589141846
                ],
                [
                    1.4901160305669237e-08,
                    0.9215880632400513,
                    0.3881693184375763,
                    1.564760684967041
                ],
                [
                    0.0,
                    0.0,
                    0.0,
                    1.0
                ]
            ]
        },
        {
            "file_path": "/data/shapenet_blender/all_50_random/02958343/7272b7e028737097f200a72c9245aee7/r_21",
            "rotation": 0.12566370614359174,
            "transform_matrix": [
                [
                    -0.8344215154647827,
                    -0.0030373074114322662,
                    -0.5511183738708496,
                    -2.2216291427612305
                ],
                [
                    -0.5511267185211182,
                    0.004598569590598345,
                    0.8344088792800903,
                    3.363609790802002
                ],
                [
                    0.0,
                    0.999984860420227,
                    -0.0055110864341259,
                    -0.02221589908003807
                ],
                [
                    0.0,
                    0.0,
                    0.0,
                    1.0
                ]
            ]
        },
        {
            "file_path": "/data/shapenet_blender/all_50_random/02958343/7272b7e028737097f200a72c9245aee7/r_22",
            "rotation": 0.12566370614359174,
            "transform_matrix": [
                [
                    -0.5313787460327148,
                    0.6106454730033875,
                    0.5871531367301941,
                    2.3668899536132812
                ],
                [
                    0.8471344709396362,
                    0.3830372095108032,
                    0.36830127239227295,
                    1.4846699237823486
                ],
                [
                    0.0,
                    0.6931050419807434,
                    -0.7208365797996521,
                    -2.905785083770752
                ],
                [
                    0.0,
                    0.0,
                    0.0,
                    1.0
                ]
            ]
        },
        {
            "file_path": "/data/shapenet_blender/all_50_random/02958343/7272b7e028737097f200a72c9245aee7/r_23",
            "rotation": 0.12566370614359174,
            "transform_matrix": [
                [
                    0.9992720484733582,
                    0.025167686864733696,
                    -0.028670743107795715,
                    -0.11557546257972717
                ],
                [
                    -0.03815002366900444,
                    0.6592227816581726,
                    -0.7509791851043701,
                    -3.0272939205169678
                ],
                [
                    -1.862645371275562e-09,
                    0.7515262365341187,
                    0.6597030758857727,
                    2.659348249435425
                ],
                [
                    0.0,
                    0.0,
                    0.0,
                    1.0
                ]
            ]
        },
        {
            "file_path": "/data/shapenet_blender/all_50_random/02958343/7272b7e028737097f200a72c9245aee7/r_24",
            "rotation": 0.12566370614359174,
            "transform_matrix": [
                [
                    0.9998947381973267,
                    0.008378817699849606,
                    0.011843083426356316,
                    0.04774099588394165
                ],
                [
                    0.014507350511848927,
                    -0.5774959325790405,
                    -0.8162646293640137,
                    -3.2904679775238037
                ],
                [
                    0.0,
                    0.816350519657135,
                    -0.5775567293167114,
                    -2.3282055854797363
                ],
                [
                    0.0,
                    0.0,
                    0.0,
                    1.0
                ]
            ]
        },
        {
            "file_path": "/data/shapenet_blender/all_50_random/02958343/7272b7e028737097f200a72c9245aee7/r_25",
            "rotation": 0.12566370614359174,
            "transform_matrix": [
                [
                    -0.9364964962005615,
                    -0.09180809557437897,
                    -0.33844566345214844,
                    -1.3643181324005127
                ],
                [
                    -0.3506767451763153,
                    0.2451772540807724,
                    0.9038329124450684,
                    3.6434669494628906
                ],
                [
                    -7.4505792646561986e-09,
                    0.9651214480400085,
                    -0.261802613735199,
                    -1.0553600788116455
                ],
                [
                    0.0,
                    0.0,
                    0.0,
                    1.0
                ]
            ]
        },
        {
            "file_path": "/data/shapenet_blender/all_50_random/02958343/7272b7e028737097f200a72c9245aee7/r_26",
            "rotation": 0.12566370614359174,
            "transform_matrix": [
                [
                    0.8992286920547485,
                    -0.15536823868751526,
                    -0.4089602828025818,
                    -1.6485717296600342
                ],
                [
                    -0.4374789595603943,
                    -0.31935614347457886,
                    -0.8406091332435608,
                    -3.388603925704956
                ],
                [
                    -1.4901161193847656e-08,
                    0.9348112940788269,
                    -0.35514453053474426,
                    -1.431633472442627
                ],
                [
                    0.0,
                    0.0,
                    0.0,
                    1.0
                ]
            ]
        },
        {
            "file_path": "/data/shapenet_blender/all_50_random/02958343/7272b7e028737097f200a72c9245aee7/r_27",
            "rotation": 0.12566370614359174,
            "transform_matrix": [
                [
                    -0.1268048882484436,
                    -0.8646834492683411,
                    -0.4860484302043915,
                    -1.9593238830566406
                ],
                [
                    -0.9919276833534241,
                    0.11053838580846786,
                    0.06213488429784775,
                    0.2504737377166748
                ],
                [
                    3.725290298461914e-09,
                    0.4900038242340088,
                    -0.8717202544212341,
                    -3.514016628265381
                ],
                [
                    0.0,
                    0.0,
                    0.0,
                    1.0
                ]
            ]
        },
        {
            "file_path": "/data/shapenet_blender/all_50_random/02958343/7272b7e028737097f200a72c9245aee7/r_28",
            "rotation": 0.12566370614359174,
            "transform_matrix": [
                [
                    0.9949331283569336,
                    -0.017149701714515686,
                    0.0990661159157753,
                    0.39934828877449036
                ],
                [
                    0.10053958743810654,
                    0.16971231997013092,
                    -0.9803517460823059,
                    -3.9519243240356445
                ],
                [
                    0.0,
                    0.9853442907333374,
                    0.17057664692401886,
                    0.6876164674758911
                ],
                [
                    0.0,
                    0.0,
                    0.0,
                    1.0
                ]
            ]
        },
        {
            "file_path": "/data/shapenet_blender/all_50_random/02958343/7272b7e028737097f200a72c9245aee7/r_29",
            "rotation": 0.12566370614359174,
            "transform_matrix": [
                [
                    0.3654148280620575,
                    0.0680597648024559,
                    0.9283531904220581,
                    3.742311716079712
                ],
                [
                    0.930844783782959,
                    -0.026717718690633774,
                    -0.3644367456436157,
                    -1.4690916538238525
                ],
                [
                    -1.862645149230957e-09,
                    0.9973234534263611,
                    -0.07311611622571945,
                    -0.2947405278682709
                ],
                [
                    0.0,
                    0.0,
                    0.0,
                    1.0
                ]
            ]
        },
        {
            "file_path": "/data/shapenet_blender/all_50_random/02958343/7272b7e028737097f200a72c9245aee7/r_30",
            "rotation": 0.12566370614359174,
            "transform_matrix": [
                [
                    0.6728654503822327,
                    -0.27519285678863525,
                    -0.6866738796234131,
                    -2.768070936203003
                ],
                [
                    -0.7397648692131042,
                    -0.25030621886253357,
                    -0.6245756149291992,
                    -2.517744779586792
                ],
                [
                    1.4901159417490817e-08,
                    0.9282326698303223,
                    -0.3720003664493561,
                    -1.4995814561843872
                ],
                [
                    0.0,
                    0.0,
                    0.0,
                    1.0
                ]
            ]
        },
        {
            "file_path": "/data/shapenet_blender/all_50_random/02958343/7272b7e028737097f200a72c9245aee7/r_31",
            "rotation": 0.12566370614359174,
            "transform_matrix": [
                [
                    -0.9552366137504578,
                    0.014938795007765293,
                    -0.2954655885696411,
                    -1.1910598278045654
                ],
                [
                    -0.2958430349826813,
                    -0.048235323280096054,
                    0.9540179371833801,
                    3.8457694053649902
                ],
                [
                    0.0,
                    0.9987242221832275,
                    0.050495680421590805,
                    0.20355460047721863
                ],
                [
                    0.0,
                    0.0,
                    0.0,
                    1.0
                ]
            ]
        },
        {
            "file_path": "/data/shapenet_blender/all_50_random/02958343/7272b7e028737097f200a72c9245aee7/r_32",
            "rotation": 0.12566370614359174,
            "transform_matrix": [
                [
                    0.8306112289428711,
                    -0.4144328832626343,
                    0.371927946805954,
                    1.4992895126342773
                ],
                [
                    0.5568528175354004,
                    0.618175208568573,
                    -0.5547741651535034,
                    -2.2363662719726562
                ],
                [
                    1.4901161193847656e-08,
                    0.667910635471344,
                    0.7442414164543152,
                    3.0001330375671387
                ],
                [
                    0.0,
                    0.0,
                    0.0,
                    1.0
                ]
            ]
        },
        {
            "file_path": "/data/shapenet_blender/all_50_random/02958343/7272b7e028737097f200a72c9245aee7/r_33",
            "rotation": 0.12566370614359174,
            "transform_matrix": [
                [
                    0.9614372253417969,
                    0.2512587308883667,
                    -0.11183689534664154,
                    -0.4508289694786072
                ],
                [
                    -0.2750244736671448,
                    0.878356397151947,
                    -0.3909621238708496,
                    -1.5760188102722168
                ],
                [
                    0.0,
                    0.4066433906555176,
                    0.9135868549346924,
                    3.682786703109741
                ],
                [
                    0.0,
                    0.0,
                    0.0,
                    1.0
                ]
            ]
        },
        {
            "file_path": "/data/shapenet_blender/all_50_random/02958343/7272b7e028737097f200a72c9245aee7/r_34",
            "rotation": 0.12566370614359174,
            "transform_matrix": [
                [
                    0.3986384868621826,
                    -0.3837743401527405,
                    0.8329493403434753,
                    3.3577260971069336
                ],
                [
                    0.9171082377433777,
                    0.16681478917598724,
                    -0.36205723881721497,
                    -1.4594993591308594
                ],
                [
                    1.4901161193847656e-08,
                    0.9082345366477966,
                    0.4184613823890686,
                    1.6868716478347778
                ],
                [
                    0.0,
                    0.0,
                    0.0,
                    1.0
                ]
            ]
        },
        {
            "file_path": "/data/shapenet_blender/all_50_random/02958343/7272b7e028737097f200a72c9245aee7/r_35",
            "rotation": 0.12566370614359174,
            "transform_matrix": [
                [
                    -0.8438726663589478,
                    0.0793846994638443,
                    -0.5306384563446045,
                    -2.1390719413757324
                ],
                [
                    -0.5365436673164368,
                    -0.12485576421022415,
                    0.8345848917961121,
                    3.364319324493408
                ],
                [
                    0.0,
                    0.9889938831329346,
                    0.1479557305574417,
                    0.596428632736206
                ],
                [
                    0.0,
                    0.0,
                    0.0,
                    1.0
                ]
            ]
        },
        {
            "file_path": "/data/shapenet_blender/all_50_random/02958343/7272b7e028737097f200a72c9245aee7/r_36",
            "rotation": 0.12566370614359174,
            "transform_matrix": [
                [
                    -0.6521995663642883,
                    -0.568696916103363,
                    -0.5012180805206299,
                    -2.020474672317505
                ],
                [
                    -0.7580474019050598,
                    0.4892885088920593,
                    0.43123188614845276,
                    1.7383513450622559
                ],
                [
                    0.0,
                    0.661196231842041,
                    -0.7502129673957825,
                    -3.024205207824707
                ],
                [
                    0.0,
                    0.0,
                    0.0,
                    1.0
                ]
            ]
        },
        {
            "file_path": "/data/shapenet_blender/all_50_random/02958343/7272b7e028737097f200a72c9245aee7/r_37",
            "rotation": 0.12566370614359174,
            "transform_matrix": [
                [
                    -0.402068167924881,
                    -0.7954707145690918,
                    -0.4533955454826355,
                    -1.8276958465576172
                ],
                [
                    -0.9156098365783691,
                    0.3493119478225708,
                    0.19909781217575073,
                    0.802588939666748
                ],
                [
                    0.0,
                    0.4951843023300171,
                    -0.868787944316864,
                    -3.5021963119506836
                ],
                [
                    0.0,
                    0.0,
                    0.0,
                    1.0
                ]
            ]
        },
        {
            "file_path": "/data/shapenet_blender/all_50_random/02958343/7272b7e028737097f200a72c9245aee7/r_38",
            "rotation": 0.12566370614359174,
            "transform_matrix": [
                [
                    0.1706196516752243,
                    0.46458056569099426,
                    -0.8689383268356323,
                    -3.5028023719787598
                ],
                [
                    -0.98533695936203,
                    0.08044616132974625,
                    -0.1504642218351364,
                    -0.6065406799316406
                ],
                [
                    7.450580596923828e-09,
                    0.8818691372871399,
                    0.4714941382408142,
                    1.9006537199020386
                ],
                [
                    0.0,
                    0.0,
                    0.0,
                    1.0
                ]
            ]
        },
        {
            "file_path": "/data/shapenet_blender/all_50_random/02958343/7272b7e028737097f200a72c9245aee7/r_39",
            "rotation": 0.12566370614359174,
            "transform_matrix": [
                [
                    -0.6494137644767761,
                    -0.32266610860824585,
                    -0.6885843276977539,
                    -2.7757720947265625
                ],
                [
                    -0.7604352831840515,
                    0.2755577266216278,
                    0.5880528688430786,
                    2.3705170154571533
                ],
                [
                    0.0,
                    0.9055134654045105,
                    -0.4243175685405731,
                    -1.7104787826538086
                ],
                [
                    0.0,
                    0.0,
                    0.0,
                    1.0
                ]
            ]
        },
        {
            "file_path": "/data/shapenet_blender/all_50_random/02958343/7272b7e028737097f200a72c9245aee7/r_40",
            "rotation": 0.12566370614359174,
            "transform_matrix": [
                [
                    -0.2230379283428192,
                    -0.01388559490442276,
                    0.9747108221054077,
                    3.929185152053833
                ],
                [
                    0.9748097658157349,
                    -0.003177044913172722,
                    0.22301527857780457,
                    0.8990033864974976
                ],
                [
                    2.3283064365386963e-10,
                    0.9998985528945923,
                    0.01424441672861576,
                    0.057421084493398666
                ],
                [
                    0.0,
                    0.0,
                    0.0,
                    1.0
                ]
            ]
        },
        {
            "file_path": "/data/shapenet_blender/all_50_random/02958343/7272b7e028737097f200a72c9245aee7/r_41",
            "rotation": 0.12566370614359174,
            "transform_matrix": [
                [
                    0.7773810625076294,
                    -0.07650117576122284,
                    0.6243605613708496,
                    2.516878128051758
                ],
                [
                    0.6290299296379089,
                    0.09454330801963806,
                    -0.7716105580329895,
