{
    "class": "02958343",
    "model": "a63ae43440751ef444221994b043fd86",
    "remove_doubles": true,
    "edge_split": true,
    "denoise": true,
    "camera_angle_x": 0.6911112070083618,
    "scale_factor": 2.5416028919696334,
    "hdri_file": "/data/IndoorHDRDataset2018/9C4A0820-e8765c372a.exr",
    "center_offset": [
        0.0,
        0.0,
        3.725290298461914e-09
    ],
    "lights": [],
    "frames": [
        {
            "file_path": "/data/shapenet_blender/all_50_random/02958343/a63ae43440751ef444221994b043fd86/r_0",
            "rotation": 0.12566370614359174,
            "transform_matrix": [
                [
                    -0.875633180141449,
                    -0.1027529239654541,
                    -0.47192007303237915,
                    -1.9023706912994385
                ],
                [
                    -0.4829769730567932,
                    0.1862901747226715,
                    0.8555870652198792,
                    3.448981761932373
                ],
                [
                    0.0,
                    0.9771067500114441,
                    -0.2127491533756256,
                    -0.8576192855834961
                ],
                [
                    0.0,
                    0.0,
                    0.0,
                    1.0
                ]
            ]
        },
        {
            "file_path": "/data/shapenet_blender/all_50_random/02958343/a63ae43440751ef444221994b043fd86/r_1",
            "rotation": 0.12566370614359174,
            "transform_matrix": [
                [
                    0.6173363924026489,
                    -0.010370696894824505,
                    0.7866308689117432,
                    3.1710104942321777
                ],
                [
                    0.7866992950439453,
                    0.008138063363730907,
                    -0.6172827482223511,
                    -2.4883463382720947
                ],
                [
                    4.656612873077393e-10,
                    0.9999130964279175,
                    0.013182541355490685,
                    0.05314052477478981
                ],
                [
                    0.0,
                    0.0,
                    0.0,
                    1.0
                ]
            ]
        },
        {
            "file_path": "/data/shapenet_blender/all_50_random/02958343/a63ae43440751ef444221994b043fd86/r_2",
            "rotation": 0.12566370614359174,
            "transform_matrix": [
                [
                    0.05014290660619736,
                    -0.6438813209533691,
                    -0.7634803652763367,
                    -3.077687978744507
                ],
                [
                    -0.9987420439720154,
                    -0.032326746731996536,
                    -0.03833134099841118,
                    -0.15451858937740326
                ],
                [
                    -1.862645149230957e-09,
                    0.7644420266151428,
                    -0.6446923613548279,
                    -2.5988383293151855
                ],
                [
                    0.0,
                    0.0,
                    0.0,
                    1.0
                ]
            ]
        },
        {
            "file_path": "/data/shapenet_blender/all_50_random/02958343/a63ae43440751ef444221994b043fd86/r_3",
            "rotation": 0.12566370614359174,
            "transform_matrix": [
                [
                    -0.36213022470474243,
                    -0.537476122379303,
                    0.7615647912025452,
                    3.0699663162231445
                ],
                [
                    0.9321275949478149,
                    -0.20880869030952454,
                    0.29586684703826904,
                    1.1926774978637695
                ],
                [
                    0.0,
                    0.8170179724693298,
                    0.576612114906311,
                    2.3243980407714844
                ],
                [
                    0.0,
                    0.0,
                    0.0,
                    1.0
                ]
            ]
        },
        {
            "file_path": "/data/shapenet_blender/all_50_random/02958343/a63ae43440751ef444221994b043fd86/r_4",
            "rotation": 0.12566370614359174,
            "transform_matrix": [
                [
                    -0.2511700391769409,
                    -0.004989235196262598,
                    0.9679300785064697,
                    3.901851177215576
                ],
                [
                    0.967943012714386,
                    -0.0012946489732712507,
                    0.2511666715145111,
                    1.012485384941101
                ],
                [
                    0.0,
                    0.9999867081642151,
                    0.005154471844434738,
                    0.020778343081474304
                ],
                [
                    0.0,
                    0.0,
                    0.0,
                    1.0
                ]
            ]
        },
        {
            "file_path": "/data/shapenet_blender/all_50_random/02958343/a63ae43440751ef444221994b043fd86/r_5",
            "rotation": 0.12566370614359174,
            "transform_matrix": [
                [
                    -0.8832595348358154,
                    0.2152043879032135,
                    -0.41658100485801697,
                    -1.679291844367981
                ],
                [
                    -0.46888458728790283,
                    -0.4053904414176941,
                    0.7847329378128052,
                    3.1633598804473877
                ],
                [
                    1.4901162970204496e-08,
                    0.8884512186050415,
                    0.45897096395492554,
                    1.8501712083816528
                ],
                [
                    0.0,
                    0.0,
                    0.0,
                    1.0
                ]
            ]
        },
        {
            "file_path": "/data/shapenet_blender/all_50_random/02958343/a63ae43440751ef444221994b043fd86/r_6",
            "rotation": 0.12566370614359174,
            "transform_matrix": [
                [
                    0.6481578946113586,
                    0.013522442430257797,
                    -0.7613859176635742,
                    -3.069244623184204
                ],
                [
                    -0.7615060806274414,
                    0.011509662494063377,
                    -0.6480556130409241,
                    -2.612395763397217
                ],
                [
                    0.0,
                    0.9998423457145691,
                    0.01775749772787094,
                    0.07158276438713074
                ],
                [
                    0.0,
                    0.0,
                    0.0,
                    1.0
                ]
            ]
        },
        {
            "file_path": "/data/shapenet_blender/all_50_random/02958343/a63ae43440751ef444221994b043fd86/r_7",
            "rotation": 0.12566370614359174,
            "transform_matrix": [
                [
                    0.9348638653755188,
                    0.0366763100028038,
                    -0.35310688614845276,
                    -1.42341947555542
                ],
                [
                    -0.3550065755844116,
                    0.0965823158621788,
                    -0.929861307144165,
                    -3.7483911514282227
                ],
                [
                    -3.725290742551124e-09,
                    0.9946489334106445,
                    0.10331164300441742,
                    0.41646257042884827
                ],
                [
                    0.0,
                    0.0,
                    0.0,
                    1.0
                ]
            ]
        },
        {
            "file_path": "/data/shapenet_blender/all_50_random/02958343/a63ae43440751ef444221994b043fd86/r_8",
            "rotation": 0.12566370614359174,
            "transform_matrix": [
                [
                    0.9919258952140808,
                    0.05297144129872322,
                    0.11522582918405533,
                    0.46449020504951477
                ],
                [
                    0.12681864202022552,
                    -0.4143219292163849,
                    -0.901251494884491,
                    -3.633061170578003
                ],
                [
                    -3.725290298461914e-09,
                    0.9085875749588013,
                    -0.4176943898200989,
                    -1.6837800741195679
                ],
                [
                    0.0,
                    0.0,
                    0.0,
                    1.0
                ]
            ]
        },
        {
            "file_path": "/data/shapenet_blender/all_50_random/02958343/a63ae43440751ef444221994b043fd86/r_9",
            "rotation": 0.12566370614359174,
            "transform_matrix": [
                [
                    0.8452901840209961,
                    0.47768181562423706,
                    -0.23938415944576263,
                    -0.9649884104728699
                ],
                [
                    -0.5343077182769775,
                    0.7557063698768616,
                    -0.37871262431144714,
                    -1.526639461517334
                ],
                [
                    0.0,
                    0.44802674651145935,
                    0.8940200805664062,
                    3.603910207748413
                ],
                [
                    0.0,
                    0.0,
                    0.0,
                    1.0
                ]
            ]
        },
        {
            "file_path": "/data/shapenet_blender/all_50_random/02958343/a63ae43440751ef444221994b043fd86/r_10",
            "rotation": 0.12566370614359174,
            "transform_matrix": [
                [
                    -0.992975115776062,
                    0.11470954865217209,
                    0.0290191899985075,
                    0.11698010563850403
                ],
                [
                    0.11832325160503387,
                    0.9626486897468567,
                    0.24353060126304626,
                    0.9817033410072327
                ],
                [
                    0.0,
                    0.24525338411331177,
                    -0.9694588780403137,
                    -3.9080140590667725
                ],
                [
                    0.0,
                    0.0,
                    0.0,
                    1.0
                ]
            ]
        },
        {
            "file_path": "/data/shapenet_blender/all_50_random/02958343/a63ae43440751ef444221994b043fd86/r_11",
            "rotation": 0.12566370614359174,
            "transform_matrix": [
                [
                    0.5283380746841431,
                    -0.6521665453910828,
                    0.5436336398124695,
                    2.191457509994507
                ],
                [
                    0.8490340709686279,
                    0.40583112835884094,
                    -0.3382931053638458,
                    -1.3637032508850098
                ],
                [
                    -1.4901161193847656e-08,
                    0.6402965784072876,
                    0.7681276202201843,
                    3.096421718597412
                ],
                [
                    0.0,
                    0.0,
                    0.0,
                    1.0
                ]
            ]
        },
        {
            "file_path": "/data/shapenet_blender/all_50_random/02958343/a63ae43440751ef444221994b043fd86/r_12",
            "rotation": 0.12566370614359174,
            "transform_matrix": [
                [
                    -0.4131152927875519,
                    0.08665188401937485,
                    -0.9065468311309814,
                    -3.654407262802124
                ],
                [
                    -0.9106787443161011,
                    -0.03930828347802162,
                    0.41124090552330017,
                    1.6577651500701904
                ],
                [
                    -3.725290298461914e-09,
                    0.9954628348350525,
                    0.095150887966156,
                    0.3835654854774475
                ],
                [
                    0.0,
                    0.0,
                    0.0,
                    1.0
                ]
            ]
        },
        {
            "file_path": "/data/shapenet_blender/all_50_random/02958343/a63ae43440751ef444221994b043fd86/r_13",
            "rotation": 0.12566370614359174,
            "transform_matrix": [
                [
                    -0.9362643957138062,
                    -0.06713252514600754,
                    0.34482184052467346,
                    1.3900213241577148
                ],
                [
                    0.35129597783088684,
                    -0.17891976237297058,
                    0.9190096855163574,
                    3.704646587371826
                ],
                [
                    0.0,
                    0.9815706610679626,
                    0.19109958410263062,
                    0.7703470587730408
                ],
                [
                    0.0,
                    0.0,
                    0.0,
                    1.0
                ]
            ]
        },
        {
            "file_path": "/data/shapenet_blender/all_50_random/02958343/a63ae43440751ef444221994b043fd86/r_14",
            "rotation": 0.12566370614359174,
            "transform_matrix": [
                [
                    0.04987157881259918,
                    0.33089062571525574,
                    -0.942350447177887,
                    -3.7987356185913086
                ],
                [
                    -0.9987556338310242,
                    0.016522599384188652,
                    -0.04705505818128586,
                    -0.18968498706817627
                ],
                [
                    9.313224635931761e-10,
                    0.9435244798660278,
                    0.3313029706478119,
                    1.3355247974395752
                ],
                [
                    0.0,
                    0.0,
                    0.0,
                    1.0
                ]
            ]
        },
        {
            "file_path": "/data/shapenet_blender/all_50_random/02958343/a63ae43440751ef444221994b043fd86/r_15",
            "rotation": 0.12566370614359174,
            "transform_matrix": [
                [
                    0.9991370439529419,
                    0.01099743414670229,
                    -0.0400550402700901,
                    -0.161467045545578
                ],
                [
                    -0.0415373370051384,
                    0.2645317316055298,
                    -0.9634819626808167,
                    -3.883920192718506
                ],
                [
                    0.0,
                    0.9643141627311707,
                    0.26476019620895386,
                    1.0672825574874878
                ],
                [
                    0.0,
                    0.0,
                    0.0,
                    1.0
                ]
            ]
        },
        {
            "file_path": "/data/shapenet_blender/all_50_random/02958343/a63ae43440751ef444221994b043fd86/r_16",
            "rotation": 0.12566370614359174,
            "transform_matrix": [
                [
                    0.46161553263664246,
                    0.1481056809425354,
                    0.8746289610862732,
                    3.5257420539855957
                ],
                [
                    0.8870801329612732,
                    -0.0770706981420517,
                    -0.4551362097263336,
                    -1.8347127437591553
                ],
                [
                    7.450580596923828e-09,
                    0.9859639406204224,
                    -0.16695863008499146,
                    -0.673031747341156
                ],
                [
                    0.0,
                    0.0,
                    0.0,
                    1.0
                ]
            ]
        },
        {
            "file_path": "/data/shapenet_blender/all_50_random/02958343/a63ae43440751ef444221994b043fd86/r_17",
            "rotation": 0.12566370614359174,
            "transform_matrix": [
                [
                    0.942803144454956,
                    0.3331584632396698,
                    -0.011298814788460732,
                    -0.04554697871208191
                ],
                [
                    -0.3333500325679779,
                    0.942261278629303,
                    -0.03195606917142868,
                    -0.1288190335035324
                ],
                [
                    9.313225746154785e-10,
                    0.03389374539256096,
                    0.99942547082901,
                    4.028812885284424
                ],
                [
                    0.0,
                    0.0,
                    0.0,
                    1.0
                ]
            ]
        },
        {
            "file_path": "/data/shapenet_blender/all_50_random/02958343/a63ae43440751ef444221994b043fd86/r_18",
            "rotation": 0.12566370614359174,
            "transform_matrix": [
                [
                    -0.08055449277162552,
                    -0.665013313293457,
                    0.7424744367599487,
                    2.9930102825164795
                ],
                [
                    0.9967502951622009,
                    -0.05374445766210556,
                    0.06000464782118797,
                    0.2418864667415619
                ],
                [
                    -3.725290742551124e-09,
                    0.7448951601982117,
                    0.6671814918518066,
                    2.6894946098327637
                ],
                [
                    0.0,
                    0.0,
                    0.0,
                    1.0
                ]
            ]
        },
        {
            "file_path": "/data/shapenet_blender/all_50_random/02958343/a63ae43440751ef444221994b043fd86/r_19",
            "rotation": 0.12566370614359174,
            "transform_matrix": [
                [
                    -0.9975910782814026,
                    -0.001773865893483162,
                    -0.06934642791748047,
                    -0.2795443832874298
                ],
                [
                    -0.0693691149353981,
                    0.025509806349873543,
                    0.9972648024559021,
                    4.0201029777526855
                ],
                [
                    -1.1641533570472262e-10,
                    0.9996728897094727,
                    -0.02557140775024891,
                    -0.10308164358139038
                ],
                [
                    0.0,
                    0.0,
                    0.0,
                    1.0
                ]
            ]
        },
        {
            "file_path": "/data/shapenet_blender/all_50_random/02958343/a63ae43440751ef444221994b043fd86/r_20",
            "rotation": 0.12566370614359174,
            "transform_matrix": [
                [
                    -0.8384313583374023,
                    -0.004986905958503485,
                    -0.5449843406677246,
                    -2.19690203666687
                ],
                [
                    -0.5450071692466736,
                    0.007671786472201347,
                    0.8383963108062744,
                    3.379683494567871
                ],
                [
                    0.0,
                    0.9999581575393677,
                    -0.009150165133178234,
                    -0.036885496228933334
                ],
                [
                    0.0,
                    0.0,
                    0.0,
                    1.0
                ]
            ]
        },
        {
            "file_path": "/data/shapenet_blender/all_50_random/02958343/a63ae43440751ef444221994b043fd86/r_21",
            "rotation": 0.12566370614359174,
            "transform_matrix": [
                [
                    -0.19667232036590576,
                    -0.022952664643526077,
                    -0.9802006483078003,
                    -3.951314687728882
                ],
                [
                    -0.980469286441803,
                    0.004604074638336897,
                    0.1966184377670288,
                    0.7925941944122314
                ],
                [
                    0.0,
                    0.9997259378433228,
                    -0.023409876972436905,
                    -0.09436821937561035
                ],
                [
                    0.0,
                    0.0,
                    0.0,
                    1.0
                ]
            ]
        },
        {
            "file_path": "/data/shapenet_blender/all_50_random/02958343/a63ae43440751ef444221994b043fd86/r_22",
            "rotation": 0.12566370614359174,
            "transform_matrix": [
                [
                    -0.9121595025062561,
                    0.3652307987213135,
                    0.18593360483646393,
                    0.74952232837677
                ],
                [
                    0.4098351001739502,
                    0.8128848075866699,
                    0.4138276278972626,
                    1.6681923866271973
                ],
                [
                    -1.4901158529312397e-08,
                    0.4536789357662201,
                    -0.8911651968955994,
                    -3.5924015045166016
                ],
                [
                    0.0,
                    0.0,
                    0.0,
                    1.0
                ]
            ]
        },
        {
            "file_path": "/data/shapenet_blender/all_50_random/02958343/a63ae43440751ef444221994b043fd86/r_23",
            "rotation": 0.12566370614359174,
            "transform_matrix": [
                [
                    0.36365020275115967,
                    -0.763860821723938,
                    -0.5331746935844421,
                    -2.149296283721924
                ],
                [
                    -0.9315356016159058,
                    -0.2981937825679779,
                    -0.20813921093940735,
                    -0.8390360474586487
                ],
                [
                    0.0,
                    0.572361171245575,
                    -0.8200015425682068,
                    -3.305532217025757
                ],
                [
                    0.0,
                    0.0,
                    0.0,
                    1.0
                ]
            ]
        },
        {
            "file_path": "/data/shapenet_blender/all_50_random/02958343/a63ae43440751ef444221994b043fd86/r_24",
            "rotation": 0.12566370614359174,
            "transform_matrix": [
                [
                    0.9154002666473389,
                    0.3535146117210388,
                    -0.19253532588481903,
                    -0.776134729385376
                ],
                [
                    -0.4025449752807617,
                    0.8039036393165588,
                    -0.4378315210342407,
                    -1.7649552822113037
                ],
                [
                    1.4901161193847656e-08,
                    0.47829508781433105,
                    0.8781991600990295,
                    3.5401339530944824
                ],
                [
                    0.0,
                    0.0,
                    0.0,
                    1.0
                ]
            ]
        },
        {
            "file_path": "/data/shapenet_blender/all_50_random/02958343/a63ae43440751ef444221994b043fd86/r_25",
            "rotation": 0.12566370614359174,
            "transform_matrix": [
                [
                    0.9246371984481812,
                    -0.16960999369621277,
                    -0.34099653363227844,
                    -1.3746010065078735
                ],
                [
                    -0.38084936141967773,
                    -0.4117841124534607,
                    -0.827881395816803,
                    -3.337296724319458
                ],
                [
                    1.4901162970204496e-08,
                    0.8953582048416138,
                    -0.4453467130661011,
                    -1.7952500581741333
                ],
                [
                    0.0,
                    0.0,
                    0.0,
                    1.0
                ]
            ]
        },
        {
            "file_path": "/data/shapenet_blender/all_50_random/02958343/a63ae43440751ef444221994b043fd86/r_26",
            "rotation": 0.12566370614359174,
            "transform_matrix": [
                [
                    0.9967503547668457,
                    -0.01058205682784319,
                    -0.07985527813434601,
                    -0.3219069242477417
                ],
                [
                    -0.08055337518453598,
                    -0.13094012439250946,
                    -0.9881122708320618,
                    -3.983207941055298
                ],
                [
                    0.0,
                    0.9913337826728821,
                    -0.1313670426607132,
                    -0.529557466506958
                ],
                [
                    0.0,
                    0.0,
                    0.0,
                    1.0
                ]
            ]
        },
        {
            "file_path": "/data/shapenet_blender/all_50_random/02958343/a63ae43440751ef444221994b043fd86/r_27",
            "rotation": 0.12566370614359174,
            "transform_matrix": [
                [
                    -0.6856383085250854,
                    -0.0021299305371940136,
                    0.7279393076896667,
                    2.934417247772217
                ],
                [
                    0.7279424667358398,
                    -0.0020061505492776632,
                    0.6856353878974915,
                    2.7638845443725586
                ],
                [
                    1.1641532182693481e-10,
                    0.9999957084655762,
                    0.0029259605798870325,
                    0.01179492473602295
                ],
                [
                    0.0,
                    0.0,
                    0.0,
                    1.0
                ]
            ]
        },
        {
            "file_path": "/data/shapenet_blender/all_50_random/02958343/a63ae43440751ef444221994b043fd86/r_28",
            "rotation": 0.12566370614359174,
            "transform_matrix": [
                [
                    -0.8031278252601624,
                    -0.012750760652124882,
                    -0.5956703424453735,
                    -2.40122389793396
                ],
                [
                    -0.5958068370819092,
                    0.01718760095536709,
                    0.8029438257217407,
                    3.2367701530456543
                ],
                [
                    0.0,
                    0.9997708201408386,
                    -0.021400831639766693,
                    -0.08626951277256012
                ],
                [
                    0.0,
                    0.0,
                    0.0,
                    1.0
                ]
            ]
        },
        {
            "file_path": "/data/shapenet_blender/all_50_random/02958343/a63ae43440751ef444221994b043fd86/r_29",
            "rotation": 0.12566370614359174,
            "transform_matrix": [
                [
                    -0.7514213919639587,
                    0.25466737151145935,
                    0.6086957454681396,
                    2.453731060028076
                ],
                [
                    0.6598227620124817,
                    0.2900210916996002,
                    0.693196713924408,
                    2.794365406036377
                ],
                [
                    -1.4901162970204496e-08,
                    0.922514021396637,
                    -0.3859633207321167,
                    -1.5558679103851318
                ],
                [
                    0.0,
                    0.0,
                    0.0,
                    1.0
                ]
            ]
        },
        {
            "file_path": "/data/shapenet_blender/all_50_random/02958343/a63ae43440751ef444221994b043fd86/r_30",
            "rotation": 0.12566370614359174,
            "transform_matrix": [
                [
                    0.3301001489162445,
                    0.00015401880955323577,
                    -0.9439458250999451,
                    -3.8051674365997314
                ],
                [
                    -0.9439458847045898,
                    5.386075281421654e-05,
                    -0.3301001489162445,
                    -1.3306763172149658
                ],
                [
                    0.0,
                    0.9999999403953552,
                    0.00016316486289724708,
                    0.0006577385938726366
                ],
                [
                    0.0,
                    0.0,
                    0.0,
                    1.0
                ]
            ]
        },
        {
            "file_path": "/data/shapenet_blender/all_50_random/02958343/a63ae43440751ef444221994b043fd86/r_31",
            "rotation": 0.12566370614359174,
            "transform_matrix": [
                [
                    -0.8136383295059204,
                    -0.3561875522136688,
                    -0.45948126912117004,
                    -1.8522282838821411
                ],
                [
                    -0.5813713073730469,
                    0.4984900653362274,
                    0.643051266670227,
                    2.5922226905822754
                ],
                [
                    0.0,
                    0.7903404831886292,
                    -0.6126678586006165,
                    -2.469743251800537
                ],
                [
                    0.0,
                    0.0,
                    0.0,
                    1.0
                ]
            ]
        },
        {
            "file_path": "/data/shapenet_blender/all_50_random/02958343/a63ae43440751ef444221994b043fd86/r_32",
            "rotation": 0.12566370614359174,
            "transform_matrix": [
                [
                    -0.9670337438583374,
                    -0.17618869245052338,
                    0.183856800198555,
                    0.7411504983901978
                ],
                [
                    0.2546483874320984,
                    -0.6690810918807983,
                    0.6982009410858154,
                    2.8145382404327393
                ],
                [
                    0.0,
                    0.7220026850700378,
                    0.6918901801109314,
                    2.7890987396240234
                ],
                [
                    0.0,
                    0.0,
                    0.0,
                    1.0
                ]
            ]
        },
        {
            "file_path": "/data/shapenet_blender/all_50_random/02958343/a63ae43440751ef444221994b043fd86/r_33",
            "rotation": 0.12566370614359174,
            "transform_matrix": [
                [
                    0.010671889409422874,
                    -0.7421447038650513,
                    -0.6701546907424927,
                    -2.7014801502227783
                ],
                [
                    -0.9999430179595947,
                    -0.007920538075268269,
                    -0.00715222442522645,
                    -0.028831541538238525
                ],
                [
                    -4.6566125955216364e-10,
                    0.6701929569244385,
                    -0.7421868443489075,
                    -2.9918510913848877
                ],
                [
                    0.0,
                    0.0,
                    0.0,
                    1.0
                ]
            ]
        },
        {
            "file_path": "/data/shapenet_blender/all_50_random/02958343/a63ae43440751ef444221994b043fd86/r_34",
            "rotation": 0.12566370614359174,
            "transform_matrix": [
                [
                    -0.9958295226097107,
                    0.03674696385860443,
                    0.08350593596696854,
                    0.3366231918334961
                ],
                [
                    0.09123366326093674,
                    0.4010987877845764,
                    0.911480188369751,
                    3.6742942333221436
                ],
                [
                    0.0,
                    0.9152973890304565,
                    -0.4027785658836365,
                    -1.6236523389816284
                ],
                [
                    0.0,
                    0.0,
                    0.0,
                    1.0
                ]
            ]
        },
        {
            "file_path": "/data/shapenet_blender/all_50_random/02958343/a63ae43440751ef444221994b043fd86/r_35",
            "rotation": 0.12566370614359174,
            "transform_matrix": [
                [
                    0.4967699944972992,
                    -0.5087951421737671,
                    0.7030981183052063,
                    2.8342790603637695
                ],
                [
                    0.8678821921348572,
                    0.2912309765815735,
                    -0.4024486839771271,
                    -1.6223225593566895
                ],
                [
                    -1.4901161193847656e-08,
                    0.8101306557655334,
                    0.5862491726875305,
                    2.363245964050293
                ],
                [
                    0.0,
                    0.0,
                    0.0,
                    1.0
                ]
            ]
        },
        {
            "file_path": "/data/shapenet_blender/all_50_random/02958343/a63ae43440751ef444221994b043fd86/r_36",
            "rotation": 0.12566370614359174,
            "transform_matrix": [
                [
                    0.2863115668296814,
                    -0.48572641611099243,
                    -0.8258907794952393,
                    -3.3292722702026367
                ],
                [
                    -0.9581366181373596,
                    -0.14514537155628204,
                    -0.2467937171459198,
                    -0.9948573112487793
                ],
                [
                    -7.450580596923828e-09,
                    0.861975908279419,
                    -0.5069490671157837,
                    -2.043576955795288
                ],
                [
                    0.0,
                    0.0,
                    0.0,
                    1.0
                ]
            ]
        },
        {
            "file_path": "/data/shapenet_blender/all_50_random/02958343/a63ae43440751ef444221994b043fd86/r_37",
            "rotation": 0.12566370614359174,
            "transform_matrix": [
                [
                    0.9462518692016602,
                    -0.3171319365501404,
                    -0.06352031975984573,
                    -0.25605860352516174
                ],
                [
                    -0.3234308362007141,
                    -0.9278233647346497,
                    -0.18583950400352478,
                    -0.7491430044174194
                ],
                [
                    3.725290298461914e-09,
                    0.19639554619789124,
                    -0.9805247783660889,
                    -3.9526216983795166
                ],
                [
                    0.0,
                    0.0,
                    0.0,
                    1.0
                ]
            ]
        },
        {
            "file_path": "/data/shapenet_blender/all_50_random/02958343/a63ae43440751ef444221994b043fd86/r_38",
            "rotation": 0.12566370614359174,
            "transform_matrix": [
                [
                    0.39224013686180115,
                    0.27293163537979126,
                    -0.8784394860267639,
                    -3.541102886199951
                ],
                [
                    -0.9198628664016724,
                    0.1163811907172203,
                    -0.37457671761512756,
                    -1.5099670886993408
                ],
                [
                    0.0,
                    0.9549679756164551,
                    0.2967090308666229,
                    1.1960723400115967
                ],
                [
                    0.0,
                    0.0,
                    0.0,
                    1.0
                ]
            ]
        },
        {
            "file_path": "/data/shapenet_blender/all_50_random/02958343/a63ae43440751ef444221994b043fd86/r_39",
            "rotation": 0.12566370614359174,
            "transform_matrix": [
                [
                    -0.5211228728294373,
                    -0.25858616828918457,
                    -0.8133659362792969,
                    -3.278783082962036
                ],
                [
                    -0.8534817695617676,
                    0.1578887403011322,
                    0.4966287612915039,
                    2.001974582672119
                ],
                [
                    0.0,
                    0.9529975652694702,
                    -0.302977979183197,
                    -1.2213432788848877
                ],
                [
                    0.0,
                    0.0,
                    0.0,
                    1.0
                ]
            ]
        },
        {
            "file_path": "/data/shapenet_blender/all_50_random/02958343/a63ae43440751ef444221994b043fd86/r_40",
            "rotation": 0.12566370614359174,
            "transform_matrix": [
                [
                    0.6207510828971863,
                    -0.33905062079429626,
                    -0.7069035172462463,
                    -2.8496193885803223
                ],
                [
                    -0.7840076684951782,
                    -0.26844894886016846,
                    -0.5597026348114014,
                    -2.2562336921691895
                ],
                [
                    2.9802322387695312e-08,
                    0.9016538262367249,
                    -0.4324583113193512,
                    -1.7432953119277954
                ],
                [
                    0.0,
                    0.0,
                    0.0,
                    1.0
                ]
            ]
        },
        {
            "file_path": "/data/shapenet_blender/all_50_random/02958343/a63ae43440751ef444221994b043fd86/r_41",
            "rotation": 0.12566370614359174,
            "transform_matrix": [
                [
                    0.5319119691848755,
                    -0.36118507385253906,
                    -0.7659080028533936,
                    -3.0874738693237305
                ],
                [
                    -0.8467997312545776,
                    -0.2268761247396469,
                    -0.48110029101371765,
