{
    "class": "02958343",
    "model": "5c29bf38845b4ecbea0f3fb9c87b9c6a",
    "remove_doubles": true,
    "edge_split": true,
    "denoise": true,
    "camera_angle_x": 0.6911112070083618,
    "scale_factor": 2.2103818495165273,
    "hdri_file": "/data/IndoorHDRDataset2018/9C4A9358-9a5acf4065.exr",
    "center_offset": [
        0.0,
        0.0,
        5.587935447692871e-09
    ],
    "lights": [],
    "frames": [
        {
            "file_path": "/data/shapenet_blender/all_50_random/02958343/5c29bf38845b4ecbea0f3fb9c87b9c6a/r_0",
            "rotation": 0.12566370614359174,
            "transform_matrix": [
                [
                    0.863868772983551,
                    0.3951131999492645,
                    -0.3124358355998993,
                    -1.2594691514968872
                ],
                [
                    -0.503716766834259,
                    0.6776148080825806,
                    -0.5358240604400635,
                    -2.15997576713562
                ],
                [
                    0.0,
                    0.6202608942985535,
                    0.7843955755233765,
                    3.1619997024536133
                ],
                [
                    0.0,
                    0.0,
                    0.0,
                    1.0
                ]
            ]
        },
        {
            "file_path": "/data/shapenet_blender/all_50_random/02958343/5c29bf38845b4ecbea0f3fb9c87b9c6a/r_1",
            "rotation": 0.12566370614359174,
            "transform_matrix": [
                [
                    -0.9587650895118713,
                    0.07526108622550964,
                    -0.27405354380607605,
                    -1.1047451496124268
                ],
                [
                    -0.28419989347457886,
                    -0.2538977265357971,
                    0.9245358109474182,
                    3.7269229888916016
                ],
                [
                    0.0,
                    0.9642985463142395,
                    0.264817476272583,
                    1.067513346672058
                ],
                [
                    0.0,
                    0.0,
                    0.0,
                    1.0
                ]
            ]
        },
        {
            "file_path": "/data/shapenet_blender/all_50_random/02958343/5c29bf38845b4ecbea0f3fb9c87b9c6a/r_2",
            "rotation": 0.12566370614359174,
            "transform_matrix": [
                [
                    0.6698688268661499,
                    -0.3821190297603607,
                    -0.6366009712219238,
                    -2.56622052192688
                ],
                [
                    -0.7424794435501099,
                    -0.3447497487068176,
                    -0.5743446946144104,
                    -2.3152575492858887
                ],
                [
                    1.4901161193847656e-08,
                    0.8573987483978271,
                    -0.514652669429779,
                    -2.0746312141418457
                ],
                [
                    0.0,
                    0.0,
                    0.0,
                    1.0
                ]
            ]
        },
        {
            "file_path": "/data/shapenet_blender/all_50_random/02958343/5c29bf38845b4ecbea0f3fb9c87b9c6a/r_3",
            "rotation": 0.12566370614359174,
            "transform_matrix": [
                [
                    0.7427724599838257,
                    0.3669978380203247,
                    0.5600013732910156,
                    2.2574379444122314
                ],
                [
                    0.6695439219474792,
                    -0.4071366786956787,
                    -0.6212491989135742,
                    -2.504335880279541
                ],
                [
                    -1.4901161193847656e-08,
                    0.8363924026489258,
                    -0.5481311082839966,
                    -2.209587335586548
                ],
                [
                    0.0,
                    0.0,
                    0.0,
                    1.0
                ]
            ]
        },
        {
            "file_path": "/data/shapenet_blender/all_50_random/02958343/5c29bf38845b4ecbea0f3fb9c87b9c6a/r_4",
            "rotation": 0.12566370614359174,
            "transform_matrix": [
                [
                    0.7894380688667297,
                    -0.48112520575523376,
                    -0.38119038939476013,
                    -1.5366277694702148
                ],
                [
                    -0.6138303279876709,
                    -0.6187679767608643,
                    -0.4902433454990387,
                    -1.9762341976165771
                ],
                [
                    0.0,
                    0.6210029125213623,
                    -0.783808171749115,
                    -3.1596319675445557
                ],
                [
                    0.0,
                    0.0,
                    0.0,
                    1.0
                ]
            ]
        },
        {
            "file_path": "/data/shapenet_blender/all_50_random/02958343/5c29bf38845b4ecbea0f3fb9c87b9c6a/r_5",
            "rotation": 0.12566370614359174,
            "transform_matrix": [
                [
                    0.9887115359306335,
                    -0.10549217462539673,
                    -0.1063990518450737,
                    -0.4289082884788513
                ],
                [
                    -0.14983107149600983,
                    -0.6961261630058289,
                    -0.7021104693412781,
                    -2.8302979469299316
                ],
                [
                    0.0,
                    0.7101266384124756,
                    -0.7040739059448242,
                    -2.838212728500366
                ],
                [
                    0.0,
                    0.0,
                    0.0,
                    1.0
                ]
            ]
        },
        {
            "file_path": "/data/shapenet_blender/all_50_random/02958343/5c29bf38845b4ecbea0f3fb9c87b9c6a/r_6",
            "rotation": 0.12566370614359174,
            "transform_matrix": [
                [
                    0.8598198294639587,
                    0.3102942705154419,
                    0.40549635887145996,
                    1.6346080303192139
                ],
                [
                    0.5105975270271301,
                    -0.5225194692611694,
                    -0.6828348636627197,
                    -2.7525951862335205
                ],
                [
                    -1.4901160305669237e-08,
                    0.7941603064537048,
                    -0.6077081561088562,
                    -2.4497499465942383
                ],
                [
                    0.0,
                    0.0,
                    0.0,
                    1.0
                ]
            ]
        },
        {
            "file_path": "/data/shapenet_blender/all_50_random/02958343/5c29bf38845b4ecbea0f3fb9c87b9c6a/r_7",
            "rotation": 0.12566370614359174,
            "transform_matrix": [
                [
                    0.369973748922348,
                    -0.27190476655960083,
                    -0.8883621096611023,
                    -3.581102132797241
                ],
                [
                    -0.9290422201156616,
                    -0.10828100889921188,
                    -0.35377365350723267,
                    -1.4261071681976318
                ],
                [
                    0.0,
                    0.9562128186225891,
                    -0.29267212748527527,
                    -1.1797990798950195
                ],
                [
                    0.0,
                    0.0,
                    0.0,
                    1.0
                ]
            ]
        },
        {
            "file_path": "/data/shapenet_blender/all_50_random/02958343/5c29bf38845b4ecbea0f3fb9c87b9c6a/r_8",
            "rotation": 0.12566370614359174,
            "transform_matrix": [
                [
                    0.4235106408596039,
                    -0.18762503564357758,
                    0.8862480521202087,
                    3.572580099105835
                ],
                [
                    0.9058911204338074,
                    0.08771606534719467,
                    -0.41432738304138184,
                    -1.670207142829895
                ],
                [
                    0.0,
                    0.9783161878585815,
                    0.20711654424667358,
                    0.8349134922027588
                ],
                [
                    0.0,
                    0.0,
                    0.0,
                    1.0
                ]
            ]
        },
        {
            "file_path": "/data/shapenet_blender/all_50_random/02958343/5c29bf38845b4ecbea0f3fb9c87b9c6a/r_9",
            "rotation": 0.12566370614359174,
            "transform_matrix": [
                [
                    0.6616995334625244,
                    -0.28939375281333923,
                    -0.6916682124137878,
                    -2.7882039546966553
                ],
                [
                    -0.7497690916061401,
                    -0.2554008960723877,
                    -0.6104233264923096,
                    -2.460695266723633
                ],
                [
                    1.4901160305669237e-08,
                    0.9225082993507385,
                    -0.3859771192073822,
                    -1.5559237003326416
                ],
                [
                    0.0,
                    0.0,
                    0.0,
                    1.0
                ]
            ]
        },
        {
            "file_path": "/data/shapenet_blender/all_50_random/02958343/5c29bf38845b4ecbea0f3fb9c87b9c6a/r_10",
            "rotation": 0.12566370614359174,
            "transform_matrix": [
                [
                    0.8477053642272949,
                    -0.0107125760987401,
                    -0.530359148979187,
                    -2.137946128845215
                ],
                [
                    -0.5304673314094543,
                    -0.017119072377681732,
                    -0.8475325107574463,
                    -3.4165127277374268
                ],
                [
                    -9.313225191043273e-10,
                    0.9997960925102234,
                    -0.020194601267576218,
                    -0.08140704035758972
                ],
                [
                    0.0,
                    0.0,
                    0.0,
                    1.0
                ]
            ]
        },
        {
            "file_path": "/data/shapenet_blender/all_50_random/02958343/5c29bf38845b4ecbea0f3fb9c87b9c6a/r_11",
            "rotation": 0.12566370614359174,
            "transform_matrix": [
                [
                    0.0366315022110939,
                    0.3012380301952362,
                    0.9528450965881348,
                    3.841041326522827
                ],
                [
                    0.9993288516998291,
                    -0.011042213067412376,
                    -0.03492758795619011,
                    -0.14079761505126953
                ],
                [
                    9.31322685637781e-10,
                    0.9534848928451538,
                    -0.30144038796424866,
                    -1.2151451110839844
                ],
                [
                    0.0,
                    0.0,
                    0.0,
                    1.0
                ]
            ]
        },
        {
            "file_path": "/data/shapenet_blender/all_50_random/02958343/5c29bf38845b4ecbea0f3fb9c87b9c6a/r_12",
            "rotation": 0.12566370614359174,
            "transform_matrix": [
                [
                    0.9827762246131897,
                    -0.11642196029424667,
                    0.1435159593820572,
                    0.5785313844680786
                ],
                [
                    0.18479962646961212,
                    0.6191393733024597,
                    -0.7632269859313965,
                    -3.0766665935516357
                ],
                [
                    0.0,
                    0.7766031622886658,
                    0.6299901008605957,
                    2.539571523666382
                ],
                [
                    0.0,
                    0.0,
                    0.0,
                    1.0
                ]
            ]
        },
        {
            "file_path": "/data/shapenet_blender/all_50_random/02958343/5c29bf38845b4ecbea0f3fb9c87b9c6a/r_13",
            "rotation": 0.12566370614359174,
            "transform_matrix": [
                [
                    0.3730147182941437,
                    0.8124984502792358,
                    -0.44800254702568054,
                    -1.8059561252593994
                ],
                [
                    -0.9278254508972168,
                    0.3266496956348419,
                    -0.18011097609996796,
                    -0.726050615310669
                ],
                [
                    0.0,
                    0.48285219073295593,
                    0.8757017850875854,
                    3.530066967010498
                ],
                [
                    0.0,
                    0.0,
                    0.0,
                    1.0
                ]
            ]
        },
        {
            "file_path": "/data/shapenet_blender/all_50_random/02958343/5c29bf38845b4ecbea0f3fb9c87b9c6a/r_14",
            "rotation": 0.12566370614359174,
            "transform_matrix": [
                [
                    0.9950123429298401,
                    -0.02560310624539852,
                    -0.0964096188545227,
                    -0.3886396288871765
                ],
                [
                    -0.09975137561559677,
                    -0.2553890347480774,
                    -0.961678683757782,
                    -3.8766510486602783
                ],
                [
                    1.862645149230957e-09,
                    0.9664992690086365,
                    -0.25666916370391846,
                    -1.034666657447815
                ],
                [
                    0.0,
                    0.0,
                    0.0,
                    1.0
                ]
            ]
        },
        {
            "file_path": "/data/shapenet_blender/all_50_random/02958343/5c29bf38845b4ecbea0f3fb9c87b9c6a/r_15",
            "rotation": 0.12566370614359174,
            "transform_matrix": [
                [
                    0.12370926886796951,
                    -0.9897350668907166,
                    0.07155708223581314,
                    0.2884557843208313
                ],
                [
                    0.9923185706138611,
                    0.12338718771934509,
                    -0.00892079807817936,
                    -0.035960882902145386
                ],
                [
                    0.0,
                    0.07211145013570786,
                    0.99739670753479,
                    4.020634174346924
                ],
                [
                    0.0,
                    0.0,
                    0.0,
                    1.0
                ]
            ]
        },
        {
            "file_path": "/data/shapenet_blender/all_50_random/02958343/5c29bf38845b4ecbea0f3fb9c87b9c6a/r_16",
            "rotation": 0.12566370614359174,
            "transform_matrix": [
                [
                    0.9502314925193787,
                    -0.04605288803577423,
                    0.3081222176551819,
                    1.2420804500579834
                ],
                [
                    0.31154486536979675,
                    0.14046421647071838,
                    -0.939792275428772,
                    -3.788424015045166
                ],
                [
                    0.0,
                    0.9890141487121582,
                    0.14782103896141052,
                    0.5958857536315918
                ],
                [
                    0.0,
                    0.0,
                    0.0,
                    1.0
                ]
            ]
        },
        {
            "file_path": "/data/shapenet_blender/all_50_random/02958343/5c29bf38845b4ecbea0f3fb9c87b9c6a/r_17",
            "rotation": 0.12566370614359174,
            "transform_matrix": [
                [
                    0.9076628684997559,
                    -0.04612881317734718,
                    0.41715750098228455,
                    1.6816157102584839
                ],
                [
                    0.4197002053260803,
                    0.09976028650999069,
                    -0.9021638631820679,
                    -3.6367387771606445
                ],
                [
                    -3.725290298461914e-09,
                    0.9939417243003845,
                    0.10990896821022034,
                    0.44305720925331116
                ],
                [
                    0.0,
                    0.0,
                    0.0,
                    1.0
                ]
            ]
        },
        {
            "file_path": "/data/shapenet_blender/all_50_random/02958343/5c29bf38845b4ecbea0f3fb9c87b9c6a/r_18",
            "rotation": 0.12566370614359174,
            "transform_matrix": [
                [
                    -0.4523887634277344,
                    -0.5124784708023071,
                    -0.7298699021339417,
                    -2.942199945449829
                ],
                [
                    -0.8918209671974182,
                    0.25996193289756775,
                    0.3702368140220642,
                    1.4924724102020264
                ],
                [
                    -1.4901162970204496e-08,
                    0.8184040784835815,
                    -0.5746428966522217,
                    -2.316459894180298
                ],
                [
                    0.0,
                    0.0,
                    0.0,
                    1.0
                ]
            ]
        },
        {
            "file_path": "/data/shapenet_blender/all_50_random/02958343/5c29bf38845b4ecbea0f3fb9c87b9c6a/r_19",
            "rotation": 0.12566370614359174,
            "transform_matrix": [
                [
                    0.9085873365402222,
                    0.13057565689086914,
                    -0.39676082134246826,
                    -1.5993940830230713
                ],
                [
                    -0.4176951050758362,
                    0.28403347730636597,
                    -0.8630502820014954,
                    -3.479067087173462
                ],
                [
                    0.0,
                    0.9498815536499023,
                    0.3126099705696106,
                    1.2601710557937622
                ],
                [
                    0.0,
                    0.0,
                    0.0,
                    1.0
                ]
            ]
        },
        {
            "file_path": "/data/shapenet_blender/all_50_random/02958343/5c29bf38845b4ecbea0f3fb9c87b9c6a/r_20",
            "rotation": 0.12566370614359174,
            "transform_matrix": [
                [
                    -0.04576130211353302,
                    -0.020159337669610977,
                    -0.9987488985061646,
                    -4.02608585357666
                ],
                [
                    -0.9989525079727173,
                    0.000923484971281141,
                    0.04575197398662567,
                    0.18443211913108826
                ],
                [
                    5.820766785236131e-11,
                    0.9997963309288025,
                    -0.02018047869205475,
                    -0.08135011792182922
                ],
                [
                    0.0,
                    0.0,
                    0.0,
                    1.0
                ]
            ]
        },
        {
            "file_path": "/data/shapenet_blender/all_50_random/02958343/5c29bf38845b4ecbea0f3fb9c87b9c6a/r_21",
            "rotation": 0.12566370614359174,
            "transform_matrix": [
                [
                    -0.999998152256012,
                    0.00117719906847924,
                    -0.0015432389918714762,
                    -0.006220996379852295
                ],
                [
                    -0.0019409754313528538,
                    -0.606497585773468,
                    0.7950828075408936,
                    3.2050817012786865
                ],
                [
                    0.0,
                    0.7950843572616577,
                    0.606498658657074,
                    2.4448745250701904
                ],
                [
                    0.0,
                    0.0,
                    0.0,
                    1.0
                ]
            ]
        },
        {
            "file_path": "/data/shapenet_blender/all_50_random/02958343/5c29bf38845b4ecbea0f3fb9c87b9c6a/r_22",
            "rotation": 0.12566370614359174,
            "transform_matrix": [
                [
                    -0.9617084264755249,
                    0.1659095585346222,
                    -0.21815349161624908,
                    -0.8794048428535461
                ],
                [
                    -0.2740746736526489,
                    -0.5821647644042969,
                    0.7654849886894226,
                    3.085768699645996
                ],
                [
                    0.0,
                    0.795963704586029,
                    0.6053443551063538,
                    2.440221071243286
                ],
                [
                    0.0,
                    0.0,
                    0.0,
                    1.0
                ]
            ]
        },
        {
            "file_path": "/data/shapenet_blender/all_50_random/02958343/5c29bf38845b4ecbea0f3fb9c87b9c6a/r_23",
            "rotation": 0.12566370614359174,
            "transform_matrix": [
                [
                    -0.4067986011505127,
                    -0.5129570364952087,
                    -0.755903422832489,
                    -3.0471436977386475
                ],
                [
                    -0.9135178327560425,
                    0.22842490673065186,
                    0.3366113305091858,
                    1.3569234609603882
                ],
                [
                    0.0,
                    0.8274641633033752,
                    -0.5615184903144836,
                    -2.2635531425476074
                ],
                [
                    0.0,
                    0.0,
                    0.0,
                    1.0
                ]
            ]
        },
        {
            "file_path": "/data/shapenet_blender/all_50_random/02958343/5c29bf38845b4ecbea0f3fb9c87b9c6a/r_24",
            "rotation": 0.12566370614359174,
            "transform_matrix": [
                [
                    -0.3395184874534607,
                    0.2310393750667572,
                    -0.9117828011512756,
                    -3.6755142211914062
                ],
                [
                    -0.9405993819236755,
                    -0.08339590579271317,
                    0.3291168510913849,
                    1.3267126083374023
                ],
                [
                    0.0,
                    0.9693637490272522,
                    0.2456299066543579,
                    0.9901658892631531
                ],
                [
                    0.0,
                    0.0,
                    0.0,
                    1.0
                ]
            ]
        },
        {
            "file_path": "/data/shapenet_blender/all_50_random/02958343/5c29bf38845b4ecbea0f3fb9c87b9c6a/r_25",
            "rotation": 0.12566370614359174,
            "transform_matrix": [
                [
                    -0.8445299863815308,
                    0.20286107063293457,
                    0.49559706449508667,
                    1.9978156089782715
                ],
                [
                    0.5355082154273987,
                    0.31992459297180176,
                    0.7815876007080078,
                    3.1506803035736084
                ],
                [
                    0.0,
                    0.9254704117774963,
                    -0.3788197338581085,
                    -1.527071237564087
                ],
                [
                    0.0,
                    0.0,
                    0.0,
                    1.0
                ]
            ]
        },
        {
            "file_path": "/data/shapenet_blender/all_50_random/02958343/5c29bf38845b4ecbea0f3fb9c87b9c6a/r_26",
            "rotation": 0.12566370614359174,
            "transform_matrix": [
                [
                    -0.15075233578681946,
                    -0.21767127513885498,
                    -0.9643095135688782,
                    -3.887256145477295
                ],
                [
                    -0.9885715842247009,
                    0.03319380432367325,
                    0.14705248177051544,
                    0.5927875638008118
                ],
                [
                    -3.725290298461914e-09,
                    0.9754575490951538,
                    -0.22018766403198242,
                    -0.8876049518585205
                ],
                [
                    0.0,
                    0.0,
                    0.0,
                    1.0
                ]
            ]
        },
        {
            "file_path": "/data/shapenet_blender/all_50_random/02958343/5c29bf38845b4ecbea0f3fb9c87b9c6a/r_27",
            "rotation": 0.12566370614359174,
            "transform_matrix": [
                [
                    -0.5403532981872559,
                    0.007856565527617931,
                    0.8414014577865601,
                    3.3917980194091797
                ],
                [
                    0.8414382338523865,
                    0.005045315716415644,
                    0.5403296947479248,
                    2.1781389713287354
                ],
                [
                    -4.656612873077393e-10,
                    0.9999564290046692,
                    -0.009337065741419792,
                    -0.03763892129063606
                ],
                [
                    0.0,
                    0.0,
                    0.0,
                    1.0
                ]
            ]
        },
        {
            "file_path": "/data/shapenet_blender/all_50_random/02958343/5c29bf38845b4ecbea0f3fb9c87b9c6a/r_28",
            "rotation": 0.12566370614359174,
            "transform_matrix": [
                [
                    0.8825787901878357,
                    -0.035494692623615265,
                    0.4688229560852051,
                    1.8898857831954956
                ],
                [
                    0.4701647460460663,
                    0.06662954390048981,
                    -0.8800600171089172,
                    -3.547635316848755
                ],
                [
                    1.862645371275562e-09,
                    0.9971462488174438,
                    0.07549416273832321,
                    0.30432671308517456
                ],
                [
                    0.0,
                    0.0,
                    0.0,
                    1.0
                ]
            ]
        },
        {
            "file_path": "/data/shapenet_blender/all_50_random/02958343/5c29bf38845b4ecbea0f3fb9c87b9c6a/r_29",
            "rotation": 0.12566370614359174,
            "transform_matrix": [
                [
                    -0.5349903702735901,
                    0.1705421805381775,
                    -0.8274663686752319,
                    -3.3356237411499023
                ],
                [
                    -0.8448581695556641,
                    -0.10799261182546616,
                    0.5239773988723755,
                    2.112220525741577
                ],
                [
                    0.0,
                    0.9794145226478577,
                    0.2018589973449707,
                    0.813719630241394
                ],
                [
                    0.0,
                    0.0,
                    0.0,
                    1.0
                ]
            ]
        },
        {
            "file_path": "/data/shapenet_blender/all_50_random/02958343/5c29bf38845b4ecbea0f3fb9c87b9c6a/r_30",
            "rotation": 0.12566370614359174,
            "transform_matrix": [
                [
                    -0.31274619698524475,
                    -0.2538750171661377,
                    -0.9152798652648926,
                    -3.6896111965179443
                ],
                [
                    -0.9498367309570312,
                    0.08359167724847794,
                    0.3013678789138794,
                    1.2148528099060059
                ],
                [
                    7.450580596923828e-09,
                    0.9636180996894836,
                    -0.2672828137874603,
                    -1.077451467514038
                ],
                [
                    0.0,
                    0.0,
                    0.0,
                    1.0
                ]
            ]
        },
        {
            "file_path": "/data/shapenet_blender/all_50_random/02958343/5c29bf38845b4ecbea0f3fb9c87b9c6a/r_31",
            "rotation": 0.12566370614359174,
            "transform_matrix": [
                [
                    -0.14185990393161774,
                    -0.41062095761299133,
                    -0.9007030725479126,
                    -3.6308505535125732
                ],
                [
                    -0.9898867607116699,
                    0.05884576961398125,
                    0.12907905876636505,
                    0.5203343629837036
                ],
                [
                    -3.725290298461914e-09,
                    0.909905195236206,
                    -0.4148160517215729,
                    -1.6721770763397217
                ],
                [
                    0.0,
                    0.0,
                    0.0,
                    1.0
                ]
            ]
        },
        {
            "file_path": "/data/shapenet_blender/all_50_random/02958343/5c29bf38845b4ecbea0f3fb9c87b9c6a/r_32",
            "rotation": 0.12566370614359174,
            "transform_matrix": [
                [
                    0.6442272663116455,
                    -0.19338998198509216,
                    0.7399808168411255,
                    2.9829580783843994
                ],
                [
                    0.7648342251777649,
                    0.16289424896240234,
                    -0.6232929825782776,
                    -2.5125744342803955
                ],
                [
                    0.0,
                    0.9675049185752869,
                    0.252852201461792,
                    1.0192798376083374
                ],
                [
                    0.0,
                    0.0,
                    0.0,
                    1.0
                ]
            ]
        },
        {
            "file_path": "/data/shapenet_blender/all_50_random/02958343/5c29bf38845b4ecbea0f3fb9c87b9c6a/r_33",
            "rotation": 0.12566370614359174,
            "transform_matrix": [
                [
                    -0.36443379521369934,
                    0.0018098681466653943,
                    -0.9312275052070618,
                    -3.7538981437683105
                ],
                [
                    -0.931229293346405,
                    -0.0007082864758558571,
                    0.3644331097602844,
                    1.4690768718719482
                ],
                [
                    0.0,
                    0.999998152256012,
                    0.0019435255089774728,
                    0.007834602147340775
                ],
                [
                    0.0,
                    0.0,
                    0.0,
                    1.0
                ]
            ]
        },
        {
            "file_path": "/data/shapenet_blender/all_50_random/02958343/5c29bf38845b4ecbea0f3fb9c87b9c6a/r_34",
            "rotation": 0.12566370614359174,
            "transform_matrix": [
                [
                    -0.2527156174182892,
                    0.0020007388666272163,
                    -0.967538595199585,
                    -3.9002723693847656
                ],
                [
                    -0.9675405621528625,
                    -0.0005225806962698698,
                    0.2527151107788086,
                    1.0187270641326904
                ],
                [
                    -5.8207657444020455e-11,
                    0.9999977946281433,
                    0.0020678609143942595,
                    0.008335812948644161
                ],
                [
                    0.0,
                    0.0,
                    0.0,
                    1.0
                ]
            ]
        },
        {
            "file_path": "/data/shapenet_blender/all_50_random/02958343/5c29bf38845b4ecbea0f3fb9c87b9c6a/r_35",
            "rotation": 0.12566370614359174,
            "transform_matrix": [
                [
                    -0.8471702337265015,
                    0.06650011241436005,
                    0.5271435379981995,
                    2.124983310699463
                ],
                [
                    0.5313214659690857,
                    0.10603169351816177,
                    0.8405086398124695,
                    3.3881983757019043
                ],
                [
                    0.0,
                    0.9921365976333618,
                    -0.1251598298549652,
                    -0.5045353770256042
                ],
                [
                    0.0,
                    0.0,
                    0.0,
                    1.0
                ]
            ]
        },
        {
            "file_path": "/data/shapenet_blender/all_50_random/02958343/5c29bf38845b4ecbea0f3fb9c87b9c6a/r_36",
            "rotation": 0.12566370614359174,
            "transform_matrix": [
                [
                    -0.9949651956558228,
                    -0.03999408334493637,
                    0.09189572185277939,
                    0.37044352293014526
                ],
                [
                    0.10022151470184326,
                    -0.39704763889312744,
                    0.9123095273971558,
                    3.6776375770568848
                ],
                [
                    -3.725290742551124e-09,
                    0.9169260859489441,
                    0.3990568518638611,
                    1.608649730682373
                ],
                [
                    0.0,
                    0.0,
                    0.0,
                    1.0
                ]
            ]
        },
        {
            "file_path": "/data/shapenet_blender/all_50_random/02958343/5c29bf38845b4ecbea0f3fb9c87b9c6a/r_37",
            "rotation": 0.12566370614359174,
            "transform_matrix": [
                [
                    -0.8496477007865906,
                    0.04469180107116699,
                    -0.5254534482955933,
                    -2.118170738220215
                ],
                [
                    -0.5273507237434387,
                    -0.0720057487487793,
                    0.8465909361839294,
                    3.412717580795288
                ],
                [
                    3.725290742551124e-09,
                    0.9964023232460022,
                    0.08474776893854141,
                    0.3416292071342468
                ],
                [
                    0.0,
                    0.0,
                    0.0,
                    1.0
                ]
            ]
        },
        {
            "file_path": "/data/shapenet_blender/all_50_random/02958343/5c29bf38845b4ecbea0f3fb9c87b9c6a/r_38",
            "rotation": 0.12566370614359174,
            "transform_matrix": [
                [
                    0.9300469160079956,
                    0.046284742653369904,
                    0.3645138144493103,
                    1.4694023132324219
                ],
                [
                    0.3674406111240387,
                    -0.11715356260538101,
                    -0.9226387143135071,
                    -3.719275951385498
                ],
                [
                    -3.725290076417309e-09,
                    0.9920346736907959,
                    -0.1259651929140091,
                    -0.507781982421875
                ],
                [
                    0.0,
                    0.0,
                    0.0,
                    1.0
                ]
            ]
        },
        {
            "file_path": "/data/shapenet_blender/all_50_random/02958343/5c29bf38845b4ecbea0f3fb9c87b9c6a/r_39",
            "rotation": 0.12566370614359174,
            "transform_matrix": [
                [
                    0.11919555813074112,
                    0.25575193762779236,
                    -0.9593660831451416,
                    -3.867328405380249
                ],
                [
                    -0.9928708672523499,
                    0.030703384429216385,
                    -0.11517325788736343,
                    -0.4642782509326935
                ],
                [
                    1.862645371275562e-09,
                    0.9662547707557678,
                    0.25758832693099976,
                    1.0383718013763428
                ],
                [
                    0.0,
                    0.0,
                    0.0,
                    1.0
                ]
            ]
        },
        {
            "file_path": "/data/shapenet_blender/all_50_random/02958343/5c29bf38845b4ecbea0f3fb9c87b9c6a/r_40",
            "rotation": 0.12566370614359174,
            "transform_matrix": [
                [
                    -0.9573761224746704,
                    0.06554877012968063,
                    0.28130829334259033,
                    1.1339900493621826
                ],
                [
                    0.2888442575931549,
                    0.21726182103157043,
                    0.9323981404304504,
                    3.7586171627044678
                ],
                [
                    0.0,
                    0.9739100337028503,
                    -0.22693464159965515,
                    -0.9148027896881104
                ],
                [
                    0.0,
                    0.0,
                    0.0,
                    1.0
                ]
            ]
        },
        {
            "file_path": "/data/shapenet_blender/all_50_random/02958343/5c29bf38845b4ecbea0f3fb9c87b9c6a/r_41",
            "rotation": 0.12566370614359174,
            "transform_matrix": [
                [
                    -0.39384767413139343,
                    -0.5503142476081848,
                    -0.7362323999404907,
                    -2.9678478240966797
                ],
                [
                    -0.9191757440567017,
                    0.23579822480678558,
                    0.3154602646827698,
                    1.2716610431671143
                ],
