{
    "class": "02958343",
    "model": "9698778dc63d5874eee70745894f83bc",
    "remove_doubles": true,
    "edge_split": true,
    "denoise": true,
    "camera_angle_x": 0.6911112070083618,
    "scale_factor": 2.291449440229478,
    "hdri_file": "/data/IndoorHDRDataset2018/AG8A1802-6c845f3f91.exr",
    "center_offset": [
        0.0,
        -4.656612873077393e-10,
        -3.725290298461914e-09
    ],
    "lights": [],
    "frames": [
        {
            "file_path": "/data/shapenet_blender/all_50_random/02958343/9698778dc63d5874eee70745894f83bc/r_0",
            "rotation": 0.12566370614359174,
            "transform_matrix": [
                [
                    0.6777482628822327,
                    -0.009481851011514664,
                    0.735232949256897,
                    2.9638185501098633
                ],
                [
                    0.7352941036224365,
                    0.008739778771996498,
                    -0.6776918768882751,
                    -2.731863021850586
                ],
                [
                    0.0,
                    0.9999169111251831,
                    0.012895318679511547,
                    0.051982685923576355
                ],
                [
                    0.0,
                    0.0,
                    0.0,
                    1.0
                ]
            ]
        },
        {
            "file_path": "/data/shapenet_blender/all_50_random/02958343/9698778dc63d5874eee70745894f83bc/r_1",
            "rotation": 0.12566370614359174,
            "transform_matrix": [
                [
                    -0.4564076066017151,
                    -0.25986477732658386,
                    0.85097736120224,
                    3.430399179458618
                ],
                [
                    0.8897708654403687,
                    -0.13329753279685974,
                    0.4365084767341614,
                    1.7596218585968018
                ],
                [
                    7.450580596923828e-09,
                    0.956400454044342,
                    0.29205814003944397,
                    1.1773240566253662
                ],
                [
                    0.0,
                    0.0,
                    0.0,
                    1.0
                ]
            ]
        },
        {
            "file_path": "/data/shapenet_blender/all_50_random/02958343/9698778dc63d5874eee70745894f83bc/r_2",
            "rotation": 0.12566370614359174,
            "transform_matrix": [
                [
                    0.24628926813602448,
                    0.16019883751869202,
                    0.9558649659156799,
                    3.853215217590332
                ],
                [
                    0.9691963791847229,
                    -0.0407092459499836,
                    -0.2429015189409256,
                    -0.9791674017906189
                ],
                [
                    3.725290298461914e-09,
                    0.9862449169158936,
                    -0.16529037058353424,
                    -0.6663068532943726
                ],
                [
                    0.0,
                    0.0,
                    0.0,
                    1.0
                ]
            ]
        },
        {
            "file_path": "/data/shapenet_blender/all_50_random/02958343/9698778dc63d5874eee70745894f83bc/r_3",
            "rotation": 0.12566370614359174,
            "transform_matrix": [
                [
                    0.23958736658096313,
                    0.9486333131790161,
                    -0.20662182569503784,
                    -0.8329192996025085
                ],
                [
                    -0.9708748459815979,
                    0.23409871757030487,
                    -0.05098904296755791,
                    -0.2055434286594391
                ],
                [
                    0.0,
                    0.2128201127052307,
                    0.9770913124084473,
                    3.938781261444092
                ],
                [
                    0.0,
                    0.0,
                    0.0,
                    1.0
                ]
            ]
        },
        {
            "file_path": "/data/shapenet_blender/all_50_random/02958343/9698778dc63d5874eee70745894f83bc/r_4",
            "rotation": 0.12566370614359174,
            "transform_matrix": [
                [
                    0.6496742367744446,
                    0.09729431569576263,
                    0.7539609670639038,
                    3.039314031600952
                ],
                [
                    0.7602127194404602,
                    -0.08314725756645203,
                    -0.6443314552307129,
                    -2.597383499145508
                ],
                [
                    -7.450580596923828e-09,
                    0.9917763471603394,
                    -0.1279829889535904,
                    -0.5159159898757935
                ],
                [
                    0.0,
                    0.0,
                    0.0,
                    1.0
                ]
            ]
        },
        {
            "file_path": "/data/shapenet_blender/all_50_random/02958343/9698778dc63d5874eee70745894f83bc/r_5",
            "rotation": 0.12566370614359174,
            "transform_matrix": [
                [
                    0.5305478572845459,
                    -0.061482928693294525,
                    0.8454222679138184,
                    3.408006191253662
                ],
                [
                    0.8476549386978149,
                    0.03848220780491829,
                    -0.5291504263877869,
                    -2.133073568344116
                ],
                [
                    0.0,
                    0.9973660111427307,
                    0.07253295928239822,
                    0.29238972067832947
                ],
                [
                    0.0,
                    0.0,
                    0.0,
                    1.0
                ]
            ]
        },
        {
            "file_path": "/data/shapenet_blender/all_50_random/02958343/9698778dc63d5874eee70745894f83bc/r_6",
            "rotation": 0.12566370614359174,
            "transform_matrix": [
                [
                    -0.8277134299278259,
                    -0.17941373586654663,
                    0.5316965579986572,
                    2.1433374881744385
                ],
                [
                    0.5611510872840881,
                    -0.2646402418613434,
                    0.7842671871185303,
                    3.161482095718384
                ],
                [
                    0.0,
                    0.9475106000900269,
                    0.3197244703769684,
                    1.2888505458831787
                ],
                [
                    0.0,
                    0.0,
                    0.0,
                    1.0
                ]
            ]
        },
        {
            "file_path": "/data/shapenet_blender/all_50_random/02958343/9698778dc63d5874eee70745894f83bc/r_7",
            "rotation": 0.12566370614359174,
            "transform_matrix": [
                [
                    -0.832194447517395,
                    -0.16014322638511658,
                    -0.5308546423912048,
                    -2.1399435997009277
                ],
                [
                    -0.5544840097427368,
                    0.2403501272201538,
                    0.7967303991317749,
                    3.2117228507995605
                ],
                [
                    0.0,
                    0.9573850035667419,
                    -0.28881487250328064,
                    -1.1642500162124634
                ],
                [
                    0.0,
                    0.0,
                    0.0,
                    1.0
                ]
            ]
        },
        {
            "file_path": "/data/shapenet_blender/all_50_random/02958343/9698778dc63d5874eee70745894f83bc/r_8",
            "rotation": 0.12566370614359174,
            "transform_matrix": [
                [
                    -0.643953263759613,
                    -0.20526976883411407,
                    -0.7370133399963379,
                    -2.9709954261779785
                ],
                [
                    -0.7650648355484009,
                    0.1727750599384308,
                    0.6203423142433167,
                    2.5006794929504395
                ],
                [
                    0.0,
                    0.9633343815803528,
                    -0.2683037519454956,
                    -1.0815669298171997
                ],
                [
                    0.0,
                    0.0,
                    0.0,
                    1.0
                ]
            ]
        },
        {
            "file_path": "/data/shapenet_blender/all_50_random/02958343/9698778dc63d5874eee70745894f83bc/r_9",
            "rotation": 0.12566370614359174,
            "transform_matrix": [
                [
                    0.9984890818595886,
                    -0.03695886209607124,
                    -0.04066319018602371,
                    -0.16391858458518982
                ],
                [
                    -0.05494954437017441,
                    -0.6715800762176514,
                    -0.7388915419578552,
                    -2.978567361831665
                ],
                [
                    1.8626450382086546e-09,
                    0.7400096654891968,
                    -0.6725961565971375,
                    -2.711322069168091
                ],
                [
                    0.0,
                    0.0,
                    0.0,
                    1.0
                ]
            ]
        },
        {
            "file_path": "/data/shapenet_blender/all_50_random/02958343/9698778dc63d5874eee70745894f83bc/r_10",
            "rotation": 0.12566370614359174,
            "transform_matrix": [
                [
                    0.7482622861862183,
                    0.5761663317680359,
                    0.3288402259349823,
                    1.3255974054336548
                ],
                [
                    0.6634030938148499,
                    -0.6498666405677795,
                    -0.3709038197994232,
                    -1.4951611757278442
                ],
                [
                    -1.4901162970204496e-08,
                    0.49568691849708557,
                    -0.8685012459754944,
                    -3.501040458679199
                ],
                [
                    0.0,
                    0.0,
                    0.0,
                    1.0
                ]
            ]
        },
        {
            "file_path": "/data/shapenet_blender/all_50_random/02958343/9698778dc63d5874eee70745894f83bc/r_11",
            "rotation": 0.12566370614359174,
            "transform_matrix": [
                [
                    -0.9999443292617798,
                    -0.0009346284787170589,
                    0.010518467053771019,
                    0.04240129142999649
                ],
                [
                    0.010559909045696259,
                    -0.08850231766700745,
                    0.9960200190544128,
                    4.015084743499756
                ],
                [
                    5.820766091346741e-11,
                    0.9960755109786987,
                    0.08850724995136261,
                    0.3567841053009033
                ],
                [
                    0.0,
                    0.0,
                    0.0,
                    1.0
                ]
            ]
        },
        {
            "file_path": "/data/shapenet_blender/all_50_random/02958343/9698778dc63d5874eee70745894f83bc/r_12",
            "rotation": 0.12566370614359174,
            "transform_matrix": [
                [
                    0.30451086163520813,
                    -0.34795576333999634,
                    -0.8866791129112244,
                    -3.5743179321289062
                ],
                [
                    -0.952508807182312,
                    -0.11123920232057571,
                    -0.28346553444862366,
                    -1.142686128616333
                ],
                [
                    -7.450580152834618e-09,
                    0.9308880567550659,
                    -0.36530452966690063,
                    -1.4725896120071411
                ],
                [
                    0.0,
                    0.0,
                    0.0,
                    1.0
                ]
            ]
        },
        {
            "file_path": "/data/shapenet_blender/all_50_random/02958343/9698778dc63d5874eee70745894f83bc/r_13",
            "rotation": 0.12566370614359174,
            "transform_matrix": [
                [
                    0.5363468527793884,
                    0.06739932298660278,
                    -0.8413021564483643,
                    -3.391397714614868
                ],
                [
                    -0.8439977169036865,
                    0.0428311824798584,
                    -0.5346338748931885,
                    -2.1551783084869385
                ],
                [
                    3.725290742551124e-09,
                    0.9968062043190002,
                    0.0798572525382042,
                    0.3219149112701416
                ],
                [
                    0.0,
                    0.0,
                    0.0,
                    1.0
                ]
            ]
        },
        {
            "file_path": "/data/shapenet_blender/all_50_random/02958343/9698778dc63d5874eee70745894f83bc/r_14",
            "rotation": 0.12566370614359174,
            "transform_matrix": [
                [
                    -0.09955806285142899,
                    -0.14442920684814453,
                    0.9844939112663269,
                    3.9686222076416016
                ],
                [
                    0.9950317740440369,
                    -0.01445088628679514,
                    0.09850369393825531,
                    0.3970811069011688
                ],
                [
                    -9.313225746154785e-10,
                    0.9894095659255981,
                    0.1451503336429596,
                    0.5851197838783264
                ],
                [
                    0.0,
                    0.0,
                    0.0,
                    1.0
                ]
            ]
        },
        {
            "file_path": "/data/shapenet_blender/all_50_random/02958343/9698778dc63d5874eee70745894f83bc/r_15",
            "rotation": 0.12566370614359174,
            "transform_matrix": [
                [
                    0.7722831964492798,
                    -0.03986779600381851,
                    0.6340261101722717,
                    2.5558412075042725
                ],
                [
                    0.6352784037590027,
                    0.048465728759765625,
                    -0.7707608342170715,
                    -3.107036590576172
                ],
                [
                    -1.862645149230957e-09,
                    0.9980288743972778,
                    0.06275640428066254,
                    0.25297918915748596
                ],
                [
                    0.0,
                    0.0,
                    0.0,
                    1.0
                ]
            ]
        },
        {
            "file_path": "/data/shapenet_blender/all_50_random/02958343/9698778dc63d5874eee70745894f83bc/r_16",
            "rotation": 0.12566370614359174,
            "transform_matrix": [
                [
                    -0.9579808115959167,
                    -0.18250717222690582,
                    -0.22127805650234222,
                    -0.8920004367828369
                ],
                [
                    -0.28683245182037354,
                    0.6095487475395203,
                    0.7390381097793579,
                    2.9791581630706787
                ],
                [
                    0.0,
                    0.7714540362358093,
                    -0.6362849473953247,
                    -2.5649468898773193
                ],
                [
                    0.0,
                    0.0,
                    0.0,
                    1.0
                ]
            ]
        },
        {
            "file_path": "/data/shapenet_blender/all_50_random/02958343/9698778dc63d5874eee70745894f83bc/r_17",
            "rotation": 0.12566370614359174,
            "transform_matrix": [
                [
                    -0.6153631806373596,
                    -0.0011546919122338295,
                    -0.7882428765296936,
                    -3.17750883102417
                ],
                [
                    -0.7882437705993652,
                    0.0009014405659399927,
                    0.6153624653816223,
                    2.4806056022644043
                ],
                [
                    0.0,
                    0.9999988675117493,
                    -0.0014648920623585582,
                    -0.005905169062316418
                ],
                [
                    0.0,
                    0.0,
                    0.0,
                    1.0
                ]
            ]
        },
        {
            "file_path": "/data/shapenet_blender/all_50_random/02958343/9698778dc63d5874eee70745894f83bc/r_18",
            "rotation": 0.12566370614359174,
            "transform_matrix": [
                [
                    -0.1321425586938858,
                    0.10879308730363846,
                    0.9852422475814819,
                    3.9716386795043945
                ],
                [
                    0.9912307858467102,
                    0.014503381215035915,
                    0.13134421408176422,
                    0.5294654965400696
                ],
                [
                    0.0,
                    0.9939585328102112,
                    -0.10975557565689087,
                    -0.44243890047073364
                ],
                [
                    0.0,
                    0.0,
                    0.0,
                    1.0
                ]
            ]
        },
        {
            "file_path": "/data/shapenet_blender/all_50_random/02958343/9698778dc63d5874eee70745894f83bc/r_19",
            "rotation": 0.12566370614359174,
            "transform_matrix": [
                [
                    0.037347324192523956,
                    0.5982630848884583,
                    -0.8004288673400879,
                    -3.2266318798065186
                ],
                [
                    -0.999302327632904,
                    0.022359127178788185,
                    -0.029914749786257744,
                    -0.1205902099609375
                ],
                [
                    0.0,
                    0.8009875416755676,
                    0.598680853843689,
                    2.4133596420288086
                ],
                [
                    0.0,
                    0.0,
                    0.0,
                    1.0
                ]
            ]
        },
        {
            "file_path": "/data/shapenet_blender/all_50_random/02958343/9698778dc63d5874eee70745894f83bc/r_20",
            "rotation": 0.12566370614359174,
            "transform_matrix": [
                [
                    0.9447551369667053,
                    0.05457320809364319,
                    -0.3232020139694214,
                    -1.3028689622879028
                ],
                [
                    -0.32777702808380127,
                    0.15729691088199615,
                    -0.9315685033798218,
                    -3.75527286529541
                ],
                [
                    -3.725290298461914e-09,
                    0.9860422611236572,
                    0.1664949208498001,
                    0.671162486076355
                ],
                [
                    0.0,
                    0.0,
                    0.0,
                    1.0
                ]
            ]
        },
        {
            "file_path": "/data/shapenet_blender/all_50_random/02958343/9698778dc63d5874eee70745894f83bc/r_21",
            "rotation": 0.12566370614359174,
            "transform_matrix": [
                [
                    0.8170040845870972,
                    0.12179778516292572,
                    0.5636219382286072,
                    2.2720327377319336
                ],
                [
                    0.5766319036483765,
                    -0.17256984114646912,
                    -0.7985707521438599,
                    -3.219141721725464
                ],
                [
                    0.0,
                    0.9774379134178162,
                    -0.21122275292873383,
                    -0.851466178894043
                ],
                [
                    0.0,
                    0.0,
                    0.0,
                    1.0
                ]
            ]
        },
        {
            "file_path": "/data/shapenet_blender/all_50_random/02958343/9698778dc63d5874eee70745894f83bc/r_22",
            "rotation": 0.12566370614359174,
            "transform_matrix": [
                [
                    -0.4983650743961334,
                    0.7229747176170349,
                    -0.47847646474838257,
                    -1.928800344467163
                ],
                [
                    -0.8669672012329102,
                    -0.41559281945228577,
                    0.27504611015319824,
                    1.1087462902069092
                ],
                [
                    1.4901160305669237e-08,
                    0.5518968105316162,
                    0.8339123725891113,
                    3.3616082668304443
                ],
                [
                    0.0,
                    0.0,
                    0.0,
                    1.0
                ]
            ]
        },
        {
            "file_path": "/data/shapenet_blender/all_50_random/02958343/9698778dc63d5874eee70745894f83bc/r_23",
            "rotation": 0.12566370614359174,
            "transform_matrix": [
                [
                    -0.9746394157409668,
                    0.15719841420650482,
                    0.15926894545555115,
                    0.6420336365699768
                ],
                [
                    0.22378100454807281,
                    0.6846504807472229,
                    0.6936683058738708,
                    2.7962663173675537
                ],
                [
                    0.0,
                    0.7117178440093994,
                    -0.7024654150009155,
                    -2.83172869682312
                ],
                [
                    0.0,
                    0.0,
                    0.0,
                    1.0
                ]
            ]
        },
        {
            "file_path": "/data/shapenet_blender/all_50_random/02958343/9698778dc63d5874eee70745894f83bc/r_24",
            "rotation": 0.12566370614359174,
            "transform_matrix": [
                [
                    0.33054715394973755,
                    -0.5137760043144226,
                    0.7916897535324097,
                    3.19140362739563
                ],
                [
                    0.9437894225120544,
                    0.1799418181180954,
                    -0.2772766649723053,
                    -1.117738127708435
                ],
                [
                    0.0,
                    0.8388414978981018,
                    0.5443755984306335,
                    2.194448471069336
                ],
                [
                    0.0,
                    0.0,
                    0.0,
                    1.0
                ]
            ]
        },
        {
            "file_path": "/data/shapenet_blender/all_50_random/02958343/9698778dc63d5874eee70745894f83bc/r_25",
            "rotation": 0.12566370614359174,
            "transform_matrix": [
                [
                    0.42409035563468933,
                    -0.007995402440428734,
                    0.9055845141410828,
                    3.6505281925201416
                ],
                [
                    0.9056198596954346,
                    0.0037441460881382227,
                    -0.42407381534576416,
                    -1.7094963788986206
                ],
                [
                    2.3283064365386963e-10,
                    0.9999609589576721,
                    0.008828651160001755,
                    0.03558943420648575
                ],
                [
                    0.0,
                    0.0,
                    0.0,
                    1.0
                ]
            ]
        },
        {
            "file_path": "/data/shapenet_blender/all_50_random/02958343/9698778dc63d5874eee70745894f83bc/r_26",
            "rotation": 0.12566370614359174,
            "transform_matrix": [
                [
                    -0.7909023761749268,
                    0.13936591148376465,
                    -0.5958613157272339,
                    -2.401993751525879
                ],
                [
                    -0.6119424700737,
                    -0.18012285232543945,
                    0.7701182961463928,
                    3.1044461727142334
                ],
                [
                    0.0,
                    0.9737209677696228,
                    0.22774352133274078,
                    0.9180635213851929
                ],
                [
                    0.0,
                    0.0,
                    0.0,
                    1.0
                ]
            ]
        },
        {
            "file_path": "/data/shapenet_blender/all_50_random/02958343/9698778dc63d5874eee70745894f83bc/r_27",
            "rotation": 0.12566370614359174,
            "transform_matrix": [
                [
                    -0.7274418473243713,
                    0.47656121850013733,
                    -0.4936777949333191,
                    -1.9900788068771362
                ],
                [
                    -0.6861692667007446,
                    -0.5052260160446167,
                    0.5233721137046814,
                    2.1097805500030518
                ],
                [
                    -1.4901161193847656e-08,
                    0.7194692492485046,
                    0.6945242285728455,
                    2.7997167110443115
                ],
                [
                    0.0,
                    0.0,
                    0.0,
                    1.0
                ]
            ]
        },
        {
            "file_path": "/data/shapenet_blender/all_50_random/02958343/9698778dc63d5874eee70745894f83bc/r_28",
            "rotation": 0.12566370614359174,
            "transform_matrix": [
                [
                    -0.9757291078567505,
                    -0.0501253604888916,
                    0.21316727995872498,
                    0.859304666519165
                ],
                [
                    0.21898137032985687,
                    -0.22334672510623932,
                    0.9498229026794434,
                    3.8288581371307373
                ],
                [
                    -3.725290298461914e-09,
                    0.9734493494033813,
                    0.22890247404575348,
                    0.9227352738380432
                ],
                [
                    0.0,
                    0.0,
                    0.0,
                    1.0
                ]
            ]
        },
        {
            "file_path": "/data/shapenet_blender/all_50_random/02958343/9698778dc63d5874eee70745894f83bc/r_29",
            "rotation": 0.12566370614359174,
            "transform_matrix": [
                [
                    -0.6304223537445068,
                    0.3255774974822998,
                    0.704675018787384,
                    2.8406360149383545
                ],
                [
                    0.7762524485588074,
                    0.26441314816474915,
                    0.5722917914390564,
                    2.3069822788238525
                ],
                [
                    0.0,
                    0.9077911376953125,
                    -0.4194222688674927,
                    -1.6907453536987305
                ],
                [
                    0.0,
                    0.0,
                    0.0,
                    1.0
                ]
            ]
        },
        {
            "file_path": "/data/shapenet_blender/all_50_random/02958343/9698778dc63d5874eee70745894f83bc/r_30",
            "rotation": 0.12566370614359174,
            "transform_matrix": [
                [
                    0.9912220239639282,
                    -0.12355449795722961,
                    0.04704530909657478,
                    0.1896457076072693
                ],
                [
                    0.13220807909965515,
                    0.9263423085212708,
                    -0.35271933674812317,
                    -1.4218571186065674
                ],
                [
                    0.0,
                    0.35584303736686707,
                    0.9345458149909973,
                    3.7672746181488037
                ],
                [
                    0.0,
                    0.0,
                    0.0,
                    1.0
                ]
            ]
        },
        {
            "file_path": "/data/shapenet_blender/all_50_random/02958343/9698778dc63d5874eee70745894f83bc/r_31",
            "rotation": 0.12566370614359174,
            "transform_matrix": [
                [
                    -0.9396287798881531,
                    -0.30847489833831787,
                    0.14812548458576202,
                    0.5971129536628723
                ],
                [
                    0.3421957790851593,
                    -0.8470352292060852,
                    0.4067348837852478,
                    1.6396007537841797
                ],
                [
                    0.0,
                    0.4328675866127014,
                    0.9014574885368347,
                    3.6338913440704346
                ],
                [
                    0.0,
                    0.0,
                    0.0,
                    1.0
                ]
            ]
        },
        {
            "file_path": "/data/shapenet_blender/all_50_random/02958343/9698778dc63d5874eee70745894f83bc/r_32",
            "rotation": 0.12566370614359174,
            "transform_matrix": [
                [
                    -0.5879266858100891,
                    0.4347494840621948,
                    -0.6821547746658325,
                    -2.7498538494110107
                ],
                [
                    -0.8089143633842468,
                    -0.31598007678985596,
                    0.4957966208457947,
                    1.9986201524734497
                ],
                [
                    0.0,
                    0.8432967662811279,
                    0.5374481678009033,
                    2.166522979736328
                ],
                [
                    0.0,
                    0.0,
                    0.0,
                    1.0
                ]
            ]
        },
        {
            "file_path": "/data/shapenet_blender/all_50_random/02958343/9698778dc63d5874eee70745894f83bc/r_33",
            "rotation": 0.12566370614359174,
            "transform_matrix": [
                [
                    0.9868209362030029,
                    0.04293374717235565,
                    0.15601693093776703,
                    0.6289243698120117
                ],
                [
                    0.1618165522813797,
                    -0.26182687282562256,
                    -0.9514526128768921,
                    -3.835428237915039
                ],
                [
                    0.0,
                    0.9641594290733337,
                    -0.26532360911369324,
                    -1.0695537328720093
                ],
                [
                    0.0,
                    0.0,
                    0.0,
                    1.0
                ]
            ]
        },
        {
            "file_path": "/data/shapenet_blender/all_50_random/02958343/9698778dc63d5874eee70745894f83bc/r_34",
            "rotation": 0.12566370614359174,
            "transform_matrix": [
                [
                    0.39324668049812317,
                    -0.032776545733213425,
                    -0.9188485741615295,
                    -3.7039971351623535
                ],
                [
                    -0.9194331169128418,
                    -0.014018713496625423,
                    -0.3929966688156128,
                    -1.584220290184021
                ],
                [
                    -9.313227966600834e-10,
                    0.9993642568588257,
                    -0.0356486551463604,
                    -0.14370432496070862
                ],
                [
                    0.0,
                    0.0,
                    0.0,
                    1.0
                ]
            ]
        },
        {
            "file_path": "/data/shapenet_blender/all_50_random/02958343/9698778dc63d5874eee70745894f83bc/r_35",
            "rotation": 0.12566370614359174,
            "transform_matrix": [
                [
                    -0.1611746847629547,
                    -0.3128521144390106,
                    0.9360267519950867,
                    3.773244857788086
                ],
                [
                    0.9869259595870972,
                    -0.05109182000160217,
                    0.1528623402118683,
                    0.6162078380584717
                ],
                [
                    0.0,
                    0.9484266042709351,
                    0.31699657440185547,
                    1.2778542041778564
                ],
                [
                    0.0,
                    0.0,
                    0.0,
                    1.0
                ]
            ]
        },
        {
            "file_path": "/data/shapenet_blender/all_50_random/02958343/9698778dc63d5874eee70745894f83bc/r_36",
            "rotation": 0.12566370614359174,
            "transform_matrix": [
                [
                    -0.3297494053840637,
                    0.5498440265655518,
                    0.7674221992492676,
                    3.0935778617858887
                ],
                [
                    0.9440684914588928,
                    0.19205254316329956,
                    0.268049418926239,
                    1.080541729927063
                ],
                [
                    -1.4901161193847656e-08,
                    0.8128882646560669,
                    -0.5824196934700012,
                    -2.347808837890625
                ],
                [
                    0.0,
                    0.0,
                    0.0,
                    1.0
                ]
            ]
        },
        {
            "file_path": "/data/shapenet_blender/all_50_random/02958343/9698778dc63d5874eee70745894f83bc/r_37",
            "rotation": 0.12566370614359174,
            "transform_matrix": [
                [
                    -0.5302379131317139,
                    -0.502008855342865,
                    0.6832531094551086,
                    2.754281520843506
                ],
                [
                    0.8478489518165588,
                    -0.31395232677459717,
                    0.4273010492324829,
                    1.7225056886672974
                ],
                [
                    0.0,
                    0.8058666586875916,
                    0.5920970439910889,
                    2.386819839477539
                ],
                [
                    0.0,
                    0.0,
                    0.0,
                    1.0
                ]
            ]
        },
        {
            "file_path": "/data/shapenet_blender/all_50_random/02958343/9698778dc63d5874eee70745894f83bc/r_38",
            "rotation": 0.12566370614359174,
            "transform_matrix": [
                [
                    -0.41026848554611206,
                    0.652534544467926,
                    -0.6370858550071716,
                    -2.5681755542755127
                ],
                [
                    -0.9119648337364197,
                    -0.2935577630996704,
                    0.2866078019142151,
                    1.15535306930542
                ],
                [
                    -1.4901161193847656e-08,
                    0.6985860466957092,
                    0.7155259251594543,
                    2.8843774795532227
                ],
                [
                    0.0,
                    0.0,
                    0.0,
                    1.0
                ]
            ]
        },
        {
            "file_path": "/data/shapenet_blender/all_50_random/02958343/9698778dc63d5874eee70745894f83bc/r_39",
            "rotation": 0.12566370614359174,
            "transform_matrix": [
                [
                    -0.966639518737793,
                    -0.17544662952423096,
                    0.18661867082118988,
                    0.7522839307785034
                ],
                [
                    0.25614067912101746,
                    -0.6621112823486328,
                    0.7042730450630188,
                    2.839015483856201
                ],
                [
                    -7.450580596923828e-09,
                    0.7285786867141724,
                    0.6849619746208191,
                    2.7611701488494873
                ],
                [
                    0.0,
                    0.0,
                    0.0,
                    1.0
                ]
            ]
        },
        {
            "file_path": "/data/shapenet_blender/all_50_random/02958343/9698778dc63d5874eee70745894f83bc/r_40",
            "rotation": 0.12566370614359174,
            "transform_matrix": [
                [
                    -0.9996268153190613,
                    -0.014882981777191162,
                    0.022908173501491547,
                    0.09234580397605896
                ],
                [
                    0.027318265289068222,
                    -0.5445963144302368,
                    0.8382532596588135,
                    3.3791069984436035
                ],
                [
                    0.0,
                    0.8385661840438843,
                    0.5447996854782104,
                    2.196157693862915
                ],
                [
                    0.0,
                    0.0,
                    0.0,
                    1.0
                ]
            ]
        },
        {
            "file_path": "/data/shapenet_blender/all_50_random/02958343/9698778dc63d5874eee70745894f83bc/r_41",
            "rotation": 0.12566370614359174,
            "transform_matrix": [
                [
                    -0.33624565601348877,
                    -0.009901695884764194,
                    0.9417222738265991,
                    3.796203851699829
                ],
                [
                    0.9417743682861328,
                    -0.003535244148224592,
                    0.33622705936431885,
                    1.3553745746612549
                ],
                [
