{
    "class": "02958343",
    "model": "71304f56bb1165e7f42b5c72b4901f94",
    "remove_doubles": true,
    "edge_split": true,
    "denoise": true,
    "camera_angle_x": 0.6911112070083618,
    "scale_factor": 2.4884660925830366,
    "hdri_file": "/data/IndoorHDRDataset2018/9C4A6215-534513a8d9.exr",
    "center_offset": [
        0.0,
        -1.862645149230957e-09,
        -1.862645149230957e-09
    ],
    "lights": [],
    "frames": [
        {
            "file_path": "/data/shapenet_blender/all_50_random/02958343/71304f56bb1165e7f42b5c72b4901f94/r_0",
            "rotation": 0.12566370614359174,
            "transform_matrix": [
                [
                    0.9842802882194519,
                    -0.06740185618400574,
                    0.16324621438980103,
                    0.6580665111541748
                ],
                [
                    0.17661352455615997,
                    0.3756355345249176,
                    -0.9097832441329956,
                    -3.6674535274505615
                ],
                [
                    0.0,
                    0.9243131279945374,
                    0.38163474202156067,
                    1.5384188890457153
                ],
                [
                    0.0,
                    0.0,
                    0.0,
                    1.0
                ]
            ]
        },
        {
            "file_path": "/data/shapenet_blender/all_50_random/02958343/71304f56bb1165e7f42b5c72b4901f94/r_1",
            "rotation": 0.12566370614359174,
            "transform_matrix": [
                [
                    -0.2086288034915924,
                    -0.6030040979385376,
                    -0.7699741125106812,
                    -3.103864908218384
                ],
                [
                    -0.9779949188232422,
                    0.12863463163375854,
                    0.16425317525863647,
                    0.6621257066726685
                ],
                [
                    0.0,
                    0.7872986793518066,
                    -0.6165717840194702,
                    -2.485480308532715
                ],
                [
                    0.0,
                    0.0,
                    0.0,
                    1.0
                ]
            ]
        },
        {
            "file_path": "/data/shapenet_blender/all_50_random/02958343/71304f56bb1165e7f42b5c72b4901f94/r_2",
            "rotation": 0.12566370614359174,
            "transform_matrix": [
                [
                    0.6445738077163696,
                    -0.23931992053985596,
                    0.726120114326477,
                    2.927083969116211
                ],
                [
                    0.7645419836044312,
                    0.2017669975757599,
                    -0.6121808886528015,
                    -2.467780351638794
                ],
                [
                    0.0,
                    0.9497451782226562,
                    0.3130238652229309,
                    1.2618396282196045
                ],
                [
                    0.0,
                    0.0,
                    0.0,
                    1.0
                ]
            ]
        },
        {
            "file_path": "/data/shapenet_blender/all_50_random/02958343/71304f56bb1165e7f42b5c72b4901f94/r_3",
            "rotation": 0.12566370614359174,
            "transform_matrix": [
                [
                    0.981691300868988,
                    0.05637996643781662,
                    0.18194398283958435,
                    0.7334396839141846
                ],
                [
                    0.19047917425632477,
                    -0.2905709743499756,
                    -0.9377026557922363,
                    -3.7800002098083496
                ],
                [
                    -3.725290298461914e-09,
                    0.9551910161972046,
                    -0.2959901690483093,
                    -1.1931744813919067
                ],
                [
                    0.0,
                    0.0,
                    0.0,
                    1.0
                ]
            ]
        },
        {
            "file_path": "/data/shapenet_blender/all_50_random/02958343/71304f56bb1165e7f42b5c72b4901f94/r_4",
            "rotation": 0.12566370614359174,
            "transform_matrix": [
                [
                    -0.7271149754524231,
                    -0.5017726421356201,
                    0.4685380756855011,
                    1.888737440109253
                ],
                [
                    0.6865155696868896,
                    -0.531446635723114,
                    0.4962466359138489,
                    2.000434160232544
                ],
                [
                    0.0,
                    0.6824871301651001,
                    0.7308976054191589,
                    2.9463424682617188
                ],
                [
                    0.0,
                    0.0,
                    0.0,
                    1.0
                ]
            ]
        },
        {
            "file_path": "/data/shapenet_blender/all_50_random/02958343/71304f56bb1165e7f42b5c72b4901f94/r_5",
            "rotation": 0.12566370614359174,
            "transform_matrix": [
                [
                    0.6367530226707458,
                    -0.15882113575935364,
                    0.7545339465141296,
                    3.041623592376709
                ],
                [
                    0.7710677981376648,
                    0.1311555653810501,
                    -0.6230992078781128,
                    -2.5117931365966797
                ],
                [
                    0.0,
                    0.9785572290420532,
                    0.20597556233406067,
                    0.830314040184021
                ],
                [
                    0.0,
                    0.0,
                    0.0,
                    1.0
                ]
            ]
        },
        {
            "file_path": "/data/shapenet_blender/all_50_random/02958343/71304f56bb1165e7f42b5c72b4901f94/r_6",
            "rotation": 0.12566370614359174,
            "transform_matrix": [
                [
                    -0.9644740223884583,
                    0.16106685996055603,
                    -0.2093973159790039,
                    -0.8441076278686523
                ],
                [
                    -0.26417750120162964,
                    -0.5880318284034729,
                    0.7644793391227722,
                    3.0817151069641113
                ],
                [
                    0.0,
                    0.7926385402679443,
                    0.6096916198730469,
                    2.4577457904815674
                ],
                [
                    0.0,
                    0.0,
                    0.0,
                    1.0
                ]
            ]
        },
        {
            "file_path": "/data/shapenet_blender/all_50_random/02958343/71304f56bb1165e7f42b5c72b4901f94/r_7",
            "rotation": 0.12566370614359174,
            "transform_matrix": [
                [
                    -0.4069424271583557,
                    0.21470382809638977,
                    -0.8878626823425293,
                    -3.5790886878967285
                ],
                [
                    -0.9134538173675537,
                    -0.09565026313066483,
                    0.39554160833358765,
                    1.5944792032241821
                ],
                [
                    0.0,
                    0.9719840884208679,
                    0.23504623770713806,
                    0.9475016593933105
                ],
                [
                    0.0,
                    0.0,
                    0.0,
                    1.0
                ]
            ]
        },
        {
            "file_path": "/data/shapenet_blender/all_50_random/02958343/71304f56bb1165e7f42b5c72b4901f94/r_8",
            "rotation": 0.12566370614359174,
            "transform_matrix": [
                [
                    -0.7713124752044678,
                    0.34336307644844055,
                    0.5358906388282776,
                    2.1602444648742676
                ],
                [
                    0.6364566087722778,
                    0.4161166548728943,
                    0.6494380235671997,
                    2.6179685592651367
                ],
                [
                    1.4901161193847656e-08,
                    0.8419908881187439,
                    -0.5394916534423828,
                    -2.174760580062866
                ],
                [
                    0.0,
                    0.0,
                    0.0,
                    1.0
                ]
            ]
        },
        {
            "file_path": "/data/shapenet_blender/all_50_random/02958343/71304f56bb1165e7f42b5c72b4901f94/r_9",
            "rotation": 0.12566370614359174,
            "transform_matrix": [
                [
                    0.8849156498908997,
                    -0.03355851396918297,
                    -0.46454063057899475,
                    -1.8726232051849365
                ],
                [
                    -0.46575117111206055,
                    -0.06376034766435623,
                    -0.8826156854629517,
                    -3.5579376220703125
                ],
                [
                    -1.8626450382086546e-09,
                    0.9974008202552795,
                    -0.07205244898796082,
                    -0.2904527187347412
                ],
                [
                    0.0,
                    0.0,
                    0.0,
                    1.0
                ]
            ]
        },
        {
            "file_path": "/data/shapenet_blender/all_50_random/02958343/71304f56bb1165e7f42b5c72b4901f94/r_10",
            "rotation": 0.12566370614359174,
            "transform_matrix": [
                [
                    0.9652220606803894,
                    -0.06157194823026657,
                    -0.25407716631889343,
                    -1.024217963218689
                ],
                [
                    -0.2614312767982483,
                    -0.22732780873775482,
                    -0.9380701780319214,
                    -3.781481981277466
                ],
                [
                    0.0,
                    0.9718698263168335,
                    -0.23551863431930542,
                    -0.9494060277938843
                ],
                [
                    0.0,
                    0.0,
                    0.0,
                    1.0
                ]
            ]
        },
        {
            "file_path": "/data/shapenet_blender/all_50_random/02958343/71304f56bb1165e7f42b5c72b4901f94/r_11",
            "rotation": 0.12566370614359174,
            "transform_matrix": [
                [
                    0.03789437934756279,
                    -0.09003503620624542,
                    0.9952174425125122,
                    4.011849403381348
                ],
                [
                    0.9992817044258118,
                    0.0034142741933465004,
                    -0.037740256637334824,
                    -0.15213581919670105
                ],
                [
                    0.0,
                    0.9959326982498169,
                    0.0900997519493103,
                    0.36320367455482483
                ],
                [
                    0.0,
                    0.0,
                    0.0,
                    1.0
                ]
            ]
        },
        {
            "file_path": "/data/shapenet_blender/all_50_random/02958343/71304f56bb1165e7f42b5c72b4901f94/r_12",
            "rotation": 0.12566370614359174,
            "transform_matrix": [
                [
                    -0.747626781463623,
                    -0.26642364263534546,
                    -0.6083359122276306,
                    -2.4522805213928223
                ],
                [
                    -0.6641190052032471,
                    0.2999243140220642,
                    0.6848293542861938,
                    2.7606353759765625
                ],
                [
                    0.0,
                    0.9160043001174927,
                    -0.40116849541664124,
                    -1.6171619892120361
                ],
                [
                    0.0,
                    0.0,
                    0.0,
                    1.0
                ]
            ]
        },
        {
            "file_path": "/data/shapenet_blender/all_50_random/02958343/71304f56bb1165e7f42b5c72b4901f94/r_13",
            "rotation": 0.12566370614359174,
            "transform_matrix": [
                [
                    0.9465264081954956,
                    -0.005856642499566078,
                    0.3225734829902649,
                    1.3003352880477905
                ],
                [
                    0.32262668013572693,
                    0.01718229614198208,
                    -0.9463703036308289,
                    -3.8149406909942627
                ],
                [
                    -4.656613428188905e-10,
                    0.999835193157196,
                    0.018153004348278046,
                    0.07317709922790527
                ],
                [
                    0.0,
                    0.0,
                    0.0,
                    1.0
                ]
            ]
        },
        {
            "file_path": "/data/shapenet_blender/all_50_random/02958343/71304f56bb1165e7f42b5c72b4901f94/r_14",
            "rotation": 0.12566370614359174,
            "transform_matrix": [
                [
                    0.8376230597496033,
                    -0.072865329682827,
                    0.5413669943809509,
                    2.1823201179504395
                ],
                [
                    0.5462486147880554,
                    0.11173241585493088,
                    -0.8301374912261963,
                    -3.346391201019287
                ],
                [
                    -3.725290298461914e-09,
                    0.9910631775856018,
                    0.13339224457740784,
                    0.5377213358879089
                ],
                [
                    0.0,
                    0.0,
                    0.0,
                    1.0
                ]
            ]
        },
        {
            "file_path": "/data/shapenet_blender/all_50_random/02958343/71304f56bb1165e7f42b5c72b4901f94/r_15",
            "rotation": 0.12566370614359174,
            "transform_matrix": [
                [
                    0.915381908416748,
                    -0.26158952713012695,
                    0.30601778626441956,
                    1.2335971593856812
                ],
                [
                    0.40258660912513733,
                    0.5947896242141724,
                    -0.6958084106445312,
                    -2.8048934936523438
                ],
                [
                    -1.4901161193847656e-08,
                    0.7601290345191956,
                    0.649772047996521,
                    2.6193149089813232
                ],
                [
                    0.0,
                    0.0,
                    0.0,
                    1.0
                ]
            ]
        },
        {
            "file_path": "/data/shapenet_blender/all_50_random/02958343/71304f56bb1165e7f42b5c72b4901f94/r_16",
            "rotation": 0.12566370614359174,
            "transform_matrix": [
                [
                    -0.9316087365150452,
                    -0.12551766633987427,
                    -0.3411019444465637,
                    -1.3750258684158325
                ],
                [
                    -0.3634628355503082,
                    0.3217202126979828,
                    0.8742944598197937,
                    3.5243937969207764
                ],
                [
                    -7.450581485102248e-09,
                    0.9384781718254089,
                    -0.345338374376297,
                    -1.3921035528182983
                ],
                [
                    0.0,
                    0.0,
                    0.0,
                    1.0
                ]
            ]
        },
        {
            "file_path": "/data/shapenet_blender/all_50_random/02958343/71304f56bb1165e7f42b5c72b4901f94/r_17",
            "rotation": 0.12566370614359174,
            "transform_matrix": [
                [
                    -0.17276832461357117,
                    0.8149284720420837,
                    0.5532111525535583,
                    2.2300655841827393
                ],
                [
                    0.9849625825881958,
                    0.1429433375597,
                    0.09703654795885086,
                    0.3911668360233307
                ],
                [
                    0.0,
                    0.5616571307182312,
                    -0.8273701071739197,
                    -3.335235595703125
                ],
                [
                    0.0,
                    0.0,
                    0.0,
                    1.0
                ]
            ]
        },
        {
            "file_path": "/data/shapenet_blender/all_50_random/02958343/71304f56bb1165e7f42b5c72b4901f94/r_18",
            "rotation": 0.12566370614359174,
            "transform_matrix": [
                [
                    0.2865487337112427,
                    0.5661401748657227,
                    -0.7729004621505737,
                    -3.115661382675171
                ],
                [
                    -0.9580656886100769,
                    0.16932739317417145,
                    -0.2311675250530243,
                    -0.9318661093711853
                ],
                [
                    0.0,
                    0.8067301511764526,
                    0.5909199714660645,
                    2.3820745944976807
                ],
                [
                    0.0,
                    0.0,
                    0.0,
                    1.0
                ]
            ]
        },
        {
            "file_path": "/data/shapenet_blender/all_50_random/02958343/71304f56bb1165e7f42b5c72b4901f94/r_19",
            "rotation": 0.12566370614359174,
            "transform_matrix": [
                [
                    -0.9511726498603821,
                    0.01831919513642788,
                    0.3081152141094208,
                    1.2420523166656494
                ],
                [
                    0.3086593449115753,
                    0.056452907621860504,
                    0.9494958519935608,
                    3.827540397644043
                ],
                [
                    0.0,
                    0.9982371926307678,
                    -0.05935085192322731,
                    -0.23925095796585083
                ],
                [
                    0.0,
                    0.0,
                    0.0,
                    1.0
                ]
            ]
        },
        {
            "file_path": "/data/shapenet_blender/all_50_random/02958343/71304f56bb1165e7f42b5c72b4901f94/r_20",
            "rotation": 0.12566370614359174,
            "transform_matrix": [
                [
                    -0.004890514072030783,
                    0.10554664582014084,
                    0.9944024682044983,
                    4.008563995361328
                ],
                [
                    0.9999880194664001,
                    0.0005161835579201579,
                    0.004863197915256023,
                    0.01960417628288269
                ],
                [
                    0.0,
                    0.9944141507148743,
                    -0.1055479422211647,
                    -0.4254773259162903
                ],
                [
                    0.0,
                    0.0,
                    0.0,
                    1.0
                ]
            ]
        },
        {
            "file_path": "/data/shapenet_blender/all_50_random/02958343/71304f56bb1165e7f42b5c72b4901f94/r_21",
            "rotation": 0.12566370614359174,
            "transform_matrix": [
                [
                    0.9484374523162842,
                    -0.013000145554542542,
                    0.3166976869106293,
                    1.2766492366790771
                ],
                [
                    0.31696441769599915,
                    0.03889971226453781,
                    -0.9476393461227417,
                    -3.820056438446045
                ],
                [
                    0.0,
                    0.9991584420204163,
                    0.04101452976465225,
                    0.16533485054969788
                ],
                [
                    0.0,
                    0.0,
                    0.0,
                    1.0
                ]
            ]
        },
        {
            "file_path": "/data/shapenet_blender/all_50_random/02958343/71304f56bb1165e7f42b5c72b4901f94/r_22",
            "rotation": 0.12566370614359174,
            "transform_matrix": [
                [
                    -0.19147317111492157,
                    0.19021430611610413,
                    0.9628897309303284,
                    3.8815321922302246
                ],
                [
                    0.9814978241920471,
                    0.03710750862956047,
                    0.18784306943416595,
                    0.7572195529937744
                ],
                [
                    0.0,
                    0.9810410141944885,
                    -0.19380006194114685,
                    -0.7812329530715942
                ],
                [
                    0.0,
                    0.0,
                    0.0,
                    1.0
                ]
            ]
        },
        {
            "file_path": "/data/shapenet_blender/all_50_random/02958343/71304f56bb1165e7f42b5c72b4901f94/r_23",
            "rotation": 0.12566370614359174,
            "transform_matrix": [
                [
                    -0.9153481125831604,
                    0.040991101413965225,
                    -0.40057146549224854,
                    -1.614755392074585
                ],
                [
                    -0.40266335010528564,
                    -0.09318237006664276,
                    0.9105927348136902,
                    3.6707170009613037
                ],
                [
                    0.0,
                    0.994804859161377,
                    0.10179992020130157,
                    0.4103686213493347
                ],
                [
                    0.0,
                    0.0,
                    0.0,
                    1.0
                ]
            ]
        },
        {
            "file_path": "/data/shapenet_blender/all_50_random/02958343/71304f56bb1165e7f42b5c72b4901f94/r_24",
            "rotation": 0.12566370614359174,
            "transform_matrix": [
                [
                    0.9769693613052368,
                    0.20428508520126343,
                    -0.061631444841623306,
                    -0.2484443038702011
                ],
                [
                    -0.21337953209877014,
                    0.9353299736976624,
                    -0.2821827828884125,
                    -1.1375151872634888
                ],
                [
                    3.7252898543727042e-09,
                    0.28883492946624756,
                    0.9573789834976196,
                    3.8593180179595947
                ],
                [
                    0.0,
                    0.0,
                    0.0,
                    1.0
                ]
            ]
        },
        {
            "file_path": "/data/shapenet_blender/all_50_random/02958343/71304f56bb1165e7f42b5c72b4901f94/r_25",
            "rotation": 0.12566370614359174,
            "transform_matrix": [
                [
                    -0.5337800979614258,
                    -0.06791212409734726,
                    -0.8428918719291687,
                    -3.39780592918396
                ],
                [
                    -0.8456234335899353,
                    0.04286795109510422,
                    0.5320559144020081,
                    2.1447858810424805
                ],
                [
                    0.0,
                    0.9967698454856873,
                    -0.08031013607978821,
                    -0.32374051213264465
                ],
                [
                    0.0,
                    0.0,
                    0.0,
                    1.0
                ]
            ]
        },
        {
            "file_path": "/data/shapenet_blender/all_50_random/02958343/71304f56bb1165e7f42b5c72b4901f94/r_26",
            "rotation": 0.12566370614359174,
            "transform_matrix": [
                [
                    -0.8744717836380005,
                    0.15030537545681,
                    0.46120205521583557,
                    1.859165072441101
                ],
                [
                    0.48507630825042725,
                    0.2709631323814392,
                    0.8314324021339417,
                    3.351611375808716
                ],
                [
                    7.450580152834618e-09,
                    0.9507824778556824,
                    -0.30985915660858154,
                    -1.249082326889038
                ],
                [
                    0.0,
                    0.0,
                    0.0,
                    1.0
                ]
            ]
        },
        {
            "file_path": "/data/shapenet_blender/all_50_random/02958343/71304f56bb1165e7f42b5c72b4901f94/r_27",
            "rotation": 0.12566370614359174,
            "transform_matrix": [
                [
                    -0.6051172018051147,
                    -0.5383303761482239,
                    0.5865437388420105,
                    2.3644332885742188
                ],
                [
                    0.7961363792419434,
                    -0.40916725993156433,
                    0.44581273198127747,
                    1.7971285581588745
                ],
                [
                    -2.9802318834981634e-08,
                    0.7367377877235413,
                    0.6761785745620728,
                    2.7257628440856934
                ],
                [
                    0.0,
                    0.0,
                    0.0,
                    1.0
                ]
            ]
        },
        {
            "file_path": "/data/shapenet_blender/all_50_random/02958343/71304f56bb1165e7f42b5c72b4901f94/r_28",
            "rotation": 0.12566370614359174,
            "transform_matrix": [
                [
                    -0.027879023924469948,
                    -0.11683028191328049,
                    0.9927605390548706,
                    4.001945495605469
                ],
                [
                    0.9996113181114197,
                    -0.0032583808060735464,
                    0.027687957510352135,
                    0.11161372065544128
                ],
                [
                    0.0,
                    0.9931465983390808,
                    0.11687570065259933,
                    0.47114098072052
                ],
                [
                    0.0,
                    0.0,
                    0.0,
                    1.0
                ]
            ]
        },
        {
            "file_path": "/data/shapenet_blender/all_50_random/02958343/71304f56bb1165e7f42b5c72b4901f94/r_29",
            "rotation": 0.12566370614359174,
            "transform_matrix": [
                [
                    -0.7753380537033081,
                    -0.42063114047050476,
                    -0.47108420729637146,
                    -1.899001121520996
                ],
                [
                    -0.6315464377403259,
                    0.5164011716842651,
                    0.578341543674469,
                    2.331369400024414
                ],
                [
                    -1.4901159417490817e-08,
                    0.7459217309951782,
                    -0.6660336256027222,
                    -2.6848673820495605
                ],
                [
                    0.0,
                    0.0,
                    0.0,
                    1.0
                ]
            ]
        },
        {
            "file_path": "/data/shapenet_blender/all_50_random/02958343/71304f56bb1165e7f42b5c72b4901f94/r_30",
            "rotation": 0.12566370614359174,
            "transform_matrix": [
                [
                    0.9939062595367432,
                    0.06914081424474716,
                    0.08584807068109512,
                    0.34606462717056274
                ],
                [
                    0.11022859811782837,
                    -0.6234270334243774,
                    -0.774072527885437,
                    -3.1203861236572266
                ],
                [
                    3.725290298461914e-09,
                    0.7788183689117432,
                    -0.6272494196891785,
                    -2.5285232067108154
                ],
                [
                    0.0,
                    0.0,
                    0.0,
                    1.0
                ]
            ]
        },
        {
            "file_path": "/data/shapenet_blender/all_50_random/02958343/71304f56bb1165e7f42b5c72b4901f94/r_31",
            "rotation": 0.12566370614359174,
            "transform_matrix": [
                [
                    0.4338744282722473,
                    0.263323575258255,
                    -0.8616343140602112,
                    -3.4733591079711914
                ],
                [
                    -0.900973379611969,
                    0.1268066018819809,
                    -0.4149302542209625,
                    -1.6726373434066772
                ],
                [
                    0.0,
                    0.9563371539115906,
                    0.2922656536102295,
                    1.178160548210144
                ],
                [
                    0.0,
                    0.0,
                    0.0,
                    1.0
                ]
            ]
        },
        {
            "file_path": "/data/shapenet_blender/all_50_random/02958343/71304f56bb1165e7f42b5c72b4901f94/r_32",
            "rotation": 0.12566370614359174,
            "transform_matrix": [
                [
                    -0.19133678078651428,
                    -0.5662804245948792,
                    0.8016960620880127,
                    3.231740713119507
                ],
                [
                    0.9815244674682617,
                    -0.11038977652788162,
                    0.15628132224082947,
                    0.6299902200698853
                ],
                [
                    0.0,
                    0.8167867660522461,
                    0.576939582824707,
                    2.3257181644439697
                ],
                [
                    0.0,
                    0.0,
                    0.0,
                    1.0
                ]
            ]
        },
        {
            "file_path": "/data/shapenet_blender/all_50_random/02958343/71304f56bb1165e7f42b5c72b4901f94/r_33",
            "rotation": 0.12566370614359174,
            "transform_matrix": [
                [
                    0.3337816298007965,
                    -0.8917301893234253,
                    -0.3056254982948303,
                    -1.23201584815979
                ],
                [
                    -0.9426504373550415,
                    -0.3157513439655304,
                    -0.10821845382452011,
                    -0.43624255061149597
                ],
                [
                    0.0,
                    0.3242194354534149,
                    -0.9459819793701172,
                    -3.813375234603882
                ],
                [
                    0.0,
                    0.0,
                    0.0,
                    1.0
                ]
            ]
        },
        {
            "file_path": "/data/shapenet_blender/all_50_random/02958343/71304f56bb1165e7f42b5c72b4901f94/r_34",
            "rotation": 0.12566370614359174,
            "transform_matrix": [
                [
                    0.8298965096473694,
                    0.05572352558374405,
                    -0.5551275014877319,
                    -2.237790584564209
                ],
                [
                    -0.5579171776771545,
                    0.08288820832967758,
                    -0.8257468938827515,
                    -3.3286921977996826
                ],
                [
                    -3.725290076417309e-09,
                    0.9949997067451477,
                    0.09987775981426239,
                    0.4026201367378235
                ],
                [
                    0.0,
                    0.0,
                    0.0,
                    1.0
                ]
            ]
        },
        {
            "file_path": "/data/shapenet_blender/all_50_random/02958343/71304f56bb1165e7f42b5c72b4901f94/r_35",
            "rotation": 0.12566370614359174,
            "transform_matrix": [
                [
                    -0.8968198299407959,
                    -0.1926768571138382,
                    0.39823317527770996,
                    1.6053292751312256
                ],
                [
                    0.44239577651023865,
                    -0.39059239625930786,
                    0.8072939515113831,
                    3.2543060779571533
                ],
                [
                    -1.4901160305669237e-08,
                    0.9001740217208862,
                    0.435530424118042,
                    1.7556792497634888
                ],
                [
                    0.0,
                    0.0,
                    0.0,
                    1.0
                ]
            ]
        },
        {
            "file_path": "/data/shapenet_blender/all_50_random/02958343/71304f56bb1165e7f42b5c72b4901f94/r_36",
            "rotation": 0.12566370614359174,
            "transform_matrix": [
                [
                    -0.8724194765090942,
                    -0.32545679807662964,
                    0.36463963985443115,
                    1.4699095487594604
                ],
                [
                    0.48875778913497925,
                    -0.5809316039085388,
                    0.6508719325065613,
                    2.623749017715454
                ],
                [
                    -1.4901159417490817e-08,
                    0.74605393409729,
                    0.6658855080604553,
                    2.6842706203460693
                ],
                [
                    0.0,
                    0.0,
                    0.0,
                    1.0
                ]
            ]
        },
        {
            "file_path": "/data/shapenet_blender/all_50_random/02958343/71304f56bb1165e7f42b5c72b4901f94/r_37",
            "rotation": 0.12566370614359174,
            "transform_matrix": [
                [
                    -0.5355581641197205,
                    0.06852090358734131,
                    0.8417139053344727,
                    3.393057346343994
                ],
                [
                    0.8444982767105103,
                    0.0434541217982769,
                    0.5337923765182495,
                    2.1517858505249023
                ],
                [
                    -3.725290076417309e-09,
                    0.9967028498649597,
                    -0.0811380073428154,
                    -0.3270777761936188
                ],
                [
                    0.0,
                    0.0,
                    0.0,
                    1.0
                ]
            ]
        },
        {
            "file_path": "/data/shapenet_blender/all_50_random/02958343/71304f56bb1165e7f42b5c72b4901f94/r_38",
            "rotation": 0.12566370614359174,
            "transform_matrix": [
                [
                    0.8339166641235352,
                    0.4913281202316284,
                    0.25135576725006104,
                    1.0132474899291992
                ],
                [
                    0.55189049243927,
                    -0.7424058318138123,
                    -0.3798031806945801,
                    -1.5310355424880981
                ],
                [
                    0.0,
                    0.4554451107978821,
                    -0.8902638554573059,
                    -3.588768482208252
                ],
                [
                    0.0,
                    0.0,
                    0.0,
                    1.0
                ]
            ]
        },
        {
            "file_path": "/data/shapenet_blender/all_50_random/02958343/71304f56bb1165e7f42b5c72b4901f94/r_39",
            "rotation": 0.12566370614359174,
            "transform_matrix": [
                [
                    -0.3939306139945984,
                    0.602973461151123,
                    0.6937158703804016,
                    2.7964580059051514
                ],
                [
                    0.9191402196884155,
                    0.2584259510040283,
                    0.29731690883636475,
                    1.1985228061676025
                ],
                [
                    1.4901161193847656e-08,
                    0.7547444105148315,
                    -0.6560189723968506,
                    -2.6444971561431885
                ],
                [
                    0.0,
                    0.0,
                    0.0,
                    1.0
                ]
            ]
        },
        {
            "file_path": "/data/shapenet_blender/all_50_random/02958343/71304f56bb1165e7f42b5c72b4901f94/r_40",
            "rotation": 0.12566370614359174,
            "transform_matrix": [
                [
                    0.6878423094749451,
                    -0.2312542051076889,
                    0.6880366206169128,
                    2.773564338684082
                ],
                [
                    0.7258601188659668,
                    0.21914198994636536,
                    -0.6519998908042908,
                    -2.628295660018921
                ],
                [
                    0.0,
                    0.9478914141654968,
                    0.3185933530330658,
                    1.2842909097671509
                ],
                [
                    0.0,
                    0.0,
                    0.0,
                    1.0
                ]
            ]
        },
        {
            "file_path": "/data/shapenet_blender/all_50_random/02958343/71304f56bb1165e7f42b5c72b4901f94/r_41",
            "rotation": 0.12566370614359174,
            "transform_matrix": [
                [
                    -0.8513022065162659,
                    0.4205916225910187,
                    -0.3136671185493469,
                    -1.2644325494766235
                ],
                [
                    -0.5246754884719849,
                    -0.682422935962677,
                    0.5089346170425415,
                    2.0515811443328857
                ],
                [
                    -1.4901160305669237e-08,
