{
    "class": "02958343",
    "model": "d1bf2bf3302c0ec0e21186de41a0101",
    "remove_doubles": true,
    "edge_split": true,
    "denoise": true,
    "camera_angle_x": 0.6911112070083618,
    "scale_factor": 2.2089440344631384,
    "hdri_file": "/data/IndoorHDRDataset2018/AG8A2229-f3ca5bd939.exr",
    "center_offset": [
        0.0,
        0.0,
        -9.313225746154785e-10
    ],
    "lights": [],
    "frames": [
        {
            "file_path": "/data/shapenet_blender/all_50_random/02958343/d1bf2bf3302c0ec0e21186de41a0101/r_0",
            "rotation": 0.12566370614359174,
            "transform_matrix": [
                [
                    0.893968939781189,
                    0.0016010317485779524,
                    -0.4481258988380432,
                    -1.8064532279968262
                ],
                [
                    -0.44812875986099243,
                    0.003193887183442712,
                    -0.8939632773399353,
                    -3.6036813259124756
                ],
                [
                    -1.1641531488804091e-10,
                    0.9999936819076538,
                    0.0035727040376514196,
                    0.01440203096717596
                ],
                [
                    0.0,
                    0.0,
                    0.0,
                    1.0
                ]
            ]
        },
        {
            "file_path": "/data/shapenet_blender/all_50_random/02958343/d1bf2bf3302c0ec0e21186de41a0101/r_1",
            "rotation": 0.12566370614359174,
            "transform_matrix": [
                [
                    -0.37720033526420593,
                    0.6143800020217896,
                    0.6930058002471924,
                    2.793595790863037
                ],
                [
                    0.9261316657066345,
                    0.25022828578948975,
                    0.2822514772415161,
                    1.1377921104431152
                ],
                [
                    1.4901161193847656e-08,
                    0.748279869556427,
                    -0.6633830070495605,
                    -2.674182415008545
                ],
                [
                    0.0,
                    0.0,
                    0.0,
                    1.0
                ]
            ]
        },
        {
            "file_path": "/data/shapenet_blender/all_50_random/02958343/d1bf2bf3302c0ec0e21186de41a0101/r_2",
            "rotation": 0.12566370614359174,
            "transform_matrix": [
                [
                    -0.9201630353927612,
                    -0.20498865842819214,
                    -0.33358603715896606,
                    -1.3447284698486328
                ],
                [
                    -0.39153552055358887,
                    0.481751948595047,
                    0.783973753452301,
                    3.16029953956604
                ],
                [
                    0.0,
                    0.8519943952560425,
                    -0.5235506296157837,
                    -2.1105003356933594
                ],
                [
                    0.0,
                    0.0,
                    0.0,
                    1.0
                ]
            ]
        },
        {
            "file_path": "/data/shapenet_blender/all_50_random/02958343/d1bf2bf3302c0ec0e21186de41a0101/r_3",
            "rotation": 0.12566370614359174,
            "transform_matrix": [
                [
                    0.6943181753158569,
                    -0.5143966674804688,
                    -0.5033074617385864,
                    -2.028897523880005
                ],
                [
                    -0.7196682691574097,
                    -0.49627718329429626,
                    -0.48557865619659424,
                    -1.9574302434921265
                ],
                [
                    1.4901161193847656e-08,
                    0.6993604898452759,
                    -0.7147690653800964,
                    -2.88132643699646
                ],
                [
                    0.0,
                    0.0,
                    0.0,
                    1.0
                ]
            ]
        },
        {
            "file_path": "/data/shapenet_blender/all_50_random/02958343/d1bf2bf3302c0ec0e21186de41a0101/r_4",
            "rotation": 0.12566370614359174,
            "transform_matrix": [
                [
                    0.9002630114555359,
                    -0.09512973576784134,
                    -0.42482587695121765,
                    -1.712527871131897
                ],
                [
                    -0.43534669280052185,
                    -0.19672086834907532,
                    -0.8785067796707153,
                    -3.5413742065429688
                ],
                [
                    7.450581485102248e-09,
                    0.975833535194397,
                    -0.21851493418216705,
                    -0.8808618783950806
                ],
                [
                    0.0,
                    0.0,
                    0.0,
                    1.0
                ]
            ]
        },
        {
            "file_path": "/data/shapenet_blender/all_50_random/02958343/d1bf2bf3302c0ec0e21186de41a0101/r_5",
            "rotation": 0.12566370614359174,
            "transform_matrix": [
                [
                    -0.9754747748374939,
                    0.06711023300886154,
                    0.20963089168071747,
                    0.8450490236282349
                ],
                [
                    0.22011105716228485,
                    0.29741501808166504,
                    0.9290293455123901,
                    3.7450366020202637
                ],
                [
                    0.0,
                    0.9523866772651672,
                    -0.3048925995826721,
                    -1.229061245918274
                ],
                [
                    0.0,
                    0.0,
                    0.0,
                    1.0
                ]
            ]
        },
        {
            "file_path": "/data/shapenet_blender/all_50_random/02958343/d1bf2bf3302c0ec0e21186de41a0101/r_6",
            "rotation": 0.12566370614359174,
            "transform_matrix": [
                [
                    -0.6041854023933411,
                    -0.49106118083000183,
                    0.6275498867034912,
                    2.5297346115112305
                ],
                [
                    0.7968437671661377,
                    -0.37233397364616394,
                    0.4758228361606598,
                    1.9181032180786133
                ],
                [
                    1.4901161193847656e-08,
                    0.787544310092926,
                    0.6162578463554382,
                    2.4842147827148438
                ],
                [
                    0.0,
                    0.0,
                    0.0,
                    1.0
                ]
            ]
        },
        {
            "file_path": "/data/shapenet_blender/all_50_random/02958343/d1bf2bf3302c0ec0e21186de41a0101/r_7",
            "rotation": 0.12566370614359174,
            "transform_matrix": [
                [
                    0.8027376532554626,
                    -0.15392106771469116,
                    0.5761255025863647,
                    2.3224360942840576
                ],
                [
                    0.596332311630249,
                    0.2071969360113144,
                    -0.7755367159843445,
                    -3.126288414001465
                ],
                [
                    7.450580152834618e-09,
                    0.9661147594451904,
                    0.25811290740966797,
                    1.040486454963684
                ],
                [
                    0.0,
                    0.0,
                    0.0,
                    1.0
                ]
            ]
        },
        {
            "file_path": "/data/shapenet_blender/all_50_random/02958343/d1bf2bf3302c0ec0e21186de41a0101/r_8",
            "rotation": 0.12566370614359174,
            "transform_matrix": [
                [
                    0.9774330258369446,
                    -0.010381092317402363,
                    0.21099057793617249,
                    0.8505302667617798
                ],
                [
                    0.2112458497285843,
                    0.04803324118256569,
                    -0.9762519598007202,
                    -3.9353978633880615
                ],
                [
                    0.0,
                    0.9987917542457581,
                    0.04914223402738571,
                    0.19809868931770325
                ],
                [
                    0.0,
                    0.0,
                    0.0,
                    1.0
                ]
            ]
        },
        {
            "file_path": "/data/shapenet_blender/all_50_random/02958343/d1bf2bf3302c0ec0e21186de41a0101/r_9",
            "rotation": 0.12566370614359174,
            "transform_matrix": [
                [
                    0.5530185699462891,
                    0.020377563312649727,
                    0.832919716835022,
                    3.3576064109802246
                ],
                [
                    0.8331689238548279,
                    -0.013525675982236862,
                    -0.5528532266616821,
                    -2.2286224365234375
                ],
                [
                    9.313225191043273e-10,
                    0.9997008442878723,
                    -0.0244579054415226,
                    -0.09859295934438705
                ],
                [
                    0.0,
                    0.0,
                    0.0,
                    1.0
                ]
            ]
        },
        {
            "file_path": "/data/shapenet_blender/all_50_random/02958343/d1bf2bf3302c0ec0e21186de41a0101/r_10",
            "rotation": 0.12566370614359174,
            "transform_matrix": [
                [
                    -0.14703774452209473,
                    -0.4163307547569275,
                    0.897244930267334,
                    3.616910219192505
                ],
                [
                    0.9891307950019836,
                    -0.061889030039310455,
                    0.13337859511375427,
                    0.537666380405426
                ],
                [
                    3.7252896323280993e-09,
                    0.9071044921875,
                    0.42090559005737305,
                    1.696724772453308
                ],
                [
                    0.0,
                    0.0,
                    0.0,
                    1.0
                ]
            ]
        },
        {
            "file_path": "/data/shapenet_blender/all_50_random/02958343/d1bf2bf3302c0ec0e21186de41a0101/r_11",
            "rotation": 0.12566370614359174,
            "transform_matrix": [
                [
                    -0.8243208527565002,
                    -0.011840756982564926,
                    -0.5659991502761841,
                    -2.2816154956817627
                ],
                [
                    -0.5661229491233826,
                    0.01724109798669815,
                    0.8241404891014099,
                    3.322216510772705
                ],
                [
                    0.0,
                    0.9997811317443848,
                    -0.020915525034070015,
                    -0.08431317657232285
                ],
                [
                    0.0,
                    0.0,
                    0.0,
                    1.0
                ]
            ]
        },
        {
            "file_path": "/data/shapenet_blender/all_50_random/02958343/d1bf2bf3302c0ec0e21186de41a0101/r_12",
            "rotation": 0.12566370614359174,
            "transform_matrix": [
                [
                    0.5672705173492432,
                    0.2032068818807602,
                    0.7980671525001526,
                    3.217111587524414
                ],
                [
                    0.8235316276550293,
                    -0.13997431099414825,
                    -0.5497298836708069,
                    -2.216032028198242
                ],
                [
                    7.450581485102248e-09,
                    0.9690790176391602,
                    -0.2467505782842636,
                    -0.9946833848953247
                ],
                [
                    0.0,
                    0.0,
                    0.0,
                    1.0
                ]
            ]
        },
        {
            "file_path": "/data/shapenet_blender/all_50_random/02958343/d1bf2bf3302c0ec0e21186de41a0101/r_13",
            "rotation": 0.12566370614359174,
            "transform_matrix": [
                [
                    -0.7874256372451782,
                    0.2526912987232208,
                    0.5622348189353943,
                    2.2664413452148438
                ],
                [
                    0.6164097785949707,
                    0.32279762625694275,
                    0.7182204723358154,
                    2.8952395915985107
                ],
                [
                    0.0,
                    0.9121121764183044,
                    -0.4099404513835907,
                    -1.6525229215621948
                ],
                [
                    0.0,
                    0.0,
                    0.0,
                    1.0
                ]
            ]
        },
        {
            "file_path": "/data/shapenet_blender/all_50_random/02958343/d1bf2bf3302c0ec0e21186de41a0101/r_14",
            "rotation": 0.12566370614359174,
            "transform_matrix": [
                [
                    0.26607903838157654,
                    -0.8574098348617554,
                    0.4405113458633423,
                    1.7757577896118164
                ],
                [
                    0.9639512896537781,
                    0.23667044937610626,
                    -0.1215941458940506,
                    -0.49016162753105164
                ],
                [
                    0.0,
                    0.4569852352142334,
                    0.8894743919372559,
                    3.585585594177246
                ],
                [
                    0.0,
                    0.0,
                    0.0,
                    1.0
                ]
            ]
        },
        {
            "file_path": "/data/shapenet_blender/all_50_random/02958343/d1bf2bf3302c0ec0e21186de41a0101/r_15",
            "rotation": 0.12566370614359174,
            "transform_matrix": [
                [
                    0.9888474345207214,
                    0.036410290747880936,
                    0.14441293478012085,
                    0.5821472406387329
                ],
                [
                    0.14893223345279694,
                    -0.24174903333187103,
                    -0.9588412642478943,
                    -3.865212917327881
                ],
                [
                    -3.7252898543727042e-09,
                    0.969655454158783,
                    -0.2444755733013153,
                    -0.9855126142501831
                ],
                [
                    0.0,
                    0.0,
                    0.0,
                    1.0
                ]
            ]
        },
        {
            "file_path": "/data/shapenet_blender/all_50_random/02958343/d1bf2bf3302c0ec0e21186de41a0101/r_16",
            "rotation": 0.12566370614359174,
            "transform_matrix": [
                [
                    0.8158370852470398,
                    0.39596444368362427,
                    -0.42145219445228577,
                    -1.698927879333496
                ],
                [
                    -0.5782817602157593,
                    0.5586246252059937,
                    -0.5945826768875122,
                    -2.396839141845703
                ],
                [
                    -2.9802322387695312e-08,
                    0.7288005948066711,
                    0.6847259998321533,
                    2.760218381881714
                ],
                [
                    0.0,
                    0.0,
                    0.0,
                    1.0
                ]
            ]
        },
        {
            "file_path": "/data/shapenet_blender/all_50_random/02958343/d1bf2bf3302c0ec0e21186de41a0101/r_17",
            "rotation": 0.12566370614359174,
            "transform_matrix": [
                [
                    0.9962314963340759,
                    0.01760735735297203,
                    -0.08492747694253922,
                    -0.34235361218452454
                ],
                [
                    -0.08673346787691116,
                    0.20224031805992126,
                    -0.9754875898361206,
                    -3.932316303253174
                ],
                [
                    1.862645149230957e-09,
                    0.9791775345802307,
                    0.2030053436756134,
                    0.8183407187461853
                ],
                [
                    0.0,
                    0.0,
                    0.0,
                    1.0
                ]
            ]
        },
        {
            "file_path": "/data/shapenet_blender/all_50_random/02958343/d1bf2bf3302c0ec0e21186de41a0101/r_18",
            "rotation": 0.12566370614359174,
            "transform_matrix": [
                [
                    -0.997349202632904,
                    0.06965245306491852,
                    0.02105019800364971,
                    0.0848560631275177
                ],
                [
                    0.0727638304233551,
                    0.9547025561332703,
                    0.2885279357433319,
                    1.1630933284759521
                ],
                [
                    1.862645149230957e-09,
                    0.2892947793006897,
                    -0.9572400450706482,
                    -3.858757972717285
                ],
                [
                    0.0,
                    0.0,
                    0.0,
                    1.0
                ]
            ]
        },
        {
            "file_path": "/data/shapenet_blender/all_50_random/02958343/d1bf2bf3302c0ec0e21186de41a0101/r_19",
            "rotation": 0.12566370614359174,
            "transform_matrix": [
                [
                    0.21174132823944092,
                    -0.25032979249954224,
                    0.9447224736213684,
                    3.808298110961914
                ],
                [
                    0.9773257970809937,
                    0.05423489958047867,
                    -0.20467770099639893,
                    -0.8250821828842163
                ],
                [
                    0.0,
                    0.966640293598175,
                    0.25613752007484436,
                    1.0325233936309814
                ],
                [
                    0.0,
                    0.0,
                    0.0,
                    1.0
                ]
            ]
        },
        {
            "file_path": "/data/shapenet_blender/all_50_random/02958343/d1bf2bf3302c0ec0e21186de41a0101/r_20",
            "rotation": 0.12566370614359174,
            "transform_matrix": [
                [
                    0.997848391532898,
                    0.0020672644022852182,
                    -0.06553032994270325,
                    -0.26416119933128357
                ],
                [
                    -0.06556293368339539,
                    0.031463149935007095,
                    -0.9973522424697876,
                    -4.020455360412598
                ],
                [
                    -2.3283062977608182e-10,
                    0.9995027780532837,
                    0.03153098747134209,
                    0.1271054744720459
                ],
                [
                    0.0,
                    0.0,
                    0.0,
                    1.0
                ]
            ]
        },
        {
            "file_path": "/data/shapenet_blender/all_50_random/02958343/d1bf2bf3302c0ec0e21186de41a0101/r_21",
            "rotation": 0.12566370614359174,
            "transform_matrix": [
                [
                    0.9001776576042175,
                    0.21229398250579834,
                    0.38027819991111755,
                    1.532950520515442
                ],
                [
                    0.43552303314208984,
                    -0.4387880861759186,
                    -0.7859927415847778,
                    -3.16843843460083
                ],
                [
                    1.4901162970204496e-08,
                    0.873153030872345,
                    -0.4874460697174072,
                    -1.9649580717086792
                ],
                [
                    0.0,
                    0.0,
                    0.0,
                    1.0
                ]
            ]
        },
        {
            "file_path": "/data/shapenet_blender/all_50_random/02958343/d1bf2bf3302c0ec0e21186de41a0101/r_22",
            "rotation": 0.12566370614359174,
            "transform_matrix": [
                [
                    0.12494121491909027,
                    -0.04614342376589775,
                    -0.9910905361175537,
                    -3.995213747024536
                ],
                [
                    -0.992164134979248,
                    -0.005810747854411602,
                    -0.12480601668357849,
                    -0.5031091570854187
                ],
                [
                    0.0,
                    0.9989179372787476,
                    -0.046507854014635086,
                    -0.1874791532754898
                ],
                [
                    0.0,
                    0.0,
                    0.0,
                    1.0
                ]
            ]
        },
        {
            "file_path": "/data/shapenet_blender/all_50_random/02958343/d1bf2bf3302c0ec0e21186de41a0101/r_23",
            "rotation": 0.12566370614359174,
            "transform_matrix": [
                [
                    -0.4711919128894806,
                    -0.13410347700119019,
                    -0.8717765808105469,
                    -3.5142438411712646
                ],
                [
                    -0.882030725479126,
                    0.0716397687792778,
                    0.4657140076160431,
                    1.8773531913757324
                ],
                [
                    7.450580596923828e-09,
                    0.9883744120597839,
                    -0.15203946828842163,
                    -0.6128907203674316
                ],
                [
                    0.0,
                    0.0,
                    0.0,
                    1.0
                ]
            ]
        },
        {
            "file_path": "/data/shapenet_blender/all_50_random/02958343/d1bf2bf3302c0ec0e21186de41a0101/r_24",
            "rotation": 0.12566370614359174,
            "transform_matrix": [
                [
                    -0.01936315931379795,
                    -0.06327459961175919,
                    0.9978082180023193,
                    4.022293567657471
                ],
                [
                    0.9998125433921814,
                    -0.001225425861775875,
                    0.019324343651533127,
                    0.07789891958236694
                ],
                [
                    -1.1641532182693481e-10,
                    0.9979954361915588,
                    0.06328645348548889,
                    0.2551158666610718
                ],
                [
                    0.0,
                    0.0,
                    0.0,
                    1.0
                ]
            ]
        },
        {
            "file_path": "/data/shapenet_blender/all_50_random/02958343/d1bf2bf3302c0ec0e21186de41a0101/r_25",
            "rotation": 0.12566370614359174,
            "transform_matrix": [
                [
                    -0.3676168620586395,
                    0.16135673224925995,
                    0.9158721566200256,
                    3.6919987201690674
                ],
                [
                    0.9299773573875427,
                    0.06378377228975296,
                    0.3620411455631256,
                    1.4594345092773438
                ],
                [
                    -7.450580596923828e-09,
                    0.984832763671875,
                    -0.17350611090660095,
                    -0.6994255185127258
                ],
                [
                    0.0,
                    0.0,
                    0.0,
                    1.0
                ]
            ]
        },
        {
            "file_path": "/data/shapenet_blender/all_50_random/02958343/d1bf2bf3302c0ec0e21186de41a0101/r_26",
            "rotation": 0.12566370614359174,
            "transform_matrix": [
                [
                    -0.579359233379364,
                    -0.1832549124956131,
                    0.7942042946815491,
                    3.201539993286133
                ],
                [
                    0.8150722980499268,
                    -0.1302589327096939,
                    0.5645261406898499,
                    2.2756776809692383
                ],
                [
                    1.4901161193847656e-08,
                    0.9743974208831787,
                    0.2248327136039734,
                    0.9063296318054199
                ],
                [
                    0.0,
                    0.0,
                    0.0,
                    1.0
                ]
            ]
        },
        {
            "file_path": "/data/shapenet_blender/all_50_random/02958343/d1bf2bf3302c0ec0e21186de41a0101/r_27",
            "rotation": 0.12566370614359174,
            "transform_matrix": [
                [
                    0.9269396066665649,
                    0.35137325525283813,
                    0.1316048502922058,
                    0.5305161476135254
                ],
                [
                    0.37521061301231384,
                    -0.8680505752563477,
                    -0.3251233994960785,
                    -1.3106143474578857
                ],
                [
                    -7.450580596923828e-09,
                    0.35074910521507263,
                    -0.9364694356918335,
                    -3.775028944015503
                ],
                [
                    0.0,
                    0.0,
                    0.0,
                    1.0
                ]
            ]
        },
        {
            "file_path": "/data/shapenet_blender/all_50_random/02958343/d1bf2bf3302c0ec0e21186de41a0101/r_28",
            "rotation": 0.12566370614359174,
            "transform_matrix": [
                [
                    0.7492741942405701,
                    0.06575208902359009,
                    0.6589877009391785,
                    2.6564645767211914
                ],
                [
                    0.6622598171234131,
                    -0.07439125329256058,
                    -0.7455720901489258,
                    -3.005497455596924
                ],
                [
                    -3.725290076417309e-09,
                    0.995059072971344,
                    -0.09928441792726517,
                    -0.4002283215522766
                ],
                [
                    0.0,
                    0.0,
                    0.0,
                    1.0
                ]
            ]
        },
        {
            "file_path": "/data/shapenet_blender/all_50_random/02958343/d1bf2bf3302c0ec0e21186de41a0101/r_29",
            "rotation": 0.12566370614359174,
            "transform_matrix": [
                [
                    -0.9932114481925964,
                    0.0946648046374321,
                    -0.06759826093912125,
                    -0.2724973261356354
                ],
                [
                    -0.1163226068019867,
                    -0.8082879781723022,
                    0.577182412147522,
                    2.3266968727111816
                ],
                [
                    0.0,
                    0.581127405166626,
                    0.8138124346733093,
                    3.280583143234253
                ],
                [
                    0.0,
                    0.0,
                    0.0,
                    1.0
                ]
            ]
        },
        {
            "file_path": "/data/shapenet_blender/all_50_random/02958343/d1bf2bf3302c0ec0e21186de41a0101/r_30",
            "rotation": 0.12566370614359174,
            "transform_matrix": [
                [
                    0.3627164661884308,
                    -0.860143780708313,
                    -0.35859376192092896,
                    -1.4455376863479614
                ],
                [
                    -0.9318994879722595,
                    -0.3347875475883484,
                    -0.1395728588104248,
                    -0.5626361966133118
                ],
                [
                    0.0,
                    0.38479864597320557,
                    -0.9230004549026489,
                    -3.720733880996704
                ],
                [
                    0.0,
                    0.0,
                    0.0,
                    1.0
                ]
            ]
        },
        {
            "file_path": "/data/shapenet_blender/all_50_random/02958343/d1bf2bf3302c0ec0e21186de41a0101/r_31",
            "rotation": 0.12566370614359174,
            "transform_matrix": [
                [
                    0.44396525621414185,
                    0.6432095170021057,
                    -0.6238400936126709,
                    -2.514779567718506
                ],
                [
                    -0.8960440754890442,
                    0.3186926543712616,
                    -0.3090956509113312,
                    -1.246004343032837
                ],
                [
                    0.0,
                    0.696215808391571,
                    0.7178325653076172,
                    2.8936753273010254
                ],
                [
                    0.0,
                    0.0,
                    0.0,
                    1.0
                ]
            ]
        },
        {
            "file_path": "/data/shapenet_blender/all_50_random/02958343/d1bf2bf3302c0ec0e21186de41a0101/r_32",
            "rotation": 0.12566370614359174,
            "transform_matrix": [
                [
                    -0.945356011390686,
                    0.21498124301433563,
                    0.24512258172035217,
                    0.9881207346916199
                ],
                [
                    0.3260399103164673,
                    0.6233403086662292,
                    0.7107354402542114,
                    2.8650662899017334
                ],
                [
                    1.4901161193847656e-08,
                    0.7518177628517151,
                    -0.6593709588050842,
                    -2.6580092906951904
                ],
                [
                    0.0,
                    0.0,
                    0.0,
                    1.0
                ]
            ]
        },
        {
            "file_path": "/data/shapenet_blender/all_50_random/02958343/d1bf2bf3302c0ec0e21186de41a0101/r_33",
            "rotation": 0.12566370614359174,
            "transform_matrix": [
                [
                    -0.8121767640113831,
                    0.525526762008667,
                    0.2533588111400604,
                    1.0213220119476318
                ],
                [
                    0.5834115743637085,
                    0.7315943241119385,
                    0.3527049124240875,
                    1.4217989444732666
                ],
                [
                    0.0,
                    0.43427127599716187,
                    -0.9007821679115295,
                    -3.631169080734253
                ],
                [
                    0.0,
                    0.0,
                    0.0,
                    1.0
                ]
            ]
        },
        {
            "file_path": "/data/shapenet_blender/all_50_random/02958343/d1bf2bf3302c0ec0e21186de41a0101/r_34",
            "rotation": 0.12566370614359174,
            "transform_matrix": [
                [
                    -0.8393741250038147,
                    0.12791401147842407,
                    -0.5282889008522034,
                    -2.129600763320923
                ],
                [
                    -0.5435541868209839,
                    -0.19752897322177887,
                    0.8158009648323059,
                    3.2885987758636475
                ],
                [
                    1.4901161193847656e-08,
                    0.9719157814979553,
                    0.23532891273498535,
                    0.9486411809921265
                ],
                [
                    0.0,
                    0.0,
                    0.0,
                    1.0
                ]
            ]
        },
        {
            "file_path": "/data/shapenet_blender/all_50_random/02958343/d1bf2bf3302c0ec0e21186de41a0101/r_35",
            "rotation": 0.12566370614359174,
            "transform_matrix": [
                [
                    0.8849265575408936,
                    0.45289117097854614,
                    -0.10860331356525421,
                    -0.4377939701080322
                ],
                [
                    -0.465730756521225,
                    0.8605302572250366,
                    -0.20635518431663513,
                    -0.8318443298339844
                ],
                [
                    0.0,
                    0.23318903148174286,
                    0.9724314212799072,
                    3.919996500015259
                ],
                [
                    0.0,
                    0.0,
                    0.0,
                    1.0
                ]
            ]
        },
        {
            "file_path": "/data/shapenet_blender/all_50_random/02958343/d1bf2bf3302c0ec0e21186de41a0101/r_36",
            "rotation": 0.12566370614359174,
            "transform_matrix": [
                [
                    -0.10520333051681519,
                    -0.9776489734649658,
                    -0.1820291429758072,
                    -0.733782947063446
                ],
                [
                    -0.9944508075714111,
                    0.10342586040496826,
                    0.01925693266093731,
                    0.07762718200683594
                ],
                [
                    0.0,
                    0.183044895529747,
                    -0.9831045269966125,
                    -3.9630210399627686
                ],
                [
                    0.0,
                    0.0,
                    0.0,
                    1.0
                ]
            ]
        },
        {
            "file_path": "/data/shapenet_blender/all_50_random/02958343/d1bf2bf3302c0ec0e21186de41a0101/r_37",
            "rotation": 0.12566370614359174,
            "transform_matrix": [
                [
                    -0.6129153966903687,
                    0.007844557985663414,
                    -0.7901096343994141,
                    -3.1850337982177734
                ],
                [
                    -0.7901484966278076,
                    -0.006084994878619909,
                    0.6128851771354675,
                    2.4706192016601562
                ],
                [
                    0.0,
                    0.9999507665634155,
                    0.009927951730787754,
                    0.04002085328102112
                ],
                [
                    0.0,
                    0.0,
                    0.0,
                    1.0
                ]
            ]
        },
        {
            "file_path": "/data/shapenet_blender/all_50_random/02958343/d1bf2bf3302c0ec0e21186de41a0101/r_38",
            "rotation": 0.12566370614359174,
            "transform_matrix": [
                [
                    0.4758491814136505,
                    -0.20444509387016296,
                    0.8554354310035706,
                    3.4483704566955566
                ],
                [
                    0.8795269131660461,
                    0.11061062663793564,
                    -0.46281498670578003,
                    -1.8656668663024902
                ],
                [
                    0.0,
                    0.9726086258888245,
                    0.23244893550872803,
                    0.937031626701355
                ],
                [
                    0.0,
                    0.0,
                    0.0,
                    1.0
                ]
            ]
        },
        {
            "file_path": "/data/shapenet_blender/all_50_random/02958343/d1bf2bf3302c0ec0e21186de41a0101/r_39",
            "rotation": 0.12566370614359174,
            "transform_matrix": [
                [
                    -0.28959864377975464,
                    0.0010386586654931307,
                    0.9571475982666016,
                    3.8583853244781494
                ],
                [
                    0.9571482539176941,
                    0.00031426080386154354,
                    0.2895984649658203,
                    1.1674087047576904
                ],
                [
                    0.0,
                    0.9999994039535522,
                    -0.0010851597180590034,
                    -0.0043744188733398914
                ],
                [
                    0.0,
                    0.0,
                    0.0,
                    1.0
                ]
            ]
        },
        {
            "file_path": "/data/shapenet_blender/all_50_random/02958343/d1bf2bf3302c0ec0e21186de41a0101/r_40",
            "rotation": 0.12566370614359174,
            "transform_matrix": [
                [
                    -0.9992290139198303,
                    -0.0020921113900840282,
                    0.03920586407184601,
                    0.15804390609264374
                ],
                [
                    0.039261650294065475,
                    -0.05324530228972435,
                    0.9978092312812805,
                    4.0222978591918945
                ],
                [
                    2.3283067140944524e-10,
                    0.9985792636871338,
                    0.05328638106584549,
                    0.2148042917251587
                ],
                [
                    0.0,
                    0.0,
                    0.0,
                    1.0
                ]
            ]
        },
        {
            "file_path": "/data/shapenet_blender/all_50_random/02958343/d1bf2bf3302c0ec0e21186de41a0101/r_41",
            "rotation": 0.12566370614359174,
            "transform_matrix": [
                [
                    -0.9362680912017822,
                    -0.009284674189984798,
                    0.3511636257171631,
                    1.4155858755111694
                ],
                [
                    0.3512863516807556,
                    -0.024746036157011986,
                    0.9359409809112549,
                    3.7728986740112305
