{
    "class": "02958343",
    "model": "99dd952f49606ba01669695e4df59de",
    "remove_doubles": true,
    "edge_split": true,
    "denoise": true,
    "camera_angle_x": 0.6911112070083618,
    "scale_factor": 2.4107277079529426,
    "hdri_file": "/data/IndoorHDRDataset2018/AG8A4576-6dd9515cff.exr",
    "center_offset": [
        0.0,
        0.0,
        -3.725290298461914e-09
    ],
    "lights": [],
    "frames": [
        {
            "file_path": "/data/shapenet_blender/all_50_random/02958343/99dd952f49606ba01669695e4df59de/r_0",
            "rotation": 0.12566370614359174,
            "transform_matrix": [
                [
                    0.8167721629142761,
                    0.10398220270872116,
                    0.5675129294395447,
                    2.287717819213867
                ],
                [
                    0.5769603848457336,
                    -0.14720208942890167,
                    -0.8033979535102844,
                    -3.238600730895996
                ],
                [
                    0.0,
                    0.9836255311965942,
                    -0.18022416532039642,
                    -0.7265068292617798
                ],
                [
                    0.0,
                    0.0,
                    0.0,
                    1.0
                ]
            ]
        },
        {
            "file_path": "/data/shapenet_blender/all_50_random/02958343/99dd952f49606ba01669695e4df59de/r_1",
            "rotation": 0.12566370614359174,
            "transform_matrix": [
                [
                    0.6294293999671936,
                    -0.04433606192469597,
                    -0.7757918834686279,
                    -3.127316951751709
                ],
                [
                    -0.7770577669143677,
                    -0.035912927240133286,
                    -0.6284039616584778,
                    -2.533177375793457
                ],
                [
                    0.0,
                    0.9983710050582886,
                    -0.057056326419115067,
                    -0.23000138998031616
                ],
                [
                    0.0,
                    0.0,
                    0.0,
                    1.0
                ]
            ]
        },
        {
            "file_path": "/data/shapenet_blender/all_50_random/02958343/99dd952f49606ba01669695e4df59de/r_2",
            "rotation": 0.12566370614359174,
            "transform_matrix": [
                [
                    -0.4824157655239105,
                    -0.6928740739822388,
                    0.5359108448028564,
                    2.1603260040283203
                ],
                [
                    0.8759422898292542,
                    -0.38159292936325073,
                    0.2951471209526062,
                    1.1897761821746826
                ],
                [
                    0.0,
                    0.6118106842041016,
                    0.7910041213035583,
                    3.1886398792266846
                ],
                [
                    0.0,
                    0.0,
                    0.0,
                    1.0
                ]
            ]
        },
        {
            "file_path": "/data/shapenet_blender/all_50_random/02958343/99dd952f49606ba01669695e4df59de/r_3",
            "rotation": 0.12566370614359174,
            "transform_matrix": [
                [
                    0.7962971925735474,
                    0.0882103368639946,
                    0.5984393358230591,
                    2.412386178970337
                ],
                [
                    0.6049054861068726,
                    -0.11612003296613693,
                    -0.7877851128578186,
                    -3.175663471221924
                ],
                [
                    0.0,
                    0.9893102645874023,
                    -0.14582501351833344,
                    -0.5878394246101379
                ],
                [
                    0.0,
                    0.0,
                    0.0,
                    1.0
                ]
            ]
        },
        {
            "file_path": "/data/shapenet_blender/all_50_random/02958343/99dd952f49606ba01669695e4df59de/r_4",
            "rotation": 0.12566370614359174,
            "transform_matrix": [
                [
                    0.866317093372345,
                    0.21034151315689087,
                    -0.4530465304851532,
                    -1.8262889385223389
                ],
                [
                    -0.49949443340301514,
                    0.36481374502182007,
                    -0.785758376121521,
                    -3.1674933433532715
                ],
                [
                    0.0,
                    0.9070101380348206,
                    0.42110878229141235,
                    1.697543740272522
                ],
                [
                    0.0,
                    0.0,
                    0.0,
                    1.0
                ]
            ]
        },
        {
            "file_path": "/data/shapenet_blender/all_50_random/02958343/99dd952f49606ba01669695e4df59de/r_5",
            "rotation": 0.12566370614359174,
            "transform_matrix": [
                [
                    -0.419859379529953,
                    0.2571573555469513,
                    0.8703953623771667,
                    3.508676052093506
                ],
                [
                    0.9075890779495239,
                    0.11896345764398575,
                    0.40265321731567383,
                    1.6231470108032227
                ],
                [
                    0.0,
                    0.959019124507904,
                    -0.2833411693572998,
                    -1.1421847343444824
                ],
                [
                    0.0,
                    0.0,
                    0.0,
                    1.0
                ]
            ]
        },
        {
            "file_path": "/data/shapenet_blender/all_50_random/02958343/99dd952f49606ba01669695e4df59de/r_6",
            "rotation": 0.12566370614359174,
            "transform_matrix": [
                [
                    0.6080695986747742,
                    0.43993693590164185,
                    0.6608378887176514,
                    2.6639230251312256
                ],
                [
                    0.7938838005065918,
                    -0.3369665741920471,
                    -0.5061640739440918,
                    -2.0404129028320312
                ],
                [
                    0.0,
                    0.832411527633667,
                    -0.5541578531265259,
                    -2.233881950378418
                ],
                [
                    0.0,
                    0.0,
                    0.0,
                    1.0
                ]
            ]
        },
        {
            "file_path": "/data/shapenet_blender/all_50_random/02958343/99dd952f49606ba01669695e4df59de/r_7",
            "rotation": 0.12566370614359174,
            "transform_matrix": [
                [
                    0.9237578511238098,
                    -0.1498134285211563,
                    -0.35245922207832336,
                    -1.4208085536956787
                ],
                [
                    -0.38297730684280396,
                    -0.3613564968109131,
                    -0.8501469492912292,
                    -3.4270520210266113
                ],
                [
                    0.0,
                    0.9203136563301086,
                    -0.3911810517311096,
                    -1.5769013166427612
                ],
                [
                    0.0,
                    0.0,
                    0.0,
                    1.0
                ]
            ]
        },
        {
            "file_path": "/data/shapenet_blender/all_50_random/02958343/99dd952f49606ba01669695e4df59de/r_8",
            "rotation": 0.12566370614359174,
            "transform_matrix": [
                [
                    -0.788339376449585,
                    -0.3860318958759308,
                    0.47906211018562317,
                    1.9311611652374268
                ],
                [
                    0.615240752696991,
                    -0.49464231729507446,
                    0.6138466596603394,
                    2.4744949340820312
                ],
                [
                    0.0,
                    0.778657853603363,
                    0.6274486184120178,
                    2.5293262004852295
                ],
                [
                    0.0,
                    0.0,
                    0.0,
                    1.0
                ]
            ]
        },
        {
            "file_path": "/data/shapenet_blender/all_50_random/02958343/99dd952f49606ba01669695e4df59de/r_9",
            "rotation": 0.12566370614359174,
            "transform_matrix": [
                [
                    -0.15835052728652954,
                    -0.007758045103400946,
                    0.9873524904251099,
                    3.980145215988159
                ],
                [
                    0.9873830080032349,
                    -0.0012441885191947222,
                    0.15834563970565796,
                    0.6383116841316223
                ],
                [
                    1.1641532182693481e-10,
                    0.9999690651893616,
                    0.007857180200517178,
                    0.03167330473661423
                ],
                [
                    0.0,
                    0.0,
                    0.0,
                    1.0
                ]
            ]
        },
        {
            "file_path": "/data/shapenet_blender/all_50_random/02958343/99dd952f49606ba01669695e4df59de/r_10",
            "rotation": 0.12566370614359174,
            "transform_matrix": [
                [
                    -0.9752714037895203,
                    0.015201977454125881,
                    -0.220487579703331,
                    -0.8888137340545654
                ],
                [
                    -0.22101102769374847,
                    -0.06708286702632904,
                    0.9729615449905396,
                    3.922132968902588
                ],
                [
                    -9.313225746154785e-10,
                    0.9976315498352051,
                    0.06878380477428436,
                    0.2772763669490814
                ],
                [
                    0.0,
                    0.0,
                    0.0,
                    1.0
                ]
            ]
        },
        {
            "file_path": "/data/shapenet_blender/all_50_random/02958343/99dd952f49606ba01669695e4df59de/r_11",
            "rotation": 0.12566370614359174,
            "transform_matrix": [
                [
                    -0.9464549422264099,
                    -0.14403200149536133,
                    0.28892555832862854,
                    1.164696216583252
                ],
                [
                    0.3228361904621124,
                    -0.42225685715675354,
                    0.847039520740509,
                    3.4145255088806152
                ],
                [
                    -7.450581485102248e-09,
                    0.8949601650238037,
                    0.4461458623409271,
                    1.798471450805664
                ],
                [
                    0.0,
                    0.0,
                    0.0,
                    1.0
                ]
            ]
        },
        {
            "file_path": "/data/shapenet_blender/all_50_random/02958343/99dd952f49606ba01669695e4df59de/r_12",
            "rotation": 0.12566370614359174,
            "transform_matrix": [
                [
                    0.8562240600585938,
                    -0.42783311009407043,
                    0.2895502746105194,
                    1.1672145128250122
                ],
                [
                    0.5166048407554626,
                    0.7090932130813599,
                    -0.47990235686302185,
                    -1.934548258781433
                ],
                [
                    -1.4901162970204496e-08,
                    0.560486912727356,
                    0.8281632661819458,
                    3.338433027267456
                ],
                [
                    0.0,
                    0.0,
                    0.0,
                    1.0
                ]
            ]
        },
        {
            "file_path": "/data/shapenet_blender/all_50_random/02958343/99dd952f49606ba01669695e4df59de/r_13",
            "rotation": 0.12566370614359174,
            "transform_matrix": [
                [
                    -0.5554337501525879,
                    -0.004986020270735025,
                    -0.8315458297729492,
                    -3.3520684242248535
                ],
                [
                    -0.8315607309341431,
                    0.0033303687814623117,
                    0.5554237961769104,
                    2.2389848232269287
                ],
                [
                    0.0,
                    0.9999820590019226,
                    -0.005995978135615587,
                    -0.024170560762286186
                ],
                [
                    0.0,
                    0.0,
                    0.0,
                    1.0
                ]
            ]
        },
        {
            "file_path": "/data/shapenet_blender/all_50_random/02958343/99dd952f49606ba01669695e4df59de/r_14",
            "rotation": 0.12566370614359174,
            "transform_matrix": [
                [
                    0.8971863389015198,
                    -0.3335961401462555,
                    -0.28943100571632385,
                    -1.166733741760254
                ],
                [
                    -0.4416522681713104,
                    -0.6776778101921082,
                    -0.5879592895507812,
                    -2.3701395988464355
                ],
                [
                    -2.9802322387695312e-08,
                    0.655336856842041,
                    -0.7553367018699646,
                    -3.0448596477508545
                ],
                [
                    0.0,
                    0.0,
                    0.0,
                    1.0
                ]
            ]
        },
        {
            "file_path": "/data/shapenet_blender/all_50_random/02958343/99dd952f49606ba01669695e4df59de/r_15",
            "rotation": 0.12566370614359174,
            "transform_matrix": [
                [
                    0.3854987621307373,
                    0.1094997227191925,
                    0.9161880612373352,
                    3.693272113800049
                ],
                [
                    0.9227084517478943,
                    -0.04574793577194214,
                    -0.38277459144592285,
                    -1.5430136919021606
                ],
                [
                    3.725290742551124e-09,
                    0.992933452129364,
                    -0.11867208033800125,
                    -0.4783824682235718
                ],
                [
                    0.0,
                    0.0,
                    0.0,
                    1.0
                ]
            ]
        },
        {
            "file_path": "/data/shapenet_blender/all_50_random/02958343/99dd952f49606ba01669695e4df59de/r_16",
            "rotation": 0.12566370614359174,
            "transform_matrix": [
                [
                    -0.9494526982307434,
                    -0.26999151706695557,
                    0.1601383537054062,
                    0.6455383896827698
                ],
                [
                    0.31391042470932007,
                    -0.8166157007217407,
                    0.48435407876968384,
                    1.9524939060211182
                ],
                [
                    0.0,
                    0.5101403594017029,
                    0.8600910902023315,
                    3.4671382904052734
                ],
                [
                    0.0,
                    0.0,
                    0.0,
                    1.0
                ]
            ]
        },
        {
            "file_path": "/data/shapenet_blender/all_50_random/02958343/99dd952f49606ba01669695e4df59de/r_17",
            "rotation": 0.12566370614359174,
            "transform_matrix": [
                [
                    0.6712454557418823,
                    0.49473750591278076,
                    0.5519640445709229,
                    2.2250382900238037
                ],
                [
                    0.7412351369857788,
                    -0.44802287220954895,
                    -0.4998459219932556,
                    -2.0149433612823486
                ],
                [
                    0.0,
                    0.7446544766426086,
                    -0.6674501299858093,
                    -2.690577507019043
                ],
                [
                    0.0,
                    0.0,
                    0.0,
                    1.0
                ]
            ]
        },
        {
            "file_path": "/data/shapenet_blender/all_50_random/02958343/99dd952f49606ba01669695e4df59de/r_18",
            "rotation": 0.12566370614359174,
            "transform_matrix": [
                [
                    -0.9183335900306702,
                    -0.11887971311807632,
                    0.37753283977508545,
                    1.5218837261199951
                ],
                [
                    0.3958073854446411,
                    -0.2758190929889679,
                    0.8759338855743408,
                    3.5310027599334717
                ],
                [
                    0.0,
                    0.9538297653198242,
                    0.30034738779067993,
                    1.2107391357421875
                ],
                [
                    0.0,
                    0.0,
                    0.0,
                    1.0
                ]
            ]
        },
        {
            "file_path": "/data/shapenet_blender/all_50_random/02958343/99dd952f49606ba01669695e4df59de/r_19",
            "rotation": 0.12566370614359174,
            "transform_matrix": [
                [
                    0.20397529006004333,
                    0.022377973422408104,
                    -0.9787202477455139,
                    -3.945347547531128
                ],
                [
                    -0.9789760112762451,
                    0.004662579856812954,
                    -0.20392200350761414,
                    -0.8220359086990356
                ],
                [
                    0.0,
                    0.9997386932373047,
                    0.022858550772070885,
                    0.09214576333761215
                ],
                [
                    0.0,
                    0.0,
                    0.0,
                    1.0
                ]
            ]
        },
        {
            "file_path": "/data/shapenet_blender/all_50_random/02958343/99dd952f49606ba01669695e4df59de/r_20",
            "rotation": 0.12566370614359174,
            "transform_matrix": [
                [
                    -0.24668310582637787,
                    -0.550957441329956,
                    -0.7972410321235657,
                    -3.2137815952301025
                ],
                [
                    -0.9690961241722107,
                    0.14024603366851807,
                    0.20293745398521423,
                    0.8180670738220215
                ],
                [
                    -7.450580152834618e-09,
                    0.8226645588874817,
                    -0.5685269832611084,
                    -2.2918057441711426
                ],
                [
                    0.0,
                    0.0,
                    0.0,
                    1.0
                ]
            ]
        },
        {
            "file_path": "/data/shapenet_blender/all_50_random/02958343/99dd952f49606ba01669695e4df59de/r_21",
            "rotation": 0.12566370614359174,
            "transform_matrix": [
                [
                    -0.9874779582023621,
                    -0.01759384758770466,
                    -0.15677225589752197,
                    -0.6319692134857178
                ],
                [
                    -0.15775640308856964,
                    0.11012887954711914,
                    0.9813176989555359,
                    3.9558184146881104
                ],
                [
                    -1.8626448161640496e-09,
                    0.9937616586685181,
                    -0.11152537912130356,
                    -0.44957321882247925
                ],
                [
                    0.0,
                    0.0,
                    0.0,
                    1.0
                ]
            ]
        },
        {
            "file_path": "/data/shapenet_blender/all_50_random/02958343/99dd952f49606ba01669695e4df59de/r_22",
            "rotation": 0.12566370614359174,
            "transform_matrix": [
                [
                    0.4148256778717041,
                    0.24085955321788788,
                    -0.8774429559707642,
                    -3.537086009979248
                ],
                [
                    -0.9099010229110718,
                    0.10980834811925888,
                    -0.4000279903411865,
                    -1.6125645637512207
                ],
                [
                    -7.450582373280668e-09,
                    0.9643281102180481,
                    0.26470959186553955,
                    1.0670785903930664
                ],
                [
                    0.0,
                    0.0,
                    0.0,
                    1.0
                ]
            ]
        },
        {
            "file_path": "/data/shapenet_blender/all_50_random/02958343/99dd952f49606ba01669695e4df59de/r_23",
            "rotation": 0.12566370614359174,
            "transform_matrix": [
                [
                    0.9638333320617676,
                    -0.10475339740514755,
                    -0.24505513906478882,
                    -0.9878487586975098
                ],
                [
                    -0.26650571823120117,
                    -0.3788467347621918,
                    -0.8862560987472534,
                    -3.5726122856140137
                ],
                [
                    0.0,
                    0.9195116758346558,
                    -0.393062561750412,
                    -1.584485650062561
                ],
                [
                    0.0,
                    0.0,
                    0.0,
                    1.0
                ]
            ]
        },
        {
            "file_path": "/data/shapenet_blender/all_50_random/02958343/99dd952f49606ba01669695e4df59de/r_24",
            "rotation": 0.12566370614359174,
            "transform_matrix": [
                [
                    -0.9990358948707581,
                    -0.022913388907909393,
                    0.037446580827236176,
                    0.15095199644565582
                ],
                [
                    0.04390067979693413,
                    -0.5214337706565857,
                    0.8521616458892822,
                    3.435173511505127
                ],
                [
                    0.0,
                    0.8529840111732483,
                    0.5219370126724243,
                    2.1039953231811523
                ],
                [
                    0.0,
                    0.0,
                    0.0,
                    1.0
                ]
            ]
        },
        {
            "file_path": "/data/shapenet_blender/all_50_random/02958343/99dd952f49606ba01669695e4df59de/r_25",
            "rotation": 0.12566370614359174,
            "transform_matrix": [
                [
                    0.7887912392616272,
                    0.2758220136165619,
                    0.5493000745773315,
                    2.214299440383911
                ],
                [
                    0.6146611571311951,
                    -0.3539608418941498,
                    -0.7049136757850647,
                    -2.8415980339050293
                ],
                [
                    1.4901161193847656e-08,
                    0.8936631679534912,
                    -0.44873833656311035,
                    -1.8089220523834229
                ],
                [
                    0.0,
                    0.0,
                    0.0,
                    1.0
                ]
            ]
        },
        {
            "file_path": "/data/shapenet_blender/all_50_random/02958343/99dd952f49606ba01669695e4df59de/r_26",
            "rotation": 0.12566370614359174,
            "transform_matrix": [
                [
                    0.8321406245231628,
                    0.2102450579404831,
                    0.5131657123565674,
                    2.0686373710632324
                ],
                [
                    0.5545647740364075,
                    -0.3154788017272949,
                    -0.7700201272964478,
                    -3.104050636291504
                ],
                [
                    -1.4901161193847656e-08,
                    0.9253486394882202,
                    -0.3791171908378601,
                    -1.5282703638076782
                ],
                [
                    0.0,
                    0.0,
                    0.0,
                    1.0
                ]
            ]
        },
        {
            "file_path": "/data/shapenet_blender/all_50_random/02958343/99dd952f49606ba01669695e4df59de/r_27",
            "rotation": 0.12566370614359174,
            "transform_matrix": [
                [
                    -0.7699657678604126,
                    -0.43460339307785034,
                    0.46719661355018616,
                    1.8833297491073608
                ],
                [
                    0.6380852460861206,
                    -0.5244279503822327,
                    0.563757598400116,
                    2.2725796699523926
                ],
                [
                    -1.4901161193847656e-08,
                    0.7321853041648865,
                    0.6811054944992065,
                    2.74562406539917
                ],
                [
                    0.0,
                    0.0,
                    0.0,
                    1.0
                ]
            ]
        },
        {
            "file_path": "/data/shapenet_blender/all_50_random/02958343/99dd952f49606ba01669695e4df59de/r_28",
            "rotation": 0.12566370614359174,
            "transform_matrix": [
                [
                    -0.8461313247680664,
                    -0.03953084722161293,
                    0.5315065383911133,
                    2.142571449279785
                ],
                [
                    0.5329746007919312,
                    -0.06275774538516998,
                    0.8438006639480591,
                    3.4014692306518555
                ],
                [
                    -3.725290742551124e-09,
                    0.9972454905509949,
                    0.07417023181915283,
                    0.29898977279663086
                ],
                [
                    0.0,
                    0.0,
                    0.0,
                    1.0
                ]
            ]
        },
        {
            "file_path": "/data/shapenet_blender/all_50_random/02958343/99dd952f49606ba01669695e4df59de/r_29",
            "rotation": 0.12566370614359174,
            "transform_matrix": [
                [
                    0.877920389175415,
                    -0.07445944100618362,
                    -0.47298160195350647,
                    -1.9066498279571533
                ],
                [
                    -0.47880667448043823,
                    -0.13652579486370087,
                    -0.867239773273468,
                    -3.495955467224121
                ],
                [
                    0.0,
                    0.9878342747688293,
                    -0.15551044046878815,
                    -0.6268826127052307
                ],
                [
                    0.0,
                    0.0,
                    0.0,
                    1.0
                ]
            ]
        },
        {
            "file_path": "/data/shapenet_blender/all_50_random/02958343/99dd952f49606ba01669695e4df59de/r_30",
            "rotation": 0.12566370614359174,
            "transform_matrix": [
                [
                    -0.5880535244941711,
                    -0.4814315140247345,
                    0.6499360203742981,
                    2.6199758052825928
                ],
                [
                    0.8088220357894897,
                    -0.35002443194389343,
                    0.47253552079200745,
                    1.9048515558242798
                ],
                [
                    0.0,
                    0.8035586476325989,
                    0.5952255129814148,
                    2.399430751800537
                ],
                [
                    0.0,
                    0.0,
                    0.0,
                    1.0
                ]
            ]
        },
        {
            "file_path": "/data/shapenet_blender/all_50_random/02958343/99dd952f49606ba01669695e4df59de/r_31",
            "rotation": 0.12566370614359174,
            "transform_matrix": [
                [
                    -0.9984433054924011,
                    -0.02977616898715496,
                    -0.04716295376420021,
                    -0.19011995196342468
                ],
                [
                    -0.05577602609992027,
                    0.5330214500427246,
                    0.8442612886428833,
                    3.4033260345458984
                ],
                [
                    0.0,
                    0.8455775380134583,
                    -0.5338525176048279,
                    -2.1520283222198486
                ],
                [
                    0.0,
                    0.0,
                    0.0,
                    1.0
                ]
            ]
        },
        {
            "file_path": "/data/shapenet_blender/all_50_random/02958343/99dd952f49606ba01669695e4df59de/r_32",
            "rotation": 0.12566370614359174,
            "transform_matrix": [
                [
                    0.757144033908844,
                    -0.28762421011924744,
                    0.5865195393562317,
                    2.3643360137939453
                ],
                [
                    0.6532480120658875,
                    0.3333694338798523,
                    -0.6798027157783508,
                    -2.740372657775879
                ],
                [
                    4.470348713425665e-08,
                    0.8978513479232788,
                    0.4402986168861389,
                    1.7749006748199463
                ],
                [
                    0.0,
                    0.0,
                    0.0,
                    1.0
                ]
            ]
        },
        {
            "file_path": "/data/shapenet_blender/all_50_random/02958343/99dd952f49606ba01669695e4df59de/r_33",
            "rotation": 0.12566370614359174,
            "transform_matrix": [
                [
                    0.010606412775814533,
                    -0.06162614747881889,
                    0.9980428814888,
                    4.023239612579346
                ],
                [
                    0.999943733215332,
                    0.0006536691798828542,
                    -0.010586250573396683,
                    -0.04267454147338867
                ],
                [
                    -5.820766091346741e-11,
                    0.9980990886688232,
                    0.06162961199879646,
                    0.24843691289424896
                ],
                [
                    0.0,
                    0.0,
                    0.0,
                    1.0
                ]
            ]
        },
        {
            "file_path": "/data/shapenet_blender/all_50_random/02958343/99dd952f49606ba01669695e4df59de/r_34",
            "rotation": 0.12566370614359174,
            "transform_matrix": [
                [
                    -0.9762632250785828,
                    -0.08482041209936142,
                    -0.1992878019809723,
                    -0.803354799747467
                ],
                [
                    -0.21658748388290405,
                    0.3823261559009552,
                    0.8982853293418884,
                    3.6211040019989014
                ],
                [
                    7.450580596923828e-09,
                    0.9201261401176453,
                    -0.39162200689315796,
                    -1.578678846359253
                ],
                [
                    0.0,
                    0.0,
                    0.0,
                    1.0
                ]
            ]
        },
        {
            "file_path": "/data/shapenet_blender/all_50_random/02958343/99dd952f49606ba01669695e4df59de/r_35",
            "rotation": 0.12566370614359174,
            "transform_matrix": [
                [
                    -0.9906819462776184,
                    0.005254948046058416,
                    0.13609491288661957,
                    0.5486160516738892
                ],
                [
                    0.1361963301897049,
                    0.038224101066589355,
                    0.9899442791938782,
                    3.9905924797058105
                ],
                [
                    0.0,
                    0.999255359172821,
                    -0.03858363255858421,
                    -0.15553557872772217
                ],
                [
                    0.0,
                    0.0,
                    0.0,
                    1.0
                ]
            ]
        },
        {
            "file_path": "/data/shapenet_blender/all_50_random/02958343/99dd952f49606ba01669695e4df59de/r_36",
            "rotation": 0.12566370614359174,
            "transform_matrix": [
                [
                    0.39535844326019287,
                    0.5145365595817566,
                    -0.760883629322052,
                    -3.0672199726104736
                ],
                [
                    -0.9185269474983215,
                    0.22147022187709808,
                    -0.32750454545021057,
                    -1.3202130794525146
                ],
                [
                    0.0,
                    0.8283737301826477,
                    0.5601758360862732,
                    2.258141040802002
                ],
                [
                    0.0,
                    0.0,
                    0.0,
                    1.0
                ]
            ]
        },
        {
            "file_path": "/data/shapenet_blender/all_50_random/02958343/99dd952f49606ba01669695e4df59de/r_37",
            "rotation": 0.12566370614359174,
            "transform_matrix": [
                [
                    -0.6931428909301758,
                    -0.6093072891235352,
                    -0.38509416580200195,
                    -1.5523643493652344
                ],
                [
                    -0.7208001613616943,
                    0.5859280228614807,
                    0.3703180253505707,
                    1.4927998781204224
                ],
                [
                    -1.4901161193847656e-08,
                    0.5342592597007751,
                    -0.8453205227851868,
                    -3.4075963497161865
                ],
                [
                    0.0,
                    0.0,
                    0.0,
                    1.0
                ]
            ]
        },
        {
            "file_path": "/data/shapenet_blender/all_50_random/02958343/99dd952f49606ba01669695e4df59de/r_38",
            "rotation": 0.12566370614359174,
            "transform_matrix": [
                [
                    -0.9411219954490662,
                    0.008754869922995567,
                    -0.33795395493507385,
                    -1.3623359203338623
                ],
                [
                    -0.3380674123764038,
                    -0.024372069165110588,
                    0.9408062100410461,
                    3.792511224746704
                ],
                [
                    -9.313227966600834e-10,
                    0.9996644854545593,
                    0.025896824896335602,
                    0.10439343750476837
                ],
                [
                    0.0,
                    0.0,
                    0.0,
                    1.0
                ]
            ]
        },
        {
            "file_path": "/data/shapenet_blender/all_50_random/02958343/99dd952f49606ba01669695e4df59de/r_39",
            "rotation": 0.12566370614359174,
            "transform_matrix": [
                [
                    0.9999853372573853,
                    0.00035093980841338634,
                    0.005409174133092165,
                    0.02180507779121399
                ],
                [
                    0.005420546047389507,
                    -0.06474155932664871,
                    -0.997887372970581,
                    -4.022612571716309
                ],
                [
                    -5.820766091346741e-11,
                    0.997901976108551,
                    -0.06474252045154572,
                    -0.26098543405532837
                ],
                [
                    0.0,
                    0.0,
                    0.0,
                    1.0
                ]
            ]
        },
        {
            "file_path": "/data/shapenet_blender/all_50_random/02958343/99dd952f49606ba01669695e4df59de/r_40",
            "rotation": 0.12566370614359174,
            "transform_matrix": [
                [
                    0.6125819087028503,
                    0.5631294846534729,
                    -0.5546426773071289,
                    -2.2358360290527344
                ],
                [
                    -0.7904071807861328,
                    0.43643707036972046,
                    -0.42985954880714417,
                    -1.7328193187713623
                ],
                [
                    2.980232594040899e-08,
                    0.7017176151275635,
                    0.7124550938606262,
                    2.8719983100891113
                ],
                [
                    0.0,
                    0.0,
                    0.0,
                    1.0
                ]
            ]
        },
        {
            "file_path": "/data/shapenet_blender/all_50_random/02958343/99dd952f49606ba01669695e4df59de/r_41",
            "rotation": 0.12566370614359174,
            "transform_matrix": [
                [
                    0.9805319905281067,
                    0.026749584823846817,
                    0.19452928006649017,
                    0.7841726541519165
                ],
                [
                    0.19635985791683197,
                    -0.13357527554035187,
                    -0.9713909029960632,
                    -3.915802240371704
                ],
                [
                    0.0,
