{
    "class": "02958343",
    "model": "29487596941c12dd99f6b4f86609dd6a",
    "remove_doubles": true,
    "edge_split": true,
    "denoise": true,
    "camera_angle_x": 0.6911112070083618,
    "scale_factor": 2.2126463302420163,
    "hdri_file": "/data/IndoorHDRDataset2018/AG8A5535-40984dab89.exr",
    "center_offset": [
        0.0,
        0.0,
        5.587935447692871e-09
    ],
    "lights": [],
    "frames": [
        {
            "file_path": "/data/shapenet_blender/all_50_random/02958343/29487596941c12dd99f6b4f86609dd6a/r_0",
            "rotation": 0.12566370614359174,
            "transform_matrix": [
                [
                    -0.3533429205417633,
                    -0.012884203344583511,
                    -0.9354051351547241,
                    -3.7707386016845703
                ],
                [
                    -0.9354939460754395,
                    0.004866458009928465,
                    0.35330939292907715,
                    1.4242357015609741
                ],
                [
                    -4.656612873077393e-10,
                    0.9999052286148071,
                    -0.013772619888186455,
                    -0.05551920831203461
                ],
                [
                    0.0,
                    0.0,
                    0.0,
                    1.0
                ]
            ]
        },
        {
            "file_path": "/data/shapenet_blender/all_50_random/02958343/29487596941c12dd99f6b4f86609dd6a/r_1",
            "rotation": 0.12566370614359174,
            "transform_matrix": [
                [
                    0.8252304196357727,
                    0.43881526589393616,
                    -0.35557821393013,
                    -1.4333817958831787
                ],
                [
                    -0.5647961497306824,
                    0.6411581635475159,
                    -0.5195395350456238,
                    -2.0943310260772705
                ],
                [
                    -1.4901160305669237e-08,
                    0.6295691132545471,
                    0.7769443988800049,
                    3.1319632530212402
                ],
                [
                    0.0,
                    0.0,
                    0.0,
                    1.0
                ]
            ]
        },
        {
            "file_path": "/data/shapenet_blender/all_50_random/02958343/29487596941c12dd99f6b4f86609dd6a/r_2",
            "rotation": 0.12566370614359174,
            "transform_matrix": [
                [
                    0.5309460759162903,
                    0.019005222246050835,
                    -0.8471924662590027,
                    -3.415142059326172
                ],
                [
                    -0.8474055528640747,
                    0.01190781407058239,
                    -0.5308125019073486,
                    -2.1397736072540283
                ],
                [
                    0.0,
                    0.9997484683990479,
                    0.02242753840982914,
                    0.09040829539299011
                ],
                [
                    0.0,
                    0.0,
                    0.0,
                    1.0
                ]
            ]
        },
        {
            "file_path": "/data/shapenet_blender/all_50_random/02958343/29487596941c12dd99f6b4f86609dd6a/r_3",
            "rotation": 0.12566370614359174,
            "transform_matrix": [
                [
                    0.7241673469543457,
                    -0.5297975540161133,
                    0.4414704442024231,
                    1.7796244621276855
                ],
                [
                    0.6896243095397949,
                    0.556334912776947,
                    -0.4635835587978363,
                    -1.8687652349472046
                ],
                [
                    1.4901162970204496e-08,
                    0.640160858631134,
                    0.7682408094406128,
                    3.0968780517578125
                ],
                [
                    0.0,
                    0.0,
                    0.0,
                    1.0
                ]
            ]
        },
        {
            "file_path": "/data/shapenet_blender/all_50_random/02958343/29487596941c12dd99f6b4f86609dd6a/r_4",
            "rotation": 0.12566370614359174,
            "transform_matrix": [
                [
                    0.2152763307094574,
                    -0.2231559157371521,
                    0.9507141709327698,
                    3.832451581954956
                ],
                [
                    0.9765532612800598,
                    0.0491936169564724,
                    -0.2095802277326584,
                    -0.8448449969291687
                ],
                [
                    0.0,
                    0.9735406041145325,
                    0.22851382195949554,
                    0.9211687445640564
                ],
                [
                    0.0,
                    0.0,
                    0.0,
                    1.0
                ]
            ]
        },
        {
            "file_path": "/data/shapenet_blender/all_50_random/02958343/29487596941c12dd99f6b4f86609dd6a/r_5",
            "rotation": 0.12566370614359174,
            "transform_matrix": [
                [
                    0.8052259087562561,
                    0.030736694112420082,
                    -0.5921709537506104,
                    -2.387117624282837
                ],
                [
                    -0.5929681062698364,
                    0.04173913970589638,
                    -0.8041433691978455,
                    -3.241605758666992
                ],
                [
                    -1.8626450382086546e-09,
                    0.9986556172370911,
                    0.0518353208899498,
                    0.20895487070083618
                ],
                [
                    0.0,
                    0.0,
                    0.0,
                    1.0
                ]
            ]
        },
        {
            "file_path": "/data/shapenet_blender/all_50_random/02958343/29487596941c12dd99f6b4f86609dd6a/r_6",
            "rotation": 0.12566370614359174,
            "transform_matrix": [
                [
                    0.9035370349884033,
                    -0.14727608859539032,
                    -0.40240591764450073,
                    -1.622150182723999
                ],
                [
                    -0.4285099506378174,
                    -0.3105398416519165,
                    -0.8484953045845032,
                    -3.420393943786621
                ],
                [
                    0.0,
                    0.9390817880630493,
                    -0.3436935544013977,
                    -1.3854730129241943
                ],
                [
                    0.0,
                    0.0,
                    0.0,
                    1.0
                ]
            ]
        },
        {
            "file_path": "/data/shapenet_blender/all_50_random/02958343/29487596941c12dd99f6b4f86609dd6a/r_7",
            "rotation": 0.12566370614359174,
            "transform_matrix": [
                [
                    -0.6785907745361328,
                    0.4967326521873474,
                    0.5410832762718201,
                    2.1811766624450684
                ],
                [
                    0.7345165014266968,
                    0.4589116871356964,
                    0.4998854696750641,
                    2.0151028633117676
                ],
                [
                    -1.4901160305669237e-08,
                    0.7366523146629333,
                    -0.6762715578079224,
                    -2.726138114929199
                ],
                [
                    0.0,
                    0.0,
                    0.0,
                    1.0
                ]
            ]
        },
        {
            "file_path": "/data/shapenet_blender/all_50_random/02958343/29487596941c12dd99f6b4f86609dd6a/r_8",
            "rotation": 0.12566370614359174,
            "transform_matrix": [
                [
                    0.9014459252357483,
                    0.18729455769062042,
                    -0.39027681946754456,
                    -1.5732561349868774
                ],
                [
                    -0.43289169669151306,
                    0.3900188207626343,
                    -0.812705397605896,
                    -3.276120185852051
                ],
                [
                    0.0,
                    0.9015575647354126,
                    0.4326590895652771,
                    1.7441046237945557
                ],
                [
                    0.0,
                    0.0,
                    0.0,
                    1.0
                ]
            ]
        },
        {
            "file_path": "/data/shapenet_blender/all_50_random/02958343/29487596941c12dd99f6b4f86609dd6a/r_9",
            "rotation": 0.12566370614359174,
            "transform_matrix": [
                [
                    0.3232283890247345,
                    -0.7363309860229492,
                    0.5944241285324097,
                    2.396200656890869
                ],
                [
                    0.9463210105895996,
                    0.25150352716445923,
                    -0.20303337275981903,
                    -0.8184537887573242
                ],
                [
                    0.0,
                    0.6281421780586243,
                    0.7780984044075012,
                    3.13661527633667
                ],
                [
                    0.0,
                    0.0,
                    0.0,
                    1.0
                ]
            ]
        },
        {
            "file_path": "/data/shapenet_blender/all_50_random/02958343/29487596941c12dd99f6b4f86609dd6a/r_10",
            "rotation": 0.12566370614359174,
            "transform_matrix": [
                [
                    -0.9943456649780273,
                    0.02076260931789875,
                    0.10414242744445801,
                    0.41981154680252075
                ],
                [
                    0.1061919555068016,
                    0.19441407918930054,
                    0.9751545786857605,
                    3.930973529815674
                ],
                [
                    0.0,
                    0.9806997179985046,
                    -0.19551962614059448,
                    -0.7881647944450378
                ],
                [
                    0.0,
                    0.0,
                    0.0,
                    1.0
                ]
            ]
        },
        {
            "file_path": "/data/shapenet_blender/all_50_random/02958343/29487596941c12dd99f6b4f86609dd6a/r_11",
            "rotation": 0.12566370614359174,
            "transform_matrix": [
                [
                    -0.8923324942588806,
                    0.18684138357639313,
                    0.41089293360710144,
                    1.6563624143600464
                ],
                [
                    0.4513786733150482,
                    0.3693675696849823,
                    0.8122960329055786,
                    3.274470090866089
                ],
                [
                    0.0,
                    0.910306453704834,
                    -0.4139348864555359,
                    -1.6686248779296875
                ],
                [
                    0.0,
                    0.0,
                    0.0,
                    1.0
                ]
            ]
        },
        {
            "file_path": "/data/shapenet_blender/all_50_random/02958343/29487596941c12dd99f6b4f86609dd6a/r_12",
            "rotation": 0.12566370614359174,
            "transform_matrix": [
                [
                    0.9277891516685486,
                    0.018942352384328842,
                    -0.3726239502429962,
                    -1.5020952224731445
                ],
                [
                    -0.37310513854026794,
                    0.04710337147116661,
                    -0.9265925884246826,
                    -3.7352142333984375
                ],
                [
                    0.0,
                    0.9987103343009949,
                    0.05076948553323746,
                    0.20465834438800812
                ],
                [
                    0.0,
                    0.0,
                    0.0,
                    1.0
                ]
            ]
        },
        {
            "file_path": "/data/shapenet_blender/all_50_random/02958343/29487596941c12dd99f6b4f86609dd6a/r_13",
            "rotation": 0.12566370614359174,
            "transform_matrix": [
                [
                    -0.5063571929931641,
                    0.19421744346618652,
                    -0.8401678204536438,
                    -3.3868248462677
                ],
                [
                    -0.8623238205909729,
                    -0.11404464393854141,
                    0.4933471977710724,
                    1.988746166229248
                ],
                [
                    -7.450580596923828e-09,
                    0.974306583404541,
                    0.22522567212581635,
                    0.9079137444496155
                ],
                [
                    0.0,
                    0.0,
                    0.0,
                    1.0
                ]
            ]
        },
        {
            "file_path": "/data/shapenet_blender/all_50_random/02958343/29487596941c12dd99f6b4f86609dd6a/r_14",
            "rotation": 0.12566370614359174,
            "transform_matrix": [
                [
                    0.6913619041442871,
                    0.20650281012058258,
                    -0.6923692226409912,
                    -2.791029930114746
                ],
                [
                    -0.7225086092948914,
                    0.19760066270828247,
                    -0.6625218391418457,
                    -2.6707112789154053
                ],
                [
                    0.0,
                    0.9582851529121399,
                    0.2858136296272278,
                    1.1521517038345337
                ],
                [
                    0.0,
                    0.0,
                    0.0,
                    1.0
                ]
            ]
        },
        {
            "file_path": "/data/shapenet_blender/all_50_random/02958343/29487596941c12dd99f6b4f86609dd6a/r_15",
            "rotation": 0.12566370614359174,
            "transform_matrix": [
                [
                    0.8102065324783325,
                    -0.168877974152565,
                    0.5612893104553223,
                    2.262629508972168
                ],
                [
                    0.5861445665359497,
                    0.23343393206596375,
                    -0.7758499383926392,
                    -3.1275510787963867
                ],
                [
                    0.0,
                    0.9575952887535095,
                    0.28811660408973694,
                    1.1614351272583008
                ],
                [
                    0.0,
                    0.0,
                    0.0,
                    1.0
                ]
            ]
        },
        {
            "file_path": "/data/shapenet_blender/all_50_random/02958343/29487596941c12dd99f6b4f86609dd6a/r_16",
            "rotation": 0.12566370614359174,
            "transform_matrix": [
                [
                    0.5475000739097595,
                    -0.0005419288063421845,
                    0.8368054628372192,
                    3.3732707500457764
                ],
                [
                    0.8368056416511536,
                    0.0003545698709785938,
                    -0.54749995470047,
                    -2.207042932510376
                ],
                [
                    -2.9103830456733704e-11,
                    0.9999998211860657,
                    0.0006476160488091409,
                    0.002610623836517334
                ],
                [
                    0.0,
                    0.0,
                    0.0,
                    1.0
                ]
            ]
        },
        {
            "file_path": "/data/shapenet_blender/all_50_random/02958343/29487596941c12dd99f6b4f86609dd6a/r_17",
            "rotation": 0.12566370614359174,
            "transform_matrix": [
                [
                    0.11845175176858902,
                    -0.9435796737670898,
                    0.30923542380332947,
                    1.2465678453445435
                ],
                [
                    0.9929597973823547,
                    0.11256111413240433,
                    -0.03688918426632881,
                    -0.14870506525039673
                ],
                [
                    0.0,
                    0.3114279508590698,
                    0.9502697587013245,
                    3.830659866333008
                ],
                [
                    0.0,
                    0.0,
                    0.0,
                    1.0
                ]
            ]
        },
        {
            "file_path": "/data/shapenet_blender/all_50_random/02958343/29487596941c12dd99f6b4f86609dd6a/r_18",
            "rotation": 0.12566370614359174,
            "transform_matrix": [
                [
                    0.26170745491981506,
                    0.03527262061834335,
                    0.9645024538040161,
                    3.888033866882324
                ],
                [
                    0.9651471972465515,
                    -0.009564455598592758,
                    -0.26153263449668884,
                    -1.0542718172073364
                ],
                [
                    0.0,
                    0.9993320107460022,
                    -0.03654635697603226,
                    -0.14732307195663452
                ],
                [
                    0.0,
                    0.0,
                    0.0,
                    1.0
                ]
            ]
        },
        {
            "file_path": "/data/shapenet_blender/all_50_random/02958343/29487596941c12dd99f6b4f86609dd6a/r_19",
            "rotation": 0.12566370614359174,
            "transform_matrix": [
                [
                    0.9271367192268372,
                    -0.05283365026116371,
                    0.3709799647331238,
                    1.495468020439148
                ],
                [
                    0.37472325563430786,
                    0.13072049617767334,
                    -0.9178750514984131,
                    -3.700072765350342
                ],
                [
                    3.725290076417309e-09,
                    0.9900105595588684,
                    0.14099377393722534,
                    0.5683640837669373
                ],
                [
                    0.0,
                    0.0,
                    0.0,
                    1.0
                ]
            ]
        },
        {
            "file_path": "/data/shapenet_blender/all_50_random/02958343/29487596941c12dd99f6b4f86609dd6a/r_20",
            "rotation": 0.12566370614359174,
            "transform_matrix": [
                [
                    -0.044360723346471786,
                    -0.8634933829307556,
                    0.5024053454399109,
                    2.0252606868743896
                ],
                [
                    0.9990155696868896,
                    -0.03834293782711029,
                    0.02230902761220932,
                    0.08993056416511536
                ],
                [
                    0.0,
                    0.5029003620147705,
                    0.8643443584442139,
                    3.484283447265625
                ],
                [
                    0.0,
                    0.0,
                    0.0,
                    1.0
                ]
            ]
        },
        {
            "file_path": "/data/shapenet_blender/all_50_random/02958343/29487596941c12dd99f6b4f86609dd6a/r_21",
            "rotation": 0.12566370614359174,
            "transform_matrix": [
                [
                    -0.05883524939417839,
                    -0.29283034801483154,
                    0.9543525576591492,
                    3.8471181392669678
                ],
                [
                    0.9982677698135376,
                    -0.017258642241358757,
                    0.05624700337648392,
                    0.22673892974853516
                ],
                [
                    0.0,
                    0.9560087323188782,
                    0.29333850741386414,
                    1.1824853420257568
                ],
                [
                    0.0,
                    0.0,
                    0.0,
                    1.0
                ]
            ]
        },
        {
            "file_path": "/data/shapenet_blender/all_50_random/02958343/29487596941c12dd99f6b4f86609dd6a/r_22",
            "rotation": 0.12566370614359174,
            "transform_matrix": [
                [
                    -0.9998712539672852,
                    0.013576801866292953,
                    0.008552098646759987,
                    0.03447461128234863
                ],
                [
                    0.016045808792114258,
                    0.8460186719894409,
                    0.5329115986824036,
                    2.148235321044922
                ],
                [
                    0.0,
                    0.53298020362854,
                    -0.8461276888847351,
                    -3.4108498096466064
                ],
                [
                    0.0,
                    0.0,
                    0.0,
                    1.0
                ]
            ]
        },
        {
            "file_path": "/data/shapenet_blender/all_50_random/02958343/29487596941c12dd99f6b4f86609dd6a/r_23",
            "rotation": 0.12566370614359174,
            "transform_matrix": [
                [
                    -0.6247801184654236,
                    -0.7411315441131592,
                    0.24571068584918976,
                    0.990491509437561
                ],
                [
                    0.7808006405830383,
                    -0.5930377840995789,
                    0.19661247730255127,
                    0.7925702929496765
                ],
                [
                    1.4901160305669237e-08,
                    0.31469079852104187,
                    0.9491941928863525,
                    3.826324462890625
                ],
                [
                    0.0,
                    0.0,
                    0.0,
                    1.0
                ]
            ]
        },
        {
            "file_path": "/data/shapenet_blender/all_50_random/02958343/29487596941c12dd99f6b4f86609dd6a/r_24",
            "rotation": 0.12566370614359174,
            "transform_matrix": [
                [
                    -0.8228394389152527,
                    0.3374710977077484,
                    0.457218199968338,
                    1.843105673789978
                ],
                [
                    0.5682739615440369,
                    0.4886455237865448,
                    0.6620348691940308,
                    2.668748140335083
                ],
                [
                    1.4901161193847656e-08,
                    0.804573655128479,
                    -0.5938527584075928,
                    -2.393897294998169
                ],
                [
                    0.0,
                    0.0,
                    0.0,
                    1.0
                ]
            ]
        },
        {
            "file_path": "/data/shapenet_blender/all_50_random/02958343/29487596941c12dd99f6b4f86609dd6a/r_25",
            "rotation": 0.12566370614359174,
            "transform_matrix": [
                [
                    0.1121295914053917,
                    0.5552148818969727,
                    -0.824113667011261,
                    -3.322108268737793
                ],
                [
                    -0.9936935305595398,
                    0.0626511201262474,
                    -0.09299398958683014,
                    -0.37487074732780457
                ],
                [
                    0.0,
                    0.829343855381012,
                    0.5587385296821594,
                    2.252346992492676
                ],
                [
                    0.0,
                    0.0,
                    0.0,
                    1.0
                ]
            ]
        },
        {
            "file_path": "/data/shapenet_blender/all_50_random/02958343/29487596941c12dd99f6b4f86609dd6a/r_26",
            "rotation": 0.12566370614359174,
            "transform_matrix": [
                [
                    0.9257309436798096,
                    -0.24145472049713135,
                    -0.29107028245925903,
                    -1.1733418703079224
                ],
                [
                    -0.37818288803100586,
                    -0.5910423398017883,
                    -0.7124932408332825,
                    -2.872152090072632
                ],
                [
                    0.0,
                    0.7696548104286194,
                    -0.6384602189064026,
                    -2.5737154483795166
                ],
                [
                    0.0,
                    0.0,
                    0.0,
                    1.0
                ]
            ]
        },
        {
            "file_path": "/data/shapenet_blender/all_50_random/02958343/29487596941c12dd99f6b4f86609dd6a/r_27",
            "rotation": 0.12566370614359174,
            "transform_matrix": [
                [
                    0.8192418813705444,
                    0.29792356491088867,
                    0.4899841248989105,
                    1.975189208984375
                ],
                [
                    0.5734482407569885,
                    -0.4256206750869751,
                    -0.7000029683113098,
                    -2.8218021392822266
                ],
                [
                    -1.4901162970204496e-08,
                    0.8544521927833557,
                    -0.5195299386978149,
                    -2.094292163848877
                ],
                [
                    0.0,
                    0.0,
                    0.0,
                    1.0
                ]
            ]
        },
        {
            "file_path": "/data/shapenet_blender/all_50_random/02958343/29487596941c12dd99f6b4f86609dd6a/r_28",
            "rotation": 0.12566370614359174,
            "transform_matrix": [
                [
                    -0.9092648029327393,
                    -0.25272849202156067,
                    -0.3307051360607147,
                    -1.3331152200698853
                ],
                [
                    -0.41621822118759155,
                    0.5521072745323181,
                    0.7224540114402771,
                    2.9123055934906006
                ],
                [
                    0.0,
                    0.7945474982261658,
                    -0.6072019338607788,
                    -2.447709560394287
                ],
                [
                    0.0,
                    0.0,
                    0.0,
                    1.0
                ]
            ]
        },
        {
            "file_path": "/data/shapenet_blender/all_50_random/02958343/29487596941c12dd99f6b4f86609dd6a/r_29",
            "rotation": 0.12566370614359174,
            "transform_matrix": [
                [
                    0.3036579489707947,
                    0.2079167664051056,
                    -0.9298185110092163,
                    -3.748218297958374
                ],
                [
                    -0.9527811408042908,
                    0.06626451760530472,
                    -0.29633963108062744,
                    -1.1945832967758179
                ],
                [
                    -3.725290298461914e-09,
                    0.9758993983268738,
                    0.21822091937065125,
                    0.8796766400337219
                ],
                [
                    0.0,
                    0.0,
                    0.0,
                    1.0
                ]
            ]
        },
        {
            "file_path": "/data/shapenet_blender/all_50_random/02958343/29487596941c12dd99f6b4f86609dd6a/r_30",
            "rotation": 0.12566370614359174,
            "transform_matrix": [
                [
                    -0.9235897660255432,
                    -0.08525192737579346,
                    -0.37378352880477905,
                    -1.5067696571350098
                ],
                [
                    -0.3833823502063751,
                    0.20537669956684113,
                    0.9004656076431274,
                    3.6298930644989014
                ],
                [
                    -7.450580596923828e-09,
                    0.9749628305435181,
                    -0.22236788272857666,
                    -0.8963935971260071
                ],
                [
                    0.0,
                    0.0,
                    0.0,
                    1.0
                ]
            ]
        },
        {
            "file_path": "/data/shapenet_blender/all_50_random/02958343/29487596941c12dd99f6b4f86609dd6a/r_31",
            "rotation": 0.12566370614359174,
            "transform_matrix": [
                [
                    0.9998031854629517,
                    0.006328235846012831,
                    -0.018801851198077202,
                    -0.07579269260168076
                ],
                [
                    -0.019838253036141396,
                    0.3189288377761841,
                    -0.9475709199905396,
                    -3.8197808265686035
                ],
                [
                    4.656612873077393e-10,
                    0.9477575421333313,
                    0.3189915716648102,
                    1.2858963012695312
                ],
                [
                    0.0,
                    0.0,
                    0.0,
                    1.0
                ]
            ]
        },
        {
            "file_path": "/data/shapenet_blender/all_50_random/02958343/29487596941c12dd99f6b4f86609dd6a/r_32",
            "rotation": 0.12566370614359174,
            "transform_matrix": [
                [
                    0.11040976643562317,
                    -0.20149923861026764,
                    0.9732459783554077,
                    3.9232800006866455
                ],
                [
                    0.9938861727714539,
                    0.022384339943528175,
                    -0.10811687260866165,
                    -0.43583306670188904
                ],
                [
                    0.0,
                    0.9792327880859375,
                    0.20273877680301666,
                    0.8172661662101746
                ],
                [
                    0.0,
                    0.0,
                    0.0,
                    1.0
                ]
            ]
        },
        {
            "file_path": "/data/shapenet_blender/all_50_random/02958343/29487596941c12dd99f6b4f86609dd6a/r_33",
            "rotation": 0.12566370614359174,
            "transform_matrix": [
                [
                    0.978924036026001,
                    0.09079410135746002,
                    -0.18293271958827972,
                    -0.7374254465103149
                ],
                [
                    -0.20422527194023132,
                    0.435208261013031,
                    -0.8768612146377563,
                    -3.534741163253784
                ],
                [
                    0.0,
                    0.8957400321960449,
                    0.4445781111717224,
                    1.792151927947998
                ],
                [
                    0.0,
                    0.0,
                    0.0,
                    1.0
                ]
            ]
        },
        {
            "file_path": "/data/shapenet_blender/all_50_random/02958343/29487596941c12dd99f6b4f86609dd6a/r_34",
            "rotation": 0.12566370614359174,
            "transform_matrix": [
                [
                    -0.9072784185409546,
                    0.15333592891693115,
                    0.3915788531303406,
                    1.5785048007965088
                ],
                [
                    0.4205305278301239,
                    0.3308163583278656,
                    0.8448163270950317,
                    3.4055635929107666
                ],
                [
                    0.0,
                    0.9311544895172119,
                    -0.364624947309494,
                    -1.4698501825332642
                ],
                [
                    0.0,
                    0.0,
                    0.0,
                    1.0
                ]
            ]
        },
        {
            "file_path": "/data/shapenet_blender/all_50_random/02958343/29487596941c12dd99f6b4f86609dd6a/r_35",
            "rotation": 0.12566370614359174,
            "transform_matrix": [
                [
                    -0.9562516808509827,
                    -0.09792935848236084,
                    0.2756671607494354,
                    1.1112498044967651
                ],
                [
                    0.2925449013710022,
                    -0.32010507583618164,
                    0.9010828137397766,
                    3.632380723953247
                ],
                [
                    -7.4505792646561986e-09,
                    0.9423069953918457,
                    0.3347497880458832,
                    1.3494194746017456
                ],
                [
                    0.0,
                    0.0,
                    0.0,
                    1.0
                ]
            ]
        },
        {
            "file_path": "/data/shapenet_blender/all_50_random/02958343/29487596941c12dd99f6b4f86609dd6a/r_36",
            "rotation": 0.12566370614359174,
            "transform_matrix": [
                [
                    0.739413321018219,
                    -0.662597119808197,
                    -0.11930211633443832,
                    -0.48092222213745117
                ],
                [
                    -0.673251748085022,
                    -0.7277116775512695,
                    -0.13102614879608154,
                    -0.5281832814216614
                ],
                [
                    7.450580596923828e-09,
                    0.17720258235931396,
                    -0.984174370765686,
                    -3.9673337936401367
                ],
                [
                    0.0,
                    0.0,
                    0.0,
                    1.0
                ]
            ]
        },
        {
            "file_path": "/data/shapenet_blender/all_50_random/02958343/29487596941c12dd99f6b4f86609dd6a/r_37",
            "rotation": 0.12566370614359174,
            "transform_matrix": [
                [
                    0.7264927625656128,
                    0.01989154890179634,
                    -0.6868861317634583,
                    -2.7689266204833984
                ],
                [
                    -0.6871740818023682,
                    0.021029703319072723,
                    -0.7261883616447449,
                    -2.927358865737915
                ],
                [
                    0.0,
                    0.9995808601379395,
                    0.0289468877017498,
                    0.11668863892555237
                ],
                [
                    0.0,
                    0.0,
                    0.0,
                    1.0
                ]
            ]
        },
        {
            "file_path": "/data/shapenet_blender/all_50_random/02958343/29487596941c12dd99f6b4f86609dd6a/r_38",
            "rotation": 0.12566370614359174,
            "transform_matrix": [
                [
                    -0.2687036097049713,
                    -0.5187849402427673,
                    0.8115791082382202,
                    3.2715797424316406
                ],
                [
                    0.9632229208946228,
                    -0.14472182095050812,
                    0.22640056908130646,
                    0.9126497507095337
                ],
                [
                    0.0,
                    0.842566192150116,
                    0.5385928153991699,
                    2.1711368560791016
                ],
                [
                    0.0,
                    0.0,
                    0.0,
                    1.0
                ]
            ]
        },
        {
            "file_path": "/data/shapenet_blender/all_50_random/02958343/29487596941c12dd99f6b4f86609dd6a/r_39",
            "rotation": 0.12566370614359174,
            "transform_matrix": [
                [
                    0.9848626852035522,
                    0.16187401115894318,
                    0.06198754161596298,
                    0.24987977743148804
                ],
                [
                    0.17333683371543884,
                    -0.9197334051132202,
                    -0.35219988226890564,
                    -1.4197630882263184
                ],
                [
                    3.725290742551124e-09,
                    0.35761311650276184,
                    -0.9338697791099548,
                    -3.764549493789673
                ],
                [
                    0.0,
                    0.0,
                    0.0,
                    1.0
                ]
            ]
        },
        {
            "file_path": "/data/shapenet_blender/all_50_random/02958343/29487596941c12dd99f6b4f86609dd6a/r_40",
            "rotation": 0.12566370614359174,
            "transform_matrix": [
                [
                    0.16435877978801727,
                    -0.19449888169765472,
                    -0.9670348167419434,
                    -3.8982419967651367
                ],
                [
                    -0.9864005446434021,
                    -0.03240833431482315,
                    -0.16113197803497314,
                    -0.6495437622070312
                ],
                [
                    0.0,
                    0.9803672432899475,
                    -0.19718042016029358,
                    -0.7948597073554993
                ],
                [
                    0.0,
                    0.0,
                    0.0,
                    1.0
                ]
            ]
        },
        {
            "file_path": "/data/shapenet_blender/all_50_random/02958343/29487596941c12dd99f6b4f86609dd6a/r_41",
            "rotation": 0.12566370614359174,
            "transform_matrix": [
                [
                    0.29256343841552734,
                    0.16460049152374268,
                    -0.941973090171814,
                    -3.797214984893799
                ],
                [
                    -0.9562461972236633,
                    0.05035950988531113,
                    -0.2881965935230255,
                    -1.1617575883865356
                ],
                [
                    3.725290742551124e-09,
