{
    "class": "02958343",
    "model": "f61888bca4392106bc790478b4a84bf2",
    "remove_doubles": true,
    "edge_split": true,
    "denoise": true,
    "camera_angle_x": 0.6911112070083618,
    "scale_factor": 2.389152416477577,
    "hdri_file": "/data/IndoorHDRDataset2018/AG8A3021-52b0ed2648.exr",
    "center_offset": [
        0.0,
        0.0,
        -1.862645149230957e-09
    ],
    "lights": [],
    "frames": [
        {
            "file_path": "/data/shapenet_blender/all_50_random/02958343/f61888bca4392106bc790478b4a84bf2/r_0",
            "rotation": 0.12566370614359174,
            "transform_matrix": [
                [
                    -0.9992433190345764,
                    -0.018332375213503838,
                    -0.034303195774555206,
                    -0.13828060030937195
                ],
                [
                    -0.03889453783631325,
                    0.4709787666797638,
                    0.88128662109375,
                    3.5525801181793213
                ],
                [
                    0.0,
                    0.8819539546966553,
                    -0.47133541107177734,
                    -1.90001380443573
                ],
                [
                    0.0,
                    0.0,
                    0.0,
                    1.0
                ]
            ]
        },
        {
            "file_path": "/data/shapenet_blender/all_50_random/02958343/f61888bca4392106bc790478b4a84bf2/r_1",
            "rotation": 0.12566370614359174,
            "transform_matrix": [
                [
                    0.9015634059906006,
                    0.08694157749414444,
                    0.4238215386867523,
                    1.708479404449463
                ],
                [
                    0.4326471984386444,
                    -0.1811714917421341,
                    -0.8831722140312195,
                    -3.5601813793182373
                ],
                [
                    0.0,
                    0.9796009659767151,
                    -0.20095255970954895,
                    -0.810065746307373
                ],
                [
                    0.0,
                    0.0,
                    0.0,
                    1.0
                ]
            ]
        },
        {
            "file_path": "/data/shapenet_blender/all_50_random/02958343/f61888bca4392106bc790478b4a84bf2/r_2",
            "rotation": 0.12566370614359174,
            "transform_matrix": [
                [
                    0.9207647442817688,
                    0.041273027658462524,
                    0.3879289925098419,
                    1.5637917518615723
                ],
                [
                    0.39011839032173157,
                    -0.09741337597370148,
                    -0.9155972599983215,
                    -3.6908905506134033
                ],
                [
                    0.0,
                    0.9943878650665283,
                    -0.10579617321491241,
                    -0.4264780282974243
                ],
                [
                    0.0,
                    0.0,
                    0.0,
                    1.0
                ]
            ]
        },
        {
            "file_path": "/data/shapenet_blender/all_50_random/02958343/f61888bca4392106bc790478b4a84bf2/r_3",
            "rotation": 0.12566370614359174,
            "transform_matrix": [
                [
                    0.8449403643608093,
                    0.0245612021535635,
                    -0.5342961549758911,
                    -2.1538169384002686
                ],
                [
                    -0.5348604321479797,
                    0.03880031034350395,
                    -0.8440489172935486,
                    -3.402470350265503
                ],
                [
                    1.862645149230957e-09,
                    0.9989449977874756,
                    0.04592076316475868,
                    0.18511253595352173
                ],
                [
                    0.0,
                    0.0,
                    0.0,
                    1.0
                ]
            ]
        },
        {
            "file_path": "/data/shapenet_blender/all_50_random/02958343/f61888bca4392106bc790478b4a84bf2/r_4",
            "rotation": 0.12566370614359174,
            "transform_matrix": [
                [
                    -0.7947434186935425,
                    -0.47205787897109985,
                    -0.38150259852409363,
                    -1.537886142730713
                ],
                [
                    -0.6069455742835999,
                    0.6181195378303528,
                    0.4995451271533966,
                    2.013730764389038
                ],
                [
                    -1.4901161193847656e-08,
                    0.6285613775253296,
                    -0.7777599096298218,
                    -3.1352505683898926
                ],
                [
                    0.0,
                    0.0,
                    0.0,
                    1.0
                ]
            ]
        },
        {
            "file_path": "/data/shapenet_blender/all_50_random/02958343/f61888bca4392106bc790478b4a84bf2/r_5",
            "rotation": 0.12566370614359174,
            "transform_matrix": [
                [
                    -0.9343339204788208,
                    0.19484974443912506,
                    0.2984190285205841,
                    1.2029656171798706
                ],
                [
                    0.35639917850494385,
                    0.5108169317245483,
                    0.782333493232727,
                    3.1536872386932373
                ],
                [
                    -1.4901164746561335e-08,
                    0.8373168706893921,
                    -0.5467177629470825,
                    -2.203889846801758
                ],
                [
                    0.0,
                    0.0,
                    0.0,
                    1.0
                ]
            ]
        },
        {
            "file_path": "/data/shapenet_blender/all_50_random/02958343/f61888bca4392106bc790478b4a84bf2/r_6",
            "rotation": 0.12566370614359174,
            "transform_matrix": [
                [
                    -0.8969256281852722,
                    0.08882485330104828,
                    0.4331679940223694,
                    1.7461559772491455
                ],
                [
                    0.4421813488006592,
                    0.1801733374595642,
                    0.8786428570747375,
                    3.5419225692749023
                ],
                [
                    0.0,
                    0.9796161651611328,
                    -0.20087876915931702,
                    -0.8097681999206543
                ],
                [
                    0.0,
                    0.0,
                    0.0,
                    1.0
                ]
            ]
        },
        {
            "file_path": "/data/shapenet_blender/all_50_random/02958343/f61888bca4392106bc790478b4a84bf2/r_7",
            "rotation": 0.12566370614359174,
            "transform_matrix": [
                [
                    -0.884183943271637,
                    0.24907875061035156,
                    -0.3951941430568695,
                    -1.59307861328125
                ],
                [
                    -0.46713879704475403,
                    -0.47144755721092224,
                    0.7480096220970154,
                    3.0153234004974365
                ],
                [
                    -1.4901160305669237e-08,
                    0.8459886312484741,
                    0.533200740814209,
                    2.1494011878967285
                ],
                [
                    0.0,
                    0.0,
                    0.0,
                    1.0
                ]
            ]
        },
        {
            "file_path": "/data/shapenet_blender/all_50_random/02958343/f61888bca4392106bc790478b4a84bf2/r_8",
            "rotation": 0.12566370614359174,
            "transform_matrix": [
                [
                    -0.9133021235466003,
                    -0.16065311431884766,
                    -0.37425902485847473,
                    -1.5086864233016968
                ],
                [
                    -0.4072827696800232,
                    0.3602529764175415,
                    0.839248776435852,
                    3.383120059967041
                ],
                [
                    0.0,
                    0.9189169406890869,
                    -0.3944510221481323,
                    -1.5900828838348389
                ],
                [
                    0.0,
                    0.0,
                    0.0,
                    1.0
                ]
            ]
        },
        {
            "file_path": "/data/shapenet_blender/all_50_random/02958343/f61888bca4392106bc790478b4a84bf2/r_9",
            "rotation": 0.12566370614359174,
            "transform_matrix": [
                [
                    0.8104845881462097,
                    0.022520486265420914,
                    0.5853269100189209,
                    2.3595283031463623
                ],
                [
                    0.5857599973678589,
                    -0.03116038255393505,
                    -0.8098853230476379,
                    -3.264752149581909
                ],
                [
                    -1.862645149230957e-09,
                    0.9992607235908508,
                    -0.03844660520553589,
                    -0.15498322248458862
                ],
                [
                    0.0,
                    0.0,
                    0.0,
                    1.0
                ]
            ]
        },
        {
            "file_path": "/data/shapenet_blender/all_50_random/02958343/f61888bca4392106bc790478b4a84bf2/r_10",
            "rotation": 0.12566370614359174,
            "transform_matrix": [
                [
                    -0.05907842144370079,
                    0.0350273996591568,
                    -0.9976385235786438,
                    -4.021609783172607
                ],
                [
                    -0.9982534050941467,
                    -0.0020729838870465755,
                    0.05904202535748482,
                    0.23800602555274963
                ],
                [
                    0.0,
                    0.9993841648101807,
                    0.035088684409856796,
                    0.1414470225572586
                ],
                [
                    0.0,
                    0.0,
                    0.0,
                    1.0
                ]
            ]
        },
        {
            "file_path": "/data/shapenet_blender/all_50_random/02958343/f61888bca4392106bc790478b4a84bf2/r_11",
            "rotation": 0.12566370614359174,
            "transform_matrix": [
                [
                    -0.9252555966377258,
                    0.14441336691379547,
                    -0.35078054666519165,
                    -1.4140417575836182
                ],
                [
                    -0.37934452295303345,
                    -0.3522372543811798,
                    0.855585515499115,
                    3.4489758014678955
                ],
                [
                    7.450581485102248e-09,
                    0.9247018694877625,
                    0.38069188594818115,
                    1.5346182584762573
                ],
                [
                    0.0,
                    0.0,
                    0.0,
                    1.0
                ]
            ]
        },
        {
            "file_path": "/data/shapenet_blender/all_50_random/02958343/f61888bca4392106bc790478b4a84bf2/r_12",
            "rotation": 0.12566370614359174,
            "transform_matrix": [
                [
                    -0.31449437141418457,
                    -0.28915202617645264,
                    0.9041484594345093,
                    3.6447389125823975
                ],
                [
                    0.9492592811584473,
                    -0.09579752385616302,
                    0.2995489239692688,
                    1.2075203657150269
                ],
                [
                    7.450580152834618e-09,
                    0.9524778127670288,
                    0.3046080768108368,
                    1.2279144525527954
                ],
                [
                    0.0,
                    0.0,
                    0.0,
                    1.0
                ]
            ]
        },
        {
            "file_path": "/data/shapenet_blender/all_50_random/02958343/f61888bca4392106bc790478b4a84bf2/r_13",
            "rotation": 0.12566370614359174,
            "transform_matrix": [
                [
                    0.12910422682762146,
                    0.3421071469783783,
                    0.9307495355606079,
                    3.751971483230591
                ],
                [
                    0.9916310906410217,
                    -0.04454023391008377,
                    -0.12117782235145569,
                    -0.4884834289550781
                ],
                [
                    3.725290742551124e-09,
                    0.9386046528816223,
                    -0.3449944257736206,
                    -1.3907170295715332
                ],
                [
                    0.0,
                    0.0,
                    0.0,
                    1.0
                ]
            ]
        },
        {
            "file_path": "/data/shapenet_blender/all_50_random/02958343/f61888bca4392106bc790478b4a84bf2/r_14",
            "rotation": 0.12566370614359174,
            "transform_matrix": [
                [
                    -0.9975464940071106,
                    0.011295477859675884,
                    0.06909133493900299,
                    0.27851608395576477
                ],
                [
                    0.07000857591629028,
                    0.16094833612442017,
                    0.9844767451286316,
                    3.968552589416504
                ],
                [
                    0.0,
                    0.9868981838226318,
                    -0.16134421527385712,
                    -0.6503993272781372
                ],
                [
                    0.0,
                    0.0,
                    0.0,
                    1.0
                ]
            ]
        },
        {
            "file_path": "/data/shapenet_blender/all_50_random/02958343/f61888bca4392106bc790478b4a84bf2/r_15",
            "rotation": 0.12566370614359174,
            "transform_matrix": [
                [
                    -0.41957515478134155,
                    -0.49284836649894714,
                    0.7622710466384888,
                    3.072812795639038
                ],
                [
                    0.9077206254005432,
                    -0.22780899703502655,
                    0.3523440957069397,
                    1.4203444719314575
                ],
                [
                    0.0,
                    0.8397639393806458,
                    0.5429516434669495,
                    2.1887080669403076
                ],
                [
                    0.0,
                    0.0,
                    0.0,
                    1.0
                ]
            ]
        },
        {
            "file_path": "/data/shapenet_blender/all_50_random/02958343/f61888bca4392106bc790478b4a84bf2/r_16",
            "rotation": 0.12566370614359174,
            "transform_matrix": [
                [
                    -0.8545921444892883,
                    0.001144721289165318,
                    -0.5192986130714417,
                    -2.0933597087860107
                ],
                [
                    -0.5192998647689819,
                    -0.0018838244723156095,
                    0.8545899987220764,
                    3.444962501525879
                ],
                [
                    0.0,
                    0.9999975562095642,
                    0.0022043550852686167,
                    0.00888603925704956
                ],
                [
                    0.0,
                    0.0,
                    0.0,
                    1.0
                ]
            ]
        },
        {
            "file_path": "/data/shapenet_blender/all_50_random/02958343/f61888bca4392106bc790478b4a84bf2/r_17",
            "rotation": 0.12566370614359174,
            "transform_matrix": [
                [
                    -0.9444280862808228,
                    0.08962491154670715,
                    0.31626424193382263,
                    1.274902105331421
                ],
                [
                    0.3287183344364166,
                    0.2574979066848755,
                    0.9086467623710632,
                    3.662872552871704
                ],
                [
                    7.450581485102248e-09,
                    0.9621133208274841,
                    -0.2726495862007141,
                    -1.099085807800293
                ],
                [
                    0.0,
                    0.0,
                    0.0,
                    1.0
                ]
            ]
        },
        {
            "file_path": "/data/shapenet_blender/all_50_random/02958343/f61888bca4392106bc790478b4a84bf2/r_18",
            "rotation": 0.12566370614359174,
            "transform_matrix": [
                [
                    -0.9878280758857727,
                    0.13424600660800934,
                    0.07857298851013184,
                    0.3167378604412079
                ],
                [
                    0.15554969012737274,
                    0.8525376915931702,
                    0.498982697725296,
                    2.0114636421203613
                ],
                [
                    0.0,
                    0.505131185054779,
                    -0.8630425930023193,
                    -3.4790358543395996
                ],
                [
                    0.0,
                    0.0,
                    0.0,
                    1.0
                ]
            ]
        },
        {
            "file_path": "/data/shapenet_blender/all_50_random/02958343/f61888bca4392106bc790478b4a84bf2/r_19",
            "rotation": 0.12566370614359174,
            "transform_matrix": [
                [
                    0.17846187949180603,
                    -0.0007028062827885151,
                    0.9839465022087097,
                    3.9664154052734375
                ],
                [
                    0.9839468598365784,
                    0.00012747042637784034,
                    -0.17846180498600006,
                    -0.7194026112556458
                ],
                [
                    -1.4551915228366852e-11,
                    0.9999997615814209,
                    0.000714272609911859,
                    0.0028793253004550934
                ],
                [
                    0.0,
                    0.0,
                    0.0,
                    1.0
                ]
            ]
        },
        {
            "file_path": "/data/shapenet_blender/all_50_random/02958343/f61888bca4392106bc790478b4a84bf2/r_20",
            "rotation": 0.12566370614359174,
            "transform_matrix": [
                [
                    0.8917549252510071,
                    0.035118263214826584,
                    0.45115387439727783,
                    1.8186595439910889
                ],
                [
                    0.45251864194869995,
                    -0.06920573860406876,
                    -0.8890654444694519,
                    -3.583937644958496
                ],
                [
                    1.862645149230957e-09,
                    0.99698406457901,
                    -0.0776062160730362,
                    -0.31284070014953613
                ],
                [
                    0.0,
                    0.0,
                    0.0,
                    1.0
                ]
            ]
        },
        {
            "file_path": "/data/shapenet_blender/all_50_random/02958343/f61888bca4392106bc790478b4a84bf2/r_21",
            "rotation": 0.12566370614359174,
            "transform_matrix": [
                [
                    0.4771080017089844,
                    0.04218661040067673,
                    -0.8778315782546997,
                    -3.538652181625366
                ],
                [
                    -0.8788447976112366,
                    0.02290230244398117,
                    -0.4765579402446747,
                    -1.9210665225982666
                ],
                [
                    0.0,
                    0.9988471865653992,
                    0.048002347350120544,
                    0.19350364804267883
                ],
                [
                    0.0,
                    0.0,
                    0.0,
                    1.0
                ]
            ]
        },
        {
            "file_path": "/data/shapenet_blender/all_50_random/02958343/f61888bca4392106bc790478b4a84bf2/r_22",
            "rotation": 0.12566370614359174,
            "transform_matrix": [
                [
                    0.20003515481948853,
                    0.06754334270954132,
                    -0.9774577617645264,
                    -3.940258502960205
                ],
                [
                    -0.9797886610031128,
                    0.013789752498269081,
                    -0.1995592713356018,
                    -0.804449200630188
                ],
                [
                    -9.313225191043273e-10,
                    0.9976209998130798,
                    0.06893663108348846,
                    0.27789247035980225
                ],
                [
                    0.0,
                    0.0,
                    0.0,
                    1.0
                ]
            ]
        },
        {
            "file_path": "/data/shapenet_blender/all_50_random/02958343/f61888bca4392106bc790478b4a84bf2/r_23",
            "rotation": 0.12566370614359174,
            "transform_matrix": [
                [
                    -0.09720391035079956,
                    0.7899764776229858,
                    0.6053829789161682,
                    2.4403767585754395
                ],
                [
                    0.9952645301818848,
                    0.07715415954589844,
                    0.05912557616829872,
                    0.23834282159805298
                ],
                [
                    -3.725290742551124e-09,
                    0.608263373374939,
                    -0.7937352061271667,
                    -3.199648857116699
                ],
                [
                    0.0,
                    0.0,
                    0.0,
                    1.0
                ]
            ]
        },
        {
            "file_path": "/data/shapenet_blender/all_50_random/02958343/f61888bca4392106bc790478b4a84bf2/r_24",
            "rotation": 0.12566370614359174,
            "transform_matrix": [
                [
                    0.10467736423015594,
                    -0.3504432737827301,
                    -0.9307158589363098,
                    -3.751835823059082
                ],
                [
                    -0.9945061802864075,
                    -0.036886122077703476,
                    -0.09796307235956192,
                    -0.3949018120765686
                ],
                [
                    0.0,
                    0.9358572959899902,
                    -0.35237911343574524,
                    -1.4204857349395752
                ],
                [
                    0.0,
                    0.0,
                    0.0,
                    1.0
                ]
            ]
        },
        {
            "file_path": "/data/shapenet_blender/all_50_random/02958343/f61888bca4392106bc790478b4a84bf2/r_25",
            "rotation": 0.12566370614359174,
            "transform_matrix": [
                [
                    0.17362940311431885,
                    0.6696932911872864,
                    0.7220551371574402,
                    2.9106974601745605
                ],
                [
                    0.9848110675811768,
                    -0.11807183921337128,
                    -0.1273036152124405,
                    -0.5131772756576538
                ],
                [
                    0.0,
                    0.7331915497779846,
                    -0.680022120475769,
                    -2.7412569522857666
                ],
                [
                    0.0,
                    0.0,
                    0.0,
                    1.0
                ]
            ]
        },
        {
            "file_path": "/data/shapenet_blender/all_50_random/02958343/f61888bca4392106bc790478b4a84bf2/r_26",
            "rotation": 0.12566370614359174,
            "transform_matrix": [
                [
                    0.837486207485199,
                    -0.27977249026298523,
                    -0.4694085121154785,
                    -1.8922462463378906
                ],
                [
                    -0.5464586615562439,
                    -0.4287709593772888,
                    -0.7194014191627502,
                    -2.8999998569488525
                ],
                [
                    0.0,
                    0.8590009212493896,
                    -0.5119738578796387,
                    -2.0638325214385986
                ],
                [
                    0.0,
                    0.0,
                    0.0,
                    1.0
                ]
            ]
        },
        {
            "file_path": "/data/shapenet_blender/all_50_random/02958343/f61888bca4392106bc790478b4a84bf2/r_27",
            "rotation": 0.12566370614359174,
            "transform_matrix": [
                [
                    0.5952466130256653,
                    -0.3403107821941376,
                    -0.7279216051101685,
                    -2.9343461990356445
                ],
                [
                    -0.8035430908203125,
                    -0.2520945370197296,
                    -0.5392279028892517,
                    -2.1736974716186523
                ],
                [
                    0.0,
                    0.9058899879455566,
                    -0.4235128164291382,
                    -1.7072348594665527
                ],
                [
                    0.0,
                    0.0,
                    0.0,
                    1.0
                ]
            ]
        },
        {
            "file_path": "/data/shapenet_blender/all_50_random/02958343/f61888bca4392106bc790478b4a84bf2/r_28",
            "rotation": 0.12566370614359174,
            "transform_matrix": [
                [
                    -0.903566837310791,
                    0.05466758459806442,
                    0.42494523525238037,
                    1.7130091190338135
                ],
                [
                    0.42844724655151367,
                    0.1152903139591217,
                    0.8961813449859619,
                    3.6126227378845215
                ],
                [
                    0.0,
                    0.9918263554573059,
                    -0.12759466469287872,
                    -0.5143505930900574
                ],
                [
                    0.0,
                    0.0,
                    0.0,
                    1.0
                ]
            ]
        },
        {
            "file_path": "/data/shapenet_blender/all_50_random/02958343/f61888bca4392106bc790478b4a84bf2/r_29",
            "rotation": 0.12566370614359174,
            "transform_matrix": [
                [
                    -0.8388383984565735,
                    -0.10282601416110992,
                    0.5345811247825623,
                    2.154965400695801
                ],
                [
                    0.5443805456161499,
                    -0.1584450602531433,
                    0.8237383961677551,
                    3.3205957412719727
                ],
                [
                    0.0,
                    0.9819989800453186,
                    0.18888625502586365,
                    0.7614248394966125
                ],
                [
                    0.0,
                    0.0,
                    0.0,
                    1.0
                ]
            ]
        },
        {
            "file_path": "/data/shapenet_blender/all_50_random/02958343/f61888bca4392106bc790478b4a84bf2/r_30",
            "rotation": 0.12566370614359174,
            "transform_matrix": [
                [
                    -0.9765598177909851,
                    0.000782763643655926,
                    0.2152448445558548,
                    0.8676797151565552
                ],
                [
                    0.2152462601661682,
                    0.0035513530019670725,
                    0.9765533208847046,
                    3.936612367630005
                ],
                [
                    0.0,
                    0.9999934434890747,
                    -0.003636595094576478,
                    -0.014659583568572998
                ],
                [
                    0.0,
                    0.0,
                    0.0,
                    1.0
                ]
            ]
        },
        {
            "file_path": "/data/shapenet_blender/all_50_random/02958343/f61888bca4392106bc790478b4a84bf2/r_31",
            "rotation": 0.12566370614359174,
            "transform_matrix": [
                [
                    0.9022696018218994,
                    -0.03728031367063522,
                    0.429557740688324,
                    1.731602668762207
                ],
                [
                    0.4311724603176117,
                    0.0780126228928566,
                    -0.8988906145095825,
                    -3.6235439777374268
                ],
                [
                    -3.725290298461914e-09,
                    0.9962551593780518,
                    0.08646264672279358,
                    0.34854206442832947
                ],
                [
                    0.0,
                    0.0,
                    0.0,
                    1.0
                ]
            ]
        },
        {
            "file_path": "/data/shapenet_blender/all_50_random/02958343/f61888bca4392106bc790478b4a84bf2/r_32",
            "rotation": 0.12566370614359174,
            "transform_matrix": [
                [
                    -0.1961066573858261,
                    -0.007068376988172531,
                    -0.9805570840835571,
                    -3.952752113342285
                ],
                [
                    -0.9805826544761658,
                    0.0014136042445898056,
                    0.19610153138637543,
                    0.7905105352401733
                ],
                [
                    1.1641533570472262e-10,
                    0.9999740123748779,
                    -0.0072083440609276295,
                    -0.029057763516902924
                ],
                [
                    0.0,
                    0.0,
                    0.0,
                    1.0
                ]
            ]
        },
        {
            "file_path": "/data/shapenet_blender/all_50_random/02958343/f61888bca4392106bc790478b4a84bf2/r_33",
            "rotation": 0.12566370614359174,
            "transform_matrix": [
                [
                    -0.8762602806091309,
                    -0.4777819514274597,
                    0.062389083206653595,
                    0.25149840116500854
                ],
                [
                    0.4818381369113922,
                    -0.8688837885856628,
                    0.11345942318439484,
                    0.45736950635910034
                ],
                [
                    0.0,
                    0.1294812560081482,
                    0.991581916809082,
                    3.9971940517425537
                ],
                [
                    0.0,
                    0.0,
                    0.0,
                    1.0
                ]
            ]
        },
        {
            "file_path": "/data/shapenet_blender/all_50_random/02958343/f61888bca4392106bc790478b4a84bf2/r_34",
            "rotation": 0.12566370614359174,
            "transform_matrix": [
                [
                    -0.4065342843532562,
                    0.3871937096118927,
                    0.8275330066680908,
                    3.3358922004699707
                ],
                [
                    0.9136354923248291,
                    0.1722870171070099,
                    0.36822184920310974,
                    1.4843497276306152
                ],
                [
                    -1.4901159417490817e-08,
                    0.9057583212852478,
                    -0.42379459738731384,
                    -1.7083706855773926
                ],
                [
                    0.0,
                    0.0,
                    0.0,
                    1.0
                ]
            ]
        },
        {
            "file_path": "/data/shapenet_blender/all_50_random/02958343/f61888bca4392106bc790478b4a84bf2/r_35",
            "rotation": 0.12566370614359174,
            "transform_matrix": [
                [
                    -0.8896602988243103,
                    0.023035861551761627,
                    -0.4560416340827942,
                    -1.8383625745773315
                ],
                [
                    -0.4566231071949005,
                    -0.044881850481033325,
                    0.8885273933410645,
                    3.58176851272583
                ],
                [
                    1.862645371275562e-09,
                    0.9987266063690186,
                    0.050448305904865265,
                    0.20336362719535828
                ],
                [
                    0.0,
                    0.0,
                    0.0,
                    1.0
                ]
            ]
        },
        {
            "file_path": "/data/shapenet_blender/all_50_random/02958343/f61888bca4392106bc790478b4a84bf2/r_36",
            "rotation": 0.12566370614359174,
            "transform_matrix": [
                [
                    -0.6823158264160156,
                    -0.19947563111782074,
                    -0.7033168077468872,
                    -2.835160732269287
                ],
                [
                    -0.7310575246810913,
                    0.18617601692676544,
                    0.6564247012138367,
                    2.646132707595825
                ],
                [
                    0.0,
                    0.9620539546012878,
                    -0.27285903692245483,
                    -1.099929928779602
                ],
                [
                    0.0,
                    0.0,
                    0.0,
                    1.0
                ]
            ]
        },
        {
            "file_path": "/data/shapenet_blender/all_50_random/02958343/f61888bca4392106bc790478b4a84bf2/r_37",
            "rotation": 0.12566370614359174,
            "transform_matrix": [
                [
                    -0.41257160902023315,
                    -0.6693585515022278,
                    -0.617854118347168,
                    -2.490649700164795
                ],
                [
                    -0.9109251499176025,
                    0.30316248536109924,
                    0.27983537316322327,
                    1.1280524730682373
                ],
                [
                    -1.4901161193847656e-08,
                    0.6782710552215576,
                    -0.7348117828369141,
                    -2.96212100982666
                ],
                [
                    0.0,
                    0.0,
                    0.0,
                    1.0
                ]
            ]
        },
        {
            "file_path": "/data/shapenet_blender/all_50_random/02958343/f61888bca4392106bc790478b4a84bf2/r_38",
            "rotation": 0.12566370614359174,
            "transform_matrix": [
                [
                    -0.8112983107566833,
                    0.32082343101501465,
                    -0.4887405335903168,
                    -1.970176100730896
                ],
                [
                    -0.5846323370933533,
                    -0.44520890712738037,
                    0.6782285571098328,
                    2.7340266704559326
                ],
                [
                    -2.9802320611338473e-08,
                    0.835979163646698,
                    0.5487610697746277,
                    2.2121267318725586
                ],
                [
                    0.0,
                    0.0,
                    0.0,
                    1.0
                ]
            ]
        },
        {
            "file_path": "/data/shapenet_blender/all_50_random/02958343/f61888bca4392106bc790478b4a84bf2/r_39",
            "rotation": 0.12566370614359174,
            "transform_matrix": [
                [
                    0.5557076334953308,
                    0.26758721470832825,
                    -0.7871378064155579,
                    -3.1730542182922363
                ],
                [
                    -0.8313778042793274,
                    0.17886005342006683,
                    -0.5261368751525879,
                    -2.1209259033203125
                ],
                [
                    1.4901161193847656e-08,
                    0.9467872977256775,
                    0.3218598961830139,
                    1.2974588871002197
                ],
                [
                    0.0,
                    0.0,
                    0.0,
                    1.0
                ]
            ]
        },
        {
            "file_path": "/data/shapenet_blender/all_50_random/02958343/f61888bca4392106bc790478b4a84bf2/r_40",
            "rotation": 0.12566370614359174,
            "transform_matrix": [
                [
                    -0.9999150037765503,
                    -0.006176614668220282,
                    -0.011477304622530937,
                    -0.04626649618148804
                ],
                [
                    -0.01303376629948616,
                    0.4738529920578003,
                    0.8805074691772461,
                    3.5494391918182373
                ],
                [
                    -4.6566125955216364e-10,
                    0.880582332611084,
                    -0.4738932251930237,
                    -1.9103246927261353
                ],
                [
                    0.0,
                    0.0,
                    0.0,
                    1.0
                ]
            ]
        },
        {
            "file_path": "/data/shapenet_blender/all_50_random/02958343/f61888bca4392106bc790478b4a84bf2/r_41",
            "rotation": 0.12566370614359174,
            "transform_matrix": [
                [
                    -0.1937844157218933,
                    -0.2828865945339203,
                    -0.9393734931945801,
                    -3.786736011505127
                ],
                [
                    -0.9810441732406616,
                    0.05587823688983917,
                    0.18555326759815216,
