{
    "class": "02958343",
    "model": "edf4007e23cd00b359c19df2d1879464",
    "remove_doubles": true,
    "edge_split": true,
    "denoise": true,
    "camera_angle_x": 0.6911112070083618,
    "scale_factor": 2.226251784415297,
    "hdri_file": "/data/IndoorHDRDataset2018/9C4A9883-70cf87dee7.exr",
    "center_offset": [
        0.0,
        0.0,
        -9.313225746154785e-10
    ],
    "lights": [],
    "frames": [
        {
            "file_path": "/data/shapenet_blender/all_50_random/02958343/edf4007e23cd00b359c19df2d1879464/r_0",
            "rotation": 0.12566370614359174,
            "transform_matrix": [
                [
                    0.3034466803073883,
                    0.36118969321250916,
                    0.8817381262779236,
                    3.5543999671936035
                ],
                [
                    0.952848494052887,
                    -0.11502544581890106,
                    -0.2808007001876831,
                    -1.1319438219070435
                ],
                [
                    7.450581485102248e-09,
                    0.9253707528114319,
                    -0.37906312942504883,
                    -1.5280523300170898
                ],
                [
                    0.0,
                    0.0,
                    0.0,
                    1.0
                ]
            ]
        },
        {
            "file_path": "/data/shapenet_blender/all_50_random/02958343/edf4007e23cd00b359c19df2d1879464/r_1",
            "rotation": 0.12566370614359174,
            "transform_matrix": [
                [
                    -0.995769739151001,
                    0.03301241248846054,
                    0.08574961870908737,
                    0.3456677794456482
                ],
                [
                    0.0918848067522049,
                    0.35776057839393616,
                    0.9292817711830139,
                    3.7460546493530273
                ],
                [
                    0.0,
                    0.9332296252250671,
                    -0.35928043723106384,
                    -1.4483057260513306
                ],
                [
                    0.0,
                    0.0,
                    0.0,
                    1.0
                ]
            ]
        },
        {
            "file_path": "/data/shapenet_blender/all_50_random/02958343/edf4007e23cd00b359c19df2d1879464/r_2",
            "rotation": 0.12566370614359174,
            "transform_matrix": [
                [
                    0.9888569116592407,
                    -0.0918477475643158,
                    -0.11715879291296005,
                    -0.4722822308540344
                ],
                [
                    -0.14886972308158875,
                    -0.6100923418998718,
                    -0.7782191634178162,
                    -3.1371021270751953
                ],
                [
                    -7.450580596923828e-09,
                    0.7869888544082642,
                    -0.6169672012329102,
                    -2.487074613571167
                ],
                [
                    0.0,
                    0.0,
                    0.0,
                    1.0
                ]
            ]
        },
        {
            "file_path": "/data/shapenet_blender/all_50_random/02958343/edf4007e23cd00b359c19df2d1879464/r_3",
            "rotation": 0.12566370614359174,
            "transform_matrix": [
                [
                    0.4974270462989807,
                    0.4273241460323334,
                    0.7549571990966797,
                    3.0433297157287598
                ],
                [
                    0.8675057888031006,
                    -0.24502728879451752,
                    -0.4328917860984802,
                    -1.7450425624847412
                ],
                [
                    0.0,
                    0.8702618479728699,
                    -0.49258938431739807,
                    -1.9856913089752197
                ],
                [
                    0.0,
                    0.0,
                    0.0,
                    1.0
                ]
            ]
        },
        {
            "file_path": "/data/shapenet_blender/all_50_random/02958343/edf4007e23cd00b359c19df2d1879464/r_4",
            "rotation": 0.12566370614359174,
            "transform_matrix": [
                [
                    -0.5512405037879944,
                    0.18337386846542358,
                    -0.8139459490776062,
                    -3.281121015548706
                ],
                [
                    -0.8343464732170105,
                    -0.12115243822336197,
                    0.5377621650695801,
                    2.1677887439727783
                ],
                [
                    -7.450580596923828e-09,
                    0.9755491018295288,
                    0.21978145837783813,
                    0.8859673738479614
                ],
                [
                    0.0,
                    0.0,
                    0.0,
                    1.0
                ]
            ]
        },
        {
            "file_path": "/data/shapenet_blender/all_50_random/02958343/edf4007e23cd00b359c19df2d1879464/r_5",
            "rotation": 0.12566370614359174,
            "transform_matrix": [
                [
                    -0.6613937020301819,
                    -0.3833504319190979,
                    0.6446710824966431,
                    2.59875226020813
                ],
                [
                    0.7500388026237488,
                    -0.3380432426929474,
                    0.568479061126709,
                    2.291612386703491
                ],
                [
                    0.0,
                    0.8595168590545654,
                    0.5111074447631836,
                    2.06033992767334
                ],
                [
                    0.0,
                    0.0,
                    0.0,
                    1.0
                ]
            ]
        },
        {
            "file_path": "/data/shapenet_blender/all_50_random/02958343/edf4007e23cd00b359c19df2d1879464/r_6",
            "rotation": 0.12566370614359174,
            "transform_matrix": [
                [
                    -0.08682110160589218,
                    0.1699466109275818,
                    0.9816211462020874,
                    3.9570417404174805
                ],
                [
                    0.9962239861488342,
                    0.014810879714787006,
                    0.08554846793413162,
                    0.34485694766044617
                ],
                [
                    0.0,
                    0.9853420257568359,
                    -0.17059074342250824,
                    -0.6876733303070068
                ],
                [
                    0.0,
                    0.0,
                    0.0,
                    1.0
                ]
            ]
        },
        {
            "file_path": "/data/shapenet_blender/all_50_random/02958343/edf4007e23cd00b359c19df2d1879464/r_7",
            "rotation": 0.12566370614359174,
            "transform_matrix": [
                [
                    -0.3809909224510193,
                    -0.2844259440898895,
                    -0.8797429800033569,
                    -3.5463576316833496
                ],
                [
                    -0.9245787858963013,
                    0.11720331758260727,
                    0.3625154495239258,
                    1.4613466262817383
                ],
                [
                    -7.450580596923828e-09,
                    0.9515068531036377,
                    -0.3076275587081909,
                    -1.2400864362716675
                ],
                [
                    0.0,
                    0.0,
                    0.0,
                    1.0
                ]
            ]
        },
        {
            "file_path": "/data/shapenet_blender/all_50_random/02958343/edf4007e23cd00b359c19df2d1879464/r_8",
            "rotation": 0.12566370614359174,
            "transform_matrix": [
                [
                    0.969605565071106,
                    -0.00010132875468116254,
                    0.24467334151268005,
                    0.9863096475601196
                ],
                [
                    0.24467334151268005,
                    0.0004015513986814767,
                    -0.969605565071106,
                    -3.908604621887207
                ],
                [
                    0.0,
                    0.9999999403953552,
                    0.00041413892176933587,
                    0.0016694471705704927
                ],
                [
                    0.0,
                    0.0,
                    0.0,
                    1.0
                ]
            ]
        },
        {
            "file_path": "/data/shapenet_blender/all_50_random/02958343/edf4007e23cd00b359c19df2d1879464/r_9",
            "rotation": 0.12566370614359174,
            "transform_matrix": [
                [
                    0.7205643653869629,
                    0.13600145280361176,
                    0.6799195408821106,
                    2.7408432960510254
                ],
                [
                    0.6933881044387817,
                    -0.14133182168006897,
                    -0.7065680027008057,
                    -2.8482666015625
                ],
                [
                    -7.4505797087454084e-09,
                    0.9805758595466614,
                    -0.19614046812057495,
                    -0.7906674742698669
                ],
                [
                    0.0,
                    0.0,
                    0.0,
                    1.0
                ]
            ]
        },
        {
            "file_path": "/data/shapenet_blender/all_50_random/02958343/edf4007e23cd00b359c19df2d1879464/r_10",
            "rotation": 0.12566370614359174,
            "transform_matrix": [
                [
                    -0.5037574172019958,
                    -0.6117022633552551,
                    0.6099579334259033,
                    2.4588191509246826
                ],
                [
                    0.8638450503349304,
                    -0.3567185401916504,
                    0.3557013273239136,
                    1.433877944946289
                ],
                [
                    -1.4901160305669237e-08,
                    0.7060964703559875,
                    0.7081156373023987,
                    2.8545055389404297
                ],
                [
                    0.0,
                    0.0,
                    0.0,
                    1.0
                ]
            ]
        },
        {
            "file_path": "/data/shapenet_blender/all_50_random/02958343/edf4007e23cd00b359c19df2d1879464/r_11",
            "rotation": 0.12566370614359174,
            "transform_matrix": [
                [
                    0.9977482557296753,
                    0.02855098992586136,
                    -0.060689814388751984,
                    -0.24464845657348633
                ],
                [
                    -0.06707020848989487,
                    0.424729585647583,
                    -0.9028323888778687,
                    -3.6394336223602295
                ],
                [
                    0.0,
                    0.9048699140548706,
                    0.42568811774253845,
                    1.716003656387329
                ],
                [
                    0.0,
                    0.0,
                    0.0,
                    1.0
                ]
            ]
        },
        {
            "file_path": "/data/shapenet_blender/all_50_random/02958343/edf4007e23cd00b359c19df2d1879464/r_12",
            "rotation": 0.12566370614359174,
            "transform_matrix": [
                [
                    -0.08324256539344788,
                    -0.342810720205307,
                    0.9357090592384338,
                    3.7719638347625732
                ],
                [
                    0.9965292811393738,
                    -0.02863583341240883,
                    0.07816210389137268,
                    0.31508150696754456
                ],
                [
                    0.0,
                    0.9389678835868835,
                    0.34400466084480286,
                    1.3867270946502686
                ],
                [
                    0.0,
                    0.0,
                    0.0,
                    1.0
                ]
            ]
        },
        {
            "file_path": "/data/shapenet_blender/all_50_random/02958343/edf4007e23cd00b359c19df2d1879464/r_13",
            "rotation": 0.12566370614359174,
            "transform_matrix": [
                [
                    -0.6665965914726257,
                    0.17992495000362396,
                    0.7233781218528748,
                    2.9160304069519043
                ],
                [
                    0.7454185485839844,
                    0.160899356007576,
                    0.6468867659568787,
                    2.6076838970184326
                ],
                [
                    -7.450580152834618e-09,
                    0.9704321026802063,
                    -0.24137435853481293,
                    -0.9730111360549927
                ],
                [
                    0.0,
                    0.0,
                    0.0,
                    1.0
                ]
            ]
        },
        {
            "file_path": "/data/shapenet_blender/all_50_random/02958343/edf4007e23cd00b359c19df2d1879464/r_14",
            "rotation": 0.12566370614359174,
            "transform_matrix": [
                [
                    -0.9473500847816467,
                    -0.049486588686704636,
                    -0.3163524866104126,
                    -1.2752578258514404
                ],
                [
                    -0.3201996982097626,
                    0.14641214907169342,
                    0.9359676837921143,
                    3.7730066776275635
                ],
                [
                    3.725290298461914e-09,
                    0.9879850745201111,
                    -0.15454915165901184,
                    -0.623007595539093
                ],
                [
                    0.0,
                    0.0,
                    0.0,
                    1.0
                ]
            ]
        },
        {
            "file_path": "/data/shapenet_blender/all_50_random/02958343/edf4007e23cd00b359c19df2d1879464/r_15",
            "rotation": 0.12566370614359174,
            "transform_matrix": [
                [
                    -0.44435620307922363,
                    0.3252008259296417,
                    -0.8347405791282654,
                    -3.3649470806121826
                ],
                [
                    -0.8958501219749451,
                    -0.16130489110946655,
                    0.41404488682746887,
                    1.669068455696106
                ],
                [
                    0.0,
                    0.9317859411239624,
                    0.363008052110672,
                    1.4633324146270752
                ],
                [
                    0.0,
                    0.0,
                    0.0,
                    1.0
                ]
            ]
        },
        {
            "file_path": "/data/shapenet_blender/all_50_random/02958343/edf4007e23cd00b359c19df2d1879464/r_16",
            "rotation": 0.12566370614359174,
            "transform_matrix": [
                [
                    -0.9263091087341309,
                    -0.36904701590538025,
                    -0.07586734741926193,
                    -0.30583107471466064
                ],
                [
                    -0.37676456570625305,
                    0.9073348045349121,
                    0.1865266114473343,
                    0.7519128322601318
                ],
                [
                    -7.450580596923828e-09,
                    0.2013654112815857,
                    -0.9795161485671997,
                    -3.9485559463500977
                ],
                [
                    0.0,
                    0.0,
                    0.0,
                    1.0
                ]
            ]
        },
        {
            "file_path": "/data/shapenet_blender/all_50_random/02958343/edf4007e23cd00b359c19df2d1879464/r_17",
            "rotation": 0.12566370614359174,
            "transform_matrix": [
                [
                    -0.14250758290290833,
                    -0.02244141884148121,
                    0.9895392060279846,
                    3.9889602661132812
                ],
                [
                    0.9897936582565308,
                    -0.0032310495153069496,
                    0.14247094094753265,
                    0.5743187665939331
                ],
                [
                    0.0,
                    0.9997429251670837,
                    0.022672822698950768,
                    0.09139707684516907
                ],
                [
                    0.0,
                    0.0,
                    0.0,
                    1.0
                ]
            ]
        },
        {
            "file_path": "/data/shapenet_blender/all_50_random/02958343/edf4007e23cd00b359c19df2d1879464/r_18",
            "rotation": 0.12566370614359174,
            "transform_matrix": [
                [
                    -0.9341370463371277,
                    -0.2642803490161896,
                    0.23988305032253265,
                    0.9669994115829468
                ],
                [
                    0.3569145202636719,
                    -0.6916896104812622,
                    0.6278355717658997,
                    2.530885934829712
                ],
                [
                    0.0,
                    0.6721020936965942,
                    0.7404584288597107,
                    2.9848830699920654
                ],
                [
                    0.0,
                    0.0,
                    0.0,
                    1.0
                ]
            ]
        },
        {
            "file_path": "/data/shapenet_blender/all_50_random/02958343/edf4007e23cd00b359c19df2d1879464/r_19",
            "rotation": 0.12566370614359174,
            "transform_matrix": [
                [
                    -0.8891904354095459,
                    0.4133760929107666,
                    -0.19611364603042603,
                    -0.7905594110488892
                ],
                [
                    -0.45753729343414307,
                    -0.8033663034439087,
                    0.381132572889328,
                    1.5363945960998535
                ],
                [
                    0.0,
                    0.42862871289253235,
                    0.9034807085990906,
                    3.642047166824341
                ],
                [
                    0.0,
                    0.0,
                    0.0,
                    1.0
                ]
            ]
        },
        {
            "file_path": "/data/shapenet_blender/all_50_random/02958343/edf4007e23cd00b359c19df2d1879464/r_20",
            "rotation": 0.12566370614359174,
            "transform_matrix": [
                [
                    -0.9452469348907471,
                    0.12403488904237747,
                    0.3018668293952942,
                    1.2168642282485962
                ],
                [
                    0.32635602355003357,
                    0.35925057530403137,
                    0.8743172287940979,
                    3.5244858264923096
                ],
                [
                    0.0,
                    0.9249617457389832,
                    -0.38006001710891724,
                    -1.5320709943771362
                ],
                [
                    0.0,
                    0.0,
                    0.0,
                    1.0
                ]
            ]
        },
        {
            "file_path": "/data/shapenet_blender/all_50_random/02958343/edf4007e23cd00b359c19df2d1879464/r_21",
            "rotation": 0.12566370614359174,
            "transform_matrix": [
                [
                    0.21561367809772491,
                    -0.2598130702972412,
                    0.9412798881530762,
                    3.7944207191467285
                ],
                [
                    0.9764786958694458,
                    0.05736863240599632,
                    -0.20784151554107666,
                    -0.8378360271453857
                ],
                [
                    3.725290076417309e-09,
                    0.9639533162117004,
                    0.2660713493824005,
                    1.0725680589675903
                ],
                [
                    0.0,
                    0.0,
                    0.0,
                    1.0
                ]
            ]
        },
        {
            "file_path": "/data/shapenet_blender/all_50_random/02958343/edf4007e23cd00b359c19df2d1879464/r_22",
            "rotation": 0.12566370614359174,
            "transform_matrix": [
                [
                    -0.46857750415802,
                    0.08819203823804855,
                    -0.8790093660354614,
                    -3.5433995723724365
                ],
                [
                    -0.8834224343299866,
                    -0.046778082847595215,
                    0.46623677015304565,
                    1.879460334777832
                ],
                [
                    0.0,
                    0.9950044751167297,
                    0.09983000159263611,
                    0.4024275541305542
                ],
                [
                    0.0,
                    0.0,
                    0.0,
                    1.0
                ]
            ]
        },
        {
            "file_path": "/data/shapenet_blender/all_50_random/02958343/edf4007e23cd00b359c19df2d1879464/r_23",
            "rotation": 0.12566370614359174,
            "transform_matrix": [
                [
                    0.9987883567810059,
                    0.002673425478860736,
                    0.04913873225450516,
                    0.19808456301689148
                ],
                [
                    0.049211397767066956,
                    -0.05425950139760971,
                    -0.9973134398460388,
                    -4.020298957824707
                ],
                [
                    0.0,
                    0.9985232949256897,
                    -0.054325323551893234,
                    -0.21899238228797913
                ],
                [
                    0.0,
                    0.0,
                    0.0,
                    1.0
                ]
            ]
        },
        {
            "file_path": "/data/shapenet_blender/all_50_random/02958343/edf4007e23cd00b359c19df2d1879464/r_24",
            "rotation": 0.12566370614359174,
            "transform_matrix": [
                [
                    -0.8542320728302002,
                    0.273027241230011,
                    0.4424293339252472,
                    1.7834899425506592
                ],
                [
                    0.5198919773101807,
                    0.4486097991466522,
                    0.7269535660743713,
                    2.93044376373291
                ],
                [
                    -1.4901161193847656e-08,
                    0.8510025143623352,
                    -0.5251615047454834,
                    -2.1169939041137695
                ],
                [
                    0.0,
                    0.0,
                    0.0,
                    1.0
                ]
            ]
        },
        {
            "file_path": "/data/shapenet_blender/all_50_random/02958343/edf4007e23cd00b359c19df2d1879464/r_25",
            "rotation": 0.12566370614359174,
            "transform_matrix": [
                [
                    0.9943830370903015,
                    0.0026857934426516294,
                    -0.10580822825431824,
                    -0.42652660608291626
                ],
                [
                    -0.10584232211112976,
                    0.025232888758182526,
                    -0.9940627217292786,
                    -4.007194995880127
                ],
                [
                    0.0,
                    0.9996779561042786,
                    0.025375423952937126,
                    0.10229160636663437
                ],
                [
                    0.0,
                    0.0,
                    0.0,
                    1.0
                ]
            ]
        },
        {
            "file_path": "/data/shapenet_blender/all_50_random/02958343/edf4007e23cd00b359c19df2d1879464/r_26",
            "rotation": 0.12566370614359174,
            "transform_matrix": [
                [
                    0.8703497648239136,
                    -0.2466784119606018,
                    -0.4261937141418457,
                    -1.7180417776107788
                ],
                [
                    -0.4924340844154358,
                    -0.4359903335571289,
                    -0.753273606300354,
                    -3.036543130874634
                ],
                [
                    0.0,
                    0.865483820438385,
                    -0.5009369254112244,
                    -2.019341230392456
                ],
                [
                    0.0,
                    0.0,
                    0.0,
                    1.0
                ]
            ]
        },
        {
            "file_path": "/data/shapenet_blender/all_50_random/02958343/edf4007e23cd00b359c19df2d1879464/r_27",
            "rotation": 0.12566370614359174,
            "transform_matrix": [
                [
                    -0.3919929563999176,
                    0.1166432723402977,
                    0.9125435948371887,
                    3.6785809993743896
                ],
                [
                    0.9199682474136353,
                    0.04970100522041321,
                    0.38882938027381897,
                    1.567421317100525
                ],
                [
                    0.0,
                    0.9919295310974121,
                    -0.12679055333137512,
                    -0.5111090540885925
                ],
                [
                    0.0,
                    0.0,
                    0.0,
                    1.0
                ]
            ]
        },
        {
            "file_path": "/data/shapenet_blender/all_50_random/02958343/edf4007e23cd00b359c19df2d1879464/r_28",
            "rotation": 0.12566370614359174,
            "transform_matrix": [
                [
                    0.3098563849925995,
                    -0.6194779276847839,
                    -0.7212738394737244,
                    -2.907547950744629
                ],
                [
                    -0.9507833123207092,
                    -0.20188534259796143,
                    -0.2350602149963379,
                    -0.9475580453872681
                ],
                [
                    0.0,
                    0.7586100697517395,
                    -0.6515448689460754,
                    -2.6264612674713135
                ],
                [
                    0.0,
                    0.0,
                    0.0,
                    1.0
                ]
            ]
        },
        {
            "file_path": "/data/shapenet_blender/all_50_random/02958343/edf4007e23cd00b359c19df2d1879464/r_29",
            "rotation": 0.12566370614359174,
            "transform_matrix": [
                [
                    -0.6100082993507385,
                    -0.47230568528175354,
                    0.6362524628639221,
                    2.5648157596588135
                ],
                [
                    0.7923951148986816,
                    -0.36359432339668274,
                    0.4898052513599396,
                    1.9744681119918823
                ],
                [
                    -1.4901162970204496e-08,
                    0.802948534488678,
                    0.5960482358932495,
                    2.402747392654419
                ],
                [
                    0.0,
                    0.0,
                    0.0,
                    1.0
                ]
            ]
        },
        {
            "file_path": "/data/shapenet_blender/all_50_random/02958343/edf4007e23cd00b359c19df2d1879464/r_30",
            "rotation": 0.12566370614359174,
            "transform_matrix": [
                [
                    -0.5650038719177246,
                    0.5770459771156311,
                    0.5897359848022461,
                    2.3773019313812256
                ],
                [
                    0.8250882625579834,
                    0.39514949917793274,
                    0.4038393497467041,
                    1.627928614616394
                ],
                [
                    0.0,
                    0.7147550582885742,
                    -0.699374794960022,
                    -2.819270133972168
                ],
                [
                    0.0,
                    0.0,
                    0.0,
                    1.0
                ]
            ]
        },
        {
            "file_path": "/data/shapenet_blender/all_50_random/02958343/edf4007e23cd00b359c19df2d1879464/r_31",
            "rotation": 0.12566370614359174,
            "transform_matrix": [
                [
                    0.5548507571220398,
                    0.37674543261528015,
                    0.7417569756507874,
                    2.9901182651519775
                ],
                [
                    0.8319499492645264,
                    -0.2512620985507965,
                    -0.49469855427742004,
                    -1.9941937923431396
                ],
                [
                    0.0,
                    0.891588568687439,
                    -0.4528462886810303,
                    -1.82548189163208
                ],
                [
                    0.0,
                    0.0,
                    0.0,
                    1.0
                ]
            ]
        },
        {
            "file_path": "/data/shapenet_blender/all_50_random/02958343/edf4007e23cd00b359c19df2d1879464/r_32",
            "rotation": 0.12566370614359174,
            "transform_matrix": [
                [
                    0.989091694355011,
                    -0.07387010753154755,
                    0.12743978202342987,
                    0.5137261748313904
                ],
                [
                    0.14730136096477509,
                    0.49601924419403076,
                    -0.8557261824607849,
                    -3.44954252243042
                ],
                [
                    7.450580596923828e-09,
                    0.8651636242866516,
                    0.5014896392822266,
                    2.0215694904327393
                ],
                [
                    0.0,
                    0.0,
                    0.0,
                    1.0
                ]
            ]
        },
        {
            "file_path": "/data/shapenet_blender/all_50_random/02958343/edf4007e23cd00b359c19df2d1879464/r_33",
            "rotation": 0.12566370614359174,
            "transform_matrix": [
                [
                    0.5141401886940002,
                    -0.08825483173131943,
                    -0.8531535267829895,
                    -3.43917179107666
                ],
                [
                    -0.8577062487602234,
                    -0.05290314927697182,
                    -0.511411190032959,
                    -2.0615644454956055
                ],
                [
                    0.0,
                    0.9946920275688171,
                    -0.10289634764194489,
                    -0.41478845477104187
                ],
                [
                    0.0,
                    0.0,
                    0.0,
                    1.0
                ]
            ]
        },
        {
            "file_path": "/data/shapenet_blender/all_50_random/02958343/edf4007e23cd00b359c19df2d1879464/r_34",
            "rotation": 0.12566370614359174,
            "transform_matrix": [
                [
                    0.9766517281532288,
                    0.06412013620138168,
                    -0.20503678917884827,
                    -0.8265297412872314
                ],
                [
                    -0.2148289531469345,
                    0.29150187969207764,
                    -0.932134747505188,
                    -3.7575552463531494
                ],
                [
                    3.725290742551124e-09,
                    0.9544187188148499,
                    0.29847070574760437,
                    1.2031738758087158
                ],
                [
                    0.0,
                    0.0,
                    0.0,
                    1.0
                ]
            ]
        },
        {
            "file_path": "/data/shapenet_blender/all_50_random/02958343/edf4007e23cd00b359c19df2d1879464/r_35",
            "rotation": 0.12566370614359174,
            "transform_matrix": [
                [
                    -0.9822840690612793,
                    0.0858304500579834,
                    0.16658714413642883,
                    0.6715342402458191
                ],
                [
                    0.18739837408065796,
                    0.4498966336250305,
                    0.8731980919837952,
                    3.5199739933013916
                ],
                [
                    -7.450580596923828e-09,
                    0.8889466524124146,
                    -0.458010733127594,
                    -1.8463003635406494
                ],
                [
                    0.0,
                    0.0,
                    0.0,
                    1.0
                ]
            ]
        },
        {
            "file_path": "/data/shapenet_blender/all_50_random/02958343/edf4007e23cd00b359c19df2d1879464/r_36",
            "rotation": 0.12566370614359174,
            "transform_matrix": [
                [
                    0.7711919546127319,
                    -0.24382244050502777,
                    -0.5880593061447144,
                    -2.3705430030822754
                ],
                [
                    -0.6366028189659119,
                    -0.29537078738212585,
                    -0.7123854160308838,
                    -2.8717174530029297
                ],
                [
                    1.4901162970204496e-08,
                    0.9237459897994995,
                    -0.3830055892467499,
                    -1.5439449548721313
                ],
                [
                    0.0,
                    0.0,
                    0.0,
                    1.0
                ]
            ]
        },
        {
            "file_path": "/data/shapenet_blender/all_50_random/02958343/edf4007e23cd00b359c19df2d1879464/r_37",
            "rotation": 0.12566370614359174,
            "transform_matrix": [
                [
                    0.306046724319458,
                    0.26838698983192444,
                    -0.913402259349823,
                    -3.682042360305786
                ],
                [
                    -0.9520165324211121,
                    0.08627893775701523,
                    -0.2936333417892456,
                    -1.1836738586425781
                ],
                [
                    7.450581485102248e-09,
                    0.9594395756721497,
                    0.28191423416137695,
                    1.1364326477050781
                ],
                [
                    0.0,
                    0.0,
                    0.0,
                    1.0
                ]
            ]
        },
        {
            "file_path": "/data/shapenet_blender/all_50_random/02958343/edf4007e23cd00b359c19df2d1879464/r_38",
            "rotation": 0.12566370614359174,
            "transform_matrix": [
                [
                    -0.8682548403739929,
                    0.3010934889316559,
                    0.3943048119544983,
                    1.5894936323165894
                ],
                [
                    0.49611854553222656,
                    0.5269423127174377,
                    0.6900710463523865,
                    2.7817656993865967
                ],
                [
                    1.4901162970204496e-08,
                    0.7947794795036316,
                    -0.6068981885910034,
                    -2.4464850425720215
                ],
                [
                    0.0,
                    0.0,
                    0.0,
                    1.0
                ]
            ]
        },
        {
            "file_path": "/data/shapenet_blender/all_50_random/02958343/edf4007e23cd00b359c19df2d1879464/r_39",
            "rotation": 0.12566370614359174,
            "transform_matrix": [
                [
                    0.9535523056983948,
                    0.23092621564865112,
                    -0.1934199184179306,
                    -0.7797006964683533
                ],
                [
                    -0.3012278378009796,
                    0.7310088872909546,
                    -0.6122807264328003,
                    -2.4681828022003174
                ],
                [
                    0.0,
                    0.6421051025390625,
                    0.7666164636611938,
                    3.090330123901367
                ],
                [
                    0.0,
                    0.0,
                    0.0,
                    1.0
                ]
            ]
        },
        {
            "file_path": "/data/shapenet_blender/all_50_random/02958343/edf4007e23cd00b359c19df2d1879464/r_40",
            "rotation": 0.12566370614359174,
            "transform_matrix": [
                [
                    -0.5749371647834778,
                    -0.14443470537662506,
                    -0.8053482174873352,
                    -3.24646258354187
                ],
                [
                    -0.81819748878479,
                    0.1014924868941307,
                    0.5659081935882568,
                    2.2812488079071045
                ],
                [
                    1.4901160305669237e-08,
                    0.9842956066131592,
                    -0.1765279322862625,
                    -0.7116068601608276
                ],
                [
                    0.0,
                    0.0,
                    0.0,
                    1.0
                ]
            ]
        },
        {
            "file_path": "/data/shapenet_blender/all_50_random/02958343/edf4007e23cd00b359c19df2d1879464/r_41",
            "rotation": 0.12566370614359174,
            "transform_matrix": [
                [
                    0.9783530831336975,
                    0.18696972727775574,
                    -0.0886993259191513,
                    -0.3575584590435028
                ],
                [
                    -0.2069426327943802,
                    0.8839280605316162,
                    -0.41933968663215637,
                    -1.6904125213623047
                ],
                [
                    0.0,
