{
    "class": "02958343",
    "model": "d17acdc9dd449748ca92a4cdad802b45",
    "remove_doubles": true,
    "edge_split": true,
    "denoise": true,
    "camera_angle_x": 0.6911112070083618,
    "scale_factor": 2.2420770584627063,
    "hdri_file": "/data/IndoorHDRDataset2018/AG8A9872-d23929b45b.exr",
    "center_offset": [
        0.0,
        0.0,
        -1.862645149230957e-09
    ],
    "lights": [],
    "frames": [
        {
            "file_path": "/data/shapenet_blender/all_50_random/02958343/d17acdc9dd449748ca92a4cdad802b45/r_0",
            "rotation": 0.12566370614359174,
            "transform_matrix": [
                [
                    -0.6075654625892639,
                    0.13863186538219452,
                    -0.7820775508880615,
                    -3.152655601501465
                ],
                [
                    -0.7942696809768677,
                    -0.10604450106620789,
                    0.5982392430305481,
                    2.4115798473358154
                ],
                [
                    7.450581485102248e-09,
                    0.9846500158309937,
                    0.17454004287719727,
                    0.7035934925079346
                ],
                [
                    0.0,
                    0.0,
                    0.0,
                    1.0
                ]
            ]
        },
        {
            "file_path": "/data/shapenet_blender/all_50_random/02958343/d17acdc9dd449748ca92a4cdad802b45/r_1",
            "rotation": 0.12566370614359174,
            "transform_matrix": [
                [
                    -0.28456592559814453,
                    -0.9153508543968201,
                    0.2848774492740631,
                    1.1483778953552246
                ],
                [
                    0.9586565494537354,
                    -0.271711140871048,
                    0.0845625177025795,
                    0.34088245034217834
                ],
                [
                    7.450580596923828e-09,
                    0.29716309905052185,
                    0.9548266530036926,
                    3.849029541015625
                ],
                [
                    0.0,
                    0.0,
                    0.0,
                    1.0
                ]
            ]
        },
        {
            "file_path": "/data/shapenet_blender/all_50_random/02958343/d17acdc9dd449748ca92a4cdad802b45/r_2",
            "rotation": 0.12566370614359174,
            "transform_matrix": [
                [
                    0.4749686121940613,
                    -0.20782728493213654,
                    -0.855109691619873,
                    -3.4470574855804443
                ],
                [
                    -0.8800026774406433,
                    -0.11217175424098969,
                    -0.46153298020362854,
                    -1.8604989051818848
                ],
                [
                    -7.450580152834618e-09,
                    0.971712589263916,
                    -0.23616664111614227,
                    -0.9520182013511658
                ],
                [
                    0.0,
                    0.0,
                    0.0,
                    1.0
                ]
            ]
        },
        {
            "file_path": "/data/shapenet_blender/all_50_random/02958343/d17acdc9dd449748ca92a4cdad802b45/r_3",
            "rotation": 0.12566370614359174,
            "transform_matrix": [
                [
                    0.006304596085101366,
                    0.9330565929412842,
                    0.3596743941307068,
                    1.449893832206726
                ],
                [
                    0.9999801516532898,
                    -0.005882661789655685,
                    -0.00226764683611691,
                    -0.00914117693901062
                ],
                [
                    0.0,
                    0.35968154668807983,
                    -0.9330751299858093,
                    -3.7613461017608643
                ],
                [
                    0.0,
                    0.0,
                    0.0,
                    1.0
                ]
            ]
        },
        {
            "file_path": "/data/shapenet_blender/all_50_random/02958343/d17acdc9dd449748ca92a4cdad802b45/r_4",
            "rotation": 0.12566370614359174,
            "transform_matrix": [
                [
                    0.32489845156669617,
                    -0.39212650060653687,
                    -0.8606262803077698,
                    -3.4692957401275635
                ],
                [
                    -0.9457489252090454,
                    -0.1347094178199768,
                    -0.2956557869911194,
                    -1.1918267011642456
                ],
                [
                    7.450581485102248e-09,
                    0.9099944829940796,
                    -0.4146201014518738,
                    -1.6713871955871582
                ],
                [
                    0.0,
                    0.0,
                    0.0,
                    1.0
                ]
            ]
        },
        {
            "file_path": "/data/shapenet_blender/all_50_random/02958343/d17acdc9dd449748ca92a4cdad802b45/r_5",
            "rotation": 0.12566370614359174,
            "transform_matrix": [
                [
                    -0.7156198024749756,
                    -0.014397946186363697,
                    0.6983416676521301,
                    2.8151051998138428
                ],
                [
                    0.6984900832176208,
                    -0.014751040376722813,
                    0.7154677510261536,
                    2.8841426372528076
                ],
                [
                    0.0,
                    0.9997875094413757,
                    0.020612958818674088,
                    0.08309349417686462
                ],
                [
                    0.0,
                    0.0,
                    0.0,
                    1.0
                ]
            ]
        },
        {
            "file_path": "/data/shapenet_blender/all_50_random/02958343/d17acdc9dd449748ca92a4cdad802b45/r_6",
            "rotation": 0.12566370614359174,
            "transform_matrix": [
                [
                    0.5391879081726074,
                    0.01154989656060934,
                    0.842106282711029,
                    3.394639015197754
                ],
                [
                    0.8421854972839355,
                    -0.007394528482109308,
                    -0.5391371846199036,
                    -2.1733314990997314
                ],
                [
                    0.0,
                    0.9999059438705444,
                    -0.013714196160435677,
                    -0.055283691734075546
                ],
                [
                    0.0,
                    0.0,
                    0.0,
                    1.0
                ]
            ]
        },
        {
            "file_path": "/data/shapenet_blender/all_50_random/02958343/d17acdc9dd449748ca92a4cdad802b45/r_7",
            "rotation": 0.12566370614359174,
            "transform_matrix": [
                [
                    -0.9983909726142883,
                    -0.007977718487381935,
                    0.056140538305044174,
                    0.22630974650382996
                ],
                [
                    0.056704528629779816,
                    -0.14046287536621094,
                    0.9884607791900635,
                    3.9846129417419434
                ],
                [
                    -9.313225191043273e-10,
                    0.9900538325309753,
                    0.14068923890590668,
                    0.5671364665031433
                ],
                [
                    0.0,
                    0.0,
                    0.0,
                    1.0
                ]
            ]
        },
        {
            "file_path": "/data/shapenet_blender/all_50_random/02958343/d17acdc9dd449748ca92a4cdad802b45/r_8",
            "rotation": 0.12566370614359174,
            "transform_matrix": [
                [
                    -0.9689450860023499,
                    0.02208058163523674,
                    -0.24628852307796478,
                    -0.9928207993507385
                ],
                [
                    -0.24727636575698853,
                    -0.08652210235595703,
                    0.9650742411613464,
                    3.890338659286499
                ],
                [
                    0.0,
                    0.9960051774978638,
                    0.0892951563000679,
                    0.35996028780937195
                ],
                [
                    0.0,
                    0.0,
                    0.0,
                    1.0
                ]
            ]
        },
        {
            "file_path": "/data/shapenet_blender/all_50_random/02958343/d17acdc9dd449748ca92a4cdad802b45/r_9",
            "rotation": 0.12566370614359174,
            "transform_matrix": [
                [
                    0.974651038646698,
                    -0.05361863225698471,
                    0.21721041202545166,
                    0.875603199005127
                ],
                [
                    0.22373045980930328,
                    0.23358219861984253,
                    -0.9462473392486572,
                    -3.8144450187683105
                ],
                [
                    0.0,
                    0.9708575010299683,
                    0.23965725302696228,
                    0.9660893082618713
                ],
                [
                    0.0,
                    0.0,
                    0.0,
                    1.0
                ]
            ]
        },
        {
            "file_path": "/data/shapenet_blender/all_50_random/02958343/d17acdc9dd449748ca92a4cdad802b45/r_10",
            "rotation": 0.12566370614359174,
            "transform_matrix": [
                [
                    -0.512736976146698,
                    0.022440766915678978,
                    -0.8582523465156555,
                    -3.459726095199585
                ],
                [
                    -0.85854572057724,
                    -0.013401978649199009,
                    0.5125617384910583,
                    2.0662026405334473
                ],
                [
                    -9.313225746154785e-10,
                    0.9996583461761475,
                    0.02613811381161213,
                    0.10536611825227737
                ],
                [
                    0.0,
                    0.0,
                    0.0,
                    1.0
                ]
            ]
        },
        {
            "file_path": "/data/shapenet_blender/all_50_random/02958343/d17acdc9dd449748ca92a4cdad802b45/r_11",
            "rotation": 0.12566370614359174,
            "transform_matrix": [
                [
                    -0.7576110363006592,
                    0.1621379554271698,
                    0.6322473287582397,
                    2.548670768737793
                ],
                [
                    0.6527062654495239,
                    0.18819724023342133,
                    0.7338639497756958,
                    2.9583003520965576
                ],
                [
                    -7.4505797087454084e-09,
                    0.9686552882194519,
                    -0.24840879440307617,
                    -1.0013679265975952
                ],
                [
                    0.0,
                    0.0,
                    0.0,
                    1.0
                ]
            ]
        },
        {
            "file_path": "/data/shapenet_blender/all_50_random/02958343/d17acdc9dd449748ca92a4cdad802b45/r_12",
            "rotation": 0.12566370614359174,
            "transform_matrix": [
                [
                    0.9352742433547974,
                    -0.24681875109672546,
                    -0.25365880131721497,
                    -1.0225313901901245
                ],
                [
                    -0.3539241850376129,
                    -0.652239203453064,
                    -0.6703145503997803,
                    -2.7021243572235107
                ],
                [
                    -1.4901164746561335e-08,
                    0.7167037129402161,
                    -0.697377622127533,
                    -2.8112192153930664
                ],
                [
                    0.0,
                    0.0,
                    0.0,
                    1.0
                ]
            ]
        },
        {
            "file_path": "/data/shapenet_blender/all_50_random/02958343/d17acdc9dd449748ca92a4cdad802b45/r_13",
            "rotation": 0.12566370614359174,
            "transform_matrix": [
                [
                    0.9942203164100647,
                    0.05983024090528488,
                    -0.08914195746183395,
                    -0.3593427538871765
                ],
                [
                    -0.10735896974802017,
                    0.5540704727172852,
                    -0.8255178332328796,
                    -3.3277690410614014
                ],
                [
                    -3.725290298461914e-09,
                    0.8303168416023254,
                    0.5572914481163025,
                    2.246513843536377
                ],
                [
                    0.0,
                    0.0,
                    0.0,
                    1.0
                ]
            ]
        },
        {
            "file_path": "/data/shapenet_blender/all_50_random/02958343/d17acdc9dd449748ca92a4cdad802b45/r_14",
            "rotation": 0.12566370614359174,
            "transform_matrix": [
                [
                    -0.5203291177749634,
                    -0.82752525806427,
                    0.2108543962240219,
                    0.8499813079833984
                ],
                [
                    0.8539658188819885,
                    -0.5042186379432678,
                    0.12847548723220825,
                    0.5179013013839722
                ],
                [
                    0.0,
                    0.24691201746463776,
                    0.9690378308296204,
                    3.9063167572021484
                ],
                [
                    0.0,
                    0.0,
                    0.0,
                    1.0
                ]
            ]
        },
        {
            "file_path": "/data/shapenet_blender/all_50_random/02958343/d17acdc9dd449748ca92a4cdad802b45/r_15",
            "rotation": 0.12566370614359174,
            "transform_matrix": [
                [
                    -0.9846245050430298,
                    -0.04218423739075661,
                    0.16951434314250946,
                    0.6833341717720032
                ],
                [
                    0.1746843457221985,
                    -0.23777535557746887,
                    0.9554832577705383,
                    3.8516762256622314
                ],
                [
                    0.0,
                    0.9704037308692932,
                    0.24148835241794586,
                    0.9734706878662109
                ],
                [
                    0.0,
                    0.0,
                    0.0,
                    1.0
                ]
            ]
        },
        {
            "file_path": "/data/shapenet_blender/all_50_random/02958343/d17acdc9dd449748ca92a4cdad802b45/r_16",
            "rotation": 0.12566370614359174,
            "transform_matrix": [
                [
                    0.1594902127981186,
                    0.440673828125,
                    -0.883385181427002,
                    -3.561039686203003
                ],
                [
                    -0.9871995449066162,
                    0.07119449228048325,
                    -0.14271816611289978,
                    -0.5753153562545776
                ],
                [
                    0.0,
                    0.8948396444320679,
                    0.44638779759407043,
                    1.7994468212127686
                ],
                [
                    0.0,
                    0.0,
                    0.0,
                    1.0
                ]
            ]
        },
        {
            "file_path": "/data/shapenet_blender/all_50_random/02958343/d17acdc9dd449748ca92a4cdad802b45/r_17",
            "rotation": 0.12566370614359174,
            "transform_matrix": [
                [
                    -0.6994874477386475,
                    -0.07765897363424301,
                    -0.7104128003120422,
                    -2.8637659549713135
                ],
                [
                    -0.7146449685096741,
                    0.07601183652877808,
                    0.6953450441360474,
                    2.803025722503662
                ],
                [
                    0.0,
                    0.9940780997276306,
                    -0.10866790264844894,
                    -0.4380543529987335
                ],
                [
                    0.0,
                    0.0,
                    0.0,
                    1.0
                ]
            ]
        },
        {
            "file_path": "/data/shapenet_blender/all_50_random/02958343/d17acdc9dd449748ca92a4cdad802b45/r_18",
            "rotation": 0.12566370614359174,
            "transform_matrix": [
                [
                    -0.19388915598392487,
                    -0.09784417599439621,
                    -0.9761318564414978,
                    -3.9349136352539062
                ],
                [
                    -0.9810234308242798,
                    0.019337892532348633,
                    0.19292238354682922,
                    0.7776950597763062
                ],
                [
                    1.8626449271863521e-09,
                    0.995013952255249,
                    -0.09973682463169098,
                    -0.40205204486846924
                ],
                [
                    0.0,
                    0.0,
                    0.0,
                    1.0
                ]
            ]
        },
        {
            "file_path": "/data/shapenet_blender/all_50_random/02958343/d17acdc9dd449748ca92a4cdad802b45/r_19",
            "rotation": 0.12566370614359174,
            "transform_matrix": [
                [
                    -0.9851187467575073,
                    -0.016153251752257347,
                    -0.17111490666866302,
                    -0.6897861957550049
                ],
                [
                    -0.17187564074993134,
                    0.09258363395929337,
                    0.9807584881782532,
                    3.9535634517669678
                ],
                [
                    0.0,
                    0.9955738186836243,
                    -0.09398223459720612,
                    -0.3788544535636902
                ],
                [
                    0.0,
                    0.0,
                    0.0,
                    1.0
                ]
            ]
        },
        {
            "file_path": "/data/shapenet_blender/all_50_random/02958343/d17acdc9dd449748ca92a4cdad802b45/r_20",
            "rotation": 0.12566370614359174,
            "transform_matrix": [
                [
                    -0.13953036069869995,
                    -0.11415933817625046,
                    0.9836152195930481,
                    3.9650797843933105
                ],
                [
                    0.9902178049087524,
                    -0.016086051240563393,
                    0.13860000669956207,
                    0.5587145090103149
                ],
                [
                    0.0,
                    0.9933322072029114,
                    0.11528710275888443,
                    0.4647371768951416
                ],
                [
                    0.0,
                    0.0,
                    0.0,
                    1.0
                ]
            ]
        },
        {
            "file_path": "/data/shapenet_blender/all_50_random/02958343/d17acdc9dd449748ca92a4cdad802b45/r_21",
            "rotation": 0.12566370614359174,
            "transform_matrix": [
                [
                    0.5862823128700256,
                    0.7013142108917236,
                    0.40550151467323303,
                    1.6346288919448853
                ],
                [
                    0.8101068139076233,
                    -0.5075480341911316,
                    -0.2934654653072357,
                    -1.1829971075057983
                ],
                [
                    0.0,
                    0.5005532503128052,
                    -0.8657057881355286,
                    -3.489771604537964
                ],
                [
                    0.0,
                    0.0,
                    0.0,
                    1.0
                ]
            ]
        },
        {
            "file_path": "/data/shapenet_blender/all_50_random/02958343/d17acdc9dd449748ca92a4cdad802b45/r_22",
            "rotation": 0.12566370614359174,
            "transform_matrix": [
                [
                    -0.77134108543396,
                    -0.6091528534889221,
                    -0.1842978447675705,
                    -0.7429283857345581
                ],
                [
                    -0.6364220380783081,
                    0.7382909059524536,
                    0.22336827218532562,
                    0.9004263281822205
                ],
                [
                    0.0,
                    0.28958427906036377,
                    -0.9571524858474731,
                    -3.858405113220215
                ],
                [
                    0.0,
                    0.0,
                    0.0,
                    1.0
                ]
            ]
        },
        {
            "file_path": "/data/shapenet_blender/all_50_random/02958343/d17acdc9dd449748ca92a4cdad802b45/r_23",
            "rotation": 0.12566370614359174,
            "transform_matrix": [
                [
                    -0.9713848829269409,
                    0.05645540729165077,
                    -0.23070406913757324,
                    -0.9299979209899902
                ],
                [
                    -0.2375112622976303,
                    -0.2308940291404724,
                    0.9435445070266724,
                    3.8035497665405273
                ],
                [
                    0.0,
                    0.9713395833969116,
                    0.23769573867321014,
                    0.9581822156906128
                ],
                [
                    0.0,
                    0.0,
                    0.0,
                    1.0
                ]
            ]
        },
        {
            "file_path": "/data/shapenet_blender/all_50_random/02958343/d17acdc9dd449748ca92a4cdad802b45/r_24",
            "rotation": 0.12566370614359174,
            "transform_matrix": [
                [
                    0.4924452006816864,
                    0.16075707972049713,
                    0.8553683161735535,
                    3.4480996131896973
                ],
                [
                    0.8703434467315674,
                    -0.09095726907253265,
                    -0.4839722216129303,
                    -1.9509541988372803
                ],
                [
                    7.450580152834618e-09,
                    0.9827938675880432,
                    -0.18470536172389984,
                    -0.7445710301399231
                ],
                [
                    0.0,
                    0.0,
                    0.0,
                    1.0
                ]
            ]
        },
        {
            "file_path": "/data/shapenet_blender/all_50_random/02958343/d17acdc9dd449748ca92a4cdad802b45/r_25",
            "rotation": 0.12566370614359174,
            "transform_matrix": [
                [
                    -0.3027702867984772,
                    0.31787392497062683,
                    0.8984910845756531,
                    3.621933698654175
                ],
                [
                    0.9530636072158813,
                    0.10098253190517426,
                    0.2854336202144623,
                    1.1506198644638062
                ],
                [
                    0.0,
                    0.9427400231361389,
                    -0.3335284888744354,
                    -1.344496488571167
                ],
                [
                    0.0,
                    0.0,
                    0.0,
                    1.0
                ]
            ]
        },
        {
            "file_path": "/data/shapenet_blender/all_50_random/02958343/d17acdc9dd449748ca92a4cdad802b45/r_26",
            "rotation": 0.12566370614359174,
            "transform_matrix": [
                [
                    0.12977515161037445,
                    -0.006607194896787405,
                    0.991521418094635,
                    3.996950626373291
                ],
                [
                    0.9915434122085571,
                    0.0008647626964375377,
                    -0.12977227568626404,
                    -0.5231287479400635
                ],
                [
                    0.0,
                    0.9999777674674988,
                    0.006663545500487089,
                    0.026861611753702164
                ],
                [
                    0.0,
                    0.0,
                    0.0,
                    1.0
                ]
            ]
        },
        {
            "file_path": "/data/shapenet_blender/all_50_random/02958343/d17acdc9dd449748ca92a4cdad802b45/r_27",
            "rotation": 0.12566370614359174,
            "transform_matrix": [
                [
                    -0.9637386798858643,
                    -0.06939960271120071,
                    -0.2576651871204376,
                    -1.0386817455291748
                ],
                [
                    -0.2668476402759552,
                    0.25064143538475037,
                    0.9305756092071533,
                    3.7512705326080322
                ],
                [
                    0.0,
                    0.9655891060829163,
                    -0.2600719928741455,
                    -1.0483838319778442
                ],
                [
                    0.0,
                    0.0,
                    0.0,
                    1.0
                ]
            ]
        },
        {
            "file_path": "/data/shapenet_blender/all_50_random/02958343/d17acdc9dd449748ca92a4cdad802b45/r_28",
            "rotation": 0.12566370614359174,
            "transform_matrix": [
                [
                    0.25464171171188354,
                    0.9585052132606506,
                    0.12816116213798523,
                    0.5166341662406921
                ],
                [
                    0.9670355319976807,
                    -0.25239548087120056,
                    -0.03374765068292618,
                    -0.13604113459587097
                ],
                [
                    0.0,
                    0.1325298547744751,
                    -0.9911789894104004,
                    -3.995570421218872
                ],
                [
                    0.0,
                    0.0,
                    0.0,
                    1.0
                ]
            ]
        },
        {
            "file_path": "/data/shapenet_blender/all_50_random/02958343/d17acdc9dd449748ca92a4cdad802b45/r_29",
            "rotation": 0.12566370614359174,
            "transform_matrix": [
                [
                    0.9944530129432678,
                    0.030993197113275528,
                    0.10051115602254868,
                    0.4051734507083893
                ],
                [
                    0.10518112778663635,
                    -0.2930304706096649,
                    -0.9502999186515808,
                    -3.8307816982269287
                ],
                [
                    0.0,
                    0.9556005597114563,
                    -0.2946649491786957,
                    -1.1878324747085571
                ],
                [
                    0.0,
                    0.0,
                    0.0,
                    1.0
                ]
            ]
        },
        {
            "file_path": "/data/shapenet_blender/all_50_random/02958343/d17acdc9dd449748ca92a4cdad802b45/r_30",
            "rotation": 0.12566370614359174,
            "transform_matrix": [
                [
                    0.870139479637146,
                    0.2543882429599762,
                    -0.42207106947898865,
                    -1.7014230489730835
                ],
                [
                    -0.49280568957328796,
                    0.44916948676109314,
                    -0.7452444434165955,
                    -3.004176616668701
                ],
                [
                    0.0,
                    0.8564655780792236,
                    0.5162039399147034,
                    2.0808849334716797
                ],
                [
                    0.0,
                    0.0,
                    0.0,
                    1.0
                ]
            ]
        },
        {
            "file_path": "/data/shapenet_blender/all_50_random/02958343/d17acdc9dd449748ca92a4cdad802b45/r_31",
            "rotation": 0.12566370614359174,
            "transform_matrix": [
                [
                    0.9040930271148682,
                    0.3023216426372528,
                    -0.30202239751815796,
                    -1.2174913883209229
                ],
                [
                    -0.42733585834503174,
                    0.6396067142486572,
                    -0.638973593711853,
                    -2.5757851600646973
                ],
                [
                    0.0,
                    0.7067565321922302,
                    0.7074567079544067,
                    2.8518495559692383
                ],
                [
                    0.0,
                    0.0,
                    0.0,
                    1.0
                ]
            ]
        },
        {
            "file_path": "/data/shapenet_blender/all_50_random/02958343/d17acdc9dd449748ca92a4cdad802b45/r_32",
            "rotation": 0.12566370614359174,
            "transform_matrix": [
                [
                    -0.5176071524620056,
                    0.0037546418607234955,
                    0.8556101322174072,
                    3.4490749835968018
                ],
                [
                    0.855618417263031,
                    0.0022713737562298775,
                    0.5176020860671997,
                    2.0865209102630615
                ],
                [
                    1.1641532182693481e-10,
                    0.9999903440475464,
                    -0.004388219676911831,
                    -0.017689481377601624
                ],
                [
                    0.0,
                    0.0,
                    0.0,
                    1.0
                ]
            ]
        },
        {
            "file_path": "/data/shapenet_blender/all_50_random/02958343/d17acdc9dd449748ca92a4cdad802b45/r_33",
            "rotation": 0.12566370614359174,
            "transform_matrix": [
                [
                    -0.9126826524734497,
                    0.0739012137055397,
                    -0.4019317328929901,
                    -1.6202387809753418
                ],
                [
                    -0.40866926312446594,
                    -0.16504386067390442,
                    0.8976356983184814,
                    3.618485450744629
                ],
                [
                    0.0,
                    0.9835135340690613,
                    0.18083380162715912,
                    0.7289644479751587
                ],
                [
                    0.0,
                    0.0,
                    0.0,
                    1.0
                ]
            ]
        },
        {
            "file_path": "/data/shapenet_blender/all_50_random/02958343/d17acdc9dd449748ca92a4cdad802b45/r_34",
            "rotation": 0.12566370614359174,
            "transform_matrix": [
                [
                    0.8981437087059021,
                    0.0597044974565506,
                    -0.4356297254562378,
                    -1.7560795545578003
                ],
                [
                    -0.43970200419425964,
                    0.12195353955030441,
                    -0.8898255825042725,
                    -3.5870015621185303
                ],
                [
                    0.0,
                    0.9907385110855103,
                    0.13578400015830994,
                    0.5473628044128418
                ],
                [
                    0.0,
                    0.0,
                    0.0,
                    1.0
                ]
            ]
        },
        {
            "file_path": "/data/shapenet_blender/all_50_random/02958343/d17acdc9dd449748ca92a4cdad802b45/r_35",
            "rotation": 0.12566370614359174,
            "transform_matrix": [
                [
                    0.34755373001098633,
                    -0.7646788954734802,
                    -0.5426532030105591,
                    -2.187505006790161
                ],
                [
                    -0.9376600980758667,
                    -0.2834364175796509,
                    -0.20114021003246307,
                    -0.8108221292495728
                ],
                [
                    -1.4901162970204496e-08,
                    0.5787312984466553,
                    -0.8155182600021362,
                    -3.287459373474121
                ],
                [
                    0.0,
                    0.0,
                    0.0,
                    1.0
                ]
            ]
        },
        {
            "file_path": "/data/shapenet_blender/all_50_random/02958343/d17acdc9dd449748ca92a4cdad802b45/r_36",
            "rotation": 0.12566370614359174,
            "transform_matrix": [
                [
                    0.8446986079216003,
                    0.09060721844434738,
                    0.5275173783302307,
                    2.126490592956543
                ],
                [
                    0.5352422595024109,
                    -0.1429928094148636,
                    -0.8325074911117554,
                    -3.355945110321045
                ],
                [
                    0.0,
                    0.9855675101280212,
                    -0.16928264498710632,
                    -0.6824001669883728
                ],
                [
                    0.0,
                    0.0,
                    0.0,
                    1.0
                ]
            ]
        },
        {
            "file_path": "/data/shapenet_blender/all_50_random/02958343/d17acdc9dd449748ca92a4cdad802b45/r_37",
            "rotation": 0.12566370614359174,
            "transform_matrix": [
                [
                    -0.9990798234939575,
                    0.0256230216473341,
                    -0.034394245594739914,
                    -0.1386476457118988
                ],
                [
                    -0.04288943484425545,
                    -0.5968706607818604,
                    0.8011902570724487,
                    3.229701280593872
                ],
                [
                    0.0,
                    0.8019281029701233,
                    0.5974204540252686,
                    2.4082789421081543
                ],
                [
                    0.0,
                    0.0,
                    0.0,
                    1.0
                ]
            ]
        },
        {
            "file_path": "/data/shapenet_blender/all_50_random/02958343/d17acdc9dd449748ca92a4cdad802b45/r_38",
            "rotation": 0.12566370614359174,
            "transform_matrix": [
                [
                    -0.5182497501373291,
                    0.3326185643672943,
                    0.7878972291946411,
                    3.1761152744293213
                ],
                [
                    0.855229377746582,
                    0.2015593945980072,
                    0.477448046207428,
                    1.9246546030044556
                ],
                [
                    0.0,
                    0.9212701916694641,
                    -0.3889232277870178,
                    -1.567799687385559
                ],
                [
                    0.0,
                    0.0,
                    0.0,
                    1.0
                ]
            ]
        },
        {
            "file_path": "/data/shapenet_blender/all_50_random/02958343/d17acdc9dd449748ca92a4cdad802b45/r_39",
            "rotation": 0.12566370614359174,
            "transform_matrix": [
                [
                    0.551032304763794,
                    -0.2921624183654785,
                    0.7816677093505859,
                    3.15100359916687
                ],
                [
                    0.8344839215278625,
                    0.19292277097702026,
                    -0.5161563158035278,
                    -2.080693006515503
                ],
                [
                    -1.4901161193847656e-08,
                    0.9367079734802246,
                    0.3501114845275879,
                    1.4113446474075317
                ],
                [
                    0.0,
                    0.0,
                    0.0,
                    1.0
                ]
            ]
        },
        {
            "file_path": "/data/shapenet_blender/all_50_random/02958343/d17acdc9dd449748ca92a4cdad802b45/r_40",
            "rotation": 0.12566370614359174,
            "transform_matrix": [
                [
                    -0.9513426423072815,
                    0.05113207548856735,
                    0.3038628399372101,
                    1.2249102592468262
                ],
                [
                    0.30813488364219666,
                    0.15786632895469666,
                    0.9381530284881592,
                    3.781815767288208
                ],
                [
                    0.0,
                    0.986135721206665,
                    -0.1659405678510666,
                    -0.6689278483390808
                ],
                [
                    0.0,
                    0.0,
                    0.0,
                    1.0
                ]
            ]
        },
        {
            "file_path": "/data/shapenet_blender/all_50_random/02958343/d17acdc9dd449748ca92a4cdad802b45/r_41",
            "rotation": 0.12566370614359174,
            "transform_matrix": [
                [
                    0.030289264395833015,
                    -0.5369770526885986,
                    0.8430528044700623,
                    3.3984549045562744
                ],
                [
                    0.999541163444519,
                    0.016272105276584625,
                    -0.025547171011567116,
                    -0.10298395156860352
                ],
                [
                    9.313225746154785e-10,
                    0.8434398770332336,
