{
    "class": "02958343",
    "model": "637a26dc6b1a3f47e7540f431cab4686",
    "remove_doubles": true,
    "edge_split": true,
    "denoise": true,
    "camera_angle_x": 0.6911112070083618,
    "scale_factor": 2.2455358887614096,
    "hdri_file": "/data/IndoorHDRDataset2018/AG8A5150-101b84cd42.exr",
    "center_offset": [
        0.0,
        0.0,
        -3.725290298461914e-09
    ],
    "lights": [],
    "frames": [
        {
            "file_path": "/data/shapenet_blender/all_50_random/02958343/637a26dc6b1a3f47e7540f431cab4686/r_0",
            "rotation": 0.12566370614359174,
            "transform_matrix": [
                [
                    0.24797822535037994,
                    0.0354309156537056,
                    -0.9681174159049988,
                    -3.902606248855591
                ],
                [
                    -0.9687656164169312,
                    0.009069371968507767,
                    -0.24781230092048645,
                    -0.9989633560180664
                ],
                [
                    0.0,
                    0.999330997467041,
                    0.03657325729727745,
                    0.14743152260780334
                ],
                [
                    0.0,
                    0.0,
                    0.0,
                    1.0
                ]
            ]
        },
        {
            "file_path": "/data/shapenet_blender/all_50_random/02958343/637a26dc6b1a3f47e7540f431cab4686/r_1",
            "rotation": 0.12566370614359174,
            "transform_matrix": [
                [
                    0.5682192444801331,
                    0.2426309585571289,
                    0.7862931489944458,
                    3.169649362564087
                ],
                [
                    0.8228771686553955,
                    -0.16754333674907684,
                    -0.5429570078849792,
                    -2.188730001449585
                ],
                [
                    -1.4901160305669237e-08,
                    0.9555415511131287,
                    -0.2948567569255829,
                    -1.188605785369873
                ],
                [
                    0.0,
                    0.0,
                    0.0,
                    1.0
                ]
            ]
        },
        {
            "file_path": "/data/shapenet_blender/all_50_random/02958343/637a26dc6b1a3f47e7540f431cab4686/r_2",
            "rotation": 0.12566370614359174,
            "transform_matrix": [
                [
                    -0.07736349105834961,
                    -0.7124735116958618,
                    -0.697421133518219,
                    -2.811394691467285
                ],
                [
                    -0.9970029592514038,
                    0.055285125970840454,
                    0.054117120802402496,
                    0.21815310418605804
                ],
                [
                    0.0,
                    0.6995176672935486,
                    -0.7146152257919312,
                    -2.880706310272217
                ],
                [
                    0.0,
                    0.0,
                    0.0,
                    1.0
                ]
            ]
        },
        {
            "file_path": "/data/shapenet_blender/all_50_random/02958343/637a26dc6b1a3f47e7540f431cab4686/r_3",
            "rotation": 0.12566370614359174,
            "transform_matrix": [
                [
                    0.8847067356109619,
                    -0.3062490224838257,
                    0.3514336943626404,
                    1.4166744947433472
                ],
                [
                    0.4661481976509094,
                    0.5812327265739441,
                    -0.6669890880584717,
                    -2.6887190341949463
                ],
                [
                    0.0,
                    0.7539098858833313,
                    0.6569778323173523,
                    2.648362398147583
                ],
                [
                    0.0,
                    0.0,
                    0.0,
                    1.0
                ]
            ]
        },
        {
            "file_path": "/data/shapenet_blender/all_50_random/02958343/637a26dc6b1a3f47e7540f431cab4686/r_4",
            "rotation": 0.12566370614359174,
            "transform_matrix": [
                [
                    0.8067336082458496,
                    -0.22092320024967194,
                    0.5480636954307556,
                    2.209315538406372
                ],
                [
                    0.590915322303772,
                    0.3016103208065033,
                    -0.7482314109802246,
                    -3.0162172317504883
                ],
                [
                    1.4901162970204496e-08,
                    0.9274826645851135,
                    0.37386608123779297,
                    1.507102370262146
                ],
                [
                    0.0,
                    0.0,
                    0.0,
                    1.0
                ]
            ]
        },
        {
            "file_path": "/data/shapenet_blender/all_50_random/02958343/637a26dc6b1a3f47e7540f431cab4686/r_5",
            "rotation": 0.12566370614359174,
            "transform_matrix": [
                [
                    0.3746465742588043,
                    0.26510685682296753,
                    0.8884583115577698,
                    3.5814902782440186
                ],
                [
                    0.9271677732467651,
                    -0.10712341964244843,
                    -0.35900500416755676,
                    -1.4471955299377441
                ],
                [
                    7.450581485102248e-09,
                    0.9582499265670776,
                    -0.28593188524246216,
                    -1.1526284217834473
                ],
                [
                    0.0,
                    0.0,
                    0.0,
                    1.0
                ]
            ]
        },
        {
            "file_path": "/data/shapenet_blender/all_50_random/02958343/637a26dc6b1a3f47e7540f431cab4686/r_6",
            "rotation": 0.12566370614359174,
            "transform_matrix": [
                [
                    0.9810701012611389,
                    -0.07399918138980865,
                    0.17895694077014923,
                    0.7213985919952393
                ],
                [
                    0.19365297257900238,
                    0.3748891055583954,
                    -0.9066181778907776,
                    -3.6546950340270996
                ],
                [
                    -7.450580596923828e-09,
                    0.9241116046905518,
                    0.38212257623672485,
                    1.5403854846954346
                ],
                [
                    0.0,
                    0.0,
                    0.0,
                    1.0
                ]
            ]
        },
        {
            "file_path": "/data/shapenet_blender/all_50_random/02958343/637a26dc6b1a3f47e7540f431cab4686/r_7",
            "rotation": 0.12566370614359174,
            "transform_matrix": [
                [
                    -0.1703447699546814,
                    0.17158178985118866,
                    -0.9703310132026672,
                    -3.911529541015625
                ],
                [
                    -0.9853845238685608,
                    -0.029661577194929123,
                    0.16774244606494904,
                    0.6761914491653442
                ],
                [
                    1.862645149230957e-09,
                    0.9847232103347778,
                    0.1741267293691635,
                    0.7019273042678833
                ],
                [
                    0.0,
                    0.0,
                    0.0,
                    1.0
                ]
            ]
        },
        {
            "file_path": "/data/shapenet_blender/all_50_random/02958343/637a26dc6b1a3f47e7540f431cab4686/r_8",
            "rotation": 0.12566370614359174,
            "transform_matrix": [
                [
                    -0.9991123080253601,
                    -0.030614320188760757,
                    -0.02893890254199505,
                    -0.11665645241737366
                ],
                [
                    -0.042127154767513275,
                    0.7260671854019165,
                    0.6863319277763367,
                    2.766692638397217
                ],
                [
                    1.862645149230957e-09,
                    0.6869418025016785,
                    -0.7267123460769653,
                    -2.929471492767334
                ],
                [
                    0.0,
                    0.0,
                    0.0,
                    1.0
                ]
            ]
        },
        {
            "file_path": "/data/shapenet_blender/all_50_random/02958343/637a26dc6b1a3f47e7540f431cab4686/r_9",
            "rotation": 0.12566370614359174,
            "transform_matrix": [
                [
                    -0.6154839992523193,
                    -0.035320330411195755,
                    0.7873575091362,
                    3.1739397048950195
                ],
                [
                    0.7881492376327515,
                    -0.02758246473968029,
                    0.6148657202720642,
                    2.478602886199951
                ],
                [
                    1.8626450382086546e-09,
                    0.998995304107666,
                    0.04481426253914833,
                    0.18065206706523895
                ],
                [
                    0.0,
                    0.0,
                    0.0,
                    1.0
                ]
            ]
        },
        {
            "file_path": "/data/shapenet_blender/all_50_random/02958343/637a26dc6b1a3f47e7540f431cab4686/r_10",
            "rotation": 0.12566370614359174,
            "transform_matrix": [
                [
                    -0.8087366223335266,
                    0.05941971391439438,
                    0.5851617455482483,
                    2.3588624000549316
                ],
                [
                    0.5881708264350891,
                    0.08170228451490402,
                    0.8045991063117981,
                    3.2434427738189697
                ],
                [
                    -3.725290076417309e-09,
                    0.9948839545249939,
                    -0.1010245680809021,
                    -0.4072430729866028
                ],
                [
                    0.0,
                    0.0,
                    0.0,
                    1.0
                ]
            ]
        },
        {
            "file_path": "/data/shapenet_blender/all_50_random/02958343/637a26dc6b1a3f47e7540f431cab4686/r_11",
            "rotation": 0.12566370614359174,
            "transform_matrix": [
                [
                    0.9187048673629761,
                    -0.30327659845352173,
                    0.2529914975166321,
                    1.0198414325714111
                ],
                [
                    0.39494484663009644,
                    0.7054698467254639,
                    -0.5884986519813538,
                    -2.372314214706421
                ],
                [
                    -1.4901161193847656e-08,
                    0.6405742764472961,
                    0.7678961157798767,
                    3.0954885482788086
                ],
                [
                    0.0,
                    0.0,
                    0.0,
                    1.0
                ]
            ]
        },
        {
            "file_path": "/data/shapenet_blender/all_50_random/02958343/637a26dc6b1a3f47e7540f431cab4686/r_12",
            "rotation": 0.12566370614359174,
            "transform_matrix": [
                [
                    -0.43585115671157837,
                    -0.17863233387470245,
                    -0.882113516330719,
                    -3.555913209915161
                ],
                [
                    -0.9000187516212463,
                    0.08650609850883484,
                    0.4271802008152008,
                    1.7220184803009033
                ],
                [
                    0.0,
                    0.9801056385040283,
                    -0.19847625494003296,
                    -0.8000833988189697
                ],
                [
                    0.0,
                    0.0,
                    0.0,
                    1.0
                ]
            ]
        },
        {
            "file_path": "/data/shapenet_blender/all_50_random/02958343/637a26dc6b1a3f47e7540f431cab4686/r_13",
            "rotation": 0.12566370614359174,
            "transform_matrix": [
                [
                    -0.6974540948867798,
                    -0.4633408784866333,
                    -0.5466929078102112,
                    -2.203789710998535
                ],
                [
                    -0.7166295647621155,
                    0.4509428143501282,
                    0.5320645570755005,
                    2.1448209285736084
                ],
                [
                    -1.4901161193847656e-08,
                    0.7628667950630188,
                    -0.6465556025505066,
                    -2.606348991394043
                ],
                [
                    0.0,
                    0.0,
                    0.0,
                    1.0
                ]
            ]
        },
        {
            "file_path": "/data/shapenet_blender/all_50_random/02958343/637a26dc6b1a3f47e7540f431cab4686/r_14",
            "rotation": 0.12566370614359174,
            "transform_matrix": [
                [
                    0.21891671419143677,
                    -0.2822408080101013,
                    -0.9340319037437439,
                    -3.7652029991149902
                ],
                [
                    -0.9757435321807861,
                    -0.06332322955131531,
                    -0.20955833792686462,
                    -0.8447566628456116
                ],
                [
                    0.0,
                    0.9572513699531555,
                    -0.2892571687698364,
                    -1.1660329103469849
                ],
                [
                    0.0,
                    0.0,
                    0.0,
                    1.0
                ]
            ]
        },
        {
            "file_path": "/data/shapenet_blender/all_50_random/02958343/637a26dc6b1a3f47e7540f431cab4686/r_15",
            "rotation": 0.12566370614359174,
            "transform_matrix": [
                [
                    0.6730111241340637,
                    0.06775966286659241,
                    -0.7365218997001648,
                    -2.9690146446228027
                ],
                [
                    -0.7396321892738342,
                    0.06165633350610733,
                    -0.6701809763908386,
                    -2.7015860080718994
                ],
                [
                    3.725290298461914e-09,
                    0.9957945942878723,
                    0.09161264449357986,
                    0.3693023920059204
                ],
                [
                    0.0,
                    0.0,
                    0.0,
                    1.0
                ]
            ]
        },
        {
            "file_path": "/data/shapenet_blender/all_50_random/02958343/637a26dc6b1a3f47e7540f431cab4686/r_16",
            "rotation": 0.12566370614359174,
            "transform_matrix": [
                [
                    -0.9985299706459045,
                    -0.037406399846076965,
                    0.03922706097364426,
                    0.15812933444976807
                ],
                [
                    0.0542033389210701,
                    -0.6890980005264282,
                    0.7226380705833435,
                    2.9130473136901855
                ],
                [
                    0.0,
                    0.7237019538879395,
                    0.6901125907897949,
                    2.781932830810547
                ],
                [
                    0.0,
                    0.0,
                    0.0,
                    1.0
                ]
            ]
        },
        {
            "file_path": "/data/shapenet_blender/all_50_random/02958343/637a26dc6b1a3f47e7540f431cab4686/r_17",
            "rotation": 0.12566370614359174,
            "transform_matrix": [
                [
                    -0.5200204253196716,
                    -0.6022337675094604,
                    0.6057170629501343,
                    2.4417238235473633
                ],
                [
                    0.8541538715362549,
                    -0.3666480779647827,
                    0.36876872181892395,
                    1.4865543842315674
                ],
                [
                    1.4901162970204496e-08,
                    0.709142804145813,
                    0.7050647139549255,
                    2.8422069549560547
                ],
                [
                    0.0,
                    0.0,
                    0.0,
                    1.0
                ]
            ]
        },
        {
            "file_path": "/data/shapenet_blender/all_50_random/02958343/637a26dc6b1a3f47e7540f431cab4686/r_18",
            "rotation": 0.12566370614359174,
            "transform_matrix": [
                [
                    0.5597463250160217,
                    0.4714553952217102,
                    -0.6814790964126587,
                    -2.7471303939819336
                ],
                [
                    -0.8286640048027039,
                    0.3184588849544525,
                    -0.46032577753067017,
                    -1.8556326627731323
                ],
                [
                    0.0,
                    0.8223829865455627,
                    0.5689342617988586,
                    2.293447494506836
                ],
                [
                    0.0,
                    0.0,
                    0.0,
                    1.0
                ]
            ]
        },
        {
            "file_path": "/data/shapenet_blender/all_50_random/02958343/637a26dc6b1a3f47e7540f431cab4686/r_19",
            "rotation": 0.12566370614359174,
            "transform_matrix": [
                [
                    -0.818770170211792,
                    0.011176956817507744,
                    -0.5740124583244324,
                    -2.313918352127075
                ],
                [
                    -0.5741212368011475,
                    -0.01593977026641369,
                    0.8186150789260864,
                    3.299942970275879
                ],
                [
                    -1.8626450382086546e-09,
                    0.9998104572296143,
                    0.01946793869137764,
                    0.07847777009010315
                ],
                [
                    0.0,
                    0.0,
                    0.0,
                    1.0
                ]
            ]
        },
        {
            "file_path": "/data/shapenet_blender/all_50_random/02958343/637a26dc6b1a3f47e7540f431cab4686/r_20",
            "rotation": 0.12566370614359174,
            "transform_matrix": [
                [
                    0.9200011491775513,
                    0.16699735820293427,
                    0.354555606842041,
                    1.4292595386505127
                ],
                [
                    0.39191558957099915,
                    -0.3920174837112427,
                    -0.83230060338974,
                    -3.3551113605499268
                ],
                [
                    0.0,
                    0.9046734571456909,
                    -0.42610540986061096,
                    -1.7176859378814697
                ],
                [
                    0.0,
                    0.0,
                    0.0,
                    1.0
                ]
            ]
        },
        {
            "file_path": "/data/shapenet_blender/all_50_random/02958343/637a26dc6b1a3f47e7540f431cab4686/r_21",
            "rotation": 0.12566370614359174,
            "transform_matrix": [
                [
                    -0.7757506370544434,
                    0.24534206092357635,
                    0.5813934206962585,
                    2.3436717987060547
                ],
                [
                    0.6310397386550903,
                    0.3016042113304138,
                    0.7147193551063538,
                    2.8811259269714355
                ],
                [
                    0.0,
                    0.921326220035553,
                    -0.3887902498245239,
                    -1.5672636032104492
                ],
                [
                    0.0,
                    0.0,
                    0.0,
                    1.0
                ]
            ]
        },
        {
            "file_path": "/data/shapenet_blender/all_50_random/02958343/637a26dc6b1a3f47e7540f431cab4686/r_22",
            "rotation": 0.12566370614359174,
            "transform_matrix": [
                [
                    0.14724873006343842,
                    -0.4647448658943176,
                    -0.8731151223182678,
                    -3.519639730453491
                ],
                [
                    -0.9890995025634766,
                    -0.06918726861476898,
                    -0.12998196482658386,
                    -0.5239740610122681
                ],
                [
                    0.0,
                    0.882737398147583,
                    -0.46986666321754456,
                    -1.8940931558609009
                ],
                [
                    0.0,
                    0.0,
                    0.0,
                    1.0
                ]
            ]
        },
        {
            "file_path": "/data/shapenet_blender/all_50_random/02958343/637a26dc6b1a3f47e7540f431cab4686/r_23",
            "rotation": 0.12566370614359174,
            "transform_matrix": [
                [
                    0.2198483943939209,
                    -0.0550319068133831,
                    -0.9739805459976196,
                    -3.926241159439087
                ],
                [
                    -0.9755339622497559,
                    -0.012402107007801533,
                    -0.21949830651283264,
                    -0.8848260045051575
                ],
                [
                    -9.313225191043273e-10,
                    0.9984076023101807,
                    -0.05641207844018936,
                    -0.22740435600280762
                ],
                [
                    0.0,
                    0.0,
                    0.0,
                    1.0
                ]
            ]
        },
        {
            "file_path": "/data/shapenet_blender/all_50_random/02958343/637a26dc6b1a3f47e7540f431cab4686/r_24",
            "rotation": 0.12566370614359174,
            "transform_matrix": [
                [
                    0.9377610087394714,
                    0.0309136975556612,
                    -0.34590262174606323,
                    -1.3943781852722168
                ],
                [
                    -0.3472813069820404,
                    0.08347601443529129,
                    -0.9340381622314453,
                    -3.765228509902954
                ],
                [
                    1.862645149230957e-09,
                    0.9960300922393799,
                    0.08901629596948624,
                    0.35883620381355286
                ],
                [
                    0.0,
                    0.0,
                    0.0,
                    1.0
                ]
            ]
        },
        {
            "file_path": "/data/shapenet_blender/all_50_random/02958343/637a26dc6b1a3f47e7540f431cab4686/r_25",
            "rotation": 0.12566370614359174,
            "transform_matrix": [
                [
                    -0.9748934507369995,
                    -0.20165883004665375,
                    0.09442789852619171,
                    0.38065099716186523
                ],
                [
                    0.2226722240447998,
                    -0.8828935027122498,
                    0.4134199321269989,
                    1.6665488481521606
                ],
                [
                    0.0,
                    0.4240669310092926,
                    0.9056310057640076,
                    3.650714874267578
                ],
                [
                    0.0,
                    0.0,
                    0.0,
                    1.0
                ]
            ]
        },
        {
            "file_path": "/data/shapenet_blender/all_50_random/02958343/637a26dc6b1a3f47e7540f431cab4686/r_26",
            "rotation": 0.12566370614359174,
            "transform_matrix": [
                [
                    -0.7330743670463562,
                    -0.5388038754463196,
                    -0.41508105397224426,
                    -1.6732451915740967
                ],
                [
                    -0.6801485419273376,
                    0.5807309746742249,
                    0.44738060235977173,
                    1.8034489154815674
                ],
                [
                    2.980232594040899e-08,
                    0.61027991771698,
                    -0.7921857833862305,
                    -3.1934030055999756
                ],
                [
                    0.0,
                    0.0,
                    0.0,
                    1.0
                ]
            ]
        },
        {
            "file_path": "/data/shapenet_blender/all_50_random/02958343/637a26dc6b1a3f47e7540f431cab4686/r_27",
            "rotation": 0.12566370614359174,
            "transform_matrix": [
                [
                    0.9869958162307739,
                    0.09665482491254807,
                    0.12844115495681763,
                    0.5177628993988037
                ],
                [
                    0.1607460379600525,
                    -0.5934696793556213,
                    -0.7886407971382141,
                    -3.1791129112243652
                ],
                [
                    -7.450580596923828e-09,
                    0.7990316152572632,
                    -0.601288914680481,
                    -2.4238734245300293
                ],
                [
                    0.0,
                    0.0,
                    0.0,
                    1.0
                ]
            ]
        },
        {
            "file_path": "/data/shapenet_blender/all_50_random/02958343/637a26dc6b1a3f47e7540f431cab4686/r_28",
            "rotation": 0.12566370614359174,
            "transform_matrix": [
                [
                    0.8759921193122864,
                    -0.007579249795526266,
                    0.48226600885391235,
                    1.9440765380859375
                ],
                [
                    0.48232561349868774,
                    0.013765311799943447,
                    -0.8758838176727295,
                    -3.5308008193969727
                ],
                [
                    4.656613428188905e-10,
                    0.9998764991760254,
                    0.015713967382907867,
                    0.0633450374007225
                ],
                [
                    0.0,
                    0.0,
                    0.0,
                    1.0
                ]
            ]
        },
        {
            "file_path": "/data/shapenet_blender/all_50_random/02958343/637a26dc6b1a3f47e7540f431cab4686/r_29",
            "rotation": 0.12566370614359174,
            "transform_matrix": [
                [
                    0.9592053890228271,
                    0.24670039117336273,
                    -0.1380724310874939,
                    -0.5565877556800842
                ],
                [
                    -0.2827102541923523,
                    0.8370277881622314,
                    -0.46846482157707214,
                    -1.888442039489746
                ],
                [
                    7.450580596923828e-09,
                    0.4883884787559509,
                    0.8726263046264648,
                    3.517669200897217
                ],
                [
                    0.0,
                    0.0,
                    0.0,
                    1.0
                ]
            ]
        },
        {
            "file_path": "/data/shapenet_blender/all_50_random/02958343/637a26dc6b1a3f47e7540f431cab4686/r_30",
            "rotation": 0.12566370614359174,
            "transform_matrix": [
                [
                    -0.9833678603172302,
                    -0.03545840084552765,
                    0.17813065648078918,
                    0.7180677056312561
                ],
                [
                    0.18162555992603302,
                    -0.1919809728860855,
                    0.9644455909729004,
                    3.8878047466278076
                ],
                [
                    0.0,
                    0.9807577133178711,
                    0.19522805511951447,
                    0.7869895100593567
                ],
                [
                    0.0,
                    0.0,
                    0.0,
                    1.0
                ]
            ]
        },
        {
            "file_path": "/data/shapenet_blender/all_50_random/02958343/637a26dc6b1a3f47e7540f431cab4686/r_31",
            "rotation": 0.12566370614359174,
            "transform_matrix": [
                [
                    -0.8558036684989929,
                    0.2565867006778717,
                    -0.44918060302734375,
                    -1.8107050657272339
                ],
                [
                    -0.5173006057739258,
                    -0.4244878590106964,
                    0.743108332157135,
                    2.99556565284729
                ],
                [
                    0.0,
                    0.8683163523674011,
                    0.49601078033447266,
                    1.999483585357666
                ],
                [
                    0.0,
                    0.0,
                    0.0,
                    1.0
                ]
            ]
        },
        {
            "file_path": "/data/shapenet_blender/all_50_random/02958343/637a26dc6b1a3f47e7540f431cab4686/r_32",
            "rotation": 0.12566370614359174,
            "transform_matrix": [
                [
                    0.3863779306411743,
                    0.6654921770095825,
                    0.6386173963546753,
                    2.5743494033813477
                ],
                [
                    0.9223406314849854,
                    -0.2787814736366272,
                    -0.2675233483314514,
                    -1.0784212350845337
                ],
                [
                    1.4901162970204496e-08,
                    0.6923878788948059,
                    -0.7215254306793213,
                    -2.908562183380127
                ],
                [
                    0.0,
                    0.0,
                    0.0,
                    1.0
                ]
            ]
        },
        {
            "file_path": "/data/shapenet_blender/all_50_random/02958343/637a26dc6b1a3f47e7540f431cab4686/r_33",
            "rotation": 0.12566370614359174,
            "transform_matrix": [
                [
                    -0.7828131914138794,
                    0.295669823884964,
                    -0.5475242733955383,
                    -2.2071409225463867
                ],
                [
                    -0.6222567558288574,
                    -0.3719594180583954,
                    0.6887980103492737,
                    2.7766335010528564
                ],
                [
                    -1.4901161193847656e-08,
                    0.8799008727073669,
                    0.4751572906970978,
                    1.9154202938079834
                ],
                [
                    0.0,
                    0.0,
                    0.0,
                    1.0
                ]
            ]
        },
        {
            "file_path": "/data/shapenet_blender/all_50_random/02958343/637a26dc6b1a3f47e7540f431cab4686/r_34",
            "rotation": 0.12566370614359174,
            "transform_matrix": [
                [
                    -0.9686754941940308,
                    -0.056081369519233704,
                    -0.24191460013389587,
                    -0.9751890301704407
                ],
                [
                    -0.2483300417661667,
                    0.21875986456871033,
                    0.9436504244804382,
                    3.8039767742156982
                ],
                [
                    0.0,
                    0.9741658568382263,
                    -0.2258339822292328,
                    -0.9103659391403198
                ],
                [
                    0.0,
                    0.0,
                    0.0,
                    1.0
                ]
            ]
        },
        {
            "file_path": "/data/shapenet_blender/all_50_random/02958343/637a26dc6b1a3f47e7540f431cab4686/r_35",
            "rotation": 0.12566370614359174,
            "transform_matrix": [
                [
                    -0.5641904473304749,
                    -0.3128168284893036,
                    -0.7640908360481262,
                    -3.080148696899414
                ],
                [
                    -0.8256446719169617,
                    0.21375812590122223,
                    0.5221286416053772,
                    2.1047677993774414
                ],
                [
                    0.0,
                    0.9254476428031921,
                    -0.3788757920265198,
                    -1.5272971391677856
                ],
                [
                    0.0,
                    0.0,
                    0.0,
                    1.0
                ]
            ]
        },
        {
            "file_path": "/data/shapenet_blender/all_50_random/02958343/637a26dc6b1a3f47e7540f431cab4686/r_36",
            "rotation": 0.12566370614359174,
            "transform_matrix": [
                [
                    -0.3427056670188904,
                    0.6857466697692871,
                    0.6421091556549072,
                    2.5884246826171875
                ],
                [
                    0.9394428730010986,
                    0.2501581311225891,
                    0.23423929512500763,
                    0.9442487955093384
                ],
                [
                    -1.4901162970204496e-08,
                    0.6834998726844788,
                    -0.7299505472183228,
                    -2.9425246715545654
                ],
                [
                    0.0,
                    0.0,
                    0.0,
                    1.0
                ]
            ]
        },
        {
            "file_path": "/data/shapenet_blender/all_50_random/02958343/637a26dc6b1a3f47e7540f431cab4686/r_37",
            "rotation": 0.12566370614359174,
            "transform_matrix": [
                [
                    -0.19827622175216675,
                    -0.7863805890083313,
                    0.5850574374198914,
                    2.3584420680999756
                ],
                [
                    0.9801462292671204,
                    -0.15907888114452362,
                    0.11835271865129471,
                    0.4770950675010681
                ],
                [
                    0.0,
                    0.5969083905220032,
                    0.8023093938827515,
                    3.234212636947632
                ],
                [
                    0.0,
                    0.0,
                    0.0,
                    1.0
                ]
            ]
        },
        {
            "file_path": "/data/shapenet_blender/all_50_random/02958343/637a26dc6b1a3f47e7540f431cab4686/r_38",
            "rotation": 0.12566370614359174,
            "transform_matrix": [
                [
                    0.9350486397743225,
                    0.16669082641601562,
                    -0.3128868341445923,
                    -1.2612872123718262
                ],
                [
                    -0.35451939702033997,
                    0.4396488070487976,
                    -0.825242280960083,
                    -3.326658010482788
                ],
                [
                    0.0,
                    0.8825661540031433,
                    0.4701882004737854,
                    1.8953893184661865
                ],
                [
                    0.0,
                    0.0,
                    0.0,
                    1.0
                ]
            ]
        },
        {
            "file_path": "/data/shapenet_blender/all_50_random/02958343/637a26dc6b1a3f47e7540f431cab4686/r_39",
            "rotation": 0.12566370614359174,
            "transform_matrix": [
                [
                    0.6858286261558533,
                    0.23936471343040466,
                    -0.6872726082801819,
                    -2.770484447479248
                ],
                [
                    -0.7277631163597107,
                    0.22557227313518524,
                    -0.6476712226867676,
                    -2.6108462810516357
                ],
                [
                    0.0,
                    0.9443630576133728,
                    0.3289047181606293,
                    1.3258572816848755
                ],
                [
                    0.0,
                    0.0,
                    0.0,
                    1.0
                ]
            ]
        },
        {
            "file_path": "/data/shapenet_blender/all_50_random/02958343/637a26dc6b1a3f47e7540f431cab4686/r_40",
            "rotation": 0.12566370614359174,
            "transform_matrix": [
                [
                    -0.21781231462955475,
                    0.3660174608230591,
                    -0.9047590494155884,
                    -3.647200345993042
                ],
                [
                    -0.9759907722473145,
                    -0.08168428391218185,
                    0.20191550254821777,
                    0.8139474391937256
                ],
                [
                    0.0,
                    0.9270160794258118,
                    0.37502145767211914,
                    1.511759877204895
                ],
                [
                    0.0,
                    0.0,
                    0.0,
                    1.0
                ]
            ]
        },
        {
            "file_path": "/data/shapenet_blender/all_50_random/02958343/637a26dc6b1a3f47e7540f431cab4686/r_41",
            "rotation": 0.12566370614359174,
            "transform_matrix": [
                [
                    -0.9922678470611572,
                    0.026593437418341637,
                    -0.12123282998800278,
                    -0.4887051582336426
                ],
                [
                    -0.12411531805992126,
                    -0.2126072198152542,
                    0.9692232012748718,
                    3.9070637226104736
                ],
