{
    "class": "02958343",
    "model": "4eeac6360031021b8141ca5f94f1242d",
    "remove_doubles": true,
    "edge_split": true,
    "denoise": true,
    "camera_angle_x": 0.6911112070083618,
    "scale_factor": 2.2683426885321794,
    "hdri_file": "/data/IndoorHDRDataset2018/9C4A0190-fdd2f9a709.exr",
    "center_offset": [
        0.0,
        0.0,
        -3.725290298461914e-09
    ],
    "lights": [],
    "frames": [
        {
            "file_path": "/data/shapenet_blender/all_50_random/02958343/4eeac6360031021b8141ca5f94f1242d/r_0",
            "rotation": 0.12566370614359174,
            "transform_matrix": [
                [
                    -0.26783615350723267,
                    -0.7764535546302795,
                    0.5704240202903748,
                    2.299452781677246
                ],
                [
                    0.9634644985198975,
                    -0.21584847569465637,
                    0.15857374668121338,
                    0.6392312049865723
                ],
                [
                    7.450580596923828e-09,
                    0.5920550227165222,
                    0.8058975338935852,
                    3.2486767768859863
                ],
                [
                    0.0,
                    0.0,
                    0.0,
                    1.0
                ]
            ]
        },
        {
            "file_path": "/data/shapenet_blender/all_50_random/02958343/4eeac6360031021b8141ca5f94f1242d/r_1",
            "rotation": 0.12566370614359174,
            "transform_matrix": [
                [
                    0.7257220149040222,
                    -0.5894184112548828,
                    0.354842871427536,
                    1.4304174184799194
                ],
                [
                    0.6879881024360657,
                    0.6217460632324219,
                    -0.3743048310279846,
                    -1.508871078491211
                ],
                [
                    0.0,
                    0.5157687664031982,
                    0.8567277193069458,
                    3.453579902648926
                ],
                [
                    0.0,
                    0.0,
                    0.0,
                    1.0
                ]
            ]
        },
        {
            "file_path": "/data/shapenet_blender/all_50_random/02958343/4eeac6360031021b8141ca5f94f1242d/r_2",
            "rotation": 0.12566370614359174,
            "transform_matrix": [
                [
                    0.42759889364242554,
                    0.05741334706544876,
                    -0.9021434187889099,
                    -3.6366567611694336
                ],
                [
                    -0.9039686322212219,
                    0.027157895267009735,
                    -0.4267355501651764,
                    -1.7202261686325073
                ],
                [
                    0.0,
                    0.9979810118675232,
                    0.06351254135370255,
                    0.2560272812843323
                ],
                [
                    0.0,
                    0.0,
                    0.0,
                    1.0
                ]
            ]
        },
        {
            "file_path": "/data/shapenet_blender/all_50_random/02958343/4eeac6360031021b8141ca5f94f1242d/r_3",
            "rotation": 0.12566370614359174,
            "transform_matrix": [
                [
                    -0.12649115920066833,
                    0.32769128680229187,
                    0.9362789988517761,
                    3.774261474609375
                ],
                [
                    0.9919676780700684,
                    0.04178569093346596,
                    0.11939001083374023,
                    0.4812765419483185
                ],
                [
                    0.0,
                    0.9438603520393372,
                    -0.33034470677375793,
                    -1.3316620588302612
                ],
                [
                    0.0,
                    0.0,
                    0.0,
                    1.0
                ]
            ]
        },
        {
            "file_path": "/data/shapenet_blender/all_50_random/02958343/4eeac6360031021b8141ca5f94f1242d/r_4",
            "rotation": 0.12566370614359174,
            "transform_matrix": [
                [
                    0.13206052780151367,
                    -0.7286046743392944,
                    0.672082781791687,
                    2.70925235748291
                ],
                [
                    0.9912416934967041,
                    0.09707009047269821,
                    -0.08953982591629028,
                    -0.3609465956687927
                ],
                [
                    0.0,
                    0.6780211925506592,
                    0.73504239320755,
                    2.963050603866577
                ],
                [
                    0.0,
                    0.0,
                    0.0,
                    1.0
                ]
            ]
        },
        {
            "file_path": "/data/shapenet_blender/all_50_random/02958343/4eeac6360031021b8141ca5f94f1242d/r_5",
            "rotation": 0.12566370614359174,
            "transform_matrix": [
                [
                    -0.8615092635154724,
                    0.20428338646888733,
                    0.4648333489894867,
                    1.8738031387329102
                ],
                [
                    0.5077418088912964,
                    0.3466171622276306,
                    0.7887044548988342,
                    3.1793694496154785
                ],
                [
                    -1.4901161193847656e-08,
                    0.91549152135849,
                    -0.40233710408210754,
                    -1.6218727827072144
                ],
                [
                    0.0,
                    0.0,
                    0.0,
                    1.0
                ]
            ]
        },
        {
            "file_path": "/data/shapenet_blender/all_50_random/02958343/4eeac6360031021b8141ca5f94f1242d/r_6",
            "rotation": 0.12566370614359174,
            "transform_matrix": [
                [
                    -0.01582484319806099,
                    -0.9321582913398743,
                    -0.36170506477355957,
                    -1.4580798149108887
                ],
                [
                    -0.9998748302459717,
                    0.01475310605019331,
                    0.005724642425775528,
                    0.023076772689819336
                ],
                [
                    0.0,
                    0.3617503046989441,
                    -0.9322748780250549,
                    -3.758120536804199
                ],
                [
                    0.0,
                    0.0,
                    0.0,
                    1.0
                ]
            ]
        },
        {
            "file_path": "/data/shapenet_blender/all_50_random/02958343/4eeac6360031021b8141ca5f94f1242d/r_7",
            "rotation": 0.12566370614359174,
            "transform_matrix": [
                [
                    -0.015417790040373802,
                    0.41737255454063416,
                    0.9086045622825623,
                    3.6627023220062256
                ],
                [
                    0.9998811483383179,
                    0.0064357272349298,
                    0.014010339044034481,
                    0.056477487087249756
                ],
                [
                    0.0,
                    0.9087125062942505,
                    -0.41742217540740967,
                    -1.682682752609253
                ],
                [
                    0.0,
                    0.0,
                    0.0,
                    1.0
                ]
            ]
        },
        {
            "file_path": "/data/shapenet_blender/all_50_random/02958343/4eeac6360031021b8141ca5f94f1242d/r_8",
            "rotation": 0.12566370614359174,
            "transform_matrix": [
                [
                    -0.8168166279792786,
                    0.4015633165836334,
                    0.41419491171836853,
                    1.6696728467941284
                ],
                [
                    0.5768972635269165,
                    0.5685650110244751,
                    0.5864498019218445,
                    2.3640544414520264
                ],
                [
                    0.0,
                    0.7179697751998901,
                    -0.6960742473602295,
                    -2.805964708328247
                ],
                [
                    0.0,
                    0.0,
                    0.0,
                    1.0
                ]
            ]
        },
        {
            "file_path": "/data/shapenet_blender/all_50_random/02958343/4eeac6360031021b8141ca5f94f1242d/r_9",
            "rotation": 0.12566370614359174,
            "transform_matrix": [
                [
                    -0.9963585138320923,
                    0.07507003843784332,
                    0.04042647406458855,
                    0.162964329123497
                ],
                [
                    0.085263192653656,
                    0.8772445321083069,
                    0.4724109172821045,
                    1.9043493270874023
                ],
                [
                    3.725290742551124e-09,
                    0.47413745522499084,
                    -0.8804507851600647,
                    -3.549210548400879
                ],
                [
                    0.0,
                    0.0,
                    0.0,
                    1.0
                ]
            ]
        },
        {
            "file_path": "/data/shapenet_blender/all_50_random/02958343/4eeac6360031021b8141ca5f94f1242d/r_10",
            "rotation": 0.12566370614359174,
            "transform_matrix": [
                [
                    -0.6221555471420288,
                    -0.6512852311134338,
                    0.4344536066055298,
                    1.7513384819030762
                ],
                [
                    0.7828935980796814,
                    -0.517568051815033,
                    0.34525471925735474,
                    1.3917663097381592
                ],
                [
                    1.4901161193847656e-08,
                    0.5549331307411194,
                    0.8318949341773987,
                    3.35347580909729
                ],
                [
                    0.0,
                    0.0,
                    0.0,
                    1.0
                ]
            ]
        },
        {
            "file_path": "/data/shapenet_blender/all_50_random/02958343/4eeac6360031021b8141ca5f94f1242d/r_11",
            "rotation": 0.12566370614359174,
            "transform_matrix": [
                [
                    0.10115103423595428,
                    0.5998366475105286,
                    0.7937029600143433,
                    3.199519157409668
                ],
                [
                    0.9948710799217224,
                    -0.060986895114183426,
                    -0.08069775998592377,
                    -0.3253031075000763
                ],
                [
                    3.725290298461914e-09,
                    0.7977946996688843,
                    -0.6029289960861206,
                    -2.4304847717285156
                ],
                [
                    0.0,
                    0.0,
                    0.0,
                    1.0
                ]
            ]
        },
        {
            "file_path": "/data/shapenet_blender/all_50_random/02958343/4eeac6360031021b8141ca5f94f1242d/r_12",
            "rotation": 0.12566370614359174,
            "transform_matrix": [
                [
                    0.9748223423957825,
                    -0.17530792951583862,
                    -0.13779886066913605,
                    -0.55548495054245
                ],
                [
                    -0.2229829579591751,
                    -0.7663998007774353,
                    -0.6024200916290283,
                    -2.4284329414367676
                ],
                [
                    0.0,
                    0.6179792881011963,
                    -0.7861943244934082,
                    -3.16925048828125
                ],
                [
                    0.0,
                    0.0,
                    0.0,
                    1.0
                ]
            ]
        },
        {
            "file_path": "/data/shapenet_blender/all_50_random/02958343/4eeac6360031021b8141ca5f94f1242d/r_13",
            "rotation": 0.12566370614359174,
            "transform_matrix": [
                [
                    0.1323460042476654,
                    -0.9410831928253174,
                    0.31120216846466064,
                    1.2544960975646973
                ],
                [
                    0.9912036657333374,
                    0.12565389275550842,
                    -0.0415518693625927,
                    -0.16750094294548035
                ],
                [
                    0.0,
                    0.31396380066871643,
                    0.9494349360466003,
                    3.8272945880889893
                ],
                [
                    0.0,
                    0.0,
                    0.0,
                    1.0
                ]
            ]
        },
        {
            "file_path": "/data/shapenet_blender/all_50_random/02958343/4eeac6360031021b8141ca5f94f1242d/r_14",
            "rotation": 0.12566370614359174,
            "transform_matrix": [
                [
                    0.9153172373771667,
                    0.1857781708240509,
                    0.3573245406150818,
                    1.4404213428497314
                ],
                [
                    0.4027336537837982,
                    -0.4222293794155121,
                    -0.8121132254600525,
                    -3.273733139038086
                ],
                [
                    1.4901161193847656e-08,
                    0.8872478604316711,
                    -0.46129292249679565,
                    -1.859531283378601
                ],
                [
                    0.0,
                    0.0,
                    0.0,
                    1.0
                ]
            ]
        },
        {
            "file_path": "/data/shapenet_blender/all_50_random/02958343/4eeac6360031021b8141ca5f94f1242d/r_15",
            "rotation": 0.12566370614359174,
            "transform_matrix": [
                [
                    0.6849270462989807,
                    -0.43631812930107117,
                    0.5835249423980713,
                    2.352264404296875
                ],
                [
                    0.7286116480827332,
                    0.4101582467556,
                    -0.5485391020774841,
                    -2.2112321853637695
                ],
                [
                    -1.4901162970204496e-08,
                    0.8008723855018616,
                    0.5988349318504333,
                    2.4139809608459473
                ],
                [
                    0.0,
                    0.0,
                    0.0,
                    1.0
                ]
            ]
        },
        {
            "file_path": "/data/shapenet_blender/all_50_random/02958343/4eeac6360031021b8141ca5f94f1242d/r_16",
            "rotation": 0.12566370614359174,
            "transform_matrix": [
                [
                    0.17920507490634918,
                    -0.3886658549308777,
                    0.90378338098526,
                    3.6432673931121826
                ],
                [
                    0.9838117361068726,
                    0.07079696655273438,
                    -0.16462759673595428,
                    -0.6636350750923157
                ],
                [
                    0.0,
                    0.91865473985672,
                    0.3950612246990204,
                    1.5925427675247192
                ],
                [
                    0.0,
                    0.0,
                    0.0,
                    1.0
                ]
            ]
        },
        {
            "file_path": "/data/shapenet_blender/all_50_random/02958343/4eeac6360031021b8141ca5f94f1242d/r_17",
            "rotation": 0.12566370614359174,
            "transform_matrix": [
                [
                    0.3013237416744232,
                    0.34360527992248535,
                    0.8894600868225098,
                    3.585528612136841
                ],
                [
                    0.9535219669342041,
                    -0.10858316719532013,
                    -0.2810794711112976,
                    -1.1330677270889282
                ],
                [
                    0.0,
                    0.932815670967102,
                    -0.36035382747650146,
                    -1.4526329040527344
                ],
                [
                    0.0,
                    0.0,
                    0.0,
                    1.0
                ]
            ]
        },
        {
            "file_path": "/data/shapenet_blender/all_50_random/02958343/4eeac6360031021b8141ca5f94f1242d/r_18",
            "rotation": 0.12566370614359174,
            "transform_matrix": [
                [
                    -0.04565223678946495,
                    -0.17849765717983246,
                    -0.9828807711601257,
                    -3.962118625640869
                ],
                [
                    -0.9989574551582336,
                    0.008157321251928806,
                    0.04491753503680229,
                    0.18106836080551147
                ],
                [
                    -9.313225746154785e-10,
                    0.9839065074920654,
                    -0.17868395149707794,
                    -0.7202979326248169
                ],
                [
                    0.0,
                    0.0,
                    0.0,
                    1.0
                ]
            ]
        },
        {
            "file_path": "/data/shapenet_blender/all_50_random/02958343/4eeac6360031021b8141ca5f94f1242d/r_19",
            "rotation": 0.12566370614359174,
            "transform_matrix": [
                [
                    0.8304005265235901,
                    -0.3317071795463562,
                    0.4476664364337921,
                    1.8046011924743652
                ],
                [
                    0.5571668744087219,
                    0.4943757951259613,
                    -0.6672012805938721,
                    -2.689574718475342
                ],
                [
                    1.4901161193847656e-08,
                    0.8034692406654358,
                    0.5953460931777954,
                    2.3999171257019043
                ],
                [
                    0.0,
                    0.0,
                    0.0,
                    1.0
                ]
            ]
        },
        {
            "file_path": "/data/shapenet_blender/all_50_random/02958343/4eeac6360031021b8141ca5f94f1242d/r_20",
            "rotation": 0.12566370614359174,
            "transform_matrix": [
                [
                    -0.009760039858520031,
                    -0.2841322124004364,
                    0.9587353467941284,
                    3.864786148071289
                ],
                [
                    0.9999524354934692,
                    -0.002773273503407836,
                    0.009357740171253681,
                    0.037722259759902954
                ],
                [
                    -2.3283067140944524e-10,
                    0.9587810039520264,
                    0.2841457426548004,
                    1.1454282999038696
                ],
                [
                    0.0,
                    0.0,
                    0.0,
                    1.0
                ]
            ]
        },
        {
            "file_path": "/data/shapenet_blender/all_50_random/02958343/4eeac6360031021b8141ca5f94f1242d/r_21",
            "rotation": 0.12566370614359174,
            "transform_matrix": [
                [
                    -0.9782163500785828,
                    -0.03122803382575512,
                    0.20522619783878326,
                    0.8272932767868042
                ],
                [
                    0.2075885385274887,
                    -0.14715541899204254,
                    0.9670844078063965,
                    3.898442029953003
                ],
                [
                    3.725290742551124e-09,
                    0.9886203408241272,
                    0.15043237805366516,
                    0.6064122915267944
                ],
                [
                    0.0,
                    0.0,
                    0.0,
                    1.0
                ]
            ]
        },
        {
            "file_path": "/data/shapenet_blender/all_50_random/02958343/4eeac6360031021b8141ca5f94f1242d/r_22",
            "rotation": 0.12566370614359174,
            "transform_matrix": [
                [
                    -0.9081531167030334,
                    -0.02994626760482788,
                    -0.41756588220596313,
                    -1.6832618713378906
                ],
                [
                    -0.4186383783817291,
                    0.06496250629425049,
                    0.9058265686035156,
                    3.651503801345825
                ],
                [
                    1.862645149230957e-09,
                    0.997438371181488,
                    -0.07153254002332687,
                    -0.2883569002151489
                ],
                [
                    0.0,
                    0.0,
                    0.0,
                    1.0
                ]
            ]
        },
        {
            "file_path": "/data/shapenet_blender/all_50_random/02958343/4eeac6360031021b8141ca5f94f1242d/r_23",
            "rotation": 0.12566370614359174,
            "transform_matrix": [
                [
                    -0.1353975087404251,
                    -0.1522524207830429,
                    -0.9790233373641968,
                    -3.9465692043304443
                ],
                [
                    -0.990791380405426,
                    0.020806197077035904,
                    0.13378934562206268,
                    0.5393220782279968
                ],
                [
                    1.862645149230957e-09,
                    0.9881225228309631,
                    -0.15366749465465546,
                    -0.619453489780426
                ],
                [
                    0.0,
                    0.0,
                    0.0,
                    1.0
                ]
            ]
        },
        {
            "file_path": "/data/shapenet_blender/all_50_random/02958343/4eeac6360031021b8141ca5f94f1242d/r_24",
            "rotation": 0.12566370614359174,
            "transform_matrix": [
                [
                    0.8384735584259033,
                    0.42707034945487976,
                    -0.33848655223846436,
                    -1.3644828796386719
                ],
                [
                    -0.5449424982070923,
                    0.6571100354194641,
                    -0.5208109617233276,
                    -2.0994560718536377
                ],
                [
                    0.0,
                    0.6211418509483337,
                    0.7836981415748596,
                    3.1591882705688477
                ],
                [
                    0.0,
                    0.0,
                    0.0,
                    1.0
                ]
            ]
        },
        {
            "file_path": "/data/shapenet_blender/all_50_random/02958343/4eeac6360031021b8141ca5f94f1242d/r_25",
            "rotation": 0.12566370614359174,
            "transform_matrix": [
                [
                    -0.9986470341682434,
                    -0.005729523953050375,
                    -0.05168423056602478,
                    -0.20834577083587646
                ],
                [
                    -0.05200083553791046,
                    0.11003231257200241,
                    0.9925668239593506,
                    4.001164436340332
                ],
                [
                    0.0,
                    0.9939113259315491,
                    -0.11018141359090805,
                    -0.44415542483329773
                ],
                [
                    0.0,
                    0.0,
                    0.0,
                    1.0
                ]
            ]
        },
        {
            "file_path": "/data/shapenet_blender/all_50_random/02958343/4eeac6360031021b8141ca5f94f1242d/r_26",
            "rotation": 0.12566370614359174,
            "transform_matrix": [
                [
                    -0.5269790291786194,
                    -0.12291662395000458,
                    0.8409425616264343,
                    3.3899481296539307
                ],
                [
                    0.849878191947937,
                    -0.0762161985039711,
                    0.5214383602142334,
                    2.101985454559326
                ],
                [
                    0.0,
                    0.989486038684845,
                    0.14462848007678986,
                    0.5830160975456238
                ],
                [
                    0.0,
                    0.0,
                    0.0,
                    1.0
                ]
            ]
        },
        {
            "file_path": "/data/shapenet_blender/all_50_random/02958343/4eeac6360031021b8141ca5f94f1242d/r_27",
            "rotation": 0.12566370614359174,
            "transform_matrix": [
                [
                    0.979459822177887,
                    -0.161981001496315,
                    -0.12008532881736755,
                    -0.4840794801712036
                ],
                [
                    -0.20163913071155548,
                    -0.7868210077285767,
                    -0.5833131670951843,
                    -2.3514108657836914
                ],
                [
                    0.0,
                    0.595545768737793,
                    -0.8033212423324585,
                    -3.2382917404174805
                ],
                [
                    0.0,
                    0.0,
                    0.0,
                    1.0
                ]
            ]
        },
        {
            "file_path": "/data/shapenet_blender/all_50_random/02958343/4eeac6360031021b8141ca5f94f1242d/r_28",
            "rotation": 0.12566370614359174,
            "transform_matrix": [
                [
                    -0.8939929604530334,
                    -0.302257776260376,
                    0.330782413482666,
                    1.333426594734192
                ],
                [
                    0.44808125495910645,
                    -0.603052020072937,
                    0.6599631905555725,
                    2.6603968143463135
                ],
                [
                    -1.4901162970204496e-08,
                    0.7382197976112366,
                    0.6745602488517761,
                    2.7192392349243164
                ],
                [
                    0.0,
                    0.0,
                    0.0,
                    1.0
                ]
            ]
        },
        {
            "file_path": "/data/shapenet_blender/all_50_random/02958343/4eeac6360031021b8141ca5f94f1242d/r_29",
            "rotation": 0.12566370614359174,
            "transform_matrix": [
                [
                    -0.9956125617027283,
                    -0.050576962530612946,
                    0.07872503250837326,
                    0.31735074520111084
                ],
                [
                    0.09357168525457382,
                    -0.5381442308425903,
                    0.8376425504684448,
                    3.376645088195801
                ],
                [
                    7.450580596923828e-09,
                    0.8413337469100952,
                    0.5405157208442688,
                    2.1788885593414307
                ],
                [
                    0.0,
                    0.0,
                    0.0,
                    1.0
                ]
            ]
        },
        {
            "file_path": "/data/shapenet_blender/all_50_random/02958343/4eeac6360031021b8141ca5f94f1242d/r_30",
            "rotation": 0.12566370614359174,
            "transform_matrix": [
                [
                    0.8009747862815857,
                    -0.056955527514219284,
                    0.5959827899932861,
                    2.4024834632873535
                ],
                [
                    0.5986981391906738,
                    0.07619857043027878,
                    -0.79734206199646,
                    -3.214188575744629
                ],
                [
                    0.0,
                    0.9954646825790405,
                    0.09513229876756668,
                    0.38349056243896484
                ],
                [
                    0.0,
                    0.0,
                    0.0,
                    1.0
                ]
            ]
        },
        {
            "file_path": "/data/shapenet_blender/all_50_random/02958343/4eeac6360031021b8141ca5f94f1242d/r_31",
            "rotation": 0.12566370614359174,
            "transform_matrix": [
                [
                    0.1699405461549759,
                    0.2763625681400299,
                    0.9459090232849121,
                    3.8130815029144287
                ],
                [
                    0.9854543209075928,
                    -0.04765843227505684,
                    -0.16312099993228912,
                    -0.6575618386268616
                ],
                [
                    0.0,
                    0.9598709940910339,
                    -0.2804417610168457,
                    -1.1304969787597656
                ],
                [
                    0.0,
                    0.0,
                    0.0,
                    1.0
                ]
            ]
        },
        {
            "file_path": "/data/shapenet_blender/all_50_random/02958343/4eeac6360031021b8141ca5f94f1242d/r_32",
            "rotation": 0.12566370614359174,
            "transform_matrix": [
                [
                    -0.8486288189888,
                    -0.07137145847082138,
                    -0.5241517424583435,
                    -2.1129233837127686
                ],
                [
                    -0.5289885997772217,
                    0.11449749767780304,
                    0.8408693671226501,
                    3.389652967453003
                ],
                [
                    -7.4505792646561986e-09,
                    0.9908564686775208,
                    -0.13492056727409363,
                    -0.5438822507858276
                ],
                [
                    0.0,
                    0.0,
                    0.0,
                    1.0
                ]
            ]
        },
        {
            "file_path": "/data/shapenet_blender/all_50_random/02958343/4eeac6360031021b8141ca5f94f1242d/r_33",
            "rotation": 0.12566370614359174,
            "transform_matrix": [
                [
                    0.9946450591087341,
                    0.04683525860309601,
                    0.09212823212146759,
                    0.3713807761669159
                ],
                [
                    0.10334966331720352,
                    -0.4507461488246918,
                    -0.8866491913795471,
                    -3.574197292327881
                ],
                [
                    0.0,
                    0.8914228081703186,
                    -0.4531727433204651,
                    -1.8267977237701416
                ],
                [
                    0.0,
                    0.0,
                    0.0,
                    1.0
                ]
            ]
        },
        {
            "file_path": "/data/shapenet_blender/all_50_random/02958343/4eeac6360031021b8141ca5f94f1242d/r_34",
            "rotation": 0.12566370614359174,
            "transform_matrix": [
                [
                    0.09263912588357925,
                    -0.03620418161153793,
                    0.9950413107872009,
                    4.011139869689941
                ],
                [
                    0.9956997036933899,
                    0.003368408652022481,
                    -0.09257786720991135,
                    -0.37319332361221313
                ],
                [
                    0.0,
                    0.9993387460708618,
                    0.03636053949594498,
                    0.1465740203857422
                ],
                [
                    0.0,
                    0.0,
                    0.0,
                    1.0
                ]
            ]
        },
        {
            "file_path": "/data/shapenet_blender/all_50_random/02958343/4eeac6360031021b8141ca5f94f1242d/r_35",
            "rotation": 0.12566370614359174,
            "transform_matrix": [
                [
                    0.005186361260712147,
                    0.9017556309700012,
                    0.4322149455547333,
                    1.742314338684082
                ],
                [
                    0.9999866485595703,
                    -0.004676892887800932,
                    -0.0022416526917368174,
                    -0.009036391973495483
                ],
                [
                    0.0,
                    0.4322206676006317,
                    -0.9017677307128906,
                    -3.6351423263549805
                ],
                [
                    0.0,
                    0.0,
                    0.0,
                    1.0
                ]
            ]
        },
        {
            "file_path": "/data/shapenet_blender/all_50_random/02958343/4eeac6360031021b8141ca5f94f1242d/r_36",
            "rotation": 0.12566370614359174,
            "transform_matrix": [
                [
                    0.6826099753379822,
                    -0.010222319513559341,
                    0.7307113409042358,
                    2.945591688156128
                ],
                [
                    0.7307828664779663,
                    0.009548468515276909,
                    -0.682543158531189,
                    -2.7514195442199707
                ],
                [
                    0.0,
                    0.9999021887779236,
                    0.013988175429403782,
                    0.056388139724731445
                ],
                [
                    0.0,
                    0.0,
                    0.0,
                    1.0
                ]
            ]
        },
        {
            "file_path": "/data/shapenet_blender/all_50_random/02958343/4eeac6360031021b8141ca5f94f1242d/r_37",
            "rotation": 0.12566370614359174,
            "transform_matrix": [
                [
                    -0.9978006482124329,
                    -0.005540698301047087,
                    -0.06605496257543564,
                    -0.2662760615348816
                ],
                [
                    -0.06628693640232086,
                    0.08340273797512054,
                    0.9943087697029114,
                    4.0081868171691895
                ],
                [
                    -4.656613428188905e-10,
                    0.9965004920959473,
                    -0.08358657360076904,
                    -0.3369482457637787
                ],
                [
                    0.0,
                    0.0,
                    0.0,
                    1.0
                ]
            ]
        },
        {
            "file_path": "/data/shapenet_blender/all_50_random/02958343/4eeac6360031021b8141ca5f94f1242d/r_38",
            "rotation": 0.12566370614359174,
            "transform_matrix": [
                [
                    0.21235467493534088,
                    0.10216370970010757,
                    -0.9718374013900757,
                    -3.917602062225342
                ],
                [
                    -0.9771926999092102,
                    0.022201290354132652,
                    -0.21119089424610138,
                    -0.8513377904891968
                ],
                [
                    -1.862645149230957e-09,
                    0.9945197701454163,
                    0.10454817116260529,
                    0.42144718766212463
                ],
                [
                    0.0,
                    0.0,
                    0.0,
                    1.0
                ]
            ]
        },
        {
            "file_path": "/data/shapenet_blender/all_50_random/02958343/4eeac6360031021b8141ca5f94f1242d/r_39",
            "rotation": 0.12566370614359174,
            "transform_matrix": [
                [
                    0.881095290184021,
                    0.2843460440635681,
                    -0.3779131770133972,
                    -1.5234166383743286
                ],
                [
                    -0.47293877601623535,
                    0.5297428965568542,
                    -0.7040605545043945,
                    -2.8381588459014893
                ],
                [
                    -1.4901161193847656e-08,
                    0.7990741729736328,
                    0.6012323498725891,
                    2.42364501953125
                ],
                [
                    0.0,
                    0.0,
                    0.0,
                    1.0
                ]
            ]
        },
        {
            "file_path": "/data/shapenet_blender/all_50_random/02958343/4eeac6360031021b8141ca5f94f1242d/r_40",
            "rotation": 0.12566370614359174,
            "transform_matrix": [
                [
                    -0.9297858476638794,
                    0.22398726642131805,
                    -0.2921096980571747,
                    -1.1775319576263428
                ],
                [
                    -0.3681010901927948,
                    -0.5657690167427063,
                    0.7378393411636353,
                    2.974325656890869
                ],
                [
                    0.0,
                    0.7935584783554077,
                    0.6084939241409302,
                    2.4529178142547607
                ],
                [
                    0.0,
                    0.0,
                    0.0,
                    1.0
                ]
            ]
        },
        {
            "file_path": "/data/shapenet_blender/all_50_random/02958343/4eeac6360031021b8141ca5f94f1242d/r_41",
            "rotation": 0.12566370614359174,
            "transform_matrix": [
                [
                    -0.5965030789375305,
                    0.5614545345306396,
                    -0.5735440254211426,
                    -2.312030076980591
                ],
                [
                    -0.8026108145713806,
                    -0.41727495193481445,
                    0.4262598752975464,
                    1.718308687210083
                ],
                [
                    -1.4901161193847656e-08,
