{
    "class": "02958343",
    "model": "44c278891ddcab2dc0e3666c7d0ec7d0",
    "remove_doubles": true,
    "edge_split": true,
    "denoise": true,
    "camera_angle_x": 0.6911112070083618,
    "scale_factor": 2.278522072125968,
    "hdri_file": "/data/IndoorHDRDataset2018/AG8A0630-e5622e17d2.exr",
    "center_offset": [
        0.0,
        0.0,
        -1.862645149230957e-09
    ],
    "lights": [],
    "frames": [
        {
            "file_path": "/data/shapenet_blender/all_50_random/02958343/44c278891ddcab2dc0e3666c7d0ec7d0/r_0",
            "rotation": 0.12566370614359174,
            "transform_matrix": [
                [
                    0.06515926867723465,
                    0.995472252368927,
                    -0.06920552253723145,
                    -0.2789763808250427
                ],
                [
                    -0.9978748559951782,
                    0.06500238925218582,
                    -0.004518984816968441,
                    -0.018216609954833984
                ],
                [
                    0.0,
                    0.06935249269008636,
                    0.9975922107696533,
                    4.021422863006592
                ],
                [
                    0.0,
                    0.0,
                    0.0,
                    1.0
                ]
            ]
        },
        {
            "file_path": "/data/shapenet_blender/all_50_random/02958343/44c278891ddcab2dc0e3666c7d0ec7d0/r_1",
            "rotation": 0.12566370614359174,
            "transform_matrix": [
                [
                    0.29078999161720276,
                    0.5201607346534729,
                    -0.8030405044555664,
                    -3.237159490585327
                ],
                [
                    -0.9567869305610657,
                    0.1580890566110611,
                    -0.2440628856420517,
                    -0.9838488698005676
                ],
                [
                    -1.4901160305669237e-08,
                    0.8393096923828125,
                    0.543653666973114,
                    2.191537857055664
                ],
                [
                    0.0,
                    0.0,
                    0.0,
                    1.0
                ]
            ]
        },
        {
            "file_path": "/data/shapenet_blender/all_50_random/02958343/44c278891ddcab2dc0e3666c7d0ec7d0/r_2",
            "rotation": 0.12566370614359174,
            "transform_matrix": [
                [
                    -0.14300638437271118,
                    -0.5322507619857788,
                    0.8344208598136902,
                    3.3636581897735596
                ],
                [
                    0.9897217750549316,
                    -0.07690571993589401,
                    0.12056673318147659,
                    0.4860200583934784
                ],
                [
                    0.0,
                    0.8430862426757812,
                    0.5377781987190247,
                    2.167853355407715
                ],
                [
                    0.0,
                    0.0,
                    0.0,
                    1.0
                ]
            ]
        },
        {
            "file_path": "/data/shapenet_blender/all_50_random/02958343/44c278891ddcab2dc0e3666c7d0ec7d0/r_3",
            "rotation": 0.12566370614359174,
            "transform_matrix": [
                [
                    -0.3610452711582184,
                    -0.2949439287185669,
                    0.884677529335022,
                    3.566249132156372
                ],
                [
                    0.9325482845306396,
                    -0.11419045925140381,
                    0.3425116539001465,
                    1.3807086944580078
                ],
                [
                    7.450580596923828e-09,
                    0.9486667513847351,
                    0.316277414560318,
                    1.2749550342559814
                ],
                [
                    0.0,
                    0.0,
                    0.0,
                    1.0
                ]
            ]
        },
        {
            "file_path": "/data/shapenet_blender/all_50_random/02958343/44c278891ddcab2dc0e3666c7d0ec7d0/r_4",
            "rotation": 0.12566370614359174,
            "transform_matrix": [
                [
                    -0.9971122145652771,
                    0.0048292274586856365,
                    -0.0757879912853241,
                    -0.3055112063884735
                ],
                [
                    -0.07594169676303864,
                    -0.06340759992599487,
                    0.9950939416885376,
                    4.0113525390625
                ],
                [
                    4.656612873077393e-10,
                    0.9979759454727173,
                    0.06359122693538666,
                    0.2563444674015045
                ],
                [
                    0.0,
                    0.0,
                    0.0,
                    1.0
                ]
            ]
        },
        {
            "file_path": "/data/shapenet_blender/all_50_random/02958343/44c278891ddcab2dc0e3666c7d0ec7d0/r_5",
            "rotation": 0.12566370614359174,
            "transform_matrix": [
                [
                    -0.3619835376739502,
                    0.3283141553401947,
                    -0.8724549412727356,
                    -3.5169785022735596
                ],
                [
                    -0.9321844577789307,
                    -0.12749013304710388,
                    0.33878952264785767,
                    1.3657044172286987
                ],
                [
                    0.0,
                    0.9359252452850342,
                    0.35219866037368774,
                    1.4197583198547363
                ],
                [
                    0.0,
                    0.0,
                    0.0,
                    1.0
                ]
            ]
        },
        {
            "file_path": "/data/shapenet_blender/all_50_random/02958343/44c278891ddcab2dc0e3666c7d0ec7d0/r_6",
            "rotation": 0.12566370614359174,
            "transform_matrix": [
                [
                    0.806327760219574,
                    -0.41339969635009766,
                    -0.4230085015296936,
                    -1.7052018642425537
                ],
                [
                    -0.5914689302444458,
                    -0.5635724663734436,
                    -0.576671838760376,
                    -2.324638605117798
                ],
                [
                    0.0,
                    0.7151828408241272,
                    -0.6989372968673706,
                    -2.8175063133239746
                ],
                [
                    0.0,
                    0.0,
                    0.0,
                    1.0
                ]
            ]
        },
        {
            "file_path": "/data/shapenet_blender/all_50_random/02958343/44c278891ddcab2dc0e3666c7d0ec7d0/r_7",
            "rotation": 0.12566370614359174,
            "transform_matrix": [
                [
                    -0.5698517560958862,
                    -0.3401314616203308,
                    -0.7480505108833313,
                    -3.0154879093170166
                ],
                [
                    -0.8217476010322571,
                    0.2358686625957489,
                    0.5187455415725708,
                    2.091130256652832
                ],
                [
                    -1.4901161193847656e-08,
                    0.9103167653083801,
                    -0.4139123558998108,
                    -1.6685340404510498
                ],
                [
                    0.0,
                    0.0,
                    0.0,
                    1.0
                ]
            ]
        },
        {
            "file_path": "/data/shapenet_blender/all_50_random/02958343/44c278891ddcab2dc0e3666c7d0ec7d0/r_8",
            "rotation": 0.12566370614359174,
            "transform_matrix": [
                [
                    0.6606164574623108,
                    0.30156564712524414,
                    0.6874911189079285,
                    2.771365165710449
                ],
                [
                    0.7507235407829285,
                    -0.26536962389945984,
                    -0.6049736142158508,
                    -2.4387266635894775
                ],
                [
                    0.0,
                    0.9157713651657104,
                    -0.401699960231781,
                    -1.6193042993545532
                ],
                [
                    0.0,
                    0.0,
                    0.0,
                    1.0
                ]
            ]
        },
        {
            "file_path": "/data/shapenet_blender/all_50_random/02958343/44c278891ddcab2dc0e3666c7d0ec7d0/r_9",
            "rotation": 0.12566370614359174,
            "transform_matrix": [
                [
                    -0.25952982902526855,
                    0.13482192158699036,
                    0.9562777876853943,
                    3.854879140853882
                ],
                [
                    0.9657350778579712,
                    0.036231789737939835,
                    0.2569882869720459,
                    1.0359529256820679
                ],
                [
                    0.0,
                    0.9902071356773376,
                    -0.13960549235343933,
                    -0.562767744064331
                ],
                [
                    0.0,
                    0.0,
                    0.0,
                    1.0
                ]
            ]
        },
        {
            "file_path": "/data/shapenet_blender/all_50_random/02958343/44c278891ddcab2dc0e3666c7d0ec7d0/r_10",
            "rotation": 0.12566370614359174,
            "transform_matrix": [
                [
                    -0.992353618144989,
                    0.0338217131793499,
                    0.11870284378528595,
                    0.47850650548934937
                ],
                [
                    0.12342721223831177,
                    0.27192625403404236,
                    0.9543697834014893,
                    3.8471879959106445
                ],
                [
                    0.0,
                    0.9617235064506531,
                    -0.2740215063095093,
                    -1.1046161651611328
                ],
                [
                    0.0,
                    0.0,
                    0.0,
                    1.0
                ]
            ]
        },
        {
            "file_path": "/data/shapenet_blender/all_50_random/02958343/44c278891ddcab2dc0e3666c7d0ec7d0/r_11",
            "rotation": 0.12566370614359174,
            "transform_matrix": [
                [
                    -0.6088573336601257,
                    0.38841864466667175,
                    0.6916818618774414,
                    2.7882585525512695
                ],
                [
                    0.793279767036438,
                    0.2981186807155609,
                    0.5308789610862732,
                    2.1400413513183594
                ],
                [
                    0.0,
                    0.8719267249107361,
                    -0.4896364212036133,
                    -1.9737873077392578
                ],
                [
                    0.0,
                    0.0,
                    0.0,
                    1.0
                ]
            ]
        },
        {
            "file_path": "/data/shapenet_blender/all_50_random/02958343/44c278891ddcab2dc0e3666c7d0ec7d0/r_12",
            "rotation": 0.12566370614359174,
            "transform_matrix": [
                [
                    0.2629723846912384,
                    0.6238293051719666,
                    -0.7359907031059265,
                    -2.9668736457824707
                ],
                [
                    -0.9648034572601318,
                    0.1700345128774643,
                    -0.2006058692932129,
                    -0.8086681962013245
                ],
                [
                    0.0,
                    0.7628401517868042,
                    0.6465870141983032,
                    2.606475830078125
                ],
                [
                    0.0,
                    0.0,
                    0.0,
                    1.0
                ]
            ]
        },
        {
            "file_path": "/data/shapenet_blender/all_50_random/02958343/44c278891ddcab2dc0e3666c7d0ec7d0/r_13",
            "rotation": 0.12566370614359174,
            "transform_matrix": [
                [
                    -0.5082023739814758,
                    0.5230823755264282,
                    0.6841893792152405,
                    2.7580556869506836
                ],
                [
                    0.8612377047538757,
                    0.30866241455078125,
                    0.40372905135154724,
                    1.62748384475708
                ],
                [
                    0.0,
                    0.7944257855415344,
                    -0.6073612570762634,
                    -2.4483516216278076
                ],
                [
                    0.0,
                    0.0,
                    0.0,
                    1.0
                ]
            ]
        },
        {
            "file_path": "/data/shapenet_blender/all_50_random/02958343/44c278891ddcab2dc0e3666c7d0ec7d0/r_14",
            "rotation": 0.12566370614359174,
            "transform_matrix": [
                [
                    0.8229053020477295,
                    0.3387543261051178,
                    -0.45614928007125854,
                    -1.8387967348098755
                ],
                [
                    -0.5681783556938171,
                    0.49062541127204895,
                    -0.6606511473655701,
                    -2.663170099258423
                ],
                [
                    -1.4901160305669237e-08,
                    0.8028275966644287,
                    0.5962111353874207,
                    2.4034042358398438
                ],
                [
                    0.0,
                    0.0,
                    0.0,
                    1.0
                ]
            ]
        },
        {
            "file_path": "/data/shapenet_blender/all_50_random/02958343/44c278891ddcab2dc0e3666c7d0ec7d0/r_15",
            "rotation": 0.12566370614359174,
            "transform_matrix": [
                [
                    0.7260847091674805,
                    -0.29970112442970276,
                    0.6188538670539856,
                    2.4946796894073486
                ],
                [
                    0.6876051425933838,
                    0.3164729177951813,
                    -0.6534860134124756,
                    -2.634286403656006
                ],
                [
                    0.0,
                    0.9000134468078613,
                    0.4358621835708618,
                    1.757016658782959
                ],
                [
                    0.0,
                    0.0,
                    0.0,
                    1.0
                ]
            ]
        },
        {
            "file_path": "/data/shapenet_blender/all_50_random/02958343/44c278891ddcab2dc0e3666c7d0ec7d0/r_16",
            "rotation": 0.12566370614359174,
            "transform_matrix": [
                [
                    -0.9847100973129272,
                    -0.10176071524620056,
                    -0.14138931035995483,
                    -0.5699585676193237
                ],
                [
                    -0.17420156300067902,
                    0.5752232670783997,
                    0.7992320656776428,
                    3.2218074798583984
                ],
                [
                    -7.450581485102248e-09,
                    0.8116419911384583,
                    -0.5841550827026367,
                    -2.354804515838623
                ],
                [
                    0.0,
                    0.0,
                    0.0,
                    1.0
                ]
            ]
        },
        {
            "file_path": "/data/shapenet_blender/all_50_random/02958343/44c278891ddcab2dc0e3666c7d0ec7d0/r_17",
            "rotation": 0.12566370614359174,
            "transform_matrix": [
                [
                    0.45491743087768555,
                    -0.7793319225311279,
                    0.43091970682144165,
                    1.7370928525924683
                ],
                [
                    0.8905336856842041,
                    0.3981114625930786,
                    -0.22012965381145477,
                    -0.8873710036277771
                ],
                [
                    0.0,
                    0.4838893711566925,
                    0.8751291632652283,
                    3.5277585983276367
                ],
                [
                    0.0,
                    0.0,
                    0.0,
                    1.0
                ]
            ]
        },
        {
            "file_path": "/data/shapenet_blender/all_50_random/02958343/44c278891ddcab2dc0e3666c7d0ec7d0/r_18",
            "rotation": 0.12566370614359174,
            "transform_matrix": [
                [
                    -0.15395180881023407,
                    -0.7157939076423645,
                    -0.6811298131942749,
                    -2.7457222938537598
                ],
                [
                    -0.9880784749984741,
                    0.11152734607458115,
                    0.10612635314464569,
                    0.4278090298175812
                ],
                [
                    7.450581485102248e-09,
                    0.689348042011261,
                    -0.72443026304245,
                    -2.9202721118927
                ],
                [
                    0.0,
                    0.0,
                    0.0,
                    1.0
                ]
            ]
        },
        {
            "file_path": "/data/shapenet_blender/all_50_random/02958343/44c278891ddcab2dc0e3666c7d0ec7d0/r_19",
            "rotation": 0.12566370614359174,
            "transform_matrix": [
                [
                    -0.9998149275779724,
                    -0.018474062904715538,
                    0.005361177958548069,
                    0.02161160111427307
                ],
                [
                    0.0192362479865551,
                    -0.9601999521255493,
                    0.27865028381347656,
                    1.1232753992080688
                ],
                [
                    -4.6566125955216364e-10,
                    0.27870190143585205,
                    0.96037757396698,
                    3.871406078338623
                ],
                [
                    0.0,
                    0.0,
                    0.0,
                    1.0
                ]
            ]
        },
        {
            "file_path": "/data/shapenet_blender/all_50_random/02958343/44c278891ddcab2dc0e3666c7d0ec7d0/r_20",
            "rotation": 0.12566370614359174,
            "transform_matrix": [
                [
                    0.9671804904937744,
                    -0.21603433787822723,
                    0.13375771045684814,
                    0.5391945838928223
                ],
                [
                    0.25409045815467834,
                    0.8223221302032471,
                    -0.5091409087181091,
                    -2.052412748336792
                ],
                [
                    -7.450580596923828e-09,
                    0.5264176726341248,
                    0.850226104259491,
                    3.427371025085449
                ],
                [
                    0.0,
                    0.0,
                    0.0,
                    1.0
                ]
            ]
        },
        {
            "file_path": "/data/shapenet_blender/all_50_random/02958343/44c278891ddcab2dc0e3666c7d0ec7d0/r_21",
            "rotation": 0.12566370614359174,
            "transform_matrix": [
                [
                    0.996444046497345,
                    0.06100562587380409,
                    -0.05811741575598717,
                    -0.23427879810333252
                ],
                [
                    -0.08425746858119965,
                    0.7214635014533997,
                    -0.6873070597648621,
                    -2.7706234455108643
                ],
                [
                    0.0,
                    0.6897597908973694,
                    0.7240382432937622,
                    2.918691396713257
                ],
                [
                    0.0,
                    0.0,
                    0.0,
                    1.0
                ]
            ]
        },
        {
            "file_path": "/data/shapenet_blender/all_50_random/02958343/44c278891ddcab2dc0e3666c7d0ec7d0/r_22",
            "rotation": 0.12566370614359174,
            "transform_matrix": [
                [
                    -0.678425133228302,
                    0.22424431145191193,
                    -0.6996097564697266,
                    -2.8202171325683594
                ],
                [
                    -0.7346695065498352,
                    -0.20707674324512482,
                    0.646049439907074,
                    2.604308605194092
                ],
                [
                    1.4901161193847656e-08,
                    0.9522781372070312,
                    0.3052315413951874,
                    1.2304277420043945
                ],
                [
                    0.0,
                    0.0,
                    0.0,
                    1.0
                ]
            ]
        },
        {
            "file_path": "/data/shapenet_blender/all_50_random/02958343/44c278891ddcab2dc0e3666c7d0ec7d0/r_23",
            "rotation": 0.12566370614359174,
            "transform_matrix": [
                [
                    0.9959971308708191,
                    0.004192672204226255,
                    -0.08928738534450531,
                    -0.3599289655685425
                ],
                [
                    -0.08938577026128769,
                    0.046717606484889984,
                    -0.9949008226394653,
                    -4.010573387145996
                ],
                [
                    -4.656613428188905e-10,
                    0.9988992810249329,
                    0.04690536484122276,
                    0.1890815794467926
                ],
                [
                    0.0,
                    0.0,
                    0.0,
                    1.0
                ]
            ]
        },
        {
            "file_path": "/data/shapenet_blender/all_50_random/02958343/44c278891ddcab2dc0e3666c7d0ec7d0/r_24",
            "rotation": 0.12566370614359174,
            "transform_matrix": [
                [
                    -0.43961456418037415,
                    -0.27902141213417053,
                    0.8537482619285583,
                    3.4415693283081055
                ],
                [
                    0.8981865644454956,
                    -0.136566162109375,
                    0.4178643822669983,
                    1.6844651699066162
                ],
                [
                    1.4901161193847656e-08,
                    0.9505245089530945,
                    0.3106497526168823,
                    1.2522691488265991
                ],
                [
                    0.0,
                    0.0,
                    0.0,
                    1.0
                ]
            ]
        },
        {
            "file_path": "/data/shapenet_blender/all_50_random/02958343/44c278891ddcab2dc0e3666c7d0ec7d0/r_25",
            "rotation": 0.12566370614359174,
            "transform_matrix": [
                [
                    0.002412099391222,
                    -0.16598597168922424,
                    -0.9861251711845398,
                    -3.9751977920532227
                ],
                [
                    -0.9999971389770508,
                    -0.00040037580765783787,
                    -0.0023786386009305716,
                    -0.00958859920501709
                ],
                [
                    -2.9103830456733704e-11,
                    0.986128032207489,
                    -0.16598646342754364,
                    -0.6691128611564636
                ],
                [
                    0.0,
                    0.0,
                    0.0,
                    1.0
                ]
            ]
        },
        {
            "file_path": "/data/shapenet_blender/all_50_random/02958343/44c278891ddcab2dc0e3666c7d0ec7d0/r_26",
            "rotation": 0.12566370614359174,
            "transform_matrix": [
                [
                    -0.36003899574279785,
                    0.5548789501190186,
                    0.7499874234199524,
                    3.023296356201172
                ],
                [
                    0.9329373240470886,
                    0.21413877606391907,
                    0.2894349992275238,
                    1.1667499542236328
                ],
                [
                    0.0,
                    0.8038992285728455,
                    -0.5947654843330383,
                    -2.3975765705108643
                ],
                [
                    0.0,
                    0.0,
                    0.0,
                    1.0
                ]
            ]
        },
        {
            "file_path": "/data/shapenet_blender/all_50_random/02958343/44c278891ddcab2dc0e3666c7d0ec7d0/r_27",
            "rotation": 0.12566370614359174,
            "transform_matrix": [
                [
                    0.16207489371299744,
                    0.4114583134651184,
                    -0.896902322769165,
                    -3.6155288219451904
                ],
                [
                    -0.9867784976959229,
                    0.06758057326078415,
                    -0.14731304347515106,
                    -0.5938378572463989
                ],
                [
                    0.0,
                    0.9089195132255554,
                    0.416971355676651,
                    1.6808652877807617
                ],
                [
                    0.0,
                    0.0,
                    0.0,
                    1.0
                ]
            ]
        },
        {
            "file_path": "/data/shapenet_blender/all_50_random/02958343/44c278891ddcab2dc0e3666c7d0ec7d0/r_28",
            "rotation": 0.12566370614359174,
            "transform_matrix": [
                [
                    -0.11488726735115051,
                    0.11904042214155197,
                    -0.9862201809883118,
                    -3.9755806922912598
                ],
                [
                    -0.9933785200119019,
                    -0.01376738864928484,
                    0.11405938118696213,
                    0.45978808403015137
                ],
                [
                    0.0,
                    0.9927939176559448,
                    0.11983390152454376,
                    0.4830659031867981
                ],
                [
                    0.0,
                    0.0,
                    0.0,
                    1.0
                ]
            ]
        },
        {
            "file_path": "/data/shapenet_blender/all_50_random/02958343/44c278891ddcab2dc0e3666c7d0ec7d0/r_29",
            "rotation": 0.12566370614359174,
            "transform_matrix": [
                [
                    -0.5920172929763794,
                    -0.566166341304779,
                    -0.5735601782798767,
                    -2.3120949268341064
                ],
                [
                    -0.8059253096580505,
                    0.41589492559432983,
                    0.42132627964019775,
                    1.698420524597168
                ],
                [
                    1.4901161193847656e-08,
                    0.7116790413856506,
                    -0.7025047540664673,
                    -2.8318872451782227
                ],
                [
                    0.0,
                    0.0,
                    0.0,
                    1.0
                ]
            ]
        },
        {
            "file_path": "/data/shapenet_blender/all_50_random/02958343/44c278891ddcab2dc0e3666c7d0ec7d0/r_30",
            "rotation": 0.12566370614359174,
            "transform_matrix": [
                [
                    -0.42678555846214294,
                    0.2518613934516907,
                    0.8685734868049622,
                    3.5013318061828613
                ],
                [
                    0.9043529033660889,
                    0.11885935813188553,
                    0.40990039706230164,
                    1.6523613929748535
                ],
                [
                    0.0,
                    0.9604364633560181,
                    -0.2784990072250366,
                    -1.1226654052734375
                ],
                [
                    0.0,
                    0.0,
                    0.0,
                    1.0
                ]
            ]
        },
        {
            "file_path": "/data/shapenet_blender/all_50_random/02958343/44c278891ddcab2dc0e3666c7d0ec7d0/r_31",
            "rotation": 0.12566370614359174,
            "transform_matrix": [
                [
                    -0.8645469546318054,
                    -0.12330828607082367,
                    0.48718950152397156,
                    1.963923692703247
                ],
                [
                    0.5025519728660583,
                    -0.2121288925409317,
                    0.8381186127662659,
                    3.3785641193389893
                ],
                [
                    0.0,
                    0.9694309830665588,
                    0.2453642040491104,
                    0.9890947341918945
                ],
                [
                    0.0,
                    0.0,
                    0.0,
                    1.0
                ]
            ]
        },
        {
            "file_path": "/data/shapenet_blender/all_50_random/02958343/44c278891ddcab2dc0e3666c7d0ec7d0/r_32",
            "rotation": 0.12566370614359174,
            "transform_matrix": [
                [
                    -0.06263680011034012,
                    -0.7104566693305969,
                    0.7009478211402893,
                    2.825611114501953
                ],
                [
                    0.9980363845825195,
                    -0.04458828270435333,
                    0.043991509824991226,
                    0.1773354411125183
                ],
                [
                    -3.725290298461914e-09,
                    0.7023268938064575,
                    0.7118545174598694,
                    2.869577407836914
                ],
                [
                    0.0,
                    0.0,
                    0.0,
                    1.0
                ]
            ]
        },
        {
            "file_path": "/data/shapenet_blender/all_50_random/02958343/44c278891ddcab2dc0e3666c7d0ec7d0/r_33",
            "rotation": 0.12566370614359174,
            "transform_matrix": [
                [
                    -0.7805982232093811,
                    -0.05690131336450577,
                    0.6224377751350403,
                    2.509126901626587
                ],
                [
                    0.6250332593917847,
                    -0.07106351852416992,
                    0.7773566842079163,
                    3.133625030517578
                ],
                [
                    0.0,
                    0.9958474636077881,
                    0.09103725850582123,
                    0.36698293685913086
                ],
                [
                    0.0,
                    0.0,
                    0.0,
                    1.0
                ]
            ]
        },
        {
            "file_path": "/data/shapenet_blender/all_50_random/02958343/44c278891ddcab2dc0e3666c7d0ec7d0/r_34",
            "rotation": 0.12566370614359174,
            "transform_matrix": [
                [
                    -0.9753136038780212,
                    0.01703455299139023,
                    -0.22016651928424835,
                    -0.8875196576118469
                ],
                [
                    -0.22082458436489105,
                    -0.07523633539676666,
                    0.9724072217941284,
                    3.9198992252349854
                ],
                [
                    0.0,
                    0.9970202445983887,
                    0.07714065164327621,
                    0.3109639286994934
                ],
                [
                    0.0,
                    0.0,
                    0.0,
                    1.0
                ]
            ]
        },
        {
            "file_path": "/data/shapenet_blender/all_50_random/02958343/44c278891ddcab2dc0e3666c7d0ec7d0/r_35",
            "rotation": 0.12566370614359174,
            "transform_matrix": [
                [
                    0.9470459222793579,
                    -0.011161833070218563,
                    0.3209039866924286,
                    1.2936054468154907
                ],
                [
                    0.32109808921813965,
                    0.03292068466544151,
                    -0.9464734792709351,
                    -3.815356969833374
                ],
                [
                    -9.313225746154785e-10,
                    0.9993956089019775,
                    0.03476144000887871,
                    0.14012786746025085
                ],
                [
                    0.0,
                    0.0,
                    0.0,
                    1.0
                ]
            ]
        },
        {
            "file_path": "/data/shapenet_blender/all_50_random/02958343/44c278891ddcab2dc0e3666c7d0ec7d0/r_36",
            "rotation": 0.12566370614359174,
            "transform_matrix": [
                [
                    0.4189221262931824,
                    -0.008824901655316353,
                    -0.9079791903495789,
                    -3.6601815223693848
                ],
                [
                    -0.9080220460891724,
                    -0.004071428906172514,
                    -0.41890236735343933,
                    -1.6886495351791382
                ],
                [
                    -4.656612040410124e-10,
                    0.9999528527259827,
                    -0.009718816727399826,
                    -0.03917780891060829
                ],
                [
                    0.0,
                    0.0,
                    0.0,
                    1.0
                ]
            ]
        },
        {
            "file_path": "/data/shapenet_blender/all_50_random/02958343/44c278891ddcab2dc0e3666c7d0ec7d0/r_37",
            "rotation": 0.12566370614359174,
            "transform_matrix": [
                [
                    -0.6890990734100342,
                    0.661091685295105,
                    -0.2968166768550873,
                    -1.1965062618255615
                ],
                [
                    -0.7246670722961426,
                    -0.6286441087722778,
                    0.2822483479976654,
                    1.1377794742584229
                ],
                [
                    -1.4901160305669237e-08,
                    0.4095904231071472,
                    0.9122695326805115,
                    3.677475929260254
                ],
                [
                    0.0,
                    0.0,
                    0.0,
                    1.0
                ]
            ]
        },
        {
            "file_path": "/data/shapenet_blender/all_50_random/02958343/44c278891ddcab2dc0e3666c7d0ec7d0/r_38",
            "rotation": 0.12566370614359174,
            "transform_matrix": [
                [
                    0.7298603653907776,
                    0.24191740155220032,
                    -0.6393589377403259,
                    -2.577338218688965
                ],
                [
                    -0.6835963129997253,
                    0.25828972458839417,
                    -0.6826291084289551,
                    -2.7517659664154053
                ],
                [
                    -1.4901159417490817e-08,
                    0.935287356376648,
                    0.35388925671577454,
                    1.4265731573104858
                ],
                [
                    0.0,
                    0.0,
                    0.0,
                    1.0
                ]
            ]
        },
        {
            "file_path": "/data/shapenet_blender/all_50_random/02958343/44c278891ddcab2dc0e3666c7d0ec7d0/r_39",
            "rotation": 0.12566370614359174,
            "transform_matrix": [
                [
                    -0.17739924788475037,
                    0.9337998032569885,
                    -0.3107208013534546,
                    -1.2525557279586792
                ],
                [
                    -0.9841389656066895,
                    -0.16832520067691803,
                    0.056010015308856964,
                    0.2257836014032364
                ],
                [
                    0.0,
                    0.3157285153865814,
                    0.9488494396209717,
                    3.824934720993042
                ],
                [
                    0.0,
                    0.0,
                    0.0,
                    1.0
                ]
            ]
        },
        {
            "file_path": "/data/shapenet_blender/all_50_random/02958343/44c278891ddcab2dc0e3666c7d0ec7d0/r_40",
            "rotation": 0.12566370614359174,
            "transform_matrix": [
                [
                    -0.3826880156993866,
                    0.06319443136453629,
                    0.9217138886451721,
                    3.7155470848083496
                ],
                [
                    0.9238775968551636,
                    0.026176361367106438,
                    0.38179177045822144,
                    1.5390516519546509
                ],
                [
                    -1.8626449271863521e-09,
                    0.997657835483551,
                    -0.06840132176876068,
                    -0.2757345139980316
                ],
                [
                    0.0,
                    0.0,
                    0.0,
                    1.0
                ]
            ]
        },
        {
            "file_path": "/data/shapenet_blender/all_50_random/02958343/44c278891ddcab2dc0e3666c7d0ec7d0/r_41",
            "rotation": 0.12566370614359174,
            "transform_matrix": [
                [
                    -0.979677677154541,
                    -0.10513760894536972,
                    -0.17081527411937714,
                    -0.6885784268379211
                ],
                [
                    -0.20057864487171173,
                    0.5135190486907959,
                    0.8343057632446289,
                    3.363194465637207
                ],
                [
