{
    "class": "02958343",
    "model": "d07c8208ad9dc35780e74058ee862f05",
    "remove_doubles": true,
    "edge_split": true,
    "denoise": true,
    "camera_angle_x": 0.6911112070083618,
    "scale_factor": 2.2730062542431186,
    "hdri_file": "/data/IndoorHDRDataset2018/9C4A5354-367928b82b.exr",
    "center_offset": [
        0.0,
        -2.7939677238464355e-09,
        -3.725290298461914e-09
    ],
    "lights": [],
    "frames": [
        {
            "file_path": "/data/shapenet_blender/all_50_random/02958343/d07c8208ad9dc35780e74058ee862f05/r_0",
            "rotation": 0.12566370614359174,
            "transform_matrix": [
                [
                    -0.9983132481575012,
                    0.03567289561033249,
                    -0.04580460116267204,
                    -0.18464425206184387
                ],
                [
                    -0.058057013899087906,
                    -0.6134095191955566,
                    0.787628173828125,
                    3.1750307083129883
                ],
                [
                    0.0,
                    0.7889589071273804,
                    0.6144459247589111,
                    2.4769108295440674
                ],
                [
                    0.0,
                    0.0,
                    0.0,
                    1.0
                ]
            ]
        },
        {
            "file_path": "/data/shapenet_blender/all_50_random/02958343/d07c8208ad9dc35780e74058ee862f05/r_1",
            "rotation": 0.12566370614359174,
            "transform_matrix": [
                [
                    0.9842126965522766,
                    -0.07786260545253754,
                    0.1589425653219223,
                    0.6407179832458496
                ],
                [
                    0.1769896000623703,
                    0.43298229575157166,
                    -0.8838557600975037,
                    -3.562936544418335
                ],
                [
                    0.0,
                    0.8980332612991333,
                    0.43992748856544495,
                    1.7734044790267944
                ],
                [
                    0.0,
                    0.0,
                    0.0,
                    1.0
                ]
            ]
        },
        {
            "file_path": "/data/shapenet_blender/all_50_random/02958343/d07c8208ad9dc35780e74058ee862f05/r_2",
            "rotation": 0.12566370614359174,
            "transform_matrix": [
                [
                    0.8617989420890808,
                    -0.10170058161020279,
                    0.4969501495361328,
                    2.003270149230957
                ],
                [
                    0.5072498321533203,
                    0.17278558015823364,
                    -0.8443001508712769,
                    -3.403482675552368
                ],
                [
                    0.0,
                    0.9796948432922363,
                    0.20049408078193665,
                    0.808217465877533
                ],
                [
                    0.0,
                    0.0,
                    0.0,
                    1.0
                ]
            ]
        },
        {
            "file_path": "/data/shapenet_blender/all_50_random/02958343/d07c8208ad9dc35780e74058ee862f05/r_3",
            "rotation": 0.12566370614359174,
            "transform_matrix": [
                [
                    0.8825826048851013,
                    0.3763243556022644,
                    -0.2818297743797302,
                    -1.136092185974121
                ],
                [
                    -0.4701575040817261,
                    0.706438422203064,
                    -0.5290526151657104,
                    -2.1326792240142822
                ],
                [
                    0.0,
                    0.5994369983673096,
                    0.8004220128059387,
                    3.2266042232513428
                ],
                [
                    0.0,
                    0.0,
                    0.0,
                    1.0
                ]
            ]
        },
        {
            "file_path": "/data/shapenet_blender/all_50_random/02958343/d07c8208ad9dc35780e74058ee862f05/r_4",
            "rotation": 0.12566370614359174,
            "transform_matrix": [
                [
                    -0.6765970587730408,
                    9.492657409282401e-05,
                    -0.7363535165786743,
                    -2.9683358669281006
                ],
                [
                    -0.7363535165786743,
                    -8.722310303710401e-05,
                    0.6765970587730408,
                    2.727449893951416
                ],
                [
                    0.0,
                    1.0,
                    0.00012891439837403595,
                    0.0005196705460548401
                ],
                [
                    0.0,
                    0.0,
                    0.0,
                    1.0
                ]
            ]
        },
        {
            "file_path": "/data/shapenet_blender/all_50_random/02958343/d07c8208ad9dc35780e74058ee862f05/r_5",
            "rotation": 0.12566370614359174,
            "transform_matrix": [
                [
                    0.8411776423454285,
                    0.031087301671504974,
                    0.5398645401000977,
                    2.1762635707855225
                ],
                [
                    0.5407588481903076,
                    -0.04835786670446396,
                    -0.8397865295410156,
                    -3.3852877616882324
                ],
                [
                    0.0,
                    0.9983461499214172,
                    -0.057488296180963516,
                    -0.2317427396774292
                ],
                [
                    0.0,
                    0.0,
                    0.0,
                    1.0
                ]
            ]
        },
        {
            "file_path": "/data/shapenet_blender/all_50_random/02958343/d07c8208ad9dc35780e74058ee862f05/r_6",
            "rotation": 0.12566370614359174,
            "transform_matrix": [
                [
                    0.7256797552108765,
                    -0.3258630633354187,
                    0.6059719920158386,
                    2.442751407623291
                ],
                [
                    0.6880326271057129,
                    0.343693345785141,
                    -0.6391290426254272,
                    -2.576411724090576
                ],
                [
                    0.0,
                    0.8807316422462463,
                    0.47361570596694946,
                    1.9092061519622803
                ],
                [
                    0.0,
                    0.0,
                    0.0,
                    1.0
                ]
            ]
        },
        {
            "file_path": "/data/shapenet_blender/all_50_random/02958343/d07c8208ad9dc35780e74058ee862f05/r_7",
            "rotation": 0.12566370614359174,
            "transform_matrix": [
                [
                    -0.5043424367904663,
                    -0.17653274536132812,
                    -0.8452662229537964,
                    -3.407376766204834
                ],
                [
                    -0.8635037541389465,
                    0.10310662537813187,
                    0.49369052052497864,
                    1.9901299476623535
                ],
                [
                    7.4505797087454084e-09,
                    0.9788796305656433,
                    -0.2044377475976944,
                    -0.8241147994995117
                ],
                [
                    0.0,
                    0.0,
                    0.0,
                    1.0
                ]
            ]
        },
        {
            "file_path": "/data/shapenet_blender/all_50_random/02958343/d07c8208ad9dc35780e74058ee862f05/r_8",
            "rotation": 0.12566370614359174,
            "transform_matrix": [
                [
                    -0.6540486812591553,
                    0.28060343861579895,
                    0.7024827003479004,
                    2.831798553466797
                ],
                [
                    0.7564525604248047,
                    0.24261711537837982,
                    0.6073849201202393,
                    2.4484472274780273
                ],
                [
                    -2.980232594040899e-08,
                    0.928654134273529,
                    -0.37094658613204956,
                    -1.4953336715698242
                ],
                [
                    0.0,
                    0.0,
                    0.0,
                    1.0
                ]
            ]
        },
        {
            "file_path": "/data/shapenet_blender/all_50_random/02958343/d07c8208ad9dc35780e74058ee862f05/r_9",
            "rotation": 0.12566370614359174,
            "transform_matrix": [
                [
                    0.40418773889541626,
                    0.3423222005367279,
                    -0.848202645778656,
                    -3.4192142486572266
                ],
                [
                    -0.9146760106086731,
                    0.15126933157444,
                    -0.3748137056827545,
                    -1.5109224319458008
                ],
                [
                    -1.4901161193847656e-08,
                    0.9273257255554199,
                    0.37425512075424194,
                    1.508670687675476
                ],
                [
                    0.0,
                    0.0,
                    0.0,
                    1.0
                ]
            ]
        },
        {
            "file_path": "/data/shapenet_blender/all_50_random/02958343/d07c8208ad9dc35780e74058ee862f05/r_10",
            "rotation": 0.12566370614359174,
            "transform_matrix": [
                [
                    0.9162126183509827,
                    0.05240999162197113,
                    0.39725014567375183,
                    1.601366639137268
                ],
                [
                    0.40069258213043213,
                    -0.11983924359083176,
                    -0.9083412885665894,
                    -3.6616411209106445
                ],
                [
                    -3.725290742551124e-09,
                    0.9914088845252991,
                    -0.13079851865768433,
                    -0.527265727519989
                ],
                [
                    0.0,
                    0.0,
                    0.0,
                    1.0
                ]
            ]
        },
        {
            "file_path": "/data/shapenet_blender/all_50_random/02958343/d07c8208ad9dc35780e74058ee862f05/r_11",
            "rotation": 0.12566370614359174,
            "transform_matrix": [
                [
                    -0.7188063263893127,
                    0.3651753067970276,
                    0.5915778875350952,
                    2.3847270011901855
                ],
                [
                    0.6952104568481445,
                    0.37756961584091187,
                    0.6116564273834229,
                    2.4656660556793213
                ],
                [
                    -1.4901162970204496e-08,
                    0.8509336113929749,
                    -0.5252730846405029,
                    -2.117443799972534
                ],
                [
                    0.0,
                    0.0,
                    0.0,
                    1.0
                ]
            ]
        },
        {
            "file_path": "/data/shapenet_blender/all_50_random/02958343/d07c8208ad9dc35780e74058ee862f05/r_12",
            "rotation": 0.12566370614359174,
            "transform_matrix": [
                [
                    -0.931561291217804,
                    -0.004108105786144733,
                    0.3635609745979309,
                    1.4655612707138062
                ],
                [
                    0.3635842204093933,
                    -0.010525628924369812,
                    0.9315017461776733,
                    3.7550041675567627
                ],
                [
                    0.0,
                    0.9999362230300903,
                    0.011298909783363342,
                    0.04554736614227295
                ],
                [
                    0.0,
                    0.0,
                    0.0,
                    1.0
                ]
            ]
        },
        {
            "file_path": "/data/shapenet_blender/all_50_random/02958343/d07c8208ad9dc35780e74058ee862f05/r_13",
            "rotation": 0.12566370614359174,
            "transform_matrix": [
                [
                    0.9930455684661865,
                    -0.020232774317264557,
                    -0.11597944051027298,
                    -0.4675281047821045
                ],
                [
                    -0.11773104220628738,
                    -0.17066073417663574,
                    -0.9782710075378418,
                    -3.9435367584228516
                ],
                [
                    0.0,
                    0.9851221442222595,
                    -0.1718558669090271,
                    -0.6927732229232788
                ],
                [
                    0.0,
                    0.0,
                    0.0,
                    1.0
                ]
            ]
        },
        {
            "file_path": "/data/shapenet_blender/all_50_random/02958343/d07c8208ad9dc35780e74058ee862f05/r_14",
            "rotation": 0.12566370614359174,
            "transform_matrix": [
                [
                    0.06839246302843094,
                    0.3878747522830963,
                    -0.919171154499054,
                    -3.7052974700927734
                ],
                [
                    -0.9976584911346436,
                    0.02658996917307377,
                    -0.06301192194223404,
                    -0.2540091872215271
                ],
                [
                    -1.862645149230957e-09,
                    0.9213284850120544,
                    0.38878509402275085,
                    1.5672428607940674
                ],
                [
                    0.0,
                    0.0,
                    0.0,
                    1.0
                ]
            ]
        },
        {
            "file_path": "/data/shapenet_blender/all_50_random/02958343/d07c8208ad9dc35780e74058ee862f05/r_15",
            "rotation": 0.12566370614359174,
            "transform_matrix": [
                [
                    -0.417601615190506,
                    -0.7398080825805664,
                    -0.5275347232818604,
                    -2.1265602111816406
                ],
                [
                    -0.9086301922798157,
                    0.340011864900589,
                    0.24245214462280273,
                    0.9773557186126709
                ],
                [
                    1.4901159417490817e-08,
                    0.5805824398994446,
                    -0.8142015933990479,
                    -3.282151222229004
                ],
                [
                    0.0,
                    0.0,
                    0.0,
                    1.0
                ]
            ]
        },
        {
            "file_path": "/data/shapenet_blender/all_50_random/02958343/d07c8208ad9dc35780e74058ee862f05/r_16",
            "rotation": 0.12566370614359174,
            "transform_matrix": [
                [
                    -0.94327712059021,
                    -0.18468427658081055,
                    0.2758987247943878,
                    1.1121834516525269
                ],
                [
                    0.33200663328170776,
                    -0.5247136950492859,
                    0.7838667035102844,
                    3.159868001937866
                ],
                [
                    -1.4901161193847656e-08,
                    0.8310036659240723,
                    0.5562667846679688,
                    2.2423834800720215
                ],
                [
                    0.0,
                    0.0,
                    0.0,
                    1.0
                ]
            ]
        },
        {
            "file_path": "/data/shapenet_blender/all_50_random/02958343/d07c8208ad9dc35780e74058ee862f05/r_17",
            "rotation": 0.12566370614359174,
            "transform_matrix": [
                [
                    -0.9666877388954163,
                    -0.24214591085910797,
                    -0.08294644206762314,
                    -0.3343678414821625
                ],
                [
                    -0.2559584677219391,
                    0.9145212769508362,
                    0.3132668435573578,
                    1.2628191709518433
                ],
                [
                    0.0,
                    0.3240620791912079,
                    -0.9460358023643494,
                    -3.8135924339294434
                ],
                [
                    0.0,
                    0.0,
                    0.0,
                    1.0
                ]
            ]
        },
        {
            "file_path": "/data/shapenet_blender/all_50_random/02958343/d07c8208ad9dc35780e74058ee862f05/r_18",
            "rotation": 0.12566370614359174,
            "transform_matrix": [
                [
                    -0.03719044476747513,
                    0.05229891091585159,
                    -0.9979386329650879,
                    -4.022819519042969
                ],
                [
                    -0.9993082880973816,
                    -0.0019463659264147282,
                    0.037139467895030975,
                    0.14971399307250977
                ],
                [
                    0.0,
                    0.9986295700073242,
                    0.05233510583639145,
                    0.21096956729888916
                ],
                [
                    0.0,
                    0.0,
                    0.0,
                    1.0
                ]
            ]
        },
        {
            "file_path": "/data/shapenet_blender/all_50_random/02958343/d07c8208ad9dc35780e74058ee862f05/r_19",
            "rotation": 0.12566370614359174,
            "transform_matrix": [
                [
                    -0.9825390577316284,
                    0.0504082627594471,
                    0.17909759283065796,
                    0.7219655513763428
                ],
                [
                    0.18605628609657288,
                    0.2661994993686676,
                    0.9457911252975464,
                    3.8126060962677
                ],
                [
                    -3.7252898543727042e-09,
                    0.962598979473114,
                    -0.27093014121055603,
                    -1.0921545028686523
                ],
                [
                    0.0,
                    0.0,
                    0.0,
                    1.0
                ]
            ]
        },
        {
            "file_path": "/data/shapenet_blender/all_50_random/02958343/d07c8208ad9dc35780e74058ee862f05/r_20",
            "rotation": 0.12566370614359174,
            "transform_matrix": [
                [
                    -0.6596659421920776,
                    0.6188659071922302,
                    0.42643386125564575,
                    1.7190098762512207
                ],
                [
                    0.7515589594841003,
                    0.5431972742080688,
                    0.37429383397102356,
                    1.508826732635498
                ],
                [
                    -2.9802322387695312e-08,
                    0.5673990845680237,
                    -0.8234429359436035,
                    -3.3194046020507812
                ],
                [
                    0.0,
                    0.0,
                    0.0,
                    1.0
                ]
            ]
        },
        {
            "file_path": "/data/shapenet_blender/all_50_random/02958343/d07c8208ad9dc35780e74058ee862f05/r_21",
            "rotation": 0.12566370614359174,
            "transform_matrix": [
                [
                    0.778523862361908,
                    -0.56969153881073,
                    -0.26334795355796814,
                    -1.0615895986557007
                ],
                [
                    -0.6276150345802307,
                    -0.706672728061676,
                    -0.32666945457458496,
                    -1.3168467283248901
                ],
                [
                    1.4901161193847656e-08,
                    0.4196009337902069,
                    -0.9077086448669434,
                    -3.659090518951416
                ],
                [
                    0.0,
                    0.0,
                    0.0,
                    1.0
                ]
            ]
        },
        {
            "file_path": "/data/shapenet_blender/all_50_random/02958343/d07c8208ad9dc35780e74058ee862f05/r_22",
            "rotation": 0.12566370614359174,
            "transform_matrix": [
                [
                    -0.685778796672821,
                    -0.23599931597709656,
                    -0.6884850859642029,
                    -2.775372266769409
                ],
                [
                    -0.7278100252151489,
                    0.22237028181552887,
                    0.6487249135971069,
                    2.61509370803833
                ],
                [
                    -1.4901161193847656e-08,
                    0.9459680914878845,
                    -0.32425951957702637,
                    -1.3071318864822388
                ],
                [
                    0.0,
                    0.0,
                    0.0,
                    1.0
                ]
            ]
        },
        {
            "file_path": "/data/shapenet_blender/all_50_random/02958343/d07c8208ad9dc35780e74058ee862f05/r_23",
            "rotation": 0.12566370614359174,
            "transform_matrix": [
                [
                    0.9902845621109009,
                    -0.1163380816578865,
                    0.07617074996232986,
                    0.3070540726184845
                ],
                [
                    0.13905587792396545,
                    0.8285000920295715,
                    -0.5424489974975586,
                    -2.1866815090179443
                ],
                [
                    0.0,
                    0.5477707982063293,
                    0.8366284966468811,
                    3.3725569248199463
                ],
                [
                    0.0,
                    0.0,
                    0.0,
                    1.0
                ]
            ]
        },
        {
            "file_path": "/data/shapenet_blender/all_50_random/02958343/d07c8208ad9dc35780e74058ee862f05/r_24",
            "rotation": 0.12566370614359174,
            "transform_matrix": [
                [
                    0.9506216645240784,
                    -0.10430004447698593,
                    0.2923009693622589,
                    1.1783030033111572
                ],
                [
                    0.31035199761390686,
                    0.31947556138038635,
                    -0.8953306078910828,
                    -3.6091933250427246
                ],
                [
                    0.0,
                    0.9418368935585022,
                    0.33607012033462524,
                    1.3547420501708984
                ],
                [
                    0.0,
                    0.0,
                    0.0,
                    1.0
                ]
            ]
        },
        {
            "file_path": "/data/shapenet_blender/all_50_random/02958343/d07c8208ad9dc35780e74058ee862f05/r_25",
            "rotation": 0.12566370614359174,
            "transform_matrix": [
                [
                    -0.10948549211025238,
                    0.06999693810939789,
                    -0.9915207028388977,
                    -3.996947765350342
                ],
                [
                    -0.9939884543418884,
                    -0.007709998171776533,
                    0.10921367257833481,
                    0.4402543902397156
                ],
                [
                    0.0,
                    0.9975174069404602,
                    0.0704202726483345,
                    0.28387320041656494
                ],
                [
                    0.0,
                    0.0,
                    0.0,
                    1.0
                ]
            ]
        },
        {
            "file_path": "/data/shapenet_blender/all_50_random/02958343/d07c8208ad9dc35780e74058ee862f05/r_26",
            "rotation": 0.12566370614359174,
            "transform_matrix": [
                [
                    -0.969630241394043,
                    0.20899353921413422,
                    0.1270395964384079,
                    0.5121130347251892
                ],
                [
                    0.24457591772079468,
                    0.8285625576972961,
                    0.5036531686782837,
                    2.0302910804748535
                ],
                [
                    0.0,
                    0.5194280743598938,
                    -0.8545140027999878,
                    -3.4446566104888916
                ],
                [
                    0.0,
                    0.0,
                    0.0,
                    1.0
                ]
            ]
        },
        {
            "file_path": "/data/shapenet_blender/all_50_random/02958343/d07c8208ad9dc35780e74058ee862f05/r_27",
            "rotation": 0.12566370614359174,
            "transform_matrix": [
                [
                    -0.8781943321228027,
                    -0.35432732105255127,
                    -0.321289598941803,
                    -1.2951598167419434
                ],
                [
                    -0.4783042073249817,
                    0.6505655646324158,
                    0.5899063944816589,
                    2.377988815307617
                ],
                [
                    -1.4901162970204496e-08,
                    0.6717265844345093,
                    -0.7407991290092468,
                    -2.9862568378448486
                ],
                [
                    0.0,
                    0.0,
                    0.0,
                    1.0
                ]
            ]
        },
        {
            "file_path": "/data/shapenet_blender/all_50_random/02958343/d07c8208ad9dc35780e74058ee862f05/r_28",
            "rotation": 0.12566370614359174,
            "transform_matrix": [
                [
                    -0.9727506041526794,
                    -0.0757514014840126,
                    -0.21912996470928192,
                    -0.8833411931991577
                ],
                [
                    -0.23185387253761292,
                    0.3178175091743469,
                    0.9193670153617859,
                    3.706087112426758
                ],
                [
                    0.0,
                    0.9451209306716919,
                    -0.3267204761505127,
                    -1.3170524835586548
                ],
                [
                    0.0,
                    0.0,
                    0.0,
                    1.0
                ]
            ]
        },
        {
            "file_path": "/data/shapenet_blender/all_50_random/02958343/d07c8208ad9dc35780e74058ee862f05/r_29",
            "rotation": 0.12566370614359174,
            "transform_matrix": [
                [
                    -0.7086920738220215,
                    -0.12539735436439514,
                    0.6942846775054932,
                    2.798750877380371
                ],
                [
                    0.7055180668830872,
                    -0.12596146762371063,
                    0.6974080801010132,
                    2.8113417625427246
                ],
                [
                    -7.4505797087454084e-09,
                    0.9840779304504395,
                    0.1777379810810089,
                    0.7164846658706665
                ],
                [
                    0.0,
                    0.0,
                    0.0,
                    1.0
                ]
            ]
        },
        {
            "file_path": "/data/shapenet_blender/all_50_random/02958343/d07c8208ad9dc35780e74058ee862f05/r_30",
            "rotation": 0.12566370614359174,
            "transform_matrix": [
                [
                    -0.7725071310997009,
                    0.007478503510355949,
                    -0.6349619626998901,
                    -2.5596137046813965
                ],
                [
                    -0.6350060701370239,
                    -0.009097862057387829,
                    0.7724534869194031,
                    3.1138598918914795
                ],
                [
                    -4.6566125955216364e-10,
                    0.9999306797981262,
                    0.011777056381106377,
                    0.04747483506798744
                ],
                [
                    0.0,
                    0.0,
                    0.0,
                    1.0
                ]
            ]
        },
        {
            "file_path": "/data/shapenet_blender/all_50_random/02958343/d07c8208ad9dc35780e74058ee862f05/r_31",
            "rotation": 0.12566370614359174,
            "transform_matrix": [
                [
                    -0.9960894584655762,
                    -0.03764582425355911,
                    -0.07992952316999435,
                    -0.3222062289714813
                ],
                [
                    -0.08835121989250183,
                    0.4244266152381897,
                    0.9011415243148804,
                    3.632617712020874
                ],
                [
                    0.0,
                    0.9046792984008789,
                    -0.4260929524898529,
                    -1.7176356315612793
                ],
                [
                    0.0,
                    0.0,
                    0.0,
                    1.0
                ]
            ]
        },
        {
            "file_path": "/data/shapenet_blender/all_50_random/02958343/d07c8208ad9dc35780e74058ee862f05/r_32",
            "rotation": 0.12566370614359174,
            "transform_matrix": [
                [
                    -0.9822902679443359,
                    -0.06742577254772186,
                    -0.1748131662607193,
                    -0.704694390296936
                ],
                [
                    -0.18736563622951508,
                    0.353488951921463,
                    0.9164822101593018,
                    3.6944580078125
                ],
                [
                    3.725290742551124e-09,
                    0.9330055117607117,
                    -0.3598620295524597,
                    -1.4506502151489258
                ],
                [
                    0.0,
                    0.0,
                    0.0,
                    1.0
                ]
            ]
        },
        {
            "file_path": "/data/shapenet_blender/all_50_random/02958343/d07c8208ad9dc35780e74058ee862f05/r_33",
            "rotation": 0.12566370614359174,
            "transform_matrix": [
                [
                    0.4234817326068878,
                    -0.31838712096214294,
                    -0.8481113314628601,
                    -3.4188461303710938
                ],
                [
                    -0.9059046506881714,
                    -0.14883588254451752,
                    -0.3964651823043823,
                    -1.5982022285461426
                ],
                [
                    1.4901161193847656e-08,
                    0.93620365858078,
                    -0.3514576554298401,
                    -1.4167711734771729
                ],
                [
                    0.0,
                    0.0,
                    0.0,
                    1.0
                ]
            ]
        },
        {
            "file_path": "/data/shapenet_blender/all_50_random/02958343/d07c8208ad9dc35780e74058ee862f05/r_34",
            "rotation": 0.12566370614359174,
            "transform_matrix": [
                [
                    0.22603440284729004,
                    0.1330374777317047,
                    -0.9649920463562012,
                    -3.8900067806243896
                ],
                [
                    -0.9741193056106567,
                    0.03086998499929905,
                    -0.22391653060913086,
                    -0.9026362895965576
                ],
                [
                    -1.8626450382086546e-09,
                    0.9906300902366638,
                    0.13657206296920776,
                    0.5505395531654358
                ],
                [
                    0.0,
                    0.0,
                    0.0,
                    1.0
                ]
            ]
        },
        {
            "file_path": "/data/shapenet_blender/all_50_random/02958343/d07c8208ad9dc35780e74058ee862f05/r_35",
            "rotation": 0.12566370614359174,
            "transform_matrix": [
                [
                    -0.13067485392093658,
                    0.29665812849998474,
                    -0.9460010528564453,
                    -3.8134522438049316
                ],
                [
                    -0.9914252758026123,
                    -0.03910103812813759,
                    0.12468771636486053,
                    0.5026322603225708
                ],
                [
                    3.725290742551124e-09,
                    0.9541828632354736,
                    0.2992238700389862,
                    1.2062100172042847
                ],
                [
                    0.0,
                    0.0,
                    0.0,
                    1.0
                ]
            ]
        },
        {
            "file_path": "/data/shapenet_blender/all_50_random/02958343/d07c8208ad9dc35780e74058ee862f05/r_36",
            "rotation": 0.12566370614359174,
            "transform_matrix": [
                [
                    -0.7736043334007263,
                    0.5812896490097046,
                    -0.25226691365242004,
                    -1.0169204473495483
                ],
                [
                    -0.6336689591407776,
                    -0.7096579670906067,
                    0.3079759478569031,
                    1.2414907217025757
                ],
                [
                    0.0,
                    0.3981052339076996,
                    0.9173397421836853,
                    3.6979146003723145
                ],
                [
                    0.0,
                    0.0,
                    0.0,
                    1.0
                ]
            ]
        },
        {
            "file_path": "/data/shapenet_blender/all_50_random/02958343/d07c8208ad9dc35780e74058ee862f05/r_37",
            "rotation": 0.12566370614359174,
            "transform_matrix": [
                [
                    -0.45353835821151733,
                    -0.1087644174695015,
                    -0.8845751881599426,
                    -3.5658364295959473
                ],
                [
                    -0.8912367224693298,
                    0.05534874275326729,
                    0.4501483738422394,
                    1.8146060705184937
                ],
                [
                    0.0,
                    0.9925253391265869,
                    -0.12203764170408249,
                    -0.4919494390487671
                ],
                [
                    0.0,
                    0.0,
                    0.0,
                    1.0
                ]
            ]
        },
        {
            "file_path": "/data/shapenet_blender/all_50_random/02958343/d07c8208ad9dc35780e74058ee862f05/r_38",
            "rotation": 0.12566370614359174,
            "transform_matrix": [
                [
                    -0.10342594981193542,
                    0.8357299566268921,
                    -0.5393129587173462,
                    -2.174039840698242
                ],
                [
                    -0.9946370720863342,
                    -0.08690221607685089,
                    0.05607970431447029,
                    0.22606448829174042
                ],
                [
                    0.0,
                    0.5422207713127136,
                    0.8402361273765564,
                    3.3870997428894043
                ],
                [
                    0.0,
                    0.0,
                    0.0,
                    1.0
                ]
            ]
        },
        {
            "file_path": "/data/shapenet_blender/all_50_random/02958343/d07c8208ad9dc35780e74058ee862f05/r_39",
            "rotation": 0.12566370614359174,
            "transform_matrix": [
                [
                    -0.5968399047851562,
                    0.41871896386146545,
                    -0.6844388842582703,
                    -2.759061336517334
                ],
                [
                    -0.8023603558540344,
                    -0.3114662766456604,
                    0.5091233849525452,
                    2.052341938018799
                ],
                [
                    -1.4901161193847656e-08,
                    0.8530316948890686,
                    0.5218590497970581,
                    2.1036810874938965
                ],
                [
                    0.0,
                    0.0,
                    0.0,
                    1.0
                ]
            ]
        },
        {
            "file_path": "/data/shapenet_blender/all_50_random/02958343/d07c8208ad9dc35780e74058ee862f05/r_40",
            "rotation": 0.12566370614359174,
            "transform_matrix": [
                [
                    0.9802054762840271,
                    -0.033786237239837646,
                    0.19507914781570435,
                    0.786389172077179
                ],
                [
                    0.19798332452774048,
                    0.16727396845817566,
                    -0.9658271074295044,
                    -3.893373489379883
                ],
                [
                    0.0,
                    0.9853312373161316,
                    0.17065197229385376,
                    0.687920093536377
                ],
                [
                    0.0,
                    0.0,
                    0.0,
                    1.0
                ]
            ]
        },
        {
            "file_path": "/data/shapenet_blender/all_50_random/02958343/d07c8208ad9dc35780e74058ee862f05/r_41",
            "rotation": 0.12566370614359174,
            "transform_matrix": [
                [
                    -0.14030855894088745,
                    -0.24512358009815216,
                    0.9592850804328918,
                    3.86700177192688
                ],
                [
                    0.9901078939437866,
                    -0.03473655879497528,
                    0.13594065606594086,
                    0.5479943156242371
                ],
