{
    "class": "02958343",
    "model": "1e17510abe8f98bea697d949e28d773c",
    "remove_doubles": true,
    "edge_split": true,
    "denoise": true,
    "camera_angle_x": 0.6911112070083618,
    "scale_factor": 2.3495385499597163,
    "hdri_file": "/data/IndoorHDRDataset2018/AG8A8752-5cd7fafa87.exr",
    "center_offset": [
        0.0,
        -3.725290298461914e-09,
        0.0
    ],
    "lights": [],
    "frames": [
        {
            "file_path": "/data/shapenet_blender/all_50_random/02958343/1e17510abe8f98bea697d949e28d773c/r_0",
            "rotation": 0.12566370614359174,
            "transform_matrix": [
                [
                    0.8819368481636047,
                    0.13809135556221008,
                    -0.45068636536598206,
                    -1.816774845123291
                ],
                [
                    -0.47136762738227844,
                    0.2583712935447693,
                    -0.8432418704032898,
                    -3.399216651916504
                ],
                [
                    0.0,
                    0.9561249613761902,
                    0.29295891523361206,
                    1.180955171585083
                ],
                [
                    0.0,
                    0.0,
                    0.0,
                    1.0
                ]
            ]
        },
        {
            "file_path": "/data/shapenet_blender/all_50_random/02958343/1e17510abe8f98bea697d949e28d773c/r_1",
            "rotation": 0.12566370614359174,
            "transform_matrix": [
                [
                    -0.7791922092437744,
                    0.033408477902412415,
                    0.6258940696716309,
                    2.523059606552124
                ],
                [
                    0.6267850399017334,
                    0.04153198376297951,
                    0.7780845761299133,
                    3.136559247970581
                ],
                [
                    0.0,
                    0.9985784292221069,
                    -0.053301334381103516,
                    -0.2148645520210266
                ],
                [
                    0.0,
                    0.0,
                    0.0,
                    1.0
                ]
            ]
        },
        {
            "file_path": "/data/shapenet_blender/all_50_random/02958343/1e17510abe8f98bea697d949e28d773c/r_2",
            "rotation": 0.12566370614359174,
            "transform_matrix": [
                [
                    -0.2628272771835327,
                    -0.7645605802536011,
                    -0.5885310173034668,
                    -2.3724446296691895
                ],
                [
                    -0.9648429751396179,
                    0.20826952159404755,
                    0.16031832993030548,
                    0.6462638974189758
                ],
                [
                    0.0,
                    0.6099761128425598,
                    -0.7924197316169739,
                    -3.1943464279174805
                ],
                [
                    0.0,
                    0.0,
                    0.0,
                    1.0
                ]
            ]
        },
        {
            "file_path": "/data/shapenet_blender/all_50_random/02958343/1e17510abe8f98bea697d949e28d773c/r_3",
            "rotation": 0.12566370614359174,
            "transform_matrix": [
                [
                    -0.9706599712371826,
                    0.16242849826812744,
                    -0.17730240523815155,
                    -0.714728832244873
                ],
                [
                    -0.24045614898204803,
                    -0.6556823253631592,
                    0.7157244682312012,
                    2.8851776123046875
                ],
                [
                    0.0,
                    0.7373584508895874,
                    0.6755015850067139,
                    2.723033905029297
                ],
                [
                    0.0,
                    0.0,
                    0.0,
                    1.0
                ]
            ]
        },
        {
            "file_path": "/data/shapenet_blender/all_50_random/02958343/1e17510abe8f98bea697d949e28d773c/r_4",
            "rotation": 0.12566370614359174,
            "transform_matrix": [
                [
                    0.34647756814956665,
                    0.7203264832496643,
                    0.6009018421173096,
                    2.4223127365112305
                ],
                [
                    0.9380582571029663,
                    -0.26605701446533203,
                    -0.2219468057155609,
                    -0.8946961760520935
                ],
                [
                    0.0,
                    0.6405804753303528,
                    -0.767890989780426,
                    -3.0954675674438477
                ],
                [
                    0.0,
                    0.0,
                    0.0,
                    1.0
                ]
            ]
        },
        {
            "file_path": "/data/shapenet_blender/all_50_random/02958343/1e17510abe8f98bea697d949e28d773c/r_5",
            "rotation": 0.12566370614359174,
            "transform_matrix": [
                [
                    0.39783424139022827,
                    -0.011731728911399841,
                    -0.9173824191093445,
                    -3.6980862617492676
                ],
                [
                    -0.9174572825431824,
                    -0.005087194032967091,
                    -0.39780178666114807,
                    -1.6035900115966797
                ],
                [
                    4.6566125955216364e-10,
                    0.9999182820320129,
                    -0.012787221930921078,
                    -0.05154693126678467
                ],
                [
                    0.0,
                    0.0,
                    0.0,
                    1.0
                ]
            ]
        },
        {
            "file_path": "/data/shapenet_blender/all_50_random/02958343/1e17510abe8f98bea697d949e28d773c/r_6",
            "rotation": 0.12566370614359174,
            "transform_matrix": [
                [
                    0.9461027979850769,
                    0.25416097044944763,
                    0.20072805881500244,
                    0.8091607093811035
                ],
                [
                    0.3238665759563446,
                    -0.7424736618995667,
                    -0.5863815546035767,
                    -2.3637795448303223
                ],
                [
                    -1.4901161193847656e-08,
                    0.6197863221168518,
                    -0.7847706079483032,
                    -3.1635115146636963
                ],
                [
                    0.0,
                    0.0,
                    0.0,
                    1.0
                ]
            ]
        },
        {
            "file_path": "/data/shapenet_blender/all_50_random/02958343/1e17510abe8f98bea697d949e28d773c/r_7",
            "rotation": 0.12566370614359174,
            "transform_matrix": [
                [
                    0.6118820309638977,
                    -0.0980074405670166,
                    0.7848533391952515,
                    3.1638453006744385
                ],
                [
                    0.7909489870071411,
                    0.07581904530525208,
                    -0.6071664094924927,
                    -2.447566270828247
                ],
                [
                    -3.725290076417309e-09,
                    0.9922932982444763,
                    0.12391119450330734,
                    0.499502032995224
                ],
                [
                    0.0,
                    0.0,
                    0.0,
                    1.0
                ]
            ]
        },
        {
            "file_path": "/data/shapenet_blender/all_50_random/02958343/1e17510abe8f98bea697d949e28d773c/r_8",
            "rotation": 0.12566370614359174,
            "transform_matrix": [
                [
                    -0.20786473155021667,
                    -0.1103835329413414,
                    -0.97190922498703,
                    -3.91789174079895
                ],
                [
                    -0.9781576991081238,
                    0.023457201197743416,
                    0.2065368890762329,
                    0.8325768709182739
                ],
                [
                    -1.862645593320167e-09,
                    0.9936121106147766,
                    -0.11284840852022171,
                    -0.45490652322769165
                ],
                [
                    0.0,
                    0.0,
                    0.0,
                    1.0
                ]
            ]
        },
        {
            "file_path": "/data/shapenet_blender/all_50_random/02958343/1e17510abe8f98bea697d949e28d773c/r_9",
            "rotation": 0.12566370614359174,
            "transform_matrix": [
                [
                    -0.848545491695404,
                    0.3873103857040405,
                    -0.3605014681816101,
                    -1.4532278776168823
                ],
                [
                    -0.5291224718093872,
                    -0.6211235523223877,
                    0.5781304836273193,
                    2.3305184841156006
                ],
                [
                    -1.4901161193847656e-08,
                    0.6813194155693054,
                    0.7319862246513367,
                    2.950730800628662
                ],
                [
                    0.0,
                    0.0,
                    0.0,
                    1.0
                ]
            ]
        },
        {
            "file_path": "/data/shapenet_blender/all_50_random/02958343/1e17510abe8f98bea697d949e28d773c/r_10",
            "rotation": 0.12566370614359174,
            "transform_matrix": [
                [
                    -0.9973269701004028,
                    0.003178986022248864,
                    0.072999007999897,
                    0.2942684292793274
                ],
                [
                    0.07306820154190063,
                    0.04339081048965454,
                    0.9963825345039368,
                    4.016546726226807
                ],
                [
                    -2.3283064365386963e-10,
                    0.9990531206130981,
                    -0.04350710287690163,
                    -0.17538276314735413
                ],
                [
                    0.0,
                    0.0,
                    0.0,
                    1.0
                ]
            ]
        },
        {
            "file_path": "/data/shapenet_blender/all_50_random/02958343/1e17510abe8f98bea697d949e28d773c/r_11",
            "rotation": 0.12566370614359174,
            "transform_matrix": [
                [
                    -0.08350321650505066,
                    -0.06425649672746658,
                    0.9944337010383606,
                    4.008690357208252
                ],
                [
                    0.9965075254440308,
                    -0.005384429357945919,
                    0.08332943916320801,
                    0.33591172099113464
                ],
                [
                    0.0,
                    0.9979189038276672,
                    0.0644817054271698,
                    0.25993406772613525
                ],
                [
                    0.0,
                    0.0,
                    0.0,
                    1.0
                ]
            ]
        },
        {
            "file_path": "/data/shapenet_blender/all_50_random/02958343/1e17510abe8f98bea697d949e28d773c/r_12",
            "rotation": 0.12566370614359174,
            "transform_matrix": [
                [
                    0.5154603123664856,
                    0.7514245510101318,
                    0.4119000732898712,
                    1.6604223251342773
                ],
                [
                    0.8569133877754211,
                    -0.4520055055618286,
                    -0.24777084589004517,
                    -0.9987962245941162
                ],
                [
                    0.0,
                    0.48067885637283325,
                    -0.8768967986106873,
                    -3.534883975982666
                ],
                [
                    0.0,
                    0.0,
                    0.0,
                    1.0
                ]
            ]
        },
        {
            "file_path": "/data/shapenet_blender/all_50_random/02958343/1e17510abe8f98bea697d949e28d773c/r_13",
            "rotation": 0.12566370614359174,
            "transform_matrix": [
                [
                    -0.3498534560203552,
                    -0.2443889081478119,
                    -0.9043652415275574,
                    -3.645613193511963
                ],
                [
                    -0.9368043541908264,
                    0.09126805514097214,
                    0.33773893117904663,
                    1.3614692687988281
                ],
                [
                    7.450580152834618e-09,
                    0.9653725624084473,
                    -0.26087504625320435,
                    -1.0516210794448853
                ],
                [
                    0.0,
                    0.0,
                    0.0,
                    1.0
                ]
            ]
        },
        {
            "file_path": "/data/shapenet_blender/all_50_random/02958343/1e17510abe8f98bea697d949e28d773c/r_14",
            "rotation": 0.12566370614359174,
            "transform_matrix": [
                [
                    0.8673079013824463,
                    0.4655299782752991,
                    0.17623473703861237,
                    0.7104249000549316
                ],
                [
                    0.49777185916900635,
                    -0.8111302852630615,
                    -0.3070679306983948,
                    -1.237830400466919
                ],
                [
                    1.4901158529312397e-08,
                    0.35404714941978455,
                    -0.9352275729179382,
                    -3.7700226306915283
                ],
                [
                    0.0,
                    0.0,
                    0.0,
                    1.0
                ]
            ]
        },
        {
            "file_path": "/data/shapenet_blender/all_50_random/02958343/1e17510abe8f98bea697d949e28d773c/r_15",
            "rotation": 0.12566370614359174,
            "transform_matrix": [
                [
                    -0.6076056361198425,
                    -0.04203109070658684,
                    -0.7931259274482727,
                    -3.197193145751953
                ],
                [
                    -0.7942389845848083,
                    0.03215446323156357,
                    0.6067541241645813,
                    2.44590425491333
                ],
                [
                    0.0,
                    0.9985987544059753,
                    -0.05291995406150818,
                    -0.21332716941833496
                ],
                [
                    0.0,
                    0.0,
                    0.0,
                    1.0
                ]
            ]
        },
        {
            "file_path": "/data/shapenet_blender/all_50_random/02958343/1e17510abe8f98bea697d949e28d773c/r_16",
            "rotation": 0.12566370614359174,
            "transform_matrix": [
                [
                    -0.9999569654464722,
                    0.0008909879252314568,
                    -0.009233970195055008,
                    -0.03722332417964935
                ],
                [
                    -0.009276856668293476,
                    -0.0960400328040123,
                    0.9953342080116272,
                    4.012320518493652
                ],
                [
                    -5.820766091346741e-11,
                    0.9953770637512207,
                    0.096044160425663,
                    0.3871663808822632
                ],
                [
                    0.0,
                    0.0,
                    0.0,
                    1.0
                ]
            ]
        },
        {
            "file_path": "/data/shapenet_blender/all_50_random/02958343/1e17510abe8f98bea697d949e28d773c/r_17",
            "rotation": 0.12566370614359174,
            "transform_matrix": [
                [
                    -0.22958138585090637,
                    0.22375012934207916,
                    0.9472212791442871,
                    3.818371295928955
                ],
                [
                    0.9732894897460938,
                    0.05277860537171364,
                    0.22343236207962036,
                    0.9006847143173218
                ],
                [
                    3.725290298461914e-09,
                    0.9732164740562439,
                    -0.2298905998468399,
                    -0.9267187118530273
                ],
                [
                    0.0,
                    0.0,
                    0.0,
                    1.0
                ]
            ]
        },
        {
            "file_path": "/data/shapenet_blender/all_50_random/02958343/1e17510abe8f98bea697d949e28d773c/r_18",
            "rotation": 0.12566370614359174,
            "transform_matrix": [
                [
                    0.9979159832000732,
                    -0.029940396547317505,
                    -0.05716013163328171,
                    -0.2304198443889618
                ],
                [
                    -0.06452679634094238,
                    -0.46303239464759827,
                    -0.8839893937110901,
                    -3.5634751319885254
                ],
                [
                    1.8626450382086546e-09,
                    0.8858354687690735,
                    -0.4639994204044342,
                    -1.8704414367675781
                ],
                [
                    0.0,
                    0.0,
                    0.0,
                    1.0
                ]
            ]
        },
        {
            "file_path": "/data/shapenet_blender/all_50_random/02958343/1e17510abe8f98bea697d949e28d773c/r_19",
            "rotation": 0.12566370614359174,
            "transform_matrix": [
                [
                    0.4017123281955719,
                    0.7783980965614319,
                    0.48241448402404785,
                    1.9446747303009033
                ],
                [
                    0.9157660007476807,
                    -0.3414541482925415,
                    -0.21161721646785736,
                    -0.8530561923980713
                ],
                [
                    -1.4901161193847656e-08,
                    0.5267879366874695,
                    -0.84999680519104,
                    -3.4264461994171143
                ],
                [
                    0.0,
                    0.0,
                    0.0,
                    1.0
                ]
            ]
        },
        {
            "file_path": "/data/shapenet_blender/all_50_random/02958343/1e17510abe8f98bea697d949e28d773c/r_20",
            "rotation": 0.12566370614359174,
            "transform_matrix": [
                [
                    0.5373120903968811,
                    0.5751419067382812,
                    0.616852879524231,
                    2.4866135120391846
                ],
                [
                    0.8433835506439209,
                    -0.3664177656173706,
                    -0.39299145340919495,
                    -1.5841991901397705
                ],
                [
                    0.0,
                    0.7314025163650513,
                    -0.6819459795951843,
                    -2.7490122318267822
                ],
                [
                    0.0,
                    0.0,
                    0.0,
                    1.0
                ]
            ]
        },
        {
            "file_path": "/data/shapenet_blender/all_50_random/02958343/1e17510abe8f98bea697d949e28d773c/r_21",
            "rotation": 0.12566370614359174,
            "transform_matrix": [
                [
                    0.9766955971717834,
                    -0.0830032005906105,
                    0.19792933762073517,
                    0.7978786826133728
                ],
                [
                    0.21462886035442352,
                    0.3777164816856384,
                    -0.9007022976875305,
                    -3.630847215652466
                ],
                [
                    0.0,
                    0.9221934676170349,
                    0.3867289423942566,
                    1.5589542388916016
                ],
                [
                    0.0,
                    0.0,
                    0.0,
                    1.0
                ]
            ]
        },
        {
            "file_path": "/data/shapenet_blender/all_50_random/02958343/1e17510abe8f98bea697d949e28d773c/r_22",
            "rotation": 0.12566370614359174,
            "transform_matrix": [
                [
                    0.1682126224040985,
                    -0.470066100358963,
                    -0.8664538860321045,
                    -3.4927873611450195
                ],
                [
                    -0.9857507348060608,
                    -0.08021404594182968,
                    -0.14785531163215637,
                    -0.5960237979888916
                ],
                [
                    0.0,
                    0.8789787292480469,
                    -0.47686097025871277,
                    -1.9222880601882935
                ],
                [
                    0.0,
                    0.0,
                    0.0,
                    1.0
                ]
            ]
        },
        {
            "file_path": "/data/shapenet_blender/all_50_random/02958343/1e17510abe8f98bea697d949e28d773c/r_23",
            "rotation": 0.12566370614359174,
            "transform_matrix": [
                [
                    -0.5642551779747009,
                    0.18918466567993164,
                    0.8036324381828308,
                    3.239546298980713
                ],
                [
                    0.8256004452705383,
                    0.12929794192314148,
                    0.5492411851882935,
                    2.214062213897705
                ],
                [
                    0.0,
                    0.9733916521072388,
                    -0.22914795577526093,
                    -0.9237250089645386
                ],
                [
                    0.0,
                    0.0,
                    0.0,
                    1.0
                ]
            ]
        },
        {
            "file_path": "/data/shapenet_blender/all_50_random/02958343/1e17510abe8f98bea697d949e28d773c/r_24",
            "rotation": 0.12566370614359174,
            "transform_matrix": [
                [
                    -0.9960765242576599,
                    0.03717196732759476,
                    0.08030986785888672,
                    0.3237394094467163
                ],
                [
                    0.08849536627531052,
                    0.4183962047100067,
                    0.9039431214332581,
                    3.643911123275757
                ],
                [
                    0.0,
                    0.907503604888916,
                    -0.4200442135334015,
                    -1.6932523250579834
                ],
                [
                    0.0,
                    0.0,
                    0.0,
                    1.0
                ]
            ]
        },
        {
            "file_path": "/data/shapenet_blender/all_50_random/02958343/1e17510abe8f98bea697d949e28d773c/r_25",
            "rotation": 0.12566370614359174,
            "transform_matrix": [
                [
                    0.5959681272506714,
                    0.06938967108726501,
                    0.8000044226646423,
                    3.2249209880828857
                ],
                [
                    0.8030081391334534,
                    -0.0514988973736763,
                    -0.593738853931427,
                    -2.3934378623962402
                ],
                [
                    0.0,
                    0.9962595105171204,
                    -0.08641216903924942,
                    -0.34833860397338867
                ],
                [
                    0.0,
                    0.0,
                    0.0,
                    1.0
                ]
            ]
        },
        {
            "file_path": "/data/shapenet_blender/all_50_random/02958343/1e17510abe8f98bea697d949e28d773c/r_26",
            "rotation": 0.12566370614359174,
            "transform_matrix": [
                [
                    -0.4498805105686188,
                    -0.02364264242351055,
                    -0.8927757143974304,
                    -3.5988941192626953
                ],
                [
                    -0.8930888175964355,
                    0.011909637600183487,
                    0.4497227966785431,
                    1.8128905296325684
                ],
                [
                    0.0,
                    0.9996496438980103,
                    -0.02647288702428341,
                    -0.1067156195640564
                ],
                [
                    0.0,
                    0.0,
                    0.0,
                    1.0
                ]
            ]
        },
        {
            "file_path": "/data/shapenet_blender/all_50_random/02958343/1e17510abe8f98bea697d949e28d773c/r_27",
            "rotation": 0.12566370614359174,
            "transform_matrix": [
                [
                    -0.25459742546081543,
                    -0.8363479971885681,
                    -0.48549145460128784,
                    -1.9570788145065308
                ],
                [
                    -0.9670471549034119,
                    0.22018785774707794,
                    0.1278167963027954,
                    0.5152460336685181
                ],
                [
                    -7.450581485102248e-09,
                    0.5020349025726318,
                    -0.8648472428321838,
                    -3.4863109588623047
                ],
                [
                    0.0,
                    0.0,
                    0.0,
                    1.0
                ]
            ]
        },
        {
            "file_path": "/data/shapenet_blender/all_50_random/02958343/1e17510abe8f98bea697d949e28d773c/r_28",
            "rotation": 0.12566370614359174,
            "transform_matrix": [
                [
                    -0.8865948915481567,
                    -0.2685568034648895,
                    -0.3765990436077118,
                    -1.51811945438385
                ],
                [
                    -0.4625468850135803,
                    0.5147609710693359,
                    0.7218527793884277,
                    2.909881830215454
                ],
                [
                    1.4901161193847656e-08,
                    0.8141856789588928,
                    -0.5806044936180115,
                    -2.340491771697998
                ],
                [
                    0.0,
                    0.0,
                    0.0,
                    1.0
                ]
            ]
        },
        {
            "file_path": "/data/shapenet_blender/all_50_random/02958343/1e17510abe8f98bea697d949e28d773c/r_29",
            "rotation": 0.12566370614359174,
            "transform_matrix": [
                [
                    -0.991110622882843,
                    -0.04126053303480148,
                    0.1264805644750595,
                    0.5098594427108765
                ],
                [
                    0.13304047286510468,
                    -0.30737829208374023,
                    0.942241370677948,
                    3.7982964515686035
                ],
                [
                    -3.725290298461914e-09,
                    0.9506924748420715,
                    0.31013521552085876,
                    1.250195026397705
                ],
                [
                    0.0,
                    0.0,
                    0.0,
                    1.0
                ]
            ]
        },
        {
            "file_path": "/data/shapenet_blender/all_50_random/02958343/1e17510abe8f98bea697d949e28d773c/r_30",
            "rotation": 0.12566370614359174,
            "transform_matrix": [
                [
                    0.20533697307109833,
                    -0.9606112241744995,
                    -0.18725009262561798,
                    -0.7548292875289917
                ],
                [
                    -0.9786913990974426,
                    -0.20154359936714172,
                    -0.03928650915622711,
                    -0.15836898982524872
                ],
                [
                    0.0,
                    0.19132690131664276,
                    -0.9815263152122498,
                    -3.9566590785980225
                ],
                [
                    0.0,
                    0.0,
                    0.0,
                    1.0
                ]
            ]
        },
        {
            "file_path": "/data/shapenet_blender/all_50_random/02958343/1e17510abe8f98bea697d949e28d773c/r_31",
            "rotation": 0.12566370614359174,
            "transform_matrix": [
                [
                    -0.9830028414726257,
                    0.01510576717555523,
                    -0.18296769261360168,
                    -0.737566351890564
                ],
                [
                    -0.18359018862247467,
                    -0.08088129013776779,
                    0.9796697497367859,
                    3.9491751194000244
                ],
                [
                    9.313225191043273e-10,
                    0.9966092705726624,
                    0.08227980881929398,
                    0.3316805064678192
                ],
                [
                    0.0,
                    0.0,
                    0.0,
                    1.0
                ]
            ]
        },
        {
            "file_path": "/data/shapenet_blender/all_50_random/02958343/1e17510abe8f98bea697d949e28d773c/r_32",
            "rotation": 0.12566370614359174,
            "transform_matrix": [
                [
                    0.28378531336784363,
                    0.5924146175384521,
                    -0.7539965510368347,
                    -3.0394575595855713
                ],
                [
                    -0.9588878154754639,
                    0.1753266155719757,
                    -0.2231471985578537,
                    -0.8995351791381836
                ],
                [
                    1.4901159417490817e-08,
                    0.786324143409729,
                    0.6178141832351685,
                    2.4904887676239014
                ],
                [
                    0.0,
                    0.0,
                    0.0,
                    1.0
                ]
            ]
        },
        {
            "file_path": "/data/shapenet_blender/all_50_random/02958343/1e17510abe8f98bea697d949e28d773c/r_33",
            "rotation": 0.12566370614359174,
            "transform_matrix": [
                [
                    0.9641370177268982,
                    -0.18428872525691986,
                    0.1909908652305603,
                    0.7699089050292969
                ],
                [
                    0.2654050588607788,
                    0.6694656014442444,
                    -0.6938124895095825,
                    -2.7968478202819824
                ],
                [
                    0.0,
                    0.7196202278137207,
                    0.6943677067756653,
                    2.799086093902588
                ],
                [
                    0.0,
                    0.0,
                    0.0,
                    1.0
                ]
            ]
        },
        {
            "file_path": "/data/shapenet_blender/all_50_random/02958343/1e17510abe8f98bea697d949e28d773c/r_34",
            "rotation": 0.12566370614359174,
            "transform_matrix": [
                [
                    0.8489736318588257,
                    -0.2779218256473541,
                    -0.4494476914405823,
                    -1.811781644821167
                ],
                [
                    -0.528435230255127,
                    -0.44650375843048096,
                    -0.7220737934112549,
                    -2.9107725620269775
                ],
                [
                    0.0,
                    0.8505256175994873,
                    -0.525933563709259,
                    -2.1201059818267822
                ],
                [
                    0.0,
                    0.0,
                    0.0,
                    1.0
                ]
            ]
        },
        {
            "file_path": "/data/shapenet_blender/all_50_random/02958343/1e17510abe8f98bea697d949e28d773c/r_35",
            "rotation": 0.12566370614359174,
            "transform_matrix": [
                [
                    0.8559839725494385,
                    -0.18551680445671082,
                    0.48257118463516235,
                    1.945306658744812
                ],
                [
                    0.5170023441314697,
                    0.30715411901474,
                    -0.7989773750305176,
                    -3.220780849456787
                ],
                [
                    0.0,
                    0.9334021806716919,
                    0.3588316738605499,
                    1.4464967250823975
                ],
                [
                    0.0,
                    0.0,
                    0.0,
                    1.0
                ]
            ]
        },
        {
            "file_path": "/data/shapenet_blender/all_50_random/02958343/1e17510abe8f98bea697d949e28d773c/r_36",
            "rotation": 0.12566370614359174,
            "transform_matrix": [
                [
                    0.6089536547660828,
                    0.24821047484874725,
                    -0.753370463848114,
                    -3.036933422088623
                ],
                [
                    -0.7932059168815613,
                    0.1905541568994522,
                    -0.578371524810791,
                    -2.3314902782440186
                ],
                [
                    0.0,
                    0.9497792720794678,
                    0.31292062997817993,
                    1.2614233493804932
                ],
                [
                    0.0,
                    0.0,
                    0.0,
                    1.0
                ]
            ]
        },
        {
            "file_path": "/data/shapenet_blender/all_50_random/02958343/1e17510abe8f98bea697d949e28d773c/r_37",
            "rotation": 0.12566370614359174,
            "transform_matrix": [
                [
                    0.8487711548805237,
                    -0.04783789813518524,
                    0.5265920162200928,
                    2.122760534286499
                ],
                [
                    0.528760552406311,
                    0.07678981870412827,
                    -0.8452901840209961,
                    -3.4074740409851074
                ],
                [
                    0.0,
                    0.9958990216255188,
                    0.09047175198793411,
                    0.36470332741737366
                ],
                [
                    0.0,
                    0.0,
                    0.0,
                    1.0
                ]
            ]
        },
        {
            "file_path": "/data/shapenet_blender/all_50_random/02958343/1e17510abe8f98bea697d949e28d773c/r_38",
            "rotation": 0.12566370614359174,
            "transform_matrix": [
                [
                    0.31405022740364075,
                    0.19282497465610504,
                    0.9296186566352844,
                    3.747412919998169
                ],
                [
                    0.9494063258171082,
                    -0.06378377974033356,
                    -0.3075047433376312,
                    -1.239591360092163
                ],
                [
                    -3.725290076417309e-09,
                    0.9791579246520996,
                    -0.2031005322933197,
                    -0.818724513053894
                ],
                [
                    0.0,
                    0.0,
                    0.0,
                    1.0
                ]
            ]
        },
        {
            "file_path": "/data/shapenet_blender/all_50_random/02958343/1e17510abe8f98bea697d949e28d773c/r_39",
            "rotation": 0.12566370614359174,
            "transform_matrix": [
                [
                    0.94105064868927,
                    0.33704277873039246,
                    -0.028740087524056435,
                    -0.11585500836372375
                ],
                [
                    -0.33826589584350586,
                    0.9376478791236877,
                    -0.07995448261499405,
                    -0.32230687141418457
                ],
                [
                    0.0,
                    0.0849623754620552,
                    0.9963840842247009,
                    4.016552925109863
                ],
                [
                    0.0,
                    0.0,
                    0.0,
                    1.0
                ]
            ]
        },
        {
            "file_path": "/data/shapenet_blender/all_50_random/02958343/1e17510abe8f98bea697d949e28d773c/r_40",
            "rotation": 0.12566370614359174,
            "transform_matrix": [
                [
                    0.99042809009552,
                    -0.07591157406568527,
                    -0.11528106778860092,
                    -0.46471288800239563
                ],
                [
                    -0.1380300521850586,
                    -0.5446999073028564,
                    -0.8271937966346741,
                    -3.3345251083374023
                ],
                [
                    0.0,
                    0.8351883292198181,
                    -0.5499640703201294,
                    -2.2169764041900635
                ],
                [
                    0.0,
                    0.0,
                    0.0,
                    1.0
                ]
            ]
        },
        {
            "file_path": "/data/shapenet_blender/all_50_random/02958343/1e17510abe8f98bea697d949e28d773c/r_41",
            "rotation": 0.12566370614359174,
            "transform_matrix": [
                [
                    0.9755386114120483,
                    0.04060312733054161,
                    0.21604569256305695,
                    0.8709080219268799
                ],
                [
                    0.21982800960540771,
                    -0.1801859587430954,
                    -0.9587537050247192,
                    -3.8648598194122314
                ],
                [
                    3.725290076417309e-09,
