{
    "class": "02958343",
    "model": "9cdd8cd41303cbdc650bba674124a73b",
    "remove_doubles": true,
    "edge_split": true,
    "denoise": true,
    "camera_angle_x": 0.6911112070083618,
    "scale_factor": 2.411980763921131,
    "hdri_file": "/data/IndoorHDRDataset2018/9C4A6775-8b6060bda8.exr",
    "center_offset": [
        0.0,
        0.0,
        -1.862645149230957e-09
    ],
    "lights": [],
    "frames": [
        {
            "file_path": "/data/shapenet_blender/all_50_random/02958343/9cdd8cd41303cbdc650bba674124a73b/r_0",
            "rotation": 0.12566370614359174,
            "transform_matrix": [
                [
                    0.9072108864784241,
                    -0.16769936680793762,
                    0.3858049213886261,
                    1.5552294254302979
                ],
                [
                    0.4206763207912445,
                    0.3616526424884796,
                    -0.8320088982582092,
                    -3.3539352416992188
                ],
                [
                    0.0,
                    0.9171063303947449,
                    0.3986423909664154,
                    1.6069788932800293
                ],
                [
                    0.0,
                    0.0,
                    0.0,
                    1.0
                ]
            ]
        },
        {
            "file_path": "/data/shapenet_blender/all_50_random/02958343/9cdd8cd41303cbdc650bba674124a73b/r_1",
            "rotation": 0.12566370614359174,
            "transform_matrix": [
                [
                    0.6413135528564453,
                    -0.6734349727630615,
                    -0.36769863963127136,
                    -1.4822406768798828
                ],
                [
                    -0.7672789096832275,
                    -0.5628761053085327,
                    -0.30733299255371094,
                    -1.2388988733291626
                ],
                [
                    0.0,
                    0.47922423481941223,
                    -0.877692461013794,
                    -3.5380914211273193
                ],
                [
                    0.0,
                    0.0,
                    0.0,
                    1.0
                ]
            ]
        },
        {
            "file_path": "/data/shapenet_blender/all_50_random/02958343/9cdd8cd41303cbdc650bba674124a73b/r_2",
            "rotation": 0.12566370614359174,
            "transform_matrix": [
                [
                    -0.8393520712852478,
                    -0.5308412909507751,
                    0.11702855676412582,
                    0.4717572033405304
                ],
                [
                    0.5435882210731506,
                    -0.8196694850921631,
                    0.18070322275161743,
                    0.7284380197525024
                ],
                [
                    0.0,
                    0.21528898179531097,
                    0.9765503406524658,
                    3.93660044670105
                ],
                [
                    0.0,
                    0.0,
                    0.0,
                    1.0
                ]
            ]
        },
        {
            "file_path": "/data/shapenet_blender/all_50_random/02958343/9cdd8cd41303cbdc650bba674124a73b/r_3",
            "rotation": 0.12566370614359174,
            "transform_matrix": [
                [
                    0.181316077709198,
                    -0.141859233379364,
                    -0.9731394052505493,
                    -3.9228506088256836
                ],
                [
                    -0.9834249019622803,
                    -0.026154881343245506,
                    -0.17941972613334656,
                    -0.7232640981674194
                ],
                [
                    0.0,
                    0.9895412921905518,
                    -0.14425018429756165,
                    -0.5814911723136902
                ],
                [
                    0.0,
                    0.0,
                    0.0,
                    1.0
                ]
            ]
        },
        {
            "file_path": "/data/shapenet_blender/all_50_random/02958343/9cdd8cd41303cbdc650bba674124a73b/r_4",
            "rotation": 0.12566370614359174,
            "transform_matrix": [
                [
                    0.9937171936035156,
                    -0.011296654120087624,
                    -0.11134956777095795,
                    -0.4488644599914551
                ],
                [
                    -0.11192114651203156,
                    -0.1002999022603035,
                    -0.9886423349380493,
                    -3.985344648361206
                ],
                [
                    0.0,
                    0.9948930144309998,
                    -0.10093408823013306,
                    -0.4068783223628998
                ],
                [
                    0.0,
                    0.0,
                    0.0,
                    1.0
                ]
            ]
        },
        {
            "file_path": "/data/shapenet_blender/all_50_random/02958343/9cdd8cd41303cbdc650bba674124a73b/r_5",
            "rotation": 0.12566370614359174,
            "transform_matrix": [
                [
                    0.4351591467857361,
                    -0.5369449257850647,
                    -0.7227216362953186,
                    -2.913384437561035
                ],
                [
                    -0.9003536701202393,
                    -0.2595163583755493,
                    -0.34930598735809326,
                    -1.4080976247787476
                ],
                [
                    -1.4901162970204496e-08,
                    0.8027087450027466,
                    -0.5963711142539978,
                    -2.4040491580963135
                ],
                [
                    0.0,
                    0.0,
                    0.0,
                    1.0
                ]
            ]
        },
        {
            "file_path": "/data/shapenet_blender/all_50_random/02958343/9cdd8cd41303cbdc650bba674124a73b/r_6",
            "rotation": 0.12566370614359174,
            "transform_matrix": [
                [
                    0.8577321171760559,
                    -0.12148190289735794,
                    -0.4995373487472534,
                    -2.013699531555176
                ],
                [
                    -0.5140966176986694,
                    -0.20268353819847107,
                    -0.8334409594535828,
                    -3.359708309173584
                ],
                [
                    0.0,
                    0.9716798067092896,
                    -0.23630161583423615,
                    -0.9525623321533203
                ],
                [
                    0.0,
                    0.0,
                    0.0,
                    1.0
                ]
            ]
        },
        {
            "file_path": "/data/shapenet_blender/all_50_random/02958343/9cdd8cd41303cbdc650bba674124a73b/r_7",
            "rotation": 0.12566370614359174,
            "transform_matrix": [
                [
                    0.993859589099884,
                    -0.00790729932487011,
                    -0.11036594212055206,
                    -0.44489938020706177
                ],
                [
                    -0.11064887046813965,
                    -0.07102418690919876,
                    -0.99131840467453,
                    -3.9961326122283936
                ],
                [
                    0.0,
                    0.9974431395530701,
                    -0.07146299630403519,
                    -0.28807657957077026
                ],
                [
                    0.0,
                    0.0,
                    0.0,
                    1.0
                ]
            ]
        },
        {
            "file_path": "/data/shapenet_blender/all_50_random/02958343/9cdd8cd41303cbdc650bba674124a73b/r_8",
            "rotation": 0.12566370614359174,
            "transform_matrix": [
                [
                    0.8975577354431152,
                    0.21311016380786896,
                    -0.38597169518470764,
                    -1.5559016466140747
                ],
                [
                    -0.4408968985080719,
                    0.43383991718292236,
                    -0.7857434749603271,
                    -3.167433023452759
                ],
                [
                    0.0,
                    0.8754238486289978,
                    0.4833560585975647,
                    1.9484704732894897
                ],
                [
                    0.0,
                    0.0,
                    0.0,
                    1.0
                ]
            ]
        },
        {
            "file_path": "/data/shapenet_blender/all_50_random/02958343/9cdd8cd41303cbdc650bba674124a73b/r_9",
            "rotation": 0.12566370614359174,
            "transform_matrix": [
                [
                    0.03137843310832977,
                    0.12833477556705475,
                    0.9912343621253967,
                    3.995793581008911
                ],
                [
                    0.9995076060295105,
                    -0.004028928000479937,
                    -0.03111870586872101,
                    -0.12544351816177368
                ],
                [
                    -4.656612873077393e-10,
                    0.9917227029800415,
                    -0.12839800119400024,
                    -0.5175889134407043
                ],
                [
                    0.0,
                    0.0,
                    0.0,
                    1.0
                ]
            ]
        },
        {
            "file_path": "/data/shapenet_blender/all_50_random/02958343/9cdd8cd41303cbdc650bba674124a73b/r_10",
            "rotation": 0.12566370614359174,
            "transform_matrix": [
                [
                    0.9817215204238892,
                    -0.12632763385772705,
                    0.14235222339630127,
                    0.5738401412963867
                ],
                [
                    0.19032292068004608,
                    0.6516216993331909,
                    -0.7342795729637146,
                    -2.959975481033325
                ],
                [
                    0.0,
                    0.7479509711265564,
                    0.6637539863586426,
                    2.67567777633667
                ],
                [
                    0.0,
                    0.0,
                    0.0,
                    1.0
                ]
            ]
        },
        {
            "file_path": "/data/shapenet_blender/all_50_random/02958343/9cdd8cd41303cbdc650bba674124a73b/r_11",
            "rotation": 0.12566370614359174,
            "transform_matrix": [
                [
                    -0.9834000468254089,
                    -0.10208134353160858,
                    -0.15001246333122253,
                    -0.6047196388244629
                ],
                [
                    -0.18145065009593964,
                    0.5532456636428833,
                    0.8130158185958862,
                    3.277372121810913
                ],
                [
                    -7.450580152834618e-09,
                    0.8267397880554199,
                    -0.5625844597816467,
                    -2.267850637435913
                ],
                [
                    0.0,
                    0.0,
                    0.0,
                    1.0
                ]
            ]
        },
        {
            "file_path": "/data/shapenet_blender/all_50_random/02958343/9cdd8cd41303cbdc650bba674124a73b/r_12",
            "rotation": 0.12566370614359174,
            "transform_matrix": [
                [
                    -0.8064250349998474,
                    -0.0333685539662838,
                    -0.5903939604759216,
                    -2.3799540996551514
                ],
                [
                    -0.591336190700531,
                    0.0455058217048645,
                    0.8051401376724243,
                    3.245623826980591
                ],
                [
                    0.0,
                    0.9984066486358643,
                    -0.056429069489240646,
                    -0.22747285664081573
                ],
                [
                    0.0,
                    0.0,
                    0.0,
                    1.0
                ]
            ]
        },
        {
            "file_path": "/data/shapenet_blender/all_50_random/02958343/9cdd8cd41303cbdc650bba674124a73b/r_13",
            "rotation": 0.12566370614359174,
            "transform_matrix": [
                [
                    0.3580814301967621,
                    -0.17441289126873016,
                    -0.9172555208206177,
                    -3.697575569152832
                ],
                [
                    -0.9336903691291809,
                    -0.06688942760229111,
                    -0.35177844762802124,
                    -1.4180643558502197
                ],
                [
                    0.0,
                    0.9823981523513794,
                    -0.18679946660995483,
                    -0.7530127763748169
                ],
                [
                    0.0,
                    0.0,
                    0.0,
                    1.0
                ]
            ]
        },
        {
            "file_path": "/data/shapenet_blender/all_50_random/02958343/9cdd8cd41303cbdc650bba674124a73b/r_14",
            "rotation": 0.12566370614359174,
            "transform_matrix": [
                [
                    -0.98675936460495,
                    -0.018278324976563454,
                    -0.1611577570438385,
                    -0.6496477723121643
                ],
                [
                    -0.1621910035610199,
                    0.1112041100859642,
                    0.9804731011390686,
                    3.95241379737854
                ],
                [
                    0.0,
                    0.9936294555664062,
                    -0.11269626766443253,
                    -0.45429322123527527
                ],
                [
                    0.0,
                    0.0,
                    0.0,
                    1.0
                ]
            ]
        },
        {
            "file_path": "/data/shapenet_blender/all_50_random/02958343/9cdd8cd41303cbdc650bba674124a73b/r_15",
            "rotation": 0.12566370614359174,
            "transform_matrix": [
                [
                    0.03462936356663704,
                    0.35284537076950073,
                    0.9350405335426331,
                    3.7692692279815674
                ],
                [
                    0.99940025806427,
                    -0.012226142920553684,
                    -0.032399289309978485,
                    -0.13060572743415833
                ],
                [
                    -9.313225746154785e-10,
                    0.9356018304824829,
                    -0.35305705666542053,
                    -1.4232186079025269
                ],
                [
                    0.0,
                    0.0,
                    0.0,
                    1.0
                ]
            ]
        },
        {
            "file_path": "/data/shapenet_blender/all_50_random/02958343/9cdd8cd41303cbdc650bba674124a73b/r_16",
            "rotation": 0.12566370614359174,
            "transform_matrix": [
                [
                    0.7832441926002502,
                    -0.5789415240287781,
                    0.22661715745925903,
                    0.9135229587554932
                ],
                [
                    0.6217142343521118,
                    0.7293585538864136,
                    -0.28549546003341675,
                    -1.1508690118789673
                ],
                [
                    1.4901161193847656e-08,
                    0.36450377106666565,
                    0.9312018752098083,
                    3.7537949085235596
                ],
                [
                    0.0,
                    0.0,
                    0.0,
                    1.0
                ]
            ]
        },
        {
            "file_path": "/data/shapenet_blender/all_50_random/02958343/9cdd8cd41303cbdc650bba674124a73b/r_17",
            "rotation": 0.12566370614359174,
            "transform_matrix": [
                [
                    0.3602847158908844,
                    0.6267483234405518,
                    0.6909278631210327,
                    2.785219192504883
                ],
                [
                    0.9328424334526062,
                    -0.24206429719924927,
                    -0.26685190200805664,
                    -1.0757144689559937
                ],
                [
                    0.0,
                    0.7406693696975708,
                    -0.6718695759773254,
                    -2.708392858505249
                ],
                [
                    0.0,
                    0.0,
                    0.0,
                    1.0
                ]
            ]
        },
        {
            "file_path": "/data/shapenet_blender/all_50_random/02958343/9cdd8cd41303cbdc650bba674124a73b/r_18",
            "rotation": 0.12566370614359174,
            "transform_matrix": [
                [
                    -0.11228884011507034,
                    0.248154878616333,
                    -0.9621903300285339,
                    -3.878713607788086
                ],
                [
                    -0.9936756491661072,
                    -0.028042372316122055,
                    0.10873088240623474,
                    0.4383082389831543
                ],
                [
                    0.0,
                    0.9683143496513367,
                    0.2497342824935913,
                    1.0067111253738403
                ],
                [
                    0.0,
                    0.0,
                    0.0,
                    1.0
                ]
            ]
        },
        {
            "file_path": "/data/shapenet_blender/all_50_random/02958343/9cdd8cd41303cbdc650bba674124a73b/r_19",
            "rotation": 0.12566370614359174,
            "transform_matrix": [
                [
                    -0.27615445852279663,
                    0.5793859958648682,
                    -0.7668445706367493,
                    -3.0912492275238037
                ],
                [
                    -0.9611133337020874,
                    -0.1664736270904541,
                    0.2203356772661209,
                    0.8882014751434326
                ],
                [
                    0.0,
                    0.7978712320327759,
                    0.6028279066085815,
                    2.430077075958252
                ],
                [
                    0.0,
                    0.0,
                    0.0,
                    1.0
                ]
            ]
        },
        {
            "file_path": "/data/shapenet_blender/all_50_random/02958343/9cdd8cd41303cbdc650bba674124a73b/r_20",
            "rotation": 0.12566370614359174,
            "transform_matrix": [
                [
                    -0.9514466524124146,
                    -0.22023989260196686,
                    0.21504375338554382,
                    0.8668690919876099
                ],
                [
                    0.30781397223472595,
                    -0.6807569265365601,
                    0.6646957993507385,
                    2.679474353790283
                ],
                [
                    0.0,
                    0.6986160278320312,
                    0.7154967784881592,
                    2.8842597007751465
                ],
                [
                    0.0,
                    0.0,
                    0.0,
                    1.0
                ]
            ]
        },
        {
            "file_path": "/data/shapenet_blender/all_50_random/02958343/9cdd8cd41303cbdc650bba674124a73b/r_21",
            "rotation": 0.12566370614359174,
            "transform_matrix": [
                [
                    0.9068517684936523,
                    -0.04598095268011093,
                    -0.4189339280128479,
                    -1.6887767314910889
                ],
                [
                    -0.42144975066185,
                    -0.09893922507762909,
                    -0.9014383554458618,
                    -3.6338143348693848
                ],
                [
                    -3.725290298461914e-09,
                    0.9940305948257446,
                    -0.10910186916589737,
                    -0.43980368971824646
                ],
                [
                    0.0,
                    0.0,
                    0.0,
                    1.0
                ]
            ]
        },
        {
            "file_path": "/data/shapenet_blender/all_50_random/02958343/9cdd8cd41303cbdc650bba674124a73b/r_22",
            "rotation": 0.12566370614359174,
            "transform_matrix": [
                [
                    -0.8454582691192627,
                    0.2632937729358673,
                    0.4646252989768982,
                    1.8729645013809204
                ],
                [
                    0.5340414643287659,
                    0.4168289005756378,
                    0.735563337802887,
                    2.9651505947113037
                ],
                [
                    1.4901159417490817e-08,
                    0.8700172305107117,
                    -0.49302124977111816,
                    -1.9874322414398193
                ],
                [
                    0.0,
                    0.0,
                    0.0,
                    1.0
                ]
            ]
        },
        {
            "file_path": "/data/shapenet_blender/all_50_random/02958343/9cdd8cd41303cbdc650bba674124a73b/r_23",
            "rotation": 0.12566370614359174,
            "transform_matrix": [
                [
                    0.6077761054039001,
                    -0.5872997045516968,
                    -0.5344971418380737,
                    -2.1546268463134766
                ],
                [
                    -0.794108510017395,
                    -0.4494936764240265,
                    -0.4090808928012848,
                    -1.6490578651428223
                ],
                [
                    0.0,
                    0.6730782985687256,
                    -0.739571213722229,
                    -2.981307029724121
                ],
                [
                    0.0,
                    0.0,
                    0.0,
                    1.0
                ]
            ]
        },
        {
            "file_path": "/data/shapenet_blender/all_50_random/02958343/9cdd8cd41303cbdc650bba674124a73b/r_24",
            "rotation": 0.12566370614359174,
            "transform_matrix": [
                [
                    0.6972275376319885,
                    0.6048300862312317,
                    0.3847780227661133,
                    1.5510900020599365
                ],
                [
                    0.7168498039245605,
                    -0.5882741212844849,
                    -0.3742454946041107,
                    -1.508631944656372
                ],
                [
                    1.4901161193847656e-08,
                    0.5367623567581177,
                    -0.8437333703041077,
                    -3.401198148727417
                ],
                [
                    0.0,
                    0.0,
                    0.0,
                    1.0
                ]
            ]
        },
        {
            "file_path": "/data/shapenet_blender/all_50_random/02958343/9cdd8cd41303cbdc650bba674124a73b/r_25",
            "rotation": 0.12566370614359174,
            "transform_matrix": [
                [
                    0.43559131026268005,
                    -0.38930246233940125,
                    0.81160569190979,
                    3.2716870307922363
                ],
                [
                    0.9001445770263672,
                    0.188388392329216,
                    -0.392746239900589,
                    -1.5832107067108154
                ],
                [
                    -1.4901159417490817e-08,
                    0.9016393423080444,
                    0.4324888586997986,
                    1.7434182167053223
                ],
                [
                    0.0,
                    0.0,
                    0.0,
                    1.0
                ]
            ]
        },
        {
            "file_path": "/data/shapenet_blender/all_50_random/02958343/9cdd8cd41303cbdc650bba674124a73b/r_26",
            "rotation": 0.12566370614359174,
            "transform_matrix": [
                [
                    0.22914539277553558,
                    0.2785477638244629,
                    -0.9326862096786499,
                    -3.7597782611846924
                ],
                [
                    -0.973392128944397,
                    0.06557268649339676,
                    -0.2195628434419632,
                    -0.8850861191749573
                ],
                [
                    0.0,
                    0.9581812620162964,
                    0.2861618995666504,
                    1.1535555124282837
                ],
                [
                    0.0,
                    0.0,
                    0.0,
                    1.0
                ]
            ]
        },
        {
            "file_path": "/data/shapenet_blender/all_50_random/02958343/9cdd8cd41303cbdc650bba674124a73b/r_27",
            "rotation": 0.12566370614359174,
            "transform_matrix": [
                [
                    -0.982517659664154,
                    -0.0007495105965062976,
                    0.18616804480552673,
                    0.7504674196243286
                ],
                [
                    0.1861695647239685,
                    -0.00395557377487421,
                    0.9825096726417542,
                    3.960623264312744
                ],
                [
                    0.0,
                    0.9999918937683105,
                    0.004025957081466913,
                    0.01622915267944336
                ],
                [
                    0.0,
                    0.0,
                    0.0,
                    1.0
                ]
            ]
        },
        {
            "file_path": "/data/shapenet_blender/all_50_random/02958343/9cdd8cd41303cbdc650bba674124a73b/r_28",
            "rotation": 0.12566370614359174,
            "transform_matrix": [
                [
                    0.999528169631958,
                    -0.02029551938176155,
                    -0.023057881742715836,
                    -0.09294930100440979
                ],
                [
                    -0.030717650428414345,
                    -0.6604001522064209,
                    -0.750285267829895,
                    -3.0244967937469482
                ],
                [
                    9.313225746154785e-10,
                    0.7506395578384399,
                    -0.6607118844985962,
                    -2.66341495513916
                ],
                [
                    0.0,
                    0.0,
                    0.0,
                    1.0
                ]
            ]
        },
        {
            "file_path": "/data/shapenet_blender/all_50_random/02958343/9cdd8cd41303cbdc650bba674124a73b/r_29",
            "rotation": 0.12566370614359174,
            "transform_matrix": [
                [
                    0.365090936422348,
                    0.7134782671928406,
                    -0.5980446338653564,
                    -2.410795211791992
                ],
                [
                    -0.9309719800949097,
                    0.27979838848114014,
                    -0.23452980816364288,
                    -0.94541996717453
                ],
                [
                    1.4901162970204496e-08,
                    0.6423874497413635,
                    0.7663798928260803,
                    3.089376449584961
                ],
                [
                    0.0,
                    0.0,
                    0.0,
                    1.0
                ]
            ]
        },
        {
            "file_path": "/data/shapenet_blender/all_50_random/02958343/9cdd8cd41303cbdc650bba674124a73b/r_30",
            "rotation": 0.12566370614359174,
            "transform_matrix": [
                [
                    -0.5304425358772278,
                    -0.5023565292358398,
                    0.6828386187553406,
                    2.752610445022583
                ],
                [
                    0.8477209806442261,
                    -0.31433844566345215,
                    0.4272710680961609,
                    1.7223848104476929
                ],
                [
                    1.4901162970204496e-08,
                    0.805499255657196,
                    0.5925966501235962,
                    2.388833522796631
                ],
                [
                    0.0,
                    0.0,
                    0.0,
                    1.0
                ]
            ]
        },
        {
            "file_path": "/data/shapenet_blender/all_50_random/02958343/9cdd8cd41303cbdc650bba674124a73b/r_31",
            "rotation": 0.12566370614359174,
            "transform_matrix": [
                [
                    0.3714334964752197,
                    -0.3412686884403229,
                    -0.8634656071662903,
                    -3.480741024017334
                ],
                [
                    -0.9284595251083374,
                    -0.13652575016021729,
                    -0.34543243050575256,
                    -1.3924826383590698
                ],
                [
                    -1.4901160305669237e-08,
                    0.9299980401992798,
                    -0.3675644099712372,
                    -1.4816994667053223
                ],
                [
                    0.0,
                    0.0,
                    0.0,
                    1.0
                ]
            ]
        },
        {
            "file_path": "/data/shapenet_blender/all_50_random/02958343/9cdd8cd41303cbdc650bba674124a73b/r_32",
            "rotation": 0.12566370614359174,
            "transform_matrix": [
                [
                    -0.8211084008216858,
                    -0.0006030001677572727,
                    -0.5707719922065735,
                    -2.3008556365966797
                ],
                [
                    -0.5707724094390869,
                    0.0008674710988998413,
                    0.8211078643798828,
                    3.3099918365478516
                ],
                [
                    0.0,
                    0.9999994039535522,
                    -0.0010564635740593076,
                    -0.004258741158992052
                ],
                [
                    0.0,
                    0.0,
                    0.0,
                    1.0
                ]
            ]
        },
        {
            "file_path": "/data/shapenet_blender/all_50_random/02958343/9cdd8cd41303cbdc650bba674124a73b/r_33",
            "rotation": 0.12566370614359174,
            "transform_matrix": [
                [
                    -0.8519722819328308,
                    -0.04057095944881439,
                    0.5220127105712891,
                    2.1043007373809814
                ],
                [
                    0.5235870480537415,
                    -0.06601639837026596,
                    0.8494105339050293,
                    3.424083948135376
                ],
                [
                    -3.725290742551124e-09,
                    0.9969933032989502,
                    0.0774865597486496,
                    0.3123583495616913
                ],
                [
                    0.0,
                    0.0,
                    0.0,
                    1.0
                ]
            ]
        },
        {
            "file_path": "/data/shapenet_blender/all_50_random/02958343/9cdd8cd41303cbdc650bba674124a73b/r_34",
            "rotation": 0.12566370614359174,
            "transform_matrix": [
                [
                    -0.6188817024230957,
                    0.046989478170871735,
                    -0.784077525138855,
                    -3.160717248916626
                ],
                [
                    -0.7854841947555542,
                    -0.03702292963862419,
                    0.6177733540534973,
                    2.490323781967163
                ],
                [
                    0.0,
                    0.9982089400291443,
                    0.059822313487529755,
                    0.24115143716335297
                ],
                [
                    0.0,
                    0.0,
                    0.0,
                    1.0
                ]
            ]
        },
        {
            "file_path": "/data/shapenet_blender/all_50_random/02958343/9cdd8cd41303cbdc650bba674124a73b/r_35",
            "rotation": 0.12566370614359174,
            "transform_matrix": [
                [
                    0.40985652804374695,
                    -0.13181908428668976,
                    0.9025747776031494,
                    3.6383955478668213
                ],
                [
                    0.9121500849723816,
                    0.05923028662800789,
                    -0.40555405616760254,
                    -1.6348408460617065
                ],
                [
                    3.725290742551124e-09,
                    0.9895025491714478,
                    0.14451469480991364,
                    0.5825574398040771
                ],
                [
                    0.0,
                    0.0,
                    0.0,
                    1.0
                ]
            ]
        },
        {
            "file_path": "/data/shapenet_blender/all_50_random/02958343/9cdd8cd41303cbdc650bba674124a73b/r_36",
            "rotation": 0.12566370614359174,
            "transform_matrix": [
                [
                    -0.18334628641605377,
                    0.41996219754219055,
                    0.8888283371925354,
                    3.582981824874878
                ],
                [
                    0.9830484390258789,
                    0.0783262625336647,
                    0.16577349603176117,
                    0.6682543754577637
                ],
                [
                    0.0,
                    0.9041553139686584,
                    -0.4272039532661438,
                    -1.7221143245697021
                ],
                [
                    0.0,
                    0.0,
                    0.0,
                    1.0
                ]
            ]
        },
        {
            "file_path": "/data/shapenet_blender/all_50_random/02958343/9cdd8cd41303cbdc650bba674124a73b/r_37",
            "rotation": 0.12566370614359174,
            "transform_matrix": [
                [
                    -0.2373988926410675,
                    -0.6148681044578552,
                    -0.7520498037338257,
                    -3.0316100120544434
                ],
                [
                    -0.9714123606681824,
                    0.150264710187912,
                    0.18378989398479462,
                    0.7408808469772339
                ],
                [
                    0.0,
                    0.7741819620132446,
                    -0.6329630613327026,
                    -2.551555871963501
                ],
                [
                    0.0,
                    0.0,
                    0.0,
                    1.0
                ]
            ]
        },
        {
            "file_path": "/data/shapenet_blender/all_50_random/02958343/9cdd8cd41303cbdc650bba674124a73b/r_38",
            "rotation": 0.12566370614359174,
            "transform_matrix": [
                [
                    -0.828049898147583,
                    -0.05584915354847908,
                    0.5578657984733582,
                    2.2488291263580322
                ],
                [
                    0.5606545209884644,
                    -0.08248553425073624,
                    0.8239311575889587,
                    3.3213729858398438
                ],
                [
                    3.725290298461914e-09,
                    0.995026171207428,
                    0.09961419552564621,
                    0.40155768394470215
                ],
                [
                    0.0,
                    0.0,
                    0.0,
                    1.0
                ]
            ]
        },
        {
            "file_path": "/data/shapenet_blender/all_50_random/02958343/9cdd8cd41303cbdc650bba674124a73b/r_39",
            "rotation": 0.12566370614359174,
            "transform_matrix": [
                [
                    0.574642539024353,
                    -0.16205959022045135,
                    -0.8021987080574036,
                    -3.2337660789489746
                ],
                [
                    -0.8184045553207397,
                    -0.11379009485244751,
                    -0.5632635951042175,
                    -2.270587921142578
                ],
                [
                    7.450580596923828e-09,
                    0.9801981449127197,
                    -0.19801895320415497,
                    -0.7982398271560669
                ],
                [
                    0.0,
                    0.0,
                    0.0,
                    1.0
                ]
            ]
        },
        {
            "file_path": "/data/shapenet_blender/all_50_random/02958343/9cdd8cd41303cbdc650bba674124a73b/r_40",
            "rotation": 0.12566370614359174,
            "transform_matrix": [
                [
                    0.8976147770881653,
                    -0.12188495695590973,
                    0.42359381914138794,
                    1.7075612545013428
                ],
                [
                    0.44078078866004944,
                    0.24820896983146667,
                    -0.8626149296760559,
                    -3.4773120880126953
                ],
                [
                    0.0,
                    0.9610080122947693,
                    0.27652058005332947,
                    1.1146900653839111
                ],
                [
                    0.0,
                    0.0,
                    0.0,
                    1.0
                ]
            ]
        },
        {
            "file_path": "/data/shapenet_blender/all_50_random/02958343/9cdd8cd41303cbdc650bba674124a73b/r_41",
            "rotation": 0.12566370614359174,
            "transform_matrix": [
                [
                    0.9783942699432373,
                    -0.17845934629440308,
                    0.10438872128725052,
                    0.42080438137054443
                ],
                [
                    0.20674800872802734,
                    0.8445237278938293,
                    -0.49399906396865845,
                    -1.991373896598816
                ],
                [
                    0.0,
