{
    "class": "02958343",
    "model": "30456a19dc588d9461c6c61410fc904b",
    "remove_doubles": true,
    "edge_split": true,
    "denoise": true,
    "camera_angle_x": 0.6911112070083618,
    "scale_factor": 2.269915710321787,
    "hdri_file": "/data/IndoorHDRDataset2018/9C4A7998-693326a46e.exr",
    "center_offset": [
        0.0,
        -9.313225746154785e-10,
        -2.7939677238464355e-09
    ],
    "lights": [],
    "frames": [
        {
            "file_path": "/data/shapenet_blender/all_50_random/02958343/30456a19dc588d9461c6c61410fc904b/r_0",
            "rotation": 0.12566370614359174,
            "transform_matrix": [
                [
                    0.8303391933441162,
                    -0.43832823634147644,
                    0.3441007137298584,
                    1.387114405632019
                ],
                [
                    0.5572584271430969,
                    0.6531280279159546,
                    -0.5127249360084534,
                    -2.0668606758117676
                ],
                [
                    0.0,
                    0.61748868227005,
                    0.7865797281265259,
                    3.170804500579834
                ],
                [
                    0.0,
                    0.0,
                    0.0,
                    1.0
                ]
            ]
        },
        {
            "file_path": "/data/shapenet_blender/all_50_random/02958343/30456a19dc588d9461c6c61410fc904b/r_1",
            "rotation": 0.12566370614359174,
            "transform_matrix": [
                [
                    -0.25296562910079956,
                    0.1155531033873558,
                    -0.9605497121810913,
                    -3.8720998764038086
                ],
                [
                    -0.9674753546714783,
                    -0.030213654041290283,
                    0.2511547803878784,
                    1.0124374628067017
                ],
                [
                    0.0,
                    0.9928416609764099,
                    0.11943778395652771,
                    0.48146912455558777
                ],
                [
                    0.0,
                    0.0,
                    0.0,
                    1.0
                ]
            ]
        },
        {
            "file_path": "/data/shapenet_blender/all_50_random/02958343/30456a19dc588d9461c6c61410fc904b/r_2",
            "rotation": 0.12566370614359174,
            "transform_matrix": [
                [
                    -0.70736163854599,
                    -0.6115521788597107,
                    0.3544621467590332,
                    1.4288825988769531
                ],
                [
                    0.7068517208099365,
                    -0.6119933724403381,
                    0.354717880487442,
                    1.4299135208129883
                ],
                [
                    -1.4901158529312397e-08,
                    0.5014660954475403,
                    0.86517733335495,
                    3.4876413345336914
                ],
                [
                    0.0,
                    0.0,
                    0.0,
                    1.0
                ]
            ]
        },
        {
            "file_path": "/data/shapenet_blender/all_50_random/02958343/30456a19dc588d9461c6c61410fc904b/r_3",
            "rotation": 0.12566370614359174,
            "transform_matrix": [
                [
                    0.07098177820444107,
                    0.05744202062487602,
                    -0.9958222508430481,
                    -4.014287948608398
                ],
                [
                    -0.9974775910377502,
                    0.004087647423148155,
                    -0.0708639845252037,
                    -0.28566184639930725
                ],
                [
                    -4.656612873077393e-10,
                    0.9983404874801636,
                    0.05758727714419365,
                    0.23214173316955566
                ],
                [
                    0.0,
                    0.0,
                    0.0,
                    1.0
                ]
            ]
        },
        {
            "file_path": "/data/shapenet_blender/all_50_random/02958343/30456a19dc588d9461c6c61410fc904b/r_4",
            "rotation": 0.12566370614359174,
            "transform_matrix": [
                [
                    0.8764191269874573,
                    -0.38213178515434265,
                    0.29302698373794556,
                    1.181229591369629
                ],
                [
                    0.48154905438423157,
                    0.695479691028595,
                    -0.5333089828491211,
                    -2.1498372554779053
                ],
                [
                    0.0,
                    0.6085090637207031,
                    0.7935468554496765,
                    3.19888973236084
                ],
                [
                    0.0,
                    0.0,
                    0.0,
                    1.0
                ]
            ]
        },
        {
            "file_path": "/data/shapenet_blender/all_50_random/02958343/30456a19dc588d9461c6c61410fc904b/r_5",
            "rotation": 0.12566370614359174,
            "transform_matrix": [
                [
                    0.971397340297699,
                    -0.0908542349934578,
                    0.21939152479171753,
                    0.8843955993652344
                ],
                [
                    0.23745974898338318,
                    0.3716653287410736,
                    -0.8974840641021729,
                    -3.6178741455078125
                ],
                [
                    7.4505797087454084e-09,
                    0.9239104390144348,
                    0.38260892033576965,
                    1.5423460006713867
                ],
                [
                    0.0,
                    0.0,
                    0.0,
                    1.0
                ]
            ]
        },
        {
            "file_path": "/data/shapenet_blender/all_50_random/02958343/30456a19dc588d9461c6c61410fc904b/r_6",
            "rotation": 0.12566370614359174,
            "transform_matrix": [
                [
                    0.9619735479354858,
                    0.2378660887479782,
                    -0.1342635154724121,
                    -0.5412335395812988
                ],
                [
                    -0.2731427848339081,
                    0.8377336263656616,
                    -0.4728587567806244,
                    -1.9061546325683594
                ],
                [
                    0.0,
                    0.4915506839752197,
                    0.8708488941192627,
                    3.5105042457580566
                ],
                [
                    0.0,
                    0.0,
                    0.0,
                    1.0
                ]
            ]
        },
        {
            "file_path": "/data/shapenet_blender/all_50_random/02958343/30456a19dc588d9461c6c61410fc904b/r_7",
            "rotation": 0.12566370614359174,
            "transform_matrix": [
                [
                    -0.014602698385715485,
                    -0.2259911149740219,
                    0.9740198254585266,
                    3.9263997077941895
                ],
                [
                    0.9998934268951416,
                    -0.0033004318829625845,
                    0.014224833808839321,
                    0.05734214186668396
                ],
                [
                    0.0,
                    0.9741237759590149,
                    0.22601519525051117,
                    0.911096453666687
                ],
                [
                    0.0,
                    0.0,
                    0.0,
                    1.0
                ]
            ]
        },
        {
            "file_path": "/data/shapenet_blender/all_50_random/02958343/30456a19dc588d9461c6c61410fc904b/r_8",
            "rotation": 0.12566370614359174,
            "transform_matrix": [
                [
                    -0.7978260517120361,
                    -0.4327288269996643,
                    0.41978487372398376,
                    1.6922070980072021
                ],
                [
                    0.602887749671936,
                    -0.572647750377655,
                    0.5555184483528137,
                    2.2393667697906494
                ],
                [
                    1.4901162970204496e-08,
                    0.6962903141975403,
                    0.7177601456642151,
                    2.8933839797973633
                ],
                [
                    0.0,
                    0.0,
                    0.0,
                    1.0
                ]
            ]
        },
        {
            "file_path": "/data/shapenet_blender/all_50_random/02958343/30456a19dc588d9461c6c61410fc904b/r_9",
            "rotation": 0.12566370614359174,
            "transform_matrix": [
                [
                    -0.10799401253461838,
                    -0.5226349234580994,
                    0.8456889986991882,
                    3.40908145904541
                ],
                [
                    0.9941515326499939,
                    -0.056773483753204346,
                    0.0918666198849678,
                    0.3703261911869049
                ],
                [
                    3.725290298461914e-09,
                    0.8506640195846558,
                    0.5257095694541931,
                    2.1192030906677246
                ],
                [
                    0.0,
                    0.0,
                    0.0,
                    1.0
                ]
            ]
        },
        {
            "file_path": "/data/shapenet_blender/all_50_random/02958343/30456a19dc588d9461c6c61410fc904b/r_10",
            "rotation": 0.12566370614359174,
            "transform_matrix": [
                [
                    -0.9865840673446655,
                    0.03724418208003044,
                    -0.15894944965839386,
                    -0.6407457590103149
                ],
                [
                    -0.16325460374355316,
                    -0.2250749170780182,
                    0.960567057132721,
                    3.8721699714660645
                ],
                [
                    -3.725290742551124e-09,
                    0.973629355430603,
                    0.2281355857849121,
                    0.9196439981460571
                ],
                [
                    0.0,
                    0.0,
                    0.0,
                    1.0
                ]
            ]
        },
        {
            "file_path": "/data/shapenet_blender/all_50_random/02958343/30456a19dc588d9461c6c61410fc904b/r_11",
            "rotation": 0.12566370614359174,
            "transform_matrix": [
                [
                    0.7785584330558777,
                    -0.1473671942949295,
                    -0.6100242733955383,
                    -2.4590864181518555
                ],
                [
                    -0.6275720000267029,
                    -0.18282198905944824,
                    -0.7567888498306274,
                    -3.050713539123535
                ],
                [
                    0.0,
                    0.9720386266708374,
                    -0.2348211109638214,
                    -0.9465941786766052
                ],
                [
                    0.0,
                    0.0,
                    0.0,
                    1.0
                ]
            ]
        },
        {
            "file_path": "/data/shapenet_blender/all_50_random/02958343/30456a19dc588d9461c6c61410fc904b/r_12",
            "rotation": 0.12566370614359174,
            "transform_matrix": [
                [
                    -0.5366645455360413,
                    -0.037108343094587326,
                    -0.8429793119430542,
                    -3.398158311843872
                ],
                [
                    -0.8437955975532532,
                    0.023601369932293892,
                    0.5361453890800476,
                    2.161271095275879
                ],
                [
                    -1.8626448161640496e-09,
                    0.9990325570106506,
                    -0.043977878987789154,
                    -0.1772805005311966
                ],
                [
                    0.0,
                    0.0,
                    0.0,
                    1.0
                ]
            ]
        },
        {
            "file_path": "/data/shapenet_blender/all_50_random/02958343/30456a19dc588d9461c6c61410fc904b/r_13",
            "rotation": 0.12566370614359174,
            "transform_matrix": [
                [
                    -0.46380332112312317,
                    -0.6416167616844177,
                    -0.6109127402305603,
                    -2.462667942047119
                ],
                [
                    -0.8859382271766663,
                    0.33589696884155273,
                    0.31982293725013733,
                    1.2892475128173828
                ],
                [
                    -1.4901161193847656e-08,
                    0.6895657181739807,
                    -0.7242229580879211,
                    -2.91943621635437
                ],
                [
                    0.0,
                    0.0,
                    0.0,
                    1.0
                ]
            ]
        },
        {
            "file_path": "/data/shapenet_blender/all_50_random/02958343/30456a19dc588d9461c6c61410fc904b/r_14",
            "rotation": 0.12566370614359174,
            "transform_matrix": [
                [
                    0.13710635900497437,
                    0.40291157364845276,
                    -0.9049110412597656,
                    -3.647813320159912
                ],
                [
                    -0.9905563592910767,
                    0.05576839670538902,
                    -0.1252518892288208,
                    -0.5049065947532654
                ],
                [
                    0.0,
                    0.9135382771492004,
                    0.4067527651786804,
                    1.6396729946136475
                ],
                [
                    0.0,
                    0.0,
                    0.0,
                    1.0
                ]
            ]
        },
        {
            "file_path": "/data/shapenet_blender/all_50_random/02958343/30456a19dc588d9461c6c61410fc904b/r_15",
            "rotation": 0.12566370614359174,
            "transform_matrix": [
                [
                    0.34979918599128723,
                    -0.5935128331184387,
                    0.7248331308364868,
                    2.9218955039978027
                ],
                [
                    0.9368246793746948,
                    0.2216106355190277,
                    -0.27064406871795654,
                    -1.091001033782959
                ],
                [
                    0.0,
                    0.7737125754356384,
                    0.6335367560386658,
                    2.553868055343628
                ],
                [
                    0.0,
                    0.0,
                    0.0,
                    1.0
                ]
            ]
        },
        {
            "file_path": "/data/shapenet_blender/all_50_random/02958343/30456a19dc588d9461c6c61410fc904b/r_16",
            "rotation": 0.12566370614359174,
            "transform_matrix": [
                [
                    -0.6650480031967163,
                    0.12036646902561188,
                    -0.7370365262031555,
                    -2.9710896015167236
                ],
                [
                    -0.7468004822731018,
                    -0.10718991607427597,
                    0.6563529372215271,
                    2.645843505859375
                ],
                [
                    0.0,
                    0.986925482749939,
                    0.1611761897802353,
                    0.6497220396995544
                ],
                [
                    0.0,
                    0.0,
                    0.0,
                    1.0
                ]
            ]
        },
        {
            "file_path": "/data/shapenet_blender/all_50_random/02958343/30456a19dc588d9461c6c61410fc904b/r_17",
            "rotation": 0.12566370614359174,
            "transform_matrix": [
                [
                    0.4285281300544739,
                    0.2100973129272461,
                    -0.8787619471549988,
                    -3.542402982711792
                ],
                [
                    -0.9035283923149109,
                    0.09964557737112045,
                    -0.41678181290626526,
                    -1.6801013946533203
                ],
                [
                    0.0,
                    0.9725891947746277,
                    0.23252983391284943,
                    0.9373577833175659
                ],
                [
                    0.0,
                    0.0,
                    0.0,
                    1.0
                ]
            ]
        },
        {
            "file_path": "/data/shapenet_blender/all_50_random/02958343/30456a19dc588d9461c6c61410fc904b/r_18",
            "rotation": 0.12566370614359174,
            "transform_matrix": [
                [
                    -0.9788585305213928,
                    -0.01806020177900791,
                    0.20373953878879547,
                    0.8213003277778625
                ],
                [
                    0.20453843474388123,
                    -0.0864306166768074,
                    0.9750352501869202,
                    3.930492877960205
                ],
                [
                    0.0,
                    0.9960941672325134,
                    0.08829734474420547,
                    0.35593798756599426
                ],
                [
                    0.0,
                    0.0,
                    0.0,
                    1.0
                ]
            ]
        },
        {
            "file_path": "/data/shapenet_blender/all_50_random/02958343/30456a19dc588d9461c6c61410fc904b/r_19",
            "rotation": 0.12566370614359174,
            "transform_matrix": [
                [
                    0.626368522644043,
                    0.20014725625514984,
                    0.7533947229385376,
                    3.0370311737060547
                ],
                [
                    0.7795271277427673,
                    -0.1608230471611023,
                    -0.6053705215454102,
                    -2.440326690673828
                ],
                [
                    -1.4901161193847656e-08,
                    0.9664766192436218,
                    -0.25675469636917114,
                    -1.0350112915039062
                ],
                [
                    0.0,
                    0.0,
                    0.0,
                    1.0
                ]
            ]
        },
        {
            "file_path": "/data/shapenet_blender/all_50_random/02958343/30456a19dc588d9461c6c61410fc904b/r_20",
            "rotation": 0.12566370614359174,
            "transform_matrix": [
                [
                    0.286508172750473,
                    0.7231708765029907,
                    -0.6284401416778564,
                    -2.533323287963867
                ],
                [
                    -0.9580779075622559,
                    0.21626044809818268,
                    -0.18793173134326935,
                    -0.7575770616531372
                ],
                [
                    -1.4901162970204496e-08,
                    0.6559385657310486,
                    0.7548142671585083,
                    3.0427536964416504
                ],
                [
                    0.0,
                    0.0,
                    0.0,
                    1.0
                ]
            ]
        },
        {
            "file_path": "/data/shapenet_blender/all_50_random/02958343/30456a19dc588d9461c6c61410fc904b/r_21",
            "rotation": 0.12566370614359174,
            "transform_matrix": [
                [
                    -0.9996355175971985,
                    0.004683634731918573,
                    0.02658744342625141,
                    0.10717742145061493
                ],
                [
                    0.026996828615665436,
                    0.1734251081943512,
                    0.9844769239425659,
                    3.9685535430908203
                ],
                [
                    0.0,
                    0.9848358631134033,
                    -0.17348834872245789,
                    -0.6993539929389954
                ],
                [
                    0.0,
                    0.0,
                    0.0,
                    1.0
                ]
            ]
        },
        {
            "file_path": "/data/shapenet_blender/all_50_random/02958343/30456a19dc588d9461c6c61410fc904b/r_22",
            "rotation": 0.12566370614359174,
            "transform_matrix": [
                [
                    -0.8672480583190918,
                    0.14673297107219696,
                    -0.4757629334926605,
                    -1.9178617000579834
                ],
                [
                    -0.49787649512290955,
                    -0.25559329986572266,
                    0.8287286162376404,
                    3.340711832046509
                ],
                [
                    -7.450581485102248e-09,
                    0.9555842876434326,
                    0.2947176992893219,
                    1.1880450248718262
                ],
                [
                    0.0,
                    0.0,
                    0.0,
                    1.0
                ]
            ]
        },
        {
            "file_path": "/data/shapenet_blender/all_50_random/02958343/30456a19dc588d9461c6c61410fc904b/r_23",
            "rotation": 0.12566370614359174,
            "transform_matrix": [
                [
                    -0.017779884859919548,
                    -0.016187066212296486,
                    0.9997109174728394,
                    4.029963493347168
                ],
                [
                    0.9998419284820557,
                    -0.0002878496889024973,
                    0.01777755469083786,
                    0.07166361808776855
                ],
                [
                    2.9103826987286752e-11,
                    0.9998689889907837,
                    0.01618962548673153,
                    0.06526246666908264
                ],
                [
                    0.0,
                    0.0,
                    0.0,
                    1.0
                ]
            ]
        },
        {
            "file_path": "/data/shapenet_blender/all_50_random/02958343/30456a19dc588d9461c6c61410fc904b/r_24",
            "rotation": 0.12566370614359174,
            "transform_matrix": [
                [
                    -0.3042265772819519,
                    0.48654675483703613,
                    -0.8189740180969238,
                    -3.3013899326324463
                ],
                [
                    -0.9525997638702393,
                    -0.15538577735424042,
                    0.26155126094818115,
                    1.0543467998504639
                ],
                [
                    0.0,
                    0.8597252368927002,
                    0.51075679063797,
                    2.058926582336426
                ],
                [
                    0.0,
                    0.0,
                    0.0,
                    1.0
                ]
            ]
        },
        {
            "file_path": "/data/shapenet_blender/all_50_random/02958343/30456a19dc588d9461c6c61410fc904b/r_25",
            "rotation": 0.12566370614359174,
            "transform_matrix": [
                [
                    0.3452405035495758,
                    0.2323559671640396,
                    -0.9092961549758911,
                    -3.6654903888702393
                ],
                [
                    -0.938514232635498,
                    0.08547414839267731,
                    -0.33449241518974304,
                    -1.3483821153640747
                ],
                [
                    7.450580596923828e-09,
                    0.9688677787780762,
                    0.2475784868001938,
                    0.9980208873748779
                ],
                [
                    0.0,
                    0.0,
                    0.0,
                    1.0
                ]
            ]
        },
        {
            "file_path": "/data/shapenet_blender/all_50_random/02958343/30456a19dc588d9461c6c61410fc904b/r_26",
            "rotation": 0.12566370614359174,
            "transform_matrix": [
                [
                    -0.8717077970504761,
                    -0.3981567323207855,
                    -0.2856515347957611,
                    -1.1514983177185059
                ],
                [
                    -0.49002620577812195,
                    0.7082811594009399,
                    0.5081456303596497,
                    2.04840087890625
                ],
                [
                    -1.4901162970204496e-08,
                    0.5829312205314636,
                    -0.8125213980674744,
                    -3.275378704071045
                ],
                [
                    0.0,
                    0.0,
                    0.0,
                    1.0
                ]
            ]
        },
        {
            "file_path": "/data/shapenet_blender/all_50_random/02958343/30456a19dc588d9461c6c61410fc904b/r_27",
            "rotation": 0.12566370614359174,
            "transform_matrix": [
                [
                    -0.7234848141670227,
                    -0.2830962836742401,
                    -0.6296239495277405,
                    -2.538095235824585
                ],
                [
                    -0.6903403997421265,
                    0.2966882288455963,
                    0.6598532795906067,
                    2.6599535942077637
                ],
                [
                    0.0,
                    0.9120485186576843,
                    -0.4100821912288666,
                    -1.6530941724777222
                ],
                [
                    0.0,
                    0.0,
                    0.0,
                    1.0
                ]
            ]
        },
        {
            "file_path": "/data/shapenet_blender/all_50_random/02958343/30456a19dc588d9461c6c61410fc904b/r_28",
            "rotation": 0.12566370614359174,
            "transform_matrix": [
                [
                    -0.31283044815063477,
                    0.0877828299999237,
                    0.9457438588142395,
                    3.8124148845672607
                ],
                [
                    0.9498089551925659,
                    0.02891227975487709,
                    0.31149157881736755,
                    1.2556625604629517
                ],
                [
                    1.8626449271863521e-09,
                    0.9957199692726135,
                    -0.09242156893014908,
                    -0.3725632131099701
                ],
                [
                    0.0,
                    0.0,
                    0.0,
                    1.0
                ]
            ]
        },
        {
            "file_path": "/data/shapenet_blender/all_50_random/02958343/30456a19dc588d9461c6c61410fc904b/r_29",
            "rotation": 0.12566370614359174,
            "transform_matrix": [
                [
                    0.9791929721832275,
                    0.11883147805929184,
                    0.16450026631355286,
                    0.6631218194961548
                ],
                [
                    0.2029317021369934,
                    -0.5733896493911743,
                    -0.7937523722648621,
                    -3.199718475341797
                ],
                [
                    -7.450581485102248e-09,
                    0.810619056224823,
                    -0.5855737328529358,
                    -2.3605234622955322
                ],
                [
                    0.0,
                    0.0,
                    0.0,
                    1.0
                ]
            ]
        },
        {
            "file_path": "/data/shapenet_blender/all_50_random/02958343/30456a19dc588d9461c6c61410fc904b/r_30",
            "rotation": 0.12566370614359174,
            "transform_matrix": [
                [
                    -0.6892331838607788,
                    -0.4381215274333954,
                    -0.5770675539970398,
                    -2.3262338638305664
                ],
                [
                    -0.7245394587516785,
                    0.41677218675613403,
                    0.5489474534988403,
                    2.2128782272338867
                ],
                [
                    1.4901160305669237e-08,
                    0.7964611053466797,
                    -0.6046895980834961,
                    -2.437582015991211
                ],
                [
                    0.0,
                    0.0,
                    0.0,
                    1.0
                ]
            ]
        },
        {
            "file_path": "/data/shapenet_blender/all_50_random/02958343/30456a19dc588d9461c6c61410fc904b/r_31",
            "rotation": 0.12566370614359174,
            "transform_matrix": [
                [
                    -0.10199286788702011,
                    0.4650028645992279,
                    -0.879414439201355,
                    -3.5450329780578613
                ],
                [
                    -0.9947851300239563,
                    -0.04767559841275215,
                    0.0901641920208931,
                    0.36346349120140076
                ],
                [
                    -3.725290298461914e-09,
                    0.8840245008468628,
                    0.46744051575660706,
                    1.8843129873275757
                ],
                [
                    0.0,
                    0.0,
                    0.0,
                    1.0
                ]
            ]
        },
        {
            "file_path": "/data/shapenet_blender/all_50_random/02958343/30456a19dc588d9461c6c61410fc904b/r_32",
            "rotation": 0.12566370614359174,
            "transform_matrix": [
                [
                    -0.9929624199867249,
                    -0.09962378442287445,
                    0.064037024974823,
                    0.25814151763916016
                ],
                [
                    0.11842989176511765,
                    -0.8352847099304199,
                    0.5369113683700562,
                    2.1643588542938232
                ],
                [
                    7.450580152834618e-09,
                    0.5407166481018066,
                    0.8412047624588013,
                    3.391004800796509
                ],
                [
                    0.0,
                    0.0,
                    0.0,
                    1.0
                ]
            ]
        },
        {
            "file_path": "/data/shapenet_blender/all_50_random/02958343/30456a19dc588d9461c6c61410fc904b/r_33",
            "rotation": 0.12566370614359174,
            "transform_matrix": [
                [
                    0.5083500146865845,
                    0.008764051832258701,
                    0.8611059188842773,
                    3.471229076385498
                ],
                [
                    0.8611505627632141,
                    -0.0051735504530370235,
                    -0.5083236694335938,
                    -2.0491182804107666
                ],
                [
                    0.0,
                    0.999948263168335,
                    -0.01017714198678732,
                    -0.041025370359420776
                ],
                [
                    0.0,
                    0.0,
                    0.0,
                    1.0
                ]
            ]
        },
        {
            "file_path": "/data/shapenet_blender/all_50_random/02958343/30456a19dc588d9461c6c61410fc904b/r_34",
            "rotation": 0.12566370614359174,
            "transform_matrix": [
                [
                    0.26829004287719727,
                    -0.17448188364505768,
                    -0.9474051594734192,
                    -3.8191123008728027
                ],
                [
                    -0.9633382558822632,
                    -0.04859326779842377,
                    -0.26385268568992615,
                    -1.0636241436004639
                ],
                [
                    0.0,
                    0.9834606051445007,
                    -0.18112215399742126,
                    -0.7301267385482788
                ],
                [
                    0.0,
                    0.0,
                    0.0,
                    1.0
                ]
            ]
        },
        {
            "file_path": "/data/shapenet_blender/all_50_random/02958343/30456a19dc588d9461c6c61410fc904b/r_35",
            "rotation": 0.12566370614359174,
            "transform_matrix": [
                [
                    -0.7704694867134094,
                    -0.1156042143702507,
                    -0.6269071102142334,
                    -2.5271430015563965
                ],
                [
                    -0.637476921081543,
                    0.13972195982933044,
                    0.7576946020126343,
                    3.0543642044067383
                ],
                [
                    0.0,
                    0.9834192991256714,
                    -0.18134650588035583,
                    -0.731031060218811
                ],
                [
                    0.0,
                    0.0,
                    0.0,
                    1.0
                ]
            ]
        },
        {
            "file_path": "/data/shapenet_blender/all_50_random/02958343/30456a19dc588d9461c6c61410fc904b/r_36",
            "rotation": 0.12566370614359174,
            "transform_matrix": [
                [
                    0.9708313941955566,
                    0.20798589289188385,
                    0.11928227543830872,
                    0.480842262506485
                ],
                [
                    0.23976321518421173,
                    -0.8421609997749329,
                    -0.4829889237880707,
                    -1.946990728378296
                ],
                [
                    0.0,
                    0.49750036001205444,
                    -0.8674637079238892,
                    -3.4968583583831787
                ],
                [
                    0.0,
                    0.0,
                    0.0,
                    1.0
                ]
            ]
        },
        {
            "file_path": "/data/shapenet_blender/all_50_random/02958343/30456a19dc588d9461c6c61410fc904b/r_37",
            "rotation": 0.12566370614359174,
            "transform_matrix": [
                [
                    -0.8186155557632446,
                    0.20818392932415009,
                    0.535283088684082,
                    2.1577954292297363
                ],
                [
                    0.574341893196106,
                    0.2967267334461212,
                    0.7629446387290955,
                    3.075528383255005
                ],
                [
                    0.0,
                    0.931993842124939,
                    -0.36247387528419495,
                    -1.4611790180206299
                ],
                [
                    0.0,
                    0.0,
                    0.0,
                    1.0
                ]
            ]
        },
        {
            "file_path": "/data/shapenet_blender/all_50_random/02958343/30456a19dc588d9461c6c61410fc904b/r_38",
            "rotation": 0.12566370614359174,
            "transform_matrix": [
                [
                    -0.23310890793800354,
                    -0.7876343131065369,
                    -0.5703439712524414,
                    -2.2991302013397217
                ],
                [
                    -0.9724507331848145,
                    0.18880604207515717,
                    0.13671875,
                    0.5511308908462524
                ],
                [
                    7.450581485102248e-09,
                    0.5865017175674438,
                    -0.8099479675292969,
                    -3.2650046348571777
                ],
                [
                    0.0,
                    0.0,
                    0.0,
                    1.0
                ]
            ]
        },
        {
            "file_path": "/data/shapenet_blender/all_50_random/02958343/30456a19dc588d9461c6c61410fc904b/r_39",
            "rotation": 0.12566370614359174,
            "transform_matrix": [
                [
                    0.9544797539710999,
                    -0.0056198397651314735,
                    0.29822272062301636,
                    1.202174186706543
                ],
                [
                    0.2982756495475769,
                    0.017983440309762955,
                    -0.9543103575706482,
                    -3.8469479084014893
                ],
                [
                    9.313225191043273e-10,
                    0.9998224377632141,
                    0.01884109154343605,
                    0.07595086842775345
                ],
                [
                    0.0,
                    0.0,
                    0.0,
                    1.0
                ]
            ]
        },
        {
            "file_path": "/data/shapenet_blender/all_50_random/02958343/30456a19dc588d9461c6c61410fc904b/r_40",
            "rotation": 0.12566370614359174,
            "transform_matrix": [
                [
                    -0.48573243618011475,
                    -0.48778706789016724,
                    0.7253466844558716,
                    2.9239659309387207
                ],
                [
                    0.8741075992584229,
                    -0.27105817198753357,
                    0.40306755900382996,
                    1.6248172521591187
                ],
                [
                    1.4901161193847656e-08,
                    0.8298139572143555,
                    0.5580400824546814,
                    2.2495315074920654
                ],
                [
                    0.0,
                    0.0,
                    0.0,
                    1.0
                ]
            ]
        },
        {
            "file_path": "/data/shapenet_blender/all_50_random/02958343/30456a19dc588d9461c6c61410fc904b/r_41",
            "rotation": 0.12566370614359174,
            "transform_matrix": [
                [
                    0.9336903691291809,
                    0.003950021229684353,
                    -0.35805949568748474,
                    -1.443384051322937
                ],
                [
                    -0.35808128118515015,
                    0.010299607180058956,
                    -0.93363356590271,
                    -3.763597249984741
