{
    "class": "02958343",
    "model": "37249c6f16b203de2e877e82c90c24d",
    "remove_doubles": true,
    "edge_split": true,
    "denoise": true,
    "camera_angle_x": 0.6911112070083618,
    "scale_factor": 2.245334236255585,
    "hdri_file": "/data/IndoorHDRDataset2018/AG8A4005-20f7af8aae.exr",
    "center_offset": [
        0.0,
        -1.862645149230957e-09,
        -3.725290298461914e-09
    ],
    "lights": [],
    "frames": [
        {
            "file_path": "/data/shapenet_blender/all_50_random/02958343/37249c6f16b203de2e877e82c90c24d/r_0",
            "rotation": 0.12566370614359174,
            "transform_matrix": [
                [
                    -0.9562987089157104,
                    -0.006856834515929222,
                    -0.2923111021518707,
                    -1.178343653678894
                ],
                [
                    -0.29239150881767273,
                    0.02242603711783886,
                    0.9560357928276062,
                    3.85390305519104
                ],
                [
                    4.6566125955216364e-10,
                    0.9997249841690063,
                    -0.02345087006688118,
                    -0.09453347325325012
                ],
                [
                    0.0,
                    0.0,
                    0.0,
                    1.0
                ]
            ]
        },
        {
            "file_path": "/data/shapenet_blender/all_50_random/02958343/37249c6f16b203de2e877e82c90c24d/r_1",
            "rotation": 0.12566370614359174,
            "transform_matrix": [
                [
                    -0.9505787491798401,
                    -0.14910486340522766,
                    -0.2723378539085388,
                    -1.0978291034698486
                ],
                [
                    -0.31048381328582764,
                    0.4565001428127289,
                    0.8337908983230591,
                    3.361118793487549
                ],
                [
                    -1.4901162970204496e-08,
                    0.8771403431892395,
                    -0.48023393750190735,
                    -1.9358850717544556
                ],
                [
                    0.0,
                    0.0,
                    0.0,
                    1.0
                ]
            ]
        },
        {
            "file_path": "/data/shapenet_blender/all_50_random/02958343/37249c6f16b203de2e877e82c90c24d/r_2",
            "rotation": 0.12566370614359174,
            "transform_matrix": [
                [
                    0.5100032687187195,
                    0.1044793426990509,
                    0.8538036346435547,
                    3.4417924880981445
                ],
                [
                    0.86017245054245,
                    -0.06194666400551796,
                    -0.5062271952629089,
                    -2.0406670570373535
                ],
                [
                    0.0,
                    0.992595911026001,
                    -0.12146326154470444,
                    -0.48963406682014465
                ],
                [
                    0.0,
                    0.0,
                    0.0,
                    1.0
                ]
            ]
        },
        {
            "file_path": "/data/shapenet_blender/all_50_random/02958343/37249c6f16b203de2e877e82c90c24d/r_3",
            "rotation": 0.12566370614359174,
            "transform_matrix": [
                [
                    -0.34514468908309937,
                    -0.08576072752475739,
                    0.9346230626106262,
                    3.7675859928131104
                ],
                [
                    0.9385495185852051,
                    -0.03153787925839424,
                    0.3437007665634155,
                    1.3855020999908447
                ],
                [
                    1.862645149230957e-09,
                    0.9958164691925049,
                    0.09137582033872604,
                    0.368347704410553
                ],
                [
                    0.0,
                    0.0,
                    0.0,
                    1.0
                ]
            ]
        },
        {
            "file_path": "/data/shapenet_blender/all_50_random/02958343/37249c6f16b203de2e877e82c90c24d/r_4",
            "rotation": 0.12566370614359174,
            "transform_matrix": [
                [
                    -0.7801941633224487,
                    -0.3188622295856476,
                    0.5381672382354736,
                    2.169421672821045
                ],
                [
                    0.6255375742912292,
                    -0.3976970613002777,
                    0.6712225675582886,
                    2.705785036087036
                ],
                [
                    0.0,
                    0.8603276610374451,
                    0.5097411870956421,
                    2.054832696914673
                ],
                [
                    0.0,
                    0.0,
                    0.0,
                    1.0
                ]
            ]
        },
        {
            "file_path": "/data/shapenet_blender/all_50_random/02958343/37249c6f16b203de2e877e82c90c24d/r_5",
            "rotation": 0.12566370614359174,
            "transform_matrix": [
                [
                    0.10418374836444855,
                    -0.011625925078988075,
                    -0.9944900870323181,
                    -4.008917808532715
                ],
                [
                    -0.9945580959320068,
                    -0.0012178599135950208,
                    -0.10417661815881729,
                    -0.41994938254356384
                ],
                [
                    -1.1641532182693481e-10,
                    0.9999316930770874,
                    -0.011689538136124611,
                    -0.047122035175561905
                ],
                [
                    0.0,
                    0.0,
                    0.0,
                    1.0
                ]
            ]
        },
        {
            "file_path": "/data/shapenet_blender/all_50_random/02958343/37249c6f16b203de2e877e82c90c24d/r_6",
            "rotation": 0.12566370614359174,
            "transform_matrix": [
                [
                    -0.780871570110321,
                    -0.012311432510614395,
                    -0.6245701909065247,
                    -2.517723321914673
                ],
                [
                    -0.6246916055679321,
                    0.015389429405331612,
                    0.7807198166847229,
                    3.1471824645996094
                ],
                [
                    0.0,
                    0.999805748462677,
                    -0.019708015024662018,
                    -0.07944555580615997
                ],
                [
                    0.0,
                    0.0,
                    0.0,
                    1.0
                ]
            ]
        },
        {
            "file_path": "/data/shapenet_blender/all_50_random/02958343/37249c6f16b203de2e877e82c90c24d/r_7",
            "rotation": 0.12566370614359174,
            "transform_matrix": [
                [
                    0.9303188920021057,
                    0.1293567419052124,
                    -0.3431815505027771,
                    -1.383409023284912
                ],
                [
                    -0.3667515814304352,
                    0.3281322121620178,
                    -0.8705300092697144,
                    -3.509218692779541
                ],
                [
                    0.0,
                    0.9357328414916992,
                    0.35270941257476807,
                    1.4218170642852783
                ],
                [
                    0.0,
                    0.0,
                    0.0,
                    1.0
                ]
            ]
        },
        {
            "file_path": "/data/shapenet_blender/all_50_random/02958343/37249c6f16b203de2e877e82c90c24d/r_8",
            "rotation": 0.12566370614359174,
            "transform_matrix": [
                [
                    0.9445400834083557,
                    0.12146841734647751,
                    -0.30510586500167847,
                    -1.2299211025238037
                ],
                [
                    -0.32839637994766235,
                    0.3493698239326477,
                    -0.8775514364242554,
                    -3.537523031234741
                ],
                [
                    0.0,
                    0.9290781021118164,
                    0.36988353729248047,
                    1.4910482168197632
                ],
                [
                    0.0,
                    0.0,
                    0.0,
                    1.0
                ]
            ]
        },
        {
            "file_path": "/data/shapenet_blender/all_50_random/02958343/37249c6f16b203de2e877e82c90c24d/r_9",
            "rotation": 0.12566370614359174,
            "transform_matrix": [
                [
                    0.07699251919984818,
                    -0.25270533561706543,
                    0.9644750356674194,
                    3.8879234790802
                ],
                [
                    0.9970317482948303,
                    0.01951434463262558,
                    -0.07447843253612518,
                    -0.3002322018146515
                ],
                [
                    0.0,
                    0.9673464298248291,
                    0.2534576952457428,
                    1.0217207670211792
                ],
                [
                    0.0,
                    0.0,
                    0.0,
                    1.0
                ]
            ]
        },
        {
            "file_path": "/data/shapenet_blender/all_50_random/02958343/37249c6f16b203de2e877e82c90c24d/r_10",
            "rotation": 0.12566370614359174,
            "transform_matrix": [
                [
                    0.9992249011993408,
                    -0.000931743998080492,
                    0.03935224562883377,
                    0.1586339771747589
                ],
                [
                    0.03936326876282692,
                    0.02365204319357872,
                    -0.9989449977874756,
                    -4.026875972747803
                ],
                [
                    -5.8207657444020455e-11,
                    0.9997197389602661,
                    0.023670390248298645,
                    0.09541839361190796
                ],
                [
                    0.0,
                    0.0,
                    0.0,
                    1.0
                ]
            ]
        },
        {
            "file_path": "/data/shapenet_blender/all_50_random/02958343/37249c6f16b203de2e877e82c90c24d/r_11",
            "rotation": 0.12566370614359174,
            "transform_matrix": [
                [
                    0.9248506426811218,
                    -0.2102060765028,
                    0.3169615566730499,
                    1.2777129411697388
                ],
                [
                    0.3803303837776184,
                    0.5111587643623352,
                    -0.7707564234733582,
                    -3.10701847076416
                ],
                [
                    1.4901160305669237e-08,
                    0.8333847522735596,
                    0.5526933073997498,
                    2.227977991104126
                ],
                [
                    0.0,
                    0.0,
                    0.0,
                    1.0
                ]
            ]
        },
        {
            "file_path": "/data/shapenet_blender/all_50_random/02958343/37249c6f16b203de2e877e82c90c24d/r_12",
            "rotation": 0.12566370614359174,
            "transform_matrix": [
                [
                    0.5771647095680237,
                    -0.15836100280284882,
                    -0.8011259436607361,
                    -3.2294418811798096
                ],
                [
                    -0.8166278600692749,
                    -0.11192414909601212,
                    -0.5662084817886353,
                    -2.2824594974517822
                ],
                [
                    7.450581485102248e-09,
                    0.9810171127319336,
                    -0.19392067193984985,
                    -0.7817192077636719
                ],
                [
                    0.0,
                    0.0,
                    0.0,
                    1.0
                ]
            ]
        },
        {
            "file_path": "/data/shapenet_blender/all_50_random/02958343/37249c6f16b203de2e877e82c90c24d/r_13",
            "rotation": 0.12566370614359174,
            "transform_matrix": [
                [
                    0.9475277066230774,
                    0.08775844424962997,
                    -0.307391881942749,
                    -1.2391364574432373
                ],
                [
                    -0.3196738064289093,
                    0.2601200342178345,
                    -0.9111235737800598,
                    -3.6728568077087402
                ],
                [
                    7.450580596923828e-09,
                    0.9615799784660339,
                    0.2745249569416046,
                    1.1066455841064453
                ],
                [
                    0.0,
                    0.0,
                    0.0,
                    1.0
                ]
            ]
        },
        {
            "file_path": "/data/shapenet_blender/all_50_random/02958343/37249c6f16b203de2e877e82c90c24d/r_14",
            "rotation": 0.12566370614359174,
            "transform_matrix": [
                [
                    -0.9993213415145874,
                    0.02861226536333561,
                    -0.023200487717986107,
                    -0.09352415800094604
                ],
                [
                    -0.03683645650744438,
                    -0.776210606098175,
                    0.6293966174125671,
                    2.5371789932250977
                ],
                [
                    -1.862645371275562e-09,
                    0.6298240423202515,
                    0.7767378091812134,
                    3.1311302185058594
                ],
                [
                    0.0,
                    0.0,
                    0.0,
                    1.0
                ]
            ]
        },
        {
            "file_path": "/data/shapenet_blender/all_50_random/02958343/37249c6f16b203de2e877e82c90c24d/r_15",
            "rotation": 0.12566370614359174,
            "transform_matrix": [
                [
                    0.31316208839416504,
                    -0.2359950989484787,
                    0.9199107885360718,
                    3.7082788944244385
                ],
                [
                    0.9496996998786926,
                    0.07781904190778732,
                    -0.30333924293518066,
                    -1.2227996587753296
                ],
                [
                    -7.450580596923828e-09,
                    0.9686332941055298,
                    0.2484944462776184,
                    1.0017131567001343
                ],
                [
                    0.0,
                    0.0,
                    0.0,
                    1.0
                ]
            ]
        },
        {
            "file_path": "/data/shapenet_blender/all_50_random/02958343/37249c6f16b203de2e877e82c90c24d/r_16",
            "rotation": 0.12566370614359174,
            "transform_matrix": [
                [
                    -0.6036953330039978,
                    0.11404606699943542,
                    -0.789015531539917,
                    -3.1806230545043945
                ],
                [
                    -0.7972150444984436,
                    -0.08636198937892914,
                    0.5974861979484558,
                    2.408543586730957
                ],
                [
                    0.0,
                    0.9897145628929138,
                    0.14305560290813446,
                    0.576675534248352
                ],
                [
                    0.0,
                    0.0,
                    0.0,
                    1.0
                ]
            ]
        },
        {
            "file_path": "/data/shapenet_blender/all_50_random/02958343/37249c6f16b203de2e877e82c90c24d/r_17",
            "rotation": 0.12566370614359174,
            "transform_matrix": [
                [
                    0.8264204263687134,
                    0.016494933515787125,
                    -0.5628119111061096,
                    -2.2687673568725586
                ],
                [
                    -0.5630536079406738,
                    0.02421039529144764,
                    -0.8260656595230103,
                    -3.32997727394104
                ],
                [
                    9.313225746154785e-10,
                    0.9995708465576172,
                    0.02929549664258957,
                    0.11809392273426056
                ],
                [
                    0.0,
                    0.0,
                    0.0,
                    1.0
                ]
            ]
        },
        {
            "file_path": "/data/shapenet_blender/all_50_random/02958343/37249c6f16b203de2e877e82c90c24d/r_18",
            "rotation": 0.12566370614359174,
            "transform_matrix": [
                [
                    0.9998838305473328,
                    -0.009068364277482033,
                    0.012247681617736816,
                    0.04937198758125305
                ],
                [
                    0.015239453874528408,
                    0.5949892401695251,
                    -0.8035891056060791,
                    -3.2393715381622314
                ],
                [
                    0.0,
                    0.8036825656890869,
                    0.595058262348175,
                    2.398756742477417
                ],
                [
                    0.0,
                    0.0,
                    0.0,
                    1.0
                ]
            ]
        },
        {
            "file_path": "/data/shapenet_blender/all_50_random/02958343/37249c6f16b203de2e877e82c90c24d/r_19",
            "rotation": 0.12566370614359174,
            "transform_matrix": [
                [
                    -0.7139481902122498,
                    -0.4368079900741577,
                    0.547244668006897,
                    2.2060141563415527
                ],
                [
                    0.7001985311508179,
                    -0.44538548588752747,
                    0.5579907894134521,
                    2.249333143234253
                ],
                [
                    0.0,
                    0.7815564870834351,
                    0.6238343715667725,
                    2.514756917953491
                ],
                [
                    0.0,
                    0.0,
                    0.0,
                    1.0
                ]
            ]
        },
        {
            "file_path": "/data/shapenet_blender/all_50_random/02958343/37249c6f16b203de2e877e82c90c24d/r_20",
            "rotation": 0.12566370614359174,
            "transform_matrix": [
                [
                    0.4974883794784546,
                    -0.041149720549583435,
                    0.8664940595626831,
                    3.4929494857788086
                ],
                [
                    0.8674706816673279,
                    0.02359907701611519,
                    -0.49692830443382263,
                    -2.0031821727752686
                ],
                [
                    0.0,
                    0.9988742470741272,
                    0.0474364347755909,
                    0.1912223994731903
                ],
                [
                    0.0,
                    0.0,
                    0.0,
                    1.0
                ]
            ]
        },
        {
            "file_path": "/data/shapenet_blender/all_50_random/02958343/37249c6f16b203de2e877e82c90c24d/r_21",
            "rotation": 0.12566370614359174,
            "transform_matrix": [
                [
                    -0.7752906084060669,
                    -0.07205145061016083,
                    0.6274814009666443,
                    2.529458522796631
                ],
                [
                    0.6316044926643372,
                    -0.08844272047281265,
                    0.7702295780181885,
                    3.1048946380615234
                ],
                [
                    3.725290076417309e-09,
                    0.9934718012809753,
                    0.11407685279846191,
                    0.4598585069179535
                ],
                [
                    0.0,
                    0.0,
                    0.0,
                    1.0
                ]
            ]
        },
        {
            "file_path": "/data/shapenet_blender/all_50_random/02958343/37249c6f16b203de2e877e82c90c24d/r_22",
            "rotation": 0.12566370614359174,
            "transform_matrix": [
                [
                    -0.17958994209766388,
                    0.023461829870939255,
                    -0.9834617972373962,
                    -3.964460849761963
                ],
                [
                    -0.9837414622306824,
                    -0.004283146932721138,
                    0.17953889071941376,
                    0.7237443327903748
                ],
                [
                    -4.656612040410124e-10,
                    0.9997155666351318,
                    0.023849589750170708,
                    0.09614075720310211
                ],
                [
                    0.0,
                    0.0,
                    0.0,
                    1.0
                ]
            ]
        },
        {
            "file_path": "/data/shapenet_blender/all_50_random/02958343/37249c6f16b203de2e877e82c90c24d/r_23",
            "rotation": 0.12566370614359174,
            "transform_matrix": [
                [
                    0.5053908228874207,
                    0.46929416060447693,
                    -0.7241153717041016,
                    -2.9190025329589844
                ],
                [
                    -0.8628905415534973,
                    0.2748633325099945,
                    -0.42411088943481445,
                    -1.7096456289291382
                ],
                [
                    0.0,
                    0.8391740918159485,
                    0.5438628792762756,
                    2.1923813819885254
                ],
                [
                    0.0,
                    0.0,
                    0.0,
                    1.0
                ]
            ]
        },
        {
            "file_path": "/data/shapenet_blender/all_50_random/02958343/37249c6f16b203de2e877e82c90c24d/r_24",
            "rotation": 0.12566370614359174,
            "transform_matrix": [
                [
                    0.6812044382095337,
                    0.15610097348690033,
                    -0.7152572870254517,
                    -2.8832943439483643
                ],
                [
                    -0.7320932149887085,
                    0.14525018632411957,
                    -0.6655387878417969,
                    -2.682872772216797
                ],
                [
                    0.0,
                    0.9770029783248901,
                    0.2132255584001541,
                    0.8595397472381592
                ],
                [
                    0.0,
                    0.0,
                    0.0,
                    1.0
                ]
            ]
        },
        {
            "file_path": "/data/shapenet_blender/all_50_random/02958343/37249c6f16b203de2e877e82c90c24d/r_25",
            "rotation": 0.12566370614359174,
            "transform_matrix": [
                [
                    0.696636438369751,
                    0.3827856481075287,
                    -0.6067725419998169,
                    -2.4459784030914307
                ],
                [
                    -0.7174244523048401,
                    0.37169408798217773,
                    -0.5891907811164856,
                    -2.3751039505004883
                ],
                [
                    0.0,
                    0.8457651138305664,
                    0.5335553884506226,
                    2.1508305072784424
                ],
                [
                    0.0,
                    0.0,
                    0.0,
                    1.0
                ]
            ]
        },
        {
            "file_path": "/data/shapenet_blender/all_50_random/02958343/37249c6f16b203de2e877e82c90c24d/r_26",
            "rotation": 0.12566370614359174,
            "transform_matrix": [
                [
                    -0.9148736000061035,
                    -0.3616068959236145,
                    0.17957375943660736,
                    0.7238850593566895
                ],
                [
                    0.40374037623405457,
                    -0.819399356842041,
                    0.4069131910800934,
                    1.6403197050094604
                ],
                [
                    0.0,
                    0.4447753429412842,
                    0.8956420421600342,
                    3.6104488372802734
                ],
                [
                    0.0,
                    0.0,
                    0.0,
                    1.0
                ]
            ]
        },
        {
            "file_path": "/data/shapenet_blender/all_50_random/02958343/37249c6f16b203de2e877e82c90c24d/r_27",
            "rotation": 0.12566370614359174,
            "transform_matrix": [
                [
                    0.8634897470474243,
                    -0.20655517280101776,
                    -0.4601307809352875,
                    -1.854846477508545
                ],
                [
                    -0.5043662786483765,
                    -0.3536284565925598,
                    -0.7877572774887085,
                    -3.175551176071167
                ],
                [
                    1.4901159417490817e-08,
                    0.9122949242591858,
                    -0.4095340073108673,
                    -1.6508843898773193
                ],
                [
                    0.0,
                    0.0,
                    0.0,
                    1.0
                ]
            ]
        },
        {
            "file_path": "/data/shapenet_blender/all_50_random/02958343/37249c6f16b203de2e877e82c90c24d/r_28",
            "rotation": 0.12566370614359174,
            "transform_matrix": [
                [
                    -0.9988831877708435,
                    0.013004078529775143,
                    -0.04542361944913864,
                    -0.18310847878456116
                ],
                [
                    -0.04724840819835663,
                    -0.2749205231666565,
                    0.9603052139282227,
                    3.871114492416382
                ],
                [
                    -9.31322685637781e-10,
                    0.9613789916038513,
                    0.2752278447151184,
                    1.1094790697097778
                ],
                [
                    0.0,
                    0.0,
                    0.0,
                    1.0
                ]
            ]
        },
        {
            "file_path": "/data/shapenet_blender/all_50_random/02958343/37249c6f16b203de2e877e82c90c24d/r_29",
            "rotation": 0.12566370614359174,
            "transform_matrix": [
                [
                    0.8788136839866638,
                    -0.059737470000982285,
                    0.47341111302375793,
                    1.9083812236785889
                ],
                [
                    0.47716522216796875,
                    0.11002080887556076,
                    -0.8718995451927185,
                    -3.514739513397217
                ],
                [
                    0.0,
                    0.9921324849128723,
                    0.12519243359565735,
                    0.5046668648719788
                ],
                [
                    0.0,
                    0.0,
                    0.0,
                    1.0
                ]
            ]
        },
        {
            "file_path": "/data/shapenet_blender/all_50_random/02958343/37249c6f16b203de2e877e82c90c24d/r_30",
            "rotation": 0.12566370614359174,
            "transform_matrix": [
                [
                    0.9249542355537415,
                    -0.30945539474487305,
                    -0.22067415714263916,
                    -0.8895660042762756
                ],
                [
                    -0.38007858395576477,
                    -0.7530865669250488,
                    -0.5370297431945801,
                    -2.1648361682891846
                ],
                [
                    0.0,
                    0.5806015133857727,
                    -0.8141878843307495,
                    -3.2820963859558105
                ],
                [
                    0.0,
                    0.0,
                    0.0,
                    1.0
                ]
            ]
        },
        {
            "file_path": "/data/shapenet_blender/all_50_random/02958343/37249c6f16b203de2e877e82c90c24d/r_31",
            "rotation": 0.12566370614359174,
            "transform_matrix": [
                [
                    0.21535620093345642,
                    0.30441129207611084,
                    -0.9278768301010132,
                    -3.7403910160064697
                ],
                [
                    -0.9765354990959167,
                    0.06713208556175232,
                    -0.2046254724264145,
                    -0.8248715996742249
                ],
                [
                    3.7252896323280993e-09,
                    0.9501721262931824,
                    0.31172576546669006,
                    1.2566066980361938
                ],
                [
                    0.0,
                    0.0,
                    0.0,
                    1.0
                ]
            ]
        },
        {
            "file_path": "/data/shapenet_blender/all_50_random/02958343/37249c6f16b203de2e877e82c90c24d/r_32",
            "rotation": 0.12566370614359174,
            "transform_matrix": [
                [
                    -0.015761712566018105,
                    -0.582566499710083,
                    0.8126302361488342,
                    3.2758169174194336
                ],
                [
                    0.9998758435249329,
                    -0.009183385409414768,
                    0.012810034677386284,
                    0.0516388937830925
                ],
                [
                    -4.656612873077393e-10,
                    0.812731146812439,
                    0.5826389193534851,
                    2.3486924171447754
                ],
                [
                    0.0,
                    0.0,
                    0.0,
                    1.0
                ]
            ]
        },
        {
            "file_path": "/data/shapenet_blender/all_50_random/02958343/37249c6f16b203de2e877e82c90c24d/r_33",
            "rotation": 0.12566370614359174,
            "transform_matrix": [
                [
                    -0.949216365814209,
                    0.021952934563159943,
                    0.3138570487499237,
                    1.2651983499526978
                ],
                [
                    0.3146238923072815,
                    0.06623172760009766,
                    0.9469028115272522,
                    3.8170876502990723
                ],
                [
                    0.0,
                    0.9975626468658447,
                    -0.06977515667676926,
                    -0.28127267956733704
                ],
                [
                    0.0,
                    0.0,
                    0.0,
                    1.0
                ]
            ]
        },
        {
            "file_path": "/data/shapenet_blender/all_50_random/02958343/37249c6f16b203de2e877e82c90c24d/r_34",
            "rotation": 0.12566370614359174,
            "transform_matrix": [
                [
                    0.7498518824577332,
                    0.17874544858932495,
                    -0.6370025277137756,
                    -2.5678391456604004
                ],
                [
                    -0.6616057753562927,
                    0.2025868147611618,
                    -0.7219670414924622,
                    -2.910342216491699
                ],
                [
                    0.0,
                    0.9628127813339233,
                    0.27016910910606384,
                    1.0890865325927734
                ],
                [
                    0.0,
                    0.0,
                    0.0,
                    1.0
                ]
            ]
        },
        {
            "file_path": "/data/shapenet_blender/all_50_random/02958343/37249c6f16b203de2e877e82c90c24d/r_35",
            "rotation": 0.12566370614359174,
            "transform_matrix": [
                [
                    -0.9056086540222168,
                    -0.14845898747444153,
                    -0.3972819447517395,
                    -1.6014947891235352
                ],
                [
                    -0.4241144061088562,
                    0.3170034885406494,
                    0.8483135104179382,
                    3.419661045074463
                ],
                [
                    0.0,
                    0.9367329478263855,
                    -0.35004469752311707,
                    -1.4110753536224365
                ],
                [
                    0.0,
                    0.0,
                    0.0,
                    1.0
                ]
            ]
        },
        {
            "file_path": "/data/shapenet_blender/all_50_random/02958343/37249c6f16b203de2e877e82c90c24d/r_36",
            "rotation": 0.12566370614359174,
            "transform_matrix": [
                [
                    -0.49652794003486633,
                    -0.1870250403881073,
                    0.8476329445838928,
                    3.4169178009033203
                ],
                [
                    0.8680207133293152,
                    -0.10698264837265015,
                    0.48486563563346863,
                    1.954555869102478
                ],
                [
                    0.0,
                    0.9765123128890991,
                    0.21546147763729095,
                    0.8685529828071594
                ],
                [
                    0.0,
                    0.0,
                    0.0,
                    1.0
                ]
            ]
        },
        {
            "file_path": "/data/shapenet_blender/all_50_random/02958343/37249c6f16b203de2e877e82c90c24d/r_37",
            "rotation": 0.12566370614359174,
            "transform_matrix": [
                [
                    -0.7087069153785706,
                    0.5925799012184143,
                    0.38286229968070984,
                    1.5433673858642578
                ],
                [
                    0.705502986907959,
                    0.5952709913253784,
                    0.38460099697113037,
                    1.550376296043396
                ],
                [
                    0.0,
                    0.5426798462867737,
                    -0.839939534664154,
                    -3.3859047889709473
                ],
                [
                    0.0,
                    0.0,
                    0.0,
                    1.0
                ]
            ]
        },
        {
            "file_path": "/data/shapenet_blender/all_50_random/02958343/37249c6f16b203de2e877e82c90c24d/r_38",
            "rotation": 0.12566370614359174,
            "transform_matrix": [
                [
                    -0.02300824597477913,
                    0.9534738659858704,
                    0.3005964159965515,
                    1.211742877960205
                ],
                [
                    0.9997352957725525,
                    0.02194356918334961,
                    0.006918027997016907,
                    0.027887463569641113
                ],
                [
                    4.656613428188905e-10,
                    0.3006759583950043,
                    -0.9537262916564941,
                    -3.8445937633514404
                ],
                [
                    0.0,
                    0.0,
                    0.0,
                    1.0
                ]
            ]
        },
        {
            "file_path": "/data/shapenet_blender/all_50_random/02958343/37249c6f16b203de2e877e82c90c24d/r_39",
            "rotation": 0.12566370614359174,
            "transform_matrix": [
                [
                    -0.928888738155365,
                    -0.2791863679885864,
                    0.24335287511348724,
                    0.9809868335723877
                ],
                [
                    0.37035882472991943,
                    -0.7002211213111877,
                    0.6103479266166687,
                    2.4603912830352783
                ],
                [
                    0.0,
                    0.6570731401443481,
                    0.7538266777992249,
                    3.0387725830078125
                ],
                [
                    0.0,
                    0.0,
                    0.0,
                    1.0
                ]
            ]
        },
        {
            "file_path": "/data/shapenet_blender/all_50_random/02958343/37249c6f16b203de2e877e82c90c24d/r_40",
            "rotation": 0.12566370614359174,
            "transform_matrix": [
                [
                    0.4420851767063141,
                    -0.13404259085655212,
                    0.8869009017944336,
                    3.575212001800537
                ],
                [
                    0.8969730138778687,
                    0.06606470048427582,
                    -0.4371210038661957,
                    -1.7620911598205566
                ],
                [
                    -7.450580152834618e-09,
                    0.9887710213661194,
                    0.14943881332874298,
                    0.6024070978164673
                ],
                [
                    0.0,
                    0.0,
                    0.0,
                    1.0
                ]
            ]
        },
        {
            "file_path": "/data/shapenet_blender/all_50_random/02958343/37249c6f16b203de2e877e82c90c24d/r_41",
            "rotation": 0.12566370614359174,
            "transform_matrix": [
                [
                    -0.981630802154541,
                    -0.03780628368258476,
                    -0.1870070844888687,
                    -0.7538496851921082
                ],
                [
                    -0.1907903552055359,
                    0.19451618194580078,
                    0.9621655344963074,
                    3.878613233566284
                ],
                [
                    0.0,
