{
    "class": "02958343",
    "model": "fad616172dbd52649f06afd991af5139",
    "remove_doubles": true,
    "edge_split": true,
    "denoise": true,
    "camera_angle_x": 0.6911112070083618,
    "scale_factor": 2.894000094182733,
    "hdri_file": "/data/IndoorHDRDataset2018/AG8A5150-101b84cd42.exr",
    "center_offset": [
        0.0,
        7.450580596923828e-09,
        -7.450580596923828e-09
    ],
    "lights": [],
    "frames": [
        {
            "file_path": "/data/shapenet_blender/all_50_random/02958343/fad616172dbd52649f06afd991af5139/r_0",
            "rotation": 0.12566370614359174,
            "transform_matrix": [
                [
                    0.8034396767616272,
                    0.26568642258644104,
                    0.5328183174133301,
                    2.147859573364258
                ],
                [
                    0.5953862071037292,
                    -0.35852864384651184,
                    -0.7190078496932983,
                    -2.89841365814209
                ],
                [
                    0.0,
                    0.8949121236801147,
                    -0.44624215364456177,
                    -1.7988598346710205
                ],
                [
                    0.0,
                    0.0,
                    0.0,
                    1.0
                ]
            ]
        },
        {
            "file_path": "/data/shapenet_blender/all_50_random/02958343/fad616172dbd52649f06afd991af5139/r_1",
            "rotation": 0.12566370614359174,
            "transform_matrix": [
                [
                    0.8245886564254761,
                    -0.35174277424812317,
                    -0.44309213757514954,
                    -1.7861615419387817
                ],
                [
                    -0.5657328367233276,
                    -0.5126855969429016,
                    -0.6458326578140259,
                    -2.6034348011016846
                ],
                [
                    1.4901161193847656e-08,
                    0.7832180857658386,
                    -0.6217470765113831,
                    -2.506342649459839
                ],
                [
                    0.0,
                    0.0,
                    0.0,
                    1.0
                ]
            ]
        },
        {
            "file_path": "/data/shapenet_blender/all_50_random/02958343/fad616172dbd52649f06afd991af5139/r_2",
            "rotation": 0.12566370614359174,
            "transform_matrix": [
                [
                    -0.6099422574043274,
                    0.49405020475387573,
                    -0.6195844411849976,
                    -2.4976248741149902
                ],
                [
                    -0.792445957660675,
                    -0.3802683353424072,
                    0.4768914580345154,
                    1.9224109649658203
                ],
                [
                    -1.4901162970204496e-08,
                    0.7818633317947388,
                    0.6234498023986816,
                    2.5132064819335938
                ],
                [
                    0.0,
                    0.0,
                    0.0,
                    1.0
                ]
            ]
        },
        {
            "file_path": "/data/shapenet_blender/all_50_random/02958343/fad616172dbd52649f06afd991af5139/r_3",
            "rotation": 0.12566370614359174,
            "transform_matrix": [
                [
                    0.7828864455223083,
                    0.025565747171640396,
                    -0.62163907289505,
                    -2.5059072971343994
                ],
                [
                    -0.6221645474433899,
                    0.032170068472623825,
                    -0.7822251915931702,
                    -3.1532506942749023
                ],
                [
                    1.862645149230957e-09,
                    0.9991552829742432,
                    0.041091613471508026,
                    0.16564559936523438
                ],
                [
                    0.0,
                    0.0,
                    0.0,
                    1.0
                ]
            ]
        },
        {
            "file_path": "/data/shapenet_blender/all_50_random/02958343/fad616172dbd52649f06afd991af5139/r_4",
            "rotation": 0.12566370614359174,
            "transform_matrix": [
                [
                    0.18157313764095306,
                    0.08142764121294022,
                    -0.980000376701355,
                    -3.950507879257202
                ],
                [
                    -0.9833773970603943,
                    0.015034993179142475,
                    -0.1809495985507965,
                    -0.72943115234375
                ],
                [
                    0.0,
                    0.9965658783912659,
                    0.08280405402183533,
                    0.3337938189506531
                ],
                [
                    0.0,
                    0.0,
                    0.0,
                    1.0
                ]
            ]
        },
        {
            "file_path": "/data/shapenet_blender/all_50_random/02958343/fad616172dbd52649f06afd991af5139/r_5",
            "rotation": 0.12566370614359174,
            "transform_matrix": [
                [
                    0.6134867072105408,
                    -0.04140745848417282,
                    0.788618803024292,
                    3.1790237426757812
                ],
                [
                    0.7897050976753235,
                    0.03216760605573654,
                    -0.6126428246498108,
                    -2.469641923904419
                ],
                [
                    1.862645149230957e-09,
                    0.9986242651939392,
                    0.05243409052491188,
                    0.21136856079101562
                ],
                [
                    0.0,
                    0.0,
                    0.0,
                    1.0
                ]
            ]
        },
        {
            "file_path": "/data/shapenet_blender/all_50_random/02958343/fad616172dbd52649f06afd991af5139/r_6",
            "rotation": 0.12566370614359174,
            "transform_matrix": [
                [
                    0.82890385389328,
                    -0.3265746235847473,
                    -0.45416659116744995,
                    -1.8308041095733643
                ],
                [
                    -0.5593909621238708,
                    -0.4839172959327698,
                    -0.6729826927185059,
                    -2.7128798961639404
                ],
                [
                    0.0,
                    0.8118946552276611,
                    -0.5838038921356201,
                    -2.353388786315918
                ],
                [
                    0.0,
                    0.0,
                    0.0,
                    1.0
                ]
            ]
        },
        {
            "file_path": "/data/shapenet_blender/all_50_random/02958343/fad616172dbd52649f06afd991af5139/r_7",
            "rotation": 0.12566370614359174,
            "transform_matrix": [
                [
                    -0.33857646584510803,
                    -0.5189157724380493,
                    -0.7849154472351074,
                    -3.164095640182495
                ],
                [
                    -0.9409389495849609,
                    0.1867205798625946,
                    0.2824347913265228,
                    1.13853120803833
                ],
                [
                    0.0,
                    0.8341832756996155,
                    -0.551487147808075,
                    -2.223116159439087
                ],
                [
                    0.0,
                    0.0,
                    0.0,
                    1.0
                ]
            ]
        },
        {
            "file_path": "/data/shapenet_blender/all_50_random/02958343/fad616172dbd52649f06afd991af5139/r_8",
            "rotation": 0.12566370614359174,
            "transform_matrix": [
                [
                    0.3836430609226227,
                    0.25235629081726074,
                    0.8883322477340698,
                    3.580981969833374
                ],
                [
                    0.9234814643859863,
                    -0.10483669489622116,
                    -0.36904096603393555,
                    -1.4876518249511719
                ],
                [
                    0.0,
                    0.9619384407997131,
                    -0.2732661962509155,
                    -1.1015714406967163
                ],
                [
                    0.0,
                    0.0,
                    0.0,
                    1.0
                ]
            ]
        },
        {
            "file_path": "/data/shapenet_blender/all_50_random/02958343/fad616172dbd52649f06afd991af5139/r_9",
            "rotation": 0.12566370614359174,
            "transform_matrix": [
                [
                    0.46952271461486816,
                    0.3016400933265686,
                    0.8297960758209229,
                    3.345015287399292
                ],
                [
                    0.8829204440116882,
                    -0.16040728986263275,
                    -0.4412720203399658,
                    -1.7788245677947998
                ],
                [
                    1.4901161193847656e-08,
                    0.9398311972618103,
                    -0.34163904190063477,
                    -1.377191185951233
                ],
                [
                    0.0,
                    0.0,
                    0.0,
                    1.0
                ]
            ]
        },
        {
            "file_path": "/data/shapenet_blender/all_50_random/02958343/fad616172dbd52649f06afd991af5139/r_10",
            "rotation": 0.12566370614359174,
            "transform_matrix": [
                [
                    -0.9094732999801636,
                    -0.11066874861717224,
                    -0.40076279640197754,
                    -1.6155263185501099
                ],
                [
                    -0.41576239466667175,
                    0.2420860230922699,
                    0.8766618967056274,
                    3.5339367389678955
                ],
                [
                    -7.450580596923828e-09,
                    0.9639225602149963,
                    -0.26618269085884094,
                    -1.07301664352417
                ],
                [
                    0.0,
                    0.0,
                    0.0,
                    1.0
                ]
            ]
        },
        {
            "file_path": "/data/shapenet_blender/all_50_random/02958343/fad616172dbd52649f06afd991af5139/r_11",
            "rotation": 0.12566370614359174,
            "transform_matrix": [
                [
                    0.3609033226966858,
                    -0.2574925720691681,
                    -0.8963517546653748,
                    -3.613309144973755
                ],
                [
                    -0.9326032996177673,
                    -0.0996457189321518,
                    -0.34687450528144836,
                    -1.3982956409454346
                ],
                [
                    -7.450580596923828e-09,
                    0.9611286520957947,
                    -0.27610090374946594,
                    -1.1129982471466064
                ],
                [
                    0.0,
                    0.0,
                    0.0,
                    1.0
                ]
            ]
        },
        {
            "file_path": "/data/shapenet_blender/all_50_random/02958343/fad616172dbd52649f06afd991af5139/r_12",
            "rotation": 0.12566370614359174,
            "transform_matrix": [
                [
                    -0.4404136836528778,
                    0.004894848447293043,
                    0.8977815508842468,
                    3.6190733909606934
                ],
                [
                    0.8977949619293213,
                    0.0024011698551476,
                    0.4404070973396301,
                    1.7753379344940186
                ],
                [
                    0.0,
                    0.9999851584434509,
                    -0.005452076904475689,
                    -0.021978026255965233
                ],
                [
                    0.0,
                    0.0,
                    0.0,
                    1.0
                ]
            ]
        },
        {
            "file_path": "/data/shapenet_blender/all_50_random/02958343/fad616172dbd52649f06afd991af5139/r_13",
            "rotation": 0.12566370614359174,
            "transform_matrix": [
                [
                    -0.8679965734481812,
                    -0.40790683031082153,
                    -0.28318536281585693,
                    -1.141556739807129
                ],
                [
                    -0.4965701699256897,
                    0.7130144834518433,
                    0.49500343203544617,
                    1.9954224824905396
                ],
                [
                    -1.4901159417490817e-08,
                    0.5702827572822571,
                    -0.8214485049247742,
                    -3.3113646507263184
                ],
                [
                    0.0,
                    0.0,
                    0.0,
                    1.0
                ]
            ]
        },
        {
            "file_path": "/data/shapenet_blender/all_50_random/02958343/fad616172dbd52649f06afd991af5139/r_14",
            "rotation": 0.12566370614359174,
            "transform_matrix": [
                [
                    -0.06857532262802124,
                    0.5594968795776367,
                    0.8259906768798828,
                    3.3296749591827393
                ],
                [
                    0.997645914554596,
                    0.038458213210105896,
                    0.05677623301744461,
                    0.22887231409549713
                ],
                [
                    0.0,
                    0.8279397487640381,
                    -0.5608170032501221,
                    -2.260725736618042
                ],
                [
                    0.0,
                    0.0,
                    0.0,
                    1.0
                ]
            ]
        },
        {
            "file_path": "/data/shapenet_blender/all_50_random/02958343/fad616172dbd52649f06afd991af5139/r_15",
            "rotation": 0.12566370614359174,
            "transform_matrix": [
                [
                    -0.15192440152168274,
                    0.6342951655387878,
                    0.7580162286758423,
                    3.055661201477051
                ],
                [
                    0.9883921146392822,
                    0.0974966436624527,
                    0.11651363223791122,
                    0.4696814715862274
                ],
                [
                    -7.450580596923828e-09,
                    0.7669185400009155,
                    -0.6417444348335266,
                    -2.5869545936584473
                ],
                [
                    0.0,
                    0.0,
                    0.0,
                    1.0
                ]
            ]
        },
        {
            "file_path": "/data/shapenet_blender/all_50_random/02958343/fad616172dbd52649f06afd991af5139/r_16",
            "rotation": 0.12566370614359174,
            "transform_matrix": [
                [
                    -0.9995625615119934,
                    -0.0015334254130721092,
                    0.029537467285990715,
                    0.11906933784484863
                ],
                [
                    0.02957724779844284,
                    -0.05182208493351936,
                    0.9982181787490845,
                    4.023946285247803
                ],
                [
                    0.0,
                    0.9986551403999329,
                    0.0518447645008564,
                    0.20899292826652527
                ],
                [
                    0.0,
                    0.0,
                    0.0,
                    1.0
                ]
            ]
        },
        {
            "file_path": "/data/shapenet_blender/all_50_random/02958343/fad616172dbd52649f06afd991af5139/r_17",
            "rotation": 0.12566370614359174,
            "transform_matrix": [
                [
                    0.5821073651313782,
                    0.3872896730899811,
                    -0.7149528861045837,
                    -2.8820674419403076
                ],
                [
                    -0.8131120204925537,
                    0.2772609293460846,
                    -0.5118352174758911,
                    -2.0632739067077637
                ],
                [
                    0.0,
                    0.8792797923088074,
                    0.47630545496940613,
                    1.9200488328933716
                ],
                [
                    0.0,
                    0.0,
                    0.0,
                    1.0
                ]
            ]
        },
        {
            "file_path": "/data/shapenet_blender/all_50_random/02958343/fad616172dbd52649f06afd991af5139/r_18",
            "rotation": 0.12566370614359174,
            "transform_matrix": [
                [
                    0.7203152179718018,
                    -0.12067300081253052,
                    0.6830695867538452,
                    2.7535414695739746
                ],
                [
                    0.6936469078063965,
                    0.1253124475479126,
                    -0.709331214427948,
                    -2.859405517578125
                ],
                [
                    0.0,
                    0.9847511053085327,
                    0.17396892607212067,
                    0.7012911438941956
                ],
                [
                    0.0,
                    0.0,
                    0.0,
                    1.0
                ]
            ]
        },
        {
            "file_path": "/data/shapenet_blender/all_50_random/02958343/fad616172dbd52649f06afd991af5139/r_19",
            "rotation": 0.12566370614359174,
            "transform_matrix": [
                [
                    -0.9038857817649841,
                    -0.13662472367286682,
                    0.4053690433502197,
                    1.6340949535369873
                ],
                [
                    0.42777374386787415,
                    -0.2886880040168762,
                    0.8565446734428406,
                    3.4528422355651855
                ],
                [
                    7.4505797087454084e-09,
                    0.9476248621940613,
                    0.31938543915748596,
                    1.287484049797058
                ],
                [
                    0.0,
                    0.0,
                    0.0,
                    1.0
                ]
            ]
        },
        {
            "file_path": "/data/shapenet_blender/all_50_random/02958343/fad616172dbd52649f06afd991af5139/r_20",
            "rotation": 0.12566370614359174,
            "transform_matrix": [
                [
                    -0.7216808199882507,
                    0.014006298035383224,
                    -0.6920843124389648,
                    -2.7898809909820557
                ],
                [
                    -0.6922260522842407,
                    -0.014602277427911758,
                    0.7215330600738525,
                    2.908592700958252
                ],
                [
                    -9.313225746154785e-10,
                    0.9997953176498413,
                    0.020233705639839172,
                    0.08156467974185944
                ],
                [
                    0.0,
                    0.0,
                    0.0,
                    1.0
                ]
            ]
        },
        {
            "file_path": "/data/shapenet_blender/all_50_random/02958343/fad616172dbd52649f06afd991af5139/r_21",
            "rotation": 0.12566370614359174,
            "transform_matrix": [
                [
                    -0.12028918415307999,
                    0.6603979468345642,
                    0.7412185668945312,
                    2.987947940826416
                ],
                [
                    0.9927389025688171,
                    0.0800197571516037,
                    0.08981271088123322,
                    0.36204665899276733
                ],
                [
                    0.0,
                    0.7466400861740112,
                    -0.6652281284332275,
                    -2.6816205978393555
                ],
                [
                    0.0,
                    0.0,
                    0.0,
                    1.0
                ]
            ]
        },
        {
            "file_path": "/data/shapenet_blender/all_50_random/02958343/fad616172dbd52649f06afd991af5139/r_22",
            "rotation": 0.12566370614359174,
            "transform_matrix": [
                [
                    -0.630200982093811,
                    -0.034223683178424835,
                    -0.7756773233413696,
                    -3.1268553733825684
                ],
                [
                    -0.7764320373535156,
                    0.02777809463441372,
                    0.6295884847640991,
                    2.537952423095703
                ],
                [
                    0.0,
                    0.9990280270576477,
                    -0.044078148901462555,
                    -0.1776846945285797
                ],
                [
                    0.0,
                    0.0,
                    0.0,
                    1.0
                ]
            ]
        },
        {
            "file_path": "/data/shapenet_blender/all_50_random/02958343/fad616172dbd52649f06afd991af5139/r_23",
            "rotation": 0.12566370614359174,
            "transform_matrix": [
                [
                    -0.9510496854782104,
                    -0.25452423095703125,
                    -0.17527668178081512,
                    -0.706562876701355
                ],
                [
                    -0.30903804302215576,
                    0.7832860350608826,
                    0.5394055843353271,
                    2.1744134426116943
                ],
                [
                    -1.4901161193847656e-08,
                    0.567168653011322,
                    -0.8236016631126404,
                    -3.32004451751709
                ],
                [
                    0.0,
                    0.0,
                    0.0,
                    1.0
                ]
            ]
        },
        {
            "file_path": "/data/shapenet_blender/all_50_random/02958343/fad616172dbd52649f06afd991af5139/r_24",
            "rotation": 0.12566370614359174,
            "transform_matrix": [
                [
                    0.9624783396720886,
                    -0.0031285567674785852,
                    0.2713404893875122,
                    1.0938084125518799
                ],
                [
                    0.2713584899902344,
                    0.011096641421318054,
                    -0.9624144434928894,
                    -3.8796162605285645
                ],
                [
                    0.0,
                    0.9999336004257202,
                    0.011529238894581795,
                    0.0464758425951004
                ],
                [
                    0.0,
                    0.0,
                    0.0,
                    1.0
                ]
            ]
        },
        {
            "file_path": "/data/shapenet_blender/all_50_random/02958343/fad616172dbd52649f06afd991af5139/r_25",
            "rotation": 0.12566370614359174,
            "transform_matrix": [
                [
                    -0.31524422764778137,
                    0.2059091478586197,
                    0.9264029860496521,
                    3.734449863433838
                ],
                [
                    0.9490105509757996,
                    0.06839931756258011,
                    0.3077344298362732,
                    1.2405171394348145
                ],
                [
                    0.0,
                    0.9761777520179749,
                    -0.21697241067886353,
                    -0.8746437430381775
                ],
                [
                    0.0,
                    0.0,
                    0.0,
                    1.0
                ]
            ]
        },
        {
            "file_path": "/data/shapenet_blender/all_50_random/02958343/fad616172dbd52649f06afd991af5139/r_26",
            "rotation": 0.12566370614359174,
            "transform_matrix": [
                [
                    -0.9651588201522827,
                    0.19910340011119843,
                    -0.16978299617767334,
                    -0.6844171285629272
                ],
                [
                    -0.2616647481918335,
                    -0.7343993186950684,
                    0.6262500286102295,
                    2.5244946479797363
                ],
                [
                    -7.450580596923828e-09,
                    0.6488569378852844,
                    0.7609103918075562,
                    3.0673279762268066
                ],
                [
                    0.0,
                    0.0,
                    0.0,
                    1.0
                ]
            ]
        },
        {
            "file_path": "/data/shapenet_blender/all_50_random/02958343/fad616172dbd52649f06afd991af5139/r_27",
            "rotation": 0.12566370614359174,
            "transform_matrix": [
                [
                    -0.9459194540977478,
                    -0.17462624609470367,
                    -0.273389995098114,
                    -1.1020704507827759
                ],
                [
                    -0.3244016766548157,
                    0.5091907978057861,
                    0.7971750497817993,
                    3.2135157585144043
                ],
                [
                    0.0,
                    0.8427516222000122,
                    -0.538302481174469,
                    -2.16996693611145
                ],
                [
                    0.0,
                    0.0,
                    0.0,
                    1.0
                ]
            ]
        },
        {
            "file_path": "/data/shapenet_blender/all_50_random/02958343/fad616172dbd52649f06afd991af5139/r_28",
            "rotation": 0.12566370614359174,
            "transform_matrix": [
                [
                    -0.1604125201702118,
                    -0.21673645079135895,
                    -0.9629606008529663,
                    -3.8818182945251465
                ],
                [
                    -0.9870500564575195,
                    0.035223379731178284,
                    0.15649756789207458,
                    0.6308618783950806
                ],
                [
                    0.0,
                    0.9755943417549133,
                    -0.2195800393819809,
                    -0.885155439376831
                ],
                [
                    0.0,
                    0.0,
                    0.0,
                    1.0
                ]
            ]
        },
        {
            "file_path": "/data/shapenet_blender/all_50_random/02958343/fad616172dbd52649f06afd991af5139/r_29",
            "rotation": 0.12566370614359174,
            "transform_matrix": [
                [
                    -0.7240485548973083,
                    -0.1090785562992096,
                    0.6810694336891174,
                    2.745478630065918
                ],
                [
                    0.6897489428520203,
                    -0.11450277268886566,
                    0.7149373888969421,
                    2.882004737854004
                ],
                [
                    0.0,
                    0.9874163269996643,
                    0.15814238786697388,
                    0.6374923586845398
                ],
                [
                    0.0,
                    0.0,
                    0.0,
                    1.0
                ]
            ]
        },
        {
            "file_path": "/data/shapenet_blender/all_50_random/02958343/fad616172dbd52649f06afd991af5139/r_30",
            "rotation": 0.12566370614359174,
            "transform_matrix": [
                [
                    0.7344915866851807,
                    -0.6093036532402039,
                    0.29878291487693787,
                    1.2044326066970825
                ],
                [
                    0.6786178946495056,
                    0.6594704389572144,
                    -0.323383092880249,
                    -1.3035991191864014
                ],
                [
                    0.0,
                    0.44028159976005554,
                    0.8978596925735474,
                    3.6193883419036865
                ],
                [
                    0.0,
                    0.0,
                    0.0,
                    1.0
                ]
            ]
        },
        {
            "file_path": "/data/shapenet_blender/all_50_random/02958343/fad616172dbd52649f06afd991af5139/r_31",
            "rotation": 0.12566370614359174,
            "transform_matrix": [
                [
                    0.9443858861923218,
                    0.06796596944332123,
                    0.32173871994018555,
                    1.296970248222351
                ],
                [
                    0.32883912324905396,
                    -0.19518998265266418,
                    -0.9239944219589233,
                    -3.724740505218506
                ],
                [
                    0.0,
                    0.978407621383667,
                    -0.20668454468250275,
                    -0.8331720232963562
                ],
                [
                    0.0,
                    0.0,
                    0.0,
                    1.0
                ]
            ]
        },
        {
            "file_path": "/data/shapenet_blender/all_50_random/02958343/fad616172dbd52649f06afd991af5139/r_32",
            "rotation": 0.12566370614359174,
            "transform_matrix": [
                [
                    0.5330747961997986,
                    0.05795803293585777,
                    0.8440806269645691,
                    3.4025981426239014
                ],
                [
                    0.8460682034492493,
                    -0.03651710972189903,
                    -0.5318224430084229,
                    -2.1438450813293457
                ],
                [
                    1.862645149230957e-09,
                    0.9976509809494019,
                    -0.06850278377532959,
                    -0.2761435806751251
                ],
                [
                    0.0,
                    0.0,
                    0.0,
                    1.0
                ]
            ]
        },
        {
            "file_path": "/data/shapenet_blender/all_50_random/02958343/fad616172dbd52649f06afd991af5139/r_33",
            "rotation": 0.12566370614359174,
            "transform_matrix": [
                [
                    0.9992238283157349,
                    0.01576414704322815,
                    0.03610289469361305,
                    0.1455354243516922
                ],
                [
                    0.03939451277256012,
                    -0.39985036849975586,
                    -0.9157333970069885,
                    -3.691439390182495
                ],
                [
                    -9.31322685637781e-10,
                    0.9164447784423828,
                    -0.4001610577106476,
                    -1.6131007671356201
                ],
                [
                    0.0,
                    0.0,
                    0.0,
                    1.0
                ]
            ]
        },
        {
            "file_path": "/data/shapenet_blender/all_50_random/02958343/fad616172dbd52649f06afd991af5139/r_34",
            "rotation": 0.12566370614359174,
            "transform_matrix": [
                [
                    -0.5373188257217407,
                    -0.3329318165779114,
                    0.7748837471008301,
                    3.1236562728881836
                ],
                [
                    0.8433790802955627,
                    -0.21211165189743042,
                    0.49368026852607727,
                    1.9900888204574585
                ],
                [
                    0.0,
                    0.918784499168396,
                    0.39475932717323303,
                    1.5913257598876953
                ],
                [
                    0.0,
                    0.0,
                    0.0,
                    1.0
                ]
            ]
        },
        {
            "file_path": "/data/shapenet_blender/all_50_random/02958343/fad616172dbd52649f06afd991af5139/r_35",
            "rotation": 0.12566370614359174,
            "transform_matrix": [
                [
                    0.6875170469284058,
                    -0.08594406396150589,
                    -0.7210645079612732,
                    -2.9067039489746094
                ],
                [
                    -0.7261683344841003,
                    -0.08136957138776779,
                    -0.6826848387718201,
                    -2.751990556716919
                ],
                [
                    0.0,
                    0.992971658706665,
                    -0.11835280805826187,
                    -0.47709542512893677
                ],
                [
                    0.0,
                    0.0,
                    0.0,
                    1.0
                ]
            ]
        },
        {
            "file_path": "/data/shapenet_blender/all_50_random/02958343/fad616172dbd52649f06afd991af5139/r_36",
            "rotation": 0.12566370614359174,
            "transform_matrix": [
                [
                    -0.08438814431428909,
                    0.6679225564002991,
                    0.739430844783783,
                    2.980741262435913
                ],
                [
                    0.9964330196380615,
                    0.0565665178000927,
                    0.0626225620508194,
                    0.2524396479129791
                ],
                [
                    -3.725290742551124e-09,
                    0.7420779466629028,
                    -0.6703135371208191,
                    -2.702120542526245
                ],
                [
                    0.0,
                    0.0,
                    0.0,
                    1.0
                ]
            ]
        },
        {
            "file_path": "/data/shapenet_blender/all_50_random/02958343/fad616172dbd52649f06afd991af5139/r_37",
            "rotation": 0.12566370614359174,
            "transform_matrix": [
                [
                    0.14024804532527924,
                    -0.738618791103363,
                    0.6593729853630066,
                    2.658017635345459
                ],
                [
                    0.9901164770126343,
                    0.10462389141321182,
                    -0.09339887648820877,
                    -0.3765029013156891
                ],
                [
                    -7.450581485102248e-09,
                    0.6659550070762634,
                    0.7459918856620789,
                    3.0071895122528076
                ],
                [
                    0.0,
                    0.0,
                    0.0,
                    1.0
                ]
            ]
        },
        {
            "file_path": "/data/shapenet_blender/all_50_random/02958343/fad616172dbd52649f06afd991af5139/r_38",
            "rotation": 0.12566370614359174,
            "transform_matrix": [
                [
                    0.43431147933006287,
                    -0.4649679362773895,
                    0.7714780569076538,
                    3.1099274158477783
                ],
                [
                    0.9007627367973328,
                    0.22418880462646484,
                    -0.3719756305217743,
                    -1.4994816780090332
                ],
                [
                    0.0,
                    0.8564719557762146,
                    0.5161935687065125,
                    2.0808427333831787
                ],
                [
                    0.0,
                    0.0,
                    0.0,
                    1.0
                ]
            ]
        },
        {
            "file_path": "/data/shapenet_blender/all_50_random/02958343/fad616172dbd52649f06afd991af5139/r_39",
            "rotation": 0.12566370614359174,
            "transform_matrix": [
                [
                    0.9970356822013855,
                    0.03851499781012535,
                    0.06660665571689606,
                    0.26850005984306335
                ],
                [
                    0.07694058120250702,
                    -0.49909713864326477,
                    -0.8631234169006348,
                    -3.4793620109558105
                ],
                [
                    -3.725290298461914e-09,
                    0.8656896352767944,
                    -0.5005810260772705,
                    -2.017906904220581
                ],
                [
                    0.0,
                    0.0,
                    0.0,
                    1.0
                ]
            ]
        },
        {
            "file_path": "/data/shapenet_blender/all_50_random/02958343/fad616172dbd52649f06afd991af5139/r_40",
            "rotation": 0.12566370614359174,
            "transform_matrix": [
                [
                    -0.9809342622756958,
                    -0.16140258312225342,
                    -0.10824669897556305,
                    -0.43635639548301697
                ],
                [
                    -0.1943403035402298,
                    0.8146808743476868,
                    0.54637610912323,
                    2.202512502670288
                ],
                [
                    0.0,
                    0.5569956302642822,
                    -0.8305153250694275,
                    -3.347914457321167
                ],
                [
                    0.0,
                    0.0,
                    0.0,
                    1.0
                ]
            ]
        },
        {
            "file_path": "/data/shapenet_blender/all_50_random/02958343/fad616172dbd52649f06afd991af5139/r_41",
            "rotation": 0.12566370614359174,
            "transform_matrix": [
                [
                    0.9151245951652527,
                    -0.33051031827926636,
                    -0.23088917136192322,
                    -0.9307439923286438
                ],
                [
                    -0.4031710624694824,
                    -0.7501980066299438,
                    -0.5240762233734131,
                    -2.112618923187256
                ],
                [
