{
    "class": "02958343",
    "model": "4d8a4808e9bf605b11647ffa4306609",
    "remove_doubles": true,
    "edge_split": true,
    "denoise": true,
    "camera_angle_x": 0.6911112070083618,
    "scale_factor": 2.2490735443076666,
    "hdri_file": "/data/IndoorHDRDataset2018/AG8A9956-30e880bb24.exr",
    "center_offset": [
        0.0,
        0.0,
        3.725290298461914e-09
    ],
    "lights": [],
    "frames": [
        {
            "file_path": "/data/shapenet_blender/all_50_random/02958343/4d8a4808e9bf605b11647ffa4306609/r_0",
            "rotation": 0.12566370614359174,
            "transform_matrix": [
                [
                    0.860909104347229,
                    0.06275719404220581,
                    -0.5048732757568359,
                    -2.0352091789245605
                ],
                [
                    -0.5087587237358093,
                    0.10619619488716125,
                    -0.8543342351913452,
                    -3.4439313411712646
                ],
                [
                    3.725290076417309e-09,
                    0.9923627972602844,
                    0.12335354834794998,
                    0.49725404381752014
                ],
                [
                    0.0,
                    0.0,
                    0.0,
                    1.0
                ]
            ]
        },
        {
            "file_path": "/data/shapenet_blender/all_50_random/02958343/4d8a4808e9bf605b11647ffa4306609/r_1",
            "rotation": 0.12566370614359174,
            "transform_matrix": [
                [
                    0.8904661536216736,
                    0.06059494614601135,
                    0.45099693536758423,
                    1.8180270195007324
                ],
                [
                    0.4550494849681854,
                    -0.1185755580663681,
                    -0.8825358748435974,
                    -3.5576164722442627
                ],
                [
                    0.0,
                    0.9910943508148193,
                    -0.13316121697425842,
                    -0.5367900729179382
                ],
                [
                    0.0,
                    0.0,
                    0.0,
                    1.0
                ]
            ]
        },
        {
            "file_path": "/data/shapenet_blender/all_50_random/02958343/4d8a4808e9bf605b11647ffa4306609/r_2",
            "rotation": 0.12566370614359174,
            "transform_matrix": [
                [
                    0.10167653858661652,
                    0.6774143576622009,
                    -0.7285407185554504,
                    -2.9368414878845215
                ],
                [
                    -0.9948174953460693,
                    0.06923596560955048,
                    -0.07446140050888062,
                    -0.30016350746154785
                ],
                [
                    -3.725290298461914e-09,
                    0.7323359847068787,
                    0.6809433698654175,
                    2.7449705600738525
                ],
                [
                    0.0,
                    0.0,
                    0.0,
                    1.0
                ]
            ]
        },
        {
            "file_path": "/data/shapenet_blender/all_50_random/02958343/4d8a4808e9bf605b11647ffa4306609/r_3",
            "rotation": 0.12566370614359174,
            "transform_matrix": [
                [
                    -0.9997758269309998,
                    -0.02042502723634243,
                    0.005584300495684147,
                    0.022511035203933716
                ],
                [
                    0.021174659952521324,
                    -0.9643813967704773,
                    0.2636664807796478,
                    1.0628736019134521
                ],
                [
                    4.656613428188905e-10,
                    0.2637254297733307,
                    0.9645977020263672,
                    3.8884177207946777
                ],
                [
                    0.0,
                    0.0,
                    0.0,
                    1.0
                ]
            ]
        },
        {
            "file_path": "/data/shapenet_blender/all_50_random/02958343/4d8a4808e9bf605b11647ffa4306609/r_4",
            "rotation": 0.12566370614359174,
            "transform_matrix": [
                [
                    -0.8095804452896118,
                    -0.06196100637316704,
                    -0.5837297439575195,
                    -2.3530900478363037
                ],
                [
                    -0.5870091319084167,
                    0.08545424044132233,
                    0.8050576448440552,
                    3.2452914714813232
                ],
                [
                    3.725290742551124e-09,
                    0.9944134950637817,
                    -0.10555374622344971,
                    -0.4255007803440094
                ],
                [
                    0.0,
                    0.0,
                    0.0,
                    1.0
                ]
            ]
        },
        {
            "file_path": "/data/shapenet_blender/all_50_random/02958343/4d8a4808e9bf605b11647ffa4306609/r_5",
            "rotation": 0.12566370614359174,
            "transform_matrix": [
                [
                    -0.8665156364440918,
                    -0.2916210889816284,
                    -0.40510228276252747,
                    -1.6330195665359497
                ],
                [
                    -0.49915003776550293,
                    0.5062490701675415,
                    0.7032504081726074,
                    2.834892988204956
                ],
                [
                    1.4901161193847656e-08,
                    0.8115841746330261,
                    -0.584235429763794,
                    -2.355128288269043
                ],
                [
                    0.0,
                    0.0,
                    0.0,
                    1.0
                ]
            ]
        },
        {
            "file_path": "/data/shapenet_blender/all_50_random/02958343/4d8a4808e9bf605b11647ffa4306609/r_6",
            "rotation": 0.12566370614359174,
            "transform_matrix": [
                [
                    -0.568857729434967,
                    0.6307770013809204,
                    0.527751088142395,
                    2.1274328231811523
                ],
                [
                    0.8224359750747681,
                    0.4362921416759491,
                    0.3650318384170532,
                    1.471490502357483
                ],
                [
                    2.9802322387695312e-08,
                    0.6416927576065063,
                    -0.7669617533683777,
                    -3.091722011566162
                ],
                [
                    0.0,
                    0.0,
                    0.0,
                    1.0
                ]
            ]
        },
        {
            "file_path": "/data/shapenet_blender/all_50_random/02958343/4d8a4808e9bf605b11647ffa4306609/r_7",
            "rotation": 0.12566370614359174,
            "transform_matrix": [
                [
                    -0.7384378910064697,
                    -0.4952423870563507,
                    0.4576508402824402,
                    1.844849705696106
                ],
                [
                    0.6743213534355164,
                    -0.5423315763473511,
                    0.5011656880378723,
                    2.020263671875
                ],
                [
                    0.0,
                    0.6786835789680481,
                    0.734430730342865,
                    2.960585117340088
                ],
                [
                    0.0,
                    0.0,
                    0.0,
                    1.0
                ]
            ]
        },
        {
            "file_path": "/data/shapenet_blender/all_50_random/02958343/4d8a4808e9bf605b11647ffa4306609/r_8",
            "rotation": 0.12566370614359174,
            "transform_matrix": [
                [
                    0.9586579203605652,
                    -0.018997257575392723,
                    0.28392621874809265,
                    1.144543170928955
                ],
                [
                    0.28456106781959534,
                    0.06399987637996674,
                    -0.9565192461013794,
                    -3.8558523654937744
                ],
                [
                    0.0,
                    0.9977690577507019,
                    0.0667598769068718,
                    0.26911768317222595
                ],
                [
                    0.0,
                    0.0,
                    0.0,
                    1.0
                ]
            ]
        },
        {
            "file_path": "/data/shapenet_blender/all_50_random/02958343/4d8a4808e9bf605b11647ffa4306609/r_9",
            "rotation": 0.12566370614359174,
            "transform_matrix": [
                [
                    0.9999560117721558,
                    -0.0039799027144908905,
                    0.00849501695483923,
                    0.03424450755119324
                ],
                [
                    0.009381094947457314,
                    0.4242284893989563,
                    -0.9055065512657166,
                    -3.6502137184143066
                ],
                [
                    0.0,
                    0.9055463671684265,
                    0.42424720525741577,
                    1.7101951837539673
                ],
                [
                    0.0,
                    0.0,
                    0.0,
                    1.0
                ]
            ]
        },
        {
            "file_path": "/data/shapenet_blender/all_50_random/02958343/4d8a4808e9bf605b11647ffa4306609/r_10",
            "rotation": 0.12566370614359174,
            "transform_matrix": [
                [
                    -0.8919664025306702,
                    -0.11333785951137543,
                    -0.43766456842422485,
                    -1.7642823457717896
                ],
                [
                    -0.4521014392375946,
                    0.22360816597938538,
                    0.8634834289550781,
                    3.4808130264282227
                ],
                [
                    7.4505792646561986e-09,
                    0.9680671095848083,
                    -0.25069117546081543,
                    -1.0105684995651245
                ],
                [
                    0.0,
                    0.0,
                    0.0,
                    1.0
                ]
            ]
        },
        {
            "file_path": "/data/shapenet_blender/all_50_random/02958343/4d8a4808e9bf605b11647ffa4306609/r_11",
            "rotation": 0.12566370614359174,
            "transform_matrix": [
                [
                    0.8435308933258057,
                    -0.22159388661384583,
                    0.4892360270023346,
                    1.9721734523773193
                ],
                [
                    0.5370808243751526,
                    0.3480319380760193,
                    -0.7683866024017334,
                    -3.0974655151367188
                ],
                [
                    1.4901162970204496e-08,
                    0.9109169840812683,
                    0.41258949041366577,
                    1.6632014513015747
                ],
                [
                    0.0,
                    0.0,
                    0.0,
                    1.0
                ]
            ]
        },
        {
            "file_path": "/data/shapenet_blender/all_50_random/02958343/4d8a4808e9bf605b11647ffa4306609/r_12",
            "rotation": 0.12566370614359174,
            "transform_matrix": [
                [
                    0.9396415948867798,
                    0.12343767285346985,
                    -0.3191187381744385,
                    -1.28640878200531
                ],
                [
                    -0.3421602249145508,
                    0.3389849364757538,
                    -0.8763649463653564,
                    -3.5327401161193848
                ],
                [
                    -7.450580596923828e-09,
                    0.9326585531234741,
                    0.3607598841190338,
                    1.4542696475982666
                ],
                [
                    0.0,
                    0.0,
                    0.0,
                    1.0
                ]
            ]
        },
        {
            "file_path": "/data/shapenet_blender/all_50_random/02958343/4d8a4808e9bf605b11647ffa4306609/r_13",
            "rotation": 0.12566370614359174,
            "transform_matrix": [
                [
                    -0.02573450654745102,
                    -0.25163495540618896,
                    -0.9674800634384155,
                    -3.9000368118286133
                ],
                [
                    -0.9996688365936279,
                    0.006477846764028072,
                    0.024905871599912643,
                    0.10039877891540527
                ],
                [
                    -4.6566123179658803e-10,
                    0.9678006172180176,
                    -0.25171831250190735,
                    -1.0147089958190918
                ],
                [
                    0.0,
                    0.0,
                    0.0,
                    1.0
                ]
            ]
        },
        {
            "file_path": "/data/shapenet_blender/all_50_random/02958343/4d8a4808e9bf605b11647ffa4306609/r_14",
            "rotation": 0.12566370614359174,
            "transform_matrix": [
                [
                    0.8742549419403076,
                    0.1570446789264679,
                    -0.45936399698257446,
                    -1.8517552614212036
                ],
                [
                    -0.4854670763015747,
                    0.2828144133090973,
                    -0.827247142791748,
                    -3.3347394466400146
                ],
                [
                    0.0,
                    0.9462310075759888,
                    0.3234919607639313,
                    1.3040376901626587
                ],
                [
                    0.0,
                    0.0,
                    0.0,
                    1.0
                ]
            ]
        },
        {
            "file_path": "/data/shapenet_blender/all_50_random/02958343/4d8a4808e9bf605b11647ffa4306609/r_15",
            "rotation": 0.12566370614359174,
            "transform_matrix": [
                [
                    0.537523627281189,
                    -0.8233024477958679,
                    0.18232198059558868,
                    0.7349634170532227
                ],
                [
                    0.8432485461235046,
                    0.5248090624809265,
                    -0.11622003465890884,
                    -0.4684979319572449
                ],
                [
                    7.4505797087454084e-09,
                    0.21621376276016235,
                    0.9763460159301758,
                    3.935776710510254
                ],
                [
                    0.0,
                    0.0,
                    0.0,
                    1.0
                ]
            ]
        },
        {
            "file_path": "/data/shapenet_blender/all_50_random/02958343/4d8a4808e9bf605b11647ffa4306609/r_16",
            "rotation": 0.12566370614359174,
            "transform_matrix": [
                [
                    0.7059935927391052,
                    0.25659364461898804,
                    0.660100519657135,
                    2.6609506607055664
                ],
                [
                    0.7082182765007019,
                    -0.25578761100769043,
                    -0.658026933670044,
                    -2.6525917053222656
                ],
                [
                    0.0,
                    0.9320580363273621,
                    -0.3623087406158447,
                    -1.4605133533477783
                ],
                [
                    0.0,
                    0.0,
                    0.0,
                    1.0
                ]
            ]
        },
        {
            "file_path": "/data/shapenet_blender/all_50_random/02958343/4d8a4808e9bf605b11647ffa4306609/r_17",
            "rotation": 0.12566370614359174,
            "transform_matrix": [
                [
                    0.034382935613393784,
                    -0.3838711082935333,
                    0.9227462410926819,
                    3.7197093963623047
                ],
                [
                    0.9994087219238281,
                    0.013206424191594124,
                    -0.03174549341201782,
                    -0.12797018885612488
                ],
                [
                    0.0,
                    0.9232922792434692,
                    0.3840981721878052,
                    1.548349380493164
                ],
                [
                    0.0,
                    0.0,
                    0.0,
                    1.0
                ]
            ]
        },
        {
            "file_path": "/data/shapenet_blender/all_50_random/02958343/4d8a4808e9bf605b11647ffa4306609/r_18",
            "rotation": 0.12566370614359174,
            "transform_matrix": [
                [
                    0.8537657260894775,
                    0.31852948665618896,
                    0.41185325384140015,
                    1.6602336168289185
                ],
                [
                    0.520657479763031,
                    -0.522319495677948,
                    -0.6753503084182739,
                    -2.722424268722534
                ],
                [
                    0.0,
                    0.7910252809524536,
                    -0.6117833256721497,
                    -2.466177463531494
                ],
                [
                    0.0,
                    0.0,
                    0.0,
                    1.0
                ]
            ]
        },
        {
            "file_path": "/data/shapenet_blender/all_50_random/02958343/4d8a4808e9bf605b11647ffa4306609/r_19",
            "rotation": 0.12566370614359174,
            "transform_matrix": [
                [
                    -0.18013118207454681,
                    0.1372481882572174,
                    -0.9740203022956848,
                    -3.9264016151428223
                ],
                [
                    -0.9836426973342896,
                    -0.025133801624178886,
                    0.17836907505989075,
                    0.7190287709236145
                ],
                [
                    0.0,
                    0.9902177453041077,
                    0.13953052461147308,
                    0.5624656081199646
                ],
                [
                    0.0,
                    0.0,
                    0.0,
                    1.0
                ]
            ]
        },
        {
            "file_path": "/data/shapenet_blender/all_50_random/02958343/4d8a4808e9bf605b11647ffa4306609/r_20",
            "rotation": 0.12566370614359174,
            "transform_matrix": [
                [
                    -0.9778851866722107,
                    0.002687005326151848,
                    -0.20912513136863708,
                    -0.8430103063583374
                ],
                [
                    -0.20914238691329956,
                    -0.012563606724143028,
                    0.9778045415878296,
                    3.9416558742523193
                ],
                [
                    2.328305881427184e-10,
                    0.9999175071716309,
                    0.01284773275256157,
                    0.051790863275527954
                ],
                [
                    0.0,
                    0.0,
                    0.0,
                    1.0
                ]
            ]
        },
        {
            "file_path": "/data/shapenet_blender/all_50_random/02958343/4d8a4808e9bf605b11647ffa4306609/r_21",
            "rotation": 0.12566370614359174,
            "transform_matrix": [
                [
                    0.31044378876686096,
                    -0.5323727130889893,
                    -0.7875303030014038,
                    -3.174636125564575
                ],
                [
                    -0.9505918025970459,
                    -0.1738620102405548,
                    -0.2571912407875061,
                    -1.0367710590362549
                ],
                [
                    0.0,
                    0.8284631967544556,
                    -0.5600435137748718,
                    -2.2576076984405518
                ],
                [
                    0.0,
                    0.0,
                    0.0,
                    1.0
                ]
            ]
        },
        {
            "file_path": "/data/shapenet_blender/all_50_random/02958343/4d8a4808e9bf605b11647ffa4306609/r_22",
            "rotation": 0.12566370614359174,
            "transform_matrix": [
                [
                    0.16015397012233734,
                    -0.14501312375068665,
                    0.9763819575309753,
                    3.9359219074249268
                ],
                [
                    0.9870920777320862,
                    0.02352812886238098,
                    -0.1584162712097168,
                    -0.6385964751243591
                ],
                [
                    -1.862645371275562e-09,
                    0.9891498684883118,
                    0.1469094157218933,
                    0.5922108292579651
                ],
                [
                    0.0,
                    0.0,
                    0.0,
                    1.0
                ]
            ]
        },
        {
            "file_path": "/data/shapenet_blender/all_50_random/02958343/4d8a4808e9bf605b11647ffa4306609/r_23",
            "rotation": 0.12566370614359174,
            "transform_matrix": [
                [
                    0.7429186701774597,
                    -0.5756629705429077,
                    -0.34159037470817566,
                    -1.3769948482513428
                ],
                [
                    -0.6693817973136902,
                    -0.6389040946960449,
                    -0.37911680340766907,
                    -1.5282686948776245
                ],
                [
                    1.4901162970204496e-08,
                    0.5103073120117188,
                    -0.8599920868873596,
                    -3.4667389392852783
                ],
                [
                    0.0,
                    0.0,
                    0.0,
                    1.0
                ]
            ]
        },
        {
            "file_path": "/data/shapenet_blender/all_50_random/02958343/4d8a4808e9bf605b11647ffa4306609/r_24",
            "rotation": 0.12566370614359174,
            "transform_matrix": [
                [
                    0.9897645115852356,
                    -0.07063805311918259,
                    -0.12400249391794205,
                    -0.49987003207206726
                ],
                [
                    -0.14271074533462524,
                    -0.48990729451179504,
                    -0.8600142002105713,
                    -3.4668281078338623
                ],
                [
                    3.725290742551124e-09,
                    0.8689079880714417,
                    -0.49497365951538086,
                    -1.995302677154541
                ],
                [
                    0.0,
                    0.0,
                    0.0,
                    1.0
                ]
            ]
        },
        {
            "file_path": "/data/shapenet_blender/all_50_random/02958343/4d8a4808e9bf605b11647ffa4306609/r_25",
            "rotation": 0.12566370614359174,
            "transform_matrix": [
                [
                    -0.48405784368515015,
                    0.09135575592517853,
                    0.8702539801597595,
                    3.508106231689453
                ],
                [
                    0.8750360608100891,
                    0.05053674429655075,
                    0.48141250014305115,
                    1.9406360387802124
                ],
                [
                    0.0,
                    0.9945350885391235,
                    -0.10440227389335632,
                    -0.42085906863212585
                ],
                [
                    0.0,
                    0.0,
                    0.0,
                    1.0
                ]
            ]
        },
        {
            "file_path": "/data/shapenet_blender/all_50_random/02958343/4d8a4808e9bf605b11647ffa4306609/r_26",
            "rotation": 0.12566370614359174,
            "transform_matrix": [
                [
                    -0.3750225007534027,
                    0.22491805255413055,
                    0.8993163108825684,
                    3.625260353088379
                ],
                [
                    0.9270157814025879,
                    0.09099017828702927,
                    0.3638167381286621,
                    1.4665923118591309
                ],
                [
                    0.0,
                    0.9701199531555176,
                    -0.242625892162323,
                    -0.9780563116073608
                ],
                [
                    0.0,
                    0.0,
                    0.0,
                    1.0
                ]
            ]
        },
        {
            "file_path": "/data/shapenet_blender/all_50_random/02958343/4d8a4808e9bf605b11647ffa4306609/r_27",
            "rotation": 0.12566370614359174,
            "transform_matrix": [
                [
                    0.03830139711499214,
                    0.5226899981498718,
                    0.8516619801521301,
                    3.433159351348877
                ],
                [
                    0.9992663264274597,
                    -0.020034458488225937,
                    -0.032643795013427734,
                    -0.13159134984016418
                ],
                [
                    0.0,
                    0.8522874116897583,
                    -0.5230737924575806,
                    -2.1085779666900635
                ],
                [
                    0.0,
                    0.0,
                    0.0,
                    1.0
                ]
            ]
        },
        {
            "file_path": "/data/shapenet_blender/all_50_random/02958343/4d8a4808e9bf605b11647ffa4306609/r_28",
            "rotation": 0.12566370614359174,
            "transform_matrix": [
                [
                    -0.5281952619552612,
                    0.07271665334701538,
                    0.846003532409668,
                    3.4103496074676514
                ],
                [
                    0.8491230010986328,
                    0.04523324966430664,
                    0.5262547731399536,
                    2.121401071548462
                ],
                [
                    0.0,
                    0.9963262677192688,
                    -0.08563736826181412,
                    -0.3452152907848358
                ],
                [
                    0.0,
                    0.0,
                    0.0,
                    1.0
                ]
            ]
        },
        {
            "file_path": "/data/shapenet_blender/all_50_random/02958343/4d8a4808e9bf605b11647ffa4306609/r_29",
            "rotation": 0.12566370614359174,
            "transform_matrix": [
                [
                    -0.6592580676078796,
                    -0.016607386991381645,
                    -0.7517333030700684,
                    -3.030333995819092
                ],
                [
                    -0.7519168257713318,
                    0.014560858719050884,
                    0.6590971350669861,
                    2.6569058895111084
                ],
                [
                    0.0,
                    0.9997559189796448,
                    -0.022086739540100098,
                    -0.08903450518846512
                ],
                [
                    0.0,
                    0.0,
                    0.0,
                    1.0
                ]
            ]
        },
        {
            "file_path": "/data/shapenet_blender/all_50_random/02958343/4d8a4808e9bf605b11647ffa4306609/r_30",
            "rotation": 0.12566370614359174,
            "transform_matrix": [
                [
                    -0.8024524450302124,
                    0.0007252919021993876,
                    0.5967156291007996,
                    2.405437707901001
                ],
                [
                    0.5967161059379578,
                    0.0009753587655723095,
                    0.8024517893791199,
                    3.2347867488861084
                ],
                [
                    -5.820766091346741e-11,
                    0.9999993443489075,
                    -0.0012154722353443503,
                    -0.004899725317955017
                ],
                [
                    0.0,
                    0.0,
                    0.0,
                    1.0
                ]
            ]
        },
        {
            "file_path": "/data/shapenet_blender/all_50_random/02958343/4d8a4808e9bf605b11647ffa4306609/r_31",
            "rotation": 0.12566370614359174,
            "transform_matrix": [
                [
                    -0.36158838868141174,
                    -0.5607075691223145,
                    0.7448897361755371,
                    3.00274658203125
                ],
                [
                    0.9323378801345825,
                    -0.21745911240577698,
                    0.28889045119285583,
                    1.1645547151565552
                ],
                [
                    0.0,
                    0.7989482283592224,
                    0.6013996601104736,
                    2.4243195056915283
                ],
                [
                    0.0,
                    0.0,
                    0.0,
                    1.0
                ]
            ]
        },
        {
            "file_path": "/data/shapenet_blender/all_50_random/02958343/4d8a4808e9bf605b11647ffa4306609/r_32",
            "rotation": 0.12566370614359174,
            "transform_matrix": [
                [
                    -0.5932292342185974,
                    0.05756448954343796,
                    0.8029728531837463,
                    3.236887216567993
                ],
                [
                    0.8050336837768555,
                    0.04241926968097687,
                    0.59171062707901,
                    2.3852617740631104
                ],
                [
                    -3.725290742551124e-09,
                    0.9974400997161865,
                    -0.07150570303201675,
                    -0.2882487177848816
                ],
                [
                    0.0,
                    0.0,
                    0.0,
                    1.0
                ]
            ]
        },
        {
            "file_path": "/data/shapenet_blender/all_50_random/02958343/4d8a4808e9bf605b11647ffa4306609/r_33",
            "rotation": 0.12566370614359174,
            "transform_matrix": [
                [
                    0.8917754292488098,
                    -0.3528665602207184,
                    0.28323447704315186,
                    1.1417548656463623
                ],
                [
                    0.4524783194065094,
                    0.6954537630081177,
                    -0.5582180619239807,
                    -2.250249147415161
                ],
                [
                    1.4901161193847656e-08,
                    0.6259626150131226,
                    0.7798529863357544,
                    3.143688201904297
                ],
                [
                    0.0,
                    0.0,
                    0.0,
                    1.0
                ]
            ]
        },
        {
            "file_path": "/data/shapenet_blender/all_50_random/02958343/4d8a4808e9bf605b11647ffa4306609/r_34",
            "rotation": 0.12566370614359174,
            "transform_matrix": [
                [
                    0.7043407559394836,
                    0.281511127948761,
                    0.6516560316085815,
                    2.6269094944000244
                ],
                [
                    0.7098619937896729,
                    -0.279321551322937,
                    -0.6465874910354614,
                    -2.6064774990081787
                ],
                [
                    0.0,
                    0.9180037379264832,
                    -0.39657163619995117,
                    -1.5986313819885254
                ],
                [
                    0.0,
                    0.0,
                    0.0,
                    1.0
                ]
            ]
        },
        {
            "file_path": "/data/shapenet_blender/all_50_random/02958343/4d8a4808e9bf605b11647ffa4306609/r_35",
            "rotation": 0.12566370614359174,
            "transform_matrix": [
                [
                    -0.05207514762878418,
                    -0.5135478973388672,
                    -0.8564792275428772,
                    -3.45257830619812
                ],
                [
                    -0.9986431002616882,
                    0.026779422536492348,
                    0.04466188699007034,
                    0.18003782629966736
                ],
                [
                    1.8626450382086546e-09,
                    0.8576428890228271,
                    -0.5142456889152527,
                    -2.072990655899048
                ],
                [
                    0.0,
                    0.0,
                    0.0,
                    1.0
                ]
            ]
        },
        {
            "file_path": "/data/shapenet_blender/all_50_random/02958343/4d8a4808e9bf605b11647ffa4306609/r_36",
            "rotation": 0.12566370614359174,
            "transform_matrix": [
                [
                    -0.8259842991828918,
                    -0.17498354613780975,
                    0.5358457565307617,
                    2.1600635051727295
                ],
                [
                    0.563693106174469,
                    -0.256404846906662,
                    0.7851793169975281,
                    3.165159225463867
                ],
                [
                    -1.4901159417490817e-08,
                    0.9505984783172607,
                    0.3104233741760254,
                    1.2513567209243774
                ],
                [
                    0.0,
                    0.0,
                    0.0,
                    1.0
                ]
            ]
        },
        {
            "file_path": "/data/shapenet_blender/all_50_random/02958343/4d8a4808e9bf605b11647ffa4306609/r_37",
            "rotation": 0.12566370614359174,
            "transform_matrix": [
                [
                    -0.10038939118385315,
                    0.010574213229119778,
                    -0.9948920607566833,
                    -4.010538101196289
                ],
                [
                    -0.9949482679367065,
                    -0.001066928612999618,
                    0.10038372129201889,
                    0.4046597182750702
                ],
                [
                    0.0,
                    0.9999434947967529,
                    0.01062790397554636,
                    0.042842451483011246
                ],
                [
                    0.0,
                    0.0,
                    0.0,
                    1.0
                ]
            ]
        },
        {
            "file_path": "/data/shapenet_blender/all_50_random/02958343/4d8a4808e9bf605b11647ffa4306609/r_38",
            "rotation": 0.12566370614359174,
            "transform_matrix": [
                [
                    -0.3286171853542328,
                    -0.6075567007064819,
                    -0.7231082320213318,
                    -2.914942741394043
                ],
                [
                    -0.9444631338119507,
                    0.21139372885227203,
                    0.2515988051891327,
                    1.0142273902893066
                ],
                [
                    0.0,
                    0.7656289339065552,
                    -0.643282413482666,
                    -2.5931546688079834
                ],
                [
                    0.0,
                    0.0,
                    0.0,
                    1.0
                ]
            ]
        },
        {
            "file_path": "/data/shapenet_blender/all_50_random/02958343/4d8a4808e9bf605b11647ffa4306609/r_39",
            "rotation": 0.12566370614359174,
            "transform_matrix": [
                [
                    -0.5706742405891418,
                    0.03794438764452934,
                    0.8202993869781494,
                    3.3067328929901123
                ],
                [
                    0.8211766481399536,
                    0.02636934071779251,
                    0.5700646042823792,
                    2.298004150390625
                ],
                [
                    0.0,
                    0.9989319443702698,
                    -0.04620734229683876,
                    -0.18626776337623596
                ],
                [
                    0.0,
                    0.0,
                    0.0,
                    1.0
                ]
            ]
        },
        {
            "file_path": "/data/shapenet_blender/all_50_random/02958343/4d8a4808e9bf605b11647ffa4306609/r_40",
            "rotation": 0.12566370614359174,
            "transform_matrix": [
                [
                    0.654988169670105,
                    0.560600757598877,
                    -0.5066726207733154,
                    -2.0424625873565674
                ],
                [
                    -0.7556391358375549,
                    0.4859289526939392,
                    -0.4391839802265167,
                    -1.7704071998596191
                ],
                [
                    1.4901161193847656e-08,
                    0.6705218553543091,
                    0.7418897151947021,
                    2.9906530380249023
                ],
                [
                    0.0,
                    0.0,
                    0.0,
                    1.0
                ]
            ]
        },
        {
            "file_path": "/data/shapenet_blender/all_50_random/02958343/4d8a4808e9bf605b11647ffa4306609/r_41",
            "rotation": 0.12566370614359174,
            "transform_matrix": [
                [
                    0.36076727509498596,
                    -0.8688255548477173,
                    0.339100182056427,
                    1.3669567108154297
                ],
                [
                    0.932655930519104,
                    0.33607661724090576,
                    -0.13116975128650665,
                    -0.5287622213363647
                ],
                [
                    0.0,
