{
    "class": "02958343",
    "model": "2dbbd2bec94e4a7440eaf79934ff53b6",
    "remove_doubles": true,
    "edge_split": true,
    "denoise": true,
    "camera_angle_x": 0.6911112070083618,
    "scale_factor": 2.280517276697524,
    "hdri_file": "/data/IndoorHDRDataset2018/9C4A2764-a6b3b13445.exr",
    "center_offset": [
        0.0,
        0.0,
        -1.6298145055770874e-09
    ],
    "lights": [],
    "frames": [
        {
            "file_path": "/data/shapenet_blender/all_50_random/02958343/2dbbd2bec94e4a7440eaf79934ff53b6/r_0",
            "rotation": 0.12566370614359174,
            "transform_matrix": [
                [
                    0.14909349381923676,
                    0.40238744020462036,
                    -0.9032471776008606,
                    -3.641105890274048
                ],
                [
                    -0.9888231158256531,
                    0.06067146733403206,
                    -0.13619045913219452,
                    -0.5490012764930725
                ],
                [
                    0.0,
                    0.9134567975997925,
                    0.4069356918334961,
                    1.6404101848602295
                ],
                [
                    0.0,
                    0.0,
                    0.0,
                    1.0
                ]
            ]
        },
        {
            "file_path": "/data/shapenet_blender/all_50_random/02958343/2dbbd2bec94e4a7440eaf79934ff53b6/r_1",
            "rotation": 0.12566370614359174,
            "transform_matrix": [
                [
                    -0.8430818915367126,
                    0.05647645890712738,
                    -0.5348116755485535,
                    -2.1558945178985596
                ],
                [
                    -0.5377853512763977,
                    -0.08853769302368164,
                    0.838420033454895,
                    3.3797788619995117
                ],
                [
                    3.725290298461914e-09,
                    0.9944704174995422,
                    0.10501674562692642,
                    0.423335999250412
                ],
                [
                    0.0,
                    0.0,
                    0.0,
                    1.0
                ]
            ]
        },
        {
            "file_path": "/data/shapenet_blender/all_50_random/02958343/2dbbd2bec94e4a7440eaf79934ff53b6/r_2",
            "rotation": 0.12566370614359174,
            "transform_matrix": [
                [
                    0.015776552259922028,
                    -0.06375011801719666,
                    0.9978412389755249,
                    4.022426605224609
                ],
                [
                    0.999875545501709,
                    0.0010058822808787227,
                    -0.01574445329606533,
                    -0.06346791982650757
                ],
                [
                    0.0,
                    0.9979653358459473,
                    0.06375806033611298,
                    0.25701695680618286
                ],
                [
                    0.0,
                    0.0,
                    0.0,
                    1.0
                ]
            ]
        },
        {
            "file_path": "/data/shapenet_blender/all_50_random/02958343/2dbbd2bec94e4a7440eaf79934ff53b6/r_3",
            "rotation": 0.12566370614359174,
            "transform_matrix": [
                [
                    -0.41025590896606445,
                    -0.5049528479576111,
                    -0.7594159841537476,
                    -3.0613038539886475
                ],
                [
                    -0.9119704961776733,
                    0.22715634107589722,
                    0.34162822365760803,
                    1.3771474361419678
                ],
                [
                    1.4901162970204496e-08,
                    0.8327198624610901,
                    -0.5536943078041077,
                    -2.23201322555542
                ],
                [
                    0.0,
                    0.0,
                    0.0,
                    1.0
                ]
            ]
        },
        {
            "file_path": "/data/shapenet_blender/all_50_random/02958343/2dbbd2bec94e4a7440eaf79934ff53b6/r_4",
            "rotation": 0.12566370614359174,
            "transform_matrix": [
                [
                    0.8531538248062134,
                    -0.12605154514312744,
                    0.5062010288238525,
                    2.0405616760253906
                ],
                [
                    0.5216593146324158,
                    0.20615245401859283,
                    -0.8278723359107971,
                    -3.3372602462768555
                ],
                [
                    7.450580152834618e-09,
                    0.9703670740127563,
                    0.24163569509983063,
                    0.9740646481513977
                ],
                [
                    0.0,
                    0.0,
                    0.0,
                    1.0
                ]
            ]
        },
        {
            "file_path": "/data/shapenet_blender/all_50_random/02958343/2dbbd2bec94e4a7440eaf79934ff53b6/r_5",
            "rotation": 0.12566370614359174,
            "transform_matrix": [
                [
                    0.7092797756195068,
                    -0.025987930595874786,
                    0.7044479846954346,
                    2.8397202491760254
                ],
                [
                    0.7049271464347839,
                    0.026148395612835884,
                    -0.7087976932525635,
                    -2.8572545051574707
                ],
                [
                    0.0,
                    0.9993200898170471,
                    0.03686613216996193,
                    0.1486121118068695
                ],
                [
                    0.0,
                    0.0,
                    0.0,
                    1.0
                ]
            ]
        },
        {
            "file_path": "/data/shapenet_blender/all_50_random/02958343/2dbbd2bec94e4a7440eaf79934ff53b6/r_6",
            "rotation": 0.12566370614359174,
            "transform_matrix": [
                [
                    0.1953388750553131,
                    0.6525048613548279,
                    -0.7321749329566956,
                    -2.951491594314575
                ],
                [
                    -0.9807358980178833,
                    0.12996318936347961,
                    -0.14583154022693634,
                    -0.5878657698631287
                ],
                [
                    0.0,
                    0.7465567588806152,
                    0.6653217077255249,
                    2.681997537612915
                ],
                [
                    0.0,
                    0.0,
                    0.0,
                    1.0
                ]
            ]
        },
        {
            "file_path": "/data/shapenet_blender/all_50_random/02958343/2dbbd2bec94e4a7440eaf79934ff53b6/r_7",
            "rotation": 0.12566370614359174,
            "transform_matrix": [
                [
                    0.5118182301521301,
                    0.7053540349006653,
                    -0.4904260039329529,
                    -1.9769705533981323
                ],
                [
                    -0.8590938448905945,
                    0.4202253818511963,
                    -0.2921787202358246,
                    -1.1778101921081543
                ],
                [
                    0.0,
                    0.5708642601966858,
                    0.8210443258285522,
                    3.3097357749938965
                ],
                [
                    0.0,
                    0.0,
                    0.0,
                    1.0
                ]
            ]
        },
        {
            "file_path": "/data/shapenet_blender/all_50_random/02958343/2dbbd2bec94e4a7440eaf79934ff53b6/r_8",
            "rotation": 0.12566370614359174,
            "transform_matrix": [
                [
                    -0.5901281833648682,
                    -0.5611101388931274,
                    0.5804343223571777,
                    2.339805841445923
                ],
                [
                    0.8073094487190247,
                    -0.4101610481739044,
                    0.42428669333457947,
                    1.7103544473648071
                ],
                [
                    0.0,
                    0.7189738154411316,
                    0.6950371265411377,
                    2.8017845153808594
                ],
                [
                    0.0,
                    0.0,
                    0.0,
                    1.0
                ]
            ]
        },
        {
            "file_path": "/data/shapenet_blender/all_50_random/02958343/2dbbd2bec94e4a7440eaf79934ff53b6/r_9",
            "rotation": 0.12566370614359174,
            "transform_matrix": [
                [
                    -0.9232173562049866,
                    -0.19473345577716827,
                    0.33128324151039124,
                    1.3354454040527344
                ],
                [
                    0.38427814841270447,
                    -0.46784159541130066,
                    0.7958985567092896,
                    3.208369731903076
                ],
                [
                    0.0,
                    0.8620923161506653,
                    0.5067512392997742,
                    2.0427796840667725
                ],
                [
                    0.0,
                    0.0,
                    0.0,
                    1.0
                ]
            ]
        },
        {
            "file_path": "/data/shapenet_blender/all_50_random/02958343/2dbbd2bec94e4a7440eaf79934ff53b6/r_10",
            "rotation": 0.12566370614359174,
            "transform_matrix": [
                [
                    0.12262646108865738,
                    0.12026695162057877,
                    0.9851388931274414,
                    3.971221923828125
                ],
                [
                    0.9924529790878296,
                    -0.014860059134662151,
                    -0.12172272801399231,
                    -0.4906800091266632
                ],
                [
                    9.31322685637781e-10,
                    0.9926303029060364,
                    -0.12118153274059296,
                    -0.48849838972091675
                ],
                [
                    0.0,
                    0.0,
                    0.0,
                    1.0
                ]
            ]
        },
        {
            "file_path": "/data/shapenet_blender/all_50_random/02958343/2dbbd2bec94e4a7440eaf79934ff53b6/r_11",
            "rotation": 0.12566370614359174,
            "transform_matrix": [
                [
                    0.9831797480583191,
                    -0.0002209362282883376,
                    0.18264050781726837,
                    0.7362474203109741
                ],
                [
                    0.1826406568288803,
                    0.0011893301270902157,
                    -0.9831790328025818,
                    -3.9633212089538574
                ],
                [
                    0.0,
                    0.9999992847442627,
                    0.0012096770806238055,
                    0.004876364022493362
                ],
                [
                    0.0,
                    0.0,
                    0.0,
                    1.0
                ]
            ]
        },
        {
            "file_path": "/data/shapenet_blender/all_50_random/02958343/2dbbd2bec94e4a7440eaf79934ff53b6/r_12",
            "rotation": 0.12566370614359174,
            "transform_matrix": [
                [
                    0.25366267561912537,
                    0.5281744599342346,
                    -0.8103621602058411,
                    -3.266674518585205
                ],
                [
                    -0.9672926664352417,
                    0.1385084092617035,
                    -0.21250925958156586,
                    -0.8566522598266602
                ],
                [
                    7.450580152834618e-09,
                    0.8377630710601807,
                    0.5460337400436401,
                    2.2011325359344482
                ],
                [
                    0.0,
                    0.0,
                    0.0,
                    1.0
                ]
            ]
        },
        {
            "file_path": "/data/shapenet_blender/all_50_random/02958343/2dbbd2bec94e4a7440eaf79934ff53b6/r_13",
            "rotation": 0.12566370614359174,
            "transform_matrix": [
                [
                    0.9033639430999756,
                    -0.18788819015026093,
                    -0.3855278193950653,
                    -1.5541123151779175
                ],
                [
                    -0.4288749396800995,
                    -0.3957597017288208,
                    -0.8120594620704651,
                    -3.2735164165496826
                ],
                [
                    1.4901161193847656e-08,
                    0.8989284038543701,
                    -0.4380955696105957,
                    -1.7660197019577026
                ],
                [
                    0.0,
                    0.0,
                    0.0,
                    1.0
                ]
            ]
        },
        {
            "file_path": "/data/shapenet_blender/all_50_random/02958343/2dbbd2bec94e4a7440eaf79934ff53b6/r_14",
            "rotation": 0.12566370614359174,
            "transform_matrix": [
                [
                    -0.9574184417724609,
                    -0.04645606875419617,
                    0.28494158387184143,
                    1.1486363410949707
                ],
                [
                    0.2887037992477417,
                    -0.15406064689159393,
                    0.9449419379234314,
                    3.809183120727539
                ],
                [
                    -3.725290298461914e-09,
                    0.9869686365127563,
                    0.16091252863407135,
                    0.6486592292785645
                ],
                [
                    0.0,
                    0.0,
                    0.0,
                    1.0
                ]
            ]
        },
        {
            "file_path": "/data/shapenet_blender/all_50_random/02958343/2dbbd2bec94e4a7440eaf79934ff53b6/r_15",
            "rotation": 0.12566370614359174,
            "transform_matrix": [
                [
                    -0.8285534381866455,
                    0.08409001678228378,
                    -0.5535595417022705,
                    -2.2314698696136475
                ],
                [
                    -0.5599101185798645,
                    -0.12443617731332779,
                    0.8191558718681335,
                    3.3021228313446045
                ],
                [
                    0.0,
                    0.9886580109596252,
                    0.15018485486507416,
                    0.6054145097732544
                ],
                [
                    0.0,
                    0.0,
                    0.0,
                    1.0
                ]
            ]
        },
        {
            "file_path": "/data/shapenet_blender/all_50_random/02958343/2dbbd2bec94e4a7440eaf79934ff53b6/r_16",
            "rotation": 0.12566370614359174,
            "transform_matrix": [
                [
                    -0.9669721722602844,
                    -0.03509742394089699,
                    -0.2524535655975342,
                    -1.0176730155944824
                ],
                [
                    -0.2548816204071045,
                    0.13315293192863464,
                    0.9577606916427612,
                    3.8608570098876953
                ],
                [
                    3.7252898543727042e-09,
                    0.9904738664627075,
                    -0.1377008557319641,
                    -0.5550899505615234
                ],
                [
                    0.0,
                    0.0,
                    0.0,
                    1.0
                ]
            ]
        },
        {
            "file_path": "/data/shapenet_blender/all_50_random/02958343/2dbbd2bec94e4a7440eaf79934ff53b6/r_17",
            "rotation": 0.12566370614359174,
            "transform_matrix": [
                [
                    -0.4726735055446625,
                    -0.2402961403131485,
                    0.8478429317474365,
                    3.4177637100219727
                ],
                [
                    0.8812376260757446,
                    -0.12888875603675842,
                    0.45476144552230835,
                    1.8332017660140991
                ],
                [
                    0.0,
                    0.9621046185493469,
                    0.2726803421974182,
                    1.0992094278335571
                ],
                [
                    0.0,
                    0.0,
                    0.0,
                    1.0
                ]
            ]
        },
        {
            "file_path": "/data/shapenet_blender/all_50_random/02958343/2dbbd2bec94e4a7440eaf79934ff53b6/r_18",
            "rotation": 0.12566370614359174,
            "transform_matrix": [
                [
                    -0.9967577457427979,
                    0.037307366728782654,
                    -0.07128988206386566,
                    -0.2873786985874176
                ],
                [
                    -0.08046171814203262,
                    -0.46216273307800293,
                    0.8831372857093811,
                    3.560040235519409
                ],
                [
                    0.0,
                    0.886009931564331,
                    0.4636661112308502,
                    1.8690978288650513
                ],
                [
                    0.0,
                    0.0,
                    0.0,
                    1.0
                ]
            ]
        },
        {
            "file_path": "/data/shapenet_blender/all_50_random/02958343/2dbbd2bec94e4a7440eaf79934ff53b6/r_19",
            "rotation": 0.12566370614359174,
            "transform_matrix": [
                [
                    -0.4519137740135193,
                    -0.6589766144752502,
                    -0.6012685894966125,
                    -2.4237911701202393
                ],
                [
                    -0.8920615911483765,
                    0.33383411169052124,
                    0.3045995235443115,
                    1.2278800010681152
                ],
                [
                    0.0,
                    0.6740213632583618,
                    -0.7387118935585022,
                    -2.9778428077697754
                ],
                [
                    0.0,
                    0.0,
                    0.0,
                    1.0
                ]
            ]
        },
        {
            "file_path": "/data/shapenet_blender/all_50_random/02958343/2dbbd2bec94e4a7440eaf79934ff53b6/r_20",
            "rotation": 0.12566370614359174,
            "transform_matrix": [
                [
                    -0.9990173578262329,
                    0.002090314170345664,
                    0.044273052364587784,
                    0.1784704029560089
                ],
                [
                    0.04432237520813942,
                    0.047115258872509,
                    0.9979056119918823,
                    4.02268648147583
                ],
                [
                    -2.3283067140944524e-10,
                    0.9988871216773987,
                    -0.04716161638498306,
                    -0.1901145726442337
                ],
                [
                    0.0,
                    0.0,
                    0.0,
                    1.0
                ]
            ]
        },
        {
            "file_path": "/data/shapenet_blender/all_50_random/02958343/2dbbd2bec94e4a7440eaf79934ff53b6/r_21",
            "rotation": 0.12566370614359174,
            "transform_matrix": [
                [
                    0.9971738457679749,
                    0.012241575866937637,
                    0.07412519305944443,
                    0.298808217048645
                ],
                [
                    0.07512922585010529,
                    -0.16247975826263428,
                    -0.9838475584983826,
                    -3.9660162925720215
                ],
                [
                    -1.862645149230957e-09,
                    0.9866359233856201,
                    -0.16294027864933014,
                    -0.656833291053772
                ],
                [
                    0.0,
                    0.0,
                    0.0,
                    1.0
                ]
            ]
        },
        {
            "file_path": "/data/shapenet_blender/all_50_random/02958343/2dbbd2bec94e4a7440eaf79934ff53b6/r_22",
            "rotation": 0.12566370614359174,
            "transform_matrix": [
                [
                    -0.274728924036026,
                    -0.32607197761535645,
                    -0.9045447111129761,
                    -3.646336317062378
                ],
                [
                    -0.9615217447280884,
                    0.0931662768125534,
                    0.2584492564201355,
                    1.0418422222137451
                ],
                [
                    0.0,
                    0.9407427906990051,
                    -0.3391207754611969,
                    -1.3670395612716675
                ],
                [
                    0.0,
                    0.0,
                    0.0,
                    1.0
                ]
            ]
        },
        {
            "file_path": "/data/shapenet_blender/all_50_random/02958343/2dbbd2bec94e4a7440eaf79934ff53b6/r_23",
            "rotation": 0.12566370614359174,
            "transform_matrix": [
                [
                    -0.978377640247345,
                    0.005159422289580107,
                    0.20676235854625702,
                    0.8334857225418091
                ],
                [
                    0.20682674646377563,
                    0.02440623939037323,
                    0.9780731201171875,
                    3.9427387714385986
                ],
                [
                    4.656613428188905e-10,
                    0.9996888041496277,
                    -0.02494562417268753,
                    -0.10055902600288391
                ],
                [
                    0.0,
                    0.0,
                    0.0,
                    1.0
                ]
            ]
        },
        {
            "file_path": "/data/shapenet_blender/all_50_random/02958343/2dbbd2bec94e4a7440eaf79934ff53b6/r_24",
            "rotation": 0.12566370614359174,
            "transform_matrix": [
                [
                    -0.4041145145893097,
                    -0.759913444519043,
                    0.5091394186019897,
                    2.0524065494537354
                ],
                [
                    0.9147084951400757,
                    -0.33572670817375183,
                    0.22493574023246765,
                    0.9067449569702148
                ],
                [
                    -1.4901161193847656e-08,
                    0.5566138029098511,
                    0.8307713270187378,
                    3.3489463329315186
                ],
                [
                    0.0,
                    0.0,
                    0.0,
                    1.0
                ]
            ]
        },
        {
            "file_path": "/data/shapenet_blender/all_50_random/02958343/2dbbd2bec94e4a7440eaf79934ff53b6/r_25",
            "rotation": 0.12566370614359174,
            "transform_matrix": [
                [
                    -0.9072521924972534,
                    0.009031199850142002,
                    -0.42049017548561096,
                    -1.6950500011444092
                ],
                [
                    -0.4205871820449829,
                    -0.019481277093291283,
                    0.907042920589447,
                    3.656406879425049
                ],
                [
                    0.0,
                    0.9997693300247192,
                    0.021472835913300514,
                    0.08655976504087448
                ],
                [
                    0.0,
                    0.0,
                    0.0,
                    1.0
                ]
            ]
        },
        {
            "file_path": "/data/shapenet_blender/all_50_random/02958343/2dbbd2bec94e4a7440eaf79934ff53b6/r_26",
            "rotation": 0.12566370614359174,
            "transform_matrix": [
                [
                    0.7027246356010437,
                    -0.46281471848487854,
                    -0.5403522253036499,
                    -2.178229570388794
                ],
                [
                    -0.7114619612693787,
                    -0.45713096857070923,
                    -0.5337162613868713,
                    -2.1514790058135986
                ],
                [
                    0.0,
                    0.7594955563545227,
                    -0.6505123376846313,
                    -2.6222991943359375
                ],
                [
                    0.0,
                    0.0,
                    0.0,
                    1.0
                ]
            ]
        },
        {
            "file_path": "/data/shapenet_blender/all_50_random/02958343/2dbbd2bec94e4a7440eaf79934ff53b6/r_27",
            "rotation": 0.12566370614359174,
            "transform_matrix": [
                [
                    0.8599900007247925,
                    0.043173570185899734,
                    -0.5084812045097351,
                    -2.049753189086914
                ],
                [
                    -0.510310709476471,
                    0.07275731861591339,
                    -0.8569068312644958,
                    -3.4543018341064453
                ],
                [
                    0.0,
                    0.9964147806167603,
                    0.08460250496864319,
                    0.3410435914993286
                ],
                [
                    0.0,
                    0.0,
                    0.0,
                    1.0
                ]
            ]
        },
        {
            "file_path": "/data/shapenet_blender/all_50_random/02958343/2dbbd2bec94e4a7440eaf79934ff53b6/r_28",
            "rotation": 0.12566370614359174,
            "transform_matrix": [
                [
                    0.09278503060340881,
                    0.9853630065917969,
                    0.14300616085529327,
                    0.5764763355255127
                ],
                [
                    0.9956861138343811,
                    -0.091823048889637,
                    -0.013326319865882397,
                    -0.05372011661529541
                ],
                [
                    -9.313225191043273e-10,
                    0.14362557232379913,
                    -0.9896320104598999,
                    -3.9893345832824707
                ],
                [
                    0.0,
                    0.0,
                    0.0,
                    1.0
                ]
            ]
        },
        {
            "file_path": "/data/shapenet_blender/all_50_random/02958343/2dbbd2bec94e4a7440eaf79934ff53b6/r_29",
            "rotation": 0.12566370614359174,
            "transform_matrix": [
                [
                    0.6852196455001831,
                    0.4533933401107788,
                    0.5700072646141052,
                    2.2977731227874756
                ],
                [
                    0.7283363342285156,
                    -0.42655298113822937,
                    -0.5362634658813477,
                    -2.161747455596924
                ],
                [
                    1.4901161193847656e-08,
                    0.7826154232025146,
                    -0.6225053668022156,
                    -2.509399652481079
                ],
                [
                    0.0,
                    0.0,
                    0.0,
                    1.0
                ]
            ]
        },
        {
            "file_path": "/data/shapenet_blender/all_50_random/02958343/2dbbd2bec94e4a7440eaf79934ff53b6/r_30",
            "rotation": 0.12566370614359174,
            "transform_matrix": [
                [
                    0.9966004490852356,
                    -0.07002686709165573,
                    0.043402303010225296,
                    0.17496028542518616
                ],
                [
                    0.08238641917705536,
                    0.8470911383628845,
                    -0.5250228047370911,
                    -2.1164345741271973
                ],
                [
                    -3.725290298461914e-09,
                    0.5268136262893677,
                    0.8499807715415955,
                    3.426382064819336
                ],
                [
                    0.0,
                    0.0,
                    0.0,
                    1.0
                ]
            ]
        },
        {
            "file_path": "/data/shapenet_blender/all_50_random/02958343/2dbbd2bec94e4a7440eaf79934ff53b6/r_31",
            "rotation": 0.12566370614359174,
            "transform_matrix": [
                [
                    -0.09150185436010361,
                    -0.526963472366333,
                    0.8449477553367615,
                    3.4060935974121094
                ],
                [
                    0.9958048462867737,
                    -0.04842127114534378,
                    0.07763999700546265,
                    0.3129768669605255
                ],
                [
                    0.0,
                    0.8485074043273926,
                    0.5291833877563477,
                    2.133206605911255
                ],
                [
                    0.0,
                    0.0,
                    0.0,
                    1.0
                ]
            ]
        },
        {
            "file_path": "/data/shapenet_blender/all_50_random/02958343/2dbbd2bec94e4a7440eaf79934ff53b6/r_32",
            "rotation": 0.12566370614359174,
            "transform_matrix": [
                [
                    -0.7377247214317322,
                    0.10358483344316483,
                    -0.6671075224876404,
                    -2.6891963481903076
                ],
                [
                    -0.675101637840271,
                    -0.11319345235824585,
                    0.7289890050888062,
                    2.9386487007141113
                ],
                [
                    7.450580596923828e-09,
                    0.9881585836410522,
                    0.15343590080738068,
                    0.6185199022293091
                ],
                [
                    0.0,
                    0.0,
                    0.0,
                    1.0
                ]
            ]
        },
        {
            "file_path": "/data/shapenet_blender/all_50_random/02958343/2dbbd2bec94e4a7440eaf79934ff53b6/r_33",
            "rotation": 0.12566370614359174,
            "transform_matrix": [
                [
                    -0.9960450530052185,
                    0.004275311715900898,
                    0.08874868601560593,
                    0.3577573895454407
                ],
                [
                    0.08885162323713303,
                    0.047927126288414,
                    0.9948911070823669,
                    4.010534286499023
                ],
                [
                    0.0,
                    0.9988417029380798,
                    -0.04811743646860123,
                    -0.19396759569644928
                ],
                [
                    0.0,
                    0.0,
                    0.0,
                    1.0
                ]
            ]
        },
        {
            "file_path": "/data/shapenet_blender/all_50_random/02958343/2dbbd2bec94e4a7440eaf79934ff53b6/r_34",
            "rotation": 0.12566370614359174,
            "transform_matrix": [
                [
                    -0.6873893141746521,
                    0.037863247096538544,
                    0.7253015041351318,
                    2.923783779144287
                ],
                [
                    0.7262890934944153,
                    0.035835303366184235,
                    0.6864546537399292,
                    2.7671871185302734
                ],
                [
                    1.8626448161640496e-09,
                    0.9986401796340942,
                    -0.05213247984647751,
                    -0.2101527452468872
                ],
                [
                    0.0,
                    0.0,
                    0.0,
                    1.0
                ]
            ]
        },
        {
            "file_path": "/data/shapenet_blender/all_50_random/02958343/2dbbd2bec94e4a7440eaf79934ff53b6/r_35",
            "rotation": 0.12566370614359174,
            "transform_matrix": [
                [
                    0.768160343170166,
                    -0.07353569567203522,
                    -0.6360206007957458,
                    -2.5638811588287354
                ],
                [
                    -0.6402575373649597,
                    -0.08822575211524963,
                    -0.7630769610404968,
                    -3.076061725616455
                ],
                [
                    0.0,
                    0.9933825135231018,
                    -0.11485329270362854,
                    -0.4629884362220764
                ],
                [
                    0.0,
                    0.0,
                    0.0,
                    1.0
                ]
            ]
        },
        {
            "file_path": "/data/shapenet_blender/all_50_random/02958343/2dbbd2bec94e4a7440eaf79934ff53b6/r_36",
            "rotation": 0.12566370614359174,
            "transform_matrix": [
                [
                    0.917941153049469,
                    0.25343212485313416,
                    0.3052149713039398,
                    1.230360984802246
                ],
                [
                    0.3967165946960449,
                    -0.5864030122756958,
                    -0.7062205076217651,
                    -2.8468661308288574
                ],
                [
                    1.4901161193847656e-08,
                    0.7693527936935425,
                    -0.6388240456581116,
                    -2.5751824378967285
                ],
                [
                    0.0,
                    0.0,
                    0.0,
                    1.0
                ]
            ]
        },
        {
            "file_path": "/data/shapenet_blender/all_50_random/02958343/2dbbd2bec94e4a7440eaf79934ff53b6/r_37",
            "rotation": 0.12566370614359174,
            "transform_matrix": [
                [
                    0.4177128076553345,
                    -0.563520073890686,
                    0.7127138376235962,
                    2.8730416297912598
                ],
                [
                    0.9085791110992432,
                    0.2590743601322174,
                    -0.3276651203632355,
                    -1.320860505104065
                ],
                [
                    0.0,
                    0.7844269871711731,
                    0.6202211380004883,
                    2.5001916885375977
                ],
                [
                    0.0,
                    0.0,
                    0.0,
                    1.0
                ]
            ]
        },
        {
            "file_path": "/data/shapenet_blender/all_50_random/02958343/2dbbd2bec94e4a7440eaf79934ff53b6/r_38",
            "rotation": 0.12566370614359174,
            "transform_matrix": [
                [
                    -0.5927053093910217,
                    0.4976397454738617,
                    0.6332889795303345,
                    2.5528697967529297
                ],
                [
                    0.805419385433197,
                    0.3662113547325134,
                    0.4660351574420929,
                    1.878648042678833
                ],
                [
                    1.4901161193847656e-08,
                    0.7862848043441772,
                    -0.6178640723228455,
                    -2.490689992904663
                ],
                [
                    0.0,
                    0.0,
                    0.0,
                    1.0
                ]
            ]
        },
        {
            "file_path": "/data/shapenet_blender/all_50_random/02958343/2dbbd2bec94e4a7440eaf79934ff53b6/r_39",
            "rotation": 0.12566370614359174,
            "transform_matrix": [
                [
                    0.9267058372497559,
                    -0.3330490291118622,
                    -0.1740536093711853,
                    -0.7016324400901794
                ],
                [
                    -0.37578755617141724,
                    -0.8213110566139221,
                    -0.4292225241661072,
                    -1.7302510738372803
                ],
                [
                    -1.4901159417490817e-08,
                    0.4631701707839966,
                    -0.8862694501876831,
                    -3.5726659297943115
                ],
                [
                    0.0,
                    0.0,
                    0.0,
                    1.0
                ]
            ]
        },
        {
            "file_path": "/data/shapenet_blender/all_50_random/02958343/2dbbd2bec94e4a7440eaf79934ff53b6/r_40",
            "rotation": 0.12566370614359174,
            "transform_matrix": [
                [
                    -0.5979889631271362,
                    -0.7131876349449158,
                    0.3657492399215698,
                    1.4743825197219849
                ],
                [
                    0.8015043139457703,
                    -0.532097339630127,
                    0.27287939190864563,
                    1.100012183189392
                ],
                [
                    -1.4901161193847656e-08,
                    0.4563283920288086,
                    0.8898112773895264,
                    3.586944341659546
                ],
                [
                    0.0,
                    0.0,
                    0.0,
                    1.0
                ]
            ]
        },
        {
            "file_path": "/data/shapenet_blender/all_50_random/02958343/2dbbd2bec94e4a7440eaf79934ff53b6/r_41",
            "rotation": 0.12566370614359174,
            "transform_matrix": [
                [
                    0.9999924302101135,
                    0.00033368795993737876,
                    -0.0038854817394167185,
                    -0.01566287875175476
                ],
                [
                    -0.0038997847586870193,
                    0.08556508272886276,
                    -0.9963248372077942,
                    -4.0163140296936035
                ],
