{
    "class": "02958343",
    "model": "a358931939481311bda733a39f84326d",
    "remove_doubles": true,
    "edge_split": true,
    "denoise": true,
    "camera_angle_x": 0.6911112070083618,
    "scale_factor": 2.3041820358656415,
    "hdri_file": "/data/IndoorHDRDataset2018/9C4A1620-dbad85c001.exr",
    "center_offset": [
        0.0,
        0.0,
        0.0
    ],
    "lights": [],
    "frames": [
        {
            "file_path": "/data/shapenet_blender/all_50_random/02958343/a358931939481311bda733a39f84326d/r_0",
            "rotation": 0.12566370614359174,
            "transform_matrix": [
                [
                    -0.8523472547531128,
                    0.07405535876750946,
                    0.5177062749862671,
                    2.0869407653808594
                ],
                [
                    0.5229761004447937,
                    0.12069554626941681,
                    0.8437585830688477,
                    3.401299476623535
                ],
                [
                    3.725290076417309e-09,
                    0.9899232983589172,
                    -0.1416037231683731,
                    -0.5708228349685669
                ],
                [
                    0.0,
                    0.0,
                    0.0,
                    1.0
                ]
            ]
        },
        {
            "file_path": "/data/shapenet_blender/all_50_random/02958343/a358931939481311bda733a39f84326d/r_1",
            "rotation": 0.12566370614359174,
            "transform_matrix": [
                [
                    -0.4521322250366211,
                    -0.5709629654884338,
                    0.6852573156356812,
                    2.7623608112335205
                ],
                [
                    0.8919509649276733,
                    -0.2894226014614105,
                    0.34735870361328125,
                    1.4002478122711182
                ],
                [
                    0.0,
                    0.7682679891586304,
                    0.6401281952857971,
                    2.580439567565918
                ],
                [
                    0.0,
                    0.0,
                    0.0,
                    1.0
                ]
            ]
        },
        {
            "file_path": "/data/shapenet_blender/all_50_random/02958343/a358931939481311bda733a39f84326d/r_2",
            "rotation": 0.12566370614359174,
            "transform_matrix": [
                [
                    -0.8585168719291687,
                    -0.23331041634082794,
                    0.4566344618797302,
                    1.840752363204956
                ],
                [
                    0.5127853155136108,
                    -0.3906136155128479,
                    0.7645078301429749,
                    3.08182954788208
                ],
                [
                    0.0,
                    0.8904982805252075,
                    0.454986572265625,
                    1.8341095447540283
                ],
                [
                    0.0,
                    0.0,
                    0.0,
                    1.0
                ]
            ]
        },
        {
            "file_path": "/data/shapenet_blender/all_50_random/02958343/a358931939481311bda733a39f84326d/r_3",
            "rotation": 0.12566370614359174,
            "transform_matrix": [
                [
                    0.2170095145702362,
                    0.07417745143175125,
                    -0.9733470678329468,
                    -3.92368745803833
                ],
                [
                    -0.9761695861816406,
                    0.016490181908011436,
                    -0.21638204157352448,
                    -0.8722639083862305
                ],
                [
                    1.862645371275562e-09,
                    0.9971086382865906,
                    0.0759883001446724,
                    0.30631864070892334
                ],
                [
                    0.0,
                    0.0,
                    0.0,
                    1.0
                ]
            ]
        },
        {
            "file_path": "/data/shapenet_blender/all_50_random/02958343/a358931939481311bda733a39f84326d/r_4",
            "rotation": 0.12566370614359174,
            "transform_matrix": [
                [
                    -0.9987025856971741,
                    -0.0030603797640651464,
                    0.0508328415453434,
                    0.20491373538970947
                ],
                [
                    0.05092489346861839,
                    -0.06001798063516617,
                    0.9968973994255066,
                    4.018621921539307
                ],
                [
                    -2.3283067140944524e-10,
                    0.9981926083564758,
                    0.060095950961112976,
                    0.24225452542304993
                ],
                [
                    0.0,
                    0.0,
                    0.0,
                    1.0
                ]
            ]
        },
        {
            "file_path": "/data/shapenet_blender/all_50_random/02958343/a358931939481311bda733a39f84326d/r_5",
            "rotation": 0.12566370614359174,
            "transform_matrix": [
                [
                    0.9109941124916077,
                    0.10505621880292892,
                    -0.3988143503665924,
                    -1.607672095298767
                ],
                [
                    -0.41241931915283203,
                    0.23205895721912384,
                    -0.8809420466423035,
                    -3.5511910915374756
                ],
                [
                    7.450580596923828e-09,
                    0.9670118093490601,
                    0.25473153591156006,
                    1.026855707168579
                ],
                [
                    0.0,
                    0.0,
                    0.0,
                    1.0
                ]
            ]
        },
        {
            "file_path": "/data/shapenet_blender/all_50_random/02958343/a358931939481311bda733a39f84326d/r_6",
            "rotation": 0.12566370614359174,
            "transform_matrix": [
                [
                    0.9971616864204407,
                    -0.03848206251859665,
                    -0.06471363455057144,
                    -0.26086899638175964
                ],
                [
                    -0.07529093325138092,
                    -0.5096607804298401,
                    -0.8570747375488281,
                    -3.4549787044525146
                ],
                [
                    0.0,
                    0.8595143556594849,
                    -0.5111115574836731,
                    -2.060356616973877
                ],
                [
                    0.0,
                    0.0,
                    0.0,
                    1.0
                ]
            ]
        },
        {
            "file_path": "/data/shapenet_blender/all_50_random/02958343/a358931939481311bda733a39f84326d/r_7",
            "rotation": 0.12566370614359174,
            "transform_matrix": [
                [
                    0.7177578210830688,
                    0.42713281512260437,
                    0.5498921275138855,
                    2.2166857719421387
                ],
                [
                    0.6962928771972656,
                    -0.44030022621154785,
                    -0.5668438673019409,
                    -2.285020351409912
                ],
                [
                    1.4901161193847656e-08,
                    0.7897424697875977,
                    -0.6134385466575623,
                    -2.4728496074676514
                ],
                [
                    0.0,
                    0.0,
                    0.0,
                    1.0
                ]
            ]
        },
        {
            "file_path": "/data/shapenet_blender/all_50_random/02958343/a358931939481311bda733a39f84326d/r_8",
            "rotation": 0.12566370614359174,
            "transform_matrix": [
                [
                    -0.8133400678634644,
                    0.03590280935168266,
                    0.5806795954704285,
                    2.340794563293457
                ],
                [
                    0.5817885398864746,
                    0.05019211024045944,
                    0.8117898106575012,
                    3.2724297046661377
                ],
                [
                    0.0,
                    0.9980940818786621,
                    -0.061711087822914124,
                    -0.24876536428928375
                ],
                [
                    0.0,
                    0.0,
                    0.0,
                    1.0
                ]
            ]
        },
        {
            "file_path": "/data/shapenet_blender/all_50_random/02958343/a358931939481311bda733a39f84326d/r_9",
            "rotation": 0.12566370614359174,
            "transform_matrix": [
                [
                    0.5839800834655762,
                    0.5651518106460571,
                    -0.5827269554138184,
                    -2.3490476608276367
                ],
                [
                    -0.811768114566803,
                    0.4065661132335663,
                    -0.4192095696926117,
                    -1.6898880004882812
                ],
                [
                    0.0,
                    0.7178491950035095,
                    0.6961985230445862,
                    2.8064663410186768
                ],
                [
                    0.0,
                    0.0,
                    0.0,
                    1.0
                ]
            ]
        },
        {
            "file_path": "/data/shapenet_blender/all_50_random/02958343/a358931939481311bda733a39f84326d/r_10",
            "rotation": 0.12566370614359174,
            "transform_matrix": [
                [
                    -0.3663981258869171,
                    0.2935296893119812,
                    -0.8829454779624939,
                    -3.559267044067383
                ],
                [
                    -0.9304581880569458,
                    -0.11558685451745987,
                    0.3476884663105011,
                    1.4015769958496094
                ],
                [
                    0.0,
                    0.9489362239837646,
                    0.3154679238796234,
                    1.271691918373108
                ],
                [
                    0.0,
                    0.0,
                    0.0,
                    1.0
                ]
            ]
        },
        {
            "file_path": "/data/shapenet_blender/all_50_random/02958343/a358931939481311bda733a39f84326d/r_11",
            "rotation": 0.12566370614359174,
            "transform_matrix": [
                [
                    0.44325780868530273,
                    0.23505465686321259,
                    0.8650270700454712,
                    3.4870357513427734
                ],
                [
                    0.8963942527770996,
                    -0.11623212695121765,
                    -0.42774707078933716,
                    -1.7243036031723022
                ],
                [
                    0.0,
                    0.9650074243545532,
                    -0.26222240924835205,
                    -1.0570523738861084
                ],
                [
                    0.0,
                    0.0,
                    0.0,
                    1.0
                ]
            ]
        },
        {
            "file_path": "/data/shapenet_blender/all_50_random/02958343/a358931939481311bda733a39f84326d/r_12",
            "rotation": 0.12566370614359174,
            "transform_matrix": [
                [
                    -0.29779213666915894,
                    0.2313389927148819,
                    0.9261760711669922,
                    3.7335352897644043
                ],
                [
                    0.9546307921409607,
                    0.07216499745845795,
                    0.28891581296920776,
                    1.1646569967269897
                ],
                [
                    0.0,
                    0.9701929688453674,
                    -0.24233348667621613,
                    -0.9768775701522827
                ],
                [
                    0.0,
                    0.0,
                    0.0,
                    1.0
                ]
            ]
        },
        {
            "file_path": "/data/shapenet_blender/all_50_random/02958343/a358931939481311bda733a39f84326d/r_13",
            "rotation": 0.12566370614359174,
            "transform_matrix": [
                [
                    -0.0060569788329303265,
                    -0.009705029428005219,
                    -0.9999344944953918,
                    -4.03086519241333
                ],
                [
                    -0.9999815821647644,
                    5.878423689864576e-05,
                    0.006056693382561207,
                    0.024415314197540283
                ],
                [
                    -3.6379785902512785e-12,
                    0.9999529123306274,
                    -0.00970520544797182,
                    -0.039122939109802246
                ],
                [
                    0.0,
                    0.0,
                    0.0,
                    1.0
                ]
            ]
        },
        {
            "file_path": "/data/shapenet_blender/all_50_random/02958343/a358931939481311bda733a39f84326d/r_14",
            "rotation": 0.12566370614359174,
            "transform_matrix": [
                [
                    -0.9978817105293274,
                    0.059733375906944275,
                    0.02577054500579834,
                    0.10388439893722534
                ],
                [
                    0.06505534797906876,
                    0.9162481427192688,
                    0.3952935039997101,
                    1.5934791564941406
                ],
                [
                    0.0,
                    0.39613261818885803,
                    -0.9181932210922241,
                    -3.701355457305908
                ],
                [
                    0.0,
                    0.0,
                    0.0,
                    1.0
                ]
            ]
        },
        {
            "file_path": "/data/shapenet_blender/all_50_random/02958343/a358931939481311bda733a39f84326d/r_15",
            "rotation": 0.12566370614359174,
            "transform_matrix": [
                [
                    -0.22777526080608368,
                    0.6069077849388123,
                    -0.7614336609840393,
                    -3.0694375038146973
                ],
                [
                    -0.9737136960029602,
                    -0.1419704556465149,
                    0.1781178116798401,
                    0.7180159091949463
                ],
                [
                    0.0,
                    0.7819892764091492,
                    0.6232917308807373,
                    2.5125696659088135
                ],
                [
                    0.0,
                    0.0,
                    0.0,
                    1.0
                ]
            ]
        },
        {
            "file_path": "/data/shapenet_blender/all_50_random/02958343/a358931939481311bda733a39f84326d/r_16",
            "rotation": 0.12566370614359174,
            "transform_matrix": [
                [
                    -0.9399743676185608,
                    0.08158630132675171,
                    -0.33134835958480835,
                    -1.3357077836990356
                ],
                [
                    -0.34124481678009033,
                    -0.2247331589460373,
                    0.9127141237258911,
                    3.6792678833007812
                ],
                [
                    7.4505792646561986e-09,
                    0.9709988236427307,
                    0.23908434808254242,
                    0.9637797474861145
                ],
                [
                    0.0,
                    0.0,
                    0.0,
                    1.0
                ]
            ]
        },
        {
            "file_path": "/data/shapenet_blender/all_50_random/02958343/a358931939481311bda733a39f84326d/r_17",
            "rotation": 0.12566370614359174,
            "transform_matrix": [
                [
                    -0.9892396330833435,
                    -0.004292304627597332,
                    0.1462414711713791,
                    0.5895183086395264
                ],
                [
                    0.14630447328090668,
                    -0.029022477567195892,
                    0.9888136982917786,
                    3.9860358238220215
                ],
                [
                    0.0,
                    0.9995695352554321,
                    0.029338164255023003,
                    0.11826592683792114
                ],
                [
                    0.0,
                    0.0,
                    0.0,
                    1.0
                ]
            ]
        },
        {
            "file_path": "/data/shapenet_blender/all_50_random/02958343/a358931939481311bda733a39f84326d/r_18",
            "rotation": 0.12566370614359174,
            "transform_matrix": [
                [
                    0.8845313191413879,
                    0.008086750283837318,
                    0.4664108157157898,
                    1.880162000656128
                ],
                [
                    0.46648094058036804,
                    -0.015333925373852253,
                    -0.884398341178894,
                    -3.5651235580444336
                ],
                [
                    0.0,
                    0.9998497366905212,
                    -0.017335649579763412,
                    -0.06988223642110825
                ],
                [
                    0.0,
                    0.0,
                    0.0,
                    1.0
                ]
            ]
        },
        {
            "file_path": "/data/shapenet_blender/all_50_random/02958343/a358931939481311bda733a39f84326d/r_19",
            "rotation": 0.12566370614359174,
            "transform_matrix": [
                [
                    0.7657528519630432,
                    0.1067827045917511,
                    0.6342082619667053,
                    2.556575298309326
                ],
                [
                    0.6431350708007812,
                    -0.12714150547981262,
                    -0.7551240921020508,
                    -3.0440025329589844
                ],
                [
                    0.0,
                    0.98611980676651,
                    -0.16603469848632812,
                    -0.669307291507721
                ],
                [
                    0.0,
                    0.0,
                    0.0,
                    1.0
                ]
            ]
        },
        {
            "file_path": "/data/shapenet_blender/all_50_random/02958343/a358931939481311bda733a39f84326d/r_20",
            "rotation": 0.12566370614359174,
            "transform_matrix": [
                [
                    0.8177268505096436,
                    0.05085204914212227,
                    -0.5733557939529419,
                    -2.3112711906433105
                ],
                [
                    -0.5756064057350159,
                    0.07224221527576447,
                    -0.814529538154602,
                    -3.283473491668701
                ],
                [
                    -3.725290076417309e-09,
                    0.9960898756980896,
                    0.08834517747163773,
                    0.35613080859184265
                ],
                [
                    0.0,
                    0.0,
                    0.0,
                    1.0
                ]
            ]
        },
        {
            "file_path": "/data/shapenet_blender/all_50_random/02958343/a358931939481311bda733a39f84326d/r_21",
            "rotation": 0.12566370614359174,
            "transform_matrix": [
                [
                    -0.9278364181518555,
                    -0.2874101400375366,
                    0.23772911727428436,
                    0.9583168029785156
                ],
                [
                    0.37298762798309326,
                    -0.7149556279182434,
                    0.5913700461387634,
                    2.3838891983032227
                ],
                [
                    0.0,
                    0.6373645067214966,
                    0.7705621719360352,
                    3.1062357425689697
                ],
                [
                    0.0,
                    0.0,
                    0.0,
                    1.0
                ]
            ]
        },
        {
            "file_path": "/data/shapenet_blender/all_50_random/02958343/a358931939481311bda733a39f84326d/r_22",
            "rotation": 0.12566370614359174,
            "transform_matrix": [
                [
                    0.5947305560112,
                    0.2012314349412918,
                    0.7783324718475342,
                    3.1375584602355957
                ],
                [
                    0.803925096988678,
                    -0.14886771142482758,
                    -0.5757975578308105,
                    -2.3211143016815186
                ],
                [
                    7.450580596923828e-09,
                    0.9681653380393982,
                    -0.2503112256526947,
                    -1.0090367794036865
                ],
                [
                    0.0,
                    0.0,
                    0.0,
                    1.0
                ]
            ]
        },
        {
            "file_path": "/data/shapenet_blender/all_50_random/02958343/a358931939481311bda733a39f84326d/r_23",
            "rotation": 0.12566370614359174,
            "transform_matrix": [
                [
                    0.03194903954863548,
                    0.9604528546333313,
                    -0.2766035199165344,
                    -1.1150245666503906
                ],
                [
                    -0.9994896054267883,
                    0.03070121631026268,
                    -0.00884172972291708,
                    -0.03564215451478958
                ],
                [
                    0.0,
                    0.2767447233200073,
                    0.9609434008598328,
                    3.8736870288848877
                ],
                [
                    0.0,
                    0.0,
                    0.0,
                    1.0
                ]
            ]
        },
        {
            "file_path": "/data/shapenet_blender/all_50_random/02958343/a358931939481311bda733a39f84326d/r_24",
            "rotation": 0.12566370614359174,
            "transform_matrix": [
                [
                    0.40216219425201416,
                    0.04715937003493309,
                    -0.91435307264328,
                    -3.685875177383423
                ],
                [
                    -0.9155685305595398,
                    0.020714685320854187,
                    -0.4016282856464386,
                    -1.6190154552459717
                ],
                [
                    0.0,
                    0.9986725449562073,
                    0.05150829628109932,
                    0.20763657987117767
                ],
                [
                    0.0,
                    0.0,
                    0.0,
                    1.0
                ]
            ]
        },
        {
            "file_path": "/data/shapenet_blender/all_50_random/02958343/a358931939481311bda733a39f84326d/r_25",
            "rotation": 0.12566370614359174,
            "transform_matrix": [
                [
                    -0.9972121119499207,
                    -0.07024864107370377,
                    0.025162965059280396,
                    0.10143515467643738
                ],
                [
                    0.0746193379163742,
                    -0.9388020634651184,
                    0.336277574300766,
                    1.3555783033370972
                ],
                [
                    0.0,
                    0.3372175991535187,
                    0.9414266347885132,
                    3.7950122356414795
                ],
                [
                    0.0,
                    0.0,
                    0.0,
                    1.0
                ]
            ]
        },
        {
            "file_path": "/data/shapenet_blender/all_50_random/02958343/a358931939481311bda733a39f84326d/r_26",
            "rotation": 0.12566370614359174,
            "transform_matrix": [
                [
                    0.9299121499061584,
                    -0.12078206241130829,
                    0.34738337993621826,
                    1.400347352027893
                ],
                [
                    0.3677819073200226,
                    0.3053893744945526,
                    -0.8783357739448547,
                    -3.540684938430786
                ],
                [
                    7.450580596923828e-09,
                    0.9445363283157349,
                    0.32840675115585327,
                    1.3238500356674194
                ],
                [
                    0.0,
                    0.0,
                    0.0,
                    1.0
                ]
            ]
        },
        {
            "file_path": "/data/shapenet_blender/all_50_random/02958343/a358931939481311bda733a39f84326d/r_27",
            "rotation": 0.12566370614359174,
            "transform_matrix": [
                [
                    0.9426928162574768,
                    0.17000439763069153,
                    0.2871038615703583,
                    1.1573528051376343
                ],
                [
                    0.3336617052555084,
                    -0.48031261563301086,
                    -0.8111531734466553,
                    -3.2698633670806885
                ],
                [
                    0.0,
                    0.8604639768600464,
                    -0.5095111727714539,
                    -2.053905487060547
                ],
                [
                    0.0,
                    0.0,
                    0.0,
                    1.0
                ]
            ]
        },
        {
            "file_path": "/data/shapenet_blender/all_50_random/02958343/a358931939481311bda733a39f84326d/r_28",
            "rotation": 0.12566370614359174,
            "transform_matrix": [
                [
                    0.07635898143053055,
                    -0.3062078356742859,
                    0.9488973021507263,
                    3.825127363204956
                ],
                [
                    0.9970804452896118,
                    0.023450182750821114,
                    -0.07266899198293686,
                    -0.29293808341026306
                ],
                [
                    0.0,
                    0.9516757726669312,
                    0.3071044981479645,
                    1.2379778623580933
                ],
                [
                    0.0,
                    0.0,
                    0.0,
                    1.0
                ]
            ]
        },
        {
            "file_path": "/data/shapenet_blender/all_50_random/02958343/a358931939481311bda733a39f84326d/r_29",
            "rotation": 0.12566370614359174,
            "transform_matrix": [
                [
                    0.776978611946106,
                    -0.048447247594594955,
                    -0.6276600956916809,
                    -2.5301785469055176
                ],
                [
                    -0.6295270323753357,
                    -0.059794843196868896,
                    -0.7746743559837341,
                    -3.122811794281006
                ],
                [
                    3.725290298461914e-09,
                    0.9970342516899109,
                    -0.07695817202329636,
                    -0.31022828817367554
                ],
                [
                    0.0,
                    0.0,
                    0.0,
                    1.0
                ]
            ]
        },
        {
            "file_path": "/data/shapenet_blender/all_50_random/02958343/a358931939481311bda733a39f84326d/r_30",
            "rotation": 0.12566370614359174,
            "transform_matrix": [
                [
                    0.7729252576828003,
                    -0.21492743492126465,
                    -0.5969863533973694,
                    -2.406529188156128
                ],
                [
                    -0.6344971060752869,
                    -0.2618181109428406,
                    -0.7272307872772217,
                    -2.931561231613159
                ],
                [
                    0.0,
                    0.9408812522888184,
                    -0.3387366235256195,
                    -1.3654911518096924
                ],
                [
                    0.0,
                    0.0,
                    0.0,
                    1.0
                ]
            ]
        },
        {
            "file_path": "/data/shapenet_blender/all_50_random/02958343/a358931939481311bda733a39f84326d/r_31",
            "rotation": 0.12566370614359174,
            "transform_matrix": [
                [
                    -0.11892630159854889,
                    0.7615532279014587,
                    0.6370972990989685,
                    2.5682213306427
                ],
                [
                    0.9929031729698181,
                    0.0912160649895668,
                    0.07630918174982071,
                    0.3076121509075165
                ],
                [
                    0.0,
                    0.6416510939598083,
                    -0.7669967412948608,
                    -3.091862678527832
                ],
                [
                    0.0,
                    0.0,
                    0.0,
                    1.0
                ]
            ]
        },
        {
            "file_path": "/data/shapenet_blender/all_50_random/02958343/a358931939481311bda733a39f84326d/r_32",
            "rotation": 0.12566370614359174,
            "transform_matrix": [
                [
                    0.569381058216095,
                    -0.11544758081436157,
                    0.8139268755912781,
                    3.2810444831848145
                ],
                [
                    0.822073757648468,
                    0.07996077835559845,
                    -0.5637383460998535,
                    -2.2725021839141846
                ],
                [
                    0.0,
                    0.9900898337364197,
                    0.14043457806110382,
                    0.5661099553108215
                ],
                [
                    0.0,
                    0.0,
                    0.0,
                    1.0
                ]
            ]
        },
        {
            "file_path": "/data/shapenet_blender/all_50_random/02958343/a358931939481311bda733a39f84326d/r_33",
            "rotation": 0.12566370614359174,
            "transform_matrix": [
                [
                    0.14994250237941742,
                    0.6292797923088074,
                    -0.7625773549079895,
                    -3.074047565460205
                ],
                [
                    -0.9886947870254517,
                    0.09543469548225403,
                    -0.11565020680427551,
                    -0.46620088815689087
                ],
                [
                    0.0,
                    0.771297037601471,
                    0.6364753246307373,
                    2.565714120864868
                ],
                [
                    0.0,
                    0.0,
                    0.0,
                    1.0
                ]
            ]
        },
        {
            "file_path": "/data/shapenet_blender/all_50_random/02958343/a358931939481311bda733a39f84326d/r_34",
            "rotation": 0.12566370614359174,
            "transform_matrix": [
                [
                    0.5368152856826782,
                    -0.039957329630851746,
                    -0.8427530527114868,
                    -3.3972461223602295
                ],
                [
                    -0.8436996936798096,
                    -0.02542339265346527,
                    -0.5362130403518677,
                    -2.161543846130371
                ],
                [
                    0.0,
                    0.998878002166748,
                    -0.047359660267829895,
                    -0.1909129023551941
                ],
                [
                    0.0,
                    0.0,
                    0.0,
                    1.0
                ]
            ]
        },
        {
            "file_path": "/data/shapenet_blender/all_50_random/02958343/a358931939481311bda733a39f84326d/r_35",
            "rotation": 0.12566370614359174,
            "transform_matrix": [
                [
                    -0.9997072815895081,
                    0.003971362952142954,
                    -0.02386592887341976,
                    -0.09620663523674011
                ],
                [
                    -0.024194099009037018,
                    -0.16409790515899658,
                    0.9861472845077515,
                    3.9752869606018066
                ],
                [
                    0.0,
                    0.9864360094070435,
                    0.16414596140384674,
                    0.6616935133934021
                ],
                [
                    0.0,
                    0.0,
                    0.0,
                    1.0
                ]
            ]
        },
        {
            "file_path": "/data/shapenet_blender/all_50_random/02958343/a358931939481311bda733a39f84326d/r_36",
            "rotation": 0.12566370614359174,
            "transform_matrix": [
                [
                    0.6718363761901855,
                    -0.3014542758464813,
                    0.6765804290771484,
                    2.7273828983306885
                ],
                [
                    0.7406994700431824,
                    0.27342796325683594,
                    -0.613678514957428,
                    -2.4738171100616455
                ],
                [
                    0.0,
                    0.9134345054626465,
                    0.40698590874671936,
                    1.6406126022338867
                ],
                [
                    0.0,
                    0.0,
                    0.0,
                    1.0
                ]
            ]
        },
        {
            "file_path": "/data/shapenet_blender/all_50_random/02958343/a358931939481311bda733a39f84326d/r_37",
            "rotation": 0.12566370614359174,
            "transform_matrix": [
                [
                    0.6903477311134338,
                    -0.6115533113479614,
                    -0.3865521252155304,
                    -1.558241605758667
                ],
                [
                    -0.7234777212142944,
                    -0.5835486054420471,
                    -0.36885085701942444,
                    -1.48688542842865
                ],
                [
                    1.4901161193847656e-08,
                    0.5342971682548523,
                    -0.8452965617179871,
                    -3.4074997901916504
                ],
                [
                    0.0,
                    0.0,
                    0.0,
                    1.0
                ]
            ]
        },
        {
            "file_path": "/data/shapenet_blender/all_50_random/02958343/a358931939481311bda733a39f84326d/r_38",
            "rotation": 0.12566370614359174,
            "transform_matrix": [
                [
                    0.8067169785499573,
                    -0.05810397118330002,
                    -0.5880745053291321,
                    -2.3706045150756836
                ],
                [
                    -0.5909380912780762,
                    -0.07932042330503464,
                    -0.8028077483177185,
                    -3.2362217903137207
                ],
                [
                    0.0,
                    0.9951543211936951,
                    -0.0983249619603157,
                    -0.3963606357574463
                ],
                [
                    0.0,
                    0.0,
                    0.0,
                    1.0
                ]
            ]
        },
        {
            "file_path": "/data/shapenet_blender/all_50_random/02958343/a358931939481311bda733a39f84326d/r_39",
            "rotation": 0.12566370614359174,
            "transform_matrix": [
                [
                    -0.6275235414505005,
                    -0.5297752618789673,
                    -0.5705718994140625,
                    -2.300048828125
                ],
                [
                    -0.7785975933074951,
                    0.4269811511039734,
                    0.4598618447780609,
                    1.8537623882293701
                ],
                [
                    1.4901161193847656e-08,
                    0.7328199148178101,
                    -0.6804225444793701,
                    -2.742871046066284
                ],
                [
                    0.0,
                    0.0,
                    0.0,
                    1.0
                ]
            ]
        },
        {
            "file_path": "/data/shapenet_blender/all_50_random/02958343/a358931939481311bda733a39f84326d/r_40",
            "rotation": 0.12566370614359174,
            "transform_matrix": [
                [
                    -0.03771256282925606,
                    0.5922099351882935,
                    -0.8049007058143616,
                    -3.2446584701538086
                ],
                [
                    -0.9992886185646057,
                    -0.022349655628204346,
                    0.030376480892300606,
                    0.12245151400566101
                ],
                [
                    0.0,
                    0.8054736256599426,
                    0.5926315784454346,
                    2.388974189758301
                ],
                [
                    0.0,
                    0.0,
                    0.0,
                    1.0
                ]
            ]
        },
        {
            "file_path": "/data/shapenet_blender/all_50_random/02958343/a358931939481311bda733a39f84326d/r_41",
            "rotation": 0.12566370614359174,
            "transform_matrix": [
                [
                    0.4061669707298279,
                    0.03690091148018837,
                    0.9130535125732422,
                    3.680636405944824
                ],
                [
                    0.9137989282608032,
                    -0.016401784494519234,
                    -0.40583565831184387,
                    -1.6359758377075195
                ],
                [
                    9.313225746154785e-10,
                    0.9991843104362488,
                    -0.04038187488913536,
