{
    "class": "02958343",
    "model": "215da971831129bf63ee8a34069b7c5",
    "remove_doubles": true,
    "edge_split": true,
    "denoise": true,
    "camera_angle_x": 0.6911112070083618,
    "scale_factor": 2.231378332194849,
    "hdri_file": "/data/IndoorHDRDataset2018/9C4A3653-9c1bf57852.exr",
    "center_offset": [
        0.0,
        0.0,
        3.725290298461914e-09
    ],
    "lights": [],
    "frames": [
        {
            "file_path": "/data/shapenet_blender/all_50_random/02958343/215da971831129bf63ee8a34069b7c5/r_0",
            "rotation": 0.12566370614359174,
            "transform_matrix": [
                [
                    -0.9501668214797974,
                    -0.04582821950316429,
                    0.3083552420139313,
                    1.243019700050354
                ],
                [
                    0.3117421865463257,
                    -0.13968096673488617,
                    0.9398435950279236,
                    3.788630723953247
                ],
                [
                    0.0,
                    0.9891354441642761,
                    0.1470068097114563,
                    0.5926033854484558
                ],
                [
                    0.0,
                    0.0,
                    0.0,
                    1.0
                ]
            ]
        },
        {
            "file_path": "/data/shapenet_blender/all_50_random/02958343/215da971831129bf63ee8a34069b7c5/r_1",
            "rotation": 0.12566370614359174,
            "transform_matrix": [
                [
                    0.30965182185173035,
                    0.3987269699573517,
                    -0.8632104992866516,
                    -3.479712963104248
                ],
                [
                    -0.9508499503135681,
                    0.12984859943389893,
                    -0.28111132979393005,
                    -1.1331961154937744
                ],
                [
                    7.450580152834618e-09,
                    0.9078304171562195,
                    0.4193373918533325,
                    1.6904032230377197
                ],
                [
                    0.0,
                    0.0,
                    0.0,
                    1.0
                ]
            ]
        },
        {
            "file_path": "/data/shapenet_blender/all_50_random/02958343/215da971831129bf63ee8a34069b7c5/r_2",
            "rotation": 0.12566370614359174,
            "transform_matrix": [
                [
                    -0.6473531126976013,
                    -0.22134751081466675,
                    -0.7293416261672974,
                    -2.9400696754455566
                ],
                [
                    -0.7621901631355286,
                    0.1879977285861969,
                    0.6194538474082947,
                    2.497097969055176
                ],
                [
                    0.0,
                    0.9569023251533508,
                    -0.2904098629951477,
                    -1.1706794500350952
                ],
                [
                    0.0,
                    0.0,
                    0.0,
                    1.0
                ]
            ]
        },
        {
            "file_path": "/data/shapenet_blender/all_50_random/02958343/215da971831129bf63ee8a34069b7c5/r_3",
            "rotation": 0.12566370614359174,
            "transform_matrix": [
                [
                    -0.9810078740119934,
                    -0.18000935018062592,
                    -0.07225148379802704,
                    -0.29125505685806274
                ],
                [
                    -0.19396817684173584,
                    0.9104101657867432,
                    0.3654170334339142,
                    1.4730432033538818
                ],
                [
                    0.0,
                    0.3724914789199829,
                    -0.9280356168746948,
                    -3.7410311698913574
                ],
                [
                    0.0,
                    0.0,
                    0.0,
                    1.0
                ]
            ]
        },
        {
            "file_path": "/data/shapenet_blender/all_50_random/02958343/215da971831129bf63ee8a34069b7c5/r_4",
            "rotation": 0.12566370614359174,
            "transform_matrix": [
                [
                    -0.1778753399848938,
                    -0.2018209546804428,
                    -0.963134765625,
                    -3.8825206756591797
                ],
                [
                    -0.9840530157089233,
                    0.036480728536844254,
                    0.17409420013427734,
                    0.7017962336540222
                ],
                [
                    0.0,
                    0.978742778301239,
                    -0.20509152114391327,
                    -0.8267503976821899
                ],
                [
                    0.0,
                    0.0,
                    0.0,
                    1.0
                ]
            ]
        },
        {
            "file_path": "/data/shapenet_blender/all_50_random/02958343/215da971831129bf63ee8a34069b7c5/r_5",
            "rotation": 0.12566370614359174,
            "transform_matrix": [
                [
                    0.9739493131637573,
                    0.01016080379486084,
                    0.22653813660144806,
                    0.9132043123245239
                ],
                [
                    0.22676588594913483,
                    -0.043640200048685074,
                    -0.9729712009429932,
                    -3.9221718311309814
                ],
                [
                    0.0,
                    0.9989954829216003,
                    -0.04480747878551483,
                    -0.18062470853328705
                ],
                [
                    0.0,
                    0.0,
                    0.0,
                    1.0
                ]
            ]
        },
        {
            "file_path": "/data/shapenet_blender/all_50_random/02958343/215da971831129bf63ee8a34069b7c5/r_6",
            "rotation": 0.12566370614359174,
            "transform_matrix": [
                [
                    0.995179295539856,
                    0.09671548008918762,
                    0.016260189935564995,
                    0.0655469298362732
                ],
                [
                    0.09807281941175461,
                    -0.9814058542251587,
                    -0.16499784588813782,
                    -0.6651276350021362
                ],
                [
                    0.0,
                    0.16579724848270416,
                    -0.9861598014831543,
                    -3.975337505340576
                ],
                [
                    0.0,
                    0.0,
                    0.0,
                    1.0
                ]
            ]
        },
        {
            "file_path": "/data/shapenet_blender/all_50_random/02958343/215da971831129bf63ee8a34069b7c5/r_7",
            "rotation": 0.12566370614359174,
            "transform_matrix": [
                [
                    0.9791370630264282,
                    0.07164842635393143,
                    -0.19015023112297058,
                    -0.7665201425552368
                ],
                [
                    -0.20320093631744385,
                    0.3452426493167877,
                    -0.9162514209747314,
                    -3.693527936935425
                ],
                [
                    0.0,
                    0.9357745051383972,
                    0.3525988757610321,
                    1.4213716983795166
                ],
                [
                    0.0,
                    0.0,
                    0.0,
                    1.0
                ]
            ]
        },
        {
            "file_path": "/data/shapenet_blender/all_50_random/02958343/215da971831129bf63ee8a34069b7c5/r_8",
            "rotation": 0.12566370614359174,
            "transform_matrix": [
                [
                    0.9451074004173279,
                    -0.07574696838855743,
                    0.31785935163497925,
                    1.281332015991211
                ],
                [
                    0.3267601728439331,
                    0.2190873622894287,
                    -0.9193630814552307,
                    -3.706071138381958
                ],
                [
                    0.0,
                    0.9727605581283569,
                    0.23181214928627014,
                    0.934464693069458
                ],
                [
                    0.0,
                    0.0,
                    0.0,
                    1.0
                ]
            ]
        },
        {
            "file_path": "/data/shapenet_blender/all_50_random/02958343/215da971831129bf63ee8a34069b7c5/r_9",
            "rotation": 0.12566370614359174,
            "transform_matrix": [
                [
                    0.9989491105079651,
                    -0.01534015592187643,
                    -0.043189577758312225,
                    -0.1741027534008026
                ],
                [
                    -0.04583296179771423,
                    -0.3343453109264374,
                    -0.9413354992866516,
                    -3.794644594192505
                ],
                [
                    0.0,
                    0.94232577085495,
                    -0.33469703793525696,
                    -1.3492069244384766
                ],
                [
                    0.0,
                    0.0,
                    0.0,
                    1.0
                ]
            ]
        },
        {
            "file_path": "/data/shapenet_blender/all_50_random/02958343/215da971831129bf63ee8a34069b7c5/r_10",
            "rotation": 0.12566370614359174,
            "transform_matrix": [
                [
                    -0.9993211627006531,
                    -0.03495847061276436,
                    -0.0116231394931674,
                    -0.046854376792907715
                ],
                [
                    -0.03684008866548538,
                    0.9482806324958801,
                    0.3152883052825928,
                    1.270967960357666
                ],
                [
                    9.313225746154785e-10,
                    0.3155025243759155,
                    -0.9489246010780334,
                    -3.825237989425659
                ],
                [
                    0.0,
                    0.0,
                    0.0,
                    1.0
                ]
            ]
        },
        {
            "file_path": "/data/shapenet_blender/all_50_random/02958343/215da971831129bf63ee8a34069b7c5/r_11",
            "rotation": 0.12566370614359174,
            "transform_matrix": [
                [
                    -0.9672005772590637,
                    -0.1163070872426033,
                    -0.22582224011421204,
                    -0.9103186130523682
                ],
                [
                    -0.2540138363838196,
                    0.44285887479782104,
                    0.8598563075065613,
                    3.4661917686462402
                ],
                [
                    0.0,
                    0.8890154957771301,
                    -0.45787695050239563,
                    -1.8457611799240112
                ],
                [
                    0.0,
                    0.0,
                    0.0,
                    1.0
                ]
            ]
        },
        {
            "file_path": "/data/shapenet_blender/all_50_random/02958343/215da971831129bf63ee8a34069b7c5/r_12",
            "rotation": 0.12566370614359174,
            "transform_matrix": [
                [
                    0.8034107685089111,
                    -0.30006060004234314,
                    -0.5142906308174133,
                    -2.073171854019165
                ],
                [
                    -0.5954252481460571,
                    -0.40487349033355713,
                    -0.6939353346824646,
                    -2.7973427772521973
                ],
                [
                    1.4901161193847656e-08,
                    0.8637367486953735,
                    -0.5039433240890503,
                    -2.0314605236053467
                ],
                [
                    0.0,
                    0.0,
                    0.0,
                    1.0
                ]
            ]
        },
        {
            "file_path": "/data/shapenet_blender/all_50_random/02958343/215da971831129bf63ee8a34069b7c5/r_13",
            "rotation": 0.12566370614359174,
            "transform_matrix": [
                [
                    -0.31444787979125977,
                    0.40303555130958557,
                    -0.8594677448272705,
                    -3.464625358581543
                ],
                [
                    -0.9492747783660889,
                    -0.13350577652454376,
                    0.2846992611885071,
                    1.147659420967102
                ],
                [
                    1.4901162970204496e-08,
                    0.9053940176963806,
                    0.4245721101760864,
                    1.7115049362182617
                ],
                [
                    0.0,
                    0.0,
                    0.0,
                    1.0
                ]
            ]
        },
        {
            "file_path": "/data/shapenet_blender/all_50_random/02958343/215da971831129bf63ee8a34069b7c5/r_14",
            "rotation": 0.12566370614359174,
            "transform_matrix": [
                [
                    -0.5219628214836121,
                    -0.530362069606781,
                    0.6680351495742798,
                    2.6929357051849365
                ],
                [
                    0.8529682159423828,
                    -0.3245481550693512,
                    0.40879541635513306,
                    1.647907018661499
                ],
                [
                    -1.4901161193847656e-08,
                    0.7831887006759644,
                    0.6217840313911438,
                    2.5064916610717773
                ],
                [
                    0.0,
                    0.0,
                    0.0,
                    1.0
                ]
            ]
        },
        {
            "file_path": "/data/shapenet_blender/all_50_random/02958343/215da971831129bf63ee8a34069b7c5/r_15",
            "rotation": 0.12566370614359174,
            "transform_matrix": [
                [
                    0.09912784397602081,
                    0.47023651003837585,
                    -0.8769556879997253,
                    -3.535121202468872
                ],
                [
                    -0.9950746893882751,
                    0.046844255179166794,
                    -0.08736100792884827,
                    -0.3521634638309479
                ],
                [
                    0.0,
                    0.8812963366508484,
                    0.47256410121917725,
                    1.9049667119979858
                ],
                [
                    0.0,
                    0.0,
                    0.0,
                    1.0
                ]
            ]
        },
        {
            "file_path": "/data/shapenet_blender/all_50_random/02958343/215da971831129bf63ee8a34069b7c5/r_16",
            "rotation": 0.12566370614359174,
            "transform_matrix": [
                [
                    0.7137376666069031,
                    -0.6239181160926819,
                    0.3182840049266815,
                    1.2830438613891602
                ],
                [
                    0.700413167476654,
                    0.6357873678207397,
                    -0.3243389427661896,
                    -1.3074520826339722
                ],
                [
                    -1.4901162970204496e-08,
                    0.4544232189655304,
                    0.8907858729362488,
                    3.5908727645874023
                ],
                [
                    0.0,
                    0.0,
                    0.0,
                    1.0
                ]
            ]
        },
        {
            "file_path": "/data/shapenet_blender/all_50_random/02958343/215da971831129bf63ee8a34069b7c5/r_17",
            "rotation": 0.12566370614359174,
            "transform_matrix": [
                [
                    0.84825199842453,
                    0.5173519253730774,
                    -0.11320552229881287,
                    -0.4563460052013397
                ],
                [
                    -0.5295926928520203,
                    0.8286457657814026,
                    -0.18132199347019196,
                    -0.7309322357177734
                ],
                [
                    0.0,
                    0.21375931799411774,
                    0.9768863916397095,
                    3.9379544258117676
                ],
                [
                    0.0,
                    0.0,
                    0.0,
                    1.0
                ]
            ]
        },
        {
            "file_path": "/data/shapenet_blender/all_50_random/02958343/215da971831129bf63ee8a34069b7c5/r_18",
            "rotation": 0.12566370614359174,
            "transform_matrix": [
                [
                    0.328105628490448,
                    0.9407349824905396,
                    -0.08581513911485672,
                    -0.34593188762664795
                ],
                [
                    -0.9446410536766052,
                    0.32674890756607056,
                    -0.029806485399603844,
                    -0.12015378475189209
                ],
                [
                    0.0,
                    0.09084434062242508,
                    0.9958651065826416,
                    4.014460563659668
                ],
                [
                    0.0,
                    0.0,
                    0.0,
                    1.0
                ]
            ]
        },
        {
            "file_path": "/data/shapenet_blender/all_50_random/02958343/215da971831129bf63ee8a34069b7c5/r_19",
            "rotation": 0.12566370614359174,
            "transform_matrix": [
                [
                    0.5422453880310059,
                    0.12419156730175018,
                    0.8309912085533142,
                    3.349832773208618
                ],
                [
                    0.8402202129364014,
                    -0.08014839142560959,
                    -0.5362893342971802,
                    -2.161851406097412
                ],
                [
                    0.0,
                    0.9890159964561462,
                    -0.14780834317207336,
                    -0.595834493637085
                ],
                [
                    0.0,
                    0.0,
                    0.0,
                    1.0
                ]
            ]
        },
        {
            "file_path": "/data/shapenet_blender/all_50_random/02958343/215da971831129bf63ee8a34069b7c5/r_20",
            "rotation": 0.12566370614359174,
            "transform_matrix": [
                [
                    0.08290930837392807,
                    -0.0431026853621006,
                    0.9956246018409729,
                    4.013490676879883
                ],
                [
                    0.9965571165084839,
                    0.0035859602503478527,
                    -0.0828317329287529,
                    -0.3339053690433502
                ],
                [
                    -2.3283062977608182e-10,
                    0.9990642070770264,
                    0.04325160011649132,
                    0.1743527501821518
                ],
                [
                    0.0,
                    0.0,
                    0.0,
                    1.0
                ]
            ]
        },
        {
            "file_path": "/data/shapenet_blender/all_50_random/02958343/215da971831129bf63ee8a34069b7c5/r_21",
            "rotation": 0.12566370614359174,
            "transform_matrix": [
                [
                    -0.4122850298881531,
                    0.41170966625213623,
                    0.8127214312553406,
                    3.2761850357055664
                ],
                [
                    0.9110549092292786,
                    0.18631339073181152,
                    0.36778560280799866,
                    1.4825912714004517
                ],
                [
                    0.0,
                    0.8920662999153137,
                    -0.4519043266773224,
                    -1.821684718132019
                ],
                [
                    0.0,
                    0.0,
                    0.0,
                    1.0
                ]
            ]
        },
        {
            "file_path": "/data/shapenet_blender/all_50_random/02958343/215da971831129bf63ee8a34069b7c5/r_22",
            "rotation": 0.12566370614359174,
            "transform_matrix": [
                [
                    0.9929171204566956,
                    -0.06571242958307266,
                    0.09898243099451065,
                    0.39901095628738403
                ],
                [
                    0.1188092827796936,
                    0.5491742491722107,
                    -0.8272194862365723,
                    -3.3346283435821533
                ],
                [
                    0.0,
                    0.8331203460693359,
                    0.5530917048454285,
                    2.229583978652954
                ],
                [
                    0.0,
                    0.0,
                    0.0,
                    1.0
                ]
            ]
        },
        {
            "file_path": "/data/shapenet_blender/all_50_random/02958343/215da971831129bf63ee8a34069b7c5/r_23",
            "rotation": 0.12566370614359174,
            "transform_matrix": [
                [
                    -0.9898295402526855,
                    0.013244327157735825,
                    -0.14164067804813385,
                    -0.5709719061851501
                ],
                [
                    -0.14225856959819794,
                    -0.09215350449085236,
                    0.9855303764343262,
                    3.9728002548217773
                ],
                [
                    9.313225746154785e-10,
                    0.9956566691398621,
                    0.09310038387775421,
                    0.37529969215393066
                ],
                [
                    0.0,
                    0.0,
                    0.0,
                    1.0
                ]
            ]
        },
        {
            "file_path": "/data/shapenet_blender/all_50_random/02958343/215da971831129bf63ee8a34069b7c5/r_24",
            "rotation": 0.12566370614359174,
            "transform_matrix": [
                [
                    0.3188241124153137,
                    0.9247145652770996,
                    0.20797576010227203,
                    0.8383771181106567
                ],
                [
                    0.9478139281272888,
                    -0.3110540211200714,
                    -0.06995855271816254,
                    -0.2820119559764862
                ],
                [
                    0.0,
                    0.21942666172981262,
                    -0.9756289720535278,
                    -3.9328861236572266
                ],
                [
                    0.0,
                    0.0,
                    0.0,
                    1.0
                ]
            ]
        },
        {
            "file_path": "/data/shapenet_blender/all_50_random/02958343/215da971831129bf63ee8a34069b7c5/r_25",
            "rotation": 0.12566370614359174,
            "transform_matrix": [
                [
                    0.5706554055213928,
                    -0.08075209707021713,
                    0.8172096014022827,
                    3.2942771911621094
                ],
                [
                    0.8211897611618042,
                    0.056115683168172836,
                    -0.5678895711898804,
                    -2.289236068725586
                ],
                [
                    0.0,
                    0.9951532483100891,
                    0.09833551198244095,
                    0.39640313386917114
                ],
                [
                    0.0,
                    0.0,
                    0.0,
                    1.0
                ]
            ]
        },
        {
            "file_path": "/data/shapenet_blender/all_50_random/02958343/215da971831129bf63ee8a34069b7c5/r_26",
            "rotation": 0.12566370614359174,
            "transform_matrix": [
                [
                    0.2779552638530731,
                    -0.18944032490253448,
                    0.9417288303375244,
                    3.7962303161621094
                ],
                [
                    0.9605940580368042,
                    0.05481601879000664,
                    -0.2724964916706085,
                    -1.098468542098999
                ],
                [
                    0.0,
                    0.9803609848022461,
                    0.1972116380929947,
                    0.7949855327606201
                ],
                [
                    0.0,
                    0.0,
                    0.0,
                    1.0
                ]
            ]
        },
        {
            "file_path": "/data/shapenet_blender/all_50_random/02958343/215da971831129bf63ee8a34069b7c5/r_27",
            "rotation": 0.12566370614359174,
            "transform_matrix": [
                [
                    -0.1837180256843567,
                    0.7936156392097473,
                    0.580018937587738,
                    2.3381311893463135
                ],
                [
                    0.9829789996147156,
                    0.14832615852355957,
                    0.10840509831905365,
                    0.4369949400424957
                ],
                [
                    0.0,
                    0.5900623798370361,
                    -0.8073576092720032,
                    -3.2545626163482666
                ],
                [
                    0.0,
                    0.0,
                    0.0,
                    1.0
                ]
            ]
        },
        {
            "file_path": "/data/shapenet_blender/all_50_random/02958343/215da971831129bf63ee8a34069b7c5/r_28",
            "rotation": 0.12566370614359174,
            "transform_matrix": [
                [
                    0.6735888123512268,
                    0.580854594707489,
                    -0.45704060792922974,
                    -1.8423895835876465
                ],
                [
                    -0.739106297492981,
                    0.5293651819229126,
                    -0.41652658581733704,
                    -1.679072380065918
                ],
                [
                    0.0,
                    0.6183692216873169,
                    0.7858877182006836,
                    3.1680147647857666
                ],
                [
                    0.0,
                    0.0,
                    0.0,
                    1.0
                ]
            ]
        },
        {
            "file_path": "/data/shapenet_blender/all_50_random/02958343/215da971831129bf63ee8a34069b7c5/r_29",
            "rotation": 0.12566370614359174,
            "transform_matrix": [
                [
                    0.5610036849975586,
                    0.6424275040626526,
                    0.5220744609832764,
                    2.1045494079589844
                ],
                [
                    0.8278133869171143,
                    -0.43536892533302307,
                    -0.3538064658641815,
                    -1.4262394905090332
                ],
                [
                    -1.4901162970204496e-08,
                    0.6306669116020203,
                    -0.7760536074638367,
                    -3.1283721923828125
                ],
                [
                    0.0,
                    0.0,
                    0.0,
                    1.0
                ]
            ]
        },
        {
            "file_path": "/data/shapenet_blender/all_50_random/02958343/215da971831129bf63ee8a34069b7c5/r_30",
            "rotation": 0.12566370614359174,
            "transform_matrix": [
                [
                    -0.34087517857551575,
                    -0.3185631334781647,
                    -0.8844894766807556,
                    -3.565491199493408
                ],
                [
                    -0.9401086568832397,
                    0.11550820618867874,
                    0.32070815563201904,
                    1.292815923690796
                ],
                [
                    0.0,
                    0.9408376216888428,
                    -0.3388577997684479,
                    -1.3659794330596924
                ],
                [
                    0.0,
                    0.0,
                    0.0,
                    1.0
                ]
            ]
        },
        {
            "file_path": "/data/shapenet_blender/all_50_random/02958343/215da971831129bf63ee8a34069b7c5/r_31",
            "rotation": 0.12566370614359174,
            "transform_matrix": [
                [
                    0.6140856146812439,
                    -0.4981948435306549,
                    -0.6121280193328857,
                    -2.467566967010498
                ],
                [
                    -0.7892395257949829,
                    -0.38763177394866943,
                    -0.4762800633907318,
                    -1.919946312904358
                ],
                [
                    -1.4901162970204496e-08,
                    0.7755922079086304,
                    -0.6312341690063477,
                    -2.544586420059204
                ],
                [
                    0.0,
                    0.0,
                    0.0,
                    1.0
                ]
            ]
        },
        {
            "file_path": "/data/shapenet_blender/all_50_random/02958343/215da971831129bf63ee8a34069b7c5/r_32",
            "rotation": 0.12566370614359174,
            "transform_matrix": [
                [
                    0.3517738878726959,
                    0.09972827881574631,
                    0.9307574033737183,
                    3.7520031929016113
                ],
                [
                    0.936085045337677,
                    -0.037477150559425354,
                    -0.34977179765701294,
                    -1.4099751710891724
                ],
                [
                    -3.725290298461914e-09,
                    0.9943086504936218,
                    -0.10653762519359589,
                    -0.4294669032096863
                ],
                [
                    0.0,
                    0.0,
                    0.0,
                    1.0
                ]
            ]
        },
        {
            "file_path": "/data/shapenet_blender/all_50_random/02958343/215da971831129bf63ee8a34069b7c5/r_33",
            "rotation": 0.12566370614359174,
            "transform_matrix": [
                [
                    -0.8637171983718872,
                    0.008091634139418602,
                    -0.5039117932319641,
                    -2.0313334465026855
                ],
                [
                    -0.5039768218994141,
                    -0.013867470435798168,
                    0.8636058568954468,
                    3.481306552886963
                ],
                [
                    9.313225746154785e-10,
                    0.9998710751533508,
                    0.01605556719005108,
                    0.06472206115722656
                ],
                [
                    0.0,
                    0.0,
                    0.0,
                    1.0
                ]
            ]
        },
        {
            "file_path": "/data/shapenet_blender/all_50_random/02958343/215da971831129bf63ee8a34069b7c5/r_34",
            "rotation": 0.12566370614359174,
            "transform_matrix": [
                [
                    -0.386005699634552,
                    0.6764373183250427,
                    0.6272417306900024,
                    2.528491973876953
                ],
                [
                    0.9224963784217834,
                    0.2830457389354706,
                    0.26246052980422974,
                    1.0580121278762817
                ],
                [
                    0.0,
                    0.6799392700195312,
                    -0.7332683205604553,
                    -2.9558987617492676
                ],
                [
                    0.0,
                    0.0,
                    0.0,
                    1.0
                ]
            ]
        },
        {
            "file_path": "/data/shapenet_blender/all_50_random/02958343/215da971831129bf63ee8a34069b7c5/r_35",
            "rotation": 0.12566370614359174,
            "transform_matrix": [
                [
                    0.9999831318855286,
                    -0.0030051684007048607,
                    0.0049811904318630695,
                    0.020079821348190308
                ],
                [
                    0.00581749901175499,
                    0.516565203666687,
                    -0.8562281131744385,
                    -3.451565980911255
                ],
                [
                    0.0,
                    0.8562425374984741,
                    0.516573965549469,
                    2.08237624168396
                ],
                [
                    0.0,
                    0.0,
                    0.0,
                    1.0
                ]
            ]
        },
        {
            "file_path": "/data/shapenet_blender/all_50_random/02958343/215da971831129bf63ee8a34069b7c5/r_36",
            "rotation": 0.12566370614359174,
            "transform_matrix": [
                [
                    -0.07423990219831467,
                    -0.6502574682235718,
                    -0.7560777068138123,
                    -3.047846794128418
                ],
                [
                    -0.9972404837608337,
                    0.0484086349606514,
                    0.05628645420074463,
                    0.2268979549407959
                ],
                [
                    3.725290742551124e-09,
                    0.7581698894500732,
                    -0.6520569920539856,
                    -2.628525733947754
                ],
                [
                    0.0,
                    0.0,
                    0.0,
                    1.0
                ]
            ]
        },
        {
            "file_path": "/data/shapenet_blender/all_50_random/02958343/215da971831129bf63ee8a34069b7c5/r_37",
            "rotation": 0.12566370614359174,
            "transform_matrix": [
                [
                    0.5881072282791138,
                    0.21811774373054504,
                    0.7788159847259521,
                    3.13950777053833
                ],
                [
                    0.8087828755378723,
                    -0.15860453248023987,
                    -0.5663168430328369,
                    -2.2828962802886963
                ],
                [
                    -7.450580596923828e-09,
                    0.9629481434822083,
                    -0.26968637108802795,
                    -1.0871405601501465
                ],
                [
                    0.0,
                    0.0,
                    0.0,
                    1.0
                ]
            ]
        },
        {
            "file_path": "/data/shapenet_blender/all_50_random/02958343/215da971831129bf63ee8a34069b7c5/r_38",
            "rotation": 0.12566370614359174,
            "transform_matrix": [
                [
                    -0.4150327444076538,
                    0.8219132423400879,
                    0.3901363015174866,
                    1.5726897716522217
                ],
                [
                    0.909806489944458,
                    0.37493786215782166,
                    0.17797118425369263,
                    0.7174248099327087
                ],
                [
                    0.0,
                    0.4288124144077301,
                    -0.9033935070037842,
                    -3.641695737838745
                ],
                [
                    0.0,
                    0.0,
                    0.0,
                    1.0
                ]
            ]
        },
        {
            "file_path": "/data/shapenet_blender/all_50_random/02958343/215da971831129bf63ee8a34069b7c5/r_39",
            "rotation": 0.12566370614359174,
            "transform_matrix": [
                [
                    0.8708558082580566,
                    0.44573891162872314,
                    -0.20718827843666077,
                    -0.8352027535438538
                ],
                [
                    -0.4915386140346527,
                    0.7897127866744995,
                    -0.3670741319656372,
                    -1.479723334312439
                ],
                [
                    0.0,
                    0.42150962352752686,
                    0.9068238139152527,
                    3.6555240154266357
                ],
                [
                    0.0,
                    0.0,
                    0.0,
                    1.0
                ]
            ]
        },
        {
            "file_path": "/data/shapenet_blender/all_50_random/02958343/215da971831129bf63ee8a34069b7c5/r_40",
            "rotation": 0.12566370614359174,
            "transform_matrix": [
                [
                    -0.9999662041664124,
                    -0.006650529336184263,
                    -0.004818661604076624,
                    -0.019424647092819214
                ],
                [
                    -0.008212735876441002,
                    0.8097550272941589,
                    0.586710512638092,
                    2.365105628967285
                ],
                [
                    0.0,
                    0.5867303013801575,
                    -0.8097823858261108,
                    -3.2643373012542725
                ],
                [
                    0.0,
                    0.0,
                    0.0,
                    1.0
                ]
            ]
        },
        {
            "file_path": "/data/shapenet_blender/all_50_random/02958343/215da971831129bf63ee8a34069b7c5/r_41",
            "rotation": 0.12566370614359174,
            "transform_matrix": [
                [
                    -0.14292475581169128,
                    0.16839845478534698,
                    0.9753021597862244,
                    3.9315690994262695
                ],
                [
                    0.9897335767745972,
                    0.024317966774106026,
                    0.14084073901176453,
                    0.5677472352981567
                ],
                [
                    0.0,
                    0.9854188561439514,
                    -0.17014525830745697,
                    -0.6858775615692139
                ],
