{
    "class": "02958343",
    "model": "97bcc7a1f73bfba93e5399147a5b4763",
    "remove_doubles": true,
    "edge_split": true,
    "denoise": true,
    "camera_angle_x": 0.6911112070083618,
    "scale_factor": 2.2640492181796343,
    "hdri_file": "/data/IndoorHDRDataset2018/AG8A9522-19935f6f62.exr",
    "center_offset": [
        0.0,
        3.725290298461914e-09,
        3.725290298461914e-09
    ],
    "lights": [],
    "frames": [
        {
            "file_path": "/data/shapenet_blender/all_50_random/02958343/97bcc7a1f73bfba93e5399147a5b4763/r_0",
            "rotation": 0.12566370614359174,
            "transform_matrix": [
                [
                    0.7084479928016663,
                    -0.43896007537841797,
                    0.5526440739631653,
                    2.2277793884277344
                ],
                [
                    0.705763041973114,
                    0.4406300187110901,
                    -0.5547465085983276,
                    -2.2362546920776367
                ],
                [
                    0.0,
                    0.7830447554588318,
                    0.6219652891159058,
                    2.5072221755981445
                ],
                [
                    0.0,
                    0.0,
                    0.0,
                    1.0
                ]
            ]
        },
        {
            "file_path": "/data/shapenet_blender/all_50_random/02958343/97bcc7a1f73bfba93e5399147a5b4763/r_1",
            "rotation": 0.12566370614359174,
            "transform_matrix": [
                [
                    -0.912675678730011,
                    0.04251033440232277,
                    -0.40646764636039734,
                    -1.6385234594345093
                ],
                [
                    -0.4086845815181732,
                    -0.09493421763181686,
                    0.9077248573303223,
                    3.65915584564209
                ],
                [
                    -3.725290298461914e-09,
                    0.9945754408836365,
                    0.104017473757267,
                    0.4193078577518463
                ],
                [
                    0.0,
                    0.0,
                    0.0,
                    1.0
                ]
            ]
        },
        {
            "file_path": "/data/shapenet_blender/all_50_random/02958343/97bcc7a1f73bfba93e5399147a5b4763/r_2",
            "rotation": 0.12566370614359174,
            "transform_matrix": [
                [
                    -0.3292287290096283,
                    -0.07700613141059875,
                    -0.9411048293113708,
                    -3.793715238571167
                ],
                [
                    -0.9442502856254578,
                    0.02684948407113552,
                    0.3281320333480835,
                    1.3227427005767822
                ],
                [
                    0.0,
                    0.9966690540313721,
                    -0.0815526619553566,
                    -0.32874932885169983
                ],
                [
                    0.0,
                    0.0,
                    0.0,
                    1.0
                ]
            ]
        },
        {
            "file_path": "/data/shapenet_blender/all_50_random/02958343/97bcc7a1f73bfba93e5399147a5b4763/r_3",
            "rotation": 0.12566370614359174,
            "transform_matrix": [
                [
                    0.930985689163208,
                    -0.09237832576036453,
                    0.3531739115715027,
                    1.423689365386963
                ],
                [
                    0.36505553126335144,
                    0.23558855056762695,
                    -0.9006845355033875,
                    -3.630774974822998
                ],
                [
                    0.0,
                    0.9674524068832397,
                    0.25305286049842834,
                    1.02008855342865
                ],
                [
                    0.0,
                    0.0,
                    0.0,
                    1.0
                ]
            ]
        },
        {
            "file_path": "/data/shapenet_blender/all_50_random/02958343/97bcc7a1f73bfba93e5399147a5b4763/r_4",
            "rotation": 0.12566370614359174,
            "transform_matrix": [
                [
                    -0.009718639776110649,
                    -0.33004292845726013,
                    -0.9439157843589783,
                    -3.805046558380127
                ],
                [
                    -0.9999527335166931,
                    0.003207720350474119,
                    0.009174011647701263,
                    0.036981627345085144
                ],
                [
                    2.3283064365386963e-10,
                    0.943960428237915,
                    -0.3300584852695465,
                    -1.3305084705352783
                ],
                [
                    0.0,
                    0.0,
                    0.0,
                    1.0
                ]
            ]
        },
        {
            "file_path": "/data/shapenet_blender/all_50_random/02958343/97bcc7a1f73bfba93e5399147a5b4763/r_5",
            "rotation": 0.12566370614359174,
            "transform_matrix": [
                [
                    0.9515288472175598,
                    0.21621647477149963,
                    -0.21873120963573456,
                    -0.8817337155342102
                ],
                [
                    -0.307559609413147,
                    0.6689311861991882,
                    -0.6767113208770752,
                    -2.7279105186462402
                ],
                [
                    -1.4901161193847656e-08,
                    0.7111831903457642,
                    0.7030067443847656,
                    2.8339109420776367
                ],
                [
                    0.0,
                    0.0,
                    0.0,
                    1.0
                ]
            ]
        },
        {
            "file_path": "/data/shapenet_blender/all_50_random/02958343/97bcc7a1f73bfba93e5399147a5b4763/r_6",
            "rotation": 0.12566370614359174,
            "transform_matrix": [
                [
                    -0.3337753117084503,
                    -0.7697769999504089,
                    0.544093132019043,
                    2.1933095455169678
                ],
                [
                    0.9426526427268982,
                    -0.2725633382797241,
                    0.19265300035476685,
                    0.7766090631484985
                ],
                [
                    0.0,
                    0.5771937370300293,
                    0.8166072368621826,
                    3.291849136352539
                ],
                [
                    0.0,
                    0.0,
                    0.0,
                    1.0
                ]
            ]
        },
        {
            "file_path": "/data/shapenet_blender/all_50_random/02958343/97bcc7a1f73bfba93e5399147a5b4763/r_7",
            "rotation": 0.12566370614359174,
            "transform_matrix": [
                [
                    0.27426576614379883,
                    -0.45842719078063965,
                    0.8453536033630371,
                    3.407729387283325
                ],
                [
                    0.961654007434845,
                    0.13074441254138947,
                    -0.2410966455936432,
                    -0.9718916416168213
                ],
                [
                    0.0,
                    0.8790621757507324,
                    0.4767070412635803,
                    1.9216675758361816
                ],
                [
                    0.0,
                    0.0,
                    0.0,
                    1.0
                ]
            ]
        },
        {
            "file_path": "/data/shapenet_blender/all_50_random/02958343/97bcc7a1f73bfba93e5399147a5b4763/r_8",
            "rotation": 0.12566370614359174,
            "transform_matrix": [
                [
                    0.9480904340744019,
                    0.08777821809053421,
                    0.30564630031585693,
                    1.2320995330810547
                ],
                [
                    0.31800106167793274,
                    -0.2617025375366211,
                    -0.9112558364868164,
                    -3.673389434814453
                ],
                [
                    0.0,
                    0.9611486792564392,
                    -0.2760312557220459,
                    -1.1127173900604248
                ],
                [
                    0.0,
                    0.0,
                    0.0,
                    1.0
                ]
            ]
        },
        {
            "file_path": "/data/shapenet_blender/all_50_random/02958343/97bcc7a1f73bfba93e5399147a5b4763/r_9",
            "rotation": 0.12566370614359174,
            "transform_matrix": [
                [
                    0.681692361831665,
                    -0.26755818724632263,
                    0.6809611320495605,
                    2.745042085647583
                ],
                [
                    0.7316389083862305,
                    0.24929289519786835,
                    -0.6344742178916931,
                    -2.557647466659546
                ],
                [
                    1.4901161193847656e-08,
                    0.9307339191436768,
                    0.36569705605506897,
                    1.4741719961166382
                ],
                [
                    0.0,
                    0.0,
                    0.0,
                    1.0
                ]
            ]
        },
        {
            "file_path": "/data/shapenet_blender/all_50_random/02958343/97bcc7a1f73bfba93e5399147a5b4763/r_10",
            "rotation": 0.12566370614359174,
            "transform_matrix": [
                [
                    0.5100077390670776,
                    -0.7135270237922668,
                    0.48038655519485474,
                    1.9365001916885376
                ],
                [
                    0.8601697683334351,
                    0.4230610728263855,
                    -0.2848285138607025,
                    -1.1481804847717285
                ],
                [
                    -1.4901159417490817e-08,
                    0.5584786534309387,
                    0.8295188546180725,
                    3.3438973426818848
                ],
                [
                    0.0,
                    0.0,
                    0.0,
                    1.0
                ]
            ]
        },
        {
            "file_path": "/data/shapenet_blender/all_50_random/02958343/97bcc7a1f73bfba93e5399147a5b4763/r_11",
            "rotation": 0.12566370614359174,
            "transform_matrix": [
                [
                    -0.3538075387477875,
                    -0.31025391817092896,
                    0.8823620080947876,
                    3.556915044784546
                ],
                [
                    0.9353183507919312,
                    -0.11736129969358444,
                    0.33377549052238464,
                    1.3454920053482056
                ],
                [
                    -7.450581485102248e-09,
                    0.9433815479278564,
                    0.33170947432518005,
                    1.3371636867523193
                ],
                [
                    0.0,
                    0.0,
                    0.0,
                    1.0
                ]
            ]
        },
        {
            "file_path": "/data/shapenet_blender/all_50_random/02958343/97bcc7a1f73bfba93e5399147a5b4763/r_12",
            "rotation": 0.12566370614359174,
            "transform_matrix": [
                [
                    0.33253613114356995,
                    -0.13283619284629822,
                    -0.9336885213851929,
                    -3.7638187408447266
                ],
                [
                    -0.9430904388427734,
                    -0.046838387846946716,
                    -0.3292210102081299,
                    -1.3271323442459106
                ],
                [
                    3.725290076417309e-09,
                    0.9900305867195129,
                    -0.14085201919078827,
                    -0.5677926540374756
                ],
                [
                    0.0,
                    0.0,
                    0.0,
                    1.0
                ]
            ]
        },
        {
            "file_path": "/data/shapenet_blender/all_50_random/02958343/97bcc7a1f73bfba93e5399147a5b4763/r_13",
            "rotation": 0.12566370614359174,
            "transform_matrix": [
                [
                    0.9292453527450562,
                    -0.17827841639518738,
                    0.3236044943332672,
                    1.304491400718689
                ],
                [
                    0.3694632351398468,
                    0.4483921229839325,
                    -0.8139050602912903,
                    -3.2809560298919678
                ],
                [
                    0.0,
                    0.8758773803710938,
                    0.48253363370895386,
                    1.945155143737793
                ],
                [
                    0.0,
                    0.0,
                    0.0,
                    1.0
                ]
            ]
        },
        {
            "file_path": "/data/shapenet_blender/all_50_random/02958343/97bcc7a1f73bfba93e5399147a5b4763/r_14",
            "rotation": 0.12566370614359174,
            "transform_matrix": [
                [
                    0.5610805153846741,
                    -0.37942877411842346,
                    -0.7356782555580139,
                    -2.965613603591919
                ],
                [
                    -0.827761173248291,
                    -0.2571878135204315,
                    -0.4986640512943268,
                    -2.010178804397583
                ],
                [
                    0.0,
                    0.8887565732002258,
                    -0.4583795964717865,
                    -1.8477870225906372
                ],
                [
                    0.0,
                    0.0,
                    0.0,
                    1.0
                ]
            ]
        },
        {
            "file_path": "/data/shapenet_blender/all_50_random/02958343/97bcc7a1f73bfba93e5399147a5b4763/r_15",
            "rotation": 0.12566370614359174,
            "transform_matrix": [
                [
                    -0.6393448114395142,
                    -0.38893648982048035,
                    0.6632996797561646,
                    2.67384672164917
                ],
                [
                    0.7689200639724731,
                    -0.3233945369720459,
                    0.5515231490135193,
                    2.2232611179351807
                ],
                [
                    1.4901160305669237e-08,
                    0.8626378774642944,
                    0.5058217644691467,
                    2.0390329360961914
                ],
                [
                    0.0,
                    0.0,
                    0.0,
                    1.0
                ]
            ]
        },
        {
            "file_path": "/data/shapenet_blender/all_50_random/02958343/97bcc7a1f73bfba93e5399147a5b4763/r_16",
            "rotation": 0.12566370614359174,
            "transform_matrix": [
                [
                    -0.8134472370147705,
                    0.23969461023807526,
                    -0.529952883720398,
                    -2.136308431625366
                ],
                [
                    -0.5816386938095093,
                    -0.3352234363555908,
                    0.7411623597145081,
                    2.9877209663391113
                ],
                [
                    -1.4901161193847656e-08,
                    0.9111375212669373,
                    0.41210228204727173,
                    1.6612374782562256
                ],
                [
                    0.0,
                    0.0,
                    0.0,
                    1.0
                ]
            ]
        },
        {
            "file_path": "/data/shapenet_blender/all_50_random/02958343/97bcc7a1f73bfba93e5399147a5b4763/r_17",
            "rotation": 0.12566370614359174,
            "transform_matrix": [
                [
                    -0.9044972062110901,
                    0.012162122875452042,
                    -0.42630621790885925,
                    -1.7184953689575195
                ],
                [
                    -0.4264797270298004,
                    -0.025793975219130516,
                    0.9041292667388916,
                    3.6446616649627686
                ],
                [
                    -9.31322685637781e-10,
                    0.999593198299408,
                    0.028517477214336395,
                    0.11495763063430786
                ],
                [
                    0.0,
                    0.0,
                    0.0,
                    1.0
                ]
            ]
        },
        {
            "file_path": "/data/shapenet_blender/all_50_random/02958343/97bcc7a1f73bfba93e5399147a5b4763/r_18",
            "rotation": 0.12566370614359174,
            "transform_matrix": [
                [
                    -0.5586159229278564,
                    0.6301133036613464,
                    -0.5393564701080322,
                    -2.17421555519104
                ],
                [
                    -0.8294263482093811,
                    -0.42437925934791565,
                    0.3632548153400421,
                    1.4643269777297974
                ],
                [
                    -1.4901160305669237e-08,
                    0.6502764821052551,
                    0.7596976161003113,
                    3.06243896484375
                ],
                [
                    0.0,
                    0.0,
                    0.0,
                    1.0
                ]
            ]
        },
        {
            "file_path": "/data/shapenet_blender/all_50_random/02958343/97bcc7a1f73bfba93e5399147a5b4763/r_19",
            "rotation": 0.12566370614359174,
            "transform_matrix": [
                [
                    -0.978027880191803,
                    -0.11730657517910004,
                    -0.1723385453224182,
                    -0.6947189569473267
                ],
                [
                    -0.20847401022911072,
                    0.5503281354904175,
                    0.8085032105445862,
                    3.259181022644043
                ],
                [
                    1.4901161193847656e-08,
                    0.8266668915748596,
                    -0.5626915097236633,
                    -2.268282175064087
                ],
                [
                    0.0,
                    0.0,
                    0.0,
                    1.0
                ]
            ]
        },
        {
            "file_path": "/data/shapenet_blender/all_50_random/02958343/97bcc7a1f73bfba93e5399147a5b4763/r_20",
            "rotation": 0.12566370614359174,
            "transform_matrix": [
                [
                    0.20734894275665283,
                    0.6726245284080505,
                    -0.7103398442268372,
                    -2.863471508026123
                ],
                [
                    -0.9782670736312866,
                    0.14256636798381805,
                    -0.15056033432483673,
                    -0.6069281101226807
                ],
                [
                    -7.450580596923828e-09,
                    0.7261204719543457,
                    0.687567412853241,
                    2.7716729640960693
                ],
                [
                    0.0,
                    0.0,
                    0.0,
                    1.0
                ]
            ]
        },
        {
            "file_path": "/data/shapenet_blender/all_50_random/02958343/97bcc7a1f73bfba93e5399147a5b4763/r_21",
            "rotation": 0.12566370614359174,
            "transform_matrix": [
                [
                    -0.8666315674781799,
                    0.010195317678153515,
                    -0.4988444149494171,
                    -2.0109059810638428
                ],
                [
                    -0.4989485442638397,
                    -0.01770840585231781,
                    0.8664506673812866,
                    3.492774248123169
                ],
                [
                    9.313224080820248e-10,
                    0.9997912645339966,
                    0.02043360471725464,
                    0.08237048983573914
                ],
                [
                    0.0,
                    0.0,
                    0.0,
                    1.0
                ]
            ]
        },
        {
            "file_path": "/data/shapenet_blender/all_50_random/02958343/97bcc7a1f73bfba93e5399147a5b4763/r_22",
            "rotation": 0.12566370614359174,
            "transform_matrix": [
                [
                    0.44055530428886414,
                    0.11491905897855759,
                    -0.8903396129608154,
                    -3.589073896408081
                ],
                [
                    -0.897725522518158,
                    0.05639607831835747,
                    -0.43693068623542786,
                    -1.7613239288330078
                ],
                [
                    0.0,
                    0.9917727708816528,
                    0.12801134586334229,
                    0.5160302519798279
                ],
                [
                    0.0,
                    0.0,
                    0.0,
                    1.0
                ]
            ]
        },
        {
            "file_path": "/data/shapenet_blender/all_50_random/02958343/97bcc7a1f73bfba93e5399147a5b4763/r_23",
            "rotation": 0.12566370614359174,
            "transform_matrix": [
                [
                    -0.8276117444038391,
                    -0.18046589195728302,
                    -0.5314984917640686,
                    -2.1425392627716064
                ],
                [
                    -0.5613008141517639,
                    0.2660885155200958,
                    0.783669650554657,
                    3.1590735912323
                ],
                [
                    0.0,
                    0.9469048976898193,
                    -0.3215136229991913,
                    -1.29606294631958
                ],
                [
                    0.0,
                    0.0,
                    0.0,
                    1.0
                ]
            ]
        },
        {
            "file_path": "/data/shapenet_blender/all_50_random/02958343/97bcc7a1f73bfba93e5399147a5b4763/r_24",
            "rotation": 0.12566370614359174,
            "transform_matrix": [
                [
                    0.07765243202447891,
                    -0.5798842310905457,
                    0.8109896779060364,
                    3.2692039012908936
                ],
                [
                    0.9969805479049683,
                    0.04516580328345299,
                    -0.0631660521030426,
                    -0.25463050603866577
                ],
                [
                    0.0,
                    0.8134457468986511,
                    0.5816406011581421,
                    2.34466814994812
                ],
                [
                    0.0,
                    0.0,
                    0.0,
                    1.0
                ]
            ]
        },
        {
            "file_path": "/data/shapenet_blender/all_50_random/02958343/97bcc7a1f73bfba93e5399147a5b4763/r_25",
            "rotation": 0.12566370614359174,
            "transform_matrix": [
                [
                    -0.4640423059463501,
                    -0.5875122547149658,
                    0.6629434823989868,
                    2.6724109649658203
                ],
                [
                    0.8858131170272827,
                    -0.30777430534362793,
                    0.3472897410392761,
                    1.3999698162078857
                ],
                [
                    -1.4901162970204496e-08,
                    0.7484011650085449,
                    0.663246214389801,
                    2.673631191253662
                ],
                [
                    0.0,
                    0.0,
                    0.0,
                    1.0
                ]
            ]
        },
        {
            "file_path": "/data/shapenet_blender/all_50_random/02958343/97bcc7a1f73bfba93e5399147a5b4763/r_26",
            "rotation": 0.12566370614359174,
            "transform_matrix": [
                [
                    -0.9906294941902161,
                    -0.05697941780090332,
                    -0.12412270158529282,
                    -0.5003546476364136
                ],
                [
                    -0.1365763396024704,
                    0.4132889211177826,
                    0.9002994298934937,
                    3.629223346710205
                ],
                [
                    0.0,
                    0.9088155031204224,
                    -0.4171982407569885,
                    -1.6817799806594849
                ],
                [
                    0.0,
                    0.0,
                    0.0,
                    1.0
                ]
            ]
        },
        {
            "file_path": "/data/shapenet_blender/all_50_random/02958343/97bcc7a1f73bfba93e5399147a5b4763/r_27",
            "rotation": 0.12566370614359174,
            "transform_matrix": [
                [
                    -0.9995161294937134,
                    0.016643131151795387,
                    0.02627710998058319,
                    0.10592642426490784
                ],
                [
                    0.031104350462555885,
                    0.5348151922225952,
                    0.8443962335586548,
                    3.4038703441619873
                ],
                [
                    -9.313225746154785e-10,
                    0.8448050022125244,
                    -0.5350741147994995,
                    -2.1569530963897705
                ],
                [
                    0.0,
                    0.0,
                    0.0,
                    1.0
                ]
            ]
        },
        {
            "file_path": "/data/shapenet_blender/all_50_random/02958343/97bcc7a1f73bfba93e5399147a5b4763/r_28",
            "rotation": 0.12566370614359174,
            "transform_matrix": [
                [
                    0.863920271396637,
                    0.05483735352754593,
                    0.5006342530250549,
                    2.0181214809417725
                ],
                [
                    0.503628671169281,
                    -0.0940675139427185,
                    -0.8587836623191833,
                    -3.4618678092956543
                ],
                [
                    0.0,
                    0.99405437707901,
                    -0.10888448357582092,
                    -0.43892741203308105
                ],
                [
                    0.0,
                    0.0,
                    0.0,
                    1.0
                ]
            ]
        },
        {
            "file_path": "/data/shapenet_blender/all_50_random/02958343/97bcc7a1f73bfba93e5399147a5b4763/r_29",
            "rotation": 0.12566370614359174,
            "transform_matrix": [
                [
                    -0.568841814994812,
                    -0.25981077551841736,
                    -0.7803314328193665,
                    -3.1456167697906494
                ],
                [
                    -0.822446882724762,
                    0.17969702184200287,
                    0.5397128462791443,
                    2.175652265548706
                ],
                [
                    0.0,
                    0.9487924575805664,
                    -0.3158997893333435,
                    -1.2734328508377075
                ],
                [
                    0.0,
                    0.0,
                    0.0,
                    1.0
                ]
            ]
        },
        {
            "file_path": "/data/shapenet_blender/all_50_random/02958343/97bcc7a1f73bfba93e5399147a5b4763/r_30",
            "rotation": 0.12566370614359174,
            "transform_matrix": [
                [
                    0.45689553022384644,
                    0.18631654977798462,
                    -0.8697887659072876,
                    -3.5062308311462402
                ],
                [
                    -0.8895202875137329,
                    0.09570012241601944,
                    -0.4467605650424957,
                    -1.8009495735168457
                ],
                [
                    7.450580152834618e-09,
                    0.977817714214325,
                    0.20945732295513153,
                    0.8443495631217957
                ],
                [
                    0.0,
                    0.0,
                    0.0,
                    1.0
                ]
            ]
        },
        {
            "file_path": "/data/shapenet_blender/all_50_random/02958343/97bcc7a1f73bfba93e5399147a5b4763/r_31",
            "rotation": 0.12566370614359174,
            "transform_matrix": [
                [
                    0.6227428913116455,
                    0.16353930532932281,
                    0.7651445865631104,
                    3.0843961238861084
                ],
                [
                    0.7824265360832214,
                    -0.13016295433044434,
                    -0.6089879870414734,
                    -2.454908847808838
                ],
                [
                    7.450580596923828e-09,
                    0.9779123067855835,
                    -0.20901556313037872,
                    -0.842568576335907
                ],
                [
                    0.0,
                    0.0,
                    0.0,
                    1.0
                ]
            ]
        },
        {
            "file_path": "/data/shapenet_blender/all_50_random/02958343/97bcc7a1f73bfba93e5399147a5b4763/r_32",
            "rotation": 0.12566370614359174,
            "transform_matrix": [
                [
                    0.6260051727294922,
                    -0.7678210735321045,
                    0.1362655907869339,
                    0.549304187297821
                ],
                [
                    0.7798190116882324,
                    0.6163737773895264,
                    -0.10938815772533417,
                    -0.4409577548503876
                ],
                [
                    -7.450581485102248e-09,
                    0.17474007606506348,
                    0.9846146106719971,
                    3.9691083431243896
                ],
                [
                    0.0,
                    0.0,
                    0.0,
                    1.0
                ]
            ]
        },
        {
            "file_path": "/data/shapenet_blender/all_50_random/02958343/97bcc7a1f73bfba93e5399147a5b4763/r_33",
            "rotation": 0.12566370614359174,
            "transform_matrix": [
                [
                    -0.6414323449134827,
                    -0.18540623784065247,
                    0.744438648223877,
                    3.0009284019470215
                ],
                [
                    0.7671796083450317,
                    -0.15501660108566284,
                    0.6224188804626465,
                    2.5090510845184326
                ],
                [
                    0.0,
                    0.9703577756881714,
                    0.241672545671463,
                    0.9742132425308228
                ],
                [
                    0.0,
                    0.0,
                    0.0,
                    1.0
                ]
            ]
        },
        {
            "file_path": "/data/shapenet_blender/all_50_random/02958343/97bcc7a1f73bfba93e5399147a5b4763/r_34",
            "rotation": 0.12566370614359174,
            "transform_matrix": [
                [
                    0.93181973695755,
                    0.09264960885047913,
                    -0.3508961796760559,
                    -1.4145078659057617
                ],
                [
                    -0.3629216253757477,
                    0.2378825694322586,
                    -0.9009437561035156,
                    -3.6318206787109375
                ],
                [
                    0.0,
                    0.9668649435043335,
                    0.25528818368911743,
                    1.029099702835083
                ],
                [
                    0.0,
                    0.0,
                    0.0,
                    1.0
                ]
            ]
        },
        {
            "file_path": "/data/shapenet_blender/all_50_random/02958343/97bcc7a1f73bfba93e5399147a5b4763/r_35",
            "rotation": 0.12566370614359174,
            "transform_matrix": [
                [
                    -0.9814475774765015,
                    0.14502546191215515,
                    0.1254124492406845,
                    0.5055537819862366
                ],
                [
                    0.19173070788383484,
                    0.742368757724762,
                    0.6419719457626343,
                    2.587871789932251
                ],
                [
                    -7.450580596923828e-09,
                    0.6541072130203247,
                    -0.7564018368721008,
                    -3.0491533279418945
                ],
                [
                    0.0,
                    0.0,
                    0.0,
                    1.0
                ]
            ]
        },
        {
            "file_path": "/data/shapenet_blender/all_50_random/02958343/97bcc7a1f73bfba93e5399147a5b4763/r_36",
            "rotation": 0.12566370614359174,
            "transform_matrix": [
                [
                    -0.7962111234664917,
                    0.43824881315231323,
                    0.41711604595184326,
                    1.6814486980438232
                ],
                [
                    0.6050188541412354,
                    0.5767399072647095,
                    0.54892897605896,
                    2.212803840637207
                ],
                [
                    1.4901161193847656e-08,
                    0.6894264817237854,
                    -0.7243555188179016,
                    -2.919970750808716
                ],
                [
                    0.0,
                    0.0,
                    0.0,
                    1.0
                ]
            ]
        },
        {
            "file_path": "/data/shapenet_blender/all_50_random/02958343/97bcc7a1f73bfba93e5399147a5b4763/r_37",
            "rotation": 0.12566370614359174,
            "transform_matrix": [
                [
                    0.860185980796814,
                    -0.026363465934991837,
                    -0.5092987418174744,
                    -2.053048849105835
                ],
                [
                    -0.5099806785583496,
                    -0.044467344880104065,
                    -0.8590357899665833,
                    -3.462883949279785
                ],
                [
                    -1.862645371275562e-09,
                    0.9986628890037537,
                    -0.051695045083761215,
                    -0.20838938653469086
                ],
                [
                    0.0,
                    0.0,
                    0.0,
                    1.0
                ]
            ]
        },
        {
            "file_path": "/data/shapenet_blender/all_50_random/02958343/97bcc7a1f73bfba93e5399147a5b4763/r_38",
            "rotation": 0.12566370614359174,
            "transform_matrix": [
                [
                    0.9986966848373413,
                    0.04859976842999458,
                    0.015588992275297642,
                    0.06284123659133911
                ],
                [
                    0.05103875696659088,
                    -0.9509720206260681,
                    -0.305036336183548,
                    -1.2296408414840698
                ],
                [
                    9.313225746154785e-10,
                    0.3054344654083252,
                    -0.9522131085395813,
                    -3.838493824005127
                ],
                [
                    0.0,
                    0.0,
                    0.0,
                    1.0
                ]
            ]
        },
        {
            "file_path": "/data/shapenet_blender/all_50_random/02958343/97bcc7a1f73bfba93e5399147a5b4763/r_39",
            "rotation": 0.12566370614359174,
            "transform_matrix": [
                [
                    -0.6079447269439697,
                    -0.013217473402619362,
                    0.7938693165779114,
                    3.2001895904541016
                ],
                [
                    0.7939794063568115,
                    -0.010120531544089317,
                    0.6078604459762573,
                    2.450363874435425
                ],
                [
                    0.0,
                    0.999861478805542,
                    0.01664712280035019,
                    0.0671067014336586
                ],
                [
                    0.0,
                    0.0,
                    0.0,
                    1.0
                ]
            ]
        },
        {
            "file_path": "/data/shapenet_blender/all_50_random/02958343/97bcc7a1f73bfba93e5399147a5b4763/r_40",
            "rotation": 0.12566370614359174,
            "transform_matrix": [
                [
                    0.7126278877258301,
                    0.13645921647548676,
                    -0.688142716884613,
                    -2.773991823196411
                ],
                [
                    -0.7015422582626343,
                    0.13861551880836487,
                    -0.6990166306495667,
                    -2.81782603263855
                ],
                [
                    0.0,
                    0.9808998107910156,
                    0.1945132315158844,
                    0.7841078639030457
                ],
                [
                    0.0,
                    0.0,
                    0.0,
                    1.0
                ]
            ]
        },
        {
            "file_path": "/data/shapenet_blender/all_50_random/02958343/97bcc7a1f73bfba93e5399147a5b4763/r_41",
            "rotation": 0.12566370614359174,
            "transform_matrix": [
                [
                    -0.2973921000957489,
                    -0.32660070061683655,
                    0.8971565961837769,
                    3.616553783416748
                ],
                [
                    0.954755425453186,
                    -0.10173124819993973,
                    0.2794508934020996,
                    1.126502513885498
                ],
