{
    "class": "02958343",
    "model": "4856ef1e80d356d111f983eb293b51a",
    "remove_doubles": true,
    "edge_split": true,
    "denoise": true,
    "camera_angle_x": 0.6911112070083618,
    "scale_factor": 2.2808111845179275,
    "hdri_file": "/data/IndoorHDRDataset2018/9C4A4959-096ee1a41c.exr",
    "center_offset": [
        0.0,
        -3.725290298461914e-09,
        0.0
    ],
    "lights": [],
    "frames": [
        {
            "file_path": "/data/shapenet_blender/all_50_random/02958343/4856ef1e80d356d111f983eb293b51a/r_0",
            "rotation": 0.12566370614359174,
            "transform_matrix": [
                [
                    -0.9685357809066772,
                    -0.0940566286444664,
                    0.23041686415672302,
                    0.928840160369873
                ],
                [
                    0.24887466430664062,
                    -0.3660365045070648,
                    0.8967042565345764,
                    3.6147308349609375
                ],
                [
                    7.450581485102248e-09,
                    0.9258350729942322,
                    0.3779276907444,
                    1.5234754085540771
                ],
                [
                    0.0,
                    0.0,
                    0.0,
                    1.0
                ]
            ]
        },
        {
            "file_path": "/data/shapenet_blender/all_50_random/02958343/4856ef1e80d356d111f983eb293b51a/r_1",
            "rotation": 0.12566370614359174,
            "transform_matrix": [
                [
                    -0.9450424313545227,
                    -0.04112766683101654,
                    -0.32435089349746704,
                    -1.3075002431869507
                ],
                [
                    -0.32694801688194275,
                    0.11887940764427185,
                    0.9375354051589966,
                    3.7793262004852295
                ],
                [
                    -3.725290742551124e-09,
                    0.9920564889907837,
                    -0.12579268217086792,
                    -0.5070865154266357
                ],
                [
                    0.0,
                    0.0,
                    0.0,
                    1.0
                ]
            ]
        },
        {
            "file_path": "/data/shapenet_blender/all_50_random/02958343/4856ef1e80d356d111f983eb293b51a/r_2",
            "rotation": 0.12566370614359174,
            "transform_matrix": [
                [
                    -0.518488883972168,
                    -0.23834946751594543,
                    0.821193516254425,
                    3.3103370666503906
                ],
                [
                    0.8550843596458435,
                    -0.14452554285526276,
                    0.4979388117790222,
                    2.0072555541992188
                ],
                [
                    -7.450580596923828e-09,
                    0.9603654742240906,
                    0.27874377369880676,
                    1.1236521005630493
                ],
                [
                    0.0,
                    0.0,
                    0.0,
                    1.0
                ]
            ]
        },
        {
            "file_path": "/data/shapenet_blender/all_50_random/02958343/4856ef1e80d356d111f983eb293b51a/r_3",
            "rotation": 0.12566370614359174,
            "transform_matrix": [
                [
                    -0.9792760610580444,
                    0.02807917632162571,
                    -0.20057423412799835,
                    -0.8085405826568604
                ],
                [
                    -0.202530175447464,
                    -0.13576872646808624,
                    0.9698187112808228,
                    3.9094643592834473
                ],
                [
                    1.862645149230957e-09,
                    0.9903426170349121,
                    0.13864193856716156,
                    0.558883547782898
                ],
                [
                    0.0,
                    0.0,
                    0.0,
                    1.0
                ]
            ]
        },
        {
            "file_path": "/data/shapenet_blender/all_50_random/02958343/4856ef1e80d356d111f983eb293b51a/r_4",
            "rotation": 0.12566370614359174,
            "transform_matrix": [
                [
                    0.22584158182144165,
                    0.18778088688850403,
                    0.9558942914009094,
                    3.8533332347869873
                ],
                [
                    0.9741641283035278,
                    -0.043533455580472946,
                    -0.2216060608625412,
                    -0.8933225870132446
                ],
                [
                    0.0,
                    0.9812456369400024,
                    -0.19276104867458344,
                    -0.7770446538925171
                ],
                [
                    0.0,
                    0.0,
                    0.0,
                    1.0
                ]
            ]
        },
        {
            "file_path": "/data/shapenet_blender/all_50_random/02958343/4856ef1e80d356d111f983eb293b51a/r_5",
            "rotation": 0.12566370614359174,
            "transform_matrix": [
                [
                    0.5397071242332458,
                    0.4408823549747467,
                    -0.7171742916107178,
                    -2.891021966934204
                ],
                [
                    -0.8418529629707336,
                    0.28264716267585754,
                    -0.4597763419151306,
                    -1.8534177541732788
                ],
                [
                    0.0,
                    0.8518998026847839,
                    0.5237047672271729,
                    2.111121416091919
                ],
                [
                    0.0,
                    0.0,
                    0.0,
                    1.0
                ]
            ]
        },
        {
            "file_path": "/data/shapenet_blender/all_50_random/02958343/4856ef1e80d356d111f983eb293b51a/r_6",
            "rotation": 0.12566370614359174,
            "transform_matrix": [
                [
                    -0.9880825877189636,
                    0.100580595433712,
                    0.11651743203401566,
                    0.4696967899799347
                ],
                [
                    0.15392453968524933,
                    0.6456536054611206,
                    0.7479562759399414,
                    3.015108108520508
                ],
                [
                    -7.450580152834618e-09,
                    0.756977379322052,
                    -0.6534409523010254,
                    -2.6341047286987305
                ],
                [
                    0.0,
                    0.0,
                    0.0,
                    1.0
                ]
            ]
        },
        {
            "file_path": "/data/shapenet_blender/all_50_random/02958343/4856ef1e80d356d111f983eb293b51a/r_7",
            "rotation": 0.12566370614359174,
            "transform_matrix": [
                [
                    -0.7826169729232788,
                    0.3570251762866974,
                    -0.50994473695755,
                    -2.0556530952453613
                ],
                [
                    -0.6225035190582275,
                    -0.4488552510738373,
                    0.6411070823669434,
                    2.584385395050049
                ],
                [
                    0.0,
                    0.8191837072372437,
                    0.5735311508178711,
                    2.3119781017303467
                ],
                [
                    0.0,
                    0.0,
                    0.0,
                    1.0
                ]
            ]
        },
        {
            "file_path": "/data/shapenet_blender/all_50_random/02958343/4856ef1e80d356d111f983eb293b51a/r_8",
            "rotation": 0.12566370614359174,
            "transform_matrix": [
                [
                    0.13843010365962982,
                    0.008329295553267002,
                    0.9903371334075928,
                    3.9921767711639404
                ],
                [
                    0.9903723001480103,
                    -0.0011642341269180179,
                    -0.13842518627643585,
                    -0.5580098032951355
                ],
                [
                    0.0,
                    0.9999645948410034,
                    -0.008410267531871796,
                    -0.03390287235379219
                ],
                [
                    0.0,
                    0.0,
                    0.0,
                    1.0
                ]
            ]
        },
        {
            "file_path": "/data/shapenet_blender/all_50_random/02958343/4856ef1e80d356d111f983eb293b51a/r_9",
            "rotation": 0.12566370614359174,
            "transform_matrix": [
                [
                    0.9004862308502197,
                    0.17173396050930023,
                    0.3995398283004761,
                    1.6105965375900269
                ],
                [
                    0.434884637594223,
                    -0.35559794306755066,
                    -0.8273001313209534,
                    -3.334953546524048
                ],
                [
                    1.4901161193847656e-08,
                    0.9187260866165161,
                    -0.3948954641819,
                    -1.5918744802474976
                ],
                [
                    0.0,
                    0.0,
                    0.0,
                    1.0
                ]
            ]
        },
        {
            "file_path": "/data/shapenet_blender/all_50_random/02958343/4856ef1e80d356d111f983eb293b51a/r_10",
            "rotation": 0.12566370614359174,
            "transform_matrix": [
                [
                    -0.652795135974884,
                    -0.0051785181276500225,
                    0.7575168609619141,
                    3.053647756576538
                ],
                [
                    0.7575344443321228,
                    -0.004462518263608217,
                    0.6527799367904663,
                    2.631439685821533
                ],
                [
                    2.3283061589829401e-10,
                    0.9999765753746033,
                    0.006836018059402704,
                    0.02755686640739441
                ],
                [
                    0.0,
                    0.0,
                    0.0,
                    1.0
                ]
            ]
        },
        {
            "file_path": "/data/shapenet_blender/all_50_random/02958343/4856ef1e80d356d111f983eb293b51a/r_11",
            "rotation": 0.12566370614359174,
            "transform_matrix": [
                [
                    0.9185239672660828,
                    -0.1391853541135788,
                    -0.370055615901947,
                    -1.4917418956756592
                ],
                [
                    -0.39536532759666443,
                    -0.3233593702316284,
                    -0.8597237467765808,
                    -3.4656572341918945
                ],
                [
                    7.450580596923828e-09,
                    0.9359840154647827,
                    -0.35204240679740906,
                    -1.4191282987594604
                ],
                [
                    0.0,
                    0.0,
                    0.0,
                    1.0
                ]
            ]
        },
        {
            "file_path": "/data/shapenet_blender/all_50_random/02958343/4856ef1e80d356d111f983eb293b51a/r_12",
            "rotation": 0.12566370614359174,
            "transform_matrix": [
                [
                    -0.8939996957778931,
                    0.2685818672180176,
                    0.35864782333374023,
                    1.4457557201385498
                ],
                [
                    0.44806748628616333,
                    0.5358837842941284,
                    0.7155864834785461,
                    2.8846216201782227
                ],
                [
                    0.0,
                    0.8004326224327087,
                    -0.5994226932525635,
                    -2.4163503646850586
                ],
                [
                    0.0,
                    0.0,
                    0.0,
                    1.0
                ]
            ]
        },
        {
            "file_path": "/data/shapenet_blender/all_50_random/02958343/4856ef1e80d356d111f983eb293b51a/r_13",
            "rotation": 0.12566370614359174,
            "transform_matrix": [
                [
                    0.9948612451553345,
                    -0.04560878872871399,
                    0.09039252996444702,
                    0.3643839359283447
                ],
                [
                    0.10124707221984863,
                    0.44815534353256226,
                    -0.8882036805152893,
                    -3.5804636478424072
                ],
                [
                    0.0,
                    0.8927913904190063,
                    0.4504702091217041,
                    1.8159035444259644
                ],
                [
                    0.0,
                    0.0,
                    0.0,
                    1.0
                ]
            ]
        },
        {
            "file_path": "/data/shapenet_blender/all_50_random/02958343/4856ef1e80d356d111f983eb293b51a/r_14",
            "rotation": 0.12566370614359174,
            "transform_matrix": [
                [
                    -0.9945294857025146,
                    0.020633166655898094,
                    -0.10239893943071365,
                    -0.41278335452079773
                ],
                [
                    -0.10445704311132431,
                    -0.19644717872142792,
                    0.9749343991279602,
                    3.930086612701416
                ],
                [
                    0.0,
                    0.9802972078323364,
                    0.19752776622772217,
                    0.7962599396705627
                ],
                [
                    0.0,
                    0.0,
                    0.0,
                    1.0
                ]
            ]
        },
        {
            "file_path": "/data/shapenet_blender/all_50_random/02958343/4856ef1e80d356d111f983eb293b51a/r_15",
            "rotation": 0.12566370614359174,
            "transform_matrix": [
                [
                    0.5437661409378052,
                    -0.4629116952419281,
                    -0.700022280216217,
                    -2.821880340576172
                ],
                [
                    -0.839236855506897,
                    -0.299934059381485,
                    -0.45356494188308716,
                    -1.8283789157867432
                ],
                [
                    0.0,
                    0.8341177701950073,
                    -0.551586389541626,
                    -2.2235159873962402
                ],
                [
                    0.0,
                    0.0,
                    0.0,
                    1.0
                ]
            ]
        },
        {
            "file_path": "/data/shapenet_blender/all_50_random/02958343/4856ef1e80d356d111f983eb293b51a/r_16",
            "rotation": 0.12566370614359174,
            "transform_matrix": [
                [
                    -0.26746705174446106,
                    -0.15474878251552582,
                    -0.9510594606399536,
                    -3.833843469619751
                ],
                [
                    -0.9635670185089111,
                    0.042955182492733,
                    0.2639951705932617,
                    1.0641987323760986
                ],
                [
                    -3.725290742551124e-09,
                    0.987019419670105,
                    -0.16059993207454681,
                    -0.6473990678787231
                ],
                [
                    0.0,
                    0.0,
                    0.0,
                    1.0
                ]
            ]
        },
        {
            "file_path": "/data/shapenet_blender/all_50_random/02958343/4856ef1e80d356d111f983eb293b51a/r_17",
            "rotation": 0.12566370614359174,
            "transform_matrix": [
                [
                    -0.9579383730888367,
                    0.07719076424837112,
                    -0.27639755606651306,
                    -1.1141941547393799
                ],
                [
                    -0.28697389364242554,
                    -0.25766801834106445,
                    0.9226338267326355,
                    3.7192559242248535
                ],
                [
                    0.0,
                    0.9631451964378357,
                    0.26898184418678284,
                    1.0843005180358887
                ],
                [
                    0.0,
                    0.0,
                    0.0,
                    1.0
                ]
            ]
        },
        {
            "file_path": "/data/shapenet_blender/all_50_random/02958343/4856ef1e80d356d111f983eb293b51a/r_18",
            "rotation": 0.12566370614359174,
            "transform_matrix": [
                [
                    -0.6507901549339294,
                    -0.04112531617283821,
                    0.7581430673599243,
                    3.0561723709106445
                ],
                [
                    0.7592576742172241,
                    -0.03525014966726303,
                    0.6498347520828247,
                    2.619567632675171
                ],
                [
                    -1.862645149230957e-09,
                    0.9985320568084717,
                    0.054165154695510864,
                    0.2183467298746109
                ],
                [
                    0.0,
                    0.0,
                    0.0,
                    1.0
                ]
            ]
        },
        {
            "file_path": "/data/shapenet_blender/all_50_random/02958343/4856ef1e80d356d111f983eb293b51a/r_19",
            "rotation": 0.12566370614359174,
            "transform_matrix": [
                [
                    -0.28869616985321045,
                    0.7199010848999023,
                    0.6311869621276855,
                    2.544395923614502
                ],
                [
                    0.9574207663536072,
                    0.21707558631896973,
                    0.19032515585422516,
                    0.7672252655029297
                ],
                [
                    0.0,
                    0.6592575907707214,
                    -0.7519171237945557,
                    -3.0310747623443604
                ],
                [
                    0.0,
                    0.0,
                    0.0,
                    1.0
                ]
            ]
        },
        {
            "file_path": "/data/shapenet_blender/all_50_random/02958343/4856ef1e80d356d111f983eb293b51a/r_20",
            "rotation": 0.12566370614359174,
            "transform_matrix": [
                [
                    -0.9698472619056702,
                    0.13737815618515015,
                    0.2013043910264969,
                    0.8114839792251587
                ],
                [
                    0.24371337890625,
                    0.5466906428337097,
                    0.80108243227005,
                    3.22926664352417
                ],
                [
                    0.0,
                    0.8259881734848022,
                    -0.5636873841285706,
                    -2.27229642868042
                ],
                [
                    0.0,
                    0.0,
                    0.0,
                    1.0
                ]
            ]
        },
        {
            "file_path": "/data/shapenet_blender/all_50_random/02958343/4856ef1e80d356d111f983eb293b51a/r_21",
            "rotation": 0.12566370614359174,
            "transform_matrix": [
                [
                    -0.995727002620697,
                    0.005447516683489084,
                    -0.09218525886535645,
                    -0.3716106414794922
                ],
                [
                    -0.09234607219696045,
                    -0.05873816832900047,
                    0.9939929842948914,
                    4.006913661956787
                ],
                [
                    0.0,
                    0.9982584714889526,
                    0.0589902400970459,
                    0.23779724538326263
                ],
                [
                    0.0,
                    0.0,
                    0.0,
                    1.0
                ]
            ]
        },
        {
            "file_path": "/data/shapenet_blender/all_50_random/02958343/4856ef1e80d356d111f983eb293b51a/r_22",
            "rotation": 0.12566370614359174,
            "transform_matrix": [
                [
                    0.997042179107666,
                    -0.0036350602749735117,
                    0.07677007466554642,
                    0.3094700872898102
                ],
                [
                    0.0768560916185379,
                    0.04715707525610924,
                    -0.9959263205528259,
                    -4.014707565307617
                ],
                [
                    0.0,
                    0.998880922794342,
                    0.04729696363210678,
                    0.19066017866134644
                ],
                [
                    0.0,
                    0.0,
                    0.0,
                    1.0
                ]
            ]
        },
        {
            "file_path": "/data/shapenet_blender/all_50_random/02958343/4856ef1e80d356d111f983eb293b51a/r_23",
            "rotation": 0.12566370614359174,
            "transform_matrix": [
                [
                    -0.8890423774719238,
                    0.4414438009262085,
                    0.12137139588594437,
                    0.48926374316215515
                ],
                [
                    0.4578249454498291,
                    0.8572320938110352,
                    0.23568901419639587,
                    0.9500927925109863
                ],
                [
                    0.0,
                    0.2651042640209198,
                    -0.9642196893692017,
                    -3.8868939876556396
                ],
                [
                    0.0,
                    0.0,
                    0.0,
                    1.0
                ]
            ]
        },
        {
            "file_path": "/data/shapenet_blender/all_50_random/02958343/4856ef1e80d356d111f983eb293b51a/r_24",
            "rotation": 0.12566370614359174,
            "transform_matrix": [
                [
                    0.9383376240730286,
                    -0.05440055578947067,
                    0.34141331911087036,
                    1.3762811422348022
                ],
                [
                    0.34572020173072815,
                    0.14765143394470215,
                    -0.9266480207443237,
                    -3.7354376316070557
                ],
                [
                    0.0,
                    0.9875422716140747,
                    0.15735426545143127,
                    0.6343153119087219
                ],
                [
                    0.0,
                    0.0,
                    0.0,
                    1.0
                ]
            ]
        },
        {
            "file_path": "/data/shapenet_blender/all_50_random/02958343/4856ef1e80d356d111f983eb293b51a/r_25",
            "rotation": 0.12566370614359174,
            "transform_matrix": [
                [
                    -0.9277036190032959,
                    -0.06812740862369537,
                    -0.36704859137535095,
                    -1.4796202182769775
                ],
                [
                    -0.3733175992965698,
                    0.16929832100868225,
                    0.9121249914169312,
                    3.676893472671509
                ],
                [
                    -3.725290298461914e-09,
                    0.9832073450088501,
                    -0.18249182403087616,
                    -0.7356480956077576
                ],
                [
                    0.0,
                    0.0,
                    0.0,
                    1.0
                ]
            ]
        },
        {
            "file_path": "/data/shapenet_blender/all_50_random/02958343/4856ef1e80d356d111f983eb293b51a/r_26",
            "rotation": 0.12566370614359174,
            "transform_matrix": [
                [
                    0.960819661617279,
                    -0.219660684466362,
                    0.16904059052467346,
                    0.6814244389533997
                ],
                [
                    0.277174174785614,
                    0.7614499926567078,
                    -0.5859763622283936,
                    -2.3621463775634766
                ],
                [
                    0.0,
                    0.6098713874816895,
                    0.7925004363059998,
                    3.194671392440796
                ],
                [
                    0.0,
                    0.0,
                    0.0,
                    1.0
                ]
            ]
        },
        {
            "file_path": "/data/shapenet_blender/all_50_random/02958343/4856ef1e80d356d111f983eb293b51a/r_27",
            "rotation": 0.12566370614359174,
            "transform_matrix": [
                [
                    -0.8839759826660156,
                    -0.23787613213062286,
                    -0.4024941027164459,
                    -1.622505784034729
                ],
                [
                    -0.4675324857234955,
                    0.4497586786746979,
                    0.7610061764717102,
                    3.067714214324951
                ],
                [
                    0.0,
                    0.86089026927948,
                    -0.5087905526161194,
                    -2.0510005950927734
                ],
                [
                    0.0,
                    0.0,
                    0.0,
                    1.0
                ]
            ]
        },
        {
            "file_path": "/data/shapenet_blender/all_50_random/02958343/4856ef1e80d356d111f983eb293b51a/r_28",
            "rotation": 0.12566370614359174,
            "transform_matrix": [
                [
                    0.35152125358581543,
                    0.06926221400499344,
                    -0.9336142539978027,
                    -3.763519287109375
                ],
                [
                    -0.9361799955368042,
                    0.026006899774074554,
                    -0.3505578339099884,
                    -1.4131437540054321
                ],
                [
                    0.0,
                    0.9972594380378723,
                    0.07398387044668198,
                    0.29823851585388184
                ],
                [
                    0.0,
                    0.0,
                    0.0,
                    1.0
                ]
            ]
        },
        {
            "file_path": "/data/shapenet_blender/all_50_random/02958343/4856ef1e80d356d111f983eb293b51a/r_29",
            "rotation": 0.12566370614359174,
            "transform_matrix": [
                [
                    -0.4816279709339142,
                    -0.33033716678619385,
                    -0.8117338418960571,
                    -3.2722036838531494
                ],
                [
                    -0.8763757944107056,
                    0.18154270946979523,
                    0.4461028575897217,
                    1.7982981204986572
                ],
                [
                    1.4901161193847656e-08,
                    0.9262394905090332,
                    -0.37693551182746887,
                    -1.5194756984710693
                ],
                [
                    0.0,
                    0.0,
                    0.0,
                    1.0
                ]
            ]
        },
        {
            "file_path": "/data/shapenet_blender/all_50_random/02958343/4856ef1e80d356d111f983eb293b51a/r_30",
            "rotation": 0.12566370614359174,
            "transform_matrix": [
                [
                    -0.26898276805877686,
                    0.6857431530952454,
                    0.6763167977333069,
                    2.726320505142212
                ],
                [
                    0.9631449580192566,
                    0.19151125848293304,
                    0.18887870013713837,
                    0.7613944411277771
                ],
                [
                    -1.4901161193847656e-08,
                    0.7021963000297546,
                    -0.7119832038879395,
                    -2.870096445083618
                ],
                [
                    0.0,
                    0.0,
                    0.0,
                    1.0
                ]
            ]
        },
        {
            "file_path": "/data/shapenet_blender/all_50_random/02958343/4856ef1e80d356d111f983eb293b51a/r_31",
            "rotation": 0.12566370614359174,
            "transform_matrix": [
                [
                    0.616849958896637,
                    -0.2380894124507904,
                    0.7502062320709229,
                    3.0241782665252686
                ],
                [
                    0.7870806455612183,
                    0.186595156788826,
                    -0.5879507660865784,
                    -2.370105504989624
                ],
                [
                    0.0,
                    0.9531504511833191,
                    0.3024967610836029,
                    1.219403624534607
                ],
                [
                    0.0,
                    0.0,
                    0.0,
                    1.0
                ]
            ]
        },
        {
            "file_path": "/data/shapenet_blender/all_50_random/02958343/4856ef1e80d356d111f983eb293b51a/r_32",
            "rotation": 0.12566370614359174,
            "transform_matrix": [
                [
                    -0.9217410087585449,
                    0.310619592666626,
                    0.2321833074092865,
                    0.9359608888626099
                ],
                [
                    0.387806236743927,
                    0.7382831573486328,
                    0.5518551468849182,
                    2.224599599838257
                ],
                [
                    0.0,
                    0.5987095832824707,
                    -0.8009660243988037,
                    -3.228797674179077
                ],
                [
                    0.0,
                    0.0,
                    0.0,
                    1.0
                ]
            ]
        },
        {
            "file_path": "/data/shapenet_blender/all_50_random/02958343/4856ef1e80d356d111f983eb293b51a/r_33",
            "rotation": 0.12566370614359174,
            "transform_matrix": [
                [
                    0.3669714629650116,
                    -0.08514783531427383,
                    -0.9263269901275635,
                    -3.7341437339782715
                ],
                [
                    -0.9302321076393127,
                    -0.03359035775065422,
                    -0.36543092131614685,
                    -1.4730992317199707
                ],
                [
                    -3.725290076417309e-09,
                    0.9958018660545349,
                    -0.09153397381305695,
                    -0.36898529529571533
                ],
                [
                    0.0,
                    0.0,
                    0.0,
                    1.0
                ]
            ]
        },
        {
            "file_path": "/data/shapenet_blender/all_50_random/02958343/4856ef1e80d356d111f983eb293b51a/r_34",
            "rotation": 0.12566370614359174,
            "transform_matrix": [
                [
                    0.7790632247924805,
                    -0.14467814564704895,
                    0.610023558139801,
                    2.4590835571289062
                ],
                [
                    0.626945436000824,
                    0.17978185415267944,
                    -0.7580355405807495,
                    -3.055738925933838
                ],
                [
                    7.450580596923828e-09,
                    0.9730091094970703,
                    0.23076672852039337,
                    0.9302504062652588
                ],
                [
                    0.0,
                    0.0,
                    0.0,
                    1.0
                ]
            ]
        },
        {
            "file_path": "/data/shapenet_blender/all_50_random/02958343/4856ef1e80d356d111f983eb293b51a/r_35",
            "rotation": 0.12566370614359174,
            "transform_matrix": [
                [
                    -0.9937624335289001,
                    0.09950155764818192,
                    -0.05035506188869476,
                    -0.20298774540424347
                ],
                [
                    -0.11151768267154694,
                    -0.8866836428642273,
                    0.4487267732620239,
                    1.8088754415512085
                ],
                [
                    3.725290298461914e-09,
                    0.4515433609485626,
                    0.8922491669654846,
                    3.596771478652954
                ],
                [
                    0.0,
                    0.0,
                    0.0,
                    1.0
                ]
            ]
        },
        {
            "file_path": "/data/shapenet_blender/all_50_random/02958343/4856ef1e80d356d111f983eb293b51a/r_36",
            "rotation": 0.12566370614359174,
            "transform_matrix": [
                [
                    0.16045844554901123,
                    0.40478935837745667,
                    -0.9002214670181274,
                    -3.62890887260437
                ],
                [
                    -0.9870426654815674,
                    0.06580452620983124,
                    -0.1463443785905838,
                    -0.5899330377578735
                ],
                [
                    0.0,
                    0.9120391607284546,
                    0.4101032018661499,
                    1.6531789302825928
                ],
                [
                    0.0,
                    0.0,
                    0.0,
                    1.0
                ]
            ]
        },
        {
            "file_path": "/data/shapenet_blender/all_50_random/02958343/4856ef1e80d356d111f983eb293b51a/r_37",
            "rotation": 0.12566370614359174,
            "transform_matrix": [
                [
                    0.349806547164917,
                    -0.6630135178565979,
                    -0.6618523597717285,
                    -2.6680121421813965
                ],
                [
                    -0.9368219971656799,
                    -0.2475672960281372,
                    -0.24713371694087982,
                    -0.9962278604507446
                ],
                [
                    -1.4901161193847656e-08,
                    0.7064867615699768,
                    -0.707726240158081,
                    -2.852935791015625
                ],
                [
                    0.0,
                    0.0,
                    0.0,
                    1.0
                ]
            ]
        },
        {
            "file_path": "/data/shapenet_blender/all_50_random/02958343/4856ef1e80d356d111f983eb293b51a/r_38",
            "rotation": 0.12566370614359174,
            "transform_matrix": [
                [
                    0.7237017154693604,
                    0.3050267994403839,
                    -0.6190431714057922,
                    -2.4954428672790527
                ],
                [
                    -0.690112829208374,
                    0.3198729157447815,
                    -0.6491729617118835,
                    -2.6168999671936035
                ],
                [
                    -1.4901158529312397e-08,
                    0.8970173597335815,
                    0.44199544191360474,
                    1.781740665435791
                ],
                [
                    0.0,
                    0.0,
                    0.0,
                    1.0
                ]
            ]
        },
        {
            "file_path": "/data/shapenet_blender/all_50_random/02958343/4856ef1e80d356d111f983eb293b51a/r_39",
            "rotation": 0.12566370614359174,
            "transform_matrix": [
                [
                    -0.7029053568840027,
                    0.1421794593334198,
                    -0.6969282627105713,
                    -2.8094074726104736
                ],
                [
                    -0.7112833261489868,
                    -0.14050476253032684,
                    0.6887193918228149,
                    2.7763166427612305
                ],
                [
                    7.4505792646561986e-09,
                    0.9798181056976318,
                    0.19989143311977386,
                    0.8057880997657776
                ],
                [
                    0.0,
                    0.0,
                    0.0,
                    1.0
                ]
            ]
        },
        {
            "file_path": "/data/shapenet_blender/all_50_random/02958343/4856ef1e80d356d111f983eb293b51a/r_40",
            "rotation": 0.12566370614359174,
            "transform_matrix": [
                [
                    -0.42346620559692383,
                    -0.2947027087211609,
                    -0.8566368222236633,
                    -3.4532134532928467
                ],
                [
                    -0.9059118628501892,
                    0.1377580463886261,
                    0.4004327356815338,
                    1.6141959428787231
                ],
                [
                    7.450580152834618e-09,
                    0.9456071257591248,
                    -0.325310617685318,
                    -1.3113690614700317
                ],
                [
                    0.0,
                    0.0,
                    0.0,
                    1.0
                ]
            ]
        },
        {
            "file_path": "/data/shapenet_blender/all_50_random/02958343/4856ef1e80d356d111f983eb293b51a/r_41",
            "rotation": 0.12566370614359174,
            "transform_matrix": [
                [
                    0.8296760320663452,
                    -0.5437676906585693,
                    0.12631089985370636,
                    0.5091755986213684
                ],
                [
                    0.5582453608512878,
                    0.8081589937210083,
                    -0.18772593140602112,
                    -0.7567474842071533
                ],
                [
                    7.450581485102248e-09,
                    0.22626426815986633,
