{
    "class": "02958343",
    "model": "fa1b3bcdbda309a439cc19d48e3f4f5",
    "remove_doubles": true,
    "edge_split": true,
    "denoise": true,
    "camera_angle_x": 0.6911112070083618,
    "scale_factor": 2.2186674453127733,
    "hdri_file": "/data/IndoorHDRDataset2018/9C4A7069-d43f18f3f3.exr",
    "center_offset": [
        0.0,
        0.0,
        0.0
    ],
    "lights": [],
    "frames": [
        {
            "file_path": "/data/shapenet_blender/all_50_random/02958343/fa1b3bcdbda309a439cc19d48e3f4f5/r_0",
            "rotation": 0.12566370614359174,
            "transform_matrix": [
                [
                    -0.9877833127975464,
                    0.06466404348611832,
                    0.14178432524204254,
                    0.5715509653091431
                ],
                [
                    0.15583401918411255,
                    0.4098852574825287,
                    0.8987267017364502,
                    3.6228835582733154
                ],
                [
                    0.0,
                    0.9098420739173889,
                    -0.41495463252067566,
                    -1.6727356910705566
                ],
                [
                    0.0,
                    0.0,
                    0.0,
                    1.0
                ]
            ]
        },
        {
            "file_path": "/data/shapenet_blender/all_50_random/02958343/fa1b3bcdbda309a439cc19d48e3f4f5/r_1",
            "rotation": 0.12566370614359174,
            "transform_matrix": [
                [
                    -0.20150408148765564,
                    -0.46656283736228943,
                    0.861228883266449,
                    3.47172474861145
                ],
                [
                    0.9794877171516418,
                    -0.09598315507173538,
                    0.17717541754245758,
                    0.714216947555542
                ],
                [
                    0.0,
                    0.8792646527290344,
                    0.4763335585594177,
                    1.9201619625091553
                ],
                [
                    0.0,
                    0.0,
                    0.0,
                    1.0
                ]
            ]
        },
        {
            "file_path": "/data/shapenet_blender/all_50_random/02958343/fa1b3bcdbda309a439cc19d48e3f4f5/r_2",
            "rotation": 0.12566370614359174,
            "transform_matrix": [
                [
                    -0.7944118976593018,
                    -0.122649185359478,
                    0.5948672890663147,
                    2.397986650466919
                ],
                [
                    0.6073795557022095,
                    -0.16041691601276398,
                    0.7780466079711914,
                    3.136406183242798
                ],
                [
                    -7.450581485102248e-09,
                    0.9793995022773743,
                    0.20193171501159668,
                    0.8140127658843994
                ],
                [
                    0.0,
                    0.0,
                    0.0,
                    1.0
                ]
            ]
        },
        {
            "file_path": "/data/shapenet_blender/all_50_random/02958343/fa1b3bcdbda309a439cc19d48e3f4f5/r_3",
            "rotation": 0.12566370614359174,
            "transform_matrix": [
                [
                    -0.3691573143005371,
                    -0.6116605997085571,
                    0.6997101306915283,
                    2.8206214904785156
                ],
                [
                    0.9293670058250427,
                    -0.24295999109745026,
                    0.2779344618320465,
                    1.120389461517334
                ],
                [
                    0.0,
                    0.7528889179229736,
                    0.6581476330757141,
                    2.6530776023864746
                ],
                [
                    0.0,
                    0.0,
                    0.0,
                    1.0
                ]
            ]
        },
        {
            "file_path": "/data/shapenet_blender/all_50_random/02958343/fa1b3bcdbda309a439cc19d48e3f4f5/r_4",
            "rotation": 0.12566370614359174,
            "transform_matrix": [
                [
                    -0.8641309142112732,
                    -0.3830040991306305,
                    -0.326474666595459,
                    -1.3160614967346191
                ],
                [
                    -0.5032671689987183,
                    0.6576341390609741,
                    0.5605707764625549,
                    2.259732961654663
                ],
                [
                    -1.4901161193847656e-08,
                    0.6487104296684265,
                    -0.7610353231430054,
                    -3.067831516265869
                ],
                [
                    0.0,
                    0.0,
                    0.0,
                    1.0
                ]
            ]
        },
        {
            "file_path": "/data/shapenet_blender/all_50_random/02958343/fa1b3bcdbda309a439cc19d48e3f4f5/r_5",
            "rotation": 0.12566370614359174,
            "transform_matrix": [
                [
                    -0.8355021476745605,
                    -0.02473672851920128,
                    -0.5489302277565002,
                    -2.21280837059021
                ],
                [
                    -0.549487292766571,
                    0.03761249780654907,
                    0.8346551060676575,
                    3.3646018505096436
                ],
                [
                    0.0,
                    0.9989860653877258,
                    -0.04501784220337868,
                    -0.18147270381450653
                ],
                [
                    0.0,
                    0.0,
                    0.0,
                    1.0
                ]
            ]
        },
        {
            "file_path": "/data/shapenet_blender/all_50_random/02958343/fa1b3bcdbda309a439cc19d48e3f4f5/r_6",
            "rotation": 0.12566370614359174,
            "transform_matrix": [
                [
                    0.0943254604935646,
                    0.5884124636650085,
                    -0.8030400276184082,
                    -3.2371580600738525
                ],
                [
                    -0.9955413937568665,
                    0.05575085058808327,
                    -0.07608635723590851,
                    -0.30671393871307373
                ],
                [
                    0.0,
                    0.8066365122795105,
                    0.5910477042198181,
                    2.382589817047119
                ],
                [
                    0.0,
                    0.0,
                    0.0,
                    1.0
                ]
            ]
        },
        {
            "file_path": "/data/shapenet_blender/all_50_random/02958343/fa1b3bcdbda309a439cc19d48e3f4f5/r_7",
            "rotation": 0.12566370614359174,
            "transform_matrix": [
                [
                    0.9911860227584839,
                    -0.09183596074581146,
                    0.09547992795705795,
                    0.38489189743995667
                ],
                [
                    0.13247740268707275,
                    0.6871097683906555,
                    -0.7143737077713013,
                    -2.879732608795166
                ],
                [
                    7.450580596923828e-09,
                    0.7207261323928833,
                    0.6932198405265808,
                    2.7944586277008057
                ],
                [
                    0.0,
                    0.0,
                    0.0,
                    1.0
                ]
            ]
        },
        {
            "file_path": "/data/shapenet_blender/all_50_random/02958343/fa1b3bcdbda309a439cc19d48e3f4f5/r_8",
            "rotation": 0.12566370614359174,
            "transform_matrix": [
                [
                    -0.8741198778152466,
                    0.13006019592285156,
                    0.46797311305999756,
                    1.8864598274230957
                ],
                [
                    0.4857103228569031,
                    0.23406587541103363,
                    0.8421987295150757,
                    3.3950114250183105
                ],
                [
                    0.0,
                    0.9634819030761719,
                    -0.26777321100234985,
                    -1.0794283151626587
                ],
                [
                    0.0,
                    0.0,
                    0.0,
                    1.0
                ]
            ]
        },
        {
            "file_path": "/data/shapenet_blender/all_50_random/02958343/fa1b3bcdbda309a439cc19d48e3f4f5/r_9",
            "rotation": 0.12566370614359174,
            "transform_matrix": [
                [
                    -0.9999871850013733,
                    0.0019479726906865835,
                    -0.004655956290662289,
                    -0.018768757581710815
                ],
                [
                    -0.005047030746936798,
                    -0.3859591484069824,
                    0.9225021004676819,
                    3.718724489212036
                ],
                [
                    0.0,
                    0.9225137233734131,
                    0.38596412539482117,
                    1.5558710098266602
                ],
                [
                    0.0,
                    0.0,
                    0.0,
                    1.0
                ]
            ]
        },
        {
            "file_path": "/data/shapenet_blender/all_50_random/02958343/fa1b3bcdbda309a439cc19d48e3f4f5/r_10",
            "rotation": 0.12566370614359174,
            "transform_matrix": [
                [
                    -0.32303521037101746,
                    -0.20298892259597778,
                    -0.9243612289428711,
                    -3.726219415664673
                ],
                [
                    -0.9463868737220764,
                    0.0692872703075409,
                    0.3155170679092407,
                    1.2718899250030518
                ],
                [
                    -7.450580152834618e-09,
                    0.9767265915870667,
                    -0.21448826789855957,
                    -0.864629864692688
                ],
                [
                    0.0,
                    0.0,
                    0.0,
                    1.0
                ]
            ]
        },
        {
            "file_path": "/data/shapenet_blender/all_50_random/02958343/fa1b3bcdbda309a439cc19d48e3f4f5/r_11",
            "rotation": 0.12566370614359174,
            "transform_matrix": [
                [
                    0.3282219171524048,
                    -0.250580370426178,
                    -0.910757839679718,
                    -3.671382188796997
                ],
                [
                    -0.9446006417274475,
                    -0.087069571018219,
                    -0.3164624869823456,
                    -1.2757010459899902
                ],
                [
                    -7.450580596923828e-09,
                    0.9641722440719604,
                    -0.26527655124664307,
                    -1.0693639516830444
                ],
                [
                    0.0,
                    0.0,
                    0.0,
                    1.0
                ]
            ]
        },
        {
            "file_path": "/data/shapenet_blender/all_50_random/02958343/fa1b3bcdbda309a439cc19d48e3f4f5/r_12",
            "rotation": 0.12566370614359174,
            "transform_matrix": [
                [
                    0.6386074423789978,
                    0.061046503484249115,
                    -0.7671074271202087,
                    -3.09230899810791
                ],
                [
                    -0.7695326805114746,
                    0.05066029354929924,
                    -0.636594831943512,
                    -2.5661959648132324
                ],
                [
                    -3.725290298461914e-09,
                    0.9968485236167908,
                    0.07932931184768677,
                    0.3197866976261139
                ],
                [
                    0.0,
                    0.0,
                    0.0,
                    1.0
                ]
            ]
        },
        {
            "file_path": "/data/shapenet_blender/all_50_random/02958343/fa1b3bcdbda309a439cc19d48e3f4f5/r_13",
            "rotation": 0.12566370614359174,
            "transform_matrix": [
                [
                    -0.43927156925201416,
                    0.4989370107650757,
                    0.7470624446868896,
                    3.011505126953125
                ],
                [
                    0.8983542919158936,
                    0.24396707117557526,
                    0.36529386043548584,
                    1.4725466966629028
                ],
                [
                    -1.4901161193847656e-08,
                    0.8315899968147278,
                    -0.5553900003433228,
                    -2.2388486862182617
                ],
                [
                    0.0,
                    0.0,
                    0.0,
                    1.0
                ]
            ]
        },
        {
            "file_path": "/data/shapenet_blender/all_50_random/02958343/fa1b3bcdbda309a439cc19d48e3f4f5/r_14",
            "rotation": 0.12566370614359174,
            "transform_matrix": [
                [
                    0.2647441625595093,
                    0.448198527097702,
                    0.8538317084312439,
                    3.4419057369232178
                ],
                [
                    0.9643187522888184,
                    -0.12304846942424774,
                    -0.23441104590892792,
                    -0.9449411630630493
                ],
                [
                    0.0,
                    0.8854248523712158,
                    -0.46478256583213806,
                    -1.8735984563827515
                ],
                [
                    0.0,
                    0.0,
                    0.0,
                    1.0
                ]
            ]
        },
        {
            "file_path": "/data/shapenet_blender/all_50_random/02958343/fa1b3bcdbda309a439cc19d48e3f4f5/r_15",
            "rotation": 0.12566370614359174,
            "transform_matrix": [
                [
                    0.9832673072814941,
                    0.10760224610567093,
                    0.1469937562942505,
                    0.5925508737564087
                ],
                [
                    0.1821686327457428,
                    -0.5807902812957764,
                    -0.7934085726737976,
                    -3.1983325481414795
                ],
                [
                    0.0,
                    0.8069103956222534,
                    -0.5906737446784973,
                    -2.38108229637146
                ],
                [
                    0.0,
                    0.0,
                    0.0,
                    1.0
                ]
            ]
        },
        {
            "file_path": "/data/shapenet_blender/all_50_random/02958343/fa1b3bcdbda309a439cc19d48e3f4f5/r_16",
            "rotation": 0.12566370614359174,
            "transform_matrix": [
                [
                    0.09018910676240921,
                    -0.1434052288532257,
                    -0.9855459332466125,
                    -3.972862720489502
                ],
                [
                    -0.9959246516227722,
                    -0.01298651471734047,
                    -0.08924923092126846,
                    -0.3597751557826996
                ],
                [
                    0.0,
                    0.989578902721405,
                    -0.14399203658103943,
                    -0.5804504752159119
                ],
                [
                    0.0,
                    0.0,
                    0.0,
                    1.0
                ]
            ]
        },
        {
            "file_path": "/data/shapenet_blender/all_50_random/02958343/fa1b3bcdbda309a439cc19d48e3f4f5/r_17",
            "rotation": 0.12566370614359174,
            "transform_matrix": [
                [
                    -0.16677655279636383,
                    0.8903626799583435,
                    -0.42360344529151917,
                    -1.7075998783111572
                ],
                [
                    -0.9859946966171265,
                    -0.15060082077980042,
                    0.07165060937404633,
                    0.28883281350135803
                ],
                [
                    0.0,
                    0.42962032556533813,
                    0.9030096530914307,
                    3.6401479244232178
                ],
                [
                    0.0,
                    0.0,
                    0.0,
                    1.0
                ]
            ]
        },
        {
            "file_path": "/data/shapenet_blender/all_50_random/02958343/fa1b3bcdbda309a439cc19d48e3f4f5/r_18",
            "rotation": 0.12566370614359174,
            "transform_matrix": [
                [
                    -0.2125634104013443,
                    0.44549205899238586,
                    0.86968594789505,
                    3.5058162212371826
                ],
                [
                    0.9771473407745361,
                    0.09690996259450912,
                    0.18918684124946594,
                    0.7626365423202515
                ],
                [
                    0.0,
                    0.8900254964828491,
                    -0.4559108316898346,
                    -1.8378353118896484
                ],
                [
                    0.0,
                    0.0,
                    0.0,
                    1.0
                ]
            ]
        },
        {
            "file_path": "/data/shapenet_blender/all_50_random/02958343/fa1b3bcdbda309a439cc19d48e3f4f5/r_19",
            "rotation": 0.12566370614359174,
            "transform_matrix": [
                [
                    0.9057618379592896,
                    0.04137245938181877,
                    0.42176273465156555,
                    1.7001798152923584
                ],
                [
                    0.42378702759742737,
                    -0.08842553943395615,
                    -0.9014353156089783,
                    -3.6338014602661133
                ],
                [
                    0.0,
                    0.9952232241630554,
                    -0.09762560576200485,
                    -0.3935413658618927
                ],
                [
                    0.0,
                    0.0,
                    0.0,
                    1.0
                ]
            ]
        },
        {
            "file_path": "/data/shapenet_blender/all_50_random/02958343/fa1b3bcdbda309a439cc19d48e3f4f5/r_20",
            "rotation": 0.12566370614359174,
            "transform_matrix": [
                [
                    -0.47432994842529297,
                    -0.864703893661499,
                    -0.1652221977710724,
                    -0.6660319566726685
                ],
                [
                    -0.8803471922874451,
                    0.46590137481689453,
                    0.08902151882648468,
                    0.3588572144508362
                ],
                [
                    -7.4505797087454084e-09,
                    0.18767835199832916,
                    -0.9822304844856262,
                    -3.9594976902008057
                ],
                [
                    0.0,
                    0.0,
                    0.0,
                    1.0
                ]
            ]
        },
        {
            "file_path": "/data/shapenet_blender/all_50_random/02958343/fa1b3bcdbda309a439cc19d48e3f4f5/r_21",
            "rotation": 0.12566370614359174,
            "transform_matrix": [
                [
                    0.9656442999839783,
                    0.04334574565291405,
                    0.2562270164489746,
                    1.0328842401504517
                ],
                [
                    0.2598675787448883,
                    -0.161068856716156,
                    -0.9521163702011108,
                    -3.838104009628296
                ],
                [
                    0.0,
                    0.9859908223152161,
                    -0.1667993664741516,
                    -0.672389805316925
                ],
                [
                    0.0,
                    0.0,
                    0.0,
                    1.0
                ]
            ]
        },
        {
            "file_path": "/data/shapenet_blender/all_50_random/02958343/fa1b3bcdbda309a439cc19d48e3f4f5/r_22",
            "rotation": 0.12566370614359174,
            "transform_matrix": [
                [
                    0.890696108341217,
                    0.003973386716097593,
                    -0.4545817971229553,
                    -1.8324778079986572
                ],
                [
                    -0.45459914207458496,
                    0.007785055786371231,
                    -0.8906620740890503,
                    -3.5903737545013428
                ],
                [
                    0.0,
                    0.9999618530273438,
                    0.008740415796637535,
                    0.035233743488788605
                ],
                [
                    0.0,
                    0.0,
                    0.0,
                    1.0
                ]
            ]
        },
        {
            "file_path": "/data/shapenet_blender/all_50_random/02958343/fa1b3bcdbda309a439cc19d48e3f4f5/r_23",
            "rotation": 0.12566370614359174,
            "transform_matrix": [
                [
                    -0.9802980422973633,
                    -0.07012378424406052,
                    0.18465760350227356,
                    0.7443786263465881
                ],
                [
                    0.19752411544322968,
                    -0.3480193018913269,
                    0.9164424538612366,
                    3.6942977905273438
                ],
                [
                    0.0,
                    0.9348611831665039,
                    0.35501372814178467,
                    1.4311060905456543
                ],
                [
                    0.0,
                    0.0,
                    0.0,
                    1.0
                ]
            ]
        },
        {
            "file_path": "/data/shapenet_blender/all_50_random/02958343/fa1b3bcdbda309a439cc19d48e3f4f5/r_24",
            "rotation": 0.12566370614359174,
            "transform_matrix": [
                [
                    0.5834953784942627,
                    0.12341704219579697,
                    -0.8026838898658752,
                    -3.235722064971924
                ],
                [
                    -0.8121165037155151,
                    0.08867356926202774,
                    -0.5767180919647217,
                    -2.3248250484466553
                ],
                [
                    0.0,
                    0.9883851408958435,
                    0.15196962654590607,
                    0.6126091480255127
                ],
                [
                    0.0,
                    0.0,
                    0.0,
                    1.0
                ]
            ]
        },
        {
            "file_path": "/data/shapenet_blender/all_50_random/02958343/fa1b3bcdbda309a439cc19d48e3f4f5/r_25",
            "rotation": 0.12566370614359174,
            "transform_matrix": [
                [
                    0.47286495566368103,
                    0.14456434547901154,
                    -0.8691949248313904,
                    -3.5038368701934814
                ],
                [
                    -0.8811349272727966,
                    0.07758110016584396,
                    -0.466457337141037,
                    -1.8803496360778809
                ],
                [
                    0.0,
                    0.9864492416381836,
                    0.16406609117984772,
                    0.6613715887069702
                ],
                [
                    0.0,
                    0.0,
                    0.0,
                    1.0
                ]
            ]
        },
        {
            "file_path": "/data/shapenet_blender/all_50_random/02958343/fa1b3bcdbda309a439cc19d48e3f4f5/r_26",
            "rotation": 0.12566370614359174,
            "transform_matrix": [
                [
                    -0.9210832715034485,
                    -0.004228074569255114,
                    -0.38934269547462463,
                    -1.5694905519485474
                ],
                [
                    -0.38936564326286316,
                    0.01000193227082491,
                    0.9210290312767029,
                    3.7127866744995117
                ],
                [
                    -2.3283061589829401e-10,
                    0.9999410510063171,
                    -0.01085888035595417,
                    -0.04377354681491852
                ],
                [
                    0.0,
                    0.0,
                    0.0,
                    1.0
                ]
            ]
        },
        {
            "file_path": "/data/shapenet_blender/all_50_random/02958343/fa1b3bcdbda309a439cc19d48e3f4f5/r_27",
            "rotation": 0.12566370614359174,
            "transform_matrix": [
                [
                    -0.07780040800571442,
                    -0.08540560305118561,
                    -0.9933041334152222,
                    -4.004136562347412
                ],
                [
                    -0.9969689846038818,
                    0.006664792541414499,
                    0.0775144174695015,
                    0.31247058510780334
                ],
                [
                    0.0,
                    0.9963238835334778,
                    -0.0856652781367302,
                    -0.3453277349472046
                ],
                [
                    0.0,
                    0.0,
                    0.0,
                    1.0
                ]
            ]
        },
        {
            "file_path": "/data/shapenet_blender/all_50_random/02958343/fa1b3bcdbda309a439cc19d48e3f4f5/r_28",
            "rotation": 0.12566370614359174,
            "transform_matrix": [
                [
                    -0.857560396194458,
                    -0.13280320167541504,
                    -0.4969440698623657,
                    -2.0032455921173096
                ],
                [
                    -0.5143831968307495,
                    0.2214045226573944,
                    0.8284865021705627,
                    3.339735984802246
                ],
                [
                    0.0,
                    0.966096818447113,
                    -0.25817951560020447,
                    -1.0407549142837524
                ],
                [
                    0.0,
                    0.0,
                    0.0,
                    1.0
                ]
            ]
        },
        {
            "file_path": "/data/shapenet_blender/all_50_random/02958343/fa1b3bcdbda309a439cc19d48e3f4f5/r_29",
            "rotation": 0.12566370614359174,
            "transform_matrix": [
                [
                    0.769523024559021,
                    0.27260327339172363,
                    0.5775133967399597,
                    2.328031301498413
                ],
                [
                    0.6386191248893738,
                    -0.32848137617111206,
                    -0.6958918571472168,
                    -2.805230140686035
                ],
                [
                    0.0,
                    0.9043158888816833,
                    -0.42686358094215393,
                    -1.7207422256469727
                ],
                [
                    0.0,
                    0.0,
                    0.0,
                    1.0
                ]
            ]
        },
        {
            "file_path": "/data/shapenet_blender/all_50_random/02958343/fa1b3bcdbda309a439cc19d48e3f4f5/r_30",
            "rotation": 0.12566370614359174,
            "transform_matrix": [
                [
                    -0.8747718930244446,
                    0.27165669202804565,
                    0.40121912956237793,
                    1.6173661947250366
                ],
                [
                    0.4845350980758667,
                    0.4904446601867676,
                    0.72435462474823,
                    2.9199671745300293
                ],
                [
                    1.4901162970204496e-08,
                    0.8280497789382935,
                    -0.5606544017791748,
                    -2.260070323944092
                ],
                [
                    0.0,
                    0.0,
                    0.0,
                    1.0
                ]
            ]
        },
        {
            "file_path": "/data/shapenet_blender/all_50_random/02958343/fa1b3bcdbda309a439cc19d48e3f4f5/r_31",
            "rotation": 0.12566370614359174,
            "transform_matrix": [
                [
                    -0.998196005821228,
                    -0.04130566120147705,
                    0.04357254505157471,
                    0.17564654350280762
                ],
                [
                    0.06003935635089874,
                    -0.6867353320121765,
                    0.7244238257408142,
                    2.920245885848999
                ],
                [
                    0.0,
                    0.7257330417633057,
                    0.6879764199256897,
                    2.7733216285705566
                ],
                [
                    0.0,
                    0.0,
                    0.0,
                    1.0
                ]
            ]
        },
        {
            "file_path": "/data/shapenet_blender/all_50_random/02958343/fa1b3bcdbda309a439cc19d48e3f4f5/r_32",
            "rotation": 0.12566370614359174,
            "transform_matrix": [
                [
                    -0.9873208999633789,
                    0.024695677682757378,
                    0.15680481493473053,
                    0.6321004629135132
                ],
                [
                    0.15873762965202332,
                    0.15360288321971893,
                    0.9752991199493408,
                    3.9315567016601562
                ],
                [
                    0.0,
                    0.9878239035606384,
                    -0.1555754542350769,
                    -0.6271447539329529
                ],
                [
                    0.0,
                    0.0,
                    0.0,
                    1.0
                ]
            ]
        },
        {
            "file_path": "/data/shapenet_blender/all_50_random/02958343/fa1b3bcdbda309a439cc19d48e3f4f5/r_33",
            "rotation": 0.12566370614359174,
            "transform_matrix": [
                [
                    0.9987033605575562,
                    -0.00028672238113358617,
                    -0.05090903118252754,
                    -0.20522084832191467
                ],
                [
                    -0.05090984329581261,
                    -0.005624661222100258,
                    -0.9986874461174011,
                    -4.025837421417236
                ],
                [
                    0.0,
                    0.999984085559845,
                    -0.00563196511939168,
                    -0.022703174501657486
                ],
                [
                    0.0,
                    0.0,
                    0.0,
                    1.0
                ]
            ]
        },
        {
            "file_path": "/data/shapenet_blender/all_50_random/02958343/fa1b3bcdbda309a439cc19d48e3f4f5/r_34",
            "rotation": 0.12566370614359174,
            "transform_matrix": [
                [
                    0.9534529447555542,
                    -0.2360609471797943,
                    0.18762430548667908,
                    0.7563377618789673
                ],
                [
                    0.30154213309288025,
                    0.7464064359664917,
                    -0.5932535529136658,
                    -2.391481637954712
                ],
                [
                    0.0,
                    0.6222159266471863,
                    0.7828456163406372,
                    3.1557517051696777
                ],
                [
                    0.0,
                    0.0,
                    0.0,
                    1.0
                ]
            ]
        },
        {
            "file_path": "/data/shapenet_blender/all_50_random/02958343/fa1b3bcdbda309a439cc19d48e3f4f5/r_35",
            "rotation": 0.12566370614359174,
            "transform_matrix": [
                [
                    0.8657866716384888,
                    -0.004047013353556395,
                    0.5003969669342041,
                    2.017164707183838
                ],
                [
                    0.5004133582115173,
                    0.007001912221312523,
                    -0.8657583594322205,
                    -3.489983320236206
                ],
                [
                    -2.3283061589829401e-10,
                    0.9999673962593079,
                    0.008087340742349625,
                    0.032601114362478256
                ],
                [
                    0.0,
                    0.0,
                    0.0,
                    1.0
                ]
            ]
        },
        {
            "file_path": "/data/shapenet_blender/all_50_random/02958343/fa1b3bcdbda309a439cc19d48e3f4f5/r_36",
            "rotation": 0.12566370614359174,
            "transform_matrix": [
                [
                    -0.8350943922996521,
                    -0.0009324728744104505,
                    0.55010586977005,
                    2.217547655105591
                ],
                [
                    0.5501067042350769,
                    -0.0014155488461256027,
                    0.8350932002067566,
                    3.366368293762207
                ],
                [
                    0.0,
                    0.9999985694885254,
                    0.0016950764693319798,
                    0.006833071820437908
                ],
                [
                    0.0,
                    0.0,
                    0.0,
                    1.0
                ]
            ]
        },
        {
            "file_path": "/data/shapenet_blender/all_50_random/02958343/fa1b3bcdbda309a439cc19d48e3f4f5/r_37",
            "rotation": 0.12566370614359174,
            "transform_matrix": [
                [
                    -0.3298770785331726,
                    0.053997959941625595,
                    0.9424782991409302,
                    3.7992515563964844
                ],
                [
                    0.9440239071846008,
                    0.01886889524757862,
                    0.3293369710445404,
                    1.3275997638702393
                ],
                [
                    0.0,
                    0.9983627200126648,
                    -0.057199783623218536,
                    -0.2305797040462494
                ],
                [
                    0.0,
                    0.0,
                    0.0,
                    1.0
                ]
            ]
        },
        {
            "file_path": "/data/shapenet_blender/all_50_random/02958343/fa1b3bcdbda309a439cc19d48e3f4f5/r_38",
            "rotation": 0.12566370614359174,
            "transform_matrix": [
                [
                    -0.991427481174469,
                    -0.07693222165107727,
                    -0.10560757666826248,
                    -0.4257177710533142
                ],
                [
                    -0.13065804541110992,
                    0.5837582945823669,
                    0.8013455867767334,
                    3.2303273677825928
                ],
                [
                    0.0,
                    0.8082744479179382,
                    -0.5888058543205261,
                    -2.3735523223876953
                ],
                [
                    0.0,
                    0.0,
                    0.0,
                    1.0
                ]
            ]
        },
        {
            "file_path": "/data/shapenet_blender/all_50_random/02958343/fa1b3bcdbda309a439cc19d48e3f4f5/r_39",
            "rotation": 0.12566370614359174,
            "transform_matrix": [
                [
                    0.08674679696559906,
                    0.31942740082740784,
                    0.9436318278312683,
                    3.8039016723632812
                ],
                [
                    0.9962303638458252,
                    -0.02781415544450283,
                    -0.08216678351163864,
                    -0.33122488856315613
                ],
                [
                    0.0,
                    0.9472023248672485,
                    -0.3206360638141632,
                    -1.292525291442871
                ],
                [
                    0.0,
                    0.0,
                    0.0,
                    1.0
                ]
            ]
        },
        {
            "file_path": "/data/shapenet_blender/all_50_random/02958343/fa1b3bcdbda309a439cc19d48e3f4f5/r_40",
            "rotation": 0.12566370614359174,
            "transform_matrix": [
                [
                    0.8187631368637085,
                    0.09354110062122345,
                    0.5664600729942322,
                    2.2834737300872803
                ],
                [
                    0.5741315484046936,
                    -0.13339799642562866,
                    -0.8078228831291199,
                    -3.2564384937286377
                ],
                [
                    0.0,
                    0.9866381287574768,
                    -0.16292625665664673,
                    -0.6567767858505249
                ],
                [
                    0.0,
                    0.0,
                    0.0,
                    1.0
                ]
            ]
        },
        {
            "file_path": "/data/shapenet_blender/all_50_random/02958343/fa1b3bcdbda309a439cc19d48e3f4f5/r_41",
            "rotation": 0.12566370614359174,
            "transform_matrix": [
                [
                    0.9534304738044739,
                    -0.23949651420116425,
                    0.18333537876605988,
                    0.7390485405921936
                ],
                [
                    0.30161309242248535,
                    0.7570734620094299,
                    -0.5795422792434692,
                    -2.336209535598755
                ],
                [
                    0.0,
                    0.6078495979309082,
                    0.7940521836280823,
                    3.2009267807006836
                ],
                [
                    0.0,
