{
    "class": "02958343",
    "model": "12941cb870df79b9815337ac44abb964",
    "remove_doubles": true,
    "edge_split": true,
    "denoise": true,
    "camera_angle_x": 0.6911112070083618,
    "scale_factor": 2.2680751344121726,
    "hdri_file": "/data/IndoorHDRDataset2018/AG8A1537-23cf67b1ea.exr",
    "center_offset": [
        0.0,
        0.0,
        0.0
    ],
    "lights": [],
    "frames": [
        {
            "file_path": "/data/shapenet_blender/all_50_random/02958343/12941cb870df79b9815337ac44abb964/r_0",
            "rotation": 0.12566370614359174,
            "transform_matrix": [
                [
                    0.9441660642623901,
                    0.05849500745534897,
                    0.3242357075214386,
                    1.3070359230041504
                ],
                [
                    0.3294699788093567,
                    -0.16762983798980713,
                    -0.9291661977767944,
                    -3.745588541030884
                ],
                [
                    -3.725290298461914e-09,
                    0.9841130375862122,
                    -0.17754274606704712,
                    -0.7156976461410522
                ],
                [
                    0.0,
                    0.0,
                    0.0,
                    1.0
                ]
            ]
        },
        {
            "file_path": "/data/shapenet_blender/all_50_random/02958343/12941cb870df79b9815337ac44abb964/r_1",
            "rotation": 0.12566370614359174,
            "transform_matrix": [
                [
                    0.6971298456192017,
                    -0.63752281665802,
                    -0.3279855251312256,
                    -1.3221518993377686
                ],
                [
                    -0.7169448733329773,
                    -0.6199028491973877,
                    -0.3189206123352051,
                    -1.2856100797653198
                ],
                [
                    1.4901161193847656e-08,
                    0.4574766755104065,
                    -0.8892216086387634,
                    -3.584567070007324
                ],
                [
                    0.0,
                    0.0,
                    0.0,
                    1.0
                ]
            ]
        },
        {
            "file_path": "/data/shapenet_blender/all_50_random/02958343/12941cb870df79b9815337ac44abb964/r_2",
            "rotation": 0.12566370614359174,
            "transform_matrix": [
                [
                    0.1511140912771225,
                    -0.22958432137966156,
                    0.9614861607551575,
                    3.8758742809295654
                ],
                [
                    0.9885163307189941,
                    0.035096462815999985,
                    -0.14698199927806854,
                    -0.5925033092498779
                ],
                [
                    -3.7252898543727042e-09,
                    0.9726557731628418,
                    0.23225145041942596,
                    0.9362354278564453
                ],
                [
                    0.0,
                    0.0,
                    0.0,
                    1.0
                ]
            ]
        },
        {
            "file_path": "/data/shapenet_blender/all_50_random/02958343/12941cb870df79b9815337ac44abb964/r_3",
            "rotation": 0.12566370614359174,
            "transform_matrix": [
                [
                    -0.637994110584259,
                    -0.3737235367298126,
                    0.6732712388038635,
                    2.714043378829956
                ],
                [
                    0.7700412273406982,
                    -0.309637188911438,
                    0.5578182935714722,
                    2.2486376762390137
                ],
                [
                    -1.4901160305669237e-08,
                    0.874331533908844,
                    0.48532918095588684,
                    1.956424593925476
                ],
                [
                    0.0,
                    0.0,
                    0.0,
                    1.0
                ]
            ]
        },
        {
            "file_path": "/data/shapenet_blender/all_50_random/02958343/12941cb870df79b9815337ac44abb964/r_4",
            "rotation": 0.12566370614359174,
            "transform_matrix": [
                [
                    0.0879608616232872,
                    -0.24487200379371643,
                    0.9655570983886719,
                    3.892285108566284
                ],
                [
                    0.9961239099502563,
                    0.02162296697497368,
                    -0.08526172488927841,
                    -0.34370100498199463
                ],
                [
                    0.0,
                    0.9693141579627991,
                    0.2458248734474182,
                    0.9909517765045166
                ],
                [
                    0.0,
                    0.0,
                    0.0,
                    1.0
                ]
            ]
        },
        {
            "file_path": "/data/shapenet_blender/all_50_random/02958343/12941cb870df79b9815337ac44abb964/r_5",
            "rotation": 0.12566370614359174,
            "transform_matrix": [
                [
                    0.747404158115387,
                    -0.11306482553482056,
                    0.6546779870986938,
                    2.6390914916992188
                ],
                [
                    0.664369523525238,
                    0.12719595432281494,
                    -0.7365013360977173,
                    -2.9689319133758545
                ],
                [
                    7.450580152834618e-09,
                    0.9854124188423157,
                    0.17018361389636993,
                    0.6860321164131165
                ],
                [
                    0.0,
                    0.0,
                    0.0,
                    1.0
                ]
            ]
        },
        {
            "file_path": "/data/shapenet_blender/all_50_random/02958343/12941cb870df79b9815337ac44abb964/r_6",
            "rotation": 0.12566370614359174,
            "transform_matrix": [
                [
                    0.9034544825553894,
                    0.0541548952460289,
                    0.4252496361732483,
                    1.7142361402511597
                ],
                [
                    0.4286840558052063,
                    -0.11413180083036423,
                    -0.8962164521217346,
                    -3.6127641201019287
                ],
                [
                    -3.725290298461914e-09,
                    0.991988480091095,
                    -0.1263282299041748,
                    -0.5092453956604004
                ],
                [
                    0.0,
                    0.0,
                    0.0,
                    1.0
                ]
            ]
        },
        {
            "file_path": "/data/shapenet_blender/all_50_random/02958343/12941cb870df79b9815337ac44abb964/r_7",
            "rotation": 0.12566370614359174,
            "transform_matrix": [
                [
                    0.28735706210136414,
                    0.5574910640716553,
                    -0.7788642644882202,
                    -3.139702320098877
                ],
                [
                    -0.9578235745429993,
                    0.16725315153598785,
                    -0.23366740345954895,
                    -0.9419434070587158
                ],
                [
                    1.4901161193847656e-08,
                    0.8131605982780457,
                    0.582039475440979,
                    2.34627628326416
                ],
                [
                    0.0,
                    0.0,
                    0.0,
                    1.0
                ]
            ]
        },
        {
            "file_path": "/data/shapenet_blender/all_50_random/02958343/12941cb870df79b9815337ac44abb964/r_8",
            "rotation": 0.12566370614359174,
            "transform_matrix": [
                [
                    -0.13812929391860962,
                    -0.2221461832523346,
                    -0.965179443359375,
                    -3.8907628059387207
                ],
                [
                    -0.9904142618179321,
                    0.0309818834066391,
                    0.1346099078655243,
                    0.5426298975944519
                ],
                [
                    0.0,
                    0.9745210409164429,
                    -0.2242962121963501,
                    -0.9041669368743896
                ],
                [
                    0.0,
                    0.0,
                    0.0,
                    1.0
                ]
            ]
        },
        {
            "file_path": "/data/shapenet_blender/all_50_random/02958343/12941cb870df79b9815337ac44abb964/r_9",
            "rotation": 0.12566370614359174,
            "transform_matrix": [
                [
                    -0.9797996878623962,
                    0.027355406433343887,
                    -0.1981017291545868,
                    -0.7985736131668091
                ],
                [
                    -0.19998152554035187,
                    -0.13402646780014038,
                    0.9705896973609924,
                    3.912572145462036
                ],
                [
                    0.0,
                    0.9905999898910522,
                    0.1367896944284439,
                    0.5514168739318848
                ],
                [
                    0.0,
                    0.0,
                    0.0,
                    1.0
                ]
            ]
        },
        {
            "file_path": "/data/shapenet_blender/all_50_random/02958343/12941cb870df79b9815337ac44abb964/r_10",
            "rotation": 0.12566370614359174,
            "transform_matrix": [
                [
                    -0.260130375623703,
                    -0.309419184923172,
                    0.914654016494751,
                    3.6870882511138916
                ],
                [
                    0.9655735492706299,
                    -0.08335909247398376,
                    0.24641241133213043,
                    0.9933202266693115
                ],
                [
                    0.0,
                    0.947265088558197,
                    0.32045114040374756,
                    1.29177987575531
                ],
                [
                    0.0,
                    0.0,
                    0.0,
                    1.0
                ]
            ]
        },
        {
            "file_path": "/data/shapenet_blender/all_50_random/02958343/12941cb870df79b9815337ac44abb964/r_11",
            "rotation": 0.12566370614359174,
            "transform_matrix": [
                [
                    -0.9530396461486816,
                    -0.09189911931753159,
                    -0.2885653078556061,
                    -1.1632440090179443
                ],
                [
                    -0.30284547805786133,
                    0.2892019748687744,
                    0.9081006646156311,
                    3.660670757293701
                ],
                [
                    7.4505797087454084e-09,
                    0.9528467655181885,
                    -0.30345216393470764,
                    -1.2232547998428345
                ],
                [
                    0.0,
                    0.0,
                    0.0,
                    1.0
                ]
            ]
        },
        {
            "file_path": "/data/shapenet_blender/all_50_random/02958343/12941cb870df79b9815337ac44abb964/r_12",
            "rotation": 0.12566370614359174,
            "transform_matrix": [
                [
                    0.11826631426811218,
                    0.07112739980220795,
                    -0.9904311895370483,
                    -3.992555856704712
                ],
                [
                    -0.9929819107055664,
                    0.008471428416669369,
                    -0.11796251684427261,
                    -0.47552210092544556
                ],
                [
                    0.0,
                    0.9974310994148254,
                    0.07163012027740479,
                    0.2887502610683441
                ],
                [
                    0.0,
                    0.0,
                    0.0,
                    1.0
                ]
            ]
        },
        {
            "file_path": "/data/shapenet_blender/all_50_random/02958343/12941cb870df79b9815337ac44abb964/r_13",
            "rotation": 0.12566370614359174,
            "transform_matrix": [
                [
                    -0.928266704082489,
                    0.005927333142608404,
                    -0.37186792492866516,
                    -1.4990476369857788
                ],
                [
                    -0.37191519141197205,
                    -0.01479408796876669,
                    0.9281486868858337,
                    3.741487503051758
                ],
                [
                    0.0,
                    0.9998730421066284,
                    0.01593732088804245,
                    0.06424540281295776
                ],
                [
                    0.0,
                    0.0,
                    0.0,
                    1.0
                ]
            ]
        },
        {
            "file_path": "/data/shapenet_blender/all_50_random/02958343/12941cb870df79b9815337ac44abb964/r_14",
            "rotation": 0.12566370614359174,
            "transform_matrix": [
                [
                    -0.5814186334609985,
                    0.003138237865641713,
                    0.8135984539985657,
                    3.2797205448150635
                ],
                [
                    0.8136045932769775,
                    0.0022426494397222996,
                    0.5814142227172852,
                    2.3437559604644775
                ],
                [
                    1.1641532182693481e-10,
                    0.9999926090240479,
                    -0.003857202362269163,
                    -0.015548881143331528
                ],
                [
                    0.0,
                    0.0,
                    0.0,
                    1.0
                ]
            ]
        },
        {
            "file_path": "/data/shapenet_blender/all_50_random/02958343/12941cb870df79b9815337ac44abb964/r_15",
            "rotation": 0.12566370614359174,
            "transform_matrix": [
                [
                    -0.8862341046333313,
                    -0.19591131806373596,
                    0.4197711944580078,
                    1.6921519041061401
                ],
                [
                    0.4632376432418823,
                    -0.37480390071868896,
                    0.8030770421028137,
                    3.23730731010437
                ],
                [
                    0.0,
                    0.9061680436134338,
                    0.42291751503944397,
                    1.7048351764678955
                ],
                [
                    0.0,
                    0.0,
                    0.0,
                    1.0
                ]
            ]
        },
        {
            "file_path": "/data/shapenet_blender/all_50_random/02958343/12941cb870df79b9815337ac44abb964/r_16",
            "rotation": 0.12566370614359174,
            "transform_matrix": [
                [
                    0.3783915042877197,
                    0.39875391125679016,
                    0.8353533148765564,
                    3.3674168586730957
                ],
                [
                    0.925645649433136,
                    -0.16300523281097412,
                    -0.34148120880126953,
                    -1.3765547275543213
                ],
                [
                    0.0,
                    0.9024547338485718,
                    -0.4307846426963806,
                    -1.7365484237670898
                ],
                [
                    0.0,
                    0.0,
                    0.0,
                    1.0
                ]
            ]
        },
        {
            "file_path": "/data/shapenet_blender/all_50_random/02958343/12941cb870df79b9815337ac44abb964/r_17",
            "rotation": 0.12566370614359174,
            "transform_matrix": [
                [
                    -0.887192964553833,
                    0.3010387718677521,
                    -0.34966301918029785,
                    -1.4095367193222046
                ],
                [
                    -0.4613984525203705,
                    -0.5788477659225464,
                    0.6723441481590271,
                    2.71030592918396
                ],
                [
                    0.0,
                    0.7578330636024475,
                    0.6524485349655151,
                    2.6301040649414062
                ],
                [
                    0.0,
                    0.0,
                    0.0,
                    1.0
                ]
            ]
        },
        {
            "file_path": "/data/shapenet_blender/all_50_random/02958343/12941cb870df79b9815337ac44abb964/r_18",
            "rotation": 0.12566370614359174,
            "transform_matrix": [
                [
                    0.9800484776496887,
                    -0.011174414306879044,
                    0.19844423234462738,
                    0.7999542951583862
                ],
                [
                    0.1987585872411728,
                    0.05509934201836586,
                    -0.9784983992576599,
                    -3.944453239440918
                ],
                [
                    0.0,
                    0.9984182715415955,
                    0.05622103810310364,
                    0.22663424909114838
                ],
                [
                    0.0,
                    0.0,
                    0.0,
                    1.0
                ]
            ]
        },
        {
            "file_path": "/data/shapenet_blender/all_50_random/02958343/12941cb870df79b9815337ac44abb964/r_19",
            "rotation": 0.12566370614359174,
            "transform_matrix": [
                [
                    0.4233546853065491,
                    -0.7434165477752686,
                    0.5177862644195557,
                    2.087263345718384
                ],
                [
                    0.9059640169143677,
                    0.3473966717720032,
                    -0.24196022748947144,
                    -0.9753729104995728
                ],
                [
                    0.0,
                    0.5715306997299194,
                    0.8205806016921997,
                    3.307866334915161
                ],
                [
                    0.0,
                    0.0,
                    0.0,
                    1.0
                ]
            ]
        },
        {
            "file_path": "/data/shapenet_blender/all_50_random/02958343/12941cb870df79b9815337ac44abb964/r_20",
            "rotation": 0.12566370614359174,
            "transform_matrix": [
                [
                    -0.20331592857837677,
                    -0.13913314044475555,
                    -0.96917724609375,
                    -3.9068784713745117
                ],
                [
                    -0.9791132211685181,
                    0.02889143116772175,
                    0.20125268399715424,
                    0.8112755417823792
                ],
                [
                    0.0,
                    0.9898521304130554,
                    -0.14210116863250732,
                    -0.5728281140327454
                ],
                [
                    0.0,
                    0.0,
                    0.0,
                    1.0
                ]
            ]
        },
        {
            "file_path": "/data/shapenet_blender/all_50_random/02958343/12941cb870df79b9815337ac44abb964/r_21",
            "rotation": 0.12566370614359174,
            "transform_matrix": [
                [
                    0.21601195633411407,
                    0.07424462586641312,
                    0.9735639095306396,
                    3.9245612621307373
                ],
                [
                    0.9763906598091125,
                    -0.016425523906946182,
                    -0.21538658440113068,
                    -0.8682509660720825
                ],
                [
                    0.0,
                    0.9971047639846802,
                    -0.0760398805141449,
                    -0.3065265119075775
                ],
                [
                    0.0,
                    0.0,
                    0.0,
                    1.0
                ]
            ]
        },
        {
            "file_path": "/data/shapenet_blender/all_50_random/02958343/12941cb870df79b9815337ac44abb964/r_22",
            "rotation": 0.12566370614359174,
            "transform_matrix": [
                [
                    -0.9700852036476135,
                    0.04193110018968582,
                    -0.2391161173582077,
                    -0.9639078974723816
                ],
                [
                    -0.24276477098464966,
                    -0.16755616664886475,
                    0.9555051922798157,
                    3.851764678955078
                ],
                [
                    3.725290298461914e-09,
                    0.9849703311920166,
                    0.1727231740951538,
                    0.6962693929672241
                ],
                [
                    0.0,
                    0.0,
                    0.0,
                    1.0
                ]
            ]
        },
        {
            "file_path": "/data/shapenet_blender/all_50_random/02958343/12941cb870df79b9815337ac44abb964/r_23",
            "rotation": 0.12566370614359174,
            "transform_matrix": [
                [
                    0.09560776501893997,
                    0.5269241333007812,
                    0.8445175886154175,
                    3.4043595790863037
                ],
                [
                    0.9954191446304321,
                    -0.05060987174510956,
                    -0.08111400902271271,
                    -0.3269810676574707
                ],
                [
                    -3.725290742551124e-09,
                    0.8484041690826416,
                    -0.5293489098548889,
                    -2.13387393951416
                ],
                [
                    0.0,
                    0.0,
                    0.0,
                    1.0
                ]
            ]
        },
        {
            "file_path": "/data/shapenet_blender/all_50_random/02958343/12941cb870df79b9815337ac44abb964/r_24",
            "rotation": 0.12566370614359174,
            "transform_matrix": [
                [
                    0.21437042951583862,
                    -0.2509365975856781,
                    0.9439682364463806,
                    3.805257797241211
                ],
                [
                    0.9767524600028992,
                    0.05507372319698334,
                    -0.20717519521713257,
                    -0.8351500034332275
                ],
                [
                    -3.725290298461914e-09,
                    0.9664355516433716,
                    0.2569091022014618,
                    1.0356338024139404
                ],
                [
                    0.0,
                    0.0,
                    0.0,
                    1.0
                ]
            ]
        },
        {
            "file_path": "/data/shapenet_blender/all_50_random/02958343/12941cb870df79b9815337ac44abb964/r_25",
            "rotation": 0.12566370614359174,
            "transform_matrix": [
                [
                    -0.8301644325256348,
                    -0.042194467037916183,
                    -0.5559196472167969,
                    -2.2409839630126953
                ],
                [
                    -0.557518720626831,
                    0.06282899528741837,
                    0.8277832865715027,
                    3.3369016647338867
                ],
                [
                    0.0,
                    0.9971319437026978,
                    -0.07568259537220001,
                    -0.3050863444805145
                ],
                [
                    0.0,
                    0.0,
                    0.0,
                    1.0
                ]
            ]
        },
        {
            "file_path": "/data/shapenet_blender/all_50_random/02958343/12941cb870df79b9815337ac44abb964/r_26",
            "rotation": 0.12566370614359174,
            "transform_matrix": [
                [
                    0.44325393438339233,
                    0.6736757159233093,
                    -0.5913432836532593,
                    -2.3837809562683105
                ],
                [
                    -0.8963961601257324,
                    0.3331221342086792,
                    -0.2924100160598755,
                    -1.178742527961731
                ],
                [
                    0.0,
                    0.6596896052360535,
                    0.751538097858429,
                    3.0295469760894775
                ],
                [
                    0.0,
                    0.0,
                    0.0,
                    1.0
                ]
            ]
        },
        {
            "file_path": "/data/shapenet_blender/all_50_random/02958343/12941cb870df79b9815337ac44abb964/r_27",
            "rotation": 0.12566370614359174,
            "transform_matrix": [
                [
                    -0.9969232082366943,
                    -0.0364907942712307,
                    0.06937240064144135,
                    0.2796490788459778
                ],
                [
                    0.07838435471057892,
                    -0.4641042947769165,
                    0.8823055624961853,
                    3.556687593460083
                ],
                [
                    0.0,
                    0.8850286602973938,
                    0.46553662419319153,
                    1.8766381740570068
                ],
                [
                    0.0,
                    0.0,
                    0.0,
                    1.0
                ]
            ]
        },
        {
            "file_path": "/data/shapenet_blender/all_50_random/02958343/12941cb870df79b9815337ac44abb964/r_28",
            "rotation": 0.12566370614359174,
            "transform_matrix": [
                [
                    0.27892598509788513,
                    -0.6668400168418884,
                    -0.6910315752029419,
                    -2.785637378692627
                ],
                [
                    -0.9603126049041748,
                    -0.1936858892440796,
                    -0.2007124125957489,
                    -0.8090975880622864
                ],
                [
                    0.0,
                    0.7195901870727539,
                    -0.6943989396095276,
                    -2.7992117404937744
                ],
                [
                    0.0,
                    0.0,
                    0.0,
                    1.0
                ]
            ]
        },
        {
            "file_path": "/data/shapenet_blender/all_50_random/02958343/12941cb870df79b9815337ac44abb964/r_29",
            "rotation": 0.12566370614359174,
            "transform_matrix": [
                [
                    0.34999534487724304,
                    -0.08074594289064407,
                    0.9332647919654846,
                    3.762110948562622
                ],
                [
                    0.9367515444755554,
                    0.030168838798999786,
                    -0.3486926257610321,
                    -1.4056251049041748
                ],
                [
                    0.0,
                    0.9962780475616455,
                    0.08619781583547592,
                    0.3474745452404022
                ],
                [
                    0.0,
                    0.0,
                    0.0,
                    1.0
                ]
            ]
        },
        {
            "file_path": "/data/shapenet_blender/all_50_random/02958343/12941cb870df79b9815337ac44abb964/r_30",
            "rotation": 0.12566370614359174,
            "transform_matrix": [
                [
                    0.8088982105255127,
                    0.4369335472583771,
                    -0.39341166615486145,
                    -1.5858932733535767
                ],
                [
                    -0.5879486799240112,
                    0.6011319160461426,
                    -0.5412546396255493,
                    -2.1818675994873047
                ],
                [
                    -1.4901161193847656e-08,
                    0.6691259145736694,
                    0.7431489825248718,
                    2.995729684829712
                ],
                [
                    0.0,
                    0.0,
                    0.0,
                    1.0
                ]
            ]
        },
        {
            "file_path": "/data/shapenet_blender/all_50_random/02958343/12941cb870df79b9815337ac44abb964/r_31",
            "rotation": 0.12566370614359174,
            "transform_matrix": [
                [
                    0.9961807727813721,
                    -0.030708689242601395,
                    0.08173733204603195,
                    0.32949376106262207
                ],
                [
                    0.0873156189918518,
                    0.3503543436527252,
                    -0.9325383305549622,
                    -3.7591824531555176
                ],
                [
                    0.0,
                    0.936113715171814,
                    0.35169753432273865,
                    1.4177381992340088
                ],
                [
                    0.0,
                    0.0,
                    0.0,
                    1.0
                ]
            ]
        },
        {
            "file_path": "/data/shapenet_blender/all_50_random/02958343/12941cb870df79b9815337ac44abb964/r_32",
            "rotation": 0.12566370614359174,
            "transform_matrix": [
                [
                    0.14653319120407104,
                    -0.021571019664406776,
                    0.9889706373214722,
                    3.9866676330566406
                ],
                [
                    0.9892057180404663,
                    0.003195361699908972,
                    -0.14649836719036102,
                    -0.5905537605285645
                ],
                [
                    2.3283061589829401e-10,
                    0.9997621774673462,
                    0.02180640585720539,
                    0.0879044234752655
                ],
                [
                    0.0,
                    0.0,
                    0.0,
                    1.0
                ]
            ]
        },
        {
            "file_path": "/data/shapenet_blender/all_50_random/02958343/12941cb870df79b9815337ac44abb964/r_33",
            "rotation": 0.12566370614359174,
            "transform_matrix": [
                [
                    0.8033448457717896,
                    -0.38593894243240356,
                    0.4535287320613861,
                    1.8282328844070435
                ],
                [
                    0.5955142974853516,
                    0.5206290483474731,
                    -0.6118072271347046,
                    -2.4662740230560303
                ],
                [
                    0.0,
                    0.7615750432014465,
                    0.6480766534805298,
                    2.612480878829956
                ],
                [
                    0.0,
                    0.0,
                    0.0,
                    1.0
                ]
            ]
        },
        {
            "file_path": "/data/shapenet_blender/all_50_random/02958343/12941cb870df79b9815337ac44abb964/r_34",
            "rotation": 0.12566370614359174,
            "transform_matrix": [
                [
                    -0.5758317112922668,
                    -0.24835234880447388,
                    -0.7789345383644104,
                    -3.1399855613708496
                ],
                [
                    -0.8175683617591858,
                    0.17492012679576874,
                    0.5486210584640503,
                    2.211562156677246
                ],
                [
                    1.4901162970204496e-08,
                    0.9527454376220703,
                    -0.303769588470459,
                    -1.2245343923568726
                ],
                [
                    0.0,
                    0.0,
                    0.0,
                    1.0
                ]
            ]
        },
        {
            "file_path": "/data/shapenet_blender/all_50_random/02958343/12941cb870df79b9815337ac44abb964/r_35",
            "rotation": 0.12566370614359174,
            "transform_matrix": [
                [
                    -0.019350577145814896,
                    0.6014987826347351,
                    -0.7986392974853516,
                    -3.2194178104400635
                ],
                [
                    -0.9998127222061157,
                    -0.011641529388725758,
                    0.015457026660442352,
                    0.06230926513671875
                ],
                [
                    -9.313224635931761e-10,
                    0.798788845539093,
                    0.6016114354133606,
                    2.425173282623291
                ],
                [
                    0.0,
                    0.0,
                    0.0,
                    1.0
                ]
            ]
        },
        {
            "file_path": "/data/shapenet_blender/all_50_random/02958343/12941cb870df79b9815337ac44abb964/r_36",
            "rotation": 0.12566370614359174,
            "transform_matrix": [
                [
                    0.13573649525642395,
                    0.7170826196670532,
                    -0.6836432814598083,
                    -2.7558541297912598
                ],
                [
                    -0.990744948387146,
                    0.09824353456497192,
                    -0.09366220235824585,
                    -0.377564400434494
                ],
                [
                    0.0,
                    0.690029501914978,
                    0.7237812280654907,
                    2.9176554679870605
                ],
                [
                    0.0,
                    0.0,
                    0.0,
                    1.0
                ]
            ]
        },
        {
            "file_path": "/data/shapenet_blender/all_50_random/02958343/12941cb870df79b9815337ac44abb964/r_37",
            "rotation": 0.12566370614359174,
            "transform_matrix": [
                [
                    0.10521334409713745,
                    -0.19383227825164795,
                    -0.9753764271736145,
                    -3.931868076324463
                ],
                [
                    -0.9944496750831604,
                    -0.020507564768195152,
                    -0.10319537669420242,
                    -0.415993869304657
                ],
                [
                    -1.862645149230957e-09,
                    0.9808202385902405,
                    -0.19491411745548248,
                    -0.7857239246368408
                ],
                [
                    0.0,
                    0.0,
                    0.0,
                    1.0
                ]
            ]
        },
        {
            "file_path": "/data/shapenet_blender/all_50_random/02958343/12941cb870df79b9815337ac44abb964/r_38",
            "rotation": 0.12566370614359174,
            "transform_matrix": [
                [
                    -0.23770903050899506,
                    -0.22333739697933197,
                    -0.9453120231628418,
                    -3.8106746673583984
                ],
                [
                    -0.9713364243507385,
                    0.054655950516462326,
                    0.231340229511261,
                    0.9325622916221619
                ],
                [
                    3.725290298461914e-09,
                    0.9732075929641724,
                    -0.22992797195911407,
                    -0.92686927318573
                ],
                [
                    0.0,
                    0.0,
                    0.0,
                    1.0
                ]
            ]
        },
        {
            "file_path": "/data/shapenet_blender/all_50_random/02958343/12941cb870df79b9815337ac44abb964/r_39",
            "rotation": 0.12566370614359174,
            "transform_matrix": [
                [
                    0.9964320063591003,
                    -0.027049951255321503,
                    -0.07994604110717773,
                    -0.32227280735969543
                ],
                [
                    -0.08439827710390091,
                    -0.31936007738113403,
                    -0.9438676238059998,
                    -3.80485200881958
                ],
                [
                    0.0,
                    0.947247326374054,
                    -0.3205035626888275,
                    -1.2919912338256836
                ],
                [
                    0.0,
                    0.0,
                    0.0,
                    1.0
                ]
            ]
        },
        {
            "file_path": "/data/shapenet_blender/all_50_random/02958343/12941cb870df79b9815337ac44abb964/r_40",
            "rotation": 0.12566370614359174,
            "transform_matrix": [
                [
                    -0.7383014559745789,
                    -0.34269219636917114,
                    -0.5809243321418762,
                    -2.3417809009552
                ],
                [
                    -0.6744709014892578,
                    0.37512388825416565,
                    0.6359018087387085,
                    2.5634021759033203
                ],
                [
                    0.0,
                    0.8613038063049316,
                    -0.5080903768539429,
                    -2.048177719116211
                ],
                [
                    0.0,
                    0.0,
                    0.0,
                    1.0
                ]
            ]
        },
        {
            "file_path": "/data/shapenet_blender/all_50_random/02958343/12941cb870df79b9815337ac44abb964/r_41",
            "rotation": 0.12566370614359174,
            "transform_matrix": [
                [
                    0.8581182956695557,
                    0.048457589000463486,
                    -0.5111604332923889,
                    -2.060553550720215
                ],
                [
                    -0.5134522318840027,
                    0.08098579943180084,
                    -0.8542881011962891,
                    -3.4437453746795654
                ],
                [
                    -3.725290742551124e-09,
