{
    "class": "02958343",
    "model": "dd84236f0ef27765a134736201a79843",
    "remove_doubles": true,
    "edge_split": true,
    "denoise": true,
    "camera_angle_x": 0.6911112070083618,
    "scale_factor": 2.1809584641112676,
    "hdri_file": "/data/IndoorHDRDataset2018/9C4A9378-a4be8e207d.exr",
    "center_offset": [
        0.0,
        0.0,
        -5.820766091346741e-10
    ],
    "lights": [],
    "frames": [
        {
            "file_path": "/data/shapenet_blender/all_50_random/02958343/dd84236f0ef27765a134736201a79843/r_0",
            "rotation": 0.12566370614359174,
            "transform_matrix": [
                [
                    0.13974706828594208,
                    0.7767468094825745,
                    0.6141131520271301,
                    2.475569486618042
                ],
                [
                    0.9901872277259827,
                    -0.10962381213903427,
                    -0.08667100220918655,
                    -0.3493820130825043
                ],
                [
                    0.0,
                    0.6201990246772766,
                    -0.7844443917274475,
                    -3.162196636199951
                ],
                [
                    0.0,
                    0.0,
                    0.0,
                    1.0
                ]
            ]
        },
        {
            "file_path": "/data/shapenet_blender/all_50_random/02958343/dd84236f0ef27765a134736201a79843/r_1",
            "rotation": 0.12566370614359174,
            "transform_matrix": [
                [
                    -0.7450730800628662,
                    0.008761664852499962,
                    -0.6669251918792725,
                    -2.6884615421295166
                ],
                [
                    -0.6669827103614807,
                    -0.009787480346858501,
                    0.7450088262557983,
                    3.0032267570495605
                ],
                [
                    4.6566125955216364e-10,
                    0.99991375207901,
                    0.01313626766204834,
                    0.05295398831367493
                ],
                [
                    0.0,
                    0.0,
                    0.0,
                    1.0
                ]
            ]
        },
        {
            "file_path": "/data/shapenet_blender/all_50_random/02958343/dd84236f0ef27765a134736201a79843/r_2",
            "rotation": 0.12566370614359174,
            "transform_matrix": [
                [
                    -0.8046134114265442,
                    -0.2863509953022003,
                    -0.5201926231384277,
                    -2.096963882446289
                ],
                [
                    -0.5937991142272949,
                    0.38801315426826477,
                    0.7048747539520264,
                    2.8414411544799805
                ],
                [
                    0.0,
                    0.8760416507720947,
                    -0.48223546147346497,
                    -1.9439533948898315
                ],
                [
                    0.0,
                    0.0,
                    0.0,
                    1.0
                ]
            ]
        },
        {
            "file_path": "/data/shapenet_blender/all_50_random/02958343/dd84236f0ef27765a134736201a79843/r_3",
            "rotation": 0.12566370614359174,
            "transform_matrix": [
                [
                    -0.661987841129303,
                    -0.1539488136768341,
                    -0.7335338592529297,
                    -2.9569692611694336
                ],
                [
                    -0.749514639377594,
                    0.13597097992897034,
                    0.6478732824325562,
                    2.6116604804992676
                ],
                [
                    0.0,
                    0.9786785244941711,
                    -0.20539803802967072,
                    -0.8279858827590942
                ],
                [
                    0.0,
                    0.0,
                    0.0,
                    1.0
                ]
            ]
        },
        {
            "file_path": "/data/shapenet_blender/all_50_random/02958343/dd84236f0ef27765a134736201a79843/r_4",
            "rotation": 0.12566370614359174,
            "transform_matrix": [
                [
                    0.3909243941307068,
                    -0.38778138160705566,
                    0.8347476124763489,
                    3.3649754524230957
                ],
                [
                    0.9204227924346924,
                    0.1646995097398758,
                    -0.35453617572784424,
                    -1.4291810989379883
                ],
                [
                    1.4901161193847656e-08,
                    0.9069176316261292,
                    0.42130786180496216,
                    1.6983463764190674
                ],
                [
                    0.0,
                    0.0,
                    0.0,
                    1.0
                ]
            ]
        },
        {
            "file_path": "/data/shapenet_blender/all_50_random/02958343/dd84236f0ef27765a134736201a79843/r_5",
            "rotation": 0.12566370614359174,
            "transform_matrix": [
                [
                    -0.4965199828147888,
                    0.609811544418335,
                    0.6177359819412231,
                    2.490173578262329
                ],
                [
                    0.8680254220962524,
                    0.348818838596344,
                    0.3533517122268677,
                    1.4244064092636108
                ],
                [
                    0.0,
                    0.7116566896438599,
                    -0.7025273442268372,
                    -2.8319785594940186
                ],
                [
                    0.0,
                    0.0,
                    0.0,
                    1.0
                ]
            ]
        },
        {
            "file_path": "/data/shapenet_blender/all_50_random/02958343/dd84236f0ef27765a134736201a79843/r_6",
            "rotation": 0.12566370614359174,
            "transform_matrix": [
                [
                    0.6246867179870605,
                    0.460756778717041,
                    0.6304519176483154,
                    2.5414328575134277
                ],
                [
                    0.7808754444122314,
                    -0.3685974180698395,
                    -0.5043505430221558,
                    -2.033102035522461
                ],
                [
                    1.4901161193847656e-08,
                    0.8073655366897583,
                    -0.5900515913963318,
                    -2.3785741329193115
                ],
                [
                    0.0,
                    0.0,
                    0.0,
                    1.0
                ]
            ]
        },
        {
            "file_path": "/data/shapenet_blender/all_50_random/02958343/dd84236f0ef27765a134736201a79843/r_7",
            "rotation": 0.12566370614359174,
            "transform_matrix": [
                [
                    -0.215317040681839,
                    0.23247390985488892,
                    0.9484695196151733,
                    3.8234028816223145
                ],
                [
                    0.976544201374054,
                    0.051257889717817307,
                    0.20912688970565796,
                    0.8430174589157104
                ],
                [
                    -3.725290298461914e-09,
                    0.9712508916854858,
                    -0.23805777728557587,
                    -0.9596415758132935
                ],
                [
                    0.0,
                    0.0,
                    0.0,
                    1.0
                ]
            ]
        },
        {
            "file_path": "/data/shapenet_blender/all_50_random/02958343/dd84236f0ef27765a134736201a79843/r_8",
            "rotation": 0.12566370614359174,
            "transform_matrix": [
                [
                    -0.933615505695343,
                    0.11122691631317139,
                    -0.34057387709617615,
                    -1.3728972673416138
                ],
                [
                    -0.3582763969898224,
                    -0.2898409366607666,
                    0.8874853253364563,
                    3.5775678157806396
                ],
                [
                    7.450580152834618e-09,
                    0.950589656829834,
                    0.31045001745224,
                    1.2514640092849731
                ],
                [
                    0.0,
                    0.0,
                    0.0,
                    1.0
                ]
            ]
        },
        {
            "file_path": "/data/shapenet_blender/all_50_random/02958343/dd84236f0ef27765a134736201a79843/r_9",
            "rotation": 0.12566370614359174,
            "transform_matrix": [
                [
                    -0.19745491445064545,
                    0.16288533806800842,
                    -0.9666850566864014,
                    -3.89683198928833
                ],
                [
                    -0.9803120493888855,
                    -0.032808441668748856,
                    0.1947101652622223,
                    0.7849017977714539
                ],
                [
                    0.0,
                    0.9860994219779968,
                    0.16615663468837738,
                    0.6697987914085388
                ],
                [
                    0.0,
                    0.0,
                    0.0,
                    1.0
                ]
            ]
        },
        {
            "file_path": "/data/shapenet_blender/all_50_random/02958343/dd84236f0ef27765a134736201a79843/r_10",
            "rotation": 0.12566370614359174,
            "transform_matrix": [
                [
                    0.2353665828704834,
                    0.029898518696427345,
                    -0.971446692943573,
                    -3.9160268306732178
                ],
                [
                    -0.9719066619873047,
                    0.007240522652864456,
                    -0.2352551966905594,
                    -0.9483440518379211
                ],
                [
                    -4.656612873077393e-10,
                    0.9995266795158386,
                    0.030762746930122375,
                    0.12400859594345093
                ],
                [
                    0.0,
                    0.0,
                    0.0,
                    1.0
                ]
            ]
        },
        {
            "file_path": "/data/shapenet_blender/all_50_random/02958343/dd84236f0ef27765a134736201a79843/r_11",
            "rotation": 0.12566370614359174,
            "transform_matrix": [
                [
                    0.9629150629043579,
                    -0.07964346557855606,
                    -0.2577820122241974,
                    -1.0391523838043213
                ],
                [
                    -0.26980480551719666,
                    -0.2842421531677246,
                    -0.920006513595581,
                    -3.7086644172668457
                ],
                [
                    -7.450580596923828e-09,
                    0.9554388523101807,
                    -0.29518923163414,
                    -1.1899456977844238
                ],
                [
                    0.0,
                    0.0,
                    0.0,
                    1.0
                ]
            ]
        },
        {
            "file_path": "/data/shapenet_blender/all_50_random/02958343/dd84236f0ef27765a134736201a79843/r_12",
            "rotation": 0.12566370614359174,
            "transform_matrix": [
                [
                    0.26638922095298767,
                    -0.38254666328430176,
                    0.8847004175186157,
                    3.5663414001464844
                ],
                [
                    0.9638656377792358,
                    0.10572667419910431,
                    -0.24450987577438354,
                    -0.9856508374214172
                ],
                [
                    7.450581485102248e-09,
                    0.9178670048713684,
                    0.39688798785209656,
                    1.5999066829681396
                ],
                [
                    0.0,
                    0.0,
                    0.0,
                    1.0
                ]
            ]
        },
        {
            "file_path": "/data/shapenet_blender/all_50_random/02958343/dd84236f0ef27765a134736201a79843/r_13",
            "rotation": 0.12566370614359174,
            "transform_matrix": [
                [
                    0.9520591497421265,
                    0.04513297975063324,
                    0.30256637930870056,
                    1.21968412399292
                ],
                [
                    0.3059140145778656,
                    -0.14046189188957214,
                    -0.9416406154632568,
                    -3.795874834060669
                ],
                [
                    0.0,
                    0.9890568852424622,
                    -0.14753484725952148,
                    -0.5947319865226746
                ],
                [
                    0.0,
                    0.0,
                    0.0,
                    1.0
                ]
            ]
        },
        {
            "file_path": "/data/shapenet_blender/all_50_random/02958343/dd84236f0ef27765a134736201a79843/r_14",
            "rotation": 0.12566370614359174,
            "transform_matrix": [
                [
                    -0.3465099334716797,
                    0.18242956697940826,
                    -0.920136034488678,
                    -3.7091870307922363
                ],
                [
                    -0.938046395778656,
                    -0.0673886239528656,
                    0.3398939371109009,
                    1.3701562881469727
                ],
                [
                    0.0,
                    0.9809068441390991,
                    0.19447821378707886,
                    0.7839667797088623
                ],
                [
                    0.0,
                    0.0,
                    0.0,
                    1.0
                ]
            ]
        },
        {
            "file_path": "/data/shapenet_blender/all_50_random/02958343/dd84236f0ef27765a134736201a79843/r_15",
            "rotation": 0.12566370614359174,
            "transform_matrix": [
                [
                    -0.15107211470603943,
                    -0.7281438112258911,
                    0.66856849193573,
                    2.6950857639312744
                ],
                [
                    0.9885227680206299,
                    -0.11127939820289612,
                    0.10217472910881042,
                    0.4118795096874237
                ],
                [
                    7.450580596923828e-09,
                    0.6763308048248291,
                    0.7365979552268982,
                    2.9693212509155273
                ],
                [
                    0.0,
                    0.0,
                    0.0,
                    1.0
                ]
            ]
        },
        {
            "file_path": "/data/shapenet_blender/all_50_random/02958343/dd84236f0ef27765a134736201a79843/r_16",
            "rotation": 0.12566370614359174,
            "transform_matrix": [
                [
                    -0.20124870538711548,
                    -0.3736611306667328,
                    0.9054701328277588,
                    3.650067090988159
                ],
                [
                    0.979540228843689,
                    -0.07676950097084045,
                    0.18603084981441498,
                    0.7499144077301025
                ],
                [
                    -7.450581485102248e-09,
                    0.9243828058242798,
                    0.3814658224582672,
                    1.5377380847930908
                ],
                [
                    0.0,
                    0.0,
                    0.0,
                    1.0
                ]
            ]
        },
        {
            "file_path": "/data/shapenet_blender/all_50_random/02958343/dd84236f0ef27765a134736201a79843/r_17",
            "rotation": 0.12566370614359174,
            "transform_matrix": [
                [
                    -0.9997134208679199,
                    -0.013476346619427204,
                    -0.019787870347499847,
                    -0.07976746559143066
                ],
                [
                    -0.023941010236740112,
                    0.5627366900444031,
                    0.8262893557548523,
                    3.3308792114257812
                ],
                [
                    -9.31322685637781e-10,
                    0.8265263438224792,
                    -0.5628979802131653,
                    -2.2691144943237305
                ],
                [
                    0.0,
                    0.0,
                    0.0,
                    1.0
                ]
            ]
        },
        {
            "file_path": "/data/shapenet_blender/all_50_random/02958343/dd84236f0ef27765a134736201a79843/r_18",
            "rotation": 0.12566370614359174,
            "transform_matrix": [
                [
                    -0.9919704794883728,
                    -0.0031797930132597685,
                    0.12642967700958252,
                    0.5096543431282043
                ],
                [
                    0.1264696568250656,
                    -0.024940848350524902,
                    0.9916568398475647,
                    3.9974966049194336
                ],
                [
                    -2.3283064365386963e-10,
                    0.9996839165687561,
                    0.0251427311450243,
                    0.10135359317064285
                ],
                [
                    0.0,
                    0.0,
                    0.0,
                    1.0
                ]
            ]
        },
        {
            "file_path": "/data/shapenet_blender/all_50_random/02958343/dd84236f0ef27765a134736201a79843/r_19",
            "rotation": 0.12566370614359174,
            "transform_matrix": [
                [
                    -0.8790524005889893,
                    -0.16575317084789276,
                    0.44698184728622437,
                    1.8018416166305542
                ],
                [
                    0.4767252206802368,
                    -0.3056388199329376,
                    0.8242074251174927,
                    3.322486639022827
                ],
                [
                    0.0,
                    0.9376091361045837,
                    0.3476911783218384,
                    1.4015880823135376
                ],
                [
                    0.0,
                    0.0,
                    0.0,
                    1.0
                ]
            ]
        },
        {
            "file_path": "/data/shapenet_blender/all_50_random/02958343/dd84236f0ef27765a134736201a79843/r_20",
            "rotation": 0.12566370614359174,
            "transform_matrix": [
                [
                    0.37628766894340515,
                    -0.5886576771736145,
                    -0.71546471118927,
                    -2.8841304779052734
                ],
                [
                    -0.9265028834342957,
                    -0.23907600343227386,
                    -0.29057711362838745,
                    -1.171353816986084
                ],
                [
                    0.0,
                    0.7722206711769104,
                    -0.6353543400764465,
                    -2.5611953735351562
                ],
                [
                    0.0,
                    0.0,
                    0.0,
                    1.0
                ]
            ]
        },
        {
            "file_path": "/data/shapenet_blender/all_50_random/02958343/dd84236f0ef27765a134736201a79843/r_21",
            "rotation": 0.12566370614359174,
            "transform_matrix": [
                [
                    -0.9936650395393372,
                    -0.03152592480182648,
                    0.1078701987862587,
                    0.4348387122154236
                ],
                [
                    0.1123826801776886,
                    -0.2787458598613739,
                    0.9537665843963623,
                    3.8447563648223877
                ],
                [
                    -1.862645371275562e-09,
                    0.9598472714424133,
                    0.2805229425430298,
                    1.130824327468872
                ],
                [
                    0.0,
                    0.0,
                    0.0,
                    1.0
                ]
            ]
        },
        {
            "file_path": "/data/shapenet_blender/all_50_random/02958343/dd84236f0ef27765a134736201a79843/r_22",
            "rotation": 0.12566370614359174,
            "transform_matrix": [
                [
                    0.5681662559509277,
                    0.29405108094215393,
                    0.7685837745666504,
                    3.0982604026794434
                ],
                [
                    0.8229137659072876,
                    -0.20302237570285797,
                    -0.5306550860404968,
                    -2.139139175415039
                ],
                [
                    0.0,
                    0.9339784383773804,
                    -0.3573291599750519,
                    -1.4404399394989014
                ],
                [
                    0.0,
                    0.0,
                    0.0,
                    1.0
                ]
            ]
        },
        {
            "file_path": "/data/shapenet_blender/all_50_random/02958343/dd84236f0ef27765a134736201a79843/r_23",
            "rotation": 0.12566370614359174,
            "transform_matrix": [
                [
                    0.34136706590652466,
                    -0.1809222251176834,
                    0.9223533272743225,
                    3.718125104904175
                ],
                [
                    0.9399301409721375,
                    0.06570795923471451,
                    -0.3349834680557251,
                    -1.3503615856170654
                ],
                [
                    0.0,
                    0.9812999367713928,
                    0.1924847811460495,
                    0.7759310007095337
                ],
                [
                    0.0,
                    0.0,
                    0.0,
                    1.0
                ]
            ]
        },
        {
            "file_path": "/data/shapenet_blender/all_50_random/02958343/dd84236f0ef27765a134736201a79843/r_24",
            "rotation": 0.12566370614359174,
            "transform_matrix": [
                [
                    0.5096662640571594,
                    0.4670659303665161,
                    0.7225577235221863,
                    2.9127233028411865
                ],
                [
                    0.8603723049163818,
                    -0.2766799330711365,
                    -0.428027868270874,
                    -1.725435495376587
                ],
                [
                    0.0,
                    0.8398199081420898,
                    -0.5428650379180908,
                    -2.188359022140503
                ],
                [
                    0.0,
                    0.0,
                    0.0,
                    1.0
                ]
            ]
        },
        {
            "file_path": "/data/shapenet_blender/all_50_random/02958343/dd84236f0ef27765a134736201a79843/r_25",
            "rotation": 0.12566370614359174,
            "transform_matrix": [
                [
                    0.8423762321472168,
                    0.10691627115011215,
                    0.5281772017478943,
                    2.129150629043579
                ],
                [
                    0.5388898849487305,
                    -0.16712823510169983,
                    -0.8256304860115051,
                    -3.32822322845459
                ],
                [
                    -7.450580596923828e-09,
                    0.9801208972930908,
                    -0.19840092957019806,
                    -0.7997797727584839
                ],
                [
                    0.0,
                    0.0,
                    0.0,
                    1.0
                ]
            ]
        },
        {
            "file_path": "/data/shapenet_blender/all_50_random/02958343/dd84236f0ef27765a134736201a79843/r_26",
            "rotation": 0.12566370614359174,
            "transform_matrix": [
                [
                    -0.7782883644104004,
                    -0.6190190315246582,
                    -0.10527461022138596,
                    -0.4243755340576172
                ],
                [
                    -0.6279070377349854,
                    0.7672716975212097,
                    0.13048747181892395,
                    0.5260118246078491
                ],
                [
                    0.0,
                    0.1676592379808426,
                    -0.9858449697494507,
                    -3.9740681648254395
                ],
                [
                    0.0,
                    0.0,
                    0.0,
                    1.0
                ]
            ]
        },
        {
            "file_path": "/data/shapenet_blender/all_50_random/02958343/dd84236f0ef27765a134736201a79843/r_27",
            "rotation": 0.12566370614359174,
            "transform_matrix": [
                [
                    0.624264121055603,
                    -0.6064526438713074,
                    -0.49245256185531616,
                    -1.9851398468017578
                ],
                [
                    -0.7812134027481079,
                    -0.4846135377883911,
                    -0.3935166299343109,
                    -1.5863163471221924
                ],
                [
                    2.9802322387695312e-08,
                    0.6303687691688538,
                    -0.7762957215309143,
                    -3.1293482780456543
                ],
                [
                    0.0,
                    0.0,
                    0.0,
                    1.0
                ]
            ]
        },
        {
            "file_path": "/data/shapenet_blender/all_50_random/02958343/dd84236f0ef27765a134736201a79843/r_28",
            "rotation": 0.12566370614359174,
            "transform_matrix": [
                [
                    -0.9461003541946411,
                    0.2282787412405014,
                    0.22974573075771332,
                    0.9261347055435181
                ],
                [
                    0.323873907327652,
                    0.6668477654457092,
                    0.6711331009864807,
                    2.7054243087768555
                ],
                [
                    -1.4901162970204496e-08,
                    0.7093678116798401,
                    -0.7048383355140686,
                    -2.841294527053833
                ],
                [
                    0.0,
                    0.0,
                    0.0,
                    1.0
                ]
            ]
        },
        {
            "file_path": "/data/shapenet_blender/all_50_random/02958343/dd84236f0ef27765a134736201a79843/r_29",
            "rotation": 0.12566370614359174,
            "transform_matrix": [
                [
                    -0.9934041500091553,
                    0.003001525066792965,
                    -0.11462637782096863,
                    -0.4620736837387085
                ],
                [
                    -0.1146656721830368,
                    -0.02600366249680519,
                    0.9930636882781982,
                    4.003167629241943
                ],
                [
                    0.0,
                    0.9996572136878967,
                    0.026176318526268005,
                    0.1055201068520546
                ],
                [
                    0.0,
                    0.0,
                    0.0,
                    1.0
                ]
            ]
        },
        {
            "file_path": "/data/shapenet_blender/all_50_random/02958343/dd84236f0ef27765a134736201a79843/r_30",
            "rotation": 0.12566370614359174,
            "transform_matrix": [
                [
                    0.6575171947479248,
                    0.6350284814834595,
                    0.4054749310016632,
                    1.6345219612121582
                ],
                [
                    0.7534396052360535,
                    -0.5541812777519226,
                    -0.35385286808013916,
                    -1.426426649093628
                ],
                [
                    -1.4901161193847656e-08,
                    0.538165271282196,
                    -0.8428391814231873,
                    -3.3975939750671387
                ],
                [
                    0.0,
                    0.0,
                    0.0,
                    1.0
                ]
            ]
        },
        {
            "file_path": "/data/shapenet_blender/all_50_random/02958343/dd84236f0ef27765a134736201a79843/r_31",
            "rotation": 0.12566370614359174,
            "transform_matrix": [
                [
                    0.8377463817596436,
                    0.5028476715087891,
                    0.21289736032485962,
                    0.8582167029380798
                ],
                [
                    0.5460595488548279,
                    -0.7714521288871765,
                    -0.32662004232406616,
                    -1.3166475296020508
                ],
                [
                    0.0,
                    0.3898792862892151,
                    -0.9208658933639526,
                    -3.7121291160583496
                ],
                [
                    0.0,
                    0.0,
                    0.0,
                    1.0
                ]
            ]
        },
        {
            "file_path": "/data/shapenet_blender/all_50_random/02958343/dd84236f0ef27765a134736201a79843/r_32",
            "rotation": 0.12566370614359174,
            "transform_matrix": [
                [
                    -0.9955343008041382,
                    0.0350070558488369,
                    -0.08766957372426987,
                    -0.3534073233604431
                ],
                [
                    -0.09440045058727264,
                    -0.3691796064376831,
                    0.9245513081550598,
                    3.726984977722168
                ],
                [
                    0.0,
                    0.9286984801292419,
                    0.37083566188812256,
                    1.4948861598968506
                ],
                [
                    0.0,
                    0.0,
                    0.0,
                    1.0
                ]
            ]
        },
        {
            "file_path": "/data/shapenet_blender/all_50_random/02958343/dd84236f0ef27765a134736201a79843/r_33",
            "rotation": 0.12566370614359174,
            "transform_matrix": [
                [
                    0.9649360179901123,
                    -0.001101901987567544,
                    0.26248300075531006,
                    1.0581028461456299
                ],
                [
                    0.2624853253364563,
                    0.004050759598612785,
                    -0.9649274945259094,
                    -3.889746904373169
                ],
                [
                    -1.1641532182693481e-10,
                    0.9999911785125732,
                    0.004197956528514624,
                    0.01692250370979309
                ],
                [
                    0.0,
                    0.0,
                    0.0,
                    1.0
                ]
            ]
        },
        {
            "file_path": "/data/shapenet_blender/all_50_random/02958343/dd84236f0ef27765a134736201a79843/r_34",
            "rotation": 0.12566370614359174,
            "transform_matrix": [
                [
                    -0.9780641198158264,
                    -0.0023730022367089987,
                    0.2082901895046234,
                    0.8396446108818054
                ],
                [
                    0.20830367505550385,
                    -0.01114213652908802,
                    0.9780007004737854,
                    3.9424469470977783
                ],
                [
                    -2.328306020205062e-10,
                    0.9999351501464844,
                    0.01139202993363142,
                    0.045922741293907166
                ],
                [
                    0.0,
                    0.0,
                    0.0,
                    1.0
                ]
            ]
        },
        {
            "file_path": "/data/shapenet_blender/all_50_random/02958343/dd84236f0ef27765a134736201a79843/r_35",
            "rotation": 0.12566370614359174,
            "transform_matrix": [
                [
                    -0.8691741824150085,
                    0.007391589693725109,
                    0.4944508969783783,
                    1.9931952953338623
                ],
                [
                    0.4945061504840851,
                    0.012991909869015217,
                    0.8690770864486694,
                    3.503361701965332
                ],
                [
                    -4.656612873077393e-10,
                    0.9998883008956909,
                    -0.014947419986128807,
                    -0.06025497615337372
                ],
                [
                    0.0,
                    0.0,
                    0.0,
                    1.0
                ]
            ]
        },
        {
            "file_path": "/data/shapenet_blender/all_50_random/02958343/dd84236f0ef27765a134736201a79843/r_36",
            "rotation": 0.12566370614359174,
            "transform_matrix": [
                [
                    -0.623410165309906,
                    -0.28387296199798584,
                    -0.7285435795783997,
                    -2.9368534088134766
                ],
                [
                    -0.7818949222564697,
                    0.2263338565826416,
                    0.5808727741241455,
                    2.3415732383728027
                ],
                [
                    0.0,
                    0.9317666292190552,
                    -0.3630576431751251,
                    -1.4635323286056519
                ],
                [
                    0.0,
                    0.0,
                    0.0,
                    1.0
                ]
            ]
        },
        {
            "file_path": "/data/shapenet_blender/all_50_random/02958343/dd84236f0ef27765a134736201a79843/r_37",
            "rotation": 0.12566370614359174,
            "transform_matrix": [
                [
                    0.189512237906456,
                    0.6469641923904419,
                    -0.7385949492454529,
                    -2.9773714542388916
                ],
                [
                    -0.9818783402442932,
                    0.12487049400806427,
                    -0.14255613088607788,
                    -0.5746621489524841
                ],
                [
                    7.450580152834618e-09,
                    0.7522265315055847,
                    0.6589046120643616,
                    2.6561293601989746
                ],
                [
                    0.0,
                    0.0,
                    0.0,
                    1.0
                ]
            ]
        },
        {
            "file_path": "/data/shapenet_blender/all_50_random/02958343/dd84236f0ef27765a134736201a79843/r_38",
            "rotation": 0.12566370614359174,
            "transform_matrix": [
                [
                    0.7947660088539124,
                    0.25737446546554565,
                    0.5496411919593811,
                    2.21567440032959
                ],
                [
                    0.6069160103797913,
                    -0.3370358943939209,
                    -0.7197636961936951,
                    -2.9014601707458496
                ],
                [
                    1.4901161193847656e-08,
                    0.9056296944618225,
                    -0.424069344997406,
                    -1.7094782590866089
                ],
                [
                    0.0,
                    0.0,
                    0.0,
                    1.0
                ]
            ]
        },
        {
            "file_path": "/data/shapenet_blender/all_50_random/02958343/dd84236f0ef27765a134736201a79843/r_39",
            "rotation": 0.12566370614359174,
            "transform_matrix": [
                [
                    -0.7460001111030579,
                    -0.4754302203655243,
                    0.46631526947021484,
                    1.879776954650879
                ],
                [
                    0.6659459471702576,
                    -0.5325822234153748,
                    0.5223715901374817,
                    2.1057472229003906
                ],
                [
                    -1.4901164746561335e-08,
                    0.7002298831939697,
                    0.7139173150062561,
                    2.8778927326202393
                ],
                [
                    0.0,
                    0.0,
                    0.0,
                    1.0
                ]
            ]
        },
        {
            "file_path": "/data/shapenet_blender/all_50_random/02958343/dd84236f0ef27765a134736201a79843/r_40",
            "rotation": 0.12566370614359174,
            "transform_matrix": [
                [
                    0.2656034529209137,
                    -0.6762427091598511,
                    -0.6871320605278015,
                    -2.7699179649353027
                ],
                [
                    -0.9640823602676392,
                    -0.1863040030002594,
                    -0.18930400907993317,
                    -0.7631088495254517
                ],
                [
                    1.4901161193847656e-08,
                    0.7127317190170288,
                    -0.7014366984367371,
                    -2.8275818824768066
                ],
                [
                    0.0,
                    0.0,
                    0.0,
                    1.0
                ]
            ]
        },
        {
            "file_path": "/data/shapenet_blender/all_50_random/02958343/dd84236f0ef27765a134736201a79843/r_41",
            "rotation": 0.12566370614359174,
            "transform_matrix": [
                [
                    -0.14037124812602997,
                    -0.7916222810745239,
                    -0.5946679711341858,
                    -2.3971831798553467
                ],
                [
                    -0.9900988936424255,
                    0.11223223060369492,
                    0.08430904150009155,
