{
    "class": "02958343",
    "model": "ee5839537440f8b6f2e4b4084cb7a07d",
    "remove_doubles": true,
    "edge_split": true,
    "denoise": true,
    "camera_angle_x": 0.6911112070083618,
    "scale_factor": 2.2526353695317702,
    "hdri_file": "/data/IndoorHDRDataset2018/AG8A1176-026106d924.exr",
    "center_offset": [
        0.0,
        -9.313225746154785e-10,
        -3.725290298461914e-09
    ],
    "lights": [],
    "frames": [
        {
            "file_path": "/data/shapenet_blender/all_50_random/02958343/ee5839537440f8b6f2e4b4084cb7a07d/r_0",
            "rotation": 0.12566370614359174,
            "transform_matrix": [
                [
                    0.6450062394142151,
                    -0.7604447603225708,
                    0.07543670386075974,
                    0.3040950894355774
                ],
                [
                    0.7641772627830505,
                    0.6418558359146118,
                    -0.06367259472608566,
                    -0.2566724419593811
                ],
                [
                    0.0,
                    0.09871609508991241,
                    0.9951155781745911,
                    4.011439323425293
                ],
                [
                    0.0,
                    0.0,
                    0.0,
                    1.0
                ]
            ]
        },
        {
            "file_path": "/data/shapenet_blender/all_50_random/02958343/ee5839537440f8b6f2e4b4084cb7a07d/r_1",
            "rotation": 0.12566370614359174,
            "transform_matrix": [
                [
                    0.750117838382721,
                    0.5281127691268921,
                    -0.39802026748657227,
                    -1.6044710874557495
                ],
                [
                    -0.6613041758537292,
                    0.5990387201309204,
                    -0.45147469639778137,
                    -1.8199528455734253
                ],
                [
                    1.4901160305669237e-08,
                    0.6018717885017395,
                    0.7985926866531372,
                    3.2192304134368896
                ],
                [
                    0.0,
                    0.0,
                    0.0,
                    1.0
                ]
            ]
        },
        {
            "file_path": "/data/shapenet_blender/all_50_random/02958343/ee5839537440f8b6f2e4b4084cb7a07d/r_2",
            "rotation": 0.12566370614359174,
            "transform_matrix": [
                [
                    -0.4867970645427704,
                    0.5015484094619751,
                    -0.7151766419410706,
                    -2.882969617843628
                ],
                [
                    -0.8735151290893555,
                    -0.27950552105903625,
                    0.3985573649406433,
                    1.6066362857818604
                ],
                [
                    -1.4901162970204496e-08,
                    0.8187341690063477,
                    0.5741725564002991,
                    2.314563751220703
                ],
                [
                    0.0,
                    0.0,
                    0.0,
                    1.0
                ]
            ]
        },
        {
            "file_path": "/data/shapenet_blender/all_50_random/02958343/ee5839537440f8b6f2e4b4084cb7a07d/r_3",
            "rotation": 0.12566370614359174,
            "transform_matrix": [
                [
                    0.577541172504425,
                    0.02819567173719406,
                    -0.8158745169639587,
                    -3.28889536857605
                ],
                [
                    -0.8163616061210632,
                    0.019947238266468048,
                    -0.5771965384483337,
                    -2.326753616333008
                ],
                [
                    0.0,
                    0.9994032382965088,
                    0.03453821688890457,
                    0.1392280012369156
                ],
                [
                    0.0,
                    0.0,
                    0.0,
                    1.0
                ]
            ]
        },
        {
            "file_path": "/data/shapenet_blender/all_50_random/02958343/ee5839537440f8b6f2e4b4084cb7a07d/r_4",
            "rotation": 0.12566370614359174,
            "transform_matrix": [
                [
                    0.5060873031616211,
                    -0.09473040699958801,
                    0.8572641611099243,
                    3.4557418823242188
                ],
                [
                    0.8624821305274963,
                    0.055585913360118866,
                    -0.5030255317687988,
                    -2.0277605056762695
                ],
                [
                    0.0,
                    0.9939498901367188,
                    0.10983462631702423,
                    0.4427574872970581
                ],
                [
                    0.0,
                    0.0,
                    0.0,
                    1.0
                ]
            ]
        },
        {
            "file_path": "/data/shapenet_blender/all_50_random/02958343/ee5839537440f8b6f2e4b4084cb7a07d/r_5",
            "rotation": 0.12566370614359174,
            "transform_matrix": [
                [
                    0.691727876663208,
                    0.13774465024471283,
                    0.708899736404419,
                    2.857666492462158
                ],
                [
                    0.7221582531929016,
                    -0.13194036483764648,
                    -0.6790280342102051,
                    -2.7372498512268066
                ],
                [
                    1.4901161193847656e-08,
                    0.9816405177116394,
                    -0.19074024260044098,
                    -0.7688985466957092
                ],
                [
                    0.0,
                    0.0,
                    0.0,
                    1.0
                ]
            ]
        },
        {
            "file_path": "/data/shapenet_blender/all_50_random/02958343/ee5839537440f8b6f2e4b4084cb7a07d/r_6",
            "rotation": 0.12566370614359174,
            "transform_matrix": [
                [
                    0.9999637007713318,
                    -0.0026620759163051844,
                    0.008094306103885174,
                    0.032629191875457764
                ],
                [
                    0.008520823903381824,
                    0.3124086558818817,
                    -0.9499095678329468,
                    -3.8292078971862793
                ],
                [
                    2.3283067140944524e-10,
                    0.9499439001083374,
                    0.3124200701713562,
                    1.2594056129455566
                ],
                [
                    0.0,
                    0.0,
                    0.0,
                    1.0
                ]
            ]
        },
        {
            "file_path": "/data/shapenet_blender/all_50_random/02958343/ee5839537440f8b6f2e4b4084cb7a07d/r_7",
            "rotation": 0.12566370614359174,
            "transform_matrix": [
                [
                    0.12989655137062073,
                    -0.12923702597618103,
                    0.9830688834190369,
                    3.9628777503967285
                ],
                [
                    0.9915275573730469,
                    0.01693088933825493,
                    -0.12878839671611786,
                    -0.5191627144813538
                ],
                [
                    0.0,
                    0.9914690852165222,
                    0.1303413361310959,
                    0.5254228115081787
                ],
                [
                    0.0,
                    0.0,
                    0.0,
                    1.0
                ]
            ]
        },
        {
            "file_path": "/data/shapenet_blender/all_50_random/02958343/ee5839537440f8b6f2e4b4084cb7a07d/r_8",
            "rotation": 0.12566370614359174,
            "transform_matrix": [
                [
                    -0.9706061482429504,
                    -0.17133115231990814,
                    0.16902486979961395,
                    0.6813610196113586
                ],
                [
                    0.24067357182502747,
                    -0.6909568905830383,
                    0.6816559433937073,
                    2.747843027114868
                ],
                [
                    0.0,
                    0.7022993564605713,
                    0.7118818163871765,
                    2.86968731880188
                ],
                [
                    0.0,
                    0.0,
                    0.0,
                    1.0
                ]
            ]
        },
        {
            "file_path": "/data/shapenet_blender/all_50_random/02958343/ee5839537440f8b6f2e4b4084cb7a07d/r_9",
            "rotation": 0.12566370614359174,
            "transform_matrix": [
                [
                    0.46963995695114136,
                    0.678604245185852,
                    -0.564742922782898,
                    -2.2765517234802246
                ],
                [
                    -0.8828580379486084,
                    0.3609863221645355,
                    -0.30041733384132385,
                    -1.2110211849212646
                ],
                [
                    -1.4901160305669237e-08,
                    0.6396759152412415,
                    0.7686446309089661,
                    3.098506212234497
                ],
                [
                    0.0,
                    0.0,
                    0.0,
                    1.0
                ]
            ]
        },
        {
            "file_path": "/data/shapenet_blender/all_50_random/02958343/ee5839537440f8b6f2e4b4084cb7a07d/r_10",
            "rotation": 0.12566370614359174,
            "transform_matrix": [
                [
                    0.23735736310482025,
                    0.05983269587159157,
                    0.9695780277252197,
                    3.908493995666504
                ],
                [
                    0.9714223742485046,
                    -0.014619522728025913,
                    -0.2369067221879959,
                    -0.9550015330314636
                ],
                [
                    0.0,
                    0.9981013536453247,
                    -0.06159287318587303,
                    -0.2482888102531433
                ],
                [
                    0.0,
                    0.0,
                    0.0,
                    1.0
                ]
            ]
        },
        {
            "file_path": "/data/shapenet_blender/all_50_random/02958343/ee5839537440f8b6f2e4b4084cb7a07d/r_11",
            "rotation": 0.12566370614359174,
            "transform_matrix": [
                [
                    0.379825621843338,
                    0.14466612040996552,
                    -0.9136762022972107,
                    -3.6831464767456055
                ],
                [
                    -0.9250580668449402,
                    0.059399399906396866,
                    -0.37515226006507874,
                    -1.5122871398925781
                ],
                [
                    -3.725290076417309e-09,
                    0.9876960515975952,
                    0.15638595819473267,
                    0.6304119825363159
                ],
                [
                    0.0,
                    0.0,
                    0.0,
                    1.0
                ]
            ]
        },
        {
            "file_path": "/data/shapenet_blender/all_50_random/02958343/ee5839537440f8b6f2e4b4084cb7a07d/r_12",
            "rotation": 0.12566370614359174,
            "transform_matrix": [
                [
                    0.12601827085018158,
                    -0.4297063946723938,
                    -0.8941318392753601,
                    -3.604360818862915
                ],
                [
                    -0.9920279383659363,
                    -0.054586026817560196,
                    -0.11358243972063065,
                    -0.457865446805954
                ],
                [
                    -3.725290298461914e-09,
                    0.901317298412323,
                    -0.4331595301628113,
                    -1.746121883392334
                ],
                [
                    0.0,
                    0.0,
                    0.0,
                    1.0
                ]
            ]
        },
        {
            "file_path": "/data/shapenet_blender/all_50_random/02958343/ee5839537440f8b6f2e4b4084cb7a07d/r_13",
            "rotation": 0.12566370614359174,
            "transform_matrix": [
                [
                    0.9741532206535339,
                    -0.131405770778656,
                    0.18373367190361023,
                    0.7406541109085083
                ],
                [
                    0.22588832676410675,
                    0.5666930675506592,
                    -0.7923594117164612,
                    -3.1941030025482178
                ],
                [
                    0.0,
                    0.8133826851844788,
                    0.5817288756370544,
                    2.3450241088867188
                ],
                [
                    0.0,
                    0.0,
                    0.0,
                    1.0
                ]
            ]
        },
        {
            "file_path": "/data/shapenet_blender/all_50_random/02958343/ee5839537440f8b6f2e4b4084cb7a07d/r_14",
            "rotation": 0.12566370614359174,
            "transform_matrix": [
                [
                    -0.8997587561607361,
                    0.18445798754692078,
                    -0.3954862952232361,
                    -1.5942564010620117
                ],
                [
                    -0.43638765811920166,
                    -0.3803216814994812,
                    0.8154269456863403,
                    3.2870914936065674
                ],
                [
                    0.0,
                    0.9062729477882385,
                    0.4226929545402527,
                    1.7039299011230469
                ],
                [
                    0.0,
                    0.0,
                    0.0,
                    1.0
                ]
            ]
        },
        {
            "file_path": "/data/shapenet_blender/all_50_random/02958343/ee5839537440f8b6f2e4b4084cb7a07d/r_15",
            "rotation": 0.12566370614359174,
            "transform_matrix": [
                [
                    -0.609067440032959,
                    -0.6487557888031006,
                    -0.4562375545501709,
                    -1.839152455329895
                ],
                [
                    -0.793118417263031,
                    0.49820563197135925,
                    0.3503631353378296,
                    1.4123589992523193
                ],
                [
                    1.4901161193847656e-08,
                    0.575245201587677,
                    -0.8179810047149658,
                    -3.297386884689331
                ],
                [
                    0.0,
                    0.0,
                    0.0,
                    1.0
                ]
            ]
        },
        {
            "file_path": "/data/shapenet_blender/all_50_random/02958343/ee5839537440f8b6f2e4b4084cb7a07d/r_16",
            "rotation": 0.12566370614359174,
            "transform_matrix": [
                [
                    0.07602838426828384,
                    0.08657383918762207,
                    -0.9933401942253113,
                    -4.004281997680664
                ],
                [
                    -0.9971057176589966,
                    0.0066011748276650906,
                    -0.07574126124382019,
                    -0.3053227663040161
                ],
                [
                    4.6566123179658803e-10,
                    0.9962236285209656,
                    0.08682513982057571,
                    0.35000330209732056
                ],
                [
                    0.0,
                    0.0,
                    0.0,
                    1.0
                ]
            ]
        },
        {
            "file_path": "/data/shapenet_blender/all_50_random/02958343/ee5839537440f8b6f2e4b4084cb7a07d/r_17",
            "rotation": 0.12566370614359174,
            "transform_matrix": [
                [
                    0.948420524597168,
                    -0.17298586666584015,
                    -0.2656584084033966,
                    -1.0709033012390137
                ],
                [
                    -0.3170149624347687,
                    -0.5175255537033081,
                    -0.7947759628295898,
                    -3.2038443088531494
                ],
                [
                    0.0,
                    0.8379994630813599,
                    -0.5456709861755371,
                    -2.1996700763702393
                ],
                [
                    0.0,
                    0.0,
                    0.0,
                    1.0
                ]
            ]
        },
        {
            "file_path": "/data/shapenet_blender/all_50_random/02958343/ee5839537440f8b6f2e4b4084cb7a07d/r_18",
            "rotation": 0.12566370614359174,
            "transform_matrix": [
                [
                    -0.3632778823375702,
                    0.1578071415424347,
                    -0.9182188510894775,
                    -3.7014589309692383
                ],
                [
                    -0.9316808581352234,
                    -0.061531636863946915,
                    0.3580288290977478,
                    1.4432605504989624
                ],
                [
                    0.0,
                    0.9855508804321289,
                    0.16937896609306335,
                    0.6827884912490845
                ],
                [
                    0.0,
                    0.0,
                    0.0,
                    1.0
                ]
            ]
        },
        {
            "file_path": "/data/shapenet_blender/all_50_random/02958343/ee5839537440f8b6f2e4b4084cb7a07d/r_19",
            "rotation": 0.12566370614359174,
            "transform_matrix": [
                [
                    -0.7162931561470032,
                    -0.23570357263088226,
                    0.6567860841751099,
                    2.647589683532715
                ],
                [
                    0.697799563407898,
                    -0.2419503629207611,
                    0.6741926670074463,
                    2.7177577018737793
                ],
                [
                    0.0,
                    0.9412246346473694,
                    0.33778122067451477,
                    1.3616397380828857
                ],
                [
                    0.0,
                    0.0,
                    0.0,
                    1.0
                ]
            ]
        },
        {
            "file_path": "/data/shapenet_blender/all_50_random/02958343/ee5839537440f8b6f2e4b4084cb7a07d/r_20",
            "rotation": 0.12566370614359174,
            "transform_matrix": [
                [
                    -0.42317795753479004,
                    -0.8755050301551819,
                    -0.23326215147972107,
                    -0.9403098821640015
                ],
                [
                    -0.9060465097427368,
                    0.4089132249355316,
                    0.10894737392663956,
                    0.4391809403896332
                ],
                [
                    7.450580596923828e-09,
                    0.25745055079460144,
                    -0.9662913680076599,
                    -3.895245313644409
                ],
                [
                    0.0,
                    0.0,
                    0.0,
                    1.0
                ]
            ]
        },
        {
            "file_path": "/data/shapenet_blender/all_50_random/02958343/ee5839537440f8b6f2e4b4084cb7a07d/r_21",
            "rotation": 0.12566370614359174,
            "transform_matrix": [
                [
                    -0.9537991285324097,
                    0.178971529006958,
                    -0.2413223683834076,
                    -0.9728015661239624
                ],
                [
                    -0.3004451394081116,
                    -0.5681665539741516,
                    0.7661067247390747,
                    3.0882749557495117
                ],
                [
                    0.0,
                    0.8032159805297852,
                    0.5956878662109375,
                    2.401294708251953
                ],
                [
                    0.0,
                    0.0,
                    0.0,
                    1.0
                ]
            ]
        },
        {
            "file_path": "/data/shapenet_blender/all_50_random/02958343/ee5839537440f8b6f2e4b4084cb7a07d/r_22",
            "rotation": 0.12566370614359174,
            "transform_matrix": [
                [
                    -0.9880513548851013,
                    -0.016652747988700867,
                    -0.15322288870811462,
                    -0.6176612377166748
                ],
                [
                    -0.1541251689195633,
                    0.10675588995218277,
                    0.9822670221328735,
                    3.9596450328826904
                ],
                [
                    0.0,
                    0.9941458702087402,
                    -0.10804689675569534,
                    -0.4355509579181671
                ],
                [
                    0.0,
                    0.0,
                    0.0,
                    1.0
                ]
            ]
        },
        {
            "file_path": "/data/shapenet_blender/all_50_random/02958343/ee5839537440f8b6f2e4b4084cb7a07d/r_23",
            "rotation": 0.12566370614359174,
            "transform_matrix": [
                [
                    0.9999749064445496,
                    -0.0035800833720713854,
                    -0.00610369211062789,
                    -0.024604767560958862
                ],
                [
                    -0.007076160050928593,
                    -0.5059231519699097,
                    -0.8625495433807373,
                    -3.477047920227051
                ],
                [
                    0.0,
                    0.8625710606575012,
                    -0.5059359669685364,
                    -2.0394928455352783
                ],
                [
                    0.0,
                    0.0,
                    0.0,
                    1.0
                ]
            ]
        },
        {
            "file_path": "/data/shapenet_blender/all_50_random/02958343/ee5839537440f8b6f2e4b4084cb7a07d/r_24",
            "rotation": 0.12566370614359174,
            "transform_matrix": [
                [
                    -0.6260184049606323,
                    0.04713428020477295,
                    0.7783824801445007,
                    3.1377601623535156
                ],
                [
                    0.7798082232475281,
                    0.03783869743347168,
                    0.6248738169670105,
                    2.518946886062622
                ],
                [
                    -1.8626449271863521e-09,
                    0.9981716871261597,
                    -0.060443419963121414,
                    -0.2436552196741104
                ],
                [
                    0.0,
                    0.0,
                    0.0,
                    1.0
                ]
            ]
        },
        {
            "file_path": "/data/shapenet_blender/all_50_random/02958343/ee5839537440f8b6f2e4b4084cb7a07d/r_25",
            "rotation": 0.12566370614359174,
            "transform_matrix": [
                [
                    0.795711874961853,
                    0.2833734452724457,
                    -0.5352961421012878,
                    -2.1578474044799805
                ],
                [
                    -0.6056751608848572,
                    0.37228477001190186,
                    -0.7032507658004761,
                    -2.8348941802978516
                ],
                [
                    0.0,
                    0.8838005661964417,
                    0.4678638279438019,
                    1.886019229888916
                ],
                [
                    0.0,
                    0.0,
                    0.0,
                    1.0
                ]
            ]
        },
        {
            "file_path": "/data/shapenet_blender/all_50_random/02958343/ee5839537440f8b6f2e4b4084cb7a07d/r_26",
            "rotation": 0.12566370614359174,
            "transform_matrix": [
                [
                    0.909696638584137,
                    -0.08659717440605164,
                    0.40614405274391174,
                    1.6372191905975342
                ],
                [
                    0.4152735471725464,
                    0.1896994262933731,
                    -0.8896976113319397,
                    -3.5864861011505127
                ],
                [
                    7.450581485102248e-09,
                    0.9780158400535583,
                    0.20853042602539062,
                    0.840613067150116
                ],
                [
                    0.0,
                    0.0,
                    0.0,
                    1.0
                ]
            ]
        },
        {
            "file_path": "/data/shapenet_blender/all_50_random/02958343/ee5839537440f8b6f2e4b4084cb7a07d/r_27",
            "rotation": 0.12566370614359174,
            "transform_matrix": [
                [
                    -0.6212294101715088,
                    -0.15305742621421814,
                    -0.768535852432251,
                    -3.098067283630371
                ],
                [
                    -0.7836287617683411,
                    0.12133777886629105,
                    0.6092643141746521,
                    2.4560232162475586
                ],
                [
                    0.0,
                    0.9807397723197937,
                    -0.1953187882900238,
                    -0.7873553037643433
                ],
                [
                    0.0,
                    0.0,
                    0.0,
                    1.0
                ]
            ]
        },
        {
            "file_path": "/data/shapenet_blender/all_50_random/02958343/ee5839537440f8b6f2e4b4084cb7a07d/r_28",
            "rotation": 0.12566370614359174,
            "transform_matrix": [
                [
                    -0.18931865692138672,
                    0.9011330604553223,
                    0.39002275466918945,
                    1.5722320079803467
                ],
                [
                    0.9819157719612122,
                    0.17374330759048462,
                    0.07519848644733429,
                    0.3031347990036011
                ],
                [
                    0.0,
                    0.3972058892250061,
                    -0.9177294373512268,
                    -3.6994857788085938
                ],
                [
                    0.0,
                    0.0,
                    0.0,
                    1.0
                ]
            ]
        },
        {
            "file_path": "/data/shapenet_blender/all_50_random/02958343/ee5839537440f8b6f2e4b4084cb7a07d/r_29",
            "rotation": 0.12566370614359174,
            "transform_matrix": [
                [
                    -0.4652567505836487,
                    0.25218310952186584,
                    -0.8484927415847778,
                    -3.4203832149505615
                ],
                [
                    -0.8851757049560547,
                    -0.13254982233047485,
                    0.4459758400917053,
                    1.7977858781814575
                ],
                [
                    7.4505792646561986e-09,
                    0.9585584402084351,
                    0.2848961055278778,
                    1.1484527587890625
                ],
                [
                    0.0,
                    0.0,
                    0.0,
                    1.0
                ]
            ]
        },
        {
            "file_path": "/data/shapenet_blender/all_50_random/02958343/ee5839537440f8b6f2e4b4084cb7a07d/r_30",
            "rotation": 0.12566370614359174,
            "transform_matrix": [
                [
                    -0.9997751712799072,
                    -0.005317823030054569,
                    0.02052859589457512,
                    0.08275341987609863
                ],
                [
                    0.021206190809607506,
                    -0.2507110834121704,
                    0.9678296446800232,
                    3.9014461040496826
                ],
                [
                    -4.656612873077393e-10,
                    0.9680472612380981,
                    0.25076746940612793,
                    1.0108760595321655
                ],
                [
                    0.0,
                    0.0,
                    0.0,
                    1.0
                ]
            ]
        },
        {
            "file_path": "/data/shapenet_blender/all_50_random/02958343/ee5839537440f8b6f2e4b4084cb7a07d/r_31",
            "rotation": 0.12566370614359174,
            "transform_matrix": [
                [
                    0.25498515367507935,
                    0.2944771945476532,
                    -0.9210134148597717,
                    -3.712723731994629
                ],
                [
                    -0.9669449925422668,
                    0.0776541605591774,
                    -0.2428729087114334,
                    -0.979051947593689
                ],
                [
                    -7.450580596923828e-09,
                    0.9524983167648315,
                    0.3045438528060913,
                    1.2276555299758911
                ],
                [
                    0.0,
                    0.0,
                    0.0,
                    1.0
                ]
            ]
        },
        {
            "file_path": "/data/shapenet_blender/all_50_random/02958343/ee5839537440f8b6f2e4b4084cb7a07d/r_32",
            "rotation": 0.12566370614359174,
            "transform_matrix": [
                [
                    -0.30025649070739746,
                    0.20425347983837128,
                    -0.9317330718040466,
                    -3.7559361457824707
                ],
                [
                    -0.9538585543632507,
                    -0.06429509818553925,
                    0.2932918071746826,
                    1.1822971105575562
                ],
                [
                    0.0,
                    0.9768041968345642,
                    0.21413396298885345,
                    0.8632016181945801
                ],
                [
                    0.0,
                    0.0,
                    0.0,
                    1.0
                ]
            ]
        },
        {
            "file_path": "/data/shapenet_blender/all_50_random/02958343/ee5839537440f8b6f2e4b4084cb7a07d/r_33",
            "rotation": 0.12566370614359174,
            "transform_matrix": [
                [
                    0.24296343326568604,
                    0.5255987644195557,
                    0.8153003454208374,
                    3.286581039428711
                ],
                [
                    0.9700354337692261,
                    -0.13164599239826202,
                    -0.2042071670293808,
                    -0.8231855034828186
                ],
                [
                    -1.4901159417490817e-08,
                    0.8404852151870728,
                    -0.5418344736099243,
                    -2.1842048168182373
                ],
                [
                    0.0,
                    0.0,
                    0.0,
                    1.0
                ]
            ]
        },
        {
            "file_path": "/data/shapenet_blender/all_50_random/02958343/ee5839537440f8b6f2e4b4084cb7a07d/r_34",
            "rotation": 0.12566370614359174,
            "transform_matrix": [
                [
                    0.04610491171479225,
                    -0.27001136541366577,
                    0.9617526531219482,
                    3.8769490718841553
                ],
                [
                    0.9989365935325623,
                    0.012462102808058262,
                    -0.044388722628355026,
                    -0.1789366602897644
                ],
                [
                    0.0,
                    0.9627764225006104,
                    0.2702988386154175,
                    1.0896095037460327
                ],
                [
                    0.0,
                    0.0,
                    0.0,
                    1.0
                ]
            ]
        },
        {
            "file_path": "/data/shapenet_blender/all_50_random/02958343/ee5839537440f8b6f2e4b4084cb7a07d/r_35",
            "rotation": 0.12566370614359174,
            "transform_matrix": [
                [
                    0.753134548664093,
                    -0.3533894419670105,
                    0.5548911094665527,
                    2.23683762550354
                ],
                [
                    0.6578664183616638,
                    0.40456512570381165,
                    -0.635246992111206,
                    -2.560762643814087
                ],
                [
                    -1.4901161193847656e-08,
                    0.8434706926345825,
                    0.5371750593185425,
                    2.165421962738037
                ],
                [
                    0.0,
                    0.0,
                    0.0,
                    1.0
                ]
            ]
        },
        {
            "file_path": "/data/shapenet_blender/all_50_random/02958343/ee5839537440f8b6f2e4b4084cb7a07d/r_36",
            "rotation": 0.12566370614359174,
            "transform_matrix": [
                [
                    -0.7365211248397827,
                    0.27661338448524475,
                    0.6172695159912109,
                    2.488292694091797
                ],
                [
                    0.676414430141449,
                    0.3011934459209442,
                    0.6721205115318298,
                    2.709404230117798
                ],
                [
                    0.0,
                    0.9125609397888184,
                    -0.40894070267677307,
                    -1.648492455482483
                ],
                [
                    0.0,
                    0.0,
                    0.0,
                    1.0
                ]
            ]
        },
        {
            "file_path": "/data/shapenet_blender/all_50_random/02958343/ee5839537440f8b6f2e4b4084cb7a07d/r_37",
            "rotation": 0.12566370614359174,
            "transform_matrix": [
                [
                    0.9261124730110168,
                    -0.04239291325211525,
                    -0.37485799193382263,
                    -1.5111010074615479
                ],
                [
                    -0.37724754214286804,
                    -0.10407120734453201,
                    -0.9202463626861572,
                    -3.70963191986084
                ],
                [
                    0.0,
                    0.9936659336090088,
                    -0.11237426102161407,
                    -0.4529951512813568
                ],
                [
                    0.0,
                    0.0,
                    0.0,
                    1.0
                ]
            ]
        },
        {
            "file_path": "/data/shapenet_blender/all_50_random/02958343/ee5839537440f8b6f2e4b4084cb7a07d/r_38",
            "rotation": 0.12566370614359174,
            "transform_matrix": [
                [
                    0.5207591652870178,
                    -0.507416844367981,
                    0.686540424823761,
                    2.767533302307129
                ],
                [
                    0.8537036180496216,
                    0.3095242977142334,
                    -0.41878968477249146,
                    -1.6881953477859497
                ],
                [
                    0.0,
                    0.8041906952857971,
                    0.5943711996078491,
                    2.3959872722625732
                ],
                [
                    0.0,
                    0.0,
                    0.0,
                    1.0
                ]
            ]
        },
        {
            "file_path": "/data/shapenet_blender/all_50_random/02958343/ee5839537440f8b6f2e4b4084cb7a07d/r_39",
            "rotation": 0.12566370614359174,
            "transform_matrix": [
                [
                    0.2945356070995331,
                    0.3800453841686249,
                    0.87682044506073,
                    3.534576416015625
                ],
                [
                    0.9556404948234558,
                    -0.11713285744190216,
                    -0.27024269104003906,
                    -1.0893832445144653
                ],
                [
                    -1.4901161193847656e-08,
                    0.9175212383270264,
                    -0.39768657088279724,
                    -1.6031259298324585
                ],
                [
                    0.0,
                    0.0,
                    0.0,
                    1.0
                ]
            ]
        },
        {
            "file_path": "/data/shapenet_blender/all_50_random/02958343/ee5839537440f8b6f2e4b4084cb7a07d/r_40",
            "rotation": 0.12566370614359174,
            "transform_matrix": [
                [
                    -0.10210595279932022,
                    0.32484251260757446,
                    -0.9402402639389038,
                    -3.7902297973632812
                ],
                [
                    -0.9947735667228699,
                    -0.033342618495225906,
                    0.09650852531194687,
                    0.3890382945537567
                ],
                [
                    0.0,
                    0.9451802372932434,
                    0.3265492022037506,
                    1.316361904144287
                ],
                [
                    0.0,
                    0.0,
                    0.0,
                    1.0
                ]
            ]
        },
        {
            "file_path": "/data/shapenet_blender/all_50_random/02958343/ee5839537440f8b6f2e4b4084cb7a07d/r_41",
            "rotation": 0.12566370614359174,
            "transform_matrix": [
                [
                    -0.9788520336151123,
                    0.17937585711479187,
                    0.09835226088762283,
                    0.3964706361293793
                ],
                [
                    0.2045699805021286,
                    0.8583000898361206,
                    0.4706082046031952,
                    1.8970823287963867
                ],
                [
