{
    "class": "02958343",
    "model": "bbaef5a610b0b4d5368f3995546e59c8",
    "remove_doubles": true,
    "edge_split": true,
    "denoise": true,
    "camera_angle_x": 0.6911112070083618,
    "scale_factor": 2.243794937677549,
    "hdri_file": "/data/IndoorHDRDataset2018/AG8A9487-46c13d2ea9.exr",
    "center_offset": [
        0.0,
        0.0,
        0.0
    ],
    "lights": [],
    "frames": [
        {
            "file_path": "/data/shapenet_blender/all_50_random/02958343/bbaef5a610b0b4d5368f3995546e59c8/r_0",
            "rotation": 0.12566370614359174,
            "transform_matrix": [
                [
                    0.2688819169998169,
                    0.5400894284248352,
                    -0.7974997162818909,
                    -3.2148241996765137
                ],
                [
                    -0.9631732106208801,
                    0.15077276527881622,
                    -0.22263206541538239,
                    -0.897458553314209
                ],
                [
                    7.450581485102248e-09,
                    0.8279920220375061,
                    0.5607397556304932,
                    2.2604143619537354
                ],
                [
                    0.0,
                    0.0,
                    0.0,
                    1.0
                ]
            ]
        },
        {
            "file_path": "/data/shapenet_blender/all_50_random/02958343/bbaef5a610b0b4d5368f3995546e59c8/r_1",
            "rotation": 0.12566370614359174,
            "transform_matrix": [
                [
                    -0.20988917350769043,
                    0.3413354754447937,
                    -0.9162077307701111,
                    -3.6933512687683105
                ],
                [
                    -0.9777252078056335,
                    -0.07327479869127274,
                    0.1966831535100937,
                    0.7928551435470581
                ],
                [
                    0.0,
                    0.937080979347229,
                    0.3491118848323822,
                    1.4073150157928467
                ],
                [
                    0.0,
                    0.0,
                    0.0,
                    1.0
                ]
            ]
        },
        {
            "file_path": "/data/shapenet_blender/all_50_random/02958343/bbaef5a610b0b4d5368f3995546e59c8/r_2",
            "rotation": 0.12566370614359174,
            "transform_matrix": [
                [
                    0.9803508520126343,
                    -0.000212398954317905,
                    -0.19726136326789856,
                    -0.7951860427856445
                ],
                [
                    -0.1972614824771881,
                    -0.0010555810295045376,
                    -0.9803502559661865,
                    -3.951918601989746
                ],
                [
                    0.0,
                    0.9999994039535522,
                    -0.0010767378844320774,
                    -0.004340469837188721
                ],
                [
                    0.0,
                    0.0,
                    0.0,
                    1.0
                ]
            ]
        },
        {
            "file_path": "/data/shapenet_blender/all_50_random/02958343/bbaef5a610b0b4d5368f3995546e59c8/r_3",
            "rotation": 0.12566370614359174,
            "transform_matrix": [
                [
                    -0.23566289246082306,
                    -0.7105563282966614,
                    0.6630027890205383,
                    2.672649621963501
                ],
                [
                    0.9718347787857056,
                    -0.17230476438999176,
                    0.1607733815908432,
                    0.6480982303619385
                ],
                [
                    0.0,
                    0.682217538356781,
                    0.7311492562294006,
                    2.947356939315796
                ],
                [
                    0.0,
                    0.0,
                    0.0,
                    1.0
                ]
            ]
        },
        {
            "file_path": "/data/shapenet_blender/all_50_random/02958343/bbaef5a610b0b4d5368f3995546e59c8/r_4",
            "rotation": 0.12566370614359174,
            "transform_matrix": [
                [
                    0.8955214023590088,
                    0.3049905598163605,
                    -0.32407146692276,
                    -1.3063738346099854
                ],
                [
                    -0.4450186491012573,
                    0.6137396097183228,
                    -0.6521365642547607,
                    -2.6288466453552246
                ],
                [
                    0.0,
                    0.7282198667526245,
                    0.6853434443473816,
                    2.7627077102661133
                ],
                [
                    0.0,
                    0.0,
                    0.0,
                    1.0
                ]
            ]
        },
        {
            "file_path": "/data/shapenet_blender/all_50_random/02958343/bbaef5a610b0b4d5368f3995546e59c8/r_5",
            "rotation": 0.12566370614359174,
            "transform_matrix": [
                [
                    -0.8967156410217285,
                    -0.08948171883821487,
                    0.43346744775772095,
                    1.7473633289337158
                ],
                [
                    0.4426070749759674,
                    -0.1812886893749237,
                    0.8781988620758057,
                    3.540132999420166
                ],
                [
                    0.0,
                    0.9793504476547241,
                    0.20216962695121765,
                    0.8149718642234802
                ],
                [
                    0.0,
                    0.0,
                    0.0,
                    1.0
                ]
            ]
        },
        {
            "file_path": "/data/shapenet_blender/all_50_random/02958343/bbaef5a610b0b4d5368f3995546e59c8/r_6",
            "rotation": 0.12566370614359174,
            "transform_matrix": [
                [
                    0.4810877740383148,
                    -0.05062723159790039,
                    -0.875209391117096,
                    -3.5280816555023193
                ],
                [
                    -0.8766724467277527,
                    -0.027782486751675606,
                    -0.4802848994731903,
                    -1.9360902309417725
                ],
                [
                    1.862645149230957e-09,
                    0.9983310103416443,
                    -0.05774931609630585,
                    -0.23279492557048798
                ],
                [
                    0.0,
                    0.0,
                    0.0,
                    1.0
                ]
            ]
        },
        {
            "file_path": "/data/shapenet_blender/all_50_random/02958343/bbaef5a610b0b4d5368f3995546e59c8/r_7",
            "rotation": 0.12566370614359174,
            "transform_matrix": [
                [
                    0.1315402239561081,
                    -0.6094626784324646,
                    0.7818262577056885,
                    3.1516425609588623
                ],
                [
                    0.9913108944892883,
                    0.08087155967950821,
                    -0.10374303162097931,
                    -0.4182015359401703
                ],
                [
                    -7.450581485102248e-09,
                    0.788679301738739,
                    0.6148048639297485,
                    2.4783577919006348
                ],
                [
                    0.0,
                    0.0,
                    0.0,
                    1.0
                ]
            ]
        },
        {
            "file_path": "/data/shapenet_blender/all_50_random/02958343/bbaef5a610b0b4d5368f3995546e59c8/r_8",
            "rotation": 0.12566370614359174,
            "transform_matrix": [
                [
                    0.36569681763648987,
                    0.43212658166885376,
                    0.8243375420570374,
                    3.3230109214782715
                ],
                [
                    0.9307340979576111,
                    -0.16978783905506134,
                    -0.3238923251628876,
                    -1.3056517839431763
                ],
                [
                    1.4901162970204496e-08,
                    0.885685384273529,
                    -0.46428585052490234,
                    -1.871596097946167
                ],
                [
                    0.0,
                    0.0,
                    0.0,
                    1.0
                ]
            ]
        },
        {
            "file_path": "/data/shapenet_blender/all_50_random/02958343/bbaef5a610b0b4d5368f3995546e59c8/r_9",
            "rotation": 0.12566370614359174,
            "transform_matrix": [
                [
                    0.16029584407806396,
                    -0.08035273849964142,
                    0.9837930202484131,
                    3.96579647064209
                ],
                [
                    0.9870691299438477,
                    0.013048943132162094,
                    -0.15976381301879883,
                    -0.6440285444259644
                ],
                [
                    9.31322685637781e-10,
                    0.9966810345649719,
                    0.0814053937792778,
                    0.32815563678741455
                ],
                [
                    0.0,
                    0.0,
                    0.0,
                    1.0
                ]
            ]
        },
        {
            "file_path": "/data/shapenet_blender/all_50_random/02958343/bbaef5a610b0b4d5368f3995546e59c8/r_10",
            "rotation": 0.12566370614359174,
            "transform_matrix": [
                [
                    -0.4119262397289276,
                    -0.5293307304382324,
                    0.7417046427726746,
                    2.9899070262908936
                ],
                [
                    0.911217212677002,
                    -0.2392900586128235,
                    0.3352961242198944,
                    1.3516218662261963
                ],
                [
                    0.0,
                    0.813971221446991,
                    0.5809051394462585,
                    2.341703414916992
                ],
                [
                    0.0,
                    0.0,
                    0.0,
                    1.0
                ]
            ]
        },
        {
            "file_path": "/data/shapenet_blender/all_50_random/02958343/bbaef5a610b0b4d5368f3995546e59c8/r_11",
            "rotation": 0.12566370614359174,
            "transform_matrix": [
                [
                    0.8475074172019958,
                    0.009548347443342209,
                    0.5306976437568665,
                    2.139310598373413
                ],
                [
                    0.5307835340499878,
                    -0.015245943330228329,
                    -0.8473703265190125,
                    -3.4158589839935303
                ],
                [
                    0.0,
                    0.99983811378479,
                    -0.017989158630371094,
                    -0.07251662015914917
                ],
                [
                    0.0,
                    0.0,
                    0.0,
                    1.0
                ]
            ]
        },
        {
            "file_path": "/data/shapenet_blender/all_50_random/02958343/bbaef5a610b0b4d5368f3995546e59c8/r_12",
            "rotation": 0.12566370614359174,
            "transform_matrix": [
                [
                    0.9982408881187439,
                    0.041209667921066284,
                    0.042624518275260925,
                    0.17182493209838867
                ],
                [
                    0.05928817018866539,
                    -0.6938513517379761,
                    -0.7176733613014221,
                    -2.893033742904663
                ],
                [
                    -1.862645149230957e-09,
                    0.7189379930496216,
                    -0.6950741410255432,
                    -2.801933526992798
                ],
                [
                    0.0,
                    0.0,
                    0.0,
                    1.0
                ]
            ]
        },
        {
            "file_path": "/data/shapenet_blender/all_50_random/02958343/bbaef5a610b0b4d5368f3995546e59c8/r_13",
            "rotation": 0.12566370614359174,
            "transform_matrix": [
                [
                    0.4535761773586273,
                    0.5564258694648743,
                    -0.6961745023727417,
                    -2.8063690662384033
                ],
                [
                    -0.8912175893783569,
                    0.28318729996681213,
                    -0.3543109595775604,
                    -1.4282732009887695
                ],
                [
                    -1.4901162970204496e-08,
                    0.7811498641967773,
                    0.6243435144424438,
                    2.5168092250823975
                ],
                [
                    0.0,
                    0.0,
                    0.0,
                    1.0
                ]
            ]
        },
        {
            "file_path": "/data/shapenet_blender/all_50_random/02958343/bbaef5a610b0b4d5368f3995546e59c8/r_14",
            "rotation": 0.12566370614359174,
            "transform_matrix": [
                [
                    0.46114596724510193,
                    0.06554765999317169,
                    0.8848999738693237,
                    3.567145586013794
                ],
                [
                    0.8873242735862732,
                    -0.034065380692481995,
                    -0.4598860442638397,
                    -1.853859782218933
                ],
                [
                    0.0,
                    0.9972677826881409,
                    -0.07387114316225052,
                    -0.29778409004211426
                ],
                [
                    0.0,
                    0.0,
                    0.0,
                    1.0
                ]
            ]
        },
        {
            "file_path": "/data/shapenet_blender/all_50_random/02958343/bbaef5a610b0b4d5368f3995546e59c8/r_15",
            "rotation": 0.12566370614359174,
            "transform_matrix": [
                [
                    0.5328920483589172,
                    0.5835772156715393,
                    0.6127508878707886,
                    2.4700777530670166
                ],
                [
                    0.8461833000183105,
                    -0.36751335859298706,
                    -0.3858857750892639,
                    -1.5555553436279297
                ],
                [
                    0.0,
                    0.7241349816322327,
                    -0.6896582245826721,
                    -2.7801012992858887
                ],
                [
                    0.0,
                    0.0,
                    0.0,
                    1.0
                ]
            ]
        },
        {
            "file_path": "/data/shapenet_blender/all_50_random/02958343/bbaef5a610b0b4d5368f3995546e59c8/r_16",
            "rotation": 0.12566370614359174,
            "transform_matrix": [
                [
                    0.19333982467651367,
                    0.18751473724842072,
                    -0.9630460739135742,
                    -3.8821632862091064
                ],
                [
                    -0.981131911277771,
                    0.03695126622915268,
                    -0.18977585434913635,
                    -0.7650110721588135
                ],
                [
                    0.0,
                    0.9815664887428284,
                    0.19112080335617065,
                    0.770432710647583
                ],
                [
                    0.0,
                    0.0,
                    0.0,
                    1.0
                ]
            ]
        },
        {
            "file_path": "/data/shapenet_blender/all_50_random/02958343/bbaef5a610b0b4d5368f3995546e59c8/r_17",
            "rotation": 0.12566370614359174,
            "transform_matrix": [
                [
                    0.01693439669907093,
                    -0.5164886713027954,
                    0.8561264276504517,
                    3.4511563777923584
                ],
                [
                    0.99985671043396,
                    0.008747678250074387,
                    -0.014500061981379986,
                    -0.05845162272453308
                ],
                [
                    -9.313227966600834e-10,
                    0.8562492728233337,
                    0.5165627002716064,
                    2.0823311805725098
                ],
                [
                    0.0,
                    0.0,
                    0.0,
                    1.0
                ]
            ]
        },
        {
            "file_path": "/data/shapenet_blender/all_50_random/02958343/bbaef5a610b0b4d5368f3995546e59c8/r_18",
            "rotation": 0.12566370614359174,
            "transform_matrix": [
                [
                    -0.4588918089866638,
                    0.3493470847606659,
                    -0.8169301152229309,
                    -3.2931509017944336
                ],
                [
                    -0.888492226600647,
                    -0.18043209612369537,
                    0.4219311475753784,
                    1.7008589506149292
                ],
                [
                    0.0,
                    0.9194568395614624,
                    0.3931909203529358,
                    1.58500337600708
                ],
                [
                    0.0,
                    0.0,
                    0.0,
                    1.0
                ]
            ]
        },
        {
            "file_path": "/data/shapenet_blender/all_50_random/02958343/bbaef5a610b0b4d5368f3995546e59c8/r_19",
            "rotation": 0.12566370614359174,
            "transform_matrix": [
                [
                    -0.8530442714691162,
                    -0.16613823175430298,
                    0.4946853220462799,
                    1.994140386581421
                ],
                [
                    0.5218386054039001,
                    -0.27158448100090027,
                    0.8086570501327515,
                    3.259801149368286
                ],
                [
                    0.0,
                    0.9479661583900452,
                    0.31837087869644165,
                    1.28339421749115
                ],
                [
                    0.0,
                    0.0,
                    0.0,
                    1.0
                ]
            ]
        },
        {
            "file_path": "/data/shapenet_blender/all_50_random/02958343/bbaef5a610b0b4d5368f3995546e59c8/r_20",
            "rotation": 0.12566370614359174,
            "transform_matrix": [
                [
                    -0.84867262840271,
                    -0.49439138174057007,
                    -0.1879679262638092,
                    -0.7577229738235474
                ],
                [
                    -0.5289185047149658,
                    0.7932723164558411,
                    0.30160269141197205,
                    1.215799331665039
                ],
                [
                    -1.4901161193847656e-08,
                    0.355381578207016,
                    -0.9347212910652161,
                    -3.767982006072998
                ],
                [
                    0.0,
                    0.0,
                    0.0,
                    1.0
                ]
            ]
        },
        {
            "file_path": "/data/shapenet_blender/all_50_random/02958343/bbaef5a610b0b4d5368f3995546e59c8/r_21",
            "rotation": 0.12566370614359174,
            "transform_matrix": [
                [
                    -0.18917609751224518,
                    -0.2695956826210022,
                    0.9442089796066284,
                    3.8062281608581543
                ],
                [
                    0.9819432497024536,
                    -0.051938898861408234,
                    0.18190640211105347,
                    0.7332881689071655
                ],
                [
                    -7.450581485102248e-09,
                    0.9615718722343445,
                    0.27455320954322815,
                    1.1067594289779663
                ],
                [
                    0.0,
                    0.0,
                    0.0,
                    1.0
                ]
            ]
        },
        {
            "file_path": "/data/shapenet_blender/all_50_random/02958343/bbaef5a610b0b4d5368f3995546e59c8/r_22",
            "rotation": 0.12566370614359174,
            "transform_matrix": [
                [
                    0.26873788237571716,
                    0.6215195059776306,
                    -0.7358624339103699,
                    -2.9663562774658203
                ],
                [
                    -0.9632132649421692,
                    0.17340482771396637,
                    -0.20530666410923004,
                    -0.8276176452636719
                ],
                [
                    0.0,
                    0.7639661431312561,
                    0.6452563405036926,
                    2.60111141204834
                ],
                [
                    0.0,
                    0.0,
                    0.0,
                    1.0
                ]
            ]
        },
        {
            "file_path": "/data/shapenet_blender/all_50_random/02958343/bbaef5a610b0b4d5368f3995546e59c8/r_23",
            "rotation": 0.12566370614359174,
            "transform_matrix": [
                [
                    -0.49194642901420593,
                    0.8342640995979309,
                    0.24898231029510498,
                    1.0036797523498535
                ],
                [
                    0.8706255555152893,
                    0.4714004099369049,
                    0.14068728685379028,
                    0.567128598690033
                ],
                [
                    0.0,
                    0.28598088026046753,
                    -0.9582353234291077,
                    -3.862769842147827
                ],
                [
                    0.0,
                    0.0,
                    0.0,
                    1.0
                ]
            ]
        },
        {
            "file_path": "/data/shapenet_blender/all_50_random/02958343/bbaef5a610b0b4d5368f3995546e59c8/r_24",
            "rotation": 0.12566370614359174,
            "transform_matrix": [
                [
                    -0.9980995059013367,
                    -0.005418931134045124,
                    -0.06138524413108826,
                    -0.24745184183120728
                ],
                [
                    -0.06162397190928459,
                    0.0877683162689209,
                    0.9942328929901123,
                    4.007881164550781
                ],
                [
                    0.0,
                    0.9961260557174683,
                    -0.0879354476928711,
                    -0.3544791638851166
                ],
                [
                    0.0,
                    0.0,
                    0.0,
                    1.0
                ]
            ]
        },
        {
            "file_path": "/data/shapenet_blender/all_50_random/02958343/bbaef5a610b0b4d5368f3995546e59c8/r_25",
            "rotation": 0.12566370614359174,
            "transform_matrix": [
                [
                    0.31741762161254883,
                    -0.6679481267929077,
                    0.6731206774711609,
                    2.7134361267089844
                ],
                [
                    0.9482858180999756,
                    0.22358079254627228,
                    -0.22531218826770782,
                    -0.9082624912261963
                ],
                [
                    0.0,
                    0.7098289132118225,
                    0.7043741941452026,
                    2.839423179626465
                ],
                [
                    0.0,
                    0.0,
                    0.0,
                    1.0
                ]
            ]
        },
        {
            "file_path": "/data/shapenet_blender/all_50_random/02958343/bbaef5a610b0b4d5368f3995546e59c8/r_26",
            "rotation": 0.12566370614359174,
            "transform_matrix": [
                [
                    0.28497663140296936,
                    -0.5337798595428467,
                    0.7961577773094177,
                    3.2094149589538574
                ],
                [
                    0.9585344791412354,
                    0.15869517624378204,
                    -0.23670130968093872,
                    -0.9541735649108887
                ],
                [
                    -1.4901162970204496e-08,
                    0.8305989503860474,
                    0.5568708181381226,
                    2.2448182106018066
                ],
                [
                    0.0,
                    0.0,
                    0.0,
                    1.0
                ]
            ]
        },
        {
            "file_path": "/data/shapenet_blender/all_50_random/02958343/bbaef5a610b0b4d5368f3995546e59c8/r_27",
            "rotation": 0.12566370614359174,
            "transform_matrix": [
                [
                    0.6360255479812622,
                    -0.08236943185329437,
                    0.7672592401504517,
                    3.092921018600464
                ],
                [
                    0.7716680765151978,
                    0.06789067387580872,
                    -0.6323917508125305,
                    -2.54925274848938
                ],
                [
                    3.725290742551124e-09,
                    0.9942866563796997,
                    0.10674206912517548,
                    0.4302910566329956
                ],
                [
                    0.0,
                    0.0,
                    0.0,
                    1.0
                ]
            ]
        },
        {
            "file_path": "/data/shapenet_blender/all_50_random/02958343/bbaef5a610b0b4d5368f3995546e59c8/r_28",
            "rotation": 0.12566370614359174,
            "transform_matrix": [
                [
                    0.6647614240646362,
                    -0.04070108011364937,
                    0.7459462285041809,
                    3.007004976272583
                ],
                [
                    0.7470557689666748,
                    0.036217521876096725,
                    -0.6637741327285767,
                    -2.6757588386535645
                ],
                [
                    1.8626449271863521e-09,
                    0.9985147714614868,
                    0.05448198691010475,
                    0.2196238934993744
                ],
                [
                    0.0,
                    0.0,
                    0.0,
                    1.0
                ]
            ]
        },
        {
            "file_path": "/data/shapenet_blender/all_50_random/02958343/bbaef5a610b0b4d5368f3995546e59c8/r_29",
            "rotation": 0.12566370614359174,
            "transform_matrix": [
                [
                    -0.9981552958488464,
                    0.024819904938340187,
                    0.05540689453482628,
                    0.2233523428440094
                ],
                [
                    0.06071203202009201,
                    0.4080594778060913,
                    0.9109344482421875,
                    3.6720941066741943
                ],
                [
                    -1.8626450382086546e-09,
                    0.9126178622245789,
                    -0.40881359577178955,
                    -1.6479803323745728
                ],
                [
                    0.0,
                    0.0,
                    0.0,
                    1.0
                ]
            ]
        },
        {
            "file_path": "/data/shapenet_blender/all_50_random/02958343/bbaef5a610b0b4d5368f3995546e59c8/r_30",
            "rotation": 0.12566370614359174,
            "transform_matrix": [
                [
                    -0.9654937982559204,
                    -0.20669053494930267,
                    -0.1584324836730957,
                    -0.6386617422103882
                ],
                [
                    -0.26042625308036804,
                    0.7662761211395264,
                    0.5873661637306213,
                    2.367748737335205
                ],
                [
                    0.0,
                    0.6083582639694214,
                    -0.7936624884605408,
                    -3.1993558406829834
                ],
                [
                    0.0,
                    0.0,
                    0.0,
                    1.0
                ]
            ]
        },
        {
            "file_path": "/data/shapenet_blender/all_50_random/02958343/bbaef5a610b0b4d5368f3995546e59c8/r_31",
            "rotation": 0.12566370614359174,
            "transform_matrix": [
                [
                    -0.030272847041487694,
                    0.6665905117988586,
                    0.7448090314865112,
                    3.0024213790893555
                ],
                [
                    0.999541699886322,
                    0.020188847556710243,
                    0.022557830438017845,
                    0.09093353152275085
                ],
                [
                    0.0,
                    0.7451505661010742,
                    -0.6668961048126221,
                    -2.6883444786071777
                ],
                [
                    0.0,
                    0.0,
                    0.0,
                    1.0
                ]
            ]
        },
        {
            "file_path": "/data/shapenet_blender/all_50_random/02958343/bbaef5a610b0b4d5368f3995546e59c8/r_32",
            "rotation": 0.12566370614359174,
            "transform_matrix": [
                [
                    -0.3076540529727936,
                    0.6738204956054688,
                    0.6717997193336487,
                    2.70811128616333
                ],
                [
                    0.9514983892440796,
                    0.21787071228027344,
                    0.21721729636192322,
                    0.8756309151649475
                ],
                [
                    -1.4901162970204496e-08,
                    0.7060440182685852,
                    -0.7081679105758667,
                    -2.8547160625457764
                ],
                [
                    0.0,
                    0.0,
                    0.0,
                    1.0
                ]
            ]
        },
        {
            "file_path": "/data/shapenet_blender/all_50_random/02958343/bbaef5a610b0b4d5368f3995546e59c8/r_33",
            "rotation": 0.12566370614359174,
            "transform_matrix": [
                [
                    0.3489801585674286,
                    -0.2368541955947876,
                    0.9067043662071228,
                    3.6550424098968506
                ],
                [
                    0.9371301531791687,
                    0.08820270746946335,
                    -0.3376498222351074,
                    -1.3611100912094116
                ],
                [
                    0.0,
                    0.9675331711769104,
                    0.2527441382408142,
                    1.0188443660736084
                ],
                [
                    0.0,
                    0.0,
                    0.0,
                    1.0
                ]
            ]
        },
        {
            "file_path": "/data/shapenet_blender/all_50_random/02958343/bbaef5a610b0b4d5368f3995546e59c8/r_34",
            "rotation": 0.12566370614359174,
            "transform_matrix": [
                [
                    -0.06515245139598846,
                    0.8506507277488708,
                    0.5216785669326782,
                    2.1029536724090576
                ],
                [
                    0.9978753924369812,
                    0.05553998425602913,
                    0.0340610072016716,
                    0.13730430603027344
                ],
                [
                    1.862645149230957e-09,
                    0.5227892398834229,
                    -0.8524619340896606,
                    -3.4363839626312256
                ],
                [
                    0.0,
                    0.0,
                    0.0,
                    1.0
                ]
            ]
        },
        {
            "file_path": "/data/shapenet_blender/all_50_random/02958343/bbaef5a610b0b4d5368f3995546e59c8/r_35",
            "rotation": 0.12566370614359174,
            "transform_matrix": [
                [
                    -0.9891229867935181,
                    0.09374718368053436,
                    0.11334610730409622,
                    0.4569128155708313
                ],
                [
                    0.14709138870239258,
                    0.6304073333740234,
                    0.762201189994812,
                    3.0725314617156982
                ],
                [
                    0.0,
                    0.770582914352417,
                    -0.63733971118927,
                    -2.5691988468170166
                ],
                [
                    0.0,
                    0.0,
                    0.0,
                    1.0
                ]
            ]
        },
        {
            "file_path": "/data/shapenet_blender/all_50_random/02958343/bbaef5a610b0b4d5368f3995546e59c8/r_36",
            "rotation": 0.12566370614359174,
            "transform_matrix": [
                [
                    0.8810814619064331,
                    -0.4378153383731842,
                    -0.17892277240753174,
                    -0.7212608456611633
                ],
                [
                    -0.4729647934436798,
                    -0.8156018853187561,
                    -0.3333134651184082,
                    -1.3436297178268433
                ],
                [
                    -1.4901162970204496e-08,
                    0.37830057740211487,
                    -0.925682783126831,
                    -3.7315468788146973
                ],
                [
                    0.0,
                    0.0,
                    0.0,
                    1.0
                ]
            ]
        },
        {
            "file_path": "/data/shapenet_blender/all_50_random/02958343/bbaef5a610b0b4d5368f3995546e59c8/r_37",
            "rotation": 0.12566370614359174,
            "transform_matrix": [
                [
                    -0.6754770874977112,
                    0.6985400319099426,
                    -0.2361622005701065,
                    -0.9520003199577332
                ],
                [
                    -0.7373810410499573,
                    -0.639896810054779,
                    0.21633610129356384,
                    0.8720787763595581
                ],
                [
                    -1.4901162970204496e-08,
                    0.32027149200439453,
                    0.9473257064819336,
                    3.8187923431396484
                ],
                [
                    0.0,
                    0.0,
                    0.0,
                    1.0
                ]
            ]
        },
        {
            "file_path": "/data/shapenet_blender/all_50_random/02958343/bbaef5a610b0b4d5368f3995546e59c8/r_38",
            "rotation": 0.12566370614359174,
            "transform_matrix": [
                [
                    -0.9783483147621155,
                    -0.09202691167593002,
                    -0.1853795349597931,
                    -0.7472887635231018
                ],
                [
                    -0.20696502923965454,
                    0.43502214550971985,
                    0.8763111233711243,
                    3.5325229167938232
                ],
                [
                    -7.450580152834618e-09,
                    0.8957045078277588,
                    -0.4446496069431305,
                    -1.7924398183822632
                ],
                [
                    0.0,
                    0.0,
                    0.0,
                    1.0
                ]
            ]
        },
        {
            "file_path": "/data/shapenet_blender/all_50_random/02958343/bbaef5a610b0b4d5368f3995546e59c8/r_39",
            "rotation": 0.12566370614359174,
            "transform_matrix": [
                [
                    0.7400826215744019,
                    0.6449124813079834,
                    -0.1906978040933609,
                    -0.7687274217605591
                ],
                [
                    -0.6725159883499146,
                    0.7097058296203613,
                    -0.20985691249370575,
                    -0.845960259437561
                ],
                [
                    0.0,
                    0.2835586369037628,
                    0.9589548707008362,
                    3.865670680999756
                ],
                [
                    0.0,
                    0.0,
                    0.0,
                    1.0
                ]
            ]
        },
        {
            "file_path": "/data/shapenet_blender/all_50_random/02958343/bbaef5a610b0b4d5368f3995546e59c8/r_40",
            "rotation": 0.12566370614359174,
            "transform_matrix": [
                [
                    0.9946972131729126,
                    0.06890544295310974,
                    0.07635121792554855,
                    0.3077816069126129
                ],
                [
                    0.10284682363271713,
                    -0.6664285063743591,
                    -0.7384412884712219,
                    -2.9767520427703857
                ],
                [
                    3.725290298461914e-09,
                    0.7423779368400574,
                    -0.6699813008308411,
                    -2.7007811069488525
                ],
                [
                    0.0,
                    0.0,
                    0.0,
                    1.0
                ]
            ]
        },
        {
            "file_path": "/data/shapenet_blender/all_50_random/02958343/bbaef5a610b0b4d5368f3995546e59c8/r_41",
            "rotation": 0.12566370614359174,
            "transform_matrix": [
                [
                    -0.8919454216957092,
                    -0.2977848947048187,
                    -0.3402312994003296,
                    -1.3715163469314575
                ],
                [
                    -0.4521429240703583,
                    0.5874423384666443,
                    0.6711766123771667,
                    2.705599784851074
                ],
                [
                    1.4901160305669237e-08,
