{
    "class": "02958343",
    "model": "fd5a6dd153a455bdb112e5ac235c21b7",
    "remove_doubles": true,
    "edge_split": true,
    "denoise": true,
    "camera_angle_x": 0.6911112070083618,
    "scale_factor": 2.23163729796457,
    "hdri_file": "/data/IndoorHDRDataset2018/AG8A0235-646e01f309.exr",
    "center_offset": [
        0.0,
        0.0,
        1.3969838619232178e-09
    ],
    "lights": [],
    "frames": [
        {
            "file_path": "/data/shapenet_blender/all_50_random/02958343/fd5a6dd153a455bdb112e5ac235c21b7/r_0",
            "rotation": 0.12566370614359174,
            "transform_matrix": [
                [
                    -0.5833824276924133,
                    0.5619534254074097,
                    0.5864070057868958,
                    2.363882541656494
                ],
                [
                    0.8121976256370544,
                    0.40363791584968567,
                    0.42120233178138733,
                    1.6979210376739502
                ],
                [
                    0.0,
                    0.7220004200935364,
                    -0.6918925046920776,
                    -2.7891080379486084
                ],
                [
                    0.0,
                    0.0,
                    0.0,
                    1.0
                ]
            ]
        },
        {
            "file_path": "/data/shapenet_blender/all_50_random/02958343/fd5a6dd153a455bdb112e5ac235c21b7/r_1",
            "rotation": 0.12566370614359174,
            "transform_matrix": [
                [
                    -0.2045135498046875,
                    -0.11941839754581451,
                    -0.9715520739555359,
                    -3.9164514541625977
                ],
                [
                    -0.9788636565208435,
                    0.02495003305375576,
                    0.202985942363739,
                    0.8182624578475952
                ],
                [
                    0.0,
                    0.9925304651260376,
                    -0.12199696153402328,
                    -0.49178546667099
                ],
                [
                    0.0,
                    0.0,
                    0.0,
                    1.0
                ]
            ]
        },
        {
            "file_path": "/data/shapenet_blender/all_50_random/02958343/fd5a6dd153a455bdb112e5ac235c21b7/r_2",
            "rotation": 0.12566370614359174,
            "transform_matrix": [
                [
                    -0.6309642195701599,
                    0.5492890477180481,
                    0.5478737950325012,
                    2.208549976348877
                ],
                [
                    0.775812029838562,
                    0.446734219789505,
                    0.4455832242965698,
                    1.796203374862671
                ],
                [
                    1.4901162970204496e-08,
                    0.7061940431594849,
                    -0.7080182433128357,
                    -2.8541128635406494
                ],
                [
                    0.0,
                    0.0,
                    0.0,
                    1.0
                ]
            ]
        },
        {
            "file_path": "/data/shapenet_blender/all_50_random/02958343/fd5a6dd153a455bdb112e5ac235c21b7/r_3",
            "rotation": 0.12566370614359174,
            "transform_matrix": [
                [
                    -0.23279112577438354,
                    0.8008784055709839,
                    -0.5517264008522034,
                    -2.2240805625915527
                ],
                [
                    -0.9725267291069031,
                    -0.1917041391134262,
                    0.1320652812719345,
                    0.532372236251831
                ],
                [
                    -7.450580152834618e-09,
                    0.5673123598098755,
                    0.8235026001930237,
                    3.319645404815674
                ],
                [
                    0.0,
                    0.0,
                    0.0,
                    1.0
                ]
            ]
        },
        {
            "file_path": "/data/shapenet_blender/all_50_random/02958343/fd5a6dd153a455bdb112e5ac235c21b7/r_4",
            "rotation": 0.12566370614359174,
            "transform_matrix": [
                [
                    -0.6417045593261719,
                    0.6433972716331482,
                    -0.4174387454986572,
                    -1.6827493906021118
                ],
                [
                    -0.766951858997345,
                    -0.5383270978927612,
                    0.3492688238620758,
                    1.4079476594924927
                ],
                [
                    2.9802322387695312e-08,
                    0.544282853603363,
                    0.838901698589325,
                    3.381721019744873
                ],
                [
                    0.0,
                    0.0,
                    0.0,
                    1.0
                ]
            ]
        },
        {
            "file_path": "/data/shapenet_blender/all_50_random/02958343/fd5a6dd153a455bdb112e5ac235c21b7/r_5",
            "rotation": 0.12566370614359174,
            "transform_matrix": [
                [
                    0.8376325964927673,
                    0.2404843419790268,
                    -0.4904477298259735,
                    -1.9770580530166626
                ],
                [
                    -0.546234130859375,
                    0.36877501010894775,
                    -0.7520859241485596,
                    -3.0317554473876953
                ],
                [
                    -1.4901162970204496e-08,
                    0.8978708982467651,
                    0.4402587413787842,
                    1.7747397422790527
                ],
                [
                    0.0,
                    0.0,
                    0.0,
                    1.0
                ]
            ]
        },
        {
            "file_path": "/data/shapenet_blender/all_50_random/02958343/fd5a6dd153a455bdb112e5ac235c21b7/r_6",
            "rotation": 0.12566370614359174,
            "transform_matrix": [
                [
                    0.6909857392311096,
                    -0.6232705116271973,
                    0.36615920066833496,
                    1.4760349988937378
                ],
                [
                    0.7228683233261108,
                    0.5957807302474976,
                    -0.3500095009803772,
                    -1.4109333753585815
                ],
                [
                    0.0,
                    0.5065364837646484,
                    0.8622184991836548,
                    3.4757139682769775
                ],
                [
                    0.0,
                    0.0,
                    0.0,
                    1.0
                ]
            ]
        },
        {
            "file_path": "/data/shapenet_blender/all_50_random/02958343/fd5a6dd153a455bdb112e5ac235c21b7/r_7",
            "rotation": 0.12566370614359174,
            "transform_matrix": [
                [
                    -0.9948974251747131,
                    -0.040066711604595184,
                    0.09259471297264099,
                    0.3732612133026123
                ],
                [
                    0.10089163482189178,
                    -0.39509984850883484,
                    0.9130810499191284,
                    3.6807475090026855
                ],
                [
                    3.7252898543727042e-09,
                    0.9177640676498413,
                    0.397126168012619,
                    1.6008667945861816
                ],
                [
                    0.0,
                    0.0,
                    0.0,
                    1.0
                ]
            ]
        },
        {
            "file_path": "/data/shapenet_blender/all_50_random/02958343/fd5a6dd153a455bdb112e5ac235c21b7/r_8",
            "rotation": 0.12566370614359174,
            "transform_matrix": [
                [
                    0.2443501055240631,
                    0.02519071474671364,
                    0.9693597555160522,
                    3.907614231109619
                ],
                [
                    0.9696871638298035,
                    -0.006347773130983114,
                    -0.24426761269569397,
                    -0.9846742153167725
                ],
                [
                    0.0,
                    0.9996623396873474,
                    -0.025978192687034607,
                    -0.10472144186496735
                ],
                [
                    0.0,
                    0.0,
                    0.0,
                    1.0
                ]
            ]
        },
        {
            "file_path": "/data/shapenet_blender/all_50_random/02958343/fd5a6dd153a455bdb112e5ac235c21b7/r_9",
            "rotation": 0.12566370614359174,
            "transform_matrix": [
                [
                    -0.16683520376682281,
                    -0.29017457365989685,
                    -0.9423187971115112,
                    -3.7986085414886475
                ],
                [
                    -0.985984742641449,
                    0.04909947142004967,
                    0.1594466269016266,
                    0.6427499055862427
                ],
                [
                    -3.725290076417309e-09,
                    0.9557133913040161,
                    -0.2942992150783539,
                    -1.186358094215393
                ],
                [
                    0.0,
                    0.0,
                    0.0,
                    1.0
                ]
            ]
        },
        {
            "file_path": "/data/shapenet_blender/all_50_random/02958343/fd5a6dd153a455bdb112e5ac235c21b7/r_10",
            "rotation": 0.12566370614359174,
            "transform_matrix": [
                [
                    0.6922102570533752,
                    0.006055410485714674,
                    -0.7216705083847046,
                    -2.909146785736084
                ],
                [
                    -0.7216959595680237,
                    0.005808009300380945,
                    -0.6921858191490173,
                    -2.790290355682373
                ],
                [
                    -4.656612873077393e-10,
                    0.9999648928642273,
                    0.008390527218580246,
                    0.033823296427726746
                ],
                [
                    0.0,
                    0.0,
                    0.0,
                    1.0
                ]
            ]
        },
        {
            "file_path": "/data/shapenet_blender/all_50_random/02958343/fd5a6dd153a455bdb112e5ac235c21b7/r_11",
            "rotation": 0.12566370614359174,
            "transform_matrix": [
                [
                    -0.5156227946281433,
                    0.04187098145484924,
                    -0.8557919859886169,
                    -3.449808120727539
                ],
                [
                    -0.8568158149719238,
                    -0.025197520852088928,
                    0.5150066614151001,
                    2.0760583877563477
                ],
                [
                    0.0,
                    0.9988051056861877,
                    0.04886813834309578,
                    0.19699378311634064
                ],
                [
                    0.0,
                    0.0,
                    0.0,
                    1.0
                ]
            ]
        },
        {
            "file_path": "/data/shapenet_blender/all_50_random/02958343/fd5a6dd153a455bdb112e5ac235c21b7/r_12",
            "rotation": 0.12566370614359174,
            "transform_matrix": [
                [
                    -0.24825574457645416,
                    -0.25255826115608215,
                    -0.9351916313171387,
                    -3.7698781490325928
                ],
                [
                    -0.9686946272850037,
                    0.06472528725862503,
                    0.23966963589191437,
                    0.9661391973495483
                ],
                [
                    0.0,
                    0.9654144048690796,
                    -0.2607201933860779,
                    -1.0509966611862183
                ],
                [
                    0.0,
                    0.0,
                    0.0,
                    1.0
                ]
            ]
        },
        {
            "file_path": "/data/shapenet_blender/all_50_random/02958343/fd5a6dd153a455bdb112e5ac235c21b7/r_13",
            "rotation": 0.12566370614359174,
            "transform_matrix": [
                [
                    0.5508584380149841,
                    0.7250390648841858,
                    -0.4133683443069458,
                    -1.6663410663604736
                ],
                [
                    -0.8345987796783447,
                    0.47854602336883545,
                    -0.2728346288204193,
                    -1.0998315811157227
                ],
                [
                    1.4901162970204496e-08,
                    0.4952898621559143,
                    0.8687276840209961,
                    3.501953363418579
                ],
                [
                    0.0,
                    0.0,
                    0.0,
                    1.0
                ]
            ]
        },
        {
            "file_path": "/data/shapenet_blender/all_50_random/02958343/fd5a6dd153a455bdb112e5ac235c21b7/r_14",
            "rotation": 0.12566370614359174,
            "transform_matrix": [
                [
                    -0.7805840969085693,
                    0.577581524848938,
                    -0.2389310598373413,
                    -0.9631618857383728
                ],
                [
                    -0.6250508427619934,
                    -0.72130286693573,
                    0.29838496446609497,
                    1.202828288078308
                ],
                [
                    -1.4901161193847656e-08,
                    0.3822585344314575,
                    0.9240553975105286,
                    3.7249865531921387
                ],
                [
                    0.0,
                    0.0,
                    0.0,
                    1.0
                ]
            ]
        },
        {
            "file_path": "/data/shapenet_blender/all_50_random/02958343/fd5a6dd153a455bdb112e5ac235c21b7/r_15",
            "rotation": 0.12566370614359174,
            "transform_matrix": [
                [
                    0.8881197571754456,
                    0.3716078996658325,
                    0.2704642117023468,
                    1.0902762413024902
                ],
                [
                    0.4596121907234192,
                    -0.7180669903755188,
                    -0.5226245522499084,
                    -2.106767177581787
                ],
                [
                    0.0,
                    0.5884618163108826,
                    -0.8085249066352844,
                    -3.259268283843994
                ],
                [
                    0.0,
                    0.0,
                    0.0,
                    1.0
                ]
            ]
        },
        {
            "file_path": "/data/shapenet_blender/all_50_random/02958343/fd5a6dd153a455bdb112e5ac235c21b7/r_16",
            "rotation": 0.12566370614359174,
            "transform_matrix": [
                [
                    -0.9913330078125,
                    0.03886302188038826,
                    0.12549349665641785,
                    0.5058804750442505
                ],
                [
                    0.131373330950737,
                    0.29325735569000244,
                    0.9469642043113708,
                    3.8173348903656006
                ],
                [
                    0.0,
                    0.9552432894706726,
                    -0.29582124948501587,
                    -1.1924935579299927
                ],
                [
                    0.0,
                    0.0,
                    0.0,
                    1.0
                ]
            ]
        },
        {
            "file_path": "/data/shapenet_blender/all_50_random/02958343/fd5a6dd153a455bdb112e5ac235c21b7/r_17",
            "rotation": 0.12566370614359174,
            "transform_matrix": [
                [
                    0.0190239530056715,
                    -0.04598433896899223,
                    -0.9987610578536987,
                    -4.026134490966797
                ],
                [
                    -0.9998190402984619,
                    -0.0008749621920287609,
                    -0.019003821536898613,
                    -0.0766068547964096
                ],
                [
                    0.0,
                    0.9989416599273682,
                    -0.045992668718099594,
                    -0.18540237843990326
                ],
                [
                    0.0,
                    0.0,
                    0.0,
                    1.0
                ]
            ]
        },
        {
            "file_path": "/data/shapenet_blender/all_50_random/02958343/fd5a6dd153a455bdb112e5ac235c21b7/r_18",
            "rotation": 0.12566370614359174,
            "transform_matrix": [
                [
                    -0.10528232157230377,
                    0.8431942462921143,
                    0.5271992683410645,
                    2.1252081394195557
                ],
                [
                    0.9944424629211426,
                    0.08926956355571747,
                    0.0558149553835392,
                    0.22499728202819824
                ],
                [
                    0.0,
                    0.5301454663276672,
                    -0.8479066491127014,
                    -3.4180209636688232
                ],
                [
                    0.0,
                    0.0,
                    0.0,
                    1.0
                ]
            ]
        },
        {
            "file_path": "/data/shapenet_blender/all_50_random/02958343/fd5a6dd153a455bdb112e5ac235c21b7/r_19",
            "rotation": 0.12566370614359174,
            "transform_matrix": [
                [
                    0.015776559710502625,
                    0.42575058341026306,
                    0.9047028422355652,
                    3.6469743251800537
                ],
                [
                    0.999875545501709,
                    -0.006717716343700886,
                    -0.014274876564741135,
                    -0.05754387378692627
                ],
                [
                    0.0,
                    0.9048154950141907,
                    -0.4258035719394684,
                    -1.7164692878723145
                ],
                [
                    0.0,
                    0.0,
                    0.0,
                    1.0
                ]
            ]
        },
        {
            "file_path": "/data/shapenet_blender/all_50_random/02958343/fd5a6dd153a455bdb112e5ac235c21b7/r_20",
            "rotation": 0.12566370614359174,
            "transform_matrix": [
                [
                    -0.7971085906028748,
                    0.5592944622039795,
                    -0.22761237621307373,
                    -0.9175348281860352
                ],
                [
                    -0.6038357615470886,
                    -0.7383107542991638,
                    0.30046546459198,
                    1.2112150192260742
                ],
                [
                    0.0,
                    0.37694424390792847,
                    0.9262360334396362,
                    3.733776807785034
                ],
                [
                    0.0,
                    0.0,
                    0.0,
                    1.0
                ]
            ]
        },
        {
            "file_path": "/data/shapenet_blender/all_50_random/02958343/fd5a6dd153a455bdb112e5ac235c21b7/r_21",
            "rotation": 0.12566370614359174,
            "transform_matrix": [
                [
                    -0.5404369235038757,
                    0.15160015225410461,
                    -0.8276142477989197,
                    -3.3362197875976562
                ],
                [
                    -0.8413846492767334,
                    -0.09737559407949448,
                    0.5315919518470764,
                    2.142915725708008
                ],
                [
                    -7.450581485102248e-09,
                    0.9836337566375732,
                    0.1801794022321701,
                    0.7263264060020447
                ],
                [
                    0.0,
                    0.0,
                    0.0,
                    1.0
                ]
            ]
        },
        {
            "file_path": "/data/shapenet_blender/all_50_random/02958343/fd5a6dd153a455bdb112e5ac235c21b7/r_22",
            "rotation": 0.12566370614359174,
            "transform_matrix": [
                [
                    -0.7766718864440918,
                    -0.31677547097206116,
                    0.5444575548171997,
                    2.1947786808013916
                ],
                [
                    0.6299053430557251,
                    -0.39058345556259155,
                    0.6713149547576904,
                    2.7061572074890137
                ],
                [
                    0.0,
                    0.8643481731414795,
                    0.5028937458992004,
                    2.0272295475006104
                ],
                [
                    0.0,
                    0.0,
                    0.0,
                    1.0
                ]
            ]
        },
        {
            "file_path": "/data/shapenet_blender/all_50_random/02958343/fd5a6dd153a455bdb112e5ac235c21b7/r_23",
            "rotation": 0.12566370614359174,
            "transform_matrix": [
                [
                    -0.8750724792480469,
                    0.23577235639095306,
                    -0.4226815700531006,
                    -1.7038838863372803
                ],
                [
                    -0.4839920997619629,
                    -0.426283597946167,
                    0.7642211318016052,
                    3.080673933029175
                ],
                [
                    0.0,
                    0.8733233213424683,
                    0.487140953540802,
                    1.9637279510498047
                ],
                [
                    0.0,
                    0.0,
                    0.0,
                    1.0
                ]
            ]
        },
        {
            "file_path": "/data/shapenet_blender/all_50_random/02958343/fd5a6dd153a455bdb112e5ac235c21b7/r_24",
            "rotation": 0.12566370614359174,
            "transform_matrix": [
                [
                    -0.6855824589729309,
                    -0.46674004197120667,
                    -0.5586863160133362,
                    -2.252136468887329
                ],
                [
                    -0.7279949188232422,
                    0.4395481050014496,
                    0.52613765001297,
                    2.1209287643432617
                ],
                [
                    0.0,
                    0.7674316167831421,
                    -0.641130805015564,
                    -2.5844810009002686
                ],
                [
                    0.0,
                    0.0,
                    0.0,
                    1.0
                ]
            ]
        },
        {
            "file_path": "/data/shapenet_blender/all_50_random/02958343/fd5a6dd153a455bdb112e5ac235c21b7/r_25",
            "rotation": 0.12566370614359174,
            "transform_matrix": [
                [
                    -0.564294695854187,
                    0.38696345686912537,
                    -0.7292672395706177,
                    -2.939770460128784
                ],
                [
                    -0.8255735039710999,
                    -0.2644966244697571,
                    0.4984675943851471,
                    2.009387254714966
                ],
                [
                    0.0,
                    0.8833462595939636,
                    0.46872079372406006,
                    1.8894740343093872
                ],
                [
                    0.0,
                    0.0,
                    0.0,
                    1.0
                ]
            ]
        },
        {
            "file_path": "/data/shapenet_blender/all_50_random/02958343/fd5a6dd153a455bdb112e5ac235c21b7/r_26",
            "rotation": 0.12566370614359174,
            "transform_matrix": [
                [
                    -0.9995245337486267,
                    -0.018864966928958893,
                    0.024389412254095078,
                    0.09831686317920685
                ],
                [
                    0.030833914875984192,
                    -0.6115342974662781,
                    0.7906169295310974,
                    3.1870787143707275
                ],
                [
                    0.0,
                    0.7909929156303406,
                    0.6118252277374268,
                    2.466346263885498
                ],
                [
                    0.0,
                    0.0,
                    0.0,
                    1.0
                ]
            ]
        },
        {
            "file_path": "/data/shapenet_blender/all_50_random/02958343/fd5a6dd153a455bdb112e5ac235c21b7/r_27",
            "rotation": 0.12566370614359174,
            "transform_matrix": [
                [
                    0.9011126160621643,
                    -0.14150995016098022,
                    0.4098427891731262,
                    1.6521292924880981
                ],
                [
                    0.43358537554740906,
                    0.29409757256507874,
                    -0.8517688512802124,
                    -3.4335904121398926
                ],
                [
                    0.0,
                    0.9452415704727173,
                    0.32637161016464233,
                    1.3156461715698242
                ],
                [
                    0.0,
                    0.0,
                    0.0,
                    1.0
                ]
            ]
        },
        {
            "file_path": "/data/shapenet_blender/all_50_random/02958343/fd5a6dd153a455bdb112e5ac235c21b7/r_28",
            "rotation": 0.12566370614359174,
            "transform_matrix": [
                [
                    -0.7952877879142761,
                    -0.23965494334697723,
                    -0.556850790977478,
                    -2.2447376251220703
                ],
                [
                    -0.6062321066856384,
                    0.31439220905303955,
                    0.7305067181587219,
                    2.9447669982910156
                ],
                [
                    1.4901162970204496e-08,
                    0.918543815612793,
                    -0.39531880617141724,
                    -1.593581199645996
                ],
                [
                    0.0,
                    0.0,
                    0.0,
                    1.0
                ]
            ]
        },
        {
            "file_path": "/data/shapenet_blender/all_50_random/02958343/fd5a6dd153a455bdb112e5ac235c21b7/r_29",
            "rotation": 0.12566370614359174,
            "transform_matrix": [
                [
                    -0.42711055278778076,
                    0.5883548259735107,
                    -0.686596691608429,
                    -2.7677600383758545
                ],
                [
                    -0.904199481010437,
                    -0.27791717648506165,
                    0.32432302832603455,
                    1.3073880672454834
                ],
                [
                    0.0,
                    0.7593421936035156,
                    0.6506913900375366,
                    2.623021125793457
                ],
                [
                    0.0,
                    0.0,
                    0.0,
                    1.0
                ]
            ]
        },
        {
            "file_path": "/data/shapenet_blender/all_50_random/02958343/fd5a6dd153a455bdb112e5ac235c21b7/r_30",
            "rotation": 0.12566370614359174,
            "transform_matrix": [
                [
                    -0.4367964267730713,
                    0.10723856836557388,
                    0.8931454420089722,
                    3.600384473800659
                ],
                [
                    0.8995605111122131,
                    0.052071452140808105,
                    0.433681458234787,
                    1.7482259273529053
                ],
                [
                    -3.725290742551124e-09,
                    0.9928688406944275,
                    -0.11921218782663345,
                    -0.48055970668792725
                ],
                [
                    0.0,
                    0.0,
                    0.0,
                    1.0
                ]
            ]
        },
        {
            "file_path": "/data/shapenet_blender/all_50_random/02958343/fd5a6dd153a455bdb112e5ac235c21b7/r_31",
            "rotation": 0.12566370614359174,
            "transform_matrix": [
                [
                    -0.4635452926158905,
                    0.05707652494311333,
                    -0.8842329978942871,
                    -3.5644571781158447
                ],
                [
                    -0.8860731720924377,
                    -0.029859336093068123,
                    0.46258264780044556,
                    1.8647302389144897
                ],
                [
                    0.0,
                    0.9979230761528015,
                    0.06441514194011688,
                    0.25966575741767883
                ],
                [
                    0.0,
                    0.0,
                    0.0,
                    1.0
                ]
            ]
        },
        {
            "file_path": "/data/shapenet_blender/all_50_random/02958343/fd5a6dd153a455bdb112e5ac235c21b7/r_32",
            "rotation": 0.12566370614359174,
            "transform_matrix": [
                [
                    -0.9452599287033081,
                    0.3034735918045044,
                    0.11994814872741699,
                    0.48352646827697754
                ],
                [
                    0.32631856203079224,
                    0.8790839910507202,
                    0.3474585711956024,
                    1.4006502628326416
                ],
                [
                    0.0,
                    0.36757993698120117,
                    -0.9299919009208679,
                    -3.7489173412323
                ],
                [
                    0.0,
                    0.0,
                    0.0,
                    1.0
                ]
            ]
        },
        {
            "file_path": "/data/shapenet_blender/all_50_random/02958343/fd5a6dd153a455bdb112e5ac235c21b7/r_33",
            "rotation": 0.12566370614359174,
            "transform_matrix": [
                [
                    0.7916272282600403,
                    -0.06445188820362091,
                    0.6075955629348755,
                    2.449295997619629
                ],
                [
                    0.6110044717788696,
                    0.08350490033626556,
                    -0.7872105836868286,
                    -3.1733474731445312
                ],
                [
                    3.725290298461914e-09,
                    0.9944208860397339,
                    0.10548514872789383,
                    0.425224244594574
                ],
                [
                    0.0,
                    0.0,
                    0.0,
                    1.0
                ]
            ]
        },
        {
            "file_path": "/data/shapenet_blender/all_50_random/02958343/fd5a6dd153a455bdb112e5ac235c21b7/r_34",
            "rotation": 0.12566370614359174,
            "transform_matrix": [
                [
                    -0.9787877202033997,
                    0.010619807057082653,
                    0.20460186898708344,
                    0.8247765898704529
                ],
                [
                    0.2048773318529129,
                    0.05073541775345802,
                    0.9774717688560486,
                    3.940315008163452
                ],
                [
                    0.0,
                    0.9986556172370911,
                    -0.05183495953679085,
                    -0.20895342528820038
                ],
                [
                    0.0,
                    0.0,
                    0.0,
                    1.0
                ]
            ]
        },
        {
            "file_path": "/data/shapenet_blender/all_50_random/02958343/fd5a6dd153a455bdb112e5ac235c21b7/r_35",
            "rotation": 0.12566370614359174,
            "transform_matrix": [
                [
                    -0.22367337346076965,
                    0.008415213786065578,
                    -0.9746277928352356,
                    -3.9288504123687744
                ],
                [
                    -0.9746640920639038,
                    -0.0019311876967549324,
                    0.2236650437116623,
                    0.9016226530075073
                ],
                [
                    0.0,
                    0.9999627470970154,
                    0.008633961901068687,
                    0.03480461239814758
                ],
                [
                    0.0,
                    0.0,
                    0.0,
                    1.0
                ]
            ]
        },
        {
            "file_path": "/data/shapenet_blender/all_50_random/02958343/fd5a6dd153a455bdb112e5ac235c21b7/r_36",
            "rotation": 0.12566370614359174,
            "transform_matrix": [
                [
                    0.9995306134223938,
                    0.00980896595865488,
                    -0.029021674767136574,
                    -0.1169901192188263
                ],
                [
                    -0.03063451498746872,
                    0.32004299759864807,
                    -0.9469075202941895,
                    -3.8171064853668213
                ],
                [
                    0.0,
                    0.9473521709442139,
                    0.3201932907104492,
                    1.2907406091690063
                ],
                [
                    0.0,
                    0.0,
                    0.0,
                    1.0
                ]
            ]
        },
        {
            "file_path": "/data/shapenet_blender/all_50_random/02958343/fd5a6dd153a455bdb112e5ac235c21b7/r_37",
            "rotation": 0.12566370614359174,
            "transform_matrix": [
                [
                    0.9876247048377991,
                    -0.13695858418941498,
                    0.07641885429620743,
                    0.3080542981624603
                ],
                [
                    0.1568358987569809,
                    0.8624535799026489,
                    -0.4812237024307251,
                    -1.9398748874664307
                ],
                [
                    7.450580596923828e-09,
                    0.4872535765171051,
                    0.8732604384422302,
                    3.520225763320923
                ],
                [
                    0.0,
                    0.0,
                    0.0,
                    1.0
                ]
            ]
        },
        {
            "file_path": "/data/shapenet_blender/all_50_random/02958343/fd5a6dd153a455bdb112e5ac235c21b7/r_38",
            "rotation": 0.12566370614359174,
            "transform_matrix": [
                [
                    -0.63040691614151,
                    0.16950270533561707,
                    0.7575328350067139,
                    3.0537126064300537
                ],
                [
                    0.7762649059295654,
                    0.13765361905097961,
                    0.6151944994926453,
                    2.4799282550811768
                ],
                [
                    0.0,
                    0.9758690595626831,
                    -0.21835678815841675,
                    -0.880224347114563
                ],
                [
                    0.0,
                    0.0,
                    0.0,
                    1.0
                ]
            ]
        },
        {
            "file_path": "/data/shapenet_blender/all_50_random/02958343/fd5a6dd153a455bdb112e5ac235c21b7/r_39",
            "rotation": 0.12566370614359174,
            "transform_matrix": [
                [
                    0.15770846605300903,
                    -0.09615298360586166,
                    -0.9827932715415955,
                    -3.961766481399536
                ],
                [
                    -0.9874857664108276,
                    -0.015356311574578285,
                    -0.15695904195308685,
                    -0.6327221393585205
                ],
                [
                    9.313225746154785e-10,
                    0.9952481389045715,
                    -0.09737151116132736,
                    -0.3925171196460724
                ],
                [
                    0.0,
                    0.0,
                    0.0,
                    1.0
                ]
            ]
        },
        {
            "file_path": "/data/shapenet_blender/all_50_random/02958343/fd5a6dd153a455bdb112e5ac235c21b7/r_40",
            "rotation": 0.12566370614359174,
            "transform_matrix": [
                [
                    0.9484121203422546,
                    -0.13709208369255066,
                    -0.2858675420284271,
                    -1.1523687839508057
                ],
                [
                    -0.31704017519950867,
                    -0.4101051092147827,
                    -0.8551604747772217,
                    -3.4472618103027344
                ],
                [
                    -7.450580152834618e-09,
                    0.9016759991645813,
                    -0.43241235613822937,
                    -1.7431097030639648
                ],
                [
                    0.0,
                    0.0,
                    0.0,
                    1.0
                ]
            ]
        },
        {
            "file_path": "/data/shapenet_blender/all_50_random/02958343/fd5a6dd153a455bdb112e5ac235c21b7/r_41",
            "rotation": 0.12566370614359174,
            "transform_matrix": [
                [
                    -0.8205137848854065,
                    0.5318431854248047,
                    0.20952287316322327,
                    0.844613790512085
                ],
                [
                    0.5716265439987183,
                    0.7634086608886719,
                    0.3007495105266571,
                    1.212360143661499
                ],
                [
                    1.4901160305669237e-08,
                    0.36653801798820496,
