{
    "class": "02958343",
    "model": "4d1dc1ad555807559b0a29632c8d0005",
    "remove_doubles": true,
    "edge_split": true,
    "denoise": true,
    "camera_angle_x": 0.6911112070083618,
    "scale_factor": 2.425995018221118,
    "hdri_file": "/data/IndoorHDRDataset2018/AG8A3543-2a10b85575.exr",
    "center_offset": [
        0.0,
        0.0,
        0.0
    ],
    "lights": [],
    "frames": [
        {
            "file_path": "/data/shapenet_blender/all_50_random/02958343/4d1dc1ad555807559b0a29632c8d0005/r_0",
            "rotation": 0.12566370614359174,
            "transform_matrix": [
                [
                    -0.6941118836402893,
                    0.41511616110801697,
                    -0.5881216526031494,
                    -2.3707945346832275
                ],
                [
                    -0.7198669910430908,
                    -0.40026429295539856,
                    0.567080020904541,
                    2.285972833633423
                ],
                [
                    -1.4901161193847656e-08,
                    0.8169864416122437,
                    0.5766566395759583,
                    2.324577569961548
                ],
                [
                    0.0,
                    0.0,
                    0.0,
                    1.0
                ]
            ]
        },
        {
            "file_path": "/data/shapenet_blender/all_50_random/02958343/4d1dc1ad555807559b0a29632c8d0005/r_1",
            "rotation": 0.12566370614359174,
            "transform_matrix": [
                [
                    -0.0023669167421758175,
                    -0.039625927805900574,
                    -0.9992117285728455,
                    -4.027951717376709
                ],
                [
                    -0.9999972581863403,
                    9.37915247050114e-05,
                    0.0023650573566555977,
                    0.009533852338790894
                ],
                [
                    0.0,
                    0.9992145895957947,
                    -0.03962603583931923,
                    -0.15973767638206482
                ],
                [
                    0.0,
                    0.0,
                    0.0,
                    1.0
                ]
            ]
        },
        {
            "file_path": "/data/shapenet_blender/all_50_random/02958343/4d1dc1ad555807559b0a29632c8d0005/r_2",
            "rotation": 0.12566370614359174,
            "transform_matrix": [
                [
                    -0.9434168934822083,
                    0.12759971618652344,
                    0.30607667565345764,
                    1.2338345050811768
                ],
                [
                    0.33160915970802307,
                    0.36301687359809875,
                    0.8707778453826904,
                    3.5102176666259766
                ],
                [
                    7.450580596923828e-09,
                    0.9230043292045593,
                    -0.38478949666023254,
                    -1.5511360168457031
                ],
                [
                    0.0,
                    0.0,
                    0.0,
                    1.0
                ]
            ]
        },
        {
            "file_path": "/data/shapenet_blender/all_50_random/02958343/4d1dc1ad555807559b0a29632c8d0005/r_3",
            "rotation": 0.12566370614359174,
            "transform_matrix": [
                [
                    0.25051888823509216,
                    -0.7043318152427673,
                    -0.6641964912414551,
                    -2.677461624145508
                ],
                [
                    -0.9681117534637451,
                    -0.1822603940963745,
                    -0.17187456786632538,
                    -0.6928485631942749
                ],
                [
                    1.4901161193847656e-08,
                    0.6860742568969727,
                    -0.7275314927101135,
                    -2.9327733516693115
                ],
                [
                    0.0,
                    0.0,
                    0.0,
                    1.0
                ]
            ]
        },
        {
            "file_path": "/data/shapenet_blender/all_50_random/02958343/4d1dc1ad555807559b0a29632c8d0005/r_4",
            "rotation": 0.12566370614359174,
            "transform_matrix": [
                [
                    -0.8608501553535461,
                    0.1738656908273697,
                    0.4782339632511139,
                    1.9278229475021362
                ],
                [
                    0.5088585019111633,
                    0.29413342475891113,
                    0.8090416789054871,
                    3.2613515853881836
                ],
                [
                    0.0,
                    0.9398171901702881,
                    -0.3416777551174164,
                    -1.3773472309112549
                ],
                [
                    0.0,
                    0.0,
                    0.0,
                    1.0
                ]
            ]
        },
        {
            "file_path": "/data/shapenet_blender/all_50_random/02958343/4d1dc1ad555807559b0a29632c8d0005/r_5",
            "rotation": 0.12566370614359174,
            "transform_matrix": [
                [
                    -0.9199193120002747,
                    -0.2314518839120865,
                    -0.31650978326797485,
                    -1.275891900062561
                ],
                [
                    -0.39210769534111023,
                    0.5430065393447876,
                    0.7425599098205566,
                    2.9933550357818604
                ],
                [
                    1.4901161193847656e-08,
                    0.807201087474823,
                    -0.590276300907135,
                    -2.3794801235198975
                ],
                [
                    0.0,
                    0.0,
                    0.0,
                    1.0
                ]
            ]
        },
        {
            "file_path": "/data/shapenet_blender/all_50_random/02958343/4d1dc1ad555807559b0a29632c8d0005/r_6",
            "rotation": 0.12566370614359174,
            "transform_matrix": [
                [
                    -0.22514121234416962,
                    0.419334352016449,
                    0.8794714212417603,
                    3.5452628135681152
                ],
                [
                    0.9743260741233826,
                    0.0968971773982048,
                    0.20322278141975403,
                    0.8192172646522522
                ],
                [
                    0.0,
                    0.9026457667350769,
                    -0.4303840398788452,
                    -1.734933614730835
                ],
                [
                    0.0,
                    0.0,
                    0.0,
                    1.0
                ]
            ]
        },
        {
            "file_path": "/data/shapenet_blender/all_50_random/02958343/4d1dc1ad555807559b0a29632c8d0005/r_7",
            "rotation": 0.12566370614359174,
            "transform_matrix": [
                [
                    -0.9720878601074219,
                    0.2302965372800827,
                    -0.04481963440775871,
                    -0.1806737184524536
                ],
                [
                    -0.23461736738681793,
                    -0.954185426235199,
                    0.18570077419281006,
                    0.7485837936401367
                ],
                [
                    3.725290742551124e-09,
                    0.1910330355167389,
                    0.9815835952758789,
                    3.956890106201172
                ],
                [
                    0.0,
                    0.0,
                    0.0,
                    1.0
                ]
            ]
        },
        {
            "file_path": "/data/shapenet_blender/all_50_random/02958343/4d1dc1ad555807559b0a29632c8d0005/r_8",
            "rotation": 0.12566370614359174,
            "transform_matrix": [
                [
                    -0.9999734163284302,
                    0.000852230645250529,
                    0.0072466484270989895,
                    0.02921217679977417
                ],
                [
                    0.00729658966884017,
                    0.1167953833937645,
                    0.9931291341781616,
                    4.003431797027588
                ],
                [
                    0.0,
                    0.9931555986404419,
                    -0.11679849028587341,
                    -0.4708298146724701
                ],
                [
                    0.0,
                    0.0,
                    0.0,
                    1.0
                ]
            ]
        },
        {
            "file_path": "/data/shapenet_blender/all_50_random/02958343/4d1dc1ad555807559b0a29632c8d0005/r_9",
            "rotation": 0.12566370614359174,
            "transform_matrix": [
                [
                    -0.3725323975086212,
                    -0.14162546396255493,
                    -0.9171487092971802,
                    -3.6971447467803955
                ],
                [
                    -0.9280192255973816,
                    0.05685235559940338,
                    0.3681686818599701,
                    1.484135389328003
                ],
                [
                    3.725290298461914e-09,
                    0.9882864356040955,
                    -0.15261049568653107,
                    -0.6151925921440125
                ],
                [
                    0.0,
                    0.0,
                    0.0,
                    1.0
                ]
            ]
        },
        {
            "file_path": "/data/shapenet_blender/all_50_random/02958343/4d1dc1ad555807559b0a29632c8d0005/r_10",
            "rotation": 0.12566370614359174,
            "transform_matrix": [
                [
                    0.0013436473673209548,
                    0.32158032059669495,
                    0.9468813538551331,
                    3.8170008659362793
                ],
                [
                    0.9999991655349731,
                    -0.00043209095019847155,
                    -0.001272275811061263,
                    -0.0051287077367305756
                ],
                [
                    -2.9103833926180656e-11,
                    0.9468820691108704,
                    -0.3215806484222412,
                    -1.2963330745697021
                ],
                [
                    0.0,
                    0.0,
                    0.0,
                    1.0
                ]
            ]
        },
        {
            "file_path": "/data/shapenet_blender/all_50_random/02958343/4d1dc1ad555807559b0a29632c8d0005/r_11",
            "rotation": 0.12566370614359174,
            "transform_matrix": [
                [
                    0.8135527968406677,
                    0.14073455333709717,
                    -0.5642035007476807,
                    -2.2743771076202393
                ],
                [
                    -0.5814909934997559,
                    0.19689896702766418,
                    -0.7893661260604858,
                    -3.1820366382598877
                ],
                [
                    -7.450580596923828e-09,
                    0.9702702760696411,
                    0.24202358722686768,
                    0.9756282567977905
                ],
                [
                    0.0,
                    0.0,
                    0.0,
                    1.0
                ]
            ]
        },
        {
            "file_path": "/data/shapenet_blender/all_50_random/02958343/4d1dc1ad555807559b0a29632c8d0005/r_12",
            "rotation": 0.12566370614359174,
            "transform_matrix": [
                [
                    0.8246740698814392,
                    0.4581436812877655,
                    0.33168795704841614,
                    1.3370767831802368
                ],
                [
                    0.565608024597168,
                    -0.6679877042770386,
                    -0.4836113154888153,
                    -1.9494993686676025
                ],
                [
                    0.0,
                    0.5864272117614746,
                    -0.8100020289421082,
                    -3.2652223110198975
                ],
                [
                    0.0,
                    0.0,
                    0.0,
                    1.0
                ]
            ]
        },
        {
            "file_path": "/data/shapenet_blender/all_50_random/02958343/4d1dc1ad555807559b0a29632c8d0005/r_13",
            "rotation": 0.12566370614359174,
            "transform_matrix": [
                [
                    -0.8936230540275574,
                    0.025175081565976143,
                    -0.4481116533279419,
                    -1.8063958883285522
                ],
                [
                    -0.44881829619407654,
                    -0.050125036388635635,
                    0.8922160863876343,
                    3.5966382026672363
                ],
                [
                    0.0,
                    0.9984256625175476,
                    0.05609191954135895,
                    0.22611376643180847
                ],
                [
                    0.0,
                    0.0,
                    0.0,
                    1.0
                ]
            ]
        },
        {
            "file_path": "/data/shapenet_blender/all_50_random/02958343/4d1dc1ad555807559b0a29632c8d0005/r_14",
            "rotation": 0.12566370614359174,
            "transform_matrix": [
                [
                    0.3908112645149231,
                    -0.5105991959571838,
                    0.7658686637878418,
                    3.087315797805786
                ],
                [
                    0.9204708933830261,
                    0.21678896248340607,
                    -0.3251706659793854,
                    -1.3108049631118774
                ],
                [
                    0.0,
                    0.8320401906967163,
                    0.5547152161598206,
                    2.236128807067871
                ],
                [
                    0.0,
                    0.0,
                    0.0,
                    1.0
                ]
            ]
        },
        {
            "file_path": "/data/shapenet_blender/all_50_random/02958343/4d1dc1ad555807559b0a29632c8d0005/r_15",
            "rotation": 0.12566370614359174,
            "transform_matrix": [
                [
                    -0.8366397619247437,
                    0.04944378137588501,
                    -0.5455174446105957,
                    -2.1990511417388916
                ],
                [
                    -0.5477535724639893,
                    -0.07552051544189453,
                    0.8332242965698242,
                    3.3588345050811768
                ],
                [
                    0.0,
                    0.995917558670044,
                    0.09026648849248886,
                    0.3638758659362793
                ],
                [
                    0.0,
                    0.0,
                    0.0,
                    1.0
                ]
            ]
        },
        {
            "file_path": "/data/shapenet_blender/all_50_random/02958343/4d1dc1ad555807559b0a29632c8d0005/r_16",
            "rotation": 0.12566370614359174,
            "transform_matrix": [
                [
                    0.9999721050262451,
                    -0.006651390343904495,
                    0.003399292938411236,
                    0.013702988624572754
                ],
                [
                    0.007469685282558203,
                    0.8904263973236084,
                    -0.4550657868385315,
                    -1.8344290256500244
                ],
                [
                    0.0,
                    0.45507848262786865,
                    0.8904512524604797,
                    3.589524030685425
                ],
                [
                    0.0,
                    0.0,
                    0.0,
                    1.0
                ]
            ]
        },
        {
            "file_path": "/data/shapenet_blender/all_50_random/02958343/4d1dc1ad555807559b0a29632c8d0005/r_17",
            "rotation": 0.12566370614359174,
            "transform_matrix": [
                [
                    0.23000910878181458,
                    -0.9634847044944763,
                    -0.13708776235580444,
                    -0.5526183843612671
                ],
                [
                    -0.9731884598731995,
                    -0.2277156561613083,
                    -0.03240012750029564,
                    -0.13060908019542694
                ],
                [
                    -1.8626449271863521e-09,
                    0.14086486399173737,
                    -0.990028977394104,
                    -3.990933895111084
                ],
                [
                    0.0,
                    0.0,
                    0.0,
                    1.0
                ]
            ]
        },
        {
            "file_path": "/data/shapenet_blender/all_50_random/02958343/4d1dc1ad555807559b0a29632c8d0005/r_18",
            "rotation": 0.12566370614359174,
            "transform_matrix": [
                [
                    -0.3039661645889282,
                    -0.6374654173851013,
                    -0.7079847455024719,
                    -2.853977918624878
                ],
                [
                    -0.9526828527450562,
                    0.20339183509349823,
                    0.22589197754859924,
                    0.9105997681617737
                ],
                [
                    -1.4901161193847656e-08,
                    0.7431484460830688,
                    -0.6691265106201172,
                    -2.6973354816436768
                ],
                [
                    0.0,
                    0.0,
                    0.0,
                    1.0
                ]
            ]
        },
        {
            "file_path": "/data/shapenet_blender/all_50_random/02958343/4d1dc1ad555807559b0a29632c8d0005/r_19",
            "rotation": 0.12566370614359174,
            "transform_matrix": [
                [
                    -0.572221040725708,
                    -0.07738041132688522,
                    0.8164407014846802,
                    3.291177749633789
                ],
                [
                    0.8200995326042175,
                    -0.053991854190826416,
                    0.5696681141853333,
                    2.296405553817749
                ],
                [
                    -3.725290742551124e-09,
                    0.995538592338562,
                    0.09435490518808365,
                    0.3803567886352539
                ],
                [
                    0.0,
                    0.0,
                    0.0,
                    1.0
                ]
            ]
        },
        {
            "file_path": "/data/shapenet_blender/all_50_random/02958343/4d1dc1ad555807559b0a29632c8d0005/r_20",
            "rotation": 0.12566370614359174,
            "transform_matrix": [
                [
                    -0.12817178666591644,
                    -0.43915343284606934,
                    0.889222264289856,
                    3.5845694541931152
                ],
                [
                    0.991752028465271,
                    -0.0567551925778389,
                    0.11492107063531876,
                    0.4632616341114044
                ],
                [
                    -3.725290298461914e-09,
                    0.8966174721717834,
                    0.4428057372570038,
                    1.7850068807601929
                ],
                [
                    0.0,
                    0.0,
                    0.0,
                    1.0
                ]
            ]
        },
        {
            "file_path": "/data/shapenet_blender/all_50_random/02958343/4d1dc1ad555807559b0a29632c8d0005/r_21",
            "rotation": 0.12566370614359174,
            "transform_matrix": [
                [
                    -0.20705798268318176,
                    0.7241891622543335,
                    -0.6577816605567932,
                    -2.6516029834747314
                ],
                [
                    -0.9783287048339844,
                    -0.15327072143554688,
                    0.13921593129634857,
                    0.5611974000930786
                ],
                [
                    0.0,
                    0.6723524928092957,
                    0.7402309775352478,
                    2.983966827392578
                ],
                [
                    0.0,
                    0.0,
                    0.0,
                    1.0
                ]
            ]
        },
        {
            "file_path": "/data/shapenet_blender/all_50_random/02958343/4d1dc1ad555807559b0a29632c8d0005/r_22",
            "rotation": 0.12566370614359174,
            "transform_matrix": [
                [
                    0.8179348111152649,
                    0.2672646939754486,
                    0.5094625949859619,
                    2.0537095069885254
                ],
                [
                    0.5753108263015747,
                    -0.37997734546661377,
                    -0.7243165969848633,
                    -2.919813632965088
                ],
                [
                    -1.4901161193847656e-08,
                    0.885543167591095,
                    -0.4645569920539856,
                    -1.872689127922058
                ],
                [
                    0.0,
                    0.0,
                    0.0,
                    1.0
                ]
            ]
        },
        {
            "file_path": "/data/shapenet_blender/all_50_random/02958343/4d1dc1ad555807559b0a29632c8d0005/r_23",
            "rotation": 0.12566370614359174,
            "transform_matrix": [
                [
                    -0.44744715094566345,
                    0.3919144868850708,
                    0.8038619756698608,
                    3.240471363067627
                ],
                [
                    0.8943103551864624,
                    0.19608516991138458,
                    0.4021933972835541,
                    1.6212934255599976
                ],
                [
                    1.4901161193847656e-08,
                    0.8988624811172485,
                    -0.43823087215423584,
                    -1.766565203666687
                ],
                [
                    0.0,
                    0.0,
                    0.0,
                    1.0
                ]
            ]
        },
        {
            "file_path": "/data/shapenet_blender/all_50_random/02958343/4d1dc1ad555807559b0a29632c8d0005/r_24",
            "rotation": 0.12566370614359174,
            "transform_matrix": [
                [
                    0.5827520489692688,
                    -0.659893274307251,
                    -0.4742792546749115,
                    -1.9118807315826416
                ],
                [
                    -0.8126499652862549,
                    -0.47321006655693054,
                    -0.3401060700416565,
                    -1.3710113763809204
                ],
                [
                    0.0,
                    0.5836204886436462,
                    -0.8120265007019043,
                    -3.273383378982544
                ],
                [
                    0.0,
                    0.0,
                    0.0,
                    1.0
                ]
            ]
        },
        {
            "file_path": "/data/shapenet_blender/all_50_random/02958343/4d1dc1ad555807559b0a29632c8d0005/r_25",
            "rotation": 0.12566370614359174,
            "transform_matrix": [
                [
                    0.519990861415863,
                    0.17118699848651886,
                    -0.836841881275177,
                    -3.373417854309082
                ],
                [
                    -0.8541718125343323,
                    0.10421285033226013,
                    -0.5094410181045532,
                    -2.0536227226257324
                ],
                [
                    0.0,
                    0.9797114729881287,
                    0.2004128396511078,
                    0.8078900575637817
                ],
                [
                    0.0,
                    0.0,
                    0.0,
                    1.0
                ]
            ]
        },
        {
            "file_path": "/data/shapenet_blender/all_50_random/02958343/4d1dc1ad555807559b0a29632c8d0005/r_26",
            "rotation": 0.12566370614359174,
            "transform_matrix": [
                [
                    0.7089398503303528,
                    -0.017369918525218964,
                    -0.7050550580024719,
                    -2.842167854309082
                ],
                [
                    -0.7052689790725708,
                    -0.017460325732827187,
                    -0.7087247371673584,
                    -2.8569607734680176
                ],
                [
                    0.0,
                    0.9996966123580933,
                    -0.024628784507513046,
                    -0.09928180277347565
                ],
                [
                    0.0,
                    0.0,
                    0.0,
                    1.0
                ]
            ]
        },
        {
            "file_path": "/data/shapenet_blender/all_50_random/02958343/4d1dc1ad555807559b0a29632c8d0005/r_27",
            "rotation": 0.12566370614359174,
            "transform_matrix": [
                [
                    0.031817540526390076,
                    -0.03630879521369934,
                    -0.9988340139389038,
                    -4.026428699493408
                ],
                [
                    -0.9994937777519226,
                    -0.0011558416299521923,
                    -0.03179653733968735,
                    -0.12817594408988953
                ],
                [
                    1.1641532182693481e-10,
                    0.9993399977684021,
                    -0.03632718697190285,
                    -0.1464395821094513
                ],
                [
                    0.0,
                    0.0,
                    0.0,
                    1.0
                ]
            ]
        },
        {
            "file_path": "/data/shapenet_blender/all_50_random/02958343/4d1dc1ad555807559b0a29632c8d0005/r_28",
            "rotation": 0.12566370614359174,
            "transform_matrix": [
                [
                    0.3798924386501312,
                    -0.2822527289390564,
                    -0.8809171915054321,
                    -3.551090717315674
                ],
                [
                    -0.9250306487083435,
                    -0.11591582000255585,
                    -0.3617759048938751,
                    -1.4583653211593628
                ],
                [
                    -7.450580152834618e-09,
                    0.9523113965988159,
                    -0.30512794852256775,
                    -1.2300101518630981
                ],
                [
                    0.0,
                    0.0,
                    0.0,
                    1.0
                ]
            ]
        },
        {
            "file_path": "/data/shapenet_blender/all_50_random/02958343/4d1dc1ad555807559b0a29632c8d0005/r_29",
            "rotation": 0.12566370614359174,
            "transform_matrix": [
                [
                    -0.32876431941986084,
                    -0.28845199942588806,
                    -0.8992827534675598,
                    -3.62512469291687
                ],
                [
                    -0.9444120526313782,
                    0.10041456669569016,
                    0.3130541145801544,
                    1.2619614601135254
                ],
                [
                    0.0,
                    0.9522144198417664,
                    -0.30543026328086853,
                    -1.2312288284301758
                ],
                [
                    0.0,
                    0.0,
                    0.0,
                    1.0
                ]
            ]
        },
        {
            "file_path": "/data/shapenet_blender/all_50_random/02958343/4d1dc1ad555807559b0a29632c8d0005/r_30",
            "rotation": 0.12566370614359174,
            "transform_matrix": [
                [
                    0.698186993598938,
                    0.18687812983989716,
                    0.6910943388938904,
                    2.7858903408050537
                ],
                [
                    0.715915322303772,
                    -0.18225044012069702,
                    -0.6739806532859802,
                    -2.7169029712677
                ],
                [
                    0.0,
                    0.9653297066688538,
                    -0.2610337734222412,
                    -1.0522607564926147
                ],
                [
                    0.0,
                    0.0,
                    0.0,
                    1.0
                ]
            ]
        },
        {
            "file_path": "/data/shapenet_blender/all_50_random/02958343/4d1dc1ad555807559b0a29632c8d0005/r_31",
            "rotation": 0.12566370614359174,
            "transform_matrix": [
                [
                    -0.26121389865875244,
                    0.5881449580192566,
                    0.7654101252555847,
                    3.0854671001434326
                ],
                [
                    0.9652809500694275,
                    0.15915744006633759,
                    0.20712701976299286,
                    0.8349558115005493
                ],
                [
                    -7.450580596923828e-09,
                    0.7929403185844421,
                    -0.6092992424964905,
                    -2.4561641216278076
                ],
                [
                    0.0,
                    0.0,
                    0.0,
                    1.0
                ]
            ]
        },
        {
            "file_path": "/data/shapenet_blender/all_50_random/02958343/4d1dc1ad555807559b0a29632c8d0005/r_32",
            "rotation": 0.12566370614359174,
            "transform_matrix": [
                [
                    0.9532167911529541,
                    -0.2228074073791504,
                    0.20429062843322754,
                    0.8235218524932861
                ],
                [
                    0.30228763818740845,
                    0.7025883793830872,
                    -0.6441985964775085,
                    -2.5968475341796875
                ],
                [
                    0.0,
                    0.6758154630661011,
                    0.7370709180831909,
                    2.9712278842926025
                ],
                [
                    0.0,
                    0.0,
                    0.0,
                    1.0
                ]
            ]
        },
        {
            "file_path": "/data/shapenet_blender/all_50_random/02958343/4d1dc1ad555807559b0a29632c8d0005/r_33",
            "rotation": 0.12566370614359174,
            "transform_matrix": [
                [
                    -0.5072138905525208,
                    0.16678673028945923,
                    0.8455271124839783,
                    3.4084291458129883
                ],
                [
                    0.8618202805519104,
                    0.09816031903028488,
                    0.49762478470802307,
                    2.0059897899627686
                ],
                [
                    0.0,
                    0.9810945391654968,
                    -0.1935284584760666,
                    -0.7801382541656494
                ],
                [
                    0.0,
                    0.0,
                    0.0,
                    1.0
                ]
            ]
        },
        {
            "file_path": "/data/shapenet_blender/all_50_random/02958343/4d1dc1ad555807559b0a29632c8d0005/r_34",
            "rotation": 0.12566370614359174,
            "transform_matrix": [
                [
                    0.93829745054245,
                    0.015159405767917633,
                    0.3454969823360443,
                    1.3927428722381592
                ],
                [
                    0.34582939743995667,
                    -0.041130200028419495,
                    -0.9373955130577087,
                    -3.778762102127075
                ],
                [
                    9.313225746154785e-10,
                    0.999038815498352,
                    -0.04383492097258568,
                    -0.17670421302318573
                ],
                [
                    0.0,
                    0.0,
                    0.0,
                    1.0
                ]
            ]
        },
        {
            "file_path": "/data/shapenet_blender/all_50_random/02958343/4d1dc1ad555807559b0a29632c8d0005/r_35",
            "rotation": 0.12566370614359174,
            "transform_matrix": [
                [
                    -0.8753603100776672,
                    0.003585316240787506,
                    -0.4834579527378082,
                    -1.9488813877105713
                ],
                [
                    -0.4834713041782379,
                    -0.006491478532552719,
                    0.8753361105918884,
                    3.528592824935913
                ],
                [
                    0.0,
                    0.9999725222587585,
                    0.007415778934955597,
                    0.029893960803747177
                ],
                [
                    0.0,
                    0.0,
                    0.0,
                    1.0
                ]
            ]
        },
        {
            "file_path": "/data/shapenet_blender/all_50_random/02958343/4d1dc1ad555807559b0a29632c8d0005/r_36",
            "rotation": 0.12566370614359174,
            "transform_matrix": [
                [
                    -0.8239483833312988,
                    -0.31321629881858826,
                    0.4722335934638977,
                    1.9036345481872559
                ],
                [
                    0.5666648149490356,
                    -0.45542630553245544,
                    0.6866424083709717,
                    2.767944097518921
                ],
                [
                    0.0,
                    0.8333561420440674,
                    0.5527364611625671,
                    2.22815203666687
                ],
                [
                    0.0,
                    0.0,
                    0.0,
                    1.0
                ]
            ]
        },
        {
            "file_path": "/data/shapenet_blender/all_50_random/02958343/4d1dc1ad555807559b0a29632c8d0005/r_37",
            "rotation": 0.12566370614359174,
            "transform_matrix": [
                [
                    0.9995117783546448,
                    -0.003297053277492523,
                    -0.031070120632648468,
                    -0.12524765729904175
                ],
                [
                    -0.031244566664099693,
                    -0.10547252744436264,
                    -0.993931233882904,
                    -4.006664752960205
                ],
                [
                    2.3283062977608182e-10,
                    0.9944167137145996,
                    -0.10552404820919037,
                    -0.42538103461265564
                ],
                [
                    0.0,
                    0.0,
                    0.0,
                    1.0
                ]
            ]
        },
        {
            "file_path": "/data/shapenet_blender/all_50_random/02958343/4d1dc1ad555807559b0a29632c8d0005/r_38",
            "rotation": 0.12566370614359174,
            "transform_matrix": [
                [
                    -0.3203982412815094,
                    0.9170501828193665,
                    0.2374107390642166,
                    0.9570333361625671
                ],
                [
                    0.9472829103469849,
                    0.3101726770401001,
                    0.08029911667108536,
                    0.3236961364746094
                ],
                [
                    0.0,
                    0.2506227493286133,
                    -0.9680847525596619,
                    -3.9024746417999268
                ],
                [
                    0.0,
                    0.0,
                    0.0,
                    1.0
                ]
            ]
        },
        {
            "file_path": "/data/shapenet_blender/all_50_random/02958343/4d1dc1ad555807559b0a29632c8d0005/r_39",
            "rotation": 0.12566370614359174,
            "transform_matrix": [
                [
                    0.2734522223472595,
                    -0.1174757108092308,
                    -0.9546849131584167,
                    -3.8484580516815186
                ],
                [
                    -0.9618856310844421,
                    -0.033396895974874496,
                    -0.2714051604270935,
                    -1.094069242477417
                ],
                [
                    0.0,
                    0.9925139546394348,
                    -0.12213065475225449,
                    -0.4923244118690491
                ],
                [
                    0.0,
                    0.0,
                    0.0,
                    1.0
                ]
            ]
        },
        {
            "file_path": "/data/shapenet_blender/all_50_random/02958343/4d1dc1ad555807559b0a29632c8d0005/r_40",
            "rotation": 0.12566370614359174,
            "transform_matrix": [
                [
                    0.8597763180732727,
                    -0.2175331711769104,
                    0.4620215594768524,
                    1.8624686002731323
                ],
                [
                    0.5106707215309143,
                    0.36624354124069214,
                    -0.777869462966919,
                    -3.1356923580169678
                ],
                [
                    0.0,
                    0.90473473072052,
                    0.42597535252571106,
                    1.7171616554260254
                ],
                [
                    0.0,
                    0.0,
                    0.0,
                    1.0
                ]
            ]
        },
        {
            "file_path": "/data/shapenet_blender/all_50_random/02958343/4d1dc1ad555807559b0a29632c8d0005/r_41",
            "rotation": 0.12566370614359174,
            "transform_matrix": [
                [
                    -0.8569671511650085,
                    -0.22415094077587128,
                    -0.46407294273376465,
                    -1.8707377910614014
                ],
                [
                    -0.5153710842132568,
                    0.37272173166275024,
                    0.7716677784919739,
                    3.110692262649536
                ],
                [
