{
    "class": "02958343",
    "model": "c43b1ebad0ba016a7fd25564c2e888e",
    "remove_doubles": true,
    "edge_split": true,
    "denoise": true,
    "camera_angle_x": 0.6911112070083618,
    "scale_factor": 2.2586925627409515,
    "hdri_file": "/data/IndoorHDRDataset2018/AG8A2685-7008b3f365.exr",
    "center_offset": [
        0.0,
        0.0,
        -1.862645149230957e-09
    ],
    "lights": [],
    "frames": [
        {
            "file_path": "/data/shapenet_blender/all_50_random/02958343/c43b1ebad0ba016a7fd25564c2e888e/r_0",
            "rotation": 0.12566370614359174,
            "transform_matrix": [
                [
                    -0.7549005150794983,
                    0.006582216825336218,
                    -0.655806303024292,
                    -2.6436400413513184
                ],
                [
                    -0.6558393836021423,
                    -0.007576425559818745,
                    0.754862368106842,
                    3.042947769165039
                ],
                [
                    0.0,
                    0.9999496340751648,
                    0.010036323219537735,
                    0.04045771807432175
                ],
                [
                    0.0,
                    0.0,
                    0.0,
                    1.0
                ]
            ]
        },
        {
            "file_path": "/data/shapenet_blender/all_50_random/02958343/c43b1ebad0ba016a7fd25564c2e888e/r_1",
            "rotation": 0.12566370614359174,
            "transform_matrix": [
                [
                    -0.7753084897994995,
                    0.018786124885082245,
                    0.6313031911849976,
                    2.5448648929595947
                ],
                [
                    0.6315826773643494,
                    0.023061180487275124,
                    0.7749653458595276,
                    3.123985528945923
                ],
                [
                    -9.313225746154785e-10,
                    0.9995574355125427,
                    -0.029744522646069527,
                    -0.11990401148796082
                ],
                [
                    0.0,
                    0.0,
                    0.0,
                    1.0
                ]
            ]
        },
        {
            "file_path": "/data/shapenet_blender/all_50_random/02958343/c43b1ebad0ba016a7fd25564c2e888e/r_2",
            "rotation": 0.12566370614359174,
            "transform_matrix": [
                [
                    0.29434171319007874,
                    0.10781238973140717,
                    -0.94959956407547,
                    -3.827958583831787
                ],
                [
                    -0.9557002186775208,
                    0.033204641193151474,
                    -0.2924627959728241,
                    -1.178955316543579
                ],
                [
                    0.0,
                    0.99361652135849,
                    0.11280983686447144,
                    0.45475101470947266
                ],
                [
                    0.0,
                    0.0,
                    0.0,
                    1.0
                ]
            ]
        },
        {
            "file_path": "/data/shapenet_blender/all_50_random/02958343/c43b1ebad0ba016a7fd25564c2e888e/r_3",
            "rotation": 0.12566370614359174,
            "transform_matrix": [
                [
                    -0.3128892779350281,
                    -0.43172016739845276,
                    0.846001148223877,
                    3.410339832305908
                ],
                [
                    0.9497896432876587,
                    -0.1422216147184372,
                    0.27869823575019836,
                    1.1234686374664307
                ],
                [
                    -7.450580596923828e-09,
                    0.890724778175354,
                    0.45454293489456177,
                    1.832321286201477
                ],
                [
                    0.0,
                    0.0,
                    0.0,
                    1.0
                ]
            ]
        },
        {
            "file_path": "/data/shapenet_blender/all_50_random/02958343/c43b1ebad0ba016a7fd25564c2e888e/r_4",
            "rotation": 0.12566370614359174,
            "transform_matrix": [
                [
                    -0.8531589508056641,
                    0.5212849974632263,
                    0.019538341090083122,
                    0.07876157760620117
                ],
                [
                    0.5216510891914368,
                    0.8525602221488953,
                    0.03195489943027496,
                    0.12881433963775635
                ],
                [
                    -1.862645371275562e-09,
                    0.03745459392666817,
                    -0.9992982149124146,
                    -4.0283002853393555
                ],
                [
                    0.0,
                    0.0,
                    0.0,
                    1.0
                ]
            ]
        },
        {
            "file_path": "/data/shapenet_blender/all_50_random/02958343/c43b1ebad0ba016a7fd25564c2e888e/r_5",
            "rotation": 0.12566370614359174,
            "transform_matrix": [
                [
                    0.3541043996810913,
                    -0.4722980856895447,
                    -0.8071830868721008,
                    -3.253859043121338
                ],
                [
                    -0.93520587682724,
                    -0.17882996797561646,
                    -0.3056301176548004,
                    -1.23203444480896
                ],
                [
                    0.0,
                    0.8631072640419006,
                    -0.5050204992294312,
                    -2.0358028411865234
                ],
                [
                    0.0,
                    0.0,
                    0.0,
                    1.0
                ]
            ]
        },
        {
            "file_path": "/data/shapenet_blender/all_50_random/02958343/c43b1ebad0ba016a7fd25564c2e888e/r_6",
            "rotation": 0.12566370614359174,
            "transform_matrix": [
                [
                    0.05597390606999397,
                    -0.638008177280426,
                    -0.767992377281189,
                    -3.095876455307007
                ],
                [
                    -0.9984322786331177,
                    -0.03576788306236267,
                    -0.04305502772331238,
                    -0.17356038093566895
                ],
                [
                    -1.862645149230957e-09,
                    0.7691982984542847,
                    -0.6390100121498108,
                    -2.575932025909424
                ],
                [
                    0.0,
                    0.0,
                    0.0,
                    1.0
                ]
            ]
        },
        {
            "file_path": "/data/shapenet_blender/all_50_random/02958343/c43b1ebad0ba016a7fd25564c2e888e/r_7",
            "rotation": 0.12566370614359174,
            "transform_matrix": [
                [
                    0.5788564085960388,
                    -0.2305738776922226,
                    0.7821514010429382,
                    3.1529533863067627
                ],
                [
                    0.8154295086860657,
                    0.1636795997619629,
                    -0.5552330017089844,
                    -2.2382161617279053
                ],
                [
                    0.0,
                    0.9591895937919617,
                    0.28276365995407104,
                    1.1398569345474243
                ],
                [
                    0.0,
                    0.0,
                    0.0,
                    1.0
                ]
            ]
        },
        {
            "file_path": "/data/shapenet_blender/all_50_random/02958343/c43b1ebad0ba016a7fd25564c2e888e/r_8",
            "rotation": 0.12566370614359174,
            "transform_matrix": [
                [
                    0.2992192804813385,
                    0.43824753165245056,
                    0.847588837146759,
                    3.4167399406433105
                ],
                [
                    0.9541844725608826,
                    -0.13742846250534058,
                    -0.2657923400402069,
                    -1.0714432001113892
                ],
                [
                    0.0,
                    0.8882861733436584,
                    -0.4592902660369873,
                    -1.8514583110809326
                ],
                [
                    0.0,
                    0.0,
                    0.0,
                    1.0
                ]
            ]
        },
        {
            "file_path": "/data/shapenet_blender/all_50_random/02958343/c43b1ebad0ba016a7fd25564c2e888e/r_9",
            "rotation": 0.12566370614359174,
            "transform_matrix": [
                [
                    0.9489397406578064,
                    0.2178562730550766,
                    0.22814911603927612,
                    0.9196984767913818
                ],
                [
                    0.31545740365982056,
                    -0.6553418636322021,
                    -0.6863042116165161,
                    -2.766580820083618
                ],
                [
                    -1.4901161193847656e-08,
                    0.723232626914978,
                    -0.6906043887138367,
                    -2.7839152812957764
                ],
                [
                    0.0,
                    0.0,
                    0.0,
                    1.0
                ]
            ]
        },
        {
            "file_path": "/data/shapenet_blender/all_50_random/02958343/c43b1ebad0ba016a7fd25564c2e888e/r_10",
            "rotation": 0.12566370614359174,
            "transform_matrix": [
                [
                    0.3600325584411621,
                    -0.006719376891851425,
                    0.9329155683517456,
                    3.7607028484344482
                ],
                [
                    0.9329396486282349,
                    0.0025930877309292555,
                    -0.36002326011657715,
                    -1.4513001441955566
                ],
                [
                    0.0,
                    0.9999740719795227,
                    0.007202370557934046,
                    0.029033685103058815
                ],
                [
                    0.0,
                    0.0,
                    0.0,
                    1.0
                ]
            ]
        },
        {
            "file_path": "/data/shapenet_blender/all_50_random/02958343/c43b1ebad0ba016a7fd25564c2e888e/r_11",
            "rotation": 0.12566370614359174,
            "transform_matrix": [
                [
                    0.12428919225931168,
                    -0.5615824460983276,
                    0.818032443523407,
                    3.2975945472717285
                ],
                [
                    0.9922460317611694,
                    0.07034407556056976,
                    -0.1024671122431755,
                    -0.41305816173553467
                ],
                [
                    -3.725290742551124e-09,
                    0.8244249820709229,
                    0.5659709572792053,
                    2.2815022468566895
                ],
                [
                    0.0,
                    0.0,
                    0.0,
                    1.0
                ]
            ]
        },
        {
            "file_path": "/data/shapenet_blender/all_50_random/02958343/c43b1ebad0ba016a7fd25564c2e888e/r_12",
            "rotation": 0.12566370614359174,
            "transform_matrix": [
                [
                    0.9360831379890442,
                    -0.059244707226753235,
                    0.34675413370132446,
                    1.397810697555542
                ],
                [
                    0.35177886486053467,
                    0.15765008330345154,
                    -0.9227122664451599,
                    -3.7195723056793213
                ],
                [
                    0.0,
                    0.9857162237167358,
                    0.16841460764408112,
                    0.6789010763168335
                ],
                [
                    0.0,
                    0.0,
                    0.0,
                    1.0
                ]
            ]
        },
        {
            "file_path": "/data/shapenet_blender/all_50_random/02958343/c43b1ebad0ba016a7fd25564c2e888e/r_13",
            "rotation": 0.12566370614359174,
            "transform_matrix": [
                [
                    0.9377478957176208,
                    0.13152070343494415,
                    0.32145145535469055,
                    1.2958122491836548
                ],
                [
                    0.3473164439201355,
                    -0.35510343313217163,
                    -0.8679129481315613,
                    -3.498668909072876
                ],
                [
                    -7.4505792646561986e-09,
                    0.9255289435386658,
                    -0.3786768317222595,
                    -1.526495099067688
                ],
                [
                    0.0,
                    0.0,
                    0.0,
                    1.0
                ]
            ]
        },
        {
            "file_path": "/data/shapenet_blender/all_50_random/02958343/c43b1ebad0ba016a7fd25564c2e888e/r_14",
            "rotation": 0.12566370614359174,
            "transform_matrix": [
                [
                    0.9618908762931824,
                    -0.13277903199195862,
                    -0.23903104662895203,
                    -0.9635649919509888
                ],
                [
                    -0.27343395352363586,
                    -0.46709245443344116,
                    -0.8408676981925964,
                    -3.389646053314209
                ],
                [
                    7.450581485102248e-09,
                    0.8741819858551025,
                    -0.48559829592704773,
                    -1.9575093984603882
                ],
                [
                    0.0,
                    0.0,
                    0.0,
                    1.0
                ]
            ]
        },
        {
            "file_path": "/data/shapenet_blender/all_50_random/02958343/c43b1ebad0ba016a7fd25564c2e888e/r_15",
            "rotation": 0.12566370614359174,
            "transform_matrix": [
                [
                    -0.9698200225830078,
                    0.04282120615243912,
                    0.24003230035305023,
                    0.9676011800765991
                ],
                [
                    0.24382197856903076,
                    0.17032451927661896,
                    0.9547462463378906,
                    3.848705291748047
                ],
                [
                    0.0,
                    0.98445725440979,
                    -0.17562486231327057,
                    -0.7079664468765259
                ],
                [
                    0.0,
                    0.0,
                    0.0,
                    1.0
                ]
            ]
        },
        {
            "file_path": "/data/shapenet_blender/all_50_random/02958343/c43b1ebad0ba016a7fd25564c2e888e/r_16",
            "rotation": 0.12566370614359174,
            "transform_matrix": [
                [
                    -0.834096372127533,
                    0.03407282382249832,
                    -0.5505654811859131,
                    -2.219400644302368
                ],
                [
                    -0.5516188740730286,
                    -0.051521118730306625,
                    0.8325035572052002,
                    3.355929374694824
                ],
                [
                    -3.725290298461914e-09,
                    0.9980904459953308,
                    0.0617687851190567,
                    0.24899795651435852
                ],
                [
                    0.0,
                    0.0,
                    0.0,
                    1.0
                ]
            ]
        },
        {
            "file_path": "/data/shapenet_blender/all_50_random/02958343/c43b1ebad0ba016a7fd25564c2e888e/r_17",
            "rotation": 0.12566370614359174,
            "transform_matrix": [
                [
                    -0.1109047383069992,
                    0.9583979845046997,
                    0.2630082964897156,
                    1.06022047996521
                ],
                [
                    0.9938310980796814,
                    0.10695064812898636,
                    0.029349924996495247,
                    0.11831334233283997
                ],
                [
                    0.0,
                    0.2646406590938568,
                    -0.9643470048904419,
                    -3.8874073028564453
                ],
                [
                    0.0,
                    0.0,
                    0.0,
                    1.0
                ]
            ]
        },
        {
            "file_path": "/data/shapenet_blender/all_50_random/02958343/c43b1ebad0ba016a7fd25564c2e888e/r_18",
            "rotation": 0.12566370614359174,
            "transform_matrix": [
                [
                    0.9322327971458435,
                    -0.3112987279891968,
                    0.1844860464334488,
                    0.743687093257904
                ],
                [
                    0.3618590533733368,
                    0.8019776940345764,
                    -0.4752787947654724,
                    -1.915910243988037
                ],
                [
                    -1.4901159417490817e-08,
                    0.5098283886909485,
                    0.8602760434150696,
                    3.467883825302124
                ],
                [
                    0.0,
                    0.0,
                    0.0,
                    1.0
                ]
            ]
        },
        {
            "file_path": "/data/shapenet_blender/all_50_random/02958343/c43b1ebad0ba016a7fd25564c2e888e/r_19",
            "rotation": 0.12566370614359174,
            "transform_matrix": [
                [
                    -0.9552154541015625,
                    0.053137049078941345,
                    -0.29110127687454224,
                    -1.1734669208526611
                ],
                [
                    -0.29591134190559387,
                    -0.17152883112430573,
                    0.9396883249282837,
                    3.7880051136016846
                ],
                [
                    0.0,
                    0.9837450981140137,
                    0.17957080900669098,
                    0.7238731384277344
                ],
                [
                    0.0,
                    0.0,
                    0.0,
                    1.0
                ]
            ]
        },
        {
            "file_path": "/data/shapenet_blender/all_50_random/02958343/c43b1ebad0ba016a7fd25564c2e888e/r_20",
            "rotation": 0.12566370614359174,
            "transform_matrix": [
                [
                    0.853317141532898,
                    0.23969262838363647,
                    -0.4630306661128998,
                    -1.8665363788604736
                ],
                [
                    -0.5213924050331116,
                    0.3922838568687439,
                    -0.7578015923500061,
                    -3.0547962188720703
                ],
                [
                    0.0,
                    0.8880656361579895,
                    0.45971643924713135,
                    1.8531763553619385
                ],
                [
                    0.0,
                    0.0,
                    0.0,
                    1.0
                ]
            ]
        },
        {
            "file_path": "/data/shapenet_blender/all_50_random/02958343/c43b1ebad0ba016a7fd25564c2e888e/r_21",
            "rotation": 0.12566370614359174,
            "transform_matrix": [
                [
                    0.020545633509755135,
                    0.7843529582023621,
                    -0.6199744939804077,
                    -2.499197006225586
                ],
                [
                    -0.9997888803482056,
                    0.016118431463837624,
                    -0.012740458361804485,
                    -0.051358431577682495
                ],
                [
                    9.313224635931761e-10,
                    0.6201053857803345,
                    0.7845185399055481,
                    3.1624953746795654
                ],
                [
                    0.0,
                    0.0,
                    0.0,
                    1.0
                ]
            ]
        },
        {
            "file_path": "/data/shapenet_blender/all_50_random/02958343/c43b1ebad0ba016a7fd25564c2e888e/r_22",
            "rotation": 0.12566370614359174,
            "transform_matrix": [
                [
                    -0.7517996430397034,
                    0.10937827080488205,
                    -0.6502567529678345,
                    -2.6212687492370605
                ],
                [
                    -0.6593917608261108,
                    -0.12470665574073792,
                    0.7413843870162964,
                    2.9886159896850586
                ],
                [
                    -7.450581485102248e-09,
                    0.9861462712287903,
                    0.1658775359392166,
                    0.6686737537384033
                ],
                [
                    0.0,
                    0.0,
                    0.0,
                    1.0
                ]
            ]
        },
        {
            "file_path": "/data/shapenet_blender/all_50_random/02958343/c43b1ebad0ba016a7fd25564c2e888e/r_23",
            "rotation": 0.12566370614359174,
            "transform_matrix": [
                [
                    0.9617441892623901,
                    0.2209823876619339,
                    -0.16190986335277557,
                    -0.6526795625686646
                ],
                [
                    -0.27394890785217285,
                    0.775796115398407,
                    -0.5684120655059814,
                    -2.291342258453369
                ],
                [
                    -1.4901160305669237e-08,
                    0.5910219550132751,
                    0.8066554069519043,
                    3.2517318725585938
                ],
                [
                    0.0,
                    0.0,
                    0.0,
                    1.0
                ]
            ]
        },
        {
            "file_path": "/data/shapenet_blender/all_50_random/02958343/c43b1ebad0ba016a7fd25564c2e888e/r_24",
            "rotation": 0.12566370614359174,
            "transform_matrix": [
                [
                    -0.9994192719459534,
                    0.017665261402726173,
                    -0.029137486591935158,
                    -0.11745697259902954
                ],
                [
                    -0.03407425060868263,
                    -0.5181332230567932,
                    0.8546208143234253,
                    3.44508695602417
                ],
                [
                    0.0,
                    0.8551174402236938,
                    0.5184342265129089,
                    2.0898754596710205
                ],
                [
                    0.0,
                    0.0,
                    0.0,
                    1.0
                ]
            ]
        },
        {
            "file_path": "/data/shapenet_blender/all_50_random/02958343/c43b1ebad0ba016a7fd25564c2e888e/r_25",
            "rotation": 0.12566370614359174,
            "transform_matrix": [
                [
                    -0.8857932686805725,
                    -0.22386683523654938,
                    -0.4065144658088684,
                    -1.6387122869491577
                ],
                [
                    -0.46408015489578247,
                    0.42729631066322327,
                    0.7759171724319458,
                    3.127822160720825
                ],
                [
                    1.4901162970204496e-08,
                    0.8759574294090271,
                    -0.48238831758499146,
                    -1.94456946849823
                ],
                [
                    0.0,
                    0.0,
                    0.0,
                    1.0
                ]
            ]
        },
        {
            "file_path": "/data/shapenet_blender/all_50_random/02958343/c43b1ebad0ba016a7fd25564c2e888e/r_26",
            "rotation": 0.12566370614359174,
            "transform_matrix": [
                [
                    -0.8705896139144897,
                    0.03379945456981659,
                    0.49084770679473877,
                    1.978670358657837
                ],
                [
                    0.49201008677482605,
                    0.05980660393834114,
                    0.8685328364372253,
                    3.5011677742004395
                ],
                [
                    1.862645371275562e-09,
                    0.9976375699043274,
                    -0.06869667768478394,
                    -0.2769251763820648
                ],
                [
                    0.0,
                    0.0,
                    0.0,
                    1.0
                ]
            ]
        },
        {
            "file_path": "/data/shapenet_blender/all_50_random/02958343/c43b1ebad0ba016a7fd25564c2e888e/r_27",
            "rotation": 0.12566370614359174,
            "transform_matrix": [
                [
                    -0.9991862773895264,
                    -0.0005556446849368513,
                    -0.04033099487423897,
                    -0.16257944703102112
                ],
                [
                    -0.040334828197956085,
                    0.013764593750238419,
                    0.999091386795044,
                    4.027466297149658
                ],
                [
                    -5.820766785236131e-11,
                    0.9999051094055176,
                    -0.01377580501139164,
                    -0.05553204566240311
                ],
                [
                    0.0,
                    0.0,
                    0.0,
                    1.0
                ]
            ]
        },
        {
            "file_path": "/data/shapenet_blender/all_50_random/02958343/c43b1ebad0ba016a7fd25564c2e888e/r_28",
            "rotation": 0.12566370614359174,
            "transform_matrix": [
                [
                    0.9479451775550842,
                    0.12093499302864075,
                    -0.29457560181617737,
                    -1.1874723434448242
                ],
                [
                    -0.3184337913990021,
                    0.36001119017601013,
                    -0.8769217133522034,
                    -3.534984827041626
                ],
                [
                    -7.450581485102248e-09,
                    0.9250766038894653,
                    0.3797805607318878,
                    1.530944585800171
                ],
                [
                    0.0,
                    0.0,
                    0.0,
                    1.0
                ]
            ]
        },
        {
            "file_path": "/data/shapenet_blender/all_50_random/02958343/c43b1ebad0ba016a7fd25564c2e888e/r_29",
            "rotation": 0.12566370614359174,
            "transform_matrix": [
                [
                    0.707093358039856,
                    -0.02974807284772396,
                    0.706494152545929,
                    2.8479692935943604
                ],
                [
                    0.7071201801300049,
                    0.02974694035947323,
                    -0.7064672708511353,
                    -2.847860813140869
                ],
                [
                    0.0,
                    0.9991146326065063,
                    0.04206932708621025,
                    0.1695868968963623
                ],
                [
                    0.0,
                    0.0,
                    0.0,
                    1.0
                ]
            ]
        },
        {
            "file_path": "/data/shapenet_blender/all_50_random/02958343/c43b1ebad0ba016a7fd25564c2e888e/r_30",
            "rotation": 0.12566370614359174,
            "transform_matrix": [
                [
                    0.9060284495353699,
                    -1.5694366084062494e-05,
                    0.4232167601585388,
                    1.7060413360595703
                ],
                [
                    0.4232167601585388,
                    3.359872425789945e-05,
                    -0.9060284495353699,
                    -3.652317523956299
                ],
                [
                    -9.094947017729282e-13,
                    1.0,
                    3.708351869136095e-05,
                    0.0001494884490966797
                ],
                [
                    0.0,
                    0.0,
                    0.0,
                    1.0
                ]
            ]
        },
        {
            "file_path": "/data/shapenet_blender/all_50_random/02958343/c43b1ebad0ba016a7fd25564c2e888e/r_31",
            "rotation": 0.12566370614359174,
            "transform_matrix": [
                [
                    0.8250753879547119,
                    0.2794845700263977,
                    -0.49105918407440186,
                    -1.979522943496704
                ],
                [
                    -0.5650228261947632,
                    0.40811771154403687,
                    -0.7170698046684265,
                    -2.8906009197235107
                ],
                [
                    0.0,
                    0.8690962195396423,
                    0.4946430027484894,
                    1.9939696788787842
                ],
                [
                    0.0,
                    0.0,
                    0.0,
                    1.0
                ]
            ]
        },
        {
            "file_path": "/data/shapenet_blender/all_50_random/02958343/c43b1ebad0ba016a7fd25564c2e888e/r_32",
            "rotation": 0.12566370614359174,
            "transform_matrix": [
                [
                    -0.13056807219982147,
                    -0.06565704196691513,
                    0.9892629384994507,
                    3.9878463745117188
                ],
                [
                    0.9914393424987793,
                    -0.008646734990179539,
                    0.1302814483642578,
                    0.5251812934875488
                ],
                [
                    0.0,
                    0.9978047013282776,
                    0.06622397154569626,
                    0.2669573724269867
                ],
                [
                    0.0,
                    0.0,
                    0.0,
                    1.0
                ]
            ]
        },
        {
            "file_path": "/data/shapenet_blender/all_50_random/02958343/c43b1ebad0ba016a7fd25564c2e888e/r_33",
            "rotation": 0.12566370614359174,
            "transform_matrix": [
                [
                    0.5038147568702698,
                    0.5101494789123535,
                    -0.6970783472061157,
                    -2.8100128173828125
                ],
                [
                    -0.8638118505477905,
                    0.29754263162612915,
                    -0.40656816959381104,
                    -1.638928771018982
                ],
                [
                    -1.4901162970204496e-08,
                    0.8069795370101929,
                    0.5905793905258179,
                    2.380701780319214
                ],
                [
                    0.0,
                    0.0,
                    0.0,
                    1.0
                ]
            ]
        },
        {
            "file_path": "/data/shapenet_blender/all_50_random/02958343/c43b1ebad0ba016a7fd25564c2e888e/r_34",
            "rotation": 0.12566370614359174,
            "transform_matrix": [
                [
                    -0.17384286224842072,
                    0.005500690545886755,
                    -0.9847580194473267,
                    -3.969686508178711
                ],
                [
                    -0.9847733974456787,
                    -0.0009710414451546967,
                    0.17384013533592224,
                    0.7007719874382019
                ],
                [
                    -5.820766091346741e-11,
                    0.9999844431877136,
                    0.005585742183029652,
                    0.022516846656799316
                ],
                [
                    0.0,
                    0.0,
                    0.0,
                    1.0
                ]
            ]
        },
        {
            "file_path": "/data/shapenet_blender/all_50_random/02958343/c43b1ebad0ba016a7fd25564c2e888e/r_35",
            "rotation": 0.12566370614359174,
            "transform_matrix": [
                [
                    0.989775538444519,
                    -0.0030846144072711468,
                    0.142600417137146,
                    0.5748406648635864
                ],
                [
                    0.14263378083705902,
                    0.021404998376965523,
                    -0.9895440340042114,
                    -3.9889795780181885
                ],
                [
                    0.0,
                    0.9997659921646118,
                    0.021626116707921028,
                    0.08717766404151917
                ],
                [
                    0.0,
                    0.0,
                    0.0,
                    1.0
                ]
            ]
        },
        {
            "file_path": "/data/shapenet_blender/all_50_random/02958343/c43b1ebad0ba016a7fd25564c2e888e/r_36",
            "rotation": 0.12566370614359174,
            "transform_matrix": [
                [
                    0.9815419912338257,
                    0.14531363546848297,
                    -0.12433518469333649,
                    -0.5012111663818359
                ],
                [
                    -0.19124668836593628,
                    0.7457982301712036,
                    -0.6381297707557678,
                    -2.572383403778076
                ],
                [
                    0.0,
                    0.6501298546791077,
                    0.7598230838775635,
                    3.0629448890686035
                ],
                [
                    0.0,
                    0.0,
                    0.0,
                    1.0
                ]
            ]
        },
        {
            "file_path": "/data/shapenet_blender/all_50_random/02958343/c43b1ebad0ba016a7fd25564c2e888e/r_37",
            "rotation": 0.12566370614359174,
            "transform_matrix": [
                [
                    -0.9992321133613586,
                    -0.02765495888888836,
                    0.02775653451681137,
                    0.11189016699790955
                ],
                [
                    0.0391819067299366,
                    -0.7052673697471619,
                    0.7078577876091003,
                    2.853466033935547
                ],
                [
                    0.0,
                    0.7084017395973206,
                    0.7058093547821045,
                    2.8452084064483643
                ],
                [
                    0.0,
                    0.0,
                    0.0,
                    1.0
                ]
            ]
        },
        {
            "file_path": "/data/shapenet_blender/all_50_random/02958343/c43b1ebad0ba016a7fd25564c2e888e/r_38",
            "rotation": 0.12566370614359174,
            "transform_matrix": [
                [
                    0.3785507380962372,
                    0.0626738965511322,
                    0.9234561324119568,
                    3.7225708961486816
                ],
                [
                    0.9255805611610413,
                    -0.0256328321993351,
                    -0.3776818513870239,
                    -1.522484302520752
                ],
                [
                    1.862645149230957e-09,
                    0.997704803943634,
                    -0.06771306693553925,
                    -0.2729601263999939
                ],
                [
                    0.0,
                    0.0,
                    0.0,
                    1.0
                ]
            ]
        },
        {
            "file_path": "/data/shapenet_blender/all_50_random/02958343/c43b1ebad0ba016a7fd25564c2e888e/r_39",
            "rotation": 0.12566370614359174,
            "transform_matrix": [
                [
                    0.6393160820007324,
                    0.006647116970270872,
                    0.7689152359962463,
                    3.0995967388153076
                ],
                [
                    0.7689440250396729,
                    -0.00552655104547739,
                    -0.6392921209335327,
                    -2.5770692825317383
                ],
                [
                    0.0,
                    0.9999626874923706,
                    -0.008644472807645798,
                    -0.03484698757529259
                ],
                [
                    0.0,
                    0.0,
                    0.0,
                    1.0
                ]
            ]
        },
        {
            "file_path": "/data/shapenet_blender/all_50_random/02958343/c43b1ebad0ba016a7fd25564c2e888e/r_40",
            "rotation": 0.12566370614359174,
            "transform_matrix": [
                [
                    -0.9995232820510864,
                    -5.218214482738404e-07,
                    0.030875859782099724,
                    0.12446457147598267
                ],
                [
                    0.030875859782099724,
                    -1.6892572602955624e-05,
                    0.9995232820510864,
                    4.029207229614258
                ],
                [
                    0.0,
                    0.9999999403953552,
                    1.6900632545002736e-05,
                    6.812862557126209e-05
                ],
                [
                    0.0,
                    0.0,
                    0.0,
                    1.0
                ]
            ]
        },
        {
            "file_path": "/data/shapenet_blender/all_50_random/02958343/c43b1ebad0ba016a7fd25564c2e888e/r_41",
            "rotation": 0.12566370614359174,
            "transform_matrix": [
                [
                    0.9997093081474304,
                    0.010616406798362732,
                    0.0216495543718338,
                    0.08727215230464935
                ],
                [
                    0.02411247417330742,
                    -0.440158873796463,
                    -0.897596001625061,
                    -3.6183254718780518
                ],
                [
