{
    "class": "02958343",
    "model": "c07bbf672b56b02aafe1d4530f4c6e24",
    "remove_doubles": true,
    "edge_split": true,
    "denoise": true,
    "camera_angle_x": 0.6911112070083618,
    "scale_factor": 2.1976259474495548,
    "hdri_file": "/data/IndoorHDRDataset2018/9C4A9138-13e643b75d.exr",
    "center_offset": [
        0.0,
        0.0,
        -1.862645149230957e-09
    ],
    "lights": [],
    "frames": [
        {
            "file_path": "/data/shapenet_blender/all_50_random/02958343/c07bbf672b56b02aafe1d4530f4c6e24/r_0",
            "rotation": 0.12566370614359174,
            "transform_matrix": [
                [
                    -0.49497243762016296,
                    -0.4678953289985657,
                    0.7321721911430359,
                    2.9514806270599365
                ],
                [
                    0.8689085841178894,
                    -0.2665358781814575,
                    0.4170807898044586,
                    1.6813064813613892
                ],
                [
                    0.0,
                    0.8426343202590942,
                    0.5384861826896667,
                    2.1707072257995605
                ],
                [
                    0.0,
                    0.0,
                    0.0,
                    1.0
                ]
            ]
        },
        {
            "file_path": "/data/shapenet_blender/all_50_random/02958343/c07bbf672b56b02aafe1d4530f4c6e24/r_1",
            "rotation": 0.12566370614359174,
            "transform_matrix": [
                [
                    -0.6705706715583801,
                    0.0030397374648600817,
                    -0.7418394088745117,
                    -2.990450382232666
                ],
                [
                    -0.7418456673622131,
                    -0.002747685881331563,
                    0.6705650091171265,
                    2.703134059906006
                ],
                [
                    -2.3283064365386963e-10,
                    0.9999916553497314,
                    0.004097532946616411,
                    0.01651768386363983
                ],
                [
                    0.0,
                    0.0,
                    0.0,
                    1.0
                ]
            ]
        },
        {
            "file_path": "/data/shapenet_blender/all_50_random/02958343/c07bbf672b56b02aafe1d4530f4c6e24/r_2",
            "rotation": 0.12566370614359174,
            "transform_matrix": [
                [
                    -0.9571654796600342,
                    0.01886937767267227,
                    0.2889261245727539,
                    1.164698600769043
                ],
                [
                    0.28954169154167175,
                    0.06237829476594925,
                    0.9551305770874023,
                    3.850254774093628
                ],
                [
                    0.0,
                    0.9978740215301514,
                    -0.0651698186993599,
                    -0.26270797848701477
                ],
                [
                    0.0,
                    0.0,
                    0.0,
                    1.0
                ]
            ]
        },
        {
            "file_path": "/data/shapenet_blender/all_50_random/02958343/c07bbf672b56b02aafe1d4530f4c6e24/r_3",
            "rotation": 0.12566370614359174,
            "transform_matrix": [
                [
                    -0.2338685691356659,
                    0.47996771335601807,
                    0.8455391526222229,
                    3.408477306365967
                ],
                [
                    0.9722682237625122,
                    0.11545103788375854,
                    0.20338527858257294,
                    0.819872260093689
                ],
                [
                    -7.450580596923828e-09,
                    0.8696562647819519,
                    -0.4936577081680298,
                    -1.9899978637695312
                ],
                [
                    0.0,
                    0.0,
                    0.0,
                    1.0
                ]
            ]
        },
        {
            "file_path": "/data/shapenet_blender/all_50_random/02958343/c07bbf672b56b02aafe1d4530f4c6e24/r_4",
            "rotation": 0.12566370614359174,
            "transform_matrix": [
                [
                    -0.9616842269897461,
                    -0.12463144212961197,
                    -0.2441936433315277,
                    -0.984376072883606
                ],
                [
                    -0.274159699678421,
                    0.4371761977672577,
                    0.8565707206726074,
                    3.4529471397399902
                ],
                [
                    7.450580596923828e-09,
                    0.8906985521316528,
                    -0.45459434390068054,
                    -1.8325284719467163
                ],
                [
                    0.0,
                    0.0,
                    0.0,
                    1.0
                ]
            ]
        },
        {
            "file_path": "/data/shapenet_blender/all_50_random/02958343/c07bbf672b56b02aafe1d4530f4c6e24/r_5",
            "rotation": 0.12566370614359174,
            "transform_matrix": [
                [
                    -0.4673937261104584,
                    0.2298983633518219,
                    -0.8536332845687866,
                    -3.441105842590332
                ],
                [
                    -0.8840492367744446,
                    -0.12154645472764969,
                    0.45131292939186096,
                    1.819300651550293
                ],
                [
                    0.0,
                    0.9655946493148804,
                    0.26005154848098755,
                    1.048301339149475
                ],
                [
                    0.0,
                    0.0,
                    0.0,
                    1.0
                ]
            ]
        },
        {
            "file_path": "/data/shapenet_blender/all_50_random/02958343/c07bbf672b56b02aafe1d4530f4c6e24/r_6",
            "rotation": 0.12566370614359174,
            "transform_matrix": [
                [
                    -0.39987921714782715,
                    0.2395453304052353,
                    -0.8847116231918335,
                    -3.5663866996765137
                ],
                [
                    -0.9165678024291992,
                    -0.10450858622789383,
                    0.3859810531139374,
                    1.5559394359588623
                ],
                [
                    0.0,
                    0.9652440547943115,
                    0.2613503634929657,
                    1.0535370111465454
                ],
                [
                    0.0,
                    0.0,
                    0.0,
                    1.0
                ]
            ]
        },
        {
            "file_path": "/data/shapenet_blender/all_50_random/02958343/c07bbf672b56b02aafe1d4530f4c6e24/r_7",
            "rotation": 0.12566370614359174,
            "transform_matrix": [
                [
                    0.40540167689323425,
                    0.6230392456054688,
                    0.668933093547821,
                    2.6965556144714355
                ],
                [
                    0.9141385555267334,
                    -0.2763051390647888,
                    -0.29665809869766235,
                    -1.1958670616149902
                ],
                [
                    1.4901160305669237e-08,
                    0.7317633032798767,
                    -0.6815588474273682,
                    -2.7474515438079834
                ],
                [
                    0.0,
                    0.0,
                    0.0,
                    1.0
                ]
            ]
        },
        {
            "file_path": "/data/shapenet_blender/all_50_random/02958343/c07bbf672b56b02aafe1d4530f4c6e24/r_8",
            "rotation": 0.12566370614359174,
            "transform_matrix": [
                [
                    -0.6996029019355774,
                    0.10153359919786453,
                    -0.7072811722755432,
                    -2.8511416912078857
                ],
                [
                    -0.7145317792892456,
                    -0.0994122177362442,
                    0.6925037503242493,
                    2.791571855545044
                ],
                [
                    7.450580596923828e-09,
                    0.9898524880409241,
                    0.142098069190979,
                    0.5728156566619873
                ],
                [
                    0.0,
                    0.0,
                    0.0,
                    1.0
                ]
            ]
        },
        {
            "file_path": "/data/shapenet_blender/all_50_random/02958343/c07bbf672b56b02aafe1d4530f4c6e24/r_9",
            "rotation": 0.12566370614359174,
            "transform_matrix": [
                [
                    -0.9346262812614441,
                    -0.00825856439769268,
                    -0.35553568601608276,
                    -1.4332101345062256
                ],
                [
                    -0.35563161969184875,
                    0.021704120561480522,
                    0.934374213218689,
                    3.766582727432251
                ],
                [
                    0.0,
                    0.9997304081916809,
                    -0.023222247138619423,
                    -0.09361186623573303
                ],
                [
                    0.0,
                    0.0,
                    0.0,
                    1.0
                ]
            ]
        },
        {
            "file_path": "/data/shapenet_blender/all_50_random/02958343/c07bbf672b56b02aafe1d4530f4c6e24/r_10",
            "rotation": 0.12566370614359174,
            "transform_matrix": [
                [
                    0.1697038859128952,
                    0.15112972259521484,
                    -0.9738379716873169,
                    -3.925666332244873
                ],
                [
                    -0.9854950904846191,
                    0.02602478861808777,
                    -0.1676965057849884,
                    -0.6760062575340271
                ],
                [
                    0.0,
                    0.9881712198257446,
                    0.15335412323474884,
                    0.6181902289390564
                ],
                [
                    0.0,
                    0.0,
                    0.0,
                    1.0
                ]
            ]
        },
        {
            "file_path": "/data/shapenet_blender/all_50_random/02958343/c07bbf672b56b02aafe1d4530f4c6e24/r_11",
            "rotation": 0.12566370614359174,
            "transform_matrix": [
                [
                    0.646196722984314,
                    0.5101606249809265,
                    0.5675965547561646,
                    2.288054943084717
                ],
                [
                    0.7631709575653076,
                    -0.4319663345813751,
                    -0.4805988371372223,
                    -1.937355875968933
                ],
                [
                    0.0,
                    0.7437345385551453,
                    -0.6684750318527222,
                    -2.694709062576294
                ],
                [
                    0.0,
                    0.0,
                    0.0,
                    1.0
                ]
            ]
        },
        {
            "file_path": "/data/shapenet_blender/all_50_random/02958343/c07bbf672b56b02aafe1d4530f4c6e24/r_12",
            "rotation": 0.12566370614359174,
            "transform_matrix": [
                [
                    -0.6819383502006531,
                    -0.6193565130233765,
                    -0.38904687762260437,
                    -1.568298101425171
                ],
                [
                    -0.73140949010849,
                    0.5774644017219543,
                    0.362732470035553,
                    1.462221384048462
                ],
                [
                    0.0,
                    0.5319138169288635,
                    -0.8467984199523926,
                    -3.4135537147521973
                ],
                [
                    0.0,
                    0.0,
                    0.0,
                    1.0
                ]
            ]
        },
        {
            "file_path": "/data/shapenet_blender/all_50_random/02958343/c07bbf672b56b02aafe1d4530f4c6e24/r_13",
            "rotation": 0.12566370614359174,
            "transform_matrix": [
                [
                    0.9155355095863342,
                    0.052903831005096436,
                    0.3987429738044739,
                    1.6073843240737915
                ],
                [
                    0.4022372364997864,
                    -0.1204148530960083,
                    -0.9075822234153748,
                    -3.658581018447876
                ],
                [
                    0.0,
                    0.9913130402565002,
                    -0.1315239518880844,
                    -0.5301899909973145
                ],
                [
                    0.0,
                    0.0,
                    0.0,
                    1.0
                ]
            ]
        },
        {
            "file_path": "/data/shapenet_blender/all_50_random/02958343/c07bbf672b56b02aafe1d4530f4c6e24/r_14",
            "rotation": 0.12566370614359174,
            "transform_matrix": [
                [
                    0.9208589196205139,
                    0.022698737680912018,
                    0.3892346918582916,
                    1.5690550804138184
                ],
                [
                    0.3898959755897522,
                    -0.05361003428697586,
                    -0.9192971587181091,
                    -3.7058048248291016
                ],
                [
                    0.0,
                    0.9983039498329163,
                    -0.058217424899339676,
                    -0.23468191921710968
                ],
                [
                    0.0,
                    0.0,
                    0.0,
                    1.0
                ]
            ]
        },
        {
            "file_path": "/data/shapenet_blender/all_50_random/02958343/c07bbf672b56b02aafe1d4530f4c6e24/r_15",
            "rotation": 0.12566370614359174,
            "transform_matrix": [
                [
                    -0.8112057447433472,
                    -0.14588475227355957,
                    -0.5662710666656494,
                    -2.2827117443084717
                ],
                [
                    -0.5847609043121338,
                    0.20237766206264496,
                    0.7855558395385742,
                    3.1666767597198486
                ],
                [
                    -7.450580596923828e-09,
                    0.9683806300163269,
                    -0.2494775801897049,
                    -1.00567626953125
                ],
                [
                    0.0,
                    0.0,
                    0.0,
                    1.0
                ]
            ]
        },
        {
            "file_path": "/data/shapenet_blender/all_50_random/02958343/c07bbf672b56b02aafe1d4530f4c6e24/r_16",
            "rotation": 0.12566370614359174,
            "transform_matrix": [
                [
                    0.24492435157299042,
                    -0.7129929661750793,
                    0.6570030450820923,
                    2.6484639644622803
                ],
                [
                    0.9695422053337097,
                    0.1801152527332306,
                    -0.16597117483615875,
                    -0.6690511703491211
                ],
                [
                    7.450580152834618e-09,
                    0.6776425242424011,
                    0.73539137840271,
                    2.9644572734832764
                ],
                [
                    0.0,
                    0.0,
                    0.0,
                    1.0
                ]
            ]
        },
        {
            "file_path": "/data/shapenet_blender/all_50_random/02958343/c07bbf672b56b02aafe1d4530f4c6e24/r_17",
            "rotation": 0.12566370614359174,
            "transform_matrix": [
                [
                    -0.40754765272140503,
                    0.7781614065170288,
                    0.4778803586959839,
                    1.926397442817688
                ],
                [
                    0.9131839871406555,
                    0.34728801250457764,
                    0.21327467262744904,
                    0.859737753868103
                ],
                [
                    1.4901161193847656e-08,
                    0.5233122110366821,
                    -0.8521409034729004,
                    -3.4350900650024414
                ],
                [
                    0.0,
                    0.0,
                    0.0,
                    1.0
                ]
            ]
        },
        {
            "file_path": "/data/shapenet_blender/all_50_random/02958343/c07bbf672b56b02aafe1d4530f4c6e24/r_18",
            "rotation": 0.12566370614359174,
            "transform_matrix": [
                [
                    -0.3243805170059204,
                    -0.11868059635162354,
                    -0.9384519457817078,
                    -3.7830209732055664
                ],
                [
                    -0.9459267258644104,
                    0.04069836810231209,
                    0.3218172490596771,
                    1.2972869873046875
                ],
                [
                    0.0,
                    0.9920979142189026,
                    -0.12546490132808685,
                    -0.5057652592658997
                ],
                [
                    0.0,
                    0.0,
                    0.0,
                    1.0
                ]
            ]
        },
        {
            "file_path": "/data/shapenet_blender/all_50_random/02958343/c07bbf672b56b02aafe1d4530f4c6e24/r_19",
            "rotation": 0.12566370614359174,
            "transform_matrix": [
                [
                    -0.08803290873765945,
                    0.8655861616134644,
                    -0.4929611384868622,
                    -1.9871898889541626
                ],
                [
                    -0.9961176514625549,
                    -0.07649705559015274,
                    0.04356594383716583,
                    0.1756199300289154
                ],
                [
                    3.725290742551124e-09,
                    0.4948824644088745,
                    0.868959903717041,
                    3.502889394760132
                ],
                [
                    0.0,
                    0.0,
                    0.0,
                    1.0
                ]
            ]
        },
        {
            "file_path": "/data/shapenet_blender/all_50_random/02958343/c07bbf672b56b02aafe1d4530f4c6e24/r_20",
            "rotation": 0.12566370614359174,
            "transform_matrix": [
                [
                    0.13044945895671844,
                    -0.8959994316101074,
                    0.4244619309902191,
                    1.7110607624053955
                ],
                [
                    0.9914548993110657,
                    0.11789003759622574,
                    -0.05584806203842163,
                    -0.22513073682785034
                ],
                [
                    0.0,
                    0.42812010645866394,
                    0.9037217497825623,
                    3.643018960952759
                ],
                [
                    0.0,
                    0.0,
                    0.0,
                    1.0
                ]
            ]
        },
        {
            "file_path": "/data/shapenet_blender/all_50_random/02958343/c07bbf672b56b02aafe1d4530f4c6e24/r_21",
            "rotation": 0.12566370614359174,
            "transform_matrix": [
                [
                    -0.9589138031005859,
                    0.01757478155195713,
                    0.2831527292728424,
                    1.1414251327514648
                ],
                [
                    0.28369760513305664,
                    0.059403739869594574,
                    0.9570720195770264,
                    3.8580806255340576
                ],
                [
                    1.862645149230957e-09,
                    0.9980792999267578,
                    -0.0619489848613739,
                    -0.249724343419075
                ],
                [
                    0.0,
                    0.0,
                    0.0,
                    1.0
                ]
            ]
        },
        {
            "file_path": "/data/shapenet_blender/all_50_random/02958343/c07bbf672b56b02aafe1d4530f4c6e24/r_22",
            "rotation": 0.12566370614359174,
            "transform_matrix": [
                [
                    0.8009084463119507,
                    0.19741930067539215,
                    -0.5653063654899597,
                    -2.278822660446167
                ],
                [
                    -0.5987868309020996,
                    0.26405856013298035,
                    -0.7561266422271729,
                    -3.048043727874756
                ],
                [
                    0.0,
                    0.9440861344337463,
                    0.3296988308429718,
                    1.329058289527893
                ],
                [
                    0.0,
                    0.0,
                    0.0,
                    1.0
                ]
            ]
        },
        {
            "file_path": "/data/shapenet_blender/all_50_random/02958343/c07bbf672b56b02aafe1d4530f4c6e24/r_23",
            "rotation": 0.12566370614359174,
            "transform_matrix": [
                [
                    -0.9876687526702881,
                    0.14276626706123352,
                    0.0642528161406517,
                    0.2590113878250122
                ],
                [
                    0.15655873715877533,
                    0.9006573557853699,
                    0.40534624457359314,
                    1.634002923965454
                ],
                [
                    0.0,
                    0.41040709614753723,
                    -0.9119023680686951,
                    -3.6759960651397705
                ],
                [
                    0.0,
                    0.0,
                    0.0,
                    1.0
                ]
            ]
        },
        {
            "file_path": "/data/shapenet_blender/all_50_random/02958343/c07bbf672b56b02aafe1d4530f4c6e24/r_24",
            "rotation": 0.12566370614359174,
            "transform_matrix": [
                [
                    -0.7298131585121155,
                    -0.11216524243354797,
                    0.6743824481964111,
                    2.718522548675537
                ],
                [
                    0.6836466193199158,
                    -0.11973974108695984,
                    0.7199233770370483,
                    2.902103900909424
                ],
                [
                    0.0,
                    0.9864488840103149,
                    0.1640690267086029,
                    0.6613833904266357
                ],
                [
                    0.0,
                    0.0,
                    0.0,
                    1.0
                ]
            ]
        },
        {
            "file_path": "/data/shapenet_blender/all_50_random/02958343/c07bbf672b56b02aafe1d4530f4c6e24/r_25",
            "rotation": 0.12566370614359174,
            "transform_matrix": [
                [
                    0.832351803779602,
                    0.10761289298534393,
                    -0.543700098991394,
                    -2.191725254058838
                ],
                [
                    -0.5542474985122681,
                    0.1616097241640091,
                    -0.8165120482444763,
                    -3.2914652824401855
                ],
                [
                    0.0,
                    0.9809697866439819,
                    0.1941603422164917,
                    0.782685399055481
                ],
                [
                    0.0,
                    0.0,
                    0.0,
                    1.0
                ]
            ]
        },
        {
            "file_path": "/data/shapenet_blender/all_50_random/02958343/c07bbf672b56b02aafe1d4530f4c6e24/r_26",
            "rotation": 0.12566370614359174,
            "transform_matrix": [
                [
                    -0.6803447008132935,
                    -0.02149212174117565,
                    -0.7325771450996399,
                    -2.953112840652466
                ],
                [
                    -0.7328923940658569,
                    0.01995115727186203,
                    0.6800520420074463,
                    2.741377353668213
                ],
                [
                    9.313225746154785e-10,
                    0.9995700120925903,
                    -0.029325071722269058,
                    -0.11821314692497253
                ],
                [
                    0.0,
                    0.0,
                    0.0,
                    1.0
                ]
            ]
        },
        {
            "file_path": "/data/shapenet_blender/all_50_random/02958343/c07bbf672b56b02aafe1d4530f4c6e24/r_27",
            "rotation": 0.12566370614359174,
            "transform_matrix": [
                [
                    -0.9088835120201111,
                    -0.22405174374580383,
                    -0.3517550528049469,
                    -1.4179699420928955
                ],
                [
                    -0.41705015301704407,
                    0.4882792532444,
                    0.7665849924087524,
                    3.090203046798706
                ],
                [
                    -1.4901161193847656e-08,
                    0.8434359431266785,
                    -0.5372297763824463,
                    -2.165642499923706
                ],
                [
                    0.0,
                    0.0,
                    0.0,
                    1.0
                ]
            ]
        },
        {
            "file_path": "/data/shapenet_blender/all_50_random/02958343/c07bbf672b56b02aafe1d4530f4c6e24/r_28",
            "rotation": 0.12566370614359174,
            "transform_matrix": [
                [
                    0.97437584400177,
                    -0.17059247195720673,
                    0.1465948522090912,
                    0.5909427404403687
                ],
                [
                    0.22492632269859314,
                    0.7390028238296509,
                    -0.6350456476211548,
                    -2.559950828552246
                ],
                [
                    0.0,
                    0.6517459750175476,
                    0.7584371566772461,
                    3.0573580265045166
                ],
                [
                    0.0,
                    0.0,
                    0.0,
                    1.0
                ]
            ]
        },
        {
            "file_path": "/data/shapenet_blender/all_50_random/02958343/c07bbf672b56b02aafe1d4530f4c6e24/r_29",
            "rotation": 0.12566370614359174,
            "transform_matrix": [
                [
                    -0.49413296580314636,
                    0.38553673028945923,
                    0.779226541519165,
                    3.141162633895874
                ],
                [
                    0.8693863749504089,
                    0.21912746131420135,
                    0.44288885593414307,
                    1.7853420972824097
                ],
                [
                    -1.4901161193847656e-08,
                    0.8962949514389038,
                    -0.4434584677219391,
                    -1.7876383066177368
                ],
                [
                    0.0,
                    0.0,
                    0.0,
                    1.0
                ]
            ]
        },
        {
            "file_path": "/data/shapenet_blender/all_50_random/02958343/c07bbf672b56b02aafe1d4530f4c6e24/r_30",
            "rotation": 0.12566370614359174,
            "transform_matrix": [
                [
                    0.837916374206543,
                    -0.4975648820400238,
                    0.22433291375637054,
                    0.9043148159980774
                ],
                [
                    0.5457985997200012,
                    0.7638674378395081,
                    -0.34439849853515625,
                    -1.3883146047592163
                ],
                [
                    -1.4901159417490817e-08,
                    0.4110177457332611,
                    0.9116274118423462,
                    3.674887180328369
                ],
                [
                    0.0,
                    0.0,
                    0.0,
                    1.0
                ]
            ]
        },
        {
            "file_path": "/data/shapenet_blender/all_50_random/02958343/c07bbf672b56b02aafe1d4530f4c6e24/r_31",
            "rotation": 0.12566370614359174,
            "transform_matrix": [
                [
                    0.7676108479499817,
                    0.1385539174079895,
                    -0.6257606148719788,
                    -2.52252197265625
                ],
                [
                    -0.6409161686897278,
                    0.16594286262989044,
                    -0.7494592666625977,
                    -3.021167278289795
                ],
                [
                    -7.450580596923828e-09,
                    0.9763532876968384,
                    0.2161809504032135,
                    0.8714533448219299
                ],
                [
                    0.0,
                    0.0,
                    0.0,
                    1.0
                ]
            ]
        },
        {
            "file_path": "/data/shapenet_blender/all_50_random/02958343/c07bbf672b56b02aafe1d4530f4c6e24/r_32",
            "rotation": 0.12566370614359174,
            "transform_matrix": [
                [
                    -0.9962272644042969,
                    -0.010479144752025604,
                    0.08614801615476608,
                    0.3472737669944763
                ],
                [
                    0.0867830291390419,
                    -0.12029551714658737,
                    0.9889376163482666,
                    3.98653507232666
                ],
                [
                    0.0,
                    0.9926827549934387,
                    0.12075108289718628,
                    0.4867631793022156
                ],
                [
                    0.0,
                    0.0,
                    0.0,
                    1.0
                ]
            ]
        },
        {
            "file_path": "/data/shapenet_blender/all_50_random/02958343/c07bbf672b56b02aafe1d4530f4c6e24/r_33",
            "rotation": 0.12566370614359174,
            "transform_matrix": [
                [
                    0.9848953485488892,
                    -0.16595976054668427,
                    0.04938209801912308,
                    0.19906562566757202
                ],
                [
                    0.1731509119272232,
                    0.9439916014671326,
                    -0.2808890640735626,
                    -1.1323001384735107
                ],
                [
                    -3.725290298461914e-09,
                    0.2851966619491577,
                    0.9584689140319824,
                    3.8637120723724365
                ],
                [
                    0.0,
                    0.0,
                    0.0,
                    1.0
                ]
            ]
        },
        {
            "file_path": "/data/shapenet_blender/all_50_random/02958343/c07bbf672b56b02aafe1d4530f4c6e24/r_34",
            "rotation": 0.12566370614359174,
            "transform_matrix": [
                [
                    0.9861686825752258,
                    -0.03609336540102959,
                    -0.16176722943782806,
                    -0.6521044969558716
                ],
                [
                    -0.16574488580226898,
                    -0.21475262939929962,
                    -0.9625020027160645,
                    -3.8799691200256348
                ],
                [
                    0.0,
                    0.9760013818740845,
                    -0.21776460111141205,
                    -0.877837061882019
                ],
                [
                    0.0,
                    0.0,
                    0.0,
                    1.0
                ]
            ]
        },
        {
            "file_path": "/data/shapenet_blender/all_50_random/02958343/c07bbf672b56b02aafe1d4530f4c6e24/r_35",
            "rotation": 0.12566370614359174,
            "transform_matrix": [
                [
                    0.26692432165145874,
                    -0.682666003704071,
                    0.6802341938018799,
                    2.7421116828918457
                ],
                [
                    0.9637174010276794,
                    0.18908050656318665,
                    -0.18840695917606354,
                    -0.7594927549362183
                ],
                [
                    0.0,
                    0.7058438658714294,
                    0.7083674073219299,
                    2.855520248413086
                ],
                [
                    0.0,
                    0.0,
                    0.0,
                    1.0
                ]
            ]
        },
        {
            "file_path": "/data/shapenet_blender/all_50_random/02958343/c07bbf672b56b02aafe1d4530f4c6e24/r_36",
            "rotation": 0.12566370614359174,
            "transform_matrix": [
                [
                    -0.732117235660553,
                    0.6428483724594116,
                    -0.22527825832366943,
                    -0.9081256985664368
                ],
                [
                    -0.6811785697937012,
                    -0.6909206509590149,
                    0.24212457239627838,
                    0.9760353565216064
                ],
                [
                    0.0,
                    0.3307182490825653,
                    0.9437295198440552,
                    3.804295301437378
                ],
                [
                    0.0,
                    0.0,
                    0.0,
                    1.0
                ]
            ]
        },
        {
            "file_path": "/data/shapenet_blender/all_50_random/02958343/c07bbf672b56b02aafe1d4530f4c6e24/r_37",
            "rotation": 0.12566370614359174,
            "transform_matrix": [
                [
                    0.27984362840652466,
                    0.25996455550193787,
                    0.9241785407066345,
                    3.725482940673828
                ],
                [
                    0.9600456953048706,
                    -0.07577703893184662,
                    -0.26938870549201965,
                    -1.0859405994415283
                ],
                [
                    0.0,
                    0.9626402258872986,
                    -0.27078354358673096,
                    -1.09156334400177
                ],
                [
                    0.0,
                    0.0,
                    0.0,
                    1.0
                ]
            ]
        },
        {
            "file_path": "/data/shapenet_blender/all_50_random/02958343/c07bbf672b56b02aafe1d4530f4c6e24/r_38",
            "rotation": 0.12566370614359174,
            "transform_matrix": [
                [
                    0.43638497591018677,
                    0.0032830985728651285,
                    -0.899753987789154,
                    -3.6270246505737305
                ],
                [
                    -0.8997600078582764,
                    0.0015923078171908855,
                    -0.4363820552825928,
                    -1.7591124773025513
                ],
                [
                    0.0,
                    0.9999933242797852,
                    0.003648859914392233,
                    0.014709025621414185
                ],
                [
                    0.0,
                    0.0,
                    0.0,
                    1.0
                ]
            ]
        },
        {
            "file_path": "/data/shapenet_blender/all_50_random/02958343/c07bbf672b56b02aafe1d4530f4c6e24/r_39",
            "rotation": 0.12566370614359174,
            "transform_matrix": [
                [
                    0.39595210552215576,
                    -0.3266683518886566,
                    0.8582014441490173,
                    3.4595205783843994
                ],
                [
                    0.9182711839675903,
                    0.14085711538791656,
                    -0.37005046010017395,
                    -1.4917211532592773
                ],
                [
                    -7.450580596923828e-09,
                    0.934583842754364,
                    0.35574284195899963,
                    1.4340453147888184
                ],
                [
                    0.0,
                    0.0,
                    0.0,
                    1.0
                ]
            ]
        },
        {
            "file_path": "/data/shapenet_blender/all_50_random/02958343/c07bbf672b56b02aafe1d4530f4c6e24/r_40",
            "rotation": 0.12566370614359174,
            "transform_matrix": [
                [
                    0.9890742897987366,
                    0.044981345534324646,
                    0.14038784801959991,
                    0.5659215450286865
                ],
                [
                    0.14741800725460052,
                    -0.3017941117286682,
                    -0.9419066905975342,
                    -3.7969472408294678
                ],
                [
                    -3.725290298461914e-09,
                    0.9523113369941711,
                    -0.305127888917923,
                    -1.230009913444519
                ],
                [
                    0.0,
                    0.0,
                    0.0,
                    1.0
                ]
            ]
        },
        {
            "file_path": "/data/shapenet_blender/all_50_random/02958343/c07bbf672b56b02aafe1d4530f4c6e24/r_41",
            "rotation": 0.12566370614359174,
            "transform_matrix": [
                [
                    0.08599643409252167,
                    0.2781343162059784,
                    0.9566848278045654,
                    3.856519937515259
                ],
                [
                    0.9962955117225647,
                    -0.024007493630051613,
                    -0.08257739245891571,
                    -0.3328801095485687
                ],
                [
                    0.0,
                    0.960241973400116,
