{
    "class": "02958343",
    "model": "85914342038de6f160190e29962cb3e7",
    "remove_doubles": true,
    "edge_split": true,
    "denoise": true,
    "camera_angle_x": 0.6911112070083618,
    "scale_factor": 2.4539455622215725,
    "hdri_file": "/data/IndoorHDRDataset2018/9C4A1030-c671b82912.exr",
    "center_offset": [
        0.0,
        0.0,
        -3.725290298461914e-09
    ],
    "lights": [],
    "frames": [
        {
            "file_path": "/data/shapenet_blender/all_50_random/02958343/85914342038de6f160190e29962cb3e7/r_0",
            "rotation": 0.12566370614359174,
            "transform_matrix": [
                [
                    0.9936347007751465,
                    -0.01848435029387474,
                    -0.11112340539693832,
                    -0.4479528069496155
                ],
                [
                    -0.11265027523040771,
                    -0.16304169595241547,
                    -0.9801669120788574,
                    -3.9511795043945312
                ],
                [
                    0.0,
                    0.986445963382721,
                    -0.16408613324165344,
                    -0.6614524126052856
                ],
                [
                    0.0,
                    0.0,
                    0.0,
                    1.0
                ]
            ]
        },
        {
            "file_path": "/data/shapenet_blender/all_50_random/02958343/85914342038de6f160190e29962cb3e7/r_1",
            "rotation": 0.12566370614359174,
            "transform_matrix": [
                [
                    0.301745742559433,
                    -0.07012753188610077,
                    0.9508057236671448,
                    3.8328206539154053
                ],
                [
                    0.9533884525299072,
                    0.02219523675739765,
                    -0.3009282946586609,
                    -1.213080883026123
                ],
                [
                    1.862645149230957e-09,
                    0.9972910284996033,
                    0.073556087911129,
                    0.296514093875885
                ],
                [
                    0.0,
                    0.0,
                    0.0,
                    1.0
                ]
            ]
        },
        {
            "file_path": "/data/shapenet_blender/all_50_random/02958343/85914342038de6f160190e29962cb3e7/r_2",
            "rotation": 0.12566370614359174,
            "transform_matrix": [
                [
                    -0.2849386930465698,
                    0.9511361718177795,
                    -0.11895260214805603,
                    -0.4795133173465729
                ],
                [
                    -0.9585457444190979,
                    -0.2827360928058624,
                    0.03536002337932587,
                    0.1425408273935318
                ],
                [
                    3.725290742551124e-09,
                    0.12409690767526627,
                    0.9922699928283691,
                    3.9999685287475586
                ],
                [
                    0.0,
                    0.0,
                    0.0,
                    1.0
                ]
            ]
        },
        {
            "file_path": "/data/shapenet_blender/all_50_random/02958343/85914342038de6f160190e29962cb3e7/r_3",
            "rotation": 0.12566370614359174,
            "transform_matrix": [
                [
                    0.23084045946598053,
                    -0.1666550189256668,
                    -0.9586129188537598,
                    -3.8642923831939697
                ],
                [
                    -0.9729916453361511,
                    -0.03953859210014343,
                    -0.22742913663387299,
                    -0.9167961478233337
                ],
                [
                    0.0,
                    0.9852221012115479,
                    -0.17128105461597443,
                    -0.6904560327529907
                ],
                [
                    0.0,
                    0.0,
                    0.0,
                    1.0
                ]
            ]
        },
        {
            "file_path": "/data/shapenet_blender/all_50_random/02958343/85914342038de6f160190e29962cb3e7/r_4",
            "rotation": 0.12566370614359174,
            "transform_matrix": [
                [
                    0.8635880947113037,
                    0.4723947048187256,
                    -0.1762351542711258,
                    -0.7104266285896301
                ],
                [
                    -0.5041979551315308,
                    0.8091155290603638,
                    -0.30185478925704956,
                    -1.2168155908584595
                ],
                [
                    0.0,
                    0.34953561425209045,
                    0.9369230270385742,
                    3.776857614517212
                ],
                [
                    0.0,
                    0.0,
                    0.0,
                    1.0
                ]
            ]
        },
        {
            "file_path": "/data/shapenet_blender/all_50_random/02958343/85914342038de6f160190e29962cb3e7/r_5",
            "rotation": 0.12566370614359174,
            "transform_matrix": [
                [
                    0.789732038974762,
                    0.08290031552314758,
                    0.6078246831893921,
                    2.4502196311950684
                ],
                [
                    0.6134519577026367,
                    -0.10672234743833542,
                    -0.782487690448761,
                    -3.154308795928955
                ],
                [
                    0.0,
                    0.9908267855644226,
                    -0.1351374238729477,
                    -0.5447563529014587
                ],
                [
                    0.0,
                    0.0,
                    0.0,
                    1.0
                ]
            ]
        },
        {
            "file_path": "/data/shapenet_blender/all_50_random/02958343/85914342038de6f160190e29962cb3e7/r_6",
            "rotation": 0.12566370614359174,
            "transform_matrix": [
                [
                    -0.3071262538433075,
                    -0.026257533580064774,
                    -0.9513064026832581,
                    -3.8348388671875
                ],
                [
                    -0.9516688585281372,
                    0.00847393274307251,
                    0.3070093095302582,
                    1.2375941276550293
                ],
                [
                    0.0,
                    0.9996192455291748,
                    -0.0275910422205925,
                    -0.11122304946184158
                ],
                [
                    0.0,
                    0.0,
                    0.0,
                    1.0
                ]
            ]
        },
        {
            "file_path": "/data/shapenet_blender/all_50_random/02958343/85914342038de6f160190e29962cb3e7/r_7",
            "rotation": 0.12566370614359174,
            "transform_matrix": [
                [
                    -0.914667010307312,
                    0.13991527259349823,
                    -0.37922021746635437,
                    -1.5286855697631836
                ],
                [
                    -0.4042081832885742,
                    -0.31660884618759155,
                    0.8581226468086243,
                    3.459203004837036
                ],
                [
                    -1.4901161193847656e-08,
                    0.9381803870201111,
                    0.3461465835571289,
                    1.3953615427017212
                ],
                [
                    0.0,
                    0.0,
                    0.0,
                    1.0
                ]
            ]
        },
        {
            "file_path": "/data/shapenet_blender/all_50_random/02958343/85914342038de6f160190e29962cb3e7/r_8",
            "rotation": 0.12566370614359174,
            "transform_matrix": [
                [
                    0.4526207745075226,
                    0.1068427786231041,
                    -0.8852790594100952,
                    -3.568674087524414
                ],
                [
                    -0.891703188419342,
                    0.05423246696591377,
                    -0.4493599534034729,
                    -1.8114279508590698
                ],
                [
                    0.0,
                    0.9927957653999329,
                    0.119818776845932,
                    0.48300492763519287
                ],
                [
                    0.0,
                    0.0,
                    0.0,
                    1.0
                ]
            ]
        },
        {
            "file_path": "/data/shapenet_blender/all_50_random/02958343/85914342038de6f160190e29962cb3e7/r_9",
            "rotation": 0.12566370614359174,
            "transform_matrix": [
                [
                    0.9375432133674622,
                    0.052664656192064285,
                    0.3438590466976166,
                    1.38614022731781
                ],
                [
                    0.3478686511516571,
                    -0.14193686842918396,
                    -0.9267368316650391,
                    -3.7357959747314453
                ],
                [
                    0.0,
                    0.988473653793335,
                    -0.15139232575893402,
                    -0.6102820634841919
                ],
                [
                    0.0,
                    0.0,
                    0.0,
                    1.0
                ]
            ]
        },
        {
            "file_path": "/data/shapenet_blender/all_50_random/02958343/85914342038de6f160190e29962cb3e7/r_10",
            "rotation": 0.12566370614359174,
            "transform_matrix": [
                [
                    -0.7566810250282288,
                    0.6032943725585938,
                    -0.2519322335720062,
                    -1.0155714750289917
                ],
                [
                    -0.6537843346595764,
                    -0.698244571685791,
                    0.2915828824043274,
                    1.1754083633422852
                ],
                [
                    -1.4901162970204496e-08,
                    0.3853445053100586,
                    0.9227726459503174,
                    3.719815731048584
                ],
                [
                    0.0,
                    0.0,
                    0.0,
                    1.0
                ]
            ]
        },
        {
            "file_path": "/data/shapenet_blender/all_50_random/02958343/85914342038de6f160190e29962cb3e7/r_11",
            "rotation": 0.12566370614359174,
            "transform_matrix": [
                [
                    -0.8369388580322266,
                    0.010523783043026924,
                    0.5471951961517334,
                    2.2058143615722656
                ],
                [
                    0.547296404838562,
                    0.016093222424387932,
                    0.8367841243743896,
                    3.3731846809387207
                ],
                [
                    9.313225746154785e-10,
                    0.9998151063919067,
                    -0.019228670746088028,
                    -0.07751324772834778
                ],
                [
                    0.0,
                    0.0,
                    0.0,
                    1.0
                ]
            ]
        },
        {
            "file_path": "/data/shapenet_blender/all_50_random/02958343/85914342038de6f160190e29962cb3e7/r_12",
            "rotation": 0.12566370614359174,
            "transform_matrix": [
                [
                    0.8143342137336731,
                    0.148672953248024,
                    -0.5610314011573792,
                    -2.261590003967285
                ],
                [
                    -0.5803963541984558,
                    0.20859791338443756,
                    -0.7871638536453247,
                    -3.173158884048462
                ],
                [
                    0.0,
                    0.9666349291801453,
                    0.25615766644477844,
                    1.0326045751571655
                ],
                [
                    0.0,
                    0.0,
                    0.0,
                    1.0
                ]
            ]
        },
        {
            "file_path": "/data/shapenet_blender/all_50_random/02958343/85914342038de6f160190e29962cb3e7/r_13",
            "rotation": 0.12566370614359174,
            "transform_matrix": [
                [
                    -0.8705840110778809,
                    -0.3901255130767822,
                    0.2998092472553253,
                    1.2085697650909424
                ],
                [
                    0.4920198321342468,
                    -0.6902913451194763,
                    0.5304849743843079,
                    2.138453245162964
                ],
                [
                    1.4901161193847656e-08,
                    0.6093438863754272,
                    0.7929061055183411,
                    3.1963067054748535
                ],
                [
                    0.0,
                    0.0,
                    0.0,
                    1.0
                ]
            ]
        },
        {
            "file_path": "/data/shapenet_blender/all_50_random/02958343/85914342038de6f160190e29962cb3e7/r_14",
            "rotation": 0.12566370614359174,
            "transform_matrix": [
                [
                    0.9549808502197266,
                    0.009393127635121346,
                    0.2965187132358551,
                    1.1953051090240479
                ],
                [
                    0.2966674268245697,
                    -0.03023674339056015,
                    -0.9545020461082458,
                    -3.8477208614349365
                ],
                [
                    0.0,
                    0.9994986057281494,
                    -0.031662147492170334,
                    -0.127634197473526
                ],
                [
                    0.0,
                    0.0,
                    0.0,
                    1.0
                ]
            ]
        },
        {
            "file_path": "/data/shapenet_blender/all_50_random/02958343/85914342038de6f160190e29962cb3e7/r_15",
            "rotation": 0.12566370614359174,
            "transform_matrix": [
                [
                    -0.9467096924781799,
                    0.04186438396573067,
                    -0.3193558156490326,
                    -1.2873644828796387
                ],
                [
                    -0.3220881223678589,
                    -0.1230514720082283,
                    0.9386786222457886,
                    3.7839345932006836
                ],
                [
                    -3.725290298461914e-09,
                    0.9915168285369873,
                    0.12997804582118988,
                    0.5239582657814026
                ],
                [
                    0.0,
                    0.0,
                    0.0,
                    1.0
                ]
            ]
        },
        {
            "file_path": "/data/shapenet_blender/all_50_random/02958343/85914342038de6f160190e29962cb3e7/r_16",
            "rotation": 0.12566370614359174,
            "transform_matrix": [
                [
                    -0.9419443011283875,
                    0.003955164924263954,
                    -0.3357456922531128,
                    -1.3534343242645264
                ],
                [
                    -0.3357689678668976,
                    -0.011095560155808926,
                    0.9418789148330688,
                    3.7968356609344482
                ],
                [
                    -2.3283062977608182e-10,
                    0.9999306201934814,
                    0.01177942007780075,
                    0.04748436436057091
                ],
                [
                    0.0,
                    0.0,
                    0.0,
                    1.0
                ]
            ]
        },
        {
            "file_path": "/data/shapenet_blender/all_50_random/02958343/85914342038de6f160190e29962cb3e7/r_17",
            "rotation": 0.12566370614359174,
            "transform_matrix": [
                [
                    0.9712460041046143,
                    0.12906521558761597,
                    -0.2000589519739151,
                    -0.8064634203910828
                ],
                [
                    -0.23807860910892487,
                    0.5265238881111145,
                    -0.8161441087722778,
                    -3.2899820804595947
                ],
                [
                    0.0,
                    0.8403063416481018,
                    0.5421118140220642,
                    2.1853225231170654
                ],
                [
                    0.0,
                    0.0,
                    0.0,
                    1.0
                ]
            ]
        },
        {
            "file_path": "/data/shapenet_blender/all_50_random/02958343/85914342038de6f160190e29962cb3e7/r_18",
            "rotation": 0.12566370614359174,
            "transform_matrix": [
                [
                    0.992261528968811,
                    -0.011908105574548244,
                    0.1235930398106575,
                    0.4982195198535919
                ],
                [
                    0.12416539341211319,
                    0.0951630249619484,
                    -0.9876875877380371,
                    -3.9814963340759277
                ],
                [
                    0.0,
                    0.9953904151916504,
                    0.09590517729520798,
                    0.3866061568260193
                ],
                [
                    0.0,
                    0.0,
                    0.0,
                    1.0
                ]
            ]
        },
        {
            "file_path": "/data/shapenet_blender/all_50_random/02958343/85914342038de6f160190e29962cb3e7/r_19",
            "rotation": 0.12566370614359174,
            "transform_matrix": [
                [
                    0.9785393476486206,
                    -0.13884593546390533,
                    -0.15225839614868164,
                    -0.6137732267379761
                ],
                [
                    -0.2060602605342865,
                    -0.6593519449234009,
                    -0.7230449914932251,
                    -2.9146876335144043
                ],
                [
                    -7.450581485102248e-09,
                    0.7389022707939148,
                    -0.6738125085830688,
                    -2.7162251472473145
                ],
                [
                    0.0,
                    0.0,
                    0.0,
                    1.0
                ]
            ]
        },
        {
            "file_path": "/data/shapenet_blender/all_50_random/02958343/85914342038de6f160190e29962cb3e7/r_20",
            "rotation": 0.12566370614359174,
            "transform_matrix": [
                [
                    -0.6637187600135803,
                    0.38578999042510986,
                    -0.6408146023750305,
                    -2.5832064151763916
                ],
                [
                    -0.7479822039604187,
                    -0.34232908487319946,
                    0.5686240792274475,
                    2.2921972274780273
                ],
                [
                    0.0,
                    0.8567244410514832,
                    0.5157742500305176,
                    2.079152822494507
                ],
                [
                    0.0,
                    0.0,
                    0.0,
                    1.0
                ]
            ]
        },
        {
            "file_path": "/data/shapenet_blender/all_50_random/02958343/85914342038de6f160190e29962cb3e7/r_21",
            "rotation": 0.12566370614359174,
            "transform_matrix": [
                [
                    0.2745282053947449,
                    0.6757974028587341,
                    -0.6840556263923645,
                    -2.7575161457061768
                ],
                [
                    -0.9615790843963623,
                    0.19293831288814545,
                    -0.1952960044145584,
                    -0.7872632741928101
                ],
                [
                    1.4901161193847656e-08,
                    0.7113876938819885,
                    0.7027997374534607,
                    2.833076000213623
                ],
                [
                    0.0,
                    0.0,
                    0.0,
                    1.0
                ]
            ]
        },
        {
            "file_path": "/data/shapenet_blender/all_50_random/02958343/85914342038de6f160190e29962cb3e7/r_22",
            "rotation": 0.12566370614359174,
            "transform_matrix": [
                [
                    0.9901551604270935,
                    -0.00032311497488990426,
                    0.13997404277324677,
                    0.5642533302307129
                ],
                [
                    0.1399744153022766,
                    0.0022856604773551226,
                    -0.9901525378227234,
                    -3.9914321899414062
                ],
                [
                    -2.9103826987286752e-11,
                    0.9999974370002747,
                    0.002308386145159602,
                    0.009305400773882866
                ],
                [
                    0.0,
                    0.0,
                    0.0,
                    1.0
                ]
            ]
        },
        {
            "file_path": "/data/shapenet_blender/all_50_random/02958343/85914342038de6f160190e29962cb3e7/r_23",
            "rotation": 0.12566370614359174,
            "transform_matrix": [
                [
                    0.5953903198242188,
                    -0.34372586011886597,
                    -0.7261974215507507,
                    -2.9273955821990967
                ],
                [
                    -0.8034364581108093,
                    -0.25471964478492737,
                    -0.5381519794464111,
                    -2.1693601608276367
                ],
                [
                    0.0,
                    0.9038640260696411,
                    -0.4278195798397064,
                    -1.7245960235595703
                ],
                [
                    0.0,
                    0.0,
                    0.0,
                    1.0
                ]
            ]
        },
        {
            "file_path": "/data/shapenet_blender/all_50_random/02958343/85914342038de6f160190e29962cb3e7/r_24",
            "rotation": 0.12566370614359174,
            "transform_matrix": [
                [
                    0.9835149645805359,
                    -0.05824531987309456,
                    -0.171189084649086,
                    -0.6900852918624878
                ],
                [
                    -0.18082647025585175,
                    -0.3167961835861206,
                    -0.931097149848938,
                    -3.7533726692199707
                ],
                [
                    0.0,
                    0.9467034935951233,
                    -0.32210612297058105,
                    -1.29845130443573
                ],
                [
                    0.0,
                    0.0,
                    0.0,
                    1.0
                ]
            ]
        },
        {
            "file_path": "/data/shapenet_blender/all_50_random/02958343/85914342038de6f160190e29962cb3e7/r_25",
            "rotation": 0.12566370614359174,
            "transform_matrix": [
                [
                    -0.06451629847288132,
                    -0.007294608745723963,
                    0.997890055179596,
                    4.022623062133789
                ],
                [
                    0.997916579246521,
                    -0.00047160370741039515,
                    0.06451458483934402,
                    0.26006656885147095
                ],
                [
                    0.0,
                    0.9999732971191406,
                    0.007309838198125362,
                    0.029466897249221802
                ],
                [
                    0.0,
                    0.0,
                    0.0,
                    1.0
                ]
            ]
        },
        {
            "file_path": "/data/shapenet_blender/all_50_random/02958343/85914342038de6f160190e29962cb3e7/r_26",
            "rotation": 0.12566370614359174,
            "transform_matrix": [
                [
                    -0.026699578389525414,
                    0.2813923954963684,
                    -0.9592212438583374,
                    -3.8667445182800293
                ],
                [
                    -0.9996435046195984,
                    -0.007515737321227789,
                    0.025619935244321823,
                    0.10327726602554321
                ],
                [
                    4.656613428188905e-10,
                    0.9595631957054138,
                    0.28149276971817017,
                    1.1347336769104004
                ],
                [
                    0.0,
                    0.0,
                    0.0,
                    1.0
                ]
            ]
        },
        {
            "file_path": "/data/shapenet_blender/all_50_random/02958343/85914342038de6f160190e29962cb3e7/r_27",
            "rotation": 0.12566370614359174,
            "transform_matrix": [
                [
                    0.8989169597625732,
                    -0.4216747283935547,
                    -0.11890629678964615,
                    -0.4793265461921692
                ],
                [
                    -0.4381190240383148,
                    -0.8651770949363708,
                    -0.243967667222023,
                    -0.9834650158882141
                ],
                [
                    0.0,
                    0.2714018225669861,
                    -0.9624661803245544,
                    -3.8798248767852783
                ],
                [
                    0.0,
                    0.0,
                    0.0,
                    1.0
                ]
            ]
        },
        {
            "file_path": "/data/shapenet_blender/all_50_random/02958343/85914342038de6f160190e29962cb3e7/r_28",
            "rotation": 0.12566370614359174,
            "transform_matrix": [
                [
                    0.980494499206543,
                    -0.033567268401384354,
                    0.19365902245044708,
                    0.7806645631790161
                ],
                [
                    0.19654664397239685,
                    0.16745400428771973,
                    -0.9660892486572266,
                    -3.894430637359619
                ],
                [
                    0.0,
                    0.9853082895278931,
                    0.17078523337841034,
                    0.6884573698043823
                ],
                [
                    0.0,
                    0.0,
                    0.0,
                    1.0
                ]
            ]
        },
        {
            "file_path": "/data/shapenet_blender/all_50_random/02958343/85914342038de6f160190e29962cb3e7/r_29",
            "rotation": 0.12566370614359174,
            "transform_matrix": [
                [
                    0.9961220026016235,
                    0.05777377635240555,
                    0.06635788083076477,
                    0.2674972116947174
                ],
                [
                    0.08798397332429886,
                    -0.654093325138092,
                    -0.751279354095459,
                    -3.0285041332244873
                ],
                [
                    3.725290742551124e-09,
                    0.7542043328285217,
                    -0.6566397547721863,
                    -2.6469998359680176
                ],
                [
                    0.0,
                    0.0,
                    0.0,
                    1.0
                ]
            ]
        },
        {
            "file_path": "/data/shapenet_blender/all_50_random/02958343/85914342038de6f160190e29962cb3e7/r_30",
            "rotation": 0.12566370614359174,
            "transform_matrix": [
                [
                    -0.8574349880218506,
                    -0.37802061438560486,
                    0.3491499722003937,
                    1.407468557357788
                ],
                [
                    0.5145923495292664,
                    -0.629873514175415,
                    0.5817680358886719,
                    2.345181941986084
                ],
                [
                    1.4901161193847656e-08,
                    0.6784981489181519,
                    0.7346020936965942,
                    2.961275815963745
                ],
                [
                    0.0,
                    0.0,
                    0.0,
                    1.0
                ]
            ]
        },
        {
            "file_path": "/data/shapenet_blender/all_50_random/02958343/85914342038de6f160190e29962cb3e7/r_31",
            "rotation": 0.12566370614359174,
            "transform_matrix": [
                [
                    -0.9999971985816956,
                    0.0019429406384006143,
                    0.0013600100064650178,
                    0.005482375621795654
                ],
                [
                    0.0023716334253549576,
                    0.8192391395568848,
                    0.573447048664093,
                    2.3116390705108643
                ],
                [
                    1.1641532182693481e-10,
                    0.5734485983848572,
                    -0.819241464138031,
                    -3.3024680614471436
                ],
                [
                    0.0,
                    0.0,
                    0.0,
                    1.0
                ]
            ]
        },
        {
            "file_path": "/data/shapenet_blender/all_50_random/02958343/85914342038de6f160190e29962cb3e7/r_32",
            "rotation": 0.12566370614359174,
            "transform_matrix": [
                [
                    0.7123294472694397,
                    -0.6890307664871216,
                    -0.13350419700145721,
                    -0.5381726026535034
                ],
                [
                    -0.7018452286720276,
                    -0.6993235349655151,
                    -0.13549847900867462,
                    -0.546211838722229
                ],
                [
                    -7.450580152834618e-09,
                    0.19021868705749512,
                    -0.981741726398468,
                    -3.9575273990631104
                ],
                [
                    0.0,
                    0.0,
                    0.0,
                    1.0
                ]
            ]
        },
        {
            "file_path": "/data/shapenet_blender/all_50_random/02958343/85914342038de6f160190e29962cb3e7/r_33",
            "rotation": 0.12566370614359174,
            "transform_matrix": [
                [
                    -0.6922253966331482,
                    -0.1004396602511406,
                    -0.7146578431129456,
                    -2.88087797164917
                ],
                [
                    -0.7216813564300537,
                    0.09634014219045639,
                    0.6854885816574097,
                    2.7632927894592285
                ],
                [
                    0.0,
                    0.990267813205719,
                    -0.13917452096939087,
                    -0.5610304474830627
                ],
                [
                    0.0,
                    0.0,
                    0.0,
                    1.0
                ]
            ]
        },
        {
            "file_path": "/data/shapenet_blender/all_50_random/02958343/85914342038de6f160190e29962cb3e7/r_34",
            "rotation": 0.12566370614359174,
            "transform_matrix": [
                [
                    -0.08314067870378494,
                    0.34197065234184265,
                    0.9360254406929016,
                    3.7732391357421875
                ],
                [
                    0.9965378046035767,
                    0.028530452400445938,
                    0.07809216529130936,
                    0.31479957699775696
                ],
                [
                    0.0,
                    0.9392773509025574,
                    -0.3431587517261505,
                    -1.383317232131958
                ],
                [
                    0.0,
                    0.0,
                    0.0,
                    1.0
                ]
            ]
        },
        {
            "file_path": "/data/shapenet_blender/all_50_random/02958343/85914342038de6f160190e29962cb3e7/r_35",
            "rotation": 0.12566370614359174,
            "transform_matrix": [
                [
                    0.4537617862224579,
                    0.8553981781005859,
                    -0.2497883439064026,
                    -1.0069291591644287
                ],
                [
                    -0.8911230564117432,
                    0.4355705976486206,
                    -0.12719276547431946,
                    -0.5127304792404175
                ],
                [
                    0.0,
                    0.2803072929382324,
                    0.9599101543426514,
                    3.8695220947265625
                ],
                [
                    0.0,
                    0.0,
                    0.0,
                    1.0
                ]
            ]
        },
        {
            "file_path": "/data/shapenet_blender/all_50_random/02958343/85914342038de6f160190e29962cb3e7/r_36",
            "rotation": 0.12566370614359174,
            "transform_matrix": [
                [
                    0.9018354415893555,
                    -0.18674296140670776,
                    0.3896409571170807,
                    1.570692777633667
                ],
                [
                    0.432079941034317,
                    0.38976916670799255,
                    -0.8132570385932922,
                    -3.278343677520752
                ],
                [
                    0.0,
                    0.90177983045578,
                    0.4321955740451813,
                    1.7422358989715576
                ],
                [
                    0.0,
                    0.0,
                    0.0,
                    1.0
                ]
            ]
        },
        {
            "file_path": "/data/shapenet_blender/all_50_random/02958343/85914342038de6f160190e29962cb3e7/r_37",
            "rotation": 0.12566370614359174,
            "transform_matrix": [
                [
                    -0.6956801414489746,
                    -0.19105397164821625,
                    0.6924793124198914,
                    2.791473388671875
                ],
                [
                    0.7183517813682556,
                    -0.1850241720676422,
                    0.6706241965293884,
                    2.7033727169036865
                ],
                [
                    0.0,
                    0.9639836549758911,
                    0.26596158742904663,
                    1.0721254348754883
                ],
                [
                    0.0,
                    0.0,
                    0.0,
                    1.0
                ]
            ]
        },
        {
            "file_path": "/data/shapenet_blender/all_50_random/02958343/85914342038de6f160190e29962cb3e7/r_38",
            "rotation": 0.12566370614359174,
            "transform_matrix": [
                [
                    -0.5008230209350586,
                    -0.060220927000045776,
                    0.8634523153305054,
                    3.480687141418457
                ],
                [
                    0.8655496835708618,
                    -0.03484493866562843,
                    0.49960947036743164,
                    2.0139899253845215
                ],
                [
                    -1.8626449271863521e-09,
                    0.9975766539573669,
                    0.06957536190748215,
                    0.2804672122001648
                ],
                [
                    0.0,
                    0.0,
                    0.0,
                    1.0
                ]
            ]
        },
        {
            "file_path": "/data/shapenet_blender/all_50_random/02958343/85914342038de6f160190e29962cb3e7/r_39",
            "rotation": 0.12566370614359174,
            "transform_matrix": [
                [
                    -0.9246216416358948,
                    -0.06488191336393356,
                    -0.37532010674476624,
                    -1.5129637718200684
                ],
                [
                    -0.3808869421482086,
                    0.15750402212142944,
                    0.9111078977584839,
                    3.672793388366699
                ],
                [
                    3.725290742551124e-09,
                    0.9853845238685608,
                    -0.1703442931175232,
                    -0.6866797804832458
                ],
                [
                    0.0,
                    0.0,
                    0.0,
                    1.0
                ]
            ]
        },
        {
            "file_path": "/data/shapenet_blender/all_50_random/02958343/85914342038de6f160190e29962cb3e7/r_40",
            "rotation": 0.12566370614359174,
            "transform_matrix": [
                [
                    0.9976124167442322,
                    0.007058328948915005,
                    -0.06869889795780182,
                    -0.2769341468811035
                ],
                [
                    -0.0690605416893959,
                    0.1019609272480011,
                    -0.9923883080482483,
                    -4.000445365905762
                ],
                [
                    4.6566125955216364e-10,
                    0.9947632551193237,
                    0.10220495611429214,
                    0.4120014011859894
                ],
                [
                    0.0,
                    0.0,
                    0.0,
                    1.0
                ]
            ]
        },
        {
            "file_path": "/data/shapenet_blender/all_50_random/02958343/85914342038de6f160190e29962cb3e7/r_41",
            "rotation": 0.12566370614359174,
            "transform_matrix": [
                [
                    0.9054957628250122,
                    0.0034984734375029802,
                    -0.4243409335613251,
                    -1.7105730772018433
                ],
                [
                    -0.4243553578853607,
                    0.007465094793587923,
                    -0.9054649472236633,
                    -3.650045871734619
                ],
                [
