{
    "class": "02958343",
    "model": "23f31f379d6a5136ce27281f3b76d1f5",
    "remove_doubles": true,
    "edge_split": true,
    "denoise": true,
    "camera_angle_x": 0.6911112070083618,
    "scale_factor": 2.240602664542682,
    "hdri_file": "/data/IndoorHDRDataset2018/AG8A6729-acabc12ff1.exr",
    "center_offset": [
        0.0,
        0.0,
        3.725290298461914e-09
    ],
    "lights": [],
    "frames": [
        {
            "file_path": "/data/shapenet_blender/all_50_random/02958343/23f31f379d6a5136ce27281f3b76d1f5/r_0",
            "rotation": 0.12566370614359174,
            "transform_matrix": [
                [
                    0.6634023785591125,
                    0.10273998975753784,
                    0.7411759495735168,
                    2.9877758026123047
                ],
                [
                    0.7482628226280212,
                    -0.09108825027942657,
                    -0.6571192145347595,
                    -2.6489322185516357
                ],
                [
                    0.0,
                    0.9905287623405457,
                    -0.13730469346046448,
                    -0.5534929037094116
                ],
                [
                    0.0,
                    0.0,
                    0.0,
                    1.0
                ]
            ]
        },
        {
            "file_path": "/data/shapenet_blender/all_50_random/02958343/23f31f379d6a5136ce27281f3b76d1f5/r_1",
            "rotation": 0.12566370614359174,
            "transform_matrix": [
                [
                    0.17797844111919403,
                    0.20017194747924805,
                    0.9634597897529602,
                    3.8838307857513428
                ],
                [
                    0.9840343594551086,
                    -0.03620431572198868,
                    -0.17425718903541565,
                    -0.7024532556533813
                ],
                [
                    0.0,
                    0.9790915846824646,
                    -0.20341968536376953,
                    -0.8200110197067261
                ],
                [
                    0.0,
                    0.0,
                    0.0,
                    1.0
                ]
            ]
        },
        {
            "file_path": "/data/shapenet_blender/all_50_random/02958343/23f31f379d6a5136ce27281f3b76d1f5/r_2",
            "rotation": 0.12566370614359174,
            "transform_matrix": [
                [
                    0.5396778583526611,
                    -0.5684784054756165,
                    0.6209509372711182,
                    2.5031332969665527
                ],
                [
                    0.8418717384338379,
                    0.3644203841686249,
                    -0.39805763959884644,
                    -1.6046216487884521
                ],
                [
                    0.0,
                    0.7375837564468384,
                    0.675255537033081,
                    2.7220420837402344
                ],
                [
                    0.0,
                    0.0,
                    0.0,
                    1.0
                ]
            ]
        },
        {
            "file_path": "/data/shapenet_blender/all_50_random/02958343/23f31f379d6a5136ce27281f3b76d1f5/r_3",
            "rotation": 0.12566370614359174,
            "transform_matrix": [
                [
                    -0.27120906114578247,
                    0.6532226204872131,
                    -0.7069270014762878,
                    -2.8497138023376465
                ],
                [
                    -0.9625204801559448,
                    -0.1840583086013794,
                    0.19919057190418243,
                    0.8029628992080688
                ],
                [
                    0.0,
                    0.7344539165496826,
                    0.6786584854125977,
                    2.735759973526001
                ],
                [
                    0.0,
                    0.0,
                    0.0,
                    1.0
                ]
            ]
        },
        {
            "file_path": "/data/shapenet_blender/all_50_random/02958343/23f31f379d6a5136ce27281f3b76d1f5/r_4",
            "rotation": 0.12566370614359174,
            "transform_matrix": [
                [
                    -0.9922508001327515,
                    -0.01850319653749466,
                    -0.12286530435085297,
                    -0.49528592824935913
                ],
                [
                    -0.12425076961517334,
                    0.1477641761302948,
                    0.9811866879463196,
                    3.9552903175354004
                ],
                [
                    1.8626450382086546e-09,
                    0.9888495802879333,
                    -0.14891813695430756,
                    -0.6003082990646362
                ],
                [
                    0.0,
                    0.0,
                    0.0,
                    1.0
                ]
            ]
        },
        {
            "file_path": "/data/shapenet_blender/all_50_random/02958343/23f31f379d6a5136ce27281f3b76d1f5/r_5",
            "rotation": 0.12566370614359174,
            "transform_matrix": [
                [
                    -0.05626131594181061,
                    0.1928894966840744,
                    0.9796060919761658,
                    3.9489188194274902
                ],
                [
                    0.9984160661697388,
                    0.010869432240724564,
                    0.05520135909318924,
                    0.22252380847930908
                ],
                [
                    0.0,
                    0.9811601638793945,
                    -0.19319549202919006,
                    -0.7787960171699524
                ],
                [
                    0.0,
                    0.0,
                    0.0,
                    1.0
                ]
            ]
        },
        {
            "file_path": "/data/shapenet_blender/all_50_random/02958343/23f31f379d6a5136ce27281f3b76d1f5/r_6",
            "rotation": 0.12566370614359174,
            "transform_matrix": [
                [
                    -0.6356660723686218,
                    -0.4512261748313904,
                    0.62635737657547,
                    2.5249273777008057
                ],
                [
                    0.7719640731811523,
                    -0.37155765295028687,
                    0.5157676935195923,
                    2.0791261196136475
                ],
                [
                    -1.4901160305669237e-08,
                    0.811381459236145,
                    0.5845170021057129,
                    2.3562633991241455
                ],
                [
                    0.0,
                    0.0,
                    0.0,
                    1.0
                ]
            ]
        },
        {
            "file_path": "/data/shapenet_blender/all_50_random/02958343/23f31f379d6a5136ce27281f3b76d1f5/r_7",
            "rotation": 0.12566370614359174,
            "transform_matrix": [
                [
                    0.9242834448814392,
                    0.3282933831214905,
                    -0.19473937153816223,
                    -0.7850195169448853
                ],
                [
                    -0.3817066252231598,
                    0.7949458956718445,
                    -0.4715516269207001,
                    -1.9008854627609253
                ],
                [
                    -2.9802320611338473e-08,
                    0.510180652141571,
                    0.8600671887397766,
                    3.4670417308807373
                ],
                [
                    0.0,
                    0.0,
                    0.0,
                    1.0
                ]
            ]
        },
        {
            "file_path": "/data/shapenet_blender/all_50_random/02958343/23f31f379d6a5136ce27281f3b76d1f5/r_8",
            "rotation": 0.12566370614359174,
            "transform_matrix": [
                [
                    -0.7826158404350281,
                    -0.173760324716568,
                    -0.5977623462677002,
                    -2.4096570014953613
                ],
                [
                    -0.6225049495697021,
                    0.21845218539237976,
                    0.7515092492103577,
                    3.029430627822876
                ],
                [
                    0.0,
                    0.9602530002593994,
                    -0.27913084626197815,
                    -1.1252124309539795
                ],
                [
                    0.0,
                    0.0,
                    0.0,
                    1.0
                ]
            ]
        },
        {
            "file_path": "/data/shapenet_blender/all_50_random/02958343/23f31f379d6a5136ce27281f3b76d1f5/r_9",
            "rotation": 0.12566370614359174,
            "transform_matrix": [
                [
                    -0.9987817406654358,
                    -0.04693540185689926,
                    -0.015242626890540123,
                    -0.061444997787475586
                ],
                [
                    -0.049348458647727966,
                    0.9499430060386658,
                    0.30850115418434143,
                    1.243607997894287
                ],
                [
                    9.31322685637781e-10,
                    0.308877557516098,
                    -0.9511017203330994,
                    -3.8340139389038086
                ],
                [
                    0.0,
                    0.0,
                    0.0,
                    1.0
                ]
            ]
        },
        {
            "file_path": "/data/shapenet_blender/all_50_random/02958343/23f31f379d6a5136ce27281f3b76d1f5/r_10",
            "rotation": 0.12566370614359174,
            "transform_matrix": [
                [
                    0.9946584701538086,
                    0.008922779932618141,
                    -0.10283483564853668,
                    -0.41454046964645386
                ],
                [
                    -0.10322122275829315,
                    0.08598153293132782,
                    -0.990935206413269,
                    -3.9945876598358154
                ],
                [
                    0.0,
                    0.9962567090988159,
                    0.08644328266382217,
                    0.3484640121459961
                ],
                [
                    0.0,
                    0.0,
                    0.0,
                    1.0
                ]
            ]
        },
        {
            "file_path": "/data/shapenet_blender/all_50_random/02958343/23f31f379d6a5136ce27281f3b76d1f5/r_11",
            "rotation": 0.12566370614359174,
            "transform_matrix": [
                [
                    0.4157942533493042,
                    0.006685005500912666,
                    -0.9094340801239014,
                    -3.666046142578125
                ],
                [
                    -0.9094586372375488,
                    0.0030563094187527895,
                    -0.41578301787376404,
                    -1.6760749816894531
                ],
                [
                    2.3283062977608182e-10,
                    0.9999729990959167,
                    0.007350532338023186,
                    0.02963094413280487
                ],
                [
                    0.0,
                    0.0,
                    0.0,
                    1.0
                ]
            ]
        },
        {
            "file_path": "/data/shapenet_blender/all_50_random/02958343/23f31f379d6a5136ce27281f3b76d1f5/r_12",
            "rotation": 0.12566370614359174,
            "transform_matrix": [
                [
                    -0.9867430329322815,
                    0.05712021887302399,
                    0.15190643072128296,
                    0.6123543977737427
                ],
                [
                    0.1622907519340515,
                    0.3472963273525238,
                    0.9236053824424744,
                    3.723172426223755
                ],
                [
                    -7.450581485102248e-09,
                    0.9360140562057495,
                    -0.35196229815483093,
                    -1.4188053607940674
                ],
                [
                    0.0,
                    0.0,
                    0.0,
                    1.0
                ]
            ]
        },
        {
            "file_path": "/data/shapenet_blender/all_50_random/02958343/23f31f379d6a5136ce27281f3b76d1f5/r_13",
            "rotation": 0.12566370614359174,
            "transform_matrix": [
                [
                    -0.7043206095695496,
                    -0.4912150502204895,
                    -0.5124842524528503,
                    -2.065890312194824
                ],
                [
                    -0.7098820209503174,
                    0.48736676573753357,
                    0.5084693431854248,
                    2.049705743789673
                ],
                [
                    0.0,
                    0.7219288349151611,
                    -0.6919671893119812,
                    -2.7894091606140137
                ],
                [
                    0.0,
                    0.0,
                    0.0,
                    1.0
                ]
            ]
        },
        {
            "file_path": "/data/shapenet_blender/all_50_random/02958343/23f31f379d6a5136ce27281f3b76d1f5/r_14",
            "rotation": 0.12566370614359174,
            "transform_matrix": [
                [
                    -0.9863842725753784,
                    0.09009165316820145,
                    0.13758496940135956,
                    0.5546227693557739
                ],
                [
                    0.16445708274841309,
                    0.5403537154197693,
                    0.8252101540565491,
                    3.326528549194336
                ],
                [
                    -7.450580596923828e-09,
                    0.8366010785102844,
                    -0.5478125810623169,
                    -2.208303213119507
                ],
                [
                    0.0,
                    0.0,
                    0.0,
                    1.0
                ]
            ]
        },
        {
            "file_path": "/data/shapenet_blender/all_50_random/02958343/23f31f379d6a5136ce27281f3b76d1f5/r_15",
            "rotation": 0.12566370614359174,
            "transform_matrix": [
                [
                    0.9968951940536499,
                    -0.0025689508765935898,
                    0.07869898527860641,
                    0.317245751619339
                ],
                [
                    0.0787409096956253,
                    0.03252406790852547,
                    -0.996364414691925,
                    -4.016473293304443
                ],
                [
                    0.0,
                    0.9994676113128662,
                    0.032625362277030945,
                    0.13151703774929047
                ],
                [
                    0.0,
                    0.0,
                    0.0,
                    1.0
                ]
            ]
        },
        {
            "file_path": "/data/shapenet_blender/all_50_random/02958343/23f31f379d6a5136ce27281f3b76d1f5/r_16",
            "rotation": 0.12566370614359174,
            "transform_matrix": [
                [
                    -0.9247459769248962,
                    -0.053609251976013184,
                    -0.3767905533313751,
                    -1.5188910961151123
                ],
                [
                    -0.3805851340293884,
                    0.13025978207588196,
                    0.9155258536338806,
                    3.6906023025512695
                ],
                [
                    0.0,
                    0.990029513835907,
                    -0.14086011052131653,
                    -0.567825198173523
                ],
                [
                    0.0,
                    0.0,
                    0.0,
                    1.0
                ]
            ]
        },
        {
            "file_path": "/data/shapenet_blender/all_50_random/02958343/23f31f379d6a5136ce27281f3b76d1f5/r_17",
            "rotation": 0.12566370614359174,
            "transform_matrix": [
                [
                    -0.3416823446750641,
                    -0.2661329209804535,
                    -0.9013469815254211,
                    -3.633445978164673
                ],
                [
                    -0.9398155212402344,
                    0.09675615280866623,
                    0.32769662141799927,
                    1.320987343788147
                ],
                [
                    0.0,
                    0.9590678811073303,
                    -0.2831757664680481,
                    -1.141517996788025
                ],
                [
                    0.0,
                    0.0,
                    0.0,
                    1.0
                ]
            ]
        },
        {
            "file_path": "/data/shapenet_blender/all_50_random/02958343/23f31f379d6a5136ce27281f3b76d1f5/r_18",
            "rotation": 0.12566370614359174,
            "transform_matrix": [
                [
                    0.39421015977859497,
                    -0.007285697385668755,
                    0.9189914464950562,
                    3.7045726776123047
                ],
                [
                    0.9190202355384827,
                    0.0031251718755811453,
                    -0.39419785141944885,
                    -1.589062213897705
                ],
                [
                    0.0,
                    0.9999685883522034,
                    0.00792767945677042,
                    0.03195749595761299
                ],
                [
                    0.0,
                    0.0,
                    0.0,
                    1.0
                ]
            ]
        },
        {
            "file_path": "/data/shapenet_blender/all_50_random/02958343/23f31f379d6a5136ce27281f3b76d1f5/r_19",
            "rotation": 0.12566370614359174,
            "transform_matrix": [
                [
                    -0.6117696762084961,
                    -0.4113920331001282,
                    -0.6756436228752136,
                    -2.723606824874878
                ],
                [
                    -0.7910358905792236,
                    0.3181615173816681,
                    0.5225278735160828,
                    2.106377363204956
                ],
                [
                    0.0,
                    0.8541251420974731,
                    -0.5200674533843994,
                    -2.096459150314331
                ],
                [
                    0.0,
                    0.0,
                    0.0,
                    1.0
                ]
            ]
        },
        {
            "file_path": "/data/shapenet_blender/all_50_random/02958343/23f31f379d6a5136ce27281f3b76d1f5/r_20",
            "rotation": 0.12566370614359174,
            "transform_matrix": [
                [
                    -0.9977177381515503,
                    -0.021033816039562225,
                    0.06416480988264084,
                    0.25865665078163147
                ],
                [
                    0.06752441078424454,
                    -0.31078848242759705,
                    0.9480774402618408,
                    3.8218226432800293
                ],
                [
                    -1.862645371275562e-09,
                    0.950246274471283,
                    0.3114994466304779,
                    1.2556945085525513
                ],
                [
                    0.0,
                    0.0,
                    0.0,
                    1.0
                ]
            ]
        },
        {
            "file_path": "/data/shapenet_blender/all_50_random/02958343/23f31f379d6a5136ce27281f3b76d1f5/r_21",
            "rotation": 0.12566370614359174,
            "transform_matrix": [
                [
                    -0.9538290500640869,
                    -0.0015325752319768071,
                    0.30034637451171875,
                    1.2107349634170532
                ],
                [
                    0.3003503084182739,
                    -0.004867032635957003,
                    0.9538165330886841,
                    3.8449573516845703
                ],
                [
                    0.0,
                    0.9999870657920837,
                    0.0051026251167058945,
                    0.020569339394569397
                ],
                [
                    0.0,
                    0.0,
                    0.0,
                    1.0
                ]
            ]
        },
        {
            "file_path": "/data/shapenet_blender/all_50_random/02958343/23f31f379d6a5136ce27281f3b76d1f5/r_22",
            "rotation": 0.12566370614359174,
            "transform_matrix": [
                [
                    0.057089123874902725,
                    -0.12532025575637817,
                    0.9904723763465881,
                    3.9927220344543457
                ],
                [
                    0.9983691573143005,
                    0.007166109513491392,
                    -0.056637562811374664,
                    -0.22831332683563232
                ],
                [
                    4.656613428188905e-10,
                    0.9920904636383057,
                    0.12552495300769806,
                    0.5060073137283325
                ],
                [
                    0.0,
                    0.0,
                    0.0,
                    1.0
                ]
            ]
        },
        {
            "file_path": "/data/shapenet_blender/all_50_random/02958343/23f31f379d6a5136ce27281f3b76d1f5/r_23",
            "rotation": 0.12566370614359174,
            "transform_matrix": [
                [
                    -0.09430255740880966,
                    -0.22535985708236694,
                    0.9697009921073914,
                    3.908989667892456
                ],
                [
                    0.9955435991287231,
                    -0.02134714089334011,
                    0.09185461699962616,
                    0.3702777922153473
                ],
                [
                    0.0,
                    0.9740416407585144,
                    0.22636869549751282,
                    0.9125214219093323
                ],
                [
                    0.0,
                    0.0,
                    0.0,
                    1.0
                ]
            ]
        },
        {
            "file_path": "/data/shapenet_blender/all_50_random/02958343/23f31f379d6a5136ce27281f3b76d1f5/r_24",
            "rotation": 0.12566370614359174,
            "transform_matrix": [
                [
                    0.5555623769760132,
                    -0.030442919582128525,
                    0.8309173583984375,
                    3.3495349884033203
                ],
                [
                    0.8314749002456665,
                    0.020340891554951668,
                    -0.555189847946167,
                    -2.238041877746582
                ],
                [
                    0.0,
                    0.9993295073509216,
                    0.03661315515637398,
                    0.14759235084056854
                ],
                [
                    0.0,
                    0.0,
                    0.0,
                    1.0
                ]
            ]
        },
        {
            "file_path": "/data/shapenet_blender/all_50_random/02958343/23f31f379d6a5136ce27281f3b76d1f5/r_25",
            "rotation": 0.12566370614359174,
            "transform_matrix": [
                [
                    0.47768643498420715,
                    0.009805109351873398,
                    0.8784756660461426,
                    3.5412487983703613
                ],
                [
                    0.8785303831100464,
                    -0.005331367254257202,
                    -0.47765666246414185,
                    -1.9254956245422363
                ],
                [
                    4.6566125955216364e-10,
                    0.9999377727508545,
                    -0.011160808615386486,
                    -0.0449906587600708
                ],
                [
                    0.0,
                    0.0,
                    0.0,
                    1.0
                ]
            ]
        },
        {
            "file_path": "/data/shapenet_blender/all_50_random/02958343/23f31f379d6a5136ce27281f3b76d1f5/r_26",
            "rotation": 0.12566370614359174,
            "transform_matrix": [
                [
                    0.0700375884771347,
                    -0.16607871651649475,
                    0.983622133731842,
                    3.9651076793670654
                ],
                [
                    0.9975443482398987,
                    0.011660387739539146,
                    -0.06906011700630188,
                    -0.27839022874832153
                ],
                [
                    0.0,
                    0.9860435128211975,
                    0.16648754477500916,
                    0.6711327433586121
                ],
                [
                    0.0,
                    0.0,
                    0.0,
                    1.0
                ]
            ]
        },
        {
            "file_path": "/data/shapenet_blender/all_50_random/02958343/23f31f379d6a5136ce27281f3b76d1f5/r_27",
            "rotation": 0.12566370614359174,
            "transform_matrix": [
                [
                    0.4414088726043701,
                    -0.29503393173217773,
                    0.8474156260490417,
                    3.416041612625122
                ],
                [
                    0.8973062038421631,
                    0.1451350599527359,
                    -0.41686636209487915,
                    -1.6804420948028564
                ],
                [
                    7.450581485102248e-09,
                    0.9443997144699097,
                    0.32879963517189026,
                    1.3254337310791016
                ],
                [
                    0.0,
                    0.0,
                    0.0,
                    1.0
                ]
            ]
        },
        {
            "file_path": "/data/shapenet_blender/all_50_random/02958343/23f31f379d6a5136ce27281f3b76d1f5/r_28",
            "rotation": 0.12566370614359174,
            "transform_matrix": [
                [
                    0.27944424748420715,
                    -0.6993415951728821,
                    -0.6578997373580933,
                    -2.652078866958618
                ],
                [
                    -0.9601619243621826,
                    -0.20353545248508453,
                    -0.19147425889968872,
                    -0.771857500076294
                ],
                [
                    -1.4901161193847656e-08,
                    0.6851967573165894,
                    -0.7283579707145691,
                    -2.936105251312256
                ],
                [
                    0.0,
                    0.0,
                    0.0,
                    1.0
                ]
            ]
        },
        {
            "file_path": "/data/shapenet_blender/all_50_random/02958343/23f31f379d6a5136ce27281f3b76d1f5/r_29",
            "rotation": 0.12566370614359174,
            "transform_matrix": [
                [
                    -0.976645827293396,
                    0.13247109949588776,
                    -0.16915766894817352,
                    -0.681896448135376
                ],
                [
                    -0.21485558152198792,
                    -0.6021596193313599,
                    0.7689217925071716,
                    3.099623203277588
                ],
                [
                    -7.450580596923828e-09,
                    0.7873088717460632,
                    0.6165587902069092,
                    2.4854283332824707
                ],
                [
                    0.0,
                    0.0,
                    0.0,
                    1.0
                ]
            ]
        },
        {
            "file_path": "/data/shapenet_blender/all_50_random/02958343/23f31f379d6a5136ce27281f3b76d1f5/r_30",
            "rotation": 0.12566370614359174,
            "transform_matrix": [
                [
                    0.43017515540122986,
                    -0.7824786901473999,
                    -0.45019587874412537,
                    -1.8147977590560913
                ],
                [
                    -0.9027454853057861,
                    -0.37286576628685,
                    -0.21452677249908447,
                    -0.8647851347923279
                ],
                [
                    0.0,
                    0.4986964166164398,
                    -0.8667766451835632,
                    -3.494088649749756
                ],
                [
                    0.0,
                    0.0,
                    0.0,
                    1.0
                ]
            ]
        },
        {
            "file_path": "/data/shapenet_blender/all_50_random/02958343/23f31f379d6a5136ce27281f3b76d1f5/r_31",
            "rotation": 0.12566370614359174,
            "transform_matrix": [
                [
                    0.09070183336734772,
                    0.09224431216716766,
                    0.9915967583656311,
                    3.9972543716430664
                ],
                [
                    0.9958781003952026,
                    -0.008401358500123024,
                    -0.09031189978122711,
                    -0.3640589118003845
                ],
                [
                    9.313225746154785e-10,
                    0.995701014995575,
                    -0.09262610971927643,
                    -0.37338778376579285
                ],
                [
                    0.0,
                    0.0,
                    0.0,
                    1.0
                ]
            ]
        },
        {
            "file_path": "/data/shapenet_blender/all_50_random/02958343/23f31f379d6a5136ce27281f3b76d1f5/r_32",
            "rotation": 0.12566370614359174,
            "transform_matrix": [
                [
                    0.10194066166877747,
                    -0.5164029598236084,
                    -0.8502565622329712,
                    -3.4274933338165283
                ],
                [
                    -0.9947905540466309,
                    -0.05291813984513283,
                    -0.0871296226978302,
                    -0.3512307107448578
                ],
                [
                    0.0,
                    0.8547090888023376,
                    -0.5191072821617126,
                    -2.092588186264038
                ],
                [
                    0.0,
                    0.0,
                    0.0,
                    1.0
                ]
            ]
        },
        {
            "file_path": "/data/shapenet_blender/all_50_random/02958343/23f31f379d6a5136ce27281f3b76d1f5/r_33",
            "rotation": 0.12566370614359174,
            "transform_matrix": [
                [
                    -0.8153145909309387,
                    0.23295362293720245,
                    0.5300891995429993,
                    2.1368582248687744
                ],
                [
                    0.5790180563926697,
                    0.32802167534828186,
                    0.7464178800582886,
                    3.008906841278076
                ],
                [
                    -1.4901160305669237e-08,
                    0.9154967665672302,
                    -0.40232524275779724,
                    -1.621825098991394
                ],
                [
                    0.0,
                    0.0,
                    0.0,
                    1.0
                ]
            ]
        },
        {
            "file_path": "/data/shapenet_blender/all_50_random/02958343/23f31f379d6a5136ce27281f3b76d1f5/r_34",
            "rotation": 0.12566370614359174,
            "transform_matrix": [
                [
                    -0.5799527764320374,
                    -0.16260112822055817,
                    -0.7982578873634338,
                    -3.2178804874420166
                ],
                [
                    -0.8146501779556274,
                    0.11575640738010406,
                    0.5682830810546875,
                    2.2908222675323486
                ],
                [
                    -7.450580596923828e-09,
                    0.9798782467842102,
                    -0.19959627091884613,
                    -0.804598331451416
                ],
                [
                    0.0,
                    0.0,
                    0.0,
                    1.0
                ]
            ]
        },
        {
            "file_path": "/data/shapenet_blender/all_50_random/02958343/23f31f379d6a5136ce27281f3b76d1f5/r_35",
            "rotation": 0.12566370614359174,
            "transform_matrix": [
                [
                    0.8339448571205139,
                    0.5337879061698914,
                    -0.1400233805179596,
                    -0.5644522905349731
                ],
                [
                    -0.5518478751182556,
                    0.8066529035568237,
                    -0.2116014063358307,
                    -0.8529925346374512
                ],
                [
                    -7.450580596923828e-09,
                    0.25373533368110657,
                    0.9672736525535583,
                    3.899204730987549
                ],
                [
                    0.0,
                    0.0,
                    0.0,
                    1.0
                ]
            ]
        },
        {
            "file_path": "/data/shapenet_blender/all_50_random/02958343/23f31f379d6a5136ce27281f3b76d1f5/r_36",
            "rotation": 0.12566370614359174,
            "transform_matrix": [
                [
                    -0.7820746898651123,
                    0.17086568474769592,
                    0.5993028879165649,
                    2.415867567062378
                ],
                [
                    0.6231846809387207,
                    0.21443037688732147,
                    0.7521039247512817,
                    3.0318281650543213
                ],
                [
                    0.0,
                    0.9616780281066895,
                    -0.27418139576911926,
                    -1.1052607297897339
                ],
                [
                    0.0,
                    0.0,
                    0.0,
                    1.0
                ]
            ]
        },
        {
            "file_path": "/data/shapenet_blender/all_50_random/02958343/23f31f379d6a5136ce27281f3b76d1f5/r_37",
            "rotation": 0.12566370614359174,
            "transform_matrix": [
                [
                    0.6125091314315796,
                    0.25545063614845276,
                    -0.7480491399765015,
                    -3.0154826641082764
                ],
                [
                    -0.7904636263847351,
                    0.1979418694972992,
                    -0.5796432495117188,
                    -2.3366169929504395
                ],
                [
                    -1.4901162970204496e-08,
                    0.9463423490524292,
                    0.3231655955314636,
                    1.3027223348617554
                ],
                [
                    0.0,
                    0.0,
                    0.0,
                    1.0
                ]
            ]
        },
        {
            "file_path": "/data/shapenet_blender/all_50_random/02958343/23f31f379d6a5136ce27281f3b76d1f5/r_38",
            "rotation": 0.12566370614359174,
            "transform_matrix": [
                [
                    0.9954898357391357,
                    -0.03439420461654663,
                    -0.08841437101364136,
                    -0.3564096987247467
                ],
                [
                    -0.09486864507198334,
                    -0.3609103262424469,
                    -0.9277628064155579,
                    -3.739931106567383
                ],
                [
                    3.7252898543727042e-09,
                    0.9319661259651184,
                    -0.3625454902648926,
                    -1.4614673852920532
                ],
                [
                    0.0,
                    0.0,
                    0.0,
                    1.0
                ]
            ]
        },
        {
            "file_path": "/data/shapenet_blender/all_50_random/02958343/23f31f379d6a5136ce27281f3b76d1f5/r_39",
            "rotation": 0.12566370614359174,
            "transform_matrix": [
                [
                    0.22962921857833862,
                    0.8061461448669434,
                    0.5453426837921143,
                    2.1983468532562256
                ],
                [
                    0.9732781648635864,
                    -0.19019712507724762,
                    -0.1286647766828537,
                    -0.5186643600463867
                ],
                [
                    0.0,
                    0.5603153109550476,
                    -0.8282792568206787,
                    -3.3389008045196533
                ],
                [
                    0.0,
                    0.0,
                    0.0,
                    1.0
                ]
            ]
        },
        {
            "file_path": "/data/shapenet_blender/all_50_random/02958343/23f31f379d6a5136ce27281f3b76d1f5/r_40",
            "rotation": 0.12566370614359174,
            "transform_matrix": [
                [
                    -0.3124697208404541,
                    0.20443132519721985,
                    0.9276694059371948,
                    3.7395548820495605
                ],
                [
                    0.949927806854248,
                    0.0672457367181778,
                    0.30514803528785706,
                    1.2300910949707031
                ],
                [
                    3.725290742551124e-09,
                    0.976568341255188,
                    -0.21520724892616272,
                    -0.8675281405448914
                ],
                [
                    0.0,
                    0.0,
                    0.0,
                    1.0
                ]
            ]
        },
        {
            "file_path": "/data/shapenet_blender/all_50_random/02958343/23f31f379d6a5136ce27281f3b76d1f5/r_41",
            "rotation": 0.12566370614359174,
            "transform_matrix": [
                [
                    0.8051277995109558,
                    -0.4089868366718292,
                    -0.42953333258628845,
                    -1.7315043210983276
                ],
                [
                    -0.5931012034416199,
                    -0.5551946759223938,
                    -0.5830863118171692,
                    -2.350496292114258
