{
    "class": "02958343",
    "model": "c4744d66623e04b7518f93fcf50bd8df",
    "remove_doubles": true,
    "edge_split": true,
    "denoise": true,
    "camera_angle_x": 0.6911112070083618,
    "scale_factor": 2.257061112065536,
    "hdri_file": "/data/IndoorHDRDataset2018/9C4A3016-af62e79bd4.exr",
    "center_offset": [
        0.0,
        -9.313225746154785e-10,
        -3.725290298461914e-09
    ],
    "lights": [],
    "frames": [
        {
            "file_path": "/data/shapenet_blender/all_50_random/02958343/c4744d66623e04b7518f93fcf50bd8df/r_0",
            "rotation": 0.12566370614359174,
            "transform_matrix": [
                [
                    -0.4850476086139679,
                    0.420601487159729,
                    -0.7666962742805481,
                    -3.090651512145996
                ],
                [
                    -0.8744877576828003,
                    -0.2332928627729416,
                    0.42525944113731384,
                    1.714275598526001
                ],
                [
                    -1.4901162970204496e-08,
                    0.8767375349998474,
                    0.48096904158592224,
                    1.9388482570648193
                ],
                [
                    0.0,
                    0.0,
                    0.0,
                    1.0
                ]
            ]
        },
        {
            "file_path": "/data/shapenet_blender/all_50_random/02958343/c4744d66623e04b7518f93fcf50bd8df/r_1",
            "rotation": 0.12566370614359174,
            "transform_matrix": [
                [
                    0.9928689002990723,
                    0.08457736670970917,
                    -0.08401242643594742,
                    -0.3386649489402771
                ],
                [
                    -0.11921167373657227,
                    0.7044128775596619,
                    -0.6997076869010925,
                    -2.8206121921539307
                ],
                [
                    0.0,
                    0.7047333121299744,
                    0.7094721794128418,
                    2.8599741458892822
                ],
                [
                    0.0,
                    0.0,
                    0.0,
                    1.0
                ]
            ]
        },
        {
            "file_path": "/data/shapenet_blender/all_50_random/02958343/c4744d66623e04b7518f93fcf50bd8df/r_2",
            "rotation": 0.12566370614359174,
            "transform_matrix": [
                [
                    0.4649105966091156,
                    -0.03292142599821091,
                    -0.8847454190254211,
                    -3.5665223598480225
                ],
                [
                    -0.8853576183319092,
                    -0.01728738658130169,
                    -0.46458911895751953,
                    -1.8728184700012207
                ],
                [
                    0.0,
                    0.9993085265159607,
                    -0.037184327840805054,
                    -0.1498948037624359
                ],
                [
                    0.0,
                    0.0,
                    0.0,
                    1.0
                ]
            ]
        },
        {
            "file_path": "/data/shapenet_blender/all_50_random/02958343/c4744d66623e04b7518f93fcf50bd8df/r_3",
            "rotation": 0.12566370614359174,
            "transform_matrix": [
                [
                    0.9252181053161621,
                    0.18232671916484833,
                    -0.3327588737010956,
                    -1.3413939476013184
                ],
                [
                    -0.37943580746650696,
                    0.4445863962173462,
                    -0.8114008903503418,
                    -3.2708616256713867
                ],
                [
                    1.4901162970204496e-08,
                    0.8769832849502563,
                    0.480520635843277,
                    1.9370406866073608
                ],
                [
                    0.0,
                    0.0,
                    0.0,
                    1.0
                ]
            ]
        },
        {
            "file_path": "/data/shapenet_blender/all_50_random/02958343/c4744d66623e04b7518f93fcf50bd8df/r_4",
            "rotation": 0.12566370614359174,
            "transform_matrix": [
                [
                    0.24082744121551514,
                    0.016468791291117668,
                    0.9704282283782959,
                    3.911921262741089
                ],
                [
                    0.9705680012702942,
                    -0.004086408298462629,
                    -0.24079275131225586,
                    -0.9706666469573975
                ],
                [
                    4.656612873077393e-10,
                    0.9998559951782227,
                    -0.016968201845884323,
                    -0.06840100884437561
                ],
                [
                    0.0,
                    0.0,
                    0.0,
                    1.0
                ]
            ]
        },
        {
            "file_path": "/data/shapenet_blender/all_50_random/02958343/c4744d66623e04b7518f93fcf50bd8df/r_5",
            "rotation": 0.12566370614359174,
            "transform_matrix": [
                [
                    0.8621653914451599,
                    0.3000236749649048,
                    0.4082358777523041,
                    1.6456515789031982
                ],
                [
                    0.5066267848014832,
                    -0.5105730891227722,
                    -0.6947260499000549,
                    -2.800530433654785
                ],
                [
                    -1.4901160305669237e-08,
                    0.8057921528816223,
                    -0.5921984314918518,
                    -2.387228488922119
                ],
                [
                    0.0,
                    0.0,
                    0.0,
                    1.0
                ]
            ]
        },
        {
            "file_path": "/data/shapenet_blender/all_50_random/02958343/c4744d66623e04b7518f93fcf50bd8df/r_6",
            "rotation": 0.12566370614359174,
            "transform_matrix": [
                [
                    -0.49338385462760925,
                    0.04188835993409157,
                    0.8688024282455444,
                    3.5022547245025635
                ],
                [
                    0.8698117136955261,
                    0.023760361596941948,
                    0.4928113520145416,
                    1.986586093902588
                ],
                [
                    0.0,
                    0.998839795589447,
                    -0.0481579564511776,
                    -0.19413092732429504
                ],
                [
                    0.0,
                    0.0,
                    0.0,
                    1.0
                ]
            ]
        },
        {
            "file_path": "/data/shapenet_blender/all_50_random/02958343/c4744d66623e04b7518f93fcf50bd8df/r_7",
            "rotation": 0.12566370614359174,
            "transform_matrix": [
                [
                    0.9965044260025024,
                    -0.011459434404969215,
                    -0.08275078982114792,
                    -0.33357909321784973
                ],
                [
                    -0.08354048430919647,
                    -0.13669273257255554,
                    -0.9870846271514893,
                    -3.979065418243408
                ],
                [
                    -9.313225746154785e-10,
                    0.9905471801757812,
                    -0.13717223703861237,
                    -0.5529589653015137
                ],
                [
                    0.0,
                    0.0,
                    0.0,
                    1.0
                ]
            ]
        },
        {
            "file_path": "/data/shapenet_blender/all_50_random/02958343/c4744d66623e04b7518f93fcf50bd8df/r_8",
            "rotation": 0.12566370614359174,
            "transform_matrix": [
                [
                    0.17849639058113098,
                    0.05636138468980789,
                    0.9823249578475952,
                    3.95987868309021
                ],
                [
                    0.983940601348877,
                    -0.01022450253367424,
                    -0.1782032996416092,
                    -0.718360424041748
                ],
                [
                    -9.313225746154785e-10,
                    0.9983580708503723,
                    -0.057281285524368286,
                    -0.23090824484825134
                ],
                [
                    0.0,
                    0.0,
                    0.0,
                    1.0
                ]
            ]
        },
        {
            "file_path": "/data/shapenet_blender/all_50_random/02958343/c4744d66623e04b7518f93fcf50bd8df/r_9",
            "rotation": 0.12566370614359174,
            "transform_matrix": [
                [
                    0.5153160691261292,
                    0.7567908763885498,
                    -0.4021402895450592,
                    -1.6210793256759644
                ],
                [
                    -0.8570002317428589,
                    0.4550600051879883,
                    -0.24180784821510315,
                    -0.9747586250305176
                ],
                [
                    -1.4901161193847656e-08,
                    0.4692418873310089,
                    0.8830697536468506,
                    3.559767961502075
                ],
                [
                    0.0,
                    0.0,
                    0.0,
                    1.0
                ]
            ]
        },
        {
            "file_path": "/data/shapenet_blender/all_50_random/02958343/c4744d66623e04b7518f93fcf50bd8df/r_10",
            "rotation": 0.12566370614359174,
            "transform_matrix": [
                [
                    -0.9197841882705688,
                    -0.3408818542957306,
                    0.19441360235214233,
                    0.7837063074111938
                ],
                [
                    0.39242464303970337,
                    -0.7989756464958191,
                    0.4556761682033539,
                    1.836889386177063
                ],
                [
                    0.0,
                    0.4954163134098053,
                    0.8686556220054626,
                    3.5016627311706543
                ],
                [
                    0.0,
                    0.0,
                    0.0,
                    1.0
                ]
            ]
        },
        {
            "file_path": "/data/shapenet_blender/all_50_random/02958343/c4744d66623e04b7518f93fcf50bd8df/r_11",
            "rotation": 0.12566370614359174,
            "transform_matrix": [
                [
                    -0.09132172912359238,
                    -0.16156812012195587,
                    -0.9826270937919617,
                    -3.9610965251922607
                ],
                [
                    -0.995821475982666,
                    0.014816592447459698,
                    0.09011173993349075,
                    0.36325204372406006
                ],
                [
                    0.0,
                    0.9867503046989441,
                    -0.16224607825279236,
                    -0.6540348529815674
                ],
                [
                    0.0,
                    0.0,
                    0.0,
                    1.0
                ]
            ]
        },
        {
            "file_path": "/data/shapenet_blender/all_50_random/02958343/c4744d66623e04b7518f93fcf50bd8df/r_12",
            "rotation": 0.12566370614359174,
            "transform_matrix": [
                [
                    -0.983801007270813,
                    -0.08600971102714539,
                    -0.15728311240673065,
                    -0.6340285539627075
                ],
                [
                    -0.17926418781280518,
                    0.47202083468437195,
                    0.8631688952445984,
                    3.4795453548431396
                ],
                [
                    0.0,
                    0.8773816227912903,
                    -0.4797930121421814,
                    -1.9341076612472534
                ],
                [
                    0.0,
                    0.0,
                    0.0,
                    1.0
                ]
            ]
        },
        {
            "file_path": "/data/shapenet_blender/all_50_random/02958343/c4744d66623e04b7518f93fcf50bd8df/r_13",
            "rotation": 0.12566370614359174,
            "transform_matrix": [
                [
                    -0.2513742446899414,
                    0.0906635969877243,
                    0.9636343121528625,
                    3.8845341205596924
                ],
                [
                    0.9678899049758911,
                    0.023546578362584114,
                    0.2502690255641937,
                    1.0088666677474976
                ],
                [
                    0.0,
                    0.995603084564209,
                    -0.09367140382528305,
                    -0.3776015043258667
                ],
                [
                    0.0,
                    0.0,
                    0.0,
                    1.0
                ]
            ]
        },
        {
            "file_path": "/data/shapenet_blender/all_50_random/02958343/c4744d66623e04b7518f93fcf50bd8df/r_14",
            "rotation": 0.12566370614359174,
            "transform_matrix": [
                [
                    0.9413520693778992,
                    0.19018281996250153,
                    0.2787235379219055,
                    1.1235705614089966
                ],
                [
                    0.3374260365962982,
                    -0.5305725336074829,
                    -0.777583658695221,
                    -3.13454008102417
                ],
                [
                    1.4901162970204496e-08,
                    0.8260284662246704,
                    -0.5636281967163086,
                    -2.2720580101013184
                ],
                [
                    0.0,
                    0.0,
                    0.0,
                    1.0
                ]
            ]
        },
        {
            "file_path": "/data/shapenet_blender/all_50_random/02958343/c4744d66623e04b7518f93fcf50bd8df/r_15",
            "rotation": 0.12566370614359174,
            "transform_matrix": [
                [
                    0.0022695555817335844,
                    -0.4044959545135498,
                    0.9145369529724121,
                    3.6866166591644287
                ],
                [
                    0.9999974966049194,
                    0.000918028352316469,
                    -0.0020755974110215902,
                    -0.008367002010345459
                ],
                [
                    -5.820766091346741e-11,
                    0.9145393967628479,
                    0.4044969379901886,
                    1.6305794715881348
                ],
                [
                    0.0,
                    0.0,
                    0.0,
                    1.0
                ]
            ]
        },
        {
            "file_path": "/data/shapenet_blender/all_50_random/02958343/c4744d66623e04b7518f93fcf50bd8df/r_16",
            "rotation": 0.12566370614359174,
            "transform_matrix": [
                [
                    -0.3283998370170593,
                    -0.6650913953781128,
                    -0.6706763505935669,
                    -2.703583002090454
                ],
                [
                    -0.9445387721061707,
                    0.23124080896377563,
                    0.2331826090812683,
                    0.9399892091751099
                ],
                [
                    0.0,
                    0.7100569605827332,
                    -0.7041440606117249,
                    -2.8384957313537598
                ],
                [
                    0.0,
                    0.0,
                    0.0,
                    1.0
                ]
            ]
        },
        {
            "file_path": "/data/shapenet_blender/all_50_random/02958343/c4744d66623e04b7518f93fcf50bd8df/r_17",
            "rotation": 0.12566370614359174,
            "transform_matrix": [
                [
                    -0.8013399839401245,
                    0.04618661850690842,
                    -0.5964235663414001,
                    -2.4042606353759766
                ],
                [
                    -0.5982093214988708,
                    -0.06186995655298233,
                    0.798947811126709,
                    3.2206618785858154
                ],
                [
                    -3.725290742551124e-09,
                    0.9970149397850037,
                    0.07720812410116196,
                    0.3112359344959259
                ],
                [
                    0.0,
                    0.0,
                    0.0,
                    1.0
                ]
            ]
        },
        {
            "file_path": "/data/shapenet_blender/all_50_random/02958343/c4744d66623e04b7518f93fcf50bd8df/r_18",
            "rotation": 0.12566370614359174,
            "transform_matrix": [
                [
                    0.8385311961174011,
                    -0.1600959599018097,
                    0.5208020806312561,
                    2.0994203090667725
                ],
                [
                    0.544853687286377,
                    0.24638807773590088,
                    -0.8015156388282776,
                    -3.2310128211975098
                ],
                [
                    0.0,
                    0.9558566808700562,
                    0.2938329577445984,
                    1.184478521347046
                ],
                [
                    0.0,
                    0.0,
                    0.0,
                    1.0
                ]
            ]
        },
        {
            "file_path": "/data/shapenet_blender/all_50_random/02958343/c4744d66623e04b7518f93fcf50bd8df/r_19",
            "rotation": 0.12566370614359174,
            "transform_matrix": [
                [
                    -0.0773044154047966,
                    -0.6345740556716919,
                    -0.768986165523529,
                    -3.0998823642730713
                ],
                [
                    -0.9970075488090515,
                    0.04920261725783348,
                    0.05962445214390755,
                    0.24035385251045227
                ],
                [
                    0.0,
                    0.771294116973877,
                    -0.6364787220954895,
                    -2.565727710723877
                ],
                [
                    0.0,
                    0.0,
                    0.0,
                    1.0
                ]
            ]
        },
        {
            "file_path": "/data/shapenet_blender/all_50_random/02958343/c4744d66623e04b7518f93fcf50bd8df/r_20",
            "rotation": 0.12566370614359174,
            "transform_matrix": [
                [
                    -0.7042766809463501,
                    -0.3102155029773712,
                    -0.638561487197876,
                    -2.5741236209869385
                ],
                [
                    -0.709925651550293,
                    0.3077470660209656,
                    0.6334803104400635,
                    2.553640842437744
                ],
                [
                    1.4901161193847656e-08,
                    0.8994765877723694,
                    -0.43696898221969604,
                    -1.761478304862976
                ],
                [
                    0.0,
                    0.0,
                    0.0,
                    1.0
                ]
            ]
        },
        {
            "file_path": "/data/shapenet_blender/all_50_random/02958343/c4744d66623e04b7518f93fcf50bd8df/r_21",
            "rotation": 0.12566370614359174,
            "transform_matrix": [
                [
                    0.6972573399543762,
                    -0.27063217759132385,
                    -0.6637699007987976,
                    -2.6757421493530273
                ],
                [
                    -0.7168209552764893,
                    -0.26324599981307983,
                    -0.6456541419029236,
                    -2.602715015411377
                ],
                [
                    1.4901161193847656e-08,
                    0.9259912967681885,
                    -0.37754499912261963,
                    -1.521932601928711
                ],
                [
                    0.0,
                    0.0,
                    0.0,
                    1.0
                ]
            ]
        },
        {
            "file_path": "/data/shapenet_blender/all_50_random/02958343/c4744d66623e04b7518f93fcf50bd8df/r_22",
            "rotation": 0.12566370614359174,
            "transform_matrix": [
                [
                    -0.9689454436302185,
                    -0.21771478652954102,
                    0.11723881959915161,
                    0.47260481119155884
                ],
                [
                    0.2472744733095169,
                    -0.8531157374382019,
                    0.4594005346298218,
                    1.8519028425216675
                ],
                [
                    -7.450580152834618e-09,
                    0.4741242527961731,
                    0.8804579377174377,
                    3.54923939704895
                ],
                [
                    0.0,
                    0.0,
                    0.0,
                    1.0
                ]
            ]
        },
        {
            "file_path": "/data/shapenet_blender/all_50_random/02958343/c4744d66623e04b7518f93fcf50bd8df/r_23",
            "rotation": 0.12566370614359174,
            "transform_matrix": [
                [
                    0.29042288661003113,
                    0.3314599096775055,
                    -0.8976573944091797,
                    -3.61857271194458
                ],
                [
                    -0.9568983912467957,
                    0.10059954226016998,
                    -0.2724429965019226,
                    -1.0982528924942017
                ],
                [
                    -7.450580596923828e-09,
                    0.9380906820297241,
                    0.3463898301124573,
                    1.3963420391082764
                ],
                [
                    0.0,
                    0.0,
                    0.0,
                    1.0
                ]
            ]
        },
        {
            "file_path": "/data/shapenet_blender/all_50_random/02958343/c4744d66623e04b7518f93fcf50bd8df/r_24",
            "rotation": 0.12566370614359174,
            "transform_matrix": [
                [
                    -0.47119566798210144,
                    0.5340529084205627,
                    0.7019701600074768,
                    2.8297321796417236
                ],
                [
                    0.8820286393165588,
                    0.28530070185661316,
                    0.3750051259994507,
                    1.5116939544677734
                ],
                [
                    0.0,
                    0.79585862159729,
                    -0.6054824590682983,
                    -2.4407777786254883
                ],
                [
                    0.0,
                    0.0,
                    0.0,
                    1.0
                ]
            ]
        },
        {
            "file_path": "/data/shapenet_blender/all_50_random/02958343/c4744d66623e04b7518f93fcf50bd8df/r_25",
            "rotation": 0.12566370614359174,
            "transform_matrix": [
                [
                    0.33824875950813293,
                    0.18594877421855927,
                    0.9225023984909058,
                    3.718726396560669
                ],
                [
                    0.9410568475723267,
                    -0.06683649867773056,
                    -0.33157965540885925,
                    -1.336640477180481
                ],
                [
                    -3.725290742551124e-09,
                    0.9802836179733276,
                    -0.19759567081928253,
                    -0.7965337038040161
                ],
                [
                    0.0,
                    0.0,
                    0.0,
                    1.0
                ]
            ]
        },
        {
            "file_path": "/data/shapenet_blender/all_50_random/02958343/c4744d66623e04b7518f93fcf50bd8df/r_26",
            "rotation": 0.12566370614359174,
            "transform_matrix": [
                [
                    -0.7013375759124756,
                    0.5756430625915527,
                    -0.4204290211200714,
                    -1.6948035955429077
                ],
                [
                    -0.7128292918205261,
                    -0.5663629770278931,
                    0.4136511981487274,
                    1.6674813032150269
                ],
                [
                    1.4901161193847656e-08,
                    0.5898032188415527,
                    0.8075469732284546,
                    3.25532603263855
                ],
                [
                    0.0,
                    0.0,
                    0.0,
                    1.0
                ]
            ]
        },
        {
            "file_path": "/data/shapenet_blender/all_50_random/02958343/c4744d66623e04b7518f93fcf50bd8df/r_27",
            "rotation": 0.12566370614359174,
            "transform_matrix": [
                [
                    -0.45969709753990173,
                    0.15371528267860413,
                    0.8746713995933533,
                    3.5259134769439697
                ],
                [
                    0.8880757689476013,
                    0.07956806570291519,
                    0.4527585506439209,
                    1.825128197669983
                ],
                [
                    -7.450580596923828e-09,
                    0.9849063754081726,
                    -0.17308799922466278,
                    -0.6977400779724121
                ],
                [
                    0.0,
                    0.0,
                    0.0,
                    1.0
                ]
            ]
        },
        {
            "file_path": "/data/shapenet_blender/all_50_random/02958343/c4744d66623e04b7518f93fcf50bd8df/r_28",
            "rotation": 0.12566370614359174,
            "transform_matrix": [
                [
                    -0.8225027918815613,
                    -0.26359865069389343,
                    -0.503989040851593,
                    -2.031644821166992
                ],
                [
                    -0.5687611103057861,
                    0.3811980187892914,
                    0.7288338541984558,
                    2.938023328781128
                ],
                [
                    1.4901161193847656e-08,
                    0.8861172795295715,
                    -0.4634610712528229,
                    -1.8682713508605957
                ],
                [
                    0.0,
                    0.0,
                    0.0,
                    1.0
                ]
            ]
        },
        {
            "file_path": "/data/shapenet_blender/all_50_random/02958343/c4744d66623e04b7518f93fcf50bd8df/r_29",
            "rotation": 0.12566370614359174,
            "transform_matrix": [
                [
                    -0.0816827267408371,
                    -0.3457505702972412,
                    -0.9347644448280334,
                    -3.768155574798584
                ],
                [
                    -0.9966583847999573,
                    0.02833654172718525,
                    0.07661011815071106,
                    0.30882522463798523
                ],
                [
                    -1.8626450382086546e-09,
                    0.9378984570503235,
                    -0.3469097912311554,
                    -1.3984379768371582
                ],
                [
                    0.0,
                    0.0,
                    0.0,
                    1.0
                ]
            ]
        },
        {
            "file_path": "/data/shapenet_blender/all_50_random/02958343/c4744d66623e04b7518f93fcf50bd8df/r_30",
            "rotation": 0.12566370614359174,
            "transform_matrix": [
                [
                    0.643914520740509,
                    0.4684561491012573,
                    -0.6049154996871948,
                    -2.4384925365448
                ],
                [
                    -0.7650973200798035,
                    0.39425796270370483,
                    -0.5091036558151245,
                    -2.052262783050537
                ],
                [
                    0.0,
                    0.7906385660171509,
                    0.6122830510139465,
                    2.4681921005249023
                ],
                [
                    0.0,
                    0.0,
                    0.0,
                    1.0
                ]
            ]
        },
        {
            "file_path": "/data/shapenet_blender/all_50_random/02958343/c4744d66623e04b7518f93fcf50bd8df/r_31",
            "rotation": 0.12566370614359174,
            "transform_matrix": [
                [
                    0.2678399980068207,
                    -0.7620587348937988,
                    -0.589515209197998,
                    -2.3764114379882812
                ],
                [
                    -0.9634634256362915,
                    -0.2118500918149948,
                    -0.1638835072517395,
                    -0.6606354713439941
                ],
                [
                    7.450580596923828e-09,
                    0.6118708252906799,
                    -0.7909577488899231,
                    -3.1884522438049316
                ],
                [
                    0.0,
                    0.0,
                    0.0,
                    1.0
                ]
            ]
        },
        {
            "file_path": "/data/shapenet_blender/all_50_random/02958343/c4744d66623e04b7518f93fcf50bd8df/r_32",
            "rotation": 0.12566370614359174,
            "transform_matrix": [
                [
                    0.71869295835495,
                    0.42546576261520386,
                    -0.5499629378318787,
                    -2.2169718742370605
                ],
                [
                    -0.695327639579773,
                    0.43976283073425293,
                    -0.5684435367584229,
                    -2.2914693355560303
                ],
                [
                    -1.4901162970204496e-08,
                    0.7909408211708069,
                    0.6118925213813782,
                    2.4666178226470947
                ],
                [
                    0.0,
                    0.0,
                    0.0,
                    1.0
                ]
            ]
        },
        {
            "file_path": "/data/shapenet_blender/all_50_random/02958343/c4744d66623e04b7518f93fcf50bd8df/r_33",
            "rotation": 0.12566370614359174,
            "transform_matrix": [
                [
                    0.01150601264089346,
                    -0.48191750049591064,
                    0.8761409521102905,
                    3.5318374633789062
                ],
                [
                    0.9999338984489441,
                    0.00554531579837203,
                    -0.01008155569434166,
                    -0.040640056133270264
                ],
                [
                    0.0,
                    0.8761990070343018,
                    0.4819493889808655,
                    1.9428002834320068
                ],
                [
                    0.0,
                    0.0,
                    0.0,
                    1.0
                ]
            ]
        },
        {
            "file_path": "/data/shapenet_blender/all_50_random/02958343/c4744d66623e04b7518f93fcf50bd8df/r_34",
            "rotation": 0.12566370614359174,
            "transform_matrix": [
                [
                    0.7892405986785889,
                    0.08323196321725845,
                    0.6084174513816833,
                    2.4526093006134033
                ],
                [
                    0.6140841841697693,
                    -0.10697236657142639,
                    -0.7819574475288391,
                    -3.1521713733673096
                ],
                [
                    0.0,
                    0.990772008895874,
                    -0.13553836941719055,
                    -0.546372652053833
                ],
                [
                    0.0,
                    0.0,
                    0.0,
                    1.0
                ]
            ]
        },
        {
            "file_path": "/data/shapenet_blender/all_50_random/02958343/c4744d66623e04b7518f93fcf50bd8df/r_35",
            "rotation": 0.12566370614359174,
            "transform_matrix": [
                [
                    -0.7300611734390259,
                    0.10055181384086609,
                    -0.6759437322616577,
                    -2.72481632232666
                ],
                [
                    -0.6833817362785339,
                    -0.1074201688170433,
                    0.722115159034729,
                    2.9109392166137695
                ],
                [
                    0.0,
                    0.989115834236145,
                    0.1471385806798935,
                    0.5931345820426941
                ],
                [
                    0.0,
                    0.0,
                    0.0,
                    1.0
                ]
            ]
        },
        {
            "file_path": "/data/shapenet_blender/all_50_random/02958343/c4744d66623e04b7518f93fcf50bd8df/r_36",
            "rotation": 0.12566370614359174,
            "transform_matrix": [
                [
                    0.3173488676548004,
                    0.4617176651954651,
                    0.8283153772354126,
                    3.3390462398529053
                ],
                [
                    0.9483088850975037,
                    -0.15451250970363617,
                    -0.2771933674812317,
                    -1.1174023151397705
                ],
                [
                    1.4901161193847656e-08,
                    0.873465895652771,
                    -0.48688527941703796,
                    -1.9626975059509277
                ],
                [
                    0.0,
                    0.0,
                    0.0,
                    1.0
                ]
            ]
        },
        {
            "file_path": "/data/shapenet_blender/all_50_random/02958343/c4744d66623e04b7518f93fcf50bd8df/r_37",
            "rotation": 0.12566370614359174,
            "transform_matrix": [
                [
                    0.616357684135437,
                    0.03962128609418869,
                    0.7864688634872437,
                    3.1703572273254395
                ],
                [
                    0.7874662280082703,
                    -0.031011974439024925,
                    -0.6155770421028137,
                    -2.4814703464508057
                ],
                [
                    -1.8626450382086546e-09,
                    0.9987333416938782,
                    -0.050314899533987045,
                    -0.20282584428787231
                ],
                [
                    0.0,
                    0.0,
                    0.0,
                    1.0
                ]
            ]
        },
        {
            "file_path": "/data/shapenet_blender/all_50_random/02958343/c4744d66623e04b7518f93fcf50bd8df/r_38",
            "rotation": 0.12566370614359174,
            "transform_matrix": [
                [
                    0.1521744430065155,
                    -0.011793299578130245,
                    -0.9882832169532776,
                    -3.9838972091674805
                ],
                [
                    -0.9883535504341125,
                    -0.0018157862359657884,
                    -0.15216360986232758,
                    -0.6133912205696106
                ],
                [
                    0.0,
                    0.999928891658783,
                    -0.011932265013456345,
                    -0.04810050129890442
                ],
                [
                    0.0,
                    0.0,
                    0.0,
                    1.0
                ]
            ]
        },
        {
            "file_path": "/data/shapenet_blender/all_50_random/02958343/c4744d66623e04b7518f93fcf50bd8df/r_39",
            "rotation": 0.12566370614359174,
            "transform_matrix": [
                [
                    0.9844872355461121,
                    0.018823424354195595,
                    -0.1744438260793686,
                    -0.7032055854797363
                ],
                [
                    -0.1754564642906189,
                    0.10561833530664444,
                    -0.9788052439689636,
                    -3.945690155029297
                ],
                [
                    0.0,
                    0.9942284822463989,
                    0.1072826012969017,
                    0.4324699938297272
                ],
                [
                    0.0,
                    0.0,
                    0.0,
                    1.0
                ]
            ]
        },
        {
            "file_path": "/data/shapenet_blender/all_50_random/02958343/c4744d66623e04b7518f93fcf50bd8df/r_40",
            "rotation": 0.12566370614359174,
            "transform_matrix": [
                [
                    0.9871090650558472,
                    0.0883345976471901,
                    0.13346441090106964,
                    0.5380123257637024
                ],
                [
                    0.1600492298603058,
                    -0.5448065996170044,
                    -0.8231462836265564,
                    -3.318208932876587
                ],
                [
                    0.0,
                    0.8338960409164429,
                    -0.5519214272499084,
                    -2.2248666286468506
                ],
                [
                    0.0,
                    0.0,
                    0.0,
                    1.0
                ]
            ]
        },
        {
            "file_path": "/data/shapenet_blender/all_50_random/02958343/c4744d66623e04b7518f93fcf50bd8df/r_41",
            "rotation": 0.12566370614359174,
            "transform_matrix": [
                [
                    0.3816646337509155,
                    -0.07716791331768036,
                    0.9210739135742188,
                    3.71296763420105
                ],
                [
                    0.9243008494377136,
                    0.03186436742544174,
                    -0.38033217191696167,
