{
    "class": "02958343",
    "model": "4c8280d581df259716abce8cb03e7794",
    "remove_doubles": true,
    "edge_split": true,
    "denoise": true,
    "camera_angle_x": 0.6911112070083618,
    "scale_factor": 2.2219235621517406,
    "hdri_file": "/data/IndoorHDRDataset2018/9C4A4955-aef9aef19c.exr",
    "center_offset": [
        0.0,
        -4.656612873077393e-10,
        -3.725290298461914e-09
    ],
    "lights": [],
    "frames": [
        {
            "file_path": "/data/shapenet_blender/all_50_random/02958343/4c8280d581df259716abce8cb03e7794/r_0",
            "rotation": 0.12566370614359174,
            "transform_matrix": [
                [
                    0.9982414245605469,
                    0.042643602937459946,
                    -0.041179217398166656,
                    -0.16599875688552856
                ],
                [
                    -0.05928073078393936,
                    0.7180850505828857,
                    -0.6934260129928589,
                    -2.795289993286133
                ],
                [
                    -3.725290298461914e-09,
                    0.6946477293968201,
                    0.7193500399589539,
                    2.8997929096221924
                ],
                [
                    0.0,
                    0.0,
                    0.0,
                    1.0
                ]
            ]
        },
        {
            "file_path": "/data/shapenet_blender/all_50_random/02958343/4c8280d581df259716abce8cb03e7794/r_1",
            "rotation": 0.12566370614359174,
            "transform_matrix": [
                [
                    0.18680252134799957,
                    0.12530872225761414,
                    -0.974372923374176,
                    -3.9278228282928467
                ],
                [
                    -0.9823975563049316,
                    0.023827405646443367,
                    -0.18527664244174957,
                    -0.7468740344047546
                ],
                [
                    -1.862645149230957e-09,
                    0.9918316006660461,
                    0.1275539994239807,
                    0.5141866207122803
                ],
                [
                    0.0,
                    0.0,
                    0.0,
                    1.0
                ]
            ]
        },
        {
            "file_path": "/data/shapenet_blender/all_50_random/02958343/4c8280d581df259716abce8cb03e7794/r_2",
            "rotation": 0.12566370614359174,
            "transform_matrix": [
                [
                    0.7861407995223999,
                    0.5967179536819458,
                    0.16096684336662292,
                    0.6488780975341797
                ],
                [
                    0.6180475354194641,
                    -0.7590100765228271,
                    -0.20474572479724884,
                    -0.8253564238548279
                ],
                [
                    0.0,
                    0.26044416427612305,
                    -0.9654889106750488,
                    -3.89201021194458
                ],
                [
                    0.0,
                    0.0,
                    0.0,
                    1.0
                ]
            ]
        },
        {
            "file_path": "/data/shapenet_blender/all_50_random/02958343/4c8280d581df259716abce8cb03e7794/r_3",
            "rotation": 0.12566370614359174,
            "transform_matrix": [
                [
                    -0.9799535870552063,
                    -0.04002665728330612,
                    0.19516368210315704,
                    0.7867300510406494
                ],
                [
                    0.1992260217666626,
                    -0.19688326120376587,
                    0.9599717855453491,
                    3.8697702884674072
                ],
                [
                    0.0,
                    0.9796095490455627,
                    0.2009107768535614,
                    0.8098973035812378
                ],
                [
                    0.0,
                    0.0,
                    0.0,
                    1.0
                ]
            ]
        },
        {
            "file_path": "/data/shapenet_blender/all_50_random/02958343/4c8280d581df259716abce8cb03e7794/r_4",
            "rotation": 0.12566370614359174,
            "transform_matrix": [
                [
                    0.9972217679023743,
                    -0.00858906377106905,
                    0.07399348169565201,
                    0.29827725887298584
                ],
                [
                    0.07449031621217728,
                    0.11498407274484634,
                    -0.9905704259872437,
                    -3.993117094039917
                ],
                [
                    0.0,
                    0.993330180644989,
                    0.11530441790819168,
                    0.4648069739341736
                ],
                [
                    0.0,
                    0.0,
                    0.0,
                    1.0
                ]
            ]
        },
        {
            "file_path": "/data/shapenet_blender/all_50_random/02958343/4c8280d581df259716abce8cb03e7794/r_5",
            "rotation": 0.12566370614359174,
            "transform_matrix": [
                [
                    0.45465633273124695,
                    0.010190876200795174,
                    0.8906087279319763,
                    3.590158224105835
                ],
                [
                    0.8906670212745667,
                    -0.005202108062803745,
                    -0.45462656021118164,
                    -1.832658052444458
                ],
                [
                    0.0,
                    0.9999344944953918,
                    -0.011441849172115326,
                    -0.04612356424331665
                ],
                [
                    0.0,
                    0.0,
                    0.0,
                    1.0
                ]
            ]
        },
        {
            "file_path": "/data/shapenet_blender/all_50_random/02958343/4c8280d581df259716abce8cb03e7794/r_6",
            "rotation": 0.12566370614359174,
            "transform_matrix": [
                [
                    -0.34284159541130066,
                    -0.3447498381137848,
                    0.873846173286438,
                    3.5225865840911865
                ],
                [
                    0.9393932819366455,
                    -0.125820130109787,
                    0.31891947984695435,
                    1.285605549812317
                ],
                [
                    0.0,
                    0.9302240014076233,
                    0.3669920563697815,
                    1.4793922901153564
                ],
                [
                    0.0,
                    0.0,
                    0.0,
                    1.0
                ]
            ]
        },
        {
            "file_path": "/data/shapenet_blender/all_50_random/02958343/4c8280d581df259716abce8cb03e7794/r_7",
            "rotation": 0.12566370614359174,
            "transform_matrix": [
                [
                    -0.9660515785217285,
                    0.0850808322429657,
                    -0.2439376413822174,
                    -0.9833441376686096
                ],
                [
                    -0.2583492398262024,
                    -0.3181447982788086,
                    0.9121619462966919,
                    3.6770427227020264
                ],
                [
                    7.450580596923828e-09,
                    0.9442166090011597,
                    0.329324871301651,
                    1.3275511264801025
                ],
                [
                    0.0,
                    0.0,
                    0.0,
                    1.0
                ]
            ]
        },
        {
            "file_path": "/data/shapenet_blender/all_50_random/02958343/4c8280d581df259716abce8cb03e7794/r_8",
            "rotation": 0.12566370614359174,
            "transform_matrix": [
                [
                    -0.9921351671218872,
                    -0.08391080051660538,
                    -0.09288091212511063,
                    -0.37441492080688477
                ],
                [
                    -0.12517143785953522,
                    0.6650946736335754,
                    0.7361936569213867,
                    2.967691659927368
                ],
                [
                    0.0,
                    0.7420296669006348,
                    -0.6703670024871826,
                    -2.702335834503174
                ],
                [
                    0.0,
                    0.0,
                    0.0,
                    1.0
                ]
            ]
        },
        {
            "file_path": "/data/shapenet_blender/all_50_random/02958343/4c8280d581df259716abce8cb03e7794/r_9",
            "rotation": 0.12566370614359174,
            "transform_matrix": [
                [
                    0.9239792227745056,
                    0.023413298651576042,
                    -0.38172516226768494,
                    -1.538783311843872
                ],
                [
                    -0.3824424743652344,
                    0.05656641721725464,
                    -0.9222461581230164,
                    -3.7176930904388428
                ],
                [
                    0.0,
                    0.998124361038208,
                    0.061220433562994,
                    0.24678745865821838
                ],
                [
                    0.0,
                    0.0,
                    0.0,
                    1.0
                ]
            ]
        },
        {
            "file_path": "/data/shapenet_blender/all_50_random/02958343/4c8280d581df259716abce8cb03e7794/r_10",
            "rotation": 0.12566370614359174,
            "transform_matrix": [
                [
                    0.9986934065818787,
                    0.03221646696329117,
                    -0.03966880217194557,
                    -0.15991005301475525
                ],
                [
                    -0.051102980971336365,
                    0.6295987367630005,
                    -0.7752379775047302,
                    -3.125084161758423
                ],
                [
                    0.0,
                    0.776252269744873,
                    0.6304224133491516,
                    2.541313886642456
                ],
                [
                    0.0,
                    0.0,
                    0.0,
                    1.0
                ]
            ]
        },
        {
            "file_path": "/data/shapenet_blender/all_50_random/02958343/4c8280d581df259716abce8cb03e7794/r_11",
            "rotation": 0.12566370614359174,
            "transform_matrix": [
                [
                    0.2944873571395874,
                    -0.4405832588672638,
                    0.8480351567268372,
                    3.418539047241211
                ],
                [
                    0.9556554555892944,
                    0.13576671481132507,
                    -0.2613239288330078,
                    -1.053430438041687
                ],
                [
                    -7.450580596923828e-09,
                    0.887385904788971,
                    0.4610273540019989,
                    1.8584606647491455
                ],
                [
                    0.0,
                    0.0,
                    0.0,
                    1.0
                ]
            ]
        },
        {
            "file_path": "/data/shapenet_blender/all_50_random/02958343/4c8280d581df259716abce8cb03e7794/r_12",
            "rotation": 0.12566370614359174,
            "transform_matrix": [
                [
                    0.8740726113319397,
                    0.01446530967950821,
                    0.48557984828948975,
                    1.957435131072998
                ],
                [
                    0.4857952892780304,
                    -0.02602686919271946,
                    -0.8736850023269653,
                    -3.521937131881714
                ],
                [
                    -9.313225746154785e-10,
                    0.9995564818382263,
                    -0.02977655455470085,
                    -0.1200331375002861
                ],
                [
                    0.0,
                    0.0,
                    0.0,
                    1.0
                ]
            ]
        },
        {
            "file_path": "/data/shapenet_blender/all_50_random/02958343/4c8280d581df259716abce8cb03e7794/r_13",
            "rotation": 0.12566370614359174,
            "transform_matrix": [
                [
                    -0.8817129731178284,
                    0.20332837104797363,
                    -0.4257226586341858,
                    -1.7161428928375244
                ],
                [
                    -0.4717862010002136,
                    -0.3799968361854553,
                    0.795625627040863,
                    3.2072694301605225
                ],
                [
                    0.0,
                    0.9023634791374207,
                    0.43097570538520813,
                    1.7373186349868774
                ],
                [
                    0.0,
                    0.0,
                    0.0,
                    1.0
                ]
            ]
        },
        {
            "file_path": "/data/shapenet_blender/all_50_random/02958343/4c8280d581df259716abce8cb03e7794/r_14",
            "rotation": 0.12566370614359174,
            "transform_matrix": [
                [
                    0.9865462183952332,
                    0.003943254239857197,
                    0.1634354293346405,
                    0.6588293313980103
                ],
                [
                    0.16348300874233246,
                    -0.023795761168003082,
                    -0.9862591028213501,
                    -3.9757378101348877
                ],
                [
                    0.0,
                    0.9997089505195618,
                    -0.024120276793837547,
                    -0.09723195433616638
                ],
                [
                    0.0,
                    0.0,
                    0.0,
                    1.0
                ]
            ]
        },
        {
            "file_path": "/data/shapenet_blender/all_50_random/02958343/4c8280d581df259716abce8cb03e7794/r_15",
            "rotation": 0.12566370614359174,
            "transform_matrix": [
                [
                    -0.1422264128923416,
                    -0.06575947254896164,
                    0.9876474738121033,
                    3.9813337326049805
                ],
                [
                    0.989834189414978,
                    -0.009448789060115814,
                    0.14191220700740814,
                    0.5720663070678711
                ],
                [
                    9.313224635931761e-10,
                    0.9977908134460449,
                    0.066434845328331,
                    0.26780739426612854
                ],
                [
                    0.0,
                    0.0,
                    0.0,
                    1.0
                ]
            ]
        },
        {
            "file_path": "/data/shapenet_blender/all_50_random/02958343/4c8280d581df259716abce8cb03e7794/r_16",
            "rotation": 0.12566370614359174,
            "transform_matrix": [
                [
                    -0.44602423906326294,
                    0.01682981103658676,
                    0.8948625922203064,
                    3.607306718826294
                ],
                [
                    0.8950209617614746,
                    0.00838695839047432,
                    0.44594529271125793,
                    1.7976630926132202
                ],
                [
                    -4.656613428188905e-10,
                    0.9998230338096619,
                    -0.01880382001399994,
                    -0.07580062747001648
                ],
                [
                    0.0,
                    0.0,
                    0.0,
                    1.0
                ]
            ]
        },
        {
            "file_path": "/data/shapenet_blender/all_50_random/02958343/4c8280d581df259716abce8cb03e7794/r_17",
            "rotation": 0.12566370614359174,
            "transform_matrix": [
                [
                    -0.24628053605556488,
                    -0.01707952469587326,
                    -0.969048023223877,
                    -3.906357765197754
                ],
                [
                    -0.9691986441612244,
                    0.004340033046901226,
                    0.24624226987361908,
                    0.9926344156265259
                ],
                [
                    -9.313225746154785e-10,
                    0.9998447299003601,
                    -0.017622314393520355,
                    -0.07103782892227173
                ],
                [
                    0.0,
                    0.0,
                    0.0,
                    1.0
                ]
            ]
        },
        {
            "file_path": "/data/shapenet_blender/all_50_random/02958343/4c8280d581df259716abce8cb03e7794/r_18",
            "rotation": 0.12566370614359174,
            "transform_matrix": [
                [
                    0.842657208442688,
                    0.010581363923847675,
                    -0.5383464097976685,
                    -2.1701438426971436
                ],
                [
                    -0.5384504199028015,
                    0.016559487208724022,
                    -0.8424944281578064,
                    -3.3962037563323975
                ],
                [
                    9.313225746154785e-10,
                    0.9998068809509277,
                    0.019651509821414948,
                    0.07921776920557022
                ],
                [
                    0.0,
                    0.0,
                    0.0,
                    1.0
                ]
            ]
        },
        {
            "file_path": "/data/shapenet_blender/all_50_random/02958343/4c8280d581df259716abce8cb03e7794/r_19",
            "rotation": 0.12566370614359174,
            "transform_matrix": [
                [
                    0.8218545317649841,
                    -0.3130352199077606,
                    0.47598764300346375,
                    1.9187675714492798
                ],
                [
                    0.5696975588798523,
                    0.4515894055366516,
                    -0.6866671442985535,
                    -2.7680437564849854
                ],
                [
                    1.4901162970204496e-08,
                    0.8355093598365784,
                    0.549476146697998,
                    2.2150092124938965
                ],
                [
                    0.0,
                    0.0,
                    0.0,
                    1.0
                ]
            ]
        },
        {
            "file_path": "/data/shapenet_blender/all_50_random/02958343/4c8280d581df259716abce8cb03e7794/r_20",
            "rotation": 0.12566370614359174,
            "transform_matrix": [
                [
                    -0.5298386812210083,
                    -0.25470787286758423,
                    0.8089466691017151,
                    3.2609686851501465
                ],
                [
                    0.8480984568595886,
                    -0.15912549197673798,
                    0.5053790807723999,
                    2.037248373031616
                ],
                [
                    0.0,
                    0.9538359045982361,
                    0.30032816529273987,
                    1.2106616497039795
                ],
                [
                    0.0,
                    0.0,
                    0.0,
                    1.0
                ]
            ]
        },
        {
            "file_path": "/data/shapenet_blender/all_50_random/02958343/4c8280d581df259716abce8cb03e7794/r_21",
            "rotation": 0.12566370614359174,
            "transform_matrix": [
                [
                    0.9306890964508057,
                    0.04748772084712982,
                    -0.36271581053733826,
                    -1.4621542692184448
                ],
                [
                    -0.36581122875213623,
                    0.12081724405288696,
                    -0.9228137731552124,
                    -3.7199814319610596
                ],
                [
                    0.0,
                    0.9915381669998169,
                    0.12981481850147247,
                    0.5233003497123718
                ],
                [
                    0.0,
                    0.0,
                    0.0,
                    1.0
                ]
            ]
        },
        {
            "file_path": "/data/shapenet_blender/all_50_random/02958343/4c8280d581df259716abce8cb03e7794/r_22",
            "rotation": 0.12566370614359174,
            "transform_matrix": [
                [
                    0.3791121244430542,
                    0.5690900683403015,
                    0.7296646237373352,
                    2.9413723945617676
                ],
                [
                    0.9253507256507874,
                    -0.23315370082855225,
                    -0.29894039034843445,
                    -1.2050673961639404
                ],
                [
                    0.0,
                    0.7885276675224304,
                    -0.6149992346763611,
                    -2.4791414737701416
                ],
                [
                    0.0,
                    0.0,
                    0.0,
                    1.0
                ]
            ]
        },
        {
            "file_path": "/data/shapenet_blender/all_50_random/02958343/4c8280d581df259716abce8cb03e7794/r_23",
            "rotation": 0.12566370614359174,
            "transform_matrix": [
                [
                    -0.01735938899219036,
                    -0.3537578582763672,
                    -0.935175895690918,
                    -3.7698147296905518
                ],
                [
                    -0.9998493790626526,
                    0.0061419447883963585,
                    0.016236526891589165,
                    0.06545153260231018
                ],
                [
                    0.0,
                    0.935316801071167,
                    -0.35381120443344116,
                    -1.4262585639953613
                ],
                [
                    0.0,
                    0.0,
                    0.0,
                    1.0
                ]
            ]
        },
        {
            "file_path": "/data/shapenet_blender/all_50_random/02958343/4c8280d581df259716abce8cb03e7794/r_24",
            "rotation": 0.12566370614359174,
            "transform_matrix": [
                [
                    0.06857535988092422,
                    0.9086220264434814,
                    0.41195064783096313,
                    1.6606262922286987
                ],
                [
                    0.9976460337638855,
                    -0.062456101179122925,
                    -0.02831631898880005,
                    -0.11414673924446106
                ],
                [
                    0.0,
                    0.4129226803779602,
                    -0.9107660055160522,
                    -3.671415328979492
                ],
                [
                    0.0,
                    0.0,
                    0.0,
                    1.0
                ]
            ]
        },
        {
            "file_path": "/data/shapenet_blender/all_50_random/02958343/4c8280d581df259716abce8cb03e7794/r_25",
            "rotation": 0.12566370614359174,
            "transform_matrix": [
                [
                    -0.691721498966217,
                    -0.6233940720558167,
                    -0.3645560145378113,
                    -1.4695723056793213
                ],
                [
                    -0.7221642732620239,
                    0.5971149206161499,
                    0.3491881787776947,
                    1.4076225757598877
                ],
                [
                    0.0,
                    0.5048102736473083,
                    -0.863230288028717,
                    -3.479792594909668
                ],
                [
                    0.0,
                    0.0,
                    0.0,
                    1.0
                ]
            ]
        },
        {
            "file_path": "/data/shapenet_blender/all_50_random/02958343/4c8280d581df259716abce8cb03e7794/r_26",
            "rotation": 0.12566370614359174,
            "transform_matrix": [
                [
                    0.9758317470550537,
                    -0.10903123766183853,
                    0.1893792301416397,
                    0.7634121179580688
                ],
                [
                    0.21852301061153412,
                    0.4868876338005066,
                    -0.8456879258155823,
                    -3.4090771675109863
                ],
                [
                    0.0,
                    0.866632878780365,
                    0.49894627928733826,
                    2.0113167762756348
                ],
                [
                    0.0,
                    0.0,
                    0.0,
                    1.0
                ]
            ]
        },
        {
            "file_path": "/data/shapenet_blender/all_50_random/02958343/4c8280d581df259716abce8cb03e7794/r_27",
            "rotation": 0.12566370614359174,
            "transform_matrix": [
                [
                    0.9631239175796509,
                    -0.18278980255126953,
                    0.1974342316389084,
                    0.7958828210830688
                ],
                [
                    0.26905837655067444,
                    0.6543161869049072,
                    -0.7067375183105469,
                    -2.848950147628784
                ],
                [
                    0.0,
                    0.7337971329689026,
                    0.6793686151504517,
                    2.7386224269866943
                ],
                [
                    0.0,
                    0.0,
                    0.0,
                    1.0
                ]
            ]
        },
        {
            "file_path": "/data/shapenet_blender/all_50_random/02958343/4c8280d581df259716abce8cb03e7794/r_28",
            "rotation": 0.12566370614359174,
            "transform_matrix": [
                [
                    0.9792474508285522,
                    0.18818441033363342,
                    0.07524032145738602,
                    0.30330345034599304
                ],
                [
                    0.20266841351985931,
                    -0.909264087677002,
                    -0.3635440468788147,
                    -1.4654929637908936
                ],
                [
                    0.0,
                    0.37124836444854736,
                    -0.9285335540771484,
                    -3.7430384159088135
                ],
                [
                    0.0,
                    0.0,
                    0.0,
                    1.0
                ]
            ]
        },
        {
            "file_path": "/data/shapenet_blender/all_50_random/02958343/4c8280d581df259716abce8cb03e7794/r_29",
            "rotation": 0.12566370614359174,
            "transform_matrix": [
                [
                    -0.731711745262146,
                    -0.47822821140289307,
                    -0.48569098114967346,
                    -1.9578830003738403
                ],
                [
                    -0.6816142797470093,
                    0.5133771896362305,
                    0.5213884711265564,
                    2.1017842292785645
                ],
                [
                    -1.4901161193847656e-08,
                    0.7125599980354309,
                    -0.7016112208366394,
                    -2.8282852172851562
                ],
                [
                    0.0,
                    0.0,
                    0.0,
                    1.0
                ]
            ]
        },
        {
            "file_path": "/data/shapenet_blender/all_50_random/02958343/4c8280d581df259716abce8cb03e7794/r_30",
            "rotation": 0.12566370614359174,
            "transform_matrix": [
                [
                    -0.010041572153568268,
                    -0.5255137085914612,
                    -0.8507258296012878,
                    -3.4293854236602783
                ],
                [
                    -0.9999495148658752,
                    0.005277249962091446,
                    0.008543056435883045,
                    0.03443816304206848
                ],
                [
                    -4.656612873077393e-10,
                    0.8507685661315918,
                    -0.5255402326583862,
                    -2.118520498275757
                ],
                [
                    0.0,
                    0.0,
                    0.0,
                    1.0
                ]
            ]
        },
        {
            "file_path": "/data/shapenet_blender/all_50_random/02958343/4c8280d581df259716abce8cb03e7794/r_31",
            "rotation": 0.12566370614359174,
            "transform_matrix": [
                [
                    0.2216169387102127,
                    -0.03302943706512451,
                    -0.9745741486549377,
                    -3.9286344051361084
                ],
                [
                    -0.9751338958740234,
                    -0.007506541442126036,
                    -0.22148972749710083,
                    -0.8928537368774414
                ],
                [
                    -4.656613428188905e-10,
                    0.9994261860847473,
                    -0.03387169539928436,
                    -0.1365411877632141
                ],
                [
                    0.0,
                    0.0,
                    0.0,
                    1.0
                ]
            ]
        },
        {
            "file_path": "/data/shapenet_blender/all_50_random/02958343/4c8280d581df259716abce8cb03e7794/r_32",
            "rotation": 0.12566370614359174,
            "transform_matrix": [
                [
                    -0.9942586421966553,
                    0.0057308245450258255,
                    -0.10685062408447266,
                    -0.4307286739349365
                ],
                [
                    -0.10700421035289764,
                    -0.05324951186776161,
                    0.9928315281867981,
                    4.002232074737549
                ],
                [
                    -4.656612873077393e-10,
                    0.9985648393630981,
                    0.05355699732899666,
                    0.2158951759338379
                ],
                [
                    0.0,
                    0.0,
                    0.0,
                    1.0
                ]
            ]
        },
        {
            "file_path": "/data/shapenet_blender/all_50_random/02958343/4c8280d581df259716abce8cb03e7794/r_33",
            "rotation": 0.12566370614359174,
            "transform_matrix": [
                [
                    0.8495512008666992,
                    0.4451306462287903,
                    0.28305742144584656,
                    1.1410410404205322
                ],
                [
                    0.5275062918663025,
                    -0.7168848514556885,
                    -0.4558652341365814,
                    -1.8376516103744507
                ],
                [
                    0.0,
                    0.536595344543457,
                    -0.8438395857810974,
                    -3.4016263484954834
                ],
                [
                    0.0,
                    0.0,
                    0.0,
                    1.0
                ]
            ]
        },
        {
            "file_path": "/data/shapenet_blender/all_50_random/02958343/4c8280d581df259716abce8cb03e7794/r_34",
            "rotation": 0.12566370614359174,
            "transform_matrix": [
                [
                    -0.6331160068511963,
                    0.017276441678404808,
                    0.7738639712333679,
                    3.1195459365844727
                ],
                [
                    0.7740569710731506,
                    0.014130733907222748,
                    0.632958173751831,
                    2.5515363216400146
                ],
                [
                    -9.313225746154785e-10,
                    0.9997509121894836,
                    -0.022319341078400612,
                    -0.08997214585542679
                ],
                [
                    0.0,
                    0.0,
                    0.0,
                    1.0
                ]
            ]
        },
        {
            "file_path": "/data/shapenet_blender/all_50_random/02958343/4c8280d581df259716abce8cb03e7794/r_35",
            "rotation": 0.12566370614359174,
            "transform_matrix": [
                [
                    -0.46967747807502747,
                    -0.735597550868988,
                    0.4881591796875,
                    1.9678325653076172
                ],
                [
                    0.8828381299972534,
                    -0.39134421944618225,
                    0.2597048878669739,
                    1.0469038486480713
                ],
                [
                    -1.4901161193847656e-08,
                    0.5529430508613586,
                    0.8332189917564392,
                    3.3588132858276367
                ],
                [
                    0.0,
                    0.0,
                    0.0,
                    1.0
                ]
            ]
        },
        {
            "file_path": "/data/shapenet_blender/all_50_random/02958343/4c8280d581df259716abce8cb03e7794/r_36",
            "rotation": 0.12566370614359174,
            "transform_matrix": [
                [
                    -0.6860758662223816,
                    -0.6288445591926575,
                    -0.36586105823516846,
                    -1.4748331308364868
                ],
                [
                    -0.7275299429893494,
                    0.5930135250091553,
                    0.3450146019458771,
                    1.3907983303070068
                ],
                [
                    0.0,
                    0.5028811097145081,
                    -0.8643555641174316,
                    -3.4843287467956543
                ],
                [
                    0.0,
                    0.0,
                    0.0,
                    1.0
                ]
            ]
        },
        {
            "file_path": "/data/shapenet_blender/all_50_random/02958343/4c8280d581df259716abce8cb03e7794/r_37",
            "rotation": 0.12566370614359174,
            "transform_matrix": [
                [
                    -0.08184685558080673,
                    -0.7648645639419556,
                    0.6389702558517456,
                    2.5757713317871094
                ],
                [
                    0.9966449737548828,
                    -0.06281249225139618,
                    0.052473753690719604,
                    0.2115284502506256
                ],
                [
                    3.725290742551124e-09,
                    0.6411212682723999,
                    0.7674395442008972,
                    3.0936477184295654
                ],
                [
                    0.0,
                    0.0,
                    0.0,
                    1.0
                ]
            ]
        },
        {
            "file_path": "/data/shapenet_blender/all_50_random/02958343/4c8280d581df259716abce8cb03e7794/r_38",
            "rotation": 0.12566370614359174,
            "transform_matrix": [
                [
                    -0.8020612001419067,
                    0.11519058793783188,
                    -0.5860280990600586,
                    -2.3623549938201904
                ],
                [
                    -0.5972418785095215,
                    -0.15469427406787872,
                    0.7870017290115356,
                    3.1725056171417236
                ],
                [
                    0.0,
                    0.9812241196632385,
                    0.19287092983722687,
                    0.7774876356124878
                ],
                [
                    0.0,
                    0.0,
                    0.0,
                    1.0
                ]
            ]
        },
        {
            "file_path": "/data/shapenet_blender/all_50_random/02958343/4c8280d581df259716abce8cb03e7794/r_39",
            "rotation": 0.12566370614359174,
            "transform_matrix": [
                [
                    -0.34690284729003906,
                    -0.2305196225643158,
                    -0.9091310501098633,
                    -3.6648240089416504
                ],
                [
                    -0.9379010200500488,
                    0.08526263386011124,
                    0.3362616300582886,
                    1.3555138111114502
                ],
                [
                    7.4505792646561986e-09,
                    0.969325065612793,
                    -0.24578244984149933,
                    -0.9907806515693665
                ],
                [
                    0.0,
                    0.0,
                    0.0,
                    1.0
                ]
            ]
        },
        {
            "file_path": "/data/shapenet_blender/all_50_random/02958343/4c8280d581df259716abce8cb03e7794/r_40",
            "rotation": 0.12566370614359174,
            "transform_matrix": [
                [
                    0.051408156752586365,
                    -0.5254266262054443,
                    0.8492844104766846,
                    3.423574924468994
                ],
                [
                    0.9986777305603027,
                    0.02704697847366333,
                    -0.04371795430779457,
                    -0.17623271048069
                ],
                [
                    0.0,
                    0.8504089713096619,
                    0.5261222720146179,
                    2.1208667755126953
                ],
                [
                    0.0,
                    0.0,
                    0.0,
                    1.0
                ]
            ]
        },
        {
            "file_path": "/data/shapenet_blender/all_50_random/02958343/4c8280d581df259716abce8cb03e7794/r_41",
            "rotation": 0.12566370614359174,
            "transform_matrix": [
                [
                    0.9150679111480713,
                    0.002086692489683628,
                    0.40329432487487793,
                    1.6257315874099731
                ],
                [
                    0.4032997488975525,
                    -0.004734605550765991,
                    -0.9150555729866028,
                    -3.6887073516845703
                ],
                [
