{
    "class": "02958343",
    "model": "164c8597d8eae2f6f21c3b61f0b564c4",
    "remove_doubles": true,
    "edge_split": true,
    "denoise": true,
    "camera_angle_x": 0.6911112070083618,
    "scale_factor": 2.1750384973097905,
    "hdri_file": "/data/IndoorHDRDataset2018/AG8A7051-747a7afca8.exr",
    "center_offset": [
        0.0,
        0.0,
        -7.566995918750763e-10
    ],
    "lights": [],
    "frames": [
        {
            "file_path": "/data/shapenet_blender/all_50_random/02958343/164c8597d8eae2f6f21c3b61f0b564c4/r_0",
            "rotation": 0.12566370614359174,
            "transform_matrix": [
                [
                    -0.8824546337127686,
                    0.219190314412117,
                    -0.41620832681655884,
                    -1.6777894496917725
                ],
                [
                    -0.4703974425792694,
                    -0.41119593381881714,
                    0.7807971239089966,
                    3.147493839263916
                ],
                [
                    0.0,
                    0.88480144739151,
                    0.4659682810306549,
                    1.8783782720565796
                ],
                [
                    0.0,
                    0.0,
                    0.0,
                    1.0
                ]
            ]
        },
        {
            "file_path": "/data/shapenet_blender/all_50_random/02958343/164c8597d8eae2f6f21c3b61f0b564c4/r_1",
            "rotation": 0.12566370614359174,
            "transform_matrix": [
                [
                    -0.7110629677772522,
                    -0.3685567080974579,
                    -0.5987949371337891,
                    -2.4138195514678955
                ],
                [
                    -0.7031283378601074,
                    0.3727158010005951,
                    0.6055521965026855,
                    2.441058874130249
                ],
                [
                    1.4901162970204496e-08,
                    0.851615309715271,
                    -0.5241671204566956,
                    -2.112985134124756
                ],
                [
                    0.0,
                    0.0,
                    0.0,
                    1.0
                ]
            ]
        },
        {
            "file_path": "/data/shapenet_blender/all_50_random/02958343/164c8597d8eae2f6f21c3b61f0b564c4/r_2",
            "rotation": 0.12566370614359174,
            "transform_matrix": [
                [
                    -0.8154572248458862,
                    -0.33810243010520935,
                    0.469804584980011,
                    1.8938426971435547
                ],
                [
                    0.5788174867630005,
                    -0.4763299226760864,
                    0.6618762612342834,
                    2.6681084632873535
                ],
                [
                    -1.4901161193847656e-08,
                    0.8116627335548401,
                    0.5841262340545654,
                    2.3546881675720215
                ],
                [
                    0.0,
                    0.0,
                    0.0,
                    1.0
                ]
            ]
        },
        {
            "file_path": "/data/shapenet_blender/all_50_random/02958343/164c8597d8eae2f6f21c3b61f0b564c4/r_3",
            "rotation": 0.12566370614359174,
            "transform_matrix": [
                [
                    -0.9999510049819946,
                    -0.008110578171908855,
                    -0.005687396042048931,
                    -0.022926628589630127
                ],
                [
                    -0.009905955754220486,
                    0.8187175989151001,
                    0.5741108655929565,
                    2.3143150806427
                ],
                [
                    0.0,
                    0.5741389989852905,
                    -0.8187577128410339,
                    -3.300518035888672
                ],
                [
                    0.0,
                    0.0,
                    0.0,
                    1.0
                ]
            ]
        },
        {
            "file_path": "/data/shapenet_blender/all_50_random/02958343/164c8597d8eae2f6f21c3b61f0b564c4/r_4",
            "rotation": 0.12566370614359174,
            "transform_matrix": [
                [
                    -0.5482816100120544,
                    -0.1504191756248474,
                    0.8226550221443176,
                    3.3162286281585693
                ],
                [
                    0.8362937569618225,
                    -0.09861614555120468,
                    0.5393399000167847,
                    2.1741490364074707
                ],
                [
                    0.0,
                    0.9836914539337158,
                    0.1798640340566635,
                    0.7250551581382751
                ],
                [
                    0.0,
                    0.0,
                    0.0,
                    1.0
                ]
            ]
        },
        {
            "file_path": "/data/shapenet_blender/all_50_random/02958343/164c8597d8eae2f6f21c3b61f0b564c4/r_5",
            "rotation": 0.12566370614359174,
            "transform_matrix": [
                [
                    0.9677855372428894,
                    -0.04797250032424927,
                    0.2471635341644287,
                    0.9963481426239014
                ],
                [
                    0.2517760396003723,
                    0.1843983680009842,
                    -0.9500557780265808,
                    -3.8297975063323975
                ],
                [
                    0.0,
                    0.9816800951957703,
                    0.19053637981414795,
                    0.7680767774581909
                ],
                [
                    0.0,
                    0.0,
                    0.0,
                    1.0
                ]
            ]
        },
        {
            "file_path": "/data/shapenet_blender/all_50_random/02958343/164c8597d8eae2f6f21c3b61f0b564c4/r_6",
            "rotation": 0.12566370614359174,
            "transform_matrix": [
                [
                    0.9792546629905701,
                    -0.002273421734571457,
                    -0.20262110233306885,
                    -0.8167917728424072
                ],
                [
                    -0.20263388752937317,
                    -0.010986605659127235,
                    -0.9791929125785828,
                    -3.9472529888153076
                ],
                [
                    2.3283067140944524e-10,
                    0.9999370574951172,
                    -0.011219356209039688,
                    -0.04522667080163956
                ],
                [
                    0.0,
                    0.0,
                    0.0,
                    1.0
                ]
            ]
        },
        {
            "file_path": "/data/shapenet_blender/all_50_random/02958343/164c8597d8eae2f6f21c3b61f0b564c4/r_7",
            "rotation": 0.12566370614359174,
            "transform_matrix": [
                [
                    -0.6460856795310974,
                    -0.4635147452354431,
                    0.6064053177833557,
                    2.444498062133789
                ],
                [
                    0.7632650136947632,
                    -0.39235422015190125,
                    0.5133076906204224,
                    2.069209575653076
                ],
                [
                    0.0,
                    0.7944886088371277,
                    0.6072790026664734,
                    2.4480199813842773
                ],
                [
                    0.0,
                    0.0,
                    0.0,
                    1.0
                ]
            ]
        },
        {
            "file_path": "/data/shapenet_blender/all_50_random/02958343/164c8597d8eae2f6f21c3b61f0b564c4/r_8",
            "rotation": 0.12566370614359174,
            "transform_matrix": [
                [
                    0.7729384303092957,
                    -0.11668528616428375,
                    0.6236590147018433,
                    2.514050245285034
                ],
                [
                    0.6344810128211975,
                    0.14214853942394257,
                    -0.7597548961639404,
                    -3.0626702308654785
                ],
                [
                    0.0,
                    0.9829437136650085,
                    0.1839066594839096,
                    0.7413515448570251
                ],
                [
                    0.0,
                    0.0,
                    0.0,
                    1.0
                ]
            ]
        },
        {
            "file_path": "/data/shapenet_blender/all_50_random/02958343/164c8597d8eae2f6f21c3b61f0b564c4/r_9",
            "rotation": 0.12566370614359174,
            "transform_matrix": [
                [
                    0.5746985077857971,
                    0.017657697200775146,
                    0.8181746602058411,
                    3.2981674671173096
                ],
                [
                    0.8183651566505432,
                    -0.01240015123039484,
                    -0.5745647549629211,
                    -2.3161447048187256
                ],
                [
                    -9.313225746154785e-10,
                    0.9997671246528625,
                    -0.021576792001724243,
                    -0.08697883039712906
                ],
                [
                    0.0,
                    0.0,
                    0.0,
                    1.0
                ]
            ]
        },
        {
            "file_path": "/data/shapenet_blender/all_50_random/02958343/164c8597d8eae2f6f21c3b61f0b564c4/r_10",
            "rotation": 0.12566370614359174,
            "transform_matrix": [
                [
                    0.9714359045028687,
                    0.0818500965833664,
                    0.22273947298526764,
                    0.8978915214538574
                ],
                [
                    0.23730215430259705,
                    -0.3350669741630554,
                    -0.9118211269378662,
                    -3.675668478012085
                ],
                [
                    0.0,
                    0.9386323690414429,
                    -0.3449192941188812,
                    -1.3904141187667847
                ],
                [
                    0.0,
                    0.0,
                    0.0,
                    1.0
                ]
            ]
        },
        {
            "file_path": "/data/shapenet_blender/all_50_random/02958343/164c8597d8eae2f6f21c3b61f0b564c4/r_11",
            "rotation": 0.12566370614359174,
            "transform_matrix": [
                [
                    0.12897829711437225,
                    0.5492333173751831,
                    -0.8256556987762451,
                    -3.328324317932129
                ],
                [
                    -0.9916474223136902,
                    0.07143584638834,
                    -0.10738863795995712,
                    -0.4328974187374115
                ],
                [
                    -7.450580152834618e-09,
                    0.8326100707054138,
                    0.553859531879425,
                    2.2326791286468506
                ],
                [
                    0.0,
                    0.0,
                    0.0,
                    1.0
                ]
            ]
        },
        {
            "file_path": "/data/shapenet_blender/all_50_random/02958343/164c8597d8eae2f6f21c3b61f0b564c4/r_12",
            "rotation": 0.12566370614359174,
            "transform_matrix": [
                [
                    0.9900508522987366,
                    0.08239003270864487,
                    0.11406689882278442,
                    0.45981839299201965
                ],
                [
                    0.1407102644443512,
                    -0.5797041654586792,
                    -0.8025856018066406,
                    -3.2353262901306152
                ],
                [
                    0.0,
                    0.8106508851051331,
                    -0.5855296850204468,
                    -2.3603458404541016
                ],
                [
                    0.0,
                    0.0,
                    0.0,
                    1.0
                ]
            ]
        },
        {
            "file_path": "/data/shapenet_blender/all_50_random/02958343/164c8597d8eae2f6f21c3b61f0b564c4/r_13",
            "rotation": 0.12566370614359174,
            "transform_matrix": [
                [
                    -0.7431304454803467,
                    0.22206100821495056,
                    -0.6312258243560791,
                    -2.54455304145813
                ],
                [
                    -0.6691466569900513,
                    -0.2466130554676056,
                    0.701016902923584,
                    2.825889825820923
                ],
                [
                    -1.4901161193847656e-08,
                    0.9433297514915466,
                    0.33185696601867676,
                    1.3377583026885986
                ],
                [
                    0.0,
                    0.0,
                    0.0,
                    1.0
                ]
            ]
        },
        {
            "file_path": "/data/shapenet_blender/all_50_random/02958343/164c8597d8eae2f6f21c3b61f0b564c4/r_14",
            "rotation": 0.12566370614359174,
            "transform_matrix": [
                [
                    0.5426509380340576,
                    0.26734259724617004,
                    -0.7962775826454163,
                    -3.20989727973938
                ],
                [
                    -0.8399583697319031,
                    0.17271535098552704,
                    -0.5144312381744385,
                    -2.0737383365631104
                ],
                [
                    -2.9802322387695312e-08,
                    0.9479964375495911,
                    0.3182808458805084,
                    1.2830309867858887
                ],
                [
                    0.0,
                    0.0,
                    0.0,
                    1.0
                ]
            ]
        },
        {
            "file_path": "/data/shapenet_blender/all_50_random/02958343/164c8597d8eae2f6f21c3b61f0b564c4/r_15",
            "rotation": 0.12566370614359174,
            "transform_matrix": [
                [
                    0.8813775777816772,
                    0.23692190647125244,
                    0.4087071120738983,
                    1.6475510597229004
                ],
                [
                    0.47241246700286865,
                    -0.4420240819454193,
                    -0.7625228762626648,
                    -3.0738279819488525
                ],
                [
                    1.4901161193847656e-08,
                    0.8651489019393921,
                    -0.5015150308609009,
                    -2.021671772003174
                ],
                [
                    0.0,
                    0.0,
                    0.0,
                    1.0
                ]
            ]
        },
        {
            "file_path": "/data/shapenet_blender/all_50_random/02958343/164c8597d8eae2f6f21c3b61f0b564c4/r_16",
            "rotation": 0.12566370614359174,
            "transform_matrix": [
                [
                    -0.5952968597412109,
                    -0.6798011660575867,
                    0.42835965752601624,
                    1.7267727851867676
                ],
                [
                    0.8035057187080383,
                    -0.5036472678184509,
                    0.31736069917678833,
                    1.2793217897415161
                ],
                [
                    1.4901158529312397e-08,
                    0.5331131815910339,
                    0.8460439443588257,
                    3.4105117321014404
                ],
                [
                    0.0,
                    0.0,
                    0.0,
                    1.0
                ]
            ]
        },
        {
            "file_path": "/data/shapenet_blender/all_50_random/02958343/164c8597d8eae2f6f21c3b61f0b564c4/r_17",
            "rotation": 0.12566370614359174,
            "transform_matrix": [
                [
                    0.8129839897155762,
                    -0.11723712831735611,
                    -0.5703617334365845,
                    -2.2992019653320312
                ],
                [
                    -0.5822861790657043,
                    -0.16368569433689117,
                    -0.7963352203369141,
                    -3.210130214691162
                ],
                [
                    -7.450581485102248e-09,
                    0.9795215129852295,
                    -0.20133936405181885,
                    -0.8116250038146973
                ],
                [
                    0.0,
                    0.0,
                    0.0,
                    1.0
                ]
            ]
        },
        {
            "file_path": "/data/shapenet_blender/all_50_random/02958343/164c8597d8eae2f6f21c3b61f0b564c4/r_18",
            "rotation": 0.12566370614359174,
            "transform_matrix": [
                [
                    0.8348902463912964,
                    -0.09148695319890976,
                    0.5427600741386414,
                    2.1879358291625977
                ],
                [
                    0.5504165291786194,
                    0.1387704759836197,
                    -0.8232766389846802,
                    -3.3187341690063477
                ],
                [
                    -7.450580596923828e-09,
                    0.9860896468162537,
                    0.16621404886245728,
                    0.6700302362442017
                ],
                [
                    0.0,
                    0.0,
                    0.0,
                    1.0
                ]
            ]
        },
        {
            "file_path": "/data/shapenet_blender/all_50_random/02958343/164c8597d8eae2f6f21c3b61f0b564c4/r_19",
            "rotation": 0.12566370614359174,
            "transform_matrix": [
                [
                    0.8966540694236755,
                    -0.13915342092514038,
                    -0.4202950596809387,
                    -1.6942635774612427
                ],
                [
                    -0.442732036113739,
                    -0.28182390332221985,
                    -0.8512130379676819,
                    -3.431349515914917
                ],
                [
                    7.450581485102248e-09,
                    0.9493216276168823,
                    -0.31430622935295105,
                    -1.267008900642395
                ],
                [
                    0.0,
                    0.0,
                    0.0,
                    1.0
                ]
            ]
        },
        {
            "file_path": "/data/shapenet_blender/all_50_random/02958343/164c8597d8eae2f6f21c3b61f0b564c4/r_20",
            "rotation": 0.12566370614359174,
            "transform_matrix": [
                [
                    -0.9999746680259705,
                    0.000662359525449574,
                    -0.007089361548423767,
                    -0.028578132390975952
                ],
                [
                    -0.007120237220078707,
                    -0.09302257001399994,
                    0.9956384897232056,
                    4.013547420501709
                ],
                [
                    0.0,
                    0.9956637620925903,
                    0.09302491694688797,
                    0.37499547004699707
                ],
                [
                    0.0,
                    0.0,
                    0.0,
                    1.0
                ]
            ]
        },
        {
            "file_path": "/data/shapenet_blender/all_50_random/02958343/164c8597d8eae2f6f21c3b61f0b564c4/r_21",
            "rotation": 0.12566370614359174,
            "transform_matrix": [
                [
                    0.7199221253395081,
                    0.6721245050430298,
                    -0.17309147119522095,
                    -0.6977540254592896
                ],
                [
                    -0.6940548419952393,
                    0.6971744894981384,
                    -0.17954255640506744,
                    -0.7237591743469238
                ],
                [
                    7.450580596923828e-09,
                    0.24939164519309998,
                    0.9684026837348938,
                    3.9037561416625977
                ],
                [
                    0.0,
                    0.0,
                    0.0,
                    1.0
                ]
            ]
        },
        {
            "file_path": "/data/shapenet_blender/all_50_random/02958343/164c8597d8eae2f6f21c3b61f0b564c4/r_22",
            "rotation": 0.12566370614359174,
            "transform_matrix": [
                [
                    -0.1830674558877945,
                    0.5850052833557129,
                    0.7900980710983276,
                    3.1849873065948486
                ],
                [
                    0.9831003546714783,
                    0.10893642902374268,
                    0.1471276581287384,
                    0.5930905342102051
                ],
                [
                    -7.450580596923828e-09,
                    0.8036799430847168,
                    -0.5950616598129272,
                    -2.398770332336426
                ],
                [
                    0.0,
                    0.0,
                    0.0,
                    1.0
                ]
            ]
        },
        {
            "file_path": "/data/shapenet_blender/all_50_random/02958343/164c8597d8eae2f6f21c3b61f0b564c4/r_23",
            "rotation": 0.12566370614359174,
            "transform_matrix": [
                [
                    -0.12359929829835892,
                    0.18385346233844757,
                    0.9751518964767456,
                    3.930962562561035
                ],
                [
                    0.9923321604728699,
                    0.022899752482771873,
                    0.12145942449569702,
                    0.48961853981018066
                ],
                [
                    -1.8626448161640496e-09,
                    0.9826869368553162,
                    -0.18527410924434662,
                    -0.7468637228012085
                ],
                [
                    0.0,
                    0.0,
                    0.0,
                    1.0
                ]
            ]
        },
        {
            "file_path": "/data/shapenet_blender/all_50_random/02958343/164c8597d8eae2f6f21c3b61f0b564c4/r_24",
            "rotation": 0.12566370614359174,
            "transform_matrix": [
                [
                    0.8662204146385193,
                    -0.24465559422969818,
                    0.4356671869754791,
                    1.7562305927276611
                ],
                [
                    0.4996621608734131,
                    0.4241379499435425,
                    -0.7552779912948608,
                    -3.0446228981018066
                ],
                [
                    0.0,
                    0.871923565864563,
                    0.48964205384254456,
                    1.9738101959228516
                ],
                [
                    0.0,
                    0.0,
                    0.0,
                    1.0
                ]
            ]
        },
        {
            "file_path": "/data/shapenet_blender/all_50_random/02958343/164c8597d8eae2f6f21c3b61f0b564c4/r_25",
            "rotation": 0.12566370614359174,
            "transform_matrix": [
                [
                    0.9123637080192566,
                    -0.28557679057121277,
                    -0.29332321882247925,
                    -1.182423710823059
                ],
                [
                    -0.40938079357147217,
                    -0.6364487409591675,
                    -0.6537127494812012,
                    -2.6352005004882812
                ],
                [
                    0.0,
                    0.7165045738220215,
                    -0.6975823640823364,
                    -2.812044382095337
                ],
                [
                    0.0,
                    0.0,
                    0.0,
                    1.0
                ]
            ]
        },
        {
            "file_path": "/data/shapenet_blender/all_50_random/02958343/164c8597d8eae2f6f21c3b61f0b564c4/r_26",
            "rotation": 0.12566370614359174,
            "transform_matrix": [
                [
                    -0.008635781705379486,
                    0.5470574498176575,
                    -0.8370504975318909,
                    -3.374258518218994
                ],
                [
                    -0.9999628067016602,
                    -0.004724443890154362,
                    0.007228854112327099,
                    0.029140442609786987
                ],
                [
                    4.656613428188905e-10,
                    0.837081789970398,
                    0.5470778346061707,
                    2.205341339111328
                ],
                [
                    0.0,
                    0.0,
                    0.0,
                    1.0
                ]
            ]
        },
        {
            "file_path": "/data/shapenet_blender/all_50_random/02958343/164c8597d8eae2f6f21c3b61f0b564c4/r_27",
            "rotation": 0.12566370614359174,
            "transform_matrix": [
                [
                    0.6564635038375854,
                    0.24355995655059814,
                    0.7139567136764526,
                    2.878051519393921
                ],
                [
                    0.7543578147888184,
                    -0.21195276081562042,
                    -0.6213053464889526,
                    -2.5045619010925293
                ],
                [
                    -1.4901162970204496e-08,
                    0.9464430212974548,
                    -0.3228706419467926,
                    -1.3015332221984863
                ],
                [
                    0.0,
                    0.0,
                    0.0,
                    1.0
                ]
            ]
        },
        {
            "file_path": "/data/shapenet_blender/all_50_random/02958343/164c8597d8eae2f6f21c3b61f0b564c4/r_28",
            "rotation": 0.12566370614359174,
            "transform_matrix": [
                [
                    0.22648577392101288,
                    0.7023372650146484,
                    0.6748528480529785,
                    2.72041916847229
                ],
                [
                    0.9740144610404968,
                    -0.16331318020820618,
                    -0.15692228078842163,
                    -0.6325740218162537
                ],
                [
                    0.0,
                    0.6928572058677673,
                    -0.7210747599601746,
                    -2.906745672225952
                ],
                [
                    0.0,
                    0.0,
                    0.0,
                    1.0
                ]
            ]
        },
        {
            "file_path": "/data/shapenet_blender/all_50_random/02958343/164c8597d8eae2f6f21c3b61f0b564c4/r_29",
            "rotation": 0.12566370614359174,
            "transform_matrix": [
                [
                    0.15100416541099548,
                    -0.17644178867340088,
                    -0.9726592302322388,
                    -3.920914888381958
                ],
                [
                    -0.9885331392288208,
                    -0.026952506974339485,
                    -0.14857934415340424,
                    -0.5989425182342529
                ],
                [
                    0.0,
                    0.9839419722557068,
                    -0.17848849296569824,
                    -0.7195101380348206
                ],
                [
                    0.0,
                    0.0,
                    0.0,
                    1.0
                ]
            ]
        },
        {
            "file_path": "/data/shapenet_blender/all_50_random/02958343/164c8597d8eae2f6f21c3b61f0b564c4/r_30",
            "rotation": 0.12566370614359174,
            "transform_matrix": [
                [
                    0.7802044153213501,
                    -0.6226288676261902,
                    -0.06011958047747612,
                    -0.2423497587442398
                ],
                [
                    -0.6255246996879578,
                    -0.776592493057251,
                    -0.07498594373464584,
                    -0.30227798223495483
                ],
                [
                    -3.725290298461914e-09,
                    0.096110999584198,
                    -0.9953707456588745,
                    -4.012467384338379
                ],
                [
                    0.0,
                    0.0,
                    0.0,
                    1.0
                ]
            ]
        },
        {
            "file_path": "/data/shapenet_blender/all_50_random/02958343/164c8597d8eae2f6f21c3b61f0b564c4/r_31",
            "rotation": 0.12566370614359174,
            "transform_matrix": [
                [
                    0.994608998298645,
                    0.024906616657972336,
                    -0.10066021233797073,
                    -0.40577432513237
                ],
                [
                    -0.10369580239057541,
                    0.23889438807964325,
                    -0.965492844581604,
                    -3.892026424407959
                ],
                [
                    0.0,
                    0.9707260131835938,
                    0.24018922448158264,
                    0.9682338237762451
                ],
                [
                    0.0,
                    0.0,
                    0.0,
                    1.0
                ]
            ]
        },
        {
            "file_path": "/data/shapenet_blender/all_50_random/02958343/164c8597d8eae2f6f21c3b61f0b564c4/r_32",
            "rotation": 0.12566370614359174,
            "transform_matrix": [
                [
                    -0.3019728660583496,
                    -0.2873871922492981,
                    0.9089668989181519,
                    3.664163112640381
                ],
                [
                    0.9533165097236633,
                    -0.09103287011384964,
                    0.2879246771335602,
                    1.1606615781784058
                ],
                [
                    0.0,
                    0.9534786939620972,
                    0.3014604151248932,
                    1.2152259349822998
                ],
                [
                    0.0,
                    0.0,
                    0.0,
                    1.0
                ]
            ]
        },
        {
            "file_path": "/data/shapenet_blender/all_50_random/02958343/164c8597d8eae2f6f21c3b61f0b564c4/r_33",
            "rotation": 0.12566370614359174,
            "transform_matrix": [
                [
                    0.9727672338485718,
                    0.020351162180304527,
                    -0.23088932037353516,
                    -0.9307446479797363
                ],
                [
                    -0.23178449273109436,
                    0.08541099727153778,
                    -0.9690102934837341,
                    -3.906205415725708
                ],
                [
                    1.862645149230957e-09,
                    0.9961379170417786,
                    0.08780209720134735,
                    0.35394158959388733
                ],
                [
                    0.0,
                    0.0,
                    0.0,
                    1.0
                ]
            ]
        },
        {
            "file_path": "/data/shapenet_blender/all_50_random/02958343/164c8597d8eae2f6f21c3b61f0b564c4/r_34",
            "rotation": 0.12566370614359174,
            "transform_matrix": [
                [
                    0.5601896047592163,
                    0.07639987021684647,
                    0.8248337507247925,
                    3.3250112533569336
                ],
                [
                    0.8283644914627075,
                    -0.05166615545749664,
                    -0.5578019022941589,
                    -2.2485713958740234
                ],
                [
                    -3.725290298461914e-09,
                    0.9957376718521118,
                    -0.09222977608442307,
                    -0.3717901110649109
                ],
                [
                    0.0,
                    0.0,
                    0.0,
                    1.0
                ]
            ]
        },
        {
            "file_path": "/data/shapenet_blender/all_50_random/02958343/164c8597d8eae2f6f21c3b61f0b564c4/r_35",
            "rotation": 0.12566370614359174,
            "transform_matrix": [
                [
                    0.08250583708286285,
                    -0.3644307255744934,
                    0.9275684356689453,
                    3.739147424697876
                ],
                [
                    0.9965906143188477,
                    0.03017052449285984,
                    -0.07679162174463272,
                    -0.30955690145492554
                ],
                [
                    0.0,
                    0.9307416081428528,
                    0.36567750573158264,
                    1.474092960357666
                ],
                [
                    0.0,
                    0.0,
                    0.0,
                    1.0
                ]
            ]
        },
        {
            "file_path": "/data/shapenet_blender/all_50_random/02958343/164c8597d8eae2f6f21c3b61f0b564c4/r_36",
            "rotation": 0.12566370614359174,
            "transform_matrix": [
                [
                    -0.7867511510848999,
                    -0.3966244161128998,
                    0.4729817807674408,
                    1.9066505432128906
                ],
                [
                    0.6172704100608826,
                    -0.5055235624313354,
                    0.6028460264205933,
                    2.430150032043457
                ],
                [
                    0.0,
                    0.7662473917007446,
                    0.6425457000732422,
                    2.590184450149536
                ],
                [
                    0.0,
                    0.0,
                    0.0,
                    1.0
                ]
            ]
        },
        {
            "file_path": "/data/shapenet_blender/all_50_random/02958343/164c8597d8eae2f6f21c3b61f0b564c4/r_37",
            "rotation": 0.12566370614359174,
            "transform_matrix": [
                [
                    0.690260648727417,
                    -0.1616368293762207,
                    -0.7052755951881409,
                    -2.843057155609131
                ],
                [
                    -0.7235608100891113,
                    -0.15419788658618927,
                    -0.6728169918060303,
                    -2.712212324142456
                ],
                [
                    0.0,
                    0.9747289419174194,
                    -0.22339078783988953,
                    -0.9005171060562134
                ],
                [
                    0.0,
                    0.0,
                    0.0,
                    1.0
                ]
            ]
        },
        {
            "file_path": "/data/shapenet_blender/all_50_random/02958343/164c8597d8eae2f6f21c3b61f0b564c4/r_38",
            "rotation": 0.12566370614359174,
            "transform_matrix": [
                [
                    0.4111096262931824,
                    0.3390315771102905,
                    -0.8461951613426208,
                    -3.4111220836639404
                ],
                [
                    -0.9115859270095825,
                    0.152897447347641,
                    -0.38161954283714294,
                    -1.5383577346801758
                ],
                [
                    1.4901161193847656e-08,
                    0.9282671213150024,
                    0.37191399931907654,
                    1.499233365058899
                ],
                [
                    0.0,
                    0.0,
                    0.0,
                    1.0
                ]
            ]
        },
        {
            "file_path": "/data/shapenet_blender/all_50_random/02958343/164c8597d8eae2f6f21c3b61f0b564c4/r_39",
            "rotation": 0.12566370614359174,
            "transform_matrix": [
                [
                    -0.9517915844917297,
                    -0.06812383979558945,
                    0.29908496141433716,
                    1.205649971961975
                ],
                [
                    0.3067452907562256,
                    -0.21137961745262146,
                    0.9280226230621338,
                    3.740978717803955
                ],
                [
                    0.0,
                    0.9750271439552307,
                    0.22208599746227264,
                    0.8952572345733643
                ],
                [
                    0.0,
                    0.0,
                    0.0,
                    1.0
                ]
            ]
        },
        {
            "file_path": "/data/shapenet_blender/all_50_random/02958343/164c8597d8eae2f6f21c3b61f0b564c4/r_40",
            "rotation": 0.12566370614359174,
            "transform_matrix": [
                [
                    -0.5828000903129578,
                    -0.5268008708953857,
                    -0.6187283396720886,
                    -2.494173765182495
                ],
                [
                    -0.8126154541969299,
                    0.3778166174888611,
                    0.4437461495399475,
                    1.7887979745864868
                ],
                [
                    0.0,
                    0.7614036202430725,
                    -0.6482781171798706,
                    -2.613292694091797
                ],
                [
                    0.0,
                    0.0,
                    0.0,
                    1.0
                ]
            ]
        },
        {
            "file_path": "/data/shapenet_blender/all_50_random/02958343/164c8597d8eae2f6f21c3b61f0b564c4/r_41",
            "rotation": 0.12566370614359174,
            "transform_matrix": [
                [
                    -0.9999799132347107,
                    -0.0018120401073247194,
                    0.006080070976167917,
                    0.024509549140930176
                ],
                [
                    0.006344348657876253,
                    -0.2856091260910034,
                    0.958325207233429,
                    3.8631324768066406
                ],
