{
    "class": "02958343",
    "model": "691bf14434c590f212a6200f1680863",
    "remove_doubles": true,
    "edge_split": true,
    "denoise": true,
    "camera_angle_x": 0.6911112070083618,
    "scale_factor": 2.25380799581727,
    "hdri_file": "/data/IndoorHDRDataset2018/9C4A6639-4e986ca3a2.exr",
    "center_offset": [
        0.0,
        0.0,
        0.0
    ],
    "lights": [],
    "frames": [
        {
            "file_path": "/data/shapenet_blender/all_50_random/02958343/691bf14434c590f212a6200f1680863/r_0",
            "rotation": 0.12566370614359174,
            "transform_matrix": [
                [
                    -0.8407988548278809,
                    0.13924404978752136,
                    0.5231332778930664,
                    2.1088178157806396
                ],
                [
                    0.5413477420806885,
                    0.21626807749271393,
                    0.8125088810920715,
                    3.2753281593322754
                ],
                [
                    0.0,
                    0.9663535356521606,
                    -0.2572173774242401,
                    -1.0368764400482178
                ],
                [
                    0.0,
                    0.0,
                    0.0,
                    1.0
                ]
            ]
        },
        {
            "file_path": "/data/shapenet_blender/all_50_random/02958343/691bf14434c590f212a6200f1680863/r_1",
            "rotation": 0.12566370614359174,
            "transform_matrix": [
                [
                    -0.9525066018104553,
                    -0.3002550005912781,
                    0.05077650398015976,
                    0.20468664169311523
                ],
                [
                    0.3045182228088379,
                    -0.9391716122627258,
                    0.15882448852062225,
                    0.6402419805526733
                ],
                [
                    3.725290742551124e-09,
                    0.16674375534057617,
                    0.9860002398490906,
                    3.974694013595581
                ],
                [
                    0.0,
                    0.0,
                    0.0,
                    1.0
                ]
            ]
        },
        {
            "file_path": "/data/shapenet_blender/all_50_random/02958343/691bf14434c590f212a6200f1680863/r_2",
            "rotation": 0.12566370614359174,
            "transform_matrix": [
                [
                    0.03260241821408272,
                    0.8380099534988403,
                    0.5446800589561462,
                    2.195675849914551
                ],
                [
                    0.9994684457778931,
                    -0.02733568102121353,
                    -0.01776733063161373,
                    -0.07162240892648697
                ],
                [
                    9.31322685637781e-10,
                    0.5449697375297546,
                    -0.8384555578231812,
                    -3.37992262840271
                ],
                [
                    0.0,
                    0.0,
                    0.0,
                    1.0
                ]
            ]
        },
        {
            "file_path": "/data/shapenet_blender/all_50_random/02958343/691bf14434c590f212a6200f1680863/r_3",
            "rotation": 0.12566370614359174,
            "transform_matrix": [
                [
                    -0.7978101372718811,
                    0.26259613037109375,
                    0.542717456817627,
                    2.1877644062042236
                ],
                [
                    0.6029089093208313,
                    0.34748509526252747,
                    0.7181607484817505,
                    2.894998788833618
                ],
                [
                    0.0,
                    0.9001650810241699,
                    -0.43554866313934326,
                    -1.7557529211044312
                ],
                [
                    0.0,
                    0.0,
                    0.0,
                    1.0
                ]
            ]
        },
        {
            "file_path": "/data/shapenet_blender/all_50_random/02958343/691bf14434c590f212a6200f1680863/r_4",
            "rotation": 0.12566370614359174,
            "transform_matrix": [
                [
                    -0.9452430009841919,
                    -0.18958735466003418,
                    -0.26565462350845337,
                    -1.0708881616592407
                ],
                [
                    -0.3263675272464752,
                    0.5490929484367371,
                    0.7694030404090881,
                    3.1015632152557373
                ],
                [
                    0.0,
                    0.8139739036560059,
                    -0.5809013247489929,
                    -2.341688394546509
                ],
                [
                    0.0,
                    0.0,
                    0.0,
                    1.0
                ]
            ]
        },
        {
            "file_path": "/data/shapenet_blender/all_50_random/02958343/691bf14434c590f212a6200f1680863/r_5",
            "rotation": 0.12566370614359174,
            "transform_matrix": [
                [
                    0.7588959336280823,
                    -0.49745336174964905,
                    0.4202583432197571,
                    1.6941155195236206
                ],
                [
                    0.6512118577957153,
                    0.5797119140625,
                    -0.48975199460983276,
                    -1.9742534160614014
                ],
                [
                    -1.4901161193847656e-08,
                    0.6453479528427124,
                    0.7638886570930481,
                    3.079333782196045
                ],
                [
                    0.0,
                    0.0,
                    0.0,
                    1.0
                ]
            ]
        },
        {
            "file_path": "/data/shapenet_blender/all_50_random/02958343/691bf14434c590f212a6200f1680863/r_6",
            "rotation": 0.12566370614359174,
            "transform_matrix": [
                [
                    0.35265424847602844,
                    -0.01997530274093151,
                    -0.935540497303009,
                    -3.771284341812134
                ],
                [
                    -0.9357536435127258,
                    -0.007528023794293404,
                    -0.3525739312171936,
                    -1.4212709665298462
                ],
                [
                    0.0,
                    0.9997721314430237,
                    -0.02134675346314907,
                    -0.08605151623487473
                ],
                [
                    0.0,
                    0.0,
                    0.0,
                    1.0
                ]
            ]
        },
        {
            "file_path": "/data/shapenet_blender/all_50_random/02958343/691bf14434c590f212a6200f1680863/r_7",
            "rotation": 0.12566370614359174,
            "transform_matrix": [
                [
                    -0.5220844745635986,
                    0.6215755939483643,
                    -0.5840134620666504,
                    -2.354233503341675
                ],
                [
                    -0.8528938293457031,
                    -0.3804869055747986,
                    0.35749387741088867,
                    1.4411039352416992
                ],
                [
                    0.0,
                    0.6847434639930725,
                    0.7287842035293579,
                    2.9378230571746826
                ],
                [
                    0.0,
                    0.0,
                    0.0,
                    1.0
                ]
            ]
        },
        {
            "file_path": "/data/shapenet_blender/all_50_random/02958343/691bf14434c590f212a6200f1680863/r_8",
            "rotation": 0.12566370614359174,
            "transform_matrix": [
                [
                    0.900232195854187,
                    -0.3147255778312683,
                    0.30088189244270325,
                    1.2128937244415283
                ],
                [
                    0.4354102611541748,
                    0.6507106423377991,
                    -0.6220880746841431,
                    -2.5077171325683594
                ],
                [
                    -2.9802322387695312e-08,
                    0.6910306215286255,
                    0.7228254079818726,
                    2.9138023853302
                ],
                [
                    0.0,
                    0.0,
                    0.0,
                    1.0
                ]
            ]
        },
        {
            "file_path": "/data/shapenet_blender/all_50_random/02958343/691bf14434c590f212a6200f1680863/r_9",
            "rotation": 0.12566370614359174,
            "transform_matrix": [
                [
                    0.9349172711372375,
                    -0.18233168125152588,
                    0.30444207787513733,
                    1.2272452116012573
                ],
                [
                    0.3548659384250641,
                    0.4803646206855774,
                    -0.8020723462104797,
                    -3.2332570552825928
                ],
                [
                    0.0,
                    0.8579073548316956,
                    0.5138044357299805,
                    2.071211814880371
                ],
                [
                    0.0,
                    0.0,
                    0.0,
                    1.0
                ]
            ]
        },
        {
            "file_path": "/data/shapenet_blender/all_50_random/02958343/691bf14434c590f212a6200f1680863/r_10",
            "rotation": 0.12566370614359174,
            "transform_matrix": [
                [
                    0.4970940053462982,
                    0.6104719638824463,
                    -0.6166210770606995,
                    -2.4856791496276855
                ],
                [
                    -0.8676968216896057,
                    0.3497326970100403,
                    -0.3532554805278778,
                    -1.424018383026123
                ],
                [
                    -1.4901162970204496e-08,
                    0.7106412649154663,
                    0.7035545110702515,
                    2.8361189365386963
                ],
                [
                    0.0,
                    0.0,
                    0.0,
                    1.0
                ]
            ]
        },
        {
            "file_path": "/data/shapenet_blender/all_50_random/02958343/691bf14434c590f212a6200f1680863/r_11",
            "rotation": 0.12566370614359174,
            "transform_matrix": [
                [
                    0.03775385394692421,
                    -0.047672610729932785,
                    0.9981491565704346,
                    4.02366828918457
                ],
                [
                    0.9992871284484863,
                    0.001801108825020492,
                    -0.03771086037158966,
                    -0.15201735496520996
                ],
                [
                    0.0,
                    0.9988612532615662,
                    0.047706618905067444,
                    0.19231154024600983
                ],
                [
                    0.0,
                    0.0,
                    0.0,
                    1.0
                ]
            ]
        },
        {
            "file_path": "/data/shapenet_blender/all_50_random/02958343/691bf14434c590f212a6200f1680863/r_12",
            "rotation": 0.12566370614359174,
            "transform_matrix": [
                [
                    -0.6537325382232666,
                    -0.22374674677848816,
                    -0.7228908538818359,
                    -2.9140663146972656
                ],
                [
                    -0.7567257881164551,
                    0.193293958902359,
                    0.6245026588439941,
                    2.5174508094787598
                ],
                [
                    0.0,
                    0.9552878141403198,
                    -0.29567745327949524,
                    -1.1919139623641968
                ],
                [
                    0.0,
                    0.0,
                    0.0,
                    1.0
                ]
            ]
        },
        {
            "file_path": "/data/shapenet_blender/all_50_random/02958343/691bf14434c590f212a6200f1680863/r_13",
            "rotation": 0.12566370614359174,
            "transform_matrix": [
                [
                    -0.8900471329689026,
                    0.3963986039161682,
                    0.22513173520565033,
                    0.9075351357460022
                ],
                [
                    0.45586860179901123,
                    0.7739366292953491,
                    0.4395517408847809,
                    1.7718898057937622
                ],
                [
                    0.0,
                    0.4938521683216095,
                    -0.8695456981658936,
                    -3.505251169204712
                ],
                [
                    0.0,
                    0.0,
                    0.0,
                    1.0
                ]
            ]
        },
        {
            "file_path": "/data/shapenet_blender/all_50_random/02958343/691bf14434c590f212a6200f1680863/r_14",
            "rotation": 0.12566370614359174,
            "transform_matrix": [
                [
                    4.191730113234371e-05,
                    0.2986910343170166,
                    -0.9543498158454895,
                    -3.847107410430908
                ],
                [
                    -1.0,
                    1.2520321433839854e-05,
                    -4.0003767935559154e-05,
                    -0.00016126036643981934
                ],
                [
                    -1.8189894035458565e-12,
                    0.9543498158454895,
                    0.2986910045146942,
                    1.2040621042251587
                ],
                [
                    0.0,
                    0.0,
                    0.0,
                    1.0
                ]
            ]
        },
        {
            "file_path": "/data/shapenet_blender/all_50_random/02958343/691bf14434c590f212a6200f1680863/r_15",
            "rotation": 0.12566370614359174,
            "transform_matrix": [
                [
                    0.7746690511703491,
                    0.097288578748703,
                    -0.6248382329940796,
                    -2.518803834915161
                ],
                [
                    -0.6323670148849487,
                    0.11918150633573532,
                    -0.7654460668563843,
                    -3.0856120586395264
                ],
                [
                    7.450581485102248e-09,
                    0.9880944490432739,
                    0.15384827554225922,
                    0.6201822757720947
                ],
                [
                    0.0,
                    0.0,
                    0.0,
                    1.0
                ]
            ]
        },
        {
            "file_path": "/data/shapenet_blender/all_50_random/02958343/691bf14434c590f212a6200f1680863/r_16",
            "rotation": 0.12566370614359174,
            "transform_matrix": [
                [
                    0.8510844111442566,
                    -0.15894755721092224,
                    -0.5003908276557922,
                    -2.0171401500701904
                ],
                [
                    -0.5250290036201477,
                    -0.2576577663421631,
                    -0.8111454248428345,
                    -3.269832134246826
                ],
                [
                    0.0,
                    0.9530729055404663,
                    -0.30274054408073425,
                    -1.220386266708374
                ],
                [
                    0.0,
                    0.0,
                    0.0,
                    1.0
                ]
            ]
        },
        {
            "file_path": "/data/shapenet_blender/all_50_random/02958343/691bf14434c590f212a6200f1680863/r_17",
            "rotation": 0.12566370614359174,
            "transform_matrix": [
                [
                    0.7892646193504333,
                    -0.32947179675102234,
                    0.5181791186332703,
                    2.0888466835021973
                ],
                [
                    0.6140530705451965,
                    0.4234820306301117,
                    -0.6660344004631042,
                    -2.6848702430725098
                ],
                [
                    0.0,
                    0.8438669443130493,
                    0.5365526080131531,
                    2.162912368774414
                ],
                [
                    0.0,
                    0.0,
                    0.0,
                    1.0
                ]
            ]
        },
        {
            "file_path": "/data/shapenet_blender/all_50_random/02958343/691bf14434c590f212a6200f1680863/r_18",
            "rotation": 0.12566370614359174,
            "transform_matrix": [
                [
                    -0.3541697561740875,
                    0.10912926495075226,
                    -0.9287919998168945,
                    -3.7440803050994873
                ],
                [
                    -0.9351812601089478,
                    -0.041329190135002136,
                    0.35175004601478577,
                    1.4179497957229614
                ],
                [
                    0.0,
                    0.9931679368019104,
                    0.11669318377971649,
                    0.4704052805900574
                ],
                [
                    0.0,
                    0.0,
                    0.0,
                    1.0
                ]
            ]
        },
        {
            "file_path": "/data/shapenet_blender/all_50_random/02958343/691bf14434c590f212a6200f1680863/r_19",
            "rotation": 0.12566370614359174,
            "transform_matrix": [
                [
                    0.9996373057365417,
                    0.008166010491549969,
                    0.02566535212099552,
                    0.10346034169197083
                ],
                [
                    0.02693314105272293,
                    -0.30308565497398376,
                    -0.9525826573371887,
                    -3.8399834632873535
                ],
                [
                    0.0,
                    0.952928364276886,
                    -0.30319562554359436,
                    -1.2222206592559814
                ],
                [
                    0.0,
                    0.0,
                    0.0,
                    1.0
                ]
            ]
        },
        {
            "file_path": "/data/shapenet_blender/all_50_random/02958343/691bf14434c590f212a6200f1680863/r_20",
            "rotation": 0.12566370614359174,
            "transform_matrix": [
                [
                    0.9510794878005981,
                    0.20695087313652039,
                    0.22938886284828186,
                    0.924696147441864
                ],
                [
                    0.30894649028778076,
                    -0.6370899677276611,
                    -0.7061644196510315,
                    -2.846640110015869
                ],
                [
                    0.0,
                    0.7424874901771545,
                    -0.6698598861694336,
                    -2.700291872024536
                ],
                [
                    0.0,
                    0.0,
                    0.0,
                    1.0
                ]
            ]
        },
        {
            "file_path": "/data/shapenet_blender/all_50_random/02958343/691bf14434c590f212a6200f1680863/r_21",
            "rotation": 0.12566370614359174,
            "transform_matrix": [
                [
                    0.6362022161483765,
                    -0.275939404964447,
                    -0.7204888463020325,
                    -2.904383420944214
                ],
                [
                    -0.7715224027633667,
                    -0.22754138708114624,
                    -0.594119668006897,
                    -2.394973039627075
                ],
                [
                    0.0,
                    0.9338534474372864,
                    -0.357655793428421,
                    -1.4417566061019897
                ],
                [
                    0.0,
                    0.0,
                    0.0,
                    1.0
                ]
            ]
        },
        {
            "file_path": "/data/shapenet_blender/all_50_random/02958343/691bf14434c590f212a6200f1680863/r_22",
            "rotation": 0.12566370614359174,
            "transform_matrix": [
                [
                    -0.5397543907165527,
                    0.13068558275699615,
                    0.8316167593002319,
                    3.3523542881011963
                ],
                [
                    0.8418225049972534,
                    0.08379215002059937,
                    0.5332107543945312,
                    2.1494412422180176
                ],
                [
                    0.0,
                    0.9878765940666199,
                    -0.1552412509918213,
                    -0.6257975101470947
                ],
                [
                    0.0,
                    0.0,
                    0.0,
                    1.0
                ]
            ]
        },
        {
            "file_path": "/data/shapenet_blender/all_50_random/02958343/691bf14434c590f212a6200f1680863/r_23",
            "rotation": 0.12566370614359174,
            "transform_matrix": [
                [
                    -0.996498167514801,
                    0.03201780468225479,
                    -0.07724116742610931,
                    -0.3113690912723541
                ],
                [
                    -0.08361421525478363,
                    -0.3815820813179016,
                    0.9205453991889954,
                    3.7108371257781982
                ],
                [
                    -1.8626449271863521e-09,
                    0.9237802624702454,
                    0.3829229772090912,
                    1.5436118841171265
                ],
                [
                    0.0,
                    0.0,
                    0.0,
                    1.0
                ]
            ]
        },
        {
            "file_path": "/data/shapenet_blender/all_50_random/02958343/691bf14434c590f212a6200f1680863/r_24",
            "rotation": 0.12566370614359174,
            "transform_matrix": [
                [
                    -0.9853032827377319,
                    0.016569651663303375,
                    0.1700088381767273,
                    0.6853275299072266
                ],
                [
                    0.1708144098520279,
                    0.09557819366455078,
                    0.9806565046310425,
                    3.953152894973755
                ],
                [
                    0.0,
                    0.9952839612960815,
                    -0.09700383991003036,
                    -0.3910349905490875
                ],
                [
                    0.0,
                    0.0,
                    0.0,
                    1.0
                ]
            ]
        },
        {
            "file_path": "/data/shapenet_blender/all_50_random/02958343/691bf14434c590f212a6200f1680863/r_25",
            "rotation": 0.12566370614359174,
            "transform_matrix": [
                [
                    0.6892716288566589,
                    0.1837034672498703,
                    0.7008264064788818,
                    2.8251211643218994
                ],
                [
                    0.7245029211044312,
                    -0.1747703105211258,
                    -0.6667464971542358,
                    -2.6877408027648926
                ],
                [
                    0.0,
                    0.9673200845718384,
                    -0.2535579800605774,
                    -1.0221247673034668
                ],
                [
                    0.0,
                    0.0,
                    0.0,
                    1.0
                ]
            ]
        },
        {
            "file_path": "/data/shapenet_blender/all_50_random/02958343/691bf14434c590f212a6200f1680863/r_26",
            "rotation": 0.12566370614359174,
            "transform_matrix": [
                [
                    0.649481475353241,
                    -0.2959374487400055,
                    0.7004247307777405,
                    2.823502540588379
                ],
                [
                    0.7603774070739746,
                    0.2527769207954407,
                    -0.598272442817688,
                    -2.4117136001586914
                ],
                [
                    1.4901161193847656e-08,
                    0.9211539626121521,
                    0.38919809460639954,
                    1.5689078569412231
                ],
                [
                    0.0,
                    0.0,
                    0.0,
                    1.0
                ]
            ]
        },
        {
            "file_path": "/data/shapenet_blender/all_50_random/02958343/691bf14434c590f212a6200f1680863/r_27",
            "rotation": 0.12566370614359174,
            "transform_matrix": [
                [
                    -0.623632550239563,
                    0.24407294392585754,
                    -0.7426377534866333,
                    -2.993668556213379
                ],
                [
                    -0.7817177176475525,
                    -0.19471457600593567,
                    0.5924556851387024,
                    2.388265371322632
                ],
                [
                    1.4901162970204496e-08,
                    0.9500076174736023,
                    0.31222647428512573,
                    1.2586251497268677
                ],
                [
                    0.0,
                    0.0,
                    0.0,
                    1.0
                ]
            ]
        },
        {
            "file_path": "/data/shapenet_blender/all_50_random/02958343/691bf14434c590f212a6200f1680863/r_28",
            "rotation": 0.12566370614359174,
            "transform_matrix": [
                [
                    0.957956850528717,
                    0.11853716522455215,
                    0.26128095388412476,
                    1.0532572269439697
                ],
                [
                    0.2869125306606293,
                    -0.3957773745059967,
                    -0.8723769187927246,
                    -3.5166637897491455
                ],
                [
                    0.0,
                    0.9106641411781311,
                    -0.4131474196910858,
                    -1.6654505729675293
                ],
                [
                    0.0,
                    0.0,
                    0.0,
                    1.0
                ]
            ]
        },
        {
            "file_path": "/data/shapenet_blender/all_50_random/02958343/691bf14434c590f212a6200f1680863/r_29",
            "rotation": 0.12566370614359174,
            "transform_matrix": [
                [
                    -0.449722558259964,
                    -0.05473172664642334,
                    0.8914898037910461,
                    3.593710422515869
                ],
                [
                    0.8931682705879211,
                    -0.027558177709579468,
                    0.44887739419937134,
                    1.8094826936721802
                ],
                [
                    0.0,
                    0.9981206059455872,
                    0.06127818301320076,
                    0.24702025949954987
                ],
                [
                    0.0,
                    0.0,
                    0.0,
                    1.0
                ]
            ]
        },
        {
            "file_path": "/data/shapenet_blender/all_50_random/02958343/691bf14434c590f212a6200f1680863/r_30",
            "rotation": 0.12566370614359174,
            "transform_matrix": [
                [
                    0.38344529271125793,
                    0.6637578010559082,
                    -0.6421800851821899,
                    -2.5887107849121094
                ],
                [
                    -0.9235636591911316,
                    0.2755790650844574,
                    -0.2666204273700714,
                    -1.0747812986373901
                ],
                [
                    0.0,
                    0.6953284740447998,
                    0.7186920642852783,
                    2.8971402645111084
                ],
                [
                    0.0,
                    0.0,
                    0.0,
                    1.0
                ]
            ]
        },
        {
            "file_path": "/data/shapenet_blender/all_50_random/02958343/691bf14434c590f212a6200f1680863/r_31",
            "rotation": 0.12566370614359174,
            "transform_matrix": [
                [
                    -0.5000571608543396,
                    0.3663783073425293,
                    -0.7846717238426208,
                    -3.1631128787994385
                ],
                [
                    -0.8659924864768982,
                    -0.21156084537506104,
                    0.45309945940971375,
                    1.8265023231506348
                ],
                [
                    0.0,
                    0.9060953259468079,
                    0.4230733811855316,
                    1.7054634094238281
                ],
                [
                    0.0,
                    0.0,
                    0.0,
                    1.0
                ]
            ]
        },
        {
            "file_path": "/data/shapenet_blender/all_50_random/02958343/691bf14434c590f212a6200f1680863/r_32",
            "rotation": 0.12566370614359174,
            "transform_matrix": [
                [
                    0.3852488696575165,
                    -0.22861792147159576,
                    0.894045352935791,
                    3.6040122509002686
                ],
                [
                    0.9228127002716064,
                    0.09544168412685394,
                    -0.37323930859565735,
                    -1.5045758485794067
                ],
                [
                    7.4505797087454084e-09,
                    0.9688265323638916,
                    0.24774032831192017,
                    0.9986732602119446
                ],
                [
                    0.0,
                    0.0,
                    0.0,
                    1.0
                ]
            ]
        },
        {
            "file_path": "/data/shapenet_blender/all_50_random/02958343/691bf14434c590f212a6200f1680863/r_33",
            "rotation": 0.12566370614359174,
            "transform_matrix": [
                [
                    -0.8763517737388611,
                    -0.035246655344963074,
                    -0.48038026690483093,
                    -1.9364748001098633
                ],
                [
                    -0.4816715717315674,
                    0.06412765383720398,
                    0.8740023970603943,
                    3.5232162475585938
                ],
                [
                    -1.8626449271863521e-09,
                    0.9973191022872925,
                    -0.07317569106817245,
                    -0.29498064517974854
                ],
                [
                    0.0,
                    0.0,
                    0.0,
                    1.0
                ]
            ]
        },
        {
            "file_path": "/data/shapenet_blender/all_50_random/02958343/691bf14434c590f212a6200f1680863/r_34",
            "rotation": 0.12566370614359174,
            "transform_matrix": [
                [
                    -0.15970434248447418,
                    -0.1785353273153305,
                    0.9708859920501709,
                    3.913766622543335
                ],
                [
                    0.9871648550033569,
                    -0.028883593156933784,
                    0.15707074105739594,
                    0.6331723928451538
                ],
                [
                    0.0,
                    0.9835094213485718,
                    0.1808566451072693,
                    0.7290564775466919
                ],
                [
                    0.0,
                    0.0,
                    0.0,
                    1.0
                ]
            ]
        },
        {
            "file_path": "/data/shapenet_blender/all_50_random/02958343/691bf14434c590f212a6200f1680863/r_35",
            "rotation": 0.12566370614359174,
            "transform_matrix": [
                [
                    -0.7172001600265503,
                    -0.01129647996276617,
                    -0.6967756748199463,
                    -2.8087925910949707
                ],
                [
                    -0.6968672871589661,
                    0.01162608340382576,
                    0.7171058654785156,
                    2.8907461166381836
                ],
                [
                    9.313225746154785e-10,
                    0.999868631362915,
                    -0.016210373491048813,
                    -0.06534610688686371
                ],
                [
                    0.0,
                    0.0,
                    0.0,
                    1.0
                ]
            ]
        },
        {
            "file_path": "/data/shapenet_blender/all_50_random/02958343/691bf14434c590f212a6200f1680863/r_36",
            "rotation": 0.12566370614359174,
            "transform_matrix": [
                [
                    0.20839586853981018,
                    0.01675153709948063,
                    -0.9779011011123657,
                    -3.942045211791992
                ],
                [
                    -0.9780446290969849,
                    0.003569316351786256,
                    -0.2083652764558792,
                    -0.8399472832679749
                ],
                [
                    -2.3283064365386963e-10,
                    0.9998533129692078,
                    0.01712757721543312,
                    0.06904347240924835
                ],
                [
                    0.0,
                    0.0,
                    0.0,
                    1.0
                ]
            ]
        },
        {
            "file_path": "/data/shapenet_blender/all_50_random/02958343/691bf14434c590f212a6200f1680863/r_37",
            "rotation": 0.12566370614359174,
            "transform_matrix": [
                [
                    0.7159693241119385,
                    -0.49174177646636963,
                    0.4955581724643707,
                    1.9976589679718018
                ],
                [
                    0.6981317400932312,
                    0.5043060183525085,
                    -0.5082198977470398,
                    -2.0487000942230225
                ],
                [
                    0.0,
                    0.7098348140716553,
                    0.7043681144714355,
                    2.8393988609313965
                ],
                [
                    0.0,
                    0.0,
                    0.0,
                    1.0
                ]
            ]
        },
        {
            "file_path": "/data/shapenet_blender/all_50_random/02958343/691bf14434c590f212a6200f1680863/r_38",
            "rotation": 0.12566370614359174,
            "transform_matrix": [
                [
                    0.005712160374969244,
                    0.04838813841342926,
                    -0.9988122582435608,
                    -4.026340961456299
                ],
                [
                    -0.9999836683273315,
                    0.0002764053060673177,
                    -0.005705468822270632,
                    -0.022999480366706848
                ],
                [
                    0.0,
                    0.9988285899162292,
                    0.048388928174972534,
                    0.19506201148033142
                ],
                [
                    0.0,
                    0.0,
                    0.0,
                    1.0
                ]
            ]
        },
        {
            "file_path": "/data/shapenet_blender/all_50_random/02958343/691bf14434c590f212a6200f1680863/r_39",
            "rotation": 0.12566370614359174,
            "transform_matrix": [
                [
                    0.5124261975288391,
                    -0.09523600339889526,
                    -0.8534338474273682,
                    -3.4403021335601807
                ],
                [
                    -0.8587312698364258,
                    -0.056829679757356644,
                    -0.5092650651931763,
                    -2.0529134273529053
                ],
                [
                    0.0,
                    0.9938312768936157,
                    -0.11090312898159027,
                    -0.4470648467540741
                ],
                [
                    0.0,
                    0.0,
                    0.0,
                    1.0
                ]
            ]
        },
        {
            "file_path": "/data/shapenet_blender/all_50_random/02958343/691bf14434c590f212a6200f1680863/r_40",
            "rotation": 0.12566370614359174,
            "transform_matrix": [
                [
                    -0.5213245153427124,
                    0.6336645483970642,
                    0.5715678930282593,
                    2.3040637969970703
                ],
                [
                    0.8533585071563721,
                    0.38711145520210266,
                    0.3491760492324829,
                    1.4075736999511719
                ],
                [
                    0.0,
                    0.6697863340377808,
                    -0.7425538301467896,
                    -2.993330240249634
                ],
                [
                    0.0,
                    0.0,
                    0.0,
                    1.0
                ]
            ]
        },
        {
            "file_path": "/data/shapenet_blender/all_50_random/02958343/691bf14434c590f212a6200f1680863/r_41",
            "rotation": 0.12566370614359174,
            "transform_matrix": [
                [
                    -0.8326264023780823,
                    0.5531290173530579,
                    0.02795911766588688,
                    0.11270681023597717
                ],
                [
                    0.5538352131843567,
                    0.8315646052360535,
                    0.042033255100250244,
                    0.16944147646427155
                ],
                [
                    0.0,
                    0.050482913851737976,
                    -0.9987249374389648,
                    -4.025989055633545
                ],
                [
