{
    "class": "02958343",
    "model": "48260abd4ff73f99473f10e6caaeca56",
    "remove_doubles": true,
    "edge_split": true,
    "denoise": true,
    "camera_angle_x": 0.6911112070083618,
    "scale_factor": 2.1889741290909246,
    "hdri_file": "/data/IndoorHDRDataset2018/9C4A6269-ace1d48e17.exr",
    "center_offset": [
        0.0,
        -2.7939677238464355e-09,
        -3.725290298461914e-09
    ],
    "lights": [],
    "frames": [
        {
            "file_path": "/data/shapenet_blender/all_50_random/02958343/48260abd4ff73f99473f10e6caaeca56/r_0",
            "rotation": 0.12566370614359174,
            "transform_matrix": [
                [
                    -0.7069191336631775,
                    0.010127405636012554,
                    -0.7072218060493469,
                    -2.850902557373047
                ],
                [
                    -0.7072944045066833,
                    -0.010122031904757023,
                    0.7068465948104858,
                    2.8493900299072266
                ],
                [
                    4.656612873077393e-10,
                    0.9998974204063416,
                    0.014318515546619892,
                    0.05771978572010994
                ],
                [
                    0.0,
                    0.0,
                    0.0,
                    1.0
                ]
            ]
        },
        {
            "file_path": "/data/shapenet_blender/all_50_random/02958343/48260abd4ff73f99473f10e6caaeca56/r_1",
            "rotation": 0.12566370614359174,
            "transform_matrix": [
                [
                    -0.1751614511013031,
                    -0.9542943239212036,
                    -0.24215835332870483,
                    -0.976171612739563
                ],
                [
                    -0.984539806842804,
                    0.1697804182767868,
                    0.04308287799358368,
                    0.1736726462841034
                ],
                [
                    0.0,
                    0.24596096575260162,
                    -0.9692796468734741,
                    -3.9072914123535156
                ],
                [
                    0.0,
                    0.0,
                    0.0,
                    1.0
                ]
            ]
        },
        {
            "file_path": "/data/shapenet_blender/all_50_random/02958343/48260abd4ff73f99473f10e6caaeca56/r_2",
            "rotation": 0.12566370614359174,
            "transform_matrix": [
                [
                    -0.12937185168266296,
                    -0.5035545825958252,
                    -0.8542221784591675,
                    -3.4434800148010254
                ],
                [
                    -0.9915961623191833,
                    0.06569790840148926,
                    0.11144889891147614,
                    0.44926491379737854
                ],
                [
                    3.725290298461914e-09,
                    0.8614617586135864,
                    -0.5078222155570984,
                    -2.0470969676971436
                ],
                [
                    0.0,
                    0.0,
                    0.0,
                    1.0
                ]
            ]
        },
        {
            "file_path": "/data/shapenet_blender/all_50_random/02958343/48260abd4ff73f99473f10e6caaeca56/r_3",
            "rotation": 0.12566370614359174,
            "transform_matrix": [
                [
                    -0.920403242111206,
                    0.04619040712714195,
                    -0.3882323205471039,
                    -1.5650146007537842
                ],
                [
                    -0.3909704387187958,
                    -0.10873916000127792,
                    0.9139572978019714,
                    3.684279680252075
                ],
                [
                    3.725290298461914e-09,
                    0.9929965734481812,
                    0.1181429773569107,
                    0.4762495756149292
                ],
                [
                    0.0,
                    0.0,
                    0.0,
                    1.0
                ]
            ]
        },
        {
            "file_path": "/data/shapenet_blender/all_50_random/02958343/48260abd4ff73f99473f10e6caaeca56/r_4",
            "rotation": 0.12566370614359174,
            "transform_matrix": [
                [
                    -0.5515503287315369,
                    -0.5294344425201416,
                    -0.6445860862731934,
                    -2.598409652709961
                ],
                [
                    -0.8341414332389832,
                    0.3500722050666809,
                    0.4262126684188843,
                    1.7181183099746704
                ],
                [
                    -1.4901159417490817e-08,
                    0.7727537751197815,
                    -0.6347057223320007,
                    -2.5585806369781494
                ],
                [
                    0.0,
                    0.0,
                    0.0,
                    1.0
                ]
            ]
        },
        {
            "file_path": "/data/shapenet_blender/all_50_random/02958343/48260abd4ff73f99473f10e6caaeca56/r_5",
            "rotation": 0.12566370614359174,
            "transform_matrix": [
                [
                    -0.6537743806838989,
                    -0.13488374650478363,
                    0.7445706129074097,
                    3.001460075378418
                ],
                [
                    0.7566895484924316,
                    -0.11653860658407211,
                    0.6433037519454956,
                    2.593240261077881
                ],
                [
                    0.0,
                    0.9839842915534973,
                    0.1782550811767578,
                    0.7185692191123962
                ],
                [
                    0.0,
                    0.0,
                    0.0,
                    1.0
                ]
            ]
        },
        {
            "file_path": "/data/shapenet_blender/all_50_random/02958343/48260abd4ff73f99473f10e6caaeca56/r_6",
            "rotation": 0.12566370614359174,
            "transform_matrix": [
                [
                    -0.5310001373291016,
                    0.5181996822357178,
                    -0.6704535484313965,
                    -2.7026846408843994
                ],
                [
                    -0.8473718166351318,
                    -0.32472652196884155,
                    0.4201354384422302,
                    1.6936200857162476
                ],
                [
                    0.0,
                    0.7912153005599976,
                    0.6115376353263855,
                    2.4651870727539062
                ],
                [
                    0.0,
                    0.0,
                    0.0,
                    1.0
                ]
            ]
        },
        {
            "file_path": "/data/shapenet_blender/all_50_random/02958343/48260abd4ff73f99473f10e6caaeca56/r_7",
            "rotation": 0.12566370614359174,
            "transform_matrix": [
                [
                    -0.2936984598636627,
                    0.9230287671089172,
                    -0.2485135793685913,
                    -1.0017902851104736
                ],
                [
                    -0.9558982253074646,
                    -0.2835993766784668,
                    0.0763554722070694,
                    0.30779874324798584
                ],
                [
                    0.0,
                    0.25997912883758545,
                    0.9656141996383667,
                    3.8925154209136963
                ],
                [
                    0.0,
                    0.0,
                    0.0,
                    1.0
                ]
            ]
        },
        {
            "file_path": "/data/shapenet_blender/all_50_random/02958343/48260abd4ff73f99473f10e6caaeca56/r_8",
            "rotation": 0.12566370614359174,
            "transform_matrix": [
                [
                    0.32332709431648254,
                    -0.20495614409446716,
                    -0.9238249063491821,
                    -3.724057674407959
                ],
                [
                    -0.9462873339653015,
                    -0.07002933323383331,
                    -0.31565213203430176,
                    -1.2724345922470093
                ],
                [
                    7.450580596923828e-09,
                    0.9762628078460693,
                    -0.21658973395824432,
                    -0.8731011748313904
                ],
                [
                    0.0,
                    0.0,
                    0.0,
                    1.0
                ]
            ]
        },
        {
            "file_path": "/data/shapenet_blender/all_50_random/02958343/48260abd4ff73f99473f10e6caaeca56/r_9",
            "rotation": 0.12566370614359174,
            "transform_matrix": [
                [
                    -0.2057575285434723,
                    -0.12130538374185562,
                    0.9710556268692017,
                    3.91444993019104
                ],
                [
                    0.9786030650138855,
                    -0.025505229830741882,
                    0.20417064428329468,
                    0.8230381011962891
                ],
                [
                    -1.862645149230957e-09,
                    0.9922874569892883,
                    0.12395772337913513,
                    0.499689519405365
                ],
                [
                    0.0,
                    0.0,
                    0.0,
                    1.0
                ]
            ]
        },
        {
            "file_path": "/data/shapenet_blender/all_50_random/02958343/48260abd4ff73f99473f10e6caaeca56/r_10",
            "rotation": 0.12566370614359174,
            "transform_matrix": [
                [
                    -0.7458309531211853,
                    -0.34306517243385315,
                    -0.5710012912750244,
                    -2.3017797470092773
                ],
                [
                    -0.666135311126709,
                    0.38410910964012146,
                    0.6393152475357056,
                    2.577162265777588
                ],
                [
                    0.0,
                    0.8571852445602417,
                    -0.515008270740509,
                    -2.0760648250579834
                ],
                [
                    0.0,
                    0.0,
                    0.0,
                    1.0
                ]
            ]
        },
        {
            "file_path": "/data/shapenet_blender/all_50_random/02958343/48260abd4ff73f99473f10e6caaeca56/r_11",
            "rotation": 0.12566370614359174,
            "transform_matrix": [
                [
                    0.9548970460891724,
                    0.2810177206993103,
                    0.09592068940401077,
                    0.38666868209838867
                ],
                [
                    0.29693731665611267,
                    -0.9037025570869446,
                    -0.3084636628627777,
                    -1.2434569597244263
                ],
                [
                    1.4901162970204496e-08,
                    0.3230334222316742,
                    -0.9463874697685242,
                    -3.8150100708007812
                ],
                [
                    0.0,
                    0.0,
                    0.0,
                    1.0
                ]
            ]
        },
        {
            "file_path": "/data/shapenet_blender/all_50_random/02958343/48260abd4ff73f99473f10e6caaeca56/r_12",
            "rotation": 0.12566370614359174,
            "transform_matrix": [
                [
                    0.8958683609962463,
                    0.05417478457093239,
                    0.4410044848918915,
                    1.7777458429336548
                ],
                [
                    0.44431954622268677,
                    -0.10923101752996445,
                    -0.889184296131134,
                    -3.584416389465332
                ],
                [
                    0.0,
                    0.9925389289855957,
                    -0.12192753702402115,
                    -0.49150559306144714
                ],
                [
                    0.0,
                    0.0,
                    0.0,
                    1.0
                ]
            ]
        },
        {
            "file_path": "/data/shapenet_blender/all_50_random/02958343/48260abd4ff73f99473f10e6caaeca56/r_13",
            "rotation": 0.12566370614359174,
            "transform_matrix": [
                [
                    0.9969332218170166,
                    -0.03767973184585571,
                    0.06858912110328674,
                    0.27649161219596863
                ],
                [
                    0.0782574713230133,
                    0.4800075590610504,
                    -0.8737667798995972,
                    -3.5222668647766113
                ],
                [
                    0.0,
                    0.8764548301696777,
                    0.48148414492607117,
                    1.9409247636795044
                ],
                [
                    0.0,
                    0.0,
                    0.0,
                    1.0
                ]
            ]
        },
        {
            "file_path": "/data/shapenet_blender/all_50_random/02958343/48260abd4ff73f99473f10e6caaeca56/r_14",
            "rotation": 0.12566370614359174,
            "transform_matrix": [
                [
                    0.9128892421722412,
                    0.0812324658036232,
                    0.40004318952560425,
                    1.6126257181167603
                ],
                [
                    0.40820741653442383,
                    -0.1816631555557251,
                    -0.8946313261985779,
                    -3.6063742637634277
                ],
                [
                    -7.450581485102248e-09,
                    0.9799997806549072,
                    -0.19899803400039673,
                    -0.8021867275238037
                ],
                [
                    0.0,
                    0.0,
                    0.0,
                    1.0
                ]
            ]
        },
        {
            "file_path": "/data/shapenet_blender/all_50_random/02958343/48260abd4ff73f99473f10e6caaeca56/r_15",
            "rotation": 0.12566370614359174,
            "transform_matrix": [
                [
                    -0.8688150644302368,
                    -0.3884217441082001,
                    -0.30706509947776794,
                    -1.2378190755844116
                ],
                [
                    -0.4951368570327759,
                    0.6815623641014099,
                    0.538806140422821,
                    2.171997308731079
                ],
                [
                    -1.4901162970204496e-08,
                    0.6201620697975159,
                    -0.7844735383987427,
                    -3.1623141765594482
                ],
                [
                    0.0,
                    0.0,
                    0.0,
                    1.0
                ]
            ]
        },
        {
            "file_path": "/data/shapenet_blender/all_50_random/02958343/48260abd4ff73f99473f10e6caaeca56/r_16",
            "rotation": 0.12566370614359174,
            "transform_matrix": [
                [
                    -0.5798808336257935,
                    0.38701966404914856,
                    0.7169058918952942,
                    2.889940023422241
                ],
                [
                    0.8147013187408447,
                    0.2754693925380707,
                    0.5102728605270386,
                    2.0569756031036377
                ],
                [
                    0.0,
                    0.8799615502357483,
                    -0.4750448167324066,
                    -1.9149669408798218
                ],
                [
                    0.0,
                    0.0,
                    0.0,
                    1.0
                ]
            ]
        },
        {
            "file_path": "/data/shapenet_blender/all_50_random/02958343/48260abd4ff73f99473f10e6caaeca56/r_17",
            "rotation": 0.12566370614359174,
            "transform_matrix": [
                [
                    -0.9659994840621948,
                    -0.13142062723636627,
                    -0.2226514369249344,
                    -0.8975366353988647
                ],
                [
                    -0.25854411721229553,
                    0.49102750420570374,
                    0.8318935632705688,
                    3.3534703254699707
                ],
                [
                    0.0,
                    0.8611738681793213,
                    -0.5083103179931641,
                    -2.0490643978118896
                ],
                [
                    0.0,
                    0.0,
                    0.0,
                    1.0
                ]
            ]
        },
        {
            "file_path": "/data/shapenet_blender/all_50_random/02958343/48260abd4ff73f99473f10e6caaeca56/r_18",
            "rotation": 0.12566370614359174,
            "transform_matrix": [
                [
                    0.9598284363746643,
                    -0.15571071207523346,
                    0.23341724276542664,
                    0.9409350156784058
                ],
                [
                    0.28058767318725586,
                    0.532651960849762,
                    -0.798468828201294,
                    -3.2187306880950928
                ],
                [
                    -7.450580596923828e-09,
                    0.8318870663642883,
                    0.5549449920654297,
                    2.2370548248291016
                ],
                [
                    0.0,
                    0.0,
                    0.0,
                    1.0
                ]
            ]
        },
        {
            "file_path": "/data/shapenet_blender/all_50_random/02958343/48260abd4ff73f99473f10e6caaeca56/r_19",
            "rotation": 0.12566370614359174,
            "transform_matrix": [
                [
                    0.5399189591407776,
                    0.15361455082893372,
                    0.8275808691978455,
                    3.336085081100464
                ],
                [
                    0.841717004776001,
                    -0.09853597730398178,
                    -0.5308513641357422,
                    -2.139930248260498
                ],
                [
                    -7.450580596923828e-09,
                    0.9832054972648621,
                    -0.1825014352798462,
                    -0.7356868386268616
                ],
                [
                    0.0,
                    0.0,
                    0.0,
                    1.0
                ]
            ]
        },
        {
            "file_path": "/data/shapenet_blender/all_50_random/02958343/48260abd4ff73f99473f10e6caaeca56/r_20",
            "rotation": 0.12566370614359174,
            "transform_matrix": [
                [
                    -0.8109523057937622,
                    -0.13933531939983368,
                    0.5682798624038696,
                    2.2908096313476562
                ],
                [
                    0.5851123332977295,
                    -0.19311559200286865,
                    0.7876229286193848,
                    3.1750097274780273
                ],
                [
                    1.4901162970204496e-08,
                    0.9712321758270264,
                    0.23813433945178986,
                    0.9599502682685852
                ],
                [
                    0.0,
                    0.0,
                    0.0,
                    1.0
                ]
            ]
        },
        {
            "file_path": "/data/shapenet_blender/all_50_random/02958343/48260abd4ff73f99473f10e6caaeca56/r_21",
            "rotation": 0.12566370614359174,
            "transform_matrix": [
                [
                    0.2913561761379242,
                    0.8854934573173523,
                    0.3619568645954132,
                    1.4590948820114136
                ],
                [
                    0.9566145539283752,
                    -0.26969480514526367,
                    -0.11024124175310135,
                    -0.4443967044353485
                ],
                [
                    -7.450580152834618e-09,
                    0.3783727288246155,
                    -0.9256532192230225,
                    -3.7314276695251465
                ],
                [
                    0.0,
                    0.0,
                    0.0,
                    1.0
                ]
            ]
        },
        {
            "file_path": "/data/shapenet_blender/all_50_random/02958343/48260abd4ff73f99473f10e6caaeca56/r_22",
            "rotation": 0.12566370614359174,
            "transform_matrix": [
                [
                    0.6347458362579346,
                    -0.5208399295806885,
                    0.5708094239234924,
                    2.301006317138672
                ],
                [
                    0.772720992565155,
                    0.42784008383750916,
                    -0.46888718008995056,
                    -1.8901447057724
                ],
                [
                    1.4901161193847656e-08,
                    0.7387006282806396,
                    0.6740336418151855,
                    2.717116594314575
                ],
                [
                    0.0,
                    0.0,
                    0.0,
                    1.0
                ]
            ]
        },
        {
            "file_path": "/data/shapenet_blender/all_50_random/02958343/48260abd4ff73f99473f10e6caaeca56/r_23",
            "rotation": 0.12566370614359174,
            "transform_matrix": [
                [
                    0.3447922170162201,
                    -0.039300426840782166,
                    0.9378558993339539,
                    3.780618190765381
                ],
                [
                    0.9386789798736572,
                    0.014435694552958012,
                    -0.3444899022579193,
                    -1.3886833190917969
                ],
                [
                    0.0,
                    0.9991231560707092,
                    0.041867803782224655,
                    0.1687745302915573
                ],
                [
                    0.0,
                    0.0,
                    0.0,
                    1.0
                ]
            ]
        },
        {
            "file_path": "/data/shapenet_blender/all_50_random/02958343/48260abd4ff73f99473f10e6caaeca56/r_24",
            "rotation": 0.12566370614359174,
            "transform_matrix": [
                [
                    -0.9382083415985107,
                    -0.03918881714344025,
                    0.3438449800014496,
                    1.3860834836959839
                ],
                [
                    0.3460710048675537,
                    -0.10624200105667114,
                    0.932173490524292,
                    3.75771164894104
                ],
                [
                    0.0,
                    0.993567705154419,
                    0.11323924362659454,
                    0.4564819931983948
                ],
                [
                    0.0,
                    0.0,
                    0.0,
                    1.0
                ]
            ]
        },
        {
            "file_path": "/data/shapenet_blender/all_50_random/02958343/48260abd4ff73f99473f10e6caaeca56/r_25",
            "rotation": 0.12566370614359174,
            "transform_matrix": [
                [
                    0.35639458894729614,
                    0.2070082724094391,
                    0.9111148715019226,
                    3.6728217601776123
                ],
                [
                    0.9343355894088745,
                    -0.07896159589290619,
                    -0.34753724932670593,
                    -1.4009675979614258
                ],
                [
                    0.0,
                    0.9751474261283875,
                    -0.2215566486120224,
                    -0.8931235074996948
                ],
                [
                    0.0,
                    0.0,
                    0.0,
                    1.0
                ]
            ]
        },
        {
            "file_path": "/data/shapenet_blender/all_50_random/02958343/48260abd4ff73f99473f10e6caaeca56/r_26",
            "rotation": 0.12566370614359174,
            "transform_matrix": [
                [
                    0.8522177934646606,
                    -0.03792097792029381,
                    -0.5218110680580139,
                    -2.103487968444824
                ],
                [
                    -0.5231872797012329,
                    -0.06176934391260147,
                    -0.8499761819839478,
                    -3.426363945007324
                ],
                [
                    0.0,
                    0.9973698258399963,
                    -0.0724806934595108,
                    -0.29217904806137085
                ],
                [
                    0.0,
                    0.0,
                    0.0,
                    1.0
                ]
            ]
        },
        {
            "file_path": "/data/shapenet_blender/all_50_random/02958343/48260abd4ff73f99473f10e6caaeca56/r_27",
            "rotation": 0.12566370614359174,
            "transform_matrix": [
                [
                    -0.40728989243507385,
                    0.7239160537719727,
                    -0.5568307042121887,
                    -2.2446563243865967
                ],
                [
                    -0.9132989048957825,
                    -0.32283368706703186,
                    0.24832122027873993,
                    1.0010148286819458
                ],
                [
                    1.4901160305669237e-08,
                    0.6096916198730469,
                    0.7926387786865234,
                    3.1952290534973145
                ],
                [
                    0.0,
                    0.0,
                    0.0,
                    1.0
                ]
            ]
        },
        {
            "file_path": "/data/shapenet_blender/all_50_random/02958343/48260abd4ff73f99473f10e6caaeca56/r_28",
            "rotation": 0.12566370614359174,
            "transform_matrix": [
                [
                    -0.9158656001091003,
                    -0.08171407133340836,
                    -0.3930816352367401,
                    -1.5845627784729004
                ],
                [
                    -0.40148523449897766,
                    0.18640564382076263,
                    0.8966953754425049,
                    3.614694595336914
                ],
                [
                    0.0,
                    0.9790686964988708,
                    -0.2035295069217682,
                    -0.8204537034034729
                ],
                [
                    0.0,
                    0.0,
                    0.0,
                    1.0
                ]
            ]
        },
        {
            "file_path": "/data/shapenet_blender/all_50_random/02958343/48260abd4ff73f99473f10e6caaeca56/r_29",
            "rotation": 0.12566370614359174,
            "transform_matrix": [
                [
                    -0.9998050928115845,
                    -0.00714242085814476,
                    0.01840716414153576,
                    0.07420165091753006
                ],
                [
                    0.01974431239068508,
                    -0.3616752326488495,
                    0.9320950508117676,
                    3.7573952674865723
                ],
                [
                    4.656612873077393e-10,
                    0.9322767853736877,
                    0.3617457449436188,
                    1.458243727684021
                ],
                [
                    0.0,
                    0.0,
                    0.0,
                    1.0
                ]
            ]
        },
        {
            "file_path": "/data/shapenet_blender/all_50_random/02958343/48260abd4ff73f99473f10e6caaeca56/r_30",
            "rotation": 0.12566370614359174,
            "transform_matrix": [
                [
                    -0.8738903403282166,
                    0.2815323770046234,
                    0.39630189538002014,
                    1.5975440740585327
                ],
                [
                    0.48612311482429504,
                    0.5061030983924866,
                    0.7124211192131042,
                    2.871861457824707
                ],
                [
                    -1.4901161193847656e-08,
                    0.8152293562889099,
                    -0.5791380405426025,
                    -2.334580183029175
                ],
                [
                    0.0,
                    0.0,
                    0.0,
                    1.0
                ]
            ]
        },
        {
            "file_path": "/data/shapenet_blender/all_50_random/02958343/48260abd4ff73f99473f10e6caaeca56/r_31",
            "rotation": 0.12566370614359174,
            "transform_matrix": [
                [
                    -0.7090989351272583,
                    0.3013237714767456,
                    -0.6374814510345459,
                    -2.569769859313965
                ],
                [
                    -0.7051088809967041,
                    -0.3030288815498352,
                    0.6410888433456421,
                    2.5843117237091064
                ],
                [
                    1.4901160305669237e-08,
                    0.9040892124176025,
                    0.42734360694885254,
                    1.722677230834961
                ],
                [
                    0.0,
                    0.0,
                    0.0,
                    1.0
                ]
            ]
        },
        {
            "file_path": "/data/shapenet_blender/all_50_random/02958343/48260abd4ff73f99473f10e6caaeca56/r_32",
            "rotation": 0.12566370614359174,
            "transform_matrix": [
                [
                    -0.9100829362869263,
                    0.4047204852104187,
                    0.08916471153497696,
                    0.35943448543548584
                ],
                [
                    0.41442611813545227,
                    0.888769268989563,
                    0.1958063840866089,
                    0.7893208265304565
                ],
                [
                    0.0,
                    0.21515236794948578,
                    -0.9765805006027222,
                    -3.9367220401763916
                ],
                [
                    0.0,
                    0.0,
                    0.0,
                    1.0
                ]
            ]
        },
        {
            "file_path": "/data/shapenet_blender/all_50_random/02958343/48260abd4ff73f99473f10e6caaeca56/r_33",
            "rotation": 0.12566370614359174,
            "transform_matrix": [
                [
                    0.8583874106407166,
                    0.31263411045074463,
                    -0.4067319929599762,
                    -1.6395891904830933
                ],
                [
                    -0.5130019783973694,
                    0.5231192111968994,
                    -0.6805697083473206,
                    -2.743464469909668
                ],
                [
                    0.0,
                    0.7928469181060791,
                    0.6094208359718323,
                    2.4566543102264404
                ],
                [
                    0.0,
                    0.0,
                    0.0,
                    1.0
                ]
            ]
        },
        {
            "file_path": "/data/shapenet_blender/all_50_random/02958343/48260abd4ff73f99473f10e6caaeca56/r_34",
            "rotation": 0.12566370614359174,
            "transform_matrix": [
                [
                    0.27728646993637085,
                    -0.5897976160049438,
                    0.7584529519081116,
                    3.057421922683716
                ],
                [
                    0.9607872366905212,
                    0.1702176034450531,
                    -0.21889211237430573,
                    -0.8823823928833008
                ],
                [
                    0.0,
                    0.7894078493118286,
                    0.6138690710067749,
                    2.47458553314209
                ],
                [
                    0.0,
                    0.0,
                    0.0,
                    1.0
                ]
            ]
        },
        {
            "file_path": "/data/shapenet_blender/all_50_random/02958343/48260abd4ff73f99473f10e6caaeca56/r_35",
            "rotation": 0.12566370614359174,
            "transform_matrix": [
                [
                    -0.12588602304458618,
                    0.03394518420100212,
                    0.9914637804031372,
                    3.996718168258667
                ],
                [
                    0.9920447468757629,
                    0.004307491239160299,
                    0.12581229209899902,
                    0.5071655511856079
                ],
                [
                    4.656612873077393e-10,
                    0.9994143843650818,
                    -0.03421739116311073,
                    -0.13793471455574036
                ],
                [
                    0.0,
                    0.0,
                    0.0,
                    1.0
                ]
            ]
        },
        {
            "file_path": "/data/shapenet_blender/all_50_random/02958343/48260abd4ff73f99473f10e6caaeca56/r_36",
            "rotation": 0.12566370614359174,
            "transform_matrix": [
                [
                    -0.6376176476478577,
                    0.4753253161907196,
                    0.6062256097793579,
                    2.4437737464904785
                ],
                [
                    0.7703529000282288,
                    0.3934246301651001,
                    0.5017701983451843,
                    2.022700548171997
                ],
                [
                    0.0,
                    0.7869452238082886,
                    -0.6170227527618408,
                    -2.4872984886169434
                ],
                [
                    0.0,
                    0.0,
                    0.0,
                    1.0
                ]
            ]
        },
        {
            "file_path": "/data/shapenet_blender/all_50_random/02958343/48260abd4ff73f99473f10e6caaeca56/r_37",
            "rotation": 0.12566370614359174,
            "transform_matrix": [
                [
                    0.10231514275074005,
                    -0.6189558506011963,
                    -0.7787330746650696,
                    -3.139173746109009
                ],
                [
                    -0.9947519898414612,
                    -0.06366265565156937,
                    -0.080096535384655,
                    -0.32287949323654175
                ],
                [
                    3.725290076417309e-09,
                    0.7828415036201477,
                    -0.622221052646637,
                    -2.508253574371338
                ],
                [
                    0.0,
                    0.0,
                    0.0,
                    1.0
                ]
            ]
        },
        {
            "file_path": "/data/shapenet_blender/all_50_random/02958343/48260abd4ff73f99473f10e6caaeca56/r_38",
            "rotation": 0.12566370614359174,
            "transform_matrix": [
                [
                    0.920410692691803,
                    -0.05907639116048813,
                    0.38646382093429565,
                    1.5578855276107788
                ],
                [
                    0.3909531235694885,
                    0.13908201456069946,
                    -0.9098416566848755,
                    -3.667689085006714
                ],
                [
                    -7.450581485102248e-09,
                    0.988517165184021,
                    0.15110863745212555,
                    0.6091384291648865
                ],
                [
                    0.0,
                    0.0,
                    0.0,
                    1.0
                ]
            ]
        },
        {
            "file_path": "/data/shapenet_blender/all_50_random/02958343/48260abd4ff73f99473f10e6caaeca56/r_39",
            "rotation": 0.12566370614359174,
            "transform_matrix": [
                [
                    -0.9905374646186829,
                    -0.02114594727754593,
                    0.13560427725315094,
                    0.5466383695602417
                ],
                [
                    0.1372431367635727,
                    -0.15261860191822052,
                    0.9787092804908752,
                    3.945303440093994
                ],
                [
                    0.0,
                    0.9880589842796326,
                    0.15407654643058777,
                    0.621102511882782
                ],
                [
                    0.0,
                    0.0,
                    0.0,
                    1.0
                ]
            ]
        },
        {
            "file_path": "/data/shapenet_blender/all_50_random/02958343/48260abd4ff73f99473f10e6caaeca56/r_40",
            "rotation": 0.12566370614359174,
            "transform_matrix": [
                [
                    0.3868367373943329,
                    -0.037472475320100784,
                    -0.9213865995407104,
                    -3.7142276763916016
                ],
                [
                    -0.9221481680870056,
                    -0.015719521790742874,
                    -0.3865172564983368,
                    -1.558100700378418
                ],
                [
                    1.8626449271863521e-09,
                    0.9991740584373474,
                    -0.04063606262207031,
                    -0.16380919516086578
                ],
                [
                    0.0,
                    0.0,
                    0.0,
                    1.0
                ]
            ]
        },
        {
            "file_path": "/data/shapenet_blender/all_50_random/02958343/48260abd4ff73f99473f10e6caaeca56/r_41",
            "rotation": 0.12566370614359174,
            "transform_matrix": [
                [
                    0.06470299512147903,
                    0.9680729508399963,
                    -0.24217389523983002,
                    -0.9762341976165771
                ],
                [
                    -0.9979045987129211,
                    0.06276874244213104,
                    -0.015702279284596443,
                    -0.06329791247844696
