{
    "class": "02958343",
    "model": "47716b1acaae5b8083653a771e25099b",
    "remove_doubles": true,
    "edge_split": true,
    "denoise": true,
    "camera_angle_x": 0.6911112070083618,
    "scale_factor": 2.3523406799392665,
    "hdri_file": "/data/IndoorHDRDataset2018/9C4A9606-0e31427993.exr",
    "center_offset": [
        0.0,
        0.0,
        -3.725290298461914e-09
    ],
    "lights": [],
    "frames": [
        {
            "file_path": "/data/shapenet_blender/all_50_random/02958343/47716b1acaae5b8083653a771e25099b/r_0",
            "rotation": 0.12566370614359174,
            "transform_matrix": [
                [
                    -0.06759116798639297,
                    0.07194063812494278,
                    -0.9951160550117493,
                    -4.011441230773926
                ],
                [
                    -0.9977130889892578,
                    -0.004873697645962238,
                    0.06741522997617722,
                    0.2717594802379608
                ],
                [
                    0.0,
                    0.9973968863487244,
                    0.0721055418252945,
                    0.29066672921180725
                ],
                [
                    0.0,
                    0.0,
                    0.0,
                    1.0
                ]
            ]
        },
        {
            "file_path": "/data/shapenet_blender/all_50_random/02958343/47716b1acaae5b8083653a771e25099b/r_1",
            "rotation": 0.12566370614359174,
            "transform_matrix": [
                [
                    0.9277439713478088,
                    -0.11214528977870941,
                    0.35596972703933716,
                    1.434959888458252
                ],
                [
                    0.37321707606315613,
                    0.2787710428237915,
                    -0.8848704695701599,
                    -3.5670268535614014
                ],
                [
                    0.0,
                    0.9537871479988098,
                    0.30048277974128723,
                    1.211284875869751
                ],
                [
                    0.0,
                    0.0,
                    0.0,
                    1.0
                ]
            ]
        },
        {
            "file_path": "/data/shapenet_blender/all_50_random/02958343/47716b1acaae5b8083653a771e25099b/r_2",
            "rotation": 0.12566370614359174,
            "transform_matrix": [
                [
                    0.5189171433448792,
                    -0.5651354193687439,
                    0.6413633227348328,
                    2.585418462753296
                ],
                [
                    0.8548246622085571,
                    0.34306269884109497,
                    -0.3893364369869232,
                    -1.5694656372070312
                ],
                [
                    0.0,
                    0.7502866387367249,
                    0.6611126065254211,
                    2.6650304794311523
                ],
                [
                    0.0,
                    0.0,
                    0.0,
                    1.0
                ]
            ]
        },
        {
            "file_path": "/data/shapenet_blender/all_50_random/02958343/47716b1acaae5b8083653a771e25099b/r_3",
            "rotation": 0.12566370614359174,
            "transform_matrix": [
                [
                    0.2384149730205536,
                    0.06018279492855072,
                    -0.9692967534065247,
                    -3.907360315322876
                ],
                [
                    -0.9711633920669556,
                    0.01477452740073204,
                    -0.23795673251152039,
                    -0.959234356880188
                ],
                [
                    0.0,
                    0.9980780482292175,
                    0.06196979060769081,
                    0.24980823695659637
                ],
                [
                    0.0,
                    0.0,
                    0.0,
                    1.0
                ]
            ]
        },
        {
            "file_path": "/data/shapenet_blender/all_50_random/02958343/47716b1acaae5b8083653a771e25099b/r_4",
            "rotation": 0.12566370614359174,
            "transform_matrix": [
                [
                    0.9588773250579834,
                    0.050686370581388474,
                    0.2792585492134094,
                    1.1257271766662598
                ],
                [
                    0.283821165561676,
                    -0.1712416708469391,
                    -0.9434627294540405,
                    -3.803219795227051
                ],
                [
                    0.0,
                    0.9839243292808533,
                    -0.17858561873435974,
                    -0.7199016809463501
                ],
                [
                    0.0,
                    0.0,
                    0.0,
                    1.0
                ]
            ]
        },
        {
            "file_path": "/data/shapenet_blender/all_50_random/02958343/47716b1acaae5b8083653a771e25099b/r_5",
            "rotation": 0.12566370614359174,
            "transform_matrix": [
                [
                    -0.3460811972618103,
                    -0.09515613317489624,
                    0.9333664774894714,
                    3.7625207901000977
                ],
                [
                    0.9382045269012451,
                    -0.03510081768035889,
                    0.34429654479026794,
                    1.3879039287567139
                ],
                [
                    0.0,
                    0.9948433041572571,
                    0.10142363607883453,
                    0.4088517725467682
                ],
                [
                    0.0,
                    0.0,
                    0.0,
                    1.0
                ]
            ]
        },
        {
            "file_path": "/data/shapenet_blender/all_50_random/02958343/47716b1acaae5b8083653a771e25099b/r_6",
            "rotation": 0.12566370614359174,
            "transform_matrix": [
                [
                    0.030966967344284058,
                    0.03321247175335884,
                    0.9989684820175171,
                    4.026970386505127
                ],
                [
                    0.9995204210281372,
                    -0.0010289830388501287,
                    -0.030949868261814117,
                    -0.1247628927230835
                ],
                [
                    0.0,
                    0.9994478225708008,
                    -0.03322841227054596,
                    -0.13394799828529358
                ],
                [
                    0.0,
                    0.0,
                    0.0,
                    1.0
                ]
            ]
        },
        {
            "file_path": "/data/shapenet_blender/all_50_random/02958343/47716b1acaae5b8083653a771e25099b/r_7",
            "rotation": 0.12566370614359174,
            "transform_matrix": [
                [
                    0.8912475109100342,
                    0.45150455832481384,
                    0.042679984122514725,
                    0.17204853892326355
                ],
                [
                    0.453517347574234,
                    -0.8872920274734497,
                    -0.08387425541877747,
                    -0.33810797333717346
                ],
                [
                    3.725290298461914e-09,
                    0.09410884976387024,
                    -0.9955618381500244,
                    -4.013238430023193
                ],
                [
                    0.0,
                    0.0,
                    0.0,
                    1.0
                ]
            ]
        },
        {
            "file_path": "/data/shapenet_blender/all_50_random/02958343/47716b1acaae5b8083653a771e25099b/r_8",
            "rotation": 0.12566370614359174,
            "transform_matrix": [
                [
                    0.9999732375144958,
                    -0.0035732199903577566,
                    0.0063983784057199955,
                    0.025792688131332397
                ],
                [
                    0.00732851680368185,
                    0.48756447434425354,
                    -0.8730562329292297,
                    -3.519402265548706
                ],
                [
                    0.0,
                    0.8730796575546265,
                    0.48757755756378174,
                    1.9654879570007324
                ],
                [
                    0.0,
                    0.0,
                    0.0,
                    1.0
                ]
            ]
        },
        {
            "file_path": "/data/shapenet_blender/all_50_random/02958343/47716b1acaae5b8083653a771e25099b/r_9",
            "rotation": 0.12566370614359174,
            "transform_matrix": [
                [
                    0.5801982283592224,
                    0.22294320166110992,
                    0.7833685874938965,
                    3.1578598022460938
                ],
                [
                    0.8144753575325012,
                    -0.1588154286146164,
                    -0.5580390691757202,
                    -2.2495274543762207
                ],
                [
                    0.0,
                    0.9618076086044312,
                    -0.2737261950969696,
                    -1.1034256219863892
                ],
                [
                    0.0,
                    0.0,
                    0.0,
                    1.0
                ]
            ]
        },
        {
            "file_path": "/data/shapenet_blender/all_50_random/02958343/47716b1acaae5b8083653a771e25099b/r_10",
            "rotation": 0.12566370614359174,
            "transform_matrix": [
                [
                    0.732020378112793,
                    -0.312320739030838,
                    0.6054764986038208,
                    2.4407541751861572
                ],
                [
                    0.6812826991081238,
                    0.335580438375473,
                    -0.6505686044692993,
                    -2.622526168823242
                ],
                [
                    0.0,
                    0.8887301683425903,
                    0.4584304690361023,
                    1.8479924201965332
                ],
                [
                    0.0,
                    0.0,
                    0.0,
                    1.0
                ]
            ]
        },
        {
            "file_path": "/data/shapenet_blender/all_50_random/02958343/47716b1acaae5b8083653a771e25099b/r_11",
            "rotation": 0.12566370614359174,
            "transform_matrix": [
                [
                    -0.9930702447891235,
                    -0.026474805548787117,
                    0.11450107395648956,
                    0.46156859397888184
                ],
                [
                    0.11752196401357651,
                    -0.22371427714824677,
                    0.9675434827804565,
                    3.9002926349639893
                ],
                [
                    0.0,
                    0.9742950797080994,
                    0.22527536749839783,
                    0.9081140756607056
                ],
                [
                    0.0,
                    0.0,
                    0.0,
                    1.0
                ]
            ]
        },
        {
            "file_path": "/data/shapenet_blender/all_50_random/02958343/47716b1acaae5b8083653a771e25099b/r_12",
            "rotation": 0.12566370614359174,
            "transform_matrix": [
                [
                    0.091887466609478,
                    0.4097630977630615,
                    0.9075521230697632,
                    3.6584596633911133
                ],
                [
                    0.9957695007324219,
                    -0.03781205788254738,
                    -0.08374696224927902,
                    -0.33759480714797974
                ],
                [
                    0.0,
                    0.9114078879356384,
                    -0.41150400042533875,
                    -1.6588256359100342
                ],
                [
                    0.0,
                    0.0,
                    0.0,
                    1.0
                ]
            ]
        },
        {
            "file_path": "/data/shapenet_blender/all_50_random/02958343/47716b1acaae5b8083653a771e25099b/r_13",
            "rotation": 0.12566370614359174,
            "transform_matrix": [
                [
                    -0.9515479207038879,
                    0.024623403325676918,
                    -0.3065132796764374,
                    -1.2355945110321045
                ],
                [
                    -0.3075007498264313,
                    -0.07619606703519821,
                    0.9484922289848328,
                    3.8234944343566895
                ],
                [
                    0.0,
                    0.9967887997627258,
                    0.08007591962814331,
                    0.3227963447570801
                ],
                [
                    0.0,
                    0.0,
                    0.0,
                    1.0
                ]
            ]
        },
        {
            "file_path": "/data/shapenet_blender/all_50_random/02958343/47716b1acaae5b8083653a771e25099b/r_14",
            "rotation": 0.12566370614359174,
            "transform_matrix": [
                [
                    0.2676898241043091,
                    0.014814832247793674,
                    -0.9633913040161133,
                    -3.883554458618164
                ],
                [
                    -0.963505208492279,
                    0.00411599176004529,
                    -0.26765817403793335,
                    -1.0789645910263062
                ],
                [
                    0.0,
                    0.9998818039894104,
                    0.015375977382063866,
                    0.061982546001672745
                ],
                [
                    0.0,
                    0.0,
                    0.0,
                    1.0
                ]
            ]
        },
        {
            "file_path": "/data/shapenet_blender/all_50_random/02958343/47716b1acaae5b8083653a771e25099b/r_15",
            "rotation": 0.12566370614359174,
            "transform_matrix": [
                [
                    0.8980845808982849,
                    -0.07883383333683014,
                    -0.43270015716552734,
                    -1.7442699670791626
                ],
                [
                    -0.4398229420185089,
                    -0.16097262501716614,
                    -0.8835404515266418,
                    -3.5616650581359863
                ],
                [
                    0.0,
                    0.9838053584098816,
                    -0.17923994362354279,
                    -0.7225392460823059
                ],
                [
                    0.0,
                    0.0,
                    0.0,
                    1.0
                ]
            ]
        },
        {
            "file_path": "/data/shapenet_blender/all_50_random/02958343/47716b1acaae5b8083653a771e25099b/r_16",
            "rotation": 0.12566370614359174,
            "transform_matrix": [
                [
                    0.23830558359622955,
                    -0.6819249987602234,
                    -0.691511869430542,
                    -2.7875735759735107
                ],
                [
                    -0.971190333366394,
                    -0.1673271805047989,
                    -0.16967955231666565,
                    -0.6840001344680786
                ],
                [
                    0.0,
                    0.7120250463485718,
                    -0.7021539211273193,
                    -2.830472946166992
                ],
                [
                    0.0,
                    0.0,
                    0.0,
                    1.0
                ]
            ]
        },
        {
            "file_path": "/data/shapenet_blender/all_50_random/02958343/47716b1acaae5b8083653a771e25099b/r_17",
            "rotation": 0.12566370614359174,
            "transform_matrix": [
                [
                    -0.7191931009292603,
                    0.49593251943588257,
                    0.4866335690021515,
                    1.9616827964782715
                ],
                [
                    0.6948103308677673,
                    0.5133360624313354,
                    0.5037108063697815,
                    2.0305235385894775
                ],
                [
                    1.4901162970204496e-08,
                    0.7003833651542664,
                    -0.7137667536735535,
                    -2.877285957336426
                ],
                [
                    0.0,
                    0.0,
                    0.0,
                    1.0
                ]
            ]
        },
        {
            "file_path": "/data/shapenet_blender/all_50_random/02958343/47716b1acaae5b8083653a771e25099b/r_18",
            "rotation": 0.12566370614359174,
            "transform_matrix": [
                [
                    0.4496133327484131,
                    0.35002246499061584,
                    0.8217859268188477,
                    3.312725067138672
                ],
                [
                    0.8932232856750488,
                    -0.17618748545646667,
                    -0.4136545956134796,
                    -1.6674950122833252
                ],
                [
                    0.0,
                    0.9200229048728943,
                    -0.39186447858810425,
                    -1.5796562433242798
                ],
                [
                    0.0,
                    0.0,
                    0.0,
                    1.0
                ]
            ]
        },
        {
            "file_path": "/data/shapenet_blender/all_50_random/02958343/47716b1acaae5b8083653a771e25099b/r_19",
            "rotation": 0.12566370614359174,
            "transform_matrix": [
                [
                    -0.5404884219169617,
                    -0.46772634983062744,
                    0.6993599534034729,
                    2.8192100524902344
                ],
                [
                    0.8413514494895935,
                    -0.3004697561264038,
                    0.44927236437797546,
                    1.8110748529434204
                ],
                [
                    0.0,
                    0.8312340378761292,
                    0.5559226274490356,
                    2.2409958839416504
                ],
                [
                    0.0,
                    0.0,
                    0.0,
                    1.0
                ]
            ]
        },
        {
            "file_path": "/data/shapenet_blender/all_50_random/02958343/47716b1acaae5b8083653a771e25099b/r_20",
            "rotation": 0.12566370614359174,
            "transform_matrix": [
                [
                    -0.629085898399353,
                    0.1017913892865181,
                    0.7706421613693237,
                    3.106557846069336
                ],
                [
                    0.7773357629776001,
                    0.08237821608781815,
                    0.623668909072876,
                    2.514089822769165
                ],
                [
                    0.0,
                    0.9913890957832336,
                    -0.13094905018806458,
                    -0.5278725028038025
                ],
                [
                    0.0,
                    0.0,
                    0.0,
                    1.0
                ]
            ]
        },
        {
            "file_path": "/data/shapenet_blender/all_50_random/02958343/47716b1acaae5b8083653a771e25099b/r_21",
            "rotation": 0.12566370614359174,
            "transform_matrix": [
                [
                    0.6308356523513794,
                    0.27092984318733215,
                    -0.7270787358283997,
                    -2.93094801902771
                ],
                [
                    -0.7759165167808533,
                    0.22027137875556946,
                    -0.5911295413970947,
                    -2.3829193115234375
                ],
                [
                    0.0,
                    0.9370579123497009,
                    0.34917399287223816,
                    1.4075653553009033
                ],
                [
                    0.0,
                    0.0,
                    0.0,
                    1.0
                ]
            ]
        },
        {
            "file_path": "/data/shapenet_blender/all_50_random/02958343/47716b1acaae5b8083653a771e25099b/r_22",
            "rotation": 0.12566370614359174,
            "transform_matrix": [
                [
                    0.9778589010238647,
                    -0.053162820637226105,
                    0.20239995419979095,
                    0.8159003257751465
                ],
                [
                    0.20926547050476074,
                    0.24842004477977753,
                    -0.9457776546478271,
                    -3.812551736831665
                ],
                [
                    0.0,
                    0.9671923518180847,
                    0.25404489040374756,
                    1.02408766746521
                ],
                [
                    0.0,
                    0.0,
                    0.0,
                    1.0
                ]
            ]
        },
        {
            "file_path": "/data/shapenet_blender/all_50_random/02958343/47716b1acaae5b8083653a771e25099b/r_23",
            "rotation": 0.12566370614359174,
            "transform_matrix": [
                [
                    -0.5247901082038879,
                    0.7234165072441101,
                    -0.4486243724822998,
                    -1.8084627389907837
                ],
                [
                    -0.851231575012207,
                    -0.44599127769470215,
                    0.27658000588417053,
                    1.1149296760559082
                ],
                [
                    -1.4901160305669237e-08,
                    0.5270297527313232,
                    0.8498468399047852,
                    3.42584228515625
                ],
                [
                    0.0,
                    0.0,
                    0.0,
                    1.0
                ]
            ]
        },
        {
            "file_path": "/data/shapenet_blender/all_50_random/02958343/47716b1acaae5b8083653a771e25099b/r_24",
            "rotation": 0.12566370614359174,
            "transform_matrix": [
                [
                    -0.49739134311676025,
                    -0.06897745281457901,
                    0.8647797703742981,
                    3.4860384464263916
                ],
                [
                    0.8675264120101929,
                    -0.03954783454537392,
                    0.49581658840179443,
                    1.9987003803253174
                ],
                [
                    0.0,
                    0.9968339204788208,
                    0.07951050996780396,
                    0.32051709294319153
                ],
                [
                    0.0,
                    0.0,
                    0.0,
                    1.0
                ]
            ]
        },
        {
            "file_path": "/data/shapenet_blender/all_50_random/02958343/47716b1acaae5b8083653a771e25099b/r_25",
            "rotation": 0.12566370614359174,
            "transform_matrix": [
                [
                    0.1807490736246109,
                    -0.01844322308897972,
                    -0.9833562970161438,
                    -3.964035987854004
                ],
                [
                    -0.983529269695282,
                    -0.00338942208327353,
                    -0.18071728944778442,
                    -0.7284947037696838
                ],
                [
                    -2.3283064365386963e-10,
                    0.9998241662979126,
                    -0.01875208504498005,
                    -0.07559207081794739
                ],
                [
                    0.0,
                    0.0,
                    0.0,
                    1.0
                ]
            ]
        },
        {
            "file_path": "/data/shapenet_blender/all_50_random/02958343/47716b1acaae5b8083653a771e25099b/r_26",
            "rotation": 0.12566370614359174,
            "transform_matrix": [
                [
                    0.7183958292007446,
                    -0.11619042605161667,
                    0.6858624219894409,
                    2.7648000717163086
                ],
                [
                    0.695634663105011,
                    0.11999216675758362,
                    -0.7083038091659546,
                    -2.855264186859131
                ],
                [
                    7.450580596923828e-09,
                    0.9859521985054016,
                    0.16702792048454285,
                    0.673311173915863
                ],
                [
                    0.0,
                    0.0,
                    0.0,
                    1.0
                ]
            ]
        },
        {
            "file_path": "/data/shapenet_blender/all_50_random/02958343/47716b1acaae5b8083653a771e25099b/r_27",
            "rotation": 0.12566370614359174,
            "transform_matrix": [
                [
                    -0.8654248714447021,
                    -0.4749663174152374,
                    0.15952008962631226,
                    0.6430460214614868
                ],
                [
                    0.5010386109352112,
                    -0.8203911781311035,
                    0.27553296089172363,
                    1.1107089519500732
                ],
                [
                    0.0,
                    0.31837883591651917,
                    0.947963535785675,
                    3.8213632106781006
                ],
                [
                    0.0,
                    0.0,
                    0.0,
                    1.0
                ]
            ]
        },
        {
            "file_path": "/data/shapenet_blender/all_50_random/02958343/47716b1acaae5b8083653a771e25099b/r_28",
            "rotation": 0.12566370614359174,
            "transform_matrix": [
                [
                    0.17680805921554565,
                    0.5321228504180908,
                    -0.8280001282691956,
                    -3.337775230407715
                ],
                [
                    -0.9842453598976135,
                    0.09558959305286407,
                    -0.14874045550823212,
                    -0.5995919704437256
                ],
                [
                    0.0,
                    0.8412536978721619,
                    0.5406404733657837,
                    2.179391384124756
                ],
                [
                    0.0,
                    0.0,
                    0.0,
                    1.0
                ]
            ]
        },
        {
            "file_path": "/data/shapenet_blender/all_50_random/02958343/47716b1acaae5b8083653a771e25099b/r_29",
            "rotation": 0.12566370614359174,
            "transform_matrix": [
                [
                    0.2632561922073364,
                    0.008884779177606106,
                    0.9646850824356079,
                    3.8887698650360107
                ],
                [
                    0.9647259712219238,
                    -0.002424494829028845,
                    -0.2632450461387634,
                    -1.061174750328064
                ],
                [
                    -2.3283062977608182e-10,
                    0.9999576210975647,
                    -0.009209640324115753,
                    -0.037125248461961746
                ],
                [
                    0.0,
                    0.0,
                    0.0,
                    1.0
                ]
            ]
        },
        {
            "file_path": "/data/shapenet_blender/all_50_random/02958343/47716b1acaae5b8083653a771e25099b/r_30",
            "rotation": 0.12566370614359174,
            "transform_matrix": [
                [
                    0.32345137000083923,
                    -0.9270442128181458,
                    -0.1896531879901886,
                    -0.7645164728164673
                ],
                [
                    -0.9462448358535767,
                    -0.31688809394836426,
                    -0.06482844799757004,
                    -0.26133182644844055
                ],
                [
                    0.0,
                    0.20042704045772552,
                    -0.9797086119651794,
                    -3.949331760406494
                ],
                [
                    0.0,
                    0.0,
                    0.0,
                    1.0
                ]
            ]
        },
        {
            "file_path": "/data/shapenet_blender/all_50_random/02958343/47716b1acaae5b8083653a771e25099b/r_31",
            "rotation": 0.12566370614359174,
            "transform_matrix": [
                [
                    -0.881723940372467,
                    0.28519904613494873,
                    0.3757983446121216,
                    1.5148916244506836
                ],
                [
                    0.4717657268047333,
                    0.5330332517623901,
                    0.7023621797561646,
                    2.831312417984009
                ],
                [
                    1.4901160305669237e-08,
                    0.7965782880783081,
                    -0.6045353412628174,
                    -2.436959981918335
                ],
                [
                    0.0,
                    0.0,
                    0.0,
                    1.0
                ]
            ]
        },
        {
            "file_path": "/data/shapenet_blender/all_50_random/02958343/47716b1acaae5b8083653a771e25099b/r_32",
            "rotation": 0.12566370614359174,
            "transform_matrix": [
                [
                    0.8975102305412292,
                    -0.038283828645944595,
                    0.4393288493156433,
                    1.770991325378418
                ],
                [
                    0.4409938156604767,
                    0.07791522145271301,
                    -0.8941217064857483,
                    -3.6043200492858887
                ],
                [
                    -3.725290298461914e-09,
                    0.9962246417999268,
                    0.08681263029575348,
                    0.34995293617248535
                ],
                [
                    0.0,
                    0.0,
                    0.0,
                    1.0
                ]
            ]
        },
        {
            "file_path": "/data/shapenet_blender/all_50_random/02958343/47716b1acaae5b8083653a771e25099b/r_33",
            "rotation": 0.12566370614359174,
            "transform_matrix": [
                [
                    -0.943070113658905,
                    0.2595997452735901,
                    0.2079104781150818,
                    0.8381140232086182
                ],
                [
                    0.33259403705596924,
                    0.7360948324203491,
                    0.5895298719406128,
                    2.3764712810516357
                ],
                [
                    -1.4901161193847656e-08,
                    0.6251177191734314,
                    -0.7805303335189819,
                    -3.146418571472168
                ],
                [
                    0.0,
                    0.0,
                    0.0,
                    1.0
                ]
            ]
        },
        {
            "file_path": "/data/shapenet_blender/all_50_random/02958343/47716b1acaae5b8083653a771e25099b/r_34",
            "rotation": 0.12566370614359174,
            "transform_matrix": [
                [
                    0.9258331060409546,
                    -0.2496197372674942,
                    0.2837660610675812,
                    1.143897533416748
                ],
                [
                    0.3779328465461731,
                    0.6115007996559143,
                    -0.6951500177383423,
                    -2.802239418029785
                ],
                [
                    -1.4901162970204496e-08,
                    0.7508372664451599,
                    0.6604871153831482,
                    2.662508726119995
                ],
                [
                    0.0,
                    0.0,
                    0.0,
                    1.0
                ]
            ]
        },
        {
            "file_path": "/data/shapenet_blender/all_50_random/02958343/47716b1acaae5b8083653a771e25099b/r_35",
            "rotation": 0.12566370614359174,
            "transform_matrix": [
                [
                    -0.43706265091896057,
                    -0.020934026688337326,
                    0.8991873860359192,
                    3.6247403621673584
                ],
                [
                    0.899431049823761,
                    -0.010172521695494652,
                    0.43694424629211426,
                    1.7613786458969116
                ],
                [
                    9.313225746154785e-10,
                    0.9997290968894958,
                    0.023274745792150497,
                    0.09382349997758865
                ],
                [
                    0.0,
                    0.0,
                    0.0,
                    1.0
                ]
            ]
        },
        {
            "file_path": "/data/shapenet_blender/all_50_random/02958343/47716b1acaae5b8083653a771e25099b/r_36",
            "rotation": 0.12566370614359174,
            "transform_matrix": [
                [
                    -0.8436956405639648,
                    -0.4355303645133972,
                    -0.3138326406478882,
                    -1.2650998830795288
                ],
                [
                    -0.536821722984314,
                    0.6845011115074158,
                    0.49323490262031555,
                    1.9882935285568237
                ],
                [
                    1.4901160305669237e-08,
                    0.5846123695373535,
                    -0.811312735080719,
                    -3.2705061435699463
                ],
                [
                    0.0,
                    0.0,
                    0.0,
                    1.0
                ]
            ]
        },
        {
            "file_path": "/data/shapenet_blender/all_50_random/02958343/47716b1acaae5b8083653a771e25099b/r_37",
            "rotation": 0.12566370614359174,
            "transform_matrix": [
                [
                    0.9909364581108093,
                    -0.1239030659198761,
                    -0.0518956184387207,
                    -0.20919792354106903
                ],
                [
                    -0.13433216512203217,
                    -0.9140034914016724,
                    -0.3828216791152954,
                    -1.543203592300415
                ],
                [
                    3.725290742551124e-09,
                    0.3863232433795929,
                    -0.9223634600639343,
                    -3.7181661128997803
                ],
                [
                    0.0,
                    0.0,
                    0.0,
                    1.0
                ]
            ]
        },
        {
            "file_path": "/data/shapenet_blender/all_50_random/02958343/47716b1acaae5b8083653a771e25099b/r_38",
            "rotation": 0.12566370614359174,
            "transform_matrix": [
                [
                    -0.7170282006263733,
                    0.24128517508506775,
                    0.653951108455658,
                    2.6361613273620605
                ],
                [
                    0.6970441937446594,
                    0.24820272624492645,
                    0.6726996302604675,
                    2.7117390632629395
                ],
                [
                    0.0,
                    0.9381774067878723,
                    -0.3461547791957855,
                    -1.3953945636749268
                ],
                [
                    0.0,
                    0.0,
                    0.0,
                    1.0
                ]
            ]
        },
        {
            "file_path": "/data/shapenet_blender/all_50_random/02958343/47716b1acaae5b8083653a771e25099b/r_39",
            "rotation": 0.12566370614359174,
            "transform_matrix": [
                [
                    -0.1719263345003128,
                    -0.5903394818305969,
                    0.7886320948600769,
                    3.179077625274658
                ],
                [
                    0.985109806060791,
                    -0.1030290275812149,
                    0.13763605058193207,
                    0.5548286437988281
                ],
                [
                    0.0,
                    0.8005523085594177,
                    0.5992626547813416,
                    2.4157049655914307
                ],
                [
                    0.0,
                    0.0,
                    0.0,
                    1.0
                ]
            ]
        },
        {
            "file_path": "/data/shapenet_blender/all_50_random/02958343/47716b1acaae5b8083653a771e25099b/r_40",
            "rotation": 0.12566370614359174,
            "transform_matrix": [
                [
                    -0.5287002325057983,
                    0.843389093875885,
                    -0.09576481580734253,
                    -0.3860403299331665
                ],
                [
                    -0.8488086462020874,
                    -0.5253245234489441,
                    0.05964934453368187,
                    0.24045419692993164
                ],
                [
                    0.0,
                    0.11282248795032501,
                    0.9936150908470154,
                    4.005390644073486
                ],
                [
                    0.0,
                    0.0,
                    0.0,
                    1.0
                ]
            ]
        },
        {
            "file_path": "/data/shapenet_blender/all_50_random/02958343/47716b1acaae5b8083653a771e25099b/r_41",
            "rotation": 0.12566370614359174,
            "transform_matrix": [
                [
                    0.1546829491853714,
                    0.008197572082281113,
                    -0.9879300594329834,
                    -3.982473611831665
                ],
                [
                    -0.9879642128944397,
                    0.0012834722874686122,
                    -0.1546775996685028,
                    -0.6235253810882568
                ],
                [
                    0.0,
                    0.9999656081199646,
                    0.008297436870634556,
