{
    "class": "02958343",
    "model": "a08b151ac5254df184bf231ea6363fab",
    "remove_doubles": true,
    "edge_split": true,
    "denoise": true,
    "camera_angle_x": 0.6911112070083618,
    "scale_factor": 2.3004477430617927,
    "hdri_file": "/data/IndoorHDRDataset2018/AG8A0302-0e0740d651.exr",
    "center_offset": [
        0.0,
        0.0,
        -1.862645149230957e-09
    ],
    "lights": [],
    "frames": [
        {
            "file_path": "/data/shapenet_blender/all_50_random/02958343/a08b151ac5254df184bf231ea6363fab/r_0",
            "rotation": 0.12566370614359174,
            "transform_matrix": [
                [
                    0.7606877684593201,
                    -0.20863990485668182,
                    0.6146734356880188,
                    2.477827787399292
                ],
                [
                    0.6491178870201111,
                    0.2445007860660553,
                    -0.7203230857849121,
                    -2.903715133666992
                ],
                [
                    0.0,
                    0.9469365477561951,
                    0.32142066955566406,
                    1.2956881523132324
                ],
                [
                    0.0,
                    0.0,
                    0.0,
                    1.0
                ]
            ]
        },
        {
            "file_path": "/data/shapenet_blender/all_50_random/02958343/a08b151ac5254df184bf231ea6363fab/r_1",
            "rotation": 0.12566370614359174,
            "transform_matrix": [
                [
                    0.6867483258247375,
                    0.020265616476535797,
                    -0.7266126275062561,
                    -2.9290695190429688
                ],
                [
                    -0.726895272731781,
                    0.019146332517266273,
                    -0.686481237411499,
                    -2.7672946453094482
                ],
                [
                    1.862645371275562e-09,
                    0.9996112585067749,
                    0.027879690751433372,
                    0.11238663643598557
                ],
                [
                    0.0,
                    0.0,
                    0.0,
                    1.0
                ]
            ]
        },
        {
            "file_path": "/data/shapenet_blender/all_50_random/02958343/a08b151ac5254df184bf231ea6363fab/r_2",
            "rotation": 0.12566370614359174,
            "transform_matrix": [
                [
                    0.6211699843406677,
                    -0.19280320405960083,
                    -0.7595885396003723,
                    -3.0619993209838867
                ],
                [
                    -0.7836758494377136,
                    -0.1528228223323822,
                    -0.6020774841308594,
                    -2.4270520210266113
                ],
                [
                    0.0,
                    0.9692636728286743,
                    -0.24602417647838593,
                    -0.9917551875114441
                ],
                [
                    0.0,
                    0.0,
                    0.0,
                    1.0
                ]
            ]
        },
        {
            "file_path": "/data/shapenet_blender/all_50_random/02958343/a08b151ac5254df184bf231ea6363fab/r_3",
            "rotation": 0.12566370614359174,
            "transform_matrix": [
                [
                    -0.7821758985519409,
                    0.3938062787055969,
                    -0.4828224778175354,
                    -1.946319818496704
                ],
                [
                    -0.6230577230453491,
                    -0.4943775534629822,
                    0.6061269044876099,
                    2.443375825881958
                ],
                [
                    0.0,
                    0.7749242186546326,
                    0.6320541501045227,
                    2.5478920936584473
                ],
                [
                    0.0,
                    0.0,
                    0.0,
                    1.0
                ]
            ]
        },
        {
            "file_path": "/data/shapenet_blender/all_50_random/02958343/a08b151ac5254df184bf231ea6363fab/r_4",
            "rotation": 0.12566370614359174,
            "transform_matrix": [
                [
                    0.916742742061615,
                    0.239264115691185,
                    0.3198990225791931,
                    1.2895539999008179
                ],
                [
                    0.3994779884815216,
                    -0.5490756630897522,
                    -0.7341208457946777,
                    -2.9593353271484375
                ],
                [
                    -1.4901158529312397e-08,
                    0.8007925748825073,
                    -0.5989418625831604,
                    -2.4144115447998047
                ],
                [
                    0.0,
                    0.0,
                    0.0,
                    1.0
                ]
            ]
        },
        {
            "file_path": "/data/shapenet_blender/all_50_random/02958343/a08b151ac5254df184bf231ea6363fab/r_5",
            "rotation": 0.12566370614359174,
            "transform_matrix": [
                [
                    0.8346750736236572,
                    -0.0027196621522307396,
                    0.5507360100746155,
                    2.220087766647339
                ],
                [
                    0.5507426857948303,
                    0.004121769219636917,
                    -0.8346649408340454,
                    -3.3646419048309326
                ],
                [
                    -2.3283061589829401e-10,
                    0.9999878406524658,
                    0.004938172176480293,
                    0.019906409084796906
                ],
                [
                    0.0,
                    0.0,
                    0.0,
                    1.0
                ]
            ]
        },
        {
            "file_path": "/data/shapenet_blender/all_50_random/02958343/a08b151ac5254df184bf231ea6363fab/r_6",
            "rotation": 0.12566370614359174,
            "transform_matrix": [
                [
                    -0.9750334620475769,
                    -0.10270904749631882,
                    -0.19687718152999878,
                    -0.7936373353004456
                ],
                [
                    -0.22205805778503418,
                    0.45098456740379333,
                    0.8644669055938721,
                    3.4847776889801025
                ],
                [
                    0.0,
                    0.8866022825241089,
                    -0.4625324606895447,
                    -1.8645280599594116
                ],
                [
                    0.0,
                    0.0,
                    0.0,
                    1.0
                ]
            ]
        },
        {
            "file_path": "/data/shapenet_blender/all_50_random/02958343/a08b151ac5254df184bf231ea6363fab/r_7",
            "rotation": 0.12566370614359174,
            "transform_matrix": [
                [
                    0.8341671228408813,
                    -0.09442958235740662,
                    -0.5433676838874817,
                    -2.190385103225708
                ],
                [
                    -0.5515119433403015,
                    -0.142825648188591,
                    -0.8218488097190857,
                    -3.312978506088257
                ],
                [
                    0.0,
                    0.9852328896522522,
                    -0.17121948301792145,
                    -0.690207839012146
                ],
                [
                    0.0,
                    0.0,
                    0.0,
                    1.0
                ]
            ]
        },
        {
            "file_path": "/data/shapenet_blender/all_50_random/02958343/a08b151ac5254df184bf231ea6363fab/r_8",
            "rotation": 0.12566370614359174,
            "transform_matrix": [
                [
                    0.8569703102111816,
                    0.053018033504486084,
                    0.5126315951347351,
                    2.066483974456787
                ],
                [
                    0.5153659582138062,
                    -0.08816041797399521,
                    -0.8524234294891357,
                    -3.4362287521362305
                ],
                [
                    3.725290742551124e-09,
                    0.9946942329406738,
                    -0.10287454724311829,
                    -0.41470056772232056
                ],
                [
                    0.0,
                    0.0,
                    0.0,
                    1.0
                ]
            ]
        },
        {
            "file_path": "/data/shapenet_blender/all_50_random/02958343/a08b151ac5254df184bf231ea6363fab/r_9",
            "rotation": 0.12566370614359174,
            "transform_matrix": [
                [
                    -0.8766475319862366,
                    0.254177987575531,
                    -0.40851283073425293,
                    -1.6467678546905518
                ],
                [
                    -0.48113328218460083,
                    -0.46312427520751953,
                    0.7443296313285828,
                    3.000488758087158
                ],
                [
                    1.4901162970204496e-08,
                    0.8490637540817261,
                    0.5282902717590332,
                    2.129606246948242
                ],
                [
                    0.0,
                    0.0,
                    0.0,
                    1.0
                ]
            ]
        },
        {
            "file_path": "/data/shapenet_blender/all_50_random/02958343/a08b151ac5254df184bf231ea6363fab/r_10",
            "rotation": 0.12566370614359174,
            "transform_matrix": [
                [
                    0.7336787581443787,
                    -0.2369319349527359,
                    -0.6368506550788879,
                    -2.567227363586426
                ],
                [
                    -0.6794965863227844,
                    -0.25582456588745117,
                    -0.6876322627067566,
                    -2.7719345092773438
                ],
                [
                    0.0,
                    0.9372390508651733,
                    -0.34868744015693665,
                    -1.4056041240692139
                ],
                [
                    0.0,
                    0.0,
                    0.0,
                    1.0
                ]
            ]
        },
        {
            "file_path": "/data/shapenet_blender/all_50_random/02958343/a08b151ac5254df184bf231ea6363fab/r_11",
            "rotation": 0.12566370614359174,
            "transform_matrix": [
                [
                    -0.9839078783988953,
                    0.06338620185852051,
                    -0.1670556217432022,
                    -0.6734226942062378
                ],
                [
                    -0.1786767840385437,
                    -0.34904471039772034,
                    0.9199144244194031,
                    3.7082931995391846
                ],
                [
                    0.0,
                    0.9349599480628967,
                    0.3547534942626953,
                    1.4300569295883179
                ],
                [
                    0.0,
                    0.0,
                    0.0,
                    1.0
                ]
            ]
        },
        {
            "file_path": "/data/shapenet_blender/all_50_random/02958343/a08b151ac5254df184bf231ea6363fab/r_12",
            "rotation": 0.12566370614359174,
            "transform_matrix": [
                [
                    0.843998908996582,
                    -0.03521465137600899,
                    -0.5351874828338623,
                    -2.15740966796875
                ],
                [
                    -0.5363447070121765,
                    -0.05541423335671425,
                    -0.8421778678894043,
                    -3.394927501678467
                ],
                [
                    -3.725290076417309e-09,
                    0.9978421926498413,
                    -0.06565675884485245,
                    -0.26467084884643555
                ],
                [
                    0.0,
                    0.0,
                    0.0,
                    1.0
                ]
            ]
        },
        {
            "file_path": "/data/shapenet_blender/all_50_random/02958343/a08b151ac5254df184bf231ea6363fab/r_13",
            "rotation": 0.12566370614359174,
            "transform_matrix": [
                [
                    0.07505745440721512,
                    -0.39293035864830017,
                    -0.9164999127388,
                    -3.6945292949676514
                ],
                [
                    -0.9971793293952942,
                    -0.029575778171420097,
                    -0.0689847320318222,
                    -0.2780863642692566
                ],
                [
                    -1.862645371275562e-09,
                    0.9190925359725952,
                    -0.39404186606407166,
                    -1.5884336233139038
                ],
                [
                    0.0,
                    0.0,
                    0.0,
                    1.0
                ]
            ]
        },
        {
            "file_path": "/data/shapenet_blender/all_50_random/02958343/a08b151ac5254df184bf231ea6363fab/r_14",
            "rotation": 0.12566370614359174,
            "transform_matrix": [
                [
                    -0.35590341687202454,
                    0.7209516167640686,
                    -0.5946102142333984,
                    -2.3969504833221436
                ],
                [
                    -0.9345227479934692,
                    -0.27456703782081604,
                    0.22645121812820435,
                    0.9128540754318237
                ],
                [
                    0.0,
                    0.6362715363502502,
                    0.7714651226997375,
                    3.109875440597534
                ],
                [
                    0.0,
                    0.0,
                    0.0,
                    1.0
                ]
            ]
        },
        {
            "file_path": "/data/shapenet_blender/all_50_random/02958343/a08b151ac5254df184bf231ea6363fab/r_15",
            "rotation": 0.12566370614359174,
            "transform_matrix": [
                [
                    0.9063112735748291,
                    0.3170088827610016,
                    -0.27947312593460083,
                    -1.1265921592712402
                ],
                [
                    -0.4226107895374298,
                    0.6798424124717712,
                    -0.5993449687957764,
                    -2.41603684425354
                ],
                [
                    1.4901161193847656e-08,
                    0.6613014340400696,
                    0.750120222568512,
                    3.023831367492676
                ],
                [
                    0.0,
                    0.0,
                    0.0,
                    1.0
                ]
            ]
        },
        {
            "file_path": "/data/shapenet_blender/all_50_random/02958343/a08b151ac5254df184bf231ea6363fab/r_16",
            "rotation": 0.12566370614359174,
            "transform_matrix": [
                [
                    0.672987163066864,
                    0.029739253222942352,
                    0.7390561103820801,
                    2.9792301654815674
                ],
                [
                    0.7396541833877563,
                    -0.02705877274274826,
                    -0.6724429726600647,
                    -2.7107040882110596
                ],
                [
                    0.0,
                    0.999191164970398,
                    -0.04020697996020317,
                    -0.16207949817180634
                ],
                [
                    0.0,
                    0.0,
                    0.0,
                    1.0
                ]
            ]
        },
        {
            "file_path": "/data/shapenet_blender/all_50_random/02958343/a08b151ac5254df184bf231ea6363fab/r_17",
            "rotation": 0.12566370614359174,
            "transform_matrix": [
                [
                    0.8481607437133789,
                    0.28408145904541016,
                    0.44712552428245544,
                    1.8024206161499023
                ],
                [
                    0.5297391414642334,
                    -0.45484036207199097,
                    -0.7158887982368469,
                    -2.8858399391174316
                ],
                [
                    0.0,
                    0.8440485596656799,
                    -0.5362667441368103,
                    -2.1617603302001953
                ],
                [
                    0.0,
                    0.0,
                    0.0,
                    1.0
                ]
            ]
        },
        {
            "file_path": "/data/shapenet_blender/all_50_random/02958343/a08b151ac5254df184bf231ea6363fab/r_18",
            "rotation": 0.12566370614359174,
            "transform_matrix": [
                [
                    -0.9870480895042419,
                    0.006485375575721264,
                    -0.1602940708398819,
                    -0.6461660861968994
                ],
                [
                    -0.16042523086071014,
                    -0.03990256041288376,
                    0.9862411022186279,
                    3.9756650924682617
                ],
                [
                    4.656613428188905e-10,
                    0.9991825222969055,
                    0.040426161140203476,
                    0.16296306252479553
                ],
                [
                    0.0,
                    0.0,
                    0.0,
                    1.0
                ]
            ]
        },
        {
            "file_path": "/data/shapenet_blender/all_50_random/02958343/a08b151ac5254df184bf231ea6363fab/r_19",
            "rotation": 0.12566370614359174,
            "transform_matrix": [
                [
                    0.8936266303062439,
                    -0.25438451766967773,
                    -0.36975646018981934,
                    -1.490536093711853
                ],
                [
                    -0.44881096482276917,
                    -0.506504476070404,
                    -0.7362213134765625,
                    -2.9678032398223877
                ],
                [
                    0.0,
                    0.8238577842712402,
                    -0.5667964816093445,
                    -2.28482985496521
                ],
                [
                    0.0,
                    0.0,
                    0.0,
                    1.0
                ]
            ]
        },
        {
            "file_path": "/data/shapenet_blender/all_50_random/02958343/a08b151ac5254df184bf231ea6363fab/r_20",
            "rotation": 0.12566370614359174,
            "transform_matrix": [
                [
                    0.9086441993713379,
                    -0.3610909581184387,
                    -0.20971189439296722,
                    -0.8453757166862488
                ],
                [
                    -0.41757121682167053,
                    -0.7857418656349182,
                    -0.45633769035339355,
                    -1.839556097984314
                ],
                [
                    0.0,
                    0.5022181868553162,
                    -0.8647408485412598,
                    -3.485881805419922
                ],
                [
                    0.0,
                    0.0,
                    0.0,
                    1.0
                ]
            ]
        },
        {
            "file_path": "/data/shapenet_blender/all_50_random/02958343/a08b151ac5254df184bf231ea6363fab/r_21",
            "rotation": 0.12566370614359174,
            "transform_matrix": [
                [
                    -0.9529299139976501,
                    0.226688414812088,
                    -0.20133760571479797,
                    -0.8116177916526794
                ],
                [
                    -0.3031904697418213,
                    -0.7124833464622498,
                    0.632805585861206,
                    2.5509207248687744
                ],
                [
                    1.4901158529312397e-08,
                    0.6640629768371582,
                    0.7476766109466553,
                    3.0139806270599365
                ],
                [
                    0.0,
                    0.0,
                    0.0,
                    1.0
                ]
            ]
        },
        {
            "file_path": "/data/shapenet_blender/all_50_random/02958343/a08b151ac5254df184bf231ea6363fab/r_22",
            "rotation": 0.12566370614359174,
            "transform_matrix": [
                [
                    -0.8484916090965271,
                    0.4265111982822418,
                    -0.31328916549682617,
                    -1.262909173965454
                ],
                [
                    -0.529208779335022,
                    -0.6838343739509583,
                    0.5023031234741211,
                    2.0248489379882812
                ],
                [
                    1.4901161193847656e-08,
                    0.5919954180717468,
                    0.8059412240982056,
                    3.2488532066345215
                ],
                [
                    0.0,
                    0.0,
                    0.0,
                    1.0
                ]
            ]
        },
        {
            "file_path": "/data/shapenet_blender/all_50_random/02958343/a08b151ac5254df184bf231ea6363fab/r_23",
            "rotation": 0.12566370614359174,
            "transform_matrix": [
                [
                    0.256539523601532,
                    -0.4036557078361511,
                    0.8782080411911011,
                    3.540170192718506
                ],
                [
                    0.9665337800979614,
                    0.10713917762041092,
                    -0.2330959141254425,
                    -0.9396397471427917
                ],
                [
                    7.450581485102248e-09,
                    0.9086161255836487,
                    0.41763222217559814,
                    1.6835294961929321
                ],
                [
                    0.0,
                    0.0,
                    0.0,
                    1.0
                ]
            ]
        },
        {
            "file_path": "/data/shapenet_blender/all_50_random/02958343/a08b151ac5254df184bf231ea6363fab/r_24",
            "rotation": 0.12566370614359174,
            "transform_matrix": [
                [
                    -0.9342815279960632,
                    0.24716173112392426,
                    -0.2569613754749298,
                    -1.0358445644378662
                ],
                [
                    -0.35653626918792725,
                    -0.647672176361084,
                    0.6733515858650208,
                    2.714367389678955
                ],
                [
                    0.0,
                    0.7207160592079163,
                    0.6932302713394165,
                    2.7945008277893066
                ],
                [
                    0.0,
                    0.0,
                    0.0,
                    1.0
                ]
            ]
        },
        {
            "file_path": "/data/shapenet_blender/all_50_random/02958343/a08b151ac5254df184bf231ea6363fab/r_25",
            "rotation": 0.12566370614359174,
            "transform_matrix": [
                [
                    0.13771551847457886,
                    -0.2949296832084656,
                    -0.9455426335334778,
                    -3.8116042613983154
                ],
                [
                    -0.9904718995094299,
                    -0.041007112711668015,
                    -0.1314685344696045,
                    -0.5299665927886963
                ],
                [
                    0.0,
                    0.9546386003494263,
                    -0.2977668344974518,
                    -1.2003364562988281
                ],
                [
                    0.0,
                    0.0,
                    0.0,
                    1.0
                ]
            ]
        },
        {
            "file_path": "/data/shapenet_blender/all_50_random/02958343/a08b151ac5254df184bf231ea6363fab/r_26",
            "rotation": 0.12566370614359174,
            "transform_matrix": [
                [
                    -0.441244512796402,
                    -0.13965658843517303,
                    0.8864532113075256,
                    3.5734071731567383
                ],
                [
                    0.897386908531189,
                    -0.06866905093193054,
                    0.43586841225624084,
                    1.7570418119430542
                ],
                [
                    3.725290298461914e-09,
                    0.9878160953521729,
                    0.1556258350610733,
                    0.6273478269577026
                ],
                [
                    0.0,
                    0.0,
                    0.0,
                    1.0
                ]
            ]
        },
        {
            "file_path": "/data/shapenet_blender/all_50_random/02958343/a08b151ac5254df184bf231ea6363fab/r_27",
            "rotation": 0.12566370614359174,
            "transform_matrix": [
                [
                    -0.5803403258323669,
                    0.02151753194630146,
                    0.8140897154808044,
                    3.281700611114502
                ],
                [
                    0.8143740892410278,
                    0.015333852730691433,
                    0.5801377296447754,
                    2.3386099338531494
                ],
                [
                    0.0,
                    0.9996508955955505,
                    -0.02642217092216015,
                    -0.1065111756324768
                ],
                [
                    0.0,
                    0.0,
                    0.0,
                    1.0
                ]
            ]
        },
        {
            "file_path": "/data/shapenet_blender/all_50_random/02958343/a08b151ac5254df184bf231ea6363fab/r_28",
            "rotation": 0.12566370614359174,
            "transform_matrix": [
                [
                    -0.018393339589238167,
                    -0.11578956991434097,
                    -0.9931033253669739,
                    -4.0033278465271
                ],
                [
                    -0.9998308420181274,
                    0.002130117267370224,
                    0.018269577994942665,
                    0.07364702969789505
                ],
                [
                    -2.3283064365386963e-10,
                    0.9932714700698853,
                    -0.11580915004014969,
                    -0.4668416380882263
                ],
                [
                    0.0,
                    0.0,
                    0.0,
                    1.0
                ]
            ]
        },
        {
            "file_path": "/data/shapenet_blender/all_50_random/02958343/a08b151ac5254df184bf231ea6363fab/r_29",
            "rotation": 0.12566370614359174,
            "transform_matrix": [
                [
                    0.9971946477890015,
                    -0.03333324193954468,
                    0.06701988726854324,
                    0.2701658010482788
                ],
                [
                    0.07485164701938629,
                    0.4440747797489166,
                    -0.8928576707839966,
                    -3.599224328994751
                ],
                [
                    0.0,
                    0.8953694701194763,
                    0.4453240931034088,
                    1.795158863067627
                ],
                [
                    0.0,
                    0.0,
                    0.0,
                    1.0
                ]
            ]
        },
        {
            "file_path": "/data/shapenet_blender/all_50_random/02958343/a08b151ac5254df184bf231ea6363fab/r_30",
            "rotation": 0.12566370614359174,
            "transform_matrix": [
                [
                    0.4555738568305969,
                    0.13151630759239197,
                    0.8804293870925903,
                    3.549124240875244
                ],
                [
                    0.8901980519294739,
                    -0.06730569154024124,
                    -0.4505745768547058,
                    -1.8163241147994995
                ],
                [
                    3.725290298461914e-09,
                    0.9890264272689819,
                    -0.1477382779121399,
                    -0.5955520272254944
                ],
                [
                    0.0,
                    0.0,
                    0.0,
                    1.0
                ]
            ]
        },
        {
            "file_path": "/data/shapenet_blender/all_50_random/02958343/a08b151ac5254df184bf231ea6363fab/r_31",
            "rotation": 0.12566370614359174,
            "transform_matrix": [
                [
                    0.4035058617591858,
                    -0.802051305770874,
                    -0.4403369724750519,
                    -1.775055170059204
                ],
                [
                    -0.9149770736694336,
                    -0.3537054657936096,
                    -0.19418905675411224,
                    -0.7828011512756348
                ],
                [
                    0.0,
                    0.4812546968460083,
                    -0.8765808343887329,
                    -3.5336103439331055
                ],
                [
                    0.0,
                    0.0,
                    0.0,
                    1.0
                ]
            ]
        },
        {
            "file_path": "/data/shapenet_blender/all_50_random/02958343/a08b151ac5254df184bf231ea6363fab/r_32",
            "rotation": 0.12566370614359174,
            "transform_matrix": [
                [
                    -0.9845616817474365,
                    -0.12225989997386932,
                    -0.12526367604732513,
                    -0.5049540996551514
                ],
                [
                    -0.17503850162029266,
                    0.6876909732818604,
                    0.7045867443084717,
                    2.840280294418335
                ],
                [
                    0.0,
                    0.7156349420547485,
                    -0.6984742879867554,
                    -2.8156402111053467
                ],
                [
                    0.0,
                    0.0,
                    0.0,
                    1.0
                ]
            ]
        },
        {
            "file_path": "/data/shapenet_blender/all_50_random/02958343/a08b151ac5254df184bf231ea6363fab/r_33",
            "rotation": 0.12566370614359174,
            "transform_matrix": [
                [
                    0.6388462781906128,
                    0.20270125567913055,
                    0.7421507239341736,
                    2.9917051792144775
                ],
                [
                    0.7693344950675964,
                    -0.16832074522972107,
                    -0.6162732243537903,
                    -2.48427677154541
                ],
                [
                    7.450580596923828e-09,
                    0.964665949344635,
                    -0.26347610354423523,
                    -1.0621061325073242
                ],
                [
                    0.0,
                    0.0,
                    0.0,
                    1.0
                ]
            ]
        },
        {
            "file_path": "/data/shapenet_blender/all_50_random/02958343/a08b151ac5254df184bf231ea6363fab/r_34",
            "rotation": 0.12566370614359174,
            "transform_matrix": [
                [
                    0.886635422706604,
                    -0.1298125982284546,
                    0.4438765347003937,
                    1.7893236875534058
                ],
                [
                    0.4624691903591156,
                    0.2488737553358078,
                    -0.8509899973869324,
                    -3.430450677871704
                ],
                [
                    0.0,
                    0.959797203540802,
                    0.28069454431533813,
                    1.1315159797668457
                ],
                [
                    0.0,
                    0.0,
                    0.0,
                    1.0
                ]
            ]
        },
        {
            "file_path": "/data/shapenet_blender/all_50_random/02958343/a08b151ac5254df184bf231ea6363fab/r_35",
            "rotation": 0.12566370614359174,
            "transform_matrix": [
                [
                    0.876885175704956,
                    0.2103230357170105,
                    -0.43224599957466125,
                    -1.7424393892288208
                ],
                [
                    -0.48069989681243896,
                    0.3836679756641388,
                    -0.7884963750839233,
                    -3.17853045463562
                ],
                [
                    -1.4901161193847656e-08,
                    0.8992013931274414,
                    0.43753498792648315,
                    1.763759970664978
                ],
                [
                    0.0,
                    0.0,
                    0.0,
                    1.0
                ]
            ]
        },
        {
            "file_path": "/data/shapenet_blender/all_50_random/02958343/a08b151ac5254df184bf231ea6363fab/r_36",
            "rotation": 0.12566370614359174,
            "transform_matrix": [
                [
                    0.5847684741020203,
                    -0.2721373736858368,
                    -0.7641903162002563,
                    -3.080550193786621
                ],
                [
                    -0.8112002611160278,
                    -0.19617518782615662,
                    -0.5508805513381958,
                    -2.220670700073242
                ],
                [
                    0.0,
                    0.942048966884613,
                    -0.33547496795654297,
                    -1.352342963218689
                ],
                [
                    0.0,
                    0.0,
                    0.0,
                    1.0
                ]
            ]
        },
        {
            "file_path": "/data/shapenet_blender/all_50_random/02958343/a08b151ac5254df184bf231ea6363fab/r_37",
            "rotation": 0.12566370614359174,
            "transform_matrix": [
                [
                    0.075506791472435,
                    0.7327823042869568,
                    -0.6762608885765076,
                    -2.726094961166382
                ],
                [
                    -0.9971452951431274,
                    0.05548844113945961,
                    -0.05120847374200821,
                    -0.20642797648906708
                ],
                [
                    0.0,
                    0.6781970262527466,
                    0.7348800897598267,
                    2.9623966217041016
                ],
                [
                    0.0,
                    0.0,
                    0.0,
                    1.0
                ]
            ]
        },
        {
            "file_path": "/data/shapenet_blender/all_50_random/02958343/a08b151ac5254df184bf231ea6363fab/r_38",
            "rotation": 0.12566370614359174,
            "transform_matrix": [
                [
                    -0.9984413385391235,
                    0.013442975468933582,
                    0.054168298840522766,
                    0.21835941076278687
                ],
                [
                    0.055811457335948944,
                    0.240488663315773,
                    0.9690459966659546,
                    3.9063496589660645
                ],
                [
                    0.0,
                    0.9705588221549988,
                    -0.2408640831708908,
                    -0.9709542393684387
                ],
                [
                    0.0,
                    0.0,
                    0.0,
                    1.0
                ]
            ]
        },
        {
            "file_path": "/data/shapenet_blender/all_50_random/02958343/a08b151ac5254df184bf231ea6363fab/r_39",
            "rotation": 0.12566370614359174,
            "transform_matrix": [
                [
                    -0.3870584964752197,
                    0.11352220177650452,
                    0.915040135383606,
                    3.6886446475982666
                ],
                [
                    0.922055184841156,
                    0.04765412211418152,
                    0.38411372900009155,
                    1.5484118461608887
                ],
                [
                    3.725290298461914e-09,
                    0.99239182472229,
                    -0.12311867624521255,
                    -0.49630722403526306
                ],
                [
                    0.0,
                    0.0,
                    0.0,
                    1.0
                ]
            ]
        },
        {
            "file_path": "/data/shapenet_blender/all_50_random/02958343/a08b151ac5254df184bf231ea6363fab/r_40",
            "rotation": 0.12566370614359174,
            "transform_matrix": [
                [
                    0.07365970313549042,
                    0.9935995936393738,
                    0.08563985675573349,
                    0.34522533416748047
                ],
                [
                    0.997283399105072,
                    -0.07338762283325195,
                    -0.006325390189886093,
                    -0.025498464703559875
                ],
                [
                    4.6566125955216364e-10,
                    0.08587279915809631,
                    -0.9963060021400452,
                    -4.016238212585449
                ],
                [
                    0.0,
                    0.0,
                    0.0,
                    1.0
                ]
            ]
        },
        {
            "file_path": "/data/shapenet_blender/all_50_random/02958343/a08b151ac5254df184bf231ea6363fab/r_41",
            "rotation": 0.12566370614359174,
            "transform_matrix": [
                [
                    0.5065338015556335,
                    -0.8468393087387085,
                    -0.16213198006153107,
                    -0.6535750031471252
                ],
                [
                    -0.862220048904419,
                    -0.49749791622161865,
                    -0.09524868428707123,
                    -0.3839597702026367
                ],
                [
