{
    "class": "02958343",
    "model": "f9eaaf5abb238c22851f021b9ed69c58",
    "remove_doubles": true,
    "edge_split": true,
    "denoise": true,
    "camera_angle_x": 0.6911112070083618,
    "scale_factor": 2.268378724998822,
    "hdri_file": "/data/IndoorHDRDataset2018/9C4A7349-2a97cb8d20.exr",
    "center_offset": [
        0.0,
        0.0,
        -1.862645149230957e-09
    ],
    "lights": [],
    "frames": [
        {
            "file_path": "/data/shapenet_blender/all_50_random/02958343/f9eaaf5abb238c22851f021b9ed69c58/r_0",
            "rotation": 0.12566370614359174,
            "transform_matrix": [
                [
                    0.8129214644432068,
                    -0.14937052130699158,
                    -0.5628917217254639,
                    -2.2690892219543457
                ],
                [
                    -0.5823732614517212,
                    -0.2085028886795044,
                    -0.7857276201248169,
                    -3.1673693656921387
                ],
                [
                    0.0,
                    0.966547966003418,
                    -0.25648587942123413,
                    -1.0339276790618896
                ],
                [
                    0.0,
                    0.0,
                    0.0,
                    1.0
                ]
            ]
        },
        {
            "file_path": "/data/shapenet_blender/all_50_random/02958343/f9eaaf5abb238c22851f021b9ed69c58/r_1",
            "rotation": 0.12566370614359174,
            "transform_matrix": [
                [
                    -0.9518194794654846,
                    0.14553610980510712,
                    -0.2699240744113922,
                    -1.0880988836288452
                ],
                [
                    -0.306659072637558,
                    -0.4517202079296112,
                    0.8378000259399414,
                    3.3772802352905273
                ],
                [
                    -7.450581485102248e-09,
                    0.8802089691162109,
                    0.47458603978157043,
                    1.9131176471710205
                ],
                [
                    0.0,
                    0.0,
                    0.0,
                    1.0
                ]
            ]
        },
        {
            "file_path": "/data/shapenet_blender/all_50_random/02958343/f9eaaf5abb238c22851f021b9ed69c58/r_2",
            "rotation": 0.12566370614359174,
            "transform_matrix": [
                [
                    0.31697049736976624,
                    0.6700424551963806,
                    -0.671247124671936,
                    -2.705883741378784
                ],
                [
                    -0.9484354853630066,
                    0.22393056750297546,
                    -0.22433316707611084,
                    -0.9043159484863281
                ],
                [
                    0.0,
                    0.7077414989471436,
                    0.7064713835716248,
                    2.847877264022827
                ],
                [
                    0.0,
                    0.0,
                    0.0,
                    1.0
                ]
            ]
        },
        {
            "file_path": "/data/shapenet_blender/all_50_random/02958343/f9eaaf5abb238c22851f021b9ed69c58/r_3",
            "rotation": 0.12566370614359174,
            "transform_matrix": [
                [
                    -0.6364116668701172,
                    -0.015997959300875664,
                    0.7711836099624634,
                    3.1087405681610107
                ],
                [
                    0.7713494896888733,
                    -0.013199319131672382,
                    0.6362748146057129,
                    2.564905881881714
                ],
                [
                    0.0,
                    0.9997848868370056,
                    0.020740218460559845,
                    0.08360649645328522
                ],
                [
                    0.0,
                    0.0,
                    0.0,
                    1.0
                ]
            ]
        },
        {
            "file_path": "/data/shapenet_blender/all_50_random/02958343/f9eaaf5abb238c22851f021b9ed69c58/r_4",
            "rotation": 0.12566370614359174,
            "transform_matrix": [
                [
                    -0.9842425584793091,
                    0.09260796755552292,
                    -0.15063270926475525,
                    -0.6072198748588562
                ],
                [
                    -0.1768232136964798,
                    -0.5154792666435242,
                    0.8384596109390259,
                    3.379938840866089
                ],
                [
                    -7.450580596923828e-09,
                    0.8518829941749573,
                    0.5237319469451904,
                    2.1112310886383057
                ],
                [
                    0.0,
                    0.0,
                    0.0,
                    1.0
                ]
            ]
        },
        {
            "file_path": "/data/shapenet_blender/all_50_random/02958343/f9eaaf5abb238c22851f021b9ed69c58/r_5",
            "rotation": 0.12566370614359174,
            "transform_matrix": [
                [
                    0.18111638724803925,
                    0.3314075767993927,
                    0.9259405136108398,
                    3.7325856685638428
                ],
                [
                    0.9834616184234619,
                    -0.0610327273607254,
                    -0.17052318155765533,
                    -0.6874009370803833
                ],
                [
                    0.0,
                    0.9415115118026733,
                    -0.3369806706905365,
                    -1.358412504196167
                ],
                [
                    0.0,
                    0.0,
                    0.0,
                    1.0
                ]
            ]
        },
        {
            "file_path": "/data/shapenet_blender/all_50_random/02958343/f9eaaf5abb238c22851f021b9ed69c58/r_6",
            "rotation": 0.12566370614359174,
            "transform_matrix": [
                [
                    -0.9910658001899719,
                    -0.026529841125011444,
                    0.13070856034755707,
                    0.5269030928611755
                ],
                [
                    0.13337378203868866,
                    -0.19713632762432098,
                    0.9712613224983215,
                    3.9152798652648926
                ],
                [
                    -1.862645149230957e-09,
                    0.9800170063972473,
                    0.19891345500946045,
                    0.8018458485603333
                ],
                [
                    0.0,
                    0.0,
                    0.0,
                    1.0
                ]
            ]
        },
        {
            "file_path": "/data/shapenet_blender/all_50_random/02958343/f9eaaf5abb238c22851f021b9ed69c58/r_7",
            "rotation": 0.12566370614359174,
            "transform_matrix": [
                [
                    0.5836272239685059,
                    -0.1336582899093628,
                    0.8009461760520935,
                    3.22871732711792
                ],
                [
                    0.812021791934967,
                    0.09606467932462692,
                    -0.5756667852401733,
                    -2.320586919784546
                ],
                [
                    0.0,
                    0.9863605499267578,
                    0.16459938883781433,
                    0.6635213494300842
                ],
                [
                    0.0,
                    0.0,
                    0.0,
                    1.0
                ]
            ]
        },
        {
            "file_path": "/data/shapenet_blender/all_50_random/02958343/f9eaaf5abb238c22851f021b9ed69c58/r_8",
            "rotation": 0.12566370614359174,
            "transform_matrix": [
                [
                    -0.9520115256309509,
                    -0.25165969133377075,
                    -0.17418810725212097,
                    -0.702174723148346
                ],
                [
                    -0.3060622811317444,
                    0.7827914357185364,
                    0.5418148636817932,
                    2.1841256618499756
                ],
                [
                    0.0,
                    0.5691264867782593,
                    -0.8222500085830688,
                    -3.3145956993103027
                ],
                [
                    0.0,
                    0.0,
                    0.0,
                    1.0
                ]
            ]
        },
        {
            "file_path": "/data/shapenet_blender/all_50_random/02958343/f9eaaf5abb238c22851f021b9ed69c58/r_9",
            "rotation": 0.12566370614359174,
            "transform_matrix": [
                [
                    -0.0931190773844719,
                    -0.7895805239677429,
                    0.6065405607223511,
                    2.4450433254241943
                ],
                [
                    0.9956550598144531,
                    -0.07384587079286575,
                    0.05672697722911835,
                    0.2286737561225891
                ],
                [
                    0.0,
                    0.6091874837875366,
                    0.7930261492729187,
                    3.1967906951904297
                ],
                [
                    0.0,
                    0.0,
                    0.0,
                    1.0
                ]
            ]
        },
        {
            "file_path": "/data/shapenet_blender/all_50_random/02958343/f9eaaf5abb238c22851f021b9ed69c58/r_10",
            "rotation": 0.12566370614359174,
            "transform_matrix": [
                [
                    -0.8342331647872925,
                    -0.15034644305706024,
                    -0.5305196046829224,
                    -2.1385929584503174
                ],
                [
                    -0.5514119267463684,
                    0.22745969891548157,
                    0.8026250600814819,
                    3.235485076904297
                ],
                [
                    0.0,
                    0.962111234664917,
                    -0.27265724539756775,
                    -1.099116563796997
                ],
                [
                    0.0,
                    0.0,
                    0.0,
                    1.0
                ]
            ]
        },
        {
            "file_path": "/data/shapenet_blender/all_50_random/02958343/f9eaaf5abb238c22851f021b9ed69c58/r_11",
            "rotation": 0.12566370614359174,
            "transform_matrix": [
                [
                    -0.26223692297935486,
                    0.5789939165115356,
                    -0.7720088362693787,
                    -3.112067461013794
                ],
                [
                    -0.9650036096572876,
                    -0.1573399156332016,
                    0.2097911387681961,
                    0.8456951975822449
                ],
                [
                    -1.4901162970204496e-08,
                    0.8000062704086304,
                    0.599991500377655,
                    2.4186432361602783
                ],
                [
                    0.0,
                    0.0,
                    0.0,
                    1.0
                ]
            ]
        },
        {
            "file_path": "/data/shapenet_blender/all_50_random/02958343/f9eaaf5abb238c22851f021b9ed69c58/r_12",
            "rotation": 0.12566370614359174,
            "transform_matrix": [
                [
                    -0.9959378838539124,
                    0.023632360622286797,
                    0.08688659965991974,
                    0.35025107860565186
                ],
                [
                    0.09004314988851547,
                    0.2613897919654846,
                    0.9610242247581482,
                    3.8740124702453613
                ],
                [
                    1.862645371275562e-09,
                    0.9649437665939331,
                    -0.2624559700489044,
                    -1.0579938888549805
                ],
                [
                    0.0,
                    0.0,
                    0.0,
                    1.0
                ]
            ]
        },
        {
            "file_path": "/data/shapenet_blender/all_50_random/02958343/f9eaaf5abb238c22851f021b9ed69c58/r_13",
            "rotation": 0.12566370614359174,
            "transform_matrix": [
                [
                    -0.7587389349937439,
                    0.19732339680194855,
                    -0.6207887530326843,
                    -2.5024795532226562
                ],
                [
                    -0.651394784450531,
                    -0.22984056174755096,
                    0.7230892777442932,
                    2.9148662090301514
                ],
                [
                    0.0,
                    0.9530144333839417,
                    0.3029244542121887,
                    1.2211275100708008
                ],
                [
                    0.0,
                    0.0,
                    0.0,
                    1.0
                ]
            ]
        },
        {
            "file_path": "/data/shapenet_blender/all_50_random/02958343/f9eaaf5abb238c22851f021b9ed69c58/r_14",
            "rotation": 0.12566370614359174,
            "transform_matrix": [
                [
                    -0.698203980922699,
                    0.17781798541545868,
                    -0.6934638023376465,
                    -2.7954421043395996
                ],
                [
                    -0.7158989906311035,
                    -0.17342281341552734,
                    0.6763232946395874,
                    2.726346492767334
                ],
                [
                    0.0,
                    0.9686614871025085,
                    0.24838420748710632,
                    1.001268744468689
                ],
                [
                    0.0,
                    0.0,
                    0.0,
                    1.0
                ]
            ]
        },
        {
            "file_path": "/data/shapenet_blender/all_50_random/02958343/f9eaaf5abb238c22851f021b9ed69c58/r_15",
            "rotation": 0.12566370614359174,
            "transform_matrix": [
                [
                    -0.5797805190086365,
                    0.3287752866744995,
                    0.74549400806427,
                    3.0051825046539307
                ],
                [
                    0.8147727251052856,
                    0.23395174741744995,
                    0.5304827690124512,
                    2.138444423675537
                ],
                [
                    0.0,
                    0.914971649646759,
                    -0.40351784229278564,
                    -1.6266324520111084
                ],
                [
                    0.0,
                    0.0,
                    0.0,
                    1.0
                ]
            ]
        },
        {
            "file_path": "/data/shapenet_blender/all_50_random/02958343/f9eaaf5abb238c22851f021b9ed69c58/r_16",
            "rotation": 0.12566370614359174,
            "transform_matrix": [
                [
                    0.9873808026313782,
                    0.04302401468157768,
                    -0.1524079591035843,
                    -0.6143761873245239
                ],
                [
                    -0.15836432576179504,
                    0.2682490646839142,
                    -0.9502436518669128,
                    -3.830554962158203
                ],
                [
                    0.0,
                    0.962388277053833,
                    0.2716774344444275,
                    1.0951669216156006
                ],
                [
                    0.0,
                    0.0,
                    0.0,
                    1.0
                ]
            ]
        },
        {
            "file_path": "/data/shapenet_blender/all_50_random/02958343/f9eaaf5abb238c22851f021b9ed69c58/r_17",
            "rotation": 0.12566370614359174,
            "transform_matrix": [
                [
                    -0.7036559581756592,
                    -0.37904733419418335,
                    -0.6009919047355652,
                    -2.4226760864257812
                ],
                [
                    -0.7105408310890198,
                    0.37537455558776855,
                    0.5951685905456543,
                    2.3992016315460205
                ],
                [
                    0.0,
                    0.8458232283592224,
                    -0.5334630608558655,
                    -2.150458574295044
                ],
                [
                    0.0,
                    0.0,
                    0.0,
                    1.0
                ]
            ]
        },
        {
            "file_path": "/data/shapenet_blender/all_50_random/02958343/f9eaaf5abb238c22851f021b9ed69c58/r_18",
            "rotation": 0.12566370614359174,
            "transform_matrix": [
                [
                    0.1685519516468048,
                    -0.18305404484272003,
                    0.9685459733009338,
                    3.9043338298797607
                ],
                [
                    0.9856927990913391,
                    0.03130195662379265,
                    -0.1656198650598526,
                    -0.6676350831985474
                ],
                [
                    1.862645371275562e-09,
                    0.9826042652130127,
                    0.1857110559940338,
                    0.7486252784729004
                ],
                [
                    0.0,
                    0.0,
                    0.0,
                    1.0
                ]
            ]
        },
        {
            "file_path": "/data/shapenet_blender/all_50_random/02958343/f9eaaf5abb238c22851f021b9ed69c58/r_19",
            "rotation": 0.12566370614359174,
            "transform_matrix": [
                [
                    -0.7180335521697998,
                    -0.046652402728796005,
                    -0.6944431662559509,
                    -2.7993898391723633
                ],
                [
                    -0.6960083842277527,
                    0.04812871664762497,
                    0.7164188027381897,
                    2.8879764080047607
                ],
                [
                    0.0,
                    0.9977510571479797,
                    -0.06702850013971329,
                    -0.2702005207538605
                ],
                [
                    0.0,
                    0.0,
                    0.0,
                    1.0
                ]
            ]
        },
        {
            "file_path": "/data/shapenet_blender/all_50_random/02958343/f9eaaf5abb238c22851f021b9ed69c58/r_20",
            "rotation": 0.12566370614359174,
            "transform_matrix": [
                [
                    -0.9872831702232361,
                    -0.03944612294435501,
                    -0.15399940311908722,
                    -0.6207914352416992
                ],
                [
                    -0.15897110104560852,
                    0.24497845768928528,
                    0.9564066529273987,
                    3.855398654937744
                ],
                [
                    3.725290298461914e-09,
                    0.9687256217002869,
                    -0.24813392758369446,
                    -1.0002598762512207
                ],
                [
                    0.0,
                    0.0,
                    0.0,
                    1.0
                ]
            ]
        },
        {
            "file_path": "/data/shapenet_blender/all_50_random/02958343/f9eaaf5abb238c22851f021b9ed69c58/r_21",
            "rotation": 0.12566370614359174,
            "transform_matrix": [
                [
                    0.6560932993888855,
                    0.7379978895187378,
                    -0.1577998846769333,
                    -0.6361116766929626
                ],
                [
                    -0.754679799079895,
                    0.6415905952453613,
                    -0.13718591630458832,
                    -0.5530140995979309
                ],
                [
                    7.450580596923828e-09,
                    0.20909516513347626,
                    0.9778952598571777,
                    3.9420218467712402
                ],
                [
                    0.0,
                    0.0,
                    0.0,
                    1.0
                ]
            ]
        },
        {
            "file_path": "/data/shapenet_blender/all_50_random/02958343/f9eaaf5abb238c22851f021b9ed69c58/r_22",
            "rotation": 0.12566370614359174,
            "transform_matrix": [
                [
                    -0.2059650719165802,
                    -0.2044813632965088,
                    0.9569564461708069,
                    3.8576149940490723
                ],
                [
                    0.9785593748092651,
                    -0.04303879663348198,
                    0.20141813158988953,
                    0.8119425177574158
                ],
                [
                    0.0,
                    0.9779238700866699,
                    0.2089616060256958,
                    0.8423512578010559
                ],
                [
                    0.0,
                    0.0,
                    0.0,
                    1.0
                ]
            ]
        },
        {
            "file_path": "/data/shapenet_blender/all_50_random/02958343/f9eaaf5abb238c22851f021b9ed69c58/r_23",
            "rotation": 0.12566370614359174,
            "transform_matrix": [
                [
                    0.7091255784034729,
                    0.1440935730934143,
                    0.6902014017105103,
                    2.7822906970977783
                ],
                [
                    0.7050821781158447,
                    -0.14491988718509674,
                    -0.6941593885421753,
                    -2.798245906829834
                ],
                [
                    0.0,
                    0.978894829750061,
                    -0.20436424016952515,
                    -0.823818564414978
                ],
                [
                    0.0,
                    0.0,
                    0.0,
                    1.0
                ]
            ]
        },
        {
            "file_path": "/data/shapenet_blender/all_50_random/02958343/f9eaaf5abb238c22851f021b9ed69c58/r_24",
            "rotation": 0.12566370614359174,
            "transform_matrix": [
                [
                    0.18728750944137573,
                    0.1854783445596695,
                    0.9646352529525757,
                    3.8885691165924072
                ],
                [
                    0.9823052287101746,
                    -0.03536352887749672,
                    -0.1839185357093811,
                    -0.741399347782135
                ],
                [
                    3.725290742551124e-09,
                    0.9820117950439453,
                    -0.18881948292255402,
                    -0.7611556649208069
                ],
                [
                    0.0,
                    0.0,
                    0.0,
                    1.0
                ]
            ]
        },
        {
            "file_path": "/data/shapenet_blender/all_50_random/02958343/f9eaaf5abb238c22851f021b9ed69c58/r_25",
            "rotation": 0.12566370614359174,
            "transform_matrix": [
                [
                    0.5479446649551392,
                    0.513016402721405,
                    -0.660735011100769,
                    -2.6635079383850098
                ],
                [
                    -0.8365145325660706,
                    0.33604273200035095,
                    -0.43280330300331116,
                    -1.7446858882904053
                ],
                [
                    0.0,
                    0.7898666262626648,
                    0.6132785677909851,
                    2.4722049236297607
                ],
                [
                    0.0,
                    0.0,
                    0.0,
                    1.0
                ]
            ]
        },
        {
            "file_path": "/data/shapenet_blender/all_50_random/02958343/f9eaaf5abb238c22851f021b9ed69c58/r_26",
            "rotation": 0.12566370614359174,
            "transform_matrix": [
                [
                    0.7161335349082947,
                    0.5653496384620667,
                    0.40930718183517456,
                    1.6499701738357544
                ],
                [
                    0.6979631781578064,
                    -0.5800676345825195,
                    -0.4199628531932831,
                    -1.6929244995117188
                ],
                [
                    0.0,
                    0.5864307880401611,
                    -0.8099991679191589,
                    -3.265211343765259
                ],
                [
                    0.0,
                    0.0,
                    0.0,
                    1.0
                ]
            ]
        },
        {
            "file_path": "/data/shapenet_blender/all_50_random/02958343/f9eaaf5abb238c22851f021b9ed69c58/r_27",
            "rotation": 0.12566370614359174,
            "transform_matrix": [
                [
                    0.184006467461586,
                    0.8914067149162292,
                    0.4141685664653778,
                    1.6695668697357178
                ],
                [
                    0.9829251170158386,
                    -0.166873961687088,
                    -0.07753358036279678,
                    -0.31254786252975464
                ],
                [
                    -7.450581485102248e-09,
                    0.4213632345199585,
                    -0.9068918824195862,
                    -3.6557981967926025
                ],
                [
                    0.0,
                    0.0,
                    0.0,
                    1.0
                ]
            ]
        },
        {
            "file_path": "/data/shapenet_blender/all_50_random/02958343/f9eaaf5abb238c22851f021b9ed69c58/r_28",
            "rotation": 0.12566370614359174,
            "transform_matrix": [
                [
                    -0.8905463814735413,
                    0.15925022959709167,
                    0.426106333732605,
                    1.7176895141601562
                ],
                [
                    0.4548926055431366,
                    0.31176528334617615,
                    0.8341912627220154,
                    3.3627326488494873
                ],
                [
                    -1.4901162970204496e-08,
                    0.9367185831069946,
                    -0.3500831723213196,
                    -1.411230444908142
                ],
                [
                    0.0,
                    0.0,
                    0.0,
                    1.0
                ]
            ]
        },
        {
            "file_path": "/data/shapenet_blender/all_50_random/02958343/f9eaaf5abb238c22851f021b9ed69c58/r_29",
            "rotation": 0.12566370614359174,
            "transform_matrix": [
                [
                    0.8477122783660889,
                    0.27592939138412476,
                    -0.4530416429042816,
                    -1.826269507408142
                ],
                [
                    -0.5304562449455261,
                    0.4409576654434204,
                    -0.7239975333213806,
                    -2.918527603149414
                ],
                [
                    -1.4901160305669237e-08,
                    0.8540604710578918,
                    0.5201736688613892,
                    2.0968873500823975
                ],
                [
                    0.0,
                    0.0,
                    0.0,
                    1.0
                ]
            ]
        },
        {
            "file_path": "/data/shapenet_blender/all_50_random/02958343/f9eaaf5abb238c22851f021b9ed69c58/r_30",
            "rotation": 0.12566370614359174,
            "transform_matrix": [
                [
                    0.11552245914936066,
                    0.1727132499217987,
                    0.9781742095947266,
                    3.943145990371704
                ],
                [
                    0.9933047890663147,
                    -0.02008674666285515,
                    -0.1137627586722374,
                    -0.4585922956466675
                ],
                [
                    1.8626448161640496e-09,
                    0.9847672581672668,
                    -0.17387740314006805,
                    -0.7009221315383911
                ],
                [
                    0.0,
                    0.0,
                    0.0,
                    1.0
                ]
            ]
        },
        {
            "file_path": "/data/shapenet_blender/all_50_random/02958343/f9eaaf5abb238c22851f021b9ed69c58/r_31",
            "rotation": 0.12566370614359174,
            "transform_matrix": [
                [
                    -0.45663344860076904,
                    -0.5424381494522095,
                    0.7051572799682617,
                    2.8425798416137695
                ],
                [
                    0.8896549940109253,
                    -0.27841734886169434,
                    0.3619362711906433,
                    1.4590117931365967
                ],
                [
                    -2.980232594040899e-08,
                    0.7926188111305237,
                    0.6097174286842346,
                    2.4578495025634766
                ],
                [
                    0.0,
                    0.0,
                    0.0,
                    1.0
                ]
            ]
        },
        {
            "file_path": "/data/shapenet_blender/all_50_random/02958343/f9eaaf5abb238c22851f021b9ed69c58/r_32",
            "rotation": 0.12566370614359174,
            "transform_matrix": [
                [
                    -0.9059880971908569,
                    -0.41177046298980713,
                    -0.09813644737005234,
                    -0.39560070633888245
                ],
                [
                    -0.42330336570739746,
                    0.8813044428825378,
                    0.21003957092761993,
                    0.846696674823761
                ],
                [
                    -7.450581485102248e-09,
                    0.23183491826057434,
                    -0.9727550745010376,
                    -3.9213013648986816
                ],
                [
                    0.0,
                    0.0,
                    0.0,
                    1.0
                ]
            ]
        },
        {
            "file_path": "/data/shapenet_blender/all_50_random/02958343/f9eaaf5abb238c22851f021b9ed69c58/r_33",
            "rotation": 0.12566370614359174,
            "transform_matrix": [
                [
                    -0.9895617961883545,
                    -0.007433885242789984,
                    0.1439179629087448,
                    0.5801518559455872
                ],
                [
                    0.144109845161438,
                    -0.051046404987573624,
                    0.9882442355155945,
                    3.9837398529052734
                ],
                [
                    4.656613428188905e-10,
                    0.9986685514450073,
                    0.051584869623184204,
                    0.20794525742530823
                ],
                [
                    0.0,
                    0.0,
                    0.0,
                    1.0
                ]
            ]
        },
        {
            "file_path": "/data/shapenet_blender/all_50_random/02958343/f9eaaf5abb238c22851f021b9ed69c58/r_34",
            "rotation": 0.12566370614359174,
            "transform_matrix": [
                [
                    -0.9566143751144409,
                    0.030079780146479607,
                    -0.28980013728141785,
                    -1.1682217121124268
                ],
                [
                    -0.29135698080062866,
                    -0.09876114130020142,
                    0.9515026807785034,
                    3.835629940032959
                ],
                [
                    0.0,
                    0.9946564435958862,
                    0.10324028134346008,
                    0.41617488861083984
                ],
                [
                    0.0,
                    0.0,
                    0.0,
                    1.0
                ]
            ]
        },
        {
            "file_path": "/data/shapenet_blender/all_50_random/02958343/f9eaaf5abb238c22851f021b9ed69c58/r_35",
            "rotation": 0.12566370614359174,
            "transform_matrix": [
                [
                    -0.9095847010612488,
                    0.22911207377910614,
                    0.3466459810733795,
                    1.3973747491836548
                ],
                [
                    0.41551879048347473,
                    0.501534104347229,
                    0.7588198184967041,
                    3.058900833129883
                ],
                [
                    0.0,
                    0.8342487812042236,
                    -0.5513880848884583,
                    -2.222716808319092
                ],
                [
                    0.0,
                    0.0,
                    0.0,
                    1.0
                ]
            ]
        },
        {
            "file_path": "/data/shapenet_blender/all_50_random/02958343/f9eaaf5abb238c22851f021b9ed69c58/r_36",
            "rotation": 0.12566370614359174,
            "transform_matrix": [
                [
                    0.19274590909481049,
                    0.22493553161621094,
                    -0.9551193714141846,
                    -3.8502092361450195
                ],
                [
                    -0.9812487363815308,
                    0.04418391361832619,
                    -0.1876133531332016,
                    -0.7562935948371887
                ],
                [
                    0.0,
                    0.9733712077140808,
                    0.2292339950799942,
                    0.9240717887878418
                ],
                [
                    0.0,
                    0.0,
                    0.0,
                    1.0
                ]
            ]
        },
        {
            "file_path": "/data/shapenet_blender/all_50_random/02958343/f9eaaf5abb238c22851f021b9ed69c58/r_37",
            "rotation": 0.12566370614359174,
            "transform_matrix": [
                [
                    0.9077425599098206,
                    0.1340552568435669,
                    0.3975333571434021,
                    1.6025081872940063
                ],
                [
                    0.4195278584957123,
                    -0.29005858302116394,
                    -0.860152542591095,
                    -3.467385768890381
                ],
                [
                    -7.450581485102248e-09,
                    0.9475733041763306,
                    -0.3195383846759796,
                    -1.2881004810333252
                ],
                [
                    0.0,
                    0.0,
                    0.0,
                    1.0
                ]
            ]
        },
        {
            "file_path": "/data/shapenet_blender/all_50_random/02958343/f9eaaf5abb238c22851f021b9ed69c58/r_38",
            "rotation": 0.12566370614359174,
            "transform_matrix": [
                [
                    -0.27209362387657166,
                    0.09634385257959366,
                    0.9574356079101562,
                    3.859546422958374
                ],
                [
                    0.9622707962989807,
                    0.027242381125688553,
                    0.27072641253471375,
                    1.091333031654358
                ],
                [
                    0.0,
                    0.9949752688407898,
                    -0.10012134909629822,
                    -0.40360206365585327
                ],
                [
                    0.0,
                    0.0,
                    0.0,
                    1.0
                ]
            ]
        },
        {
            "file_path": "/data/shapenet_blender/all_50_random/02958343/f9eaaf5abb238c22851f021b9ed69c58/r_39",
            "rotation": 0.12566370614359174,
            "transform_matrix": [
                [
                    -0.312233030796051,
                    -0.20308083295822144,
                    -0.9280455708503723,
                    -3.7410714626312256
                ],
                [
                    -0.9500054717063904,
                    0.06674545258283615,
                    0.3050156235694885,
                    1.2295572757720947
                ],
                [
                    -3.725290076417309e-09,
                    0.9768844246864319,
                    -0.21376805007457733,
                    -0.8617265820503235
                ],
                [
                    0.0,
                    0.0,
                    0.0,
                    1.0
                ]
            ]
        },
        {
            "file_path": "/data/shapenet_blender/all_50_random/02958343/f9eaaf5abb238c22851f021b9ed69c58/r_40",
            "rotation": 0.12566370614359174,
            "transform_matrix": [
                [
                    0.18606625497341156,
                    -0.5169398188591003,
                    0.8355552554130554,
                    3.3682310581207275
                ],
                [
                    0.9825372695922852,
                    0.09789455682039261,
                    -0.15823179483413696,
                    -0.6378527879714966
                ],
                [
                    7.450581485102248e-09,
                    0.850405752658844,
                    0.5261273980140686,
                    2.120887279510498
                ],
                [
                    0.0,
                    0.0,
                    0.0,
                    1.0
                ]
            ]
        },
        {
            "file_path": "/data/shapenet_blender/all_50_random/02958343/f9eaaf5abb238c22851f021b9ed69c58/r_41",
            "rotation": 0.12566370614359174,
            "transform_matrix": [
                [
                    0.9547597765922546,
                    0.21765954792499542,
                    -0.2026277482509613,
                    -0.8168185949325562
                ],
                [
                    -0.29737797379493713,
                    0.6988162398338318,
                    -0.6505552530288696,
                    -2.622472047805786
                ],
                [
                    1.4901160305669237e-08,
