{
    "class": "02958343",
    "model": "2fb5fe84c28b8b35cc02882a83047172",
    "remove_doubles": true,
    "edge_split": true,
    "denoise": true,
    "camera_angle_x": 0.6911112070083618,
    "scale_factor": 2.245356924110737,
    "hdri_file": "/data/IndoorHDRDataset2018/9C4A3634-a5be9ee3ba.exr",
    "center_offset": [
        0.0,
        1.862645149230957e-09,
        0.0
    ],
    "lights": [],
    "frames": [
        {
            "file_path": "/data/shapenet_blender/all_50_random/02958343/2fb5fe84c28b8b35cc02882a83047172/r_0",
            "rotation": 0.12566370614359174,
            "transform_matrix": [
                [
                    -0.010417765937745571,
                    -0.4477885067462921,
                    -0.8940787315368652,
                    -3.604146718978882
                ],
                [
                    -0.9999457001686096,
                    0.0046652089804410934,
                    0.009314808994531631,
                    0.03754919767379761
                ],
                [
                    0.0,
                    0.8941271901130676,
                    -0.4478128254413605,
                    -1.8051912784576416
                ],
                [
                    0.0,
                    0.0,
                    0.0,
                    1.0
                ]
            ]
        },
        {
            "file_path": "/data/shapenet_blender/all_50_random/02958343/2fb5fe84c28b8b35cc02882a83047172/r_1",
            "rotation": 0.12566370614359174,
            "transform_matrix": [
                [
                    -0.8550217151641846,
                    -0.1639786660671234,
                    -0.4919847249984741,
                    -1.9832535982131958
                ],
                [
                    -0.5185922980308533,
                    0.2703574597835541,
                    0.8111528754234314,
                    3.2698614597320557
                ],
                [
                    -1.4901161193847656e-08,
                    0.9486926198005676,
                    -0.3161996603012085,
                    -1.2746413946151733
                ],
                [
                    0.0,
                    0.0,
                    0.0,
                    1.0
                ]
            ]
        },
        {
            "file_path": "/data/shapenet_blender/all_50_random/02958343/2fb5fe84c28b8b35cc02882a83047172/r_2",
            "rotation": 0.12566370614359174,
            "transform_matrix": [
                [
                    -0.14270661771297455,
                    0.09198512881994247,
                    -0.985481321811676,
                    -3.972602367401123
                ],
                [
                    -0.9897651076316833,
                    -0.013262627646327019,
                    0.14208896458148956,
                    0.5727789402008057
                ],
                [
                    0.0,
                    0.9956719279289246,
                    0.09293633699417114,
                    0.3746383488178253
                ],
                [
                    0.0,
                    0.0,
                    0.0,
                    1.0
                ]
            ]
        },
        {
            "file_path": "/data/shapenet_blender/all_50_random/02958343/2fb5fe84c28b8b35cc02882a83047172/r_3",
            "rotation": 0.12566370614359174,
            "transform_matrix": [
                [
                    -0.9533712267875671,
                    0.07441388070583344,
                    0.2924821972846985,
                    1.1790333986282349
                ],
                [
                    0.30180004239082336,
                    0.23506973683834076,
                    0.923936665058136,
                    3.7245078086853027
                ],
                [
                    0.0,
                    0.9691256880760193,
                    -0.24656686186790466,
                    -0.9939427971839905
                ],
                [
                    0.0,
                    0.0,
                    0.0,
                    1.0
                ]
            ]
        },
        {
            "file_path": "/data/shapenet_blender/all_50_random/02958343/2fb5fe84c28b8b35cc02882a83047172/r_4",
            "rotation": 0.12566370614359174,
            "transform_matrix": [
                [
                    0.6311665177345276,
                    0.07143203914165497,
                    0.7723512053489685,
                    3.1134471893310547
                ],
                [
                    0.7756474614143372,
                    -0.058126289397478104,
                    -0.6284842491149902,
                    -2.533501148223877
                ],
                [
                    -3.725290298461914e-09,
                    0.995750367641449,
                    -0.09209343791007996,
                    -0.3712405264377594
                ],
                [
                    0.0,
                    0.0,
                    0.0,
                    1.0
                ]
            ]
        },
        {
            "file_path": "/data/shapenet_blender/all_50_random/02958343/2fb5fe84c28b8b35cc02882a83047172/r_5",
            "rotation": 0.12566370614359174,
            "transform_matrix": [
                [
                    0.09684522449970245,
                    -0.6500381827354431,
                    -0.7537049651145935,
                    -3.0382823944091797
                ],
                [
                    -0.9952995181083679,
                    -0.06325040012598038,
                    -0.07333745807409286,
                    -0.2956327795982361
                ],
                [
                    3.725290298461914e-09,
                    0.7572646141052246,
                    -0.6531081199645996,
                    -2.632763385772705
                ],
                [
                    0.0,
                    0.0,
                    0.0,
                    1.0
                ]
            ]
        },
        {
            "file_path": "/data/shapenet_blender/all_50_random/02958343/2fb5fe84c28b8b35cc02882a83047172/r_6",
            "rotation": 0.12566370614359174,
            "transform_matrix": [
                [
                    0.804171621799469,
                    -0.41397544741630554,
                    0.42653530836105347,
                    1.7194188833236694
                ],
                [
                    0.594397246837616,
                    0.5600754022598267,
                    -0.5770679116249084,
                    -2.326235055923462
                ],
                [
                    0.0,
                    0.7175928354263306,
                    0.6964626908302307,
                    2.8075308799743652
                ],
                [
                    0.0,
                    0.0,
                    0.0,
                    1.0
                ]
            ]
        },
        {
            "file_path": "/data/shapenet_blender/all_50_random/02958343/2fb5fe84c28b8b35cc02882a83047172/r_7",
            "rotation": 0.12566370614359174,
            "transform_matrix": [
                [
                    0.9863109588623047,
                    0.1557845175266266,
                    0.05405484512448311,
                    0.2179020494222641
                ],
                [
                    0.164896160364151,
                    -0.9318104982376099,
                    -0.3233239948749542,
                    -1.3033607006072998
                ],
                [
                    0.0,
                    0.3278113603591919,
                    -0.9447431564331055,
                    -3.8083815574645996
                ],
                [
                    0.0,
                    0.0,
                    0.0,
                    1.0
                ]
            ]
        },
        {
            "file_path": "/data/shapenet_blender/all_50_random/02958343/2fb5fe84c28b8b35cc02882a83047172/r_8",
            "rotation": 0.12566370614359174,
            "transform_matrix": [
                [
                    0.05057479441165924,
                    0.2621675133705139,
                    0.9636962413787842,
                    3.8847837448120117
                ],
                [
                    0.9987202882766724,
                    -0.013276058249175549,
                    -0.04880119115114212,
                    -0.19672389328479767
                ],
                [
                    0.0,
                    0.964931070804596,
                    -0.2625034749507904,
                    -1.058185338973999
                ],
                [
                    0.0,
                    0.0,
                    0.0,
                    1.0
                ]
            ]
        },
        {
            "file_path": "/data/shapenet_blender/all_50_random/02958343/2fb5fe84c28b8b35cc02882a83047172/r_9",
            "rotation": 0.12566370614359174,
            "transform_matrix": [
                [
                    -0.20450110733509064,
                    -0.44933202862739563,
                    -0.8696435689926147,
                    -3.505645513534546
                ],
                [
                    -0.9788662791252136,
                    0.09387277811765671,
                    0.18168270587921143,
                    0.7323864698410034
                ],
                [
                    0.0,
                    0.8884192109107971,
                    -0.4590330123901367,
                    -1.85042142868042
                ],
                [
                    0.0,
                    0.0,
                    0.0,
                    1.0
                ]
            ]
        },
        {
            "file_path": "/data/shapenet_blender/all_50_random/02958343/2fb5fe84c28b8b35cc02882a83047172/r_10",
            "rotation": 0.12566370614359174,
            "transform_matrix": [
                [
                    0.6890038251876831,
                    -0.6185536980628967,
                    -0.3777101933956146,
                    -1.5225986242294312
                ],
                [
                    -0.7247576713562012,
                    -0.5880391597747803,
                    -0.35907691717147827,
                    -1.4474854469299316
                ],
                [
                    -2.9802320611338473e-08,
                    0.5211537480354309,
                    -0.8534626960754395,
                    -3.4404184818267822
                ],
                [
                    0.0,
                    0.0,
                    0.0,
                    1.0
                ]
            ]
        },
        {
            "file_path": "/data/shapenet_blender/all_50_random/02958343/2fb5fe84c28b8b35cc02882a83047172/r_11",
            "rotation": 0.12566370614359174,
            "transform_matrix": [
                [
                    -0.4812828600406647,
                    0.09148145467042923,
                    0.8717786073684692,
                    3.514251708984375
                ],
                [
                    0.8765652775764465,
                    0.05022837966680527,
                    0.4786547124385834,
                    1.929518699645996
                ],
                [
                    0.0,
                    0.994539201259613,
                    -0.10436353832483292,
                    -0.42070284485816956
                ],
                [
                    0.0,
                    0.0,
                    0.0,
                    1.0
                ]
            ]
        },
        {
            "file_path": "/data/shapenet_blender/all_50_random/02958343/2fb5fe84c28b8b35cc02882a83047172/r_12",
            "rotation": 0.12566370614359174,
            "transform_matrix": [
                [
                    0.22456227242946625,
                    -0.37071463465690613,
                    0.9011894464492798,
                    3.6328108310699463
                ],
                [
                    0.974459707736969,
                    0.08543043583631516,
                    -0.20767728984355927,
                    -0.8371739387512207
                ],
                [
                    0.0,
                    0.9248093962669373,
                    0.3804309070110321,
                    1.5335659980773926
                ],
                [
                    0.0,
                    0.0,
                    0.0,
                    1.0
                ]
            ]
        },
        {
            "file_path": "/data/shapenet_blender/all_50_random/02958343/2fb5fe84c28b8b35cc02882a83047172/r_13",
            "rotation": 0.12566370614359174,
            "transform_matrix": [
                [
                    0.7097792029380798,
                    0.33963388204574585,
                    0.6171404719352722,
                    2.4877727031707764
                ],
                [
                    0.7044243216514587,
                    -0.34221571683883667,
                    -0.6218318343162537,
                    -2.5066843032836914
                ],
                [
                    0.0,
                    0.8760920166969299,
                    -0.48214393854141235,
                    -1.9435843229293823
                ],
                [
                    0.0,
                    0.0,
                    0.0,
                    1.0
                ]
            ]
        },
        {
            "file_path": "/data/shapenet_blender/all_50_random/02958343/2fb5fe84c28b8b35cc02882a83047172/r_14",
            "rotation": 0.12566370614359174,
            "transform_matrix": [
                [
                    -0.9983803033828735,
                    -0.041132889688014984,
                    0.039306845515966415,
                    0.15845096111297607
                ],
                [
                    0.05689414218068123,
                    -0.7218012809753418,
                    0.6897578239440918,
                    2.7805027961730957
                ],
                [
                    -1.862645371275562e-09,
                    0.6908769011497498,
                    0.7229723930358887,
                    2.9143948554992676
                ],
                [
                    0.0,
                    0.0,
                    0.0,
                    1.0
                ]
            ]
        },
        {
            "file_path": "/data/shapenet_blender/all_50_random/02958343/2fb5fe84c28b8b35cc02882a83047172/r_15",
            "rotation": 0.12566370614359174,
            "transform_matrix": [
                [
                    0.5276032090187073,
                    0.32882142066955566,
                    -0.7832697033882141,
                    -3.1574606895446777
                ],
                [
                    -0.8494908809661865,
                    0.20422494411468506,
                    -0.4864744544029236,
                    -1.96104097366333
                ],
                [
                    0.0,
                    0.9220458269119263,
                    0.3870806097984314,
                    1.5603716373443604
                ],
                [
                    0.0,
                    0.0,
                    0.0,
                    1.0
                ]
            ]
        },
        {
            "file_path": "/data/shapenet_blender/all_50_random/02958343/2fb5fe84c28b8b35cc02882a83047172/r_16",
            "rotation": 0.12566370614359174,
            "transform_matrix": [
                [
                    0.5944585204124451,
                    -0.4644164741039276,
                    0.6564574837684631,
                    2.6462647914886475
                ],
                [
                    0.8041263222694397,
                    0.34332454204559326,
                    -0.48529282212257385,
                    -1.9562779664993286
                ],
                [
                    0.0,
                    0.8163611888885498,
                    0.577541708946228,
                    2.3281450271606445
                ],
                [
                    0.0,
                    0.0,
                    0.0,
                    1.0
                ]
            ]
        },
        {
            "file_path": "/data/shapenet_blender/all_50_random/02958343/2fb5fe84c28b8b35cc02882a83047172/r_17",
            "rotation": 0.12566370614359174,
            "transform_matrix": [
                [
                    -0.7857470512390137,
                    -0.09483254700899124,
                    0.6112350821495056,
                    2.4639675617218018
                ],
                [
                    0.6185480356216431,
                    -0.12046662718057632,
                    0.7764573693275452,
                    3.130000114440918
                ],
                [
                    0.0,
                    0.9881773591041565,
                    0.1533147692680359,
                    0.6180316805839539
                ],
                [
                    0.0,
                    0.0,
                    0.0,
                    1.0
                ]
            ]
        },
        {
            "file_path": "/data/shapenet_blender/all_50_random/02958343/2fb5fe84c28b8b35cc02882a83047172/r_18",
            "rotation": 0.12566370614359174,
            "transform_matrix": [
                [
                    0.9398717880249023,
                    0.007551160641014576,
                    0.3414440155029297,
                    1.376404881477356
                ],
                [
                    0.34152752161026,
                    -0.0207805298268795,
                    -0.9396420121192932,
                    -3.787818193435669
                ],
                [
                    0.0,
                    0.9997556209564209,
                    -0.02210996113717556,
                    -0.08912810683250427
                ],
                [
                    0.0,
                    0.0,
                    0.0,
                    1.0
                ]
            ]
        },
        {
            "file_path": "/data/shapenet_blender/all_50_random/02958343/2fb5fe84c28b8b35cc02882a83047172/r_19",
            "rotation": 0.12566370614359174,
            "transform_matrix": [
                [
                    0.7536325454711914,
                    -0.19313715398311615,
                    -0.6282801032066345,
                    -2.5326781272888184
                ],
                [
                    -0.657295823097229,
                    -0.22144435346126556,
                    -0.7203641533851624,
                    -2.9038808345794678
                ],
                [
                    0.0,
                    0.9558557868003845,
                    -0.29383596777915955,
                    -1.18449068069458
                ],
                [
                    0.0,
                    0.0,
                    0.0,
                    1.0
                ]
            ]
        },
        {
            "file_path": "/data/shapenet_blender/all_50_random/02958343/2fb5fe84c28b8b35cc02882a83047172/r_20",
            "rotation": 0.12566370614359174,
            "transform_matrix": [
                [
                    -0.9961291551589966,
                    0.07959563285112381,
                    -0.03729797899723053,
                    -0.15035295486450195
                ],
                [
                    -0.08790110051631927,
                    -0.9020084142684937,
                    0.42267510294914246,
                    1.7038577795028687
                ],
                [
                    0.0,
                    0.42431750893592834,
                    0.9055134654045105,
                    3.6502413749694824
                ],
                [
                    0.0,
                    0.0,
                    0.0,
                    1.0
                ]
            ]
        },
        {
            "file_path": "/data/shapenet_blender/all_50_random/02958343/2fb5fe84c28b8b35cc02882a83047172/r_21",
            "rotation": 0.12566370614359174,
            "transform_matrix": [
                [
                    0.1280895620584488,
                    -0.5579787492752075,
                    -0.8199102282524109,
                    -3.305163621902466
                ],
                [
                    -0.9917626976966858,
                    -0.07206486910581589,
                    -0.10589423030614853,
                    -0.42687326669692993
                ],
                [
                    7.450580596923828e-09,
                    0.8267201781272888,
                    -0.5626131892204285,
                    -2.2679662704467773
                ],
                [
                    0.0,
                    0.0,
                    0.0,
                    1.0
                ]
            ]
        },
        {
            "file_path": "/data/shapenet_blender/all_50_random/02958343/2fb5fe84c28b8b35cc02882a83047172/r_22",
            "rotation": 0.12566370614359174,
            "transform_matrix": [
                [
                    0.7463624477386475,
                    0.1288798749446869,
                    0.6529419422149658,
                    2.6320929527282715
                ],
                [
                    0.6655397415161133,
                    -0.14453095197677612,
                    -0.73223477602005,
                    -2.9517323970794678
                ],
                [
                    -7.4505797087454084e-09,
                    0.9810711741447449,
                    -0.19364717602729797,
                    -0.7806166410446167
                ],
                [
                    0.0,
                    0.0,
                    0.0,
                    1.0
                ]
            ]
        },
        {
            "file_path": "/data/shapenet_blender/all_50_random/02958343/2fb5fe84c28b8b35cc02882a83047172/r_23",
            "rotation": 0.12566370614359174,
            "transform_matrix": [
                [
                    -0.9202446341514587,
                    0.118477001786232,
                    0.37297871708869934,
                    1.5035252571105957
                ],
                [
                    0.39134377241134644,
                    0.2785985767841339,
                    0.8770592212677002,
                    3.535538911819458
                ],
                [
                    7.450580596923828e-09,
                    0.9530718922615051,
                    -0.302744060754776,
                    -1.220400333404541
                ],
                [
                    0.0,
                    0.0,
                    0.0,
                    1.0
                ]
            ]
        },
        {
            "file_path": "/data/shapenet_blender/all_50_random/02958343/2fb5fe84c28b8b35cc02882a83047172/r_24",
            "rotation": 0.12566370614359174,
            "transform_matrix": [
                [
                    0.6676289439201355,
                    0.20208194851875305,
                    0.716543436050415,
                    2.888478994369507
                ],
                [
                    0.7444941997528076,
                    -0.1812179982662201,
                    -0.6425638794898987,
                    -2.5902578830718994
                ],
                [
                    0.0,
                    0.9624567627906799,
                    -0.2714352011680603,
                    -1.094190239906311
                ],
                [
                    0.0,
                    0.0,
                    0.0,
                    1.0
                ]
            ]
        },
        {
            "file_path": "/data/shapenet_blender/all_50_random/02958343/2fb5fe84c28b8b35cc02882a83047172/r_25",
            "rotation": 0.12566370614359174,
            "transform_matrix": [
                [
                    0.03568686917424202,
                    0.1011044979095459,
                    0.9942355155944824,
                    4.007891654968262
                ],
                [
                    0.9993630051612854,
                    -0.003610402811318636,
                    -0.03550376743078232,
                    -0.14312025904655457
                ],
                [
                    2.3283067140944524e-10,
                    0.9948691725730896,
                    -0.10116893798112869,
                    -0.4078250229358673
                ],
                [
                    0.0,
                    0.0,
                    0.0,
                    1.0
                ]
            ]
        },
        {
            "file_path": "/data/shapenet_blender/all_50_random/02958343/2fb5fe84c28b8b35cc02882a83047172/r_26",
            "rotation": 0.12566370614359174,
            "transform_matrix": [
                [
                    0.45704135298728943,
                    -0.2520882785320282,
                    0.8529741168022156,
                    3.438448190689087
                ],
                [
                    0.8894454836845398,
                    0.129535511136055,
                    -0.43830057978630066,
                    -1.766845941543579
                ],
                [
                    0.0,
                    0.9589952826499939,
                    0.28342190384864807,
                    1.1425100564956665
                ],
                [
                    0.0,
                    0.0,
                    0.0,
                    1.0
                ]
            ]
        },
        {
            "file_path": "/data/shapenet_blender/all_50_random/02958343/2fb5fe84c28b8b35cc02882a83047172/r_27",
            "rotation": 0.12566370614359174,
            "transform_matrix": [
                [
                    -0.34507936239242554,
                    -0.023878952488303185,
                    -0.9382696747779846,
                    -3.7822859287261963
                ],
                [
                    -0.9385734796524048,
                    0.008779424242675304,
                    0.34496769309043884,
                    1.3906092643737793
                ],
                [
                    0.0,
                    0.9996762275695801,
                    -0.02544175274670124,
                    -0.10255898535251617
                ],
                [
                    0.0,
                    0.0,
                    0.0,
                    1.0
                ]
            ]
        },
        {
            "file_path": "/data/shapenet_blender/all_50_random/02958343/2fb5fe84c28b8b35cc02882a83047172/r_28",
            "rotation": 0.12566370614359174,
            "transform_matrix": [
                [
                    -0.6856468915939331,
                    -0.45757171511650085,
                    0.566141664981842,
                    2.2821898460388184
                ],
                [
                    0.7279341816902161,
                    -0.4309903681278229,
                    0.5332532525062561,
                    2.1496124267578125
                ],
                [
                    -1.4901160305669237e-08,
                    0.7777373194694519,
                    0.628589391708374,
                    2.5339245796203613
                ],
                [
                    0.0,
                    0.0,
                    0.0,
                    1.0
                ]
            ]
        },
        {
            "file_path": "/data/shapenet_blender/all_50_random/02958343/2fb5fe84c28b8b35cc02882a83047172/r_29",
            "rotation": 0.12566370614359174,
            "transform_matrix": [
                [
                    0.47807079553604126,
                    -0.2740638852119446,
                    0.8344681859016418,
                    3.36384916305542
                ],
                [
                    0.8783213496208191,
                    0.14917314052581787,
                    -0.45420151948928833,
                    -1.8309450149536133
                ],
                [
                    -7.450580596923828e-09,
                    0.9500718116760254,
                    0.31203141808509827,
                    1.2578389644622803
                ],
                [
                    0.0,
                    0.0,
                    0.0,
                    1.0
                ]
            ]
        },
        {
            "file_path": "/data/shapenet_blender/all_50_random/02958343/2fb5fe84c28b8b35cc02882a83047172/r_30",
            "rotation": 0.12566370614359174,
            "transform_matrix": [
                [
                    -0.672721803188324,
                    -0.4653491973876953,
                    -0.5752350687980652,
                    -2.3188469409942627
                ],
                [
                    -0.7398955225944519,
                    0.423101007938385,
                    0.5230104923248291,
                    2.108322858810425
                ],
                [
                    1.4901162970204496e-08,
                    0.7774544358253479,
                    -0.6289390921592712,
                    -2.535334825515747
                ],
                [
                    0.0,
                    0.0,
                    0.0,
                    1.0
                ]
            ]
        },
        {
            "file_path": "/data/shapenet_blender/all_50_random/02958343/2fb5fe84c28b8b35cc02882a83047172/r_31",
            "rotation": 0.12566370614359174,
            "transform_matrix": [
                [
                    0.5354063510894775,
                    0.43815547227859497,
                    0.7220523953437805,
                    2.910686492919922
                ],
                [
                    0.8445945382118225,
                    -0.2777560353279114,
                    -0.45772433280944824,
                    -1.8451459407806396
                ],
                [
                    0.0,
                    0.854910135269165,
                    -0.518775999546051,
                    -2.0912532806396484
                ],
                [
                    0.0,
                    0.0,
                    0.0,
                    1.0
                ]
            ]
        },
        {
            "file_path": "/data/shapenet_blender/all_50_random/02958343/2fb5fe84c28b8b35cc02882a83047172/r_32",
            "rotation": 0.12566370614359174,
            "transform_matrix": [
                [
                    0.94746994972229,
                    -0.014911418780684471,
                    -0.3194968104362488,
                    -1.2879328727722168
                ],
                [
                    -0.3198445439338684,
                    -0.044171836227178574,
                    -0.946439802646637,
                    -3.815220832824707
                ],
                [
                    -9.313225191043273e-10,
                    0.9989126324653625,
                    -0.04662082716822624,
                    -0.18793456256389618
                ],
                [
                    0.0,
                    0.0,
                    0.0,
                    1.0
                ]
            ]
        },
        {
            "file_path": "/data/shapenet_blender/all_50_random/02958343/2fb5fe84c28b8b35cc02882a83047172/r_33",
            "rotation": 0.12566370614359174,
            "transform_matrix": [
                [
                    -0.6547481417655945,
                    -0.07213909924030304,
                    -0.7523967027664185,
                    -3.033008098602295
                ],
                [
                    -0.7558470964431763,
                    0.062490083277225494,
                    0.6517592668533325,
                    2.6273255348205566
                ],
                [
                    3.725290298461914e-09,
                    0.9954349398612976,
                    -0.09544140845537186,
                    -0.3847366273403168
                ],
                [
                    0.0,
                    0.0,
                    0.0,
                    1.0
                ]
            ]
        },
        {
            "file_path": "/data/shapenet_blender/all_50_random/02958343/2fb5fe84c28b8b35cc02882a83047172/r_34",
            "rotation": 0.12566370614359174,
            "transform_matrix": [
                [
                    0.6754686236381531,
                    -0.0014794414164498448,
                    0.7373871803283691,
                    2.9725029468536377
                ],
                [
                    0.7373887300491333,
                    0.0013552096206694841,
                    -0.6754671931266785,
                    -2.722895622253418
                ],
                [
                    0.0,
                    0.9999979734420776,
                    0.0020063247065991163,
                    0.008087754249572754
                ],
                [
                    0.0,
                    0.0,
                    0.0,
                    1.0
                ]
            ]
        },
        {
            "file_path": "/data/shapenet_blender/all_50_random/02958343/2fb5fe84c28b8b35cc02882a83047172/r_35",
            "rotation": 0.12566370614359174,
            "transform_matrix": [
                [
                    -0.8212268948554993,
                    0.026834558695554733,
                    -0.5699703693389893,
                    -2.297624111175537
                ],
                [
                    -0.5706018209457397,
                    -0.03862108662724495,
                    0.8203182220458984,
                    3.3068084716796875
                ],
                [
                    0.0,
                    0.9988934993743896,
                    0.047028519213199615,
                    0.18957801163196564
                ],
                [
                    0.0,
                    0.0,
                    0.0,
                    1.0
                ]
            ]
        },
        {
            "file_path": "/data/shapenet_blender/all_50_random/02958343/2fb5fe84c28b8b35cc02882a83047172/r_36",
            "rotation": 0.12566370614359174,
            "transform_matrix": [
                [
                    -0.8453247547149658,
                    0.31954798102378845,
                    0.42815306782722473,
                    1.7259403467178345
                ],
                [
                    0.5342527031898499,
                    0.5056068301200867,
                    0.6774479150772095,
                    2.73088002204895
                ],
                [
                    0.0,
                    0.8014054298400879,
                    -0.5981213450431824,
                    -2.411104440689087
                ],
                [
                    0.0,
                    0.0,
                    0.0,
                    1.0
                ]
            ]
        },
        {
            "file_path": "/data/shapenet_blender/all_50_random/02958343/2fb5fe84c28b8b35cc02882a83047172/r_37",
            "rotation": 0.12566370614359174,
            "transform_matrix": [
                [
                    0.8882421255111694,
                    -0.24495020508766174,
                    -0.38861992955207825,
                    -1.5665771961212158
                ],
                [
                    -0.45937579870224,
                    -0.4736320376396179,
                    -0.7514296174049377,
                    -3.0291099548339844
                ],
                [
                    0.0,
                    0.8459739685058594,
                    -0.5332240462303162,
                    -2.1494951248168945
                ],
                [
                    0.0,
                    0.0,
                    0.0,
                    1.0
                ]
            ]
        },
        {
            "file_path": "/data/shapenet_blender/all_50_random/02958343/2fb5fe84c28b8b35cc02882a83047172/r_38",
            "rotation": 0.12566370614359174,
            "transform_matrix": [
                [
                    0.1930384635925293,
                    -0.2751002013683319,
                    -0.9418365359306335,
                    -3.7966644763946533
                ],
                [
                    -0.9811912178993225,
                    -0.05412289872765541,
                    -0.18529585003852844,
                    -0.7469514608383179
                ],
                [
                    0.0,
                    0.9598909020423889,
                    -0.2803736925125122,
                    -1.1302225589752197
                ],
                [
                    0.0,
                    0.0,
                    0.0,
                    1.0
                ]
            ]
        },
        {
            "file_path": "/data/shapenet_blender/all_50_random/02958343/2fb5fe84c28b8b35cc02882a83047172/r_39",
            "rotation": 0.12566370614359174,
            "transform_matrix": [
                [
                    -0.9325220584869385,
                    -0.022415148094296455,
                    -0.36041662096977234,
                    -1.4528858661651611
                ],
                [
                    -0.36111295223236084,
                    0.05788388103246689,
                    0.9307238459587097,
                    3.7518677711486816
                ],
                [
                    0.0,
                    0.9980716109275818,
                    -0.062072400003671646,
                    -0.250221848487854
                ],
                [
                    0.0,
                    0.0,
                    0.0,
                    1.0
                ]
            ]
        },
        {
            "file_path": "/data/shapenet_blender/all_50_random/02958343/2fb5fe84c28b8b35cc02882a83047172/r_40",
            "rotation": 0.12566370614359174,
            "transform_matrix": [
                [
                    -0.21932682394981384,
                    -0.5551958680152893,
                    -0.8022799491882324,
                    -3.2340941429138184
                ],
                [
                    -0.9756514430046082,
                    0.12480825185775757,
                    0.1803528517484665,
                    0.7270256876945496
                ],
                [
                    0.0,
                    0.8223017454147339,
                    -0.5690514445304871,
                    -2.2939200401306152
                ],
                [
                    0.0,
                    0.0,
                    0.0,
                    1.0
                ]
            ]
        },
        {
            "file_path": "/data/shapenet_blender/all_50_random/02958343/2fb5fe84c28b8b35cc02882a83047172/r_41",
            "rotation": 0.12566370614359174,
            "transform_matrix": [
                [
                    0.439352810382843,
                    -0.16858507692813873,
                    0.8823537230491638,
                    3.556881904602051
                ],
                [
                    0.8983147144317627,
                    0.08245253562927246,
                    -0.43154650926589966,
                    -1.7396197319030762
                ],
                [
                    0.0,
                    0.9822325110435486,
                    0.18766815960407257,
