{
    "class": "02958343",
    "model": "61ff6beffb91b6a82a9eb0f146e94477",
    "remove_doubles": true,
    "edge_split": true,
    "denoise": true,
    "camera_angle_x": 0.6911112070083618,
    "scale_factor": 2.3879000200542877,
    "hdri_file": "/data/IndoorHDRDataset2018/AG8A6917-a1e454ea5a.exr",
    "center_offset": [
        0.0,
        -1.862645149230957e-09,
        -3.725290298461914e-09
    ],
    "lights": [],
    "frames": [
        {
            "file_path": "/data/shapenet_blender/all_50_random/02958343/61ff6beffb91b6a82a9eb0f146e94477/r_0",
            "rotation": 0.12566370614359174,
            "transform_matrix": [
                [
                    -0.9348688125610352,
                    0.008458553813397884,
                    -0.35489264130592346,
                    -1.4306180477142334
                ],
                [
                    -0.35499343276023865,
                    -0.022275449708104134,
                    0.9346033334732056,
                    3.7675065994262695
                ],
                [
                    0.0,
                    0.9997159838676453,
                    0.023827355355024338,
                    0.09605114161968231
                ],
                [
                    0.0,
                    0.0,
                    0.0,
                    1.0
                ]
            ]
        },
        {
            "file_path": "/data/shapenet_blender/all_50_random/02958343/61ff6beffb91b6a82a9eb0f146e94477/r_1",
            "rotation": 0.12566370614359174,
            "transform_matrix": [
                [
                    -0.4504855275154114,
                    -0.7634482979774475,
                    0.4628276526927948,
                    1.865717887878418
                ],
                [
                    0.8927837014198303,
                    -0.38522475957870483,
                    0.2335360199213028,
                    0.9414138197898865
                ],
                [
                    0.0,
                    0.5184096097946167,
                    0.8551324009895325,
                    3.4471490383148193
                ],
                [
                    0.0,
                    0.0,
                    0.0,
                    1.0
                ]
            ]
        },
        {
            "file_path": "/data/shapenet_blender/all_50_random/02958343/61ff6beffb91b6a82a9eb0f146e94477/r_2",
            "rotation": 0.12566370614359174,
            "transform_matrix": [
                [
                    -0.75462806224823,
                    -0.2294507622718811,
                    -0.6147266030311584,
                    -2.4780421257019043
                ],
                [
                    -0.6561527848243713,
                    0.2638866603374481,
                    0.7069846391677856,
                    2.8499460220336914
                ],
                [
                    0.0,
                    0.9368649125099182,
                    -0.34969109296798706,
                    -1.4096498489379883
                ],
                [
                    0.0,
                    0.0,
                    0.0,
                    1.0
                ]
            ]
        },
        {
            "file_path": "/data/shapenet_blender/all_50_random/02958343/61ff6beffb91b6a82a9eb0f146e94477/r_3",
            "rotation": 0.12566370614359174,
            "transform_matrix": [
                [
                    -0.10384354740381241,
                    -0.45737335085868835,
                    -0.8831908106803894,
                    -3.560256242752075
                ],
                [
                    -0.9945936799049377,
                    0.04775344207882881,
                    0.09221219271421432,
                    0.37171927094459534
                ],
                [
                    0.0,
                    0.8879916667938232,
                    -0.4598594903945923,
                    -1.8537529706954956
                ],
                [
                    0.0,
                    0.0,
                    0.0,
                    1.0
                ]
            ]
        },
        {
            "file_path": "/data/shapenet_blender/all_50_random/02958343/61ff6beffb91b6a82a9eb0f146e94477/r_4",
            "rotation": 0.12566370614359174,
            "transform_matrix": [
                [
                    -0.09923947602510452,
                    0.05911121889948845,
                    -0.9933062791824341,
                    -4.004145622253418
                ],
                [
                    -0.9950635433197021,
                    -0.0058952681720256805,
                    0.09906422346830368,
                    0.3993406593799591
                ],
                [
                    0.0,
                    0.99823397397995,
                    0.059404466301202774,
                    0.2394670695066452
                ],
                [
                    0.0,
                    0.0,
                    0.0,
                    1.0
                ]
            ]
        },
        {
            "file_path": "/data/shapenet_blender/all_50_random/02958343/61ff6beffb91b6a82a9eb0f146e94477/r_5",
            "rotation": 0.12566370614359174,
            "transform_matrix": [
                [
                    -0.5839792490005493,
                    0.2883342504501343,
                    -0.7588355541229248,
                    -3.058964252471924
                ],
                [
                    -0.8117684721946716,
                    -0.20742517709732056,
                    0.5458997488021851,
                    2.200592517852783
                ],
                [
                    0.0,
                    0.9347930550575256,
                    0.3551926612854004,
                    1.4318275451660156
                ],
                [
                    0.0,
                    0.0,
                    0.0,
                    1.0
                ]
            ]
        },
        {
            "file_path": "/data/shapenet_blender/all_50_random/02958343/61ff6beffb91b6a82a9eb0f146e94477/r_6",
            "rotation": 0.12566370614359174,
            "transform_matrix": [
                [
                    0.6139178276062012,
                    -0.1330929398536682,
                    0.7780687808990479,
                    3.13649582862854
                ],
                [
                    0.7893699407577515,
                    0.10351058840751648,
                    -0.6051286458969116,
                    -2.439351797103882
                ],
                [
                    -7.450580596923828e-09,
                    0.9856833815574646,
                    0.16860656440258026,
                    0.6796748638153076
                ],
                [
                    0.0,
                    0.0,
                    0.0,
                    1.0
                ]
            ]
        },
        {
            "file_path": "/data/shapenet_blender/all_50_random/02958343/61ff6beffb91b6a82a9eb0f146e94477/r_7",
            "rotation": 0.12566370614359174,
            "transform_matrix": [
                [
                    0.4943167269229889,
                    -0.010002631694078445,
                    0.8692243695259094,
                    3.503955125808716
                ],
                [
                    0.8692818284034729,
                    0.005687992088496685,
                    -0.4942840337753296,
                    -1.9925224781036377
                ],
                [
                    -4.656612040410124e-10,
                    0.9999338984489441,
                    0.01150677539408207,
                    0.04638528823852539
                ],
                [
                    0.0,
                    0.0,
                    0.0,
                    1.0
                ]
            ]
        },
        {
            "file_path": "/data/shapenet_blender/all_50_random/02958343/61ff6beffb91b6a82a9eb0f146e94477/r_8",
            "rotation": 0.12566370614359174,
            "transform_matrix": [
                [
                    0.017625968903303146,
                    0.4454507529735565,
                    0.8951328992843628,
                    3.608396053314209
                ],
                [
                    0.9998446702957153,
                    -0.007852720096707344,
                    -0.01578003540635109,
                    -0.06361135840415955
                ],
                [
                    -4.656612873077393e-10,
                    0.8952719569206238,
                    -0.44551998376846313,
                    -1.7959485054016113
                ],
                [
                    0.0,
                    0.0,
                    0.0,
                    1.0
                ]
            ]
        },
        {
            "file_path": "/data/shapenet_blender/all_50_random/02958343/61ff6beffb91b6a82a9eb0f146e94477/r_9",
            "rotation": 0.12566370614359174,
            "transform_matrix": [
                [
                    0.27566632628440857,
                    0.04070042073726654,
                    -0.9603912830352783,
                    -3.8714611530303955
                ],
                [
                    -0.9612534046173096,
                    0.011671986430883408,
                    -0.27541908621788025,
                    -1.1102498769760132
                ],
                [
                    9.313225746154785e-10,
                    0.9991031885147095,
                    0.042340993881225586,
                    0.17068201303482056
                ],
                [
                    0.0,
                    0.0,
                    0.0,
                    1.0
                ]
            ]
        },
        {
            "file_path": "/data/shapenet_blender/all_50_random/02958343/61ff6beffb91b6a82a9eb0f146e94477/r_10",
            "rotation": 0.12566370614359174,
            "transform_matrix": [
                [
                    0.13353438675403595,
                    -0.5192020535469055,
                    0.8441550731658936,
                    3.402897834777832
                ],
                [
                    0.9910441040992737,
                    0.06995786726474762,
                    -0.1137424036860466,
                    -0.45851030945777893
                ],
                [
                    3.725290076417309e-09,
                    0.8517834544181824,
                    0.5238938927650452,
                    2.1118838787078857
                ],
                [
                    0.0,
                    0.0,
                    0.0,
                    1.0
                ]
            ]
        },
        {
            "file_path": "/data/shapenet_blender/all_50_random/02958343/61ff6beffb91b6a82a9eb0f146e94477/r_11",
            "rotation": 0.12566370614359174,
            "transform_matrix": [
                [
                    0.9970599412918091,
                    -0.05771347135305405,
                    -0.05040500685572624,
                    -0.20318907499313354
                ],
                [
                    -0.07662578672170639,
                    -0.7509716153144836,
                    -0.6558734178543091,
                    -2.6439101696014404
                ],
                [
                    3.725290298461914e-09,
                    0.6578075289726257,
                    -0.7531861066818237,
                    -3.0361902713775635
                ],
                [
                    0.0,
                    0.0,
                    0.0,
                    1.0
                ]
            ]
        },
        {
            "file_path": "/data/shapenet_blender/all_50_random/02958343/61ff6beffb91b6a82a9eb0f146e94477/r_12",
            "rotation": 0.12566370614359174,
            "transform_matrix": [
                [
                    -0.9613925814628601,
                    0.24436989426612854,
                    0.1265217363834381,
                    0.5100254416465759
                ],
                [
                    0.2751806676387787,
                    0.8537496328353882,
                    0.44202616810798645,
                    1.7818645238876343
                ],
                [
                    7.450581485102248e-09,
                    0.45977699756622314,
                    -0.8880343437194824,
                    -3.5797810554504395
                ],
                [
                    0.0,
                    0.0,
                    0.0,
                    1.0
                ]
            ]
        },
        {
            "file_path": "/data/shapenet_blender/all_50_random/02958343/61ff6beffb91b6a82a9eb0f146e94477/r_13",
            "rotation": 0.12566370614359174,
            "transform_matrix": [
                [
                    0.6412878036499023,
                    -0.0197162926197052,
                    -0.767047107219696,
                    -3.0920655727386475
                ],
                [
                    -0.7673003673553467,
                    -0.016478314995765686,
                    -0.6410760879516602,
                    -2.5842602252960205
                ],
                [
                    0.0,
                    0.9996696710586548,
                    -0.025695668533444405,
                    -0.10358254611492157
                ],
                [
                    0.0,
                    0.0,
                    0.0,
                    1.0
                ]
            ]
        },
        {
            "file_path": "/data/shapenet_blender/all_50_random/02958343/61ff6beffb91b6a82a9eb0f146e94477/r_14",
            "rotation": 0.12566370614359174,
            "transform_matrix": [
                [
                    0.4654504656791687,
                    0.19659611582756042,
                    -0.8629634380340576,
                    -3.4787168502807617
                ],
                [
                    -0.8850739598274231,
                    0.10338768362998962,
                    -0.4538227915763855,
                    -1.8294181823730469
                ],
                [
                    -7.450580596923828e-09,
                    0.9750184416770935,
                    0.22212395071983337,
                    0.8954102993011475
                ],
                [
                    0.0,
                    0.0,
                    0.0,
                    1.0
                ]
            ]
        },
        {
            "file_path": "/data/shapenet_blender/all_50_random/02958343/61ff6beffb91b6a82a9eb0f146e94477/r_15",
            "rotation": 0.12566370614359174,
            "transform_matrix": [
                [
                    0.5363775491714478,
                    -0.575237512588501,
                    -0.6175767183303833,
                    -2.4895312786102295
                ],
                [
                    -0.8439781665802002,
                    -0.36558347940444946,
                    -0.39249151945114136,
                    -1.5821839570999146
                ],
                [
                    0.0,
                    0.7317448854446411,
                    -0.6815785765647888,
                    -2.7475311756134033
                ],
                [
                    0.0,
                    0.0,
                    0.0,
                    1.0
                ]
            ]
        },
        {
            "file_path": "/data/shapenet_blender/all_50_random/02958343/61ff6beffb91b6a82a9eb0f146e94477/r_16",
            "rotation": 0.12566370614359174,
            "transform_matrix": [
                [
                    -0.43136924505233765,
                    0.5288106799125671,
                    -0.7309444546699524,
                    -2.9465315341949463
                ],
                [
                    -0.9021755456924438,
                    -0.2528473138809204,
                    0.3494962453842163,
                    1.4088644981384277
                ],
                [
                    1.4901161193847656e-08,
                    0.8102021217346191,
                    0.5861504673957825,
                    2.3628482818603516
                ],
                [
                    0.0,
                    0.0,
                    0.0,
                    1.0
                ]
            ]
        },
        {
            "file_path": "/data/shapenet_blender/all_50_random/02958343/61ff6beffb91b6a82a9eb0f146e94477/r_17",
            "rotation": 0.12566370614359174,
            "transform_matrix": [
                [
                    -0.9952534437179565,
                    0.06476035714149475,
                    0.07263880223035812,
                    0.2928163409233093
                ],
                [
                    0.09731544554233551,
                    0.6623097062110901,
                    0.7428832650184631,
                    2.9946577548980713
                ],
                [
                    0.0,
                    0.7464260458946228,
                    -0.6654684543609619,
                    -2.682588815689087
                ],
                [
                    0.0,
                    0.0,
                    0.0,
                    1.0
                ]
            ]
        },
        {
            "file_path": "/data/shapenet_blender/all_50_random/02958343/61ff6beffb91b6a82a9eb0f146e94477/r_18",
            "rotation": 0.12566370614359174,
            "transform_matrix": [
                [
                    0.442123681306839,
                    -0.02877088077366352,
                    -0.8964924812316895,
                    -3.613877058029175
                ],
                [
                    -0.8969540596008301,
                    -0.014181648381054401,
                    -0.4418961703777313,
                    -1.7813405990600586
                ],
                [
                    9.313225191043273e-10,
                    0.9994853734970093,
                    -0.03207619860768318,
                    -0.12930330634117126
                ],
                [
                    0.0,
                    0.0,
                    0.0,
                    1.0
                ]
            ]
        },
        {
            "file_path": "/data/shapenet_blender/all_50_random/02958343/61ff6beffb91b6a82a9eb0f146e94477/r_19",
            "rotation": 0.12566370614359174,
            "transform_matrix": [
                [
                    0.1601533740758896,
                    -0.5013265609741211,
                    0.850307285785675,
                    3.4276983737945557
                ],
                [
                    0.9870920777320862,
                    0.08133906126022339,
                    -0.13796037435531616,
                    -0.5561360716819763
                ],
                [
                    7.450580152834618e-09,
                    0.8614264726638794,
                    0.5078822374343872,
                    2.0473387241363525
                ],
                [
                    0.0,
                    0.0,
                    0.0,
                    1.0
                ]
            ]
        },
        {
            "file_path": "/data/shapenet_blender/all_50_random/02958343/61ff6beffb91b6a82a9eb0f146e94477/r_20",
            "rotation": 0.12566370614359174,
            "transform_matrix": [
                [
                    -0.5858111381530762,
                    0.5042471885681152,
                    0.6344762444496155,
                    2.5576555728912354
                ],
                [
                    0.8104475736618042,
                    0.364482045173645,
                    0.4586147964000702,
                    1.8487353324890137
                ],
                [
                    2.9802318834981634e-08,
                    0.782871425151825,
                    -0.6221835613250732,
                    -2.5081021785736084
                ],
                [
                    0.0,
                    0.0,
                    0.0,
                    1.0
                ]
            ]
        },
        {
            "file_path": "/data/shapenet_blender/all_50_random/02958343/61ff6beffb91b6a82a9eb0f146e94477/r_21",
            "rotation": 0.12566370614359174,
            "transform_matrix": [
                [
                    -0.9831885099411011,
                    0.021891068667173386,
                    0.1812763214111328,
                    0.7307482361793518
                ],
                [
                    0.18259331583976746,
                    0.11787422746419907,
                    0.9760969877243042,
                    3.9347727298736572
                ],
                [
                    1.8626450382086546e-09,
                    0.9927871823310852,
                    -0.1198897585272789,
                    -0.4832910895347595
                ],
                [
                    0.0,
                    0.0,
                    0.0,
                    1.0
                ]
            ]
        },
        {
            "file_path": "/data/shapenet_blender/all_50_random/02958343/61ff6beffb91b6a82a9eb0f146e94477/r_22",
            "rotation": 0.12566370614359174,
            "transform_matrix": [
                [
                    0.94146728515625,
                    -0.2259252965450287,
                    -0.25019383430480957,
                    -1.0085636377334595
                ],
                [
                    -0.33710411190986633,
                    -0.6309661269187927,
                    -0.6987435221672058,
                    -2.816725254058838
                ],
                [
                    0.0,
                    0.742185652256012,
                    -0.6701943278312683,
                    -2.7016396522521973
                ],
                [
                    0.0,
                    0.0,
                    0.0,
                    1.0
                ]
            ]
        },
        {
            "file_path": "/data/shapenet_blender/all_50_random/02958343/61ff6beffb91b6a82a9eb0f146e94477/r_23",
            "rotation": 0.12566370614359174,
            "transform_matrix": [
                [
                    -0.999915599822998,
                    -0.005988406948745251,
                    -0.011534575372934341,
                    -0.04649735987186432
                ],
                [
                    -0.012996439822018147,
                    0.46073395013809204,
                    0.8874431252479553,
                    3.577397584915161
                ],
                [
                    -4.656612873077393e-10,
                    0.887518048286438,
                    -0.46077287197113037,
                    -1.857434868812561
                ],
                [
                    0.0,
                    0.0,
                    0.0,
                    1.0
                ]
            ]
        },
        {
            "file_path": "/data/shapenet_blender/all_50_random/02958343/61ff6beffb91b6a82a9eb0f146e94477/r_24",
            "rotation": 0.12566370614359174,
            "transform_matrix": [
                [
                    -0.9582866430282593,
                    -0.02836761809885502,
                    0.28439775109291077,
                    1.1464438438415527
                ],
                [
                    0.2858090400695801,
                    -0.09511353820562363,
                    0.9535548090934753,
                    3.8439018726348877
                ],
                [
                    -1.8626449271863521e-09,
                    0.9950621724128723,
                    0.09925375878810883,
                    0.4001046419143677
                ],
                [
                    0.0,
                    0.0,
                    0.0,
                    1.0
                ]
            ]
        },
        {
            "file_path": "/data/shapenet_blender/all_50_random/02958343/61ff6beffb91b6a82a9eb0f146e94477/r_25",
            "rotation": 0.12566370614359174,
            "transform_matrix": [
                [
                    0.9632779359817505,
                    0.012819129042327404,
                    -0.26820018887519836,
                    -1.0811495780944824
                ],
                [
                    -0.26850637793540955,
                    0.04598916321992874,
                    -0.9621794819831848,
                    -3.878669261932373
                ],
                [
                    0.0,
                    0.9988595247268677,
                    0.04774237051606178,
                    0.19245564937591553
                ],
                [
                    0.0,
                    0.0,
                    0.0,
                    1.0
                ]
            ]
        },
        {
            "file_path": "/data/shapenet_blender/all_50_random/02958343/61ff6beffb91b6a82a9eb0f146e94477/r_26",
            "rotation": 0.12566370614359174,
            "transform_matrix": [
                [
                    0.46983233094215393,
                    -0.13355368375778198,
                    0.8725943565368652,
                    3.517540454864502
                ],
                [
                    0.882755696773529,
                    0.07108177244663239,
                    -0.46442413330078125,
                    -1.8721535205841064
                ],
                [
                    3.725290742551124e-09,
                    0.988489031791687,
                    0.15129180252552032,
                    0.6098767518997192
                ],
                [
                    0.0,
                    0.0,
                    0.0,
                    1.0
                ]
            ]
        },
        {
            "file_path": "/data/shapenet_blender/all_50_random/02958343/61ff6beffb91b6a82a9eb0f146e94477/r_27",
            "rotation": 0.12566370614359174,
            "transform_matrix": [
                [
                    -0.2950759828090668,
                    -0.0793226957321167,
                    -0.9521754384040833,
                    -3.8383419513702393
                ],
                [
                    -0.9554738402366638,
                    0.024496980011463165,
                    0.29405736923217773,
                    1.1853832006454468
                ],
                [
                    0.0,
                    0.9965478777885437,
                    -0.08301922678947449,
                    -0.33466121554374695
                ],
                [
                    0.0,
                    0.0,
                    0.0,
                    1.0
                ]
            ]
        },
        {
            "file_path": "/data/shapenet_blender/all_50_random/02958343/61ff6beffb91b6a82a9eb0f146e94477/r_28",
            "rotation": 0.12566370614359174,
            "transform_matrix": [
                [
                    0.7626709342002869,
                    -0.6426452994346619,
                    0.07307596504688263,
                    0.2945786416530609
                ],
                [
                    0.6467867493629456,
                    0.7577874064445496,
                    -0.08616890758275986,
                    -0.34735798835754395
                ],
                [
                    0.0,
                    0.11298300325870514,
                    0.9935969114303589,
                    4.005317211151123
                ],
                [
                    0.0,
                    0.0,
                    0.0,
                    1.0
                ]
            ]
        },
        {
            "file_path": "/data/shapenet_blender/all_50_random/02958343/61ff6beffb91b6a82a9eb0f146e94477/r_29",
            "rotation": 0.12566370614359174,
            "transform_matrix": [
                [
                    -0.4148440957069397,
                    -0.0033238830510526896,
                    0.9098864197731018,
                    3.6678695678710938
                ],
                [
                    0.9098926186561584,
                    -0.0015154461143538356,
                    0.41484126448631287,
                    1.672278642654419
                ],
                [
                    0.0,
                    0.9999932646751404,
                    0.0036530504003167152,
                    0.014725917018949986
                ],
                [
                    0.0,
                    0.0,
                    0.0,
                    1.0
                ]
            ]
        },
        {
            "file_path": "/data/shapenet_blender/all_50_random/02958343/61ff6beffb91b6a82a9eb0f146e94477/r_30",
            "rotation": 0.12566370614359174,
            "transform_matrix": [
                [
                    -0.6390535235404968,
                    -0.390004426240921,
                    0.66295325756073,
                    2.672450304031372
                ],
                [
                    0.7691622972488403,
                    -0.32403266429901123,
                    0.5508104562759399,
                    2.220388174057007
                ],
                [
                    0.0,
                    0.8619159460067749,
                    0.5070508718490601,
                    2.04398775100708
                ],
                [
                    0.0,
                    0.0,
                    0.0,
                    1.0
                ]
            ]
        },
        {
            "file_path": "/data/shapenet_blender/all_50_random/02958343/61ff6beffb91b6a82a9eb0f146e94477/r_31",
            "rotation": 0.12566370614359174,
            "transform_matrix": [
                [
                    0.9149916768074036,
                    0.3997790217399597,
                    -0.054469261318445206,
                    -0.21957263350486755
                ],
                [
                    -0.4034726023674011,
                    0.9066153764724731,
                    -0.12352491915225983,
                    -0.4979449212551117
                ],
                [
                    -3.725290076417309e-09,
                    0.13500116765499115,
                    0.9908453822135925,
                    3.9942257404327393
                ],
                [
                    0.0,
                    0.0,
                    0.0,
                    1.0
                ]
            ]
        },
        {
            "file_path": "/data/shapenet_blender/all_50_random/02958343/61ff6beffb91b6a82a9eb0f146e94477/r_32",
            "rotation": 0.12566370614359174,
            "transform_matrix": [
                [
                    -0.0211919117718935,
                    -0.7325947284698486,
                    -0.6803349852561951,
                    -2.742518186569214
                ],
                [
                    -0.9997754096984863,
                    0.015528570860624313,
                    0.014420838095247746,
                    0.05813226103782654
                ],
                [
                    0.0,
                    0.6804877519607544,
                    -0.7327592968940735,
                    -2.9538474082946777
                ],
                [
                    0.0,
                    0.0,
                    0.0,
                    1.0
                ]
            ]
        },
        {
            "file_path": "/data/shapenet_blender/all_50_random/02958343/61ff6beffb91b6a82a9eb0f146e94477/r_33",
            "rotation": 0.12566370614359174,
            "transform_matrix": [
                [
                    -0.8029515743255615,
                    0.4502924680709839,
                    -0.39051949977874756,
                    -1.5742346048355103
                ],
                [
                    -0.5960443615913391,
                    -0.606604278087616,
                    0.5260820388793945,
                    2.1207048892974854
                ],
                [
                    -1.4901162970204496e-08,
                    0.655185341835022,
                    0.7554680705070496,
                    3.045389413833618
                ],
                [
                    0.0,
                    0.0,
                    0.0,
                    1.0
                ]
            ]
        },
        {
            "file_path": "/data/shapenet_blender/all_50_random/02958343/61ff6beffb91b6a82a9eb0f146e94477/r_34",
            "rotation": 0.12566370614359174,
            "transform_matrix": [
                [
                    -0.3338852822780609,
                    0.26315149664878845,
                    0.9051363468170166,
                    3.64872145652771
                ],
                [
                    0.9426137804985046,
                    0.09321146458387375,
                    0.32061031460762024,
                    1.292421579360962
                ],
                [
                    0.0,
                    0.9602411389350891,
                    -0.2791720926761627,
                    -1.1253788471221924
                ],
                [
                    0.0,
                    0.0,
                    0.0,
                    1.0
                ]
            ]
        },
        {
            "file_path": "/data/shapenet_blender/all_50_random/02958343/61ff6beffb91b6a82a9eb0f146e94477/r_35",
            "rotation": 0.12566370614359174,
            "transform_matrix": [
                [
                    -0.6438076496124268,
                    0.6691226363182068,
                    -0.3711961507797241,
                    -1.4963396787643433
                ],
                [
                    -0.7651873826980591,
                    -0.562981367111206,
                    0.3123142421245575,
                    1.258979082107544
                ],
                [
                    1.4901161193847656e-08,
                    0.4851049780845642,
                    0.8744558691978455,
                    3.5250446796417236
                ],
                [
                    0.0,
                    0.0,
                    0.0,
                    1.0
                ]
            ]
        },
        {
            "file_path": "/data/shapenet_blender/all_50_random/02958343/61ff6beffb91b6a82a9eb0f146e94477/r_36",
            "rotation": 0.12566370614359174,
            "transform_matrix": [
                [
                    -0.8461775183677673,
                    -0.13450448215007782,
                    0.5156473517417908,
                    2.078640937805176
                ],
                [
                    0.5329011678695679,
                    -0.2135755717754364,
                    0.8187807202339172,
                    3.3006105422973633
                ],
                [
                    0.0,
                    0.9676228761672974,
                    0.2524004280567169,
                    1.0174586772918701
                ],
                [
                    0.0,
                    0.0,
                    0.0,
                    1.0
                ]
            ]
        },
        {
            "file_path": "/data/shapenet_blender/all_50_random/02958343/61ff6beffb91b6a82a9eb0f146e94477/r_37",
            "rotation": 0.12566370614359174,
            "transform_matrix": [
                [
                    -0.6230089664459229,
                    -0.7638745307922363,
                    0.16839085519313812,
                    0.6788052916526794
                ],
                [
                    0.7822147011756897,
                    -0.6084017157554626,
                    0.1341179460287094,
                    0.5406467914581299
                ],
                [
                    0.0,
                    0.215274378657341,
                    0.9765534996986389,
                    3.9366133213043213
                ],
                [
                    0.0,
                    0.0,
                    0.0,
                    1.0
                ]
            ]
        },
        {
            "file_path": "/data/shapenet_blender/all_50_random/02958343/61ff6beffb91b6a82a9eb0f146e94477/r_38",
            "rotation": 0.12566370614359174,
            "transform_matrix": [
                [
                    -0.5799737572669983,
                    0.02704188972711563,
                    0.8141860961914062,
                    3.2820894718170166
                ],
                [
                    0.8146350979804993,
                    0.019252285361289978,
                    0.5796540975570679,
                    2.336660623550415
                ],
                [
                    -1.8626450382086546e-09,
                    0.9994489550590515,
                    -0.03319508582353592,
                    -0.13381367921829224
                ],
                [
                    0.0,
                    0.0,
                    0.0,
                    1.0
                ]
            ]
        },
        {
            "file_path": "/data/shapenet_blender/all_50_random/02958343/61ff6beffb91b6a82a9eb0f146e94477/r_39",
            "rotation": 0.12566370614359174,
            "transform_matrix": [
                [
                    0.035350777208805084,
                    -0.6843856573104858,
                    0.7282626032829285,
                    2.935720443725586
                ],
                [
                    0.9993749260902405,
                    0.02420869655907154,
                    -0.025760751217603683,
                    -0.10384491086006165
                ],
                [
                    0.0,
                    0.7287179827690125,
                    0.6848137974739075,
                    2.760572671890259
                ],
                [
                    0.0,
                    0.0,
                    0.0,
                    1.0
                ]
            ]
        },
        {
            "file_path": "/data/shapenet_blender/all_50_random/02958343/61ff6beffb91b6a82a9eb0f146e94477/r_40",
            "rotation": 0.12566370614359174,
            "transform_matrix": [
                [
                    -0.12350291758775711,
                    0.019381623715162277,
                    0.9921548962593079,
                    3.999504327774048
                ],
                [
                    0.9923442602157593,
                    0.0024121536407619715,
                    0.12347935140132904,
                    0.49776118993759155
                ],
                [
                    2.3283064365386963e-10,
                    0.9998092651367188,
                    -0.01953114941716194,
                    -0.07873257994651794
                ],
                [
                    0.0,
                    0.0,
                    0.0,
                    1.0
                ]
            ]
        },
        {
            "file_path": "/data/shapenet_blender/all_50_random/02958343/61ff6beffb91b6a82a9eb0f146e94477/r_41",
            "rotation": 0.12566370614359174,
            "transform_matrix": [
                [
                    0.297532856464386,
                    0.20684167742729187,
                    -0.9320357441902161,
                    -3.7571563720703125
                ],
                [
                    -0.9547116756439209,
                    0.06446155905723572,
                    -0.2904660105705261,
