{
    "class": "02958343",
    "model": "de3280a89c7ccbcf946f6dc2df6150bc",
    "remove_doubles": true,
    "edge_split": true,
    "denoise": true,
    "camera_angle_x": 0.6911112070083618,
    "scale_factor": 2.460566255873597,
    "hdri_file": "/data/IndoorHDRDataset2018/9C4A1900-0a332dfc43.exr",
    "center_offset": [
        0.0,
        -2.3283064365386963e-09,
        7.450580596923828e-09
    ],
    "lights": [],
    "frames": [
        {
            "file_path": "/data/shapenet_blender/all_50_random/02958343/de3280a89c7ccbcf946f6dc2df6150bc/r_0",
            "rotation": 0.12566370614359174,
            "transform_matrix": [
                [
                    -0.3402036130428314,
                    0.13206394016742706,
                    0.9310320615768433,
                    3.75311017036438
                ],
                [
                    0.9403517842292786,
                    0.04777853935956955,
                    0.3368318974971771,
                    1.357812762260437
                ],
                [
                    -3.725290076417309e-09,
                    0.9900890588760376,
                    -0.14044101536273956,
                    -0.566135823726654
                ],
                [
                    0.0,
                    0.0,
                    0.0,
                    1.0
                ]
            ]
        },
        {
            "file_path": "/data/shapenet_blender/all_50_random/02958343/de3280a89c7ccbcf946f6dc2df6150bc/r_1",
            "rotation": 0.12566370614359174,
            "transform_matrix": [
                [
                    -0.9201170802116394,
                    -0.04138307273387909,
                    0.3894510269165039,
                    1.569927453994751
                ],
                [
                    0.39164361357688904,
                    -0.09722429513931274,
                    0.9149658679962158,
                    3.6883456707000732
                ],
                [
                    3.725290742551124e-09,
                    0.9944016933441162,
                    0.10566513985395432,
                    0.4259498417377472
                ],
                [
                    0.0,
                    0.0,
                    0.0,
                    1.0
                ]
            ]
        },
        {
            "file_path": "/data/shapenet_blender/all_50_random/02958343/de3280a89c7ccbcf946f6dc2df6150bc/r_2",
            "rotation": 0.12566370614359174,
            "transform_matrix": [
                [
                    0.9864343404769897,
                    -0.05566529184579849,
                    0.15443061292171478,
                    0.6225296854972839
                ],
                [
                    0.1641567498445511,
                    0.3344982862472534,
                    -0.9279889464378357,
                    -3.7408430576324463
                ],
                [
                    0.0,
                    0.9407508373260498,
                    0.3390984535217285,
                    1.3669495582580566
                ],
                [
                    0.0,
                    0.0,
                    0.0,
                    1.0
                ]
            ]
        },
        {
            "file_path": "/data/shapenet_blender/all_50_random/02958343/de3280a89c7ccbcf946f6dc2df6150bc/r_3",
            "rotation": 0.12566370614359174,
            "transform_matrix": [
                [
                    -0.19557379186153412,
                    0.07102739810943604,
                    0.9781134724617004,
                    3.942901611328125
                ],
                [
                    0.9806890487670898,
                    0.014164630323648453,
                    0.1950601488351822,
                    0.7863126397132874
                ],
                [
                    0.0,
                    0.9973737001419067,
                    -0.07242602109909058,
                    -0.29195863008499146
                ],
                [
                    0.0,
                    0.0,
                    0.0,
                    1.0
                ]
            ]
        },
        {
            "file_path": "/data/shapenet_blender/all_50_random/02958343/de3280a89c7ccbcf946f6dc2df6150bc/r_4",
            "rotation": 0.12566370614359174,
            "transform_matrix": [
                [
                    -0.8657397031784058,
                    -0.10967632383108139,
                    0.4883297383785248,
                    1.968520164489746
                ],
                [
                    0.5004945993423462,
                    -0.18971464037895203,
                    0.8446972966194153,
                    3.405083656311035
                ],
                [
                    7.450580596923828e-09,
                    0.9756942987442017,
                    0.21913588047027588,
                    0.8833649754524231
                ],
                [
                    0.0,
                    0.0,
                    0.0,
                    1.0
                ]
            ]
        },
        {
            "file_path": "/data/shapenet_blender/all_50_random/02958343/de3280a89c7ccbcf946f6dc2df6150bc/r_5",
            "rotation": 0.12566370614359174,
            "transform_matrix": [
                [
                    0.3753754198551178,
                    -0.41023585200309753,
                    0.8311436176300049,
                    3.350447416305542
                ],
                [
                    0.9268729090690613,
                    0.16614191234111786,
                    -0.33660587668418884,
                    -1.35690176486969
                ],
                [
                    1.4901162970204496e-08,
                    0.8967180848121643,
                    0.4426020383834839,
                    1.7841860055923462
                ],
                [
                    0.0,
                    0.0,
                    0.0,
                    1.0
                ]
            ]
        },
        {
            "file_path": "/data/shapenet_blender/all_50_random/02958343/de3280a89c7ccbcf946f6dc2df6150bc/r_6",
            "rotation": 0.12566370614359174,
            "transform_matrix": [
                [
                    0.1675514578819275,
                    -0.1964794397354126,
                    -0.9660860300064087,
                    -3.8944175243377686
                ],
                [
                    -0.9858633279800415,
                    -0.03339247405529022,
                    -0.16419023275375366,
                    -0.6618720889091492
                ],
                [
                    3.725290298461914e-09,
                    0.9799391031265259,
                    -0.19929681718349457,
                    -0.8033912181854248
                ],
                [
                    0.0,
                    0.0,
                    0.0,
                    1.0
                ]
            ]
        },
        {
            "file_path": "/data/shapenet_blender/all_50_random/02958343/de3280a89c7ccbcf946f6dc2df6150bc/r_7",
            "rotation": 0.12566370614359174,
            "transform_matrix": [
                [
                    -0.1372569501399994,
                    -0.19885461032390594,
                    -0.9703697562217712,
                    -3.9116852283477783
                ],
                [
                    -0.99053555727005,
                    0.02755497209727764,
                    0.1344626098871231,
                    0.5420360565185547
                ],
                [
                    1.862645371275562e-09,
                    0.9796414375305176,
                    -0.20075470209121704,
                    -0.8092679977416992
                ],
                [
                    0.0,
                    0.0,
                    0.0,
                    1.0
                ]
            ]
        },
        {
            "file_path": "/data/shapenet_blender/all_50_random/02958343/de3280a89c7ccbcf946f6dc2df6150bc/r_8",
            "rotation": 0.12566370614359174,
            "transform_matrix": [
                [
                    0.3029341697692871,
                    -0.27412721514701843,
                    0.9127349257469177,
                    3.679352283477783
                ],
                [
                    0.9530115127563477,
                    0.08713693916797638,
                    -0.29013144969940186,
                    -1.1695573329925537
                ],
                [
                    0.0,
                    0.9577376246452332,
                    0.287643164396286,
                    1.1595267057418823
                ],
                [
                    0.0,
                    0.0,
                    0.0,
                    1.0
                ]
            ]
        },
        {
            "file_path": "/data/shapenet_blender/all_50_random/02958343/de3280a89c7ccbcf946f6dc2df6150bc/r_9",
            "rotation": 0.12566370614359174,
            "transform_matrix": [
                [
                    0.924080491065979,
                    0.1329994648694992,
                    -0.3583105504512787,
                    -1.4443961381912231
                ],
                [
                    -0.3821980059146881,
                    0.3215668201446533,
                    -0.8663251996040344,
                    -3.4922688007354736
                ],
                [
                    0.0,
                    0.9374998211860657,
                    0.3479856848716736,
                    1.4027752876281738
                ],
                [
                    0.0,
                    0.0,
                    0.0,
                    1.0
                ]
            ]
        },
        {
            "file_path": "/data/shapenet_blender/all_50_random/02958343/de3280a89c7ccbcf946f6dc2df6150bc/r_10",
            "rotation": 0.12566370614359174,
            "transform_matrix": [
                [
                    -0.9771426320075989,
                    -0.10603450238704681,
                    -0.18425215780735016,
                    -0.7427442669868469
                ],
                [
                    -0.21258454024791718,
                    0.4873864948749542,
                    0.84691321849823,
                    3.4140167236328125
                ],
                [
                    -7.450580596923828e-09,
                    0.8667242527008057,
                    -0.49878743290901184,
                    -2.010676622390747
                ],
                [
                    0.0,
                    0.0,
                    0.0,
                    1.0
                ]
            ]
        },
        {
            "file_path": "/data/shapenet_blender/all_50_random/02958343/de3280a89c7ccbcf946f6dc2df6150bc/r_11",
            "rotation": 0.12566370614359174,
            "transform_matrix": [
                [
                    0.9914863705635071,
                    -0.11397571861743927,
                    0.06296370178461075,
                    0.25381481647491455
                ],
                [
                    0.13021095097064972,
                    0.8678637742996216,
                    -0.4794347286224365,
                    -1.9326633214950562
                ],
                [
                    0.0,
                    0.483551561832428,
                    0.87531578540802,
                    3.5285110473632812
                ],
                [
                    0.0,
                    0.0,
                    0.0,
                    1.0
                ]
            ]
        },
        {
            "file_path": "/data/shapenet_blender/all_50_random/02958343/de3280a89c7ccbcf946f6dc2df6150bc/r_12",
            "rotation": 0.12566370614359174,
            "transform_matrix": [
                [
                    0.9981321096420288,
                    -0.05345739796757698,
                    0.029573237523436546,
                    0.1192135363817215
                ],
                [
                    0.061092309653759,
                    0.8733922243118286,
                    -0.4831704795360565,
                    -1.9477225542068481
                ],
                [
                    0.0,
                    0.48407459259033203,
                    0.8750267028808594,
                    3.5273454189300537
                ],
                [
                    0.0,
                    0.0,
                    0.0,
                    1.0
                ]
            ]
        },
        {
            "file_path": "/data/shapenet_blender/all_50_random/02958343/de3280a89c7ccbcf946f6dc2df6150bc/r_13",
            "rotation": 0.12566370614359174,
            "transform_matrix": [
                [
                    -0.2948564887046814,
                    0.9400054812431335,
                    0.17160840332508087,
                    0.6917756199836731
                ],
                [
                    0.9555415511131287,
                    0.29006242752075195,
                    0.05295410379767418,
                    0.21346482634544373
                ],
                [
                    -3.725290298461914e-09,
                    0.17959272861480713,
                    -0.983741044998169,
                    -3.9655869007110596
                ],
                [
                    0.0,
                    0.0,
                    0.0,
                    1.0
                ]
            ]
        },
        {
            "file_path": "/data/shapenet_blender/all_50_random/02958343/de3280a89c7ccbcf946f6dc2df6150bc/r_14",
            "rotation": 0.12566370614359174,
            "transform_matrix": [
                [
                    0.178584024310112,
                    -0.49659907817840576,
                    0.849409818649292,
                    3.4240806102752686
                ],
                [
                    0.9839246869087219,
                    0.09013359248638153,
                    -0.15416935086250305,
                    -0.6214765310287476
                ],
                [
                    0.0,
                    0.8632874488830566,
                    0.5047124624252319,
                    2.0345609188079834
                ],
                [
                    0.0,
                    0.0,
                    0.0,
                    1.0
                ]
            ]
        },
        {
            "file_path": "/data/shapenet_blender/all_50_random/02958343/de3280a89c7ccbcf946f6dc2df6150bc/r_15",
            "rotation": 0.12566370614359174,
            "transform_matrix": [
                [
                    -0.4723787009716034,
                    0.754569411277771,
                    -0.45550358295440674,
                    -1.8361936807632446
                ],
                [
                    -0.8813956379890442,
                    -0.40440693497657776,
                    0.2441244125366211,
                    0.9840970039367676
                ],
                [
                    0.0,
                    0.5167980194091797,
                    0.8561073541641235,
                    3.4510791301727295
                ],
                [
                    0.0,
                    0.0,
                    0.0,
                    1.0
                ]
            ]
        },
        {
            "file_path": "/data/shapenet_blender/all_50_random/02958343/de3280a89c7ccbcf946f6dc2df6150bc/r_16",
            "rotation": 0.12566370614359174,
            "transform_matrix": [
                [
                    -0.4386516511440277,
                    -0.3243783712387085,
                    -0.8380711674690247,
                    -3.378373146057129
                ],
                [
                    -0.8986571431159973,
                    0.15833526849746704,
                    0.4090784788131714,
                    1.6490482091903687
                ],
                [
                    1.4901159417490817e-08,
                    0.9325817227363586,
                    -0.3609589636325836,
                    -1.455072283744812
                ],
                [
                    0.0,
                    0.0,
                    0.0,
                    1.0
                ]
            ]
        },
        {
            "file_path": "/data/shapenet_blender/all_50_random/02958343/de3280a89c7ccbcf946f6dc2df6150bc/r_17",
            "rotation": 0.12566370614359174,
            "transform_matrix": [
                [
                    -0.9999958872795105,
                    0.00020247917564120144,
                    0.0028559856582432985,
                    0.011512845754623413
                ],
                [
                    0.0028631542809307575,
                    0.07071863114833832,
                    0.9974921941757202,
                    4.021019458770752
                ],
                [
                    0.0,
                    0.9974963068962097,
                    -0.070718914270401,
                    -0.2850770652294159
                ],
                [
                    0.0,
                    0.0,
                    0.0,
                    1.0
                ]
            ]
        },
        {
            "file_path": "/data/shapenet_blender/all_50_random/02958343/de3280a89c7ccbcf946f6dc2df6150bc/r_18",
            "rotation": 0.12566370614359174,
            "transform_matrix": [
                [
                    0.013887607492506504,
                    -0.13284718990325928,
                    -0.9910391569137573,
                    -3.995006799697876
                ],
                [
                    -0.9999035596847534,
                    -0.0018451077630743384,
                    -0.013764490373432636,
                    -0.055486440658569336
                ],
                [
                    0.0,
                    0.991134762763977,
                    -0.132860004901886,
                    -0.5355758666992188
                ],
                [
                    0.0,
                    0.0,
                    0.0,
                    1.0
                ]
            ]
        },
        {
            "file_path": "/data/shapenet_blender/all_50_random/02958343/de3280a89c7ccbcf946f6dc2df6150bc/r_19",
            "rotation": 0.12566370614359174,
            "transform_matrix": [
                [
                    0.44572365283966064,
                    -0.4018555283546448,
                    -0.79990154504776,
                    -3.2245066165924072
                ],
                [
                    -0.8951706886291504,
                    -0.20009201765060425,
                    -0.39828720688819885,
                    -1.6055471897125244
                ],
                [
                    0.0,
                    0.8935744762420654,
                    -0.44891491532325745,
                    -1.8096339702606201
                ],
                [
                    0.0,
                    0.0,
                    0.0,
                    1.0
                ]
            ]
        },
        {
            "file_path": "/data/shapenet_blender/all_50_random/02958343/de3280a89c7ccbcf946f6dc2df6150bc/r_20",
            "rotation": 0.12566370614359174,
            "transform_matrix": [
                [
                    -0.9772149920463562,
                    0.18458114564418793,
                    -0.10478915274143219,
                    -0.42241859436035156
                ],
                [
                    -0.2122521698474884,
                    -0.8498167991638184,
                    0.48245227336883545,
                    1.9448273181915283
                ],
                [
                    7.450581485102248e-09,
                    0.4937012791633606,
                    0.8696315288543701,
                    3.505596876144409
                ],
                [
                    0.0,
                    0.0,
                    0.0,
                    1.0
                ]
            ]
        },
        {
            "file_path": "/data/shapenet_blender/all_50_random/02958343/de3280a89c7ccbcf946f6dc2df6150bc/r_21",
            "rotation": 0.12566370614359174,
            "transform_matrix": [
                [
                    0.7123755812644958,
                    0.3197600841522217,
                    -0.6247195601463318,
                    -2.518325090408325
                ],
                [
                    -0.7017983794212341,
                    0.3245793581008911,
                    -0.6341350078582764,
                    -2.5562798976898193
                ],
                [
                    0.0,
                    0.8901695609092712,
                    0.45562952756881714,
                    1.8367013931274414
                ],
                [
                    0.0,
                    0.0,
                    0.0,
                    1.0
                ]
            ]
        },
        {
            "file_path": "/data/shapenet_blender/all_50_random/02958343/de3280a89c7ccbcf946f6dc2df6150bc/r_22",
            "rotation": 0.12566370614359174,
            "transform_matrix": [
                [
                    0.6101685762405396,
                    0.25664767622947693,
                    0.7495506405830383,
                    3.021535634994507
                ],
                [
                    0.7922715544700623,
                    -0.19765740633010864,
                    -0.5772669911384583,
                    -2.327037811279297
                ],
                [
                    0.0,
                    0.9460779428482056,
                    -0.3239389955997467,
                    -1.305840015411377
                ],
                [
                    0.0,
                    0.0,
                    0.0,
                    1.0
                ]
            ]
        },
        {
            "file_path": "/data/shapenet_blender/all_50_random/02958343/de3280a89c7ccbcf946f6dc2df6150bc/r_23",
            "rotation": 0.12566370614359174,
            "transform_matrix": [
                [
                    -0.34048572182655334,
                    -0.22306585311889648,
                    0.9134063124656677,
                    3.682058572769165
                ],
                [
                    0.9402497410774231,
                    -0.08077719062566757,
                    0.33076509833335876,
                    1.3333567380905151
                ],
                [
                    -7.450580596923828e-09,
                    0.9714508056640625,
                    0.23724105954170227,
                    0.9563493132591248
                ],
                [
                    0.0,
                    0.0,
                    0.0,
                    1.0
                ]
            ]
        },
        {
            "file_path": "/data/shapenet_blender/all_50_random/02958343/de3280a89c7ccbcf946f6dc2df6150bc/r_24",
            "rotation": 0.12566370614359174,
            "transform_matrix": [
                [
                    -0.8696869611740112,
                    -0.4239784777164459,
                    -0.25275835394859314,
                    -1.0189014673233032
                ],
                [
                    -0.4936036467552185,
                    0.747013509273529,
                    0.4453383982181549,
                    1.7952165603637695
                ],
                [
                    1.4901161193847656e-08,
                    0.5120673775672913,
                    -0.8589451909065247,
                    -3.4625189304351807
                ],
                [
                    0.0,
                    0.0,
                    0.0,
                    1.0
                ]
            ]
        },
        {
            "file_path": "/data/shapenet_blender/all_50_random/02958343/de3280a89c7ccbcf946f6dc2df6150bc/r_25",
            "rotation": 0.12566370614359174,
            "transform_matrix": [
                [
                    -0.6218708157539368,
                    0.16026830673217773,
                    -0.7665446996688843,
                    -3.090040445327759
                ],
                [
                    -0.7831199169158936,
                    -0.12726809084415436,
                    0.6087085604667664,
                    2.453782796859741
                ],
                [
                    7.450580596923828e-09,
                    0.9788345098495483,
                    0.20465359091758728,
                    0.8249850273132324
                ],
                [
                    0.0,
                    0.0,
                    0.0,
                    1.0
                ]
            ]
        },
        {
            "file_path": "/data/shapenet_blender/all_50_random/02958343/de3280a89c7ccbcf946f6dc2df6150bc/r_26",
            "rotation": 0.12566370614359174,
            "transform_matrix": [
                [
                    0.9325449466705322,
                    0.1677836924791336,
                    -0.31970083713531494,
                    -1.2887552976608276
                ],
                [
                    -0.361054003238678,
                    0.4333585202693939,
                    -0.8257362842559814,
                    -3.3286495208740234
                ],
                [
                    0.0,
                    0.8854653835296631,
                    0.4647052586078644,
                    1.8732868432998657
                ],
                [
                    0.0,
                    0.0,
                    0.0,
                    1.0
                ]
            ]
        },
        {
            "file_path": "/data/shapenet_blender/all_50_random/02958343/de3280a89c7ccbcf946f6dc2df6150bc/r_27",
            "rotation": 0.12566370614359174,
            "transform_matrix": [
                [
                    0.9912266731262207,
                    -0.09691955894231796,
                    -0.08986828476190567,
                    -0.36227065324783325
                ],
                [
                    -0.13217303156852722,
                    -0.7268445491790771,
                    -0.6739637851715088,
                    -2.7168350219726562
                ],
                [
                    0.0,
                    0.6799290180206299,
                    -0.7332778573036194,
                    -2.955937623977661
                ],
                [
                    0.0,
                    0.0,
                    0.0,
                    1.0
                ]
            ]
        },
        {
            "file_path": "/data/shapenet_blender/all_50_random/02958343/de3280a89c7ccbcf946f6dc2df6150bc/r_28",
            "rotation": 0.12566370614359174,
            "transform_matrix": [
                [
                    -0.9468024969100952,
                    -0.2240903377532959,
                    -0.23097342252731323,
                    -0.9310836791992188
                ],
                [
                    -0.32181552052497864,
                    0.6592885851860046,
                    0.6795390248298645,
                    2.739309787750244
                ],
                [
                    1.4901162970204496e-08,
                    0.717720091342926,
                    -0.6963316798210144,
                    -2.8070030212402344
                ],
                [
                    0.0,
                    0.0,
                    0.0,
                    1.0
                ]
            ]
        },
        {
            "file_path": "/data/shapenet_blender/all_50_random/02958343/de3280a89c7ccbcf946f6dc2df6150bc/r_29",
            "rotation": 0.12566370614359174,
            "transform_matrix": [
                [
                    0.9017871618270874,
                    -0.07810858637094498,
                    -0.42506349086761475,
                    -1.7134857177734375
                ],
                [
                    -0.4321804344654083,
                    -0.16298127174377441,
                    -0.8869369626045227,
                    -3.57535719871521
                ],
                [
                    0.0,
                    0.9835324287414551,
                    -0.18073143064975739,
                    -0.7285516858100891
                ],
                [
                    0.0,
                    0.0,
                    0.0,
                    1.0
                ]
            ]
        },
        {
            "file_path": "/data/shapenet_blender/all_50_random/02958343/de3280a89c7ccbcf946f6dc2df6150bc/r_30",
            "rotation": 0.12566370614359174,
            "transform_matrix": [
                [
                    -0.728600800037384,
                    -0.5088352560997009,
                    -0.45850563049316406,
                    -1.8482953310012817
                ],
                [
                    -0.6849386096000671,
                    0.5412715673446655,
                    0.4877336323261261,
                    1.9661171436309814
                ],
                [
                    -1.4901162970204496e-08,
                    0.6694112420082092,
                    -0.7428919672966003,
                    -2.9946932792663574
                ],
                [
                    0.0,
                    0.0,
                    0.0,
                    1.0
                ]
            ]
        },
        {
            "file_path": "/data/shapenet_blender/all_50_random/02958343/de3280a89c7ccbcf946f6dc2df6150bc/r_31",
            "rotation": 0.12566370614359174,
            "transform_matrix": [
                [
                    -0.5997947454452515,
                    0.09185819327831268,
                    0.794863760471344,
                    3.204197883605957
                ],
                [
                    0.8001538515090942,
                    0.06885683536529541,
                    0.5958293080329895,
                    2.401864528656006
                ],
                [
                    0.0,
                    0.9933884739875793,
                    -0.11480066925287247,
                    -0.462776243686676
                ],
                [
                    0.0,
                    0.0,
                    0.0,
                    1.0
                ]
            ]
        },
        {
            "file_path": "/data/shapenet_blender/all_50_random/02958343/de3280a89c7ccbcf946f6dc2df6150bc/r_32",
            "rotation": 0.12566370614359174,
            "transform_matrix": [
                [
                    0.969567596912384,
                    0.24223683774471283,
                    -0.03549620509147644,
                    -0.14308980107307434
                ],
                [
                    -0.24482376873493195,
                    0.9593226909637451,
                    -0.14057447016239166,
                    -0.5666738748550415
                ],
                [
                    0.0,
                    0.14498689770698547,
                    0.9894334673881531,
                    3.9885342121124268
                ],
                [
                    0.0,
                    0.0,
                    0.0,
                    1.0
                ]
            ]
        },
        {
            "file_path": "/data/shapenet_blender/all_50_random/02958343/de3280a89c7ccbcf946f6dc2df6150bc/r_33",
            "rotation": 0.12566370614359174,
            "transform_matrix": [
                [
                    -0.8113444447517395,
                    -0.12158362567424774,
                    0.5717846155166626,
                    2.3049371242523193
                ],
                [
                    0.5845683813095093,
                    -0.16875050961971283,
                    0.7936014533042908,
                    3.1991093158721924
                ],
                [
                    7.450578820566989e-09,
                    0.9781312346458435,
                    0.20798872411251068,
                    0.8384292721748352
                ],
                [
                    0.0,
                    0.0,
                    0.0,
                    1.0
                ]
            ]
        },
        {
            "file_path": "/data/shapenet_blender/all_50_random/02958343/de3280a89c7ccbcf946f6dc2df6150bc/r_34",
            "rotation": 0.12566370614359174,
            "transform_matrix": [
                [
                    -0.6612050533294678,
                    0.028023576363921165,
                    0.7496815919876099,
                    3.0220632553100586
                ],
                [
                    0.7502050995826721,
                    0.024699019268155098,
                    0.6607436537742615,
                    2.6635427474975586
                ],
                [
                    0.0,
                    0.9993021488189697,
                    -0.037354547530412674,
                    -0.1505810022354126
                ],
                [
                    0.0,
                    0.0,
                    0.0,
                    1.0
                ]
            ]
        },
        {
            "file_path": "/data/shapenet_blender/all_50_random/02958343/de3280a89c7ccbcf946f6dc2df6150bc/r_35",
            "rotation": 0.12566370614359174,
            "transform_matrix": [
                [
                    0.769875168800354,
                    0.2309895008802414,
                    0.5949252843856812,
                    2.3982205390930176
                ],
                [
                    0.6381945610046387,
                    -0.27865031361579895,
                    -0.7176780700683594,
                    -2.893052816390991
                ],
                [
                    1.4901161193847656e-08,
                    0.93220055103302,
                    -0.36194220185279846,
                    -1.4590356349945068
                ],
                [
                    0.0,
                    0.0,
                    0.0,
                    1.0
                ]
            ]
        },
        {
            "file_path": "/data/shapenet_blender/all_50_random/02958343/de3280a89c7ccbcf946f6dc2df6150bc/r_36",
            "rotation": 0.12566370614359174,
            "transform_matrix": [
                [
                    -0.8658792972564697,
                    -0.41990941762924194,
                    0.27189934253692627,
                    1.0960614681243896
                ],
                [
                    0.5002530813217163,
                    -0.726813793182373,
                    0.47062578797340393,
                    1.897153377532959
                ],
                [
                    0.0,
                    0.5435236096382141,
                    0.8393937945365906,
                    3.383704900741577
                ],
                [
                    0.0,
                    0.0,
                    0.0,
                    1.0
                ]
            ]
        },
        {
            "file_path": "/data/shapenet_blender/all_50_random/02958343/de3280a89c7ccbcf946f6dc2df6150bc/r_37",
            "rotation": 0.12566370614359174,
            "transform_matrix": [
                [
                    0.6603155136108398,
                    -0.6385456323623657,
                    0.3952758014202118,
                    1.5934078693389893
                ],
                [
                    0.7509884238243103,
                    0.561448872089386,
                    -0.3475509285926819,
                    -1.4010226726531982
                ],
                [
                    -1.4901162970204496e-08,
                    0.5263407826423645,
                    0.850273609161377,
                    3.427562713623047
                ],
                [
                    0.0,
                    0.0,
                    0.0,
                    1.0
                ]
            ]
        },
        {
            "file_path": "/data/shapenet_blender/all_50_random/02958343/de3280a89c7ccbcf946f6dc2df6150bc/r_38",
            "rotation": 0.12566370614359174,
            "transform_matrix": [
                [
                    -0.20382216572761536,
                    0.0555744506418705,
                    -0.977429211139679,
                    -3.940143346786499
                ],
                [
                    -0.9790080189704895,
                    -0.011570186354219913,
                    0.20349346101284027,
                    0.8203084468841553
                ],
                [
                    0.0,
                    0.998387336730957,
                    0.056766096502542496,
                    0.2288314700126648
                ],
                [
                    0.0,
                    0.0,
                    0.0,
                    1.0
                ]
            ]
        },
        {
            "file_path": "/data/shapenet_blender/all_50_random/02958343/de3280a89c7ccbcf946f6dc2df6150bc/r_39",
            "rotation": 0.12566370614359174,
            "transform_matrix": [
                [
                    -0.56102454662323,
                    0.05896919593214989,
                    0.8256961703300476,
                    3.3284876346588135
                ],
                [
                    0.8277992606163025,
                    0.039965201169252396,
                    0.5595992207527161,
                    2.255816698074341
                ],
                [
                    0.0,
                    0.9974594712257385,
                    -0.07123611122369766,
                    -0.2871619462966919
                ],
                [
                    0.0,
                    0.0,
                    0.0,
                    1.0
                ]
            ]
        },
        {
            "file_path": "/data/shapenet_blender/all_50_random/02958343/de3280a89c7ccbcf946f6dc2df6150bc/r_40",
            "rotation": 0.12566370614359174,
            "transform_matrix": [
                [
                    0.958947479724884,
                    0.21917591989040375,
                    -0.17994923889636993,
                    -0.7253986597061157
                ],
                [
                    -0.2835839092731476,
                    0.7411499619483948,
                    -0.6085036993026733,
                    -2.4529571533203125
                ],
                [
                    1.4901162970204496e-08,
                    0.6345537900924683,
                    0.7728785872459412,
                    3.1155734062194824
                ],
                [
                    0.0,
                    0.0,
                    0.0,
                    1.0
                ]
            ]
        },
        {
            "file_path": "/data/shapenet_blender/all_50_random/02958343/de3280a89c7ccbcf946f6dc2df6150bc/r_41",
            "rotation": 0.12566370614359174,
            "transform_matrix": [
                [
                    -0.672717273235321,
                    -0.34220972657203674,
                    0.6560060381889343,
                    2.6444449424743652
                ],
                [
                    0.7398996353149414,
                    -0.311137318611145,
                    0.5964411497116089,
                    2.4043312072753906
                ],
                [
                    0.0,
