{
    "class": "02958343",
    "model": "b990ae1858bb82c133f84f942f9a2bf5",
    "remove_doubles": true,
    "edge_split": true,
    "denoise": true,
    "camera_angle_x": 0.6911112070083618,
    "scale_factor": 2.223249721915153,
    "hdri_file": "/data/IndoorHDRDataset2018/AG8A3501-2d1ee22a3b.exr",
    "center_offset": [
        0.0,
        0.0,
        0.0
    ],
    "lights": [],
    "frames": [
        {
            "file_path": "/data/shapenet_blender/all_50_random/02958343/b990ae1858bb82c133f84f942f9a2bf5/r_0",
            "rotation": 0.12566370614359174,
            "transform_matrix": [
                [
                    -0.7112916111946106,
                    0.050200093537569046,
                    0.701102077960968,
                    2.826233148574829
                ],
                [
                    0.7028970122337341,
                    0.050799623131752014,
                    0.7094751596450806,
                    2.8599860668182373
                ],
                [
                    0.0,
                    0.9974464178085327,
                    -0.07141882926225662,
                    -0.28789854049682617
                ],
                [
                    0.0,
                    0.0,
                    0.0,
                    1.0
                ]
            ]
        },
        {
            "file_path": "/data/shapenet_blender/all_50_random/02958343/b990ae1858bb82c133f84f942f9a2bf5/r_1",
            "rotation": 0.12566370614359174,
            "transform_matrix": [
                [
                    -0.05618370696902275,
                    -0.35407698154449463,
                    0.9335270524024963,
                    3.7631680965423584
                ],
                [
                    0.9984205365180969,
                    -0.0199248269200325,
                    0.052531979978084564,
                    0.2117632031440735
                ],
                [
                    0.0,
                    0.935003936290741,
                    0.35463714599609375,
                    1.4295881986618042
                ],
                [
                    0.0,
                    0.0,
                    0.0,
                    1.0
                ]
            ]
        },
        {
            "file_path": "/data/shapenet_blender/all_50_random/02958343/b990ae1858bb82c133f84f942f9a2bf5/r_2",
            "rotation": 0.12566370614359174,
            "transform_matrix": [
                [
                    -0.8105751276016235,
                    0.11655102670192719,
                    -0.5739196538925171,
                    -2.3135440349578857
                ],
                [
                    -0.5856346487998962,
                    -0.16131792962551117,
                    0.7943605184555054,
                    3.202169418334961
                ],
                [
                    7.4505797087454084e-09,
                    0.9799960851669312,
                    0.19901663064956665,
                    0.8022616505622864
                ],
                [
                    0.0,
                    0.0,
                    0.0,
                    1.0
                ]
            ]
        },
        {
            "file_path": "/data/shapenet_blender/all_50_random/02958343/b990ae1858bb82c133f84f942f9a2bf5/r_3",
            "rotation": 0.12566370614359174,
            "transform_matrix": [
                [
                    0.9801597595214844,
                    -0.00731030385941267,
                    0.1980738788843155,
                    0.7984613180160522
                ],
                [
                    0.19820871949195862,
                    0.03615010157227516,
                    -0.9794929623603821,
                    -3.9484622478485107
                ],
                [
                    0.0,
                    0.9993194937705994,
                    0.03688184544444084,
                    0.14867547154426575
                ],
                [
                    0.0,
                    0.0,
                    0.0,
                    1.0
                ]
            ]
        },
        {
            "file_path": "/data/shapenet_blender/all_50_random/02958343/b990ae1858bb82c133f84f942f9a2bf5/r_4",
            "rotation": 0.12566370614359174,
            "transform_matrix": [
                [
                    -0.9450274705886841,
                    -0.19541777670383453,
                    -0.2621734142303467,
                    -1.0568548440933228
                ],
                [
                    -0.3269908130168915,
                    0.5647716522216797,
                    0.7577003836631775,
                    3.0543880462646484
                ],
                [
                    0.0,
                    0.8017759919166565,
                    -0.597624659538269,
                    -2.409101963043213
                ],
                [
                    0.0,
                    0.0,
                    0.0,
                    1.0
                ]
            ]
        },
        {
            "file_path": "/data/shapenet_blender/all_50_random/02958343/b990ae1858bb82c133f84f942f9a2bf5/r_5",
            "rotation": 0.12566370614359174,
            "transform_matrix": [
                [
                    0.932843804359436,
                    0.012996543198823929,
                    0.36004677414894104,
                    1.451395034790039
                ],
                [
                    0.3602813184261322,
                    -0.03365077078342438,
                    -0.9322364926338196,
                    -3.7579658031463623
                ],
                [
                    0.0,
                    0.9993492364883423,
                    -0.036073315888643265,
                    -0.14541620016098022
                ],
                [
                    0.0,
                    0.0,
                    0.0,
                    1.0
                ]
            ]
        },
        {
            "file_path": "/data/shapenet_blender/all_50_random/02958343/b990ae1858bb82c133f84f942f9a2bf5/r_6",
            "rotation": 0.12566370614359174,
            "transform_matrix": [
                [
                    -0.49946650862693787,
                    0.07910267263650894,
                    0.8627143502235413,
                    3.477712869644165
                ],
                [
                    0.8663334250450134,
                    0.045605000108480453,
                    0.49738001823425293,
                    2.005002975463867
                ],
                [
                    0.0,
                    0.9958227276802063,
                    -0.09130743891000748,
                    -0.3680720627307892
                ],
                [
                    0.0,
                    0.0,
                    0.0,
                    1.0
                ]
            ]
        },
        {
            "file_path": "/data/shapenet_blender/all_50_random/02958343/b990ae1858bb82c133f84f942f9a2bf5/r_7",
            "rotation": 0.12566370614359174,
            "transform_matrix": [
                [
                    0.6585416793823242,
                    -0.12318743765354156,
                    0.7423931956291199,
                    2.992682695388794
                ],
                [
                    0.7525442838668823,
                    0.1077997237443924,
                    -0.6496586203575134,
                    -2.6188576221466064
                ],
                [
                    0.0,
                    0.9865110516548157,
                    0.1636946052312851,
                    0.6598740816116333
                ],
                [
                    0.0,
                    0.0,
                    0.0,
                    1.0
                ]
            ]
        },
        {
            "file_path": "/data/shapenet_blender/all_50_random/02958343/b990ae1858bb82c133f84f942f9a2bf5/r_8",
            "rotation": 0.12566370614359174,
            "transform_matrix": [
                [
                    0.8840154409408569,
                    -0.3962832987308502,
                    -0.24794384837150574,
                    -0.9994934797286987
                ],
                [
                    -0.4674575924873352,
                    -0.7494167685508728,
                    -0.4688900113105774,
                    -1.8901559114456177
                ],
                [
                    0.0,
                    0.5304092168807983,
                    -0.8477417826652527,
                    -3.417356014251709
                ],
                [
                    0.0,
                    0.0,
                    0.0,
                    1.0
                ]
            ]
        },
        {
            "file_path": "/data/shapenet_blender/all_50_random/02958343/b990ae1858bb82c133f84f942f9a2bf5/r_9",
            "rotation": 0.12566370614359174,
            "transform_matrix": [
                [
                    0.4255046844482422,
                    0.663629949092865,
                    -0.6152569055557251,
                    -2.480180025100708
                ],
                [
                    -0.9049563407897949,
                    0.312034547328949,
                    -0.28928983211517334,
                    -1.1661646366119385
                ],
                [
                    1.4901162970204496e-08,
                    0.6798746585845947,
                    0.7333282232284546,
                    2.9561405181884766
                ],
                [
                    0.0,
                    0.0,
                    0.0,
                    1.0
                ]
            ]
        },
        {
            "file_path": "/data/shapenet_blender/all_50_random/02958343/b990ae1858bb82c133f84f942f9a2bf5/r_10",
            "rotation": 0.12566370614359174,
            "transform_matrix": [
                [
                    0.8253344297409058,
                    0.1462407410144806,
                    -0.5453776717185974,
                    -2.1984879970550537
                ],
                [
                    -0.5646443963050842,
                    0.2137584537267685,
                    -0.797172486782074,
                    -3.213505268096924
                ],
                [
                    -7.450581485102248e-09,
                    0.9658782482147217,
                    0.2589961886405945,
                    1.0440471172332764
                ],
                [
                    0.0,
                    0.0,
                    0.0,
                    1.0
                ]
            ]
        },
        {
            "file_path": "/data/shapenet_blender/all_50_random/02958343/b990ae1858bb82c133f84f942f9a2bf5/r_11",
            "rotation": 0.12566370614359174,
            "transform_matrix": [
                [
                    0.8053428530693054,
                    0.4449285864830017,
                    -0.3917413353919983,
                    -1.5791598558425903
                ],
                [
                    -0.5928091406822205,
                    0.6044442057609558,
                    -0.5321882963180542,
                    -2.145319700241089
                ],
                [
                    0.0,
                    0.6608219146728516,
                    0.7505427002906799,
                    3.0255343914031982
                ],
                [
                    0.0,
                    0.0,
                    0.0,
                    1.0
                ]
            ]
        },
        {
            "file_path": "/data/shapenet_blender/all_50_random/02958343/b990ae1858bb82c133f84f942f9a2bf5/r_12",
            "rotation": 0.12566370614359174,
            "transform_matrix": [
                [
                    0.09142126142978668,
                    0.0050731804221868515,
                    -0.9957994222640991,
                    -4.014195919036865
                ],
                [
                    -0.9958122968673706,
                    0.0004657469689846039,
                    -0.09142008423805237,
                    -0.3685261607170105
                ],
                [
                    -2.9103826987286752e-11,
                    0.9999870657920837,
                    0.005094514694064856,
                    0.020536646246910095
                ],
                [
                    0.0,
                    0.0,
                    0.0,
                    1.0
                ]
            ]
        },
        {
            "file_path": "/data/shapenet_blender/all_50_random/02958343/b990ae1858bb82c133f84f942f9a2bf5/r_13",
            "rotation": 0.12566370614359174,
            "transform_matrix": [
                [
                    -0.45546501874923706,
                    -0.0715833455324173,
                    0.8873710632324219,
                    3.5771074295043945
                ],
                [
                    0.8902537822723389,
                    -0.03662293776869774,
                    0.4539901614189148,
                    1.8300930261611938
                ],
                [
                    0.0,
                    0.9967620372772217,
                    0.08040779829025269,
                    0.3241342306137085
                ],
                [
                    0.0,
                    0.0,
                    0.0,
                    1.0
                ]
            ]
        },
        {
            "file_path": "/data/shapenet_blender/all_50_random/02958343/b990ae1858bb82c133f84f942f9a2bf5/r_14",
            "rotation": 0.12566370614359174,
            "transform_matrix": [
                [
                    0.9960158467292786,
                    -0.019322704523801804,
                    -0.08705860376358032,
                    -0.350944459438324
                ],
                [
                    -0.08917717635631561,
                    -0.21581441164016724,
                    -0.9723535776138306,
                    -3.919682741165161
                ],
                [
                    0.0,
                    0.9762431979179382,
                    -0.2166776955127716,
                    -0.8734557032585144
                ],
                [
                    0.0,
                    0.0,
                    0.0,
                    1.0
                ]
            ]
        },
        {
            "file_path": "/data/shapenet_blender/all_50_random/02958343/b990ae1858bb82c133f84f942f9a2bf5/r_15",
            "rotation": 0.12566370614359174,
            "transform_matrix": [
                [
                    -0.45416462421417236,
                    -0.1758912205696106,
                    0.8733823895454407,
                    3.520716905593872
                ],
                [
                    0.8909177780151367,
                    -0.08966436237096786,
                    0.4452255666255951,
                    1.7947616577148438
                ],
                [
                    0.0,
                    0.9803175926208496,
                    0.19742700457572937,
                    0.7958537340164185
                ],
                [
                    0.0,
                    0.0,
                    0.0,
                    1.0
                ]
            ]
        },
        {
            "file_path": "/data/shapenet_blender/all_50_random/02958343/b990ae1858bb82c133f84f942f9a2bf5/r_16",
            "rotation": 0.12566370614359174,
            "transform_matrix": [
                [
                    -0.9324436187744141,
                    0.2586509883403778,
                    -0.2522869110107422,
                    -1.0170011520385742
                ],
                [
                    -0.3613157570362091,
                    -0.6674978137016296,
                    0.6510740518569946,
                    2.624563694000244
                ],
                [
                    -1.4901162970204496e-08,
                    0.698245108127594,
                    0.7158586382865906,
                    2.885718822479248
                ],
                [
                    0.0,
                    0.0,
                    0.0,
                    1.0
                ]
            ]
        },
        {
            "file_path": "/data/shapenet_blender/all_50_random/02958343/b990ae1858bb82c133f84f942f9a2bf5/r_17",
            "rotation": 0.12566370614359174,
            "transform_matrix": [
                [
                    0.276130348443985,
                    0.37668779492378235,
                    0.8842275142669678,
                    3.5644350051879883
                ],
                [
                    0.9611202478408813,
                    -0.108222596347332,
                    -0.2540390193462372,
                    -1.024064064025879
                ],
                [
                    0.0,
                    0.9199967384338379,
                    -0.3919258713722229,
                    -1.5799037218093872
                ],
                [
                    0.0,
                    0.0,
                    0.0,
                    1.0
                ]
            ]
        },
        {
            "file_path": "/data/shapenet_blender/all_50_random/02958343/b990ae1858bb82c133f84f942f9a2bf5/r_18",
            "rotation": 0.12566370614359174,
            "transform_matrix": [
                [
                    0.19669614732265472,
                    0.08728808909654617,
                    0.9765712022781372,
                    3.9366846084594727
                ],
                [
                    0.980464518070221,
                    -0.01751132123172283,
                    -0.1959150731563568,
                    -0.7897589802742004
                ],
                [
                    0.0,
                    0.9960290789604187,
                    -0.0890272855758667,
                    -0.35888049006462097
                ],
                [
                    0.0,
                    0.0,
                    0.0,
                    1.0
                ]
            ]
        },
        {
            "file_path": "/data/shapenet_blender/all_50_random/02958343/b990ae1858bb82c133f84f942f9a2bf5/r_19",
            "rotation": 0.12566370614359174,
            "transform_matrix": [
                [
                    0.4860241711139679,
                    -0.21890923380851746,
                    -0.8460846543312073,
                    -3.4106762409210205
                ],
                [
                    -0.8739452958106995,
                    -0.12174123525619507,
                    -0.47053012251853943,
                    -1.8967676162719727
                ],
                [
                    0.0,
                    0.9681207537651062,
                    -0.250483900308609,
                    -1.0097328424453735
                ],
                [
                    0.0,
                    0.0,
                    0.0,
                    1.0
                ]
            ]
        },
        {
            "file_path": "/data/shapenet_blender/all_50_random/02958343/b990ae1858bb82c133f84f942f9a2bf5/r_20",
            "rotation": 0.12566370614359174,
            "transform_matrix": [
                [
                    -0.48932650685310364,
                    0.14477646350860596,
                    0.8599995970726013,
                    3.466769218444824
                ],
                [
                    0.8721006512641907,
                    0.08123255521059036,
                    0.48253676295280457,
                    1.945167899131775
                ],
                [
                    0.0,
                    0.9861242771148682,
                    -0.1660088747739792,
                    -0.6692031621932983
                ],
                [
                    0.0,
                    0.0,
                    0.0,
                    1.0
                ]
            ]
        },
        {
            "file_path": "/data/shapenet_blender/all_50_random/02958343/b990ae1858bb82c133f84f942f9a2bf5/r_21",
            "rotation": 0.12566370614359174,
            "transform_matrix": [
                [
                    -0.058932673186063766,
                    -0.632326602935791,
                    -0.7724570631980896,
                    -3.1138739585876465
                ],
                [
                    -0.9982620477676392,
                    0.03732956945896149,
                    0.045602209866046906,
                    0.18382838368415833
                ],
                [
                    -1.862645371275562e-09,
                    0.773801863193512,
                    -0.6334275603294373,
                    -2.5534281730651855
                ],
                [
                    0.0,
                    0.0,
                    0.0,
                    1.0
                ]
            ]
        },
        {
            "file_path": "/data/shapenet_blender/all_50_random/02958343/b990ae1858bb82c133f84f942f9a2bf5/r_22",
            "rotation": 0.12566370614359174,
            "transform_matrix": [
                [
                    0.9915549755096436,
                    0.007688403129577637,
                    -0.1294592320919037,
                    -0.5218667984008789
                ],
                [
                    -0.1296873241662979,
                    0.05878349393606186,
                    -0.9898110032081604,
                    -3.9900553226470947
                ],
                [
                    0.0,
                    0.998241126537323,
                    0.05928415805101395,
                    0.23898205161094666
                ],
                [
                    0.0,
                    0.0,
                    0.0,
                    1.0
                ]
            ]
        },
        {
            "file_path": "/data/shapenet_blender/all_50_random/02958343/b990ae1858bb82c133f84f942f9a2bf5/r_23",
            "rotation": 0.12566370614359174,
            "transform_matrix": [
                [
                    -0.905936598777771,
                    -0.06003440171480179,
                    0.41913580894470215,
                    1.6895904541015625
                ],
                [
                    0.4234134554862976,
                    -0.12844975292682648,
                    0.8967840671539307,
                    3.6150522232055664
                ],
                [
                    -3.725290298461914e-09,
                    0.9898972511291504,
                    0.14178670942783356,
                    0.5715605020523071
                ],
                [
                    0.0,
                    0.0,
                    0.0,
                    1.0
                ]
            ]
        },
        {
            "file_path": "/data/shapenet_blender/all_50_random/02958343/b990ae1858bb82c133f84f942f9a2bf5/r_24",
            "rotation": 0.12566370614359174,
            "transform_matrix": [
                [
                    0.894368588924408,
                    -0.015330005437135696,
                    -0.4470679759979248,
                    -1.8021886348724365
                ],
                [
                    -0.4473307430744171,
                    -0.030649974942207336,
                    -0.8938432335853577,
                    -3.6031973361968994
                ],
                [
                    -9.31322685637781e-10,
                    0.999412477016449,
                    -0.03426996245980263,
                    -0.13814663887023926
                ],
                [
                    0.0,
                    0.0,
                    0.0,
                    1.0
                ]
            ]
        },
        {
            "file_path": "/data/shapenet_blender/all_50_random/02958343/b990ae1858bb82c133f84f942f9a2bf5/r_25",
            "rotation": 0.12566370614359174,
            "transform_matrix": [
                [
                    0.6442222595214844,
                    0.37961363792419434,
                    -0.6639813184738159,
                    -2.6765942573547363
                ],
                [
                    -0.7648383975028992,
                    0.31974801421165466,
                    -0.5592705011367798,
                    -2.2544915676116943
                ],
                [
                    0.0,
                    0.8681329488754272,
                    0.4963318109512329,
                    2.00077748298645
                ],
                [
                    0.0,
                    0.0,
                    0.0,
                    1.0
                ]
            ]
        },
        {
            "file_path": "/data/shapenet_blender/all_50_random/02958343/b990ae1858bb82c133f84f942f9a2bf5/r_26",
            "rotation": 0.12566370614359174,
            "transform_matrix": [
                [
                    -0.3252912163734436,
                    -0.062066733837127686,
                    -0.9435747861862183,
                    -3.8036715984344482
                ],
                [
                    -0.9456139802932739,
                    0.021350955590605736,
                    0.32458972930908203,
                    1.3084630966186523
                ],
                [
                    0.0,
                    0.9978436231613159,
                    -0.06563644111156464,
                    -0.26458895206451416
                ],
                [
                    0.0,
                    0.0,
                    0.0,
                    1.0
                ]
            ]
        },
        {
            "file_path": "/data/shapenet_blender/all_50_random/02958343/b990ae1858bb82c133f84f942f9a2bf5/r_27",
            "rotation": 0.12566370614359174,
            "transform_matrix": [
                [
                    -0.9216843843460083,
                    0.20586757361888885,
                    0.32881081104278564,
                    1.3254787921905518
                ],
                [
                    0.38794076442718506,
                    0.48910799622535706,
                    0.781201183795929,
                    3.149122714996338
                ],
                [
                    -1.4901162970204496e-08,
                    0.8475799560546875,
                    -0.5306676030158997,
                    -2.1391894817352295
                ],
                [
                    0.0,
                    0.0,
                    0.0,
                    1.0
                ]
            ]
        },
        {
            "file_path": "/data/shapenet_blender/all_50_random/02958343/b990ae1858bb82c133f84f942f9a2bf5/r_28",
            "rotation": 0.12566370614359174,
            "transform_matrix": [
                [
                    0.9276324510574341,
                    0.09427656978368759,
                    0.3614000380039215,
                    1.4568501710891724
                ],
                [
                    0.373494416475296,
                    -0.23415078222751617,
                    -0.897594153881073,
                    -3.6183178424835205
                ],
                [
                    0.0,
                    0.9676183462142944,
                    -0.2524176239967346,
                    -1.0175279378890991
                ],
                [
                    0.0,
                    0.0,
                    0.0,
                    1.0
                ]
            ]
        },
        {
            "file_path": "/data/shapenet_blender/all_50_random/02958343/b990ae1858bb82c133f84f942f9a2bf5/r_29",
            "rotation": 0.12566370614359174,
            "transform_matrix": [
                [
                    0.9986540079116821,
                    0.049474649131298065,
                    -0.015574922785162926,
                    -0.06278452277183533
                ],
                [
                    -0.051868293434381485,
                    0.9525676369667053,
                    -0.29987412691116333,
                    -1.2088313102722168
                ],
                [
                    0.0,
                    0.3002781867980957,
                    0.953851580619812,
                    3.8450987339019775
                ],
                [
                    0.0,
                    0.0,
                    0.0,
                    1.0
                ]
            ]
        },
        {
            "file_path": "/data/shapenet_blender/all_50_random/02958343/b990ae1858bb82c133f84f942f9a2bf5/r_30",
            "rotation": 0.12566370614359174,
            "transform_matrix": [
                [
                    0.9833876490592957,
                    0.1486014872789383,
                    -0.1042412593960762,
                    -0.42020997405052185
                ],
                [
                    -0.1815175861120224,
                    0.8050616979598999,
                    -0.5647361874580383,
                    -2.276524543762207
                ],
                [
                    7.450580152834618e-09,
                    0.5742762684822083,
                    0.8186614513397217,
                    3.3001301288604736
                ],
                [
                    0.0,
                    0.0,
                    0.0,
                    1.0
                ]
            ]
        },
        {
            "file_path": "/data/shapenet_blender/all_50_random/02958343/b990ae1858bb82c133f84f942f9a2bf5/r_31",
            "rotation": 0.12566370614359174,
            "transform_matrix": [
                [
                    0.74405437707901,
                    -0.20037853717803955,
                    -0.6373628973960876,
                    -2.5692920684814453
                ],
                [
                    -0.6681190133094788,
                    -0.22315265238285065,
                    -0.7098026275634766,
                    -2.8613059520721436
                ],
                [
                    0.0,
                    0.9539660215377808,
                    -0.2999144494533539,
                    -1.2089937925338745
                ],
                [
                    0.0,
                    0.0,
                    0.0,
                    1.0
                ]
            ]
        },
        {
            "file_path": "/data/shapenet_blender/all_50_random/02958343/b990ae1858bb82c133f84f942f9a2bf5/r_32",
            "rotation": 0.12566370614359174,
            "transform_matrix": [
                [
                    0.3881737291812897,
                    -0.03343871608376503,
                    0.9209794402122498,
                    3.7125864028930664
                ],
                [
                    0.9215862154960632,
                    0.014084448106586933,
                    -0.3879181742668152,
                    -1.5637480020523071
                ],
                [
                    -9.313224635931761e-10,
                    0.9993414878845215,
                    0.03628387674689293,
                    0.1462649703025818
                ],
                [
                    0.0,
                    0.0,
                    0.0,
                    1.0
                ]
            ]
        },
        {
            "file_path": "/data/shapenet_blender/all_50_random/02958343/b990ae1858bb82c133f84f942f9a2bf5/r_33",
            "rotation": 0.12566370614359174,
            "transform_matrix": [
                [
                    -0.9430155754089355,
                    -0.05863548815250397,
                    -0.32754164934158325,
                    -1.3203625679016113
                ],
                [
                    -0.3327486217021942,
                    0.1661740243434906,
                    0.9282588958740234,
                    3.741931200027466
                ],
                [
                    0.0,
                    0.9843515753746033,
                    -0.17621557414531708,
                    -0.7103477120399475
                ],
                [
                    0.0,
                    0.0,
                    0.0,
                    1.0
                ]
            ]
        },
        {
            "file_path": "/data/shapenet_blender/all_50_random/02958343/b990ae1858bb82c133f84f942f9a2bf5/r_34",
            "rotation": 0.12566370614359174,
            "transform_matrix": [
                [
                    -0.2115868330001831,
                    -0.9722797274589539,
                    -0.09951455891132355,
                    -0.4011560082435608
                ],
                [
                    -0.9773592948913574,
                    0.21048715710639954,
                    0.02154373563826084,
                    0.08684557676315308
                ],
                [
                    -1.862645371275562e-09,
                    0.10181978344917297,
                    -0.9948028326034546,
                    -4.010178565979004
                ],
                [
                    0.0,
                    0.0,
                    0.0,
                    1.0
                ]
            ]
        },
        {
            "file_path": "/data/shapenet_blender/all_50_random/02958343/b990ae1858bb82c133f84f942f9a2bf5/r_35",
            "rotation": 0.12566370614359174,
            "transform_matrix": [
                [
                    -0.9836189150810242,
                    -0.008802427910268307,
                    0.18004554510116577,
                    0.7257867455482483
                ],
                [
                    0.1802605837583542,
                    -0.0480317659676075,
                    0.9824455380439758,
                    3.9603641033172607
                ],
                [
                    0.0,
                    0.9988069534301758,
                    0.04883169010281563,
                    0.19684681296348572
                ],
                [
                    0.0,
                    0.0,
                    0.0,
                    1.0
                ]
            ]
        },
        {
            "file_path": "/data/shapenet_blender/all_50_random/02958343/b990ae1858bb82c133f84f942f9a2bf5/r_36",
            "rotation": 0.12566370614359174,
            "transform_matrix": [
                [
                    0.8996747732162476,
                    0.3861939013004303,
                    -0.20356735587120056,
                    -0.8206062316894531
                ],
                [
                    -0.43656089901924133,
                    0.7958773374557495,
                    -0.41951632499694824,
                    -1.691124439239502
                ],
                [
                    0.0,
                    0.46629783511161804,
                    0.8846278190612793,
                    3.5660488605499268
                ],
                [
                    0.0,
                    0.0,
                    0.0,
                    1.0
                ]
            ]
        },
        {
            "file_path": "/data/shapenet_blender/all_50_random/02958343/b990ae1858bb82c133f84f942f9a2bf5/r_37",
            "rotation": 0.12566370614359174,
            "transform_matrix": [
                [
                    0.9960915446281433,
                    -0.08563417196273804,
                    0.021645737811923027,
                    0.08725675940513611
                ],
                [
                    0.08832752704620361,
                    0.9657179117202759,
                    -0.24410437047481537,
                    -0.9840161800384521
                ],
                [
                    -1.862645371275562e-09,
                    0.2450622171163559,
                    0.9695073366165161,
                    3.9082090854644775
                ],
                [
                    0.0,
                    0.0,
                    0.0,
                    1.0
                ]
            ]
        },
        {
            "file_path": "/data/shapenet_blender/all_50_random/02958343/b990ae1858bb82c133f84f942f9a2bf5/r_38",
            "rotation": 0.12566370614359174,
            "transform_matrix": [
                [
                    -0.964891254901886,
                    -0.11767373979091644,
                    0.23481449484825134,
                    0.9465674757957458
                ],
                [
                    0.26264989376068115,
                    -0.43229547142982483,
                    0.8626329302787781,
                    3.477384567260742
                ],
                [
                    0.0,
                    0.8940208554267883,
                    0.4480251371860504,
                    1.8060470819473267
                ],
                [
                    0.0,
                    0.0,
                    0.0,
                    1.0
                ]
            ]
        },
        {
            "file_path": "/data/shapenet_blender/all_50_random/02958343/b990ae1858bb82c133f84f942f9a2bf5/r_39",
            "rotation": 0.12566370614359174,
            "transform_matrix": [
                [
                    0.31110450625419617,
                    -0.1097576767206192,
                    0.9440166354179382,
                    3.805452346801758
                ],
                [
                    0.9503756761550903,
                    0.035929061472415924,
                    -0.3090228736400604,
                    -1.245710849761963
                ],
                [
                    0.0,
                    0.9933087825775146,
                    0.11548873037099838,
                    0.46554991602897644
                ],
                [
                    0.0,
                    0.0,
                    0.0,
                    1.0
                ]
            ]
        },
        {
            "file_path": "/data/shapenet_blender/all_50_random/02958343/b990ae1858bb82c133f84f942f9a2bf5/r_40",
            "rotation": 0.12566370614359174,
            "transform_matrix": [
                [
                    0.20531360805034637,
                    0.6224626302719116,
                    -0.7552393674850464,
                    -3.0444674491882324
                ],
                [
                    -0.9786962866783142,
                    0.13058193027973175,
                    -0.15843619406223297,
                    -0.6386767625808716
                ],
                [
                    7.450580596923828e-09,
                    0.7716791033744812,
                    0.6360120177268982,
                    2.5638465881347656
                ],
                [
                    0.0,
                    0.0,
                    0.0,
                    1.0
                ]
            ]
        },
        {
            "file_path": "/data/shapenet_blender/all_50_random/02958343/b990ae1858bb82c133f84f942f9a2bf5/r_41",
            "rotation": 0.12566370614359174,
            "transform_matrix": [
                [
                    -0.5281038284301758,
                    0.5612810850143433,
                    -0.6372361183166504,
                    -2.5687806606292725
                ],
                [
                    -0.8491796851158142,
                    -0.3490600287914276,
                    0.3962963819503784,
                    1.5975216627120972
                ],
                [
                    1.4901158529312397e-08,
                    0.7504135966300964,
                    0.660968542098999,
