{
    "class": "02958343",
    "model": "816f9a529bf7b14817d5c90faf553cc9",
    "remove_doubles": true,
    "edge_split": true,
    "denoise": true,
    "camera_angle_x": 0.6911112070083618,
    "scale_factor": 2.294162016047031,
    "hdri_file": "/data/IndoorHDRDataset2018/9C4A9607-d4e1cfd7b1.exr",
    "center_offset": [
        0.0,
        0.0,
        0.0
    ],
    "lights": [],
    "frames": [
        {
            "file_path": "/data/shapenet_blender/all_50_random/02958343/816f9a529bf7b14817d5c90faf553cc9/r_0",
            "rotation": 0.12566370614359174,
            "transform_matrix": [
                [
                    0.999534010887146,
                    0.0016761693404987454,
                    0.030481772497296333,
                    0.12287595868110657
                ],
                [
                    0.03052782639861107,
                    -0.054880693554878235,
                    -0.9980260729789734,
                    -4.023171901702881
                ],
                [
                    1.1641533570472262e-10,
                    0.9984915256500244,
                    -0.05490627512335777,
                    -0.2213342785835266
                ],
                [
                    0.0,
                    0.0,
                    0.0,
                    1.0
                ]
            ]
        },
        {
            "file_path": "/data/shapenet_blender/all_50_random/02958343/816f9a529bf7b14817d5c90faf553cc9/r_1",
            "rotation": 0.12566370614359174,
            "transform_matrix": [
                [
                    -0.969637930393219,
                    -0.024101290851831436,
                    -0.2433548867702484,
                    -0.9809949398040771
                ],
                [
                    -0.24454547464847565,
                    0.09556310623884201,
                    0.9649171829223633,
                    3.8897056579589844
                ],
                [
                    -1.862645371275562e-09,
                    0.9951315522193909,
                    -0.09855546057224274,
                    -0.39728978276252747
                ],
                [
                    0.0,
                    0.0,
                    0.0,
                    1.0
                ]
            ]
        },
        {
            "file_path": "/data/shapenet_blender/all_50_random/02958343/816f9a529bf7b14817d5c90faf553cc9/r_2",
            "rotation": 0.12566370614359174,
            "transform_matrix": [
                [
                    -0.9766086935997009,
                    -0.0914202630519867,
                    -0.194622203707695,
                    -0.7845473289489746
                ],
                [
                    -0.21502438187599182,
                    0.41521725058555603,
                    0.883945107460022,
                    3.5632972717285156
                ],
                [
                    7.450580596923828e-09,
                    0.9051171541213989,
                    -0.42516225576400757,
                    -1.7138841152191162
                ],
                [
                    0.0,
                    0.0,
                    0.0,
                    1.0
                ]
            ]
        },
        {
            "file_path": "/data/shapenet_blender/all_50_random/02958343/816f9a529bf7b14817d5c90faf553cc9/r_3",
            "rotation": 0.12566370614359174,
            "transform_matrix": [
                [
                    -0.6092129349708557,
                    0.021029440686106682,
                    0.7927278280258179,
                    3.1955881118774414
                ],
                [
                    0.7930067181587219,
                    0.016155483201146126,
                    0.6089986562728882,
                    2.4549520015716553
                ],
                [
                    0.0,
                    0.9996483325958252,
                    -0.02651861682534218,
                    -0.10689996182918549
                ],
                [
                    0.0,
                    0.0,
                    0.0,
                    1.0
                ]
            ]
        },
        {
            "file_path": "/data/shapenet_blender/all_50_random/02958343/816f9a529bf7b14817d5c90faf553cc9/r_4",
            "rotation": 0.12566370614359174,
            "transform_matrix": [
                [
                    0.6339253187179565,
                    -0.3957138955593109,
                    -0.6644917130470276,
                    -2.678651809692383
                ],
                [
                    -0.7733943462371826,
                    -0.3243533968925476,
                    -0.5446615219116211,
                    -2.195600748062134
                ],
                [
                    -1.4901161193847656e-08,
                    0.8591888546943665,
                    -0.5116586685180664,
                    -2.0625619888305664
                ],
                [
                    0.0,
                    0.0,
                    0.0,
                    1.0
                ]
            ]
        },
        {
            "file_path": "/data/shapenet_blender/all_50_random/02958343/816f9a529bf7b14817d5c90faf553cc9/r_5",
            "rotation": 0.12566370614359174,
            "transform_matrix": [
                [
                    -0.793196976184845,
                    0.44195517897605896,
                    -0.4189439117908478,
                    -1.688817024230957
                ],
                [
                    -0.6089649796485901,
                    -0.5756611227989197,
                    0.5456882119178772,
                    2.199739694595337
                ],
                [
                    1.4901160305669237e-08,
                    0.6879605054855347,
                    0.7257480025291443,
                    2.925584077835083
                ],
                [
                    0.0,
                    0.0,
                    0.0,
                    1.0
                ]
            ]
        },
        {
            "file_path": "/data/shapenet_blender/all_50_random/02958343/816f9a529bf7b14817d5c90faf553cc9/r_6",
            "rotation": 0.12566370614359174,
            "transform_matrix": [
                [
                    -0.8052940368652344,
                    -0.16605621576309204,
                    -0.5691457390785217,
                    -2.294299840927124
                ],
                [
                    -0.5928756594657898,
                    0.22555163502693176,
                    0.7730620503425598,
                    3.1163127422332764
                ],
                [
                    -1.4901159417490817e-08,
                    0.9599749445915222,
                    -0.28008604049682617,
                    -1.1290628910064697
                ],
                [
                    0.0,
                    0.0,
                    0.0,
                    1.0
                ]
            ]
        },
        {
            "file_path": "/data/shapenet_blender/all_50_random/02958343/816f9a529bf7b14817d5c90faf553cc9/r_7",
            "rotation": 0.12566370614359174,
            "transform_matrix": [
                [
                    0.9090803861618042,
                    0.2695693373680115,
                    0.3176558017730713,
                    1.2805116176605225
                ],
                [
                    0.41662076115608215,
                    -0.5882092714309692,
                    -0.6931355595588684,
                    -2.794119119644165
                ],
                [
                    0.0,
                    0.762458086013794,
                    -0.6470375657081604,
                    -2.6082921028137207
                ],
                [
                    0.0,
                    0.0,
                    0.0,
                    1.0
                ]
            ]
        },
        {
            "file_path": "/data/shapenet_blender/all_50_random/02958343/816f9a529bf7b14817d5c90faf553cc9/r_8",
            "rotation": 0.12566370614359174,
            "transform_matrix": [
                [
                    0.049573302268981934,
                    -0.567400336265564,
                    0.8219485282897949,
                    3.313380241394043
                ],
                [
                    0.998770534992218,
                    0.028162533417344093,
                    -0.04079686105251312,
                    -0.16445739567279816
                ],
                [
                    0.0,
                    0.8229603171348572,
                    0.568098783493042,
                    2.290079355239868
                ],
                [
                    0.0,
                    0.0,
                    0.0,
                    1.0
                ]
            ]
        },
        {
            "file_path": "/data/shapenet_blender/all_50_random/02958343/816f9a529bf7b14817d5c90faf553cc9/r_9",
            "rotation": 0.12566370614359174,
            "transform_matrix": [
                [
                    -0.8296718597412109,
                    -0.5264117121696472,
                    0.18583720922470093,
                    0.749133825302124
                ],
                [
                    0.5582515597343445,
                    -0.782351553440094,
                    0.27619072794914246,
                    1.1133605241775513
                ],
                [
                    -1.4901162970204496e-08,
                    0.33289164304733276,
                    0.9429649710655212,
                    3.8012137413024902
                ],
                [
                    0.0,
                    0.0,
                    0.0,
                    1.0
                ]
            ]
        },
        {
            "file_path": "/data/shapenet_blender/all_50_random/02958343/816f9a529bf7b14817d5c90faf553cc9/r_10",
            "rotation": 0.12566370614359174,
            "transform_matrix": [
                [
                    0.9274178743362427,
                    -0.189727783203125,
                    -0.3223343789577484,
                    -1.2993714809417725
                ],
                [
                    -0.3740268647670746,
                    -0.4704393148422241,
                    -0.7992438077926636,
                    -3.2218549251556396
                ],
                [
                    0.0,
                    0.8617947101593018,
                    -0.5072571039199829,
                    -2.044818878173828
                ],
                [
                    0.0,
                    0.0,
                    0.0,
                    1.0
                ]
            ]
        },
        {
            "file_path": "/data/shapenet_blender/all_50_random/02958343/816f9a529bf7b14817d5c90faf553cc9/r_11",
            "rotation": 0.12566370614359174,
            "transform_matrix": [
                [
                    0.33614715933799744,
                    0.7700218558311462,
                    0.5422833561897278,
                    2.186014175415039
                ],
                [
                    0.9418095350265503,
                    -0.2748333513736725,
                    -0.1935497671365738,
                    -0.780224084854126
                ],
                [
                    0.0,
                    0.5757887363433838,
                    -0.8175984621047974,
                    -3.295844793319702
                ],
                [
                    0.0,
                    0.0,
                    0.0,
                    1.0
                ]
            ]
        },
        {
            "file_path": "/data/shapenet_blender/all_50_random/02958343/816f9a529bf7b14817d5c90faf553cc9/r_12",
            "rotation": 0.12566370614359174,
            "transform_matrix": [
                [
                    -0.7089333534240723,
                    -0.284050852060318,
                    0.6455451250076294,
                    2.602275848388672
                ],
                [
                    0.7052754759788513,
                    -0.28552404046058655,
                    0.6488932371139526,
                    2.6157724857330322
                ],
                [
                    -1.4901162970204496e-08,
                    0.9153091311454773,
                    0.4027516543865204,
                    1.6235439777374268
                ],
                [
                    0.0,
                    0.0,
                    0.0,
                    1.0
                ]
            ]
        },
        {
            "file_path": "/data/shapenet_blender/all_50_random/02958343/816f9a529bf7b14817d5c90faf553cc9/r_13",
            "rotation": 0.12566370614359174,
            "transform_matrix": [
                [
                    0.19758927822113037,
                    -0.7645292282104492,
                    0.6135580539703369,
                    2.4733316898345947
                ],
                [
                    0.9802849292755127,
                    0.15410088002681732,
                    -0.12367066740989685,
                    -0.49853241443634033
                ],
                [
                    7.450581485102248e-09,
                    0.6258977055549622,
                    0.7799051403999329,
                    3.1438982486724854
                ],
                [
                    0.0,
                    0.0,
                    0.0,
                    1.0
                ]
            ]
        },
        {
            "file_path": "/data/shapenet_blender/all_50_random/02958343/816f9a529bf7b14817d5c90faf553cc9/r_14",
            "rotation": 0.12566370614359174,
            "transform_matrix": [
                [
                    0.8101438879966736,
                    0.17457444965839386,
                    0.5596344470977783,
                    2.2559585571289062
                ],
                [
                    0.5862311720848083,
                    -0.24125367403030396,
                    -0.7733884453773499,
                    -3.117628574371338
                ],
                [
                    0.0,
                    0.9546310901641846,
                    -0.29779115319252014,
                    -1.2004345655441284
                ],
                [
                    0.0,
                    0.0,
                    0.0,
                    1.0
                ]
            ]
        },
        {
            "file_path": "/data/shapenet_blender/all_50_random/02958343/816f9a529bf7b14817d5c90faf553cc9/r_15",
            "rotation": 0.12566370614359174,
            "transform_matrix": [
                [
                    0.9471029043197632,
                    0.26486077904701233,
                    0.18123167753219604,
                    0.7305682897567749
                ],
                [
                    0.320930153131485,
                    -0.7816355228424072,
                    -0.5348361134529114,
                    -2.1559932231903076
                ],
                [
                    0.0,
                    0.5647075176239014,
                    -0.825291097164154,
                    -3.326854705810547
                ],
                [
                    0.0,
                    0.0,
                    0.0,
                    1.0
                ]
            ]
        },
        {
            "file_path": "/data/shapenet_blender/all_50_random/02958343/816f9a529bf7b14817d5c90faf553cc9/r_16",
            "rotation": 0.12566370614359174,
            "transform_matrix": [
                [
                    0.4058579206466675,
                    -0.124126136302948,
                    -0.9054678082466125,
                    -3.650057554244995
                ],
                [
                    -0.9139360189437866,
                    -0.05512155592441559,
                    -0.4020973742008209,
                    -1.6209063529968262
                ],
                [
                    0.0,
                    0.9907342791557312,
                    -0.1358148753643036,
                    -0.5474872589111328
                ],
                [
                    0.0,
                    0.0,
                    0.0,
                    1.0
                ]
            ]
        },
        {
            "file_path": "/data/shapenet_blender/all_50_random/02958343/816f9a529bf7b14817d5c90faf553cc9/r_17",
            "rotation": 0.12566370614359174,
            "transform_matrix": [
                [
                    0.691303014755249,
                    -0.7100353240966797,
                    0.13397745788097382,
                    0.5400803685188293
                ],
                [
                    0.7225648760795593,
                    0.6793155670166016,
                    -0.12818092107772827,
                    -0.5167137384414673
                ],
                [
                    1.4901158529312397e-08,
                    0.1854190230369568,
                    0.9826595783233643,
                    3.9612269401550293
                ],
                [
                    0.0,
                    0.0,
                    0.0,
                    1.0
                ]
            ]
        },
        {
            "file_path": "/data/shapenet_blender/all_50_random/02958343/816f9a529bf7b14817d5c90faf553cc9/r_18",
            "rotation": 0.12566370614359174,
            "transform_matrix": [
                [
                    -0.9172138571739197,
                    -0.19611230492591858,
                    0.34678345918655396,
                    1.3979287147521973
                ],
                [
                    0.39839524030685425,
                    -0.4515036940574646,
                    0.7983894944190979,
                    3.2184104919433594
                ],
                [
                    0.0,
                    0.8704507350921631,
                    0.49225565791130066,
                    1.98434579372406
                ],
                [
                    0.0,
                    0.0,
                    0.0,
                    1.0
                ]
            ]
        },
        {
            "file_path": "/data/shapenet_blender/all_50_random/02958343/816f9a529bf7b14817d5c90faf553cc9/r_19",
            "rotation": 0.12566370614359174,
            "transform_matrix": [
                [
                    -0.5131728053092957,
                    0.21169328689575195,
                    0.8317690491676331,
                    3.3529679775238037
                ],
                [
                    0.8582853674888611,
                    0.1265724003314972,
                    0.4973185658454895,
                    2.0047550201416016
                ],
                [
                    -7.450580596923828e-09,
                    0.9691054224967957,
                    -0.24664676189422607,
                    -0.9942647814750671
                ],
                [
                    0.0,
                    0.0,
                    0.0,
                    1.0
                ]
            ]
        },
        {
            "file_path": "/data/shapenet_blender/all_50_random/02958343/816f9a529bf7b14817d5c90faf553cc9/r_20",
            "rotation": 0.12566370614359174,
            "transform_matrix": [
                [
                    -0.7654880285263062,
                    0.0792727991938591,
                    0.6385481953620911,
                    2.5740702152252197
                ],
                [
                    0.6434500217437744,
                    0.09430784732103348,
                    0.759656548500061,
                    3.0622735023498535
                ],
                [
                    -7.450580152834618e-09,
                    0.9923819303512573,
                    -0.12319961935281754,
                    -0.4966335594654083
                ],
                [
                    0.0,
                    0.0,
                    0.0,
                    1.0
                ]
            ]
        },
        {
            "file_path": "/data/shapenet_blender/all_50_random/02958343/816f9a529bf7b14817d5c90faf553cc9/r_21",
            "rotation": 0.12566370614359174,
            "transform_matrix": [
                [
                    0.855567991733551,
                    0.3370618522167206,
                    0.39292827248573303,
                    1.5839446783065796
                ],
                [
                    0.5176904201507568,
                    -0.5570497512817383,
                    -0.6493781208992004,
                    -2.617727279663086
                ],
                [
                    0.0,
                    0.7590024471282959,
                    -0.6510876417160034,
                    -2.6246185302734375
                ],
                [
                    0.0,
                    0.0,
                    0.0,
                    1.0
                ]
            ]
        },
        {
            "file_path": "/data/shapenet_blender/all_50_random/02958343/816f9a529bf7b14817d5c90faf553cc9/r_22",
            "rotation": 0.12566370614359174,
            "transform_matrix": [
                [
                    0.9646826982498169,
                    -0.05739447474479675,
                    0.257085919380188,
                    1.0363463163375854
                ],
                [
                    0.2634146511554718,
                    0.2101912498474121,
                    -0.9415054321289062,
                    -3.7953293323516846
                ],
                [
                    0.0,
                    0.9759740829467773,
                    0.21788643300533295,
                    0.8783282041549683
                ],
                [
                    0.0,
                    0.0,
                    0.0,
                    1.0
                ]
            ]
        },
        {
            "file_path": "/data/shapenet_blender/all_50_random/02958343/816f9a529bf7b14817d5c90faf553cc9/r_23",
            "rotation": 0.12566370614359174,
            "transform_matrix": [
                [
                    0.01887143775820732,
                    0.4423772990703583,
                    -0.8966304659843445,
                    -3.6144328117370605
                ],
                [
                    -0.9998219609260559,
                    0.008349782787263393,
                    -0.01692371815443039,
                    -0.06822168827056885
                ],
                [
                    9.313224635931761e-10,
                    0.8967902064323425,
                    0.4424561560153961,
                    1.783597707748413
                ],
                [
                    0.0,
                    0.0,
                    0.0,
                    1.0
                ]
            ]
        },
        {
            "file_path": "/data/shapenet_blender/all_50_random/02958343/816f9a529bf7b14817d5c90faf553cc9/r_24",
            "rotation": 0.12566370614359174,
            "transform_matrix": [
                [
                    0.5168157815933228,
                    -0.2511487305164337,
                    0.8184288144111633,
                    3.299192190170288
                ],
                [
                    0.8560966849327087,
                    0.15161560475826263,
                    -0.49407610297203064,
                    -1.9916844367980957
                ],
                [
                    7.450582373280668e-09,
                    0.9560004472732544,
                    0.29336491227149963,
                    1.1825917959213257
                ],
                [
                    0.0,
                    0.0,
                    0.0,
                    1.0
                ]
            ]
        },
        {
            "file_path": "/data/shapenet_blender/all_50_random/02958343/816f9a529bf7b14817d5c90faf553cc9/r_25",
            "rotation": 0.12566370614359174,
            "transform_matrix": [
                [
                    -0.3054594397544861,
                    -0.38929465413093567,
                    -0.8689903616905212,
                    -3.503012180328369
                ],
                [
                    -0.9522051811218262,
                    0.12488246709108353,
                    0.27876484394073486,
                    1.1237369775772095
                ],
                [
                    0.0,
                    0.9126083254814148,
                    -0.40883487462997437,
                    -1.6480660438537598
                ],
                [
                    0.0,
                    0.0,
                    0.0,
                    1.0
                ]
            ]
        },
        {
            "file_path": "/data/shapenet_blender/all_50_random/02958343/816f9a529bf7b14817d5c90faf553cc9/r_26",
            "rotation": 0.12566370614359174,
            "transform_matrix": [
                [
                    -0.5238673686981201,
                    0.7997919321060181,
                    0.2930799126625061,
                    1.1814427375793457
                ],
                [
                    0.8517999053001404,
                    0.491881787776947,
                    0.1802477091550827,
                    0.7266016602516174
                ],
                [
                    0.0,
                    0.34407132863998413,
                    -0.9389435648918152,
                    -3.7850022315979004
                ],
                [
                    0.0,
                    0.0,
                    0.0,
                    1.0
                ]
            ]
        },
        {
            "file_path": "/data/shapenet_blender/all_50_random/02958343/816f9a529bf7b14817d5c90faf553cc9/r_27",
            "rotation": 0.12566370614359174,
            "transform_matrix": [
                [
                    0.2925291359424591,
                    -0.15605150163173676,
                    0.9434376955032349,
                    3.8031187057495117
                ],
                [
                    0.956256628036499,
                    0.04773782566189766,
                    -0.2886076867580414,
                    -1.1634148359298706
                ],
                [
                    0.0,
                    0.986594557762146,
                    0.16318997740745544,
                    0.657839834690094
                ],
                [
                    0.0,
                    0.0,
                    0.0,
                    1.0
                ]
            ]
        },
        {
            "file_path": "/data/shapenet_blender/all_50_random/02958343/816f9a529bf7b14817d5c90faf553cc9/r_28",
            "rotation": 0.12566370614359174,
            "transform_matrix": [
                [
                    0.9996494054794312,
                    -0.016512377187609673,
                    0.02069801650941372,
                    0.08343636989593506
                ],
                [
                    0.02647765912115574,
                    0.6234156489372253,
                    -0.7814422249794006,
                    -3.1500942707061768
                ],
                [
                    9.313225746154785e-10,
                    0.7817162275314331,
                    0.6236342787742615,
                    2.5139501094818115
                ],
                [
                    0.0,
                    0.0,
                    0.0,
                    1.0
                ]
            ]
        },
        {
            "file_path": "/data/shapenet_blender/all_50_random/02958343/816f9a529bf7b14817d5c90faf553cc9/r_29",
            "rotation": 0.12566370614359174,
            "transform_matrix": [
                [
                    -0.8406949043273926,
                    -0.3690257668495178,
                    0.39629805088043213,
                    1.5975285768508911
                ],
                [
                    0.541509211063385,
                    -0.5729137659072876,
                    0.6152540445327759,
                    2.480168342590332
                ],
                [
                    1.4901162970204496e-08,
                    0.7318398952484131,
                    0.6814765334129333,
                    2.747119665145874
                ],
                [
                    0.0,
                    0.0,
                    0.0,
                    1.0
                ]
            ]
        },
        {
            "file_path": "/data/shapenet_blender/all_50_random/02958343/816f9a529bf7b14817d5c90faf553cc9/r_30",
            "rotation": 0.12566370614359174,
            "transform_matrix": [
                [
                    0.40065816044807434,
                    0.31091058254241943,
                    0.8618628978729248,
                    3.47428035736084
                ],
                [
                    0.9162276387214661,
                    -0.13595841825008392,
                    -0.37688490748405457,
                    -1.5192716121673584
                ],
                [
                    1.4901161193847656e-08,
                    0.940664529800415,
                    -0.3393377363681793,
                    -1.3679141998291016
                ],
                [
                    0.0,
                    0.0,
                    0.0,
                    1.0
                ]
            ]
        },
        {
            "file_path": "/data/shapenet_blender/all_50_random/02958343/816f9a529bf7b14817d5c90faf553cc9/r_31",
            "rotation": 0.12566370614359174,
            "transform_matrix": [
                [
                    0.9944201707839966,
                    0.023983579128980637,
                    0.10272862017154694,
                    0.41411229968070984
                ],
                [
                    0.10549113154411316,
                    -0.22608302533626556,
                    -0.9683790802955627,
                    -3.903660774230957
                ],
                [
                    1.8626448161640496e-09,
                    0.9738126993179321,
                    -0.2273516058921814,
                    -0.9164835810661316
                ],
                [
                    0.0,
                    0.0,
                    0.0,
                    1.0
                ]
            ]
        },
        {
            "file_path": "/data/shapenet_blender/all_50_random/02958343/816f9a529bf7b14817d5c90faf553cc9/r_32",
            "rotation": 0.12566370614359174,
            "transform_matrix": [
                [
                    0.7867854237556458,
                    0.06616270542144775,
                    0.6136701703071594,
                    2.473783493041992
                ],
                [
                    0.6172265410423279,
                    -0.08433832973241806,
                    -0.7822521328926086,
                    -3.1533591747283936
                ],
                [
                    3.7252898543727042e-09,
                    0.9942381978034973,
                    -0.10719355940818787,
                    -0.4321110248565674
                ],
                [
                    0.0,
                    0.0,
                    0.0,
                    1.0
                ]
            ]
        },
        {
            "file_path": "/data/shapenet_blender/all_50_random/02958343/816f9a529bf7b14817d5c90faf553cc9/r_33",
            "rotation": 0.12566370614359174,
            "transform_matrix": [
                [
                    -0.555047869682312,
                    -0.017176983878016472,
                    -0.8316409587860107,
                    -3.352452278137207
                ],
                [
                    -0.8318184614181519,
                    0.011461695656180382,
                    0.5549294352531433,
                    2.236992359161377
                ],
                [
                    9.31322685637781e-10,
                    0.9997866749763489,
                    -0.020649921149015427,
                    -0.0832425057888031
                ],
                [
                    0.0,
                    0.0,
                    0.0,
                    1.0
                ]
            ]
        },
        {
            "file_path": "/data/shapenet_blender/all_50_random/02958343/816f9a529bf7b14817d5c90faf553cc9/r_34",
            "rotation": 0.12566370614359174,
            "transform_matrix": [
                [
                    -0.09159619361162186,
                    -0.02173302322626114,
                    0.99555903673172,
                    4.013226509094238
                ],
                [
                    0.9957962036132812,
                    -0.0019990659784525633,
                    0.09157437831163406,
                    0.3691481053829193
                ],
                [
                    2.3283062977608182e-10,
                    0.9997617602348328,
                    0.02182476967573166,
                    0.08797845989465714
                ],
                [
                    0.0,
                    0.0,
                    0.0,
                    1.0
                ]
            ]
        },
        {
            "file_path": "/data/shapenet_blender/all_50_random/02958343/816f9a529bf7b14817d5c90faf553cc9/r_35",
            "rotation": 0.12566370614359174,
            "transform_matrix": [
                [
                    0.7012770771980286,
                    -0.14392979443073273,
                    -0.698208212852478,
                    -2.8145673274993896
                ],
                [
                    -0.7128888964653015,
                    -0.14158542454242706,
                    -0.686835527420044,
                    -2.7687225341796875
                ],
                [
                    -7.450581485102248e-09,
                    0.9794068336486816,
                    -0.2018965631723404,
                    -0.8138710856437683
                ],
                [
                    0.0,
                    0.0,
                    0.0,
                    1.0
                ]
            ]
        },
        {
            "file_path": "/data/shapenet_blender/all_50_random/02958343/816f9a529bf7b14817d5c90faf553cc9/r_36",
            "rotation": 0.12566370614359174,
            "transform_matrix": [
                [
                    0.44608956575393677,
                    -0.023333579301834106,
                    -0.8946840167045593,
                    -3.6065869331359863
                ],
                [
                    -0.8949883580207825,
                    -0.011630168184638023,
                    -0.4459378719329834,
                    -1.797633171081543
                ],
                [
                    9.31322685637781e-10,
                    0.9996599555015564,
                    -0.026071378961205482,
                    -0.10509710013866425
                ],
                [
                    0.0,
                    0.0,
                    0.0,
                    1.0
                ]
            ]
        },
        {
            "file_path": "/data/shapenet_blender/all_50_random/02958343/816f9a529bf7b14817d5c90faf553cc9/r_37",
            "rotation": 0.12566370614359174,
            "transform_matrix": [
                [
                    -0.985666036605835,
                    0.061102066189050674,
                    0.1572544127702713,
                    0.6339128017425537
                ],
                [
                    0.16870805621147156,
                    0.3569848835468292,
                    0.9187487959861755,
                    3.703594923019409
                ],
                [
                    0.0,
                    0.9321096539497375,
                    -0.3621762692928314,
                    -1.4599792957305908
                ],
                [
                    0.0,
                    0.0,
                    0.0,
                    1.0
                ]
            ]
        },
        {
            "file_path": "/data/shapenet_blender/all_50_random/02958343/816f9a529bf7b14817d5c90faf553cc9/r_38",
            "rotation": 0.12566370614359174,
            "transform_matrix": [
                [
                    -0.9987224340438843,
                    0.006343278102576733,
                    -0.05013339966535568,
                    -0.2020941972732544
                ],
                [
                    -0.05053311213850975,
                    -0.12536679208278656,
                    0.9908226728439331,
                    3.994133949279785
                ],
                [
                    0.0,
                    0.9920901656150818,
                    0.12552717328071594,
                    0.506016194820404
                ],
                [
                    0.0,
                    0.0,
                    0.0,
                    1.0
                ]
            ]
        },
        {
            "file_path": "/data/shapenet_blender/all_50_random/02958343/816f9a529bf7b14817d5c90faf553cc9/r_39",
            "rotation": 0.12566370614359174,
            "transform_matrix": [
                [
                    -0.12349815666675568,
                    0.39317846298217773,
                    -0.9111305475234985,
                    -3.672884702682495
                ],
                [
                    -0.992344856262207,
                    -0.04893139749765396,
                    0.1133909672498703,
                    0.45709359645843506
                ],
                [
                    -7.450580596923828e-09,
                    0.9181593060493469,
                    0.39621153473854065,
                    1.5971797704696655
                ],
                [
                    0.0,
                    0.0,
                    0.0,
                    1.0
                ]
            ]
        },
        {
            "file_path": "/data/shapenet_blender/all_50_random/02958343/816f9a529bf7b14817d5c90faf553cc9/r_40",
            "rotation": 0.12566370614359174,
            "transform_matrix": [
                [
                    0.5249398350715637,
                    0.08896934986114502,
                    -0.8464766144752502,
                    -3.4122564792633057
                ],
                [
                    -0.8511394262313843,
                    0.054871801286935806,
                    -0.5220640301704407,
                    -2.1045074462890625
                ],
                [
                    0.0,
                    0.9945217370986938,
                    0.10452970862388611,
                    0.42137274146080017
                ],
                [
                    0.0,
                    0.0,
                    0.0,
                    1.0
                ]
            ]
        },
        {
            "file_path": "/data/shapenet_blender/all_50_random/02958343/816f9a529bf7b14817d5c90faf553cc9/r_41",
            "rotation": 0.12566370614359174,
            "transform_matrix": [
                [
                    -0.7671705484390259,
                    -0.3650645315647125,
                    -0.5274250507354736,
                    -2.1261186599731445
                ],
                [
                    -0.6414431929588318,
                    0.43661969900131226,
                    0.6308040618896484,
                    2.5428526401519775
