{
    "class": "02958343",
    "model": "d5c046451e5bd6826a9c18480b4632cb",
    "remove_doubles": true,
    "edge_split": true,
    "denoise": true,
    "camera_angle_x": 0.6911112070083618,
    "scale_factor": 2.1012707533353816,
    "hdri_file": "/data/IndoorHDRDataset2018/9C4A5631-35f37459c3.exr",
    "center_offset": [
        0.0,
        0.0,
        -4.656612873077393e-10
    ],
    "lights": [],
    "frames": [
        {
            "file_path": "/data/shapenet_blender/all_50_random/02958343/d5c046451e5bd6826a9c18480b4632cb/r_0",
            "rotation": 0.12566370614359174,
            "transform_matrix": [
                [
                    0.9647993445396423,
                    0.006433539558202028,
                    -0.26290854811668396,
                    -1.0598183870315552
                ],
                [
                    -0.26298731565475464,
                    0.023602183908224106,
                    -0.9645103812217712,
                    -3.888066291809082
                ],
                [
                    0.0,
                    0.999700665473938,
                    0.02446330524981022,
                    0.09861475229263306
                ],
                [
                    0.0,
                    0.0,
                    0.0,
                    1.0
                ]
            ]
        },
        {
            "file_path": "/data/shapenet_blender/all_50_random/02958343/d5c046451e5bd6826a9c18480b4632cb/r_1",
            "rotation": 0.12566370614359174,
            "transform_matrix": [
                [
                    -0.1288890689611435,
                    0.07173042744398117,
                    0.9890612959861755,
                    3.9870338439941406
                ],
                [
                    0.9916590452194214,
                    0.009323030710220337,
                    0.1285514235496521,
                    0.5182074308395386
                ],
                [
                    9.313225746154785e-10,
                    0.9973804950714111,
                    -0.07233374565839767,
                    -0.291586697101593
                ],
                [
                    0.0,
                    0.0,
                    0.0,
                    1.0
                ]
            ]
        },
        {
            "file_path": "/data/shapenet_blender/all_50_random/02958343/d5c046451e5bd6826a9c18480b4632cb/r_2",
            "rotation": 0.12566370614359174,
            "transform_matrix": [
                [
                    0.9716166257858276,
                    -0.11966526508331299,
                    0.20406219363212585,
                    0.8226010203361511
                ],
                [
                    0.23656108975410461,
                    0.49149569869041443,
                    -0.8381353616714478,
                    -3.378631591796875
                ],
                [
                    0.0,
                    0.8626193404197693,
                    0.505853533744812,
                    2.03916072845459
                ],
                [
                    0.0,
                    0.0,
                    0.0,
                    1.0
                ]
            ]
        },
        {
            "file_path": "/data/shapenet_blender/all_50_random/02958343/d5c046451e5bd6826a9c18480b4632cb/r_3",
            "rotation": 0.12566370614359174,
            "transform_matrix": [
                [
                    0.5654338598251343,
                    -0.18320415914058685,
                    0.8041895627975464,
                    3.2417917251586914
                ],
                [
                    0.8247937560081482,
                    0.125594824552536,
                    -0.5513087511062622,
                    -2.2223966121673584
                ],
                [
                    1.4901162970204496e-08,
                    0.9750190377235413,
                    0.22212117910385132,
                    0.8953990936279297
                ],
                [
                    0.0,
                    0.0,
                    0.0,
                    1.0
                ]
            ]
        },
        {
            "file_path": "/data/shapenet_blender/all_50_random/02958343/d5c046451e5bd6826a9c18480b4632cb/r_4",
            "rotation": 0.12566370614359174,
            "transform_matrix": [
                [
                    -0.47013044357299805,
                    -0.6376436352729797,
                    0.6102359890937805,
                    2.459939956665039
                ],
                [
                    0.8825969099998474,
                    -0.33965185284614563,
                    0.3250527083873749,
                    1.3103294372558594
                ],
                [
                    0.0,
                    0.6914095878601074,
                    0.7224629521369934,
                    2.912341356277466
                ],
                [
                    0.0,
                    0.0,
                    0.0,
                    1.0
                ]
            ]
        },
        {
            "file_path": "/data/shapenet_blender/all_50_random/02958343/d5c046451e5bd6826a9c18480b4632cb/r_5",
            "rotation": 0.12566370614359174,
            "transform_matrix": [
                [
                    -4.657490717363544e-05,
                    0.27104708552360535,
                    0.9625661373138428,
                    3.88022780418396
                ],
                [
                    0.9999998807907104,
                    1.2623995644389652e-05,
                    4.4831438572146e-05,
                    0.00018072128295898438
                ],
                [
                    9.094944849324937e-13,
                    0.962566077709198,
                    -0.27104711532592773,
                    -1.0926257371902466
                ],
                [
                    0.0,
                    0.0,
                    0.0,
                    1.0
                ]
            ]
        },
        {
            "file_path": "/data/shapenet_blender/all_50_random/02958343/d5c046451e5bd6826a9c18480b4632cb/r_6",
            "rotation": 0.12566370614359174,
            "transform_matrix": [
                [
                    -0.926184356212616,
                    0.16035011410713196,
                    0.34127771854400635,
                    1.375734567642212
                ],
                [
                    0.37707120180130005,
                    0.393861323595047,
                    0.8382663130760193,
                    3.379159927368164
                ],
                [
                    0.0,
                    0.905075192451477,
                    -0.42525148391723633,
                    -1.7142436504364014
                ],
                [
                    0.0,
                    0.0,
                    0.0,
                    1.0
                ]
            ]
        },
        {
            "file_path": "/data/shapenet_blender/all_50_random/02958343/d5c046451e5bd6826a9c18480b4632cb/r_7",
            "rotation": 0.12566370614359174,
            "transform_matrix": [
                [
                    0.9900805950164795,
                    0.09917110949754715,
                    0.09952706098556519,
                    0.40120643377304077
                ],
                [
                    0.14050106704235077,
                    -0.6988372802734375,
                    -0.7013456225395203,
                    -2.8272149562835693
                ],
                [
                    0.0,
                    0.7083722949028015,
                    -0.7058388590812683,
                    -2.845327615737915
                ],
                [
                    0.0,
                    0.0,
                    0.0,
                    1.0
                ]
            ]
        },
        {
            "file_path": "/data/shapenet_blender/all_50_random/02958343/d5c046451e5bd6826a9c18480b4632cb/r_8",
            "rotation": 0.12566370614359174,
            "transform_matrix": [
                [
                    -0.5681657195091248,
                    0.41903671622276306,
                    -0.7082343697547913,
                    -2.8549840450286865
                ],
                [
                    -0.8229140639305115,
                    -0.2893161177635193,
                    0.4889872670173645,
                    1.9711706638336182
                ],
                [
                    0.0,
                    0.8606418967247009,
                    0.5092107057571411,
                    2.052694082260132
                ],
                [
                    0.0,
                    0.0,
                    0.0,
                    1.0
                ]
            ]
        },
        {
            "file_path": "/data/shapenet_blender/all_50_random/02958343/d5c046451e5bd6826a9c18480b4632cb/r_9",
            "rotation": 0.12566370614359174,
            "transform_matrix": [
                [
                    0.9989337921142578,
                    -0.007339067291468382,
                    0.04557975009083748,
                    0.1837378442287445
                ],
                [
                    0.04616682603955269,
                    0.1587989181280136,
                    -0.9862309694290161,
                    -3.9756240844726562
                ],
                [
                    4.656612873077393e-10,
                    0.9872836470603943,
                    0.15896841883659363,
                    0.640822172164917
                ],
                [
                    0.0,
                    0.0,
                    0.0,
                    1.0
                ]
            ]
        },
        {
            "file_path": "/data/shapenet_blender/all_50_random/02958343/d5c046451e5bd6826a9c18480b4632cb/r_10",
            "rotation": 0.12566370614359174,
            "transform_matrix": [
                [
                    -0.6393413543701172,
                    -0.14799624681472778,
                    -0.754546046257019,
                    -3.041672468185425
                ],
                [
                    -0.7689230442047119,
                    0.12305538356304169,
                    0.6273872256278992,
                    2.529078722000122
                ],
                [
                    0.0,
                    0.9813024401664734,
                    -0.19247211515903473,
                    -0.7758799195289612
                ],
                [
                    0.0,
                    0.0,
                    0.0,
                    1.0
                ]
            ]
        },
        {
            "file_path": "/data/shapenet_blender/all_50_random/02958343/d5c046451e5bd6826a9c18480b4632cb/r_11",
            "rotation": 0.12566370614359174,
            "transform_matrix": [
                [
                    0.3929324150085449,
                    0.055867213755846024,
                    0.9178687930107117,
                    3.700047016143799
                ],
                [
                    0.9195674657821655,
                    -0.023872135207057,
                    -0.3922065496444702,
                    -1.5810350179672241
                ],
                [
                    1.862645371275562e-09,
                    0.9981527328491211,
                    -0.06075380742549896,
                    -0.24490639567375183
                ],
                [
                    0.0,
                    0.0,
                    0.0,
                    1.0
                ]
            ]
        },
        {
            "file_path": "/data/shapenet_blender/all_50_random/02958343/d5c046451e5bd6826a9c18480b4632cb/r_12",
            "rotation": 0.12566370614359174,
            "transform_matrix": [
                [
                    0.35940253734588623,
                    0.011807681061327457,
                    0.9331079125404358,
                    3.7614781856536865
                ],
                [
                    0.9331826567649841,
                    -0.004547566641122103,
                    -0.3593737483024597,
                    -1.4486818313598633
                ],
                [
                    -4.6566123179658803e-10,
                    0.9999200105667114,
                    -0.012653129175305367,
                    -0.051006391644477844
                ],
                [
                    0.0,
                    0.0,
                    0.0,
                    1.0
                ]
            ]
        },
        {
            "file_path": "/data/shapenet_blender/all_50_random/02958343/d5c046451e5bd6826a9c18480b4632cb/r_13",
            "rotation": 0.12566370614359174,
            "transform_matrix": [
                [
                    0.9994927048683167,
                    0.017912941053509712,
                    -0.026335539296269417,
                    -0.10616195201873779
                ],
                [
                    -0.0318501815199852,
                    0.5621271133422852,
                    -0.82643723487854,
                    -3.331475019454956
                ],
                [
                    -9.313225746154785e-10,
                    0.8268567323684692,
                    0.5624125003814697,
                    2.2671573162078857
                ],
                [
                    0.0,
                    0.0,
                    0.0,
                    1.0
                ]
            ]
        },
        {
            "file_path": "/data/shapenet_blender/all_50_random/02958343/d5c046451e5bd6826a9c18480b4632cb/r_14",
            "rotation": 0.12566370614359174,
            "transform_matrix": [
                [
                    -0.6240321397781372,
                    -0.044648539274930954,
                    0.7801219820976257,
                    3.1447722911834717
                ],
                [
                    0.7813986539840698,
                    -0.03565673530101776,
                    0.6230126023292542,
                    2.511444091796875
                ],
                [
                    1.862645371275562e-09,
                    0.9983659982681274,
                    0.057139262557029724,
                    0.23033574223518372
                ],
                [
                    0.0,
                    0.0,
                    0.0,
                    1.0
                ]
            ]
        },
        {
            "file_path": "/data/shapenet_blender/all_50_random/02958343/d5c046451e5bd6826a9c18480b4632cb/r_15",
            "rotation": 0.12566370614359174,
            "transform_matrix": [
                [
                    0.31704947352409363,
                    0.5875316262245178,
                    -0.7445039749145508,
                    -3.0011916160583496
                ],
                [
                    -0.9484090209007263,
                    0.19640955328941345,
                    -0.24888479709625244,
                    -1.0032867193222046
                ],
                [
                    0.0,
                    0.7850030064582825,
                    0.6194918751716614,
                    2.497251510620117
                ],
                [
                    0.0,
                    0.0,
                    0.0,
                    1.0
                ]
            ]
        },
        {
            "file_path": "/data/shapenet_blender/all_50_random/02958343/d5c046451e5bd6826a9c18480b4632cb/r_16",
            "rotation": 0.12566370614359174,
            "transform_matrix": [
                [
                    0.9739391207695007,
                    -0.011780748143792152,
                    -0.22650350630283356,
                    -0.9130648374557495
                ],
                [
                    -0.22680966556072235,
                    -0.0505874902009964,
                    -0.9726244211196899,
                    -3.920774459838867
                ],
                [
                    -9.313225746154785e-10,
                    0.9986501932144165,
                    -0.05194111913442612,
                    -0.2093813419342041
                ],
                [
                    0.0,
                    0.0,
                    0.0,
                    1.0
                ]
            ]
        },
        {
            "file_path": "/data/shapenet_blender/all_50_random/02958343/d5c046451e5bd6826a9c18480b4632cb/r_17",
            "rotation": 0.12566370614359174,
            "transform_matrix": [
                [
                    -0.6630456447601318,
                    -0.43882036209106445,
                    0.6064711213111877,
                    2.44476318359375
                ],
                [
                    0.7485790252685547,
                    -0.3886803388595581,
                    0.5371751189231873,
                    2.165422201156616
                ],
                [
                    2.9802322387695312e-08,
                    0.8101630210876465,
                    0.5862045288085938,
                    2.3630659580230713
                ],
                [
                    0.0,
                    0.0,
                    0.0,
                    1.0
                ]
            ]
        },
        {
            "file_path": "/data/shapenet_blender/all_50_random/02958343/d5c046451e5bd6826a9c18480b4632cb/r_18",
            "rotation": 0.12566370614359174,
            "transform_matrix": [
                [
                    -0.5625178217887878,
                    0.5018509030342102,
                    0.657053530216217,
                    2.648667573928833
                ],
                [
                    0.8267850875854492,
                    0.34144309163093567,
                    0.4470379650592804,
                    1.8020676374435425
                ],
                [
                    1.4901160305669237e-08,
                    0.7947089672088623,
                    -0.6069906949996948,
                    -2.4468576908111572
                ],
                [
                    0.0,
                    0.0,
                    0.0,
                    1.0
                ]
            ]
        },
        {
            "file_path": "/data/shapenet_blender/all_50_random/02958343/d5c046451e5bd6826a9c18480b4632cb/r_19",
            "rotation": 0.12566370614359174,
            "transform_matrix": [
                [
                    -0.23905381560325623,
                    0.5505555868148804,
                    0.7998385429382324,
                    3.224252462387085
                ],
                [
                    0.9710063934326172,
                    0.13554227352142334,
                    0.1969137042760849,
                    0.7937846183776855
                ],
                [
                    7.450580596923828e-09,
                    0.8237212300300598,
                    -0.5669949054718018,
                    -2.2856297492980957
                ],
                [
                    0.0,
                    0.0,
                    0.0,
                    1.0
                ]
            ]
        },
        {
            "file_path": "/data/shapenet_blender/all_50_random/02958343/d5c046451e5bd6826a9c18480b4632cb/r_20",
            "rotation": 0.12566370614359174,
            "transform_matrix": [
                [
                    -0.9997993111610413,
                    -0.0009903853060677648,
                    -0.02001032792031765,
                    -0.08066421747207642
                ],
                [
                    -0.020034823566675186,
                    0.04942326620221138,
                    0.9985769391059875,
                    4.025392532348633
                ],
                [
                    -1.1641532182693481e-10,
                    0.998777449131012,
                    -0.04943319410085678,
                    -0.19927158951759338
                ],
                [
                    0.0,
                    0.0,
                    0.0,
                    1.0
                ]
            ]
        },
        {
            "file_path": "/data/shapenet_blender/all_50_random/02958343/d5c046451e5bd6826a9c18480b4632cb/r_21",
            "rotation": 0.12566370614359174,
            "transform_matrix": [
                [
                    0.4725777506828308,
                    0.39547911286354065,
                    0.7875699400901794,
                    3.1747961044311523
                ],
                [
                    0.8812888860702515,
                    -0.21206966042518616,
                    -0.4223223626613617,
                    -1.7024359703063965
                ],
                [
                    1.4901160305669237e-08,
                    0.8936569094657898,
                    -0.4487507939338684,
                    -1.8089724779129028
                ],
                [
                    0.0,
                    0.0,
                    0.0,
                    1.0
                ]
            ]
        },
        {
            "file_path": "/data/shapenet_blender/all_50_random/02958343/d5c046451e5bd6826a9c18480b4632cb/r_22",
            "rotation": 0.12566370614359174,
            "transform_matrix": [
                [
                    -0.6252092719078064,
                    -0.469111829996109,
                    0.6237366795539856,
                    2.5143630504608154
                ],
                [
                    0.7804572582244873,
                    -0.37579649686813354,
                    0.49966347217559814,
                    2.0142078399658203
                ],
                [
                    0.0,
                    0.7991940379142761,
                    0.6010730862617493,
                    2.4230031967163086
                ],
                [
                    0.0,
                    0.0,
                    0.0,
                    1.0
                ]
            ]
        },
        {
            "file_path": "/data/shapenet_blender/all_50_random/02958343/d5c046451e5bd6826a9c18480b4632cb/r_23",
            "rotation": 0.12566370614359174,
            "transform_matrix": [
                [
                    0.4851298928260803,
                    -0.18565306067466736,
                    -0.8545068502426147,
                    -3.444627285003662
                ],
                [
                    -0.8744421601295471,
                    -0.10299807041883469,
                    -0.4740700423717499,
                    -1.9110374450683594
                ],
                [
                    0.0,
                    0.977202296257019,
                    -0.2123102992773056,
                    -0.8558502197265625
                ],
                [
                    0.0,
                    0.0,
                    0.0,
                    1.0
                ]
            ]
        },
        {
            "file_path": "/data/shapenet_blender/all_50_random/02958343/d5c046451e5bd6826a9c18480b4632cb/r_24",
            "rotation": 0.12566370614359174,
            "transform_matrix": [
                [
                    -0.9989622235298157,
                    -0.01124938391149044,
                    -0.044134028255939484,
                    -0.1779099702835083
                ],
                [
                    -0.04554515331983566,
                    0.2467377632856369,
                    0.9680113792419434,
                    3.902179002761841
                ],
                [
                    0.0,
                    0.9690170288085938,
                    -0.2469940483570099,
                    -0.9956648945808411
                ],
                [
                    0.0,
                    0.0,
                    0.0,
                    1.0
                ]
            ]
        },
        {
            "file_path": "/data/shapenet_blender/all_50_random/02958343/d5c046451e5bd6826a9c18480b4632cb/r_25",
            "rotation": 0.12566370614359174,
            "transform_matrix": [
                [
                    -0.8837710022926331,
                    -0.40336188673973083,
                    -0.23716649413108826,
                    -0.9560487866401672
                ],
                [
                    -0.46791964769363403,
                    0.7618392705917358,
                    0.4479420483112335,
                    1.8057122230529785
                ],
                [
                    0.0,
                    0.5068531036376953,
                    -0.8620323538780212,
                    -3.474963903427124
                ],
                [
                    0.0,
                    0.0,
                    0.0,
                    1.0
                ]
            ]
        },
        {
            "file_path": "/data/shapenet_blender/all_50_random/02958343/d5c046451e5bd6826a9c18480b4632cb/r_26",
            "rotation": 0.12566370614359174,
            "transform_matrix": [
                [
                    0.511238694190979,
                    -0.049840159714221954,
                    0.85799241065979,
                    3.4586780071258545
                ],
                [
                    0.8594388961791992,
                    0.02964750863611698,
                    -0.5103783011436462,
                    -2.057400703430176
                ],
                [
                    -1.862645371275562e-09,
                    0.9983170628547668,
                    0.05799151957035065,
                    0.23377129435539246
                ],
                [
                    0.0,
                    0.0,
                    0.0,
                    1.0
                ]
            ]
        },
        {
            "file_path": "/data/shapenet_blender/all_50_random/02958343/d5c046451e5bd6826a9c18480b4632cb/r_27",
            "rotation": 0.12566370614359174,
            "transform_matrix": [
                [
                    0.8296377658843994,
                    -0.03495645150542259,
                    0.5572066903114319,
                    2.246171712875366
                ],
                [
                    0.558302104473114,
                    0.051945339888334274,
                    -0.8280099630355835,
                    -3.3378145694732666
                ],
                [
                    0.0,
                    0.9980378746986389,
                    0.06261208653450012,
                    0.252397358417511
                ],
                [
                    0.0,
                    0.0,
                    0.0,
                    1.0
                ]
            ]
        },
        {
            "file_path": "/data/shapenet_blender/all_50_random/02958343/d5c046451e5bd6826a9c18480b4632cb/r_28",
            "rotation": 0.12566370614359174,
            "transform_matrix": [
                [
                    -0.9184126853942871,
                    0.16162538528442383,
                    0.36110278964042664,
                    1.4556519985198975
                ],
                [
                    0.3956235349178314,
                    0.37520211935043335,
                    0.8382750749588013,
                    3.37919545173645
                ],
                [
                    0.0,
                    0.912743330001831,
                    -0.4085332155227661,
                    -1.646850347518921
                ],
                [
                    0.0,
                    0.0,
                    0.0,
                    1.0
                ]
            ]
        },
        {
            "file_path": "/data/shapenet_blender/all_50_random/02958343/d5c046451e5bd6826a9c18480b4632cb/r_29",
            "rotation": 0.12566370614359174,
            "transform_matrix": [
                [
                    -0.9870666265487671,
                    -0.07675354927778244,
                    0.14074283838272095,
                    0.5673525333404541
                ],
                [
                    0.16031113266944885,
                    -0.472586452960968,
                    0.8665808439254761,
                    3.4932990074157715
                ],
                [
                    7.450581485102248e-09,
                    0.877935528755188,
                    0.47877877950668335,
                    1.9300190210342407
                ],
                [
                    0.0,
                    0.0,
                    0.0,
                    1.0
                ]
            ]
        },
        {
            "file_path": "/data/shapenet_blender/all_50_random/02958343/d5c046451e5bd6826a9c18480b4632cb/r_30",
            "rotation": 0.12566370614359174,
            "transform_matrix": [
                [
                    -0.13326679170131683,
                    0.6709553599357605,
                    0.7294235229492188,
                    2.9404003620147705
                ],
                [
                    0.9910802841186523,
                    0.09022080898284912,
                    0.09808280318975449,
                    0.39538443088531494
                ],
                [
                    7.450582373280668e-09,
                    0.7359883189201355,
                    -0.6769940853118896,
                    -2.729050397872925
                ],
                [
                    0.0,
                    0.0,
                    0.0,
                    1.0
                ]
            ]
        },
        {
            "file_path": "/data/shapenet_blender/all_50_random/02958343/d5c046451e5bd6826a9c18480b4632cb/r_31",
            "rotation": 0.12566370614359174,
            "transform_matrix": [
                [
                    -0.9555139541625977,
                    -0.006913250312209129,
                    -0.2948649525642395,
                    -1.188638687133789
                ],
                [
                    -0.29494598507881165,
                    0.022396327927708626,
                    0.9552513957023621,
                    3.8507416248321533
                ],
                [
                    0.0,
                    0.9997252225875854,
                    -0.023439038544893265,
                    -0.09448578953742981
                ],
                [
                    0.0,
                    0.0,
                    0.0,
                    1.0
                ]
            ]
        },
        {
            "file_path": "/data/shapenet_blender/all_50_random/02958343/d5c046451e5bd6826a9c18480b4632cb/r_32",
            "rotation": 0.12566370614359174,
            "transform_matrix": [
                [
                    0.9778522253036499,
                    -0.0008169583161361516,
                    0.2092948853969574,
                    0.8436947464942932
                ],
                [
                    0.20929649472236633,
                    0.003816903568804264,
                    -0.9778447151184082,
                    -3.9418184757232666
                ],
                [
                    -5.820766091346741e-11,
                    0.999992311000824,
                    0.003903354052454233,
                    0.015734924003481865
                ],
                [
                    0.0,
                    0.0,
                    0.0,
                    1.0
                ]
            ]
        },
        {
            "file_path": "/data/shapenet_blender/all_50_random/02958343/d5c046451e5bd6826a9c18480b4632cb/r_33",
            "rotation": 0.12566370614359174,
            "transform_matrix": [
                [
                    -0.6413154006004333,
                    -0.07760751247406006,
                    -0.7633423209190369,
                    -3.077131509780884
                ],
                [
                    -0.7672773599624634,
                    0.06486688554286957,
                    0.6380263566970825,
                    2.5719666481018066
                ],
                [
                    0.0,
                    0.9948714375495911,
                    -0.1011466234922409,
                    -0.40773510932922363
                ],
                [
                    0.0,
                    0.0,
                    0.0,
                    1.0
                ]
            ]
        },
        {
            "file_path": "/data/shapenet_blender/all_50_random/02958343/d5c046451e5bd6826a9c18480b4632cb/r_34",
            "rotation": 0.12566370614359174,
            "transform_matrix": [
                [
                    0.6948497295379639,
                    -0.34414321184158325,
                    -0.6314659714698792,
                    -2.5455210208892822
                ],
                [
                    -0.7191550135612488,
                    -0.3325121998786926,
                    -0.6101242899894714,
                    -2.4594898223876953
                ],
                [
                    -1.4901161193847656e-08,
                    0.8780667185783386,
                    -0.47853827476501465,
                    -1.9290496110916138
                ],
                [
                    0.0,
                    0.0,
                    0.0,
                    1.0
                ]
            ]
        },
        {
            "file_path": "/data/shapenet_blender/all_50_random/02958343/d5c046451e5bd6826a9c18480b4632cb/r_35",
            "rotation": 0.12566370614359174,
            "transform_matrix": [
                [
                    -0.7893533706665039,
                    0.4353901147842407,
                    -0.43284720182418823,
                    -1.7448630332946777
                ],
                [
                    -0.6139391660690308,
                    -0.5597894191741943,
                    0.5565199255943298,
                    2.243403911590576
                ],
                [
                    0.0,
                    0.7050328850746155,
                    0.7091745734214783,
                    2.858774423599243
                ],
                [
                    0.0,
                    0.0,
                    0.0,
                    1.0
                ]
            ]
        },
        {
            "file_path": "/data/shapenet_blender/all_50_random/02958343/d5c046451e5bd6826a9c18480b4632cb/r_36",
            "rotation": 0.12566370614359174,
            "transform_matrix": [
                [
                    -0.397202730178833,
                    0.9082614779472351,
                    -0.13149504363536835,
                    -0.5300734639167786
                ],
                [
                    -0.9177308678627014,
                    -0.39310428500175476,
                    0.056912314146757126,
                    0.22942087054252625
                ],
                [
                    0.0,
                    0.1432829648256302,
                    0.9896817803382874,
                    3.989534854888916
                ],
                [
                    0.0,
                    0.0,
                    0.0,
                    1.0
                ]
            ]
        },
        {
            "file_path": "/data/shapenet_blender/all_50_random/02958343/d5c046451e5bd6826a9c18480b4632cb/r_37",
            "rotation": 0.12566370614359174,
            "transform_matrix": [
                [
                    0.8987020254135132,
                    -0.07323741912841797,
                    -0.4324013590812683,
                    -1.743065595626831
                ],
                [
                    -0.43855977058410645,
                    -0.15007901191711426,
                    -0.886082112789154,
                    -3.571911334991455
                ],
                [
                    -7.450581485102248e-09,
                    0.9859575629234314,
                    -0.1669953167438507,
                    -0.6731796264648438
                ],
                [
                    0.0,
                    0.0,
                    0.0,
                    1.0
                ]
            ]
        },
        {
            "file_path": "/data/shapenet_blender/all_50_random/02958343/d5c046451e5bd6826a9c18480b4632cb/r_38",
            "rotation": 0.12566370614359174,
            "transform_matrix": [
                [
                    -0.6804019808769226,
                    -0.09536053985357285,
                    0.726608157157898,
                    2.929051399230957
                ],
                [
                    0.7328391075134277,
                    -0.08853716403245926,
                    0.6746168732643127,
                    2.719467878341675
                ],
                [
                    -7.450580596923828e-09,
                    0.9914976358413696,
                    0.1301247775554657,
                    0.5245498418807983
                ],
                [
                    0.0,
                    0.0,
                    0.0,
                    1.0
                ]
            ]
        },
        {
            "file_path": "/data/shapenet_blender/all_50_random/02958343/d5c046451e5bd6826a9c18480b4632cb/r_39",
            "rotation": 0.12566370614359174,
            "transform_matrix": [
                [
                    0.5796636939048767,
                    0.32719865441322327,
                    0.7462781667709351,
                    3.008343458175659
                ],
                [
                    0.8148559331893921,
                    -0.23275917768478394,
                    -0.530879557132721,
                    -2.1400439739227295
                ],
                [
                    1.4901162970204496e-08,
                    0.9158406853675842,
                    -0.4015417695045471,
                    -1.618666648864746
                ],
                [
                    0.0,
                    0.0,
                    0.0,
                    1.0
                ]
            ]
        },
        {
            "file_path": "/data/shapenet_blender/all_50_random/02958343/d5c046451e5bd6826a9c18480b4632cb/r_40",
            "rotation": 0.12566370614359174,
            "transform_matrix": [
                [
                    -0.4281335473060608,
                    -0.8066427707672119,
                    0.40746670961380005,
                    1.6425509452819824
                ],
                [
                    0.9037154316902161,
                    -0.3821455240249634,
                    0.19303660094738007,
                    0.778155505657196
                ],
                [
                    0.0,
                    0.45087936520576477,
                    0.8925847411155701,
                    3.5981245040893555
                ],
                [
                    0.0,
                    0.0,
                    0.0,
                    1.0
                ]
            ]
        },
        {
            "file_path": "/data/shapenet_blender/all_50_random/02958343/d5c046451e5bd6826a9c18480b4632cb/r_41",
            "rotation": 0.12566370614359174,
            "transform_matrix": [
                [
                    -0.5783179402351379,
                    -0.17561110854148865,
                    0.7966862916946411,
                    3.211545467376709
                ],
                [
                    0.8158115744590759,
                    -0.12448837608098984,
                    0.5647602677345276,
                    2.2766215801239014
