{
    "class": "02958343",
    "model": "56c056544a2fba1614d5081e13f5a1db",
    "remove_doubles": true,
    "edge_split": true,
    "denoise": true,
    "camera_angle_x": 0.6911112070083618,
    "scale_factor": 2.27344547696955,
    "hdri_file": "/data/IndoorHDRDataset2018/9C4A4875-6eba931937.exr",
    "center_offset": [
        0.0,
        3.725290298461914e-09,
        0.0
    ],
    "lights": [],
    "frames": [
        {
            "file_path": "/data/shapenet_blender/all_50_random/02958343/56c056544a2fba1614d5081e13f5a1db/r_0",
            "rotation": 0.12566370614359174,
            "transform_matrix": [
                [
                    0.31880608201026917,
                    0.5757232904434204,
                    -0.7529312372207642,
                    -3.035162925720215
                ],
                [
                    -0.9478200078010559,
                    0.19364866614341736,
                    -0.25325384736061096,
                    -1.0208989381790161
                ],
                [
                    0.0,
                    0.7943821549415588,
                    0.6074182987213135,
                    2.4485814571380615
                ],
                [
                    0.0,
                    0.0,
                    0.0,
                    1.0
                ]
            ]
        },
        {
            "file_path": "/data/shapenet_blender/all_50_random/02958343/56c056544a2fba1614d5081e13f5a1db/r_1",
            "rotation": 0.12566370614359174,
            "transform_matrix": [
                [
                    -0.8763522505760193,
                    -0.13017939031124115,
                    -0.4637455642223358,
                    -1.8694179058074951
                ],
                [
                    -0.4816705882549286,
                    0.2368485927581787,
                    0.8437394499778748,
                    3.401221990585327
                ],
                [
                    -7.4505792646561986e-09,
                    0.9627854824066162,
                    -0.27026644349098206,
                    -1.0894787311553955
                ],
                [
                    0.0,
                    0.0,
                    0.0,
                    1.0
                ]
            ]
        },
        {
            "file_path": "/data/shapenet_blender/all_50_random/02958343/56c056544a2fba1614d5081e13f5a1db/r_2",
            "rotation": 0.12566370614359174,
            "transform_matrix": [
                [
                    0.9787409901618958,
                    0.1745816171169281,
                    0.107644222676754,
                    0.4339277446269989
                ],
                [
                    0.20510001480579376,
                    -0.8331065773963928,
                    -0.5136801600456238,
                    -2.0707108974456787
                ],
                [
                    -7.450580152834618e-09,
                    0.5248377919197083,
                    -0.8512023091316223,
                    -3.4313063621520996
                ],
                [
                    0.0,
                    0.0,
                    0.0,
                    1.0
                ]
            ]
        },
        {
            "file_path": "/data/shapenet_blender/all_50_random/02958343/56c056544a2fba1614d5081e13f5a1db/r_3",
            "rotation": 0.12566370614359174,
            "transform_matrix": [
                [
                    -0.25493356585502625,
                    -0.04606053605675697,
                    0.9658608436584473,
                    3.893509864807129
                ],
                [
                    0.9669586420059204,
                    -0.012143616564571857,
                    0.25464409589767456,
                    1.026503324508667
                ],
                [
                    9.31322685637781e-10,
                    0.9988647103309631,
                    0.04763444513082504,
                    0.19202060997486115
                ],
                [
                    0.0,
                    0.0,
                    0.0,
                    1.0
                ]
            ]
        },
        {
            "file_path": "/data/shapenet_blender/all_50_random/02958343/56c056544a2fba1614d5081e13f5a1db/r_4",
            "rotation": 0.12566370614359174,
            "transform_matrix": [
                [
                    0.9500625133514404,
                    0.09548892825841904,
                    0.2970910370349884,
                    1.1976122856140137
                ],
                [
                    0.3120596408843994,
                    -0.2907150685787201,
                    -0.9044907093048096,
                    -3.646118640899658
                ],
                [
                    -7.450580596923828e-09,
                    0.9520328044891357,
                    -0.30599573254585266,
                    -1.2335082292556763
                ],
                [
                    0.0,
                    0.0,
                    0.0,
                    1.0
                ]
            ]
        },
        {
            "file_path": "/data/shapenet_blender/all_50_random/02958343/56c056544a2fba1614d5081e13f5a1db/r_5",
            "rotation": 0.12566370614359174,
            "transform_matrix": [
                [
                    -0.8594588041305542,
                    -0.2190493643283844,
                    0.4618961811065674,
                    1.8619630336761475
                ],
                [
                    0.5112051963806152,
                    -0.36827459931373596,
                    0.7765584588050842,
                    3.1304073333740234
                ],
                [
                    0.0,
                    0.9035437107086182,
                    0.42849594354629517,
                    1.7273223400115967
                ],
                [
                    0.0,
                    0.0,
                    0.0,
                    1.0
                ]
            ]
        },
        {
            "file_path": "/data/shapenet_blender/all_50_random/02958343/56c056544a2fba1614d5081e13f5a1db/r_6",
            "rotation": 0.12566370614359174,
            "transform_matrix": [
                [
                    0.7501563429832458,
                    0.007691315375268459,
                    -0.6612157225608826,
                    -2.6654458045959473
                ],
                [
                    -0.6612604260444641,
                    0.00872528925538063,
                    -0.750105619430542,
                    -3.0237724781036377
                ],
                [
                    -4.6566125955216364e-10,
                    0.9999323487281799,
                    0.011631295084953308,
                    0.04688724875450134
                ],
                [
                    0.0,
                    0.0,
                    0.0,
                    1.0
                ]
            ]
        },
        {
            "file_path": "/data/shapenet_blender/all_50_random/02958343/56c056544a2fba1614d5081e13f5a1db/r_7",
            "rotation": 0.12566370614359174,
            "transform_matrix": [
                [
                    0.28270262479782104,
                    -0.7057775855064392,
                    0.6495823264122009,
                    2.6185500621795654
                ],
                [
                    0.9592076539993286,
                    0.20801043510437012,
                    -0.19144828617572784,
                    -0.7717527151107788
                ],
                [
                    1.4901161193847656e-08,
                    0.6772072315216064,
                    0.735792338848114,
                    2.966073751449585
                ],
                [
                    0.0,
                    0.0,
                    0.0,
                    1.0
                ]
            ]
        },
        {
            "file_path": "/data/shapenet_blender/all_50_random/02958343/56c056544a2fba1614d5081e13f5a1db/r_8",
            "rotation": 0.12566370614359174,
            "transform_matrix": [
                [
                    0.9674941301345825,
                    0.025878923013806343,
                    0.25156596302986145,
                    1.0140948295593262
                ],
                [
                    0.2528935968875885,
                    -0.09900490194559097,
                    -0.9624151587486267,
                    -3.8796193599700928
                ],
                [
                    -3.725290298461914e-09,
                    0.9947503209114075,
                    -0.10233128815889359,
                    -0.41251060366630554
                ],
                [
                    0.0,
                    0.0,
                    0.0,
                    1.0
                ]
            ]
        },
        {
            "file_path": "/data/shapenet_blender/all_50_random/02958343/56c056544a2fba1614d5081e13f5a1db/r_9",
            "rotation": 0.12566370614359174,
            "transform_matrix": [
                [
                    0.9945014119148254,
                    -0.03316798061132431,
                    0.09933201223611832,
                    0.4004201889038086
                ],
                [
                    0.10472328215837479,
                    0.314978688955307,
                    -0.9433034062385559,
                    -3.8025779724121094
                ],
                [
                    3.725290298461914e-09,
                    0.9485190510749817,
                    0.3167201578617096,
                    1.2767399549484253
                ],
                [
                    0.0,
                    0.0,
                    0.0,
                    1.0
                ]
            ]
        },
        {
            "file_path": "/data/shapenet_blender/all_50_random/02958343/56c056544a2fba1614d5081e13f5a1db/r_10",
            "rotation": 0.12566370614359174,
            "transform_matrix": [
                [
                    -0.3172166049480438,
                    -0.6357108354568481,
                    -0.7037366032600403,
                    -2.836853265762329
                ],
                [
                    -0.9483531713485718,
                    0.21264024078845978,
                    0.23539429903030396,
                    0.948904812335968
                ],
                [
                    1.4901162970204496e-08,
                    0.7420617938041687,
                    -0.6703313589096069,
                    -2.7021923065185547
                ],
                [
                    0.0,
                    0.0,
                    0.0,
                    1.0
                ]
            ]
        },
        {
            "file_path": "/data/shapenet_blender/all_50_random/02958343/56c056544a2fba1614d5081e13f5a1db/r_11",
            "rotation": 0.12566370614359174,
            "transform_matrix": [
                [
                    -0.5496332049369812,
                    0.43398910760879517,
                    0.7138324975967407,
                    2.8775508403778076
                ],
                [
                    0.8354061841964722,
                    0.28553155064582825,
                    0.46964704990386963,
                    1.8932077884674072
                ],
                [
                    0.0,
                    0.8544734716415405,
                    -0.5194948315620422,
                    -2.0941505432128906
                ],
                [
                    0.0,
                    0.0,
                    0.0,
                    1.0
                ]
            ]
        },
        {
            "file_path": "/data/shapenet_blender/all_50_random/02958343/56c056544a2fba1614d5081e13f5a1db/r_12",
            "rotation": 0.12566370614359174,
            "transform_matrix": [
                [
                    0.9758291244506836,
                    -0.0041185603477060795,
                    -0.21849608421325684,
                    -0.8807858824729919
                ],
                [
                    -0.2185349017381668,
                    -0.018390703946352005,
                    -0.9756557941436768,
                    -3.9329943656921387
                ],
                [
                    4.656612873077393e-10,
                    0.9998223185539246,
                    -0.018846236169338226,
                    -0.07597161084413528
                ],
                [
                    0.0,
                    0.0,
                    0.0,
                    1.0
                ]
            ]
        },
        {
            "file_path": "/data/shapenet_blender/all_50_random/02958343/56c056544a2fba1614d5081e13f5a1db/r_13",
            "rotation": 0.12566370614359174,
            "transform_matrix": [
                [
                    0.23796972632408142,
                    -0.4608616530895233,
                    0.8549718260765076,
                    3.4465019702911377
                ],
                [
                    0.9712725877761841,
                    0.11291487514972687,
                    -0.2094750851392746,
                    -0.8444211483001709
                ],
                [
                    0.0,
                    0.8802595138549805,
                    0.47449254989624023,
                    1.9127408266067505
                ],
                [
                    0.0,
                    0.0,
                    0.0,
                    1.0
                ]
            ]
        },
        {
            "file_path": "/data/shapenet_blender/all_50_random/02958343/56c056544a2fba1614d5081e13f5a1db/r_14",
            "rotation": 0.12566370614359174,
            "transform_matrix": [
                [
                    -0.2488466054201126,
                    -0.21845510601997375,
                    0.9435850381851196,
                    3.803712844848633
                ],
                [
                    0.9685429930686951,
                    -0.05612741410732269,
                    0.24243418872356415,
                    0.9772834777832031
                ],
                [
                    0.0,
                    0.9742315411567688,
                    0.22555026412010193,
                    0.9092221856117249
                ],
                [
                    0.0,
                    0.0,
                    0.0,
                    1.0
                ]
            ]
        },
        {
            "file_path": "/data/shapenet_blender/all_50_random/02958343/56c056544a2fba1614d5081e13f5a1db/r_15",
            "rotation": 0.12566370614359174,
            "transform_matrix": [
                [
                    -0.9959914684295654,
                    0.0499238446354866,
                    0.07421974092721939,
                    0.29918935894966125
                ],
                [
                    0.08944807201623917,
                    0.5558947920799255,
                    0.826426088809967,
                    3.331430196762085
                ],
                [
                    0.0,
                    0.8297521471977234,
                    -0.558131992816925,
                    -2.2499020099639893
                ],
                [
                    0.0,
                    0.0,
                    0.0,
                    1.0
                ]
            ]
        },
        {
            "file_path": "/data/shapenet_blender/all_50_random/02958343/56c056544a2fba1614d5081e13f5a1db/r_16",
            "rotation": 0.12566370614359174,
            "transform_matrix": [
                [
                    -0.282673180103302,
                    -0.31874945759773254,
                    0.9047069549560547,
                    3.6469902992248535
                ],
                [
                    0.9592162370681763,
                    -0.0939328521490097,
                    0.26660972833633423,
                    1.0747381448745728
                ],
                [
                    -7.4505797087454084e-09,
                    0.9431730508804321,
                    0.3323019742965698,
                    1.3395521640777588
                ],
                [
                    0.0,
                    0.0,
                    0.0,
                    1.0
                ]
            ]
        },
        {
            "file_path": "/data/shapenet_blender/all_50_random/02958343/56c056544a2fba1614d5081e13f5a1db/r_17",
            "rotation": 0.12566370614359174,
            "transform_matrix": [
                [
                    0.11235808581113815,
                    -0.1439516693353653,
                    0.9831854104995728,
                    3.9633469581604004
                ],
                [
                    0.993667721748352,
                    0.01627720519900322,
                    -0.11117280274629593,
                    -0.4481518864631653
                ],
                [
                    0.0,
                    0.9894508123397827,
                    0.14486899971961975,
                    0.5839856266975403
                ],
                [
                    0.0,
                    0.0,
                    0.0,
                    1.0
                ]
            ]
        },
        {
            "file_path": "/data/shapenet_blender/all_50_random/02958343/56c056544a2fba1614d5081e13f5a1db/r_18",
            "rotation": 0.12566370614359174,
            "transform_matrix": [
                [
                    0.429701030254364,
                    0.8667715191841125,
                    -0.2531087100505829,
                    -1.0203138589859009
                ],
                [
                    -0.9029712677001953,
                    0.41247448325157166,
                    -0.12044798582792282,
                    -0.48554137349128723
                ],
                [
                    7.450581485102248e-09,
                    0.28030645847320557,
                    0.95991051197052,
                    3.869523048400879
                ],
                [
                    0.0,
                    0.0,
                    0.0,
                    1.0
                ]
            ]
        },
        {
            "file_path": "/data/shapenet_blender/all_50_random/02958343/56c056544a2fba1614d5081e13f5a1db/r_19",
            "rotation": 0.12566370614359174,
            "transform_matrix": [
                [
                    -0.6511845588684082,
                    -0.6015464663505554,
                    0.462709903717041,
                    1.8652433156967163
                ],
                [
                    0.7589192986488342,
                    -0.5161520838737488,
                    0.3970245122909546,
                    1.600456953048706
                ],
                [
                    -1.4901160305669237e-08,
                    0.6096957325935364,
                    0.7926355004310608,
                    3.195215940475464
                ],
                [
                    0.0,
                    0.0,
                    0.0,
                    1.0
                ]
            ]
        },
        {
            "file_path": "/data/shapenet_blender/all_50_random/02958343/56c056544a2fba1614d5081e13f5a1db/r_20",
            "rotation": 0.12566370614359174,
            "transform_matrix": [
                [
                    -0.9384251832962036,
                    0.19845615327358246,
                    0.28279536962509155,
                    1.1399846076965332
                ],
                [
                    0.34548234939575195,
                    0.5390615463256836,
                    0.7681500911712646,
                    3.0965120792388916
                ],
                [
                    0.0,
                    0.8185522556304932,
                    -0.5744320750236511,
                    -2.3156096935272217
                ],
                [
                    0.0,
                    0.0,
                    0.0,
                    1.0
                ]
            ]
        },
        {
            "file_path": "/data/shapenet_blender/all_50_random/02958343/56c056544a2fba1614d5081e13f5a1db/r_21",
            "rotation": 0.12566370614359174,
            "transform_matrix": [
                [
                    0.8391864895820618,
                    0.251218318939209,
                    0.48234352469444275,
                    1.94438898563385
                ],
                [
                    0.5438436269760132,
                    -0.3876464068889618,
                    -0.7442877888679504,
                    -3.0003199577331543
                ],
                [
                    0.0,
                    0.8869157433509827,
                    -0.46193116903305054,
                    -1.862104058265686
                ],
                [
                    0.0,
                    0.0,
                    0.0,
                    1.0
                ]
            ]
        },
        {
            "file_path": "/data/shapenet_blender/all_50_random/02958343/56c056544a2fba1614d5081e13f5a1db/r_22",
            "rotation": 0.12566370614359174,
            "transform_matrix": [
                [
                    -0.9909396767616272,
                    0.028205865994095802,
                    0.1313125342130661,
                    0.5293377637863159
                ],
                [
                    0.13430766761302948,
                    0.20810657739639282,
                    0.9688411355018616,
                    3.9055233001708984
                ],
                [
                    0.0,
                    0.9776992797851562,
                    -0.2100093513727188,
                    -0.8465747237205505
                ],
                [
                    0.0,
                    0.0,
                    0.0,
                    1.0
                ]
            ]
        },
        {
            "file_path": "/data/shapenet_blender/all_50_random/02958343/56c056544a2fba1614d5081e13f5a1db/r_23",
            "rotation": 0.12566370614359174,
            "transform_matrix": [
                [
                    0.9984298944473267,
                    0.04129214212298393,
                    -0.037851445376873016,
                    -0.15258407592773438
                ],
                [
                    -0.05601583421230316,
                    0.7359938621520996,
                    -0.6746666431427002,
                    -2.719668388366699
                ],
                [
                    0.0,
                    0.6757277250289917,
                    0.7371512651443481,
                    2.9715521335601807
                ],
                [
                    0.0,
                    0.0,
                    0.0,
                    1.0
                ]
            ]
        },
        {
            "file_path": "/data/shapenet_blender/all_50_random/02958343/56c056544a2fba1614d5081e13f5a1db/r_24",
            "rotation": 0.12566370614359174,
            "transform_matrix": [
                [
                    0.41706445813179016,
                    -0.5163397789001465,
                    -0.7479642033576965,
                    -3.0151400566101074
                ],
                [
                    -0.9088768362998962,
                    -0.23693746328353882,
                    -0.34322503209114075,
                    -1.3835843801498413
                ],
                [
                    -1.4901160305669237e-08,
                    0.8229543566703796,
                    -0.5681074857711792,
                    -2.290114641189575
                ],
                [
                    0.0,
                    0.0,
                    0.0,
                    1.0
                ]
            ]
        },
        {
            "file_path": "/data/shapenet_blender/all_50_random/02958343/56c056544a2fba1614d5081e13f5a1db/r_25",
            "rotation": 0.12566370614359174,
            "transform_matrix": [
                [
                    -0.9933161735534668,
                    -0.05952374264597893,
                    0.09889400005340576,
                    0.3986544609069824
                ],
                [
                    0.11542575061321259,
                    -0.5122418403625488,
                    0.8510494232177734,
                    3.430690050125122
                ],
                [
                    3.725290742551124e-09,
                    0.8567759394645691,
                    0.5156887173652649,
                    2.078807830810547
                ],
                [
                    0.0,
                    0.0,
                    0.0,
                    1.0
                ]
            ]
        },
        {
            "file_path": "/data/shapenet_blender/all_50_random/02958343/56c056544a2fba1614d5081e13f5a1db/r_26",
            "rotation": 0.12566370614359174,
            "transform_matrix": [
                [
                    0.9195984601974487,
                    -0.015028305351734161,
                    -0.39257219433784485,
                    -1.5825092792510986
                ],
                [
                    -0.3928598165512085,
                    -0.03517795726656914,
                    -0.9189252257347107,
                    -3.7043063640594482
                ],
                [
                    0.0,
                    0.9992679357528687,
                    -0.03825360909104347,
                    -0.15420524775981903
                ],
                [
                    0.0,
                    0.0,
                    0.0,
                    1.0
                ]
            ]
        },
        {
            "file_path": "/data/shapenet_blender/all_50_random/02958343/56c056544a2fba1614d5081e13f5a1db/r_27",
            "rotation": 0.12566370614359174,
            "transform_matrix": [
                [
                    0.6790117025375366,
                    -0.4526228606700897,
                    -0.5779927372932434,
                    -2.329963445663452
                ],
                [
                    -0.7341274619102478,
                    -0.41864147782325745,
                    -0.5345990061759949,
                    -2.1550378799438477
                ],
                [
                    0.0,
                    0.7873194217681885,
                    -0.6165452599525452,
                    -2.4853737354278564
                ],
                [
                    0.0,
                    0.0,
                    0.0,
                    1.0
                ]
            ]
        },
        {
            "file_path": "/data/shapenet_blender/all_50_random/02958343/56c056544a2fba1614d5081e13f5a1db/r_28",
            "rotation": 0.12566370614359174,
            "transform_matrix": [
                [
                    -0.21928910911083221,
                    -0.08363235741853714,
                    -0.9720688462257385,
                    -3.918534994125366
                ],
                [
                    -0.975659966468811,
                    0.018797188997268677,
                    0.21848197281360626,
                    0.880729079246521
                ],
                [
                    0.0,
                    0.9963194131851196,
                    -0.08571875840425491,
                    -0.34554338455200195
                ],
                [
                    0.0,
                    0.0,
                    0.0,
                    1.0
                ]
            ]
        },
        {
            "file_path": "/data/shapenet_blender/all_50_random/02958343/56c056544a2fba1614d5081e13f5a1db/r_29",
            "rotation": 0.12566370614359174,
            "transform_matrix": [
                [
                    -0.8578223586082458,
                    0.1498814970254898,
                    -0.49160581827163696,
                    -1.9817264080047607
                ],
                [
                    -0.5139461755752563,
                    -0.2501656413078308,
                    0.8205342292785645,
                    3.3076791763305664
                ],
                [
                    1.4901160305669237e-08,
                    0.9565315842628479,
                    0.29162871837615967,
                    1.1755930185317993
                ],
                [
                    0.0,
                    0.0,
                    0.0,
                    1.0
                ]
            ]
        },
        {
            "file_path": "/data/shapenet_blender/all_50_random/02958343/56c056544a2fba1614d5081e13f5a1db/r_30",
            "rotation": 0.12566370614359174,
            "transform_matrix": [
                [
                    0.8896018266677856,
                    0.2515381872653961,
                    0.3812311887741089,
                    1.5367920398712158
                ],
                [
                    0.45673710107803345,
                    -0.4899292290210724,
                    -0.7425365447998047,
                    -2.993260622024536
                ],
                [
                    -1.4901162970204496e-08,
                    0.8346841931343079,
                    -0.5507287979125977,
                    -2.2200586795806885
                ],
                [
                    0.0,
                    0.0,
                    0.0,
                    1.0
                ]
            ]
        },
        {
            "file_path": "/data/shapenet_blender/all_50_random/02958343/56c056544a2fba1614d5081e13f5a1db/r_31",
            "rotation": 0.12566370614359174,
            "transform_matrix": [
                [
                    0.9844257831573486,
                    0.11020166426897049,
                    -0.13697265088558197,
                    -0.5521544218063354
                ],
                [
                    -0.17580080032348633,
                    0.6170925498008728,
                    -0.7670011520385742,
                    -3.0918803215026855
                ],
                [
                    0.0,
                    0.7791355848312378,
                    0.6268553733825684,
                    2.526934862136841
                ],
                [
                    0.0,
                    0.0,
                    0.0,
                    1.0
                ]
            ]
        },
        {
            "file_path": "/data/shapenet_blender/all_50_random/02958343/56c056544a2fba1614d5081e13f5a1db/r_32",
            "rotation": 0.12566370614359174,
            "transform_matrix": [
                [
                    0.9885861873626709,
                    -0.022144785150885582,
                    -0.1490200161933899,
                    -0.6007189154624939
                ],
                [
                    -0.15065641701221466,
                    -0.14531096816062927,
                    -0.9778483510017395,
                    -3.9418327808380127
                ],
                [
                    -1.8626450382086546e-09,
                    0.989138126373291,
                    -0.14698868989944458,
                    -0.592530369758606
                ],
                [
                    0.0,
                    0.0,
                    0.0,
                    1.0
                ]
            ]
        },
        {
            "file_path": "/data/shapenet_blender/all_50_random/02958343/56c056544a2fba1614d5081e13f5a1db/r_33",
            "rotation": 0.12566370614359174,
            "transform_matrix": [
                [
                    -0.7468904852867126,
                    -0.5154467225074768,
                    -0.4200822412967682,
                    -1.6934057474136353
                ],
                [
                    -0.664946973323822,
                    0.5789668560028076,
                    0.47185033559799194,
                    1.9020897150039673
                ],
                [
                    -1.4901160305669237e-08,
                    0.6317529678344727,
                    -0.7751696705818176,
                    -3.1248090267181396
                ],
                [
                    0.0,
                    0.0,
                    0.0,
                    1.0
                ]
            ]
        },
        {
            "file_path": "/data/shapenet_blender/all_50_random/02958343/56c056544a2fba1614d5081e13f5a1db/r_34",
            "rotation": 0.12566370614359174,
            "transform_matrix": [
                [
                    0.9998184442520142,
                    -0.0011457775253802538,
                    -0.019018862396478653,
                    -0.07666748762130737
                ],
                [
                    -0.019053341820836067,
                    -0.060124337673187256,
                    -0.9980090856552124,
                    -4.0231032371521
                ],
                [
                    -1.1641531488804091e-10,
                    0.99819016456604,
                    -0.060135260224342346,
                    -0.2424129843711853
                ],
                [
                    0.0,
                    0.0,
                    0.0,
                    1.0
                ]
            ]
        },
        {
            "file_path": "/data/shapenet_blender/all_50_random/02958343/56c056544a2fba1614d5081e13f5a1db/r_35",
            "rotation": 0.12566370614359174,
            "transform_matrix": [
                [
                    0.6097809076309204,
                    0.4866429567337036,
                    -0.625576376914978,
                    -2.5217792987823486
                ],
                [
                    -0.7925699949264526,
                    0.3744092881679535,
                    -0.4813007712364197,
                    -1.940185546875
                ],
                [
                    0.0,
                    0.7893011569976807,
                    0.6140062212944031,
                    2.4751384258270264
                ],
                [
                    0.0,
                    0.0,
                    0.0,
                    1.0
                ]
            ]
        },
        {
            "file_path": "/data/shapenet_blender/all_50_random/02958343/56c056544a2fba1614d5081e13f5a1db/r_36",
            "rotation": 0.12566370614359174,
            "transform_matrix": [
                [
                    -0.7435408234596252,
                    -0.05146428570151329,
                    -0.6667072772979736,
                    -2.6875829696655273
                ],
                [
                    -0.6686906814575195,
                    0.05722495913505554,
                    0.741335391998291,
                    2.9884183406829834
                ],
                [
                    0.0,
                    0.997033953666687,
                    -0.07696276903152466,
                    -0.3102468252182007
                ],
                [
                    0.0,
                    0.0,
                    0.0,
                    1.0
                ]
            ]
        },
        {
            "file_path": "/data/shapenet_blender/all_50_random/02958343/56c056544a2fba1614d5081e13f5a1db/r_37",
            "rotation": 0.12566370614359174,
            "transform_matrix": [
                [
                    0.5534456372261047,
                    -0.2916947305202484,
                    -0.7801359295845032,
                    -3.1448285579681396
                ],
                [
                    -0.8328853845596313,
                    -0.19382880628108978,
                    -0.5183940529823303,
                    -2.0897133350372314
                ],
                [
                    0.0,
                    0.93666672706604,
                    -0.3502219617366791,
                    -1.411789894104004
                ],
                [
                    0.0,
                    0.0,
                    0.0,
                    1.0
                ]
            ]
        },
        {
            "file_path": "/data/shapenet_blender/all_50_random/02958343/56c056544a2fba1614d5081e13f5a1db/r_38",
            "rotation": 0.12566370614359174,
            "transform_matrix": [
                [
                    -0.37418094277381897,
                    0.007724149152636528,
                    -0.9273236393928528,
                    -3.7381606101989746
                ],
                [
                    -0.9273557066917419,
                    -0.003116635140031576,
                    0.3741680085659027,
                    1.5083192586898804
                ],
                [
                    0.0,
                    0.999965250492096,
                    0.008329221047461033,
                    0.03357616066932678
                ],
                [
                    0.0,
                    0.0,
                    0.0,
                    1.0
                ]
            ]
        },
        {
            "file_path": "/data/shapenet_blender/all_50_random/02958343/56c056544a2fba1614d5081e13f5a1db/r_39",
            "rotation": 0.12566370614359174,
            "transform_matrix": [
                [
                    -0.04138513654470444,
                    -0.3233315646648407,
                    -0.9453802704811096,
                    -3.8109500408172607
                ],
                [
                    -0.9991433024406433,
                    0.013392595574259758,
                    0.03915823996067047,
                    0.1578519344329834
                ],
                [
                    0.0,
                    0.9461908936500549,
                    -0.32360878586769104,
                    -1.3045088052749634
                ],
                [
                    0.0,
                    0.0,
                    0.0,
                    1.0
                ]
            ]
        },
        {
            "file_path": "/data/shapenet_blender/all_50_random/02958343/56c056544a2fba1614d5081e13f5a1db/r_40",
            "rotation": 0.12566370614359174,
            "transform_matrix": [
                [
                    -0.6924102902412415,
                    0.377515584230423,
                    -0.6148576140403748,
                    -2.4785702228546143
                ],
                [
                    -0.7215039134025574,
                    -0.3622928261756897,
                    0.5900644063949585,
                    2.3786256313323975
                ],
                [
                    1.4901160305669237e-08,
                    0.8521888256072998,
                    0.5232343077659607,
                    2.109225034713745
                ],
                [
                    0.0,
                    0.0,
                    0.0,
                    1.0
                ]
            ]
        },
        {
            "file_path": "/data/shapenet_blender/all_50_random/02958343/56c056544a2fba1614d5081e13f5a1db/r_41",
            "rotation": 0.12566370614359174,
            "transform_matrix": [
                [
                    -0.7536274790763855,
                    -0.1301049441099167,
                    0.6442967057228088,
                    2.597243070602417
                ],
                [
                    0.6573017239570618,
                    -0.14917148649692535,
                    0.738716721534729,
                    2.9778623580932617
