{
    "class": "02958343",
    "model": "a81d28a70bb06e18bda733a39f84326d",
    "remove_doubles": true,
    "edge_split": true,
    "denoise": true,
    "camera_angle_x": 0.6911112070083618,
    "scale_factor": 2.2539630251107354,
    "hdri_file": "/data/IndoorHDRDataset2018/AG8A8868-b61342c372.exr",
    "center_offset": [
        0.0,
        0.0,
        0.0
    ],
    "lights": [],
    "frames": [
        {
            "file_path": "/data/shapenet_blender/all_50_random/02958343/a81d28a70bb06e18bda733a39f84326d/r_0",
            "rotation": 0.12566370614359174,
            "transform_matrix": [
                [
                    0.24972768127918243,
                    -0.47418373823165894,
                    -0.844266414642334,
                    -3.4033470153808594
                ],
                [
                    -0.9683161377906799,
                    -0.12229147553443909,
                    -0.2177353948354721,
                    -0.877719521522522
                ],
                [
                    0.0,
                    0.8718913197517395,
                    -0.4896993041038513,
                    -1.9740411043167114
                ],
                [
                    0.0,
                    0.0,
                    0.0,
                    1.0
                ]
            ]
        },
        {
            "file_path": "/data/shapenet_blender/all_50_random/02958343/a81d28a70bb06e18bda733a39f84326d/r_1",
            "rotation": 0.12566370614359174,
            "transform_matrix": [
                [
                    0.561005175113678,
                    0.1808842122554779,
                    0.8078082203865051,
                    3.2563791275024414
                ],
                [
                    0.8278123736381531,
                    -0.1225845217704773,
                    -0.547448456287384,
                    -2.2068352699279785
                ],
                [
                    0.0,
                    0.9758349657058716,
                    -0.2185087352991104,
                    -0.8808369040489197
                ],
                [
                    0.0,
                    0.0,
                    0.0,
                    1.0
                ]
            ]
        },
        {
            "file_path": "/data/shapenet_blender/all_50_random/02958343/a81d28a70bb06e18bda733a39f84326d/r_2",
            "rotation": 0.12566370614359174,
            "transform_matrix": [
                [
                    -0.3146188259124756,
                    -0.4504293203353882,
                    -0.835540771484375,
                    -3.3681726455688477
                ],
                [
                    -0.9492180943489075,
                    0.14929501712322235,
                    0.27694040536880493,
                    1.1163824796676636
                ],
                [
                    0.0,
                    0.8802410364151001,
                    -0.4745267331600189,
                    -1.912878394126892
                ],
                [
                    0.0,
                    0.0,
                    0.0,
                    1.0
                ]
            ]
        },
        {
            "file_path": "/data/shapenet_blender/all_50_random/02958343/a81d28a70bb06e18bda733a39f84326d/r_3",
            "rotation": 0.12566370614359174,
            "transform_matrix": [
                [
                    0.3875489830970764,
                    0.38333022594451904,
                    -0.8383696675300598,
                    -3.3795762062072754
                ],
                [
                    -0.9218491315841675,
                    0.16115352511405945,
                    -0.35245388746261597,
                    -1.4207870960235596
                ],
                [
                    -1.4901161193847656e-08,
                    0.9094434380531311,
                    0.41582754254341125,
                    1.676254391670227
                ],
                [
                    0.0,
                    0.0,
                    0.0,
                    1.0
                ]
            ]
        },
        {
            "file_path": "/data/shapenet_blender/all_50_random/02958343/a81d28a70bb06e18bda733a39f84326d/r_4",
            "rotation": 0.12566370614359174,
            "transform_matrix": [
                [
                    0.7368686199188232,
                    0.34129807353019714,
                    0.5835581421852112,
                    2.352398157119751
                ],
                [
                    0.6760358810424805,
                    -0.37200960516929626,
                    -0.6360693573951721,
                    -2.564077615737915
                ],
                [
                    0.0,
                    0.8632059097290039,
                    -0.5048519372940063,
                    -2.035123348236084
                ],
                [
                    0.0,
                    0.0,
                    0.0,
                    1.0
                ]
            ]
        },
        {
            "file_path": "/data/shapenet_blender/all_50_random/02958343/a81d28a70bb06e18bda733a39f84326d/r_5",
            "rotation": 0.12566370614359174,
            "transform_matrix": [
                [
                    0.41460922360420227,
                    0.6385559439659119,
                    0.6483405232429504,
                    2.613544464111328
                ],
                [
                    0.9099996089935303,
                    -0.2909354865550995,
                    -0.2953934967517853,
                    -1.1907694339752197
                ],
                [
                    0.0,
                    0.7124624848365784,
                    -0.7017101049423218,
                    -2.828684091567993
                ],
                [
                    0.0,
                    0.0,
                    0.0,
                    1.0
                ]
            ]
        },
        {
            "file_path": "/data/shapenet_blender/all_50_random/02958343/a81d28a70bb06e18bda733a39f84326d/r_6",
            "rotation": 0.12566370614359174,
            "transform_matrix": [
                [
                    -0.9965097308158875,
                    -0.008190819062292576,
                    0.08307430893182755,
                    0.3348832130432129
                ],
                [
                    0.08347712457180023,
                    -0.09777805954217911,
                    0.9917011260986328,
                    3.9976747035980225
                ],
                [
                    0.0,
                    0.9951745271682739,
                    0.09812052547931671,
                    0.3955364525318146
                ],
                [
                    0.0,
                    0.0,
                    0.0,
                    1.0
                ]
            ]
        },
        {
            "file_path": "/data/shapenet_blender/all_50_random/02958343/a81d28a70bb06e18bda733a39f84326d/r_7",
            "rotation": 0.12566370614359174,
            "transform_matrix": [
                [
                    -0.6806215643882751,
                    -0.3002106547355652,
                    -0.6683021783828735,
                    -2.69401216506958
                ],
                [
                    -0.7326352000236511,
                    0.27889710664749146,
                    0.6208559274673462,
                    2.5027503967285156
                ],
                [
                    -1.4901161193847656e-08,
                    0.9121896028518677,
                    -0.409768283367157,
                    -1.6518287658691406
                ],
                [
                    0.0,
                    0.0,
                    0.0,
                    1.0
                ]
            ]
        },
        {
            "file_path": "/data/shapenet_blender/all_50_random/02958343/a81d28a70bb06e18bda733a39f84326d/r_8",
            "rotation": 0.12566370614359174,
            "transform_matrix": [
                [
                    -0.9777064919471741,
                    0.05254123732447624,
                    0.20329658687114716,
                    0.8195147514343262
                ],
                [
                    0.20997639000415802,
                    0.2446461021900177,
                    0.9466034770011902,
                    3.81588077545166
                ],
                [
                    0.0,
                    0.9681878089904785,
                    -0.2502245008945465,
                    -1.0086872577667236
                ],
                [
                    0.0,
                    0.0,
                    0.0,
                    1.0
                ]
            ]
        },
        {
            "file_path": "/data/shapenet_blender/all_50_random/02958343/a81d28a70bb06e18bda733a39f84326d/r_9",
            "rotation": 0.12566370614359174,
            "transform_matrix": [
                [
                    -0.1766585409641266,
                    0.01782817766070366,
                    -0.9841107130050659,
                    -3.9670772552490234
                ],
                [
                    -0.984272301197052,
                    -0.0031998255290091038,
                    0.17662954330444336,
                    0.7120164632797241
                ],
                [
                    2.3283067140944524e-10,
                    0.9998359084129333,
                    0.01811305619776249,
                    0.07301606237888336
                ],
                [
                    0.0,
                    0.0,
                    0.0,
                    1.0
                ]
            ]
        },
        {
            "file_path": "/data/shapenet_blender/all_50_random/02958343/a81d28a70bb06e18bda733a39f84326d/r_10",
            "rotation": 0.12566370614359174,
            "transform_matrix": [
                [
                    0.8975719213485718,
                    -0.23104074597358704,
                    -0.37547948956489563,
                    -1.513606309890747
                ],
                [
                    -0.4408681392669678,
                    -0.4703803062438965,
                    -0.764445960521698,
                    -3.081580400466919
                ],
                [
                    0.0,
                    0.851682186126709,
                    -0.5240585803985596,
                    -2.1125478744506836
                ],
                [
                    0.0,
                    0.0,
                    0.0,
                    1.0
                ]
            ]
        },
        {
            "file_path": "/data/shapenet_blender/all_50_random/02958343/a81d28a70bb06e18bda733a39f84326d/r_11",
            "rotation": 0.12566370614359174,
            "transform_matrix": [
                [
                    0.5633501410484314,
                    0.34839069843292236,
                    0.7491731643676758,
                    3.0200138092041016
                ],
                [
                    0.8262183666229248,
                    -0.23754732310771942,
                    -0.5108175277709961,
                    -2.059171676635742
                ],
                [
                    0.0,
                    0.9067497253417969,
                    -0.4216690957546234,
                    -1.6998026371002197
                ],
                [
                    0.0,
                    0.0,
                    0.0,
                    1.0
                ]
            ]
        },
        {
            "file_path": "/data/shapenet_blender/all_50_random/02958343/a81d28a70bb06e18bda733a39f84326d/r_12",
            "rotation": 0.12566370614359174,
            "transform_matrix": [
                [
                    -0.9204228520393372,
                    0.17428109049797058,
                    -0.3499256372451782,
                    -1.410595417022705
                ],
                [
                    -0.3909243643283844,
                    -0.4103410243988037,
                    0.8238922357559204,
                    3.321215867996216
                ],
                [
                    0.0,
                    0.8951237201690674,
                    0.4458179175853729,
                    1.7971495389938354
                ],
                [
                    0.0,
                    0.0,
                    0.0,
                    1.0
                ]
            ]
        },
        {
            "file_path": "/data/shapenet_blender/all_50_random/02958343/a81d28a70bb06e18bda733a39f84326d/r_13",
            "rotation": 0.12566370614359174,
            "transform_matrix": [
                [
                    -0.40247610211372375,
                    0.2622913122177124,
                    0.8770497441291809,
                    3.5355005264282227
                ],
                [
                    0.91543048620224,
                    0.1153184100985527,
                    0.3856016993522644,
                    1.5544102191925049
                ],
                [
                    0.0,
                    0.9580734968185425,
                    -0.28652238845825195,
                    -1.1550086736679077
                ],
                [
                    0.0,
                    0.0,
                    0.0,
                    1.0
                ]
            ]
        },
        {
            "file_path": "/data/shapenet_blender/all_50_random/02958343/a81d28a70bb06e18bda733a39f84326d/r_14",
            "rotation": 0.12566370614359174,
            "transform_matrix": [
                [
                    -0.36855244636535645,
                    0.061782583594322205,
                    0.9275516271591187,
                    3.7390801906585693
                ],
                [
                    0.9296070337295532,
                    0.0244943518191576,
                    0.3677375614643097,
                    1.4823975563049316
                ],
                [
                    0.0,
                    0.9977889060974121,
                    -0.066460981965065,
                    -0.26791277527809143
                ],
                [
                    0.0,
                    0.0,
                    0.0,
                    1.0
                ]
            ]
        },
        {
            "file_path": "/data/shapenet_blender/all_50_random/02958343/a81d28a70bb06e18bda733a39f84326d/r_15",
            "rotation": 0.12566370614359174,
            "transform_matrix": [
                [
                    0.5095348358154297,
                    0.3814283609390259,
                    0.7712889313697815,
                    3.1091651916503906
                ],
                [
                    0.860450029373169,
                    -0.22587138414382935,
                    -0.45673608779907227,
                    -1.841162085533142
                ],
                [
                    0.0,
                    0.8963785171508789,
                    -0.4432893991470337,
                    -1.7869566679000854
                ],
                [
                    0.0,
                    0.0,
                    0.0,
                    1.0
                ]
            ]
        },
        {
            "file_path": "/data/shapenet_blender/all_50_random/02958343/a81d28a70bb06e18bda733a39f84326d/r_16",
            "rotation": 0.12566370614359174,
            "transform_matrix": [
                [
                    -0.8228275775909424,
                    -0.4646167457103729,
                    -0.32724007964134216,
                    -1.319146990776062
                ],
                [
                    -0.5682910680770874,
                    0.6727176904678345,
                    0.4738103151321411,
                    1.9099904298782349
                ],
                [
                    -1.4901161193847656e-08,
                    0.5758317708969116,
                    -0.8175681233406067,
                    -3.295722484588623
                ],
                [
                    0.0,
                    0.0,
                    0.0,
                    1.0
                ]
            ]
        },
        {
            "file_path": "/data/shapenet_blender/all_50_random/02958343/a81d28a70bb06e18bda733a39f84326d/r_17",
            "rotation": 0.12566370614359174,
            "transform_matrix": [
                [
                    -0.6321725249290466,
                    0.4974830150604248,
                    0.5940272212028503,
                    2.3946006298065186
                ],
                [
                    0.7748277187347412,
                    0.40589040517807007,
                    0.48465967178344727,
                    1.953725814819336
                ],
                [
                    0.0,
                    0.7666572332382202,
                    -0.6420563459396362,
                    -2.588212251663208
                ],
                [
                    0.0,
                    0.0,
                    0.0,
                    1.0
                ]
            ]
        },
        {
            "file_path": "/data/shapenet_blender/all_50_random/02958343/a81d28a70bb06e18bda733a39f84326d/r_18",
            "rotation": 0.12566370614359174,
            "transform_matrix": [
                [
                    0.9542098045349121,
                    0.17935484647750854,
                    -0.2394067496061325,
                    -0.9650794863700867
                ],
                [
                    -0.2991383969783783,
                    0.5721169710159302,
                    -0.7636741995811462,
                    -3.0784692764282227
                ],
                [
                    -1.4901162970204496e-08,
                    0.8003211617469788,
                    0.5995715260505676,
                    2.416950225830078
                ],
                [
                    0.0,
                    0.0,
                    0.0,
                    1.0
                ]
            ]
        },
        {
            "file_path": "/data/shapenet_blender/all_50_random/02958343/a81d28a70bb06e18bda733a39f84326d/r_19",
            "rotation": 0.12566370614359174,
            "transform_matrix": [
                [
                    -0.988807201385498,
                    -0.01682049036026001,
                    -0.1482475996017456,
                    -0.5976051688194275
                ],
                [
                    -0.14919880032539368,
                    0.11147691309452057,
                    0.9825032353401184,
                    3.960597038269043
                ],
                [
                    -1.862645149230957e-09,
                    0.9936245679855347,
                    -0.11273878812789917,
                    -0.45446455478668213
                ],
                [
                    0.0,
                    0.0,
                    0.0,
                    1.0
                ]
            ]
        },
        {
            "file_path": "/data/shapenet_blender/all_50_random/02958343/a81d28a70bb06e18bda733a39f84326d/r_20",
            "rotation": 0.12566370614359174,
            "transform_matrix": [
                [
                    -0.9774781465530396,
                    -0.07287538796663284,
                    -0.19805428385734558,
                    -0.7983822822570801
                ],
                [
                    -0.21103626489639282,
                    0.3375442922115326,
                    0.9173481464385986,
                    3.6979482173919678
                ],
                [
                    -7.4505792646561986e-09,
                    0.9384844303131104,
                    -0.3453216254711151,
                    -1.3920358419418335
                ],
                [
                    0.0,
                    0.0,
                    0.0,
                    1.0
                ]
            ]
        },
        {
            "file_path": "/data/shapenet_blender/all_50_random/02958343/a81d28a70bb06e18bda733a39f84326d/r_21",
            "rotation": 0.12566370614359174,
            "transform_matrix": [
                [
                    0.16053730249404907,
                    0.09799057245254517,
                    -0.9821535348892212,
                    -3.9591877460479736
                ],
                [
                    -0.9870297908782959,
                    0.015937859192490578,
                    -0.15974418818950653,
                    -0.6439495086669922
                ],
                [
                    0.0,
                    0.9950596690177917,
                    0.09927824884653091,
                    0.4002034664154053
                ],
                [
                    0.0,
                    0.0,
                    0.0,
                    1.0
                ]
            ]
        },
        {
            "file_path": "/data/shapenet_blender/all_50_random/02958343/a81d28a70bb06e18bda733a39f84326d/r_22",
            "rotation": 0.12566370614359174,
            "transform_matrix": [
                [
                    0.9982622265815735,
                    0.038084518164396286,
                    0.044966526329517365,
                    0.18126586079597473
                ],
                [
                    0.05892723426222801,
                    -0.6451742649078369,
                    -0.7617595791816711,
                    -3.0707509517669678
                ],
                [
                    0.0,
                    0.7630855441093445,
                    -0.6462973952293396,
                    -2.6053080558776855
                ],
                [
                    0.0,
                    0.0,
                    0.0,
                    1.0
                ]
            ]
        },
        {
            "file_path": "/data/shapenet_blender/all_50_random/02958343/a81d28a70bb06e18bda733a39f84326d/r_23",
            "rotation": 0.12566370614359174,
            "transform_matrix": [
                [
                    -0.9960089325904846,
                    0.06342490762472153,
                    0.06279744952917099,
                    0.25314465165138245
                ],
                [
                    0.08925381302833557,
                    0.7077768445014954,
                    0.7007748484611511,
                    2.82491397857666
                ],
                [
                    -3.725290742551124e-09,
                    0.7035828828811646,
                    -0.7106130123138428,
                    -2.8645730018615723
                ],
                [
                    0.0,
                    0.0,
                    0.0,
                    1.0
                ]
            ]
        },
        {
            "file_path": "/data/shapenet_blender/all_50_random/02958343/a81d28a70bb06e18bda733a39f84326d/r_24",
            "rotation": 0.12566370614359174,
            "transform_matrix": [
                [
                    -0.9980646967887878,
                    -0.03752446919679642,
                    0.049586221575737,
                    0.1998884677886963
                ],
                [
                    0.06218424066901207,
                    -0.6022722721099854,
                    0.7958649396896362,
                    3.2082345485687256
                ],
                [
                    -3.725290298461914e-09,
                    0.7974082231521606,
                    0.6034401059150696,
                    2.4325451850891113
                ],
                [
                    0.0,
                    0.0,
                    0.0,
                    1.0
                ]
            ]
        },
        {
            "file_path": "/data/shapenet_blender/all_50_random/02958343/a81d28a70bb06e18bda733a39f84326d/r_25",
            "rotation": 0.12566370614359174,
            "transform_matrix": [
                [
                    0.9520193338394165,
                    -0.013550087809562683,
                    0.3057376444339752,
                    1.2324680089950562
                ],
                [
                    0.3060378134250641,
                    0.04215147718787193,
                    -0.95108562707901,
                    -3.833949089050293
                ],
                [
                    0.0,
                    0.9990194439888,
                    0.04427585005760193,
                    0.17848166823387146
                ],
                [
                    0.0,
                    0.0,
                    0.0,
                    1.0
                ]
            ]
        },
        {
            "file_path": "/data/shapenet_blender/all_50_random/02958343/a81d28a70bb06e18bda733a39f84326d/r_26",
            "rotation": 0.12566370614359174,
            "transform_matrix": [
                [
                    0.6411771178245544,
                    -0.2958970069885254,
                    -0.7080515623092651,
                    -2.8542468547821045
                ],
                [
                    -0.7673929929733276,
                    -0.24722976982593536,
                    -0.5915957689285278,
                    -2.384798526763916
                ],
                [
                    0.0,
                    0.9226714372634888,
                    -0.38558733463287354,
                    -1.554352045059204
                ],
                [
                    0.0,
                    0.0,
                    0.0,
                    1.0
                ]
            ]
        },
        {
            "file_path": "/data/shapenet_blender/all_50_random/02958343/a81d28a70bb06e18bda733a39f84326d/r_27",
            "rotation": 0.12566370614359174,
            "transform_matrix": [
                [
                    -0.9999798536300659,
                    0.005800805054605007,
                    -0.0025933918077498674,
                    -0.010454297065734863
                ],
                [
                    -0.006354134995490313,
                    -0.9128997921943665,
                    0.40813419222831726,
                    1.6452414989471436
                ],
                [
                    2.3283067140944524e-10,
                    0.40814244747161865,
                    0.9129182696342468,
                    3.680091142654419
                ],
                [
                    0.0,
                    0.0,
                    0.0,
                    1.0
                ]
            ]
        },
        {
            "file_path": "/data/shapenet_blender/all_50_random/02958343/a81d28a70bb06e18bda733a39f84326d/r_28",
            "rotation": 0.12566370614359174,
            "transform_matrix": [
                [
                    -0.7539947032928467,
                    -0.007813474163413048,
                    0.6568341255187988,
                    2.647782802581787
                ],
                [
                    0.6568805575370789,
                    -0.008968629874289036,
                    0.7539414167404175,
                    3.0392346382141113
                ],
                [
                    0.0,
                    0.9999292492866516,
                    0.011894820258021355,
                    0.047949548810720444
                ],
                [
                    0.0,
                    0.0,
                    0.0,
                    1.0
                ]
            ]
        },
        {
            "file_path": "/data/shapenet_blender/all_50_random/02958343/a81d28a70bb06e18bda733a39f84326d/r_29",
            "rotation": 0.12566370614359174,
            "transform_matrix": [
                [
                    -0.0452379509806633,
                    -0.07266616076231003,
                    -0.9963298439979553,
                    -4.016334056854248
                ],
                [
                    -0.9989762306213379,
                    0.00329063693061471,
                    0.04511811211705208,
                    0.18187692761421204
                ],
                [
                    -2.3283062977608182e-10,
                    0.9973509311676025,
                    -0.07274062186479568,
                    -0.29322683811187744
                ],
                [
                    0.0,
                    0.0,
                    0.0,
                    1.0
                ]
            ]
        },
        {
            "file_path": "/data/shapenet_blender/all_50_random/02958343/a81d28a70bb06e18bda733a39f84326d/r_30",
            "rotation": 0.12566370614359174,
            "transform_matrix": [
                [
                    0.7385013699531555,
                    0.474934458732605,
                    0.47859472036361694,
                    1.9292770624160767
                ],
                [
                    0.6742518544197083,
                    -0.520190954208374,
                    -0.5242000222206116,
                    -2.1131179332733154
                ],
                [
                    0.0,
                    0.7098158001899719,
                    -0.7043872475624084,
                    -2.8394758701324463
                ],
                [
                    0.0,
                    0.0,
                    0.0,
                    1.0
                ]
            ]
        },
        {
            "file_path": "/data/shapenet_blender/all_50_random/02958343/a81d28a70bb06e18bda733a39f84326d/r_31",
            "rotation": 0.12566370614359174,
            "transform_matrix": [
                [
                    0.5892615914344788,
                    0.22526054084300995,
                    -0.7759049534797668,
                    -3.127772569656372
                ],
                [
                    -0.8079422116279602,
                    0.16429069638252258,
                    -0.565895676612854,
                    -2.281198263168335
                ],
                [
                    0.0,
                    0.9603469371795654,
                    0.27880772948265076,
                    1.1239097118377686
                ],
                [
                    0.0,
                    0.0,
                    0.0,
                    1.0
                ]
            ]
        },
        {
            "file_path": "/data/shapenet_blender/all_50_random/02958343/a81d28a70bb06e18bda733a39f84326d/r_32",
            "rotation": 0.12566370614359174,
            "transform_matrix": [
                [
                    0.9763547778129578,
                    0.03425968438386917,
                    -0.21344225108623505,
                    -0.8604133129119873
                ],
                [
                    -0.21617428958415985,
                    0.15473444759845734,
                    -0.9640154838562012,
                    -3.886070966720581
                ],
                [
                    3.725290298461914e-09,
                    0.9873618483543396,
                    0.15848177671432495,
                    0.6388605237007141
                ],
                [
                    0.0,
                    0.0,
                    0.0,
                    1.0
                ]
            ]
        },
        {
            "file_path": "/data/shapenet_blender/all_50_random/02958343/a81d28a70bb06e18bda733a39f84326d/r_33",
            "rotation": 0.12566370614359174,
            "transform_matrix": [
                [
                    -0.9879370927810669,
                    0.1448557823896408,
                    -0.05474722385406494,
                    -0.22069311141967773
                ],
                [
                    -0.15485626459121704,
                    -0.9241369962692261,
                    0.34927108883857727,
                    1.407956838607788
                ],
                [
                    3.725290742551124e-09,
                    0.3535357713699341,
                    0.9354209899902344,
                    3.7708027362823486
                ],
                [
                    0.0,
                    0.0,
                    0.0,
                    1.0
                ]
            ]
        },
        {
            "file_path": "/data/shapenet_blender/all_50_random/02958343/a81d28a70bb06e18bda733a39f84326d/r_34",
            "rotation": 0.12566370614359174,
            "transform_matrix": [
                [
                    -0.9439842104911804,
                    0.16090580821037292,
                    -0.2881026268005371,
                    -1.1613788604736328
                ],
                [
                    -0.32999059557914734,
                    -0.46029356122016907,
                    0.8241577744483948,
                    3.322286367416382
                ],
                [
                    -1.4901160305669237e-08,
                    0.8730631470680237,
                    0.4876072406768799,
                    1.9656076431274414
                ],
                [
                    0.0,
                    0.0,
                    0.0,
                    1.0
                ]
            ]
        },
        {
            "file_path": "/data/shapenet_blender/all_50_random/02958343/a81d28a70bb06e18bda733a39f84326d/r_35",
            "rotation": 0.12566370614359174,
            "transform_matrix": [
                [
                    -0.42648425698280334,
                    0.07097411155700684,
                    0.9017060399055481,
                    3.6348934173583984
                ],
                [
                    0.9044949412345886,
                    0.033465463668107986,
                    0.4251692593097687,
                    1.7139121294021606
                ],
                [
                    0.0,
                    0.9969165921211243,
                    -0.0784682184457779,
                    -0.31631550192832947
                ],
                [
                    0.0,
                    0.0,
                    0.0,
                    1.0
                ]
            ]
        },
        {
            "file_path": "/data/shapenet_blender/all_50_random/02958343/a81d28a70bb06e18bda733a39f84326d/r_36",
            "rotation": 0.12566370614359174,
            "transform_matrix": [
                [
                    0.172017902135849,
                    0.03140523284673691,
                    0.9845931529998779,
                    3.9690215587615967
                ],
                [
                    0.9850938320159912,
                    -0.005484006833285093,
                    -0.1719304621219635,
                    -0.6930737495422363
                ],
                [
                    -9.313224635931761e-10,
                    0.9994917511940002,
                    -0.031880445778369904,
                    -0.12851417064666748
                ],
                [
                    0.0,
                    0.0,
                    0.0,
                    1.0
                ]
            ]
        },
        {
            "file_path": "/data/shapenet_blender/all_50_random/02958343/a81d28a70bb06e18bda733a39f84326d/r_37",
            "rotation": 0.12566370614359174,
            "transform_matrix": [
                [
                    -0.9612013101577759,
                    0.04461207240819931,
                    -0.27221664786338806,
                    -1.0973405838012695
                ],
                [
                    -0.27584806084632874,
                    -0.155452162027359,
                    0.9485474824905396,
                    3.8237173557281494
                ],
                [
                    0.0,
                    0.9868354201316833,
                    0.16172698140144348,
                    0.6519423723220825
                ],
                [
                    0.0,
                    0.0,
                    0.0,
                    1.0
                ]
            ]
        },
        {
            "file_path": "/data/shapenet_blender/all_50_random/02958343/a81d28a70bb06e18bda733a39f84326d/r_38",
            "rotation": 0.12566370614359174,
            "transform_matrix": [
                [
                    0.9954679608345032,
                    -0.020892348140478134,
                    -0.09277421236038208,
                    -0.37398484349250793
                ],
                [
                    -0.09509756416082382,
                    -0.2186981737613678,
                    -0.9711474776268005,
                    -3.914820909500122
                ],
                [
                    0.0,
                    0.9755688905715942,
                    -0.21969379484653473,
                    -0.8856140971183777
                ],
                [
                    0.0,
                    0.0,
                    0.0,
                    1.0
                ]
            ]
        },
        {
            "file_path": "/data/shapenet_blender/all_50_random/02958343/a81d28a70bb06e18bda733a39f84326d/r_39",
            "rotation": 0.12566370614359174,
            "transform_matrix": [
                [
                    0.9026549458503723,
                    -0.07992073148488998,
                    0.4228789508342743,
                    1.7046797275543213
                ],
                [
                    0.4303648769855499,
                    0.16762718558311462,
                    -0.8869538307189941,
                    -3.575425386428833
                ],
                [
                    -1.4901159417490817e-08,
                    0.9826056957244873,
                    0.1857045590877533,
                    0.7485990524291992
                ],
                [
                    0.0,
                    0.0,
                    0.0,
                    1.0
                ]
            ]
        },
        {
            "file_path": "/data/shapenet_blender/all_50_random/02958343/a81d28a70bb06e18bda733a39f84326d/r_40",
            "rotation": 0.12566370614359174,
            "transform_matrix": [
                [
                    -0.9603123664855957,
                    0.01744774729013443,
                    0.27838051319122314,
                    1.1221877336502075
                ],
                [
                    0.2789267897605896,
                    0.06007056310772896,
                    0.9584316611289978,
                    3.8635616302490234
                ],
                [
                    0.0,
                    0.9980415105819702,
                    -0.06255315244197845,
                    -0.25215983390808105
                ],
                [
                    0.0,
                    0.0,
                    0.0,
                    1.0
                ]
            ]
        },
        {
            "file_path": "/data/shapenet_blender/all_50_random/02958343/a81d28a70bb06e18bda733a39f84326d/r_41",
            "rotation": 0.12566370614359174,
            "transform_matrix": [
                [
                    -0.589993417263031,
                    0.17861661314964294,
                    -0.7874032258987427,
                    -3.174124002456665
                ],
                [
                    -0.8074080944061279,
                    -0.13051965832710266,
                    0.5753753781318665,
                    2.3194122314453125
                ],
                [
                    0.0,
                    0.9752233028411865,
