{
    "class": "02958343",
    "model": "3134927c492c39e241d7734b73edc062",
    "remove_doubles": true,
    "edge_split": true,
    "denoise": true,
    "camera_angle_x": 0.6911112070083618,
    "scale_factor": 2.301300038777442,
    "hdri_file": "/data/IndoorHDRDataset2018/9C4A0809-3df674487f.exr",
    "center_offset": [
        0.0,
        -1.862645149230957e-09,
        -3.725290298461914e-09
    ],
    "lights": [],
    "frames": [
        {
            "file_path": "/data/shapenet_blender/all_50_random/02958343/3134927c492c39e241d7734b73edc062/r_0",
            "rotation": 0.12566370614359174,
            "transform_matrix": [
                [
                    -0.4063185453414917,
                    -0.5972655415534973,
                    0.691504955291748,
                    2.787545680999756
                ],
                [
                    0.9137315154075623,
                    -0.2655923068523407,
                    0.3074987232685089,
                    1.2395670413970947
                ],
                [
                    0.0,
                    0.7567923069000244,
                    0.6536554098129272,
                    2.6349692344665527
                ],
                [
                    0.0,
                    0.0,
                    0.0,
                    1.0
                ]
            ]
        },
        {
            "file_path": "/data/shapenet_blender/all_50_random/02958343/3134927c492c39e241d7734b73edc062/r_1",
            "rotation": 0.12566370614359174,
            "transform_matrix": [
                [
                    -0.9900310039520264,
                    0.11680879443883896,
                    -0.07870374619960785,
                    -0.31726497411727905
                ],
                [
                    -0.14084945619106293,
                    -0.8210490942001343,
                    0.5532086491584778,
                    2.230055570602417
                ],
                [
                    0.0,
                    0.5587791800498962,
                    0.8293164372444153,
                    3.3430817127227783
                ],
                [
                    0.0,
                    0.0,
                    0.0,
                    1.0
                ]
            ]
        },
        {
            "file_path": "/data/shapenet_blender/all_50_random/02958343/3134927c492c39e241d7734b73edc062/r_2",
            "rotation": 0.12566370614359174,
            "transform_matrix": [
                [
                    0.3205595016479492,
                    -0.5836285948753357,
                    -0.7460691928863525,
                    -3.0075011253356934
                ],
                [
                    -0.9472283720970154,
                    -0.19751065969467163,
                    -0.2524835467338562,
                    -1.0177937746047974
                ],
                [
                    0.0,
                    0.7876338958740234,
                    -0.616143524646759,
                    -2.4837539196014404
                ],
                [
                    0.0,
                    0.0,
                    0.0,
                    1.0
                ]
            ]
        },
        {
            "file_path": "/data/shapenet_blender/all_50_random/02958343/3134927c492c39e241d7734b73edc062/r_3",
            "rotation": 0.12566370614359174,
            "transform_matrix": [
                [
                    0.4478096067905426,
                    0.4316158592700958,
                    -0.7830544114112854,
                    -3.1565935611724854
                ],
                [
                    -0.8941289186477661,
                    0.216167613863945,
                    -0.39217978715896606,
                    -1.5809273719787598
                ],
                [
                    -1.4901160305669237e-08,
                    0.875773549079895,
                    0.48272213339805603,
                    1.9459152221679688
                ],
                [
                    0.0,
                    0.0,
                    0.0,
                    1.0
                ]
            ]
        },
        {
            "file_path": "/data/shapenet_blender/all_50_random/02958343/3134927c492c39e241d7734b73edc062/r_4",
            "rotation": 0.12566370614359174,
            "transform_matrix": [
                [
                    0.3986070454120636,
                    0.03658970445394516,
                    0.9163916110992432,
                    3.6940927505493164
                ],
                [
                    0.9171217679977417,
                    -0.015902917832136154,
                    -0.3982897102832794,
                    -1.6055572032928467
                ],
                [
                    -2.7939675018018306e-09,
                    0.9992038607597351,
                    -0.03989623114466667,
                    -0.16082684695720673
                ],
                [
                    0.0,
                    0.0,
                    0.0,
                    1.0
                ]
            ]
        },
        {
            "file_path": "/data/shapenet_blender/all_50_random/02958343/3134927c492c39e241d7734b73edc062/r_5",
            "rotation": 0.12566370614359174,
            "transform_matrix": [
                [
                    0.972001314163208,
                    0.13193367421627045,
                    0.19444012641906738,
                    0.7838132977485657
                ],
                [
                    0.23497545719146729,
                    -0.5457578301429749,
                    -0.8043225407600403,
                    -3.24232816696167
                ],
                [
                    -7.450580596923828e-09,
                    0.827491283416748,
                    -0.5614784955978394,
                    -2.263392448425293
                ],
                [
                    0.0,
                    0.0,
                    0.0,
                    1.0
                ]
            ]
        },
        {
            "file_path": "/data/shapenet_blender/all_50_random/02958343/3134927c492c39e241d7734b73edc062/r_6",
            "rotation": 0.12566370614359174,
            "transform_matrix": [
                [
                    0.6073921322822571,
                    0.3827453553676605,
                    0.6961182951927185,
                    2.806142807006836
                ],
                [
                    0.7944022417068481,
                    -0.29264333844184875,
                    -0.5322452187538147,
                    -2.1455492973327637
                ],
                [
                    -1.4901162970204496e-08,
                    0.8762794733047485,
                    -0.4818029999732971,
                    -1.942210078239441
                ],
                [
                    0.0,
                    0.0,
                    0.0,
                    1.0
                ]
            ]
        },
        {
            "file_path": "/data/shapenet_blender/all_50_random/02958343/3134927c492c39e241d7734b73edc062/r_7",
            "rotation": 0.12566370614359174,
            "transform_matrix": [
                [
                    0.9978113174438477,
                    0.06086430326104164,
                    0.025848716497421265,
                    0.10419950634241104
                ],
                [
                    0.0661257803440094,
                    -0.9184176325798035,
                    -0.390046626329422,
                    -1.5723282098770142
                ],
                [
                    1.862645149230957e-09,
                    0.39090222120285034,
                    -0.9204321503639221,
                    -3.710380792617798
                ],
                [
                    0.0,
                    0.0,
                    0.0,
                    1.0
                ]
            ]
        },
        {
            "file_path": "/data/shapenet_blender/all_50_random/02958343/3134927c492c39e241d7734b73edc062/r_8",
            "rotation": 0.12566370614359174,
            "transform_matrix": [
                [
                    0.1387636810541153,
                    -0.12559890747070312,
                    -0.9823285341262817,
                    -3.959893226623535
                ],
                [
                    -0.9903255105018616,
                    -0.01759883016347885,
                    -0.13764315843582153,
                    -0.5548573732376099
                ],
                [
                    -1.862645149230957e-09,
                    0.9919249415397644,
                    -0.12682586908340454,
                    -0.5112515091896057
                ],
                [
                    0.0,
                    0.0,
                    0.0,
                    1.0
                ]
            ]
        },
        {
            "file_path": "/data/shapenet_blender/all_50_random/02958343/3134927c492c39e241d7734b73edc062/r_9",
            "rotation": 0.12566370614359174,
            "transform_matrix": [
                [
                    -0.042973022907972336,
                    0.29065969586372375,
                    0.9558610916137695,
                    3.853198766708374
                ],
                [
                    0.9990761876106262,
                    0.012502075172960758,
                    0.04111422225832939,
                    0.16573670506477356
                ],
                [
                    9.313224080820248e-10,
                    0.9567447900772095,
                    -0.2909284830093384,
                    -1.1727701425552368
                ],
                [
                    0.0,
                    0.0,
                    0.0,
                    1.0
                ]
            ]
        },
        {
            "file_path": "/data/shapenet_blender/all_50_random/02958343/3134927c492c39e241d7734b73edc062/r_10",
            "rotation": 0.12566370614359174,
            "transform_matrix": [
                [
                    0.35319796204566956,
                    0.87640380859375,
                    -0.3273644745349884,
                    -1.3196485042572021
                ],
                [
                    -0.9355486035346985,
                    0.33086901903152466,
                    -0.12359002232551575,
                    -0.49820733070373535
                ],
                [
                    0.0,
                    0.34991711378097534,
                    0.936780571937561,
                    3.7762835025787354
                ],
                [
                    0.0,
                    0.0,
                    0.0,
                    1.0
                ]
            ]
        },
        {
            "file_path": "/data/shapenet_blender/all_50_random/02958343/3134927c492c39e241d7734b73edc062/r_11",
            "rotation": 0.12566370614359174,
            "transform_matrix": [
                [
                    0.9042468070983887,
                    -0.1590992510318756,
                    -0.39626404643058777,
                    -1.5973914861679077
                ],
                [
                    -0.42701032757759094,
                    -0.33691221475601196,
                    -0.839137852191925,
                    -3.3826727867126465
                ],
                [
                    1.4901162970204496e-08,
                    0.9279964566230774,
                    -0.3725888431072235,
                    -1.5019537210464478
                ],
                [
                    0.0,
                    0.0,
                    0.0,
                    1.0
                ]
            ]
        },
        {
            "file_path": "/data/shapenet_blender/all_50_random/02958343/3134927c492c39e241d7734b73edc062/r_12",
            "rotation": 0.12566370614359174,
            "transform_matrix": [
                [
                    0.7301737666130066,
                    -0.023293232545256615,
                    0.6828641891479492,
                    2.752713680267334
                ],
                [
                    0.6832613945007324,
                    0.0248925369232893,
                    -0.7297493815422058,
                    -2.941713809967041
                ],
                [
                    0.0,
                    0.9994186758995056,
                    0.034091249108314514,
                    0.1374262273311615
                ],
                [
                    0.0,
                    0.0,
                    0.0,
                    1.0
                ]
            ]
        },
        {
            "file_path": "/data/shapenet_blender/all_50_random/02958343/3134927c492c39e241d7734b73edc062/r_13",
            "rotation": 0.12566370614359174,
            "transform_matrix": [
                [
                    -0.03828941658139229,
                    -0.5576565861701965,
                    -0.8291882276535034,
                    -3.342564582824707
                ],
                [
                    -0.9992667436599731,
                    0.021368013694882393,
                    0.031772430986166,
                    0.12807875871658325
                ],
                [
                    0.0,
                    0.8297966122627258,
                    -0.5580658316612244,
                    -2.2496352195739746
                ],
                [
                    0.0,
                    0.0,
                    0.0,
                    1.0
                ]
            ]
        },
        {
            "file_path": "/data/shapenet_blender/all_50_random/02958343/3134927c492c39e241d7734b73edc062/r_14",
            "rotation": 0.12566370614359174,
            "transform_matrix": [
                [
                    0.7791243195533752,
                    -0.11321917176246643,
                    -0.6165603995323181,
                    -2.4854345321655273
                ],
                [
                    -0.6268694400787354,
                    -0.1407179832458496,
                    -0.7663113474845886,
                    -3.089099884033203
                ],
                [
                    0.0,
                    0.9835547208786011,
                    -0.18061043322086334,
                    -0.7280639410018921
                ],
                [
                    0.0,
                    0.0,
                    0.0,
                    1.0
                ]
            ]
        },
        {
            "file_path": "/data/shapenet_blender/all_50_random/02958343/3134927c492c39e241d7734b73edc062/r_15",
            "rotation": 0.12566370614359174,
            "transform_matrix": [
                [
                    0.8323647379875183,
                    -0.46689659357070923,
                    -0.2986243963241577,
                    -1.2037935256958008
                ],
                [
                    -0.5542281866073608,
                    -0.7012061476707458,
                    -0.44848743081092834,
                    -1.8079107999801636
                ],
                [
                    -1.4901160305669237e-08,
                    0.5388111472129822,
                    -0.8424264192581177,
                    -3.3959298133850098
                ],
                [
                    0.0,
                    0.0,
                    0.0,
                    1.0
                ]
            ]
        },
        {
            "file_path": "/data/shapenet_blender/all_50_random/02958343/3134927c492c39e241d7734b73edc062/r_16",
            "rotation": 0.12566370614359174,
            "transform_matrix": [
                [
                    -0.7819864749908447,
                    0.5170026421546936,
                    -0.3481457233428955,
                    -1.4034204483032227
                ],
                [
                    -0.6232954263687134,
                    -0.6486314535140991,
                    0.4367836117744446,
                    1.7607312202453613
                ],
                [
                    0.0,
                    0.5585564970970154,
                    0.8294663429260254,
                    3.343686103820801
                ],
                [
                    0.0,
                    0.0,
                    0.0,
                    1.0
                ]
            ]
        },
        {
            "file_path": "/data/shapenet_blender/all_50_random/02958343/3134927c492c39e241d7734b73edc062/r_17",
            "rotation": 0.12566370614359174,
            "transform_matrix": [
                [
                    -0.9720360040664673,
                    0.18428482115268707,
                    0.14555087685585022,
                    0.5867343544960022
                ],
                [
                    0.2348317801952362,
                    0.7628076076507568,
                    0.6024768352508545,
                    2.428661823272705
                ],
                [
                    1.4901161193847656e-08,
                    0.6198092103004456,
                    -0.7847525477409363,
                    -3.1634387969970703
                ],
                [
                    0.0,
                    0.0,
                    0.0,
                    1.0
                ]
            ]
        },
        {
            "file_path": "/data/shapenet_blender/all_50_random/02958343/3134927c492c39e241d7734b73edc062/r_18",
            "rotation": 0.12566370614359174,
            "transform_matrix": [
                [
                    0.9997876882553101,
                    -0.019661016762256622,
                    0.006174383219331503,
                    0.024889737367630005
                ],
                [
                    0.020607732236385345,
                    0.9538576006889343,
                    -0.29955124855041504,
                    -1.2075297832489014
                ],
                [
                    0.0,
                    0.2996150255203247,
                    0.9540601968765259,
                    3.845939874649048
                ],
                [
                    0.0,
                    0.0,
                    0.0,
                    1.0
                ]
            ]
        },
        {
            "file_path": "/data/shapenet_blender/all_50_random/02958343/3134927c492c39e241d7734b73edc062/r_19",
            "rotation": 0.12566370614359174,
            "transform_matrix": [
                [
                    0.64256352186203,
                    0.16576917469501495,
                    -0.7480860352516174,
                    -3.0156311988830566
                ],
                [
                    -0.7662325501441956,
                    0.13901424407958984,
                    -0.6273459196090698,
                    -2.528912305831909
                ],
                [
                    0.0,
                    0.9763173460960388,
                    0.2163432091474533,
                    0.8721073865890503
                ],
                [
                    0.0,
                    0.0,
                    0.0,
                    1.0
                ]
            ]
        },
        {
            "file_path": "/data/shapenet_blender/all_50_random/02958343/3134927c492c39e241d7734b73edc062/r_20",
            "rotation": 0.12566370614359174,
            "transform_matrix": [
                [
                    -0.017897823825478554,
                    0.12015173584222794,
                    0.9925941228866577,
                    4.001275062561035
                ],
                [
                    0.9998397827148438,
                    0.00215079914778471,
                    0.017768120393157005,
                    0.07162559032440186
                ],
                [
                    0.0,
                    0.9927530884742737,
                    -0.12017098814249039,
                    -0.48442476987838745
                ],
                [
                    0.0,
                    0.0,
                    0.0,
                    1.0
                ]
            ]
        },
        {
            "file_path": "/data/shapenet_blender/all_50_random/02958343/3134927c492c39e241d7734b73edc062/r_21",
            "rotation": 0.12566370614359174,
            "transform_matrix": [
                [
                    -0.4568358361721039,
                    -0.683897852897644,
                    0.5688450932502747,
                    2.293087959289551
                ],
                [
                    0.8895509839057922,
                    -0.35122108459472656,
                    0.2921348512172699,
                    1.177633285522461
                ],
                [
                    -1.4901160305669237e-08,
                    0.6394743919372559,
                    0.768812358379364,
                    3.099181652069092
                ],
                [
                    0.0,
                    0.0,
                    0.0,
                    1.0
                ]
            ]
        },
        {
            "file_path": "/data/shapenet_blender/all_50_random/02958343/3134927c492c39e241d7734b73edc062/r_22",
            "rotation": 0.12566370614359174,
            "transform_matrix": [
                [
                    -0.5404060482978821,
                    0.5958115458488464,
                    0.5941125154495239,
                    2.394944429397583
                ],
                [
                    0.8414044380187988,
                    0.38266995549201965,
                    0.3815787136554718,
                    1.5381931066513062
                ],
                [
                    -1.4901162970204496e-08,
                    0.7060964703559875,
                    -0.7081155776977539,
                    -2.8545055389404297
                ],
                [
                    0.0,
                    0.0,
                    0.0,
                    1.0
                ]
            ]
        },
        {
            "file_path": "/data/shapenet_blender/all_50_random/02958343/3134927c492c39e241d7734b73edc062/r_23",
            "rotation": 0.12566370614359174,
            "transform_matrix": [
                [
                    0.7859894037246704,
                    0.20243564248085022,
                    -0.5841580033302307,
                    -2.354816198348999
                ],
                [
                    -0.6182401180267334,
                    0.2573632299900055,
                    -0.7426596879959106,
                    -2.9937567710876465
                ],
                [
                    0.0,
                    0.9448724985122681,
                    0.3274385333061218,
                    1.3199468851089478
                ],
                [
                    0.0,
                    0.0,
                    0.0,
                    1.0
                ]
            ]
        },
        {
            "file_path": "/data/shapenet_blender/all_50_random/02958343/3134927c492c39e241d7734b73edc062/r_24",
            "rotation": 0.12566370614359174,
            "transform_matrix": [
                [
                    0.5395069718360901,
                    -0.5711488723754883,
                    -0.618644654750824,
                    -2.4938361644744873
                ],
                [
                    -0.8419811129570007,
                    -0.36596882343292236,
                    -0.39640212059020996,
                    -1.5979478359222412
                ],
                [
                    -2.9802320611338473e-08,
                    0.7347486615180969,
                    -0.6783393621444702,
                    -2.7344729900360107
                ],
                [
                    0.0,
                    0.0,
                    0.0,
                    1.0
                ]
            ]
        },
        {
            "file_path": "/data/shapenet_blender/all_50_random/02958343/3134927c492c39e241d7734b73edc062/r_25",
            "rotation": 0.12566370614359174,
            "transform_matrix": [
                [
                    -0.8723297715187073,
                    0.2634487450122833,
                    0.4118684232234955,
                    1.6602948904037476
                ],
                [
                    0.4889180660247803,
                    0.47004640102386475,
                    0.734857439994812,
                    2.9623053073883057
                ],
                [
                    0.0,
                    0.8424080014228821,
                    -0.5388401746749878,
                    -2.1721343994140625
                ],
                [
                    0.0,
                    0.0,
                    0.0,
                    1.0
                ]
            ]
        },
        {
            "file_path": "/data/shapenet_blender/all_50_random/02958343/3134927c492c39e241d7734b73edc062/r_26",
            "rotation": 0.12566370614359174,
            "transform_matrix": [
                [
                    -0.9980584383010864,
                    -0.034588370472192764,
                    -0.05179839953780174,
                    -0.20880603790283203
                ],
                [
                    -0.06228507310152054,
                    0.5542453527450562,
                    0.8300195336341858,
                    3.3459160327911377
                ],
                [
                    0.0,
                    0.8316342830657959,
                    -0.555323600769043,
                    -2.2385811805725098
                ],
                [
                    0.0,
                    0.0,
                    0.0,
                    1.0
                ]
            ]
        },
        {
            "file_path": "/data/shapenet_blender/all_50_random/02958343/3134927c492c39e241d7734b73edc062/r_27",
            "rotation": 0.12566370614359174,
            "transform_matrix": [
                [
                    0.9999110102653503,
                    -0.009029570035636425,
                    -0.00982021912932396,
                    -0.03958657383918762
                ],
                [
                    -0.013340534642338753,
                    -0.6767919063568115,
                    -0.7360533475875854,
                    -2.9671261310577393
                ],
                [
                    4.656612873077393e-10,
                    0.7361188530921936,
                    -0.6768521666526794,
                    -2.7284786701202393
                ],
                [
                    0.0,
                    0.0,
                    0.0,
                    1.0
                ]
            ]
        },
        {
            "file_path": "/data/shapenet_blender/all_50_random/02958343/3134927c492c39e241d7734b73edc062/r_28",
            "rotation": 0.12566370614359174,
            "transform_matrix": [
                [
                    -0.4138784110546112,
                    -0.030571090057492256,
                    -0.9098187685012817,
                    -3.6675963401794434
                ],
                [
                    -0.9103320240974426,
                    0.013899008743464947,
                    0.41364502906799316,
                    1.6674562692642212
                ],
                [
                    -9.313224635931761e-10,
                    0.9994359016418457,
                    -0.03358234837651253,
                    -0.1353747546672821
                ],
                [
                    0.0,
                    0.0,
                    0.0,
                    1.0
                ]
            ]
        },
        {
            "file_path": "/data/shapenet_blender/all_50_random/02958343/3134927c492c39e241d7734b73edc062/r_29",
            "rotation": 0.12566370614359174,
            "transform_matrix": [
                [
                    -0.9664239287376404,
                    -0.11275861412286758,
                    0.23089022934436798,
                    0.9307482838630676
                ],
                [
                    0.2569529116153717,
                    -0.42409566044807434,
                    0.8683996796607971,
                    3.500631093978882
                ],
                [
                    0.0,
                    0.89857017993927,
                    0.43882980942726135,
                    1.768979549407959
                ],
                [
                    0.0,
                    0.0,
                    0.0,
                    1.0
                ]
            ]
        },
        {
            "file_path": "/data/shapenet_blender/all_50_random/02958343/3134927c492c39e241d7734b73edc062/r_30",
            "rotation": 0.12566370614359174,
            "transform_matrix": [
                [
                    0.8615061044692993,
                    -0.3874155282974243,
                    -0.3282020390033722,
                    -1.3230247497558594
                ],
                [
                    -0.5077474117279053,
                    -0.6573363542556763,
                    -0.5568675398826599,
                    -2.244804859161377
                ],
                [
                    0.0,
                    0.6463883519172668,
                    -0.7630084753036499,
                    -3.0757856369018555
                ],
                [
                    0.0,
                    0.0,
                    0.0,
                    1.0
                ]
            ]
        },
        {
            "file_path": "/data/shapenet_blender/all_50_random/02958343/3134927c492c39e241d7734b73edc062/r_31",
            "rotation": 0.12566370614359174,
            "transform_matrix": [
                [
                    -0.9327124953269958,
                    0.3215409219264984,
                    0.16327477991580963,
                    0.6581817269325256
                ],
                [
                    0.3606206178665161,
                    0.8316364288330078,
                    0.4222954213619232,
                    1.7023273706436157
                ],
                [
                    0.0,
                    0.4527605175971985,
                    -0.891632080078125,
                    -3.5942840576171875
                ],
                [
                    0.0,
                    0.0,
                    0.0,
                    1.0
                ]
            ]
        },
        {
            "file_path": "/data/shapenet_blender/all_50_random/02958343/3134927c492c39e241d7734b73edc062/r_32",
            "rotation": 0.12566370614359174,
            "transform_matrix": [
                [
                    -0.24092426896095276,
                    0.13200867176055908,
                    -0.9615244269371033,
                    -3.8760290145874023
                ],
                [
                    -0.9705439209938049,
                    -0.032769348472356796,
                    0.23868529498577118,
                    0.962171196937561
                ],
                [
                    0.0,
                    0.990706741809845,
                    0.1360151469707489,
                    0.5482946038246155
                ],
                [
                    0.0,
                    0.0,
                    0.0,
                    1.0
                ]
            ]
        },
        {
            "file_path": "/data/shapenet_blender/all_50_random/02958343/3134927c492c39e241d7734b73edc062/r_33",
            "rotation": 0.12566370614359174,
            "transform_matrix": [
                [
                    -0.15158000588417053,
                    0.4265689551830292,
                    0.8916627168655396,
                    3.594407320022583
                ],
                [
                    0.988444983959198,
                    0.06541519612073898,
                    0.13673825562000275,
                    0.551209568977356
                ],
                [
                    3.725290298461914e-09,
                    0.9020862579345703,
                    -0.4315555989742279,
                    -1.7396562099456787
                ],
                [
                    0.0,
                    0.0,
                    0.0,
                    1.0
                ]
            ]
        },
        {
            "file_path": "/data/shapenet_blender/all_50_random/02958343/3134927c492c39e241d7734b73edc062/r_34",
            "rotation": 0.12566370614359174,
            "transform_matrix": [
                [
                    -0.8756852149963379,
                    -0.26547443866729736,
                    -0.40335923433303833,
                    -1.625993251800537
                ],
                [
                    -0.4828823506832123,
                    0.48142585158348083,
                    0.7314736247062683,
                    2.948664665222168
                ],
                [
                    1.4901161193847656e-08,
                    0.8353156447410583,
                    -0.5497704148292542,
                    -2.216195583343506
                ],
                [
                    0.0,
                    0.0,
                    0.0,
                    1.0
                ]
            ]
        },
        {
            "file_path": "/data/shapenet_blender/all_50_random/02958343/3134927c492c39e241d7734b73edc062/r_35",
            "rotation": 0.12566370614359174,
            "transform_matrix": [
                [
                    0.8210248947143555,
                    0.5358169078826904,
                    -0.19702360033988953,
                    -0.7942275404930115
                ],
                [
                    -0.5708922743797302,
                    0.7705814242362976,
                    -0.2833481431007385,
                    -1.1422128677368164
                ],
                [
                    -1.4901160305669237e-08,
                    0.345115065574646,
                    0.9385603666305542,
                    3.7834577560424805
                ],
                [
                    0.0,
                    0.0,
                    0.0,
                    1.0
                ]
            ]
        },
        {
            "file_path": "/data/shapenet_blender/all_50_random/02958343/3134927c492c39e241d7734b73edc062/r_36",
            "rotation": 0.12566370614359174,
            "transform_matrix": [
                [
                    -0.4812488853931427,
                    -0.46996790170669556,
                    0.7399525046348572,
                    2.9828438758850098
                ],
                [
                    0.8765838742256165,
                    -0.2580146789550781,
                    0.40623757243156433,
                    1.6375960111618042
                ],
                [
                    -1.4901158529312397e-08,
                    0.8441318869590759,
                    0.5361356139183044,
                    2.161231756210327
                ],
                [
                    0.0,
                    0.0,
                    0.0,
                    1.0
                ]
            ]
        },
        {
            "file_path": "/data/shapenet_blender/all_50_random/02958343/3134927c492c39e241d7734b73edc062/r_37",
            "rotation": 0.12566370614359174,
            "transform_matrix": [
                [
                    0.9599497318267822,
                    -0.0927426889538765,
                    -0.26437750458717346,
                    -1.0657398700714111
                ],
                [
                    -0.2801726162433624,
                    -0.3177623748779297,
                    -0.9058312773704529,
                    -3.6515228748321533
                ],
                [
                    7.450581485102248e-09,
                    0.9436237812042236,
                    -0.331019788980484,
                    -1.3343836069107056
                ],
                [
                    0.0,
                    0.0,
                    0.0,
                    1.0
                ]
            ]
        },
        {
            "file_path": "/data/shapenet_blender/all_50_random/02958343/3134927c492c39e241d7734b73edc062/r_38",
            "rotation": 0.12566370614359174,
            "transform_matrix": [
                [
                    -0.8350188136100769,
                    0.2694200873374939,
                    0.4797462522983551,
                    1.933919072151184
                ],
                [
                    0.5502215623855591,
                    0.40887323021888733,
                    0.7280651330947876,
                    2.934924602508545
                ],
                [
                    -1.4901162970204496e-08,
                    0.8719147443771362,
                    -0.48965755105018616,
                    -1.9738729000091553
                ],
                [
                    0.0,
                    0.0,
                    0.0,
                    1.0
                ]
            ]
        },
        {
            "file_path": "/data/shapenet_blender/all_50_random/02958343/3134927c492c39e241d7734b73edc062/r_39",
            "rotation": 0.12566370614359174,
            "transform_matrix": [
                [
                    0.22255843877792358,
                    0.10953894257545471,
                    0.9687460660934448,
                    3.9051401615142822
                ],
                [
                    0.974919319152832,
                    -0.02500598132610321,
                    -0.22114917635917664,
                    -0.8914808034896851
                ],
                [
                    -1.8626450382086546e-09,
                    0.9936679005622864,
                    -0.11235692352056503,
                    -0.4529252350330353
                ],
                [
                    0.0,
                    0.0,
                    0.0,
                    1.0
                ]
            ]
        },
        {
            "file_path": "/data/shapenet_blender/all_50_random/02958343/3134927c492c39e241d7734b73edc062/r_40",
            "rotation": 0.12566370614359174,
            "transform_matrix": [
                [
                    -0.6956231594085693,
                    0.29057806730270386,
                    -0.6570180058479309,
                    -2.648524522781372
                ],
                [
                    -0.7184068560600281,
                    -0.2813626229763031,
                    0.6361812353134155,
                    2.5645289421081543
                ],
                [
                    1.4901161193847656e-08,
                    0.9145487546920776,
                    0.4044756293296814,
                    1.6304935216903687
                ],
                [
                    0.0,
                    0.0,
                    0.0,
                    1.0
                ]
            ]
        },
        {
            "file_path": "/data/shapenet_blender/all_50_random/02958343/3134927c492c39e241d7734b73edc062/r_41",
            "rotation": 0.12566370614359174,
            "transform_matrix": [
                [
                    -0.9472931027412415,
                    0.06433872133493423,
                    0.31384143233299255,
                    1.2651352882385254
                ],
                [
                    0.3203684389591217,
                    0.19024229049682617,
                    0.9279934763908386,
