{
    "class": "02958343",
    "model": "846f4ad1db06d8791e0b067dee925db4",
    "remove_doubles": true,
    "edge_split": true,
    "denoise": true,
    "camera_angle_x": 0.6911112070083618,
    "scale_factor": 2.0452364840524933,
    "hdri_file": "/data/IndoorHDRDataset2018/9C4A2074-b0e85871cd.exr",
    "center_offset": [
        0.0,
        0.0,
        -6.984919309616089e-10
    ],
    "lights": [],
    "frames": [
        {
            "file_path": "/data/shapenet_blender/all_50_random/02958343/846f4ad1db06d8791e0b067dee925db4/r_0",
            "rotation": 0.12566370614359174,
            "transform_matrix": [
                [
                    -0.8768637776374817,
                    0.2763688266277313,
                    0.39335766434669495,
                    1.5856754779815674
                ],
                [
                    0.4807389974594116,
                    0.5040943622589111,
                    0.7174809575080872,
                    2.8922581672668457
                ],
                [
                    -1.4901161193847656e-08,
                    0.8182353973388672,
                    -0.5748833417892456,
                    -2.3174288272857666
                ],
                [
                    0.0,
                    0.0,
                    0.0,
                    1.0
                ]
            ]
        },
        {
            "file_path": "/data/shapenet_blender/all_50_random/02958343/846f4ad1db06d8791e0b067dee925db4/r_1",
            "rotation": 0.12566370614359174,
            "transform_matrix": [
                [
                    0.9892702698707581,
                    0.0904259905219078,
                    -0.11475033313035965,
                    -0.462573379278183
                ],
                [
                    -0.1460975855588913,
                    0.6123012900352478,
                    -0.7770087122917175,
                    -3.1322224140167236
                ],
                [
                    -7.450582373280668e-09,
                    0.7854362726211548,
                    0.618942379951477,
                    2.4950366020202637
                ],
                [
                    0.0,
                    0.0,
                    0.0,
                    1.0
                ]
            ]
        },
        {
            "file_path": "/data/shapenet_blender/all_50_random/02958343/846f4ad1db06d8791e0b067dee925db4/r_2",
            "rotation": 0.12566370614359174,
            "transform_matrix": [
                [
                    0.5892649292945862,
                    -0.5708227753639221,
                    0.5717763900756836,
                    2.3049046993255615
                ],
                [
                    0.8079399466514587,
                    0.41632530093193054,
                    -0.4170208275318146,
                    -1.6810648441314697
                ],
                [
                    0.0,
                    0.707696795463562,
                    0.7065162062644958,
                    2.8480582237243652
                ],
                [
                    0.0,
                    0.0,
                    0.0,
                    1.0
                ]
            ]
        },
        {
            "file_path": "/data/shapenet_blender/all_50_random/02958343/846f4ad1db06d8791e0b067dee925db4/r_3",
            "rotation": 0.12566370614359174,
            "transform_matrix": [
                [
                    -0.8270721435546875,
                    0.06674130260944366,
                    0.5581194162368774,
                    2.2498512268066406
                ],
                [
                    0.5620957612991333,
                    0.09820368140935898,
                    0.8212212920188904,
                    3.3104488849639893
                ],
                [
                    0.0,
                    0.992925763130188,
                    -0.11873653531074524,
                    -0.4786422848701477
                ],
                [
                    0.0,
                    0.0,
                    0.0,
                    1.0
                ]
            ]
        },
        {
            "file_path": "/data/shapenet_blender/all_50_random/02958343/846f4ad1db06d8791e0b067dee925db4/r_4",
            "rotation": 0.12566370614359174,
            "transform_matrix": [
                [
                    0.20629793405532837,
                    -0.273034006357193,
                    0.9396241903305054,
                    3.7877461910247803
                ],
                [
                    0.9784892201423645,
                    0.05756460875272751,
                    -0.1981038898229599,
                    -0.7985823154449463
                ],
                [
                    0.0,
                    0.9602805376052856,
                    0.2790363132953644,
                    1.1248313188552856
                ],
                [
                    0.0,
                    0.0,
                    0.0,
                    1.0
                ]
            ]
        },
        {
            "file_path": "/data/shapenet_blender/all_50_random/02958343/846f4ad1db06d8791e0b067dee925db4/r_5",
            "rotation": 0.12566370614359174,
            "transform_matrix": [
                [
                    0.9803622364997864,
                    -0.07805138826370239,
                    -0.18110202252864838,
                    -0.7300456166267395
                ],
                [
                    -0.19720539450645447,
                    -0.38801491260528564,
                    -0.9003079533576965,
                    -3.6292574405670166
                ],
                [
                    0.0,
                    0.918342113494873,
                    -0.3957872986793518,
                    -1.59546959400177
                ],
                [
                    0.0,
                    0.0,
                    0.0,
                    1.0
                ]
            ]
        },
        {
            "file_path": "/data/shapenet_blender/all_50_random/02958343/846f4ad1db06d8791e0b067dee925db4/r_6",
            "rotation": 0.12566370614359174,
            "transform_matrix": [
                [
                    0.013759437948465347,
                    0.9926947355270386,
                    -0.11986593157052994,
                    -0.483195036649704
                ],
                [
                    -0.9999054074287415,
                    0.01366021391004324,
                    -0.0016494439914822578,
                    -0.006649121642112732
                ],
                [
                    0.0,
                    0.11987726390361786,
                    0.9927887320518494,
                    4.002059459686279
                ],
                [
                    0.0,
                    0.0,
                    0.0,
                    1.0
                ]
            ]
        },
        {
            "file_path": "/data/shapenet_blender/all_50_random/02958343/846f4ad1db06d8791e0b067dee925db4/r_7",
            "rotation": 0.12566370614359174,
            "transform_matrix": [
                [
                    0.505527675151825,
                    -0.35662955045700073,
                    0.7856571078300476,
                    3.1670851707458496
                ],
                [
                    0.8628104329109192,
                    0.2089521735906601,
                    -0.46032291650772095,
                    -1.8556209802627563
                ],
                [
                    -1.4901162970204496e-08,
                    0.9105790853500366,
                    0.41333481669425964,
                    1.666205883026123
                ],
                [
                    0.0,
                    0.0,
                    0.0,
                    1.0
                ]
            ]
        },
        {
            "file_path": "/data/shapenet_blender/all_50_random/02958343/846f4ad1db06d8791e0b067dee925db4/r_8",
            "rotation": 0.12566370614359174,
            "transform_matrix": [
                [
                    0.9532825946807861,
                    -0.13137097656726837,
                    0.2720184922218323,
                    1.0965416431427002
                ],
                [
                    0.3020801246166229,
                    0.41457101702690125,
                    -0.8584162592887878,
                    -3.4603865146636963
                ],
                [
                    0.0,
                    0.900484561920166,
                    0.4348878562450409,
                    1.7530890703201294
                ],
                [
                    0.0,
                    0.0,
                    0.0,
                    1.0
                ]
            ]
        },
        {
            "file_path": "/data/shapenet_blender/all_50_random/02958343/846f4ad1db06d8791e0b067dee925db4/r_9",
            "rotation": 0.12566370614359174,
            "transform_matrix": [
                [
                    0.1626317799091339,
                    -0.47806650400161743,
                    0.8631356954574585,
                    3.4794113636016846
                ],
                [
                    0.9866868853569031,
                    0.078797847032547,
                    -0.14226731657981873,
                    -0.5734978914260864
                ],
                [
                    0.0,
                    0.8747818470001221,
                    0.484516978263855,
                    1.9531503915786743
                ],
                [
                    0.0,
                    0.0,
                    0.0,
                    1.0
                ]
            ]
        },
        {
            "file_path": "/data/shapenet_blender/all_50_random/02958343/846f4ad1db06d8791e0b067dee925db4/r_10",
            "rotation": 0.12566370614359174,
            "transform_matrix": [
                [
                    -0.5959548950195312,
                    0.3775535225868225,
                    0.7087249159812927,
                    2.856961488723755
                ],
                [
                    0.8030178546905518,
                    0.2801991105079651,
                    0.5259759426116943,
                    2.120276927947998
                ],
                [
                    -1.4901160305669237e-08,
                    0.8825767040252686,
                    -0.4701683223247528,
                    -1.8953089714050293
                ],
                [
                    0.0,
                    0.0,
                    0.0,
                    1.0
                ]
            ]
        },
        {
            "file_path": "/data/shapenet_blender/all_50_random/02958343/846f4ad1db06d8791e0b067dee925db4/r_11",
            "rotation": 0.12566370614359174,
            "transform_matrix": [
                [
                    0.10761513561010361,
                    -0.46134889125823975,
                    0.8806679844856262,
                    3.550086259841919
                ],
                [
                    0.9941926002502441,
                    0.049938131123781204,
                    -0.09532680362462997,
                    -0.3842746317386627
                ],
                [
                    0.0,
                    0.8858122229576111,
                    0.4640437662601471,
                    1.8706202507019043
                ],
                [
                    0.0,
                    0.0,
                    0.0,
                    1.0
                ]
            ]
        },
        {
            "file_path": "/data/shapenet_blender/all_50_random/02958343/846f4ad1db06d8791e0b067dee925db4/r_12",
            "rotation": 0.12566370614359174,
            "transform_matrix": [
                [
                    -0.7202379703521729,
                    0.004501003306359053,
                    0.6937125325202942,
                    2.7964446544647217
                ],
                [
                    0.6937271952629089,
                    0.004673009272664785,
                    0.7202227711677551,
                    2.903310775756836
                ],
                [
                    0.0,
                    0.9999790191650391,
                    -0.006488146260380745,
                    -0.02615455351769924
                ],
                [
                    0.0,
                    0.0,
                    0.0,
                    1.0
                ]
            ]
        },
        {
            "file_path": "/data/shapenet_blender/all_50_random/02958343/846f4ad1db06d8791e0b067dee925db4/r_13",
            "rotation": 0.12566370614359174,
            "transform_matrix": [
                [
                    -0.3190864026546478,
                    -0.015101361088454723,
                    -0.947605311870575,
                    -3.8199191093444824
                ],
                [
                    -0.9477257132530212,
                    0.005084424279630184,
                    0.31904590129852295,
                    1.2861151695251465
                ],
                [
                    0.0,
                    0.9998729825019836,
                    -0.01593431830406189,
                    -0.06423328816890717
                ],
                [
                    0.0,
                    0.0,
                    0.0,
                    1.0
                ]
            ]
        },
        {
            "file_path": "/data/shapenet_blender/all_50_random/02958343/846f4ad1db06d8791e0b067dee925db4/r_14",
            "rotation": 0.12566370614359174,
            "transform_matrix": [
                [
                    0.9752423167228699,
                    -0.014163380488753319,
                    -0.22068502008914948,
                    -0.8896096348762512
                ],
                [
                    -0.22113902866840363,
                    -0.0624617375433445,
                    -0.973240077495575,
                    -3.923255681991577
                ],
                [
                    0.0,
                    0.9979467391967773,
                    -0.0640474185347557,
                    -0.2581833600997925
                ],
                [
                    0.0,
                    0.0,
                    0.0,
                    1.0
                ]
            ]
        },
        {
            "file_path": "/data/shapenet_blender/all_50_random/02958343/846f4ad1db06d8791e0b067dee925db4/r_15",
            "rotation": 0.12566370614359174,
            "transform_matrix": [
                [
                    -0.5444278717041016,
                    0.6674986481666565,
                    0.507980227470398,
                    2.047733783721924
                ],
                [
                    0.8388076424598694,
                    0.43323981761932373,
                    0.3297044336795807,
                    1.3290810585021973
                ],
                [
                    0.0,
                    0.6055980324745178,
                    -0.7957707047462463,
                    -3.2078542709350586
                ],
                [
                    0.0,
                    0.0,
                    0.0,
                    1.0
                ]
            ]
        },
        {
            "file_path": "/data/shapenet_blender/all_50_random/02958343/846f4ad1db06d8791e0b067dee925db4/r_16",
            "rotation": 0.12566370614359174,
            "transform_matrix": [
                [
                    -0.26563146710395813,
                    -0.9546325206756592,
                    -0.13459770381450653,
                    -0.5425807237625122
                ],
                [
                    -0.9640746116638184,
                    0.26302990317344666,
                    0.03708570823073387,
                    0.14949727058410645
                ],
                [
                    0.0,
                    0.13961347937583923,
                    -0.9902060627937317,
                    -3.9916484355926514
                ],
                [
                    0.0,
                    0.0,
                    0.0,
                    1.0
                ]
            ]
        },
        {
            "file_path": "/data/shapenet_blender/all_50_random/02958343/846f4ad1db06d8791e0b067dee925db4/r_17",
            "rotation": 0.12566370614359174,
            "transform_matrix": [
                [
                    0.972467303276062,
                    -0.14578339457511902,
                    0.1818089336156845,
                    0.7328952550888062
                ],
                [
                    0.2330392301082611,
                    0.6083506941795349,
                    -0.7586844563484192,
                    -3.0583548545837402
                ],
                [
                    7.4505797087454084e-09,
                    0.780164361000061,
                    0.6255744099617004,
                    2.52177095413208
                ],
                [
                    0.0,
                    0.0,
                    0.0,
                    1.0
                ]
            ]
        },
        {
            "file_path": "/data/shapenet_blender/all_50_random/02958343/846f4ad1db06d8791e0b067dee925db4/r_18",
            "rotation": 0.12566370614359174,
            "transform_matrix": [
                [
                    -0.5670855641365051,
                    -0.1034650057554245,
                    -0.8171344995498657,
                    -3.2939748764038086
                ],
                [
                    -0.8236589431762695,
                    0.07123520225286484,
                    0.5625935196876526,
                    2.2678873538970947
                ],
                [
                    -3.725290298461914e-09,
                    0.992078959941864,
                    -0.12561628222465515,
                    -0.5063754916191101
                ],
                [
                    0.0,
                    0.0,
                    0.0,
                    1.0
                ]
            ]
        },
        {
            "file_path": "/data/shapenet_blender/all_50_random/02958343/846f4ad1db06d8791e0b067dee925db4/r_19",
            "rotation": 0.12566370614359174,
            "transform_matrix": [
                [
                    0.6411672234535217,
                    0.04712378606200218,
                    0.765953004360199,
                    3.0876553058624268
                ],
                [
                    0.7674012780189514,
                    -0.03937213495373726,
                    -0.6399571299552917,
                    -2.579749584197998
                ],
                [
                    0.0,
                    0.9981127977371216,
                    -0.06140697002410889,
                    -0.24753940105438232
                ],
                [
                    0.0,
                    0.0,
                    0.0,
                    1.0
                ]
            ]
        },
        {
            "file_path": "/data/shapenet_blender/all_50_random/02958343/846f4ad1db06d8791e0b067dee925db4/r_20",
            "rotation": 0.12566370614359174,
            "transform_matrix": [
                [
                    0.8649147748947144,
                    0.3198147118091583,
                    -0.38683465123176575,
                    -1.5593804121017456
                ],
                [
                    -0.5019187927246094,
                    0.5511099696159363,
                    -0.6665998101234436,
                    -2.6871497631073
                ],
                [
                    1.4901161193847656e-08,
                    0.7707116007804871,
                    0.6371841430664062,
                    2.5685713291168213
                ],
                [
                    0.0,
                    0.0,
                    0.0,
                    1.0
                ]
            ]
        },
        {
            "file_path": "/data/shapenet_blender/all_50_random/02958343/846f4ad1db06d8791e0b067dee925db4/r_21",
            "rotation": 0.12566370614359174,
            "transform_matrix": [
                [
                    0.97245192527771,
                    -0.05697911977767944,
                    -0.22603242099285126,
                    -0.9111658334732056
                ],
                [
                    -0.23310358822345734,
                    -0.2377031445503235,
                    -0.9429527521133423,
                    -3.801164150238037
                ],
                [
                    0.0,
                    0.9696652293205261,
                    -0.24443690478801727,
                    -0.9853566884994507
                ],
                [
                    0.0,
                    0.0,
                    0.0,
                    1.0
                ]
            ]
        },
        {
            "file_path": "/data/shapenet_blender/all_50_random/02958343/846f4ad1db06d8791e0b067dee925db4/r_22",
            "rotation": 0.12566370614359174,
            "transform_matrix": [
                [
                    0.5109286904335022,
                    -0.4096828103065491,
                    -0.7557194232940674,
                    -3.0464026927948
                ],
                [
                    -0.8596231937408447,
                    -0.2435005009174347,
                    -0.4491720497608185,
                    -1.8106706142425537
                ],
                [
                    0.0,
                    0.8791288137435913,
                    -0.47658413648605347,
                    -1.9211722612380981
                ],
                [
                    0.0,
                    0.0,
                    0.0,
                    1.0
                ]
            ]
        },
        {
            "file_path": "/data/shapenet_blender/all_50_random/02958343/846f4ad1db06d8791e0b067dee925db4/r_23",
            "rotation": 0.12566370614359174,
            "transform_matrix": [
                [
                    0.9736117124557495,
                    0.009320895187556744,
                    0.2280205637216568,
                    0.9191802740097046
                ],
                [
                    0.22821098566055298,
                    -0.039765533059835434,
                    -0.9727993011474609,
                    -3.9214794635772705
                ],
                [
                    -9.313225746154785e-10,
                    0.9991654753684998,
                    -0.04084332659840584,
                    -0.16464471817016602
                ],
                [
                    0.0,
                    0.0,
                    0.0,
                    1.0
                ]
            ]
        },
        {
            "file_path": "/data/shapenet_blender/all_50_random/02958343/846f4ad1db06d8791e0b067dee925db4/r_24",
            "rotation": 0.12566370614359174,
            "transform_matrix": [
                [
                    -0.04632655531167984,
                    -0.13870106637477875,
                    0.989250123500824,
                    3.987794876098633
                ],
                [
                    0.9989264607429504,
                    -0.0064324489794671535,
                    0.04587780684232712,
                    0.18493935465812683
                ],
                [
                    0.0,
                    0.9903133511543274,
                    0.138850137591362,
                    0.5597227811813354
                ],
                [
                    0.0,
                    0.0,
                    0.0,
                    1.0
                ]
            ]
        },
        {
            "file_path": "/data/shapenet_blender/all_50_random/02958343/846f4ad1db06d8791e0b067dee925db4/r_25",
            "rotation": 0.12566370614359174,
            "transform_matrix": [
                [
                    -0.9532021284103394,
                    -0.21845488250255585,
                    -0.20900537073612213,
                    -0.8425276279449463
                ],
                [
                    -0.30233392119407654,
                    0.6887472867965698,
                    0.6589547395706177,
                    2.6563315391540527
                ],
                [
                    0.0,
                    0.6913064122200012,
                    -0.7225616574287415,
                    -2.9127392768859863
                ],
                [
                    0.0,
                    0.0,
                    0.0,
                    1.0
                ]
            ]
        },
        {
            "file_path": "/data/shapenet_blender/all_50_random/02958343/846f4ad1db06d8791e0b067dee925db4/r_26",
            "rotation": 0.12566370614359174,
            "transform_matrix": [
                [
                    0.026966799050569534,
                    -0.3413735330104828,
                    0.9395407438278198,
                    3.787410020828247
                ],
                [
                    0.9996364116668701,
                    0.009209100157022476,
                    -0.02534562163054943,
                    -0.10217147320508957
                ],
                [
                    -9.31322685637781e-10,
                    0.9398825168609619,
                    0.3414977192878723,
                    1.3766214847564697
                ],
                [
                    0.0,
                    0.0,
                    0.0,
                    1.0
                ]
            ]
        },
        {
            "file_path": "/data/shapenet_blender/all_50_random/02958343/846f4ad1db06d8791e0b067dee925db4/r_27",
            "rotation": 0.12566370614359174,
            "transform_matrix": [
                [
                    -0.9963270425796509,
                    -0.06984933465719223,
                    -0.049532756209373474,
                    -0.19967292249202728
                ],
                [
                    -0.08562957495450974,
                    0.8127189874649048,
                    0.5763291716575623,
                    2.3232572078704834
                ],
                [
                    0.0,
                    0.578453779220581,
                    -0.8157151937484741,
                    -3.28825306892395
                ],
                [
                    0.0,
                    0.0,
                    0.0,
                    1.0
                ]
            ]
        },
        {
            "file_path": "/data/shapenet_blender/all_50_random/02958343/846f4ad1db06d8791e0b067dee925db4/r_28",
            "rotation": 0.12566370614359174,
            "transform_matrix": [
                [
                    0.257869690656662,
                    0.028831981122493744,
                    0.9657493829727173,
                    3.8930602073669434
                ],
                [
                    0.9661797285079956,
                    -0.007695145905017853,
                    -0.2577548325061798,
                    -1.0390429496765137
                ],
                [
                    0.0,
                    0.9995546340942383,
                    -0.029841218143701553,
                    -0.12029379606246948
                ],
                [
                    0.0,
                    0.0,
                    0.0,
                    1.0
                ]
            ]
        },
        {
            "file_path": "/data/shapenet_blender/all_50_random/02958343/846f4ad1db06d8791e0b067dee925db4/r_29",
            "rotation": 0.12566370614359174,
            "transform_matrix": [
                [
                    0.9320437908172607,
                    0.27948176860809326,
                    -0.23061738908290863,
                    -0.9296485185623169
                ],
                [
                    -0.36234575510025024,
                    0.7188968658447266,
                    -0.593205451965332,
                    -2.3912878036499023
                ],
                [
                    0.0,
                    0.6364566683769226,
                    0.7713122963905334,
                    3.109259605407715
                ],
                [
                    0.0,
                    0.0,
                    0.0,
                    1.0
                ]
            ]
        },
        {
            "file_path": "/data/shapenet_blender/all_50_random/02958343/846f4ad1db06d8791e0b067dee925db4/r_30",
            "rotation": 0.12566370614359174,
            "transform_matrix": [
                [
                    0.9847446084022522,
                    0.048083096742630005,
                    -0.167230486869812,
                    -0.6741276979446411
                ],
                [
                    -0.17400580644607544,
                    0.2721148729324341,
                    -0.9464012980461121,
                    -3.815065860748291
                ],
                [
                    0.0,
                    0.9610626697540283,
                    0.2763303518295288,
                    1.11392343044281
                ],
                [
                    0.0,
                    0.0,
                    0.0,
                    1.0
                ]
            ]
        },
        {
            "file_path": "/data/shapenet_blender/all_50_random/02958343/846f4ad1db06d8791e0b067dee925db4/r_31",
            "rotation": 0.12566370614359174,
            "transform_matrix": [
                [
                    0.955644965171814,
                    -0.21428337693214417,
                    0.2020527869462967,
                    0.8145008087158203
                ],
                [
                    0.29452112317085266,
                    0.695294201374054,
                    -0.6556090712547302,
                    -2.6428446769714355
                ],
                [
                    0.0,
                    0.6860383152961731,
                    0.7275654077529907,
                    2.9329099655151367
                ],
                [
                    0.0,
                    0.0,
                    0.0,
                    1.0
                ]
            ]
        },
        {
            "file_path": "/data/shapenet_blender/all_50_random/02958343/846f4ad1db06d8791e0b067dee925db4/r_32",
            "rotation": 0.12566370614359174,
            "transform_matrix": [
                [
                    -0.03678656369447708,
                    0.20133069157600403,
                    0.9788322448730469,
                    3.9457991123199463
                ],
                [
                    0.9993231296539307,
                    0.007411280646920204,
                    0.036032263189554214,
                    0.14525070786476135
                ],
                [
                    4.6566125955216364e-10,
                    0.9794953465461731,
                    -0.20146702229976654,
                    -0.812139630317688
                ],
                [
                    0.0,
                    0.0,
                    0.0,
                    1.0
                ]
            ]
        },
        {
            "file_path": "/data/shapenet_blender/all_50_random/02958343/846f4ad1db06d8791e0b067dee925db4/r_33",
            "rotation": 0.12566370614359174,
            "transform_matrix": [
                [
                    -0.29497697949409485,
                    -0.26475828886032104,
                    -0.9180912971496582,
                    -3.700944423675537
                ],
                [
                    -0.9555044174194336,
                    0.08173441886901855,
                    0.28342705965042114,
                    1.1425310373306274
                ],
                [
                    -7.450581485102248e-09,
                    0.9608446359634399,
                    -0.2770874798297882,
                    -1.1169753074645996
                ],
                [
                    0.0,
                    0.0,
                    0.0,
                    1.0
                ]
            ]
        },
        {
            "file_path": "/data/shapenet_blender/all_50_random/02958343/846f4ad1db06d8791e0b067dee925db4/r_34",
            "rotation": 0.12566370614359174,
            "transform_matrix": [
                [
                    -0.157473623752594,
                    -0.7877675890922546,
                    0.5955033302307129,
                    2.400550603866577
                ],
                [
                    0.9875231981277466,
                    -0.12561996281147003,
                    0.09496089071035385,
                    0.38279959559440613
                ],
                [
                    -7.450580596923828e-09,
                    0.6030271649360657,
                    0.7977206110954285,
                    3.215714693069458
                ],
                [
                    0.0,
                    0.0,
                    0.0,
                    1.0
                ]
            ]
        },
        {
            "file_path": "/data/shapenet_blender/all_50_random/02958343/846f4ad1db06d8791e0b067dee925db4/r_35",
            "rotation": 0.12566370614359174,
            "transform_matrix": [
                [
                    -0.06040061637759209,
                    -0.03229781985282898,
                    -0.9976515769958496,
                    -4.02166223526001
                ],
                [
                    -0.9981741905212402,
                    0.001954376697540283,
                    0.060368992388248444,
                    0.2433551847934723
                ],
                [
                    2.3283061589829401e-10,
                    0.999476432800293,
                    -0.03235689923167229,
                    -0.1304348260164261
                ],
                [
                    0.0,
                    0.0,
                    0.0,
                    1.0
                ]
            ]
        },
        {
            "file_path": "/data/shapenet_blender/all_50_random/02958343/846f4ad1db06d8791e0b067dee925db4/r_36",
            "rotation": 0.12566370614359174,
            "transform_matrix": [
                [
                    -0.7272828221321106,
                    0.017488351091742516,
                    -0.686115026473999,
                    -2.7658181190490723
                ],
                [
                    -0.6863378286361694,
                    -0.01853165775537491,
                    0.7270467281341553,
                    2.930819034576416
                ],
                [
                    0.0,
                    0.9996751546859741,
                    0.02548067830502987,
                    0.10271590203046799
                ],
                [
                    0.0,
                    0.0,
                    0.0,
                    1.0
                ]
            ]
        },
        {
            "file_path": "/data/shapenet_blender/all_50_random/02958343/846f4ad1db06d8791e0b067dee925db4/r_37",
            "rotation": 0.12566370614359174,
            "transform_matrix": [
                [
                    0.5655028223991394,
                    0.3663397431373596,
                    -0.738919198513031,
                    -2.9786787033081055
                ],
                [
                    -0.824746310710907,
                    0.2511877417564392,
                    -0.506653904914856,
                    -2.0423874855041504
                ],
                [
                    -1.4901160305669237e-08,
                    0.8959351181983948,
                    0.4441847503185272,
                    1.790566086769104
                ],
                [
                    0.0,
                    0.0,
                    0.0,
                    1.0
                ]
            ]
        },
        {
            "file_path": "/data/shapenet_blender/all_50_random/02958343/846f4ad1db06d8791e0b067dee925db4/r_38",
            "rotation": 0.12566370614359174,
            "transform_matrix": [
                [
                    -0.03873351588845253,
                    -0.798759937286377,
                    -0.6004018187522888,
                    -2.420297145843506
                ],
                [
                    -0.9992495179176331,
                    0.0309620164334774,
                    0.02327314019203186,
                    0.09381702542304993
                ],
                [
                    0.0,
                    0.6008526682853699,
                    -0.7993597388267517,
                    -3.2223222255706787
                ],
                [
                    0.0,
                    0.0,
                    0.0,
                    1.0
                ]
            ]
        },
        {
            "file_path": "/data/shapenet_blender/all_50_random/02958343/846f4ad1db06d8791e0b067dee925db4/r_39",
            "rotation": 0.12566370614359174,
            "transform_matrix": [
                [
                    0.9160412549972534,
                    -0.1074187159538269,
                    -0.38643190264701843,
                    -1.5577569007873535
                ],
                [
                    -0.4010840654373169,
                    -0.24533504247665405,
                    -0.8825770020484924,
                    -3.557781934738159
                ],
                [
                    0.0,
                    0.9634686708450317,
                    -0.26782089471817017,
                    -1.0796207189559937
                ],
                [
                    0.0,
                    0.0,
                    0.0,
                    1.0
                ]
            ]
        },
        {
            "file_path": "/data/shapenet_blender/all_50_random/02958343/846f4ad1db06d8791e0b067dee925db4/r_40",
            "rotation": 0.12566370614359174,
            "transform_matrix": [
                [
                    -0.5561225414276123,
                    -0.6768295764923096,
                    -0.4823167026042938,
                    -1.9442808628082275
                ],
                [
                    -0.8311002850532532,
                    0.45289382338523865,
                    0.3227374255657196,
                    1.30099618434906
                ],
                [
                    1.4901161193847656e-08,
                    0.5803351998329163,
                    -0.8143777251243591,
                    -3.2828617095947266
                ],
                [
                    0.0,
                    0.0,
                    0.0,
                    1.0
                ]
            ]
        },
        {
            "file_path": "/data/shapenet_blender/all_50_random/02958343/846f4ad1db06d8791e0b067dee925db4/r_41",
            "rotation": 0.12566370614359174,
            "transform_matrix": [
                [
                    0.5401039719581604,
                    -0.09518485516309738,
                    0.8361982703208923,
                    3.3708231449127197
                ],
                [
                    0.841598391532898,
                    0.06108580902218819,
                    -0.5366383790969849,
                    -2.1632585525512695
                ],
                [
                    0.0,
                    0.9935835003852844,
                    0.11310011148452759,
