{
    "class": "02958343",
    "model": "a88d69e53a01aab9ff1370452e3a0154",
    "remove_doubles": true,
    "edge_split": true,
    "denoise": true,
    "camera_angle_x": 0.6911112070083618,
    "scale_factor": 2.2412102726982237,
    "hdri_file": "/data/IndoorHDRDataset2018/AG8A8042-a8afaf592c.exr",
    "center_offset": [
        0.0,
        -1.862645149230957e-09,
        -3.725290298461914e-09
    ],
    "lights": [],
    "frames": [
        {
            "file_path": "/data/shapenet_blender/all_50_random/02958343/a88d69e53a01aab9ff1370452e3a0154/r_0",
            "rotation": 0.12566370614359174,
            "transform_matrix": [
                [
                    0.5246421694755554,
                    0.17416030168533325,
                    0.8333179950714111,
                    3.3592119216918945
                ],
                [
                    0.8513228893280029,
                    -0.10732924938201904,
                    -0.513546347618103,
                    -2.070171356201172
                ],
                [
                    7.450580596923828e-09,
                    0.9788506031036377,
                    -0.20457613468170166,
                    -0.8246726989746094
                ],
                [
                    0.0,
                    0.0,
                    0.0,
                    1.0
                ]
            ]
        },
        {
            "file_path": "/data/shapenet_blender/all_50_random/02958343/a88d69e53a01aab9ff1370452e3a0154/r_1",
            "rotation": 0.12566370614359174,
            "transform_matrix": [
                [
                    -0.8747085332870483,
                    0.008106738328933716,
                    0.4845815896987915,
                    1.9534109830856323
                ],
                [
                    0.4846494793891907,
                    0.014631261117756367,
                    0.8745859861373901,
                    3.525569200515747
                ],
                [
                    0.0,
                    0.9998601078987122,
                    -0.016727011650800705,
                    -0.06742874532938004
                ],
                [
                    0.0,
                    0.0,
                    0.0,
                    1.0
                ]
            ]
        },
        {
            "file_path": "/data/shapenet_blender/all_50_random/02958343/a88d69e53a01aab9ff1370452e3a0154/r_2",
            "rotation": 0.12566370614359174,
            "transform_matrix": [
                [
                    0.35771444439888,
                    0.8321747183799744,
                    0.4237045347690582,
                    1.708007574081421
                ],
                [
                    0.9338310956954956,
                    -0.31877386569976807,
                    -0.16230477392673492,
                    -0.6542714834213257
                ],
                [
                    0.0,
                    0.4537271559238434,
                    -0.8911406397819519,
                    -3.5923027992248535
                ],
                [
                    0.0,
                    0.0,
                    0.0,
                    1.0
                ]
            ]
        },
        {
            "file_path": "/data/shapenet_blender/all_50_random/02958343/a88d69e53a01aab9ff1370452e3a0154/r_3",
            "rotation": 0.12566370614359174,
            "transform_matrix": [
                [
                    0.27332594990730286,
                    -0.9238244891166687,
                    0.2680320739746094,
                    1.0804718732833862
                ],
                [
                    0.9619213938713074,
                    0.2625008523464203,
                    -0.07616019248962402,
                    -0.30701154470443726
                ],
                [
                    0.0,
                    0.2786422371864319,
                    0.9603949189186096,
                    3.8714756965637207
                ],
                [
                    0.0,
                    0.0,
                    0.0,
                    1.0
                ]
            ]
        },
        {
            "file_path": "/data/shapenet_blender/all_50_random/02958343/a88d69e53a01aab9ff1370452e3a0154/r_4",
            "rotation": 0.12566370614359174,
            "transform_matrix": [
                [
                    -0.7567656636238098,
                    0.49215957522392273,
                    -0.4302147328853607,
                    -1.7342510223388672
                ],
                [
                    -0.6536862254142761,
                    -0.5697678327560425,
                    0.49805501103401184,
                    2.007723808288574
                ],
                [
                    1.4901160305669237e-08,
                    0.6581363081932068,
                    0.7528986930847168,
                    3.03503155708313
                ],
                [
                    0.0,
                    0.0,
                    0.0,
                    1.0
                ]
            ]
        },
        {
            "file_path": "/data/shapenet_blender/all_50_random/02958343/a88d69e53a01aab9ff1370452e3a0154/r_5",
            "rotation": 0.12566370614359174,
            "transform_matrix": [
                [
                    -0.03333212807774544,
                    0.5573757290840149,
                    0.8295909762382507,
                    3.3441882133483887
                ],
                [
                    0.9994444251060486,
                    0.018588846549391747,
                    0.02766740322113037,
                    0.11153087019920349
                ],
                [
                    0.0,
                    0.8300521373748779,
                    -0.5576856732368469,
                    -2.248102903366089
                ],
                [
                    0.0,
                    0.0,
                    0.0,
                    1.0
                ]
            ]
        },
        {
            "file_path": "/data/shapenet_blender/all_50_random/02958343/a88d69e53a01aab9ff1370452e3a0154/r_6",
            "rotation": 0.12566370614359174,
            "transform_matrix": [
                [
                    0.598781406879425,
                    -0.3099292814731598,
                    0.7385151982307434,
                    2.9770500659942627
                ],
                [
                    0.800912618637085,
                    0.2317105233669281,
                    -0.5521315932273865,
                    -2.2257137298583984
                ],
                [
                    0.0,
                    0.9220921993255615,
                    0.3869701325893402,
                    1.5599265098571777
                ],
                [
                    0.0,
                    0.0,
                    0.0,
                    1.0
                ]
            ]
        },
        {
            "file_path": "/data/shapenet_blender/all_50_random/02958343/a88d69e53a01aab9ff1370452e3a0154/r_7",
            "rotation": 0.12566370614359174,
            "transform_matrix": [
                [
                    0.7682413458824158,
                    -0.5137460231781006,
                    0.3819296360015869,
                    1.5396076440811157
                ],
                [
                    0.6401602625846863,
                    0.6165345907211304,
                    -0.45834481716156006,
                    -1.8476470708847046
                ],
                [
                    0.0,
                    0.5966156125068665,
                    0.802527129650116,
                    3.2350902557373047
                ],
                [
                    0.0,
                    0.0,
                    0.0,
                    1.0
                ]
            ]
        },
        {
            "file_path": "/data/shapenet_blender/all_50_random/02958343/a88d69e53a01aab9ff1370452e3a0154/r_8",
            "rotation": 0.12566370614359174,
            "transform_matrix": [
                [
                    0.8251051902770996,
                    0.4711626470088959,
                    -0.31178078055381775,
                    -1.2568285465240479
                ],
                [
                    -0.5649791955947876,
                    0.688093900680542,
                    -0.455329954624176,
                    -1.835493803024292
                ],
                [
                    0.0,
                    0.5518446564674377,
                    0.8339468240737915,
                    3.3617472648620605
                ],
                [
                    0.0,
                    0.0,
                    0.0,
                    1.0
                ]
            ]
        },
        {
            "file_path": "/data/shapenet_blender/all_50_random/02958343/a88d69e53a01aab9ff1370452e3a0154/r_9",
            "rotation": 0.12566370614359174,
            "transform_matrix": [
                [
                    0.9516577124595642,
                    -0.172941192984581,
                    0.25384822487831116,
                    1.0232949256896973
                ],
                [
                    0.30716052651405334,
                    0.5358136892318726,
                    -0.7864832878112793,
                    -3.1704156398773193
                ],
                [
                    0.0,
                    0.8264350295066833,
                    0.5630320310592651,
                    2.2696547508239746
                ],
                [
                    0.0,
                    0.0,
                    0.0,
                    1.0
                ]
            ]
        },
        {
            "file_path": "/data/shapenet_blender/all_50_random/02958343/a88d69e53a01aab9ff1370452e3a0154/r_10",
            "rotation": 0.12566370614359174,
            "transform_matrix": [
                [
                    -0.9333081841468811,
                    -0.020687732845544815,
                    0.3584801256656647,
                    1.4450795650482178
                ],
                [
                    0.359076589345932,
                    -0.05377133935689926,
                    0.9317578077316284,
                    3.756035804748535
                ],
                [
                    0.0,
                    0.9983388781547546,
                    0.05761370807886124,
                    0.23224829137325287
                ],
                [
                    0.0,
                    0.0,
                    0.0,
                    1.0
                ]
            ]
        },
        {
            "file_path": "/data/shapenet_blender/all_50_random/02958343/a88d69e53a01aab9ff1370452e3a0154/r_11",
            "rotation": 0.12566370614359174,
            "transform_matrix": [
                [
                    -0.9801645874977112,
                    -0.05057462304830551,
                    -0.19162362813949585,
                    -0.7724596261978149
                ],
                [
                    -0.19818530976772308,
                    0.25012680888175964,
                    0.9477125406265259,
                    3.8203516006469727
                ],
                [
                    3.725290742551124e-09,
                    0.9668912291526794,
                    -0.25518855452537537,
                    -1.0286980867385864
                ],
                [
                    0.0,
                    0.0,
                    0.0,
                    1.0
                ]
            ]
        },
        {
            "file_path": "/data/shapenet_blender/all_50_random/02958343/a88d69e53a01aab9ff1370452e3a0154/r_12",
            "rotation": 0.12566370614359174,
            "transform_matrix": [
                [
                    -0.49349597096443176,
                    0.01562475971877575,
                    0.86960768699646,
                    3.5055007934570312
                ],
                [
                    0.8697481751441956,
                    0.008865502662956715,
                    0.4934162199497223,
                    1.9890244007110596
                ],
                [
                    0.0,
                    0.9998385310173035,
                    -0.017964694648981094,
                    -0.07241799682378769
                ],
                [
                    0.0,
                    0.0,
                    0.0,
                    1.0
                ]
            ]
        },
        {
            "file_path": "/data/shapenet_blender/all_50_random/02958343/a88d69e53a01aab9ff1370452e3a0154/r_13",
            "rotation": 0.12566370614359174,
            "transform_matrix": [
                [
                    0.878036618232727,
                    -0.3284194767475128,
                    -0.3481270372867584,
                    -1.403344988822937
                ],
                [
                    -0.4785936176776886,
                    -0.6025243997573853,
                    -0.6386802196502686,
                    -2.5746023654937744
                ],
                [
                    -1.4901162970204496e-08,
                    0.7273960113525391,
                    -0.6862179636955261,
                    -2.766233205795288
                ],
                [
                    0.0,
                    0.0,
                    0.0,
                    1.0
                ]
            ]
        },
        {
            "file_path": "/data/shapenet_blender/all_50_random/02958343/a88d69e53a01aab9ff1370452e3a0154/r_14",
            "rotation": 0.12566370614359174,
            "transform_matrix": [
                [
                    -0.9768157005310059,
                    0.02653767168521881,
                    -0.2124309241771698,
                    -0.8563364744186401
                ],
                [
                    -0.21408212184906006,
                    -0.12108631432056427,
                    0.9692816138267517,
                    3.907299280166626
                ],
                [
                    0.0,
                    0.9922872185707092,
                    0.1239602342247963,
                    0.4996996819972992
                ],
                [
                    0.0,
                    0.0,
                    0.0,
                    1.0
                ]
            ]
        },
        {
            "file_path": "/data/shapenet_blender/all_50_random/02958343/a88d69e53a01aab9ff1370452e3a0154/r_15",
            "rotation": 0.12566370614359174,
            "transform_matrix": [
                [
                    -0.03176996484398842,
                    -0.1633758693933487,
                    0.9860522150993347,
                    3.9749035835266113
                ],
                [
                    0.9994952082633972,
                    -0.005193066783249378,
                    0.03134266659617424,
                    0.12634633481502533
                ],
                [
                    -4.656612873077393e-10,
                    0.9865502715110779,
                    0.16345836222171783,
                    0.6589217185974121
                ],
                [
                    0.0,
                    0.0,
                    0.0,
                    1.0
                ]
            ]
        },
        {
            "file_path": "/data/shapenet_blender/all_50_random/02958343/a88d69e53a01aab9ff1370452e3a0154/r_16",
            "rotation": 0.12566370614359174,
            "transform_matrix": [
                [
                    -0.8311066627502441,
                    0.0663992390036583,
                    0.5521347522735596,
                    2.22572660446167
                ],
                [
                    0.556113064289093,
                    0.09923315793275833,
                    0.8251611590385437,
                    3.326331377029419
                ],
                [
                    0.0,
                    0.9928463101387024,
                    -0.1193988248705864,
                    -0.481312096118927
                ],
                [
                    0.0,
                    0.0,
                    0.0,
                    1.0
                ]
            ]
        },
        {
            "file_path": "/data/shapenet_blender/all_50_random/02958343/a88d69e53a01aab9ff1370452e3a0154/r_17",
            "rotation": 0.12566370614359174,
            "transform_matrix": [
                [
                    0.25848808884620667,
                    -0.0476992130279541,
                    -0.9648360013961792,
                    -3.889378547668457
                ],
                [
                    -0.9660144448280334,
                    -0.012763451784849167,
                    -0.25817275047302246,
                    -1.0407277345657349
                ],
                [
                    0.0,
                    0.9987801909446716,
                    -0.04937732219696045,
                    -0.19904637336730957
                ],
                [
                    0.0,
                    0.0,
                    0.0,
                    1.0
                ]
            ]
        },
        {
            "file_path": "/data/shapenet_blender/all_50_random/02958343/a88d69e53a01aab9ff1370452e3a0154/r_18",
            "rotation": 0.12566370614359174,
            "transform_matrix": [
                [
                    0.10245198756456375,
                    -0.40651997923851013,
                    -0.9078793525695801,
                    -3.6597790718078613
                ],
                [
                    -0.9947379231452942,
                    -0.04186909645795822,
                    -0.09350607544183731,
                    -0.37693506479263306
                ],
                [
                    0.0,
                    0.9126819968223572,
                    -0.4086703956127167,
                    -1.6474031209945679
                ],
                [
                    0.0,
                    0.0,
                    0.0,
                    1.0
                ]
            ]
        },
        {
            "file_path": "/data/shapenet_blender/all_50_random/02958343/a88d69e53a01aab9ff1370452e3a0154/r_19",
            "rotation": 0.12566370614359174,
            "transform_matrix": [
                [
                    -0.03322093188762665,
                    0.1267676055431366,
                    0.9913759827613831,
                    3.9963643550872803
                ],
                [
                    0.9994481205940247,
                    0.004213663283735514,
                    0.03295261785387993,
                    0.132836252450943
                ],
                [
                    0.0,
                    0.9919233918190002,
                    -0.12683764100074768,
                    -0.5112988948822021
                ],
                [
                    0.0,
                    0.0,
                    0.0,
                    1.0
                ]
            ]
        },
        {
            "file_path": "/data/shapenet_blender/all_50_random/02958343/a88d69e53a01aab9ff1370452e3a0154/r_20",
            "rotation": 0.12566370614359174,
            "transform_matrix": [
                [
                    0.9227524399757385,
                    -0.26011228561401367,
                    -0.2843756079673767,
                    -1.1463549137115479
                ],
                [
                    -0.3853932023048401,
                    -0.6227905750274658,
                    -0.680884599685669,
                    -2.7447338104248047
                ],
                [
                    0.0,
                    0.7378843426704407,
                    -0.6749270558357239,
                    -2.7207181453704834
                ],
                [
                    0.0,
                    0.0,
                    0.0,
                    1.0
                ]
            ]
        },
        {
            "file_path": "/data/shapenet_blender/all_50_random/02958343/a88d69e53a01aab9ff1370452e3a0154/r_21",
            "rotation": 0.12566370614359174,
            "transform_matrix": [
                [
                    0.07105719298124313,
                    0.20650845766067505,
                    -0.9758611917495728,
                    -3.9338223934173584
                ],
                [
                    -0.99747234582901,
                    0.014711095951497555,
                    -0.06951767206192017,
                    -0.280234694480896
                ],
                [
                    0.0,
                    0.9783342480659485,
                    0.20703177154064178,
                    0.8345717787742615
                ],
                [
                    0.0,
                    0.0,
                    0.0,
                    1.0
                ]
            ]
        },
        {
            "file_path": "/data/shapenet_blender/all_50_random/02958343/a88d69e53a01aab9ff1370452e3a0154/r_22",
            "rotation": 0.12566370614359174,
            "transform_matrix": [
                [
                    0.9800402522087097,
                    0.0664665549993515,
                    0.18735885620117188,
                    0.7552677392959595
                ],
                [
                    0.1987992823123932,
                    -0.32766667008399963,
                    -0.9236412644386292,
                    -3.7233173847198486
                ],
                [
                    0.0,
                    0.9424525499343872,
                    -0.33434000611305237,
                    -1.3477678298950195
                ],
                [
                    0.0,
                    0.0,
                    0.0,
                    1.0
                ]
            ]
        },
        {
            "file_path": "/data/shapenet_blender/all_50_random/02958343/a88d69e53a01aab9ff1370452e3a0154/r_23",
            "rotation": 0.12566370614359174,
            "transform_matrix": [
                [
                    0.43556588888168335,
                    0.800854504108429,
                    0.41099196672439575,
                    1.656761646270752
                ],
                [
                    0.9001567959785461,
                    -0.38751569390296936,
                    -0.19886986911296844,
                    -0.8016700744628906
                ],
                [
                    0.0,
                    0.4565781056880951,
                    -0.8896832466125488,
                    -3.586427927017212
                ],
                [
                    0.0,
                    0.0,
                    0.0,
                    1.0
                ]
            ]
        },
        {
            "file_path": "/data/shapenet_blender/all_50_random/02958343/a88d69e53a01aab9ff1370452e3a0154/r_24",
            "rotation": 0.12566370614359174,
            "transform_matrix": [
                [
                    -0.9403186440467834,
                    -0.04224662855267525,
                    0.33766281604766846,
                    1.3611624240875244
                ],
                [
                    0.3402954339981079,
                    -0.11673765629529953,
                    0.9330440759658813,
                    3.761221170425415
                ],
                [
                    3.725290742551124e-09,
                    0.9922637939453125,
                    0.12414692342281342,
                    0.5004522800445557
                ],
                [
                    0.0,
                    0.0,
                    0.0,
                    1.0
                ]
            ]
        },
        {
            "file_path": "/data/shapenet_blender/all_50_random/02958343/a88d69e53a01aab9ff1370452e3a0154/r_25",
            "rotation": 0.12566370614359174,
            "transform_matrix": [
                [
                    -0.4439730942249298,
                    0.45015251636505127,
                    -0.7747583389282227,
                    -3.1231510639190674
                ],
                [
                    -0.8960400819778442,
                    -0.22304314374923706,
                    0.38387998938560486,
                    1.5474698543548584
                ],
                [
                    0.0,
                    0.8646470904350281,
                    0.5023797750473022,
                    2.025157928466797
                ],
                [
                    0.0,
                    0.0,
                    0.0,
                    1.0
                ]
            ]
        },
        {
            "file_path": "/data/shapenet_blender/all_50_random/02958343/a88d69e53a01aab9ff1370452e3a0154/r_26",
            "rotation": 0.12566370614359174,
            "transform_matrix": [
                [
                    0.6710551381111145,
                    0.21308481693267822,
                    -0.7101265788078308,
                    -2.862611770629883
                ],
                [
                    -0.7414073348045349,
                    0.19286519289016724,
                    -0.6427426338195801,
                    -2.5909783840179443
                ],
                [
                    0.0,
                    0.9578089118003845,
                    0.2874058187007904,
                    1.1585699319839478
                ],
                [
                    0.0,
                    0.0,
                    0.0,
                    1.0
                ]
            ]
        },
        {
            "file_path": "/data/shapenet_blender/all_50_random/02958343/a88d69e53a01aab9ff1370452e3a0154/r_27",
            "rotation": 0.12566370614359174,
            "transform_matrix": [
                [
                    -0.5091131925582886,
                    -0.305041640996933,
                    -0.8048312664031982,
                    -3.2443785667419434
                ],
                [
                    -0.8606996536254883,
                    0.1804354339838028,
                    0.4760664403438568,
                    1.919085144996643
                ],
                [
                    0.0,
                    0.9350895881652832,
                    -0.354411244392395,
                    -1.4286774396896362
                ],
                [
                    0.0,
                    0.0,
                    0.0,
                    1.0
                ]
            ]
        },
        {
            "file_path": "/data/shapenet_blender/all_50_random/02958343/a88d69e53a01aab9ff1370452e3a0154/r_28",
            "rotation": 0.12566370614359174,
            "transform_matrix": [
                [
                    0.06581304967403412,
                    0.849718451499939,
                    -0.5231126546859741,
                    -2.108734369277954
                ],
                [
                    -0.9978320002555847,
                    0.056044068187475204,
                    -0.03450244292616844,
                    -0.13908377289772034
                ],
                [
                    0.0,
                    0.5242491364479065,
                    0.8515649437904358,
                    3.432767629623413
                ],
                [
                    0.0,
                    0.0,
                    0.0,
                    1.0
                ]
            ]
        },
        {
            "file_path": "/data/shapenet_blender/all_50_random/02958343/a88d69e53a01aab9ff1370452e3a0154/r_29",
            "rotation": 0.12566370614359174,
            "transform_matrix": [
                [
                    -0.6301307678222656,
                    0.005428909324109554,
                    -0.7764700055122375,
                    -3.1300506591796875
                ],
                [
                    -0.7764889001846313,
                    -0.004405629821121693,
                    0.6301153898239136,
                    2.54007625579834
                ],
                [
                    0.0,
                    0.9999755024909973,
                    0.006991612259298563,
                    0.028184089809656143
                ],
                [
                    0.0,
                    0.0,
                    0.0,
                    1.0
                ]
            ]
        },
        {
            "file_path": "/data/shapenet_blender/all_50_random/02958343/a88d69e53a01aab9ff1370452e3a0154/r_30",
            "rotation": 0.12566370614359174,
            "transform_matrix": [
                [
                    -0.9975521564483643,
                    -0.038609690964221954,
                    0.058301929384469986,
                    0.23502260446548462
                ],
                [
                    0.06992727518081665,
                    -0.5507890582084656,
                    0.8317099809646606,
                    3.3527305126190186
                ],
                [
                    -3.725290298461914e-09,
                    0.8337510228157043,
                    0.5521405339241028,
                    2.225749969482422
                ],
                [
                    0.0,
                    0.0,
                    0.0,
                    1.0
                ]
            ]
        },
        {
            "file_path": "/data/shapenet_blender/all_50_random/02958343/a88d69e53a01aab9ff1370452e3a0154/r_31",
            "rotation": 0.12566370614359174,
            "transform_matrix": [
                [
                    0.6281154751777649,
                    0.09999189525842667,
                    0.7716687321662903,
                    3.1106960773468018
                ],
                [
                    0.7781201601028442,
                    -0.08071562647819519,
                    -0.6229076981544495,
                    -2.511021137237549
                ],
                [
                    3.725290298461914e-09,
                    0.9917088150978088,
                    -0.1285044550895691,
                    -0.5180180072784424
                ],
                [
                    0.0,
                    0.0,
                    0.0,
                    1.0
                ]
            ]
        },
        {
            "file_path": "/data/shapenet_blender/all_50_random/02958343/a88d69e53a01aab9ff1370452e3a0154/r_32",
            "rotation": 0.12566370614359174,
            "transform_matrix": [
                [
                    -0.12153206020593643,
                    -0.9475377202033997,
                    0.2956385910511017,
                    1.191757321357727
                ],
                [
                    0.9925875067710876,
                    -0.11601618677377701,
                    0.03619788587093353,
                    0.1459183394908905
                ],
                [
                    0.0,
                    0.29784655570983887,
                    0.9546138644218445,
                    3.8481714725494385
                ],
                [
                    0.0,
                    0.0,
                    0.0,
                    1.0
                ]
            ]
        },
        {
            "file_path": "/data/shapenet_blender/all_50_random/02958343/a88d69e53a01aab9ff1370452e3a0154/r_33",
            "rotation": 0.12566370614359174,
            "transform_matrix": [
                [
                    -0.14933940768241882,
                    -0.6160417199134827,
                    -0.7734276056289673,
                    -3.1177866458892822
                ],
                [
                    -0.988785982131958,
                    0.09304269403219223,
                    0.11681316792964935,
                    0.47088897228240967
                ],
                [
                    0.0,
                    0.7821991443634033,
                    -0.6230283975601196,
                    -2.511507987976074
                ],
                [
                    0.0,
                    0.0,
                    0.0,
                    1.0
                ]
            ]
        },
        {
            "file_path": "/data/shapenet_blender/all_50_random/02958343/a88d69e53a01aab9ff1370452e3a0154/r_34",
            "rotation": 0.12566370614359174,
            "transform_matrix": [
                [
                    0.10181035846471786,
                    0.15419310331344604,
                    0.9827812910079956,
                    3.9617183208465576
                ],
                [
                    0.9948039054870605,
                    -0.015780450776219368,
                    -0.10057993233203888,
                    -0.405450701713562
                ],
                [
                    0.0,
                    0.9879146218299866,
                    -0.15499849617481232,
                    -0.6248189806938171
                ],
                [
                    0.0,
                    0.0,
                    0.0,
                    1.0
                ]
            ]
        },
        {
            "file_path": "/data/shapenet_blender/all_50_random/02958343/a88d69e53a01aab9ff1370452e3a0154/r_35",
            "rotation": 0.12566370614359174,
            "transform_matrix": [
                [
                    0.1771642416715622,
                    0.08535129576921463,
                    0.9804733395576477,
                    3.9524142742156982
                ],
                [
                    0.98418128490448,
                    -0.015364240854978561,
                    -0.17649677395820618,
                    -0.7114812135696411
                ],
                [
                    -9.313225191043273e-10,
                    0.9962323904037476,
                    -0.08672314137220383,
                    -0.3495921492576599
                ],
                [
                    0.0,
                    0.0,
                    0.0,
                    1.0
                ]
            ]
        },
        {
            "file_path": "/data/shapenet_blender/all_50_random/02958343/a88d69e53a01aab9ff1370452e3a0154/r_36",
            "rotation": 0.12566370614359174,
            "transform_matrix": [
                [
                    -0.8987305760383606,
                    0.19671174883842468,
                    0.391902893781662,
                    1.5798112154006958
                ],
                [
                    0.43850138783454895,
                    0.4031706154346466,
                    0.8032246828079224,
                    3.2379024028778076
                ],
                [
                    0.0,
                    0.8937325477600098,
                    -0.44860008358955383,
                    -1.8083648681640625
                ],
                [
                    0.0,
                    0.0,
                    0.0,
                    1.0
                ]
            ]
        },
        {
            "file_path": "/data/shapenet_blender/all_50_random/02958343/a88d69e53a01aab9ff1370452e3a0154/r_37",
            "rotation": 0.12566370614359174,
            "transform_matrix": [
                [
                    0.9924052953720093,
                    -0.025251582264900208,
                    0.12039133906364441,
                    0.4853129982948303
                ],
                [
                    0.1230110377073288,
                    0.20371995866298676,
                    -0.9712705612182617,
                    -3.9153168201446533
                ],
                [
                    0.0,
                    0.9787033796310425,
                    0.20527900755405426,
                    0.8275061249732971
                ],
                [
                    0.0,
                    0.0,
                    0.0,
                    1.0
                ]
            ]
        },
        {
            "file_path": "/data/shapenet_blender/all_50_random/02958343/a88d69e53a01aab9ff1370452e3a0154/r_38",
            "rotation": 0.12566370614359174,
            "transform_matrix": [
                [
                    0.9758092761039734,
                    0.06622660905122757,
                    -0.20835144817829132,
                    -0.8398915529251099
                ],
                [
                    -0.21862362325191498,
                    0.29559722542762756,
                    -0.9299601912498474,
                    -3.7487895488739014
                ],
                [
                    0.0,
                    0.9530143737792969,
                    0.302925169467926,
                    1.22113037109375
                ],
                [
                    0.0,
                    0.0,
                    0.0,
                    1.0
                ]
            ]
        },
        {
            "file_path": "/data/shapenet_blender/all_50_random/02958343/a88d69e53a01aab9ff1370452e3a0154/r_39",
            "rotation": 0.12566370614359174,
            "transform_matrix": [
                [
                    0.9087480902671814,
                    0.16427654027938843,
                    0.383653849363327,
                    1.546558141708374
                ],
                [
                    0.4173453152179718,
                    -0.3577037751674652,
                    -0.8353866934776306,
                    -3.367551565170288
                ],
                [
                    0.0,
                    0.9192721247673035,
                    -0.39362257719039917,
                    -1.5867433547973633
                ],
                [
                    0.0,
                    0.0,
                    0.0,
                    1.0
                ]
            ]
        },
        {
            "file_path": "/data/shapenet_blender/all_50_random/02958343/a88d69e53a01aab9ff1370452e3a0154/r_40",
            "rotation": 0.12566370614359174,
            "transform_matrix": [
                [
                    -0.9887931942939758,
                    0.02765415422618389,
                    0.1467081904411316,
                    0.591399610042572
                ],
                [
                    0.14929181337356567,
                    0.18315966427326202,
                    0.9716812372207642,
                    3.9169723987579346
                ],
                [
                    -1.862645149230957e-09,
                    0.982694149017334,
                    -0.18523555994033813,
                    -0.7467084527015686
                ],
                [
                    0.0,
                    0.0,
                    0.0,
                    1.0
                ]
            ]
        },
        {
            "file_path": "/data/shapenet_blender/all_50_random/02958343/a88d69e53a01aab9ff1370452e3a0154/r_41",
            "rotation": 0.12566370614359174,
            "transform_matrix": [
                [
                    -0.8921957015991211,
                    0.019026711583137512,
                    0.4512481987476349,
                    1.8190397024154663
                ],
                [
                    0.45164915919303894,
                    0.03758569806814194,
                    0.8914036154747009,
                    3.593362808227539
                ],
                [
                    0.0,
                    0.9991123080253601,
                    -0.04212719202041626,
                    -0.1698201447725296
                ],
                [
