{
    "class": "02958343",
    "model": "4b1227b5dbf1cad92e877e82c90c24d",
    "remove_doubles": true,
    "edge_split": true,
    "denoise": true,
    "camera_angle_x": 0.6911112070083618,
    "scale_factor": 2.3519202311600678,
    "hdri_file": "/data/IndoorHDRDataset2018/AG8A8532-fd02ac8f87.exr",
    "center_offset": [
        0.0,
        0.0,
        3.725290298461914e-09
    ],
    "lights": [],
    "frames": [
        {
            "file_path": "/data/shapenet_blender/all_50_random/02958343/4b1227b5dbf1cad92e877e82c90c24d/r_0",
            "rotation": 0.12566370614359174,
            "transform_matrix": [
                [
                    -0.9666084051132202,
                    -0.2217976450920105,
                    0.1283513754606247,
                    0.5174009799957275
                ],
                [
                    0.2562582194805145,
                    -0.8366227746009827,
                    0.48414263129234314,
                    1.9516414403915405
                ],
                [
                    -7.450580596923828e-09,
                    0.5008673667907715,
                    0.8655239939689636,
                    3.4890389442443848
                ],
                [
                    0.0,
                    0.0,
                    0.0,
                    1.0
                ]
            ]
        },
        {
            "file_path": "/data/shapenet_blender/all_50_random/02958343/4b1227b5dbf1cad92e877e82c90c24d/r_1",
            "rotation": 0.12566370614359174,
            "transform_matrix": [
                [
                    -0.8195531964302063,
                    0.02317619137465954,
                    0.5725342035293579,
                    2.3079590797424316
                ],
                [
                    0.5730031132698059,
                    0.03314837068319321,
                    0.8188825249671936,
                    3.301021099090576
                ],
                [
                    3.725290298461914e-09,
                    0.9991816878318787,
                    -0.04044688120484352,
                    -0.16304659843444824
                ],
                [
                    0.0,
                    0.0,
                    0.0,
                    1.0
                ]
            ]
        },
        {
            "file_path": "/data/shapenet_blender/all_50_random/02958343/4b1227b5dbf1cad92e877e82c90c24d/r_2",
            "rotation": 0.12566370614359174,
            "transform_matrix": [
                [
                    -0.1207607090473175,
                    0.9146611094474792,
                    0.38576143980026245,
                    1.5550540685653687
                ],
                [
                    0.9926816821098328,
                    0.11126942187547684,
                    0.04692825675010681,
                    0.1891738474369049
                ],
                [
                    -3.725290742551124e-09,
                    0.3886052370071411,
                    -0.9214043021202087,
                    -3.714299440383911
                ],
                [
                    0.0,
                    0.0,
                    0.0,
                    1.0
                ]
            ]
        },
        {
            "file_path": "/data/shapenet_blender/all_50_random/02958343/4b1227b5dbf1cad92e877e82c90c24d/r_3",
            "rotation": 0.12566370614359174,
            "transform_matrix": [
                [
                    -0.23244625329971313,
                    -0.7038223743438721,
                    0.6712695360183716,
                    2.7059741020202637
                ],
                [
                    0.972609281539917,
                    -0.16820821166038513,
                    0.16042833030223846,
                    0.64670729637146
                ],
                [
                    0.0,
                    0.6901739239692688,
                    0.7236434817314148,
                    2.917100191116333
                ],
                [
                    0.0,
                    0.0,
                    0.0,
                    1.0
                ]
            ]
        },
        {
            "file_path": "/data/shapenet_blender/all_50_random/02958343/4b1227b5dbf1cad92e877e82c90c24d/r_4",
            "rotation": 0.12566370614359174,
            "transform_matrix": [
                [
                    -0.09197304397821426,
                    0.20657874643802643,
                    -0.9740976095199585,
                    -3.926712989807129
                ],
                [
                    -0.9957614541053772,
                    -0.019080553203821182,
                    0.08997208625078201,
                    0.3626890778541565
                ],
                [
                    0.0,
                    0.978243887424469,
                    0.20745804905891418,
                    0.8362901210784912
                ],
                [
                    0.0,
                    0.0,
                    0.0,
                    1.0
                ]
            ]
        },
        {
            "file_path": "/data/shapenet_blender/all_50_random/02958343/4b1227b5dbf1cad92e877e82c90c24d/r_5",
            "rotation": 0.12566370614359174,
            "transform_matrix": [
                [
                    -0.9927994012832642,
                    -0.10538104921579361,
                    0.05695872753858566,
                    0.229607954621315
                ],
                [
                    0.1197892501950264,
                    -0.8733859062194824,
                    0.47206732630729675,
                    1.9029639959335327
                ],
                [
                    0.0,
                    0.47549107670783997,
                    0.8797205686569214,
                    3.546266555786133
                ],
                [
                    0.0,
                    0.0,
                    0.0,
                    1.0
                ]
            ]
        },
        {
            "file_path": "/data/shapenet_blender/all_50_random/02958343/4b1227b5dbf1cad92e877e82c90c24d/r_6",
            "rotation": 0.12566370614359174,
            "transform_matrix": [
                [
                    0.5982412099838257,
                    0.424248069524765,
                    -0.6797948479652405,
                    -2.7403407096862793
                ],
                [
                    -0.8013160824775696,
                    0.316732257604599,
                    -0.5075166821479797,
                    -2.045865297317505
                ],
                [
                    -1.4901161193847656e-08,
                    0.8483479619026184,
                    0.5294390320777893,
                    2.134237051010132
                ],
                [
                    0.0,
                    0.0,
                    0.0,
                    1.0
                ]
            ]
        },
        {
            "file_path": "/data/shapenet_blender/all_50_random/02958343/4b1227b5dbf1cad92e877e82c90c24d/r_7",
            "rotation": 0.12566370614359174,
            "transform_matrix": [
                [
                    0.3662557601928711,
                    0.20997926592826843,
                    0.9065127968788147,
                    3.6542699337005615
                ],
                [
                    0.9305142760276794,
                    -0.08264903724193573,
                    -0.3568086326122284,
                    -1.4383416175842285
                ],
                [
                    0.0,
                    0.9742063283920288,
                    -0.2256593555212021,
                    -0.9096619486808777
                ],
                [
                    0.0,
                    0.0,
                    0.0,
                    1.0
                ]
            ]
        },
        {
            "file_path": "/data/shapenet_blender/all_50_random/02958343/4b1227b5dbf1cad92e877e82c90c24d/r_8",
            "rotation": 0.12566370614359174,
            "transform_matrix": [
                [
                    -0.10365267843008041,
                    -0.4522366523742676,
                    -0.8858545422554016,
                    -3.570993423461914
                ],
                [
                    -0.9946134686470032,
                    0.04712940752506256,
                    0.09231847524642944,
                    0.3721476197242737
                ],
                [
                    3.7252896323280993e-09,
                    0.8906519412994385,
                    -0.4546858072280884,
                    -1.8328969478607178
                ],
                [
                    0.0,
                    0.0,
                    0.0,
                    1.0
                ]
            ]
        },
        {
            "file_path": "/data/shapenet_blender/all_50_random/02958343/4b1227b5dbf1cad92e877e82c90c24d/r_9",
            "rotation": 0.12566370614359174,
            "transform_matrix": [
                [
                    0.2852246165275574,
                    0.09197260439395905,
                    0.9540377259254456,
                    3.84584903717041
                ],
                [
                    0.9584607481956482,
                    -0.027369771152734756,
                    -0.2839083969593048,
                    -1.1444714069366455
                ],
                [
                    0.0,
                    0.9953852295875549,
                    -0.0959586650133133,
                    -0.3868217468261719
                ],
                [
                    0.0,
                    0.0,
                    0.0,
                    1.0
                ]
            ]
        },
        {
            "file_path": "/data/shapenet_blender/all_50_random/02958343/4b1227b5dbf1cad92e877e82c90c24d/r_10",
            "rotation": 0.12566370614359174,
            "transform_matrix": [
                [
                    0.7535068988800049,
                    -0.40788525342941284,
                    0.515613317489624,
                    2.0785038471221924
                ],
                [
                    0.6574401259422302,
                    0.4674864411354065,
                    -0.5909559726715088,
                    -2.3822197914123535
                ],
                [
                    -1.4901162970204496e-08,
                    0.7842742800712585,
                    0.6204142570495605,
                    2.500969886779785
                ],
                [
                    0.0,
                    0.0,
                    0.0,
                    1.0
                ]
            ]
        },
        {
            "file_path": "/data/shapenet_blender/all_50_random/02958343/4b1227b5dbf1cad92e877e82c90c24d/r_11",
            "rotation": 0.12566370614359174,
            "transform_matrix": [
                [
                    0.16175460815429688,
                    -0.30638083815574646,
                    -0.9380651116371155,
                    -3.781461477279663
                ],
                [
                    -0.9868309497833252,
                    -0.05021986365318298,
                    -0.15376125276088715,
                    -0.6198314428329468
                ],
                [
                    0.0,
                    0.9505833387374878,
                    -0.310469388961792,
                    -1.251542091369629
                ],
                [
                    0.0,
                    0.0,
                    0.0,
                    1.0
                ]
            ]
        },
        {
            "file_path": "/data/shapenet_blender/all_50_random/02958343/4b1227b5dbf1cad92e877e82c90c24d/r_12",
            "rotation": 0.12566370614359174,
            "transform_matrix": [
                [
                    0.9635413289070129,
                    0.05783005803823471,
                    0.2612350881099701,
                    1.0530723333358765
                ],
                [
                    0.2675594687461853,
                    -0.20825891196727753,
                    -0.9407657384872437,
                    -3.7923479080200195
                ],
                [
                    -3.725290298461914e-09,
                    0.9763624668121338,
                    -0.2161390781402588,
                    -0.8712844848632812
                ],
                [
                    0.0,
                    0.0,
                    0.0,
                    1.0
                ]
            ]
        },
        {
            "file_path": "/data/shapenet_blender/all_50_random/02958343/4b1227b5dbf1cad92e877e82c90c24d/r_13",
            "rotation": 0.12566370614359174,
            "transform_matrix": [
                [
                    -0.7841334939002991,
                    -0.4472233057022095,
                    -0.4302626848220825,
                    -1.7344443798065186
                ],
                [
                    -0.6205922365188599,
                    0.5650776624679565,
                    0.5436474680900574,
                    2.1915130615234375
                ],
                [
                    1.4901161193847656e-08,
                    0.6933099031448364,
                    -0.7206395864486694,
                    -2.9049911499023438
                ],
                [
                    0.0,
                    0.0,
                    0.0,
                    1.0
                ]
            ]
        },
        {
            "file_path": "/data/shapenet_blender/all_50_random/02958343/4b1227b5dbf1cad92e877e82c90c24d/r_14",
            "rotation": 0.12566370614359174,
            "transform_matrix": [
                [
                    -0.311614453792572,
                    -0.7643327116966248,
                    -0.5645280480384827,
                    -2.2756853103637695
                ],
                [
                    -0.9502086043357849,
                    0.25065770745277405,
                    0.18513312935829163,
                    0.7462955117225647
                ],
                [
                    0.0,
                    0.5941095948219299,
                    -0.8043841123580933,
                    -3.2425761222839355
                ],
                [
                    0.0,
                    0.0,
                    0.0,
                    1.0
                ]
            ]
        },
        {
            "file_path": "/data/shapenet_blender/all_50_random/02958343/4b1227b5dbf1cad92e877e82c90c24d/r_15",
            "rotation": 0.12566370614359174,
            "transform_matrix": [
                [
                    -0.9280694127082825,
                    -0.3015338182449341,
                    -0.2185509204864502,
                    -0.8810069561004639
                ],
                [
                    -0.3724071979522705,
                    0.7514470815658569,
                    0.5446468591690063,
                    2.1955416202545166
                ],
                [
                    0.0,
                    0.586859941482544,
                    -0.8096884489059448,
                    -3.26395845413208
                ],
                [
                    0.0,
                    0.0,
                    0.0,
                    1.0
                ]
            ]
        },
        {
            "file_path": "/data/shapenet_blender/all_50_random/02958343/4b1227b5dbf1cad92e877e82c90c24d/r_16",
            "rotation": 0.12566370614359174,
            "transform_matrix": [
                [
                    -0.09537623822689056,
                    -0.5550754070281982,
                    -0.8263137340545654,
                    -3.330977439880371
                ],
                [
                    -0.9954413771629333,
                    0.05318345129489899,
                    0.07917160540819168,
                    0.31915098428726196
                ],
                [
                    0.0,
                    0.8300979137420654,
                    -0.5576174855232239,
                    -2.247828245162964
                ],
                [
                    0.0,
                    0.0,
                    0.0,
                    1.0
                ]
            ]
        },
        {
            "file_path": "/data/shapenet_blender/all_50_random/02958343/4b1227b5dbf1cad92e877e82c90c24d/r_17",
            "rotation": 0.12566370614359174,
            "transform_matrix": [
                [
                    -0.9332699179649353,
                    -0.05102026090025902,
                    -0.3555338680744171,
                    -1.433202862739563
                ],
                [
                    -0.35917603969573975,
                    0.13256917893886566,
                    0.9238062500953674,
                    3.723982095718384
                ],
                [
                    0.0,
                    0.9898597002029419,
                    -0.14204809069633484,
                    -0.5726141929626465
                ],
                [
                    0.0,
                    0.0,
                    0.0,
                    1.0
                ]
            ]
        },
        {
            "file_path": "/data/shapenet_blender/all_50_random/02958343/4b1227b5dbf1cad92e877e82c90c24d/r_18",
            "rotation": 0.12566370614359174,
            "transform_matrix": [
                [
                    -0.2163536548614502,
                    -0.8179202079772949,
                    -0.5331017971038818,
                    -2.1490023136138916
                ],
                [
                    -0.9763151407241821,
                    0.18125295639038086,
                    0.11813656985759735,
                    0.47622376680374146
                ],
                [
                    -7.450581485102248e-09,
                    0.546034574508667,
                    -0.8377625346183777,
                    -3.377129077911377
                ],
                [
                    0.0,
                    0.0,
                    0.0,
                    1.0
                ]
            ]
        },
        {
            "file_path": "/data/shapenet_blender/all_50_random/02958343/4b1227b5dbf1cad92e877e82c90c24d/r_19",
            "rotation": 0.12566370614359174,
            "transform_matrix": [
                [
                    0.8085135817527771,
                    -0.2568838894367218,
                    -0.5294491648674011,
                    -2.134277582168579
                ],
                [
                    -0.5884774923324585,
                    -0.35293471813201904,
                    -0.7274141907691956,
                    -2.932300090789795
                ],
                [
                    0.0,
                    0.8996931314468384,
                    -0.4365229606628418,
                    -1.759680151939392
                ],
                [
                    0.0,
                    0.0,
                    0.0,
                    1.0
                ]
            ]
        },
        {
            "file_path": "/data/shapenet_blender/all_50_random/02958343/4b1227b5dbf1cad92e877e82c90c24d/r_20",
            "rotation": 0.12566370614359174,
            "transform_matrix": [
                [
                    0.9259496331214905,
                    -0.146175354719162,
                    -0.3482097089290619,
                    -1.403678297996521
                ],
                [
                    -0.3776469826698303,
                    -0.3584061861038208,
                    -0.8537725806236267,
                    -3.4416675567626953
                ],
                [
                    -7.450580152834618e-09,
                    0.9220508933067322,
                    -0.3870687186717987,
                    -1.5603240728378296
                ],
                [
                    0.0,
                    0.0,
                    0.0,
                    1.0
                ]
            ]
        },
        {
            "file_path": "/data/shapenet_blender/all_50_random/02958343/4b1227b5dbf1cad92e877e82c90c24d/r_21",
            "rotation": 0.12566370614359174,
            "transform_matrix": [
                [
                    -0.24960368871688843,
                    -0.1348160058259964,
                    -0.9589173793792725,
                    -3.8655197620391846
                ],
                [
                    -0.9683480858802795,
                    0.03475049138069153,
                    0.24717281758785248,
                    0.9963855743408203
                ],
                [
                    -3.725290298461914e-09,
                    0.9902610778808594,
                    -0.139222651720047,
                    -0.5612245202064514
                ],
                [
                    0.0,
                    0.0,
                    0.0,
                    1.0
                ]
            ]
        },
        {
            "file_path": "/data/shapenet_blender/all_50_random/02958343/4b1227b5dbf1cad92e877e82c90c24d/r_22",
            "rotation": 0.12566370614359174,
            "transform_matrix": [
                [
                    0.8528329730033875,
                    -0.3613686263561249,
                    -0.37694641947746277,
                    -1.5195196866989136
                ],
                [
                    -0.5221837759017944,
                    -0.5901888608932495,
                    -0.6156306266784668,
                    -2.481686592102051
                ],
                [
                    1.4901160305669237e-08,
                    0.7218654751777649,
                    -0.6920333504676819,
                    -2.7896759510040283
                ],
                [
                    0.0,
                    0.0,
                    0.0,
                    1.0
                ]
            ]
        },
        {
            "file_path": "/data/shapenet_blender/all_50_random/02958343/4b1227b5dbf1cad92e877e82c90c24d/r_23",
            "rotation": 0.12566370614359174,
            "transform_matrix": [
                [
                    0.9987137317657471,
                    -0.041985947638750076,
                    0.028422916308045387,
                    0.11457642912864685
                ],
                [
                    0.05070188269019127,
                    0.8270292282104492,
                    -0.5598678588867188,
                    -2.256899356842041
                ],
                [
                    1.8626447051417472e-09,
                    0.5605887770652771,
                    0.8280943036079407,
                    3.3381545543670654
                ],
                [
                    0.0,
                    0.0,
                    0.0,
                    1.0
                ]
            ]
        },
        {
            "file_path": "/data/shapenet_blender/all_50_random/02958343/4b1227b5dbf1cad92e877e82c90c24d/r_24",
            "rotation": 0.12566370614359174,
            "transform_matrix": [
                [
                    0.9492375254631042,
                    0.037116821855306625,
                    0.312362939119339,
                    1.2591753005981445
                ],
                [
                    0.3145604729652405,
                    -0.1120060607790947,
                    -0.9426060914993286,
                    -3.799766778945923
                ],
                [
                    0.0,
                    0.9930140376091003,
                    -0.11799582839012146,
                    -0.4756563901901245
                ],
                [
                    0.0,
                    0.0,
                    0.0,
                    1.0
                ]
            ]
        },
        {
            "file_path": "/data/shapenet_blender/all_50_random/02958343/4b1227b5dbf1cad92e877e82c90c24d/r_25",
            "rotation": 0.12566370614359174,
            "transform_matrix": [
                [
                    -0.9214046001434326,
                    0.17559492588043213,
                    -0.34666967391967773,
                    -1.397470235824585
                ],
                [
                    -0.3886044919490814,
                    -0.41634616255760193,
                    0.8219746351242065,
                    3.313486099243164
                ],
                [
                    -1.4901160305669237e-08,
                    0.892088770866394,
                    0.4518601596355438,
                    1.8215067386627197
                ],
                [
                    0.0,
                    0.0,
                    0.0,
                    1.0
                ]
            ]
        },
        {
            "file_path": "/data/shapenet_blender/all_50_random/02958343/4b1227b5dbf1cad92e877e82c90c24d/r_26",
            "rotation": 0.12566370614359174,
            "transform_matrix": [
                [
                    0.05339750647544861,
                    0.760638952255249,
                    -0.6469752788543701,
                    -2.6080408096313477
                ],
                [
                    -0.9985734224319458,
                    0.04067424684762955,
                    -0.034596219658851624,
                    -0.13946181535720825
                ],
                [
                    0.0,
                    0.6478996276855469,
                    0.7617257237434387,
                    3.0706145763397217
                ],
                [
                    0.0,
                    0.0,
                    0.0,
                    1.0
                ]
            ]
        },
        {
            "file_path": "/data/shapenet_blender/all_50_random/02958343/4b1227b5dbf1cad92e877e82c90c24d/r_27",
            "rotation": 0.12566370614359174,
            "transform_matrix": [
                [
                    0.8913615942001343,
                    0.10366920381784439,
                    -0.4412791132926941,
                    -1.778853178024292
                ],
                [
                    -0.4532930552959442,
                    0.20385651290416718,
                    -0.8677371740341187,
                    -3.4979605674743652
                ],
                [
                    0.0,
                    0.9734963178634644,
                    0.2287023961544037,
                    0.921928882598877
                ],
                [
                    0.0,
                    0.0,
                    0.0,
                    1.0
                ]
            ]
        },
        {
            "file_path": "/data/shapenet_blender/all_50_random/02958343/4b1227b5dbf1cad92e877e82c90c24d/r_28",
            "rotation": 0.12566370614359174,
            "transform_matrix": [
                [
                    0.8496711850166321,
                    0.1986796110868454,
                    -0.4884520173072815,
                    -1.9690132141113281
                ],
                [
                    -0.5273129940032959,
                    0.3201368749141693,
                    -0.7870535850524902,
                    -3.1727147102355957
                ],
                [
                    1.4901161193847656e-08,
                    0.9263038039207458,
                    0.3767773509025574,
                    1.5188381671905518
                ],
                [
                    0.0,
                    0.0,
                    0.0,
                    1.0
                ]
            ]
        },
        {
            "file_path": "/data/shapenet_blender/all_50_random/02958343/4b1227b5dbf1cad92e877e82c90c24d/r_29",
            "rotation": 0.12566370614359174,
            "transform_matrix": [
                [
                    0.819104790687561,
                    -0.2993728220462799,
                    -0.48932939767837524,
                    -1.9725500345230103
                ],
                [
                    -0.5736439824104309,
                    -0.42747366428375244,
                    -0.698712170124054,
                    -2.816599130630493
                ],
                [
                    1.4901162970204496e-08,
                    0.8530194163322449,
                    -0.5218790769577026,
                    -2.103762149810791
                ],
                [
                    0.0,
                    0.0,
                    0.0,
                    1.0
                ]
            ]
        },
        {
            "file_path": "/data/shapenet_blender/all_50_random/02958343/4b1227b5dbf1cad92e877e82c90c24d/r_30",
            "rotation": 0.12566370614359174,
            "transform_matrix": [
                [
                    0.7105635404586792,
                    0.3486271798610687,
                    0.611194372177124,
                    2.463803291320801
                ],
                [
                    0.7036330103874207,
                    -0.352061003446579,
                    -0.6172143816947937,
                    -2.4880707263946533
                ],
                [
                    -1.4901161193847656e-08,
                    0.8686265349388123,
                    -0.49546733498573303,
                    -1.9972927570343018
                ],
                [
                    0.0,
                    0.0,
                    0.0,
                    1.0
                ]
            ]
        },
        {
            "file_path": "/data/shapenet_blender/all_50_random/02958343/4b1227b5dbf1cad92e877e82c90c24d/r_31",
            "rotation": 0.12566370614359174,
            "transform_matrix": [
                [
                    0.8139861822128296,
                    -0.16018831729888916,
                    -0.55836021900177,
                    -2.250822067260742
                ],
                [
                    -0.5808842182159424,
                    -0.22446998953819275,
                    -0.7824236154556274,
                    -3.154050588607788
                ],
                [
                    0.0,
                    0.9612246751785278,
                    -0.27576637268066406,
                    -1.111649751663208
                ],
                [
                    0.0,
                    0.0,
                    0.0,
                    1.0
                ]
            ]
        },
        {
            "file_path": "/data/shapenet_blender/all_50_random/02958343/4b1227b5dbf1cad92e877e82c90c24d/r_32",
            "rotation": 0.12566370614359174,
            "transform_matrix": [
                [
                    -0.648179829120636,
                    -0.420556902885437,
                    0.6348187327384949,
                    2.5590362548828125
                ],
                [
                    0.7614872455596924,
                    -0.35797908902168274,
                    0.5403592586517334,
                    2.178257942199707
                ],
                [
                    1.4901159417490817e-08,
                    0.833656370639801,
                    0.552283525466919,
                    2.2263259887695312
                ],
                [
                    0.0,
                    0.0,
                    0.0,
                    1.0
                ]
            ]
        },
        {
            "file_path": "/data/shapenet_blender/all_50_random/02958343/4b1227b5dbf1cad92e877e82c90c24d/r_33",
            "rotation": 0.12566370614359174,
            "transform_matrix": [
                [
                    0.9744579792022705,
                    -0.16527052223682404,
                    -0.15204371511936188,
                    -0.612907886505127
                ],
                [
                    -0.2245699167251587,
                    -0.7171449661254883,
                    -0.6597509980201721,
                    -2.659541606903076
                ],
                [
                    0.0,
                    0.6770442128181458,
                    -0.7359423041343689,
                    -2.9666786193847656
                ],
                [
                    0.0,
                    0.0,
                    0.0,
                    1.0
                ]
            ]
        },
        {
            "file_path": "/data/shapenet_blender/all_50_random/02958343/4b1227b5dbf1cad92e877e82c90c24d/r_34",
            "rotation": 0.12566370614359174,
            "transform_matrix": [
                [
                    -0.9995110630989075,
                    0.006258021108806133,
                    0.030632197856903076,
                    0.123482346534729
                ],
                [
                    0.031264904886484146,
                    0.2000633180141449,
                    0.9792839288711548,
                    3.947619915008545
                ],
                [
                    4.6566125955216364e-10,
                    0.9797629117965698,
                    -0.2001611739397049,
                    -0.8068755865097046
                ],
                [
                    0.0,
                    0.0,
                    0.0,
                    1.0
                ]
            ]
        },
        {
            "file_path": "/data/shapenet_blender/all_50_random/02958343/4b1227b5dbf1cad92e877e82c90c24d/r_35",
            "rotation": 0.12566370614359174,
            "transform_matrix": [
                [
                    0.9934539198875427,
                    0.013607149943709373,
                    0.1134202629327774,
                    0.4572117030620575
                ],
                [
                    0.1142335832118988,
                    -0.11833715438842773,
                    -0.9863807559013367,
                    -3.9762279987335205
                ],
                [
                    0.0,
                    0.9928802251815796,
                    -0.11911690980195999,
                    -0.48017561435699463
                ],
                [
                    0.0,
                    0.0,
                    0.0,
                    1.0
                ]
            ]
        },
        {
            "file_path": "/data/shapenet_blender/all_50_random/02958343/4b1227b5dbf1cad92e877e82c90c24d/r_36",
            "rotation": 0.12566370614359174,
            "transform_matrix": [
                [
                    -0.500311553478241,
                    0.5233832597732544,
                    -0.6897523403167725,
                    -2.7804806232452393
                ],
                [
                    -0.8658454418182373,
                    -0.30242660641670227,
                    0.39855968952178955,
                    1.6066454648971558
                ],
                [
                    0.0,
                    0.7966229319572449,
                    0.6044765114784241,
                    2.436722755432129
                ],
                [
                    0.0,
                    0.0,
                    0.0,
                    1.0
                ]
            ]
        },
        {
            "file_path": "/data/shapenet_blender/all_50_random/02958343/4b1227b5dbf1cad92e877e82c90c24d/r_37",
            "rotation": 0.12566370614359174,
            "transform_matrix": [
                [
                    -0.6938923001289368,
                    0.26555880904197693,
                    0.6693220138549805,
                    2.6981234550476074
                ],
                [
                    0.7200787663459778,
                    0.2559014856815338,
                    0.6449813842773438,
                    2.6000030040740967
                ],
                [
                    -1.4901161193847656e-08,
                    0.9295122027397156,
                    -0.3687913417816162,
                    -1.4866454601287842
                ],
                [
                    0.0,
                    0.0,
                    0.0,
                    1.0
                ]
            ]
        },
        {
            "file_path": "/data/shapenet_blender/all_50_random/02958343/4b1227b5dbf1cad92e877e82c90c24d/r_38",
            "rotation": 0.12566370614359174,
            "transform_matrix": [
                [
                    -0.5547991394996643,
                    0.807817280292511,
                    0.1990707516670227,
                    0.8024799227714539
                ],
                [
                    0.8319844603538513,
                    0.5386835932731628,
                    0.13274803757667542,
                    0.5351245403289795
                ],
                [
                    1.4901162970204496e-08,
                    0.23927225172519684,
                    -0.9709524512290955,
                    -3.914034843444824
                ],
                [
                    0.0,
                    0.0,
                    0.0,
                    1.0
                ]
            ]
        },
        {
            "file_path": "/data/shapenet_blender/all_50_random/02958343/4b1227b5dbf1cad92e877e82c90c24d/r_39",
            "rotation": 0.12566370614359174,
            "transform_matrix": [
                [
                    -0.9035964012145996,
                    -0.35762709379196167,
                    -0.23583151400089264,
                    -0.9506673216819763
                ],
                [
                    -0.4283849895000458,
                    0.7543460726737976,
                    0.4974415600299835,
                    2.005251169204712
                ],
                [
                    0.0,
                    0.550512969493866,
                    -0.8348264694213867,
                    -3.365293264389038
                ],
                [
                    0.0,
                    0.0,
                    0.0,
                    1.0
                ]
            ]
        },
        {
            "file_path": "/data/shapenet_blender/all_50_random/02958343/4b1227b5dbf1cad92e877e82c90c24d/r_40",
            "rotation": 0.12566370614359174,
            "transform_matrix": [
                [
                    0.6573544144630432,
                    0.006803297903388739,
                    -0.7535507678985596,
                    -3.037660598754883
                ],
                [
                    -0.7535814642906189,
                    0.005934564396739006,
                    -0.6573275923728943,
                    -2.6497724056243896
                ],
                [
                    0.0,
                    0.9999592304229736,
                    0.009027950465679169,
                    0.03639283776283264
                ],
                [
                    0.0,
                    0.0,
                    0.0,
                    1.0
                ]
            ]
        },
        {
            "file_path": "/data/shapenet_blender/all_50_random/02958343/4b1227b5dbf1cad92e877e82c90c24d/r_41",
            "rotation": 0.12566370614359174,
            "transform_matrix": [
                [
                    0.9762483239173889,
                    0.1632070392370224,
                    -0.14248700439929962,
                    -0.574383556842804
                ],
                [
                    -0.21665431559085846,
                    0.7354139685630798,
                    -0.6420491337776184,
                    -2.5881831645965576
                ],
                [
                    0.0,
