{
    "class": "02958343",
    "model": "932363431a35b189898b91227342b00c",
    "remove_doubles": true,
    "edge_split": true,
    "denoise": true,
    "camera_angle_x": 0.6911112070083618,
    "scale_factor": 2.3197711590493277,
    "hdri_file": "/data/IndoorHDRDataset2018/AG8A4576-6dd9515cff.exr",
    "center_offset": [
        0.0,
        0.0,
        -9.313225746154785e-10
    ],
    "lights": [],
    "frames": [
        {
            "file_path": "/data/shapenet_blender/all_50_random/02958343/932363431a35b189898b91227342b00c/r_0",
            "rotation": 0.12566370614359174,
            "transform_matrix": [
                [
                    -0.3232806324958801,
                    -0.5388126969337463,
                    0.7779271006584167,
                    3.1359243392944336
                ],
                [
                    0.9463031888008118,
                    -0.18407176434993744,
                    0.2657591700553894,
                    1.0713094472885132
                ],
                [
                    -1.4901161193847656e-08,
                    0.8220697045326233,
                    0.5693869590759277,
                    2.2952723503112793
                ],
                [
                    0.0,
                    0.0,
                    0.0,
                    1.0
                ]
            ]
        },
        {
            "file_path": "/data/shapenet_blender/all_50_random/02958343/932363431a35b189898b91227342b00c/r_1",
            "rotation": 0.12566370614359174,
            "transform_matrix": [
                [
                    0.8180789947509766,
                    0.26113009452819824,
                    -0.5124037861824036,
                    -2.065566062927246
                ],
                [
                    -0.5751057267189026,
                    0.37145352363586426,
                    -0.7288864850997925,
                    -2.9382357597351074
                ],
                [
                    0.0,
                    0.8909731507301331,
                    0.4540557563304901,
                    1.8303574323654175
                ],
                [
                    0.0,
                    0.0,
                    0.0,
                    1.0
                ]
            ]
        },
        {
            "file_path": "/data/shapenet_blender/all_50_random/02958343/932363431a35b189898b91227342b00c/r_2",
            "rotation": 0.12566370614359174,
            "transform_matrix": [
                [
                    -0.24114437401294708,
                    0.01106000505387783,
                    0.9704262018203735,
                    3.9119131565093994
                ],
                [
                    0.9704892635345459,
                    0.0027481582947075367,
                    0.24112869799137115,
                    0.9720208644866943
                ],
                [
                    -2.3283064365386963e-10,
                    0.9999350309371948,
                    -0.011396319605410099,
                    -0.045940034091472626
                ],
                [
                    0.0,
                    0.0,
                    0.0,
                    1.0
                ]
            ]
        },
        {
            "file_path": "/data/shapenet_blender/all_50_random/02958343/932363431a35b189898b91227342b00c/r_3",
            "rotation": 0.12566370614359174,
            "transform_matrix": [
                [
                    -0.8569648861885071,
                    0.3092512786388397,
                    -0.4122799336910248,
                    -1.6619536876678467
                ],
                [
                    -0.5153747200965881,
                    -0.5142229199409485,
                    0.6855389475822449,
                    2.763496160507202
                ],
                [
                    0.0,
                    0.7999615669250488,
                    0.60005122423172,
                    2.418884038925171
                ],
                [
                    0.0,
                    0.0,
                    0.0,
                    1.0
                ]
            ]
        },
        {
            "file_path": "/data/shapenet_blender/all_50_random/02958343/932363431a35b189898b91227342b00c/r_4",
            "rotation": 0.12566370614359174,
            "transform_matrix": [
                [
                    -0.9966843128204346,
                    0.0011408606078475714,
                    0.08135814219713211,
                    0.3279651701450348
                ],
                [
                    0.0813661441206932,
                    0.013974827714264393,
                    0.996586263179779,
                    4.017367839813232
                ],
                [
                    1.1641532182693481e-10,
                    0.9999017119407654,
                    -0.014021318405866623,
                    -0.05652174353599548
                ],
                [
                    0.0,
                    0.0,
                    0.0,
                    1.0
                ]
            ]
        },
        {
            "file_path": "/data/shapenet_blender/all_50_random/02958343/932363431a35b189898b91227342b00c/r_5",
            "rotation": 0.12566370614359174,
            "transform_matrix": [
                [
                    -0.07388870418071747,
                    -0.16983839869499207,
                    0.9826980233192444,
                    3.9613823890686035
                ],
                [
                    0.9972665309906006,
                    -0.012583536095917225,
                    0.07280930876731873,
                    0.29350370168685913
                ],
                [
                    9.313225746154785e-10,
                    0.9853914380073547,
                    0.17030394077301025,
                    0.6865171194076538
                ],
                [
                    0.0,
                    0.0,
                    0.0,
                    1.0
                ]
            ]
        },
        {
            "file_path": "/data/shapenet_blender/all_50_random/02958343/932363431a35b189898b91227342b00c/r_6",
            "rotation": 0.12566370614359174,
            "transform_matrix": [
                [
                    0.9918034076690674,
                    -0.0866314247250557,
                    0.0939212366938591,
                    0.3786086440086365
                ],
                [
                    0.12777405977249146,
                    0.6724475026130676,
                    -0.7290322184562683,
                    -2.9388232231140137
                ],
                [
                    0.0,
                    0.7350572943687439,
                    0.6780048608779907,
                    2.7331252098083496
                ],
                [
                    0.0,
                    0.0,
                    0.0,
                    1.0
                ]
            ]
        },
        {
            "file_path": "/data/shapenet_blender/all_50_random/02958343/932363431a35b189898b91227342b00c/r_7",
            "rotation": 0.12566370614359174,
            "transform_matrix": [
                [
                    -0.9960965514183044,
                    -0.07239942252635956,
                    -0.05049540102481842,
                    -0.2035534530878067
                ],
                [
                    -0.08826924860477448,
                    0.8170095086097717,
                    0.5698280930519104,
                    2.2970502376556396
                ],
                [
                    0.0,
                    0.5720610618591309,
                    -0.8202111124992371,
                    -3.3063764572143555
                ],
                [
                    0.0,
                    0.0,
                    0.0,
                    1.0
                ]
            ]
        },
        {
            "file_path": "/data/shapenet_blender/all_50_random/02958343/932363431a35b189898b91227342b00c/r_8",
            "rotation": 0.12566370614359174,
            "transform_matrix": [
                [
                    -0.3541658818721771,
                    -0.2557888329029083,
                    -0.8995212912559509,
                    -3.6260862350463867
                ],
                [
                    -0.9351825714111328,
                    0.09687057882547379,
                    0.3406604826450348,
                    1.3732463121414185
                ],
                [
                    0.0,
                    0.9618670344352722,
                    -0.27351754903793335,
                    -1.1025844812393188
                ],
                [
                    0.0,
                    0.0,
                    0.0,
                    1.0
                ]
            ]
        },
        {
            "file_path": "/data/shapenet_blender/all_50_random/02958343/932363431a35b189898b91227342b00c/r_9",
            "rotation": 0.12566370614359174,
            "transform_matrix": [
                [
                    0.9065347909927368,
                    -0.4209301173686981,
                    -0.03181874006986618,
                    -0.12826545536518097
                ],
                [
                    -0.4221310317516327,
                    -0.9039558172225952,
                    -0.06833137571811676,
                    -0.2754526138305664
                ],
                [
                    -1.8626450382086546e-09,
                    0.07537676393985748,
                    -0.9971550107002258,
                    -4.019660949707031
                ],
                [
                    0.0,
                    0.0,
                    0.0,
                    1.0
                ]
            ]
        },
        {
            "file_path": "/data/shapenet_blender/all_50_random/02958343/932363431a35b189898b91227342b00c/r_10",
            "rotation": 0.12566370614359174,
            "transform_matrix": [
                [
                    0.9881868362426758,
                    0.012295800261199474,
                    -0.15275989472866058,
                    -0.615794837474823
                ],
                [
                    -0.1532539427280426,
                    0.07928375899791718,
                    -0.9850012063980103,
                    -3.9706668853759766
                ],
                [
                    9.313225746154785e-10,
                    0.9967761635780334,
                    0.08023154735565186,
                    0.32342371344566345
                ],
                [
                    0.0,
                    0.0,
                    0.0,
                    1.0
                ]
            ]
        },
        {
            "file_path": "/data/shapenet_blender/all_50_random/02958343/932363431a35b189898b91227342b00c/r_11",
            "rotation": 0.12566370614359174,
            "transform_matrix": [
                [
                    0.14631108939647675,
                    -0.3953891694545746,
                    0.9067857265472412,
                    3.6553702354431152
                ],
                [
                    0.9892386794090271,
                    0.05847913399338722,
                    -0.13411608338356018,
                    -0.5406392216682434
                ],
                [
                    3.725290742551124e-09,
                    0.9166501760482788,
                    0.3996903896331787,
                    1.6112035512924194
                ],
                [
                    0.0,
                    0.0,
                    0.0,
                    1.0
                ]
            ]
        },
        {
            "file_path": "/data/shapenet_blender/all_50_random/02958343/932363431a35b189898b91227342b00c/r_12",
            "rotation": 0.12566370614359174,
            "transform_matrix": [
                [
                    -0.9968987703323364,
                    -0.03441604599356651,
                    0.07077060639858246,
                    0.28528541326522827
                ],
                [
                    0.07869525253772736,
                    -0.43597692251205444,
                    0.896510660648346,
                    3.6139495372772217
                ],
                [
                    0.0,
                    0.8992996215820312,
                    0.43733322620391846,
                    1.762946367263794
                ],
                [
                    0.0,
                    0.0,
                    0.0,
                    1.0
                ]
            ]
        },
        {
            "file_path": "/data/shapenet_blender/all_50_random/02958343/932363431a35b189898b91227342b00c/r_13",
            "rotation": 0.12566370614359174,
            "transform_matrix": [
                [
                    0.9781625270843506,
                    0.03589748218655586,
                    -0.20471830666065216,
                    -0.8252458572387695
                ],
                [
                    -0.20784182846546173,
                    0.16894373297691345,
                    -0.9634624123573303,
                    -3.883841037750244
                ],
                [
                    0.0,
                    0.984971821308136,
                    0.17271539568901062,
                    0.6962379813194275
                ],
                [
                    0.0,
                    0.0,
                    0.0,
                    1.0
                ]
            ]
        },
        {
            "file_path": "/data/shapenet_blender/all_50_random/02958343/932363431a35b189898b91227342b00c/r_14",
            "rotation": 0.12566370614359174,
            "transform_matrix": [
                [
                    -0.9828441739082336,
                    0.00041970895836129785,
                    0.1844375878572464,
                    0.7434917092323303
                ],
                [
                    0.1844380646944046,
                    0.0022365690674632788,
                    0.9828416109085083,
                    3.961961269378662
                ],
                [
                    0.0,
                    0.9999973773956299,
                    -0.002275609178468585,
                    -0.009173274040222168
                ],
                [
                    0.0,
                    0.0,
                    0.0,
                    1.0
                ]
            ]
        },
        {
            "file_path": "/data/shapenet_blender/all_50_random/02958343/932363431a35b189898b91227342b00c/r_15",
            "rotation": 0.12566370614359174,
            "transform_matrix": [
                [
                    -0.03999103605747223,
                    -0.24274130165576935,
                    0.9692662954330444,
                    3.9072377681732178
                ],
                [
                    0.9991999864578247,
                    -0.009715248830616474,
                    0.03879300132393837,
                    0.1563796103000641
                ],
                [
                    0.0,
                    0.9700422883033752,
                    0.2429356426000595,
                    0.9793049693107605
                ],
                [
                    0.0,
                    0.0,
                    0.0,
                    1.0
                ]
            ]
        },
        {
            "file_path": "/data/shapenet_blender/all_50_random/02958343/932363431a35b189898b91227342b00c/r_16",
            "rotation": 0.12566370614359174,
            "transform_matrix": [
                [
                    0.4968731105327606,
                    0.008824532851576805,
                    -0.8677783608436584,
                    -3.498126268386841
                ],
                [
                    -0.8678233027458191,
                    0.005052495747804642,
                    -0.49684739112854004,
                    -2.0028557777404785
                ],
                [
                    4.656612873077393e-10,
                    0.999948263168335,
                    0.010168584063649178,
                    0.04099087417125702
                ],
                [
                    0.0,
                    0.0,
                    0.0,
                    1.0
                ]
            ]
        },
        {
            "file_path": "/data/shapenet_blender/all_50_random/02958343/932363431a35b189898b91227342b00c/r_17",
            "rotation": 0.12566370614359174,
            "transform_matrix": [
                [
                    -0.13036994636058807,
                    -0.5621331930160522,
                    -0.8167067766189575,
                    -3.292250394821167
                ],
                [
                    -0.9914655089378357,
                    0.07391611486673355,
                    0.10739054530858994,
                    0.4329051375389099
                ],
                [
                    3.725290742551124e-09,
                    0.8237370252609253,
                    -0.566972017288208,
                    -2.2855372428894043
                ],
                [
                    0.0,
                    0.0,
                    0.0,
                    1.0
                ]
            ]
        },
        {
            "file_path": "/data/shapenet_blender/all_50_random/02958343/932363431a35b189898b91227342b00c/r_18",
            "rotation": 0.12566370614359174,
            "transform_matrix": [
                [
                    -0.8017630577087402,
                    0.1920521855354309,
                    0.5659434199333191,
                    2.28139066696167
                ],
                [
                    0.5976420044898987,
                    0.25764650106430054,
                    0.759238064289093,
                    3.0605862140655518
                ],
                [
                    -1.4901159417490817e-08,
                    0.9469605684280396,
                    -0.3213498890399933,
                    -1.2954026460647583
                ],
                [
                    0.0,
                    0.0,
                    0.0,
                    1.0
                ]
            ]
        },
        {
            "file_path": "/data/shapenet_blender/all_50_random/02958343/932363431a35b189898b91227342b00c/r_19",
            "rotation": 0.12566370614359174,
            "transform_matrix": [
                [
                    -0.3070608079433441,
                    0.028497986495494843,
                    0.9512631297111511,
                    3.8346641063690186
                ],
                [
                    0.9516898989677429,
                    0.009194817394018173,
                    0.3069230914115906,
                    1.2372465133666992
                ],
                [
                    0.0,
                    0.9995515942573547,
                    -0.029944611713290215,
                    -0.1207105815410614
                ],
                [
                    0.0,
                    0.0,
                    0.0,
                    1.0
                ]
            ]
        },
        {
            "file_path": "/data/shapenet_blender/all_50_random/02958343/932363431a35b189898b91227342b00c/r_20",
            "rotation": 0.12566370614359174,
            "transform_matrix": [
                [
                    0.7538244128227234,
                    -0.28608620166778564,
                    0.5915263891220093,
                    2.384519100189209
                ],
                [
                    0.6570759415626526,
                    0.3282097578048706,
                    -0.6786232590675354,
                    -2.7356178760528564
                ],
                [
                    2.9802322387695312e-08,
                    0.9002405405044556,
                    0.4353928864002228,
                    1.755124807357788
                ],
                [
                    0.0,
                    0.0,
                    0.0,
                    1.0
                ]
            ]
        },
        {
            "file_path": "/data/shapenet_blender/all_50_random/02958343/932363431a35b189898b91227342b00c/r_21",
            "rotation": 0.12566370614359174,
            "transform_matrix": [
                [
                    -0.9236069917678833,
                    -0.01567617431282997,
                    -0.3830202519893646,
                    -1.544004201889038
                ],
                [
                    -0.3833409547805786,
                    0.03776957467198372,
                    0.9228342771530151,
                    3.720064163208008
                ],
                [
                    9.313225746154785e-10,
                    0.9991635084152222,
                    -0.0408935621380806,
                    -0.1648472398519516
                ],
                [
                    0.0,
                    0.0,
                    0.0,
                    1.0
                ]
            ]
        },
        {
            "file_path": "/data/shapenet_blender/all_50_random/02958343/932363431a35b189898b91227342b00c/r_22",
            "rotation": 0.12566370614359174,
            "transform_matrix": [
                [
                    0.8444851040840149,
                    -0.06459635496139526,
                    0.5316693186759949,
                    2.1432275772094727
                ],
                [
                    0.5355790853500366,
                    0.10185360163450241,
                    -0.8383203148841858,
                    -3.3793773651123047
                ],
                [
                    0.0,
                    0.992699921131134,
                    0.120610311627388,
                    0.48619571328163147
                ],
                [
                    0.0,
                    0.0,
                    0.0,
                    1.0
                ]
            ]
        },
        {
            "file_path": "/data/shapenet_blender/all_50_random/02958343/932363431a35b189898b91227342b00c/r_23",
            "rotation": 0.12566370614359174,
            "transform_matrix": [
                [
                    0.4016779363155365,
                    -0.135154128074646,
                    0.9057527780532837,
                    3.6512062549591064
                ],
                [
                    0.9157810211181641,
                    0.05928102508187294,
                    -0.39727938175201416,
                    -1.6014844179153442
                ],
                [
                    -3.725290298461914e-09,
                    0.9890495538711548,
                    0.147583469748497,
                    0.594927966594696
                ],
                [
                    0.0,
                    0.0,
                    0.0,
                    1.0
                ]
            ]
        },
        {
            "file_path": "/data/shapenet_blender/all_50_random/02958343/932363431a35b189898b91227342b00c/r_24",
            "rotation": 0.12566370614359174,
            "transform_matrix": [
                [
                    -0.31665661931037903,
                    -0.3934982120990753,
                    -0.8630687594413757,
                    -3.4791414737701416
                ],
                [
                    -0.948540210723877,
                    0.13136376440525055,
                    0.2881231904029846,
                    1.1614617109298706
                ],
                [
                    0.0,
                    0.9098915457725525,
                    -0.4148460924625397,
                    -1.6722980737686157
                ],
                [
                    0.0,
                    0.0,
                    0.0,
                    1.0
                ]
            ]
        },
        {
            "file_path": "/data/shapenet_blender/all_50_random/02958343/932363431a35b189898b91227342b00c/r_25",
            "rotation": 0.12566370614359174,
            "transform_matrix": [
                [
                    0.013898289762437344,
                    -0.09530030190944672,
                    -0.9953515529632568,
                    -4.012390613555908
                ],
                [
                    -0.9999034404754639,
                    -0.0013246390735730529,
                    -0.013835020363330841,
                    -0.05577075481414795
                ],
                [
                    1.1641530794914701e-10,
                    0.9954476952552795,
                    -0.09530950337648392,
                    -0.3842049241065979
                ],
                [
                    0.0,
                    0.0,
                    0.0,
                    1.0
                ]
            ]
        },
        {
            "file_path": "/data/shapenet_blender/all_50_random/02958343/932363431a35b189898b91227342b00c/r_26",
            "rotation": 0.12566370614359174,
            "transform_matrix": [
                [
                    -0.755424976348877,
                    -0.436018705368042,
                    -0.48910194635391235,
                    -1.971632719039917
                ],
                [
                    -0.6552351117134094,
                    0.5026888847351074,
                    0.5638889670372009,
                    2.273108959197998
                ],
                [
                    -1.4901159417490817e-08,
                    0.7464525699615479,
                    -0.665438711643219,
                    -2.682468891143799
                ],
                [
                    0.0,
                    0.0,
                    0.0,
                    1.0
                ]
            ]
        },
        {
            "file_path": "/data/shapenet_blender/all_50_random/02958343/932363431a35b189898b91227342b00c/r_27",
            "rotation": 0.12566370614359174,
            "transform_matrix": [
                [
                    0.9973638653755188,
                    0.04522084444761276,
                    -0.05674969404935837,
                    -0.2287653386592865
                ],
                [
                    -0.07256343960762024,
                    0.6215476393699646,
                    -0.7800084352493286,
                    -3.1443145275115967
                ],
                [
                    0.0,
                    0.7820701599121094,
                    0.6231904625892639,
                    2.5121610164642334
                ],
                [
                    0.0,
                    0.0,
                    0.0,
                    1.0
                ]
            ]
        },
        {
            "file_path": "/data/shapenet_blender/all_50_random/02958343/932363431a35b189898b91227342b00c/r_28",
            "rotation": 0.12566370614359174,
            "transform_matrix": [
                [
                    0.6921030879020691,
                    -0.13987453281879425,
                    0.7081161141395569,
                    2.8545072078704834
                ],
                [
                    0.7217986583709717,
                    0.1341199278831482,
                    -0.6789833903312683,
                    -2.737069606781006
                ],
                [
                    7.4505797087454084e-09,
                    0.9810437560081482,
                    0.19378608465194702,
                    0.7811766862869263
                ],
                [
                    0.0,
                    0.0,
                    0.0,
                    1.0
                ]
            ]
        },
        {
            "file_path": "/data/shapenet_blender/all_50_random/02958343/932363431a35b189898b91227342b00c/r_29",
            "rotation": 0.12566370614359174,
            "transform_matrix": [
                [
                    -0.20681750774383545,
                    0.5516397953033447,
                    0.8080345988273621,
                    3.257291793823242
                ],
                [
                    0.9783796072006226,
                    0.11660992354154587,
                    0.17080865800380707,
                    0.6885517835617065
                ],
                [
                    7.450581485102248e-09,
                    0.8258906602859497,
                    -0.5638300776481628,
                    -2.272871971130371
                ],
                [
                    0.0,
                    0.0,
                    0.0,
                    1.0
                ]
            ]
        },
        {
            "file_path": "/data/shapenet_blender/all_50_random/02958343/932363431a35b189898b91227342b00c/r_30",
            "rotation": 0.12566370614359174,
            "transform_matrix": [
                [
                    0.47595566511154175,
                    -0.1114477887749672,
                    -0.8723791241645813,
                    -3.5166733264923096
                ],
                [
                    -0.8794693350791931,
                    -0.060313880443573,
                    -0.4721185564994812,
                    -1.9031710624694824
                ],
                [
                    -3.725290742551124e-09,
                    0.9919382333755493,
                    -0.12672162055969238,
                    -0.5108312368392944
                ],
                [
                    0.0,
                    0.0,
                    0.0,
                    1.0
                ]
            ]
        },
        {
            "file_path": "/data/shapenet_blender/all_50_random/02958343/932363431a35b189898b91227342b00c/r_31",
            "rotation": 0.12566370614359174,
            "transform_matrix": [
                [
                    0.29136037826538086,
                    0.6201568841934204,
                    -0.7283642292022705,
                    -2.9361300468444824
                ],
                [
                    -0.9566133618354797,
                    0.1888841986656189,
                    -0.22184143960475922,
                    -0.8942714333534241
                ],
                [
                    0.0,
                    0.7613987922668457,
                    0.6482837796211243,
                    2.6133155822753906
                ],
                [
                    0.0,
                    0.0,
                    0.0,
                    1.0
                ]
            ]
        },
        {
            "file_path": "/data/shapenet_blender/all_50_random/02958343/932363431a35b189898b91227342b00c/r_32",
            "rotation": 0.12566370614359174,
            "transform_matrix": [
                [
                    -0.5454501509666443,
                    -0.1217714175581932,
                    0.829250156879425,
                    3.3428142070770264
                ],
                [
                    0.8381432294845581,
                    -0.079246886074543,
                    0.5396627187728882,
                    2.175450086593628
                ],
                [
                    0.0,
                    0.9893895983695984,
                    0.14528711140155792,
                    0.585671067237854
                ],
                [
                    0.0,
                    0.0,
                    0.0,
                    1.0
                ]
            ]
        },
        {
            "file_path": "/data/shapenet_blender/all_50_random/02958343/932363431a35b189898b91227342b00c/r_33",
            "rotation": 0.12566370614359174,
            "transform_matrix": [
                [
                    0.012986901216208935,
                    -0.6217527985572815,
                    0.783105731010437,
                    3.1568005084991455
                ],
                [
                    0.9999156594276428,
                    0.008075322955846786,
                    -0.010170974768698215,
                    -0.04100051522254944
                ],
                [
                    0.0,
                    0.7831718921661377,
                    0.6218051314353943,
                    2.5065770149230957
                ],
                [
                    0.0,
                    0.0,
                    0.0,
                    1.0
                ]
            ]
        },
        {
            "file_path": "/data/shapenet_blender/all_50_random/02958343/932363431a35b189898b91227342b00c/r_34",
            "rotation": 0.12566370614359174,
            "transform_matrix": [
                [
                    0.5533084869384766,
                    -0.2924518585205078,
                    0.7799497246742249,
                    3.144078254699707
                ],
                [
                    0.8329764604568481,
                    0.19426248967647552,
                    -0.5180851817131042,
                    -2.088468313217163
                ],
                [
                    0.0,
                    0.9363408088684082,
                    0.35109254717826843,
                    1.415299415588379
                ],
                [
                    0.0,
                    0.0,
                    0.0,
                    1.0
                ]
            ]
        },
        {
            "file_path": "/data/shapenet_blender/all_50_random/02958343/932363431a35b189898b91227342b00c/r_35",
            "rotation": 0.12566370614359174,
            "transform_matrix": [
                [
                    0.8736883401870728,
                    -0.1270233690738678,
                    -0.4696101248264313,
                    -1.8930590152740479
                ],
                [
                    -0.48648595809936523,
                    -0.22812341153621674,
                    -0.8433807492256165,
                    -3.3997764587402344
                ],
                [
                    0.0,
                    0.9653107523918152,
                    -0.2611038386821747,
                    -1.05254328250885
                ],
                [
                    0.0,
                    0.0,
                    0.0,
                    1.0
                ]
            ]
        },
        {
            "file_path": "/data/shapenet_blender/all_50_random/02958343/932363431a35b189898b91227342b00c/r_36",
            "rotation": 0.12566370614359174,
            "transform_matrix": [
                [
                    0.7885072231292725,
                    -0.0044530099257826805,
                    0.6150094270706177,
                    2.479182243347168
                ],
                [
                    0.6150255799293518,
                    0.005709080491214991,
                    -0.7884865403175354,
                    -3.1784908771514893
                ],
                [
                    2.3283061589829401e-10,
                    0.9999738931655884,
                    0.007240364793688059,
                    0.02918684482574463
                ],
                [
                    0.0,
                    0.0,
                    0.0,
                    1.0
                ]
            ]
        },
        {
            "file_path": "/data/shapenet_blender/all_50_random/02958343/932363431a35b189898b91227342b00c/r_37",
            "rotation": 0.12566370614359174,
            "transform_matrix": [
                [
                    0.9954007863998413,
                    -0.008815235458314419,
                    0.0953909233212471,
                    0.3845331370830536
                ],
                [
                    0.09579737484455109,
                    0.09159637987613678,
                    -0.991177499294281,
                    -3.9955644607543945
                ],
                [
                    0.0,
                    0.9957571625709534,
                    0.09201958775520325,
                    0.3709428608417511
                ],
                [
                    0.0,
                    0.0,
                    0.0,
                    1.0
                ]
            ]
        },
        {
            "file_path": "/data/shapenet_blender/all_50_random/02958343/932363431a35b189898b91227342b00c/r_38",
            "rotation": 0.12566370614359174,
            "transform_matrix": [
                [
                    0.9931098818778992,
                    -0.0292007178068161,
                    -0.11349038034677505,
                    -0.4574943482875824
                ],
                [
                    -0.11718681454658508,
                    -0.24746403098106384,
                    -0.9617841243743896,
                    -3.8770759105682373
                ],
                [
                    0.0,
                    0.9684569239616394,
                    -0.24918091297149658,
                    -1.0044803619384766
                ],
                [
                    0.0,
                    0.0,
                    0.0,
                    1.0
                ]
            ]
        },
        {
            "file_path": "/data/shapenet_blender/all_50_random/02958343/932363431a35b189898b91227342b00c/r_39",
            "rotation": 0.12566370614359174,
            "transform_matrix": [
                [
                    0.999977707862854,
                    0.0006460974691435695,
                    0.006655626930296421,
                    0.026829689741134644
                ],
                [
                    0.0066869137808680534,
                    -0.09661901742219925,
                    -0.9952989816665649,
                    -4.012178421020508
                ],
                [
                    0.0,
                    0.9953212738037109,
                    -0.09662117809057236,
                    -0.3894924223423004
                ],
                [
                    0.0,
                    0.0,
                    0.0,
                    1.0
                ]
            ]
        },
        {
            "file_path": "/data/shapenet_blender/all_50_random/02958343/932363431a35b189898b91227342b00c/r_40",
            "rotation": 0.12566370614359174,
            "transform_matrix": [
                [
                    0.5518054962158203,
                    0.18332745134830475,
                    0.8135733604431152,
                    3.279618978500366
                ],
                [
                    0.833972692489624,
                    -0.12130025029182434,
                    -0.5383080840110779,
                    -2.1699893474578857
                ],
                [
                    0.0,
                    0.9755394458770752,
                    -0.21982426941394806,
                    -0.8861399292945862
                ],
                [
                    0.0,
                    0.0,
                    0.0,
                    1.0
                ]
            ]
        },
        {
            "file_path": "/data/shapenet_blender/all_50_random/02958343/932363431a35b189898b91227342b00c/r_41",
            "rotation": 0.12566370614359174,
            "transform_matrix": [
                [
                    -0.7838274240493774,
                    0.05233636870980263,
                    0.6187692880630493,
                    2.4943387508392334
                ],
                [
                    0.6209786534309387,
                    0.06606133282184601,
                    0.7810385823249817,
                    3.1484673023223877
                ],
                [
