{
    "class": "02958343",
    "model": "ef966d85be54c98ab002e5b0265e7e9d",
    "remove_doubles": true,
    "edge_split": true,
    "denoise": true,
    "camera_angle_x": 0.6911112070083618,
    "scale_factor": 2.2612898432300836,
    "hdri_file": "/data/IndoorHDRDataset2018/AG8A4148-4171cf00f1.exr",
    "center_offset": [
        0.0,
        0.0,
        -1.862645149230957e-09
    ],
    "lights": [],
    "frames": [
        {
            "file_path": "/data/shapenet_blender/all_50_random/02958343/ef966d85be54c98ab002e5b0265e7e9d/r_0",
            "rotation": 0.12566370614359174,
            "transform_matrix": [
                [
                    0.9638853073120117,
                    0.002604051260277629,
                    0.2663049101829529,
                    1.0735094547271729
                ],
                [
                    0.2663176357746124,
                    -0.009424861520528793,
                    -0.9638392329216003,
                    -3.8853602409362793
                ],
                [
                    0.0,
                    0.9999521374702454,
                    -0.009777991101145744,
                    -0.039416342973709106
                ],
                [
                    0.0,
                    0.0,
                    0.0,
                    1.0
                ]
            ]
        },
        {
            "file_path": "/data/shapenet_blender/all_50_random/02958343/ef966d85be54c98ab002e5b0265e7e9d/r_1",
            "rotation": 0.12566370614359174,
            "transform_matrix": [
                [
                    0.6717982888221741,
                    -0.3543228805065155,
                    -0.650493860244751,
                    -2.622224807739258
                ],
                [
                    -0.7407341599464417,
                    -0.32134810090065,
                    -0.5899561643600464,
                    -2.3781895637512207
                ],
                [
                    1.4901159417490817e-08,
                    0.8781747221946716,
                    -0.47834011912345886,
                    -1.928250789642334
                ],
                [
                    0.0,
                    0.0,
                    0.0,
                    1.0
                ]
            ]
        },
        {
            "file_path": "/data/shapenet_blender/all_50_random/02958343/ef966d85be54c98ab002e5b0265e7e9d/r_2",
            "rotation": 0.12566370614359174,
            "transform_matrix": [
                [
                    -0.4614846110343933,
                    -0.614448070526123,
                    0.6399104595184326,
                    2.579561710357666
                ],
                [
                    0.8871481418609619,
                    -0.31962907314300537,
                    0.3328742980957031,
                    1.3418593406677246
                ],
                [
                    1.4901160305669237e-08,
                    0.7213117480278015,
                    0.6926103830337524,
                    2.792001962661743
                ],
                [
                    0.0,
                    0.0,
                    0.0,
                    1.0
                ]
            ]
        },
        {
            "file_path": "/data/shapenet_blender/all_50_random/02958343/ef966d85be54c98ab002e5b0265e7e9d/r_3",
            "rotation": 0.12566370614359174,
            "transform_matrix": [
                [
                    -0.21585068106651306,
                    0.6276198029518127,
                    -0.7479985356330872,
                    -3.0152788162231445
                ],
                [
                    -0.9764264822006226,
                    -0.1387428194284439,
                    0.16535396873950958,
                    0.6665632128715515
                ],
                [
                    0.0,
                    0.7660573720932007,
                    0.6427721977233887,
                    2.591097831726074
                ],
                [
                    0.0,
                    0.0,
                    0.0,
                    1.0
                ]
            ]
        },
        {
            "file_path": "/data/shapenet_blender/all_50_random/02958343/ef966d85be54c98ab002e5b0265e7e9d/r_4",
            "rotation": 0.12566370614359174,
            "transform_matrix": [
                [
                    -0.6097214221954346,
                    0.3273143172264099,
                    -0.7218760848045349,
                    -2.90997576713562
                ],
                [
                    -0.7926157712936401,
                    -0.2517872452735901,
                    0.5553047060966492,
                    2.2385051250457764
                ],
                [
                    -1.4901161193847656e-08,
                    0.9107515811920166,
                    0.41295453906059265,
                    1.664673089981079
                ],
                [
                    0.0,
                    0.0,
                    0.0,
                    1.0
                ]
            ]
        },
        {
            "file_path": "/data/shapenet_blender/all_50_random/02958343/ef966d85be54c98ab002e5b0265e7e9d/r_5",
            "rotation": 0.12566370614359174,
            "transform_matrix": [
                [
                    0.9999161958694458,
                    0.008157406933605671,
                    0.010056325234472752,
                    0.04053834080696106
                ],
                [
                    0.012948861345648766,
                    -0.6299182176589966,
                    -0.7765534520149231,
                    -3.1303870677948
                ],
                [
                    0.0,
                    0.776618480682373,
                    -0.6299710869789124,
                    -2.539494514465332
                ],
                [
                    0.0,
                    0.0,
                    0.0,
                    1.0
                ]
            ]
        },
        {
            "file_path": "/data/shapenet_blender/all_50_random/02958343/ef966d85be54c98ab002e5b0265e7e9d/r_6",
            "rotation": 0.12566370614359174,
            "transform_matrix": [
                [
                    -0.17934828996658325,
                    0.2613801658153534,
                    -0.9484273791313171,
                    -3.8232333660125732
                ],
                [
                    -0.9837856888771057,
                    -0.04765070974826813,
                    0.17290231585502625,
                    0.6969915628433228
                ],
                [
                    0.0,
                    0.9640589952468872,
                    0.26568812131881714,
                    1.0710232257843018
                ],
                [
                    0.0,
                    0.0,
                    0.0,
                    1.0
                ]
            ]
        },
        {
            "file_path": "/data/shapenet_blender/all_50_random/02958343/ef966d85be54c98ab002e5b0265e7e9d/r_7",
            "rotation": 0.12566370614359174,
            "transform_matrix": [
                [
                    0.17842696607112885,
                    0.6632626056671143,
                    0.7268056869506836,
                    2.9298477172851562
                ],
                [
                    0.9839531779289246,
                    -0.12027395516633987,
                    -0.13179665803909302,
                    -0.5312893986701965
                ],
                [
                    -7.450580152834618e-09,
                    0.7386589050292969,
                    -0.6740793585777283,
                    -2.7173011302948
                ],
                [
                    0.0,
                    0.0,
                    0.0,
                    1.0
                ]
            ]
        },
        {
            "file_path": "/data/shapenet_blender/all_50_random/02958343/ef966d85be54c98ab002e5b0265e7e9d/r_8",
            "rotation": 0.12566370614359174,
            "transform_matrix": [
                [
                    0.8145781755447388,
                    0.3433881998062134,
                    0.4674900472164154,
                    1.8845126628875732
                ],
                [
                    0.5800537467002869,
                    -0.4822251796722412,
                    -0.6565032601356506,
                    -2.646449327468872
                ],
                [
                    0.0,
                    0.8059426546096802,
                    -0.5919936895370483,
                    -2.3864028453826904
                ],
                [
                    0.0,
                    0.0,
                    0.0,
                    1.0
                ]
            ]
        },
        {
            "file_path": "/data/shapenet_blender/all_50_random/02958343/ef966d85be54c98ab002e5b0265e7e9d/r_9",
            "rotation": 0.12566370614359174,
            "transform_matrix": [
                [
                    0.7620475888252258,
                    -0.012635803781449795,
                    0.6473976969718933,
                    2.609743595123291
                ],
                [
                    0.6475209593772888,
                    0.014870691113173962,
                    -0.7619025707244873,
                    -3.0713274478912354
                ],
                [
                    0.0,
                    0.9998096227645874,
                    0.01951412297785282,
                    0.07866394519805908
                ],
                [
                    0.0,
                    0.0,
                    0.0,
                    1.0
                ]
            ]
        },
        {
            "file_path": "/data/shapenet_blender/all_50_random/02958343/ef966d85be54c98ab002e5b0265e7e9d/r_10",
            "rotation": 0.12566370614359174,
            "transform_matrix": [
                [
                    0.9381248354911804,
                    0.04118815436959267,
                    -0.34383922815322876,
                    -1.3860602378845215
                ],
                [
                    -0.34629738330841064,
                    0.11157932132482529,
                    -0.9314656257629395,
                    -3.7548580169677734
                ],
                [
                    -3.725290298461914e-09,
                    0.9929015040397644,
                    0.11893869191408157,
                    0.47945719957351685
                ],
                [
                    0.0,
                    0.0,
                    0.0,
                    1.0
                ]
            ]
        },
        {
            "file_path": "/data/shapenet_blender/all_50_random/02958343/ef966d85be54c98ab002e5b0265e7e9d/r_11",
            "rotation": 0.12566370614359174,
            "transform_matrix": [
                [
                    -0.23150193691253662,
                    0.3071146607398987,
                    0.9230858087539673,
                    3.7210779190063477
                ],
                [
                    0.9728344678878784,
                    0.07308297604322433,
                    0.21966344118118286,
                    0.885491669178009
                ],
                [
                    7.450580596923828e-09,
                    0.9488621950149536,
                    -0.3156905770301819,
                    -1.2725894451141357
                ],
                [
                    0.0,
                    0.0,
                    0.0,
                    1.0
                ]
            ]
        },
        {
            "file_path": "/data/shapenet_blender/all_50_random/02958343/ef966d85be54c98ab002e5b0265e7e9d/r_12",
            "rotation": 0.12566370614359174,
            "transform_matrix": [
                [
                    0.6347302794456482,
                    0.007813350297510624,
                    -0.7726943492889404,
                    -3.114830255508423
                ],
                [
                    -0.7727338671684265,
                    0.006417952943593264,
                    -0.6346977949142456,
                    -2.5585484504699707
                ],
                [
                    -4.656612873077393e-10,
                    0.9999489188194275,
                    0.0101113086566329,
                    0.04075998440384865
                ],
                [
                    0.0,
                    0.0,
                    0.0,
                    1.0
                ]
            ]
        },
        {
            "file_path": "/data/shapenet_blender/all_50_random/02958343/ef966d85be54c98ab002e5b0265e7e9d/r_13",
            "rotation": 0.12566370614359174,
            "transform_matrix": [
                [
                    -0.8148618936538696,
                    -0.3318028748035431,
                    -0.47529667615890503,
                    -1.9159821271896362
                ],
                [
                    -0.5796551704406738,
                    0.46643856167793274,
                    0.6681578755378723,
                    2.6934306621551514
                ],
                [
                    0.0,
                    0.8199646472930908,
                    -0.572414219379425,
                    -2.3074755668640137
                ],
                [
                    0.0,
                    0.0,
                    0.0,
                    1.0
                ]
            ]
        },
        {
            "file_path": "/data/shapenet_blender/all_50_random/02958343/ef966d85be54c98ab002e5b0265e7e9d/r_14",
            "rotation": 0.12566370614359174,
            "transform_matrix": [
                [
                    -0.9914026856422424,
                    0.06947528570890427,
                    0.11087779700756073,
                    0.4469626843929291
                ],
                [
                    0.13084609806537628,
                    0.5264045596122742,
                    0.8401055932044983,
                    3.3865740299224854
                ],
                [
                    -3.725290298461914e-09,
                    0.8473908305168152,
                    -0.5309695601463318,
                    -2.140406847000122
                ],
                [
                    0.0,
                    0.0,
                    0.0,
                    1.0
                ]
            ]
        },
        {
            "file_path": "/data/shapenet_blender/all_50_random/02958343/ef966d85be54c98ab002e5b0265e7e9d/r_15",
            "rotation": 0.12566370614359174,
            "transform_matrix": [
                [
                    -0.6396691799163818,
                    -0.20416578650474548,
                    0.741039514541626,
                    2.9872260093688965
                ],
                [
                    0.7686504125595093,
                    -0.16990633308887482,
                    0.6166914701461792,
                    2.4859631061553955
                ],
                [
                    0.0,
                    0.9640789031982422,
                    0.26561591029167175,
                    1.0707321166992188
                ],
                [
                    0.0,
                    0.0,
                    0.0,
                    1.0
                ]
            ]
        },
        {
            "file_path": "/data/shapenet_blender/all_50_random/02958343/ef966d85be54c98ab002e5b0265e7e9d/r_16",
            "rotation": 0.12566370614359174,
            "transform_matrix": [
                [
                    -0.36351078748703003,
                    -0.12313216179609299,
                    0.923416793346405,
                    3.722411632537842
                ],
                [
                    0.9315900206565857,
                    -0.048046741634607315,
                    0.3603215217590332,
                    1.4525023698806763
                ],
                [
                    0.0,
                    0.9912265539169312,
                    0.13217420876026154,
                    0.5328112244606018
                ],
                [
                    0.0,
                    0.0,
                    0.0,
                    1.0
                ]
            ]
        },
        {
            "file_path": "/data/shapenet_blender/all_50_random/02958343/ef966d85be54c98ab002e5b0265e7e9d/r_17",
            "rotation": 0.12566370614359174,
            "transform_matrix": [
                [
                    -0.7117561101913452,
                    -0.6980255246162415,
                    -0.07850851863622665,
                    -0.3164779543876648
                ],
                [
                    -0.7024267315864563,
                    0.7072964310646057,
                    0.07955123484134674,
                    0.32068127393722534
                ],
                [
                    3.725290298461914e-09,
                    0.11176768690347672,
                    -0.9937343597412109,
                    -4.005871295928955
                ],
                [
                    0.0,
                    0.0,
                    0.0,
                    1.0
                ]
            ]
        },
        {
            "file_path": "/data/shapenet_blender/all_50_random/02958343/ef966d85be54c98ab002e5b0265e7e9d/r_18",
            "rotation": 0.12566370614359174,
            "transform_matrix": [
                [
                    0.9999892115592957,
                    -0.0031089952681213617,
                    -0.003460011910647154,
                    -0.013947755098342896
                ],
                [
                    -0.004651616793125868,
                    -0.668361485004425,
                    -0.743821918964386,
                    -2.9984424114227295
                ],
                [
                    0.0,
                    0.7438300251960754,
                    -0.6683686971664429,
                    -2.6942806243896484
                ],
                [
                    0.0,
                    0.0,
                    0.0,
                    1.0
                ]
            ]
        },
        {
            "file_path": "/data/shapenet_blender/all_50_random/02958343/ef966d85be54c98ab002e5b0265e7e9d/r_19",
            "rotation": 0.12566370614359174,
            "transform_matrix": [
                [
                    -0.9999257922172546,
                    0.006447961553931236,
                    0.01034027710556984,
                    0.04168298840522766
                ],
                [
                    0.012185957282781601,
                    0.5290912389755249,
                    0.8484774231910706,
                    3.4203219413757324
                ],
                [
                    -4.656613428188905e-10,
                    0.8485404253005981,
                    -0.5291304588317871,
                    -2.132993221282959
                ],
                [
                    0.0,
                    0.0,
                    0.0,
                    1.0
                ]
            ]
        },
        {
            "file_path": "/data/shapenet_blender/all_50_random/02958343/ef966d85be54c98ab002e5b0265e7e9d/r_20",
            "rotation": 0.12566370614359174,
            "transform_matrix": [
                [
                    0.5146821737289429,
                    0.5786217451095581,
                    0.6326918005943298,
                    2.550462484359741
                ],
                [
                    0.8573811054229736,
                    -0.34734416007995605,
                    -0.3798021972179413,
                    -1.5310317277908325
                ],
                [
                    0.0,
                    0.7379353642463684,
                    -0.6748712062835693,
                    -2.7204930782318115
                ],
                [
                    0.0,
                    0.0,
                    0.0,
                    1.0
                ]
            ]
        },
        {
            "file_path": "/data/shapenet_blender/all_50_random/02958343/ef966d85be54c98ab002e5b0265e7e9d/r_21",
            "rotation": 0.12566370614359174,
            "transform_matrix": [
                [
                    -0.9062623381614685,
                    0.054966483265161514,
                    0.4191267490386963,
                    1.6895537376403809
                ],
                [
                    0.4227156341075897,
                    0.11784294247627258,
                    0.8985680937767029,
                    3.6222434043884277
                ],
                [
                    0.0,
                    0.9915097951889038,
                    -0.13003182411193848,
                    -0.5241749882698059
                ],
                [
                    0.0,
                    0.0,
                    0.0,
                    1.0
                ]
            ]
        },
        {
            "file_path": "/data/shapenet_blender/all_50_random/02958343/ef966d85be54c98ab002e5b0265e7e9d/r_22",
            "rotation": 0.12566370614359174,
            "transform_matrix": [
                [
                    0.19930097460746765,
                    0.29079297184944153,
                    -0.9357983469963074,
                    -3.7723238468170166
                ],
                [
                    -0.9799383878707886,
                    0.05914180353283882,
                    -0.19032372534275055,
                    -0.7672194838523865
                ],
                [
                    0.0,
                    0.9549564123153687,
                    0.296746164560318,
                    1.1962220668792725
                ],
                [
                    0.0,
                    0.0,
                    0.0,
                    1.0
                ]
            ]
        },
        {
            "file_path": "/data/shapenet_blender/all_50_random/02958343/ef966d85be54c98ab002e5b0265e7e9d/r_23",
            "rotation": 0.12566370614359174,
            "transform_matrix": [
                [
                    0.7199444770812988,
                    -0.3618858754634857,
                    0.5922149419784546,
                    2.3872947692871094
                ],
                [
                    0.6940316557884216,
                    0.3753974139690399,
                    -0.6143262386322021,
                    -2.476428270339966
                ],
                [
                    1.4901162970204496e-08,
                    0.8532965779304504,
                    0.5214256644248962,
                    2.1019341945648193
                ],
                [
                    0.0,
                    0.0,
                    0.0,
                    1.0
                ]
            ]
        },
        {
            "file_path": "/data/shapenet_blender/all_50_random/02958343/ef966d85be54c98ab002e5b0265e7e9d/r_24",
            "rotation": 0.12566370614359174,
            "transform_matrix": [
                [
                    0.9857961535453796,
                    -0.009411978535354137,
                    -0.16768226027488708,
                    -0.6759487390518188
                ],
                [
                    -0.16794617474079132,
                    -0.05524563044309616,
                    -0.9842470288276672,
                    -3.9676260948181152
                ],
                [
                    0.0,
                    0.9984284043312073,
                    -0.056041646748781204,
                    -0.22591108083724976
                ],
                [
                    0.0,
                    0.0,
                    0.0,
                    1.0
                ]
            ]
        },
        {
            "file_path": "/data/shapenet_blender/all_50_random/02958343/ef966d85be54c98ab002e5b0265e7e9d/r_25",
            "rotation": 0.12566370614359174,
            "transform_matrix": [
                [
                    -0.41498222947120667,
                    0.8326295614242554,
                    -0.3667665123939514,
                    -1.4784832000732422
                ],
                [
                    -0.9098296165466309,
                    -0.37977051734924316,
                    0.16728581488132477,
                    0.6743507385253906
                ],
                [
                    1.4901162970204496e-08,
                    0.4031156003475189,
                    0.9151489734649658,
                    3.6890838146209717
                ],
                [
                    0.0,
                    0.0,
                    0.0,
                    1.0
                ]
            ]
        },
        {
            "file_path": "/data/shapenet_blender/all_50_random/02958343/ef966d85be54c98ab002e5b0265e7e9d/r_26",
            "rotation": 0.12566370614359174,
            "transform_matrix": [
                [
                    -0.7140092253684998,
                    -0.42071235179901123,
                    -0.5596355199813843,
                    -2.255963087081909
                ],
                [
                    -0.7001363635063171,
                    0.4290485680103302,
                    0.5707244277000427,
                    2.300663948059082
                ],
                [
                    0.0,
                    0.7993234992027283,
                    -0.6009006500244141,
                    -2.4223082065582275
                ],
                [
                    0.0,
                    0.0,
                    0.0,
                    1.0
                ]
            ]
        },
        {
            "file_path": "/data/shapenet_blender/all_50_random/02958343/ef966d85be54c98ab002e5b0265e7e9d/r_27",
            "rotation": 0.12566370614359174,
            "transform_matrix": [
                [
                    -0.8598614931106567,
                    -0.20094802975654602,
                    0.4693167209625244,
                    1.891876220703125
                ],
                [
                    0.510527491569519,
                    -0.3384489119052887,
                    0.7904517650604248,
                    3.186413049697876
                ],
                [
                    1.4901161193847656e-08,
                    0.919278085231781,
                    0.3936086595058441,
                    1.5866872072219849
                ],
                [
                    0.0,
                    0.0,
                    0.0,
                    1.0
                ]
            ]
        },
        {
            "file_path": "/data/shapenet_blender/all_50_random/02958343/ef966d85be54c98ab002e5b0265e7e9d/r_28",
            "rotation": 0.12566370614359174,
            "transform_matrix": [
                [
                    0.9888933300971985,
                    -0.011494385078549385,
                    0.14818230271339417,
                    0.5973419547080994
                ],
                [
                    0.14862744510173798,
                    0.07647793740034103,
                    -0.9859315752983093,
                    -3.974417209625244
                ],
                [
                    0.0,
                    0.997005045413971,
                    0.07733690738677979,
                    0.3117550313472748
                ],
                [
                    0.0,
                    0.0,
                    0.0,
                    1.0
                ]
            ]
        },
        {
            "file_path": "/data/shapenet_blender/all_50_random/02958343/ef966d85be54c98ab002e5b0265e7e9d/r_29",
            "rotation": 0.12566370614359174,
            "transform_matrix": [
                [
                    -0.33848705887794495,
                    -0.12025035172700882,
                    -0.9332557320594788,
                    -3.7620744705200195
                ],
                [
                    -0.9409710764884949,
                    0.04325657710433006,
                    0.33571168780326843,
                    1.353297233581543
                ],
                [
                    0.0,
                    0.9918007254600525,
                    -0.12779387831687927,
                    -0.5151536464691162
                ],
                [
                    0.0,
                    0.0,
                    0.0,
                    1.0
                ]
            ]
        },
        {
            "file_path": "/data/shapenet_blender/all_50_random/02958343/ef966d85be54c98ab002e5b0265e7e9d/r_30",
            "rotation": 0.12566370614359174,
            "transform_matrix": [
                [
                    -0.022217972204089165,
                    0.6915217041969299,
                    0.7220138907432556,
                    2.9105310440063477
                ],
                [
                    0.9997532367706299,
                    0.015368003398180008,
                    0.016045644879341125,
                    0.06468206644058228
                ],
                [
                    0.0,
                    0.7221920490264893,
                    -0.6916924715042114,
                    -2.788301467895508
                ],
                [
                    0.0,
                    0.0,
                    0.0,
                    1.0
                ]
            ]
        },
        {
            "file_path": "/data/shapenet_blender/all_50_random/02958343/ef966d85be54c98ab002e5b0265e7e9d/r_31",
            "rotation": 0.12566370614359174,
            "transform_matrix": [
                [
                    0.9716880321502686,
                    -0.12048055976629257,
                    0.20324093103408813,
                    0.8192903995513916
                ],
                [
                    0.23626773059368134,
                    0.49549514055252075,
                    -0.8358601331710815,
                    -3.369459867477417
                ],
                [
                    0.0,
                    0.8602145314216614,
                    0.509932279586792,
                    2.055602788925171
                ],
                [
                    0.0,
                    0.0,
                    0.0,
                    1.0
                ]
            ]
        },
        {
            "file_path": "/data/shapenet_blender/all_50_random/02958343/ef966d85be54c98ab002e5b0265e7e9d/r_32",
            "rotation": 0.12566370614359174,
            "transform_matrix": [
                [
                    0.8030632734298706,
                    -0.3450792729854584,
                    0.4858083426952362,
                    1.9583561420440674
                ],
                [
                    0.5958938598632812,
                    0.46505007147789,
                    -0.6547052264213562,
                    -2.6392014026641846
                ],
                [
                    0.0,
                    0.8152599334716797,
                    0.5790951251983643,
                    2.334407329559326
                ],
                [
                    0.0,
                    0.0,
                    0.0,
                    1.0
                ]
            ]
        },
        {
            "file_path": "/data/shapenet_blender/all_50_random/02958343/ef966d85be54c98ab002e5b0265e7e9d/r_33",
            "rotation": 0.12566370614359174,
            "transform_matrix": [
                [
                    0.63185715675354,
                    -0.20555910468101501,
                    0.7473297715187073,
                    3.012583017349243
                ],
                [
                    0.7750847339630127,
                    0.16757391393184662,
                    -0.6092309951782227,
                    -2.4558889865875244
                ],
                [
                    0.0,
                    0.9641910195350647,
                    0.26520851254463196,
                    1.0690898895263672
                ],
                [
                    0.0,
                    0.0,
                    0.0,
                    1.0
                ]
            ]
        },
        {
            "file_path": "/data/shapenet_blender/all_50_random/02958343/ef966d85be54c98ab002e5b0265e7e9d/r_34",
            "rotation": 0.12566370614359174,
            "transform_matrix": [
                [
                    0.32311108708381653,
                    -0.20898732542991638,
                    -0.922996997833252,
                    -3.720720052719116
                ],
                [
                    -0.9463611245155334,
                    -0.07135343551635742,
                    -0.3151339888572693,
                    -1.2703458070755005
                ],
                [
                    0.0,
                    0.9753115773200989,
                    -0.22083258628845215,
                    -0.890204668045044
                ],
                [
                    0.0,
                    0.0,
                    0.0,
                    1.0
                ]
            ]
        },
        {
            "file_path": "/data/shapenet_blender/all_50_random/02958343/ef966d85be54c98ab002e5b0265e7e9d/r_35",
            "rotation": 0.12566370614359174,
            "transform_matrix": [
                [
                    -0.6924411654472351,
                    0.09646770358085632,
                    0.7149959206581116,
                    2.8822407722473145
                ],
                [
                    0.7214743494987488,
                    0.09258571267127991,
                    0.6862235069274902,
                    2.7662553787231445
                ],
                [
                    0.0,
                    0.9910206198692322,
                    -0.133709117770195,
                    -0.5389987230300903
                ],
                [
                    0.0,
                    0.0,
                    0.0,
                    1.0
                ]
            ]
        },
        {
            "file_path": "/data/shapenet_blender/all_50_random/02958343/ef966d85be54c98ab002e5b0265e7e9d/r_36",
            "rotation": 0.12566370614359174,
            "transform_matrix": [
                [
                    -0.5908572673797607,
                    0.41855987906455994,
                    0.6897066831588745,
                    2.7802963256835938
                ],
                [
                    0.8067759871482849,
                    0.30654004216194153,
                    0.5051193833351135,
                    2.036201000213623
                ],
                [
                    0.0,
                    0.8548923134803772,
                    -0.5188056230545044,
                    -2.091372013092041
                ],
                [
                    0.0,
                    0.0,
                    0.0,
                    1.0
                ]
            ]
        },
        {
            "file_path": "/data/shapenet_blender/all_50_random/02958343/ef966d85be54c98ab002e5b0265e7e9d/r_37",
            "rotation": 0.12566370614359174,
            "transform_matrix": [
                [
                    0.5637878179550171,
                    0.5972251892089844,
                    -0.5704957246780396,
                    -2.299741744995117
                ],
                [
                    -0.8259197473526001,
                    0.4076767861843109,
                    -0.3894307613372803,
                    -1.5698455572128296
                ],
                [
                    -1.4901161193847656e-08,
                    0.6907398700714111,
                    0.7231032848358154,
                    2.9149224758148193
                ],
                [
                    0.0,
                    0.0,
                    0.0,
                    1.0
                ]
            ]
        },
        {
            "file_path": "/data/shapenet_blender/all_50_random/02958343/ef966d85be54c98ab002e5b0265e7e9d/r_38",
            "rotation": 0.12566370614359174,
            "transform_matrix": [
                [
                    0.9948755502700806,
                    -0.07693186402320862,
                    0.06560559570789337,
                    0.2644646167755127
                ],
                [
                    0.1011069118976593,
                    0.7569970488548279,
                    -0.6455484628677368,
                    -2.6022891998291016
                ],
                [
                    7.450580596923828e-09,
                    0.648873507976532,
                    0.7608962059020996,
                    3.0672707557678223
                ],
                [
                    0.0,
                    0.0,
                    0.0,
                    1.0
                ]
            ]
        },
        {
            "file_path": "/data/shapenet_blender/all_50_random/02958343/ef966d85be54c98ab002e5b0265e7e9d/r_39",
            "rotation": 0.12566370614359174,
            "transform_matrix": [
                [
                    0.9990866184234619,
                    -0.001700346707366407,
                    -0.04269685596227646,
                    -0.17211654782295227
                ],
                [
                    -0.042730700224637985,
                    -0.03975580632686615,
                    -0.998295247554779,
                    -4.024257183074951
                ],
                [
                    0.0,
                    0.9992079138755798,
                    -0.039792150259017944,
                    -0.16040730476379395
                ],
                [
                    0.0,
                    0.0,
                    0.0,
                    1.0
                ]
            ]
        },
        {
            "file_path": "/data/shapenet_blender/all_50_random/02958343/ef966d85be54c98ab002e5b0265e7e9d/r_40",
            "rotation": 0.12566370614359174,
            "transform_matrix": [
                [
                    0.2176002413034439,
                    -0.05512738972902298,
                    -0.9744799137115479,
                    -3.9282538890838623
                ],
                [
                    -0.9760379195213318,
                    -0.012290233746170998,
                    -0.2172529101371765,
                    -0.8757744431495667
                ],
                [
                    0.0,
                    0.9984035491943359,
                    -0.05648079141974449,
                    -0.22768133878707886
                ],
                [
                    0.0,
                    0.0,
                    0.0,
                    1.0
                ]
            ]
        },
        {
            "file_path": "/data/shapenet_blender/all_50_random/02958343/ef966d85be54c98ab002e5b0265e7e9d/r_41",
            "rotation": 0.12566370614359174,
            "transform_matrix": [
                [
                    0.8584624528884888,
                    -0.2151610106229782,
                    -0.4655621647834778,
                    -1.8767411708831787
                ],
                [
                    -0.5128766298294067,
                    -0.36014050245285034,
                    -0.7792665958404541,
                    -3.141324043273926
                ],
                [
                    0.0,
                    0.9077468514442444,
