{
    "class": "02958343",
    "model": "886246c286351bc6cc010a80df5d3c87",
    "remove_doubles": true,
    "edge_split": true,
    "denoise": true,
    "camera_angle_x": 0.6911112070083618,
    "scale_factor": 2.393604391951418,
    "hdri_file": "/data/IndoorHDRDataset2018/9C4A1435-7514fab060.exr",
    "center_offset": [
        0.0,
        -3.725290298461914e-09,
        7.450580596923828e-09
    ],
    "lights": [],
    "frames": [
        {
            "file_path": "/data/shapenet_blender/all_50_random/02958343/886246c286351bc6cc010a80df5d3c87/r_0",
            "rotation": 0.12566370614359174,
            "transform_matrix": [
                [
                    0.677695095539093,
                    0.07992669194936752,
                    -0.7309862971305847,
                    -2.94670033454895
                ],
                [
                    -0.7353430390357971,
                    0.07366076111793518,
                    -0.6736798882484436,
                    -2.715690851211548
                ],
                [
                    3.725290298461914e-09,
                    0.994075357913971,
                    0.10869306325912476,
                    0.43815577030181885
                ],
                [
                    0.0,
                    0.0,
                    0.0,
                    1.0
                ]
            ]
        },
        {
            "file_path": "/data/shapenet_blender/all_50_random/02958343/886246c286351bc6cc010a80df5d3c87/r_1",
            "rotation": 0.12566370614359174,
            "transform_matrix": [
                [
                    -0.9343751668930054,
                    0.008397075347602367,
                    -0.3561919629573822,
                    -1.435855746269226
                ],
                [
                    -0.3562909662723541,
                    -0.022021379321813583,
                    0.9341155290603638,
                    3.76554012298584
                ],
                [
                    0.0,
                    0.9997222423553467,
                    0.023568028584122658,
                    0.09500576555728912
                ],
                [
                    0.0,
                    0.0,
                    0.0,
                    1.0
                ]
            ]
        },
        {
            "file_path": "/data/shapenet_blender/all_50_random/02958343/886246c286351bc6cc010a80df5d3c87/r_2",
            "rotation": 0.12566370614359174,
            "transform_matrix": [
                [
                    -0.8799432516098022,
                    0.08293230831623077,
                    -0.46778425574302673,
                    -1.8856987953186035
                ],
                [
                    -0.47507888078689575,
                    -0.15360760688781738,
                    0.8664321303367615,
                    3.4926998615264893
                ],
                [
                    0.0,
                    0.984645664691925,
                    0.17456533014774323,
                    0.7036954164505005
                ],
                [
                    0.0,
                    0.0,
                    0.0,
                    1.0
                ]
            ]
        },
        {
            "file_path": "/data/shapenet_blender/all_50_random/02958343/886246c286351bc6cc010a80df5d3c87/r_3",
            "rotation": 0.12566370614359174,
            "transform_matrix": [
                [
                    -0.7727274298667908,
                    0.4882410168647766,
                    0.4056018888950348,
                    1.6350336074829102
                ],
                [
                    0.6347378492355347,
                    0.5943827033042908,
                    0.49377816915512085,
                    1.9904836416244507
                ],
                [
                    0.0,
                    0.6390068531036377,
                    -0.7692009210586548,
                    -3.100748300552368
                ],
                [
                    0.0,
                    0.0,
                    0.0,
                    1.0
                ]
            ]
        },
        {
            "file_path": "/data/shapenet_blender/all_50_random/02958343/886246c286351bc6cc010a80df5d3c87/r_4",
            "rotation": 0.12566370614359174,
            "transform_matrix": [
                [
                    0.45390787720680237,
                    -0.10954343527555466,
                    0.8842894434928894,
                    3.5646848678588867
                ],
                [
                    0.8910485506057739,
                    0.055802375078201294,
                    -0.45046472549438477,
                    -1.815881371498108
                ],
                [
                    0.0,
                    0.9924144148826599,
                    0.1229376569390297,
                    0.49557754397392273
                ],
                [
                    0.0,
                    0.0,
                    0.0,
                    1.0
                ]
            ]
        },
        {
            "file_path": "/data/shapenet_blender/all_50_random/02958343/886246c286351bc6cc010a80df5d3c87/r_5",
            "rotation": 0.12566370614359174,
            "transform_matrix": [
                [
                    0.5836796164512634,
                    -0.8038732409477234,
                    -0.11448046565055847,
                    -0.46148550510406494
                ],
                [
                    -0.8119840621948242,
                    -0.577849268913269,
                    -0.08229214698076248,
                    -0.3317302465438843
                ],
                [
                    0.0,
                    0.14098866283893585,
                    -0.9900112152099609,
                    -3.9908628463745117
                ],
                [
                    0.0,
                    0.0,
                    0.0,
                    1.0
                ]
            ]
        },
        {
            "file_path": "/data/shapenet_blender/all_50_random/02958343/886246c286351bc6cc010a80df5d3c87/r_6",
            "rotation": 0.12566370614359174,
            "transform_matrix": [
                [
                    -0.23612207174301147,
                    0.8938814401626587,
                    0.3810802698135376,
                    1.5361837148666382
                ],
                [
                    0.9717234969139099,
                    0.21720696985721588,
                    0.09259985387325287,
                    0.37328195571899414
                ],
                [
                    0.0,
                    0.3921694755554199,
                    -0.9198929667472839,
                    -3.708207130432129
                ],
                [
                    0.0,
                    0.0,
                    0.0,
                    1.0
                ]
            ]
        },
        {
            "file_path": "/data/shapenet_blender/all_50_random/02958343/886246c286351bc6cc010a80df5d3c87/r_7",
            "rotation": 0.12566370614359174,
            "transform_matrix": [
                [
                    0.42211607098579407,
                    0.027744898572564125,
                    0.9061171412467957,
                    3.652674913406372
                ],
                [
                    0.9065417647361755,
                    -0.01291895005851984,
                    -0.4219183623790741,
                    -1.7008073329925537
                ],
                [
                    0.0,
                    0.9995315074920654,
                    -0.03060520812869072,
                    -0.12337353825569153
                ],
                [
                    0.0,
                    0.0,
                    0.0,
                    1.0
                ]
            ]
        },
        {
            "file_path": "/data/shapenet_blender/all_50_random/02958343/886246c286351bc6cc010a80df5d3c87/r_8",
            "rotation": 0.12566370614359174,
            "transform_matrix": [
                [
                    0.26715171337127686,
                    0.20168536901474,
                    -0.9423125982284546,
                    -3.7985832691192627
                ],
                [
                    -0.9636543393135071,
                    0.055912770330905914,
                    -0.26123514771461487,
                    -1.0530725717544556
                ],
                [
                    -3.7252894102834944e-09,
                    0.9778531789779663,
                    0.2092922031879425,
                    0.8436838388442993
                ],
                [
                    0.0,
                    0.0,
                    0.0,
                    1.0
                ]
            ]
        },
        {
            "file_path": "/data/shapenet_blender/all_50_random/02958343/886246c286351bc6cc010a80df5d3c87/r_9",
            "rotation": 0.12566370614359174,
            "transform_matrix": [
                [
                    -0.34398970007896423,
                    -0.47564178705215454,
                    -0.8095899820327759,
                    -3.263561487197876
                ],
                [
                    -0.9389733672142029,
                    0.1742497682571411,
                    0.29659056663513184,
                    1.1955947875976562
                ],
                [
                    0.0,
                    0.8622074723243713,
                    -0.5065551400184631,
                    -2.0419890880584717
                ],
                [
                    0.0,
                    0.0,
                    0.0,
                    1.0
                ]
            ]
        },
        {
            "file_path": "/data/shapenet_blender/all_50_random/02958343/886246c286351bc6cc010a80df5d3c87/r_10",
            "rotation": 0.12566370614359174,
            "transform_matrix": [
                [
                    -0.6936070322990417,
                    -0.10705448687076569,
                    0.7123542428016663,
                    2.871591806411743
                ],
                [
                    0.7203535437583923,
                    -0.10307958722114563,
                    0.6859047412872314,
                    2.764970302581787
                ],
                [
                    0.0,
                    0.9888952970504761,
                    0.1486137956380844,
                    0.5990813374519348
                ],
                [
                    0.0,
                    0.0,
                    0.0,
                    1.0
                ]
            ]
        },
        {
            "file_path": "/data/shapenet_blender/all_50_random/02958343/886246c286351bc6cc010a80df5d3c87/r_11",
            "rotation": 0.12566370614359174,
            "transform_matrix": [
                [
                    0.5176383852958679,
                    -0.14150391519069672,
                    0.8438170552253723,
                    3.4015352725982666
                ],
                [
                    0.855599582195282,
                    0.08560997992753983,
                    -0.5105099678039551,
                    -2.057931423187256
                ],
                [
                    0.0,
                    0.9862289428710938,
                    0.16538569331169128,
                    0.6666910648345947
                ],
                [
                    0.0,
                    0.0,
                    0.0,
                    1.0
                ]
            ]
        },
        {
            "file_path": "/data/shapenet_blender/all_50_random/02958343/886246c286351bc6cc010a80df5d3c87/r_12",
            "rotation": 0.12566370614359174,
            "transform_matrix": [
                [
                    -0.9115428328514099,
                    0.2812883257865906,
                    -0.2999441921710968,
                    -1.2091138362884521
                ],
                [
                    -0.4112051725387573,
                    -0.6235484480857849,
                    0.6649040579795837,
                    2.680314302444458
                ],
                [
                    0.0,
                    0.72942715883255,
                    0.6840583086013794,
                    2.7575275897979736
                ],
                [
                    0.0,
                    0.0,
                    0.0,
                    1.0
                ]
            ]
        },
        {
            "file_path": "/data/shapenet_blender/all_50_random/02958343/886246c286351bc6cc010a80df5d3c87/r_13",
            "rotation": 0.12566370614359174,
            "transform_matrix": [
                [
                    0.3715980350971222,
                    0.4430379271507263,
                    0.8158629536628723,
                    3.288848400115967
                ],
                [
                    0.9283936619758606,
                    -0.17732997238636017,
                    -0.32655659317970276,
                    -1.3163915872573853
                ],
                [
                    0.0,
                    0.8787897229194641,
                    -0.4772091507911682,
                    -1.9236913919448853
                ],
                [
                    0.0,
                    0.0,
                    0.0,
                    1.0
                ]
            ]
        },
        {
            "file_path": "/data/shapenet_blender/all_50_random/02958343/886246c286351bc6cc010a80df5d3c87/r_14",
            "rotation": 0.12566370614359174,
            "transform_matrix": [
                [
                    0.9558873176574707,
                    0.23162932693958282,
                    -0.1806303709745407,
                    -0.7281442880630493
                ],
                [
                    -0.2937336564064026,
                    0.7537832260131836,
                    -0.5878191590309143,
                    -2.369574785232544
                ],
                [
                    -1.4901161193847656e-08,
                    0.6149460673332214,
                    0.7885691523551941,
                    3.178823947906494
                ],
                [
                    0.0,
                    0.0,
                    0.0,
                    1.0
                ]
            ]
        },
        {
            "file_path": "/data/shapenet_blender/all_50_random/02958343/886246c286351bc6cc010a80df5d3c87/r_15",
            "rotation": 0.12566370614359174,
            "transform_matrix": [
                [
                    -0.48712608218193054,
                    0.05291524529457092,
                    0.8717271685600281,
                    3.5140445232391357
                ],
                [
                    0.8733317852020264,
                    0.029515009373426437,
                    0.4862310588359833,
                    1.9600601196289062
                ],
                [
                    0.0,
                    0.9981626868247986,
                    -0.06059009209275246,
                    -0.2442464679479599
                ],
                [
                    0.0,
                    0.0,
                    0.0,
                    1.0
                ]
            ]
        },
        {
            "file_path": "/data/shapenet_blender/all_50_random/02958343/886246c286351bc6cc010a80df5d3c87/r_16",
            "rotation": 0.12566370614359174,
            "transform_matrix": [
                [
                    0.7459939122200012,
                    0.17776960134506226,
                    0.6417874097824097,
                    2.587127685546875
                ],
                [
                    0.6659528613090515,
                    -0.19913578033447266,
                    -0.7189240455627441,
                    -2.898075580596924
                ],
                [
                    0.0,
                    0.9637131094932556,
                    -0.26694023609161377,
                    -1.0760705471038818
                ],
                [
                    0.0,
                    0.0,
                    0.0,
                    1.0
                ]
            ]
        },
        {
            "file_path": "/data/shapenet_blender/all_50_random/02958343/886246c286351bc6cc010a80df5d3c87/r_17",
            "rotation": 0.12566370614359174,
            "transform_matrix": [
                [
                    -0.5512199401855469,
                    0.3889094889163971,
                    0.7381774187088013,
                    2.9756882190704346
                ],
                [
                    0.8343597650527954,
                    0.2569330930709839,
                    0.4876770079135895,
                    1.9658887386322021
                ],
                [
                    0.0,
                    0.8847229480743408,
                    -0.4661172032356262,
                    -1.8789784908294678
                ],
                [
                    0.0,
                    0.0,
                    0.0,
                    1.0
                ]
            ]
        },
        {
            "file_path": "/data/shapenet_blender/all_50_random/02958343/886246c286351bc6cc010a80df5d3c87/r_18",
            "rotation": 0.12566370614359174,
            "transform_matrix": [
                [
                    -0.5568608045578003,
                    0.5818817019462585,
                    -0.5927221775054932,
                    -2.3893394470214844
                ],
                [
                    -0.8306058049201965,
                    -0.39010944962501526,
                    0.3973771929740906,
                    1.6018787622451782
                ],
                [
                    0.0,
                    0.7136022448539734,
                    0.7005510330200195,
                    2.8240115642547607
                ],
                [
                    0.0,
                    0.0,
                    0.0,
                    1.0
                ]
            ]
        },
        {
            "file_path": "/data/shapenet_blender/all_50_random/02958343/886246c286351bc6cc010a80df5d3c87/r_19",
            "rotation": 0.12566370614359174,
            "transform_matrix": [
                [
                    0.1599697768688202,
                    -0.08679711073637009,
                    -0.9832984805107117,
                    -3.9638030529022217
                ],
                [
                    -0.9871219992637634,
                    -0.014066056348383427,
                    -0.15935014188289642,
                    -0.6423609852790833
                ],
                [
                    0.0,
                    0.9961267113685608,
                    -0.08792947232723236,
                    -0.35445505380630493
                ],
                [
                    0.0,
                    0.0,
                    0.0,
                    1.0
                ]
            ]
        },
        {
            "file_path": "/data/shapenet_blender/all_50_random/02958343/886246c286351bc6cc010a80df5d3c87/r_20",
            "rotation": 0.12566370614359174,
            "transform_matrix": [
                [
                    -0.25985294580459595,
                    0.534925639629364,
                    -0.8039470911026001,
                    -3.240814447402954
                ],
                [
                    -0.9656482934951782,
                    -0.1439468115568161,
                    0.21633964776992798,
                    0.8720930218696594
                ],
                [
                    0.0,
                    0.832546591758728,
                    0.5539549589157104,
                    2.2330639362335205
                ],
                [
                    0.0,
                    0.0,
                    0.0,
                    1.0
                ]
            ]
        },
        {
            "file_path": "/data/shapenet_blender/all_50_random/02958343/886246c286351bc6cc010a80df5d3c87/r_21",
            "rotation": 0.12566370614359174,
            "transform_matrix": [
                [
                    0.0037599210627377033,
                    -0.10708289593458176,
                    -0.9942429661750793,
                    -4.0079216957092285
                ],
                [
                    -0.9999929666519165,
                    -0.0004026259994134307,
                    -0.003738301107659936,
                    -0.015069574117660522
                ],
                [
                    5.820766785236131e-11,
                    0.9942499399185181,
                    -0.10708364844322205,
                    -0.4316679835319519
                ],
                [
                    0.0,
                    0.0,
                    0.0,
                    1.0
                ]
            ]
        },
        {
            "file_path": "/data/shapenet_blender/all_50_random/02958343/886246c286351bc6cc010a80df5d3c87/r_22",
            "rotation": 0.12566370614359174,
            "transform_matrix": [
                [
                    -0.6743653416633606,
                    -0.11719685792922974,
                    0.7290379405021667,
                    2.9388458728790283
                ],
                [
                    0.7383978962898254,
                    -0.10703375935554504,
                    0.6658170819282532,
                    2.6839945316314697
                ],
                [
                    7.450580596923828e-09,
                    0.9873239994049072,
                    0.15871776640415192,
                    0.6398117542266846
                ],
                [
                    0.0,
                    0.0,
                    0.0,
                    1.0
                ]
            ]
        },
        {
            "file_path": "/data/shapenet_blender/all_50_random/02958343/886246c286351bc6cc010a80df5d3c87/r_23",
            "rotation": 0.12566370614359174,
            "transform_matrix": [
                [
                    -0.839987576007843,
                    -0.005983291659504175,
                    -0.5425727367401123,
                    -2.187180757522583
                ],
                [
                    -0.5426058173179626,
                    0.009262507781386375,
                    0.839936375617981,
                    3.385891914367676
                ],
                [
                    0.0,
                    0.9999391436576843,
                    -0.011026959866285324,
                    -0.044451095163822174
                ],
                [
                    0.0,
                    0.0,
                    0.0,
                    1.0
                ]
            ]
        },
        {
            "file_path": "/data/shapenet_blender/all_50_random/02958343/886246c286351bc6cc010a80df5d3c87/r_24",
            "rotation": 0.12566370614359174,
            "transform_matrix": [
                [
                    -0.9225239157676697,
                    -0.30453523993492126,
                    0.2370823472738266,
                    0.9557095766067505
                ],
                [
                    0.3859401047229767,
                    -0.7279394865036011,
                    0.5667048692703247,
                    2.2844605445861816
                ],
                [
                    -1.4901161193847656e-08,
                    0.614298403263092,
                    0.7890737652778625,
                    3.1808583736419678
                ],
                [
                    0.0,
                    0.0,
                    0.0,
                    1.0
                ]
            ]
        },
        {
            "file_path": "/data/shapenet_blender/all_50_random/02958343/886246c286351bc6cc010a80df5d3c87/r_25",
            "rotation": 0.12566370614359174,
            "transform_matrix": [
                [
                    -0.6814529895782471,
                    -0.6430713534355164,
                    -0.3494007885456085,
                    -1.4084796905517578
                ],
                [
                    -0.7318618297576904,
                    0.5987781882286072,
                    0.32533493638038635,
                    1.311467170715332
                ],
                [
                    0.0,
                    0.4774135649204254,
                    -0.8786786198616028,
                    -3.542067050933838
                ],
                [
                    0.0,
                    0.0,
                    0.0,
                    1.0
                ]
            ]
        },
        {
            "file_path": "/data/shapenet_blender/all_50_random/02958343/886246c286351bc6cc010a80df5d3c87/r_26",
            "rotation": 0.12566370614359174,
            "transform_matrix": [
                [
                    -0.774795413017273,
                    0.16552719473838806,
                    0.6101580262184143,
                    2.459625720977783
                ],
                [
                    0.6322120428085327,
                    0.20285870134830475,
                    0.7477675080299377,
                    3.0143473148345947
                ],
                [
                    -7.450580596923828e-09,
                    0.9651160836219788,
                    -0.26182225346565247,
                    -1.0554392337799072
                ],
                [
                    0.0,
                    0.0,
                    0.0,
                    1.0
                ]
            ]
        },
        {
            "file_path": "/data/shapenet_blender/all_50_random/02958343/886246c286351bc6cc010a80df5d3c87/r_27",
            "rotation": 0.12566370614359174,
            "transform_matrix": [
                [
                    -0.8755118250846863,
                    -0.13489283621311188,
                    0.4639860987663269,
                    1.8703877925872803
                ],
                [
                    0.483196884393692,
                    -0.24441438913345337,
                    0.8407034873962402,
                    3.388984203338623
                ],
                [
                    0.0,
                    0.9602424502372742,
                    0.27916744351387024,
                    1.1253600120544434
                ],
                [
                    0.0,
                    0.0,
                    0.0,
                    1.0
                ]
            ]
        },
        {
            "file_path": "/data/shapenet_blender/all_50_random/02958343/886246c286351bc6cc010a80df5d3c87/r_28",
            "rotation": 0.12566370614359174,
            "transform_matrix": [
                [
                    -0.9999560713768005,
                    0.0005733364378102124,
                    0.009356233291327953,
                    0.037716180086135864
                ],
                [
                    0.009373783133924007,
                    0.061161141842603683,
                    0.9980839490890503,
                    4.023404598236084
                ],
                [
                    0.0,
                    0.9981276988983154,
                    -0.06116383522748947,
                    -0.246559277176857
                ],
                [
                    0.0,
                    0.0,
                    0.0,
                    1.0
                ]
            ]
        },
        {
            "file_path": "/data/shapenet_blender/all_50_random/02958343/886246c286351bc6cc010a80df5d3c87/r_29",
            "rotation": 0.12566370614359174,
            "transform_matrix": [
                [
                    -0.8091292977333069,
                    0.4399561882019043,
                    -0.3895486891269684,
                    -1.570320963859558
                ],
                [
                    -0.5876305103302002,
                    -0.6057912707328796,
                    0.5363833904266357,
                    2.1622304916381836
                ],
                [
                    0.0,
                    0.6629142165184021,
                    0.7486953139305115,
                    3.018087387084961
                ],
                [
                    0.0,
                    0.0,
                    0.0,
                    1.0
                ]
            ]
        },
        {
            "file_path": "/data/shapenet_blender/all_50_random/02958343/886246c286351bc6cc010a80df5d3c87/r_30",
            "rotation": 0.12566370614359174,
            "transform_matrix": [
                [
                    0.7987712621688843,
                    0.27920979261398315,
                    -0.5329223871231079,
                    -2.1482791900634766
                ],
                [
                    -0.6016348004341125,
                    0.37069788575172424,
                    -0.7075439691543579,
                    -2.852201223373413
                ],
                [
                    0.0,
                    0.8857904672622681,
                    0.464085191488266,
                    1.8707873821258545
                ],
                [
                    0.0,
                    0.0,
                    0.0,
                    1.0
                ]
            ]
        },
        {
            "file_path": "/data/shapenet_blender/all_50_random/02958343/886246c286351bc6cc010a80df5d3c87/r_31",
            "rotation": 0.12566370614359174,
            "transform_matrix": [
                [
                    -0.23387448489665985,
                    0.1722397357225418,
                    0.9568887948989868,
                    3.857342004776001
                ],
                [
                    0.9722668528556824,
                    0.04143150523304939,
                    0.23017536103725433,
                    0.927866518497467
                ],
                [
                    3.725290298461914e-09,
                    0.9841833710670471,
                    -0.17715273797512054,
                    -0.7141255140304565
                ],
                [
                    0.0,
                    0.0,
                    0.0,
                    1.0
                ]
            ]
        },
        {
            "file_path": "/data/shapenet_blender/all_50_random/02958343/886246c286351bc6cc010a80df5d3c87/r_32",
            "rotation": 0.12566370614359174,
            "transform_matrix": [
                [
                    -0.913928747177124,
                    0.18433283269405365,
                    -0.36160165071487427,
                    -1.45766282081604
                ],
                [
                    -0.4058748185634613,
                    -0.4150715172290802,
                    0.8142366409301758,
                    3.2822928428649902
                ],
                [
                    0.0,
                    0.8909192681312561,
                    0.45416179299354553,
                    1.830784797668457
                ],
                [
                    0.0,
                    0.0,
                    0.0,
                    1.0
                ]
            ]
        },
        {
            "file_path": "/data/shapenet_blender/all_50_random/02958343/886246c286351bc6cc010a80df5d3c87/r_33",
            "rotation": 0.12566370614359174,
            "transform_matrix": [
                [
                    0.24560953676700592,
                    -0.044904425740242004,
                    0.9683282375335693,
                    3.903455972671509
                ],
                [
                    0.9693688750267029,
                    0.011377460323274136,
                    -0.24534587562084198,
                    -0.9890208840370178
                ],
                [
                    0.0,
                    0.9989265203475952,
                    0.04632336273789406,
                    0.18673545122146606
                ],
                [
                    0.0,
                    0.0,
                    0.0,
                    1.0
                ]
            ]
        },
        {
            "file_path": "/data/shapenet_blender/all_50_random/02958343/886246c286351bc6cc010a80df5d3c87/r_34",
            "rotation": 0.12566370614359174,
            "transform_matrix": [
                [
                    0.13996416330337524,
                    -0.23255547881126404,
                    -0.9624593257904053,
                    -3.8797976970672607
                ],
                [
                    -0.9901565313339233,
                    -0.032873015850782394,
                    -0.13604901731014252,
                    -0.5484311580657959
                ],
                [
                    3.725290076417309e-09,
                    0.9720274806022644,
                    -0.23486734926700592,
                    -0.9467805624008179
                ],
                [
                    0.0,
                    0.0,
                    0.0,
                    1.0
                ]
            ]
        },
        {
            "file_path": "/data/shapenet_blender/all_50_random/02958343/886246c286351bc6cc010a80df5d3c87/r_35",
            "rotation": 0.12566370614359174,
            "transform_matrix": [
                [
                    0.9765456914901733,
                    0.14685361087322235,
                    -0.1574568748474121,
                    -0.6347289681434631
                ],
                [
                    -0.21531060338020325,
                    0.6660575866699219,
                    -0.7141488790512085,
                    -2.878826141357422
                ],
                [
                    7.450580596923828e-09,
                    0.7313010096549988,
                    0.6820548176765442,
                    2.749450922012329
                ],
                [
                    0.0,
                    0.0,
                    0.0,
                    1.0
                ]
            ]
        },
        {
            "file_path": "/data/shapenet_blender/all_50_random/02958343/886246c286351bc6cc010a80df5d3c87/r_36",
            "rotation": 0.12566370614359174,
            "transform_matrix": [
                [
                    -0.9244970679283142,
                    0.006486900150775909,
                    -0.38113418221473694,
                    -1.5364010334014893
                ],
                [
                    -0.3811894357204437,
                    -0.015732651576399803,
                    0.9243630766868591,
                    3.726226806640625
                ],
                [
                    -4.656613428188905e-10,
                    0.9998551607131958,
                    0.017017526552081108,
                    0.06859984248876572
                ],
                [
                    0.0,
                    0.0,
                    0.0,
                    1.0
                ]
            ]
        },
        {
            "file_path": "/data/shapenet_blender/all_50_random/02958343/886246c286351bc6cc010a80df5d3c87/r_37",
            "rotation": 0.12566370614359174,
            "transform_matrix": [
                [
                    -0.8736422657966614,
                    0.14146573841571808,
                    0.46554985642433167,
                    1.8766915798187256
                ],
                [
                    0.4865688681602478,
                    0.25400403141975403,
                    0.8359022736549377,
                    3.3696300983428955
                ],
                [
                    -7.450580596923828e-09,
                    0.95680171251297,
                    -0.2907414138317108,
                    -1.1720162630081177
                ],
                [
                    0.0,
                    0.0,
                    0.0,
                    1.0
                ]
            ]
        },
        {
            "file_path": "/data/shapenet_blender/all_50_random/02958343/886246c286351bc6cc010a80df5d3c87/r_38",
            "rotation": 0.12566370614359174,
            "transform_matrix": [
                [
                    0.9661415219306946,
                    -0.07772307842969894,
                    0.24602805078029633,
                    0.9917709231376648
                ],
                [
                    0.258012980222702,
                    0.2910376489162445,
                    -0.9212633371353149,
                    -3.7137317657470703
                ],
                [
                    0.0,
                    0.9535491466522217,
                    0.3012370765209198,
                    1.2143256664276123
                ],
                [
                    0.0,
                    0.0,
                    0.0,
                    1.0
                ]
            ]
        },
        {
            "file_path": "/data/shapenet_blender/all_50_random/02958343/886246c286351bc6cc010a80df5d3c87/r_39",
            "rotation": 0.12566370614359174,
            "transform_matrix": [
                [
                    -0.7057726383209229,
                    0.6059295535087585,
                    -0.367061585187912,
                    -1.4796725511550903
                ],
                [
                    -0.7084383964538574,
                    -0.6036495566368103,
                    0.36568039655685425,
                    1.474104881286621
                ],
                [
                    0.0,
                    0.5181277394294739,
                    0.8553032279014587,
                    3.4478375911712646
                ],
                [
                    0.0,
                    0.0,
                    0.0,
                    1.0
                ]
            ]
        },
        {
            "file_path": "/data/shapenet_blender/all_50_random/02958343/886246c286351bc6cc010a80df5d3c87/r_40",
            "rotation": 0.12566370614359174,
            "transform_matrix": [
                [
                    -0.9905079007148743,
                    -0.08258891105651855,
                    -0.10987775027751923,
                    -0.4429313838481903
                ],
                [
                    -0.13745561242103577,
                    0.5951372981071472,
                    0.7917812466621399,
                    3.191772222518921
                ],
                [
                    -7.450580152834618e-09,
                    0.7993687987327576,
                    -0.6008405685424805,
                    -2.4220657348632812
                ],
                [
                    0.0,
                    0.0,
                    0.0,
                    1.0
                ]
            ]
        },
        {
            "file_path": "/data/shapenet_blender/all_50_random/02958343/886246c286351bc6cc010a80df5d3c87/r_41",
            "rotation": 0.12566370614359174,
            "transform_matrix": [
                [
                    0.9786831736564636,
                    0.06117667630314827,
                    -0.19605237245559692,
                    -0.7903124690055847
                ],
                [
                    -0.2053755521774292,
                    0.29152733087539673,
                    -0.9342551231384277,
                    -3.7661030292510986
                ],
                [
                    3.7252896323280993e-09,
                    0.9546043276786804,
                    0.29787707328796387,
