{
    "class": "02958343",
    "model": "f7362613dfd3772faa69dfdc5532bb13",
    "remove_doubles": true,
    "edge_split": true,
    "denoise": true,
    "camera_angle_x": 0.6911112070083618,
    "scale_factor": 2.232805691112471,
    "hdri_file": "/data/IndoorHDRDataset2018/AG8A4803-80ba755341.exr",
    "center_offset": [
        0.0,
        -1.3969838619232178e-09,
        -3.725290298461914e-09
    ],
    "lights": [],
    "frames": [
        {
            "file_path": "/data/shapenet_blender/all_50_random/02958343/f7362613dfd3772faa69dfdc5532bb13/r_0",
            "rotation": 0.12566370614359174,
            "transform_matrix": [
                [
                    -0.09829992055892944,
                    -0.5021383166313171,
                    0.8591822981834412,
                    3.4634745121002197
                ],
                [
                    0.9951568841934204,
                    -0.049600377678871155,
                    0.08486858010292053,
                    0.34211617708206177
                ],
                [
                    0.0,
                    0.8633636236190796,
                    0.5045821666717529,
                    2.0340356826782227
                ],
                [
                    0.0,
                    0.0,
                    0.0,
                    1.0
                ]
            ]
        },
        {
            "file_path": "/data/shapenet_blender/all_50_random/02958343/f7362613dfd3772faa69dfdc5532bb13/r_1",
            "rotation": 0.12566370614359174,
            "transform_matrix": [
                [
                    -0.9727251529693604,
                    -0.19141115248203278,
                    0.13102494180202484,
                    0.5281784534454346
                ],
                [
                    0.2319607138633728,
                    -0.8026809692382812,
                    0.5494519472122192,
                    2.214911699295044
                ],
                [
                    0.0,
                    0.5648583173751831,
                    0.8251878619194031,
                    3.3264384269714355
                ],
                [
                    0.0,
                    0.0,
                    0.0,
                    1.0
                ]
            ]
        },
        {
            "file_path": "/data/shapenet_blender/all_50_random/02958343/f7362613dfd3772faa69dfdc5532bb13/r_2",
            "rotation": 0.12566370614359174,
            "transform_matrix": [
                [
                    -0.848756730556488,
                    -0.038520392030477524,
                    0.5273785591125488,
                    2.1259310245513916
                ],
                [
                    0.5287835001945496,
                    -0.061829548329114914,
                    0.8465016484260559,
                    3.4123573303222656
                ],
                [
                    3.725290298461914e-09,
                    0.9973430633544922,
                    0.07284719496965408,
                    0.29365643858909607
                ],
                [
                    0.0,
                    0.0,
                    0.0,
                    1.0
                ]
            ]
        },
        {
            "file_path": "/data/shapenet_blender/all_50_random/02958343/f7362613dfd3772faa69dfdc5532bb13/r_3",
            "rotation": 0.12566370614359174,
            "transform_matrix": [
                [
                    0.9221872687339783,
                    -0.041046012192964554,
                    -0.38455915451049805,
                    -1.550207495689392
                ],
                [
                    -0.3867434561252594,
                    -0.09787395596504211,
                    -0.9169788360595703,
                    -3.6964597702026367
                ],
                [
                    -3.7252896323280993e-09,
                    0.9943519830703735,
                    -0.1061324030160904,
                    -0.4278333783149719
                ],
                [
                    0.0,
                    0.0,
                    0.0,
                    1.0
                ]
            ]
        },
        {
            "file_path": "/data/shapenet_blender/all_50_random/02958343/f7362613dfd3772faa69dfdc5532bb13/r_4",
            "rotation": 0.12566370614359174,
            "transform_matrix": [
                [
                    -0.6242097020149231,
                    0.06974909454584122,
                    -0.7781370282173157,
                    -3.136770725250244
                ],
                [
                    -0.781256914138794,
                    -0.055728230625391006,
                    0.6217170357704163,
                    2.5062215328216553
                ],
                [
                    0.0,
                    0.9960067272186279,
                    0.08927805721759796,
                    0.3598913550376892
                ],
                [
                    0.0,
                    0.0,
                    0.0,
                    1.0
                ]
            ]
        },
        {
            "file_path": "/data/shapenet_blender/all_50_random/02958343/f7362613dfd3772faa69dfdc5532bb13/r_5",
            "rotation": 0.12566370614359174,
            "transform_matrix": [
                [
                    0.1887073963880539,
                    -0.0018799594836309552,
                    -0.9820316433906555,
                    -3.958695650100708
                ],
                [
                    -0.9820333123207092,
                    -0.0003612527798395604,
                    -0.18870708346366882,
                    -0.7607024908065796
                ],
                [
                    0.0,
                    0.9999982118606567,
                    -0.0019143542740494013,
                    -0.0077170077711343765
                ],
                [
                    0.0,
                    0.0,
                    0.0,
                    1.0
                ]
            ]
        },
        {
            "file_path": "/data/shapenet_blender/all_50_random/02958343/f7362613dfd3772faa69dfdc5532bb13/r_6",
            "rotation": 0.12566370614359174,
            "transform_matrix": [
                [
                    -0.8188841342926025,
                    0.19265037775039673,
                    -0.5406613349914551,
                    -2.1794755458831787
                ],
                [
                    -0.5739589333534241,
                    -0.2748599648475647,
                    0.771377444267273,
                    3.1095218658447266
                ],
                [
                    0.0,
                    0.941986083984375,
                    0.33565187454223633,
                    1.3530559539794922
                ],
                [
                    0.0,
                    0.0,
                    0.0,
                    1.0
                ]
            ]
        },
        {
            "file_path": "/data/shapenet_blender/all_50_random/02958343/f7362613dfd3772faa69dfdc5532bb13/r_7",
            "rotation": 0.12566370614359174,
            "transform_matrix": [
                [
                    -0.054362908005714417,
                    0.8687782883644104,
                    0.4922083914279938,
                    1.984155535697937
                ],
                [
                    0.9985212087631226,
                    0.04729926213622093,
                    0.02679750882089138,
                    0.10802420973777771
                ],
                [
                    0.0,
                    0.49293723702430725,
                    -0.8700648546218872,
                    -3.5073435306549072
                ],
                [
                    0.0,
                    0.0,
                    0.0,
                    1.0
                ]
            ]
        },
        {
            "file_path": "/data/shapenet_blender/all_50_random/02958343/f7362613dfd3772faa69dfdc5532bb13/r_8",
            "rotation": 0.12566370614359174,
            "transform_matrix": [
                [
                    -0.4429911971092224,
                    0.33991673588752747,
                    -0.829587459564209,
                    -3.3441739082336426
                ],
                [
                    -0.8965259790420532,
                    -0.1679595708847046,
                    0.409915566444397,
                    1.652422547340393
                ],
                [
                    0.0,
                    0.9253356456756592,
                    0.37914881110191345,
                    1.528397798538208
                ],
                [
                    0.0,
                    0.0,
                    0.0,
                    1.0
                ]
            ]
        },
        {
            "file_path": "/data/shapenet_blender/all_50_random/02958343/f7362613dfd3772faa69dfdc5532bb13/r_9",
            "rotation": 0.12566370614359174,
            "transform_matrix": [
                [
                    0.47414422035217285,
                    0.6025117039680481,
                    0.6420022249221802,
                    2.587993860244751
                ],
                [
                    0.880447268486023,
                    -0.3244685232639313,
                    -0.34573522210121155,
                    -1.3937032222747803
                ],
                [
                    0.0,
                    0.7291773557662964,
                    -0.6843246817588806,
                    -2.758600950241089
                ],
                [
                    0.0,
                    0.0,
                    0.0,
                    1.0
                ]
            ]
        },
        {
            "file_path": "/data/shapenet_blender/all_50_random/02958343/f7362613dfd3772faa69dfdc5532bb13/r_10",
            "rotation": 0.12566370614359174,
            "transform_matrix": [
                [
                    -0.030110524967312813,
                    0.49235770106315613,
                    0.8698719143867493,
                    3.506566047668457
                ],
                [
                    0.9995466470718384,
                    0.014831872656941414,
                    0.026204179972410202,
                    0.10563243925571442
                ],
                [
                    0.0,
                    0.8702664971351624,
                    -0.4925810396671295,
                    -1.985657811164856
                ],
                [
                    0.0,
                    0.0,
                    0.0,
                    1.0
                ]
            ]
        },
        {
            "file_path": "/data/shapenet_blender/all_50_random/02958343/f7362613dfd3772faa69dfdc5532bb13/r_11",
            "rotation": 0.12566370614359174,
            "transform_matrix": [
                [
                    0.9684876799583435,
                    0.018299421295523643,
                    0.24838869273662567,
                    1.0012868642807007
                ],
                [
                    0.24906188249588013,
                    -0.07115806639194489,
                    -0.9658699035644531,
                    -3.8935461044311523
                ],
                [
                    0.0,
                    0.9972971677780151,
                    -0.07347339391708374,
                    -0.29618072509765625
                ],
                [
                    0.0,
                    0.0,
                    0.0,
                    1.0
                ]
            ]
        },
        {
            "file_path": "/data/shapenet_blender/all_50_random/02958343/f7362613dfd3772faa69dfdc5532bb13/r_12",
            "rotation": 0.12566370614359174,
            "transform_matrix": [
                [
                    -0.27967387437820435,
                    -0.6656377911567688,
                    -0.6918877363204956,
                    -2.7890889644622803
                ],
                [
                    -0.9600949883460999,
                    0.19389905035495758,
                    0.2015456259250641,
                    0.812456488609314
                ],
                [
                    -1.4901160305669237e-08,
                    0.7206450700759888,
                    -0.6933040618896484,
                    -2.7947983741760254
                ],
                [
                    0.0,
                    0.0,
                    0.0,
                    1.0
                ]
            ]
        },
        {
            "file_path": "/data/shapenet_blender/all_50_random/02958343/f7362613dfd3772faa69dfdc5532bb13/r_13",
            "rotation": 0.12566370614359174,
            "transform_matrix": [
                [
                    0.9911840558052063,
                    -0.005042127333581448,
                    0.13239572942256927,
                    0.5337042808532715
                ],
                [
                    0.13249167799949646,
                    0.03772067278623581,
                    -0.9904661178588867,
                    -3.992696523666382
                ],
                [
                    0.0,
                    0.9992755651473999,
                    0.03805617243051529,
                    0.15340933203697205
                ],
                [
                    0.0,
                    0.0,
                    0.0,
                    1.0
                ]
            ]
        },
        {
            "file_path": "/data/shapenet_blender/all_50_random/02958343/f7362613dfd3772faa69dfdc5532bb13/r_14",
            "rotation": 0.12566370614359174,
            "transform_matrix": [
                [
                    0.7619740962982178,
                    -0.08181530982255936,
                    -0.642418622970581,
                    -2.589672565460205
                ],
                [
                    -0.6476075053215027,
                    -0.09626377373933792,
                    -0.7558687925338745,
                    -3.0470049381256104
                ],
                [
                    3.725290298461914e-09,
                    0.9919875860214233,
                    -0.12633471190929413,
                    -0.5092715620994568
                ],
                [
                    0.0,
                    0.0,
                    0.0,
                    1.0
                ]
            ]
        },
        {
            "file_path": "/data/shapenet_blender/all_50_random/02958343/f7362613dfd3772faa69dfdc5532bb13/r_15",
            "rotation": 0.12566370614359174,
            "transform_matrix": [
                [
                    -0.792049765586853,
                    -0.14490875601768494,
                    0.5930081009864807,
                    2.3904924392700195
                ],
                [
                    0.610456645488739,
                    -0.1880149096250534,
                    0.7694107890129089,
                    3.1015944480895996
                ],
                [
                    7.450582373280668e-09,
                    0.9714173078536987,
                    0.23737764358520508,
                    0.9568999409675598
                ],
                [
                    0.0,
                    0.0,
                    0.0,
                    1.0
                ]
            ]
        },
        {
            "file_path": "/data/shapenet_blender/all_50_random/02958343/f7362613dfd3772faa69dfdc5532bb13/r_16",
            "rotation": 0.12566370614359174,
            "transform_matrix": [
                [
                    -0.2885887026786804,
                    0.22472907602787018,
                    0.9307057857513428,
                    3.7517952919006348
                ],
                [
                    0.957453191280365,
                    0.06773622334003448,
                    0.28052666783332825,
                    1.1308393478393555
                ],
                [
                    7.450581485102248e-09,
                    0.9720640778541565,
                    -0.23471546173095703,
                    -0.9461683630943298
                ],
                [
                    0.0,
                    0.0,
                    0.0,
                    1.0
                ]
            ]
        },
        {
            "file_path": "/data/shapenet_blender/all_50_random/02958343/f7362613dfd3772faa69dfdc5532bb13/r_17",
            "rotation": 0.12566370614359174,
            "transform_matrix": [
                [
                    0.8387002348899841,
                    -0.32587018609046936,
                    0.43633750081062317,
                    1.7589328289031982
                ],
                [
                    0.5445932149887085,
                    0.5018559694290161,
                    -0.6719810366630554,
                    -2.7088425159454346
                ],
                [
                    1.4901161193847656e-08,
                    0.8012171387672424,
                    0.598373532295227,
                    2.412121057510376
                ],
                [
                    0.0,
                    0.0,
                    0.0,
                    1.0
                ]
            ]
        },
        {
            "file_path": "/data/shapenet_blender/all_50_random/02958343/f7362613dfd3772faa69dfdc5532bb13/r_18",
            "rotation": 0.12566370614359174,
            "transform_matrix": [
                [
                    -0.4822691082954407,
                    -0.5744246244430542,
                    0.6614022254943848,
                    2.6661975383758545
                ],
                [
                    0.8760231733322144,
                    -0.3162328004837036,
                    0.36411577463150024,
                    1.4677976369857788
                ],
                [
                    1.4901161193847656e-08,
                    0.755005419254303,
                    0.6557185053825378,
                    2.6432857513427734
                ],
                [
                    0.0,
                    0.0,
                    0.0,
                    1.0
                ]
            ]
        },
        {
            "file_path": "/data/shapenet_blender/all_50_random/02958343/f7362613dfd3772faa69dfdc5532bb13/r_19",
            "rotation": 0.12566370614359174,
            "transform_matrix": [
                [
                    0.5456790328025818,
                    0.19267332553863525,
                    0.8155436515808105,
                    3.2875614166259766
                ],
                [
                    0.8379943370819092,
                    -0.125463604927063,
                    -0.531059741973877,
                    -2.140770196914673
                ],
                [
                    -7.450580596923828e-09,
                    0.973209023475647,
                    -0.22992199659347534,
                    -0.9268451929092407
                ],
                [
                    0.0,
                    0.0,
                    0.0,
                    1.0
                ]
            ]
        },
        {
            "file_path": "/data/shapenet_blender/all_50_random/02958343/f7362613dfd3772faa69dfdc5532bb13/r_20",
            "rotation": 0.12566370614359174,
            "transform_matrix": [
                [
                    0.5045700669288635,
                    -0.008646413683891296,
                    -0.8633273839950562,
                    -3.4801840782165527
                ],
                [
                    -0.8633706569671631,
                    -0.005053127184510231,
                    -0.5045447945594788,
                    -2.0338852405548096
                ],
                [
                    0.0,
                    0.9999498724937439,
                    -0.010014716535806656,
                    -0.04037061333656311
                ],
                [
                    0.0,
                    0.0,
                    0.0,
                    1.0
                ]
            ]
        },
        {
            "file_path": "/data/shapenet_blender/all_50_random/02958343/f7362613dfd3772faa69dfdc5532bb13/r_21",
            "rotation": 0.12566370614359174,
            "transform_matrix": [
                [
                    -0.7245669364929199,
                    -0.06723430752754211,
                    -0.6859171390533447,
                    -2.7650201320648193
                ],
                [
                    -0.6892043352127075,
                    0.07068406045436859,
                    0.7211110591888428,
                    2.906891345977783
                ],
                [
                    7.4505792646561986e-09,
                    0.9952302575111389,
                    -0.09755352884531021,
                    -0.39325079321861267
                ],
                [
                    0.0,
                    0.0,
                    0.0,
                    1.0
                ]
            ]
        },
        {
            "file_path": "/data/shapenet_blender/all_50_random/02958343/f7362613dfd3772faa69dfdc5532bb13/r_22",
            "rotation": 0.12566370614359174,
            "transform_matrix": [
                [
                    -0.9980366826057434,
                    -0.011927027255296707,
                    -0.0614859014749527,
                    -0.24785760045051575
                ],
                [
                    -0.0626320168375969,
                    0.19005632400512695,
                    0.9797734022140503,
                    3.9495928287506104
                ],
                [
                    0.0,
                    0.9817007780075073,
                    -0.19043020904064178,
                    -0.7676486968994141
                ],
                [
                    0.0,
                    0.0,
                    0.0,
                    1.0
                ]
            ]
        },
        {
            "file_path": "/data/shapenet_blender/all_50_random/02958343/f7362613dfd3772faa69dfdc5532bb13/r_23",
            "rotation": 0.12566370614359174,
            "transform_matrix": [
                [
                    0.16488119959831238,
                    -0.6971179246902466,
                    0.6977397203445435,
                    2.8126790523529053
                ],
                [
                    0.9863134622573853,
                    0.11653661727905273,
                    -0.11664056777954102,
                    -0.47019320726394653
                ],
                [
                    7.450580596923828e-09,
                    0.7074220180511475,
                    0.706791341304779,
                    2.8491673469543457
                ],
                [
                    0.0,
                    0.0,
                    0.0,
                    1.0
                ]
            ]
        },
        {
            "file_path": "/data/shapenet_blender/all_50_random/02958343/f7362613dfd3772faa69dfdc5532bb13/r_24",
            "rotation": 0.12566370614359174,
            "transform_matrix": [
                [
                    0.22040967643260956,
                    0.41285985708236694,
                    0.8837229013442993,
                    3.562401294708252
                ],
                [
                    0.9754074811935425,
                    -0.09329261630773544,
                    -0.1996920108795166,
                    -0.8049843311309814
                ],
                [
                    0.0,
                    0.9060039520263672,
                    -0.4232690930366516,
                    -1.7062524557113647
                ],
                [
                    0.0,
                    0.0,
                    0.0,
                    1.0
                ]
            ]
        },
        {
            "file_path": "/data/shapenet_blender/all_50_random/02958343/f7362613dfd3772faa69dfdc5532bb13/r_25",
            "rotation": 0.12566370614359174,
            "transform_matrix": [
                [
                    0.9671338200569153,
                    0.051744841039180756,
                    -0.24894680082798004,
                    -1.0035367012023926
                ],
                [
                    -0.2542676627635956,
                    0.19681695103645325,
                    -0.9468953609466553,
                    -3.8170576095581055
                ],
                [
                    0.0,
                    0.979073703289032,
                    0.20350536704063416,
                    0.8203564286231995
                ],
                [
                    0.0,
                    0.0,
                    0.0,
                    1.0
                ]
            ]
        },
        {
            "file_path": "/data/shapenet_blender/all_50_random/02958343/f7362613dfd3772faa69dfdc5532bb13/r_26",
            "rotation": 0.12566370614359174,
            "transform_matrix": [
                [
                    -0.4444739520549774,
                    -0.06303438544273376,
                    -0.8935712575912476,
                    -3.6021008491516113
                ],
                [
                    -0.8957917094230652,
                    0.0312764048576355,
                    0.4433721899986267,
                    1.7872904539108276
                ],
                [
                    3.7252898543727042e-09,
                    0.997521162033081,
                    -0.0703672468662262,
                    -0.2836594581604004
                ],
                [
                    0.0,
                    0.0,
                    0.0,
                    1.0
                ]
            ]
        },
        {
            "file_path": "/data/shapenet_blender/all_50_random/02958343/f7362613dfd3772faa69dfdc5532bb13/r_27",
            "rotation": 0.12566370614359174,
            "transform_matrix": [
                [
                    -0.8748205304145813,
                    0.07194874435663223,
                    0.4790745675563812,
                    1.9312114715576172
                ],
                [
                    0.4844472408294678,
                    0.1299259066581726,
                    0.8651185035705566,
                    3.4874045848846436
                ],
                [
                    -1.1175872671742582e-08,
                    0.9889097213745117,
                    -0.1485172063112259,
                    -0.5986920595169067
                ],
                [
                    0.0,
                    0.0,
                    0.0,
                    1.0
                ]
            ]
        },
        {
            "file_path": "/data/shapenet_blender/all_50_random/02958343/f7362613dfd3772faa69dfdc5532bb13/r_28",
            "rotation": 0.12566370614359174,
            "transform_matrix": [
                [
                    0.3685312569141388,
                    -0.5436017513275146,
                    0.7541098594665527,
                    3.03991436958313
                ],
                [
                    0.929615318775177,
                    0.2155023068189621,
                    -0.29895490407943726,
                    -1.2051259279251099
                ],
                [
                    0.0,
                    0.8112064599990845,
                    0.5847598314285278,
                    2.3572425842285156
                ],
                [
                    0.0,
                    0.0,
                    0.0,
                    1.0
                ]
            ]
        },
        {
            "file_path": "/data/shapenet_blender/all_50_random/02958343/f7362613dfd3772faa69dfdc5532bb13/r_29",
            "rotation": 0.12566370614359174,
            "transform_matrix": [
                [
                    -0.9348923563957214,
                    -0.20489011704921722,
                    -0.2898208796977997,
                    -1.1683052778244019
                ],
                [
                    -0.354931116104126,
                    0.5396828055381775,
                    0.7633913159370422,
                    3.077328681945801
                ],
                [
                    1.4901159417490817e-08,
                    0.8165552020072937,
                    -0.5772672891616821,
                    -2.3270387649536133
                ],
                [
                    0.0,
                    0.0,
                    0.0,
                    1.0
                ]
            ]
        },
        {
            "file_path": "/data/shapenet_blender/all_50_random/02958343/f7362613dfd3772faa69dfdc5532bb13/r_30",
            "rotation": 0.12566370614359174,
            "transform_matrix": [
                [
                    -0.999768853187561,
                    -0.0152850691229105,
                    -0.015118468552827835,
                    -0.06094449758529663
                ],
                [
                    -0.021498870104551315,
                    0.7108064889907837,
                    0.7030590176582336,
                    2.8341214656829834
                ],
                [
                    0.0,
                    0.7032214999198914,
                    -0.7109708189964294,
                    -2.8660149574279785
                ],
                [
                    0.0,
                    0.0,
                    0.0,
                    1.0
                ]
            ]
        },
        {
            "file_path": "/data/shapenet_blender/all_50_random/02958343/f7362613dfd3772faa69dfdc5532bb13/r_31",
            "rotation": 0.12566370614359174,
            "transform_matrix": [
                [
                    0.1601656973361969,
                    0.7172564268112183,
                    -0.6781520247459412,
                    -2.7337183952331543
                ],
                [
                    -0.9870901703834534,
                    0.11638235300779343,
                    -0.11003725975751877,
                    -0.4435743987560272
                ],
                [
                    -7.450580596923828e-09,
                    0.6870214343070984,
                    0.726637065410614,
                    2.9291679859161377
                ],
                [
                    0.0,
                    0.0,
                    0.0,
                    1.0
                ]
            ]
        },
        {
            "file_path": "/data/shapenet_blender/all_50_random/02958343/f7362613dfd3772faa69dfdc5532bb13/r_32",
            "rotation": 0.12566370614359174,
            "transform_matrix": [
                [
                    -0.9773996472358704,
                    -0.09261640161275864,
                    -0.19003169238567352,
                    -0.7660422325134277
                ],
                [
                    -0.21139970421791077,
                    0.4282089173793793,
                    0.878605306148529,
                    3.541771173477173
                ],
                [
                    7.450580152834618e-09,
                    0.8989211916923523,
                    -0.4381103515625,
                    -1.766079306602478
                ],
                [
                    0.0,
                    0.0,
                    0.0,
                    1.0
                ]
            ]
        },
        {
            "file_path": "/data/shapenet_blender/all_50_random/02958343/f7362613dfd3772faa69dfdc5532bb13/r_33",
            "rotation": 0.12566370614359174,
            "transform_matrix": [
                [
                    -0.06721172481775284,
                    0.9148470759391785,
                    0.3981677293777466,
                    1.6050655841827393
                ],
                [
                    0.997738778591156,
                    0.06162780150771141,
                    0.02682219073176384,
                    0.10812371969223022
                ],
                [
                    0.0,
                    0.3990701735019684,
                    -0.9169203042984009,
                    -3.6962242126464844
                ],
                [
                    0.0,
                    0.0,
                    0.0,
                    1.0
                ]
            ]
        },
        {
            "file_path": "/data/shapenet_blender/all_50_random/02958343/f7362613dfd3772faa69dfdc5532bb13/r_34",
            "rotation": 0.12566370614359174,
            "transform_matrix": [
                [
                    -0.5378636717796326,
                    -0.32438963651657104,
                    0.7781221270561218,
                    3.1367106437683105
                ],
                [
                    0.8430319428443909,
                    -0.2069641649723053,
                    0.4964505136013031,
                    2.001255989074707
                ],
                [
                    -1.4901162970204496e-08,
                    0.9230043292045593,
                    0.3847893476486206,
                    1.5511354207992554
                ],
                [
                    0.0,
                    0.0,
                    0.0,
                    1.0
                ]
            ]
        },
        {
            "file_path": "/data/shapenet_blender/all_50_random/02958343/f7362613dfd3772faa69dfdc5532bb13/r_35",
            "rotation": 0.12566370614359174,
            "transform_matrix": [
                [
                    0.1627682000398636,
                    -0.036729536950588226,
                    0.9859803915023804,
                    3.974614381790161
                ],
                [
                    0.9866644144058228,
                    0.0060592032968997955,
                    -0.16265535354614258,
                    -0.655684769153595
                ],
                [
                    4.656612873077393e-10,
                    0.9993069171905518,
                    0.03722596541047096,
                    0.1500626802444458
                ],
                [
                    0.0,
                    0.0,
                    0.0,
                    1.0
                ]
            ]
        },
        {
            "file_path": "/data/shapenet_blender/all_50_random/02958343/f7362613dfd3772faa69dfdc5532bb13/r_36",
            "rotation": 0.12566370614359174,
            "transform_matrix": [
                [
                    0.8455702066421509,
                    -0.23384669423103333,
                    -0.47992387413978577,
                    -1.9346351623535156
                ],
                [
                    -0.533864438533783,
                    -0.37038201093673706,
                    -0.7601354122161865,
                    -3.064204216003418
                ],
                [
                    -1.4901162970204496e-08,
                    0.8989620804786682,
                    -0.4380263686180115,
                    -1.7657408714294434
                ],
                [
                    0.0,
                    0.0,
                    0.0,
                    1.0
                ]
            ]
        },
        {
            "file_path": "/data/shapenet_blender/all_50_random/02958343/f7362613dfd3772faa69dfdc5532bb13/r_37",
            "rotation": 0.12566370614359174,
            "transform_matrix": [
                [
                    0.31637805700302124,
                    0.6295550465583801,
                    0.709623396396637,
                    2.8605833053588867
                ],
                [
                    0.9486332535743713,
                    -0.20996248722076416,
                    -0.2366660237312317,
                    -0.954031229019165
                ],
                [
                    0.0,
                    0.7480481863021851,
                    -0.6636443734169006,
                    -2.6752359867095947
                ],
                [
                    0.0,
                    0.0,
                    0.0,
                    1.0
                ]
            ]
        },
        {
            "file_path": "/data/shapenet_blender/all_50_random/02958343/f7362613dfd3772faa69dfdc5532bb13/r_38",
            "rotation": 0.12566370614359174,
            "transform_matrix": [
                [
                    -0.6833337545394897,
                    0.12458007782697678,
                    0.7193989753723145,
                    2.899989604949951
                ],
                [
                    0.7301061749458313,
                    0.1165991723537445,
                    0.6733124852180481,
                    2.7142090797424316
                ],
                [
                    -7.4505792646561986e-09,
                    0.9853346943855286,
                    -0.17063286900520325,
                    -0.6878430247306824
                ],
                [
                    0.0,
                    0.0,
                    0.0,
                    1.0
                ]
            ]
        },
        {
            "file_path": "/data/shapenet_blender/all_50_random/02958343/f7362613dfd3772faa69dfdc5532bb13/r_39",
            "rotation": 0.12566370614359174,
            "transform_matrix": [
                [
                    0.0005165293114259839,
                    -0.5660343170166016,
                    -0.8243814706802368,
                    -3.323188066482544
                ],
                [
                    -0.9999998211860657,
                    -0.0002923733554780483,
                    -0.0004258172702975571,
                    -0.001716524362564087
                ],
                [
                    1.4551915228366852e-11,
                    0.8243815302848816,
                    -0.5660343766212463,
                    -2.2817575931549072
                ],
                [
                    0.0,
                    0.0,
                    0.0,
                    1.0
                ]
            ]
        },
        {
            "file_path": "/data/shapenet_blender/all_50_random/02958343/f7362613dfd3772faa69dfdc5532bb13/r_40",
            "rotation": 0.12566370614359174,
            "transform_matrix": [
                [
                    0.9497211575508118,
                    -0.08466982841491699,
                    -0.30143144726753235,
                    -1.21510910987854
                ],
                [
                    -0.3130973279476166,
                    -0.25682979822158813,
                    -0.9143349528312683,
                    -3.6858022212982178
                ],
                [
                    7.450581485102248e-09,
                    0.9627404808998108,
                    -0.27042654156684875,
                    -1.0901243686676025
                ],
                [
                    0.0,
                    0.0,
                    0.0,
                    1.0
                ]
            ]
        },
        {
            "file_path": "/data/shapenet_blender/all_50_random/02958343/f7362613dfd3772faa69dfdc5532bb13/r_41",
            "rotation": 0.12566370614359174,
            "transform_matrix": [
                [
                    -0.8737083077430725,
                    -0.1837039589881897,
                    -0.45042937994003296,
                    -1.8157389163970947
                ],
                [
                    -0.4864502251148224,
                    0.3299488127231598,
                    0.809011697769165,
