{
    "class": "02958343",
    "model": "1687b77b048d1aaf635b88185c42637a",
    "remove_doubles": true,
    "edge_split": true,
    "denoise": true,
    "camera_angle_x": 0.6911112070083618,
    "scale_factor": 2.2816257172912144,
    "hdri_file": "/data/IndoorHDRDataset2018/AG8A9746-14547b1a7d.exr",
    "center_offset": [
        0.0,
        -1.862645149230957e-09,
        -1.862645149230957e-09
    ],
    "lights": [],
    "frames": [
        {
            "file_path": "/data/shapenet_blender/all_50_random/02958343/1687b77b048d1aaf635b88185c42637a/r_0",
            "rotation": 0.12566370614359174,
            "transform_matrix": [
                [
                    -0.2418152242898941,
                    0.013763656839728355,
                    0.9702247977256775,
                    3.9111008644104004
                ],
                [
                    0.9703223705291748,
                    0.0034300577826797962,
                    0.24179090559482574,
                    0.9746901988983154
                ],
                [
                    0.0,
                    0.9998993873596191,
                    -0.014184625819325447,
                    -0.057180047035217285
                ],
                [
                    0.0,
                    0.0,
                    0.0,
                    1.0
                ]
            ]
        },
        {
            "file_path": "/data/shapenet_blender/all_50_random/02958343/1687b77b048d1aaf635b88185c42637a/r_1",
            "rotation": 0.12566370614359174,
            "transform_matrix": [
                [
                    -0.1014145240187645,
                    0.7863994836807251,
                    0.6093364357948303,
                    2.4563140869140625
                ],
                [
                    0.9948442578315735,
                    0.08016563951969147,
                    0.06211582198739052,
                    0.2503969073295593
                ],
                [
                    3.725290298461914e-09,
                    0.6124943494796753,
                    -0.7904748320579529,
                    -3.1865062713623047
                ],
                [
                    0.0,
                    0.0,
                    0.0,
                    1.0
                ]
            ]
        },
        {
            "file_path": "/data/shapenet_blender/all_50_random/02958343/1687b77b048d1aaf635b88185c42637a/r_2",
            "rotation": 0.12566370614359174,
            "transform_matrix": [
                [
                    0.3449721932411194,
                    0.02199634350836277,
                    0.9383550882339478,
                    3.782630443572998
                ],
                [
                    0.9386129379272461,
                    -0.008084406144917011,
                    -0.3448774516582489,
                    -1.3902454376220703
                ],
                [
                    9.313225746154785e-10,
                    0.9997254014015198,
                    -0.023434944450855255,
                    -0.09446928650140762
                ],
                [
                    0.0,
                    0.0,
                    0.0,
                    1.0
                ]
            ]
        },
        {
            "file_path": "/data/shapenet_blender/all_50_random/02958343/1687b77b048d1aaf635b88185c42637a/r_3",
            "rotation": 0.12566370614359174,
            "transform_matrix": [
                [
                    0.9769911170005798,
                    -0.04889232665300369,
                    0.20760056376457214,
                    0.836864709854126
                ],
                [
                    0.21328024566173553,
                    0.22396527230739594,
                    -0.9509736895561218,
                    -3.8334977626800537
                ],
                [
                    0.0,
                    0.9733700156211853,
                    0.2292397916316986,
                    0.9240952134132385
                ],
                [
                    0.0,
                    0.0,
                    0.0,
                    1.0
                ]
            ]
        },
        {
            "file_path": "/data/shapenet_blender/all_50_random/02958343/1687b77b048d1aaf635b88185c42637a/r_4",
            "rotation": 0.12566370614359174,
            "transform_matrix": [
                [
                    0.8304181098937988,
                    -0.2801879048347473,
                    -0.48156049847602844,
                    -1.941232442855835
                ],
                [
                    -0.5571407079696655,
                    -0.4176200032234192,
                    -0.717765748500824,
                    -2.893406391143799
                ],
                [
                    0.0,
                    0.8643426299095154,
                    -0.5029032826423645,
                    -2.0272679328918457
                ],
                [
                    0.0,
                    0.0,
                    0.0,
                    1.0
                ]
            ]
        },
        {
            "file_path": "/data/shapenet_blender/all_50_random/02958343/1687b77b048d1aaf635b88185c42637a/r_5",
            "rotation": 0.12566370614359174,
            "transform_matrix": [
                [
                    -0.45534828305244446,
                    -0.18679894506931305,
                    -0.8704965114593506,
                    -3.5090832710266113
                ],
                [
                    -0.8903133869171143,
                    0.09553780406713486,
                    0.4452130198478699,
                    1.7947108745574951
                ],
                [
                    0.0,
                    0.9777417182922363,
                    -0.20981258153915405,
                    -0.8457814455032349
                ],
                [
                    0.0,
                    0.0,
                    0.0,
                    1.0
                ]
            ]
        },
        {
            "file_path": "/data/shapenet_blender/all_50_random/02958343/1687b77b048d1aaf635b88185c42637a/r_6",
            "rotation": 0.12566370614359174,
            "transform_matrix": [
                [
                    0.9999982118606567,
                    -0.0013900204794481397,
                    0.0013281978899613023,
                    0.005354136228561401
                ],
                [
                    0.001922567724250257,
                    0.7230007648468018,
                    -0.6908445954322815,
                    -2.7848832607269287
                ],
                [
                    5.820766091346741e-11,
                    0.6908458471298218,
                    0.7230021357536316,
                    2.9145145416259766
                ],
                [
                    0.0,
                    0.0,
                    0.0,
                    1.0
                ]
            ]
        },
        {
            "file_path": "/data/shapenet_blender/all_50_random/02958343/1687b77b048d1aaf635b88185c42637a/r_7",
            "rotation": 0.12566370614359174,
            "transform_matrix": [
                [
                    -0.9906420111656189,
                    -0.06070904806256294,
                    -0.12224045395851135,
                    -0.4927670359611511
                ],
                [
                    -0.13648557662963867,
                    0.4406394362449646,
                    0.8872477412223816,
                    3.5766100883483887
                ],
                [
                    0.0,
                    0.8956290483474731,
                    -0.44480180740356445,
                    -1.793053388595581
                ],
                [
                    0.0,
                    0.0,
                    0.0,
                    1.0
                ]
            ]
        },
        {
            "file_path": "/data/shapenet_blender/all_50_random/02958343/1687b77b048d1aaf635b88185c42637a/r_8",
            "rotation": 0.12566370614359174,
            "transform_matrix": [
                [
                    0.9510266780853271,
                    -0.3037393391132355,
                    -0.05736487731337547,
                    -0.231245219707489
                ],
                [
                    -0.3091089129447937,
                    -0.9345062971115112,
                    -0.17649291455745697,
                    -0.7114657163619995
                ],
                [
                    0.0,
                    0.18558135628700256,
                    -0.9826288819313049,
                    -3.961103677749634
                ],
                [
                    0.0,
                    0.0,
                    0.0,
                    1.0
                ]
            ]
        },
        {
            "file_path": "/data/shapenet_blender/all_50_random/02958343/1687b77b048d1aaf635b88185c42637a/r_9",
            "rotation": 0.12566370614359174,
            "transform_matrix": [
                [
                    0.9970325827598572,
                    0.0002386342966929078,
                    -0.07697951793670654,
                    -0.3103143870830536
                ],
                [
                    -0.07697988301515579,
                    0.0030907574109733105,
                    -0.9970278143882751,
                    -4.019147872924805
                ],
                [
                    -1.4551912626281638e-11,
                    0.999995231628418,
                    0.003099955851212144,
                    0.012496322393417358
                ],
                [
                    0.0,
                    0.0,
                    0.0,
                    1.0
                ]
            ]
        },
        {
            "file_path": "/data/shapenet_blender/all_50_random/02958343/1687b77b048d1aaf635b88185c42637a/r_10",
            "rotation": 0.12566370614359174,
            "transform_matrix": [
                [
                    -0.540705144405365,
                    -0.03392590209841728,
                    -0.8405278325080872,
                    -3.3882761001586914
                ],
                [
                    -0.841212272644043,
                    0.021806515753269196,
                    0.5402652025222778,
                    2.1778786182403564
                ],
                [
                    -1.862645149230957e-09,
                    0.9991865158081055,
                    -0.04032977297902107,
                    -0.16257451474666595
                ],
                [
                    0.0,
                    0.0,
                    0.0,
                    1.0
                ]
            ]
        },
        {
            "file_path": "/data/shapenet_blender/all_50_random/02958343/1687b77b048d1aaf635b88185c42637a/r_11",
            "rotation": 0.12566370614359174,
            "transform_matrix": [
                [
                    0.9863775968551636,
                    -0.04825369268655777,
                    0.15725988149642944,
                    0.6339348554611206
                ],
                [
                    0.16449645161628723,
                    0.28934580087661743,
                    -0.9429845809936523,
                    -3.8012921810150146
                ],
                [
                    0.0,
                    0.9560075998306274,
                    0.2933417856693268,
                    1.182498574256897
                ],
                [
                    0.0,
                    0.0,
                    0.0,
                    1.0
                ]
            ]
        },
        {
            "file_path": "/data/shapenet_blender/all_50_random/02958343/1687b77b048d1aaf635b88185c42637a/r_12",
            "rotation": 0.12566370614359174,
            "transform_matrix": [
                [
                    -0.10845828801393509,
                    -0.8680860996246338,
                    0.4844205379486084,
                    1.9527616500854492
                ],
                [
                    0.9941009879112244,
                    -0.09470982104539871,
                    0.05285118892788887,
                    0.2130499631166458
                ],
                [
                    0.0,
                    0.4872950315475464,
                    0.8732373118400574,
                    3.520132303237915
                ],
                [
                    0.0,
                    0.0,
                    0.0,
                    1.0
                ]
            ]
        },
        {
            "file_path": "/data/shapenet_blender/all_50_random/02958343/1687b77b048d1aaf635b88185c42637a/r_13",
            "rotation": 0.12566370614359174,
            "transform_matrix": [
                [
                    -0.47737863659858704,
                    0.2513124644756317,
                    0.8419926166534424,
                    3.3941810131073
                ],
                [
                    0.8786976337432861,
                    0.1365329772233963,
                    0.45743754506111145,
                    1.8439898490905762
                ],
                [
                    -7.450580152834618e-09,
                    0.9582279920578003,
                    -0.28600555658340454,
                    -1.1529253721237183
                ],
                [
                    0.0,
                    0.0,
                    0.0,
                    1.0
                ]
            ]
        },
        {
            "file_path": "/data/shapenet_blender/all_50_random/02958343/1687b77b048d1aaf635b88185c42637a/r_14",
            "rotation": 0.12566370614359174,
            "transform_matrix": [
                [
                    0.9687678217887878,
                    0.0351506732404232,
                    0.24546563625335693,
                    0.9895036220550537
                ],
                [
                    0.24796965718269348,
                    -0.13732664287090302,
                    -0.9589850902557373,
                    -3.8657925128936768
                ],
                [
                    0.0,
                    0.9899019002914429,
                    -0.1417539417743683,
                    -0.5714284181594849
                ],
                [
                    0.0,
                    0.0,
                    0.0,
                    1.0
                ]
            ]
        },
        {
            "file_path": "/data/shapenet_blender/all_50_random/02958343/1687b77b048d1aaf635b88185c42637a/r_15",
            "rotation": 0.12566370614359174,
            "transform_matrix": [
                [
                    -0.492657870054245,
                    0.027305321767926216,
                    -0.8697946071624756,
                    -3.506254196166992
                ],
                [
                    -0.8702231049537659,
                    -0.015458313748240471,
                    0.49241527915000916,
                    1.9849895238876343
                ],
                [
                    0.0,
                    0.9995076656341553,
                    0.03137737885117531,
                    0.12648625671863556
                ],
                [
                    0.0,
                    0.0,
                    0.0,
                    1.0
                ]
            ]
        },
        {
            "file_path": "/data/shapenet_blender/all_50_random/02958343/1687b77b048d1aaf635b88185c42637a/r_16",
            "rotation": 0.12566370614359174,
            "transform_matrix": [
                [
                    0.11443852633237839,
                    0.100688636302948,
                    0.9883145093917847,
                    3.984023332595825
                ],
                [
                    0.9934303760528564,
                    -0.011598859913647175,
                    -0.1138492077589035,
                    -0.4589408338069916
                ],
                [
                    0.0,
                    0.9948503971099854,
                    -0.10135449469089508,
                    -0.4085730314254761
                ],
                [
                    0.0,
                    0.0,
                    0.0,
                    1.0
                ]
            ]
        },
        {
            "file_path": "/data/shapenet_blender/all_50_random/02958343/1687b77b048d1aaf635b88185c42637a/r_17",
            "rotation": 0.12566370614359174,
            "transform_matrix": [
                [
                    0.715256929397583,
                    0.15070495009422302,
                    0.6824188828468323,
                    2.7509186267852783
                ],
                [
                    0.6988615989685059,
                    -0.15424048900604248,
                    -0.6984284520149231,
                    -2.815455198287964
                ],
                [
                    0.0,
                    0.9764721393585205,
                    -0.2156434804201126,
                    -0.8692866563796997
                ],
                [
                    0.0,
                    0.0,
                    0.0,
                    1.0
                ]
            ]
        },
        {
            "file_path": "/data/shapenet_blender/all_50_random/02958343/1687b77b048d1aaf635b88185c42637a/r_18",
            "rotation": 0.12566370614359174,
            "transform_matrix": [
                [
                    -0.9982564449310303,
                    -0.004050229210406542,
                    -0.058888234198093414,
                    -0.2373860776424408
                ],
                [
                    -0.05902735888957977,
                    0.06849650293588638,
                    0.9959036111831665,
                    4.014616012573242
                ],
                [
                    0.0,
                    0.9976431131362915,
                    -0.06861614435911179,
                    -0.27660056948661804
                ],
                [
                    0.0,
                    0.0,
                    0.0,
                    1.0
                ]
            ]
        },
        {
            "file_path": "/data/shapenet_blender/all_50_random/02958343/1687b77b048d1aaf635b88185c42637a/r_19",
            "rotation": 0.12566370614359174,
            "transform_matrix": [
                [
                    -0.8492540717124939,
                    -0.293569952249527,
                    -0.4388442635536194,
                    -1.7690378427505493
                ],
                [
                    -0.5279844999313354,
                    0.47220227122306824,
                    0.7058734893798828,
                    2.8454670906066895
                ],
                [
                    0.0,
                    0.8311688303947449,
                    -0.5560200810432434,
                    -2.2413885593414307
                ],
                [
                    0.0,
                    0.0,
                    0.0,
                    1.0
                ]
            ]
        },
        {
            "file_path": "/data/shapenet_blender/all_50_random/02958343/1687b77b048d1aaf635b88185c42637a/r_20",
            "rotation": 0.12566370614359174,
            "transform_matrix": [
                [
                    0.5526817440986633,
                    0.7150276899337769,
                    -0.4281102418899536,
                    -1.7257676124572754
                ],
                [
                    -0.8333925008773804,
                    0.47418561577796936,
                    -0.28391027450561523,
                    -1.1444789171218872
                ],
                [
                    1.4901162970204496e-08,
                    0.5136958360671997,
                    0.8579723238945007,
                    3.458597183227539
                ],
                [
                    0.0,
                    0.0,
                    0.0,
                    1.0
                ]
            ]
        },
        {
            "file_path": "/data/shapenet_blender/all_50_random/02958343/1687b77b048d1aaf635b88185c42637a/r_21",
            "rotation": 0.12566370614359174,
            "transform_matrix": [
                [
                    0.9983925223350525,
                    0.011810241267085075,
                    -0.05543453246355057,
                    -0.2234637439250946
                ],
                [
                    -0.0566786527633667,
                    0.20803700387477875,
                    -0.9764773845672607,
                    -3.9363062381744385
                ],
                [
                    9.31322685637781e-10,
                    0.9780495762825012,
                    0.20837196707725525,
                    0.8399742841720581
                ],
                [
                    0.0,
                    0.0,
                    0.0,
                    1.0
                ]
            ]
        },
        {
            "file_path": "/data/shapenet_blender/all_50_random/02958343/1687b77b048d1aaf635b88185c42637a/r_22",
            "rotation": 0.12566370614359174,
            "transform_matrix": [
                [
                    0.8606513738632202,
                    0.1327628344297409,
                    -0.49158236384391785,
                    -1.9816319942474365
                ],
                [
                    -0.5091946721076965,
                    0.22439847886562347,
                    -0.8308826684951782,
                    -3.349395513534546
                ],
                [
                    -7.450580596923828e-09,
                    0.9654115438461304,
                    0.26073095202445984,
                    1.0510401725769043
                ],
                [
                    0.0,
                    0.0,
                    0.0,
                    1.0
                ]
            ]
        },
        {
            "file_path": "/data/shapenet_blender/all_50_random/02958343/1687b77b048d1aaf635b88185c42637a/r_23",
            "rotation": 0.12566370614359174,
            "transform_matrix": [
                [
                    -0.9997842907905579,
                    -0.005095934495329857,
                    -0.02013486437499523,
                    -0.08116623759269714
                ],
                [
                    -0.020769722759723663,
                    0.24530109763145447,
                    0.9692243933677673,
                    3.9070684909820557
                ],
                [
                    0.0,
                    0.9694335460662842,
                    -0.24535402655601501,
                    -0.9890537261962891
                ],
                [
                    0.0,
                    0.0,
                    0.0,
                    1.0
                ]
            ]
        },
        {
            "file_path": "/data/shapenet_blender/all_50_random/02958343/1687b77b048d1aaf635b88185c42637a/r_24",
            "rotation": 0.12566370614359174,
            "transform_matrix": [
                [
                    -0.707647979259491,
                    0.3042367696762085,
                    0.6377102136611938,
                    2.5706920623779297
                ],
                [
                    0.7065652012825012,
                    0.3047029674053192,
                    0.6386874914169312,
                    2.574631690979004
                ],
                [
                    1.4901162970204496e-08,
                    0.9025497436523438,
                    -0.4305855333805084,
                    -1.7357457876205444
                ],
                [
                    0.0,
                    0.0,
                    0.0,
                    1.0
                ]
            ]
        },
        {
            "file_path": "/data/shapenet_blender/all_50_random/02958343/1687b77b048d1aaf635b88185c42637a/r_25",
            "rotation": 0.12566370614359174,
            "transform_matrix": [
                [
                    -0.8702207803726196,
                    -0.47002336382865906,
                    0.14762777090072632,
                    0.5951064825057983
                ],
                [
                    0.49266207218170166,
                    -0.830232560634613,
                    0.2607644498348236,
                    1.0511749982833862
                ],
                [
                    0.0,
                    0.2996530830860138,
                    0.954048216342926,
                    3.845890998840332
                ],
                [
                    0.0,
                    0.0,
                    0.0,
                    1.0
                ]
            ]
        },
        {
            "file_path": "/data/shapenet_blender/all_50_random/02958343/1687b77b048d1aaf635b88185c42637a/r_26",
            "rotation": 0.12566370614359174,
            "transform_matrix": [
                [
                    -0.2827642560005188,
                    0.9155188202857971,
                    0.2861289083957672,
                    1.153422474861145
                ],
                [
                    0.9591894149780273,
                    0.26989036798477173,
                    0.0843493789434433,
                    0.3400232195854187
                ],
                [
                    7.4505797087454084e-09,
                    0.2983027398586273,
                    -0.9544712901115417,
                    -3.8475968837738037
                ],
                [
                    0.0,
                    0.0,
                    0.0,
                    1.0
                ]
            ]
        },
        {
            "file_path": "/data/shapenet_blender/all_50_random/02958343/1687b77b048d1aaf635b88185c42637a/r_27",
            "rotation": 0.12566370614359174,
            "transform_matrix": [
                [
                    -0.05635466426610947,
                    0.5957581400871277,
                    -0.8011842966079712,
                    -3.229677200317383
                ],
                [
                    -0.9984108805656433,
                    -0.033627189695835114,
                    0.045222338289022446,
                    0.18229708075523376
                ],
                [
                    0.0,
                    0.8024594783782959,
                    0.5967064499855042,
                    2.4054007530212402
                ],
                [
                    0.0,
                    0.0,
                    0.0,
                    1.0
                ]
            ]
        },
        {
            "file_path": "/data/shapenet_blender/all_50_random/02958343/1687b77b048d1aaf635b88185c42637a/r_28",
            "rotation": 0.12566370614359174,
            "transform_matrix": [
                [
                    0.8185908198356628,
                    0.05238110199570656,
                    -0.5719837546348572,
                    -2.3057403564453125
                ],
                [
                    -0.5743772387504578,
                    0.07465247809886932,
                    -0.8151795864105225,
                    -3.2860939502716064
                ],
                [
                    0.0,
                    0.9958329200744629,
                    0.09119633585214615,
                    0.3676241934299469
                ],
                [
                    0.0,
                    0.0,
                    0.0,
                    1.0
                ]
            ]
        },
        {
            "file_path": "/data/shapenet_blender/all_50_random/02958343/1687b77b048d1aaf635b88185c42637a/r_29",
            "rotation": 0.12566370614359174,
            "transform_matrix": [
                [
                    0.2024948000907898,
                    0.2545470595359802,
                    -0.9456223845481873,
                    -3.8119256496429443
                ],
                [
                    -0.9792833924293518,
                    0.05263487249612808,
                    -0.19553442299365997,
                    -0.788224458694458
                ],
                [
                    0.0,
                    0.9656269550323486,
                    0.2599319815635681,
                    1.0478193759918213
                ],
                [
                    0.0,
                    0.0,
                    0.0,
                    1.0
                ]
            ]
        },
        {
            "file_path": "/data/shapenet_blender/all_50_random/02958343/1687b77b048d1aaf635b88185c42637a/r_30",
            "rotation": 0.12566370614359174,
            "transform_matrix": [
                [
                    -0.8842045664787292,
                    -0.30604612827301025,
                    0.35287100076675415,
                    1.4224685430526733
                ],
                [
                    0.46709975600242615,
                    -0.5793353915214539,
                    0.6679732799530029,
                    2.6926863193511963
                ],
                [
                    2.9802320611338473e-08,
                    0.755450963973999,
                    0.6552051305770874,
                    2.641216278076172
                ],
                [
                    0.0,
                    0.0,
                    0.0,
                    1.0
                ]
            ]
        },
        {
            "file_path": "/data/shapenet_blender/all_50_random/02958343/1687b77b048d1aaf635b88185c42637a/r_31",
            "rotation": 0.12566370614359174,
            "transform_matrix": [
                [
                    0.8990944623947144,
                    0.353977769613266,
                    0.25754404067993164,
                    1.0381932258605957
                ],
                [
                    0.4377548098564148,
                    -0.7270267605781555,
                    -0.5289637446403503,
                    -2.1323211193084717
                ],
                [
                    0.0,
                    0.5883294939994812,
                    -0.8086212873458862,
                    -3.2596566677093506
                ],
                [
                    0.0,
                    0.0,
                    0.0,
                    1.0
                ]
            ]
        },
        {
            "file_path": "/data/shapenet_blender/all_50_random/02958343/1687b77b048d1aaf635b88185c42637a/r_32",
            "rotation": 0.12566370614359174,
            "transform_matrix": [
                [
                    0.5770891904830933,
                    -0.040816351771354675,
                    -0.8156604766845703,
                    -3.2880325317382812
                ],
                [
                    -0.8166809678077698,
                    -0.028841957449913025,
                    -0.5763680934906006,
                    -2.3234140872955322
                ],
                [
                    -1.8626448161640496e-09,
                    0.9987503886222839,
                    -0.04997832328081131,
                    -0.2014690637588501
                ],
                [
                    0.0,
                    0.0,
                    0.0,
                    1.0
                ]
            ]
        },
        {
            "file_path": "/data/shapenet_blender/all_50_random/02958343/1687b77b048d1aaf635b88185c42637a/r_33",
            "rotation": 0.12566370614359174,
            "transform_matrix": [
                [
                    0.8830969333648682,
                    0.428493857383728,
                    -0.1911359429359436,
                    -0.7704935669898987
                ],
                [
                    -0.4691907465457916,
                    0.8064984679222107,
                    -0.3597504198551178,
                    -1.4502002000808716
                ],
                [
                    0.0,
                    0.4073736369609833,
                    0.9132616519927979,
                    3.6814749240875244
                ],
                [
                    0.0,
                    0.0,
                    0.0,
                    1.0
                ]
            ]
        },
        {
            "file_path": "/data/shapenet_blender/all_50_random/02958343/1687b77b048d1aaf635b88185c42637a/r_34",
            "rotation": 0.12566370614359174,
            "transform_matrix": [
                [
                    -0.9529399275779724,
                    0.020815519616007805,
                    -0.30244389176368713,
                    -1.2191903591156006
                ],
                [
                    -0.30315935611724854,
                    -0.06543073058128357,
                    0.9506909251213074,
                    3.83235764503479
                ],
                [
                    1.862645371275562e-09,
                    0.9976399540901184,
                    0.06866197288036346,
                    0.2767852544784546
                ],
                [
                    0.0,
                    0.0,
                    0.0,
                    1.0
                ]
            ]
        },
        {
            "file_path": "/data/shapenet_blender/all_50_random/02958343/1687b77b048d1aaf635b88185c42637a/r_35",
            "rotation": 0.12566370614359174,
            "transform_matrix": [
                [
                    0.7699660062789917,
                    -0.0013445416698232293,
                    0.6380835175514221,
                    2.5721969604492188
                ],
                [
                    0.6380850076675415,
                    0.0016224351711571217,
                    -0.7699642777442932,
                    -3.103825330734253
                ],
                [
                    0.0,
                    0.9999978542327881,
                    0.0021071513183414936,
                    0.008494198322296143
                ],
                [
                    0.0,
                    0.0,
                    0.0,
                    1.0
                ]
            ]
        },
        {
            "file_path": "/data/shapenet_blender/all_50_random/02958343/1687b77b048d1aaf635b88185c42637a/r_36",
            "rotation": 0.12566370614359174,
            "transform_matrix": [
                [
                    0.9433947205543518,
                    -0.14098051190376282,
                    -0.300217866897583,
                    -1.210216999053955
                ],
                [
                    -0.33167192339897156,
                    -0.4009994566440582,
                    -0.8539280295372009,
                    -3.442294120788574
                ],
                [
                    7.450580152834618e-09,
                    0.9051650762557983,
                    -0.42506009340286255,
                    -1.7134721279144287
                ],
                [
                    0.0,
                    0.0,
                    0.0,
                    1.0
                ]
            ]
        },
        {
            "file_path": "/data/shapenet_blender/all_50_random/02958343/1687b77b048d1aaf635b88185c42637a/r_37",
            "rotation": 0.12566370614359174,
            "transform_matrix": [
                [
                    -0.9783422946929932,
                    -0.10538174211978912,
                    0.17816001176834106,
                    0.7181860208511353
                ],
                [
                    0.20699350535869598,
                    -0.49808046221733093,
                    0.8420625329017639,
                    3.394463062286377
                ],
                [
                    -7.450580596923828e-09,
                    0.8607033491134644,
                    0.5091065168380737,
                    2.052274227142334
                ],
                [
                    0.0,
                    0.0,
                    0.0,
                    1.0
                ]
            ]
        },
        {
            "file_path": "/data/shapenet_blender/all_50_random/02958343/1687b77b048d1aaf635b88185c42637a/r_38",
            "rotation": 0.12566370614359174,
            "transform_matrix": [
                [
                    -0.6694466471672058,
                    -0.6299920082092285,
                    0.3936383128166199,
                    1.5868067741394043
                ],
                [
                    0.7428600788116455,
                    -0.5677328109741211,
                    0.3547368347644806,
                    1.4299898147583008
                ],
                [
                    1.4901160305669237e-08,
                    0.5298956036567688,
                    0.8480628728866577,
                    3.4186506271362305
                ],
                [
                    0.0,
                    0.0,
                    0.0,
                    1.0
                ]
            ]
        },
        {
            "file_path": "/data/shapenet_blender/all_50_random/02958343/1687b77b048d1aaf635b88185c42637a/r_39",
            "rotation": 0.12566370614359174,
            "transform_matrix": [
                [
                    0.04980102926492691,
                    0.7589359283447266,
                    -0.649258017539978,
                    -2.6172430515289307
                ],
                [
                    -0.9987591505050659,
                    0.03784274682402611,
                    -0.03237388655543327,
                    -0.1305033266544342
                ],
                [
                    0.0,
                    0.6500646471977234,
                    0.7598787546157837,
                    3.063169479370117
                ],
                [
                    0.0,
                    0.0,
                    0.0,
                    1.0
                ]
            ]
        },
        {
            "file_path": "/data/shapenet_blender/all_50_random/02958343/1687b77b048d1aaf635b88185c42637a/r_40",
            "rotation": 0.12566370614359174,
            "transform_matrix": [
                [
                    -0.6139584183692932,
                    -0.5668960213661194,
                    0.5492576956748962,
                    2.2141284942626953
                ],
                [
                    0.7893382906913757,
                    -0.44093963503837585,
                    0.42722031474113464,
                    1.7221801280975342
                ],
                [
                    -1.4901160305669237e-08,
                    0.6958456635475159,
                    0.7181913256645203,
                    2.8951218128204346
                ],
                [
                    0.0,
                    0.0,
                    0.0,
                    1.0
                ]
            ]
        },
        {
            "file_path": "/data/shapenet_blender/all_50_random/02958343/1687b77b048d1aaf635b88185c42637a/r_41",
            "rotation": 0.12566370614359174,
            "transform_matrix": [
                [
                    0.9876388311386108,
                    -0.12575463950634003,
                    0.0935695618391037,
                    0.3771909475326538
                ],
                [
                    0.15674659609794617,
                    0.7923627495765686,
                    -0.5895689725875854,
                    -2.3766283988952637
                ],
