{
    "class": "02958343",
    "model": "41a6deadd39b4c754d0f9a1ef5f184fe",
    "remove_doubles": true,
    "edge_split": true,
    "denoise": true,
    "camera_angle_x": 0.6911112070083618,
    "scale_factor": 2.27891916209879,
    "hdri_file": "/data/IndoorHDRDataset2018/AG8A1954-b9e052c349.exr",
    "center_offset": [
        0.0,
        0.0,
        -9.313225746154785e-10
    ],
    "lights": [],
    "frames": [
        {
            "file_path": "/data/shapenet_blender/all_50_random/02958343/41a6deadd39b4c754d0f9a1ef5f184fe/r_0",
            "rotation": 0.12566370614359174,
            "transform_matrix": [
                [
                    0.34712105989456177,
                    -0.09099946916103363,
                    0.9333949089050293,
                    3.7626352310180664
                ],
                [
                    0.9378204345703125,
                    0.03368217498064041,
                    -0.34548303484916687,
                    -1.3926866054534912
                ],
                [
                    0.0,
                    0.9952811002731323,
                    0.09703295677900314,
                    0.39115235209465027
                ],
                [
                    0.0,
                    0.0,
                    0.0,
                    1.0
                ]
            ]
        },
        {
            "file_path": "/data/shapenet_blender/all_50_random/02958343/41a6deadd39b4c754d0f9a1ef5f184fe/r_1",
            "rotation": 0.12566370614359174,
            "transform_matrix": [
                [
                    0.46933305263519287,
                    -0.7275106310844421,
                    0.5004544258117676,
                    2.0173962116241455
                ],
                [
                    0.8830212354660034,
                    0.38667789101600647,
                    -0.26599565148353577,
                    -1.0722627639770508
                ],
                [
                    0.0,
                    0.5667524337768555,
                    0.8238881826400757,
                    3.321199417114258
                ],
                [
                    0.0,
                    0.0,
                    0.0,
                    1.0
                ]
            ]
        },
        {
            "file_path": "/data/shapenet_blender/all_50_random/02958343/41a6deadd39b4c754d0f9a1ef5f184fe/r_2",
            "rotation": 0.12566370614359174,
            "transform_matrix": [
                [
                    0.6476396322250366,
                    0.4356061816215515,
                    0.6251480579376221,
                    2.520052433013916
                ],
                [
                    0.7619467973709106,
                    -0.37025660276412964,
                    -0.5313634276390076,
                    -2.1419944763183594
                ],
                [
                    1.4901161193847656e-08,
                    0.8204615712165833,
                    -0.5717015862464905,
                    -2.304602861404419
                ],
                [
                    0.0,
                    0.0,
                    0.0,
                    1.0
                ]
            ]
        },
        {
            "file_path": "/data/shapenet_blender/all_50_random/02958343/41a6deadd39b4c754d0f9a1ef5f184fe/r_3",
            "rotation": 0.12566370614359174,
            "transform_matrix": [
                [
                    -0.5502351522445679,
                    -0.5336047410964966,
                    0.642267107963562,
                    2.589061737060547
                ],
                [
                    0.835009753704071,
                    -0.3516223728656769,
                    0.42322617769241333,
                    1.706079363822937
                ],
                [
                    0.0,
                    0.769173264503479,
                    0.6390401721000671,
                    2.5760536193847656
                ],
                [
                    0.0,
                    0.0,
                    0.0,
                    1.0
                ]
            ]
        },
        {
            "file_path": "/data/shapenet_blender/all_50_random/02958343/41a6deadd39b4c754d0f9a1ef5f184fe/r_4",
            "rotation": 0.12566370614359174,
            "transform_matrix": [
                [
                    -0.9421038031578064,
                    -0.17073047161102295,
                    0.2886027693748474,
                    1.1633949279785156
                ],
                [
                    0.33532142639160156,
                    -0.4796765148639679,
                    0.8108451962471008,
                    3.2686214447021484
                ],
                [
                    -1.4901161193847656e-08,
                    0.860675036907196,
                    0.5091546773910522,
                    2.0524680614471436
                ],
                [
                    0.0,
                    0.0,
                    0.0,
                    1.0
                ]
            ]
        },
        {
            "file_path": "/data/shapenet_blender/all_50_random/02958343/41a6deadd39b4c754d0f9a1ef5f184fe/r_5",
            "rotation": 0.12566370614359174,
            "transform_matrix": [
                [
                    0.20514044165611267,
                    0.6580798625946045,
                    -0.7244641184806824,
                    -2.920408248901367
                ],
                [
                    -0.9787325859069824,
                    0.13793227076530457,
                    -0.1518462747335434,
                    -0.6121119260787964
                ],
                [
                    0.0,
                    0.7402064800262451,
                    0.6723796725273132,
                    2.71044921875
                ],
                [
                    0.0,
                    0.0,
                    0.0,
                    1.0
                ]
            ]
        },
        {
            "file_path": "/data/shapenet_blender/all_50_random/02958343/41a6deadd39b4c754d0f9a1ef5f184fe/r_6",
            "rotation": 0.12566370614359174,
            "transform_matrix": [
                [
                    -0.9513856172561646,
                    0.1430099755525589,
                    0.2727886140346527,
                    1.0996460914611816
                ],
                [
                    0.30800241231918335,
                    0.44174209237098694,
                    0.8426140546798706,
                    3.396685838699341
                ],
                [
                    7.450580596923828e-09,
                    0.8856704235076904,
                    -0.46431446075439453,
                    -1.8717114925384521
                ],
                [
                    0.0,
                    0.0,
                    0.0,
                    1.0
                ]
            ]
        },
        {
            "file_path": "/data/shapenet_blender/all_50_random/02958343/41a6deadd39b4c754d0f9a1ef5f184fe/r_7",
            "rotation": 0.12566370614359174,
            "transform_matrix": [
                [
                    -0.0283825546503067,
                    -0.1409199833869934,
                    -0.9896140098571777,
                    -3.9892618656158447
                ],
                [
                    -0.9995971322059631,
                    0.004001281224191189,
                    0.028099095448851585,
                    0.1132710874080658
                ],
                [
                    0.0,
                    0.9900128245353699,
                    -0.14097677171230316,
                    -0.5682955980300903
                ],
                [
                    0.0,
                    0.0,
                    0.0,
                    1.0
                ]
            ]
        },
        {
            "file_path": "/data/shapenet_blender/all_50_random/02958343/41a6deadd39b4c754d0f9a1ef5f184fe/r_8",
            "rotation": 0.12566370614359174,
            "transform_matrix": [
                [
                    0.983185887336731,
                    -0.019493689760565758,
                    0.181564062833786,
                    0.7319081425666809
                ],
                [
                    0.1826075315475464,
                    0.10495690256357193,
                    -0.9775676727294922,
                    -3.9407012462615967
                ],
                [
                    0.0,
                    0.9942855834960938,
                    0.10675184428691864,
                    0.43033045530319214
                ],
                [
                    0.0,
                    0.0,
                    0.0,
                    1.0
                ]
            ]
        },
        {
            "file_path": "/data/shapenet_blender/all_50_random/02958343/41a6deadd39b4c754d0f9a1ef5f184fe/r_9",
            "rotation": 0.12566370614359174,
            "transform_matrix": [
                [
                    0.3225194811820984,
                    -0.7008931636810303,
                    -0.6361839771270752,
                    -2.5645394325256348
                ],
                [
                    -0.9465628862380981,
                    -0.23881320655345917,
                    -0.21676503121852875,
                    -0.8738076686859131
                ],
                [
                    -1.4901161193847656e-08,
                    0.6720989346504211,
                    -0.7404613494873047,
                    -2.9848947525024414
                ],
                [
                    0.0,
                    0.0,
                    0.0,
                    1.0
                ]
            ]
        },
        {
            "file_path": "/data/shapenet_blender/all_50_random/02958343/41a6deadd39b4c754d0f9a1ef5f184fe/r_10",
            "rotation": 0.12566370614359174,
            "transform_matrix": [
                [
                    -0.6992782950401306,
                    0.18189264833927155,
                    0.6913211345672607,
                    2.786804676055908
                ],
                [
                    0.714849591255188,
                    0.1779305785894394,
                    0.676262378692627,
                    2.7261009216308594
                ],
                [
                    -1.4901162970204496e-08,
                    0.9670862555503845,
                    -0.2544488310813904,
                    -1.0257160663604736
                ],
                [
                    0.0,
                    0.0,
                    0.0,
                    1.0
                ]
            ]
        },
        {
            "file_path": "/data/shapenet_blender/all_50_random/02958343/41a6deadd39b4c754d0f9a1ef5f184fe/r_11",
            "rotation": 0.12566370614359174,
            "transform_matrix": [
                [
                    -0.3426976203918457,
                    0.2479807436466217,
                    -0.9061256647109985,
                    -3.652709722518921
                ],
                [
                    -0.9394457936286926,
                    -0.0904601588845253,
                    0.3305428922176361,
                    1.3324611186981201
                ],
                [
                    0.0,
                    0.9645322561264038,
                    0.2639648914337158,
                    1.0640766620635986
                ],
                [
                    0.0,
                    0.0,
                    0.0,
                    1.0
                ]
            ]
        },
        {
            "file_path": "/data/shapenet_blender/all_50_random/02958343/41a6deadd39b4c754d0f9a1ef5f184fe/r_12",
            "rotation": 0.12566370614359174,
            "transform_matrix": [
                [
                    0.7725374698638916,
                    0.1983480453491211,
                    0.6031947731971741,
                    2.431556224822998
                ],
                [
                    0.6349692344665527,
                    -0.24132080376148224,
                    -0.7338789105415344,
                    -2.9583606719970703
                ],
                [
                    1.4901161193847656e-08,
                    0.9499591588973999,
                    -0.31237420439720154,
                    -1.259220838546753
                ],
                [
                    0.0,
                    0.0,
                    0.0,
                    1.0
                ]
            ]
        },
        {
            "file_path": "/data/shapenet_blender/all_50_random/02958343/41a6deadd39b4c754d0f9a1ef5f184fe/r_13",
            "rotation": 0.12566370614359174,
            "transform_matrix": [
                [
                    0.6146788001060486,
                    0.1005968451499939,
                    0.7823363542556763,
                    3.1536989212036133
                ],
                [
                    0.7887775897979736,
                    -0.0783931314945221,
                    -0.6096592545509338,
                    -2.457615375518799
                ],
                [
                    0.0,
                    0.9918339848518372,
                    -0.12753510475158691,
                    -0.5141105055809021
                ],
                [
                    0.0,
                    0.0,
                    0.0,
                    1.0
                ]
            ]
        },
        {
            "file_path": "/data/shapenet_blender/all_50_random/02958343/41a6deadd39b4c754d0f9a1ef5f184fe/r_14",
            "rotation": 0.12566370614359174,
            "transform_matrix": [
                [
                    0.2986968755722046,
                    0.6502816677093506,
                    0.6985083818435669,
                    2.81577730178833
                ],
                [
                    0.954348087310791,
                    -0.20352856814861298,
                    -0.21862280368804932,
                    -0.881296694278717
                ],
                [
                    0.0,
                    0.7319220304489136,
                    -0.6813884377479553,
                    -2.746764659881592
                ],
                [
                    0.0,
                    0.0,
                    0.0,
                    1.0
                ]
            ]
        },
        {
            "file_path": "/data/shapenet_blender/all_50_random/02958343/41a6deadd39b4c754d0f9a1ef5f184fe/r_15",
            "rotation": 0.12566370614359174,
            "transform_matrix": [
                [
                    0.014353358186781406,
                    -0.47457006573677063,
                    0.8801005482673645,
                    3.5477991104125977
                ],
                [
                    0.9998969435691833,
                    0.006812376901507378,
                    -0.012633701786398888,
                    -0.050928086042404175
                ],
                [
                    0.0,
                    0.8801912665367126,
                    0.47461894154548645,
                    1.9132503271102905
                ],
                [
                    0.0,
                    0.0,
                    0.0,
                    1.0
                ]
            ]
        },
        {
            "file_path": "/data/shapenet_blender/all_50_random/02958343/41a6deadd39b4c754d0f9a1ef5f184fe/r_16",
            "rotation": 0.12566370614359174,
            "transform_matrix": [
                [
                    0.9830129742622375,
                    0.013274742290377617,
                    0.18305569887161255,
                    0.7379211187362671
                ],
                [
                    0.18353639543056488,
                    -0.0710989460349083,
                    -0.9804383516311646,
                    -3.952273368835449
                ],
                [
                    9.313225746154785e-10,
                    0.9973809719085693,
                    -0.07232757657766342,
                    -0.2915617823600769
                ],
                [
                    0.0,
                    0.0,
                    0.0,
                    1.0
                ]
            ]
        },
        {
            "file_path": "/data/shapenet_blender/all_50_random/02958343/41a6deadd39b4c754d0f9a1ef5f184fe/r_17",
            "rotation": 0.12566370614359174,
            "transform_matrix": [
                [
                    -0.42453306913375854,
                    0.1234201118350029,
                    -0.8969610333442688,
                    -3.6157655715942383
                ],
                [
                    -0.9054124355316162,
                    -0.057869669049978256,
                    0.4205703139305115,
                    1.6953731775283813
                ],
                [
                    -3.725290742551124e-09,
                    0.9906656742095947,
                    0.13631369173526764,
                    0.5494980812072754
                ],
                [
                    0.0,
                    0.0,
                    0.0,
                    1.0
                ]
            ]
        },
        {
            "file_path": "/data/shapenet_blender/all_50_random/02958343/41a6deadd39b4c754d0f9a1ef5f184fe/r_18",
            "rotation": 0.12566370614359174,
            "transform_matrix": [
                [
                    0.9308351874351501,
                    0.01740945316851139,
                    0.3650245666503906,
                    1.4714610576629639
                ],
                [
                    0.3654395043849945,
                    -0.04434477165341377,
                    -0.9297782182693481,
                    -3.748055934906006
                ],
                [
                    0.0,
                    0.9988645911216736,
                    -0.047639768570661545,
                    -0.1920420527458191
                ],
                [
                    0.0,
                    0.0,
                    0.0,
                    1.0
                ]
            ]
        },
        {
            "file_path": "/data/shapenet_blender/all_50_random/02958343/41a6deadd39b4c754d0f9a1ef5f184fe/r_19",
            "rotation": 0.12566370614359174,
            "transform_matrix": [
                [
                    0.3313073515892029,
                    0.6657788753509521,
                    0.6685611009597778,
                    2.6950559616088867
                ],
                [
                    0.9435229301452637,
                    -0.23378069698810577,
                    -0.23475763201713562,
                    -0.9463382959365845
                ],
                [
                    1.4901161193847656e-08,
                    0.7085796594619751,
                    -0.7056308388710022,
                    -2.8444888591766357
                ],
                [
                    0.0,
                    0.0,
                    0.0,
                    1.0
                ]
            ]
        },
        {
            "file_path": "/data/shapenet_blender/all_50_random/02958343/41a6deadd39b4c754d0f9a1ef5f184fe/r_20",
            "rotation": 0.12566370614359174,
            "transform_matrix": [
                [
                    -0.9670156240463257,
                    0.24545960128307343,
                    -0.0680483803153038,
                    -0.27431178092956543
                ],
                [
                    -0.25471749901771545,
                    -0.9318686723709106,
                    0.2583404779434204,
                    1.0414037704467773
                ],
                [
                    0.0,
                    0.2671522796154022,
                    0.9636542797088623,
                    3.8846147060394287
                ],
                [
                    0.0,
                    0.0,
                    0.0,
                    1.0
                ]
            ]
        },
        {
            "file_path": "/data/shapenet_blender/all_50_random/02958343/41a6deadd39b4c754d0f9a1ef5f184fe/r_21",
            "rotation": 0.12566370614359174,
            "transform_matrix": [
                [
                    -0.418520450592041,
                    0.6936015486717224,
                    0.5863083004951477,
                    2.3634846210479736
                ],
                [
                    0.9082074165344238,
                    0.31962570548057556,
                    0.2701827883720398,
                    1.0891417264938354
                ],
                [
                    0.0,
                    0.6455666422843933,
                    -0.7637038826942444,
                    -3.0785889625549316
                ],
                [
                    0.0,
                    0.0,
                    0.0,
                    1.0
                ]
            ]
        },
        {
            "file_path": "/data/shapenet_blender/all_50_random/02958343/41a6deadd39b4c754d0f9a1ef5f184fe/r_22",
            "rotation": 0.12566370614359174,
            "transform_matrix": [
                [
                    0.9685719013214111,
                    -0.010618842206895351,
                    0.2485073357820511,
                    1.0017651319503784
                ],
                [
                    0.24873413145542145,
                    0.04134982079267502,
                    -0.9676887392997742,
                    -3.9008781909942627
                ],
                [
                    0.0,
                    0.9990882277488708,
                    0.04269154369831085,
                    0.17209511995315552
                ],
                [
                    0.0,
                    0.0,
                    0.0,
                    1.0
                ]
            ]
        },
        {
            "file_path": "/data/shapenet_blender/all_50_random/02958343/41a6deadd39b4c754d0f9a1ef5f184fe/r_23",
            "rotation": 0.12566370614359174,
            "transform_matrix": [
                [
                    -0.8622891902923584,
                    -0.09556139260530472,
                    -0.49731823801994324,
                    -2.004753828048706
                ],
                [
                    -0.5064162611961365,
                    0.16271506249904633,
                    0.8467977046966553,
                    3.413550615310669
                ],
                [
                    0.0,
                    0.9820345044136047,
                    -0.18870128691196442,
                    -0.7606791853904724
                ],
                [
                    0.0,
                    0.0,
                    0.0,
                    1.0
                ]
            ]
        },
        {
            "file_path": "/data/shapenet_blender/all_50_random/02958343/41a6deadd39b4c754d0f9a1ef5f184fe/r_24",
            "rotation": 0.12566370614359174,
            "transform_matrix": [
                [
                    0.902321457862854,
                    -0.39709165692329407,
                    -0.167732834815979,
                    -0.6761527061462402
                ],
                [
                    -0.4310639500617981,
                    -0.8312092423439026,
                    -0.35110554099082947,
                    -1.4153517484664917
                ],
                [
                    0.0,
                    0.38911357522010803,
                    -0.9211897850036621,
                    -3.7134346961975098
                ],
                [
                    0.0,
                    0.0,
                    0.0,
                    1.0
                ]
            ]
        },
        {
            "file_path": "/data/shapenet_blender/all_50_random/02958343/41a6deadd39b4c754d0f9a1ef5f184fe/r_25",
            "rotation": 0.12566370614359174,
            "transform_matrix": [
                [
                    0.954914391040802,
                    0.0671902447938919,
                    -0.28917795419692993,
                    -1.1657136678695679
                ],
                [
                    -0.29688113927841187,
                    0.2161165475845337,
                    -0.9301371574401855,
                    -3.7495028972625732
                ],
                [
                    -7.450580152834618e-09,
                    0.974052906036377,
                    0.22632034122943878,
                    0.912326455116272
                ],
                [
                    0.0,
                    0.0,
                    0.0,
                    1.0
                ]
            ]
        },
        {
            "file_path": "/data/shapenet_blender/all_50_random/02958343/41a6deadd39b4c754d0f9a1ef5f184fe/r_26",
            "rotation": 0.12566370614359174,
            "transform_matrix": [
                [
                    0.007982799783349037,
                    0.2369326651096344,
                    0.9714932441711426,
                    3.91621470451355
                ],
                [
                    0.9999682307243347,
                    -0.001891446067020297,
                    -0.007755482569336891,
                    -0.03126335144042969
                ],
                [
                    -1.1641533570472262e-10,
                    0.9715241193771362,
                    -0.23694024980068207,
                    -0.955136775970459
                ],
                [
                    0.0,
                    0.0,
                    0.0,
                    1.0
                ]
            ]
        },
        {
            "file_path": "/data/shapenet_blender/all_50_random/02958343/41a6deadd39b4c754d0f9a1ef5f184fe/r_27",
            "rotation": 0.12566370614359174,
            "transform_matrix": [
                [
                    -0.38620591163635254,
                    0.1487201452255249,
                    -0.9103446006774902,
                    -3.6697165966033936
                ],
                [
                    -0.922412633895874,
                    -0.06226779520511627,
                    0.3811531066894531,
                    1.5364774465560913
                ],
                [
                    -3.725290298461914e-09,
                    0.9869168996810913,
                    0.16122953593730927,
                    0.649937093257904
                ],
                [
                    0.0,
                    0.0,
                    0.0,
                    1.0
                ]
            ]
        },
        {
            "file_path": "/data/shapenet_blender/all_50_random/02958343/41a6deadd39b4c754d0f9a1ef5f184fe/r_28",
            "rotation": 0.12566370614359174,
            "transform_matrix": [
                [
                    0.8691728115081787,
                    0.0584045872092247,
                    0.49104738235473633,
                    1.9794752597808838
                ],
                [
                    0.4945084750652313,
                    -0.1026548221707344,
                    -0.8630894422531128,
                    -3.479224920272827
                ],
                [
                    0.0,
                    0.9930009245872498,
                    -0.11810635775327682,
                    -0.47610196471214294
                ],
                [
                    0.0,
                    0.0,
                    0.0,
                    1.0
                ]
            ]
        },
        {
            "file_path": "/data/shapenet_blender/all_50_random/02958343/41a6deadd39b4c754d0f9a1ef5f184fe/r_29",
            "rotation": 0.12566370614359174,
            "transform_matrix": [
                [
                    -0.8694464564323425,
                    0.23613998293876648,
                    0.43393635749816895,
                    1.749253511428833
                ],
                [
                    0.4940272569656372,
                    0.41558656096458435,
                    0.7636915445327759,
                    3.0785393714904785
                ],
                [
                    0.0,
                    0.8783653974533081,
                    -0.4779897928237915,
                    -1.9268386363983154
                ],
                [
                    0.0,
                    0.0,
                    0.0,
                    1.0
                ]
            ]
        },
        {
            "file_path": "/data/shapenet_blender/all_50_random/02958343/41a6deadd39b4c754d0f9a1ef5f184fe/r_30",
            "rotation": 0.12566370614359174,
            "transform_matrix": [
                [
                    -0.9867235422134399,
                    0.09795248508453369,
                    -0.12954550981521606,
                    -0.5222147107124329
                ],
                [
                    -0.16240915656089783,
                    -0.5951142907142639,
                    0.7870591282844543,
                    3.1727371215820312
                ],
                [
                    1.4901161193847656e-08,
                    0.7976492643356323,
                    0.6031215786933899,
                    2.4312610626220703
                ],
                [
                    0.0,
                    0.0,
                    0.0,
                    1.0
                ]
            ]
        },
        {
            "file_path": "/data/shapenet_blender/all_50_random/02958343/41a6deadd39b4c754d0f9a1ef5f184fe/r_31",
            "rotation": 0.12566370614359174,
            "transform_matrix": [
                [
                    -0.5355240702629089,
                    -0.7788210511207581,
                    0.32657602429389954,
                    1.3164700269699097
                ],
                [
                    0.844520092010498,
                    -0.49386319518089294,
                    0.2070872038602829,
                    0.8347952365875244
                ],
                [
                    0.0,
                    0.38670021295547485,
                    0.9222054481506348,
                    3.717529058456421
                ],
                [
                    0.0,
                    0.0,
                    0.0,
                    1.0
                ]
            ]
        },
        {
            "file_path": "/data/shapenet_blender/all_50_random/02958343/41a6deadd39b4c754d0f9a1ef5f184fe/r_32",
            "rotation": 0.12566370614359174,
            "transform_matrix": [
                [
                    -0.40947017073631287,
                    -0.009223947301506996,
                    -0.9122768044471741,
                    -3.6775057315826416
                ],
                [
                    -0.912323534488678,
                    0.00413990393280983,
                    0.4094492197036743,
                    1.6505427360534668
                ],
                [
                    4.656612873077393e-10,
                    0.9999489188194275,
                    -0.01011039037257433,
                    -0.04075629264116287
                ],
                [
                    0.0,
                    0.0,
                    0.0,
                    1.0
                ]
            ]
        },
        {
            "file_path": "/data/shapenet_blender/all_50_random/02958343/41a6deadd39b4c754d0f9a1ef5f184fe/r_33",
            "rotation": 0.12566370614359174,
            "transform_matrix": [
                [
                    -0.6936608552932739,
                    0.11030928045511246,
                    0.711804986000061,
                    2.869377851486206
                ],
                [
                    0.7203016877174377,
                    0.10622941702604294,
                    0.6854783892631531,
                    2.763252019882202
                ],
                [
                    0.0,
                    0.9882039427757263,
                    -0.15314313769340515,
                    -0.6173397898674011
                ],
                [
                    0.0,
                    0.0,
                    0.0,
                    1.0
                ]
            ]
        },
        {
            "file_path": "/data/shapenet_blender/all_50_random/02958343/41a6deadd39b4c754d0f9a1ef5f184fe/r_34",
            "rotation": 0.12566370614359174,
            "transform_matrix": [
                [
                    -0.5916933417320251,
                    0.25950008630752563,
                    0.7632554173469543,
                    3.0767805576324463
                ],
                [
                    0.8061631917953491,
                    0.19046327471733093,
                    0.5602006316184998,
                    2.2582406997680664
                ],
                [
                    -1.4901161193847656e-08,
                    0.9467751979827881,
                    -0.3218953013420105,
                    -1.297601342201233
                ],
                [
                    0.0,
                    0.0,
                    0.0,
                    1.0
                ]
            ]
        },
        {
            "file_path": "/data/shapenet_blender/all_50_random/02958343/41a6deadd39b4c754d0f9a1ef5f184fe/r_35",
            "rotation": 0.12566370614359174,
            "transform_matrix": [
                [
                    0.6737728714942932,
                    -0.26256075501441956,
                    0.6907183527946472,
                    2.784374952316284
                ],
                [
                    0.7389383912086487,
                    0.239406019449234,
                    -0.6298052072525024,
                    -2.5388262271881104
                ],
                [
                    1.4901160305669237e-08,
                    0.9347440600395203,
                    0.3553215265274048,
                    1.432347059249878
                ],
                [
                    0.0,
                    0.0,
                    0.0,
                    1.0
                ]
            ]
        },
        {
            "file_path": "/data/shapenet_blender/all_50_random/02958343/41a6deadd39b4c754d0f9a1ef5f184fe/r_36",
            "rotation": 0.12566370614359174,
            "transform_matrix": [
                [
                    0.6434131264686584,
                    -0.08985502272844315,
                    0.7602273225784302,
                    3.0645742416381836
                ],
                [
                    0.7655192017555237,
                    0.07552248984575272,
                    -0.6389654278755188,
                    -2.575752019882202
                ],
                [
                    -7.450581485102248e-09,
                    0.9930872917175293,
                    0.11737789958715439,
                    0.47316545248031616
                ],
                [
                    0.0,
                    0.0,
                    0.0,
                    1.0
                ]
            ]
        },
        {
            "file_path": "/data/shapenet_blender/all_50_random/02958343/41a6deadd39b4c754d0f9a1ef5f184fe/r_37",
            "rotation": 0.12566370614359174,
            "transform_matrix": [
                [
                    0.9880256652832031,
                    0.037150293588638306,
                    0.14975014328956604,
                    0.6036621332168579
                ],
                [
                    0.15428951382637024,
                    -0.23789982497692108,
                    -0.9589569568634033,
                    -3.8656790256500244
                ],
                [
                    0.0,
                    0.9705789685249329,
                    -0.24078302085399628,
                    -0.9706274271011353
                ],
                [
                    0.0,
                    0.0,
                    0.0,
                    1.0
                ]
            ]
        },
        {
            "file_path": "/data/shapenet_blender/all_50_random/02958343/41a6deadd39b4c754d0f9a1ef5f184fe/r_38",
            "rotation": 0.12566370614359174,
            "transform_matrix": [
                [
                    -0.6503220200538635,
                    0.024495629593729973,
                    0.7592636346817017,
                    3.060689687728882
                ],
                [
                    0.759658694267273,
                    0.020970001816749573,
                    0.6499837636947632,
                    2.620168447494507
                ],
                [
                    1.862645149230957e-09,
                    0.9994799494743347,
                    -0.03224556893110275,
                    -0.12998604774475098
                ],
                [
                    0.0,
                    0.0,
                    0.0,
                    1.0
                ]
            ]
        },
        {
            "file_path": "/data/shapenet_blender/all_50_random/02958343/41a6deadd39b4c754d0f9a1ef5f184fe/r_39",
            "rotation": 0.12566370614359174,
            "transform_matrix": [
                [
                    -0.6582189202308655,
                    -0.3532564640045166,
                    -0.6647989749908447,
                    -2.6798903942108154
                ],
                [
                    -0.7528265714645386,
                    0.3088627755641937,
                    0.5812537670135498,
                    2.343108892440796
                ],
                [
                    0.0,
                    0.8830705881118774,
                    -0.4692401885986328,
                    -1.8915677070617676
                ],
                [
                    0.0,
                    0.0,
                    0.0,
                    1.0
                ]
            ]
        },
        {
            "file_path": "/data/shapenet_blender/all_50_random/02958343/41a6deadd39b4c754d0f9a1ef5f184fe/r_40",
            "rotation": 0.12566370614359174,
            "transform_matrix": [
                [
                    0.8513410091400146,
                    -0.364559531211853,
                    -0.3772463798522949,
                    -1.5207289457321167
                ],
                [
                    -0.5246126651763916,
                    -0.591606855392456,
                    -0.6121950149536133,
                    -2.467837333679199
                ],
                [
                    -2.9802322387695312e-08,
                    0.7190948724746704,
                    -0.6949117183685303,
                    -2.801279067993164
                ],
                [
                    0.0,
                    0.0,
                    0.0,
                    1.0
                ]
            ]
        },
        {
            "file_path": "/data/shapenet_blender/all_50_random/02958343/41a6deadd39b4c754d0f9a1ef5f184fe/r_41",
            "rotation": 0.12566370614359174,
            "transform_matrix": [
                [
                    0.16058865189552307,
                    0.7030923366546631,
                    -0.6927280426025391,
                    -2.7924764156341553
                ],
                [
                    -0.9870213866233826,
                    0.11439333111047745,
                    -0.11270705610513687,
                    -0.4543367028236389
                ],
                [
                    0.0,
