{
    "class": "02958343",
    "model": "bb9109ffb1789e98e55e3289e5df0916",
    "remove_doubles": true,
    "edge_split": true,
    "denoise": true,
    "camera_angle_x": 0.6911112070083618,
    "scale_factor": 2.261737202651174,
    "hdri_file": "/data/IndoorHDRDataset2018/9C4A9249-9c8da3785f.exr",
    "center_offset": [
        0.0,
        0.0,
        -1.862645149230957e-09
    ],
    "lights": [],
    "frames": [
        {
            "file_path": "/data/shapenet_blender/all_50_random/02958343/bb9109ffb1789e98e55e3289e5df0916/r_0",
            "rotation": 0.12566370614359174,
            "transform_matrix": [
                [
                    0.16144664585590363,
                    0.4343017041683197,
                    -0.886181116104126,
                    -3.572310447692871
                ],
                [
                    -0.9868815541267395,
                    0.07104860246181488,
                    -0.1449728012084961,
                    -0.5844040513038635
                ],
                [
                    0.0,
                    0.8979610204696655,
                    0.4400748610496521,
                    1.773998498916626
                ],
                [
                    0.0,
                    0.0,
                    0.0,
                    1.0
                ]
            ]
        },
        {
            "file_path": "/data/shapenet_blender/all_50_random/02958343/bb9109ffb1789e98e55e3289e5df0916/r_1",
            "rotation": 0.12566370614359174,
            "transform_matrix": [
                [
                    0.20718657970428467,
                    -0.37691015005111694,
                    -0.9027803540229797,
                    -3.639224052429199
                ],
                [
                    -0.978301465511322,
                    -0.07982276380062103,
                    -0.19119258224964142,
                    -0.770721971988678
                ],
                [
                    0.0,
                    0.9228038787841797,
                    -0.38526996970176697,
                    -1.5530729293823242
                ],
                [
                    0.0,
                    0.0,
                    0.0,
                    1.0
                ]
            ]
        },
        {
            "file_path": "/data/shapenet_blender/all_50_random/02958343/bb9109ffb1789e98e55e3289e5df0916/r_2",
            "rotation": 0.12566370614359174,
            "transform_matrix": [
                [
                    -0.2856258153915405,
                    -0.2911311984062195,
                    -0.9130500555038452,
                    -3.6806228160858154
                ],
                [
                    -0.9583412408828735,
                    0.08676928281784058,
                    0.2721271216869354,
                    1.0969796180725098
                ],
                [
                    0.0,
                    0.9527401328086853,
                    -0.3037865161895752,
                    -1.2246026992797852
                ],
                [
                    0.0,
                    0.0,
                    0.0,
                    1.0
                ]
            ]
        },
        {
            "file_path": "/data/shapenet_blender/all_50_random/02958343/bb9109ffb1789e98e55e3289e5df0916/r_3",
            "rotation": 0.12566370614359174,
            "transform_matrix": [
                [
                    -0.9766988754272461,
                    0.03484031558036804,
                    -0.2117677927017212,
                    -0.8536633253097534
                ],
                [
                    -0.21461467444896698,
                    -0.1585562378168106,
                    0.9637429118156433,
                    3.884972095489502
                ],
                [
                    3.725290298461914e-09,
                    0.9867350459098816,
                    0.16233891248703003,
                    0.6544091701507568
                ],
                [
                    0.0,
                    0.0,
                    0.0,
                    1.0
                ]
            ]
        },
        {
            "file_path": "/data/shapenet_blender/all_50_random/02958343/bb9109ffb1789e98e55e3289e5df0916/r_4",
            "rotation": 0.12566370614359174,
            "transform_matrix": [
                [
                    0.7123646140098572,
                    0.30811789631843567,
                    -0.6305552124977112,
                    -2.5418496131896973
                ],
                [
                    -0.7018094658851624,
                    0.3127519190311432,
                    -0.6400386691093445,
                    -2.580078601837158
                ],
                [
                    -1.4901162970204496e-08,
                    0.8984705805778503,
                    0.43903347849845886,
                    1.7698006629943848
                ],
                [
                    0.0,
                    0.0,
                    0.0,
                    1.0
                ]
            ]
        },
        {
            "file_path": "/data/shapenet_blender/all_50_random/02958343/bb9109ffb1789e98e55e3289e5df0916/r_5",
            "rotation": 0.12566370614359174,
            "transform_matrix": [
                [
                    -0.9878101944923401,
                    -0.053705424070358276,
                    0.14610491693019867,
                    0.5889678001403809
                ],
                [
                    0.15566284954547882,
                    -0.3408055603504181,
                    0.9271572232246399,
                    3.737490653991699
                ],
                [
                    0.0,
                    0.9385986328125,
                    0.3450110852718353,
                    1.3907842636108398
                ],
                [
                    0.0,
                    0.0,
                    0.0,
                    1.0
                ]
            ]
        },
        {
            "file_path": "/data/shapenet_blender/all_50_random/02958343/bb9109ffb1789e98e55e3289e5df0916/r_6",
            "rotation": 0.12566370614359174,
            "transform_matrix": [
                [
                    -0.6118894815444946,
                    0.32013702392578125,
                    0.7232589721679688,
                    2.9155502319335938
                ],
                [
                    0.7909433245658875,
                    0.24766437709331512,
                    0.559527575969696,
                    2.2555277347564697
                ],
                [
                    0.0,
                    0.9144259095191956,
                    -0.4047533869743347,
                    -1.6316131353378296
                ],
                [
                    0.0,
                    0.0,
                    0.0,
                    1.0
                ]
            ]
        },
        {
            "file_path": "/data/shapenet_blender/all_50_random/02958343/bb9109ffb1789e98e55e3289e5df0916/r_7",
            "rotation": 0.12566370614359174,
            "transform_matrix": [
                [
                    -0.7430387139320374,
                    -0.010769818909466267,
                    0.6691616773605347,
                    2.697477102279663
                ],
                [
                    0.6692484021186829,
                    -0.011957284063100815,
                    0.7429425120353699,
                    2.9948971271514893
                ],
                [
                    0.0,
                    0.9998704791069031,
                    0.016092408448457718,
                    0.06487057358026505
                ],
                [
                    0.0,
                    0.0,
                    0.0,
                    1.0
                ]
            ]
        },
        {
            "file_path": "/data/shapenet_blender/all_50_random/02958343/bb9109ffb1789e98e55e3289e5df0916/r_8",
            "rotation": 0.12566370614359174,
            "transform_matrix": [
                [
                    0.9998913407325745,
                    -0.003871033200994134,
                    0.014223385602235794,
                    0.05733630061149597
                ],
                [
                    0.014740745536983013,
                    0.26257914304733276,
                    -0.964797854423523,
                    -3.8892245292663574
                ],
                [
                    -2.3283064365386963e-10,
                    0.9649026393890381,
                    0.2626076936721802,
                    1.058605432510376
                ],
                [
                    0.0,
                    0.0,
                    0.0,
                    1.0
                ]
            ]
        },
        {
            "file_path": "/data/shapenet_blender/all_50_random/02958343/bb9109ffb1789e98e55e3289e5df0916/r_9",
            "rotation": 0.12566370614359174,
            "transform_matrix": [
                [
                    -0.5010720491409302,
                    0.6412327885627747,
                    0.581160306930542,
                    2.3427321910858154
                ],
                [
                    0.8654056191444397,
                    0.3712754249572754,
                    0.33649328351020813,
                    1.3564478158950806
                ],
                [
                    -1.4901161193847656e-08,
                    0.6715466976165771,
                    -0.7409622073173523,
                    -2.9869141578674316
                ],
                [
                    0.0,
                    0.0,
                    0.0,
                    1.0
                ]
            ]
        },
        {
            "file_path": "/data/shapenet_blender/all_50_random/02958343/bb9109ffb1789e98e55e3289e5df0916/r_10",
            "rotation": 0.12566370614359174,
            "transform_matrix": [
                [
                    -0.14844021201133728,
                    0.6009189486503601,
                    -0.7854055166244507,
                    -3.1660711765289307
                ],
                [
                    -0.9889214038848877,
                    -0.09019981324672699,
                    0.1178918331861496,
                    0.4752372205257416
                ],
                [
                    7.450580596923828e-09,
                    0.7942042946815491,
                    0.6076508164405823,
                    2.449518918991089
                ],
                [
                    0.0,
                    0.0,
                    0.0,
                    1.0
                ]
            ]
        },
        {
            "file_path": "/data/shapenet_blender/all_50_random/02958343/bb9109ffb1789e98e55e3289e5df0916/r_11",
            "rotation": 0.12566370614359174,
            "transform_matrix": [
                [
                    0.35111090540885925,
                    -0.19716568291187286,
                    -0.9153397083282471,
                    -3.689852476119995
                ],
                [
                    -0.936333954334259,
                    -0.07393411546945572,
                    -0.34323838353157043,
                    -1.3836381435394287
                ],
                [
                    0.0,
                    0.977578341960907,
                    -0.21057195961475372,
                    -0.8488427400588989
                ],
                [
                    0.0,
                    0.0,
                    0.0,
                    1.0
                ]
            ]
        },
        {
            "file_path": "/data/shapenet_blender/all_50_random/02958343/bb9109ffb1789e98e55e3289e5df0916/r_12",
            "rotation": 0.12566370614359174,
            "transform_matrix": [
                [
                    0.9915110468864441,
                    0.02501649782061577,
                    0.12759283185005188,
                    0.5143431425094604
                ],
                [
                    0.13002212345600128,
                    -0.19076856970787048,
                    -0.9729859232902527,
                    -3.922231674194336
                ],
                [
                    1.8626450382086546e-09,
                    0.9813162088394165,
                    -0.19240184128284454,
                    -0.7755966186523438
                ],
                [
                    0.0,
                    0.0,
                    0.0,
                    1.0
                ]
            ]
        },
        {
            "file_path": "/data/shapenet_blender/all_50_random/02958343/bb9109ffb1789e98e55e3289e5df0916/r_13",
            "rotation": 0.12566370614359174,
            "transform_matrix": [
                [
                    0.5193465948104858,
                    -0.030680518597364426,
                    -0.8540127277374268,
                    -3.4426355361938477
                ],
                [
                    -0.8545636534690857,
                    -0.01864556595683098,
                    -0.5190117955207825,
                    -2.092203378677368
                ],
                [
                    0.0,
                    0.9993552565574646,
                    -0.03590196743607521,
                    -0.14472545683383942
                ],
                [
                    0.0,
                    0.0,
                    0.0,
                    1.0
                ]
            ]
        },
        {
            "file_path": "/data/shapenet_blender/all_50_random/02958343/bb9109ffb1789e98e55e3289e5df0916/r_14",
            "rotation": 0.12566370614359174,
            "transform_matrix": [
                [
                    -0.8283414840698242,
                    0.1642993837594986,
                    -0.5355893969535828,
                    -2.1590301990509033
                ],
                [
                    -0.5602235198020935,
                    -0.24293161928653717,
                    0.7919177412986755,
                    3.1923227310180664
                ],
                [
                    0.0,
                    0.9560282230377197,
                    0.2932746708393097,
                    1.1822280883789062
                ],
                [
                    0.0,
                    0.0,
                    0.0,
                    1.0
                ]
            ]
        },
        {
            "file_path": "/data/shapenet_blender/all_50_random/02958343/bb9109ffb1789e98e55e3289e5df0916/r_15",
            "rotation": 0.12566370614359174,
            "transform_matrix": [
                [
                    -0.4705340266227722,
                    0.21631097793579102,
                    0.8554573059082031,
                    3.4484589099884033
                ],
                [
                    0.8823819756507874,
                    0.11534877866506577,
                    0.45617637038230896,
                    1.838905930519104
                ],
                [
                    7.450581485102248e-09,
                    0.9694865345954895,
                    -0.24514439702033997,
                    -0.9882087111473083
                ],
                [
                    0.0,
                    0.0,
                    0.0,
                    1.0
                ]
            ]
        },
        {
            "file_path": "/data/shapenet_blender/all_50_random/02958343/bb9109ffb1789e98e55e3289e5df0916/r_16",
            "rotation": 0.12566370614359174,
            "transform_matrix": [
                [
                    -0.1415225714445114,
                    0.3016238212585449,
                    -0.9428650140762329,
                    -3.8008103370666504
                ],
                [
                    -0.9899351000785828,
                    -0.04312058165669441,
                    0.13479335606098175,
                    0.5433694124221802
                ],
                [
                    0.0,
                    0.9524514079093933,
                    0.30469051003456116,
                    1.2282466888427734
                ],
                [
                    0.0,
                    0.0,
                    0.0,
                    1.0
                ]
            ]
        },
        {
            "file_path": "/data/shapenet_blender/all_50_random/02958343/bb9109ffb1789e98e55e3289e5df0916/r_17",
            "rotation": 0.12566370614359174,
            "transform_matrix": [
                [
                    0.8313151597976685,
                    0.19303573668003082,
                    0.5212026834487915,
                    2.1010351181030273
                ],
                [
                    0.555801272392273,
                    -0.2887246906757355,
                    -0.7795659303665161,
                    -3.142530679702759
                ],
                [
                    0.0,
                    0.937749981880188,
                    -0.34731078147888184,
                    -1.4000545740127563
                ],
                [
                    0.0,
                    0.0,
                    0.0,
                    1.0
                ]
            ]
        },
        {
            "file_path": "/data/shapenet_blender/all_50_random/02958343/bb9109ffb1789e98e55e3289e5df0916/r_18",
            "rotation": 0.12566370614359174,
            "transform_matrix": [
                [
                    0.8357638120651245,
                    -0.19270242750644684,
                    -0.5141640305519104,
                    -2.0726616382598877
                ],
                [
                    -0.5490891933441162,
                    -0.29331064224243164,
                    -0.7826045751571655,
                    -3.154780149459839
                ],
                [
                    1.4901161193847656e-08,
                    0.936394453048706,
                    -0.350949227809906,
                    -1.4147217273712158
                ],
                [
                    0.0,
                    0.0,
                    0.0,
                    1.0
                ]
            ]
        },
        {
            "file_path": "/data/shapenet_blender/all_50_random/02958343/bb9109ffb1789e98e55e3289e5df0916/r_19",
            "rotation": 0.12566370614359174,
            "transform_matrix": [
                [
                    0.8997933864593506,
                    0.09107020497322083,
                    0.4267062246799469,
                    1.7201077938079834
                ],
                [
                    0.4363163709640503,
                    -0.1878095120191574,
                    -0.8799747824668884,
                    -3.5472917556762695
                ],
                [
                    7.450580596923828e-09,
                    0.9779742956161499,
                    -0.20872515439987183,
                    -0.8413980007171631
                ],
                [
                    0.0,
                    0.0,
                    0.0,
                    1.0
                ]
            ]
        },
        {
            "file_path": "/data/shapenet_blender/all_50_random/02958343/bb9109ffb1789e98e55e3289e5df0916/r_20",
            "rotation": 0.12566370614359174,
            "transform_matrix": [
                [
                    -0.6402670741081238,
                    0.1033451184630394,
                    -0.7611687183380127,
                    -3.068369150161743
                ],
                [
                    -0.7681522965431213,
                    -0.08613979071378708,
                    0.6344462037086487,
                    2.5575344562530518
                ],
                [
                    0.0,
                    0.9909084439277649,
                    0.13453729450702667,
                    0.54233717918396
                ],
                [
                    0.0,
                    0.0,
                    0.0,
                    1.0
                ]
            ]
        },
        {
            "file_path": "/data/shapenet_blender/all_50_random/02958343/bb9109ffb1789e98e55e3289e5df0916/r_21",
            "rotation": 0.12566370614359174,
            "transform_matrix": [
                [
                    -0.23559105396270752,
                    0.21203401684761047,
                    -0.9484400153160095,
                    -3.8232839107513428
                ],
                [
                    -0.9718523621559143,
                    -0.05140011012554169,
                    0.2299155592918396,
                    0.9268192648887634
                ],
                [
                    0.0,
                    0.9759095907211304,
                    0.21817515790462494,
                    0.8794921636581421
                ],
                [
                    0.0,
                    0.0,
                    0.0,
                    1.0
                ]
            ]
        },
        {
            "file_path": "/data/shapenet_blender/all_50_random/02958343/bb9109ffb1789e98e55e3289e5df0916/r_22",
            "rotation": 0.12566370614359174,
            "transform_matrix": [
                [
                    0.9918041229248047,
                    -0.04968581348657608,
                    -0.11771193891763687,
                    -0.4745120108127594
                ],
                [
                    -0.12776847183704376,
                    -0.38568663597106934,
                    -0.9137400984764099,
                    -3.6834042072296143
                ],
                [
                    -3.725290742551124e-09,
                    0.921290934085846,
                    -0.388873815536499,
                    -1.5676004886627197
                ],
                [
                    0.0,
                    0.0,
                    0.0,
                    1.0
                ]
            ]
        },
        {
            "file_path": "/data/shapenet_blender/all_50_random/02958343/bb9109ffb1789e98e55e3289e5df0916/r_23",
            "rotation": 0.12566370614359174,
            "transform_matrix": [
                [
                    -0.9778537750244141,
                    -0.16085003316402435,
                    0.13390015065670013,
                    0.5397687554359436
                ],
                [
                    0.20928923785686493,
                    -0.7515332102775574,
                    0.6256163120269775,
                    2.521939992904663
                ],
                [
                    7.450580596923828e-09,
                    0.6397851705551147,
                    0.7685537934303284,
                    3.098139524459839
                ],
                [
                    0.0,
                    0.0,
                    0.0,
                    1.0
                ]
            ]
        },
        {
            "file_path": "/data/shapenet_blender/all_50_random/02958343/bb9109ffb1789e98e55e3289e5df0916/r_24",
            "rotation": 0.12566370614359174,
            "transform_matrix": [
                [
                    -0.31738972663879395,
                    0.08606132864952087,
                    -0.9443818926811218,
                    -3.8069252967834473
                ],
                [
                    -0.9482951760292053,
                    -0.02880430407822132,
                    0.3160799741744995,
                    1.2741590738296509
                ],
                [
                    -1.862645149230957e-09,
                    0.9958733320236206,
                    0.09075373411178589,
                    0.36584001779556274
                ],
                [
                    0.0,
                    0.0,
                    0.0,
                    1.0
                ]
            ]
        },
        {
            "file_path": "/data/shapenet_blender/all_50_random/02958343/bb9109ffb1789e98e55e3289e5df0916/r_25",
            "rotation": 0.12566370614359174,
            "transform_matrix": [
                [
                    -0.6155331134796143,
                    -0.3871661424636841,
                    0.6864556670188904,
                    2.7671914100646973
                ],
                [
                    0.7881110906600952,
                    -0.30238577723503113,
                    0.5361378788948059,
                    2.161240816116333
                ],
                [
                    0.0,
                    0.871013879776001,
                    0.4912583827972412,
                    1.9803259372711182
                ],
                [
                    0.0,
                    0.0,
                    0.0,
                    1.0
                ]
            ]
        },
        {
            "file_path": "/data/shapenet_blender/all_50_random/02958343/bb9109ffb1789e98e55e3289e5df0916/r_26",
            "rotation": 0.12566370614359174,
            "transform_matrix": [
                [
                    0.9923308491706848,
                    0.022665806114673615,
                    0.12151407450437546,
                    0.4898388385772705
                ],
                [
                    0.12360989302396774,
                    -0.1819593608379364,
                    -0.9755057692527771,
                    -3.9323890209198
                ],
                [
                    0.0,
                    0.9830448627471924,
                    -0.1833656132221222,
                    -0.7391703128814697
                ],
                [
                    0.0,
                    0.0,
                    0.0,
                    1.0
                ]
            ]
        },
        {
            "file_path": "/data/shapenet_blender/all_50_random/02958343/bb9109ffb1789e98e55e3289e5df0916/r_27",
            "rotation": 0.12566370614359174,
            "transform_matrix": [
                [
                    -0.7452364563941956,
                    -0.3366450071334839,
                    0.575580358505249,
                    2.3202388286590576
                ],
                [
                    0.666800320148468,
                    -0.37624478340148926,
                    0.6432862281799316,
                    2.593169927597046
                ],
                [
                    1.4901159417490817e-08,
                    0.8631976246833801,
                    0.5048662424087524,
                    2.0351810455322266
                ],
                [
                    0.0,
                    0.0,
                    0.0,
                    1.0
                ]
            ]
        },
        {
            "file_path": "/data/shapenet_blender/all_50_random/02958343/bb9109ffb1789e98e55e3289e5df0916/r_28",
            "rotation": 0.12566370614359174,
            "transform_matrix": [
                [
                    -0.9999538064002991,
                    -0.009365182369947433,
                    -0.002175995148718357,
                    -0.008771717548370361
                ],
                [
                    -0.009614655748009682,
                    0.9740078449249268,
                    0.22631020843982697,
                    0.9122856855392456
                ],
                [
                    0.0,
                    0.2263207733631134,
                    -0.9740527868270874,
                    -3.926532506942749
                ],
                [
                    0.0,
                    0.0,
                    0.0,
                    1.0
                ]
            ]
        },
        {
            "file_path": "/data/shapenet_blender/all_50_random/02958343/bb9109ffb1789e98e55e3289e5df0916/r_29",
            "rotation": 0.12566370614359174,
            "transform_matrix": [
                [
                    0.670322835445404,
                    0.45682236552238464,
                    0.5847910642623901,
                    2.357368230819702
                ],
                [
                    0.7420695424079895,
                    -0.4126546382904053,
                    -0.5282507538795471,
                    -2.1294469833374023
                ],
                [
                    -1.4901160305669237e-08,
                    0.7880542874336243,
                    -0.6156058311462402,
                    -2.481586456298828
                ],
                [
                    0.0,
                    0.0,
                    0.0,
                    1.0
                ]
            ]
        },
        {
            "file_path": "/data/shapenet_blender/all_50_random/02958343/bb9109ffb1789e98e55e3289e5df0916/r_30",
            "rotation": 0.12566370614359174,
            "transform_matrix": [
                [
                    -0.2926884591579437,
                    -0.6787101626396179,
                    0.6735620498657227,
                    2.7152156829833984
                ],
                [
                    0.9562079310417175,
                    -0.20774836838245392,
                    0.20617258548736572,
                    0.8311083316802979
                ],
                [
                    -1.4901162970204496e-08,
                    0.7044097781181335,
                    0.7097934484481812,
                    2.861269235610962
                ],
                [
                    0.0,
                    0.0,
                    0.0,
                    1.0
                ]
            ]
        },
        {
            "file_path": "/data/shapenet_blender/all_50_random/02958343/bb9109ffb1789e98e55e3289e5df0916/r_31",
            "rotation": 0.12566370614359174,
            "transform_matrix": [
                [
                    -0.993554413318634,
                    0.012938736006617546,
                    0.11261554807424545,
                    0.453967809677124
                ],
                [
                    0.11335639655590057,
                    0.11340637505054474,
                    0.9870609641075134,
                    3.9789700508117676
                ],
                [
                    9.313225746154785e-10,
                    0.9934643507003784,
                    -0.11414209753274918,
                    -0.4601215124130249
                ],
                [
                    0.0,
                    0.0,
                    0.0,
                    1.0
                ]
            ]
        },
        {
            "file_path": "/data/shapenet_blender/all_50_random/02958343/bb9109ffb1789e98e55e3289e5df0916/r_32",
            "rotation": 0.12566370614359174,
            "transform_matrix": [
                [
                    0.9995948076248169,
                    -0.017015187069773674,
                    -0.022819513455033302,
                    -0.09198840707540512
                ],
                [
                    -0.02846483513712883,
                    -0.5975193977355957,
                    -0.8013489842414856,
                    -3.2303414344787598
                ],
                [
                    9.313225746154785e-10,
                    0.801673948764801,
                    -0.5977615118026733,
                    -2.409653902053833
                ],
                [
                    0.0,
                    0.0,
                    0.0,
                    1.0
                ]
            ]
        },
        {
            "file_path": "/data/shapenet_blender/all_50_random/02958343/bb9109ffb1789e98e55e3289e5df0916/r_33",
            "rotation": 0.12566370614359174,
            "transform_matrix": [
                [
                    0.7574349641799927,
                    -0.24243757128715515,
                    0.6062312126159668,
                    2.443796157836914
                ],
                [
                    0.6529106497764587,
                    0.28124937415122986,
                    -0.7032826542854309,
                    -2.8350231647491455
                ],
                [
                    -1.4901161193847656e-08,
                    0.9285057187080383,
                    0.37131816148757935,
                    1.4968314170837402
                ],
                [
                    0.0,
                    0.0,
                    0.0,
                    1.0
                ]
            ]
        },
        {
            "file_path": "/data/shapenet_blender/all_50_random/02958343/bb9109ffb1789e98e55e3289e5df0916/r_34",
            "rotation": 0.12566370614359174,
            "transform_matrix": [
                [
                    0.5215899348258972,
                    0.15404526889324188,
                    0.8391745686531067,
                    3.3828208446502686
                ],
                [
                    0.8531962633132935,
                    -0.09417348355054855,
                    -0.5130179524421692,
                    -2.0680415630340576
                ],
                [
                    7.450580152834618e-09,
                    0.9835656881332397,
                    -0.18055079877376556,
                    -0.7278235554695129
                ],
                [
                    0.0,
                    0.0,
                    0.0,
                    1.0
                ]
            ]
        },
        {
            "file_path": "/data/shapenet_blender/all_50_random/02958343/bb9109ffb1789e98e55e3289e5df0916/r_35",
            "rotation": 0.12566370614359174,
            "transform_matrix": [
                [
                    0.15442007780075073,
                    0.03979877382516861,
                    -0.9872034788131714,
                    -3.979543924331665
                ],
                [
                    -0.9880052804946899,
                    0.006220341194421053,
                    -0.15429475903511047,
                    -0.6219819784164429
                ],
                [
                    0.0,
                    0.9991883039474487,
                    0.040281955152750015,
                    0.16238173842430115
                ],
                [
                    0.0,
                    0.0,
                    0.0,
                    1.0
                ]
            ]
        },
        {
            "file_path": "/data/shapenet_blender/all_50_random/02958343/bb9109ffb1789e98e55e3289e5df0916/r_36",
            "rotation": 0.12566370614359174,
            "transform_matrix": [
                [
                    -0.6127029657363892,
                    -0.3652811348438263,
                    0.700831413269043,
                    2.8251421451568604
                ],
                [
                    0.7903133034706116,
                    -0.2831900417804718,
                    0.543330729007721,
                    2.1902365684509277
                ],
                [
                    0.0,
                    0.886776864528656,
                    0.46219784021377563,
                    1.8631792068481445
                ],
                [
                    0.0,
                    0.0,
                    0.0,
                    1.0
                ]
            ]
        },
        {
            "file_path": "/data/shapenet_blender/all_50_random/02958343/bb9109ffb1789e98e55e3289e5df0916/r_37",
            "rotation": 0.12566370614359174,
            "transform_matrix": [
                [
                    -0.397367924451828,
                    0.2743683159351349,
                    -0.8756829500198364,
                    -3.5299909114837646
                ],
                [
                    -0.9176592826843262,
                    -0.11880789697170258,
                    0.37919119000434875,
                    1.5285686254501343
                ],
                [
                    7.4505792646561986e-09,
                    0.9542571306228638,
                    0.29898712038993835,
                    1.2052556276321411
                ],
                [
                    0.0,
                    0.0,
                    0.0,
                    1.0
                ]
            ]
        },
        {
            "file_path": "/data/shapenet_blender/all_50_random/02958343/bb9109ffb1789e98e55e3289e5df0916/r_38",
            "rotation": 0.12566370614359174,
            "transform_matrix": [
                [
                    0.8810845613479614,
                    0.35742634534835815,
                    -0.30973610281944275,
                    -1.2485862970352173
                ],
                [
                    -0.47295886278152466,
                    0.6658567190170288,
                    -0.5770136117935181,
                    -2.326016426086426
                ],
                [
                    -1.4901161193847656e-08,
                    0.6548903584480286,
                    0.7557238936424255,
                    3.0464208126068115
                ],
                [
                    0.0,
                    0.0,
                    0.0,
                    1.0
                ]
            ]
        },
        {
            "file_path": "/data/shapenet_blender/all_50_random/02958343/bb9109ffb1789e98e55e3289e5df0916/r_39",
            "rotation": 0.12566370614359174,
            "transform_matrix": [
                [
                    0.9941682815551758,
                    0.09764481335878372,
                    0.04576972872018814,
                    0.1845036894083023
                ],
                [
                    0.10783959925174713,
                    -0.9001830816268921,
                    -0.42194902896881104,
                    -1.7009310722351074
                ],
                [
                    0.0,
                    0.4244242310523987,
                    -0.9054633975028992,
                    -3.6500399112701416
                ],
                [
                    0.0,
                    0.0,
                    0.0,
                    1.0
                ]
            ]
        },
        {
            "file_path": "/data/shapenet_blender/all_50_random/02958343/bb9109ffb1789e98e55e3289e5df0916/r_40",
            "rotation": 0.12566370614359174,
            "transform_matrix": [
                [
                    0.6149848103523254,
                    -0.6076481342315674,
                    0.5025508403778076,
                    2.0258474349975586
                ],
                [
                    0.788538932800293,
                    0.47390732169151306,
                    -0.39194154739379883,
                    -1.5799670219421387
                ],
                [
                    1.4901161193847656e-08,
                    0.6373190879821777,
                    0.7705999612808228,
                    3.1063880920410156
                ],
                [
                    0.0,
                    0.0,
                    0.0,
                    1.0
                ]
            ]
        },
        {
            "file_path": "/data/shapenet_blender/all_50_random/02958343/bb9109ffb1789e98e55e3289e5df0916/r_41",
            "rotation": 0.12566370614359174,
            "transform_matrix": [
                [
                    0.0760839655995369,
                    0.9247063994407654,
                    -0.37300050258636475,
                    -1.5036132335662842
                ],
                [
                    -0.9971014261245728,
                    0.07055985182523727,
                    -0.02846185676753521,
                    -0.11473342031240463
