{
    "class": "02958343",
    "model": "ce375f51744396e52a9eb0f146e94477",
    "remove_doubles": true,
    "edge_split": true,
    "denoise": true,
    "camera_angle_x": 0.6911112070083618,
    "scale_factor": 2.3639823734319814,
    "hdri_file": "/data/IndoorHDRDataset2018/9C4A6771-d80511f983.exr",
    "center_offset": [
        0.0,
        0.0,
        0.0
    ],
    "lights": [],
    "frames": [
        {
            "file_path": "/data/shapenet_blender/all_50_random/02958343/ce375f51744396e52a9eb0f146e94477/r_0",
            "rotation": 0.12566370614359174,
            "transform_matrix": [
                [
                    0.8840872645378113,
                    -0.2101868838071823,
                    0.417385995388031,
                    1.6825368404388428
                ],
                [
                    0.4673217236995697,
                    0.3976351320743561,
                    -0.7896179556846619,
                    -3.1830520629882812
                ],
                [
                    0.0,
                    0.8931447863578796,
                    0.4497690498828888,
                    1.8130772113800049
                ],
                [
                    0.0,
                    0.0,
                    0.0,
                    1.0
                ]
            ]
        },
        {
            "file_path": "/data/shapenet_blender/all_50_random/02958343/ce375f51744396e52a9eb0f146e94477/r_1",
            "rotation": 0.12566370614359174,
            "transform_matrix": [
                [
                    -0.9842939376831055,
                    -0.09782399237155914,
                    -0.1469559371471405,
                    -0.5923984050750732
                ],
                [
                    -0.17653778195381165,
                    0.545421838760376,
                    0.8193591237068176,
                    3.3029425144195557
                ],
                [
                    0.0,
                    0.8324334621429443,
                    -0.5541249513626099,
                    -2.2337493896484375
                ],
                [
                    0.0,
                    0.0,
                    0.0,
                    1.0
                ]
            ]
        },
        {
            "file_path": "/data/shapenet_blender/all_50_random/02958343/ce375f51744396e52a9eb0f146e94477/r_2",
            "rotation": 0.12566370614359174,
            "transform_matrix": [
                [
                    -0.7721999287605286,
                    -0.14505143463611603,
                    0.6186011433601379,
                    2.4936609268188477
                ],
                [
                    0.6353796124458313,
                    -0.1762862652540207,
                    0.7518084049224854,
                    3.0306365489959717
                ],
                [
                    -7.450580596923828e-09,
                    0.9735928177833557,
                    0.22829100489616394,
                    0.9202705025672913
                ],
                [
                    0.0,
                    0.0,
                    0.0,
                    1.0
                ]
            ]
        },
        {
            "file_path": "/data/shapenet_blender/all_50_random/02958343/ce375f51744396e52a9eb0f146e94477/r_3",
            "rotation": 0.12566370614359174,
            "transform_matrix": [
                [
                    -0.8968521356582642,
                    0.030581438913941383,
                    -0.441272109746933,
                    -1.778824806213379
                ],
                [
                    -0.44233056902885437,
                    -0.06200572848320007,
                    0.8947060704231262,
                    3.606675624847412
                ],
                [
                    0.0,
                    0.9976071715354919,
                    0.0691370740532875,
                    0.27870047092437744
                ],
                [
                    0.0,
                    0.0,
                    0.0,
                    1.0
                ]
            ]
        },
        {
            "file_path": "/data/shapenet_blender/all_50_random/02958343/ce375f51744396e52a9eb0f146e94477/r_4",
            "rotation": 0.12566370614359174,
            "transform_matrix": [
                [
                    -0.3886410892009735,
                    -0.39508551359176636,
                    0.8323853611946106,
                    3.3554530143737793
                ],
                [
                    0.9213893413543701,
                    -0.16664667427539825,
                    0.35109931230545044,
                    1.415326714515686
                ],
                [
                    0.0,
                    0.90340256690979,
                    0.4287932217121124,
                    1.7285208702087402
                ],
                [
                    0.0,
                    0.0,
                    0.0,
                    1.0
                ]
            ]
        },
        {
            "file_path": "/data/shapenet_blender/all_50_random/02958343/ce375f51744396e52a9eb0f146e94477/r_5",
            "rotation": 0.12566370614359174,
            "transform_matrix": [
                [
                    0.7610657811164856,
                    -0.16423755884170532,
                    -0.627538800239563,
                    -2.5296900272369385
                ],
                [
                    -0.6486747860908508,
                    -0.19269372522830963,
                    -0.736267626285553,
                    -2.967989921569824
                ],
                [
                    0.0,
                    0.9674167037010193,
                    -0.2531893253326416,
                    -1.0206389427185059
                ],
                [
                    0.0,
                    0.0,
                    0.0,
                    1.0
                ]
            ]
        },
        {
            "file_path": "/data/shapenet_blender/all_50_random/02958343/ce375f51744396e52a9eb0f146e94477/r_6",
            "rotation": 0.12566370614359174,
            "transform_matrix": [
                [
                    0.9609339237213135,
                    0.20696033537387848,
                    0.18377521634101868,
                    0.7408215999603271
                ],
                [
                    0.2767777144908905,
                    -0.7185376286506653,
                    -0.6380420923233032,
                    -2.5720298290252686
                ],
                [
                    1.4901159417490817e-08,
                    0.6639811992645264,
                    -0.7477492690086365,
                    -3.0142736434936523
                ],
                [
                    0.0,
                    0.0,
                    0.0,
                    1.0
                ]
            ]
        },
        {
            "file_path": "/data/shapenet_blender/all_50_random/02958343/ce375f51744396e52a9eb0f146e94477/r_7",
            "rotation": 0.12566370614359174,
            "transform_matrix": [
                [
                    0.16815173625946045,
                    0.2917546033859253,
                    0.9415966272354126,
                    3.7956974506378174
                ],
                [
                    0.9857611060142517,
                    -0.04976767674088478,
                    -0.1606181263923645,
                    -0.6474723815917969
                ],
                [
                    -3.725290298461914e-09,
                    0.9551976323127747,
                    -0.29596883058547974,
                    -1.1930885314941406
                ],
                [
                    0.0,
                    0.0,
                    0.0,
                    1.0
                ]
            ]
        },
        {
            "file_path": "/data/shapenet_blender/all_50_random/02958343/ce375f51744396e52a9eb0f146e94477/r_8",
            "rotation": 0.12566370614359174,
            "transform_matrix": [
                [
                    0.9528569579124451,
                    -0.1664505898952484,
                    0.2536885142326355,
                    1.022651195526123
                ],
                [
                    0.30341994762420654,
                    0.52271968126297,
                    -0.7966808080673218,
                    -3.2115232944488525
                ],
                [
                    0.0,
                    0.8360970616340637,
                    0.5485814213752747,
                    2.211402654647827
                ],
                [
                    0.0,
                    0.0,
                    0.0,
                    1.0
                ]
            ]
        },
        {
            "file_path": "/data/shapenet_blender/all_50_random/02958343/ce375f51744396e52a9eb0f146e94477/r_9",
            "rotation": 0.12566370614359174,
            "transform_matrix": [
                [
                    0.919157087802887,
                    0.37354210019111633,
                    -0.12496702373027802,
                    -0.5037581920623779
                ],
                [
                    -0.39389145374298096,
                    0.8716712594032288,
                    -0.2916141748428345,
                    -1.1755343675613403
                ],
                [
                    -7.450581485102248e-09,
                    0.31726253032684326,
                    0.9483376741409302,
                    3.822871446609497
                ],
                [
                    0.0,
                    0.0,
                    0.0,
                    1.0
                ]
            ]
        },
        {
            "file_path": "/data/shapenet_blender/all_50_random/02958343/ce375f51744396e52a9eb0f146e94477/r_10",
            "rotation": 0.12566370614359174,
            "transform_matrix": [
                [
                    0.7295256853103638,
                    -0.17581447958946228,
                    -0.6609702110290527,
                    -2.6644561290740967
                ],
                [
                    -0.6839535236358643,
                    -0.1875290721654892,
                    -0.7050110101699829,
                    -2.8419902324676514
                ],
                [
                    1.4901161193847656e-08,
                    0.9663965106010437,
                    -0.25705617666244507,
                    -1.0362266302108765
                ],
                [
                    0.0,
                    0.0,
                    0.0,
                    1.0
                ]
            ]
        },
        {
            "file_path": "/data/shapenet_blender/all_50_random/02958343/ce375f51744396e52a9eb0f146e94477/r_11",
            "rotation": 0.12566370614359174,
            "transform_matrix": [
                [
                    -0.9996193051338196,
                    -0.0061563486233353615,
                    0.026893306523561478,
                    0.10841038823127747
                ],
                [
                    0.02758895792067051,
                    -0.22306042909622192,
                    0.974414050579071,
                    3.9279887676239014
                ],
                [
                    0.0,
                    0.9747850894927979,
                    0.22314538061618805,
                    0.8995277881622314
                ],
                [
                    0.0,
                    0.0,
                    0.0,
                    1.0
                ]
            ]
        },
        {
            "file_path": "/data/shapenet_blender/all_50_random/02958343/ce375f51744396e52a9eb0f146e94477/r_12",
            "rotation": 0.12566370614359174,
            "transform_matrix": [
                [
                    -0.9880456328392029,
                    -0.08754954487085342,
                    -0.12688885629177094,
                    -0.5115053653717041
                ],
                [
                    -0.154161274433136,
                    0.561119794845581,
                    0.8132520318031311,
                    3.2783238887786865
                ],
                [
                    7.450580152834618e-09,
                    0.8230915069580078,
                    -0.5679087042808533,
                    -2.289313316345215
                ],
                [
                    0.0,
                    0.0,
                    0.0,
                    1.0
                ]
            ]
        },
        {
            "file_path": "/data/shapenet_blender/all_50_random/02958343/ce375f51744396e52a9eb0f146e94477/r_13",
            "rotation": 0.12566370614359174,
            "transform_matrix": [
                [
                    -0.9910731315612793,
                    -0.12453875690698624,
                    -0.04758317768573761,
                    -0.19181393086910248
                ],
                [
                    -0.13331939280033112,
                    0.9257993698120117,
                    0.35372501611709595,
                    1.4259111881256104
                ],
                [
                    0.0,
                    0.3569111227989197,
                    -0.934138298034668,
                    -3.765631914138794
                ],
                [
                    0.0,
                    0.0,
                    0.0,
                    1.0
                ]
            ]
        },
        {
            "file_path": "/data/shapenet_blender/all_50_random/02958343/ce375f51744396e52a9eb0f146e94477/r_14",
            "rotation": 0.12566370614359174,
            "transform_matrix": [
                [
                    0.9850274324417114,
                    -0.06321640312671661,
                    0.16038936376571655,
                    0.646550178527832
                ],
                [
                    0.17239797115325928,
                    0.3611985146999359,
                    -0.9164139628410339,
                    -3.694182872772217
                ],
                [
                    -3.725290298461914e-09,
                    0.9303436875343323,
                    0.3666887879371643,
                    1.4781697988510132
                ],
                [
                    0.0,
                    0.0,
                    0.0,
                    1.0
                ]
            ]
        },
        {
            "file_path": "/data/shapenet_blender/all_50_random/02958343/ce375f51744396e52a9eb0f146e94477/r_15",
            "rotation": 0.12566370614359174,
            "transform_matrix": [
                [
                    -0.09482152760028839,
                    0.03079640492796898,
                    0.9950177669525146,
                    4.011044979095459
                ],
                [
                    0.9954943656921387,
                    0.002933378564193845,
                    0.09477612376213074,
                    0.38205477595329285
                ],
                [
                    0.0,
                    0.9995213747024536,
                    -0.03093579038977623,
                    -0.12470615655183792
                ],
                [
                    0.0,
                    0.0,
                    0.0,
                    1.0
                ]
            ]
        },
        {
            "file_path": "/data/shapenet_blender/all_50_random/02958343/ce375f51744396e52a9eb0f146e94477/r_16",
            "rotation": 0.12566370614359174,
            "transform_matrix": [
                [
                    0.9394694566726685,
                    -0.059438250958919525,
                    -0.3374377489089966,
                    -1.360255241394043
                ],
                [
                    -0.3426327109336853,
                    -0.16297459602355957,
                    -0.9252253770828247,
                    -3.729702949523926
                ],
                [
                    -3.725290298461914e-09,
                    0.9848382472991943,
                    -0.17347510159015656,
                    -0.6993005871772766
                ],
                [
                    0.0,
                    0.0,
                    0.0,
                    1.0
                ]
            ]
        },
        {
            "file_path": "/data/shapenet_blender/all_50_random/02958343/ce375f51744396e52a9eb0f146e94477/r_17",
            "rotation": 0.12566370614359174,
            "transform_matrix": [
                [
                    0.5660793781280518,
                    -0.3226444721221924,
                    0.7585872411727905,
                    3.0579628944396973
                ],
                [
                    0.8243506550788879,
                    0.22155910730361938,
                    -0.5209198594093323,
                    -2.0998950004577637
                ],
                [
                    0.0,
                    0.9202238321304321,
                    0.3913922905921936,
                    1.5777528285980225
                ],
                [
                    0.0,
                    0.0,
                    0.0,
                    1.0
                ]
            ]
        },
        {
            "file_path": "/data/shapenet_blender/all_50_random/02958343/ce375f51744396e52a9eb0f146e94477/r_18",
            "rotation": 0.12566370614359174,
            "transform_matrix": [
                [
                    0.39879050850868225,
                    -0.0690751001238823,
                    -0.9144367575645447,
                    -3.6862127780914307
                ],
                [
                    -0.917042076587677,
                    -0.030038420110940933,
                    -0.3976575434207916,
                    -1.6030089855194092
                ],
                [
                    -1.862645149230957e-09,
                    0.9971591830253601,
                    -0.07532379776239395,
                    -0.3036399781703949
                ],
                [
                    0.0,
                    0.0,
                    0.0,
                    1.0
                ]
            ]
        },
        {
            "file_path": "/data/shapenet_blender/all_50_random/02958343/ce375f51744396e52a9eb0f146e94477/r_19",
            "rotation": 0.12566370614359174,
            "transform_matrix": [
                [
                    -0.9948354363441467,
                    -0.05494418740272522,
                    0.08534439653158188,
                    0.3440342843532562
                ],
                [
                    0.10150138288736343,
                    -0.5385189652442932,
                    0.8364775776863098,
                    3.3719491958618164
                ],
                [
                    -3.725290076417309e-09,
                    0.8408200740814209,
                    0.5413146018981934,
                    2.1821091175079346
                ],
                [
                    0.0,
                    0.0,
                    0.0,
                    1.0
                ]
            ]
        },
        {
            "file_path": "/data/shapenet_blender/all_50_random/02958343/ce375f51744396e52a9eb0f146e94477/r_20",
            "rotation": 0.12566370614359174,
            "transform_matrix": [
                [
                    -0.8893314003944397,
                    -0.09052055329084396,
                    0.448214054107666,
                    1.8068087100982666
                ],
                [
                    0.4572634696960449,
                    -0.17605336010456085,
                    0.871731162071228,
                    3.5140609741210938
                ],
                [
                    7.450581485102248e-09,
                    0.9802098274230957,
                    0.1979614794254303,
                    0.7980083227157593
                ],
                [
                    0.0,
                    0.0,
                    0.0,
                    1.0
                ]
            ]
        },
        {
            "file_path": "/data/shapenet_blender/all_50_random/02958343/ce375f51744396e52a9eb0f146e94477/r_21",
            "rotation": 0.12566370614359174,
            "transform_matrix": [
                [
                    -0.12378665059804916,
                    0.8451300263404846,
                    -0.5200307369232178,
                    -2.096311092376709
                ],
                [
                    -0.9923087954521179,
                    -0.10542668402194977,
                    0.06487181037664413,
                    0.26150667667388916
                ],
                [
                    -3.725290076417309e-09,
                    0.5240614414215088,
                    0.8516803979873657,
                    3.4332337379455566
                ],
                [
                    0.0,
                    0.0,
                    0.0,
                    1.0
                ]
            ]
        },
        {
            "file_path": "/data/shapenet_blender/all_50_random/02958343/ce375f51744396e52a9eb0f146e94477/r_22",
            "rotation": 0.12566370614359174,
            "transform_matrix": [
                [
                    -0.48110225796699524,
                    -0.4298674762248993,
                    -0.7640383243560791,
                    -3.079936981201172
                ],
                [
                    -0.8766644597053528,
                    0.23590576648712158,
                    0.41929444670677185,
                    1.6902300119400024
                ],
                [
                    0.0,
                    0.871528685092926,
                    -0.4903443455696106,
                    -1.976641297340393
                ],
                [
                    0.0,
                    0.0,
                    0.0,
                    1.0
                ]
            ]
        },
        {
            "file_path": "/data/shapenet_blender/all_50_random/02958343/ce375f51744396e52a9eb0f146e94477/r_23",
            "rotation": 0.12566370614359174,
            "transform_matrix": [
                [
                    -0.5074345469474792,
                    -0.1109781563282013,
                    0.8545138835906982,
                    3.444655656814575
                ],
                [
                    0.8616902828216553,
                    -0.06535313278436661,
                    0.5032085180282593,
                    2.028498411178589
                ],
                [
                    7.450580596923828e-09,
                    0.9916716814041138,
                    0.1287912279367447,
                    0.5191740393638611
                ],
                [
                    0.0,
                    0.0,
                    0.0,
                    1.0
                ]
            ]
        },
        {
            "file_path": "/data/shapenet_blender/all_50_random/02958343/ce375f51744396e52a9eb0f146e94477/r_24",
            "rotation": 0.12566370614359174,
            "transform_matrix": [
                [
                    -0.9588133096694946,
                    -0.15438774228096008,
                    0.23841455578804016,
                    0.9610798358917236
                ],
                [
                    0.28403711318969727,
                    -0.5211608409881592,
                    0.8048069477081299,
                    3.2442805767059326
                ],
                [
                    0.0,
                    0.8393781185150146,
                    0.5435478091239929,
                    2.1911113262176514
                ],
                [
                    0.0,
                    0.0,
                    0.0,
                    1.0
                ]
            ]
        },
        {
            "file_path": "/data/shapenet_blender/all_50_random/02958343/ce375f51744396e52a9eb0f146e94477/r_25",
            "rotation": 0.12566370614359174,
            "transform_matrix": [
                [
                    0.9789838194847107,
                    0.12831439077854156,
                    -0.15851226449012756,
                    -0.638983428478241
                ],
                [
                    -0.2039380669593811,
                    0.6159601211547852,
                    -0.7609219551086426,
                    -3.0673747062683105
                ],
                [
                    -7.450580596923828e-09,
                    0.777256965637207,
                    0.6291831731796265,
                    2.536318778991699
                ],
                [
                    0.0,
                    0.0,
                    0.0,
                    1.0
                ]
            ]
        },
        {
            "file_path": "/data/shapenet_blender/all_50_random/02958343/ce375f51744396e52a9eb0f146e94477/r_26",
            "rotation": 0.12566370614359174,
            "transform_matrix": [
                [
                    -0.9447377920150757,
                    0.13580454885959625,
                    -0.29837507009506226,
                    -1.2027884721755981
                ],
                [
                    -0.3278270363807678,
                    -0.3913639485836029,
                    0.8598625659942627,
                    3.466217041015625
                ],
                [
                    0.0,
                    0.9101600646972656,
                    0.41425666213035583,
                    1.669922113418579
                ],
                [
                    0.0,
                    0.0,
                    0.0,
                    1.0
                ]
            ]
        },
        {
            "file_path": "/data/shapenet_blender/all_50_random/02958343/ce375f51744396e52a9eb0f146e94477/r_27",
            "rotation": 0.12566370614359174,
            "transform_matrix": [
                [
                    -0.9304931163787842,
                    0.06340151280164719,
                    0.3607809543609619,
                    1.4543545246124268
                ],
                [
                    0.3663095235824585,
                    0.1610514223575592,
                    0.9164495468139648,
                    3.694326400756836
                ],
                [
                    3.725290742551124e-09,
                    0.9849073886871338,
                    -0.17308181524276733,
                    -0.6977151036262512
                ],
                [
                    0.0,
                    0.0,
                    0.0,
                    1.0
                ]
            ]
        },
        {
            "file_path": "/data/shapenet_blender/all_50_random/02958343/ce375f51744396e52a9eb0f146e94477/r_28",
            "rotation": 0.12566370614359174,
            "transform_matrix": [
                [
                    -0.9860418438911438,
                    0.08977577090263367,
                    -0.1402205377817154,
                    -0.565247118473053
                ],
                [
                    -0.16649770736694336,
                    -0.5316749215126038,
                    0.8304216861724854,
                    3.347537040710449
                ],
                [
                    0.0,
                    0.8421769738197327,
                    0.5392010807991028,
                    2.1735892295837402
                ],
                [
                    0.0,
                    0.0,
                    0.0,
                    1.0
                ]
            ]
        },
        {
            "file_path": "/data/shapenet_blender/all_50_random/02958343/ce375f51744396e52a9eb0f146e94477/r_29",
            "rotation": 0.12566370614359174,
            "transform_matrix": [
                [
                    -0.7936962842941284,
                    -0.002150635002180934,
                    -0.6083104610443115,
                    -2.4521775245666504
                ],
                [
                    -0.6083142757415771,
                    0.0028060353361070156,
                    0.7936914563179016,
                    3.199472188949585
                ],
                [
                    1.1641530794914701e-10,
                    0.9999938011169434,
                    -0.0035354020074009895,
                    -0.014251659624278545
                ],
                [
                    0.0,
                    0.0,
                    0.0,
                    1.0
                ]
            ]
        },
        {
            "file_path": "/data/shapenet_blender/all_50_random/02958343/ce375f51744396e52a9eb0f146e94477/r_30",
            "rotation": 0.12566370614359174,
            "transform_matrix": [
                [
                    0.5159773826599121,
                    0.39542660117149353,
                    -0.759871780872345,
                    -3.063141107559204
                ],
                [
                    -0.8566021919250488,
                    0.23818662762641907,
                    -0.45771145820617676,
                    -1.845093846321106
                ],
                [
                    0.0,
                    0.8870765566825867,
                    0.4616221785545349,
                    1.8608585596084595
                ],
                [
                    0.0,
                    0.0,
                    0.0,
                    1.0
                ]
            ]
        },
        {
            "file_path": "/data/shapenet_blender/all_50_random/02958343/ce375f51744396e52a9eb0f146e94477/r_31",
            "rotation": 0.12566370614359174,
            "transform_matrix": [
                [
                    -0.5831134915351868,
                    -0.4483909010887146,
                    -0.6774394512176514,
                    -2.7308459281921387
                ],
                [
                    -0.8123908042907715,
                    0.32184362411499023,
                    0.4862488806247711,
                    1.9601320028305054
                ],
                [
                    0.0,
                    0.8338838219642639,
                    -0.5519399046897888,
                    -2.2249412536621094
                ],
                [
                    0.0,
                    0.0,
                    0.0,
                    1.0
                ]
            ]
        },
        {
            "file_path": "/data/shapenet_blender/all_50_random/02958343/ce375f51744396e52a9eb0f146e94477/r_32",
            "rotation": 0.12566370614359174,
            "transform_matrix": [
                [
                    -0.3104458451271057,
                    0.010599728673696518,
                    0.9505319595336914,
                    3.831717014312744
                ],
                [
                    0.9505910873413086,
                    0.0034616796765476465,
                    0.3104265332221985,
                    1.2513694763183594
                ],
                [
                    0.0,
                    0.999937891960144,
                    -0.011150670237839222,
                    -0.044949792325496674
                ],
                [
                    0.0,
                    0.0,
                    0.0,
                    1.0
                ]
            ]
        },
        {
            "file_path": "/data/shapenet_blender/all_50_random/02958343/ce375f51744396e52a9eb0f146e94477/r_33",
            "rotation": 0.12566370614359174,
            "transform_matrix": [
                [
                    -0.2866396903991699,
                    -0.13625141978263855,
                    -0.9483001828193665,
                    -3.8227202892303467
                ],
                [
                    -0.9580384492874146,
                    0.040765661746263504,
                    0.2837260663509369,
                    1.1437363624572754
                ],
                [
                    7.450580596923828e-09,
                    0.9898351430892944,
                    -0.1422191709280014,
                    -0.5733038187026978
                ],
                [
                    0.0,
                    0.0,
                    0.0,
                    1.0
                ]
            ]
        },
        {
            "file_path": "/data/shapenet_blender/all_50_random/02958343/ce375f51744396e52a9eb0f146e94477/r_34",
            "rotation": 0.12566370614359174,
            "transform_matrix": [
                [
                    0.5234882235527039,
                    0.7945461273193359,
                    0.30766287446022034,
                    1.2402287721633911
                ],
                [
                    0.8520328998565674,
                    -0.4881683886051178,
                    -0.1890277862548828,
                    -0.7619953751564026
                ],
                [
                    -1.4901161193847656e-08,
                    0.3610927164554596,
                    -0.9325299263000488,
                    -3.759148359298706
                ],
                [
                    0.0,
                    0.0,
                    0.0,
                    1.0
                ]
            ]
        },
        {
            "file_path": "/data/shapenet_blender/all_50_random/02958343/ce375f51744396e52a9eb0f146e94477/r_35",
            "rotation": 0.12566370614359174,
            "transform_matrix": [
                [
                    0.9994311928749084,
                    -0.006280824542045593,
                    0.033136170357465744,
                    0.1335761547088623
                ],
                [
                    0.03372617065906525,
                    0.1861240565776825,
                    -0.9819473028182983,
                    -3.958355665206909
                ],
                [
                    4.656612873077393e-10,
                    0.9825062155723572,
                    0.18623000383377075,
                    0.750717043876648
                ],
                [
                    0.0,
                    0.0,
                    0.0,
                    1.0
                ]
            ]
        },
        {
            "file_path": "/data/shapenet_blender/all_50_random/02958343/ce375f51744396e52a9eb0f146e94477/r_36",
            "rotation": 0.12566370614359174,
            "transform_matrix": [
                [
                    0.9309055209159851,
                    0.23421305418014526,
                    0.28028395771980286,
                    1.1298606395721436
                ],
                [
                    0.36525994539260864,
                    -0.596917986869812,
                    -0.7143347859382629,
                    -2.879575252532959
                ],
                [
                    1.4901160305669237e-08,
                    0.7673546075820923,
                    -0.6412229537963867,
                    -2.5848519802093506
                ],
                [
                    0.0,
                    0.0,
                    0.0,
                    1.0
                ]
            ]
        },
        {
            "file_path": "/data/shapenet_blender/all_50_random/02958343/ce375f51744396e52a9eb0f146e94477/r_37",
            "rotation": 0.12566370614359174,
            "transform_matrix": [
                [
                    -0.24118980765342712,
                    0.46753913164138794,
                    -0.8504320979118347,
                    -3.4282009601593018
                ],
                [
                    -0.9704779982566833,
                    -0.11619601398706436,
                    0.21135517954826355,
                    0.8519998788833618
                ],
                [
                    0.0,
                    0.8763022422790527,
                    0.48176175355911255,
                    1.9420435428619385
                ],
                [
                    0.0,
                    0.0,
                    0.0,
                    1.0
                ]
            ]
        },
        {
            "file_path": "/data/shapenet_blender/all_50_random/02958343/ce375f51744396e52a9eb0f146e94477/r_38",
            "rotation": 0.12566370614359174,
            "transform_matrix": [
                [
                    0.6465904712677002,
                    0.07214859127998352,
                    0.7594177722930908,
                    3.0613110065460205
                ],
                [
                    0.7628373503684998,
                    -0.061154045164585114,
                    -0.6436919569969177,
                    -2.5948052406311035
                ],
                [
                    0.0,
                    0.995517373085022,
                    -0.09457924216985703,
                    -0.38126111030578613
                ],
                [
                    0.0,
                    0.0,
                    0.0,
                    1.0
                ]
            ]
        },
        {
            "file_path": "/data/shapenet_blender/all_50_random/02958343/ce375f51744396e52a9eb0f146e94477/r_39",
            "rotation": 0.12566370614359174,
            "transform_matrix": [
                [
                    -0.9628250598907471,
                    0.01697002723813057,
                    0.2695918381214142,
                    1.0867594480514526
                ],
                [
                    0.2701253890991211,
                    0.06048734113574028,
                    0.9609232544898987,
                    3.873605489730835
                ],
                [
                    1.8626450382086546e-09,
                    0.9980246424674988,
                    -0.06282277405261993,
                    -0.2532466948032379
                ],
                [
                    0.0,
                    0.0,
                    0.0,
                    1.0
                ]
            ]
        },
        {
            "file_path": "/data/shapenet_blender/all_50_random/02958343/ce375f51744396e52a9eb0f146e94477/r_40",
            "rotation": 0.12566370614359174,
            "transform_matrix": [
                [
                    0.7264841198921204,
                    0.043243467807769775,
                    0.6858212351799011,
                    2.764634132385254
                ],
                [
                    0.6871833205223083,
                    -0.04571660980582237,
                    -0.7250441312789917,
                    -2.9227466583251953
                ],
                [
                    0.0,
                    0.9980180263519287,
                    -0.06292856484651566,
                    -0.2536731958389282
                ],
                [
                    0.0,
                    0.0,
                    0.0,
                    1.0
                ]
            ]
        },
        {
            "file_path": "/data/shapenet_blender/all_50_random/02958343/ce375f51744396e52a9eb0f146e94477/r_41",
            "rotation": 0.12566370614359174,
            "transform_matrix": [
                [
                    -0.8678520321846008,
                    0.2424999624490738,
                    -0.4336203932762146,
                    -1.7479798793792725
                ],
                [
                    -0.4968228340148926,
                    -0.42359983921051025,
                    0.757449746131897,
                    3.053377866744995
                ],
                [
