{
    "class": "02958343",
    "model": "731efc7a52841a5a59139efcde1fedcb",
    "remove_doubles": true,
    "edge_split": true,
    "denoise": true,
    "camera_angle_x": 0.6911112070083618,
    "scale_factor": 2.2914679055212233,
    "hdri_file": "/data/IndoorHDRDataset2018/AG8A6551-f384907168.exr",
    "center_offset": [
        0.0,
        0.0,
        -2.7939677238464355e-09
    ],
    "lights": [],
    "frames": [
        {
            "file_path": "/data/shapenet_blender/all_50_random/02958343/731efc7a52841a5a59139efcde1fedcb/r_0",
            "rotation": 0.12566370614359174,
            "transform_matrix": [
                [
                    -0.10339760780334473,
                    -0.02355053834617138,
                    0.9943612813949585,
                    4.008398532867432
                ],
                [
                    0.9946401715278625,
                    -0.0024481911677867174,
                    0.1033686175942421,
                    0.41669222712516785
                ],
                [
                    -2.3283064365386963e-10,
                    0.9997196793556213,
                    0.023677444085478783,
                    0.09544683247804642
                ],
                [
                    0.0,
                    0.0,
                    0.0,
                    1.0
                ]
            ]
        },
        {
            "file_path": "/data/shapenet_blender/all_50_random/02958343/731efc7a52841a5a59139efcde1fedcb/r_1",
            "rotation": 0.12566370614359174,
            "transform_matrix": [
                [
                    -0.9910029172897339,
                    -0.048769835382699966,
                    0.12463880330324173,
                    0.5024350881576538
                ],
                [
                    0.1338406801223755,
                    -0.36110877990722656,
                    0.9228689670562744,
                    3.7202038764953613
                ],
                [
                    0.0,
                    0.9312474727630615,
                    0.36438724398612976,
                    1.468891978263855
                ],
                [
                    0.0,
                    0.0,
                    0.0,
                    1.0
                ]
            ]
        },
        {
            "file_path": "/data/shapenet_blender/all_50_random/02958343/731efc7a52841a5a59139efcde1fedcb/r_2",
            "rotation": 0.12566370614359174,
            "transform_matrix": [
                [
                    0.6296665668487549,
                    0.2517118453979492,
                    -0.7349565029144287,
                    -2.9627044200897217
                ],
                [
                    -0.7768654227256775,
                    0.2040180265903473,
                    -0.5956984758377075,
                    -2.4013373851776123
                ],
                [
                    0.0,
                    0.946053683757782,
                    0.32400959730148315,
                    1.3061244487762451
                ],
                [
                    0.0,
                    0.0,
                    0.0,
                    1.0
                ]
            ]
        },
        {
            "file_path": "/data/shapenet_blender/all_50_random/02958343/731efc7a52841a5a59139efcde1fedcb/r_3",
            "rotation": 0.12566370614359174,
            "transform_matrix": [
                [
                    0.32728350162506104,
                    0.6380565166473389,
                    -0.696971595287323,
                    -2.809582471847534
                ],
                [
                    -0.9449262022972107,
                    0.22099646925926208,
                    -0.24140223860740662,
                    -0.9731235504150391
                ],
                [
                    0.0,
                    0.7375937700271606,
                    0.6752447485923767,
                    2.721998691558838
                ],
                [
                    0.0,
                    0.0,
                    0.0,
                    1.0
                ]
            ]
        },
        {
            "file_path": "/data/shapenet_blender/all_50_random/02958343/731efc7a52841a5a59139efcde1fedcb/r_4",
            "rotation": 0.12566370614359174,
            "transform_matrix": [
                [
                    0.11741343885660172,
                    -0.20337335765361786,
                    -0.9720356464385986,
                    -3.918401002883911
                ],
                [
                    -0.993083119392395,
                    -0.024045081809163094,
                    -0.11492496728897095,
                    -0.4632773697376251
                ],
                [
                    0.0,
                    0.9788059592247009,
                    -0.20478986203670502,
                    -0.8255343437194824
                ],
                [
                    0.0,
                    0.0,
                    0.0,
                    1.0
                ]
            ]
        },
        {
            "file_path": "/data/shapenet_blender/all_50_random/02958343/731efc7a52841a5a59139efcde1fedcb/r_5",
            "rotation": 0.12566370614359174,
            "transform_matrix": [
                [
                    0.31104984879493713,
                    0.12985347211360931,
                    -0.9414807558059692,
                    -3.7952303886413574
                ],
                [
                    -0.9503936171531677,
                    0.042499132454395294,
                    -0.3081327974796295,
                    -1.242123007774353
                ],
                [
                    0.0,
                    0.9906219244003296,
                    0.13663125038146973,
                    0.5507782101631165
                ],
                [
                    0.0,
                    0.0,
                    0.0,
                    1.0
                ]
            ]
        },
        {
            "file_path": "/data/shapenet_blender/all_50_random/02958343/731efc7a52841a5a59139efcde1fedcb/r_6",
            "rotation": 0.12566370614359174,
            "transform_matrix": [
                [
                    -0.8194292783737183,
                    -0.015084590762853622,
                    0.5729817152023315,
                    2.309763193130493
                ],
                [
                    0.5731801986694336,
                    -0.021565215662121773,
                    0.8191455006599426,
                    3.3020811080932617
                ],
                [
                    -9.313224635931761e-10,
                    0.999653697013855,
                    0.026317358016967773,
                    0.10608866065740585
                ],
                [
                    0.0,
                    0.0,
                    0.0,
                    1.0
                ]
            ]
        },
        {
            "file_path": "/data/shapenet_blender/all_50_random/02958343/731efc7a52841a5a59139efcde1fedcb/r_7",
            "rotation": 0.12566370614359174,
            "transform_matrix": [
                [
                    -0.9482531547546387,
                    -0.0004942229716107249,
                    0.3175150752067566,
                    1.2799441814422607
                ],
                [
                    0.31751549243927,
                    -0.001475986442528665,
                    0.9482519030570984,
                    3.8225257396698
                ],
                [
                    5.820766091346741e-11,
                    0.9999988079071045,
                    0.0015565319918096066,
                    0.006274580955505371
                ],
                [
                    0.0,
                    0.0,
                    0.0,
                    1.0
                ]
            ]
        },
        {
            "file_path": "/data/shapenet_blender/all_50_random/02958343/731efc7a52841a5a59139efcde1fedcb/r_8",
            "rotation": 0.12566370614359174,
            "transform_matrix": [
                [
                    0.16466124355793,
                    -0.11167676746845245,
                    -0.9800076484680176,
                    -3.9505372047424316
                ],
                [
                    -0.9863502383232117,
                    -0.01864331215620041,
                    -0.16360241174697876,
                    -0.659502387046814
                ],
                [
                    0.0,
                    0.9935697317123413,
                    -0.11322221904993057,
                    -0.4564133584499359
                ],
                [
                    0.0,
                    0.0,
                    0.0,
                    1.0
                ]
            ]
        },
        {
            "file_path": "/data/shapenet_blender/all_50_random/02958343/731efc7a52841a5a59139efcde1fedcb/r_9",
            "rotation": 0.12566370614359174,
            "transform_matrix": [
                [
                    -0.31366509199142456,
                    0.26442867517471313,
                    0.911971390247345,
                    3.676273822784424
                ],
                [
                    0.9495336413383484,
                    0.08735029399394989,
                    0.30125692486763,
                    1.2144054174423218
                ],
                [
                    0.0,
                    0.9604412317276001,
                    -0.27848267555236816,
                    -1.122599482536316
                ],
                [
                    0.0,
                    0.0,
                    0.0,
                    1.0
                ]
            ]
        },
        {
            "file_path": "/data/shapenet_blender/all_50_random/02958343/731efc7a52841a5a59139efcde1fedcb/r_10",
            "rotation": 0.12566370614359174,
            "transform_matrix": [
                [
                    0.5637168288230896,
                    0.11121488362550735,
                    0.8184463977813721,
                    3.299262762069702
                ],
                [
                    0.8259679079055786,
                    -0.07590330392122269,
                    -0.5585833787918091,
                    -2.2517216205596924
                ],
                [
                    0.0,
                    0.990893542766571,
                    -0.1346479058265686,
                    -0.5427830815315247
                ],
                [
                    0.0,
                    0.0,
                    0.0,
                    1.0
                ]
            ]
        },
        {
            "file_path": "/data/shapenet_blender/all_50_random/02958343/731efc7a52841a5a59139efcde1fedcb/r_11",
            "rotation": 0.12566370614359174,
            "transform_matrix": [
                [
                    0.8334091901779175,
                    0.3267795145511627,
                    -0.44569528102874756,
                    -1.796655297279358
                ],
                [
                    -0.5526565313339233,
                    0.49278539419174194,
                    -0.6721110343933105,
                    -2.7093665599823
                ],
                [
                    -1.4901162970204496e-08,
                    0.8064598441123962,
                    0.5912886261940002,
                    2.3835608959198
                ],
                [
                    0.0,
                    0.0,
                    0.0,
                    1.0
                ]
            ]
        },
        {
            "file_path": "/data/shapenet_blender/all_50_random/02958343/731efc7a52841a5a59139efcde1fedcb/r_12",
            "rotation": 0.12566370614359174,
            "transform_matrix": [
                [
                    -0.9917161464691162,
                    0.1061319038271904,
                    0.07235439866781235,
                    0.2916698753833771
                ],
                [
                    0.1284489929676056,
                    0.8194126486778259,
                    0.558626651763916,
                    2.2518959045410156
                ],
                [
                    0.0,
                    0.563292920589447,
                    -0.8262573480606079,
                    -3.33074951171875
                ],
                [
                    0.0,
                    0.0,
                    0.0,
                    1.0
                ]
            ]
        },
        {
            "file_path": "/data/shapenet_blender/all_50_random/02958343/731efc7a52841a5a59139efcde1fedcb/r_13",
            "rotation": 0.12566370614359174,
            "transform_matrix": [
                [
                    0.8778842687606812,
                    -0.05566605553030968,
                    0.4756263196468353,
                    1.917311191558838
                ],
                [
                    0.47887274622917175,
                    0.10204872488975525,
                    -0.8719328045845032,
                    -3.514873743057251
                ],
                [
                    0.0,
                    0.9932208061218262,
                    0.11624391376972198,
                    0.4685942232608795
                ],
                [
                    0.0,
                    0.0,
                    0.0,
                    1.0
                ]
            ]
        },
        {
            "file_path": "/data/shapenet_blender/all_50_random/02958343/731efc7a52841a5a59139efcde1fedcb/r_14",
            "rotation": 0.12566370614359174,
            "transform_matrix": [
                [
                    -0.5968906879425049,
                    -0.08967188000679016,
                    0.7972956895828247,
                    3.2140016555786133
                ],
                [
                    0.8023225665092468,
                    -0.06671170890331268,
                    0.5931509733200073,
                    2.3910679817199707
                ],
                [
                    -3.725290298461914e-09,
                    0.9937345385551453,
                    0.11176538467407227,
                    0.4505406618118286
                ],
                [
                    0.0,
                    0.0,
                    0.0,
                    1.0
                ]
            ]
        },
        {
            "file_path": "/data/shapenet_blender/all_50_random/02958343/731efc7a52841a5a59139efcde1fedcb/r_15",
            "rotation": 0.12566370614359174,
            "transform_matrix": [
                [
                    -0.9095438122749329,
                    0.32196661829948425,
                    -0.26280704140663147,
                    -1.0594090223312378
                ],
                [
                    -0.4156080484390259,
                    -0.7046127915382385,
                    0.5751441121101379,
                    2.3184800148010254
                ],
                [
                    0.0,
                    0.6323435306549072,
                    0.7746881246566772,
                    3.1228678226470947
                ],
                [
                    0.0,
                    0.0,
                    0.0,
                    1.0
                ]
            ]
        },
        {
            "file_path": "/data/shapenet_blender/all_50_random/02958343/731efc7a52841a5a59139efcde1fedcb/r_16",
            "rotation": 0.12566370614359174,
            "transform_matrix": [
                [
                    0.994450032711029,
                    -0.05394272133708,
                    -0.09032861143350601,
                    -0.3641262650489807
                ],
                [
                    -0.10520967096090317,
                    -0.5098707675933838,
                    -0.8537930846214294,
                    -3.4417500495910645
                ],
                [
                    0.0,
                    0.8585580587387085,
                    -0.5127163529396057,
                    -2.0668256282806396
                ],
                [
                    0.0,
                    0.0,
                    0.0,
                    1.0
                ]
            ]
        },
        {
            "file_path": "/data/shapenet_blender/all_50_random/02958343/731efc7a52841a5a59139efcde1fedcb/r_17",
            "rotation": 0.12566370614359174,
            "transform_matrix": [
                [
                    0.4231768846511841,
                    -0.5764893889427185,
                    -0.6989858746528625,
                    -2.817702293395996
                ],
                [
                    -0.9060471057891846,
                    -0.2692541778087616,
                    -0.3264671862125397,
                    -1.3160313367843628
                ],
                [
                    0.0,
                    0.7714675068855286,
                    -0.636268675327301,
                    -2.5648810863494873
                ],
                [
                    0.0,
                    0.0,
                    0.0,
                    1.0
                ]
            ]
        },
        {
            "file_path": "/data/shapenet_blender/all_50_random/02958343/731efc7a52841a5a59139efcde1fedcb/r_18",
            "rotation": 0.12566370614359174,
            "transform_matrix": [
                [
                    -0.9784314036369324,
                    -0.08085250854492188,
                    -0.19009153544902802,
                    -0.7662835717201233
                ],
                [
                    -0.2065718173980713,
                    0.3829594552516937,
                    0.9003722071647644,
                    3.6295166015625
                ],
                [
                    0.0,
                    0.9202199578285217,
                    -0.3914014399051666,
                    -1.5777897834777832
                ],
                [
                    0.0,
                    0.0,
                    0.0,
                    1.0
                ]
            ]
        },
        {
            "file_path": "/data/shapenet_blender/all_50_random/02958343/731efc7a52841a5a59139efcde1fedcb/r_19",
            "rotation": 0.12566370614359174,
            "transform_matrix": [
                [
                    -0.21455159783363342,
                    0.6111719012260437,
                    -0.7618638873100281,
                    -3.071171283721924
                ],
                [
                    -0.976712703704834,
                    -0.1342543512582779,
                    0.16735640168190002,
                    0.6746351718902588
                ],
                [
                    -1.4901159417490817e-08,
                    0.7800287008285522,
                    0.6257438659667969,
                    2.522453784942627
                ],
                [
                    0.0,
                    0.0,
                    0.0,
                    1.0
                ]
            ]
        },
        {
            "file_path": "/data/shapenet_blender/all_50_random/02958343/731efc7a52841a5a59139efcde1fedcb/r_20",
            "rotation": 0.12566370614359174,
            "transform_matrix": [
                [
                    0.5683424472808838,
                    -0.636673092842102,
                    0.5211852192878723,
                    2.1009650230407715
                ],
                [
                    0.8227919936180115,
                    0.439781129360199,
                    -0.36000803112983704,
                    -1.4512388706207275
                ],
                [
                    0.0,
                    0.6334348917007446,
                    0.7737957835197449,
                    3.1192708015441895
                ],
                [
                    0.0,
                    0.0,
                    0.0,
                    1.0
                ]
            ]
        },
        {
            "file_path": "/data/shapenet_blender/all_50_random/02958343/731efc7a52841a5a59139efcde1fedcb/r_21",
            "rotation": 0.12566370614359174,
            "transform_matrix": [
                [
                    0.09125782549381256,
                    -0.34320682287216187,
                    0.9348160028457642,
                    3.7683639526367188
                ],
                [
                    0.9958272576332092,
                    0.031451549381017685,
                    -0.08566674590110779,
                    -0.34533369541168213
                ],
                [
                    -1.8626450382086546e-09,
                    0.9387331008911133,
                    0.3446449339389801,
                    1.389308214187622
                ],
                [
                    0.0,
                    0.0,
                    0.0,
                    1.0
                ]
            ]
        },
        {
            "file_path": "/data/shapenet_blender/all_50_random/02958343/731efc7a52841a5a59139efcde1fedcb/r_22",
            "rotation": 0.12566370614359174,
            "transform_matrix": [
                [
                    -0.9955405592918396,
                    0.0123734837397933,
                    0.09351930022239685,
                    0.37698835134506226
                ],
                [
                    0.09433431923389435,
                    0.13058136403560638,
                    0.9869394302368164,
                    3.978480100631714
                ],
                [
                    9.313225746154785e-10,
                    0.9913603663444519,
                    -0.13116629421710968,
                    -0.5287482738494873
                ],
                [
                    0.0,
                    0.0,
                    0.0,
                    1.0
                ]
            ]
        },
        {
            "file_path": "/data/shapenet_blender/all_50_random/02958343/731efc7a52841a5a59139efcde1fedcb/r_23",
            "rotation": 0.12566370614359174,
            "transform_matrix": [
                [
                    0.8462748527526855,
                    -0.19652535021305084,
                    -0.49517354369163513,
                    -1.9961084127426147
                ],
                [
                    -0.5327467322349548,
                    -0.3121829628944397,
                    -0.7865893244743347,
                    -3.1708428859710693
                ],
                [
                    -1.4901162970204496e-08,
                    0.9294727444648743,
                    -0.36889076232910156,
                    -1.487046241760254
                ],
                [
                    0.0,
                    0.0,
                    0.0,
                    1.0
                ]
            ]
        },
        {
            "file_path": "/data/shapenet_blender/all_50_random/02958343/731efc7a52841a5a59139efcde1fedcb/r_24",
            "rotation": 0.12566370614359174,
            "transform_matrix": [
                [
                    0.22534705698490143,
                    -0.05523473769426346,
                    -0.9727116823196411,
                    -3.921125650405884
                ],
                [
                    -0.9742785692214966,
                    -0.012775592505931854,
                    -0.22498464584350586,
                    -0.9069420099258423
                ],
                [
                    0.0,
                    0.9983916282653809,
                    -0.05669297277927399,
                    -0.22853665053844452
                ],
                [
                    0.0,
                    0.0,
                    0.0,
                    1.0
                ]
            ]
        },
        {
            "file_path": "/data/shapenet_blender/all_50_random/02958343/731efc7a52841a5a59139efcde1fedcb/r_25",
            "rotation": 0.12566370614359174,
            "transform_matrix": [
                [
                    0.9905512928962708,
                    -0.02671925723552704,
                    0.1345149278640747,
                    0.5422470569610596
                ],
                [
                    0.13714295625686646,
                    0.19298690557479858,
                    -0.9715697169303894,
                    -3.916522979736328
                ],
                [
                    0.0,
                    0.980837345123291,
                    0.19482778012752533,
                    0.7853759527206421
                ],
                [
                    0.0,
                    0.0,
                    0.0,
                    1.0
                ]
            ]
        },
        {
            "file_path": "/data/shapenet_blender/all_50_random/02958343/731efc7a52841a5a59139efcde1fedcb/r_26",
            "rotation": 0.12566370614359174,
            "transform_matrix": [
                [
                    -0.9859082102775574,
                    -0.12845773994922638,
                    0.10716067999601364,
                    0.4319785237312317
                ],
                [
                    0.16728655993938446,
                    -0.7570694088935852,
                    0.6315546035766602,
                    2.5458779335021973
                ],
                [
                    0.0,
                    0.640581488609314,
                    0.767890214920044,
                    3.0954644680023193
                ],
                [
                    0.0,
                    0.0,
                    0.0,
                    1.0
                ]
            ]
        },
        {
            "file_path": "/data/shapenet_blender/all_50_random/02958343/731efc7a52841a5a59139efcde1fedcb/r_27",
            "rotation": 0.12566370614359174,
            "transform_matrix": [
                [
                    -0.8831417560577393,
                    0.3927982747554779,
                    -0.2564566731452942,
                    -1.0338099002838135
                ],
                [
                    -0.4691060483455658,
                    -0.7394843101501465,
                    0.48280683159828186,
                    1.9462566375732422
                ],
                [
                    0.0,
                    0.5466923117637634,
                    0.8373335599899292,
                    3.375399589538574
                ],
                [
                    0.0,
                    0.0,
                    0.0,
                    1.0
                ]
            ]
        },
        {
            "file_path": "/data/shapenet_blender/all_50_random/02958343/731efc7a52841a5a59139efcde1fedcb/r_28",
            "rotation": 0.12566370614359174,
            "transform_matrix": [
                [
                    -0.6580071449279785,
                    0.031880173832178116,
                    -0.7523365020751953,
                    -3.0327653884887695
                ],
                [
                    -0.7530116438865662,
                    -0.027857981622219086,
                    0.6574172377586365,
                    2.6501336097717285
                ],
                [
                    0.0,
                    0.9991033673286438,
                    0.04233689606189728,
                    0.17066548764705658
                ],
                [
                    0.0,
                    0.0,
                    0.0,
                    1.0
                ]
            ]
        },
        {
            "file_path": "/data/shapenet_blender/all_50_random/02958343/731efc7a52841a5a59139efcde1fedcb/r_29",
            "rotation": 0.12566370614359174,
            "transform_matrix": [
                [
                    0.9653770327568054,
                    -0.1441219002008438,
                    -0.21743032336235046,
                    -0.8764896988868713
                ],
                [
                    -0.26085829734802246,
                    -0.5333622097969055,
                    -0.804659903049469,
                    -3.2436881065368652
                ],
                [
                    -7.450580152834618e-09,
                    0.8335188031196594,
                    -0.5524909496307373,
                    -2.2271625995635986
                ],
                [
                    0.0,
                    0.0,
                    0.0,
                    1.0
                ]
            ]
        },
        {
            "file_path": "/data/shapenet_blender/all_50_random/02958343/731efc7a52841a5a59139efcde1fedcb/r_30",
            "rotation": 0.12566370614359174,
            "transform_matrix": [
                [
                    -0.7762036323547363,
                    0.10524901002645493,
                    0.6216354370117188,
                    2.505892753601074
                ],
                [
                    0.6304823756217957,
                    0.12957485020160675,
                    0.7653118968009949,
                    3.085071086883545
                ],
                [
                    0.0,
                    0.9859679341316223,
                    -0.16693411767482758,
                    -0.672933042049408
                ],
                [
                    0.0,
                    0.0,
                    0.0,
                    1.0
                ]
            ]
        },
        {
            "file_path": "/data/shapenet_blender/all_50_random/02958343/731efc7a52841a5a59139efcde1fedcb/r_31",
            "rotation": 0.12566370614359174,
            "transform_matrix": [
                [
                    0.9757274985313416,
                    -0.022491712123155594,
                    -0.21783040463924408,
                    -0.8781024217605591
                ],
                [
                    -0.21898850798606873,
                    -0.10021430999040604,
                    -0.9705674648284912,
                    -3.912482500076294
                ],
                [
                    0.0,
                    0.9947115778923035,
                    -0.10270729660987854,
                    -0.4140263497829437
                ],
                [
                    0.0,
                    0.0,
                    0.0,
                    1.0
                ]
            ]
        },
        {
            "file_path": "/data/shapenet_blender/all_50_random/02958343/731efc7a52841a5a59139efcde1fedcb/r_32",
            "rotation": 0.12566370614359174,
            "transform_matrix": [
                [
                    0.6217604279518127,
                    -0.353336900472641,
                    0.6989756226539612,
                    2.8176608085632324
                ],
                [
                    0.7832074165344238,
                    0.2805015444755554,
                    -0.55489182472229,
                    -2.2368404865264893
                ],
                [
                    1.4901160305669237e-08,
                    0.8924527764320374,
                    0.451140820980072,
                    1.8186067342758179
                ],
                [
                    0.0,
                    0.0,
                    0.0,
                    1.0
                ]
            ]
        },
        {
            "file_path": "/data/shapenet_blender/all_50_random/02958343/731efc7a52841a5a59139efcde1fedcb/r_33",
            "rotation": 0.12566370614359174,
            "transform_matrix": [
                [
                    -0.7123143076896667,
                    0.5011259913444519,
                    0.49140727519989014,
                    1.9809257984161377
                ],
                [
                    0.7018606066703796,
                    0.5085898637771606,
                    0.49872642755508423,
                    2.010430335998535
                ],
                [
                    1.4901160305669237e-08,
                    0.7001492977142334,
                    -0.7139964699745178,
                    -2.878211498260498
                ],
                [
                    0.0,
                    0.0,
                    0.0,
                    1.0
                ]
            ]
        },
        {
            "file_path": "/data/shapenet_blender/all_50_random/02958343/731efc7a52841a5a59139efcde1fedcb/r_34",
            "rotation": 0.12566370614359174,
            "transform_matrix": [
                [
                    0.8354263305664062,
                    0.15989486873149872,
                    -0.5258294343948364,
                    -2.1196863651275635
                ],
                [
                    -0.5496026277542114,
                    0.2430490255355835,
                    -0.7992897629737854,
                    -3.2220401763916016
                ],
                [
                    0.0,
                    0.956744909286499,
                    0.2909281551837921,
                    1.1727689504623413
                ],
                [
                    0.0,
                    0.0,
                    0.0,
                    1.0
                ]
            ]
        },
        {
            "file_path": "/data/shapenet_blender/all_50_random/02958343/731efc7a52841a5a59139efcde1fedcb/r_35",
            "rotation": 0.12566370614359174,
            "transform_matrix": [
                [
                    0.7460357546806335,
                    0.1233009323477745,
                    0.6543909907341003,
                    2.637934446334839
                ],
                [
                    0.6659058928489685,
                    -0.13813799619674683,
                    -0.7331352233886719,
                    -2.955362558364868
                ],
                [
                    7.450581485102248e-09,
                    0.9827077984809875,
                    -0.18516269326210022,
                    -0.7464147210121155
                ],
                [
                    0.0,
                    0.0,
                    0.0,
                    1.0
                ]
            ]
        },
        {
            "file_path": "/data/shapenet_blender/all_50_random/02958343/731efc7a52841a5a59139efcde1fedcb/r_36",
            "rotation": 0.12566370614359174,
            "transform_matrix": [
                [
                    -0.5295764803886414,
                    0.44673243165016174,
                    -0.721095621585846,
                    -2.906829357147217
                ],
                [
                    -0.8482621908187866,
                    -0.2788983881473541,
                    0.4501854181289673,
                    1.8147554397583008
                ],
                [
                    0.0,
                    0.8500857353210449,
                    0.526644229888916,
                    2.1229708194732666
                ],
                [
                    0.0,
                    0.0,
                    0.0,
                    1.0
                ]
            ]
        },
        {
            "file_path": "/data/shapenet_blender/all_50_random/02958343/731efc7a52841a5a59139efcde1fedcb/r_37",
            "rotation": 0.12566370614359174,
            "transform_matrix": [
                [
                    -0.6346588730812073,
                    0.1537216454744339,
                    0.7573491334915161,
                    3.0529720783233643
                ],
                [
                    0.7727924585342407,
                    0.12624451518058777,
                    0.6219760179519653,
                    2.507265567779541
                ],
                [
                    0.0,
                    0.98001629114151,
                    -0.19891712069511414,
                    -0.8018605709075928
                ],
                [
                    0.0,
                    0.0,
                    0.0,
                    1.0
                ]
            ]
        },
        {
            "file_path": "/data/shapenet_blender/all_50_random/02958343/731efc7a52841a5a59139efcde1fedcb/r_38",
            "rotation": 0.12566370614359174,
            "transform_matrix": [
                [
                    0.989538848400116,
                    0.08414610475301743,
                    0.1171841248869896,
                    0.47238433361053467
                ],
                [
                    0.1442660242319107,
                    -0.5771687626838684,
                    -0.803780734539032,
                    -3.2401440143585205
                ],
                [
                    0.0,
                    0.8122780919075012,
                    -0.5832703113555908,
                    -2.3512380123138428
                ],
                [
                    0.0,
                    0.0,
                    0.0,
                    1.0
                ]
            ]
        },
        {
            "file_path": "/data/shapenet_blender/all_50_random/02958343/731efc7a52841a5a59139efcde1fedcb/r_39",
            "rotation": 0.12566370614359174,
            "transform_matrix": [
                [
                    0.9946576952934265,
                    0.0521710142493248,
                    0.08907369524240494,
                    0.35906755924224854
                ],
                [
                    0.10322759300470352,
                    -0.5026980042457581,
                    -0.8582766652107239,
                    -3.4598238468170166
                ],
                [
                    7.450580152834618e-09,
                    0.862886369228363,
                    -0.5053979158401489,
                    -2.0373241901397705
                ],
                [
                    0.0,
                    0.0,
                    0.0,
                    1.0
                ]
            ]
        },
        {
            "file_path": "/data/shapenet_blender/all_50_random/02958343/731efc7a52841a5a59139efcde1fedcb/r_40",
            "rotation": 0.12566370614359174,
            "transform_matrix": [
                [
                    -0.9343794584274292,
                    0.057526376098394394,
                    -0.35160452127456665,
                    -1.4173632860183716
                ],
                [
                    -0.3562794327735901,
                    -0.15086883306503296,
                    0.9221190214157104,
                    3.7171809673309326
                ],
                [
                    3.725290298461914e-09,
                    0.986878514289856,
                    0.16146418452262878,
                    0.6508830189704895
                ],
                [
                    0.0,
                    0.0,
                    0.0,
                    1.0
                ]
            ]
        },
        {
            "file_path": "/data/shapenet_blender/all_50_random/02958343/731efc7a52841a5a59139efcde1fedcb/r_41",
            "rotation": 0.12566370614359174,
            "transform_matrix": [
                [
                    0.5077893137931824,
                    -0.10878004878759384,
                    -0.8545857667922974,
                    -3.4449455738067627
                ],
                [
                    -0.8614813089370728,
                    -0.06411902606487274,
                    -0.5037247538566589,
                    -2.0305795669555664
                ],
                [
                    0.0,
                    0.9919958114624023,
                    -0.12627092003822327,
