{
    "class": "02958343",
    "model": "a990f6d75c669f4351a95aaa6caba1d3",
    "remove_doubles": true,
    "edge_split": true,
    "denoise": true,
    "camera_angle_x": 0.6911112070083618,
    "scale_factor": 2.2618038263317786,
    "hdri_file": "/data/IndoorHDRDataset2018/9C4A7611-dec937ee5b.exr",
    "center_offset": [
        0.0,
        -9.313225746154785e-10,
        -3.725290298461914e-09
    ],
    "lights": [],
    "frames": [
        {
            "file_path": "/data/shapenet_blender/all_50_random/02958343/a990f6d75c669f4351a95aaa6caba1d3/r_0",
            "rotation": 0.12566370614359174,
            "transform_matrix": [
                [
                    0.577366828918457,
                    -0.2230868637561798,
                    -0.7854169607162476,
                    -3.166116952896118
                ],
                [
                    -0.816484808921814,
                    -0.15775300562381744,
                    -0.5553975701332092,
                    -2.2388792037963867
                ],
                [
                    1.4901158529312397e-08,
                    0.9619492888450623,
                    -0.27322837710380554,
                    -1.1014188528060913
                ],
                [
                    0.0,
                    0.0,
                    0.0,
                    1.0
                ]
            ]
        },
        {
            "file_path": "/data/shapenet_blender/all_50_random/02958343/a990f6d75c669f4351a95aaa6caba1d3/r_1",
            "rotation": 0.12566370614359174,
            "transform_matrix": [
                [
                    -0.9988586902618408,
                    0.02931639738380909,
                    0.03770752251148224,
                    0.15200388431549072
                ],
                [
                    0.047763045877218246,
                    0.6130877137184143,
                    0.7885696291923523,
                    3.178825855255127
                ],
                [
                    1.8626450382086546e-09,
                    0.7894706726074219,
                    -0.6137883067131042,
                    -2.474259853363037
                ],
                [
                    0.0,
                    0.0,
                    0.0,
                    1.0
                ]
            ]
        },
        {
            "file_path": "/data/shapenet_blender/all_50_random/02958343/a990f6d75c669f4351a95aaa6caba1d3/r_2",
            "rotation": 0.12566370614359174,
            "transform_matrix": [
                [
                    -0.8515160083770752,
                    0.5103738307952881,
                    -0.12016264349222183,
                    -0.48439115285873413
                ],
                [
                    -0.5243286490440369,
                    -0.8288532495498657,
                    0.1951455920934677,
                    0.7866570949554443
                ],
                [
                    7.450580596923828e-09,
                    0.22917433083057404,
                    0.9733853340148926,
                    3.923841953277588
                ],
                [
                    0.0,
                    0.0,
                    0.0,
                    1.0
                ]
            ]
        },
        {
            "file_path": "/data/shapenet_blender/all_50_random/02958343/a990f6d75c669f4351a95aaa6caba1d3/r_3",
            "rotation": 0.12566370614359174,
            "transform_matrix": [
                [
                    -0.7168712019920349,
                    0.34328508377075195,
                    0.6068366765975952,
                    2.446237087249756
                ],
                [
                    0.6972054243087769,
                    0.3529679775238037,
                    0.6239534616470337,
                    2.5152370929718018
                ],
                [
                    0.0,
                    0.8703842163085938,
                    -0.49237290024757385,
                    -1.9848188161849976
                ],
                [
                    0.0,
                    0.0,
                    0.0,
                    1.0
                ]
            ]
        },
        {
            "file_path": "/data/shapenet_blender/all_50_random/02958343/a990f6d75c669f4351a95aaa6caba1d3/r_4",
            "rotation": 0.12566370614359174,
            "transform_matrix": [
                [
                    -0.6466419100761414,
                    -0.710135817527771,
                    -0.27849864959716797,
                    -1.122663974761963
                ],
                [
                    -0.762793779373169,
                    0.6020022630691528,
                    0.23609119653701782,
                    0.951714038848877
                ],
                [
                    1.4901161193847656e-08,
                    0.36510345339775085,
                    -0.9309669137001038,
                    -3.752847671508789
                ],
                [
                    0.0,
                    0.0,
                    0.0,
                    1.0
                ]
            ]
        },
        {
            "file_path": "/data/shapenet_blender/all_50_random/02958343/a990f6d75c669f4351a95aaa6caba1d3/r_5",
            "rotation": 0.12566370614359174,
            "transform_matrix": [
                [
                    0.830209493637085,
                    -0.5085021257400513,
                    0.22842445969581604,
                    0.9208084344863892
                ],
                [
                    0.5574515461921692,
                    0.7573093771934509,
                    -0.3401912450790405,
                    -1.3713548183441162
                ],
                [
                    0.0,
                    0.4097655415534973,
                    0.912190854549408,
                    3.677158832550049
                ],
                [
                    0.0,
                    0.0,
                    0.0,
                    1.0
                ]
            ]
        },
        {
            "file_path": "/data/shapenet_blender/all_50_random/02958343/a990f6d75c669f4351a95aaa6caba1d3/r_6",
            "rotation": 0.12566370614359174,
            "transform_matrix": [
                [
                    -0.22529412806034088,
                    0.47579193115234375,
                    -0.850214421749115,
                    -3.4273242950439453
                ],
                [
                    -0.9742907881736755,
                    -0.11002170294523239,
                    0.19660282135009766,
                    0.7925313711166382
                ],
                [
                    0.0,
                    0.872649610042572,
                    0.4883468747138977,
                    1.9685893058776855
                ],
                [
                    0.0,
                    0.0,
                    0.0,
                    1.0
                ]
            ]
        },
        {
            "file_path": "/data/shapenet_blender/all_50_random/02958343/a990f6d75c669f4351a95aaa6caba1d3/r_7",
            "rotation": 0.12566370614359174,
            "transform_matrix": [
                [
                    0.9661459922790527,
                    0.2228422462940216,
                    -0.13001251220703125,
                    -0.524097204208374
                ],
                [
                    -0.25799599289894104,
                    0.8345019221305847,
                    -0.48687219619750977,
                    -1.9626445770263672
                ],
                [
                    -7.450581485102248e-09,
                    0.5039322376251221,
                    0.8637430667877197,
                    3.4818596839904785
                ],
                [
                    0.0,
                    0.0,
                    0.0,
                    1.0
                ]
            ]
        },
        {
            "file_path": "/data/shapenet_blender/all_50_random/02958343/a990f6d75c669f4351a95aaa6caba1d3/r_8",
            "rotation": 0.12566370614359174,
            "transform_matrix": [
                [
                    0.9986534714698792,
                    -0.048420265316963196,
                    0.018617874011397362,
                    0.07505103945732117
                ],
                [
                    0.0518762581050396,
                    0.9321231245994568,
                    -0.35840675234794617,
                    -1.4447836875915527
                ],
                [
                    -1.8626448161640496e-09,
                    0.35888993740081787,
                    0.9333799481391907,
                    3.7625744342803955
                ],
                [
                    0.0,
                    0.0,
                    0.0,
                    1.0
                ]
            ]
        },
        {
            "file_path": "/data/shapenet_blender/all_50_random/02958343/a990f6d75c669f4351a95aaa6caba1d3/r_9",
            "rotation": 0.12566370614359174,
            "transform_matrix": [
                [
                    0.9848352670669556,
                    0.05911628529429436,
                    0.16310980916023254,
                    0.6575167179107666
                ],
                [
                    0.1734922081232071,
                    -0.3355758488178253,
                    -0.925899088382721,
                    -3.7324187755584717
                ],
                [
                    0.0,
                    0.9401564002037048,
                    -0.34074312448501587,
                    -1.3735796213150024
                ],
                [
                    0.0,
                    0.0,
                    0.0,
                    1.0
                ]
            ]
        },
        {
            "file_path": "/data/shapenet_blender/all_50_random/02958343/a990f6d75c669f4351a95aaa6caba1d3/r_10",
            "rotation": 0.12566370614359174,
            "transform_matrix": [
                [
                    0.7214248776435852,
                    0.06732507050037384,
                    -0.6892122030258179,
                    -2.778303384780884
                ],
                [
                    -0.6924927234649658,
                    0.0701378881931305,
                    -0.7180072665214539,
                    -2.8943800926208496
                ],
                [
                    -3.725290298461914e-09,
                    0.9952627420425415,
                    0.09722135215997696,
                    0.3919118344783783
                ],
                [
                    0.0,
                    0.0,
                    0.0,
                    1.0
                ]
            ]
        },
        {
            "file_path": "/data/shapenet_blender/all_50_random/02958343/a990f6d75c669f4351a95aaa6caba1d3/r_11",
            "rotation": 0.12566370614359174,
            "transform_matrix": [
                [
                    0.9961793422698975,
                    0.06657258421182632,
                    -0.0565231554210186,
                    -0.22785213589668274
                ],
                [
                    -0.08733142167329788,
                    0.7593857049942017,
                    -0.6447530388832092,
                    -2.5990829467773438
                ],
                [
                    0.0,
                    0.6472259163856506,
                    0.7622981071472168,
                    3.0729222297668457
                ],
                [
                    0.0,
                    0.0,
                    0.0,
                    1.0
                ]
            ]
        },
        {
            "file_path": "/data/shapenet_blender/all_50_random/02958343/a990f6d75c669f4351a95aaa6caba1d3/r_12",
            "rotation": 0.12566370614359174,
            "transform_matrix": [
                [
                    -0.9025704860687256,
                    0.17886881530284882,
                    -0.3916280269622803,
                    -1.5787030458450317
                ],
                [
                    -0.4305422008037567,
                    -0.37497302889823914,
                    0.8209924697875977,
                    3.3095264434814453
                ],
                [
                    0.0,
                    0.9096159934997559,
                    0.41545015573501587,
                    1.6747331619262695
                ],
                [
                    0.0,
                    0.0,
                    0.0,
                    1.0
                ]
            ]
        },
        {
            "file_path": "/data/shapenet_blender/all_50_random/02958343/a990f6d75c669f4351a95aaa6caba1d3/r_13",
            "rotation": 0.12566370614359174,
            "transform_matrix": [
                [
                    0.9994688034057617,
                    0.0030564588960260153,
                    -0.032445695251226425,
                    -0.1307927966117859
                ],
                [
                    -0.03258934244513512,
                    0.09373725205659866,
                    -0.9950633645057678,
                    -4.011229038238525
                ],
                [
                    2.3283064365386963e-10,
                    0.9955922365188599,
                    0.0937870666384697,
                    0.3780677914619446
                ],
                [
                    0.0,
                    0.0,
                    0.0,
                    1.0
                ]
            ]
        },
        {
            "file_path": "/data/shapenet_blender/all_50_random/02958343/a990f6d75c669f4351a95aaa6caba1d3/r_14",
            "rotation": 0.12566370614359174,
            "transform_matrix": [
                [
                    -0.5801933407783508,
                    0.3994124233722687,
                    0.7098206281661987,
                    2.8613781929016113
                ],
                [
                    0.8144786357879639,
                    0.2845211923122406,
                    0.5056402683258057,
                    2.0383009910583496
                ],
                [
                    -1.4901158529312397e-08,
                    0.8715029358863831,
                    -0.4903903007507324,
                    -1.9768263101577759
                ],
                [
                    0.0,
                    0.0,
                    0.0,
                    1.0
                ]
            ]
        },
        {
            "file_path": "/data/shapenet_blender/all_50_random/02958343/a990f6d75c669f4351a95aaa6caba1d3/r_15",
            "rotation": 0.12566370614359174,
            "transform_matrix": [
                [
                    0.950488805770874,
                    -0.26418840885162354,
                    0.16363270580768585,
                    0.6596245765686035
                ],
                [
                    0.310759037733078,
                    0.8080476522445679,
                    -0.5004875659942627,
                    -2.0175302028656006
                ],
                [
                    -1.4901161193847656e-08,
                    0.5265582203865051,
                    0.8501390218734741,
                    3.427020311355591
                ],
                [
                    0.0,
                    0.0,
                    0.0,
                    1.0
                ]
            ]
        },
        {
            "file_path": "/data/shapenet_blender/all_50_random/02958343/a990f6d75c669f4351a95aaa6caba1d3/r_16",
            "rotation": 0.12566370614359174,
            "transform_matrix": [
                [
                    -0.3288516700267792,
                    -0.2519402503967285,
                    0.9101552367210388,
                    3.6689534187316895
                ],
                [
                    0.944381594657898,
                    -0.08773040026426315,
                    0.31693339347839355,
                    1.2775994539260864
                ],
                [
                    0.0,
                    0.9637580513954163,
                    0.26677799224853516,
                    1.0754165649414062
                ],
                [
                    0.0,
                    0.0,
                    0.0,
                    1.0
                ]
            ]
        },
        {
            "file_path": "/data/shapenet_blender/all_50_random/02958343/a990f6d75c669f4351a95aaa6caba1d3/r_17",
            "rotation": 0.12566370614359174,
            "transform_matrix": [
                [
                    0.3021794557571411,
                    0.26129695773124695,
                    -0.9167395234107971,
                    -3.695495367050171
                ],
                [
                    -0.9532510638237,
                    0.08283083140850067,
                    -0.2906053364276886,
                    -1.171467661857605
                ],
                [
                    0.0,
                    0.9616979360580444,
                    0.2741113603115082,
                    1.104978322982788
                ],
                [
                    0.0,
                    0.0,
                    0.0,
                    1.0
                ]
            ]
        },
        {
            "file_path": "/data/shapenet_blender/all_50_random/02958343/a990f6d75c669f4351a95aaa6caba1d3/r_18",
            "rotation": 0.12566370614359174,
            "transform_matrix": [
                [
                    -0.9747678637504578,
                    0.13545842468738556,
                    0.17742224037647247,
                    0.7152119278907776
                ],
                [
                    0.2232210338115692,
                    0.5915235877037048,
                    0.7747723460197449,
                    3.1232073307037354
                ],
                [
                    7.450580596923828e-09,
                    0.7948275804519653,
                    -0.6068353056907654,
                    -2.4462313652038574
                ],
                [
                    0.0,
                    0.0,
                    0.0,
                    1.0
                ]
            ]
        },
        {
            "file_path": "/data/shapenet_blender/all_50_random/02958343/a990f6d75c669f4351a95aaa6caba1d3/r_19",
            "rotation": 0.12566370614359174,
            "transform_matrix": [
                [
                    0.6187195181846619,
                    0.12731599807739258,
                    -0.775226891040802,
                    -3.125039577484131
                ],
                [
                    -0.7856119275093079,
                    0.10026947408914566,
                    -0.6105406284332275,
                    -2.461168050765991
                ],
                [
                    0.0,
                    0.9867808818817139,
                    0.16205966472625732,
                    0.653283417224884
                ],
                [
                    0.0,
                    0.0,
                    0.0,
                    1.0
                ]
            ]
        },
        {
            "file_path": "/data/shapenet_blender/all_50_random/02958343/a990f6d75c669f4351a95aaa6caba1d3/r_20",
            "rotation": 0.12566370614359174,
            "transform_matrix": [
                [
                    -0.9802831411361694,
                    0.10281851142644882,
                    -0.1687404066324234,
                    -0.6802144050598145
                ],
                [
                    -0.19759804010391235,
                    -0.5100822448730469,
                    0.8371205925941467,
                    3.3745412826538086
                ],
                [
                    0.0,
                    0.8539579510688782,
                    0.5203418135643005,
                    2.097565174102783
                ],
                [
                    0.0,
                    0.0,
                    0.0,
                    1.0
                ]
            ]
        },
        {
            "file_path": "/data/shapenet_blender/all_50_random/02958343/a990f6d75c669f4351a95aaa6caba1d3/r_21",
            "rotation": 0.12566370614359174,
            "transform_matrix": [
                [
                    -0.9956696629524231,
                    -0.021402228623628616,
                    -0.09046456962823868,
                    -0.36467432975769043
                ],
                [
                    -0.09296178817749023,
                    0.229229137301445,
                    0.9689231514930725,
                    3.9058539867401123
                ],
                [
                    1.8626450382086546e-09,
                    0.9731370806694031,
                    -0.23022611439228058,
                    -0.9280710816383362
                ],
                [
                    0.0,
                    0.0,
                    0.0,
                    1.0
                ]
            ]
        },
        {
            "file_path": "/data/shapenet_blender/all_50_random/02958343/a990f6d75c669f4351a95aaa6caba1d3/r_22",
            "rotation": 0.12566370614359174,
            "transform_matrix": [
                [
                    0.03597492352128029,
                    -0.8989554047584534,
                    0.4365602731704712,
                    1.7598308324813843
                ],
                [
                    0.9993526339530945,
                    0.032360803335905075,
                    -0.015715396031737328,
                    -0.06335079669952393
                ],
                [
                    -9.313225191043273e-10,
                    0.43684300780296326,
                    0.8995376825332642,
                    3.626152515411377
                ],
                [
                    0.0,
                    0.0,
                    0.0,
                    1.0
                ]
            ]
        },
        {
            "file_path": "/data/shapenet_blender/all_50_random/02958343/a990f6d75c669f4351a95aaa6caba1d3/r_23",
            "rotation": 0.12566370614359174,
            "transform_matrix": [
                [
                    0.5515400171279907,
                    -0.22796717286109924,
                    -0.8023930191993713,
                    -3.2345497608184814
                ],
                [
                    -0.8341484665870667,
                    -0.15073218941688538,
                    -0.5305432677268982,
                    -2.138688325881958
                ],
                [
                    -7.450581485102248e-09,
                    0.9619306921958923,
                    -0.27329328656196594,
                    -1.1016805171966553
                ],
                [
                    0.0,
                    0.0,
                    0.0,
                    1.0
                ]
            ]
        },
        {
            "file_path": "/data/shapenet_blender/all_50_random/02958343/a990f6d75c669f4351a95aaa6caba1d3/r_24",
            "rotation": 0.12566370614359174,
            "transform_matrix": [
                [
                    -0.019435713067650795,
                    0.6851789951324463,
                    0.7281153202056885,
                    2.935127019882202
                ],
                [
                    0.9998111724853516,
                    0.01331945601850748,
                    0.014154111966490746,
                    0.05705705285072327
                ],
                [
                    0.0,
                    0.7282529473304749,
                    -0.6853083372116089,
                    -2.762566566467285
                ],
                [
                    0.0,
                    0.0,
                    0.0,
                    1.0
                ]
            ]
        },
        {
            "file_path": "/data/shapenet_blender/all_50_random/02958343/a990f6d75c669f4351a95aaa6caba1d3/r_25",
            "rotation": 0.12566370614359174,
            "transform_matrix": [
                [
                    0.19463320076465607,
                    0.6714397668838501,
                    -0.7150430083274841,
                    -2.8824305534362793
                ],
                [
                    -0.9808760285377502,
                    0.13323241472244263,
                    -0.14188450574874878,
                    -0.5719547271728516
                ],
                [
                    7.450580152834618e-09,
                    0.7289838790893555,
                    0.6845307350158691,
                    2.7594316005706787
                ],
                [
                    0.0,
                    0.0,
                    0.0,
                    1.0
                ]
            ]
        },
        {
            "file_path": "/data/shapenet_blender/all_50_random/02958343/a990f6d75c669f4351a95aaa6caba1d3/r_26",
            "rotation": 0.12566370614359174,
            "transform_matrix": [
                [
                    -0.9951112866401672,
                    0.03710280731320381,
                    -0.09152539819478989,
                    -0.3689507246017456
                ],
                [
                    -0.09875990450382233,
                    -0.3738503158092499,
                    0.9222159385681152,
                    3.717571496963501
                ],
                [
                    0.0,
                    0.9267464876174927,
                    0.37568697333335876,
                    1.514442801475525
                ],
                [
                    0.0,
                    0.0,
                    0.0,
                    1.0
                ]
            ]
        },
        {
            "file_path": "/data/shapenet_blender/all_50_random/02958343/a990f6d75c669f4351a95aaa6caba1d3/r_27",
            "rotation": 0.12566370614359174,
            "transform_matrix": [
                [
                    0.2031966745853424,
                    -0.8569747805595398,
                    -0.47360876202583313,
                    -1.9091780185699463
                ],
                [
                    -0.9791379570960999,
                    -0.17784462869167328,
                    -0.09828617423772812,
                    -0.39620423316955566
                ],
                [
                    -7.450580152834618e-09,
                    0.483699768781662,
                    -0.8752340078353882,
                    -3.5281810760498047
                ],
                [
                    0.0,
                    0.0,
                    0.0,
                    1.0
                ]
            ]
        },
        {
            "file_path": "/data/shapenet_blender/all_50_random/02958343/a990f6d75c669f4351a95aaa6caba1d3/r_28",
            "rotation": 0.12566370614359174,
            "transform_matrix": [
                [
                    0.9867976307868958,
                    0.05348138138651848,
                    -0.15287373960018158,
                    -0.6162537336349487
                ],
                [
                    -0.16195876896381378,
                    0.32585638761520386,
                    -0.9314435124397278,
                    -3.7547688484191895
                ],
                [
                    -3.725290742551124e-09,
                    0.9439053535461426,
                    0.33021605014801025,
                    1.3311434984207153
                ],
                [
                    0.0,
                    0.0,
                    0.0,
                    1.0
                ]
            ]
        },
        {
            "file_path": "/data/shapenet_blender/all_50_random/02958343/a990f6d75c669f4351a95aaa6caba1d3/r_29",
            "rotation": 0.12566370614359174,
            "transform_matrix": [
                [
                    -0.03657655045390129,
                    0.2371615767478943,
                    0.9707813858985901,
                    3.9133448600769043
                ],
                [
                    0.9993308782577515,
                    0.00868036039173603,
                    0.03553161397576332,
                    0.143232524394989
                ],
                [
                    9.313225746154785e-10,
                    0.971431314945221,
                    -0.23732037842273712,
                    -0.9566690325737
                ],
                [
                    0.0,
                    0.0,
                    0.0,
                    1.0
                ]
            ]
        },
        {
            "file_path": "/data/shapenet_blender/all_50_random/02958343/a990f6d75c669f4351a95aaa6caba1d3/r_30",
            "rotation": 0.12566370614359174,
            "transform_matrix": [
                [
                    -0.9981411695480347,
                    -0.04645208641886711,
                    0.039452362805604935,
                    0.15903756022453308
                ],
                [
                    0.060944944620132446,
                    -0.7607807517051697,
                    0.646140992641449,
                    2.604677677154541
                ],
                [
                    1.862645371275562e-09,
                    0.6473442316055298,
                    0.7621976733207703,
                    3.072517156600952
                ],
                [
                    0.0,
                    0.0,
                    0.0,
                    1.0
                ]
            ]
        },
        {
            "file_path": "/data/shapenet_blender/all_50_random/02958343/a990f6d75c669f4351a95aaa6caba1d3/r_31",
            "rotation": 0.12566370614359174,
            "transform_matrix": [
                [
                    -0.42608463764190674,
                    0.4516661763191223,
                    0.7838683724403381,
                    3.159874439239502
                ],
                [
                    0.9046834111213684,
                    0.21272414922714233,
                    0.36918357014656067,
                    1.4882265329360962
                ],
                [
                    0.0,
                    0.8664559721946716,
                    -0.49925336241722107,
                    -2.01255464553833
                ],
                [
                    0.0,
                    0.0,
                    0.0,
                    1.0
                ]
            ]
        },
        {
            "file_path": "/data/shapenet_blender/all_50_random/02958343/a990f6d75c669f4351a95aaa6caba1d3/r_32",
            "rotation": 0.12566370614359174,
            "transform_matrix": [
                [
                    0.2863340377807617,
                    -0.34810540080070496,
                    -0.8926563858985901,
                    -3.5984129905700684
                ],
                [
                    -0.9581298828125,
                    -0.10403019189834595,
                    -0.2667675316333771,
                    -1.0753743648529053
                ],
                [
                    0.0,
                    0.931665301322937,
                    -0.3633175790309906,
                    -1.4645800590515137
                ],
                [
                    0.0,
                    0.0,
                    0.0,
                    1.0
                ]
            ]
        },
        {
            "file_path": "/data/shapenet_blender/all_50_random/02958343/a990f6d75c669f4351a95aaa6caba1d3/r_33",
            "rotation": 0.12566370614359174,
            "transform_matrix": [
                [
                    -0.89364093542099,
                    -0.021515611559152603,
                    0.44826677441596985,
                    1.8070212602615356
                ],
                [
                    0.44878292083740234,
                    -0.0428430549800396,
                    0.8926131725311279,
                    3.598238945007324
                ],
                [
                    0.0,
                    0.9988501071929932,
                    0.047942135483026505,
                    0.19326093792915344
                ],
                [
                    0.0,
                    0.0,
                    0.0,
                    1.0
                ]
            ]
        },
        {
            "file_path": "/data/shapenet_blender/all_50_random/02958343/a990f6d75c669f4351a95aaa6caba1d3/r_34",
            "rotation": 0.12566370614359174,
            "transform_matrix": [
                [
                    0.7393049597740173,
                    -0.08654770255088806,
                    -0.6677855849266052,
                    -2.691930055618286
                ],
                [
                    -0.6733707189559937,
                    -0.09502216428518295,
                    -0.7331729531288147,
                    -2.955514907836914
                ],
                [
                    0.0,
                    0.9917056560516357,
                    -0.12852904200553894,
                    -0.5181171894073486
                ],
                [
                    0.0,
                    0.0,
                    0.0,
                    1.0
                ]
            ]
        },
        {
            "file_path": "/data/shapenet_blender/all_50_random/02958343/a990f6d75c669f4351a95aaa6caba1d3/r_35",
            "rotation": 0.12566370614359174,
            "transform_matrix": [
                [
                    0.8127219080924988,
                    -0.44079533219337463,
                    0.38102826476097107,
                    1.5359740257263184
                ],
                [
                    0.5826517343521118,
                    0.6148509979248047,
                    -0.5314838886260986,
                    -2.1424801349639893
                ],
                [
                    1.4901161193847656e-08,
                    0.653955340385437,
                    0.7565330862998962,
                    3.049682378768921
                ],
                [
                    0.0,
                    0.0,
                    0.0,
                    1.0
                ]
            ]
        },
        {
            "file_path": "/data/shapenet_blender/all_50_random/02958343/a990f6d75c669f4351a95aaa6caba1d3/r_36",
            "rotation": 0.12566370614359174,
            "transform_matrix": [
                [
                    0.9740927219390869,
                    0.13024817407131195,
                    0.18487541377544403,
                    0.7452566027641296
                ],
                [
                    0.2261492908000946,
                    -0.5610178709030151,
                    -0.7963137030601501,
                    -3.21004319190979
                ],
                [
                    0.0,
                    0.8174927830696106,
                    -0.575938880443573,
                    -2.321683883666992
                ],
                [
                    0.0,
                    0.0,
                    0.0,
                    1.0
                ]
            ]
        },
        {
            "file_path": "/data/shapenet_blender/all_50_random/02958343/a990f6d75c669f4351a95aaa6caba1d3/r_37",
            "rotation": 0.12566370614359174,
            "transform_matrix": [
                [
                    0.7348018884658813,
                    -0.4687137007713318,
                    -0.4902792274951935,
                    -1.9763787984848022
                ],
                [
                    -0.6782819032669067,
                    -0.5077707171440125,
                    -0.5311332941055298,
                    -2.141066789627075
                ],
                [
                    1.4901161193847656e-08,
                    0.7228251695632935,
                    -0.6910309195518494,
                    -2.785634756088257
                ],
                [
                    0.0,
                    0.0,
                    0.0,
                    1.0
                ]
            ]
        },
        {
            "file_path": "/data/shapenet_blender/all_50_random/02958343/a990f6d75c669f4351a95aaa6caba1d3/r_38",
            "rotation": 0.12566370614359174,
            "transform_matrix": [
                [
                    0.930358350276947,
                    0.15323999524116516,
                    0.33309292793273926,
                    1.342740535736084
                ],
                [
                    0.36665159463882446,
                    -0.3888380825519562,
                    -0.8452050089836121,
                    -3.407130479812622
                ],
                [
                    0.0,
                    0.9084725975990295,
                    -0.41794440150260925,
                    -1.6847877502441406
                ],
                [
                    0.0,
                    0.0,
                    0.0,
                    1.0
                ]
            ]
        },
        {
            "file_path": "/data/shapenet_blender/all_50_random/02958343/a990f6d75c669f4351a95aaa6caba1d3/r_39",
            "rotation": 0.12566370614359174,
            "transform_matrix": [
                [
                    -0.9938849806785583,
                    0.06554856151342392,
                    0.08885975182056427,
                    0.3582051396369934
                ],
                [
                    0.11042043566703796,
                    0.5899970531463623,
                    0.7998191714286804,
                    3.2241744995117188
                ],
                [
                    3.725290298461914e-09,
                    0.8047401309013367,
                    -0.5936270952224731,
                    -2.3929874897003174
                ],
                [
                    0.0,
                    0.0,
                    0.0,
                    1.0
                ]
            ]
        },
        {
            "file_path": "/data/shapenet_blender/all_50_random/02958343/a990f6d75c669f4351a95aaa6caba1d3/r_40",
            "rotation": 0.12566370614359174,
            "transform_matrix": [
                [
                    -0.8826777935028076,
                    0.21301338076591492,
                    0.41893354058265686,
                    1.6887750625610352
                ],
                [
                    0.4699787497520447,
                    0.40006527304649353,
                    0.7868086099624634,
                    3.171726942062378
                ],
                [
                    0.0,
                    0.8913882970809937,
                    -0.45324045419692993,
                    -1.827070713043213
                ],
                [
                    0.0,
                    0.0,
                    0.0,
                    1.0
                ]
            ]
        },
        {
            "file_path": "/data/shapenet_blender/all_50_random/02958343/a990f6d75c669f4351a95aaa6caba1d3/r_41",
            "rotation": 0.12566370614359174,
            "transform_matrix": [
                [
                    -0.9813241958618164,
                    -0.10691925138235092,
                    0.15990975499153137,
                    0.6446168422698975
                ],
                [
                    0.1923612654209137,
                    -0.5454447865486145,
                    0.8157739639282227,
                    3.288490056991577
