{
    "class": "02958343",
    "model": "679a25d96d21cae4a7feb903e89a6153",
    "remove_doubles": true,
    "edge_split": true,
    "denoise": true,
    "camera_angle_x": 0.6911112070083618,
    "scale_factor": 2.261860085997302,
    "hdri_file": "/data/IndoorHDRDataset2018/9C4A2473-fd57562ee6.exr",
    "center_offset": [
        0.0,
        0.0,
        -2.444721758365631e-09
    ],
    "lights": [],
    "frames": [
        {
            "file_path": "/data/shapenet_blender/all_50_random/02958343/679a25d96d21cae4a7feb903e89a6153/r_0",
            "rotation": 0.12566370614359174,
            "transform_matrix": [
                [
                    0.5750582814216614,
                    -0.7737629413604736,
                    0.2657044231891632,
                    1.0710887908935547
                ],
                [
                    0.8181123733520508,
                    0.5438846945762634,
                    -0.18676595389842987,
                    -0.7528775930404663
                ],
                [
                    0.0,
                    0.32477742433547974,
                    0.9457905292510986,
                    3.812603235244751
                ],
                [
                    0.0,
                    0.0,
                    0.0,
                    1.0
                ]
            ]
        },
        {
            "file_path": "/data/shapenet_blender/all_50_random/02958343/679a25d96d21cae4a7feb903e89a6153/r_1",
            "rotation": 0.12566370614359174,
            "transform_matrix": [
                [
                    0.024688784033060074,
                    0.9117738008499146,
                    0.4099496304988861,
                    1.6525599956512451
                ],
                [
                    0.9996951818466187,
                    -0.022517448291182518,
                    -0.010124243795871735,
                    -0.040812134742736816
                ],
                [
                    -9.31322685637781e-10,
                    0.4100746810436249,
                    -0.9120518565177917,
                    -3.6765987873077393
                ],
                [
                    0.0,
                    0.0,
                    0.0,
                    1.0
                ]
            ]
        },
        {
            "file_path": "/data/shapenet_blender/all_50_random/02958343/679a25d96d21cae4a7feb903e89a6153/r_2",
            "rotation": 0.12566370614359174,
            "transform_matrix": [
                [
                    -0.3951464891433716,
                    -0.12503409385681152,
                    0.9100690484046936,
                    3.6686058044433594
                ],
                [
                    0.9186181426048279,
                    -0.053783804178237915,
                    0.3914690315723419,
                    1.5780622959136963
                ],
                [
                    0.0,
                    0.9906935691833496,
                    0.1361110508441925,
                    0.5486812591552734
                ],
                [
                    0.0,
                    0.0,
                    0.0,
                    1.0
                ]
            ]
        },
        {
            "file_path": "/data/shapenet_blender/all_50_random/02958343/679a25d96d21cae4a7feb903e89a6153/r_3",
            "rotation": 0.12566370614359174,
            "transform_matrix": [
                [
                    -0.6782158613204956,
                    0.7334511876106262,
                    0.04552421718835831,
                    0.18351399898529053
                ],
                [
                    0.734862744808197,
                    0.6769130825996399,
                    0.04201498255133629,
                    0.16936782002449036
                ],
                [
                    0.0,
                    0.06194913387298584,
                    -0.9980792999267578,
                    -4.023386478424072
                ],
                [
                    0.0,
                    0.0,
                    0.0,
                    1.0
                ]
            ]
        },
        {
            "file_path": "/data/shapenet_blender/all_50_random/02958343/679a25d96d21cae4a7feb903e89a6153/r_4",
            "rotation": 0.12566370614359174,
            "transform_matrix": [
                [
                    0.9444358944892883,
                    -0.15664714574813843,
                    -0.2889680862426758,
                    -1.1648677587509155
                ],
                [
                    -0.32869577407836914,
                    -0.45009151101112366,
                    -0.8302870392799377,
                    -3.346994400024414
                ],
                [
                    1.4901161193847656e-08,
                    0.8791354894638062,
                    -0.47657179832458496,
                    -1.921122431755066
                ],
                [
                    0.0,
                    0.0,
                    0.0,
                    1.0
                ]
            ]
        },
        {
            "file_path": "/data/shapenet_blender/all_50_random/02958343/679a25d96d21cae4a7feb903e89a6153/r_5",
            "rotation": 0.12566370614359174,
            "transform_matrix": [
                [
                    0.9700024127960205,
                    -0.149551123380661,
                    -0.19165053963661194,
                    -0.7725680470466614
                ],
                [
                    -0.24309560656547546,
                    -0.5967403054237366,
                    -0.7647258043289185,
                    -3.0827083587646484
                ],
                [
                    0.0,
                    0.7883751392364502,
                    -0.6151947379112244,
                    -2.479929208755493
                ],
                [
                    0.0,
                    0.0,
                    0.0,
                    1.0
                ]
            ]
        },
        {
            "file_path": "/data/shapenet_blender/all_50_random/02958343/679a25d96d21cae4a7feb903e89a6153/r_6",
            "rotation": 0.12566370614359174,
            "transform_matrix": [
                [
                    -0.25453945994377136,
                    -0.2536706030368805,
                    -0.9331992864608765,
                    -3.7618465423583984
                ],
                [
                    -0.9670624732971191,
                    0.06676836311817169,
                    0.24562636017799377,
                    0.9901515245437622
                ],
                [
                    0.0,
                    0.9649834036827087,
                    -0.26231056451797485,
                    -1.0574077367782593
                ],
                [
                    0.0,
                    0.0,
                    0.0,
                    1.0
                ]
            ]
        },
        {
            "file_path": "/data/shapenet_blender/all_50_random/02958343/679a25d96d21cae4a7feb903e89a6153/r_7",
            "rotation": 0.12566370614359174,
            "transform_matrix": [
                [
                    -0.8125545382499695,
                    0.2004847675561905,
                    -0.5473216772079468,
                    -2.206324577331543
                ],
                [
                    -0.5828853249549866,
                    -0.2794800102710724,
                    0.7629780173301697,
                    3.0756630897521973
                ],
                [
                    0.0,
                    0.9389870762825012,
                    0.34395232796669006,
                    1.3865163326263428
                ],
                [
                    0.0,
                    0.0,
                    0.0,
                    1.0
                ]
            ]
        },
        {
            "file_path": "/data/shapenet_blender/all_50_random/02958343/679a25d96d21cae4a7feb903e89a6153/r_8",
            "rotation": 0.12566370614359174,
            "transform_matrix": [
                [
                    -0.500342845916748,
                    -0.16291503608226776,
                    0.8503621220588684,
                    3.427919387817383
                ],
                [
                    0.8658274412155151,
                    -0.09414505958557129,
                    0.49140578508377075,
                    1.9809200763702393
                ],
                [
                    0.0,
                    0.9821381568908691,
                    0.18816110491752625,
                    0.7585016489028931
                ],
                [
                    0.0,
                    0.0,
                    0.0,
                    1.0
                ]
            ]
        },
        {
            "file_path": "/data/shapenet_blender/all_50_random/02958343/679a25d96d21cae4a7feb903e89a6153/r_9",
            "rotation": 0.12566370614359174,
            "transform_matrix": [
                [
                    0.9622671008110046,
                    0.0034926675725728273,
                    0.2720842659473419,
                    1.0968068838119507
                ],
                [
                    0.27210670709609985,
                    -0.01235132571309805,
                    -0.9621877074241638,
                    -3.8787028789520264
                ],
                [
                    -2.3283064365386963e-10,
                    0.9999176263809204,
                    -0.012835650704801083,
                    -0.05174216628074646
                ],
                [
                    0.0,
                    0.0,
                    0.0,
                    1.0
                ]
            ]
        },
        {
            "file_path": "/data/shapenet_blender/all_50_random/02958343/679a25d96d21cae4a7feb903e89a6153/r_10",
            "rotation": 0.12566370614359174,
            "transform_matrix": [
                [
                    0.0007042527431622148,
                    0.18028095364570618,
                    0.9836149215698242,
                    3.965078592300415
                ],
                [
                    0.9999997615814209,
                    -0.00012696337944362313,
                    -0.000692713656462729,
                    -0.0027924180030822754
                ],
                [
                    0.0,
                    0.9836151599884033,
                    -0.18028099834918976,
                    -0.7267359495162964
                ],
                [
                    0.0,
                    0.0,
                    0.0,
                    1.0
                ]
            ]
        },
        {
            "file_path": "/data/shapenet_blender/all_50_random/02958343/679a25d96d21cae4a7feb903e89a6153/r_11",
            "rotation": 0.12566370614359174,
            "transform_matrix": [
                [
                    -0.8647523522377014,
                    0.4835657477378845,
                    0.1355266273021698,
                    0.5463253259658813
                ],
                [
                    0.5021984577178955,
                    0.8326680064201355,
                    0.23336784541606903,
                    0.9407358169555664
                ],
                [
                    7.450580152834618e-09,
                    0.26986655592918396,
                    -0.9628977179527283,
                    -3.8815646171569824
                ],
                [
                    0.0,
                    0.0,
                    0.0,
                    1.0
                ]
            ]
        },
        {
            "file_path": "/data/shapenet_blender/all_50_random/02958343/679a25d96d21cae4a7feb903e89a6153/r_12",
            "rotation": 0.12566370614359174,
            "transform_matrix": [
                [
                    -0.9773723483085632,
                    -0.0017099971882998943,
                    -0.21151934564113617,
                    -0.8526617884635925
                ],
                [
                    -0.2115262895822525,
                    0.007901163771748543,
                    0.9773402810096741,
                    3.9397850036621094
                ],
                [
                    -1.1641532182693481e-10,
                    0.9999672770500183,
                    -0.008084087632596493,
                    -0.03258800506591797
                ],
                [
                    0.0,
                    0.0,
                    0.0,
                    1.0
                ]
            ]
        },
        {
            "file_path": "/data/shapenet_blender/all_50_random/02958343/679a25d96d21cae4a7feb903e89a6153/r_13",
            "rotation": 0.12566370614359174,
            "transform_matrix": [
                [
                    -0.4372475743293762,
                    -0.34678536653518677,
                    -0.8297918438911438,
                    -3.3449978828430176
                ],
                [
                    -0.8993412256240845,
                    0.1686023622751236,
                    0.40343359112739563,
                    1.6262928247451782
                ],
                [
                    0.0,
                    0.9226663708686829,
                    -0.3855993151664734,
                    -1.5544005632400513
                ],
                [
                    0.0,
                    0.0,
                    0.0,
                    1.0
                ]
            ]
        },
        {
            "file_path": "/data/shapenet_blender/all_50_random/02958343/679a25d96d21cae4a7feb903e89a6153/r_14",
            "rotation": 0.12566370614359174,
            "transform_matrix": [
                [
                    0.9367942810058594,
                    0.047932736575603485,
                    0.3465815782546997,
                    1.3971151113510132
                ],
                [
                    0.34988048672676086,
                    -0.12833844125270844,
                    -0.9279615879058838,
                    -3.7407331466674805
                ],
                [
                    0.0,
                    0.9905714392662048,
                    -0.13699741661548615,
                    -0.552254319190979
                ],
                [
                    0.0,
                    0.0,
                    0.0,
                    1.0
                ]
            ]
        },
        {
            "file_path": "/data/shapenet_blender/all_50_random/02958343/679a25d96d21cae4a7feb903e89a6153/r_15",
            "rotation": 0.12566370614359174,
            "transform_matrix": [
                [
                    -0.9815788865089417,
                    0.06740923970937729,
                    -0.17877061665058136,
                    -0.720647394657135
                ],
                [
                    -0.19105742871761322,
                    -0.34632250666618347,
                    0.9184540510177612,
                    3.702406644821167
                ],
                [
                    3.725290076417309e-09,
                    0.9356905817985535,
                    0.35282185673713684,
                    1.42227041721344
                ],
                [
                    0.0,
                    0.0,
                    0.0,
                    1.0
                ]
            ]
        },
        {
            "file_path": "/data/shapenet_blender/all_50_random/02958343/679a25d96d21cae4a7feb903e89a6153/r_16",
            "rotation": 0.12566370614359174,
            "transform_matrix": [
                [
                    -0.8451870679855347,
                    -0.47178956866264343,
                    -0.25114431977272034,
                    -1.0123951435089111
                ],
                [
                    -0.5344706177711487,
                    0.7460660934448242,
                    0.3971479535102844,
                    1.6009546518325806
                ],
                [
                    0.0,
                    0.46989357471466064,
                    -0.8827230334281921,
                    -3.558370351791382
                ],
                [
                    0.0,
                    0.0,
                    0.0,
                    1.0
                ]
            ]
        },
        {
            "file_path": "/data/shapenet_blender/all_50_random/02958343/679a25d96d21cae4a7feb903e89a6153/r_17",
            "rotation": 0.12566370614359174,
            "transform_matrix": [
                [
                    -0.9713162183761597,
                    -0.06171659007668495,
                    0.2296428233385086,
                    0.9257198572158813
                ],
                [
                    0.23779141902923584,
                    -0.2520962655544281,
                    0.9380313158035278,
                    3.781325101852417
                ],
                [
                    3.725290298461914e-09,
                    0.9657320976257324,
                    0.2595408260822296,
                    1.0462424755096436
                ],
                [
                    0.0,
                    0.0,
                    0.0,
                    1.0
                ]
            ]
        },
        {
            "file_path": "/data/shapenet_blender/all_50_random/02958343/679a25d96d21cae4a7feb903e89a6153/r_18",
            "rotation": 0.12566370614359174,
            "transform_matrix": [
                [
                    0.8867877125740051,
                    -0.10493776202201843,
                    0.45010626316070557,
                    1.814436435699463
                ],
                [
                    0.462177038192749,
                    0.20134606957435608,
                    -0.8636273145675659,
                    -3.4813930988311768
                ],
                [
                    -7.450580596923828e-09,
                    0.973882794380188,
                    0.2270510345697403,
                    0.9152719974517822
                ],
                [
                    0.0,
                    0.0,
                    0.0,
                    1.0
                ]
            ]
        },
        {
            "file_path": "/data/shapenet_blender/all_50_random/02958343/679a25d96d21cae4a7feb903e89a6153/r_19",
            "rotation": 0.12566370614359174,
            "transform_matrix": [
                [
                    0.8727166652679443,
                    -0.10627538710832596,
                    0.4765198230743408,
                    1.9209126234054565
                ],
                [
                    0.488226979970932,
                    0.18996962904930115,
                    -0.8517898917198181,
                    -3.4336745738983154
                ],
                [
                    7.450580152834618e-09,
                    0.9760209918022156,
                    0.21767622232437134,
                    0.8774808049201965
                ],
                [
                    0.0,
                    0.0,
                    0.0,
                    1.0
                ]
            ]
        },
        {
            "file_path": "/data/shapenet_blender/all_50_random/02958343/679a25d96d21cae4a7feb903e89a6153/r_20",
            "rotation": 0.12566370614359174,
            "transform_matrix": [
                [
                    -0.38404935598373413,
                    0.11369455605745316,
                    -0.9162858724594116,
                    -3.6936659812927246
                ],
                [
                    -0.9233126044273376,
                    -0.04729093983769417,
                    0.38112661242485046,
                    1.5363702774047852
                ],
                [
                    3.725290298461914e-09,
                    0.9923895001411438,
                    0.1231376975774765,
                    0.4963838756084442
                ],
                [
                    0.0,
                    0.0,
                    0.0,
                    1.0
                ]
            ]
        },
        {
            "file_path": "/data/shapenet_blender/all_50_random/02958343/679a25d96d21cae4a7feb903e89a6153/r_21",
            "rotation": 0.12566370614359174,
            "transform_matrix": [
                [
                    0.7757467031478882,
                    0.0030670666601508856,
                    0.6310368776321411,
                    2.5437912940979004
                ],
                [
                    0.6310443878173828,
                    -0.003770363749936223,
                    -0.775737464427948,
                    -3.1270980834960938
                ],
                [
                    2.3283064365386963e-10,
                    0.9999881982803345,
                    -0.004860301967710257,
                    -0.01959250494837761
                ],
                [
                    0.0,
                    0.0,
                    0.0,
                    1.0
                ]
            ]
        },
        {
            "file_path": "/data/shapenet_blender/all_50_random/02958343/679a25d96d21cae4a7feb903e89a6153/r_22",
            "rotation": 0.12566370614359174,
            "transform_matrix": [
                [
                    0.51963871717453,
                    -0.4170249104499817,
                    0.7456982135772705,
                    3.0060057640075684
                ],
                [
                    0.8543862104415894,
                    0.253635048866272,
                    -0.4535345435142517,
                    -1.8282562494277954
                ],
                [
                    0.0,
                    0.8727883696556091,
                    0.4880988299846649,
                    1.967589259147644
                ],
                [
                    0.0,
                    0.0,
                    0.0,
                    1.0
                ]
            ]
        },
        {
            "file_path": "/data/shapenet_blender/all_50_random/02958343/679a25d96d21cae4a7feb903e89a6153/r_23",
            "rotation": 0.12566370614359174,
            "transform_matrix": [
                [
                    0.2357606738805771,
                    -0.9141136407852173,
                    0.3298683762550354,
                    1.3297419548034668
                ],
                [
                    0.9718112349510193,
                    0.22176328301429749,
                    -0.0800258219242096,
                    -0.32259440422058105
                ],
                [
                    7.450580596923828e-09,
                    0.3394368886947632,
                    0.9406289458274841,
                    3.7917964458465576
                ],
                [
                    0.0,
                    0.0,
                    0.0,
                    1.0
                ]
            ]
        },
        {
            "file_path": "/data/shapenet_blender/all_50_random/02958343/679a25d96d21cae4a7feb903e89a6153/r_24",
            "rotation": 0.12566370614359174,
            "transform_matrix": [
                [
                    -0.9993736743927002,
                    -0.02386891469359398,
                    -0.026124754920601845,
                    -0.10531225800514221
                ],
                [
                    -0.0353868268430233,
                    0.6740915775299072,
                    0.7377997040748596,
                    2.974165678024292
                ],
                [
                    0.0,
                    0.7382620573043823,
                    -0.6745139956474304,
                    -2.719052791595459
                ],
                [
                    0.0,
                    0.0,
                    0.0,
                    1.0
                ]
            ]
        },
        {
            "file_path": "/data/shapenet_blender/all_50_random/02958343/679a25d96d21cae4a7feb903e89a6153/r_25",
            "rotation": 0.12566370614359174,
            "transform_matrix": [
                [
                    -0.08280883729457855,
                    -0.2347940355539322,
                    0.9685114622116089,
                    3.9041945934295654
                ],
                [
                    0.9965654611587524,
                    -0.01951002888381481,
                    0.08047771453857422,
                    0.32441604137420654
                ],
                [
                    -1.862645149230957e-09,
                    0.9718493223190308,
                    0.2356032282114029,
                    0.9497469663619995
                ],
                [
                    0.0,
                    0.0,
                    0.0,
                    1.0
                ]
            ]
        },
        {
            "file_path": "/data/shapenet_blender/all_50_random/02958343/679a25d96d21cae4a7feb903e89a6153/r_26",
            "rotation": 0.12566370614359174,
            "transform_matrix": [
                [
                    -0.9971188306808472,
                    0.03906143084168434,
                    0.06502629816532135,
                    0.26212939620018005
                ],
                [
                    0.07585654407739639,
                    0.5134545564651489,
                    0.8547573685646057,
                    3.4456372261047363
                ],
                [
                    -3.725290742551124e-09,
                    0.8572273254394531,
                    -0.5149381160736084,
                    -2.075782060623169
                ],
                [
                    0.0,
                    0.0,
                    0.0,
                    1.0
                ]
            ]
        },
        {
            "file_path": "/data/shapenet_blender/all_50_random/02958343/679a25d96d21cae4a7feb903e89a6153/r_27",
            "rotation": 0.12566370614359174,
            "transform_matrix": [
                [
                    -0.1512795388698578,
                    -0.3808228075504303,
                    -0.9121888279914856,
                    -3.6771507263183594
                ],
                [
                    -0.9884910583496094,
                    0.05828145891427994,
                    0.1396021842956543,
                    0.5627543926239014
                ],
                [
                    0.0,
                    0.9228093028068542,
                    -0.3852567672729492,
                    -1.5530197620391846
                ],
                [
                    0.0,
                    0.0,
                    0.0,
                    1.0
                ]
            ]
        },
        {
            "file_path": "/data/shapenet_blender/all_50_random/02958343/679a25d96d21cae4a7feb903e89a6153/r_28",
            "rotation": 0.12566370614359174,
            "transform_matrix": [
                [
                    0.1989021897315979,
                    -0.8491243720054626,
                    -0.4893112778663635,
                    -1.9724769592285156
                ],
                [
                    -0.9800192713737488,
                    -0.17233608663082123,
                    -0.09930934756994247,
                    -0.4003288149833679
                ],
                [
                    -7.450580596923828e-09,
                    0.49928733706474304,
                    -0.8664363026618958,
                    -3.4927167892456055
                ],
                [
                    0.0,
                    0.0,
                    0.0,
                    1.0
                ]
            ]
        },
        {
            "file_path": "/data/shapenet_blender/all_50_random/02958343/679a25d96d21cae4a7feb903e89a6153/r_29",
            "rotation": 0.12566370614359174,
            "transform_matrix": [
                [
                    -0.5035476684570312,
                    0.8399091362953186,
                    0.20246562361717224,
                    0.8161650896072388
                ],
                [
                    0.8639674782752991,
                    0.4895256757736206,
                    0.11800338327884674,
                    0.4756868779659271
                ],
                [
                    -7.450581485102248e-09,
                    0.23434410989284515,
                    -0.9721536040306091,
                    -3.918876886367798
                ],
                [
                    0.0,
                    0.0,
                    0.0,
                    1.0
                ]
            ]
        },
        {
            "file_path": "/data/shapenet_blender/all_50_random/02958343/679a25d96d21cae4a7feb903e89a6153/r_30",
            "rotation": 0.12566370614359174,
            "transform_matrix": [
                [
                    0.09300742298364639,
                    0.7763614654541016,
                    0.6233879327774048,
                    2.5129570960998535
                ],
                [
                    0.995665431022644,
                    -0.07252173125743866,
                    -0.05823211371898651,
                    -0.23474116623401642
                ],
                [
                    3.725290298461914e-09,
                    0.6261016726493835,
                    -0.7797413468360901,
                    -3.143237829208374
                ],
                [
                    0.0,
                    0.0,
                    0.0,
                    1.0
                ]
            ]
        },
        {
            "file_path": "/data/shapenet_blender/all_50_random/02958343/679a25d96d21cae4a7feb903e89a6153/r_31",
            "rotation": 0.12566370614359174,
            "transform_matrix": [
                [
                    0.8895437121391296,
                    0.24507275223731995,
                    0.3855530619621277,
                    1.5542142391204834
                ],
                [
                    0.4568499028682709,
                    -0.47718721628189087,
                    -0.7507199048995972,
                    -3.0262489318847656
                ],
                [
                    0.0,
                    0.8439381122589111,
                    -0.536440372467041,
                    -2.1624605655670166
                ],
                [
                    0.0,
                    0.0,
                    0.0,
                    1.0
                ]
            ]
        },
        {
            "file_path": "/data/shapenet_blender/all_50_random/02958343/679a25d96d21cae4a7feb903e89a6153/r_32",
            "rotation": 0.12566370614359174,
            "transform_matrix": [
                [
                    -0.95966637134552,
                    0.22457481920719147,
                    -0.1691354662179947,
                    -0.6818069219589233
                ],
                [
                    -0.2811417281627655,
                    -0.7665773630142212,
                    0.5773373246192932,
                    2.3273215293884277
                ],
                [
                    1.4901162970204496e-08,
                    0.6016021370887756,
                    0.7987957000732422,
                    3.220048666000366
                ],
                [
                    0.0,
                    0.0,
                    0.0,
                    1.0
                ]
            ]
        },
        {
            "file_path": "/data/shapenet_blender/all_50_random/02958343/679a25d96d21cae4a7feb903e89a6153/r_33",
            "rotation": 0.12566370614359174,
            "transform_matrix": [
                [
                    0.3030651807785034,
                    0.014177767559885979,
                    0.9528643488883972,
                    3.8411190509796143
                ],
                [
                    0.9529698491096497,
                    -0.00450883898884058,
                    -0.3030316233634949,
                    -1.2215595245361328
                ],
                [
                    0.0,
                    0.9998893141746521,
                    -0.014877457171678543,
                    -0.05997294932603836
                ],
                [
                    0.0,
                    0.0,
                    0.0,
                    1.0
                ]
            ]
        },
        {
            "file_path": "/data/shapenet_blender/all_50_random/02958343/679a25d96d21cae4a7feb903e89a6153/r_34",
            "rotation": 0.12566370614359174,
            "transform_matrix": [
                [
                    0.29797595739364624,
                    -0.5311195254325867,
                    -0.7931722402572632,
                    -3.1973798274993896
                ],
                [
                    -0.9545733332633972,
                    -0.16579224169254303,
                    -0.24759359657764435,
                    -0.9980817437171936
                ],
                [
                    -1.4901161193847656e-08,
                    0.83091801404953,
                    -0.5563946962356567,
                    -2.242898941040039
                ],
                [
                    0.0,
                    0.0,
                    0.0,
                    1.0
                ]
            ]
        },
        {
            "file_path": "/data/shapenet_blender/all_50_random/02958343/679a25d96d21cae4a7feb903e89a6153/r_35",
            "rotation": 0.12566370614359174,
            "transform_matrix": [
                [
                    -0.2194332480430603,
                    -0.6383076310157776,
                    0.7378431558609009,
                    2.9743404388427734
                ],
                [
                    0.9756275415420532,
                    -0.14356493949890137,
                    0.16595196723937988,
                    0.6689736843109131
                ],
                [
                    0.0,
                    0.7562753558158875,
                    0.6542534232139587,
                    2.6373796463012695
                ],
                [
                    0.0,
                    0.0,
                    0.0,
                    1.0
                ]
            ]
        },
        {
            "file_path": "/data/shapenet_blender/all_50_random/02958343/679a25d96d21cae4a7feb903e89a6153/r_36",
            "rotation": 0.12566370614359174,
            "transform_matrix": [
                [
                    0.5973024368286133,
                    -0.010156085714697838,
                    0.8019517660140991,
                    3.232771158218384
                ],
                [
                    0.8020161986351013,
                    0.007563755847513676,
                    -0.5972544550895691,
                    -2.4076099395751953
                ],
                [
                    4.656612873077393e-10,
                    0.9999198913574219,
                    0.012663192115724087,
                    0.05104696378111839
                ],
                [
                    0.0,
                    0.0,
                    0.0,
                    1.0
                ]
            ]
        },
        {
            "file_path": "/data/shapenet_blender/all_50_random/02958343/679a25d96d21cae4a7feb903e89a6153/r_37",
            "rotation": 0.12566370614359174,
            "transform_matrix": [
                [
                    -0.953208863735199,
                    0.09048180282115936,
                    -0.2884543836116791,
                    -1.162796974182129
                ],
                [
                    -0.30231261253356934,
                    -0.2852942943572998,
                    0.9095131158828735,
                    3.666364908218384
                ],
                [
                    -7.450581485102248e-09,
                    0.9541593194007874,
                    0.29929882287979126,
                    1.206512212753296
                ],
                [
                    0.0,
                    0.0,
                    0.0,
                    1.0
                ]
            ]
        },
        {
            "file_path": "/data/shapenet_blender/all_50_random/02958343/679a25d96d21cae4a7feb903e89a6153/r_38",
            "rotation": 0.12566370614359174,
            "transform_matrix": [
                [
                    0.9909709692001343,
                    0.013626202940940857,
                    0.13338251411914825,
                    0.5376821160316467
                ],
                [
                    0.13407671451568604,
                    -0.10071226954460144,
                    -0.9858399629592896,
                    -3.974047899246216
                ],
                [
                    0.0,
                    0.9948222637176514,
                    -0.10162989050149918,
                    -0.4096831977367401
                ],
                [
                    0.0,
                    0.0,
                    0.0,
                    1.0
                ]
            ]
        },
        {
            "file_path": "/data/shapenet_blender/all_50_random/02958343/679a25d96d21cae4a7feb903e89a6153/r_39",
            "rotation": 0.12566370614359174,
            "transform_matrix": [
                [
                    0.7515099048614502,
                    -0.036802783608436584,
                    0.6586943864822388,
                    2.6552820205688477
                ],
                [
                    0.6597216725349426,
                    0.041923217475414276,
                    -0.750339686870575,
                    -3.0247161388397217
                ],
                [
                    1.8626450382086546e-09,
                    0.9984427094459534,
                    0.05578531697392464,
                    0.22487780451774597
                ],
                [
                    0.0,
                    0.0,
                    0.0,
                    1.0
                ]
            ]
        },
        {
            "file_path": "/data/shapenet_blender/all_50_random/02958343/679a25d96d21cae4a7feb903e89a6153/r_40",
            "rotation": 0.12566370614359174,
            "transform_matrix": [
                [
                    -0.8856678009033203,
                    0.29197201132774353,
                    0.3610331416130066,
                    1.4553711414337158
                ],
                [
                    0.46431949734687805,
                    0.556922972202301,
                    0.6886538863182068,
                    2.776052713394165
                ],
                [
                    1.4901161193847656e-08,
                    0.7775532007217407,
                    -0.6288170218467712,
                    -2.5348424911499023
                ],
                [
                    0.0,
                    0.0,
                    0.0,
                    1.0
                ]
            ]
        },
        {
            "file_path": "/data/shapenet_blender/all_50_random/02958343/679a25d96d21cae4a7feb903e89a6153/r_41",
            "rotation": 0.12566370614359174,
            "transform_matrix": [
                [
                    0.5929675102233887,
                    0.400672048330307,
                    -0.6984636187553406,
                    -2.81559681892395
                ],
                [
                    -0.8052264451980591,
                    0.29505425691604614,
                    -0.514347493648529,
