{
    "class": "02958343",
    "model": "bf493207165e9359492225f5fc55e666",
    "remove_doubles": true,
    "edge_split": true,
    "denoise": true,
    "camera_angle_x": 0.6911112070083618,
    "scale_factor": 2.283921073212634,
    "hdri_file": "/data/IndoorHDRDataset2018/9C4A2689-4af01d4298.exr",
    "center_offset": [
        0.0,
        0.0,
        3.725290298461914e-09
    ],
    "lights": [],
    "frames": [
        {
            "file_path": "/data/shapenet_blender/all_50_random/02958343/bf493207165e9359492225f5fc55e666/r_0",
            "rotation": 0.12566370614359174,
            "transform_matrix": [
                [
                    0.8735366463661194,
                    0.1653841882944107,
                    -0.4578011929988861,
                    -1.8454556465148926
                ],
                [
                    -0.4867585599422455,
                    0.29679834842681885,
                    -0.8215697407722473,
                    -3.3118536472320557
                ],
                [
                    0.0,
                    0.9405098557472229,
                    0.33976635336875916,
                    1.3696420192718506
                ],
                [
                    0.0,
                    0.0,
                    0.0,
                    1.0
                ]
            ]
        },
        {
            "file_path": "/data/shapenet_blender/all_50_random/02958343/bf493207165e9359492225f5fc55e666/r_1",
            "rotation": 0.12566370614359174,
            "transform_matrix": [
                [
                    0.9222630858421326,
                    0.022612029686570168,
                    0.3859008550643921,
                    1.5556161403656006
                ],
                [
                    0.3865627348423004,
                    -0.05394787713885307,
                    -0.9206839203834534,
                    -3.711395502090454
                ],
                [
                    0.0,
                    0.9982877373695374,
                    -0.05849510431289673,
                    -0.2358013093471527
                ],
                [
                    0.0,
                    0.0,
                    0.0,
                    1.0
                ]
            ]
        },
        {
            "file_path": "/data/shapenet_blender/all_50_random/02958343/bf493207165e9359492225f5fc55e666/r_2",
            "rotation": 0.12566370614359174,
            "transform_matrix": [
                [
                    0.487663209438324,
                    0.6483955383300781,
                    0.5846092700958252,
                    2.356635093688965
                ],
                [
                    0.8730319142341614,
                    -0.3621845245361328,
                    -0.32655441761016846,
                    -1.316382884979248
                ],
                [
                    0.0,
                    0.6696310043334961,
                    -0.7426940202713013,
                    -2.9938950538635254
                ],
                [
                    0.0,
                    0.0,
                    0.0,
                    1.0
                ]
            ]
        },
        {
            "file_path": "/data/shapenet_blender/all_50_random/02958343/bf493207165e9359492225f5fc55e666/r_3",
            "rotation": 0.12566370614359174,
            "transform_matrix": [
                [
                    -0.8816373348236084,
                    -0.44640079140663147,
                    0.15310774743556976,
                    0.6171971559524536
                ],
                [
                    0.47192761301994324,
                    -0.833949089050293,
                    0.286030113697052,
                    1.153024435043335
                ],
                [
                    -1.4901162970204496e-08,
                    0.3244306743144989,
                    0.9459093809127808,
                    3.8130829334259033
                ],
                [
                    0.0,
                    0.0,
                    0.0,
                    1.0
                ]
            ]
        },
        {
            "file_path": "/data/shapenet_blender/all_50_random/02958343/bf493207165e9359492225f5fc55e666/r_4",
            "rotation": 0.12566370614359174,
            "transform_matrix": [
                [
                    -0.9708439707756042,
                    0.13396881520748138,
                    0.1987825334072113,
                    0.8013180494308472
                ],
                [
                    0.239712655544281,
                    0.5425780415534973,
                    0.8050757050514221,
                    3.24536395072937
                ],
                [
                    0.0,
                    0.8292534947395325,
                    -0.558872640132904,
                    -2.252887725830078
                ],
                [
                    0.0,
                    0.0,
                    0.0,
                    1.0
                ]
            ]
        },
        {
            "file_path": "/data/shapenet_blender/all_50_random/02958343/bf493207165e9359492225f5fc55e666/r_5",
            "rotation": 0.12566370614359174,
            "transform_matrix": [
                [
                    0.5336561799049377,
                    -0.21640318632125854,
                    -0.8175455331802368,
                    -3.2956314086914062
                ],
                [
                    -0.8457013964653015,
                    -0.13655515015125275,
                    -0.5158891677856445,
                    -2.079615831375122
                ],
                [
                    0.0,
                    0.9667069315910339,
                    -0.2558859884738922,
                    -1.0315093994140625
                ],
                [
                    0.0,
                    0.0,
                    0.0,
                    1.0
                ]
            ]
        },
        {
            "file_path": "/data/shapenet_blender/all_50_random/02958343/bf493207165e9359492225f5fc55e666/r_6",
            "rotation": 0.12566370614359174,
            "transform_matrix": [
                [
                    0.9182669520378113,
                    -0.04186510294675827,
                    -0.3937424123287201,
                    -1.5872265100479126
                ],
                [
                    -0.3959618806838989,
                    -0.09708848595619202,
                    -0.9131198525428772,
                    -3.6809041500091553
                ],
                [
                    3.725290298461914e-09,
                    0.994394838809967,
                    -0.10573012381792068,
                    -0.42621180415153503
                ],
                [
                    0.0,
                    0.0,
                    0.0,
                    1.0
                ]
            ]
        },
        {
            "file_path": "/data/shapenet_blender/all_50_random/02958343/bf493207165e9359492225f5fc55e666/r_7",
            "rotation": 0.12566370614359174,
            "transform_matrix": [
                [
                    0.09543351083993912,
                    -0.43984049558639526,
                    0.8929908871650696,
                    3.599761486053467
                ],
                [
                    0.9954358339309692,
                    0.04216798022389412,
                    -0.08561199903488159,
                    -0.34511300921440125
                ],
                [
                    3.725290742551124e-09,
                    0.8970853686332703,
                    0.4418572187423706,
                    1.7811834812164307
                ],
                [
                    0.0,
                    0.0,
                    0.0,
                    1.0
                ]
            ]
        },
        {
            "file_path": "/data/shapenet_blender/all_50_random/02958343/bf493207165e9359492225f5fc55e666/r_8",
            "rotation": 0.12566370614359174,
            "transform_matrix": [
                [
                    0.9829614758491516,
                    0.03142091631889343,
                    -0.1811065673828125,
                    -0.7300639152526855
                ],
                [
                    -0.18381205201148987,
                    0.16802789270877838,
                    -0.9684935212135315,
                    -3.9041223526000977
                ],
                [
                    0.0,
                    0.9852812886238098,
                    0.17094048857688904,
                    0.6890831589698792
                ],
                [
                    0.0,
                    0.0,
                    0.0,
                    1.0
                ]
            ]
        },
        {
            "file_path": "/data/shapenet_blender/all_50_random/02958343/bf493207165e9359492225f5fc55e666/r_9",
            "rotation": 0.12566370614359174,
            "transform_matrix": [
                [
                    0.06676726788282394,
                    0.9474332332611084,
                    0.3129093050956726,
                    1.2613778114318848
                ],
                [
                    0.9977686405181885,
                    -0.06339898705482483,
                    -0.020938819274306297,
                    -0.08440708369016647
                ],
                [
                    1.862645371275562e-09,
                    0.3136090040206909,
                    -0.9495521783828735,
                    -3.8277673721313477
                ],
                [
                    0.0,
                    0.0,
                    0.0,
                    1.0
                ]
            ]
        },
        {
            "file_path": "/data/shapenet_blender/all_50_random/02958343/bf493207165e9359492225f5fc55e666/r_10",
            "rotation": 0.12566370614359174,
            "transform_matrix": [
                [
                    -0.9988008737564087,
                    0.00557774119079113,
                    -0.04864060878753662,
                    -0.19607657194137573
                ],
                [
                    -0.04895937815308571,
                    -0.11378929764032364,
                    0.9922978281974792,
                    4.000080585479736
                ],
                [
                    0.0,
                    0.9934892654418945,
                    0.11392591148614883,
                    0.4592500329017639
                ],
                [
                    0.0,
                    0.0,
                    0.0,
                    1.0
                ]
            ]
        },
        {
            "file_path": "/data/shapenet_blender/all_50_random/02958343/bf493207165e9359492225f5fc55e666/r_11",
            "rotation": 0.12566370614359174,
            "transform_matrix": [
                [
                    -0.9196077585220337,
                    0.015405133366584778,
                    -0.3925358057022095,
                    -1.5823625326156616
                ],
                [
                    -0.3928380608558655,
                    -0.03606239706277847,
                    0.9189002513885498,
                    3.7042057514190674
                ],
                [
                    -1.862645371275562e-09,
                    0.999230682849884,
                    0.039214976131916046,
                    0.15808063745498657
                ],
                [
                    0.0,
                    0.0,
                    0.0,
                    1.0
                ]
            ]
        },
        {
            "file_path": "/data/shapenet_blender/all_50_random/02958343/bf493207165e9359492225f5fc55e666/r_12",
            "rotation": 0.12566370614359174,
            "transform_matrix": [
                [
                    0.9690662622451782,
                    0.04736625403165817,
                    0.24221274256706238,
                    0.9763906598091125
                ],
                [
                    0.24680066108703613,
                    -0.185984268784523,
                    -0.9510517716407776,
                    -3.8338117599487305
                ],
                [
                    0.0,
                    0.9814103841781616,
                    -0.19192112982273102,
                    -0.7736587524414062
                ],
                [
                    0.0,
                    0.0,
                    0.0,
                    1.0
                ]
            ]
        },
        {
            "file_path": "/data/shapenet_blender/all_50_random/02958343/bf493207165e9359492225f5fc55e666/r_13",
            "rotation": 0.12566370614359174,
            "transform_matrix": [
                [
                    0.8417026996612549,
                    -0.21170483529567719,
                    -0.4967067837715149,
                    -2.002289056777954
                ],
                [
                    -0.5399412512779236,
                    -0.33002203702926636,
                    -0.7743054032325745,
                    -3.1213250160217285
                ],
                [
                    0.0,
                    0.9199274778366089,
                    -0.3920886218547821,
                    -1.5805597305297852
                ],
                [
                    0.0,
                    0.0,
                    0.0,
                    1.0
                ]
            ]
        },
        {
            "file_path": "/data/shapenet_blender/all_50_random/02958343/bf493207165e9359492225f5fc55e666/r_14",
            "rotation": 0.12566370614359174,
            "transform_matrix": [
                [
                    -0.18249569833278656,
                    -0.4942101240158081,
                    0.8499715328216553,
                    3.426345109939575
                ],
                [
                    0.9832067489624023,
                    -0.09173170477151871,
                    0.15776555240154266,
                    0.635973334312439
                ],
                [
                    0.0,
                    0.8644891977310181,
                    0.5026512145996094,
                    2.026252031326294
                ],
                [
                    0.0,
                    0.0,
                    0.0,
                    1.0
                ]
            ]
        },
        {
            "file_path": "/data/shapenet_blender/all_50_random/02958343/bf493207165e9359492225f5fc55e666/r_15",
            "rotation": 0.12566370614359174,
            "transform_matrix": [
                [
                    -0.7113139629364014,
                    -0.14924244582653046,
                    -0.6868472695350647,
                    -2.7687699794769287
                ],
                [
                    -0.702874481678009,
                    0.151034414768219,
                    0.6950942873954773,
                    2.8020145893096924
                ],
                [
                    7.450581485102248e-09,
                    0.9771976470947266,
                    -0.2123315930366516,
                    -0.8559360504150391
                ],
                [
                    0.0,
                    0.0,
                    0.0,
                    1.0
                ]
            ]
        },
        {
            "file_path": "/data/shapenet_blender/all_50_random/02958343/bf493207165e9359492225f5fc55e666/r_16",
            "rotation": 0.12566370614359174,
            "transform_matrix": [
                [
                    -0.9859092831611633,
                    0.1437872052192688,
                    0.08548789471387863,
                    0.344612717628479
                ],
                [
                    0.16728103160858154,
                    0.8474429845809937,
                    0.5038425326347351,
                    2.0310542583465576
                ],
                [
                    -7.450580596923828e-09,
                    0.5110434889793396,
                    -0.8595548272132874,
                    -3.4649763107299805
                ],
                [
                    0.0,
                    0.0,
                    0.0,
                    1.0
                ]
            ]
        },
        {
            "file_path": "/data/shapenet_blender/all_50_random/02958343/bf493207165e9359492225f5fc55e666/r_17",
            "rotation": 0.12566370614359174,
            "transform_matrix": [
                [
                    -0.5685417056083679,
                    0.27687814831733704,
                    0.7746605277061462,
                    3.122756004333496
                ],
                [
                    0.8226544260978699,
                    0.1913522481918335,
                    0.5353728532791138,
                    2.158156633377075
                ],
                [
                    1.4901160305669237e-08,
                    0.9416595697402954,
                    -0.3365668058395386,
                    -1.3567440509796143
                ],
                [
                    0.0,
                    0.0,
                    0.0,
                    1.0
                ]
            ]
        },
        {
            "file_path": "/data/shapenet_blender/all_50_random/02958343/bf493207165e9359492225f5fc55e666/r_18",
            "rotation": 0.12566370614359174,
            "transform_matrix": [
                [
                    -0.7529726028442383,
                    0.6056534051895142,
                    0.2573252022266388,
                    1.03731107711792
                ],
                [
                    0.6580519080162048,
                    0.6930158734321594,
                    0.2944430708885193,
                    1.186937928199768
                ],
                [
                    0.0,
                    0.3910408616065979,
                    -0.9203733205795288,
                    -3.710143566131592
                ],
                [
                    0.0,
                    0.0,
                    0.0,
                    1.0
                ]
            ]
        },
        {
            "file_path": "/data/shapenet_blender/all_50_random/02958343/bf493207165e9359492225f5fc55e666/r_19",
            "rotation": 0.12566370614359174,
            "transform_matrix": [
                [
                    0.1939193308353424,
                    -0.11948040872812271,
                    -0.9737144112586975,
                    -3.92516827583313
                ],
                [
                    -0.981017529964447,
                    -0.023617887869477272,
                    -0.19247572124004364,
                    -0.7758944630622864
                ],
                [
                    0.0,
                    0.992555558681488,
                    -0.12179233133792877,
                    -0.49096059799194336
                ],
                [
                    0.0,
                    0.0,
                    0.0,
                    1.0
                ]
            ]
        },
        {
            "file_path": "/data/shapenet_blender/all_50_random/02958343/bf493207165e9359492225f5fc55e666/r_20",
            "rotation": 0.12566370614359174,
            "transform_matrix": [
                [
                    0.9895862936973572,
                    0.10235872864723206,
                    -0.10120122879743576,
                    -0.40795519948005676
                ],
                [
                    -0.14394095540046692,
                    0.7037107348442078,
                    -0.6957529783248901,
                    -2.8046698570251465
                ],
                [
                    0.0,
                    0.7030744552612305,
                    0.7111161351203918,
                    2.866600751876831
                ],
                [
                    0.0,
                    0.0,
                    0.0,
                    1.0
                ]
            ]
        },
        {
            "file_path": "/data/shapenet_blender/all_50_random/02958343/bf493207165e9359492225f5fc55e666/r_21",
            "rotation": 0.12566370614359174,
            "transform_matrix": [
                [
                    0.942131757736206,
                    -0.28585320711135864,
                    -0.17514470219612122,
                    -0.7060309648513794
                ],
                [
                    -0.3352428078651428,
                    -0.8033323287963867,
                    -0.4922085702419281,
                    -1.9841563701629639
                ],
                [
                    -1.4901162970204496e-08,
                    0.5224413275718689,
                    -0.8526751399040222,
                    -3.437243700027466
                ],
                [
                    0.0,
                    0.0,
                    0.0,
                    1.0
                ]
            ]
        },
        {
            "file_path": "/data/shapenet_blender/all_50_random/02958343/bf493207165e9359492225f5fc55e666/r_22",
            "rotation": 0.12566370614359174,
            "transform_matrix": [
                [
                    -0.9332926273345947,
                    -0.23278474807739258,
                    -0.27345213294029236,
                    -1.1023207902908325
                ],
                [
                    -0.35911667346954346,
                    0.604974091053009,
                    0.7106627821922302,
                    2.8647732734680176
                ],
                [
                    0.0,
                    0.761457622051239,
                    -0.6482146978378296,
                    -2.613037109375
                ],
                [
                    0.0,
                    0.0,
                    0.0,
                    1.0
                ]
            ]
        },
        {
            "file_path": "/data/shapenet_blender/all_50_random/02958343/bf493207165e9359492225f5fc55e666/r_23",
            "rotation": 0.12566370614359174,
            "transform_matrix": [
                [
                    -0.9573113918304443,
                    -0.14209185540676117,
                    -0.25172364711761475,
                    -1.0147305727005005
                ],
                [
                    -0.289058655500412,
                    0.4705832600593567,
                    0.8336644172668457,
                    3.3606090545654297
                ],
                [
                    1.4901161193847656e-08,
                    0.8708393573760986,
                    -0.49156758189201355,
                    -1.9815723896026611
                ],
                [
                    0.0,
                    0.0,
                    0.0,
                    1.0
                ]
            ]
        },
        {
            "file_path": "/data/shapenet_blender/all_50_random/02958343/bf493207165e9359492225f5fc55e666/r_24",
            "rotation": 0.12566370614359174,
            "transform_matrix": [
                [
                    0.37663885951042175,
                    -0.26719939708709717,
                    0.8869879841804504,
                    3.5755629539489746
                ],
                [
                    0.9263601303100586,
                    0.108637735247612,
                    -0.36063095927238464,
                    -1.4537498950958252
                ],
                [
                    1.4901160305669237e-08,
                    0.9574979543685913,
                    0.288440078496933,
                    1.1627391576766968
                ],
                [
                    0.0,
                    0.0,
                    0.0,
                    1.0
                ]
            ]
        },
        {
            "file_path": "/data/shapenet_blender/all_50_random/02958343/bf493207165e9359492225f5fc55e666/r_25",
            "rotation": 0.12566370614359174,
            "transform_matrix": [
                [
                    -0.8187798261642456,
                    0.526414155960083,
                    -0.2291019856929779,
                    -0.9235396385192871
                ],
                [
                    -0.5741076469421387,
                    -0.7507603764533997,
                    0.3267402648925781,
                    1.3171321153640747
                ],
                [
                    1.4901162970204496e-08,
                    0.399057537317276,
                    0.916925847530365,
                    3.696246385574341
                ],
                [
                    0.0,
                    0.0,
                    0.0,
                    1.0
                ]
            ]
        },
        {
            "file_path": "/data/shapenet_blender/all_50_random/02958343/bf493207165e9359492225f5fc55e666/r_26",
            "rotation": 0.12566370614359174,
            "transform_matrix": [
                [
                    0.3024551570415497,
                    -0.9033759236335754,
                    -0.3040277063846588,
                    -1.2255747318267822
                ],
                [
                    -0.9531636834144592,
                    -0.2866566777229309,
                    -0.09647320955991745,
                    -0.3888958990573883
                ],
                [
                    0.0,
                    0.3189670741558075,
                    -0.9477659463882446,
                    -3.820566177368164
                ],
                [
                    0.0,
                    0.0,
                    0.0,
                    1.0
                ]
            ]
        },
        {
            "file_path": "/data/shapenet_blender/all_50_random/02958343/bf493207165e9359492225f5fc55e666/r_27",
            "rotation": 0.12566370614359174,
            "transform_matrix": [
                [
                    -0.9598326086997986,
                    0.21555523574352264,
                    0.17960283160209656,
                    0.7240020632743835
                ],
                [
                    0.2805730104446411,
                    0.7374085783958435,
                    0.6144163608551025,
                    2.4767913818359375
                ],
                [
                    -1.4901160305669237e-08,
                    0.6401285529136658,
                    -0.768267810344696,
                    -3.0969862937927246
                ],
                [
                    0.0,
                    0.0,
                    0.0,
                    1.0
                ]
            ]
        },
        {
            "file_path": "/data/shapenet_blender/all_50_random/02958343/bf493207165e9359492225f5fc55e666/r_28",
            "rotation": 0.12566370614359174,
            "transform_matrix": [
                [
                    -0.6807650923728943,
                    0.14800351858139038,
                    -0.7173938155174255,
                    -2.891906976699829
                ],
                [
                    -0.7325018644332886,
                    -0.1375499963760376,
                    0.6667241454124451,
                    2.6876509189605713
                ],
                [
                    0.0,
                    0.979374885559082,
                    0.2020520716905594,
                    0.8144979476928711
                ],
                [
                    0.0,
                    0.0,
                    0.0,
                    1.0
                ]
            ]
        },
        {
            "file_path": "/data/shapenet_blender/all_50_random/02958343/bf493207165e9359492225f5fc55e666/r_29",
            "rotation": 0.12566370614359174,
            "transform_matrix": [
                [
                    -0.6779451370239258,
                    0.575102686882019,
                    -0.45787250995635986,
                    -1.845743179321289
                ],
                [
                    -0.7351124286651611,
                    -0.5303788185119629,
                    0.4222652316093445,
                    1.7022055387496948
                ],
                [
                    -1.4901161193847656e-08,
                    0.622860312461853,
                    0.7823328971862793,
                    3.1536848545074463
                ],
                [
                    0.0,
                    0.0,
                    0.0,
                    1.0
                ]
            ]
        },
        {
            "file_path": "/data/shapenet_blender/all_50_random/02958343/bf493207165e9359492225f5fc55e666/r_30",
            "rotation": 0.12566370614359174,
            "transform_matrix": [
                [
                    0.9410780668258667,
                    -0.023879628628492355,
                    0.33734533190727234,
                    1.3598823547363281
                ],
                [
                    0.3381894528865814,
                    0.06644972413778305,
                    -0.9387291669845581,
                    -3.7841379642486572
                ],
                [
                    0.0,
                    0.9975038766860962,
                    0.07061022520065308,
                    0.2846388816833496
                ],
                [
                    0.0,
                    0.0,
                    0.0,
                    1.0
                ]
            ]
        },
        {
            "file_path": "/data/shapenet_blender/all_50_random/02958343/bf493207165e9359492225f5fc55e666/r_31",
            "rotation": 0.12566370614359174,
            "transform_matrix": [
                [
                    -0.38974687457084656,
                    0.37018415331840515,
                    -0.8432443141937256,
                    -3.399226665496826
                ],
                [
                    -0.9209219813346863,
                    -0.15666703879833221,
                    0.3568725883960724,
                    1.4385994672775269
                ],
                [
                    0.0,
                    0.9156522750854492,
                    0.4019712507724762,
                    1.620397925376892
                ],
                [
                    0.0,
                    0.0,
                    0.0,
                    1.0
                ]
            ]
        },
        {
            "file_path": "/data/shapenet_blender/all_50_random/02958343/bf493207165e9359492225f5fc55e666/r_32",
            "rotation": 0.12566370614359174,
            "transform_matrix": [
                [
                    0.9368722438812256,
                    0.1984444260597229,
                    0.28790658712387085,
                    1.1605886220932007
                ],
                [
                    0.3496718108654022,
                    -0.531690239906311,
                    -0.7713852524757385,
                    -3.109553337097168
                ],
                [
                    1.4901159417490817e-08,
                    0.8233622312545776,
                    -0.5675162076950073,
                    -2.2877309322357178
                ],
                [
                    0.0,
                    0.0,
                    0.0,
                    1.0
                ]
            ]
        },
        {
            "file_path": "/data/shapenet_blender/all_50_random/02958343/bf493207165e9359492225f5fc55e666/r_33",
            "rotation": 0.12566370614359174,
            "transform_matrix": [
                [
                    0.268002450466156,
                    -0.45771804451942444,
                    -0.8477433323860168,
                    -3.417362928390503
                ],
                [
                    -0.9634182453155518,
                    -0.12732741236686707,
                    -0.23582413792610168,
                    -0.9506375789642334
                ],
                [
                    0.0,
                    0.8799329400062561,
                    -0.4750979244709015,
                    -1.9151811599731445
                ],
                [
                    0.0,
                    0.0,
                    0.0,
                    1.0
                ]
            ]
        },
        {
            "file_path": "/data/shapenet_blender/all_50_random/02958343/bf493207165e9359492225f5fc55e666/r_34",
            "rotation": 0.12566370614359174,
            "transform_matrix": [
                [
                    -0.2615815997123718,
                    -0.37876397371292114,
                    0.8877571225166321,
                    3.5786638259887695
                ],
                [
                    0.9651813507080078,
                    -0.10265187919139862,
                    0.24059823155403137,
                    0.969882607460022
                ],
                [
                    0.0,
                    0.919782817363739,
                    0.3924277126789093,
                    1.581926941871643
                ],
                [
                    0.0,
                    0.0,
                    0.0,
                    1.0
                ]
            ]
        },
        {
            "file_path": "/data/shapenet_blender/all_50_random/02958343/bf493207165e9359492225f5fc55e666/r_35",
            "rotation": 0.12566370614359174,
            "transform_matrix": [
                [
                    0.9976450204849243,
                    0.02630734071135521,
                    0.06334269791841507,
                    0.25534260272979736
                ],
                [
                    0.06858844310045242,
                    -0.3826502561569214,
                    -0.9213436841964722,
                    -3.7140555381774902
                ],
                [
                    -1.862645149230957e-09,
                    0.9235186576843262,
                    -0.3835534453392029,
                    -1.5461535453796387
                ],
                [
                    0.0,
                    0.0,
                    0.0,
                    1.0
                ]
            ]
        },
        {
            "file_path": "/data/shapenet_blender/all_50_random/02958343/bf493207165e9359492225f5fc55e666/r_36",
            "rotation": 0.12566370614359174,
            "transform_matrix": [
                [
                    -0.026649240404367447,
                    0.7105347514152527,
                    -0.703157365322113,
                    -2.8345179557800293
                ],
                [
                    -0.9996448755264282,
                    -0.018941938877105713,
                    0.018745267763733864,
                    0.07556459307670593
                ],
                [
                    9.313225746154785e-10,
                    0.7034071087837219,
                    0.7107871770858765,
                    2.865274667739868
                ],
                [
                    0.0,
                    0.0,
                    0.0,
                    1.0
                ]
            ]
        },
        {
            "file_path": "/data/shapenet_blender/all_50_random/02958343/bf493207165e9359492225f5fc55e666/r_37",
            "rotation": 0.12566370614359174,
            "transform_matrix": [
                [
                    0.9441001415252686,
                    0.22202935814857483,
                    0.2436758279800415,
                    0.9822887182235718
                ],
                [
                    0.3296588361263275,
                    -0.6358632445335388,
                    -0.6978559494018555,
                    -2.81314754486084
                ],
                [
                    -1.4901159417490817e-08,
                    0.7391757965087891,
                    -0.6735124588012695,
                    -2.7150158882141113
                ],
                [
                    0.0,
                    0.0,
                    0.0,
                    1.0
                ]
            ]
        },
        {
            "file_path": "/data/shapenet_blender/all_50_random/02958343/bf493207165e9359492225f5fc55e666/r_38",
            "rotation": 0.12566370614359174,
            "transform_matrix": [
                [
                    0.9960541725158691,
                    0.0027295679319649935,
                    0.08870535343885422,
                    0.3575827181339264
                ],
                [
                    0.08874733746051788,
                    -0.030635254457592964,
                    -0.9955829381942749,
                    -4.0133233070373535
                ],
                [
                    -2.3283067140944524e-10,
                    0.9995267987251282,
                    -0.030756616964936256,
                    -0.12398388981819153
                ],
                [
                    0.0,
                    0.0,
                    0.0,
                    1.0
                ]
            ]
        },
        {
            "file_path": "/data/shapenet_blender/all_50_random/02958343/bf493207165e9359492225f5fc55e666/r_39",
            "rotation": 0.12566370614359174,
            "transform_matrix": [
                [
                    -0.06970878690481186,
                    0.27442026138305664,
                    0.9590798616409302,
                    3.8661746978759766
                ],
                [
                    0.9975674152374268,
                    0.019176149740815163,
                    0.06701932102441788,
                    0.27016353607177734
                ],
                [
                    1.862645149230957e-09,
                    0.961418628692627,
                    -0.27508944272994995,
                    -1.1089210510253906
                ],
                [
                    0.0,
                    0.0,
                    0.0,
                    1.0
                ]
            ]
        },
        {
            "file_path": "/data/shapenet_blender/all_50_random/02958343/bf493207165e9359492225f5fc55e666/r_40",
            "rotation": 0.12566370614359174,
            "transform_matrix": [
                [
                    -0.9830578565597534,
                    -0.11189428716897964,
                    -0.14517876505851746,
                    -0.5852344036102295
                ],
                [
                    -0.18329539895057678,
                    0.6001162528991699,
                    0.7786290645599365,
                    3.138754367828369
                ],
                [
                    -7.450580596923828e-09,
                    0.7920480370521545,
                    -0.6104586720466614,
                    -2.4608378410339355
                ],
                [
                    0.0,
                    0.0,
                    0.0,
                    1.0
                ]
            ]
        },
        {
            "file_path": "/data/shapenet_blender/all_50_random/02958343/bf493207165e9359492225f5fc55e666/r_41",
            "rotation": 0.12566370614359174,
            "transform_matrix": [
                [
                    0.9382927417755127,
                    0.26879966259002686,
                    0.21760892868041992,
                    0.8772096633911133
                ],
                [
                    0.3458423316478729,
                    -0.7292709350585938,
                    -0.5903871059417725,
                    -2.3799264430999756
                ],
                [
