{
    "class": "02958343",
    "model": "9472d19187081c62fce798408476568b",
    "remove_doubles": true,
    "edge_split": true,
    "denoise": true,
    "camera_angle_x": 0.6911112070083618,
    "scale_factor": 2.2261253551046836,
    "hdri_file": "/data/IndoorHDRDataset2018/AG8A9339-a1c4e01ba9.exr",
    "center_offset": [
        0.0,
        0.0,
        -1.862645149230957e-09
    ],
    "lights": [],
    "frames": [
        {
            "file_path": "/data/shapenet_blender/all_50_random/02958343/9472d19187081c62fce798408476568b/r_0",
            "rotation": 0.12566370614359174,
            "transform_matrix": [
                [
                    0.33531925082206726,
                    -0.2634105980396271,
                    -0.9045306444168091,
                    -3.646279811859131
                ],
                [
                    -0.9421046376228333,
                    -0.0937546119093895,
                    -0.3219456970691681,
                    -1.2978047132492065
                ],
                [
                    -7.450581485102248e-09,
                    0.9601170420646667,
                    -0.27959805727005005,
                    -1.1270959377288818
                ],
                [
                    0.0,
                    0.0,
                    0.0,
                    1.0
                ]
            ]
        },
        {
            "file_path": "/data/shapenet_blender/all_50_random/02958343/9472d19187081c62fce798408476568b/r_1",
            "rotation": 0.12566370614359174,
            "transform_matrix": [
                [
                    0.7763698697090149,
                    0.34253954887390137,
                    0.5290713310241699,
                    2.1327548027038574
                ],
                [
                    0.6302776336669922,
                    -0.42193692922592163,
                    -0.6517050266265869,
                    -2.6271069049835205
                ],
                [
                    -1.4901161193847656e-08,
                    0.8394259810447693,
                    -0.5434740781784058,
                    -2.1908140182495117
                ],
                [
                    0.0,
                    0.0,
                    0.0,
                    1.0
                ]
            ]
        },
        {
            "file_path": "/data/shapenet_blender/all_50_random/02958343/9472d19187081c62fce798408476568b/r_2",
            "rotation": 0.12566370614359174,
            "transform_matrix": [
                [
                    0.8012891411781311,
                    0.23754888772964478,
                    -0.5490958094596863,
                    -2.2134761810302734
                ],
                [
                    -0.5982772707939148,
                    0.3181557059288025,
                    -0.7354190349578857,
                    -2.964569091796875
                ],
                [
                    0.0,
                    0.9177947640419006,
                    0.39705488085746765,
                    1.6005795001983643
                ],
                [
                    0.0,
                    0.0,
                    0.0,
                    1.0
                ]
            ]
        },
        {
            "file_path": "/data/shapenet_blender/all_50_random/02958343/9472d19187081c62fce798408476568b/r_3",
            "rotation": 0.12566370614359174,
            "transform_matrix": [
                [
                    -0.8122722506523132,
                    0.28549355268478394,
                    0.5086326599121094,
                    2.050363779067993
                ],
                [
                    0.5832784175872803,
                    0.3975776731967926,
                    0.7083207368850708,
                    2.855332136154175
                ],
                [
                    1.4901160305669237e-08,
                    0.8720237612724304,
                    -0.48946356773376465,
                    -1.9730907678604126
                ],
                [
                    0.0,
                    0.0,
                    0.0,
                    1.0
                ]
            ]
        },
        {
            "file_path": "/data/shapenet_blender/all_50_random/02958343/9472d19187081c62fce798408476568b/r_4",
            "rotation": 0.12566370614359174,
            "transform_matrix": [
                [
                    0.5426574945449829,
                    -0.04257030040025711,
                    0.8388745784759521,
                    3.3816118240356445
                ],
                [
                    0.839954137802124,
                    0.02750280313193798,
                    -0.5419600009918213,
                    -2.18471097946167
                ],
                [
                    -1.862645371275562e-09,
                    0.9987147450447083,
                    0.0506817027926445,
                    0.20430448651313782
                ],
                [
                    0.0,
                    0.0,
                    0.0,
                    1.0
                ]
            ]
        },
        {
            "file_path": "/data/shapenet_blender/all_50_random/02958343/9472d19187081c62fce798408476568b/r_5",
            "rotation": 0.12566370614359174,
            "transform_matrix": [
                [
                    0.48406535387039185,
                    0.20402692258358002,
                    -0.8509135246276855,
                    -3.4301416873931885
                ],
                [
                    -0.8750317692756653,
                    0.11286716908216476,
                    -0.4707231819629669,
                    -1.897545576095581
                ],
                [
                    0.0,
                    0.9724372029304504,
                    0.23316514492034912,
                    0.9399186372756958
                ],
                [
                    0.0,
                    0.0,
                    0.0,
                    1.0
                ]
            ]
        },
        {
            "file_path": "/data/shapenet_blender/all_50_random/02958343/9472d19187081c62fce798408476568b/r_6",
            "rotation": 0.12566370614359174,
            "transform_matrix": [
                [
                    0.9862892627716064,
                    -0.12772953510284424,
                    -0.10449261218309402,
                    -0.4212231934070587
                ],
                [
                    -0.16502586007118225,
                    -0.7633849382400513,
                    -0.6245077848434448,
                    -2.5174713134765625
                ],
                [
                    7.450580596923828e-09,
                    0.6331892013549805,
                    -0.7739970088005066,
                    -3.120081663131714
                ],
                [
                    0.0,
                    0.0,
                    0.0,
                    1.0
                ]
            ]
        },
        {
            "file_path": "/data/shapenet_blender/all_50_random/02958343/9472d19187081c62fce798408476568b/r_7",
            "rotation": 0.12566370614359174,
            "transform_matrix": [
                [
                    -0.6554149985313416,
                    -0.021309232339262962,
                    -0.7549682259559631,
                    -3.043374538421631
                ],
                [
                    -0.755268931388855,
                    0.018491942435503006,
                    0.6551540493965149,
                    2.6410107612609863
                ],
                [
                    -9.313225746154785e-10,
                    0.9996018409729004,
                    -0.0282141026109457,
                    -0.11373469233512878
                ],
                [
                    0.0,
                    0.0,
                    0.0,
                    1.0
                ]
            ]
        },
        {
            "file_path": "/data/shapenet_blender/all_50_random/02958343/9472d19187081c62fce798408476568b/r_8",
            "rotation": 0.12566370614359174,
            "transform_matrix": [
                [
                    -0.24003805220127106,
                    -0.35787928104400635,
                    -0.9023880362510681,
                    -3.6376423835754395
                ],
                [
                    -0.9707634449005127,
                    0.08849184215068817,
                    0.22313104569911957,
                    0.8994699716567993
                ],
                [
                    0.0,
                    0.9295653104782104,
                    -0.36865755915641785,
                    -1.486106038093567
                ],
                [
                    0.0,
                    0.0,
                    0.0,
                    1.0
                ]
            ]
        },
        {
            "file_path": "/data/shapenet_blender/all_50_random/02958343/9472d19187081c62fce798408476568b/r_9",
            "rotation": 0.12566370614359174,
            "transform_matrix": [
                [
                    0.1440604329109192,
                    0.9806685447692871,
                    0.1324232518672943,
                    0.5338152647018433
                ],
                [
                    0.9895689487457275,
                    -0.14276473224163055,
                    -0.019278042018413544,
                    -0.077712282538414
                ],
                [
                    0.0,
                    0.133819118142128,
                    -0.9910055994987488,
                    -3.9948718547821045
                ],
                [
                    0.0,
                    0.0,
                    0.0,
                    1.0
                ]
            ]
        },
        {
            "file_path": "/data/shapenet_blender/all_50_random/02958343/9472d19187081c62fce798408476568b/r_10",
            "rotation": 0.12566370614359174,
            "transform_matrix": [
                [
                    -0.6379719376564026,
                    0.681144118309021,
                    0.3592134714126587,
                    1.4480358362197876
                ],
                [
                    0.7700595259666443,
                    0.5643081068992615,
                    0.2975979447364807,
                    1.1996556520462036
                ],
                [
                    1.4901161193847656e-08,
                    0.46647486090660095,
                    -0.8845343589782715,
                    -3.5656721591949463
                ],
                [
                    0.0,
                    0.0,
                    0.0,
                    1.0
                ]
            ]
        },
        {
            "file_path": "/data/shapenet_blender/all_50_random/02958343/9472d19187081c62fce798408476568b/r_11",
            "rotation": 0.12566370614359174,
            "transform_matrix": [
                [
                    0.7885245084762573,
                    0.2550675868988037,
                    0.5596156120300293,
                    2.255882740020752
                ],
                [
                    0.6150034070014954,
                    -0.32703402638435364,
                    -0.7175092697143555,
                    -2.8923723697662354
                ],
                [
                    -1.4901161193847656e-08,
                    0.9099391102790833,
                    -0.41474178433418274,
                    -1.6718775033950806
                ],
                [
                    0.0,
                    0.0,
                    0.0,
                    1.0
                ]
            ]
        },
        {
            "file_path": "/data/shapenet_blender/all_50_random/02958343/9472d19187081c62fce798408476568b/r_12",
            "rotation": 0.12566370614359174,
            "transform_matrix": [
                [
                    -0.6683376431465149,
                    0.04618537798523903,
                    0.7424227595329285,
                    2.992802143096924
                ],
                [
                    0.7438580393791199,
                    0.041496392339468,
                    0.6670480370521545,
                    2.6889569759368896
                ],
                [
                    0.0,
                    0.9980705380439758,
                    -0.06208896264433861,
                    -0.25028863549232483
                ],
                [
                    0.0,
                    0.0,
                    0.0,
                    1.0
                ]
            ]
        },
        {
            "file_path": "/data/shapenet_blender/all_50_random/02958343/9472d19187081c62fce798408476568b/r_13",
            "rotation": 0.12566370614359174,
            "transform_matrix": [
                [
                    -0.4340307414531708,
                    -0.015447167679667473,
                    -0.900765597820282,
                    -3.6311023235321045
                ],
                [
                    -0.9008980989456177,
                    0.00744206877425313,
                    0.43396690487861633,
                    1.7493765354156494
                ],
                [
                    0.0,
                    0.9998528957366943,
                    -0.017146410420536995,
                    -0.069119393825531
                ],
                [
                    0.0,
                    0.0,
                    0.0,
                    1.0
                ]
            ]
        },
        {
            "file_path": "/data/shapenet_blender/all_50_random/02958343/9472d19187081c62fce798408476568b/r_14",
            "rotation": 0.12566370614359174,
            "transform_matrix": [
                [
                    0.3036624789237976,
                    -0.7322648763656616,
                    -0.6095712184906006,
                    -2.4572601318359375
                ],
                [
                    -0.9527795910835266,
                    -0.23338176310062408,
                    -0.1942777782678604,
                    -0.7831587791442871
                ],
                [
                    0.0,
                    0.6397820115089417,
                    -0.7685564160346985,
                    -3.0981500148773193
                ],
                [
                    0.0,
                    0.0,
                    0.0,
                    1.0
                ]
            ]
        },
        {
            "file_path": "/data/shapenet_blender/all_50_random/02958343/9472d19187081c62fce798408476568b/r_15",
            "rotation": 0.12566370614359174,
            "transform_matrix": [
                [
                    0.9805852770805359,
                    -0.029287133365869522,
                    -0.19389384984970093,
                    -0.7816110849380493
                ],
                [
                    -0.19609323143959045,
                    -0.14645345509052277,
                    -0.969586968421936,
                    -3.9085299968719482
                ],
                [
                    -1.862645149230957e-09,
                    0.9887838959693909,
                    -0.14935310184955597,
                    -0.6020616292953491
                ],
                [
                    0.0,
                    0.0,
                    0.0,
                    1.0
                ]
            ]
        },
        {
            "file_path": "/data/shapenet_blender/all_50_random/02958343/9472d19187081c62fce798408476568b/r_16",
            "rotation": 0.12566370614359174,
            "transform_matrix": [
                [
                    -0.9997790455818176,
                    -0.004943045321851969,
                    -0.020424742251634598,
                    -0.08233475685119629
                ],
                [
                    -0.021014368161559105,
                    0.23517021536827087,
                    0.9717270731925964,
                    3.91715669631958
                ],
                [
                    0.0,
                    0.9719415903091431,
                    -0.23522217571735382,
                    -0.9482108354568481
                ],
                [
                    0.0,
                    0.0,
                    0.0,
                    1.0
                ]
            ]
        },
        {
            "file_path": "/data/shapenet_blender/all_50_random/02958343/9472d19187081c62fce798408476568b/r_17",
            "rotation": 0.12566370614359174,
            "transform_matrix": [
                [
                    -0.18256819248199463,
                    0.007208934053778648,
                    0.9831667542457581,
                    3.9632718563079834
                ],
                [
                    0.9831930994987488,
                    0.0013386200880631804,
                    0.18256330490112305,
                    0.7359362244606018
                ],
                [
                    0.0,
                    0.9999731183052063,
                    -0.007332164328545332,
                    -0.02955690026283264
                ],
                [
                    0.0,
                    0.0,
                    0.0,
                    1.0
                ]
            ]
        },
        {
            "file_path": "/data/shapenet_blender/all_50_random/02958343/9472d19187081c62fce798408476568b/r_18",
            "rotation": 0.12566370614359174,
            "transform_matrix": [
                [
                    -0.657041072845459,
                    0.5575941205024719,
                    0.5073322057723999,
                    2.045121431350708
                ],
                [
                    0.7538548707962036,
                    0.4859851002693176,
                    0.44217807054519653,
                    1.782476782798767
                ],
                [
                    0.0,
                    0.6729839444160461,
                    -0.7396571040153503,
                    -2.9816532135009766
                ],
                [
                    0.0,
                    0.0,
                    0.0,
                    1.0
                ]
            ]
        },
        {
            "file_path": "/data/shapenet_blender/all_50_random/02958343/9472d19187081c62fce798408476568b/r_19",
            "rotation": 0.12566370614359174,
            "transform_matrix": [
                [
                    0.9374598264694214,
                    0.268024742603302,
                    0.22210784256458282,
                    0.8953453898429871
                ],
                [
                    0.34809356927871704,
                    -0.7218242883682251,
                    -0.5981643199920654,
                    -2.4112777709960938
                ],
                [
                    -1.4901161193847656e-08,
                    0.6380693316459656,
                    -0.7699787616729736,
                    -3.103883981704712
                ],
                [
                    0.0,
                    0.0,
                    0.0,
                    1.0
                ]
            ]
        },
        {
            "file_path": "/data/shapenet_blender/all_50_random/02958343/9472d19187081c62fce798408476568b/r_20",
            "rotation": 0.12566370614359174,
            "transform_matrix": [
                [
                    0.9986758232116699,
                    -0.0445876307785511,
                    -0.025663983076810837,
                    -0.1034548282623291
                ],
                [
                    -0.05144606530666351,
                    -0.8655392527580261,
                    -0.4981916546821594,
                    -2.008274793624878
                ],
                [
                    0.0,
                    0.4988521933555603,
                    -0.8666870594024658,
                    -3.493727207183838
                ],
                [
                    0.0,
                    0.0,
                    0.0,
                    1.0
                ]
            ]
        },
        {
            "file_path": "/data/shapenet_blender/all_50_random/02958343/9472d19187081c62fce798408476568b/r_21",
            "rotation": 0.12566370614359174,
            "transform_matrix": [
                [
                    0.9947226643562317,
                    -0.06834784150123596,
                    -0.07652054727077484,
                    -0.3084642291069031
                ],
                [
                    -0.10260030627250671,
                    -0.6626408100128174,
                    -0.7418761849403381,
                    -2.9905989170074463
                ],
                [
                    0.0,
                    0.745812177658081,
                    -0.6661562323570251,
                    -2.685361862182617
                ],
                [
                    0.0,
                    0.0,
                    0.0,
                    1.0
                ]
            ]
        },
        {
            "file_path": "/data/shapenet_blender/all_50_random/02958343/9472d19187081c62fce798408476568b/r_22",
            "rotation": 0.12566370614359174,
            "transform_matrix": [
                [
                    0.9955449104309082,
                    0.01629389449954033,
                    0.09286954253911972,
                    0.3743690848350525
                ],
                [
                    0.09428808093070984,
                    -0.17203980684280396,
                    -0.980567216873169,
                    -3.9527926445007324
                ],
                [
                    0.0,
                    0.9849551916122437,
                    -0.1728096753358841,
                    -0.6966180801391602
                ],
                [
                    0.0,
                    0.0,
                    0.0,
                    1.0
                ]
            ]
        },
        {
            "file_path": "/data/shapenet_blender/all_50_random/02958343/9472d19187081c62fce798408476568b/r_23",
            "rotation": 0.12566370614359174,
            "transform_matrix": [
                [
                    0.7107425332069397,
                    -0.05880466848611832,
                    0.7009900808334351,
                    2.8257813453674316
                ],
                [
                    0.7034522891044617,
                    0.0594140850007534,
                    -0.7082547545433044,
                    -2.8550662994384766
                ],
                [
                    0.0,
                    0.9964998960494995,
                    0.08359438925981522,
                    0.33697977662086487
                ],
                [
                    0.0,
                    0.0,
                    0.0,
                    1.0
                ]
            ]
        },
        {
            "file_path": "/data/shapenet_blender/all_50_random/02958343/9472d19187081c62fce798408476568b/r_24",
            "rotation": 0.12566370614359174,
            "transform_matrix": [
                [
                    -0.01064307801425457,
                    0.015748171135783195,
                    0.999819278717041,
                    4.03040075302124
                ],
                [
                    0.9999433755874634,
                    0.0001676185056567192,
                    0.01064175646752119,
                    0.04289829730987549
                ],
                [
                    0.0,
                    0.9998759627342224,
                    -0.015749063342809677,
                    -0.0634865090250969
                ],
                [
                    0.0,
                    0.0,
                    0.0,
                    1.0
                ]
            ]
        },
        {
            "file_path": "/data/shapenet_blender/all_50_random/02958343/9472d19187081c62fce798408476568b/r_25",
            "rotation": 0.12566370614359174,
            "transform_matrix": [
                [
                    0.9255576729774475,
                    -0.01988978311419487,
                    -0.3780840039253235,
                    -1.5241053104400635
                ],
                [
                    -0.3786068558692932,
                    -0.04862337186932564,
                    -0.924279510974884,
                    -3.7258899211883545
                ],
                [
                    -1.862645371275562e-09,
                    0.9986189603805542,
                    -0.05253414437174797,
                    -0.2117719054222107
                ],
                [
                    0.0,
                    0.0,
                    0.0,
                    1.0
                ]
            ]
        },
        {
            "file_path": "/data/shapenet_blender/all_50_random/02958343/9472d19187081c62fce798408476568b/r_26",
            "rotation": 0.12566370614359174,
            "transform_matrix": [
                [
                    0.1554010957479477,
                    -0.4835313558578491,
                    -0.8614220023155212,
                    -3.472503185272217
                ],
                [
                    -0.9878515005111694,
                    -0.07606538385152817,
                    -0.13551218807697296,
                    -0.5462670922279358
                ],
                [
                    0.0,
                    0.8720157146453857,
                    -0.4894777834415436,
                    -1.9731481075286865
                ],
                [
                    0.0,
                    0.0,
                    0.0,
                    1.0
                ]
            ]
        },
        {
            "file_path": "/data/shapenet_blender/all_50_random/02958343/9472d19187081c62fce798408476568b/r_27",
            "rotation": 0.12566370614359174,
            "transform_matrix": [
                [
                    -0.3062053322792053,
                    0.03499572351574898,
                    -0.9513219594955444,
                    -3.8349015712738037
                ],
                [
                    -0.9519655108451843,
                    -0.011256582103669643,
                    0.3059983551502228,
                    1.2335188388824463
                ],
                [
                    0.0,
                    0.9993240833282471,
                    0.03676154091954231,
                    0.14819051325321198
                ],
                [
                    0.0,
                    0.0,
                    0.0,
                    1.0
                ]
            ]
        },
        {
            "file_path": "/data/shapenet_blender/all_50_random/02958343/9472d19187081c62fce798408476568b/r_28",
            "rotation": 0.12566370614359174,
            "transform_matrix": [
                [
                    0.5560989379882812,
                    -0.6130216121673584,
                    0.5612116456031799,
                    2.2623164653778076
                ],
                [
                    0.8311160802841187,
                    0.41017210483551025,
                    -0.37550613284111023,
                    -1.5137135982513428
                ],
                [
                    1.4901161193847656e-08,
                    0.6752505898475647,
                    0.7375883460044861,
                    2.973313808441162
                ],
                [
                    0.0,
                    0.0,
                    0.0,
                    1.0
                ]
            ]
        },
        {
            "file_path": "/data/shapenet_blender/all_50_random/02958343/9472d19187081c62fce798408476568b/r_29",
            "rotation": 0.12566370614359174,
            "transform_matrix": [
                [
                    0.9539062976837158,
                    0.013678214512765408,
                    0.29979294538497925,
                    1.2085040807724
                ],
                [
                    0.30010488629341125,
                    -0.04347725212574005,
                    -0.952914834022522,
                    -3.841322898864746
                ],
                [
                    9.313225746154785e-10,
                    0.9989608526229858,
                    -0.045578110963106155,
                    -0.18373125791549683
                ],
                [
                    0.0,
                    0.0,
                    0.0,
                    1.0
                ]
            ]
        },
        {
            "file_path": "/data/shapenet_blender/all_50_random/02958343/9472d19187081c62fce798408476568b/r_30",
            "rotation": 0.12566370614359174,
            "transform_matrix": [
                [
                    -0.8633095622062683,
                    0.10478432476520538,
                    0.49367693066596985,
                    1.9900753498077393
                ],
                [
                    0.5046748518943787,
                    0.179246723651886,
                    0.8444962501525879,
                    3.404273271560669
                ],
                [
                    -7.450580596923828e-09,
                    0.9782079458236694,
                    -0.20762741565704346,
                    -0.8369728922843933
                ],
                [
                    0.0,
                    0.0,
                    0.0,
                    1.0
                ]
            ]
        },
        {
            "file_path": "/data/shapenet_blender/all_50_random/02958343/9472d19187081c62fce798408476568b/r_31",
            "rotation": 0.12566370614359174,
            "transform_matrix": [
                [
                    0.026804976165294647,
                    0.8905559778213501,
                    0.45408332347869873,
                    1.8304684162139893
                ],
                [
                    0.9996406435966492,
                    -0.023879913613200188,
                    -0.012176069431006908,
                    -0.04908330738544464
                ],
                [
                    -9.313225191043273e-10,
                    0.45424649119377136,
                    -0.8908759951591492,
                    -3.591236114501953
                ],
                [
                    0.0,
                    0.0,
                    0.0,
                    1.0
                ]
            ]
        },
        {
            "file_path": "/data/shapenet_blender/all_50_random/02958343/9472d19187081c62fce798408476568b/r_32",
            "rotation": 0.12566370614359174,
            "transform_matrix": [
                [
                    -0.8129470348358154,
                    -0.016077443957328796,
                    -0.5821155905723572,
                    -2.3465828895568848
                ],
                [
                    -0.5823375582695007,
                    0.022444214671850204,
                    0.8126371502876282,
                    3.2758450508117676
                ],
                [
                    -9.313225191043273e-10,
                    0.9996188282966614,
                    -0.027608459815382957,
                    -0.1112932562828064
                ],
                [
                    0.0,
                    0.0,
                    0.0,
                    1.0
                ]
            ]
        },
        {
            "file_path": "/data/shapenet_blender/all_50_random/02958343/9472d19187081c62fce798408476568b/r_33",
            "rotation": 0.12566370614359174,
            "transform_matrix": [
                [
                    0.5991683602333069,
                    -0.24550491571426392,
                    0.7620528340339661,
                    3.0719335079193115
                ],
                [
                    0.8006231188774109,
                    0.1837303787469864,
                    -0.5703032612800598,
                    -2.2989661693573
                ],
                [
                    0.0,
                    0.9518248438835144,
                    0.3066422641277313,
                    1.2361146211624146
                ],
                [
                    0.0,
                    0.0,
                    0.0,
                    1.0
                ]
            ]
        },
        {
            "file_path": "/data/shapenet_blender/all_50_random/02958343/9472d19187081c62fce798408476568b/r_34",
            "rotation": 0.12566370614359174,
            "transform_matrix": [
                [
                    0.9929341673851013,
                    0.016208671033382416,
                    -0.11755363643169403,
                    -0.4738738536834717
                ],
                [
                    -0.11866582185029984,
                    0.13562577962875366,
                    -0.98362797498703,
                    -3.9651312828063965
                ],
                [
                    1.8626450382086546e-09,
                    0.9906275868415833,
                    0.1365908682346344,
                    0.5506154298782349
                ],
                [
                    0.0,
                    0.0,
                    0.0,
                    1.0
                ]
            ]
        },
        {
            "file_path": "/data/shapenet_blender/all_50_random/02958343/9472d19187081c62fce798408476568b/r_35",
            "rotation": 0.12566370614359174,
            "transform_matrix": [
                [
                    -0.8319873809814453,
                    0.27371111512184143,
                    -0.48257556557655334,
                    -1.9453243017196655
                ],
                [
                    -0.5547944903373718,
                    -0.41046589612960815,
                    0.723685622215271,
                    2.9172699451446533
                ],
                [
                    -1.4901159417490817e-08,
                    0.8698276281356812,
                    0.4933558404445648,
                    1.9887809753417969
                ],
                [
                    0.0,
                    0.0,
                    0.0,
                    1.0
                ]
            ]
        },
        {
            "file_path": "/data/shapenet_blender/all_50_random/02958343/9472d19187081c62fce798408476568b/r_36",
            "rotation": 0.12566370614359174,
            "transform_matrix": [
                [
                    0.8278784155845642,
                    0.336320161819458,
                    0.4488941431045532,
                    1.809550166130066
                ],
                [
                    0.5609074234962463,
                    -0.496396005153656,
                    -0.6625509858131409,
                    -2.670828342437744
                ],
                [
                    0.0,
                    0.8002997636795044,
                    -0.599600076675415,
                    -2.417065143585205
                ],
                [
                    0.0,
                    0.0,
                    0.0,
                    1.0
                ]
            ]
        },
        {
            "file_path": "/data/shapenet_blender/all_50_random/02958343/9472d19187081c62fce798408476568b/r_37",
            "rotation": 0.12566370614359174,
            "transform_matrix": [
                [
                    -0.9224262833595276,
                    0.06553211063146591,
                    -0.38057228922843933,
                    -1.5341358184814453
                ],
                [
                    -0.3861731290817261,
                    -0.15653221309185028,
                    0.9090479016304016,
                    3.6644887924194336
                ],
                [
                    7.4505792646561986e-09,
                    0.9854965209960938,
                    0.1696961671113968,
                    0.6840670704841614
                ],
                [
                    0.0,
                    0.0,
                    0.0,
                    1.0
                ]
            ]
        },
        {
            "file_path": "/data/shapenet_blender/all_50_random/02958343/9472d19187081c62fce798408476568b/r_38",
            "rotation": 0.12566370614359174,
            "transform_matrix": [
                [
                    -0.6548434495925903,
                    0.7514574527740479,
                    -0.0805710032582283,
                    -0.32479214668273926
                ],
                [
                    -0.7557646632194519,
                    -0.6511114239692688,
                    0.06981194019317627,
                    0.2814209759235382
                ],
                [
                    0.0,
                    0.10660820454359055,
                    0.9943010210990906,
                    4.008155822753906
                ],
                [
                    0.0,
                    0.0,
                    0.0,
                    1.0
                ]
            ]
        },
        {
            "file_path": "/data/shapenet_blender/all_50_random/02958343/9472d19187081c62fce798408476568b/r_39",
            "rotation": 0.12566370614359174,
            "transform_matrix": [
                [
                    -0.9986816048622131,
                    -0.021421173587441444,
                    -0.04664826765656471,
                    -0.1880452036857605
                ],
                [
                    -0.051331546157598495,
                    0.4167599081993103,
                    0.9075659513473511,
                    3.6585159301757812
                ],
                [
                    0.0,
                    0.9087641835212708,
                    -0.41730996966362,
                    -1.6822305917739868
                ],
                [
                    0.0,
                    0.0,
                    0.0,
                    1.0
                ]
            ]
        },
        {
            "file_path": "/data/shapenet_blender/all_50_random/02958343/9472d19187081c62fce798408476568b/r_40",
            "rotation": 0.12566370614359174,
            "transform_matrix": [
                [
                    -0.11100679636001587,
                    -0.17922435700893402,
                    -0.977525532245636,
                    -3.9405314922332764
                ],
                [
                    -0.9938197135925293,
                    0.020018843933939934,
                    0.10918678343296051,
                    0.44014599919319153
                ],
                [
                    0.0,
                    0.9836045503616333,
                    -0.18033890426158905,
                    -0.7269693613052368
                ],
                [
                    0.0,
                    0.0,
                    0.0,
                    1.0
                ]
            ]
        },
        {
            "file_path": "/data/shapenet_blender/all_50_random/02958343/9472d19187081c62fce798408476568b/r_41",
            "rotation": 0.12566370614359174,
            "transform_matrix": [
                [
                    0.9325315952301025,
                    -0.1328464150428772,
                    -0.33576256036758423,
                    -1.3535021543502808
                ],
                [
                    -0.3610881567001343,
                    -0.34308376908302307,
                    -0.8671267628669739,
                    -3.495499849319458
                ],
