{
    "class": "02958343",
    "model": "7f4dbefeaeda54628ccbb4eb8965b05",
    "remove_doubles": true,
    "edge_split": true,
    "denoise": true,
    "camera_angle_x": 0.6911112070083618,
    "scale_factor": 2.2968863674012536,
    "hdri_file": "/data/IndoorHDRDataset2018/9C4A5204-e80bd727fd.exr",
    "center_offset": [
        0.0,
        -1.862645149230957e-09,
        0.0
    ],
    "lights": [],
    "frames": [
        {
            "file_path": "/data/shapenet_blender/all_50_random/02958343/7f4dbefeaeda54628ccbb4eb8965b05/r_0",
            "rotation": 0.12566370614359174,
            "transform_matrix": [
                [
                    -0.23221945762634277,
                    -0.6298333406448364,
                    -0.7412043809890747,
                    -2.9878907203674316
                ],
                [
                    -0.9726635217666626,
                    0.15037015080451965,
                    0.17695952951908112,
                    0.7133467197418213
                ],
                [
                    7.450581485102248e-09,
                    0.7620357871055603,
                    -0.6475346684455872,
                    -2.6102960109710693
                ],
                [
                    0.0,
                    0.0,
                    0.0,
                    1.0
                ]
            ]
        },
        {
            "file_path": "/data/shapenet_blender/all_50_random/02958343/7f4dbefeaeda54628ccbb4eb8965b05/r_1",
            "rotation": 0.12566370614359174,
            "transform_matrix": [
                [
                    0.7334147691726685,
                    -0.07872474938631058,
                    -0.6752075552940369,
                    -2.721848726272583
                ],
                [
                    -0.679781436920166,
                    -0.08493596315383911,
                    -0.7284799814224243,
                    -2.936596632003784
                ],
                [
                    0.0,
                    0.99327152967453,
                    -0.11580892652273178,
                    -0.4668407142162323
                ],
                [
                    0.0,
                    0.0,
                    0.0,
                    1.0
                ]
            ]
        },
        {
            "file_path": "/data/shapenet_blender/all_50_random/02958343/7f4dbefeaeda54628ccbb4eb8965b05/r_2",
            "rotation": 0.12566370614359174,
            "transform_matrix": [
                [
                    0.8328040242195129,
                    -0.5230754017829895,
                    -0.18118925392627716,
                    -0.7303972244262695
                ],
                [
                    -0.5535680055618286,
                    -0.7869301438331604,
                    -0.27258649468421936,
                    -1.098831295967102
                ],
                [
                    1.4901161193847656e-08,
                    0.32731175422668457,
                    -0.9449164271354675,
                    -3.809079885482788
                ],
                [
                    0.0,
                    0.0,
                    0.0,
                    1.0
                ]
            ]
        },
        {
            "file_path": "/data/shapenet_blender/all_50_random/02958343/7f4dbefeaeda54628ccbb4eb8965b05/r_3",
            "rotation": 0.12566370614359174,
            "transform_matrix": [
                [
                    -0.1182306706905365,
                    -0.22604849934577942,
                    0.9669144749641418,
                    3.897756814956665
                ],
                [
                    0.9929862022399902,
                    -0.02691463753581047,
                    0.11512641608715057,
                    0.46408942341804504
                ],
                [
                    -1.862645149230957e-09,
                    0.9737440943717957,
                    0.22764518857002258,
                    0.9176670908927917
                ],
                [
                    0.0,
                    0.0,
                    0.0,
                    1.0
                ]
            ]
        },
        {
            "file_path": "/data/shapenet_blender/all_50_random/02958343/7f4dbefeaeda54628ccbb4eb8965b05/r_4",
            "rotation": 0.12566370614359174,
            "transform_matrix": [
                [
                    0.5625287294387817,
                    0.43793633580207825,
                    -0.7012653946876526,
                    -2.8268914222717285
                ],
                [
                    -0.8267777562141418,
                    0.2979661226272583,
                    -0.47713175415992737,
                    -1.9233797788619995
                ],
                [
                    0.0,
                    0.84819096326828,
                    0.5296904444694519,
                    2.1352508068084717
                ],
                [
                    0.0,
                    0.0,
                    0.0,
                    1.0
                ]
            ]
        },
        {
            "file_path": "/data/shapenet_blender/all_50_random/02958343/7f4dbefeaeda54628ccbb4eb8965b05/r_5",
            "rotation": 0.12566370614359174,
            "transform_matrix": [
                [
                    -0.8646266460418701,
                    0.47200918197631836,
                    0.17212824523448944,
                    0.6938711404800415
                ],
                [
                    0.5024150609970093,
                    0.8122999668121338,
                    0.2962225675582886,
                    1.1941113471984863
                ],
                [
                    0.0,
                    0.3426017761230469,
                    -0.9394806623458862,
                    -3.78716778755188
                ],
                [
                    0.0,
                    0.0,
                    0.0,
                    1.0
                ]
            ]
        },
        {
            "file_path": "/data/shapenet_blender/all_50_random/02958343/7f4dbefeaeda54628ccbb4eb8965b05/r_6",
            "rotation": 0.12566370614359174,
            "transform_matrix": [
                [
                    0.6095418334007263,
                    0.6200522780418396,
                    0.4939573109149933,
                    1.9912055730819702
                ],
                [
                    0.7927539348602295,
                    -0.47675302624702454,
                    -0.37979963421821594,
                    -1.5310213565826416
                ],
                [
                    0.0,
                    0.6230903267860413,
                    -0.7821498513221741,
                    -3.152946949005127
                ],
                [
                    0.0,
                    0.0,
                    0.0,
                    1.0
                ]
            ]
        },
        {
            "file_path": "/data/shapenet_blender/all_50_random/02958343/7f4dbefeaeda54628ccbb4eb8965b05/r_7",
            "rotation": 0.12566370614359174,
            "transform_matrix": [
                [
                    0.8479903936386108,
                    0.12358692288398743,
                    0.515401303768158,
                    2.0776491165161133
                ],
                [
                    0.5300114750862122,
                    -0.19773253798484802,
                    -0.8246148228645325,
                    -3.3241286277770996
                ],
                [
                    -7.450580152834618e-09,
                    0.9724341630935669,
                    -0.2331777662038803,
                    -0.9399696588516235
                ],
                [
                    0.0,
                    0.0,
                    0.0,
                    1.0
                ]
            ]
        },
        {
            "file_path": "/data/shapenet_blender/all_50_random/02958343/7f4dbefeaeda54628ccbb4eb8965b05/r_8",
            "rotation": 0.12566370614359174,
            "transform_matrix": [
                [
                    -0.8279085755348206,
                    -0.12274453043937683,
                    -0.5472670793533325,
                    -2.206103801727295
                ],
                [
                    -0.5608631372451782,
                    0.18118725717067719,
                    0.807839035987854,
                    3.256502866744995
                ],
                [
                    -7.450580596923828e-09,
                    0.9757586121559143,
                    -0.21884939074516296,
                    -0.8822100162506104
                ],
                [
                    0.0,
                    0.0,
                    0.0,
                    1.0
                ]
            ]
        },
        {
            "file_path": "/data/shapenet_blender/all_50_random/02958343/7f4dbefeaeda54628ccbb4eb8965b05/r_9",
            "rotation": 0.12566370614359174,
            "transform_matrix": [
                [
                    0.10901709645986557,
                    0.7185529470443726,
                    0.6868747472763062,
                    2.768880605697632
                ],
                [
                    0.9940398335456848,
                    -0.07880424708127975,
                    -0.07533007115125656,
                    -0.3036652207374573
                ],
                [
                    3.725290076417309e-09,
                    0.6909931898117065,
                    -0.7228612899780273,
                    -2.913947105407715
                ],
                [
                    0.0,
                    0.0,
                    0.0,
                    1.0
                ]
            ]
        },
        {
            "file_path": "/data/shapenet_blender/all_50_random/02958343/7f4dbefeaeda54628ccbb4eb8965b05/r_10",
            "rotation": 0.12566370614359174,
            "transform_matrix": [
                [
                    -0.9999369382858276,
                    -0.001090934150852263,
                    0.011182575486600399,
                    0.045078396797180176
                ],
                [
                    0.011235663667321205,
                    -0.09708952903747559,
                    0.9952122569084167,
                    4.011828422546387
                ],
                [
                    -1.1641532182693481e-10,
                    0.99527508020401,
                    0.09709566831588745,
                    0.3914051055908203
                ],
                [
                    0.0,
                    0.0,
                    0.0,
                    1.0
                ]
            ]
        },
        {
            "file_path": "/data/shapenet_blender/all_50_random/02958343/7f4dbefeaeda54628ccbb4eb8965b05/r_11",
            "rotation": 0.12566370614359174,
            "transform_matrix": [
                [
                    -0.4955454170703888,
                    0.600594699382782,
                    -0.6274716854095459,
                    -2.529419183731079
                ],
                [
                    -0.8685819506645203,
                    -0.34265267848968506,
                    0.35798659920692444,
                    1.4430900812149048
                ],
                [
                    1.4901160305669237e-08,
                    0.7224093079566956,
                    0.6914657354354858,
                    2.7873876094818115
                ],
                [
                    0.0,
                    0.0,
                    0.0,
                    1.0
                ]
            ]
        },
        {
            "file_path": "/data/shapenet_blender/all_50_random/02958343/7f4dbefeaeda54628ccbb4eb8965b05/r_12",
            "rotation": 0.12566370614359174,
            "transform_matrix": [
                [
                    0.6790262460708618,
                    0.26147910952568054,
                    0.6859678030014038,
                    2.7652249336242676
                ],
                [
                    0.734113872051239,
                    -0.2418578416109085,
                    -0.6344930529594421,
                    -2.5577235221862793
                ],
                [
                    0.0,
                    0.9344159364700317,
                    -0.35618332028388977,
                    -1.4358210563659668
                ],
                [
                    0.0,
                    0.0,
                    0.0,
                    1.0
                ]
            ]
        },
        {
            "file_path": "/data/shapenet_blender/all_50_random/02958343/7f4dbefeaeda54628ccbb4eb8965b05/r_13",
            "rotation": 0.12566370614359174,
            "transform_matrix": [
                [
                    0.12412954121828079,
                    -0.1368137151002884,
                    0.9827887415885925,
                    3.9617483615875244
                ],
                [
                    0.9922659993171692,
                    0.017114991322159767,
                    -0.12294396013021469,
                    -0.4956029951572418
                ],
                [
                    0.0,
                    0.9904489517211914,
                    0.13788004219532013,
                    0.5558122992515564
                ],
                [
                    0.0,
                    0.0,
                    0.0,
                    1.0
                ]
            ]
        },
        {
            "file_path": "/data/shapenet_blender/all_50_random/02958343/7f4dbefeaeda54628ccbb4eb8965b05/r_14",
            "rotation": 0.12566370614359174,
            "transform_matrix": [
                [
                    0.8202661275863647,
                    -0.08317525684833527,
                    -0.5659022331237793,
                    -2.2812249660491943
                ],
                [
                    -0.5719820261001587,
                    -0.11927970498800278,
                    -0.8115472197532654,
                    -3.271451473236084
                ],
                [
                    0.0,
                    0.989370584487915,
                    -0.14541587233543396,
                    -0.5861901044845581
                ],
                [
                    0.0,
                    0.0,
                    0.0,
                    1.0
                ]
            ]
        },
        {
            "file_path": "/data/shapenet_blender/all_50_random/02958343/7f4dbefeaeda54628ccbb4eb8965b05/r_15",
            "rotation": 0.12566370614359174,
            "transform_matrix": [
                [
                    -0.11540264636278152,
                    -0.014776842668652534,
                    -0.9932088851928711,
                    -4.003752708435059
                ],
                [
                    -0.9933187961578369,
                    0.0017167567275464535,
                    0.1153898760676384,
                    0.4651513993740082
                ],
                [
                    0.0,
                    0.9998893737792969,
                    -0.014876233413815498,
                    -0.0599680095911026
                ],
                [
                    0.0,
                    0.0,
                    0.0,
                    1.0
                ]
            ]
        },
        {
            "file_path": "/data/shapenet_blender/all_50_random/02958343/7f4dbefeaeda54628ccbb4eb8965b05/r_16",
            "rotation": 0.12566370614359174,
            "transform_matrix": [
                [
                    0.7711518406867981,
                    0.015834931284189224,
                    -0.6364543437957764,
                    -2.565629482269287
                ],
                [
                    -0.636651337146759,
                    0.019180256873369217,
                    -0.7709132432937622,
                    -3.1076507568359375
                ],
                [
                    0.0,
                    0.9996906518936157,
                    0.024872219190001488,
                    0.10026312619447708
                ],
                [
                    0.0,
                    0.0,
                    0.0,
                    1.0
                ]
            ]
        },
        {
            "file_path": "/data/shapenet_blender/all_50_random/02958343/7f4dbefeaeda54628ccbb4eb8965b05/r_17",
            "rotation": 0.12566370614359174,
            "transform_matrix": [
                [
                    -0.7893460392951965,
                    0.10870394110679626,
                    -0.6042486429214478,
                    -2.4358041286468506
                ],
                [
                    -0.6139487028121948,
                    -0.13975927233695984,
                    0.7768747806549072,
                    3.1316823959350586
                ],
                [
                    0.0,
                    0.984200656414032,
                    0.17705704271793365,
                    0.7137397527694702
                ],
                [
                    0.0,
                    0.0,
                    0.0,
                    1.0
                ]
            ]
        },
        {
            "file_path": "/data/shapenet_blender/all_50_random/02958343/7f4dbefeaeda54628ccbb4eb8965b05/r_18",
            "rotation": 0.12566370614359174,
            "transform_matrix": [
                [
                    0.639634370803833,
                    0.4850104749202728,
                    0.5963494181632996,
                    2.403961658477783
                ],
                [
                    0.7686793804168701,
                    -0.4035874605178833,
                    -0.4962350130081177,
                    -2.00038743019104
                ],
                [
                    -1.4901162970204496e-08,
                    0.7758104205131531,
                    -0.6309658885002136,
                    -2.5435051918029785
                ],
                [
                    0.0,
                    0.0,
                    0.0,
                    1.0
                ]
            ]
        },
        {
            "file_path": "/data/shapenet_blender/all_50_random/02958343/7f4dbefeaeda54628ccbb4eb8965b05/r_19",
            "rotation": 0.12566370614359174,
            "transform_matrix": [
                [
                    -0.9552941918373108,
                    -0.1374947875738144,
                    0.26174065470695496,
                    1.0551104545593262
                ],
                [
                    0.29565688967704773,
                    -0.4442581236362457,
                    0.8457077741622925,
                    3.4091572761535645
                ],
                [
                    7.450580152834618e-09,
                    0.8852852582931519,
                    0.4650484621524811,
                    1.874670386314392
                ],
                [
                    0.0,
                    0.0,
                    0.0,
                    1.0
                ]
            ]
        },
        {
            "file_path": "/data/shapenet_blender/all_50_random/02958343/7f4dbefeaeda54628ccbb4eb8965b05/r_20",
            "rotation": 0.12566370614359174,
            "transform_matrix": [
                [
                    -0.2696675658226013,
                    0.7123098969459534,
                    -0.6479922533035278,
                    -2.612140655517578
                ],
                [
                    -0.9629534482955933,
                    -0.19947680830955505,
                    0.18146516382694244,
                    0.7315095067024231
                ],
                [
                    0.0,
                    0.6729215979576111,
                    0.7397136688232422,
                    2.9818813800811768
                ],
                [
                    0.0,
                    0.0,
                    0.0,
                    1.0
                ]
            ]
        },
        {
            "file_path": "/data/shapenet_blender/all_50_random/02958343/7f4dbefeaeda54628ccbb4eb8965b05/r_21",
            "rotation": 0.12566370614359174,
            "transform_matrix": [
                [
                    0.6815014481544495,
                    0.20119445025920868,
                    0.7036167979240417,
                    2.8363699913024902
                ],
                [
                    0.731816828250885,
                    -0.18736152350902557,
                    -0.6552402973175049,
                    -2.6413581371307373
                ],
                [
                    0.0,
                    0.9614657163619995,
                    -0.2749246060848236,
                    -1.1082565784454346
                ],
                [
                    0.0,
                    0.0,
                    0.0,
                    1.0
                ]
            ]
        },
        {
            "file_path": "/data/shapenet_blender/all_50_random/02958343/7f4dbefeaeda54628ccbb4eb8965b05/r_22",
            "rotation": 0.12566370614359174,
            "transform_matrix": [
                [
                    -0.4228658378124237,
                    -0.2887938916683197,
                    -0.8589426279067993,
                    -3.4625086784362793
                ],
                [
                    -0.9061923027038574,
                    0.13476285338401794,
                    0.40081724524497986,
                    1.6157461404800415
                ],
                [
                    -7.450580596923828e-09,
                    0.9478590488433838,
                    -0.31868937611579895,
                    -1.2846781015396118
                ],
                [
                    0.0,
                    0.0,
                    0.0,
                    1.0
                ]
            ]
        },
        {
            "file_path": "/data/shapenet_blender/all_50_random/02958343/7f4dbefeaeda54628ccbb4eb8965b05/r_23",
            "rotation": 0.12566370614359174,
            "transform_matrix": [
                [
                    -0.7285606265068054,
                    -0.5808545351028442,
                    -0.3630528151988983,
                    -1.463512659072876
                ],
                [
                    -0.6849813461303711,
                    0.6178091764450073,
                    0.38615065813064575,
                    1.556623101234436
                ],
                [
                    0.0,
                    0.5300185084342957,
                    -0.8479860424995422,
                    -3.4183411598205566
                ],
                [
                    0.0,
                    0.0,
                    0.0,
                    1.0
                ]
            ]
        },
        {
            "file_path": "/data/shapenet_blender/all_50_random/02958343/7f4dbefeaeda54628ccbb4eb8965b05/r_24",
            "rotation": 0.12566370614359174,
            "transform_matrix": [
                [
                    -0.8632180690765381,
                    -0.2579529285430908,
                    -0.4339527487754822,
                    -1.7493194341659546
                ],
                [
                    -0.5048313736915588,
                    0.44107723236083984,
                    0.7420217394828796,
                    2.991185188293457
                ],
                [
                    0.0,
                    0.8595994114875793,
                    -0.5109685659408569,
                    -2.0597801208496094
                ],
                [
                    0.0,
                    0.0,
                    0.0,
                    1.0
                ]
            ]
        },
        {
            "file_path": "/data/shapenet_blender/all_50_random/02958343/7f4dbefeaeda54628ccbb4eb8965b05/r_25",
            "rotation": 0.12566370614359174,
            "transform_matrix": [
                [
                    -0.4477332532405853,
                    0.1624281406402588,
                    0.8792906403541565,
                    3.5445339679718018
                ],
                [
                    0.8941671848297119,
                    0.08133208006620407,
                    0.4402841627597809,
                    1.7748422622680664
                ],
                [
                    0.0,
                    0.9833627343177795,
                    -0.1816529929637909,
                    -0.7322666645050049
                ],
                [
                    0.0,
                    0.0,
                    0.0,
                    1.0
                ]
            ]
        },
        {
            "file_path": "/data/shapenet_blender/all_50_random/02958343/7f4dbefeaeda54628ccbb4eb8965b05/r_26",
            "rotation": 0.12566370614359174,
            "transform_matrix": [
                [
                    0.9905153512954712,
                    -0.00529866386204958,
                    0.1372995674610138,
                    0.5534723401069641
                ],
                [
                    0.1374017894268036,
                    0.03819752112030983,
                    -0.9897785186767578,
                    -3.9899251461029053
                ],
                [
                    4.6566125955216364e-10,
                    0.9992561936378479,
                    0.03856327012181282,
                    0.15545353293418884
                ],
                [
                    0.0,
                    0.0,
                    0.0,
                    1.0
                ]
            ]
        },
        {
            "file_path": "/data/shapenet_blender/all_50_random/02958343/7f4dbefeaeda54628ccbb4eb8965b05/r_27",
            "rotation": 0.12566370614359174,
            "transform_matrix": [
                [
                    -0.9191021919250488,
                    0.3520505726337433,
                    0.17695103585720062,
                    0.7133125066757202
                ],
                [
                    0.39401939511299133,
                    0.8212043642997742,
                    0.4127616286277771,
                    1.6638954877853394
                ],
                [
                    0.0,
                    0.4490923583507538,
                    -0.8934853076934814,
                    -3.601754665374756
                ],
                [
                    0.0,
                    0.0,
                    0.0,
                    1.0
                ]
            ]
        },
        {
            "file_path": "/data/shapenet_blender/all_50_random/02958343/7f4dbefeaeda54628ccbb4eb8965b05/r_28",
            "rotation": 0.12566370614359174,
            "transform_matrix": [
                [
                    0.6329662203788757,
                    0.22332608699798584,
                    -0.7412686944007874,
                    -2.988149642944336
                ],
                [
                    -0.7741794586181641,
                    0.1825905591249466,
                    -0.6060584783554077,
                    -2.4430999755859375
                ],
                [
                    0.0,
                    0.9574894309043884,
                    0.2884681224822998,
                    1.162852168083191
                ],
                [
                    0.0,
                    0.0,
                    0.0,
                    1.0
                ]
            ]
        },
        {
            "file_path": "/data/shapenet_blender/all_50_random/02958343/7f4dbefeaeda54628ccbb4eb8965b05/r_29",
            "rotation": 0.12566370614359174,
            "transform_matrix": [
                [
                    -0.11845402419567108,
                    -0.8378379344940186,
                    -0.5329129695892334,
                    -2.148240804672241
                ],
                [
                    -0.9929596185684204,
                    0.099948950111866,
                    0.06357326358556747,
                    0.25627201795578003
                ],
                [
                    0.0,
                    0.5366914868354797,
                    -0.8437785506248474,
                    -3.4013800621032715
                ],
                [
                    0.0,
                    0.0,
                    0.0,
                    1.0
                ]
            ]
        },
        {
            "file_path": "/data/shapenet_blender/all_50_random/02958343/7f4dbefeaeda54628ccbb4eb8965b05/r_30",
            "rotation": 0.12566370614359174,
            "transform_matrix": [
                [
                    0.9044771790504456,
                    -0.41217294335365295,
                    0.10970190912485123,
                    0.442222535610199
                ],
                [
                    0.42652204632759094,
                    0.8740485906600952,
                    -0.23263245820999146,
                    -0.9377714395523071
                ],
                [
                    7.450580596923828e-09,
                    0.25720110535621643,
                    0.9663578867912292,
                    3.8955132961273193
                ],
                [
                    0.0,
                    0.0,
                    0.0,
                    1.0
                ]
            ]
        },
        {
            "file_path": "/data/shapenet_blender/all_50_random/02958343/7f4dbefeaeda54628ccbb4eb8965b05/r_31",
            "rotation": 0.12566370614359174,
            "transform_matrix": [
                [
                    -0.008690846152603626,
                    0.022746674716472626,
                    0.9997033476829529,
                    4.029933452606201
                ],
                [
                    0.9999622702598572,
                    0.00019769529171753675,
                    0.00868859514594078,
                    0.03502485156059265
                ],
                [
                    0.0,
                    0.99974125623703,
                    -0.022747529670596123,
                    -0.09169822931289673
                ],
                [
                    0.0,
                    0.0,
                    0.0,
                    1.0
                ]
            ]
        },
        {
            "file_path": "/data/shapenet_blender/all_50_random/02958343/7f4dbefeaeda54628ccbb4eb8965b05/r_32",
            "rotation": 0.12566370614359174,
            "transform_matrix": [
                [
                    0.9060644507408142,
                    0.3447663187980652,
                    -0.2453230321407318,
                    -0.9889287948608398
                ],
                [
                    -0.4231397211551666,
                    0.738244354724884,
                    -0.5253075361251831,
                    -2.117582321166992
                ],
                [
                    0.0,
                    0.5797683596611023,
                    0.8147813081741333,
                    3.2844884395599365
                ],
                [
                    0.0,
                    0.0,
                    0.0,
                    1.0
                ]
            ]
        },
        {
            "file_path": "/data/shapenet_blender/all_50_random/02958343/7f4dbefeaeda54628ccbb4eb8965b05/r_33",
            "rotation": 0.12566370614359174,
            "transform_matrix": [
                [
                    0.5997681617736816,
                    -0.0237945094704628,
                    0.7998198866844177,
                    3.224177122116089
                ],
                [
                    0.8001736998558044,
                    0.017835114151239395,
                    -0.5995029807090759,
                    -2.4166738986968994
                ],
                [
                    0.0,
                    0.9995577335357666,
                    0.029736679047346115,
                    0.11987239122390747
                ],
                [
                    0.0,
                    0.0,
                    0.0,
                    1.0
                ]
            ]
        },
        {
            "file_path": "/data/shapenet_blender/all_50_random/02958343/7f4dbefeaeda54628ccbb4eb8965b05/r_34",
            "rotation": 0.12566370614359174,
            "transform_matrix": [
                [
                    0.5107653737068176,
                    0.26405951380729675,
                    -0.8181633353233337,
                    -3.2981221675872803
                ],
                [
                    -0.8597201108932495,
                    0.1568794995546341,
                    -0.4860761761665344,
                    -1.9594358205795288
                ],
                [
                    1.4901159417490817e-08,
                    0.9516624212265015,
                    0.307145893573761,
                    1.238144874572754
                ],
                [
                    0.0,
                    0.0,
                    0.0,
                    1.0
                ]
            ]
        },
        {
            "file_path": "/data/shapenet_blender/all_50_random/02958343/7f4dbefeaeda54628ccbb4eb8965b05/r_35",
            "rotation": 0.12566370614359174,
            "transform_matrix": [
                [
                    0.9080660343170166,
                    0.20584747195243835,
                    0.36475056409835815,
                    1.4703567028045654
                ],
                [
                    0.4188271462917328,
                    -0.44630128145217896,
                    -0.7908216118812561,
                    -3.1879043579101562
                ],
                [
                    0.0,
                    0.8708857893943787,
                    -0.49148544669151306,
                    -1.9812414646148682
                ],
                [
                    0.0,
                    0.0,
                    0.0,
                    1.0
                ]
            ]
        },
        {
            "file_path": "/data/shapenet_blender/all_50_random/02958343/7f4dbefeaeda54628ccbb4eb8965b05/r_36",
            "rotation": 0.12566370614359174,
            "transform_matrix": [
                [
                    -0.03564507141709328,
                    -0.14330421388149261,
                    0.9890363812446594,
                    3.986933708190918
                ],
                [
                    0.9993644952774048,
                    -0.00511133810505271,
                    0.03527669236063957,
                    0.1422049105167389
                ],
                [
                    9.313225191043273e-10,
                    0.9896655082702637,
                    0.143395334482193,
                    0.578045129776001
                ],
                [
                    0.0,
                    0.0,
                    0.0,
                    1.0
                ]
            ]
        },
        {
            "file_path": "/data/shapenet_blender/all_50_random/02958343/7f4dbefeaeda54628ccbb4eb8965b05/r_37",
            "rotation": 0.12566370614359174,
            "transform_matrix": [
                [
                    -0.3228735327720642,
                    0.12517507374286652,
                    -0.9381278157234192,
                    -3.7817142009735107
                ],
                [
                    -0.9464421272277832,
                    -0.04270279407501221,
                    0.32003718614578247,
                    1.2901111841201782
                ],
                [
                    0.0,
                    0.991215169429779,
                    0.1322585642337799,
                    0.5331513285636902
                ],
                [
                    0.0,
                    0.0,
                    0.0,
                    1.0
                ]
            ]
        },
        {
            "file_path": "/data/shapenet_blender/all_50_random/02958343/7f4dbefeaeda54628ccbb4eb8965b05/r_38",
            "rotation": 0.12566370614359174,
            "transform_matrix": [
                [
                    0.4024251401424408,
                    -0.1590621918439865,
                    0.9015282988548279,
                    3.634176731109619
                ],
                [
                    0.9154528975486755,
                    0.06992235779762268,
                    -0.39630401134490967,
                    -1.5975525379180908
                ],
                [
                    0.0,
                    0.9847893118858337,
                    0.17375247180461884,
                    0.7004185914993286
                ],
                [
                    0.0,
                    0.0,
                    0.0,
                    1.0
                ]
            ]
        },
        {
            "file_path": "/data/shapenet_blender/all_50_random/02958343/7f4dbefeaeda54628ccbb4eb8965b05/r_39",
            "rotation": 0.12566370614359174,
            "transform_matrix": [
                [
                    -0.826204776763916,
                    0.20510967075824738,
                    0.5247052907943726,
                    2.115154981613159
                ],
                [
                    0.5633699297904968,
                    0.3008016049861908,
                    0.7695015072822571,
                    3.1019599437713623
                ],
                [
                    1.4901161193847656e-08,
                    0.9313691258430481,
                    -0.36407631635665894,
                    -1.4676387310028076
                ],
                [
                    0.0,
                    0.0,
                    0.0,
                    1.0
                ]
            ]
        },
        {
            "file_path": "/data/shapenet_blender/all_50_random/02958343/7f4dbefeaeda54628ccbb4eb8965b05/r_40",
            "rotation": 0.12566370614359174,
            "transform_matrix": [
                [
                    -0.1302921175956726,
                    -0.651607871055603,
                    0.7472825050354004,
                    3.012392044067383
                ],
                [
                    0.9914756417274475,
                    -0.08562931418418884,
                    0.09820213913917542,
                    0.3958654999732971
                ],
                [
                    0.0,
                    0.7537074089050293,
                    0.6572101712226868,
                    2.649298906326294
                ],
                [
                    0.0,
                    0.0,
                    0.0,
                    1.0
                ]
            ]
        },
        {
            "file_path": "/data/shapenet_blender/all_50_random/02958343/7f4dbefeaeda54628ccbb4eb8965b05/r_41",
            "rotation": 0.12566370614359174,
            "transform_matrix": [
                [
                    -0.6897743940353394,
                    -0.35391610860824585,
                    -0.6316285133361816,
                    -2.546175956726074
                ],
                [
                    -0.72402423620224,
                    0.3371741473674774,
                    0.6017494201660156,
                    2.425729513168335
                ],
                [
                    0.0,
                    0.8723857402801514,
                    -0.48881796002388,
                    -1.97048819065094
