{
    "class": "02958343",
    "model": "12de9c37c83992c66392cc95e1b05a28",
    "remove_doubles": true,
    "edge_split": true,
    "denoise": true,
    "camera_angle_x": 0.6911112070083618,
    "scale_factor": 2.2867230564194663,
    "hdri_file": "/data/IndoorHDRDataset2018/AG8A6719-5b305f5869.exr",
    "center_offset": [
        0.0,
        -3.725290298461914e-09,
        0.0
    ],
    "lights": [],
    "frames": [
        {
            "file_path": "/data/shapenet_blender/all_50_random/02958343/12de9c37c83992c66392cc95e1b05a28/r_0",
            "rotation": 0.12566370614359174,
            "transform_matrix": [
                [
                    -0.11305363476276398,
                    0.24910074472427368,
                    -0.9618563652038574,
                    -3.8773670196533203
                ],
                [
                    -0.9935888648033142,
                    -0.028343459591269493,
                    0.10944301635026932,
                    0.44117891788482666
                ],
                [
                    0.0,
                    0.968062698841095,
                    0.25070807337760925,
                    1.010636568069458
                ],
                [
                    0.0,
                    0.0,
                    0.0,
                    1.0
                ]
            ]
        },
        {
            "file_path": "/data/shapenet_blender/all_50_random/02958343/12de9c37c83992c66392cc95e1b05a28/r_1",
            "rotation": 0.12566370614359174,
            "transform_matrix": [
                [
                    -0.8372018933296204,
                    0.08852726966142654,
                    -0.5396812558174133,
                    -2.1755247116088867
                ],
                [
                    -0.5468938946723938,
                    -0.13552024960517883,
                    0.8261606097221375,
                    3.330359935760498
                ],
                [
                    7.4505797087454084e-09,
                    0.9868116974830627,
                    0.16187283396720886,
                    0.6525302529335022
                ],
                [
                    0.0,
                    0.0,
                    0.0,
                    1.0
                ]
            ]
        },
        {
            "file_path": "/data/shapenet_blender/all_50_random/02958343/12de9c37c83992c66392cc95e1b05a28/r_2",
            "rotation": 0.12566370614359174,
            "transform_matrix": [
                [
                    -0.999951958656311,
                    0.0015963230980560184,
                    0.00969319324940443,
                    0.03907451033592224
                ],
                [
                    0.009823760949075222,
                    0.16248831152915955,
                    0.9866615533828735,
                    3.9773600101470947
                ],
                [
                    0.0,
                    0.9867091774940491,
                    -0.1624961495399475,
                    -0.6550429463386536
                ],
                [
                    0.0,
                    0.0,
                    0.0,
                    1.0
                ]
            ]
        },
        {
            "file_path": "/data/shapenet_blender/all_50_random/02958343/12de9c37c83992c66392cc95e1b05a28/r_3",
            "rotation": 0.12566370614359174,
            "transform_matrix": [
                [
                    0.2731960713863373,
                    0.2640151381492615,
                    -0.9250187873840332,
                    -3.728870153427124
                ],
                [
                    -0.9619584083557129,
                    0.07498027384281158,
                    -0.2627052366733551,
                    -1.0589988231658936
                ],
                [
                    0.0,
                    0.9615997076034546,
                    0.27445581555366516,
                    1.1063668727874756
                ],
                [
                    0.0,
                    0.0,
                    0.0,
                    1.0
                ]
            ]
        },
        {
            "file_path": "/data/shapenet_blender/all_50_random/02958343/12de9c37c83992c66392cc95e1b05a28/r_4",
            "rotation": 0.12566370614359174,
            "transform_matrix": [
                [
                    0.22793292999267578,
                    0.4012357294559479,
                    -0.887161910533905,
                    -3.5762643814086914
                ],
                [
                    -0.9736769199371338,
                    0.0939272865653038,
                    -0.20768018066883087,
                    -0.8371856212615967
                ],
                [
                    0.0,
                    0.9111461043357849,
                    0.41208308935165405,
                    1.6611602306365967
                ],
                [
                    0.0,
                    0.0,
                    0.0,
                    1.0
                ]
            ]
        },
        {
            "file_path": "/data/shapenet_blender/all_50_random/02958343/12de9c37c83992c66392cc95e1b05a28/r_5",
            "rotation": 0.12566370614359174,
            "transform_matrix": [
                [
                    -0.9557528495788574,
                    -0.22432208061218262,
                    -0.19030572474002838,
                    -0.7671469449996948
                ],
                [
                    -0.29417118430137634,
                    0.7288152575492859,
                    0.6182971596717834,
                    2.492435932159424
                ],
                [
                    1.4901162970204496e-08,
                    0.646921694278717,
                    -0.7625563144683838,
                    -3.073963165283203
                ],
                [
                    0.0,
                    0.0,
                    0.0,
                    1.0
                ]
            ]
        },
        {
            "file_path": "/data/shapenet_blender/all_50_random/02958343/12de9c37c83992c66392cc95e1b05a28/r_6",
            "rotation": 0.12566370614359174,
            "transform_matrix": [
                [
                    -0.7359686493873596,
                    -0.3070286512374878,
                    0.6033933162689209,
                    2.432356357574463
                ],
                [
                    0.6770156025886536,
                    -0.3337640166282654,
                    0.655935525894165,
                    2.644160747528076
                ],
                [
                    -2.980232594040899e-08,
                    0.8912545442581177,
                    0.4535030424594879,
                    1.8281292915344238
                ],
                [
                    0.0,
                    0.0,
                    0.0,
                    1.0
                ]
            ]
        },
        {
            "file_path": "/data/shapenet_blender/all_50_random/02958343/12de9c37c83992c66392cc95e1b05a28/r_7",
            "rotation": 0.12566370614359174,
            "transform_matrix": [
                [
                    0.2675077021121979,
                    -0.5336040258407593,
                    -0.8023131489753723,
                    -3.2342276573181152
                ],
                [
                    -0.9635558128356934,
                    -0.14814211428165436,
                    -0.22274263203144073,
                    -0.8979042768478394
                ],
                [
                    0.0,
                    0.8326587677001953,
                    -0.5537863373756409,
                    -2.232384204864502
                ],
                [
                    0.0,
                    0.0,
                    0.0,
                    1.0
                ]
            ]
        },
        {
            "file_path": "/data/shapenet_blender/all_50_random/02958343/12de9c37c83992c66392cc95e1b05a28/r_8",
            "rotation": 0.12566370614359174,
            "transform_matrix": [
                [
                    0.954937219619751,
                    -0.15735790133476257,
                    -0.251661479473114,
                    -1.0144799947738647
                ],
                [
                    -0.29680806398391724,
                    -0.5062763690948486,
                    -0.8096845746040344,
                    -3.2639431953430176
                ],
                [
                    0.0,
                    0.8478930592536926,
                    -0.5301671028137207,
                    -2.137172222137451
                ],
                [
                    0.0,
                    0.0,
                    0.0,
                    1.0
                ]
            ]
        },
        {
            "file_path": "/data/shapenet_blender/all_50_random/02958343/12de9c37c83992c66392cc95e1b05a28/r_9",
            "rotation": 0.12566370614359174,
            "transform_matrix": [
                [
                    0.3003252446651459,
                    -0.8549432754516602,
                    0.42293816804885864,
                    1.7049182653427124
                ],
                [
                    0.9538369178771973,
                    0.2691875696182251,
                    -0.1331663727760315,
                    -0.5368108153343201
                ],
                [
                    -7.450581485102248e-09,
                    0.44340720772743225,
                    0.8963202834129333,
                    3.613182544708252
                ],
                [
                    0.0,
                    0.0,
                    0.0,
                    1.0
                ]
            ]
        },
        {
            "file_path": "/data/shapenet_blender/all_50_random/02958343/12de9c37c83992c66392cc95e1b05a28/r_10",
            "rotation": 0.12566370614359174,
            "transform_matrix": [
                [
                    0.4694328308105469,
                    0.0002216326247435063,
                    0.8829681277275085,
                    3.559358596801758
                ],
                [
                    0.8829681873321533,
                    -0.00011783168883994222,
                    -0.4694328010082245,
                    -1.8923442363739014
                ],
                [
                    0.0,
                    0.9999999403953552,
                    -0.00025100860511884093,
                    -0.0010118482168763876
                ],
                [
                    0.0,
                    0.0,
                    0.0,
                    1.0
                ]
            ]
        },
        {
            "file_path": "/data/shapenet_blender/all_50_random/02958343/12de9c37c83992c66392cc95e1b05a28/r_11",
            "rotation": 0.12566370614359174,
            "transform_matrix": [
                [
                    0.28026020526885986,
                    0.9088969230651855,
                    0.30880507826805115,
                    1.2448331117630005
                ],
                [
                    0.9599239826202393,
                    -0.26536232233047485,
                    -0.09015899151563644,
                    -0.3634425103664398
                ],
                [
                    0.0,
                    0.3216974139213562,
                    -0.9468424916267395,
                    -3.8168442249298096
                ],
                [
                    0.0,
                    0.0,
                    0.0,
                    1.0
                ]
            ]
        },
        {
            "file_path": "/data/shapenet_blender/all_50_random/02958343/12de9c37c83992c66392cc95e1b05a28/r_12",
            "rotation": 0.12566370614359174,
            "transform_matrix": [
                [
                    0.972011148929596,
                    0.06351631134748459,
                    0.22618553042411804,
                    0.9117829203605652
                ],
                [
                    0.234934464097023,
                    -0.2627905607223511,
                    -0.9358135461807251,
                    -3.7723846435546875
                ],
                [
                    -3.7252896323280993e-09,
                    0.9627599716186523,
                    -0.27035757899284363,
                    -1.089846134185791
                ],
                [
                    0.0,
                    0.0,
                    0.0,
                    1.0
                ]
            ]
        },
        {
            "file_path": "/data/shapenet_blender/all_50_random/02958343/12de9c37c83992c66392cc95e1b05a28/r_13",
            "rotation": 0.12566370614359174,
            "transform_matrix": [
                [
                    0.8688940405845642,
                    -0.0020956099033355713,
                    -0.4949936866760254,
                    -1.995383381843567
                ],
                [
                    -0.49499809741973877,
                    -0.0036785248667001724,
                    -0.8688862919807434,
                    -3.5025925636291504
                ],
                [
                    1.1641530794914701e-10,
                    0.9999911189079285,
                    -0.004233570769429207,
                    -0.017066068947315216
                ],
                [
                    0.0,
                    0.0,
                    0.0,
                    1.0
                ]
            ]
        },
        {
            "file_path": "/data/shapenet_blender/all_50_random/02958343/12de9c37c83992c66392cc95e1b05a28/r_14",
            "rotation": 0.12566370614359174,
            "transform_matrix": [
                [
                    0.1416953206062317,
                    -0.05613996461033821,
                    0.9883171319961548,
                    3.9840338230133057
                ],
                [
                    0.9899103045463562,
                    0.008035849779844284,
                    -0.14146727323532104,
                    -0.5702728033065796
                ],
                [
                    0.0,
                    0.9983904957771301,
                    0.05671217665076256,
                    0.22861409187316895
                ],
                [
                    0.0,
                    0.0,
                    0.0,
                    1.0
                ]
            ]
        },
        {
            "file_path": "/data/shapenet_blender/all_50_random/02958343/12de9c37c83992c66392cc95e1b05a28/r_15",
            "rotation": 0.12566370614359174,
            "transform_matrix": [
                [
                    0.8100630044937134,
                    0.3283272683620453,
                    -0.48579731583595276,
                    -1.958311915397644
                ],
                [
                    -0.5863428115844727,
                    0.4536011517047882,
                    -0.671154260635376,
                    -2.705509662628174
                ],
                [
                    -1.4901161193847656e-08,
                    0.8285210728645325,
                    0.5599578022956848,
                    2.2572622299194336
                ],
                [
                    0.0,
                    0.0,
                    0.0,
                    1.0
                ]
            ]
        },
        {
            "file_path": "/data/shapenet_blender/all_50_random/02958343/12de9c37c83992c66392cc95e1b05a28/r_16",
            "rotation": 0.12566370614359174,
            "transform_matrix": [
                [
                    0.006544788368046284,
                    0.7807862758636475,
                    -0.6247638463973999,
                    -2.5185036659240723
                ],
                [
                    -0.9999786019325256,
                    0.005110190249979496,
                    -0.004089034628123045,
                    -0.016483426094055176
                ],
                [
                    2.3283064365386963e-10,
                    0.6247771382331848,
                    0.7808030247688293,
                    3.147517681121826
                ],
                [
                    0.0,
                    0.0,
                    0.0,
                    1.0
                ]
            ]
        },
        {
            "file_path": "/data/shapenet_blender/all_50_random/02958343/12de9c37c83992c66392cc95e1b05a28/r_17",
            "rotation": 0.12566370614359174,
            "transform_matrix": [
                [
                    0.5118197202682495,
                    -0.004839280154556036,
                    0.8590793013572693,
                    3.463059425354004
                ],
                [
                    0.8590930104255676,
                    0.0028830859810113907,
                    -0.5118115544319153,
                    -2.063178300857544
                ],
                [
                    0.0,
                    0.999984085559845,
                    0.0056330119259655476,
                    0.022707397118210793
                ],
                [
                    0.0,
                    0.0,
                    0.0,
                    1.0
                ]
            ]
        },
        {
            "file_path": "/data/shapenet_blender/all_50_random/02958343/12de9c37c83992c66392cc95e1b05a28/r_18",
            "rotation": 0.12566370614359174,
            "transform_matrix": [
                [
                    -0.6082366704940796,
                    -0.04732421785593033,
                    0.7923436760902405,
                    3.1940395832061768
                ],
                [
                    0.7937557101249695,
                    -0.03626345843076706,
                    0.6071547269821167,
                    2.447519063949585
                ],
                [
                    -1.862645149230957e-09,
                    0.9982209801673889,
                    0.05962064489722252,
                    0.2403385043144226
                ],
                [
                    0.0,
                    0.0,
                    0.0,
                    1.0
                ]
            ]
        },
        {
            "file_path": "/data/shapenet_blender/all_50_random/02958343/12de9c37c83992c66392cc95e1b05a28/r_19",
            "rotation": 0.12566370614359174,
            "transform_matrix": [
                [
                    -0.9997683167457581,
                    0.017739059403538704,
                    0.012195728719234467,
                    0.04916255548596382
                ],
                [
                    0.021526960656046867,
                    0.8238482475280762,
                    0.566401481628418,
                    2.2832374572753906
                ],
                [
                    -9.31322685637781e-10,
                    0.5665327906608582,
                    -0.8240391612052917,
                    -3.321808099746704
                ],
                [
                    0.0,
                    0.0,
                    0.0,
                    1.0
                ]
            ]
        },
        {
            "file_path": "/data/shapenet_blender/all_50_random/02958343/12de9c37c83992c66392cc95e1b05a28/r_20",
            "rotation": 0.12566370614359174,
            "transform_matrix": [
                [
                    -0.31465616822242737,
                    0.37369662523269653,
                    0.8725492358207703,
                    3.5173587799072266
                ],
                [
                    0.9492056965827942,
                    0.12387827038764954,
                    0.28924500942230225,
                    1.165984034538269
                ],
                [
                    0.0,
                    0.9192414879798889,
                    -0.39369404315948486,
                    -1.587031602859497
                ],
                [
                    0.0,
                    0.0,
                    0.0,
                    1.0
                ]
            ]
        },
        {
            "file_path": "/data/shapenet_blender/all_50_random/02958343/12de9c37c83992c66392cc95e1b05a28/r_21",
            "rotation": 0.12566370614359174,
            "transform_matrix": [
                [
                    -0.2567354142665863,
                    0.14439266920089722,
                    0.9556346535682678,
                    3.8522865772247314
                ],
                [
                    0.9664818048477173,
                    0.038356345146894455,
                    0.253853976726532,
                    1.0233181715011597
                ],
                [
                    3.725290742551124e-09,
                    0.9887767434120178,
                    -0.14940030872821808,
                    -0.6022518873214722
                ],
                [
                    0.0,
                    0.0,
                    0.0,
                    1.0
                ]
            ]
        },
        {
            "file_path": "/data/shapenet_blender/all_50_random/02958343/12de9c37c83992c66392cc95e1b05a28/r_22",
            "rotation": 0.12566370614359174,
            "transform_matrix": [
                [
                    0.7486266493797302,
                    0.6109510660171509,
                    -0.25748178362846375,
                    -1.0379422903060913
                ],
                [
                    -0.6629917025566101,
                    0.6898642182350159,
                    -0.2907392680644989,
                    -1.172007441520691
                ],
                [
                    1.4901161193847656e-08,
                    0.3883633613586426,
                    0.9215062260627747,
                    3.7147104740142822
                ],
                [
                    0.0,
                    0.0,
                    0.0,
                    1.0
                ]
            ]
        },
        {
            "file_path": "/data/shapenet_blender/all_50_random/02958343/12de9c37c83992c66392cc95e1b05a28/r_23",
            "rotation": 0.12566370614359174,
            "transform_matrix": [
                [
                    0.7470418810844421,
                    -0.20855677127838135,
                    -0.6312150955200195,
                    -2.5445096492767334
                ],
                [
                    -0.6647770404815674,
                    -0.23436525464057922,
                    -0.7093266844749451,
                    -2.8593876361846924
                ],
                [
                    0.0,
                    0.9495141506195068,
                    -0.3137243390083313,
                    -1.2646633386611938
                ],
                [
                    0.0,
                    0.0,
                    0.0,
                    1.0
                ]
            ]
        },
        {
            "file_path": "/data/shapenet_blender/all_50_random/02958343/12de9c37c83992c66392cc95e1b05a28/r_24",
            "rotation": 0.12566370614359174,
            "transform_matrix": [
                [
                    -0.1532389372587204,
                    0.296427845954895,
                    -0.9426814317703247,
                    -3.8000705242156982
                ],
                [
                    -0.988189160823822,
                    -0.04596719890832901,
                    0.14618203043937683,
                    0.5892786979675293
                ],
                [
                    0.0,
                    0.9539483785629272,
                    0.2999707758426666,
                    1.2092210054397583
                ],
                [
                    0.0,
                    0.0,
                    0.0,
                    1.0
                ]
            ]
        },
        {
            "file_path": "/data/shapenet_blender/all_50_random/02958343/12de9c37c83992c66392cc95e1b05a28/r_25",
            "rotation": 0.12566370614359174,
            "transform_matrix": [
                [
                    0.815524160861969,
                    -0.5060421228408813,
                    0.2807876765727997,
                    1.1318912506103516
                ],
                [
                    0.5787228941917419,
                    0.7131038904190063,
                    -0.39568009972572327,
                    -1.5950372219085693
                ],
                [
                    0.0,
                    0.4851848781108856,
                    0.8744116425514221,
                    3.5248656272888184
                ],
                [
                    0.0,
                    0.0,
                    0.0,
                    1.0
                ]
            ]
        },
        {
            "file_path": "/data/shapenet_blender/all_50_random/02958343/12de9c37c83992c66392cc95e1b05a28/r_26",
            "rotation": 0.12566370614359174,
            "transform_matrix": [
                [
                    -0.45243945717811584,
                    0.7635869979858398,
                    -0.4606878459453583,
                    -1.8570921421051025
                ],
                [
                    -0.8917950987815857,
                    -0.38739490509033203,
                    0.23372338712215424,
                    0.9421691298484802
                ],
                [
                    1.4901161193847656e-08,
                    0.5165848135948181,
                    0.8562359809875488,
                    3.4515976905822754
                ],
                [
                    0.0,
                    0.0,
                    0.0,
                    1.0
                ]
            ]
        },
        {
            "file_path": "/data/shapenet_blender/all_50_random/02958343/12de9c37c83992c66392cc95e1b05a28/r_27",
            "rotation": 0.12566370614359174,
            "transform_matrix": [
                [
                    -0.998512327671051,
                    0.04835839942097664,
                    -0.02519163489341736,
                    -0.10155072808265686
                ],
                [
                    -0.05452663078904152,
                    -0.8855573534965515,
                    0.4613187611103058,
                    1.859635353088379
                ],
                [
                    0.0,
                    0.4620060324668884,
                    0.8868767619132996,
                    3.5751144886016846
                ],
                [
                    0.0,
                    0.0,
                    0.0,
                    1.0
                ]
            ]
        },
        {
            "file_path": "/data/shapenet_blender/all_50_random/02958343/12de9c37c83992c66392cc95e1b05a28/r_28",
            "rotation": 0.12566370614359174,
            "transform_matrix": [
                [
                    0.7352238297462463,
                    0.16925667226314545,
                    0.6563521027565002,
                    2.6458401679992676
                ],
                [
                    0.6778244972229004,
                    -0.1835896372795105,
                    -0.7119331359863281,
                    -2.869894504547119
                ],
                [
                    7.450581485102248e-09,
                    0.9683218002319336,
                    -0.24970576167106628,
                    -1.0065962076187134
                ],
                [
                    0.0,
                    0.0,
                    0.0,
                    1.0
                ]
            ]
        },
        {
            "file_path": "/data/shapenet_blender/all_50_random/02958343/12de9c37c83992c66392cc95e1b05a28/r_29",
            "rotation": 0.12566370614359174,
            "transform_matrix": [
                [
                    0.939346194267273,
                    0.004956778138875961,
                    0.3429346978664398,
                    1.3824139833450317
                ],
                [
                    0.34297052025794983,
                    -0.013575891964137554,
                    -0.9392480850219727,
                    -3.7862300872802734
                ],
                [
                    0.0,
                    0.9998955726623535,
                    -0.014452490955591202,
                    -0.05825985595583916
                ],
                [
                    0.0,
                    0.0,
                    0.0,
                    1.0
                ]
            ]
        },
        {
            "file_path": "/data/shapenet_blender/all_50_random/02958343/12de9c37c83992c66392cc95e1b05a28/r_30",
            "rotation": 0.12566370614359174,
            "transform_matrix": [
                [
                    -0.8881661891937256,
                    0.002639518352225423,
                    -0.45951488614082336,
                    -1.8523638248443604
                ],
                [
                    -0.4595225155353546,
                    -0.0051016672514379025,
                    0.8881514072418213,
                    3.5802531242370605
                ],
                [
                    0.0,
                    0.999983549118042,
                    0.0057440451346337795,
                    0.023154988884925842
                ],
                [
                    0.0,
                    0.0,
                    0.0,
                    1.0
                ]
            ]
        },
        {
            "file_path": "/data/shapenet_blender/all_50_random/02958343/12de9c37c83992c66392cc95e1b05a28/r_31",
            "rotation": 0.12566370614359174,
            "transform_matrix": [
                [
                    0.05943813920021057,
                    -0.9448163509368896,
                    -0.3221631646156311,
                    -1.298681378364563
                ],
                [
                    -0.9982320070266724,
                    -0.05625758692622185,
                    -0.01918269507586956,
                    -0.0773279219865799
                ],
                [
                    1.862645371275562e-09,
                    0.32273373007774353,
                    -0.946489691734314,
                    -3.815422296524048
                ],
                [
                    0.0,
                    0.0,
                    0.0,
                    1.0
                ]
            ]
        },
        {
            "file_path": "/data/shapenet_blender/all_50_random/02958343/12de9c37c83992c66392cc95e1b05a28/r_32",
            "rotation": 0.12566370614359174,
            "transform_matrix": [
                [
                    -0.39237064123153687,
                    0.09790127724409103,
                    -0.9145821332931519,
                    -3.6867988109588623
                ],
                [
                    -0.9198073148727417,
                    -0.041762642562389374,
                    0.39014166593551636,
                    1.57271146774292
                ],
                [
                    3.725290742551124e-09,
                    0.994319498538971,
                    0.10643671452999115,
                    0.429060161113739
                ],
                [
                    0.0,
                    0.0,
                    0.0,
                    1.0
                ]
            ]
        },
        {
            "file_path": "/data/shapenet_blender/all_50_random/02958343/12de9c37c83992c66392cc95e1b05a28/r_33",
            "rotation": 0.12566370614359174,
            "transform_matrix": [
                [
                    0.9655836820602417,
                    0.0013670946937054396,
                    0.26008906960487366,
                    1.048452615737915
                ],
                [
                    0.2600926458835602,
                    -0.005075284745544195,
                    -0.965570330619812,
                    -3.892338514328003
                ],
                [
                    0.0,
                    0.9999862909317017,
                    -0.005256182514131069,
                    -0.021188348531723022
                ],
                [
                    0.0,
                    0.0,
                    0.0,
                    1.0
                ]
            ]
        },
        {
            "file_path": "/data/shapenet_blender/all_50_random/02958343/12de9c37c83992c66392cc95e1b05a28/r_34",
            "rotation": 0.12566370614359174,
            "transform_matrix": [
                [
                    0.28430062532424927,
                    -0.08695501834154129,
                    0.9547837972640991,
                    3.848856210708618
                ],
                [
                    0.9587351679801941,
                    0.02578539401292801,
                    -0.28312888741493225,
                    -1.1413289308547974
                ],
                [
                    0.0,
                    0.9958785176277161,
                    0.09069763869047165,
                    0.36561381816864014
                ],
                [
                    0.0,
                    0.0,
                    0.0,
                    1.0
                ]
            ]
        },
        {
            "file_path": "/data/shapenet_blender/all_50_random/02958343/12de9c37c83992c66392cc95e1b05a28/r_35",
            "rotation": 0.12566370614359174,
            "transform_matrix": [
                [
                    0.4176947772502899,
                    -0.18525324761867523,
                    -0.8895010948181152,
                    -3.585693836212158
                ],
                [
                    -0.9085874557495117,
                    -0.08516441285610199,
                    -0.40892043709754944,
                    -1.6484111547470093
                ],
                [
                    0.0,
                    0.9789935350418091,
                    -0.20389147102832794,
                    -0.8219128847122192
                ],
                [
                    0.0,
                    0.0,
                    0.0,
                    1.0
                ]
            ]
        },
        {
            "file_path": "/data/shapenet_blender/all_50_random/02958343/12de9c37c83992c66392cc95e1b05a28/r_36",
            "rotation": 0.12566370614359174,
            "transform_matrix": [
                [
                    0.9928451180458069,
                    0.00913526862859726,
                    0.11905959248542786,
                    0.4799445569515228
                ],
                [
                    0.11940955370664597,
                    -0.0759562999010086,
                    -0.9899353384971619,
                    -3.9905569553375244
                ],
                [
                    0.0,
                    0.9970692992210388,
                    -0.07650366425514221,
                    -0.3083961308002472
                ],
                [
                    0.0,
                    0.0,
                    0.0,
                    1.0
                ]
            ]
        },
        {
            "file_path": "/data/shapenet_blender/all_50_random/02958343/12de9c37c83992c66392cc95e1b05a28/r_37",
            "rotation": 0.12566370614359174,
            "transform_matrix": [
                [
                    0.4481518864631653,
                    -0.14608849585056305,
                    0.8819399476051331,
                    3.555213689804077
                ],
                [
                    0.8939574956893921,
                    0.07323595881462097,
                    -0.4421273469924927,
                    -1.7822723388671875
                ],
                [
                    0.0,
                    0.9865570068359375,
                    0.1634177267551422,
                    0.6587579250335693
                ],
                [
                    0.0,
                    0.0,
                    0.0,
                    1.0
                ]
            ]
        },
        {
            "file_path": "/data/shapenet_blender/all_50_random/02958343/12de9c37c83992c66392cc95e1b05a28/r_38",
            "rotation": 0.12566370614359174,
            "transform_matrix": [
                [
                    -0.5508694052696228,
                    -0.20018719136714935,
                    0.81022709608078,
                    3.266129732131958
                ],
                [
                    0.8345913290977478,
                    -0.13213291764259338,
                    0.5347878336906433,
                    2.1557986736297607
                ],
                [
                    -7.4505792646561986e-09,
                    0.970806896686554,
                    0.23986248672008514,
                    0.966916561126709
                ],
                [
                    0.0,
                    0.0,
                    0.0,
                    1.0
                ]
            ]
        },
        {
            "file_path": "/data/shapenet_blender/all_50_random/02958343/12de9c37c83992c66392cc95e1b05a28/r_39",
            "rotation": 0.12566370614359174,
            "transform_matrix": [
                [
                    0.5661536455154419,
                    -0.26334935426712036,
                    -0.7810999155044556,
                    -3.148714780807495
                ],
                [
                    -0.8242997527122498,
                    -0.18087618052959442,
                    -0.5364826917648315,
                    -2.162631034851074
                ],
                [
                    0.0,
                    0.9475921988487244,
                    -0.3194824755191803,
                    -1.2878751754760742
                ],
                [
                    0.0,
                    0.0,
                    0.0,
                    1.0
                ]
            ]
        },
        {
            "file_path": "/data/shapenet_blender/all_50_random/02958343/12de9c37c83992c66392cc95e1b05a28/r_40",
            "rotation": 0.12566370614359174,
            "transform_matrix": [
                [
                    -0.005200948566198349,
                    -0.983462393283844,
                    0.1810370683670044,
                    0.729783833026886
                ],
                [
                    0.999986469745636,
                    -0.00511500658467412,
                    0.0009415772510692477,
                    0.0037956195883452892
                ],
                [
                    0.0,
                    0.18103967607021332,
                    0.9834757447242737,
                    3.964517831802368
                ],
                [
                    0.0,
                    0.0,
                    0.0,
                    1.0
                ]
            ]
        },
        {
            "file_path": "/data/shapenet_blender/all_50_random/02958343/12de9c37c83992c66392cc95e1b05a28/r_41",
            "rotation": 0.12566370614359174,
            "transform_matrix": [
                [
                    0.8411270380020142,
                    -0.051412854343652725,
                    0.5383883714675903,
                    2.1703131198883057
                ],
                [
                    0.5408377051353455,
                    0.07995881140232086,
                    -0.8373178243637085,
                    -3.3753364086151123
                ],
                [
