{
    "class": "02958343",
    "model": "5a9a67bb92fbfca3b1bb46d2556ba67d",
    "remove_doubles": true,
    "edge_split": true,
    "denoise": true,
    "camera_angle_x": 0.6911112070083618,
    "scale_factor": 2.2609319307479416,
    "hdri_file": "/data/IndoorHDRDataset2018/9C4A8210-99a59fb259.exr",
    "center_offset": [
        0.0,
        -9.313225746154785e-10,
        -3.725290298461914e-09
    ],
    "lights": [],
    "frames": [
        {
            "file_path": "/data/shapenet_blender/all_50_random/02958343/5a9a67bb92fbfca3b1bb46d2556ba67d/r_0",
            "rotation": 0.12566370614359174,
            "transform_matrix": [
                [
                    -0.6122815012931824,
                    0.1347426027059555,
                    0.7790735960006714,
                    3.1405463218688965
                ],
                [
                    0.7906398773193359,
                    0.1043463870882988,
                    0.6033244729042053,
                    2.4320790767669678
                ],
                [
                    -7.450580596923828e-09,
                    0.9853711128234863,
                    -0.17042222619056702,
                    -0.6869940161705017
                ],
                [
                    0.0,
                    0.0,
                    0.0,
                    1.0
                ]
            ]
        },
        {
            "file_path": "/data/shapenet_blender/all_50_random/02958343/5a9a67bb92fbfca3b1bb46d2556ba67d/r_1",
            "rotation": 0.12566370614359174,
            "transform_matrix": [
                [
                    -0.938635528087616,
                    -0.027444016188383102,
                    0.3438170254230499,
                    1.3859708309173584
                ],
                [
                    0.3449106514453888,
                    -0.07468580454587936,
                    0.9356594085693359,
                    3.771764039993286
                ],
                [
                    0.0,
                    0.9968294501304626,
                    0.07956846803426743,
                    0.32075077295303345
                ],
                [
                    0.0,
                    0.0,
                    0.0,
                    1.0
                ]
            ]
        },
        {
            "file_path": "/data/shapenet_blender/all_50_random/02958343/5a9a67bb92fbfca3b1bb46d2556ba67d/r_2",
            "rotation": 0.12566370614359174,
            "transform_matrix": [
                [
                    -0.8977166414260864,
                    0.29576534032821655,
                    0.3265390694141388,
                    1.3163211345672607
                ],
                [
                    0.44057342410087585,
                    0.6026543378829956,
                    0.6653591394424438,
                    2.6821484565734863
                ],
                [
                    -1.4901161193847656e-08,
                    0.7411683797836304,
                    -0.6713191866874695,
                    -2.70617413520813
                ],
                [
                    0.0,
                    0.0,
                    0.0,
                    1.0
                ]
            ]
        },
        {
            "file_path": "/data/shapenet_blender/all_50_random/02958343/5a9a67bb92fbfca3b1bb46d2556ba67d/r_3",
            "rotation": 0.12566370614359174,
            "transform_matrix": [
                [
                    0.9766911268234253,
                    -0.2002321481704712,
                    -0.07734136283397675,
                    -0.31177300214767456
                ],
                [
                    -0.21464994549751282,
                    -0.9110878109931946,
                    -0.3519153892993927,
                    -1.4186162948608398
                ],
                [
                    0.0,
                    0.36031395196914673,
                    -0.9328311085700989,
                    -3.760362386703491
                ],
                [
                    0.0,
                    0.0,
                    0.0,
                    1.0
                ]
            ]
        },
        {
            "file_path": "/data/shapenet_blender/all_50_random/02958343/5a9a67bb92fbfca3b1bb46d2556ba67d/r_4",
            "rotation": 0.12566370614359174,
            "transform_matrix": [
                [
                    -0.833242654800415,
                    -0.19937364757061005,
                    -0.5157096982002258,
                    -2.078892469406128
                ],
                [
                    -0.5529071688652039,
                    0.3004602789878845,
                    0.7771853804588318,
                    3.132934808731079
                ],
                [
                    0.0,
                    0.9327239394187927,
                    -0.36059144139289856,
                    -1.453590750694275
                ],
                [
                    0.0,
                    0.0,
                    0.0,
                    1.0
                ]
            ]
        },
        {
            "file_path": "/data/shapenet_blender/all_50_random/02958343/5a9a67bb92fbfca3b1bb46d2556ba67d/r_5",
            "rotation": 0.12566370614359174,
            "transform_matrix": [
                [
                    0.8133169412612915,
                    -0.2815018892288208,
                    -0.5091879367828369,
                    -2.0526022911071777
                ],
                [
                    -0.5818210244178772,
                    -0.39350631833076477,
                    -0.7117844223976135,
                    -2.8692948818206787
                ],
                [
                    0.0,
                    0.8751625418663025,
                    -0.4838290214538574,
                    -1.9503772258758545
                ],
                [
                    0.0,
                    0.0,
                    0.0,
                    1.0
                ]
            ]
        },
        {
            "file_path": "/data/shapenet_blender/all_50_random/02958343/5a9a67bb92fbfca3b1bb46d2556ba67d/r_6",
            "rotation": 0.12566370614359174,
            "transform_matrix": [
                [
                    -0.14935964345932007,
                    -0.8364036679267883,
                    0.5273712873458862,
                    2.125901937484741
                ],
                [
                    0.9887830018997192,
                    -0.12634213268756866,
                    0.07966156303882599,
                    0.3211260735988617
                ],
                [
                    -7.450581485102248e-09,
                    0.5333539843559265,
                    0.845892071723938,
                    3.409900188446045
                ],
                [
                    0.0,
                    0.0,
                    0.0,
                    1.0
                ]
            ]
        },
        {
            "file_path": "/data/shapenet_blender/all_50_random/02958343/5a9a67bb92fbfca3b1bb46d2556ba67d/r_7",
            "rotation": 0.12566370614359174,
            "transform_matrix": [
                [
                    -0.618925929069519,
                    0.273008793592453,
                    -0.7364760041236877,
                    -2.96882963180542
                ],
                [
                    -0.7854493260383606,
                    -0.2151281088590622,
                    0.5803354382514954,
                    2.339406967163086
                ],
                [
                    -1.4901159417490817e-08,
                    0.9376493096351624,
                    0.34758293628692627,
                    1.4011516571044922
                ],
                [
                    0.0,
                    0.0,
                    0.0,
                    1.0
                ]
            ]
        },
        {
            "file_path": "/data/shapenet_blender/all_50_random/02958343/5a9a67bb92fbfca3b1bb46d2556ba67d/r_8",
            "rotation": 0.12566370614359174,
            "transform_matrix": [
                [
                    -0.488007128238678,
                    -0.045764513313770294,
                    0.87163907289505,
                    3.5136895179748535
                ],
                [
                    0.8728396892547607,
                    -0.025587065145373344,
                    0.48733583092689514,
                    1.9645135402679443
                ],
                [
                    -1.862645371275562e-09,
                    0.9986243844032288,
                    0.052431754767894745,
                    0.2113591581583023
                ],
                [
                    0.0,
                    0.0,
                    0.0,
                    1.0
                ]
            ]
        },
        {
            "file_path": "/data/shapenet_blender/all_50_random/02958343/5a9a67bb92fbfca3b1bb46d2556ba67d/r_9",
            "rotation": 0.12566370614359174,
            "transform_matrix": [
                [
                    0.9789182543754578,
                    0.009198538959026337,
                    0.20404522120952606,
                    0.8225325345993042
                ],
                [
                    0.2042524367570877,
                    -0.044085726141929626,
                    -0.9779250621795654,
                    -3.9421417713165283
                ],
                [
                    0.0,
                    0.9989854097366333,
                    -0.045035142451524734,
                    -0.18154245615005493
                ],
                [
                    0.0,
                    0.0,
                    0.0,
                    1.0
                ]
            ]
        },
        {
            "file_path": "/data/shapenet_blender/all_50_random/02958343/5a9a67bb92fbfca3b1bb46d2556ba67d/r_10",
            "rotation": 0.12566370614359174,
            "transform_matrix": [
                [
                    0.7290371060371399,
                    -0.1673051118850708,
                    0.6637121438980103,
                    2.675509214401245
                ],
                [
                    0.6844740509986877,
                    0.17819757759571075,
                    -0.7069234251976013,
                    -2.8496994972229004
                ],
                [
                    0.0,
                    0.9696672558784485,
                    0.24442869424819946,
                    0.9853236079216003
                ],
                [
                    0.0,
                    0.0,
                    0.0,
                    1.0
                ]
            ]
        },
        {
            "file_path": "/data/shapenet_blender/all_50_random/02958343/5a9a67bb92fbfca3b1bb46d2556ba67d/r_11",
            "rotation": 0.12566370614359174,
            "transform_matrix": [
                [
                    -0.5315738320350647,
                    -0.46093547344207764,
                    0.7106107473373413,
                    2.8645637035369873
                ],
                [
                    0.847011923789978,
                    -0.28927719593048096,
                    0.44597023725509644,
                    1.797763705253601
                ],
                [
                    -1.4901161193847656e-08,
                    0.8389619588851929,
                    0.5441899299621582,
                    2.193700075149536
                ],
                [
                    0.0,
                    0.0,
                    0.0,
                    1.0
                ]
            ]
        },
        {
            "file_path": "/data/shapenet_blender/all_50_random/02958343/5a9a67bb92fbfca3b1bb46d2556ba67d/r_12",
            "rotation": 0.12566370614359174,
            "transform_matrix": [
                [
                    -0.5800289511680603,
                    -0.29985377192497253,
                    -0.7573994994163513,
                    -3.0531749725341797
                ],
                [
                    -0.8145957589149475,
                    0.2135094553232193,
                    0.5393026471138,
                    2.1739985942840576
                ],
                [
                    1.4901160305669237e-08,
                    0.9297856092453003,
                    -0.3681013584136963,
                    -1.4838640689849854
                ],
                [
                    0.0,
                    0.0,
                    0.0,
                    1.0
                ]
            ]
        },
        {
            "file_path": "/data/shapenet_blender/all_50_random/02958343/5a9a67bb92fbfca3b1bb46d2556ba67d/r_13",
            "rotation": 0.12566370614359174,
            "transform_matrix": [
                [
                    -0.9182062745094299,
                    0.18919751048088074,
                    -0.34799638390541077,
                    -1.4028184413909912
                ],
                [
                    -0.39610251784324646,
                    -0.4385792315006256,
                    0.8066913485527039,
                    3.2518770694732666
                ],
                [
                    0.0,
                    0.8785513639450073,
                    0.4776478111743927,
                    1.9254599809646606
                ],
                [
                    0.0,
                    0.0,
                    0.0,
                    1.0
                ]
            ]
        },
        {
            "file_path": "/data/shapenet_blender/all_50_random/02958343/5a9a67bb92fbfca3b1bb46d2556ba67d/r_14",
            "rotation": 0.12566370614359174,
            "transform_matrix": [
                [
                    -0.897321879863739,
                    0.018812907859683037,
                    0.4409756660461426,
                    1.7776297330856323
                ],
                [
                    0.44137680530548096,
                    0.0382467620074749,
                    0.8965063691139221,
                    3.6139328479766846
                ],
                [
                    1.862645371275562e-09,
                    0.9990911483764648,
                    -0.04262324050068855,
                    -0.1718197762966156
                ],
                [
                    0.0,
                    0.0,
                    0.0,
                    1.0
                ]
            ]
        },
        {
            "file_path": "/data/shapenet_blender/all_50_random/02958343/5a9a67bb92fbfca3b1bb46d2556ba67d/r_15",
            "rotation": 0.12566370614359174,
            "transform_matrix": [
                [
                    0.6446547508239746,
                    -0.10699183493852615,
                    0.7569496631622314,
                    3.0513620376586914
                ],
                [
                    0.7644738554954529,
                    0.09022258222103119,
                    -0.6383099555969238,
                    -2.5731098651885986
                ],
                [
                    0.0,
                    0.9901578426361084,
                    0.13995486497879028,
                    0.5641761422157288
                ],
                [
                    0.0,
                    0.0,
                    0.0,
                    1.0
                ]
            ]
        },
        {
            "file_path": "/data/shapenet_blender/all_50_random/02958343/5a9a67bb92fbfca3b1bb46d2556ba67d/r_16",
            "rotation": 0.12566370614359174,
            "transform_matrix": [
                [
                    0.34383341670036316,
                    -0.07300004363059998,
                    0.9361889362335205,
                    3.773897886276245
                ],
                [
                    0.939030647277832,
                    0.026729535311460495,
                    -0.34279289841651917,
                    -1.3818422555923462
                ],
                [
                    1.8626449271863521e-09,
                    0.9969736933708191,
                    0.07773978263139725,
                    0.31337904930114746
                ],
                [
                    0.0,
                    0.0,
                    0.0,
                    1.0
                ]
            ]
        },
        {
            "file_path": "/data/shapenet_blender/all_50_random/02958343/5a9a67bb92fbfca3b1bb46d2556ba67d/r_17",
            "rotation": 0.12566370614359174,
            "transform_matrix": [
                [
                    0.0024463192094117403,
                    0.9605612754821777,
                    0.2780574858188629,
                    1.1208856105804443
                ],
                [
                    0.9999970197677612,
                    -0.0023498462978750467,
                    -0.0006802193820476532,
                    -0.0027420520782470703
                ],
                [
                    -5.820766091346741e-11,
                    0.2780582010746002,
                    -0.9605641961097717,
                    -3.8721580505371094
                ],
                [
                    0.0,
                    0.0,
                    0.0,
                    1.0
                ]
            ]
        },
        {
            "file_path": "/data/shapenet_blender/all_50_random/02958343/5a9a67bb92fbfca3b1bb46d2556ba67d/r_18",
            "rotation": 0.12566370614359174,
            "transform_matrix": [
                [
                    -0.5317357778549194,
                    0.1919068694114685,
                    0.8248810768127441,
                    3.325201988220215
                ],
                [
                    0.846910297870636,
                    0.12048943340778351,
                    0.5179046392440796,
                    2.087740421295166
                ],
                [
                    0.0,
                    0.9739887714385986,
                    -0.22659644484519958,
                    -0.9134395122528076
                ],
                [
                    0.0,
                    0.0,
                    0.0,
                    1.0
                ]
            ]
        },
        {
            "file_path": "/data/shapenet_blender/all_50_random/02958343/5a9a67bb92fbfca3b1bb46d2556ba67d/r_19",
            "rotation": 0.12566370614359174,
            "transform_matrix": [
                [
                    -0.5465092062950134,
                    -0.26444360613822937,
                    0.7946050763130188,
                    3.203155517578125
                ],
                [
                    0.8374531269073486,
                    -0.17257188260555267,
                    0.5185472369194031,
                    2.0903308391571045
                ],
                [
                    -1.4901161193847656e-08,
                    0.9488354325294495,
                    0.3157711923122406,
                    1.2729144096374512
                ],
                [
                    0.0,
                    0.0,
                    0.0,
                    1.0
                ]
            ]
        },
        {
            "file_path": "/data/shapenet_blender/all_50_random/02958343/5a9a67bb92fbfca3b1bb46d2556ba67d/r_20",
            "rotation": 0.12566370614359174,
            "transform_matrix": [
                [
                    -0.5832756757736206,
                    -0.6275209188461304,
                    -0.5157586336135864,
                    -2.079089641571045
                ],
                [
                    -0.8122743368148804,
                    0.450608491897583,
                    0.3703545331954956,
                    1.4929468631744385
                ],
                [
                    -1.4901161193847656e-08,
                    0.6349562406539917,
                    -0.7725480794906616,
                    -3.114240884780884
                ],
                [
                    0.0,
                    0.0,
                    0.0,
                    1.0
                ]
            ]
        },
        {
            "file_path": "/data/shapenet_blender/all_50_random/02958343/5a9a67bb92fbfca3b1bb46d2556ba67d/r_21",
            "rotation": 0.12566370614359174,
            "transform_matrix": [
                [
                    -0.9602344036102295,
                    0.2437611073255539,
                    0.13612684607505798,
                    0.5487448573112488
                ],
                [
                    0.27919530868530273,
                    0.8383657932281494,
                    0.4681801199913025,
                    1.8872942924499512
                ],
                [
                    7.450580596923828e-09,
                    0.4875686466693878,
                    -0.8730846643447876,
                    -3.519516706466675
                ],
                [
                    0.0,
                    0.0,
                    0.0,
                    1.0
                ]
            ]
        },
        {
            "file_path": "/data/shapenet_blender/all_50_random/02958343/5a9a67bb92fbfca3b1bb46d2556ba67d/r_22",
            "rotation": 0.12566370614359174,
            "transform_matrix": [
                [
                    0.9964444637298584,
                    -0.04689018428325653,
                    -0.06999820470809937,
                    -0.2821717858314514
                ],
                [
                    -0.08425223082304001,
                    -0.554566502571106,
                    -0.8278632760047913,
                    -3.337223529815674
                ],
                [
                    0.0,
                    0.8308172821998596,
                    -0.5565453171730042,
                    -2.2435059547424316
                ],
                [
                    0.0,
                    0.0,
                    0.0,
                    1.0
                ]
            ]
        },
        {
            "file_path": "/data/shapenet_blender/all_50_random/02958343/5a9a67bb92fbfca3b1bb46d2556ba67d/r_23",
            "rotation": 0.12566370614359174,
            "transform_matrix": [
                [
                    -0.6403838396072388,
                    0.3837718367576599,
                    -0.6653026938438416,
                    -2.6819210052490234
                ],
                [
                    -0.7680550217628479,
                    -0.3199787437915802,
                    0.5547116994857788,
                    2.236114501953125
                ],
                [
                    0.0,
                    0.8662174940109253,
                    0.49966707825660706,
                    2.0142223834991455
                ],
                [
                    0.0,
                    0.0,
                    0.0,
                    1.0
                ]
            ]
        },
        {
            "file_path": "/data/shapenet_blender/all_50_random/02958343/5a9a67bb92fbfca3b1bb46d2556ba67d/r_24",
            "rotation": 0.12566370614359174,
            "transform_matrix": [
                [
                    0.8613783121109009,
                    -0.43543243408203125,
                    0.2615835666656494,
                    1.0544772148132324
                ],
                [
                    0.5079639554023743,
                    0.7383832335472107,
                    -0.4435795545578003,
                    -1.7881264686584473
                ],
                [
                    0.0,
                    0.5149648785591125,
                    0.8572112321853638,
                    3.45552921295166
                ],
                [
                    0.0,
                    0.0,
                    0.0,
                    1.0
                ]
            ]
        },
        {
            "file_path": "/data/shapenet_blender/all_50_random/02958343/5a9a67bb92fbfca3b1bb46d2556ba67d/r_25",
            "rotation": 0.12566370614359174,
            "transform_matrix": [
                [
                    0.28473716974258423,
                    0.0001736407430144027,
                    -0.9586055874824524,
                    -3.864262819290161
                ],
                [
                    -0.9586055874824524,
                    5.157698251423426e-05,
                    -0.2847371995449066,
                    -1.1478123664855957
                ],
                [
                    3.6379785902512785e-12,
                    0.9999999403953552,
                    0.00018113887927029282,
                    0.0007301941514015198
                ],
                [
                    0.0,
                    0.0,
                    0.0,
                    1.0
                ]
            ]
        },
        {
            "file_path": "/data/shapenet_blender/all_50_random/02958343/5a9a67bb92fbfca3b1bb46d2556ba67d/r_26",
            "rotation": 0.12566370614359174,
            "transform_matrix": [
                [
                    0.6698654294013977,
                    -0.7189127802848816,
                    0.18559278547763824,
                    0.7481484413146973
                ],
                [
                    0.7424824237823486,
                    0.6486009359359741,
                    -0.1674412488937378,
                    -0.6749772429466248
                ],
                [
                    0.0,
                    0.24996235966682434,
                    0.9682554602622986,
                    3.903162717819214
                ],
                [
                    0.0,
                    0.0,
                    0.0,
                    1.0
                ]
            ]
        },
        {
            "file_path": "/data/shapenet_blender/all_50_random/02958343/5a9a67bb92fbfca3b1bb46d2556ba67d/r_27",
            "rotation": 0.12566370614359174,
            "transform_matrix": [
                [
                    0.17890501022338867,
                    -0.8000808358192444,
                    0.5725938677787781,
                    2.308199644088745
                ],
                [
                    0.983866274356842,
                    0.14548569917678833,
                    -0.10411975532770157,
                    -0.4197201728820801
                ],
                [
                    0.0,
                    0.5819833278656006,
                    0.8132006525993347,
                    3.2781167030334473
                ],
                [
                    0.0,
                    0.0,
                    0.0,
                    1.0
                ]
            ]
        },
        {
            "file_path": "/data/shapenet_blender/all_50_random/02958343/5a9a67bb92fbfca3b1bb46d2556ba67d/r_28",
            "rotation": 0.12566370614359174,
            "transform_matrix": [
                [
                    0.809893012046814,
                    0.4023999869823456,
                    -0.4267875850200653,
                    -1.7204358577728271
                ],
                [
                    -0.5865777134895325,
                    0.5555971264839172,
                    -0.5892692804336548,
                    -2.3754208087921143
                ],
                [
                    0.0,
                    0.7275891900062561,
                    0.6860129833221436,
                    2.765407085418701
                ],
                [
                    0.0,
                    0.0,
                    0.0,
                    1.0
                ]
            ]
        },
        {
            "file_path": "/data/shapenet_blender/all_50_random/02958343/5a9a67bb92fbfca3b1bb46d2556ba67d/r_29",
            "rotation": 0.12566370614359174,
            "transform_matrix": [
                [
                    -0.9595604538917542,
                    -0.009912228211760521,
                    -0.28132808208465576,
                    -1.1340699195861816
                ],
                [
                    -0.28150269389152527,
                    0.033787887543439865,
                    0.9589653015136719,
                    3.865713119506836
                ],
                [
                    -9.31322685637781e-10,
                    0.9993797540664673,
                    -0.03521183878183365,
                    -0.14194348454475403
                ],
                [
                    0.0,
                    0.0,
                    0.0,
                    1.0
                ]
            ]
        },
        {
            "file_path": "/data/shapenet_blender/all_50_random/02958343/5a9a67bb92fbfca3b1bb46d2556ba67d/r_30",
            "rotation": 0.12566370614359174,
            "transform_matrix": [
                [
                    -0.1649492383003235,
                    -0.0778706818819046,
                    -0.9832231998443604,
                    -3.9634995460510254
                ],
                [
                    -0.9863020181655884,
                    0.013023100793361664,
                    0.16443434357643127,
                    0.6628560423851013
                ],
                [
                    0.0,
                    0.996878445148468,
                    -0.07895215600728989,
                    -0.3182663321495056
                ],
                [
                    0.0,
                    0.0,
                    0.0,
                    1.0
                ]
            ]
        },
        {
            "file_path": "/data/shapenet_blender/all_50_random/02958343/5a9a67bb92fbfca3b1bb46d2556ba67d/r_31",
            "rotation": 0.12566370614359174,
            "transform_matrix": [
                [
                    0.13458269834518433,
                    -0.8757813572883606,
                    -0.46356725692749023,
                    -1.868699312210083
                ],
                [
                    -0.9909024238586426,
                    -0.11894714832305908,
                    -0.0629609227180481,
                    -0.2538036108016968
                ],
                [
                    0.0,
                    0.4678232967853546,
                    -0.883821964263916,
                    -3.562800168991089
                ],
                [
                    0.0,
                    0.0,
                    0.0,
                    1.0
                ]
            ]
        },
        {
            "file_path": "/data/shapenet_blender/all_50_random/02958343/5a9a67bb92fbfca3b1bb46d2556ba67d/r_32",
            "rotation": 0.12566370614359174,
            "transform_matrix": [
                [
                    0.9978184103965759,
                    0.0029276011046022177,
                    -0.06595394015312195,
                    -0.2658688426017761
                ],
                [
                    -0.06601888686418533,
                    0.04424816370010376,
                    -0.9968368411064148,
                    -4.018377780914307
                ],
                [
                    0.0,
                    0.999016284942627,
                    0.044344909489154816,
                    0.17876005172729492
                ],
                [
                    0.0,
                    0.0,
                    0.0,
                    1.0
                ]
            ]
        },
        {
            "file_path": "/data/shapenet_blender/all_50_random/02958343/5a9a67bb92fbfca3b1bb46d2556ba67d/r_33",
            "rotation": 0.12566370614359174,
            "transform_matrix": [
                [
                    0.6018790602684021,
                    0.4590441584587097,
                    0.6534676551818848,
                    2.6342124938964844
                ],
                [
                    0.7985872626304626,
                    -0.34597232937812805,
                    -0.49250540137290955,
                    -1.9853527545928955
                ],
                [
                    0.0,
                    0.8182796835899353,
                    -0.5748202800750732,
                    -2.3171746730804443
                ],
                [
                    0.0,
                    0.0,
                    0.0,
                    1.0
                ]
            ]
        },
        {
            "file_path": "/data/shapenet_blender/all_50_random/02958343/5a9a67bb92fbfca3b1bb46d2556ba67d/r_34",
            "rotation": 0.12566370614359174,
            "transform_matrix": [
                [
                    -0.6995471119880676,
                    0.0731901228427887,
                    -0.710828423500061,
                    -2.865441083908081
                ],
                [
                    -0.7145864963531494,
                    -0.07164973765611649,
                    0.6958681344985962,
                    2.8051340579986572
                ],
                [
                    3.725290298461914e-09,
                    0.9947409629821777,
                    0.10242302715778351,
                    0.41288042068481445
                ],
                [
                    0.0,
                    0.0,
                    0.0,
                    1.0
                ]
            ]
        },
        {
            "file_path": "/data/shapenet_blender/all_50_random/02958343/5a9a67bb92fbfca3b1bb46d2556ba67d/r_35",
            "rotation": 0.12566370614359174,
            "transform_matrix": [
                [
                    -0.5799380540847778,
                    -0.09631294757127762,
                    -0.8089471459388733,
                    -3.2609705924987793
                ],
                [
                    -0.8146606087684631,
                    0.06856296211481094,
                    0.5758708119392395,
                    2.3214097023010254
                ],
                [
                    0.0,
                    0.9929867386817932,
                    -0.11822463572025299,
                    -0.4765787720680237
                ],
                [
                    0.0,
                    0.0,
                    0.0,
                    1.0
                ]
            ]
        },
        {
            "file_path": "/data/shapenet_blender/all_50_random/02958343/5a9a67bb92fbfca3b1bb46d2556ba67d/r_36",
            "rotation": 0.12566370614359174,
            "transform_matrix": [
                [
                    -0.05542856082320213,
                    -0.2898009121417999,
                    0.9554805159568787,
                    3.8516652584075928
                ],
                [
                    0.9984626770019531,
                    -0.016087980940937996,
                    0.0530424527823925,
                    0.21382096409797668
                ],
                [
                    9.313225746154785e-10,
                    0.9569517374038696,
                    0.2902471125125885,
                    1.1700235605239868
                ],
                [
                    0.0,
                    0.0,
                    0.0,
                    1.0
                ]
            ]
        },
        {
            "file_path": "/data/shapenet_blender/all_50_random/02958343/5a9a67bb92fbfca3b1bb46d2556ba67d/r_37",
            "rotation": 0.12566370614359174,
            "transform_matrix": [
                [
                    0.9979603290557861,
                    0.03359181061387062,
                    0.054285261780023575,
                    0.2188308835029602
                ],
                [
                    0.06383807957172394,
                    -0.5251300930976868,
                    -0.8486242294311523,
                    -3.4209136962890625
                ],
                [
                    0.0,
                    0.850358784198761,
                    -0.526203453540802,
                    -2.1211938858032227
                ],
                [
                    0.0,
                    0.0,
                    0.0,
                    1.0
                ]
            ]
        },
        {
            "file_path": "/data/shapenet_blender/all_50_random/02958343/5a9a67bb92fbfca3b1bb46d2556ba67d/r_38",
            "rotation": 0.12566370614359174,
            "transform_matrix": [
                [
                    -0.9505860805511475,
                    0.1187601312994957,
                    0.2868485748767853,
                    1.1563236713409424
                ],
                [
                    0.3104610741138458,
                    0.36362597346305847,
                    0.8782880306243896,
                    3.540492534637451
                ],
                [
                    7.450580596923828e-09,
                    0.9239436984062195,
                    -0.3825281858444214,
                    -1.542020559310913
                ],
                [
                    0.0,
                    0.0,
                    0.0,
                    1.0
                ]
            ]
        },
        {
            "file_path": "/data/shapenet_blender/all_50_random/02958343/5a9a67bb92fbfca3b1bb46d2556ba67d/r_39",
            "rotation": 0.12566370614359174,
            "transform_matrix": [
                [
                    -0.48558828234672546,
                    -0.2626451551914215,
                    0.8337993621826172,
                    3.3611528873443604
                ],
                [
                    0.8741875290870667,
                    -0.14589251577854156,
                    0.4631537199020386,
                    1.867032527923584
                ],
                [
                    7.450580152834618e-09,
                    0.9537991285324097,
                    0.3004448413848877,
                    1.2111320495605469
                ],
                [
                    0.0,
                    0.0,
                    0.0,
                    1.0
                ]
            ]
        },
        {
            "file_path": "/data/shapenet_blender/all_50_random/02958343/5a9a67bb92fbfca3b1bb46d2556ba67d/r_40",
            "rotation": 0.12566370614359174,
            "transform_matrix": [
                [
                    0.857896089553833,
                    0.3334546983242035,
                    0.39092499017715454,
                    1.575869083404541
                ],
                [
                    0.513823390007019,
                    -0.5567467212677002,
                    -0.6527010202407837,
                    -2.631121873855591
                ],
                [
                    -1.4901162970204496e-08,
                    0.7608159184455872,
                    -0.6489676237106323,
                    -2.616072177886963
                ],
                [
                    0.0,
                    0.0,
                    0.0,
                    1.0
                ]
            ]
        },
        {
            "file_path": "/data/shapenet_blender/all_50_random/02958343/5a9a67bb92fbfca3b1bb46d2556ba67d/r_41",
            "rotation": 0.12566370614359174,
            "transform_matrix": [
                [
                    0.9646826386451721,
                    -0.14071504771709442,
                    -0.22268104553222656,
                    -0.8976560235023499
                ],
                [
                    -0.26341524720191956,
                    -0.5153284072875977,
                    -0.8155053853988647,
                    -3.287407398223877
                ],
                [
