{
    "class": "02958343",
    "model": "ce8dae15de55bc57ec96068985a57399",
    "remove_doubles": true,
    "edge_split": true,
    "denoise": true,
    "camera_angle_x": 0.6911112070083618,
    "scale_factor": 2.180611356163712,
    "hdri_file": "/data/IndoorHDRDataset2018/9C4A7349-2a97cb8d20.exr",
    "center_offset": [
        0.0,
        -4.656612873077393e-10,
        -4.656612873077393e-10
    ],
    "lights": [],
    "frames": [
        {
            "file_path": "/data/shapenet_blender/all_50_random/02958343/ce8dae15de55bc57ec96068985a57399/r_0",
            "rotation": 0.12566370614359174,
            "transform_matrix": [
                [
                    -0.3114670515060425,
                    -0.5292974710464478,
                    0.7891973257064819,
                    3.181356191635132
                ],
                [
                    0.9502570629119873,
                    -0.1734885573387146,
                    0.25867629051208496,
                    1.042757511138916
                ],
                [
                    0.0,
                    0.8305094242095947,
                    0.5570045709609985,
                    2.2453572750091553
                ],
                [
                    0.0,
                    0.0,
                    0.0,
                    1.0
                ]
            ]
        },
        {
            "file_path": "/data/shapenet_blender/all_50_random/02958343/ce8dae15de55bc57ec96068985a57399/r_1",
            "rotation": 0.12566370614359174,
            "transform_matrix": [
                [
                    -0.9965657591819763,
                    -0.07049258053302765,
                    -0.04344566538929939,
                    -0.17513507604599
                ],
                [
                    -0.08280538022518158,
                    0.8483808040618896,
                    0.5228701233863831,
                    2.1077568531036377
                ],
                [
                    0.0,
                    0.5246719121932983,
                    -0.8513044714927673,
                    -3.431717872619629
                ],
                [
                    0.0,
                    0.0,
                    0.0,
                    1.0
                ]
            ]
        },
        {
            "file_path": "/data/shapenet_blender/all_50_random/02958343/ce8dae15de55bc57ec96068985a57399/r_2",
            "rotation": 0.12566370614359174,
            "transform_matrix": [
                [
                    0.6502564549446106,
                    0.6342155933380127,
                    -0.4182548224925995,
                    -1.6860392093658447
                ],
                [
                    -0.7597148418426514,
                    0.542838990688324,
                    -0.3579934239387512,
                    -1.4431177377700806
                ],
                [
                    1.4901161193847656e-08,
                    0.5505419373512268,
                    0.8348074555397034,
                    3.3652167320251465
                ],
                [
                    0.0,
                    0.0,
                    0.0,
                    1.0
                ]
            ]
        },
        {
            "file_path": "/data/shapenet_blender/all_50_random/02958343/ce8dae15de55bc57ec96068985a57399/r_3",
            "rotation": 0.12566370614359174,
            "transform_matrix": [
                [
                    0.566390335559845,
                    0.3434857428073883,
                    -0.7491458654403687,
                    -3.0199036598205566
                ],
                [
                    -0.8241370916366577,
                    0.2360614687204361,
                    -0.5148524045944214,
                    -2.0754363536834717
                ],
                [
                    0.0,
                    0.9090062379837036,
                    0.41678231954574585,
                    1.6801033020019531
                ],
                [
                    0.0,
                    0.0,
                    0.0,
                    1.0
                ]
            ]
        },
        {
            "file_path": "/data/shapenet_blender/all_50_random/02958343/ce8dae15de55bc57ec96068985a57399/r_4",
            "rotation": 0.12566370614359174,
            "transform_matrix": [
                [
                    0.9927191734313965,
                    0.024910902604460716,
                    0.11784828454256058,
                    0.47506165504455566
                ],
                [
                    0.12045237421989441,
                    -0.20530547201633453,
                    -0.9712573289871216,
                    -3.9152636528015137
                ],
                [
                    1.862645149230957e-09,
                    0.9783808588981628,
                    -0.20681123435497284,
                    -0.8336828351020813
                ],
                [
                    0.0,
                    0.0,
                    0.0,
                    1.0
                ]
            ]
        },
        {
            "file_path": "/data/shapenet_blender/all_50_random/02958343/ce8dae15de55bc57ec96068985a57399/r_5",
            "rotation": 0.12566370614359174,
            "transform_matrix": [
                [
                    0.8860425353050232,
                    0.3403414785861969,
                    0.3147954046726227,
                    1.268980860710144
                ],
                [
                    0.46360382437705994,
                    -0.650462806224823,
                    -0.6016389727592468,
                    -2.4252843856811523
                ],
                [
                    1.4901161193847656e-08,
                    0.6790180802345276,
                    -0.7341214418411255,
                    -2.9593381881713867
                ],
                [
                    0.0,
                    0.0,
                    0.0,
                    1.0
                ]
            ]
        },
        {
            "file_path": "/data/shapenet_blender/all_50_random/02958343/ce8dae15de55bc57ec96068985a57399/r_6",
            "rotation": 0.12566370614359174,
            "transform_matrix": [
                [
                    0.502458393573761,
                    0.31850382685661316,
                    -0.803797721862793,
                    -3.2402122020721436
                ],
                [
                    -0.8646013140678406,
                    0.18509680032730103,
                    -0.46712276339530945,
                    -1.8830320835113525
                ],
                [
                    0.0,
                    0.9296743869781494,
                    0.3683823049068451,
                    1.4849965572357178
                ],
                [
                    0.0,
                    0.0,
                    0.0,
                    1.0
                ]
            ]
        },
        {
            "file_path": "/data/shapenet_blender/all_50_random/02958343/ce8dae15de55bc57ec96068985a57399/r_7",
            "rotation": 0.12566370614359174,
            "transform_matrix": [
                [
                    -0.18103419244289398,
                    0.30869752168655396,
                    -0.9337732791900635,
                    -3.764159917831421
                ],
                [
                    -0.9834768176078796,
                    -0.056823719292879105,
                    0.17188498377799988,
                    0.692890465259552
                ],
                [
                    -3.725290076417309e-09,
                    0.9494612812995911,
                    0.3138839900493622,
                    1.2653067111968994
                ],
                [
                    0.0,
                    0.0,
                    0.0,
                    1.0
                ]
            ]
        },
        {
            "file_path": "/data/shapenet_blender/all_50_random/02958343/ce8dae15de55bc57ec96068985a57399/r_8",
            "rotation": 0.12566370614359174,
            "transform_matrix": [
                [
                    -0.5027351379394531,
                    -0.45667240023612976,
                    -0.7339670062065125,
                    -2.9587156772613525
                ],
                [
                    -0.864440381526947,
                    0.26558831334114075,
                    0.4268553853034973,
                    1.7207090854644775
                ],
                [
                    0.0,
                    0.8490660190582275,
                    -0.5282866954803467,
                    -2.129591703414917
                ],
                [
                    0.0,
                    0.0,
                    0.0,
                    1.0
                ]
            ]
        },
        {
            "file_path": "/data/shapenet_blender/all_50_random/02958343/ce8dae15de55bc57ec96068985a57399/r_9",
            "rotation": 0.12566370614359174,
            "transform_matrix": [
                [
                    -0.8492828011512756,
                    -0.46597686409950256,
                    0.24816200137138367,
                    1.0003730058670044
                ],
                [
                    0.5279383063316345,
                    -0.749606728553772,
                    0.3992127478122711,
                    1.6092780828475952
                ],
                [
                    0.0,
                    0.4700586497783661,
                    0.8826351165771484,
                    3.558016061782837
                ],
                [
                    0.0,
                    0.0,
                    0.0,
                    1.0
                ]
            ]
        },
        {
            "file_path": "/data/shapenet_blender/all_50_random/02958343/ce8dae15de55bc57ec96068985a57399/r_10",
            "rotation": 0.12566370614359174,
            "transform_matrix": [
                [
                    0.28977692127227783,
                    -0.9147200584411621,
                    0.2816317081451416,
                    1.13529372215271
                ],
                [
                    0.9570942521095276,
                    0.2769474387168884,
                    -0.08526890724897385,
                    -0.34372997283935547
                ],
                [
                    0.0,
                    0.29425695538520813,
                    0.9557262659072876,
                    3.8526558876037598
                ],
                [
                    0.0,
                    0.0,
                    0.0,
                    1.0
                ]
            ]
        },
        {
            "file_path": "/data/shapenet_blender/all_50_random/02958343/ce8dae15de55bc57ec96068985a57399/r_11",
            "rotation": 0.12566370614359174,
            "transform_matrix": [
                [
                    -0.31765440106391907,
                    0.6752516627311707,
                    0.6656806468963623,
                    2.6834444999694824
                ],
                [
                    0.9482064843177795,
                    0.2262130230665207,
                    0.2230066955089569,
                    0.8989686965942383
                ],
                [
                    1.4901160305669237e-08,
                    0.702041745185852,
                    -0.7121356725692749,
                    -2.870710611343384
                ],
                [
                    0.0,
                    0.0,
                    0.0,
                    1.0
                ]
            ]
        },
        {
            "file_path": "/data/shapenet_blender/all_50_random/02958343/ce8dae15de55bc57ec96068985a57399/r_12",
            "rotation": 0.12566370614359174,
            "transform_matrix": [
                [
                    -0.7300868034362793,
                    -0.6778090596199036,
                    -0.08688020706176758,
                    -0.3502253293991089
                ],
                [
                    -0.6833544373512268,
                    0.724162220954895,
                    0.09282165765762329,
                    0.3741760849952698
                ],
                [
                    0.0,
                    0.12713764607906342,
                    -0.9918850660324097,
                    -3.9984166622161865
                ],
                [
                    0.0,
                    0.0,
                    0.0,
                    1.0
                ]
            ]
        },
        {
            "file_path": "/data/shapenet_blender/all_50_random/02958343/ce8dae15de55bc57ec96068985a57399/r_13",
            "rotation": 0.12566370614359174,
            "transform_matrix": [
                [
                    -0.863206148147583,
                    0.16294117271900177,
                    -0.4778340756893158,
                    -1.9262107610702515
                ],
                [
                    -0.5048516988754272,
                    -0.2786002457141876,
                    0.8170108199119568,
                    3.293475866317749
                ],
                [
                    0.0,
                    0.9464841485023499,
                    0.3227505385875702,
                    1.301048994064331
                ],
                [
                    0.0,
                    0.0,
                    0.0,
                    1.0
                ]
            ]
        },
        {
            "file_path": "/data/shapenet_blender/all_50_random/02958343/ce8dae15de55bc57ec96068985a57399/r_14",
            "rotation": 0.12566370614359174,
            "transform_matrix": [
                [
                    0.7696499228477478,
                    0.4956418573856354,
                    -0.40246495604515076,
                    -1.6223881244659424
                ],
                [
                    -0.6384660005569458,
                    0.597480058670044,
                    -0.48515835404396057,
                    -1.9557359218597412
                ],
                [
                    0.0,
                    0.6303622126579285,
                    0.7763010859489441,
                    3.1293697357177734
                ],
                [
                    0.0,
                    0.0,
                    0.0,
                    1.0
                ]
            ]
        },
        {
            "file_path": "/data/shapenet_blender/all_50_random/02958343/ce8dae15de55bc57ec96068985a57399/r_15",
            "rotation": 0.12566370614359174,
            "transform_matrix": [
                [
                    -0.843710720539093,
                    -0.3675588369369507,
                    -0.3912193775177002,
                    -1.577055811882019
                ],
                [
                    -0.5367980003356934,
                    0.5777095556259155,
                    0.6148979067802429,
                    2.4787328243255615
                ],
                [
                    1.4901161193847656e-08,
                    0.7288017868995667,
                    -0.6847246289253235,
                    -2.7602133750915527
                ],
                [
                    0.0,
                    0.0,
                    0.0,
                    1.0
                ]
            ]
        },
        {
            "file_path": "/data/shapenet_blender/all_50_random/02958343/ce8dae15de55bc57ec96068985a57399/r_16",
            "rotation": 0.12566370614359174,
            "transform_matrix": [
                [
                    -0.23178808391094208,
                    0.7893644571304321,
                    0.5684874653816223,
                    2.2916464805603027
                ],
                [
                    0.9727663397789001,
                    0.188087597489357,
                    0.13545763492584229,
                    0.5460472702980042
                ],
                [
                    7.450580596923828e-09,
                    0.5844029188156128,
                    -0.8114635348320007,
                    -3.2711143493652344
                ],
                [
                    0.0,
                    0.0,
                    0.0,
                    1.0
                ]
            ]
        },
        {
            "file_path": "/data/shapenet_blender/all_50_random/02958343/ce8dae15de55bc57ec96068985a57399/r_17",
            "rotation": 0.12566370614359174,
            "transform_matrix": [
                [
                    0.9545361399650574,
                    0.04944043233990669,
                    -0.2939664125442505,
                    -1.1850166320800781
                ],
                [
                    -0.2980949580669403,
                    0.15831422805786133,
                    -0.9413160085678101,
                    -3.7945663928985596
                ],
                [
                    0.0,
                    0.9861501455307007,
                    0.16585460305213928,
                    0.6685813665390015
                ],
                [
                    0.0,
                    0.0,
                    0.0,
                    1.0
                ]
            ]
        },
        {
            "file_path": "/data/shapenet_blender/all_50_random/02958343/ce8dae15de55bc57ec96068985a57399/r_18",
            "rotation": 0.12566370614359174,
            "transform_matrix": [
                [
                    0.13868148624897003,
                    -0.5711020827293396,
                    -0.8090795874595642,
                    -3.2615041732788086
                ],
                [
                    -0.9903369545936584,
                    -0.07997407764196396,
                    -0.1132991760969162,
                    -0.4567236006259918
                ],
                [
                    0.0,
                    0.8169739246368408,
                    -0.5766745209693909,
                    -2.3246493339538574
                ],
                [
                    0.0,
                    0.0,
                    0.0,
                    1.0
                ]
            ]
        },
        {
            "file_path": "/data/shapenet_blender/all_50_random/02958343/ce8dae15de55bc57ec96068985a57399/r_19",
            "rotation": 0.12566370614359174,
            "transform_matrix": [
                [
                    -0.9833459854125977,
                    -0.036260686814785004,
                    0.17808952927589417,
                    0.7179019451141357
                ],
                [
                    0.1817435622215271,
                    -0.1961929202079773,
                    0.9635753631591797,
                    3.8842966556549072
                ],
                [
                    0.0,
                    0.9798945784568787,
                    0.19951564073562622,
                    0.8042733073234558
                ],
                [
                    0.0,
                    0.0,
                    0.0,
                    1.0
                ]
            ]
        },
        {
            "file_path": "/data/shapenet_blender/all_50_random/02958343/ce8dae15de55bc57ec96068985a57399/r_20",
            "rotation": 0.12566370614359174,
            "transform_matrix": [
                [
                    -0.19510915875434875,
                    0.14764824509620667,
                    -0.9696041941642761,
                    -3.908599615097046
                ],
                [
                    -0.980781614780426,
                    -0.02937200665473938,
                    0.1928855925798416,
                    0.7775467038154602
                ],
                [
                    -1.862645371275562e-09,
                    0.9886037111282349,
                    0.15054142475128174,
                    0.6068518757820129
                ],
                [
                    0.0,
                    0.0,
                    0.0,
                    1.0
                ]
            ]
        },
        {
            "file_path": "/data/shapenet_blender/all_50_random/02958343/ce8dae15de55bc57ec96068985a57399/r_21",
            "rotation": 0.12566370614359174,
            "transform_matrix": [
                [
                    0.8705089092254639,
                    0.2766367793083191,
                    -0.4070459306240082,
                    -1.6408545970916748
                ],
                [
                    -0.49215272068977356,
                    0.48930904269218445,
                    -0.7199738621711731,
                    -2.9023075103759766
                ],
                [
                    1.4901161193847656e-08,
                    0.8270724415779114,
                    0.5620953440666199,
                    2.265878915786743
                ],
                [
                    0.0,
                    0.0,
                    0.0,
                    1.0
                ]
            ]
        },
        {
            "file_path": "/data/shapenet_blender/all_50_random/02958343/ce8dae15de55bc57ec96068985a57399/r_22",
            "rotation": 0.12566370614359174,
            "transform_matrix": [
                [
                    -0.5159620046615601,
                    0.00970511045306921,
                    0.8565563559532166,
                    3.4528894424438477
                ],
                [
                    0.8566113710403442,
                    0.005845671519637108,
                    0.5159288644790649,
                    2.0797760486602783
                ],
                [
                    0.0,
                    0.9999358057975769,
                    -0.011329651810228825,
                    -0.04567129164934158
                ],
                [
                    0.0,
                    0.0,
                    0.0,
                    1.0
                ]
            ]
        },
        {
            "file_path": "/data/shapenet_blender/all_50_random/02958343/ce8dae15de55bc57ec96068985a57399/r_23",
            "rotation": 0.12566370614359174,
            "transform_matrix": [
                [
                    -0.9162046909332275,
                    -0.21916592121124268,
                    -0.33546292781829834,
                    -1.3522943258285522
                ],
                [
                    -0.40071073174476624,
                    0.5011116862297058,
                    0.7670189142227173,
                    3.091952085494995
                ],
                [
                    -1.4901161193847656e-08,
                    0.8371698260307312,
                    -0.546942949295044,
                    -2.2047975063323975
                ],
                [
                    0.0,
                    0.0,
                    0.0,
                    1.0
                ]
            ]
        },
        {
            "file_path": "/data/shapenet_blender/all_50_random/02958343/ce8dae15de55bc57ec96068985a57399/r_24",
            "rotation": 0.12566370614359174,
            "transform_matrix": [
                [
                    0.9741772413253784,
                    0.22186033427715302,
                    0.04191260412335396,
                    0.16895511746406555
                ],
                [
                    0.225784569978714,
                    -0.9572456479072571,
                    -0.1808374524116516,
                    -0.7289791107177734
                ],
                [
                    0.0,
                    0.18563109636306763,
                    -0.9826195240020752,
                    -3.9610660076141357
                ],
                [
                    0.0,
                    0.0,
                    0.0,
                    1.0
                ]
            ]
        },
        {
            "file_path": "/data/shapenet_blender/all_50_random/02958343/ce8dae15de55bc57ec96068985a57399/r_25",
            "rotation": 0.12566370614359174,
            "transform_matrix": [
                [
                    -0.5473163723945618,
                    0.6222852468490601,
                    0.5596479177474976,
                    2.2560131549835205
                ],
                [
                    0.8369258046150208,
                    0.4069499671459198,
                    0.3659876585006714,
                    1.4753435850143433
                ],
                [
                    1.4901161193847656e-08,
                    0.668694794178009,
                    -0.7435368895530701,
                    -2.99729323387146
                ],
                [
                    0.0,
                    0.0,
                    0.0,
                    1.0
                ]
            ]
        },
        {
            "file_path": "/data/shapenet_blender/all_50_random/02958343/ce8dae15de55bc57ec96068985a57399/r_26",
            "rotation": 0.12566370614359174,
            "transform_matrix": [
                [
                    0.32594066858291626,
                    0.5072495341300964,
                    0.7977848649024963,
                    3.2159736156463623
                ],
                [
                    0.9453902840614319,
                    -0.17488358914852142,
                    -0.2750509977340698,
                    -1.1087660789489746
                ],
                [
                    -1.4901161193847656e-08,
                    0.8438682556152344,
                    -0.5365504026412964,
                    -2.1629037857055664
                ],
                [
                    0.0,
                    0.0,
                    0.0,
                    1.0
                ]
            ]
        },
        {
            "file_path": "/data/shapenet_blender/all_50_random/02958343/ce8dae15de55bc57ec96068985a57399/r_27",
            "rotation": 0.12566370614359174,
            "transform_matrix": [
                [
                    0.5663979649543762,
                    -0.30189546942710876,
                    -0.7668457627296448,
                    -3.091254234313965
                ],
                [
                    -0.8241318464279175,
                    -0.20748256146907806,
                    -0.5270271897315979,
                    -2.124514579772949
                ],
                [
                    0.0,
                    0.9304892420768738,
                    -0.36631935834884644,
                    -1.4766805171966553
                ],
                [
                    0.0,
                    0.0,
                    0.0,
                    1.0
                ]
            ]
        },
        {
            "file_path": "/data/shapenet_blender/all_50_random/02958343/ce8dae15de55bc57ec96068985a57399/r_28",
            "rotation": 0.12566370614359174,
            "transform_matrix": [
                [
                    0.9440804123878479,
                    -0.1399514228105545,
                    -0.29853931069374084,
                    -1.2034504413604736
                ],
                [
                    -0.32971516251564026,
                    -0.4007258415222168,
                    -0.854813814163208,
                    -3.445864677429199
                ],
                [
                    -7.450580596923828e-09,
                    0.9054458737373352,
                    -0.4244615137577057,
                    -1.7110590934753418
                ],
                [
                    0.0,
                    0.0,
                    0.0,
                    1.0
                ]
            ]
        },
        {
            "file_path": "/data/shapenet_blender/all_50_random/02958343/ce8dae15de55bc57ec96068985a57399/r_29",
            "rotation": 0.12566370614359174,
            "transform_matrix": [
                [
                    -0.8373029232025146,
                    -0.09293294697999954,
                    -0.5387831926345825,
                    -2.1719045639038086
                ],
                [
                    -0.5467392802238464,
                    0.14232198894023895,
                    0.8251185417175293,
                    3.3261592388153076
                ],
                [
                    0.0,
                    0.9854480028152466,
                    -0.16997672617435455,
                    -0.6851981282234192
                ],
                [
                    0.0,
                    0.0,
                    0.0,
                    1.0
                ]
            ]
        },
        {
            "file_path": "/data/shapenet_blender/all_50_random/02958343/ce8dae15de55bc57ec96068985a57399/r_30",
            "rotation": 0.12566370614359174,
            "transform_matrix": [
                [
                    0.826994776725769,
                    0.07634124159812927,
                    -0.5570024847984314,
                    -2.2453489303588867
                ],
                [
                    -0.5622097253799438,
                    0.11229582130908966,
                    -0.8193349838256836,
                    -3.302845001220703
                ],
                [
                    0.0,
                    0.9907378554344177,
                    0.13578784465789795,
                    0.5473783016204834
                ],
                [
                    0.0,
                    0.0,
                    0.0,
                    1.0
                ]
            ]
        },
        {
            "file_path": "/data/shapenet_blender/all_50_random/02958343/ce8dae15de55bc57ec96068985a57399/r_31",
            "rotation": 0.12566370614359174,
            "transform_matrix": [
                [
                    0.8284795880317688,
                    0.13250166177749634,
                    0.5441184639930725,
                    2.1934115886688232
                ],
                [
                    0.5600192546844482,
                    -0.19601988792419434,
                    -0.8049562573432922,
                    -3.244882583618164
                ],
                [
                    0.0,
                    0.9716066718101501,
                    -0.23660196363925934,
                    -0.953773021697998
                ],
                [
                    0.0,
                    0.0,
                    0.0,
                    1.0
                ]
            ]
        },
        {
            "file_path": "/data/shapenet_blender/all_50_random/02958343/ce8dae15de55bc57ec96068985a57399/r_32",
            "rotation": 0.12566370614359174,
            "transform_matrix": [
                [
                    0.979691743850708,
                    -0.18819333612918854,
                    0.06919203698635101,
                    0.27892202138900757
                ],
                [
                    0.20051005482673645,
                    0.9195123314857483,
                    -0.3380722105503082,
                    -1.3628126382827759
                ],
                [
                    7.450580596923828e-09,
                    0.34508025646209717,
                    0.9385731816291809,
                    3.7835094928741455
                ],
                [
                    0.0,
                    0.0,
                    0.0,
                    1.0
                ]
            ]
        },
        {
            "file_path": "/data/shapenet_blender/all_50_random/02958343/ce8dae15de55bc57ec96068985a57399/r_33",
            "rotation": 0.12566370614359174,
            "transform_matrix": [
                [
                    0.35557475686073303,
                    0.024475183337926865,
                    -0.934327244758606,
                    -3.7663938999176025
                ],
                [
                    -0.9346478581428528,
                    0.009311269037425518,
                    -0.3554527759552002,
                    -1.4328761100769043
                ],
                [
                    0.0,
                    0.9996569752693176,
                    0.02618653140962124,
                    0.10556129366159439
                ],
                [
                    0.0,
                    0.0,
                    0.0,
                    1.0
                ]
            ]
        },
        {
            "file_path": "/data/shapenet_blender/all_50_random/02958343/ce8dae15de55bc57ec96068985a57399/r_34",
            "rotation": 0.12566370614359174,
            "transform_matrix": [
                [
                    -0.9194159507751465,
                    0.3885324001312256,
                    0.060966357588768005,
                    0.24576322734355927
                ],
                [
                    0.3932865262031555,
                    0.9083018898963928,
                    0.14252571761608124,
                    0.5745395421981812
                ],
                [
                    3.7252898543727042e-09,
                    0.15501748025417328,
                    -0.9879117012023926,
                    -3.9823992252349854
                ],
                [
                    0.0,
                    0.0,
                    0.0,
                    1.0
                ]
            ]
        },
        {
            "file_path": "/data/shapenet_blender/all_50_random/02958343/ce8dae15de55bc57ec96068985a57399/r_35",
            "rotation": 0.12566370614359174,
            "transform_matrix": [
                [
                    -0.9848917126655579,
                    0.13134494423866272,
                    -0.11285831034183502,
                    -0.4549463987350464
                ],
                [
                    -0.17317186295986176,
                    -0.7470067143440247,
                    0.6418664455413818,
                    2.587446451187134
                ],
                [
                    0.0,
                    0.6517127752304077,
                    0.7584658265113831,
                    3.057473659515381
                ],
                [
                    0.0,
                    0.0,
                    0.0,
                    1.0
                ]
            ]
        },
        {
            "file_path": "/data/shapenet_blender/all_50_random/02958343/ce8dae15de55bc57ec96068985a57399/r_36",
            "rotation": 0.12566370614359174,
            "transform_matrix": [
                [
                    -0.08436816930770874,
                    0.8217688202857971,
                    0.5635406374931335,
                    2.271704912185669
                ],
                [
                    0.9964346885681152,
                    0.06957920640707016,
                    0.04771501570940018,
                    0.19234538078308105
                ],
                [
                    0.0,
                    0.565557062625885,
                    -0.8247091770172119,
                    -3.3245091438293457
                ],
                [
                    0.0,
                    0.0,
                    0.0,
                    1.0
                ]
            ]
        },
        {
            "file_path": "/data/shapenet_blender/all_50_random/02958343/ce8dae15de55bc57ec96068985a57399/r_37",
            "rotation": 0.12566370614359174,
            "transform_matrix": [
                [
                    0.8915752172470093,
                    0.4322352707386017,
                    0.13515342772006989,
                    0.5448209047317505
                ],
                [
                    0.4528728723526001,
                    -0.850945770740509,
                    -0.26607784628868103,
                    -1.0725940465927124
                ],
                [
                    7.450581485102248e-09,
                    0.2984357178211212,
                    -0.9544297456741333,
                    -3.8474292755126953
                ],
                [
                    0.0,
                    0.0,
                    0.0,
                    1.0
                ]
            ]
        },
        {
            "file_path": "/data/shapenet_blender/all_50_random/02958343/ce8dae15de55bc57ec96068985a57399/r_38",
            "rotation": 0.12566370614359174,
            "transform_matrix": [
                [
                    0.42245006561279297,
                    0.2325965166091919,
                    0.8760335445404053,
                    3.5314042568206787
                ],
                [
                    0.9063863158226013,
                    -0.10840898752212524,
                    -0.4083032011985779,
                    -1.6459228992462158
                ],
                [
                    0.0,
                    0.9665125012397766,
                    -0.2566196322441101,
                    -1.0344668626785278
                ],
                [
                    0.0,
                    0.0,
                    0.0,
                    1.0
                ]
            ]
        },
        {
            "file_path": "/data/shapenet_blender/all_50_random/02958343/ce8dae15de55bc57ec96068985a57399/r_39",
            "rotation": 0.12566370614359174,
            "transform_matrix": [
                [
                    -0.39998963475227356,
                    0.8785842657089233,
                    0.2609560489654541,
                    1.0519475936889648
                ],
                [
                    0.9165197014808655,
                    0.3834337592124939,
                    0.11388704180717468,
                    0.4590933918952942
                ],
                [
                    0.0,
                    0.28472504019737244,
                    -0.9586091637611389,
                    -3.8642773628234863
                ],
                [
                    0.0,
                    0.0,
                    0.0,
                    1.0
                ]
            ]
        },
        {
            "file_path": "/data/shapenet_blender/all_50_random/02958343/ce8dae15de55bc57ec96068985a57399/r_40",
            "rotation": 0.12566370614359174,
            "transform_matrix": [
                [
                    -0.5994333028793335,
                    0.0690028965473175,
                    -0.7974448204040527,
                    -3.2146029472351074
                ],
                [
                    -0.8004246950149536,
                    -0.051675863564014435,
                    0.5972017645835876,
                    2.4073972702026367
                ],
                [
                    0.0,
                    0.9962771534919739,
                    0.08620785176753998,
                    0.34751495718955994
                ],
                [
                    0.0,
                    0.0,
                    0.0,
                    1.0
                ]
            ]
        },
        {
            "file_path": "/data/shapenet_blender/all_50_random/02958343/ce8dae15de55bc57ec96068985a57399/r_41",
            "rotation": 0.12566370614359174,
            "transform_matrix": [
                [
                    0.43944308161735535,
                    -0.7521008849143982,
                    0.49115586280822754,
                    1.9799127578735352
                ],
                [
                    0.8982704281806946,
                    0.367935448884964,
                    -0.24027849733829498,
                    -0.9685936570167542
                ],
                [
                    1.4901159417490817e-08,
                    0.546779453754425,
