{
    "class": "02958343",
    "model": "1f191e0327ce54474cdd04162f008888",
    "remove_doubles": true,
    "edge_split": true,
    "denoise": true,
    "camera_angle_x": 0.6911112070083618,
    "scale_factor": 2.2774970253912468,
    "hdri_file": "/data/IndoorHDRDataset2018/AG8A1428-13cb1b5649.exr",
    "center_offset": [
        0.0,
        0.0,
        -1.862645149230957e-09
    ],
    "lights": [],
    "frames": [
        {
            "file_path": "/data/shapenet_blender/all_50_random/02958343/1f191e0327ce54474cdd04162f008888/r_0",
            "rotation": 0.12566370614359174,
            "transform_matrix": [
                [
                    0.6411325931549072,
                    0.24012303352355957,
                    -0.7288963198661804,
                    -2.9382753372192383
                ],
                [
                    -0.7674302458763123,
                    0.20060548186302185,
                    -0.6089403033256531,
                    -2.4547171592712402
                ],
                [
                    0.0,
                    0.9497885704040527,
                    0.3128923177719116,
                    1.2613093852996826
                ],
                [
                    0.0,
                    0.0,
                    0.0,
                    1.0
                ]
            ]
        },
        {
            "file_path": "/data/shapenet_blender/all_50_random/02958343/1f191e0327ce54474cdd04162f008888/r_1",
            "rotation": 0.12566370614359174,
            "transform_matrix": [
                [
                    -0.9875490665435791,
                    -0.15163972973823547,
                    -0.041860181838274,
                    -0.1687437891960144
                ],
                [
                    -0.15731140971183777,
                    0.95194411277771,
                    0.2627843916416168,
                    1.059317708015442
                ],
                [
                    0.0,
                    0.26609766483306885,
                    -0.9639461040496826,
                    -3.885791063308716
                ],
                [
                    0.0,
                    0.0,
                    0.0,
                    1.0
                ]
            ]
        },
        {
            "file_path": "/data/shapenet_blender/all_50_random/02958343/1f191e0327ce54474cdd04162f008888/r_2",
            "rotation": 0.12566370614359174,
            "transform_matrix": [
                [
                    0.9587635397911072,
                    -0.056573595851659775,
                    0.2785172164440155,
                    1.1227388381958008
                ],
                [
                    0.2842048406600952,
                    0.19085070490837097,
                    -0.939576268196106,
                    -3.787553071975708
                ],
                [
                    0.0,
                    0.9799874424934387,
                    0.19905920326709747,
                    0.8024333119392395
                ],
                [
                    0.0,
                    0.0,
                    0.0,
                    1.0
                ]
            ]
        },
        {
            "file_path": "/data/shapenet_blender/all_50_random/02958343/1f191e0327ce54474cdd04162f008888/r_3",
            "rotation": 0.12566370614359174,
            "transform_matrix": [
                [
                    -0.48692184686660767,
                    0.5087302327156067,
                    0.7100003957748413,
                    2.862103223800659
                ],
                [
                    0.8734455108642578,
                    0.28360310196876526,
                    0.395805686712265,
                    1.5955437421798706
                ],
                [
                    1.4901161193847656e-08,
                    0.812873125076294,
                    -0.5824407339096069,
                    -2.347893714904785
                ],
                [
                    0.0,
                    0.0,
                    0.0,
                    1.0
                ]
            ]
        },
        {
            "file_path": "/data/shapenet_blender/all_50_random/02958343/1f191e0327ce54474cdd04162f008888/r_4",
            "rotation": 0.12566370614359174,
            "transform_matrix": [
                [
                    0.784949004650116,
                    -0.024136053398251534,
                    -0.6190900206565857,
                    -2.495631694793701
                ],
                [
                    -0.6195603013038635,
                    -0.030579060316085815,
                    -0.7843531966209412,
                    -3.1618287563323975
                ],
                [
                    0.0,
                    0.9992408752441406,
                    -0.03895674645900726,
                    -0.15703967213630676
                ],
                [
                    0.0,
                    0.0,
                    0.0,
                    1.0
                ]
            ]
        },
        {
            "file_path": "/data/shapenet_blender/all_50_random/02958343/1f191e0327ce54474cdd04162f008888/r_5",
            "rotation": 0.12566370614359174,
            "transform_matrix": [
                [
                    0.5338848829269409,
                    0.18307043612003326,
                    -0.8255011439323425,
                    -3.3277015686035156
                ],
                [
                    -0.8455571532249451,
                    0.11559069156646729,
                    -0.5212215185165405,
                    -2.1011111736297607
                ],
                [
                    0.0,
                    0.976280689239502,
                    0.2165086418390274,
                    0.8727742433547974
                ],
                [
                    0.0,
                    0.0,
                    0.0,
                    1.0
                ]
            ]
        },
        {
            "file_path": "/data/shapenet_blender/all_50_random/02958343/1f191e0327ce54474cdd04162f008888/r_6",
            "rotation": 0.12566370614359174,
            "transform_matrix": [
                [
                    -0.5731076598167419,
                    0.2053527683019638,
                    -0.7933334708213806,
                    -3.198029041290283
                ],
                [
                    -0.8194801807403564,
                    -0.1436145007610321,
                    0.5548218488693237,
                    2.236558198928833
                ],
                [
                    7.450580596923828e-09,
                    0.9680934548377991,
                    0.25058913230895996,
                    1.0101569890975952
                ],
                [
                    0.0,
                    0.0,
                    0.0,
                    1.0
                ]
            ]
        },
        {
            "file_path": "/data/shapenet_blender/all_50_random/02958343/1f191e0327ce54474cdd04162f008888/r_7",
            "rotation": 0.12566370614359174,
            "transform_matrix": [
                [
                    -0.9851803779602051,
                    -0.011022888123989105,
                    0.17116679251194,
                    0.6899954676628113
                ],
                [
                    0.1715213507413864,
                    -0.06331300735473633,
                    0.9831438660621643,
                    3.96317982673645
                ],
                [
                    0.0,
                    0.9979327917098999,
                    0.06426539272069931,
                    0.25906211137771606
                ],
                [
                    0.0,
                    0.0,
                    0.0,
                    1.0
                ]
            ]
        },
        {
            "file_path": "/data/shapenet_blender/all_50_random/02958343/1f191e0327ce54474cdd04162f008888/r_8",
            "rotation": 0.12566370614359174,
            "transform_matrix": [
                [
                    -0.748288631439209,
                    -0.16643063724040985,
                    0.6421564817428589,
                    2.588615894317627
                ],
                [
                    0.6633733510971069,
                    -0.18773461878299713,
                    0.7243558764457703,
                    2.9199721813201904
                ],
                [
                    -7.450580596923828e-09,
                    0.9680167436599731,
                    0.2508853077888489,
                    1.0113511085510254
                ],
                [
                    0.0,
                    0.0,
                    0.0,
                    1.0
                ]
            ]
        },
        {
            "file_path": "/data/shapenet_blender/all_50_random/02958343/1f191e0327ce54474cdd04162f008888/r_9",
            "rotation": 0.12566370614359174,
            "transform_matrix": [
                [
                    -0.9899845719337463,
                    -0.09194929152727127,
                    -0.10712543874979019,
                    -0.43183645606040955
                ],
                [
                    -0.1411755383014679,
                    0.6447886228561401,
                    0.7512103915214539,
                    3.028225898742676
                ],
                [
                    0.0,
                    0.7588101029396057,
                    -0.6513118147850037,
                    -2.6255218982696533
                ],
                [
                    0.0,
                    0.0,
                    0.0,
                    1.0
                ]
            ]
        },
        {
            "file_path": "/data/shapenet_blender/all_50_random/02958343/1f191e0327ce54474cdd04162f008888/r_10",
            "rotation": 0.12566370614359174,
            "transform_matrix": [
                [
                    0.8633460402488708,
                    -0.4457382559776306,
                    -0.2365397959947586,
                    -0.9535224437713623
                ],
                [
                    -0.504612386226654,
                    -0.7626177072525024,
                    -0.40469813346862793,
                    -1.6313903331756592
                ],
                [
                    0.0,
                    0.4687555134296417,
                    -0.8833279609680176,
                    -3.5608088970184326
                ],
                [
                    0.0,
                    0.0,
                    0.0,
                    1.0
                ]
            ]
        },
        {
            "file_path": "/data/shapenet_blender/all_50_random/02958343/1f191e0327ce54474cdd04162f008888/r_11",
            "rotation": 0.12566370614359174,
            "transform_matrix": [
                [
                    0.7266439199447632,
                    -0.014791272580623627,
                    0.6868549585342407,
                    2.768801212310791
                ],
                [
                    0.6870142817497253,
                    0.015644488856196404,
                    -0.7264754176139832,
                    -2.928516387939453
                ],
                [
                    0.0,
                    0.9997681379318237,
                    0.0215297881513834,
                    0.08678936213254929
                ],
                [
                    0.0,
                    0.0,
                    0.0,
                    1.0
                ]
            ]
        },
        {
            "file_path": "/data/shapenet_blender/all_50_random/02958343/1f191e0327ce54474cdd04162f008888/r_12",
            "rotation": 0.12566370614359174,
            "transform_matrix": [
                [
                    0.6864002346992493,
                    -0.10724750906229019,
                    -0.719272255897522,
                    -2.899479389190674
                ],
                [
                    -0.7272239327430725,
                    -0.10122703015804291,
                    -0.6788949370384216,
                    -2.736713171005249
                ],
                [
                    -7.450580596923828e-09,
                    0.9890656471252441,
                    -0.1474752128124237,
                    -0.5944916605949402
                ],
                [
                    0.0,
                    0.0,
                    0.0,
                    1.0
                ]
            ]
        },
        {
            "file_path": "/data/shapenet_blender/all_50_random/02958343/1f191e0327ce54474cdd04162f008888/r_13",
            "rotation": 0.12566370614359174,
            "transform_matrix": [
                [
                    -0.6417502760887146,
                    0.14757494628429413,
                    0.7525810599327087,
                    3.0337510108947754
                ],
                [
                    0.766913652420044,
                    0.12349013984203339,
                    0.6297568678855896,
                    2.538630723953247
                ],
                [
                    0.0,
                    0.9813112616539001,
                    -0.19242709875106812,
                    -0.7756983637809753
                ],
                [
                    0.0,
                    0.0,
                    0.0,
                    1.0
                ]
            ]
        },
        {
            "file_path": "/data/shapenet_blender/all_50_random/02958343/1f191e0327ce54474cdd04162f008888/r_14",
            "rotation": 0.12566370614359174,
            "transform_matrix": [
                [
                    0.9146234393119812,
                    -0.08094846457242966,
                    -0.3961203992366791,
                    -1.5968124866485596
                ],
                [
                    -0.40430688858032227,
                    -0.1831217110157013,
                    -0.8961039781570435,
                    -3.6123108863830566
                ],
                [
                    -7.450580596923828e-09,
                    0.9797518849372864,
                    -0.2002154141664505,
                    -0.8070942163467407
                ],
                [
                    0.0,
                    0.0,
                    0.0,
                    1.0
                ]
            ]
        },
        {
            "file_path": "/data/shapenet_blender/all_50_random/02958343/1f191e0327ce54474cdd04162f008888/r_15",
            "rotation": 0.12566370614359174,
            "transform_matrix": [
                [
                    0.889622688293457,
                    -0.25723323225975037,
                    0.37736275792121887,
                    1.5211979150772095
                ],
                [
                    0.45669645071029663,
                    0.5010779500007629,
                    -0.7350844740867615,
                    -2.9632203578948975
                ],
                [
                    0.0,
                    0.8262879252433777,
                    0.5632478594779968,
                    2.270524740219116
                ],
                [
                    0.0,
                    0.0,
                    0.0,
                    1.0
                ]
            ]
        },
        {
            "file_path": "/data/shapenet_blender/all_50_random/02958343/1f191e0327ce54474cdd04162f008888/r_16",
            "rotation": 0.12566370614359174,
            "transform_matrix": [
                [
                    0.037393029779195786,
                    0.38656896352767944,
                    -0.9215020537376404,
                    -3.714693784713745
                ],
                [
                    -0.9993005990982056,
                    0.01446510385721922,
                    -0.034481871873140335,
                    -0.13900089263916016
                ],
                [
                    0.0,
                    0.9221470355987549,
                    0.38683950901031494,
                    1.5594000816345215
                ],
                [
                    0.0,
                    0.0,
                    0.0,
                    1.0
                ]
            ]
        },
        {
            "file_path": "/data/shapenet_blender/all_50_random/02958343/1f191e0327ce54474cdd04162f008888/r_17",
            "rotation": 0.12566370614359174,
            "transform_matrix": [
                [
                    -0.9136660099029541,
                    -0.27199578285217285,
                    -0.3020475208759308,
                    -1.2175925970077515
                ],
                [
                    -0.4064657688140869,
                    0.611400306224823,
                    0.6789515018463135,
                    2.736941337585449
                ],
                [
                    0.0,
                    0.7431069612503052,
                    -0.6691725850105286,
                    -2.697521209716797
                ],
                [
                    0.0,
                    0.0,
                    0.0,
                    1.0
                ]
            ]
        },
        {
            "file_path": "/data/shapenet_blender/all_50_random/02958343/1f191e0327ce54474cdd04162f008888/r_18",
            "rotation": 0.12566370614359174,
            "transform_matrix": [
                [
                    0.7918161749839783,
                    -0.4710375666618347,
                    0.38878095149993896,
                    1.5672262907028198
                ],
                [
                    0.6107593178749084,
                    0.6106745004653931,
                    -0.5040332674980164,
                    -2.0318233966827393
                ],
                [
                    0.0,
                    0.6365534067153931,
                    0.771232545375824,
                    3.108937978744507
                ],
                [
                    0.0,
                    0.0,
                    0.0,
                    1.0
                ]
            ]
        },
        {
            "file_path": "/data/shapenet_blender/all_50_random/02958343/1f191e0327ce54474cdd04162f008888/r_19",
            "rotation": 0.12566370614359174,
            "transform_matrix": [
                [
                    0.9082022905349731,
                    -0.3064570128917694,
                    -0.2850489020347595,
                    -1.149068832397461
                ],
                [
                    -0.41853171586990356,
                    -0.66500324010849,
                    -0.6185482144355774,
                    -2.4934475421905518
                ],
                [
                    -1.4901162970204496e-08,
                    0.6810687780380249,
                    -0.732219398021698,
                    -2.9516708850860596
                ],
                [
                    0.0,
                    0.0,
                    0.0,
                    1.0
                ]
            ]
        },
        {
            "file_path": "/data/shapenet_blender/all_50_random/02958343/1f191e0327ce54474cdd04162f008888/r_20",
            "rotation": 0.12566370614359174,
            "transform_matrix": [
                [
                    0.5123732686042786,
                    0.6929196119308472,
                    0.5072829127311707,
                    2.0449228286743164
                ],
                [
                    0.8587628602981567,
                    -0.41342437267303467,
                    -0.3026658594608307,
                    -1.2200851440429688
                ],
                [
                    0.0,
                    0.5907135605812073,
                    -0.806881308555603,
                    -3.2526426315307617
                ],
                [
                    0.0,
                    0.0,
                    0.0,
                    1.0
                ]
            ]
        },
        {
            "file_path": "/data/shapenet_blender/all_50_random/02958343/1f191e0327ce54474cdd04162f008888/r_21",
            "rotation": 0.12566370614359174,
            "transform_matrix": [
                [
                    -0.8946169018745422,
                    -0.1789724975824356,
                    0.4094257950782776,
                    1.650448203086853
                ],
                [
                    0.446833997964859,
                    -0.3583250641822815,
                    0.8197210431098938,
                    3.304401159286499
                ],
                [
                    0.0,
                    0.9162815809249878,
                    0.40053462982177734,
                    1.6146067380905151
                ],
                [
                    0.0,
                    0.0,
                    0.0,
                    1.0
                ]
            ]
        },
        {
            "file_path": "/data/shapenet_blender/all_50_random/02958343/1f191e0327ce54474cdd04162f008888/r_22",
            "rotation": 0.12566370614359174,
            "transform_matrix": [
                [
                    0.7475983500480652,
                    0.308963805437088,
                    0.5879098773002625,
                    2.3699405193328857
                ],
                [
                    0.6641510128974915,
                    -0.34778356552124023,
                    -0.6617778539657593,
                    -2.6677119731903076
                ],
                [
                    -1.4901160305669237e-08,
                    0.885205090045929,
                    -0.4652010202407837,
                    -1.875285267829895
                ],
                [
                    0.0,
                    0.0,
                    0.0,
                    1.0
                ]
            ]
        },
        {
            "file_path": "/data/shapenet_blender/all_50_random/02958343/1f191e0327ce54474cdd04162f008888/r_23",
            "rotation": 0.12566370614359174,
            "transform_matrix": [
                [
                    -0.10556845366954803,
                    -0.943490743637085,
                    0.31413450837135315,
                    1.2663166522979736
                ],
                [
                    0.9944120645523071,
                    -0.1001625657081604,
                    0.03334904834628105,
                    0.134434312582016
                ],
                [
                    0.0,
                    0.3158997893333435,
                    0.9487926363945007,
                    3.8247053623199463
                ],
                [
                    0.0,
                    0.0,
                    0.0,
                    1.0
                ]
            ]
        },
        {
            "file_path": "/data/shapenet_blender/all_50_random/02958343/1f191e0327ce54474cdd04162f008888/r_24",
            "rotation": 0.12566370614359174,
            "transform_matrix": [
                [
                    0.86865234375,
                    -0.11246317625045776,
                    0.4824884831905365,
                    1.9449732303619385
                ],
                [
                    0.4954221546649933,
                    0.19718819856643677,
                    -0.8459749817848206,
                    -3.410234212875366
                ],
                [
                    0.0,
                    0.9738935828208923,
                    0.2270047515630722,
                    0.9150854349136353
                ],
                [
                    0.0,
                    0.0,
                    0.0,
                    1.0
                ]
            ]
        },
        {
            "file_path": "/data/shapenet_blender/all_50_random/02958343/1f191e0327ce54474cdd04162f008888/r_25",
            "rotation": 0.12566370614359174,
            "transform_matrix": [
                [
                    -0.9588032960891724,
                    0.19867978990077972,
                    0.2030334323644638,
                    0.8184540271759033
                ],
                [
                    0.28407084941864014,
                    0.6705891489982605,
                    0.6852837204933167,
                    2.762467384338379
                ],
                [
                    0.0,
                    0.7147282361984253,
                    -0.6994021534919739,
                    -2.819380521774292
                ],
                [
                    0.0,
                    0.0,
                    0.0,
                    1.0
                ]
            ]
        },
        {
            "file_path": "/data/shapenet_blender/all_50_random/02958343/1f191e0327ce54474cdd04162f008888/r_26",
            "rotation": 0.12566370614359174,
            "transform_matrix": [
                [
                    -0.24797144532203674,
                    -0.5229234099388123,
                    0.8155128359794617,
                    3.2874374389648438
                ],
                [
                    0.9687674045562744,
                    -0.1338505744934082,
                    0.20874348282814026,
                    0.8414719104766846
                ],
                [
                    7.450581485102248e-09,
                    0.841804563999176,
                    0.5397822856903076,
                    2.175931930541992
                ],
                [
                    0.0,
                    0.0,
                    0.0,
                    1.0
                ]
            ]
        },
        {
            "file_path": "/data/shapenet_blender/all_50_random/02958343/1f191e0327ce54474cdd04162f008888/r_27",
            "rotation": 0.12566370614359174,
            "transform_matrix": [
                [
                    -0.5830643773078918,
                    0.8116501569747925,
                    -0.03549588844180107,
                    -0.14308848977088928
                ],
                [
                    -0.8124259114265442,
                    -0.5825076103210449,
                    0.025474799796938896,
                    0.10269218683242798
                ],
                [
                    0.0,
                    0.04369201883673668,
                    0.9990451335906982,
                    4.027279376983643
                ],
                [
                    0.0,
                    0.0,
                    0.0,
                    1.0
                ]
            ]
        },
        {
            "file_path": "/data/shapenet_blender/all_50_random/02958343/1f191e0327ce54474cdd04162f008888/r_28",
            "rotation": 0.12566370614359174,
            "transform_matrix": [
                [
                    0.9880512952804565,
                    0.0008779077907092869,
                    -0.15412312746047974,
                    -0.6212902069091797
                ],
                [
                    -0.1541256308555603,
                    0.0056279925629496574,
                    -0.988035261631012,
                    -3.9828975200653076
                ],
                [
                    -5.820766091346741e-11,
                    0.9999837875366211,
                    0.005696053616702557,
                    0.022961527109146118
                ],
                [
                    0.0,
                    0.0,
                    0.0,
                    1.0
                ]
            ]
        },
        {
            "file_path": "/data/shapenet_blender/all_50_random/02958343/1f191e0327ce54474cdd04162f008888/r_29",
            "rotation": 0.12566370614359174,
            "transform_matrix": [
                [
                    0.9904742240905762,
                    -0.08434857428073883,
                    0.10884063690900803,
                    0.438750684261322
                ],
                [
                    0.13769882917404175,
                    0.6067233085632324,
                    -0.7828958034515381,
                    -3.155954122543335
                ],
                [
                    -7.450580596923828e-09,
                    0.7904253005981445,
                    0.6125583648681641,
                    2.46930193901062
                ],
                [
                    0.0,
                    0.0,
                    0.0,
                    1.0
                ]
            ]
        },
        {
            "file_path": "/data/shapenet_blender/all_50_random/02958343/1f191e0327ce54474cdd04162f008888/r_30",
            "rotation": 0.12566370614359174,
            "transform_matrix": [
                [
                    -0.19857482612133026,
                    0.3936053514480591,
                    0.897576093673706,
                    3.6182448863983154
                ],
                [
                    0.9800857305526733,
                    0.0797482505440712,
                    0.18185758590698242,
                    0.7330913543701172
                ],
                [
                    0.0,
                    0.9158137440681458,
                    -0.4016030430793762,
                    -1.6189136505126953
                ],
                [
                    0.0,
                    0.0,
                    0.0,
                    1.0
                ]
            ]
        },
        {
            "file_path": "/data/shapenet_blender/all_50_random/02958343/1f191e0327ce54474cdd04162f008888/r_31",
            "rotation": 0.12566370614359174,
            "transform_matrix": [
                [
                    -0.7646350264549255,
                    -0.42832309007644653,
                    0.48153138160705566,
                    1.941115140914917
                ],
                [
                    0.6444634199142456,
                    -0.5081914663314819,
                    0.571321427822113,
                    2.303070306777954
                ],
                [
                    -1.4901160305669237e-08,
                    0.7471818327903748,
                    0.6646196246147156,
                    2.6791675090789795
                ],
                [
                    0.0,
                    0.0,
                    0.0,
                    1.0
                ]
            ]
        },
        {
            "file_path": "/data/shapenet_blender/all_50_random/02958343/1f191e0327ce54474cdd04162f008888/r_32",
            "rotation": 0.12566370614359174,
            "transform_matrix": [
                [
                    -0.9955317378044128,
                    0.05508831888437271,
                    0.0766923725605011,
                    0.3091568648815155
                ],
                [
                    0.09442692250013351,
                    0.5807895064353943,
                    0.8085585236549377,
                    3.259403944015503
                ],
                [
                    3.725290298461914e-09,
                    0.8121876120567322,
                    -0.5833961963653564,
                    -2.35174560546875
                ],
                [
                    0.0,
                    0.0,
                    0.0,
                    1.0
                ]
            ]
        },
        {
            "file_path": "/data/shapenet_blender/all_50_random/02958343/1f191e0327ce54474cdd04162f008888/r_33",
            "rotation": 0.12566370614359174,
            "transform_matrix": [
                [
                    0.9880388975143433,
                    -0.060749880969524384,
                    -0.1417347490787506,
                    -0.5713510513305664
                ],
                [
                    -0.1542053371667862,
                    -0.3892422914505005,
                    -0.9081360697746277,
                    -3.660813570022583
                ],
                [
                    0.0,
                    0.9191300272941589,
                    -0.39395442605018616,
                    -1.5880811214447021
                ],
                [
                    0.0,
                    0.0,
                    0.0,
                    1.0
                ]
            ]
        },
        {
            "file_path": "/data/shapenet_blender/all_50_random/02958343/1f191e0327ce54474cdd04162f008888/r_34",
            "rotation": 0.12566370614359174,
            "transform_matrix": [
                [
                    -0.9240394830703735,
                    -0.34429028630256653,
                    -0.16617834568023682,
                    -0.6698863506317139
                ],
                [
                    -0.3822970688343048,
                    0.8321743607521057,
                    0.40166494250297546,
                    1.619163155555725
                ],
                [
                    1.4901160305669237e-08,
                    0.43468379974365234,
                    -0.9005831480026245,
                    -3.630366802215576
                ],
                [
                    0.0,
                    0.0,
                    0.0,
                    1.0
                ]
            ]
        },
        {
            "file_path": "/data/shapenet_blender/all_50_random/02958343/1f191e0327ce54474cdd04162f008888/r_35",
            "rotation": 0.12566370614359174,
            "transform_matrix": [
                [
                    -0.5448644161224365,
                    -0.035401154309511185,
                    0.8377765417098999,
                    3.377185344696045
                ],
                [
                    0.8385241627693176,
                    -0.023003308102488518,
                    0.5443786382675171,
                    2.194460391998291
                ],
                [
                    0.0,
                    0.9991083741188049,
                    0.0422184057533741,
                    0.1701878309249878
                ],
                [
                    0.0,
                    0.0,
                    0.0,
                    1.0
                ]
            ]
        },
        {
            "file_path": "/data/shapenet_blender/all_50_random/02958343/1f191e0327ce54474cdd04162f008888/r_36",
            "rotation": 0.12566370614359174,
            "transform_matrix": [
                [
                    0.7447501420974731,
                    0.6602777242660522,
                    0.0968528613448143,
                    0.3904263377189636
                ],
                [
                    0.6673433184623718,
                    -0.7368649840354919,
                    -0.10808707028627396,
                    -0.43571287393569946
                ],
                [
                    -7.450580152834618e-09,
                    0.14513182640075684,
                    -0.9894123673439026,
                    -3.98844838142395
                ],
                [
                    0.0,
                    0.0,
                    0.0,
                    1.0
                ]
            ]
        },
        {
            "file_path": "/data/shapenet_blender/all_50_random/02958343/1f191e0327ce54474cdd04162f008888/r_37",
            "rotation": 0.12566370614359174,
            "transform_matrix": [
                [
                    -0.8984552621841431,
                    0.31248751282691956,
                    0.308430939912796,
                    1.2433249950408936
                ],
                [
                    0.4390650987625122,
                    0.6394405961036682,
                    0.6311396956443787,
                    2.544205665588379
                ],
                [
                    0.0,
                    0.7024720311164856,
                    -0.7117111682891846,
                    -2.868999719619751
                ],
                [
                    0.0,
                    0.0,
                    0.0,
                    1.0
                ]
            ]
        },
        {
            "file_path": "/data/shapenet_blender/all_50_random/02958343/1f191e0327ce54474cdd04162f008888/r_38",
            "rotation": 0.12566370614359174,
            "transform_matrix": [
                [
                    -0.9967321753501892,
                    0.009556181728839874,
                    0.08021006733179092,
                    0.3233371376991272
                ],
                [
                    0.08077731728553772,
                    0.11791618913412094,
                    0.9897326827049255,
                    3.9897401332855225
                ],
                [
                    0.0,
                    0.9929775595664978,
                    -0.11830278486013412,
                    -0.4768937826156616
                ],
                [
                    0.0,
                    0.0,
                    0.0,
                    1.0
                ]
            ]
        },
        {
            "file_path": "/data/shapenet_blender/all_50_random/02958343/1f191e0327ce54474cdd04162f008888/r_39",
            "rotation": 0.12566370614359174,
            "transform_matrix": [
                [
                    -0.0745953693985939,
                    0.3698318600654602,
                    -0.9260993003845215,
                    -3.7332255840301514
                ],
                [
                    -0.9972139596939087,
                    -0.027664821594953537,
                    0.06927572935819626,
                    0.2792593836784363
                ],
                [
                    1.862645149230957e-09,
                    0.9286866784095764,
                    0.3708651661872864,
                    1.4950052499771118
                ],
                [
                    0.0,
                    0.0,
                    0.0,
                    1.0
                ]
            ]
        },
        {
            "file_path": "/data/shapenet_blender/all_50_random/02958343/1f191e0327ce54474cdd04162f008888/r_40",
            "rotation": 0.12566370614359174,
            "transform_matrix": [
                [
                    0.15013766288757324,
                    0.09361949563026428,
                    -0.9842225909233093,
                    -3.9675281047821045
                ],
                [
                    -0.9886651039123535,
                    0.014216959476470947,
                    -0.14946302771568298,
                    -0.6025047302246094
                ],
                [
                    -9.313225746154785e-10,
                    0.9955065250396729,
                    0.09469282627105713,
                    0.3817189931869507
                ],
                [
                    0.0,
                    0.0,
                    0.0,
                    1.0
                ]
            ]
        },
        {
            "file_path": "/data/shapenet_blender/all_50_random/02958343/1f191e0327ce54474cdd04162f008888/r_41",
            "rotation": 0.12566370614359174,
            "transform_matrix": [
                [
                    0.9739964008331299,
                    -0.14246849715709686,
                    -0.1761639267206192,
                    -0.7101395130157471
                ],
                [
                    -0.2265634834766388,
                    -0.6124720573425293,
                    -0.7573286890983582,
                    -3.052889585494995
                ],
                [
                    0.0,
                    0.7775476574897766,
                    -0.6288238763809204,
