{
    "class": "02958343",
    "model": "5d62b276cf9582e2473f10e6caaeca56",
    "remove_doubles": true,
    "edge_split": true,
    "denoise": true,
    "camera_angle_x": 0.6911112070083618,
    "scale_factor": 2.272711737449295,
    "hdri_file": "/data/IndoorHDRDataset2018/9C4A6513-13bd9fa2c6.exr",
    "center_offset": [
        0.0,
        0.0,
        -3.259629011154175e-09
    ],
    "lights": [],
    "frames": [
        {
            "file_path": "/data/shapenet_blender/all_50_random/02958343/5d62b276cf9582e2473f10e6caaeca56/r_0",
            "rotation": 0.12566370614359174,
            "transform_matrix": [
                [
                    0.41941124200820923,
                    -0.31244346499443054,
                    0.8523339629173279,
                    3.435868263244629
                ],
                [
                    0.907796323299408,
                    0.14435209333896637,
                    -0.39378708600997925,
                    -1.5874066352844238
                ],
                [
                    7.450580152834618e-09,
                    0.938904345035553,
                    0.3441779315471649,
                    1.3874257802963257
                ],
                [
                    0.0,
                    0.0,
                    0.0,
                    1.0
                ]
            ]
        },
        {
            "file_path": "/data/shapenet_blender/all_50_random/02958343/5d62b276cf9582e2473f10e6caaeca56/r_1",
            "rotation": 0.12566370614359174,
            "transform_matrix": [
                [
                    0.9713500142097473,
                    -0.06182653084397316,
                    0.2294704020023346,
                    0.9250248074531555
                ],
                [
                    0.23765352368354797,
                    0.25270065665245056,
                    -0.9379035830497742,
                    -3.7808103561401367
                ],
                [
                    0.0,
                    0.9655669927597046,
                    0.2601540982723236,
                    1.0487147569656372
                ],
                [
                    0.0,
                    0.0,
                    0.0,
                    1.0
                ]
            ]
        },
        {
            "file_path": "/data/shapenet_blender/all_50_random/02958343/5d62b276cf9582e2473f10e6caaeca56/r_2",
            "rotation": 0.12566370614359174,
            "transform_matrix": [
                [
                    -0.3806665539741516,
                    0.04502340406179428,
                    -0.9236156940460205,
                    -3.7232139110565186
                ],
                [
                    -0.9247124195098877,
                    -0.018534308299422264,
                    0.3802150785923004,
                    1.532696008682251
                ],
                [
                    -1.862645149230957e-09,
                    0.9988139867782593,
                    0.0486890971660614,
                    0.19627203047275543
                ],
                [
                    0.0,
                    0.0,
                    0.0,
                    1.0
                ]
            ]
        },
        {
            "file_path": "/data/shapenet_blender/all_50_random/02958343/5d62b276cf9582e2473f10e6caaeca56/r_3",
            "rotation": 0.12566370614359174,
            "transform_matrix": [
                [
                    0.21167849004268646,
                    0.5433971881866455,
                    -0.8123494386672974,
                    -3.2746851444244385
                ],
                [
                    -0.9773393869400024,
                    0.1176924854516983,
                    -0.17594389617443085,
                    -0.7092525362968445
                ],
                [
                    0.0,
                    0.8311845660209656,
                    0.5559964776039124,
                    2.241293430328369
                ],
                [
                    0.0,
                    0.0,
                    0.0,
                    1.0
                ]
            ]
        },
        {
            "file_path": "/data/shapenet_blender/all_50_random/02958343/5d62b276cf9582e2473f10e6caaeca56/r_4",
            "rotation": 0.12566370614359174,
            "transform_matrix": [
                [
                    0.5393669605255127,
                    -0.6839612126350403,
                    0.49120286107063293,
                    1.9801021814346313
                ],
                [
                    0.8420708179473877,
                    0.4380938708782196,
                    -0.31462743878364563,
                    -1.2683038711547852
                ],
                [
                    0.0,
                    0.5833271741867065,
                    0.8122371435165405,
                    3.274232864379883
                ],
                [
                    0.0,
                    0.0,
                    0.0,
                    1.0
                ]
            ]
        },
        {
            "file_path": "/data/shapenet_blender/all_50_random/02958343/5d62b276cf9582e2473f10e6caaeca56/r_5",
            "rotation": 0.12566370614359174,
            "transform_matrix": [
                [
                    0.7687489986419678,
                    0.17921912670135498,
                    -0.6139262318611145,
                    -2.474816083908081
                ],
                [
                    -0.6395506262779236,
                    0.21542394161224365,
                    -0.7379480600357056,
                    -2.974764108657837
                ],
                [
                    1.4901162970204496e-08,
                    0.9599337577819824,
                    0.28022661805152893,
                    1.1296297311782837
                ],
                [
                    0.0,
                    0.0,
                    0.0,
                    1.0
                ]
            ]
        },
        {
            "file_path": "/data/shapenet_blender/all_50_random/02958343/5d62b276cf9582e2473f10e6caaeca56/r_6",
            "rotation": 0.12566370614359174,
            "transform_matrix": [
                [
                    0.5109760165214539,
                    -0.12038431316614151,
                    -0.8511233329772949,
                    -3.430988073348999
                ],
                [
                    -0.8595948815345764,
                    -0.07156103104352951,
                    -0.5059401988983154,
                    -2.039510488510132
                ],
                [
                    0.0,
                    0.9901447296142578,
                    -0.14004769921302795,
                    -0.5645503997802734
                ],
                [
                    0.0,
                    0.0,
                    0.0,
                    1.0
                ]
            ]
        },
        {
            "file_path": "/data/shapenet_blender/all_50_random/02958343/5d62b276cf9582e2473f10e6caaeca56/r_7",
            "rotation": 0.12566370614359174,
            "transform_matrix": [
                [
                    -0.7939263582229614,
                    0.1920158416032791,
                    0.5768976211547852,
                    2.3255486488342285
                ],
                [
                    0.608013927936554,
                    0.2507284879684448,
                    0.7532956004142761,
                    3.0366315841674805
                ],
                [
                    0.0,
                    0.9488229155540466,
                    -0.3158082962036133,
                    -1.2730640172958374
                ],
                [
                    0.0,
                    0.0,
                    0.0,
                    1.0
                ]
            ]
        },
        {
            "file_path": "/data/shapenet_blender/all_50_random/02958343/5d62b276cf9582e2473f10e6caaeca56/r_8",
            "rotation": 0.12566370614359174,
            "transform_matrix": [
                [
                    0.14627937972545624,
                    -0.11034048348665237,
                    0.9830703139305115,
                    3.962883234024048
                ],
                [
                    0.9892433285713196,
                    0.016316043213009834,
                    -0.1453665792942047,
                    -0.5859914422035217
                ],
                [
                    0.0,
                    0.9937598705291748,
                    0.111540287733078,
                    0.44963327050209045
                ],
                [
                    0.0,
                    0.0,
                    0.0,
                    1.0
                ]
            ]
        },
        {
            "file_path": "/data/shapenet_blender/all_50_random/02958343/5d62b276cf9582e2473f10e6caaeca56/r_9",
            "rotation": 0.12566370614359174,
            "transform_matrix": [
                [
                    0.36413073539733887,
                    -0.153818741440773,
                    -0.9185579419136047,
                    -3.7028250694274902
                ],
                [
                    -0.9313477873802185,
                    -0.06013879552483559,
                    -0.35913026332855225,
                    -1.4477002620697021
                ],
                [
                    -3.7252896323280993e-09,
                    0.9862673282623291,
                    -0.16515713930130005,
                    -0.665769636631012
                ],
                [
                    0.0,
                    0.0,
                    0.0,
                    1.0
                ]
            ]
        },
        {
            "file_path": "/data/shapenet_blender/all_50_random/02958343/5d62b276cf9582e2473f10e6caaeca56/r_10",
            "rotation": 0.12566370614359174,
            "transform_matrix": [
                [
                    0.8058812618255615,
                    0.1872718781232834,
                    0.5616801977157593,
                    2.26420521736145
                ],
                [
                    0.5920771956443787,
                    -0.2548973560333252,
                    -0.7645077109336853,
                    -3.081829071044922
                ],
                [
                    1.4901161193847656e-08,
                    0.9486603736877441,
                    -0.31629642844200134,
                    -1.2750316858291626
                ],
                [
                    0.0,
                    0.0,
                    0.0,
                    1.0
                ]
            ]
        },
        {
            "file_path": "/data/shapenet_blender/all_50_random/02958343/5d62b276cf9582e2473f10e6caaeca56/r_11",
            "rotation": 0.12566370614359174,
            "transform_matrix": [
                [
                    -0.8367554545402527,
                    0.023786697536706924,
                    0.5470598936080933,
                    2.2052688598632812
                ],
                [
                    0.5475767850875854,
                    0.03634859621524811,
                    0.8359655737876892,
                    3.369884967803955
                ],
                [
                    1.862645149230957e-09,
                    0.9990560412406921,
                    -0.04343992471694946,
                    -0.17511193454265594
                ],
                [
                    0.0,
                    0.0,
                    0.0,
                    1.0
                ]
            ]
        },
        {
            "file_path": "/data/shapenet_blender/all_50_random/02958343/5d62b276cf9582e2473f10e6caaeca56/r_12",
            "rotation": 0.12566370614359174,
            "transform_matrix": [
                [
                    0.9697652459144592,
                    0.05501004308462143,
                    0.23775874078273773,
                    0.958436131477356
                ],
                [
                    0.2440395951271057,
                    -0.21859906613826752,
                    -0.9448063969612122,
                    -3.808636426925659
                ],
                [
                    -3.725290298461914e-09,
                    0.9742629528045654,
                    -0.2254144251346588,
                    -0.9086745977401733
                ],
                [
                    0.0,
                    0.0,
                    0.0,
                    1.0
                ]
            ]
        },
        {
            "file_path": "/data/shapenet_blender/all_50_random/02958343/5d62b276cf9582e2473f10e6caaeca56/r_13",
            "rotation": 0.12566370614359174,
            "transform_matrix": [
                [
                    0.9421533346176147,
                    0.08005566895008087,
                    -0.3254813849925995,
                    -1.312057375907898
                ],
                [
                    -0.3351821303367615,
                    0.22502610087394714,
                    -0.9148858785629272,
                    -3.6880228519439697
                ],
                [
                    7.450580596923828e-09,
                    0.9710583090782166,
                    0.23884232342243195,
                    0.9628041982650757
                ],
                [
                    0.0,
                    0.0,
                    0.0,
                    1.0
                ]
            ]
        },
        {
            "file_path": "/data/shapenet_blender/all_50_random/02958343/5d62b276cf9582e2473f10e6caaeca56/r_14",
            "rotation": 0.12566370614359174,
            "transform_matrix": [
                [
                    0.8503313064575195,
                    0.1404058039188385,
                    -0.5071714520454407,
                    -2.04447340965271
                ],
                [
                    -0.5262477397918701,
                    0.22687308490276337,
                    -0.8195071220397949,
                    -3.3035387992858887
                ],
                [
                    0.0,
                    0.9637503623962402,
                    0.266805499792099,
                    1.075527310371399
                ],
                [
                    0.0,
                    0.0,
                    0.0,
                    1.0
                ]
            ]
        },
        {
            "file_path": "/data/shapenet_blender/all_50_random/02958343/5d62b276cf9582e2473f10e6caaeca56/r_15",
            "rotation": 0.12566370614359174,
            "transform_matrix": [
                [
                    0.046692267060279846,
                    -0.007218879647552967,
                    0.9988832473754883,
                    4.026627063751221
                ],
                [
                    0.9989094138145447,
                    0.0003374338266439736,
                    -0.04669104143977165,
                    -0.18821761012077332
                ],
                [
                    0.0,
                    0.9999738335609436,
                    0.007226761896163225,
                    0.02913200855255127
                ],
                [
                    0.0,
                    0.0,
                    0.0,
                    1.0
                ]
            ]
        },
        {
            "file_path": "/data/shapenet_blender/all_50_random/02958343/5d62b276cf9582e2473f10e6caaeca56/r_16",
            "rotation": 0.12566370614359174,
            "transform_matrix": [
                [
                    -0.8457964658737183,
                    -0.05313150957226753,
                    -0.5308533906936646,
                    -2.1399383544921875
                ],
                [
                    -0.5335056781768799,
                    0.08423236757516861,
                    0.8415917158126831,
                    3.392564535140991
                ],
                [
                    0.0,
                    0.9950286149978638,
                    -0.09958940744400024,
                    -0.4014577269554138
                ],
                [
                    0.0,
                    0.0,
                    0.0,
                    1.0
                ]
            ]
        },
        {
            "file_path": "/data/shapenet_blender/all_50_random/02958343/5d62b276cf9582e2473f10e6caaeca56/r_17",
            "rotation": 0.12566370614359174,
            "transform_matrix": [
                [
                    0.9546235203742981,
                    0.1042085587978363,
                    -0.2789883017539978,
                    -1.1246378421783447
                ],
                [
                    -0.2978151738643646,
                    0.33403244614601135,
                    -0.8942753672599792,
                    -3.6049392223358154
                ],
                [
                    0.0,
                    0.9367832541465759,
                    0.3499101400375366,
                    1.4105329513549805
                ],
                [
                    0.0,
                    0.0,
                    0.0,
                    1.0
                ]
            ]
        },
        {
            "file_path": "/data/shapenet_blender/all_50_random/02958343/5d62b276cf9582e2473f10e6caaeca56/r_18",
            "rotation": 0.12566370614359174,
            "transform_matrix": [
                [
                    -0.5008847117424011,
                    0.39269334077835083,
                    0.7713017463684082,
                    3.1092166900634766
                ],
                [
                    0.8655139207839966,
                    0.22725701332092285,
                    0.44636285305023193,
                    1.7993462085723877
                ],
                [
                    -1.4901160305669237e-08,
                    0.8911487460136414,
                    -0.4537111818790436,
                    -1.8289682865142822
                ],
                [
                    0.0,
                    0.0,
                    0.0,
                    1.0
                ]
            ]
        },
        {
            "file_path": "/data/shapenet_blender/all_50_random/02958343/5d62b276cf9582e2473f10e6caaeca56/r_19",
            "rotation": 0.12566370614359174,
            "transform_matrix": [
                [
                    0.6146444082260132,
                    -0.7472090125083923,
                    -0.25276681780815125,
                    -1.0189356803894043
                ],
                [
                    -0.7888044118881226,
                    -0.5822328925132751,
                    -0.1969584822654724,
                    -0.7939650416374207
                ],
                [
                    0.0,
                    0.3204428553581238,
                    -0.9472678303718567,
                    -3.818558692932129
                ],
                [
                    0.0,
                    0.0,
                    0.0,
                    1.0
                ]
            ]
        },
        {
            "file_path": "/data/shapenet_blender/all_50_random/02958343/5d62b276cf9582e2473f10e6caaeca56/r_20",
            "rotation": 0.12566370614359174,
            "transform_matrix": [
                [
                    -0.8448324203491211,
                    -0.4903929531574249,
                    -0.2139458805322647,
                    -0.8624434471130371
                ],
                [
                    -0.5350309014320374,
                    0.7743475437164307,
                    0.33782801032066345,
                    1.361828327178955
                ],
                [
                    -1.4901160305669237e-08,
                    0.3998757302761078,
                    -0.9165693521499634,
                    -3.6948091983795166
                ],
                [
                    0.0,
                    0.0,
                    0.0,
                    1.0
                ]
            ]
        },
        {
            "file_path": "/data/shapenet_blender/all_50_random/02958343/5d62b276cf9582e2473f10e6caaeca56/r_21",
            "rotation": 0.12566370614359174,
            "transform_matrix": [
                [
                    0.045613519847393036,
                    0.45754197239875793,
                    0.8880172371864319,
                    3.579712152481079
                ],
                [
                    0.9989591836929321,
                    -0.020891845226287842,
                    -0.040547795593738556,
                    -0.16345340013504028
                ],
                [
                    0.0,
                    0.8889424800872803,
                    -0.4580186903476715,
                    -1.8463325500488281
                ],
                [
                    0.0,
                    0.0,
                    0.0,
                    1.0
                ]
            ]
        },
        {
            "file_path": "/data/shapenet_blender/all_50_random/02958343/5d62b276cf9582e2473f10e6caaeca56/r_22",
            "rotation": 0.12566370614359174,
            "transform_matrix": [
                [
                    -0.8446558713912964,
                    -0.33471256494522095,
                    0.4177606701850891,
                    1.6840471029281616
                ],
                [
                    0.5353096723556519,
                    -0.5281371474266052,
                    0.659177303314209,
                    2.657228708267212
                ],
                [
                    0.0,
                    0.7804092764854431,
                    0.6252690553665161,
                    2.520540237426758
                ],
                [
                    0.0,
                    0.0,
                    0.0,
                    1.0
                ]
            ]
        },
        {
            "file_path": "/data/shapenet_blender/all_50_random/02958343/5d62b276cf9582e2473f10e6caaeca56/r_23",
            "rotation": 0.12566370614359174,
            "transform_matrix": [
                [
                    -0.48339542746543884,
                    -0.06353759765625,
                    0.8730931282043457,
                    3.5195512771606445
                ],
                [
                    0.8754020929336548,
                    -0.035085346549749374,
                    0.48212045431137085,
                    1.9434897899627686
                ],
                [
                    0.0,
                    0.997362494468689,
                    0.07258103042840958,
                    0.29258352518081665
                ],
                [
                    0.0,
                    0.0,
                    0.0,
                    1.0
                ]
            ]
        },
        {
            "file_path": "/data/shapenet_blender/all_50_random/02958343/5d62b276cf9582e2473f10e6caaeca56/r_24",
            "rotation": 0.12566370614359174,
            "transform_matrix": [
                [
                    0.3746606707572937,
                    0.7405203580856323,
                    -0.5579057335853577,
                    -2.248990297317505
                ],
                [
                    -0.9271620512008667,
                    0.2992399036884308,
                    -0.225446417927742,
                    -0.9088036417961121
                ],
                [
                    0.0,
                    0.6017349362373352,
                    0.7986957430839539,
                    3.2196457386016846
                ],
                [
                    0.0,
                    0.0,
                    0.0,
                    1.0
                ]
            ]
        },
        {
            "file_path": "/data/shapenet_blender/all_50_random/02958343/5d62b276cf9582e2473f10e6caaeca56/r_25",
            "rotation": 0.12566370614359174,
            "transform_matrix": [
                [
                    -0.8379985690116882,
                    0.4855884611606598,
                    0.24892233312129974,
                    1.0034379959106445
                ],
                [
                    0.545672595500946,
                    0.7457263469696045,
                    0.38227421045303345,
                    1.5409966707229614
                ],
                [
                    0.0,
                    0.4561752676963806,
                    -0.8898898959159851,
                    -3.5872609615325928
                ],
                [
                    0.0,
                    0.0,
                    0.0,
                    1.0
                ]
            ]
        },
        {
            "file_path": "/data/shapenet_blender/all_50_random/02958343/5d62b276cf9582e2473f10e6caaeca56/r_26",
            "rotation": 0.12566370614359174,
            "transform_matrix": [
                [
                    0.6743523478507996,
                    0.5121378898620605,
                    -0.5319432616233826,
                    -2.144331932067871
                ],
                [
                    -0.7384096384048462,
                    0.4677097201347351,
                    -0.4857969880104065,
                    -1.9583102464675903
                ],
                [
                    -1.4901160305669237e-08,
                    0.7203904390335083,
                    0.693568766117096,
                    2.795865058898926
                ],
                [
                    0.0,
                    0.0,
                    0.0,
                    1.0
                ]
            ]
        },
        {
            "file_path": "/data/shapenet_blender/all_50_random/02958343/5d62b276cf9582e2473f10e6caaeca56/r_27",
            "rotation": 0.12566370614359174,
            "transform_matrix": [
                [
                    0.972980797290802,
                    -0.20985721051692963,
                    -0.09627195447683334,
                    -0.38808465003967285
                ],
                [
                    -0.23088598251342773,
                    -0.884363055229187,
                    -0.4057013988494873,
                    -1.635434627532959
                ],
                [
                    7.450580596923828e-09,
                    0.416967511177063,
                    -0.9089213609695435,
                    -3.6639792919158936
                ],
                [
                    0.0,
                    0.0,
                    0.0,
                    1.0
                ]
            ]
        },
        {
            "file_path": "/data/shapenet_blender/all_50_random/02958343/5d62b276cf9582e2473f10e6caaeca56/r_28",
            "rotation": 0.12566370614359174,
            "transform_matrix": [
                [
                    -0.9748556613922119,
                    0.0028052518609911203,
                    -0.22281958162784576,
                    -0.8982144594192505
                ],
                [
                    -0.22283722460269928,
                    -0.012272256426513195,
                    0.974778413772583,
                    3.929457426071167
                ],
                [
                    0.0,
                    0.9999207854270935,
                    0.012588792480528355,
                    0.05074704438447952
                ],
                [
                    0.0,
                    0.0,
                    0.0,
                    1.0
                ]
            ]
        },
        {
            "file_path": "/data/shapenet_blender/all_50_random/02958343/5d62b276cf9582e2473f10e6caaeca56/r_29",
            "rotation": 0.12566370614359174,
            "transform_matrix": [
                [
                    -0.948785126209259,
                    0.02149040624499321,
                    0.3151904046535492,
                    1.2705730199813843
                ],
                [
                    0.31592217087745667,
                    0.06454050540924072,
                    0.9465874433517456,
                    3.8158156871795654
                ],
                [
                    1.8626450382086546e-09,
                    0.9976837038993835,
                    -0.06802437454462051,
                    -0.2742149829864502
                ],
                [
                    0.0,
                    0.0,
                    0.0,
                    1.0
                ]
            ]
        },
        {
            "file_path": "/data/shapenet_blender/all_50_random/02958343/5d62b276cf9582e2473f10e6caaeca56/r_30",
            "rotation": 0.12566370614359174,
            "transform_matrix": [
                [
                    0.9450532793998718,
                    -0.039644140750169754,
                    -0.32450348138809204,
                    -1.3081154823303223
                ],
                [
                    -0.3269161880016327,
                    -0.11460377275943756,
                    -0.9380786418914795,
                    -3.7815163135528564
                ],
                [
                    -3.725290076417309e-09,
                    0.9926199913024902,
                    -0.12126696109771729,
                    -0.48884278535842896
                ],
                [
                    0.0,
                    0.0,
                    0.0,
                    1.0
                ]
            ]
        },
        {
            "file_path": "/data/shapenet_blender/all_50_random/02958343/5d62b276cf9582e2473f10e6caaeca56/r_31",
            "rotation": 0.12566370614359174,
            "transform_matrix": [
                [
                    0.9955828785896301,
                    -0.06810435652732849,
                    -0.06462568789720535,
                    -0.260514497756958
                ],
                [
                    -0.09388655424118042,
                    -0.7221857905387878,
                    -0.6852976083755493,
                    -2.7625231742858887
                ],
                [
                    0.0,
                    0.6883379817008972,
                    -0.7253898978233337,
                    -2.924140453338623
                ],
                [
                    0.0,
                    0.0,
                    0.0,
                    1.0
                ]
            ]
        },
        {
            "file_path": "/data/shapenet_blender/all_50_random/02958343/5d62b276cf9582e2473f10e6caaeca56/r_32",
            "rotation": 0.12566370614359174,
            "transform_matrix": [
                [
                    0.9999212026596069,
                    -0.005299451760947704,
                    -0.011387065052986145,
                    -0.04590272903442383
                ],
                [
                    -0.01255983579903841,
                    -0.42190316319465637,
                    -0.9065538644790649,
                    -3.654435634613037
                ],
                [
                    -4.656613428188905e-10,
                    0.9066253304481506,
                    -0.42193642258644104,
                    -1.7008801698684692
                ],
                [
                    0.0,
                    0.0,
                    0.0,
                    1.0
                ]
            ]
        },
        {
            "file_path": "/data/shapenet_blender/all_50_random/02958343/5d62b276cf9582e2473f10e6caaeca56/r_33",
            "rotation": 0.12566370614359174,
            "transform_matrix": [
                [
                    -0.9957892298698425,
                    -0.008665180765092373,
                    -0.09126214683055878,
                    -0.36788952350616455
                ],
                [
                    -0.09167259931564331,
                    0.09412511438131332,
                    0.9913306832313538,
                    3.9961819648742676
                ],
                [
                    0.0,
                    0.9955225586891174,
                    -0.09452314674854279,
                    -0.3810350298881531
                ],
                [
                    0.0,
                    0.0,
                    0.0,
                    1.0
                ]
            ]
        },
        {
            "file_path": "/data/shapenet_blender/all_50_random/02958343/5d62b276cf9582e2473f10e6caaeca56/r_34",
            "rotation": 0.12566370614359174,
            "transform_matrix": [
                [
                    0.8572842478752136,
                    -0.15183311700820923,
                    -0.49194538593292236,
                    -1.983095407485962
                ],
                [
                    -0.514843225479126,
                    -0.2528228759765625,
                    -0.8191561698913574,
                    -3.302124500274658
                ],
                [
                    -1.4901160305669237e-08,
                    0.9555245637893677,
                    -0.29491132497787476,
                    -1.1888257265090942
                ],
                [
                    0.0,
                    0.0,
                    0.0,
                    1.0
                ]
            ]
        },
        {
            "file_path": "/data/shapenet_blender/all_50_random/02958343/5d62b276cf9582e2473f10e6caaeca56/r_35",
            "rotation": 0.12566370614359174,
            "transform_matrix": [
                [
                    -0.9960217475891113,
                    0.07731688022613525,
                    0.04430374503135681,
                    0.17859412729740143
                ],
                [
                    0.08911073207855225,
                    0.8641977906227112,
                    0.49519845843315125,
                    1.996208906173706
                ],
                [
                    3.725290298461914e-09,
                    0.4971763491630554,
                    -0.8676493763923645,
                    -3.4976067543029785
                ],
                [
                    0.0,
                    0.0,
                    0.0,
                    1.0
                ]
            ]
        },
        {
            "file_path": "/data/shapenet_blender/all_50_random/02958343/5d62b276cf9582e2473f10e6caaeca56/r_36",
            "rotation": 0.12566370614359174,
            "transform_matrix": [
                [
                    -0.41573917865753174,
                    -0.22562836110591888,
                    -0.8810519576072693,
                    -3.5516343116760254
                ],
                [
                    -0.909483790397644,
                    0.10313823074102402,
                    0.40274256467819214,
                    1.6235073804855347
                ],
                [
                    0.0,
                    0.9687385559082031,
                    -0.2480839043855667,
                    -1.0000582933425903
                ],
                [
                    0.0,
                    0.0,
                    0.0,
                    1.0
                ]
            ]
        },
        {
            "file_path": "/data/shapenet_blender/all_50_random/02958343/5d62b276cf9582e2473f10e6caaeca56/r_37",
            "rotation": 0.12566370614359174,
            "transform_matrix": [
                [
                    0.7978163361549377,
                    0.16337673366069794,
                    0.5803423523902893,
                    2.339434862136841
                ],
                [
                    0.6029006838798523,
                    -0.21619583666324615,
                    -0.7679648995399475,
                    -3.0957655906677246
                ],
                [
                    0.0,
                    0.9625836610794067,
                    -0.2709845006465912,
                    -1.0923734903335571
                ],
                [
                    0.0,
                    0.0,
                    0.0,
                    1.0
                ]
            ]
        },
        {
            "file_path": "/data/shapenet_blender/all_50_random/02958343/5d62b276cf9582e2473f10e6caaeca56/r_38",
            "rotation": 0.12566370614359174,
            "transform_matrix": [
                [
                    0.7731258869171143,
                    0.1936626136302948,
                    0.6039628386497498,
                    2.434652090072632
                ],
                [
                    0.6342525482177734,
                    -0.23606617748737335,
                    -0.7362040281295776,
                    -2.967733383178711
                ],
                [
                    0.0,
                    0.952243447303772,
                    -0.30533987283706665,
                    -1.230864405632019
                ],
                [
                    0.0,
                    0.0,
                    0.0,
                    1.0
                ]
            ]
        },
        {
            "file_path": "/data/shapenet_blender/all_50_random/02958343/5d62b276cf9582e2473f10e6caaeca56/r_39",
            "rotation": 0.12566370614359174,
            "transform_matrix": [
                [
                    -0.16976501047611237,
                    0.6423379778862,
                    -0.747383177280426,
                    -3.012798309326172
                ],
                [
                    -0.9854845404624939,
                    -0.11065270006656647,
                    0.12874835729599,
                    0.519001305103302
                ],
                [
                    0.0,
                    0.7583916187286377,
                    0.6517990231513977,
                    2.627486228942871
                ],
                [
                    0.0,
                    0.0,
                    0.0,
                    1.0
                ]
            ]
        },
        {
            "file_path": "/data/shapenet_blender/all_50_random/02958343/5d62b276cf9582e2473f10e6caaeca56/r_40",
            "rotation": 0.12566370614359174,
            "transform_matrix": [
                [
                    -0.5283005833625793,
                    -0.13195914030075073,
                    0.838740348815918,
                    3.381070375442505
                ],
                [
                    0.8490574359893799,
                    -0.08210763335227966,
                    0.5218810439109802,
                    2.1037697792053223
                ],
                [
                    7.450580596923828e-09,
                    0.9878486394882202,
                    0.15541842579841614,
                    0.6265116930007935
                ],
                [
                    0.0,
                    0.0,
                    0.0,
                    1.0
                ]
            ]
        },
        {
            "file_path": "/data/shapenet_blender/all_50_random/02958343/5d62b276cf9582e2473f10e6caaeca56/r_41",
            "rotation": 0.12566370614359174,
            "transform_matrix": [
                [
                    -0.9815016388893127,
                    -0.011744217947125435,
                    0.19109341502189636,
                    0.7703222036361694
                ],
                [
                    0.1914539784193039,
                    -0.06020752340555191,
                    0.9796531796455383,
                    3.949108362197876
                ],
                [
                    9.31322685637781e-10,
