{
    "class": "02958343",
    "model": "5ec3322293a39816ad7e7cea4034d226",
    "remove_doubles": true,
    "edge_split": true,
    "denoise": true,
    "camera_angle_x": 0.6911112070083618,
    "scale_factor": 2.284283658167077,
    "hdri_file": "/data/IndoorHDRDataset2018/9C4A1025-08238e4b68.exr",
    "center_offset": [
        0.0,
        -1.862645149230957e-09,
        -3.725290298461914e-09
    ],
    "lights": [],
    "frames": [
        {
            "file_path": "/data/shapenet_blender/all_50_random/02958343/5ec3322293a39816ad7e7cea4034d226/r_0",
            "rotation": 0.12566370614359174,
            "transform_matrix": [
                [
                    0.14636516571044922,
                    0.871793270111084,
                    0.4674972593784332,
                    1.8845417499542236
                ],
                [
                    0.9892306327819824,
                    -0.1289892941713333,
                    -0.06917023658752441,
                    -0.27883413434028625
                ],
                [
                    0.0,
                    0.47258666157722473,
                    -0.8812841773033142,
                    -3.552570104598999
                ],
                [
                    0.0,
                    0.0,
                    0.0,
                    1.0
                ]
            ]
        },
        {
            "file_path": "/data/shapenet_blender/all_50_random/02958343/5ec3322293a39816ad7e7cea4034d226/r_1",
            "rotation": 0.12566370614359174,
            "transform_matrix": [
                [
                    -0.3592170774936676,
                    0.5803908705711365,
                    -0.7308279275894165,
                    -2.946061611175537
                ],
                [
                    -0.9332541227340698,
                    -0.2233971804380417,
                    0.2813016176223755,
                    1.1339631080627441
                ],
                [
                    -1.4901162970204496e-08,
                    0.7830964922904968,
                    0.621900200843811,
                    2.506959915161133
                ],
                [
                    0.0,
                    0.0,
                    0.0,
                    1.0
                ]
            ]
        },
        {
            "file_path": "/data/shapenet_blender/all_50_random/02958343/5ec3322293a39816ad7e7cea4034d226/r_2",
            "rotation": 0.12566370614359174,
            "transform_matrix": [
                [
                    -0.999828577041626,
                    -0.002745735691860318,
                    -0.01831625960767269,
                    -0.07383519411087036
                ],
                [
                    -0.018520919606089592,
                    0.1482250839471817,
                    0.9887803196907043,
                    3.985900402069092
                ],
                [
                    -2.3283064365386963e-10,
                    0.9889497756958008,
                    -0.148250550031662,
                    -0.5976170301437378
                ],
                [
                    0.0,
                    0.0,
                    0.0,
                    1.0
                ]
            ]
        },
        {
            "file_path": "/data/shapenet_blender/all_50_random/02958343/5ec3322293a39816ad7e7cea4034d226/r_3",
            "rotation": 0.12566370614359174,
            "transform_matrix": [
                [
                    0.4247998595237732,
                    0.12849582731723785,
                    -0.8961215019226074,
                    -3.6123814582824707
                ],
                [
                    -0.9052872061729431,
                    0.06029579043388367,
                    -0.42049890756607056,
                    -1.6950854063034058
                ],
                [
                    -3.725290298461914e-09,
                    0.9898752570152283,
                    0.14193926751613617,
                    0.5721755623817444
                ],
                [
                    0.0,
                    0.0,
                    0.0,
                    1.0
                ]
            ]
        },
        {
            "file_path": "/data/shapenet_blender/all_50_random/02958343/5ec3322293a39816ad7e7cea4034d226/r_4",
            "rotation": 0.12566370614359174,
            "transform_matrix": [
                [
                    0.9200419187545776,
                    0.3195439279079437,
                    -0.2267477810382843,
                    -0.9140496253967285
                ],
                [
                    -0.3918200135231018,
                    0.7503287196159363,
                    -0.5324318408966064,
                    -2.146301746368408
                ],
                [
                    0.0,
                    0.5787039995193481,
                    0.8155375719070435,
                    3.2875373363494873
                ],
                [
                    0.0,
                    0.0,
                    0.0,
                    1.0
                ]
            ]
        },
        {
            "file_path": "/data/shapenet_blender/all_50_random/02958343/5ec3322293a39816ad7e7cea4034d226/r_5",
            "rotation": 0.12566370614359174,
            "transform_matrix": [
                [
                    0.9784699082374573,
                    0.011023563332855701,
                    -0.2060949206352234,
                    -0.8307952284812927
                ],
                [
                    -0.20638954639434814,
                    0.05226149410009384,
                    -0.9770731925964355,
                    -3.9387080669403076
                ],
                [
                    0.0,
                    0.998572587966919,
                    0.05341144651174545,
                    0.21530842781066895
                ],
                [
                    0.0,
                    0.0,
                    0.0,
                    1.0
                ]
            ]
        },
        {
            "file_path": "/data/shapenet_blender/all_50_random/02958343/5ec3322293a39816ad7e7cea4034d226/r_6",
            "rotation": 0.12566370614359174,
            "transform_matrix": [
                [
                    0.43754148483276367,
                    0.000790207355748862,
                    -0.8991978168487549,
                    -3.6247823238372803
                ],
                [
                    -0.8991981744766235,
                    0.0003845076134894043,
                    -0.43754133582115173,
                    -1.7637856006622314
                ],
                [
                    2.9103826987286752e-11,
                    0.9999996423721313,
                    0.0008787910919636488,
                    0.0035425201058387756
                ],
                [
                    0.0,
                    0.0,
                    0.0,
                    1.0
                ]
            ]
        },
        {
            "file_path": "/data/shapenet_blender/all_50_random/02958343/5ec3322293a39816ad7e7cea4034d226/r_7",
            "rotation": 0.12566370614359174,
            "transform_matrix": [
                [
                    0.8982281684875488,
                    -0.39755910634994507,
                    -0.18743765354156494,
                    -0.7555853724479675
                ],
                [
                    -0.4395294189453125,
                    -0.8124570846557617,
                    -0.3830500543117523,
                    -1.5441241264343262
                ],
                [
                    0.0,
                    0.4264506697654724,
                    -0.9045107960700989,
                    -3.6461997032165527
                ],
                [
                    0.0,
                    0.0,
                    0.0,
                    1.0
                ]
            ]
        },
        {
            "file_path": "/data/shapenet_blender/all_50_random/02958343/5ec3322293a39816ad7e7cea4034d226/r_8",
            "rotation": 0.12566370614359174,
            "transform_matrix": [
                [
                    0.9156311750411987,
                    0.30516546964645386,
                    -0.26171284914016724,
                    -1.0549983978271484
                ],
                [
                    -0.4020193815231323,
                    0.6950386166572571,
                    -0.5960718393325806,
                    -2.4028427600860596
                ],
                [
                    0.0,
                    0.6509957313537598,
                    0.7590813040733337,
                    3.059954881668091
                ],
                [
                    0.0,
                    0.0,
                    0.0,
                    1.0
                ]
            ]
        },
        {
            "file_path": "/data/shapenet_blender/all_50_random/02958343/5ec3322293a39816ad7e7cea4034d226/r_9",
            "rotation": 0.12566370614359174,
            "transform_matrix": [
                [
                    -0.4315813183784485,
                    -0.11851469427347183,
                    -0.8942548632621765,
                    -3.6048569679260254
                ],
                [
                    -0.9020741581916809,
                    0.05670125037431717,
                    0.42784032225608826,
                    1.7246795892715454
                ],
                [
                    3.725290742551124e-09,
                    0.9913320541381836,
                    -0.13138021528720856,
                    -0.5296106338500977
                ],
                [
                    0.0,
                    0.0,
                    0.0,
                    1.0
                ]
            ]
        },
        {
            "file_path": "/data/shapenet_blender/all_50_random/02958343/5ec3322293a39816ad7e7cea4034d226/r_10",
            "rotation": 0.12566370614359174,
            "transform_matrix": [
                [
                    0.2761515974998474,
                    -0.40646034479141235,
                    -0.8709364533424377,
                    -3.510857105255127
                ],
                [
                    -0.9611141681671143,
                    -0.11678600311279297,
                    -0.25024133920669556,
                    -1.008755087852478
                ],
                [
                    -7.450581485102248e-09,
                    0.906173825263977,
                    -0.42290541529655457,
                    -1.7047863006591797
                ],
                [
                    0.0,
                    0.0,
                    0.0,
                    1.0
                ]
            ]
        },
        {
            "file_path": "/data/shapenet_blender/all_50_random/02958343/5ec3322293a39816ad7e7cea4034d226/r_11",
            "rotation": 0.12566370614359174,
            "transform_matrix": [
                [
                    -0.7897473573684692,
                    -0.05809371918439865,
                    0.6106752753257751,
                    2.4617109298706055
                ],
                [
                    0.6134324073791504,
                    -0.07479121536016464,
                    0.7861977219581604,
                    3.169264554977417
                ],
                [
                    -3.725290742551124e-09,
                    0.9955056309700012,
                    0.09470270574092865,
                    0.38175883889198303
                ],
                [
                    0.0,
                    0.0,
                    0.0,
                    1.0
                ]
            ]
        },
        {
            "file_path": "/data/shapenet_blender/all_50_random/02958343/5ec3322293a39816ad7e7cea4034d226/r_12",
            "rotation": 0.12566370614359174,
            "transform_matrix": [
                [
                    0.8421306610107422,
                    0.3695579171180725,
                    0.39273780584335327,
                    1.5831767320632935
                ],
                [
                    0.5392736792564392,
                    -0.5771021842956543,
                    -0.6133000254631042,
                    -2.4722914695739746
                ],
                [
                    -2.980232594040899e-08,
                    0.7282717227935791,
                    -0.6852883696556091,
                    -2.7624857425689697
                ],
                [
                    0.0,
                    0.0,
                    0.0,
                    1.0
                ]
            ]
        },
        {
            "file_path": "/data/shapenet_blender/all_50_random/02958343/5ec3322293a39816ad7e7cea4034d226/r_13",
            "rotation": 0.12566370614359174,
            "transform_matrix": [
                [
                    0.4708728492259979,
                    0.5849424004554749,
                    -0.6603947281837463,
                    -2.6621363162994385
                ],
                [
                    -0.8822010159492493,
                    0.31221169233322144,
                    -0.35248419642448425,
                    -1.4209092855453491
                ],
                [
                    0.0,
                    0.7485761642456055,
                    0.6630488038063049,
                    2.672835111618042
                ],
                [
                    0.0,
                    0.0,
                    0.0,
                    1.0
                ]
            ]
        },
        {
            "file_path": "/data/shapenet_blender/all_50_random/02958343/5ec3322293a39816ad7e7cea4034d226/r_14",
            "rotation": 0.12566370614359174,
            "transform_matrix": [
                [
                    0.781119704246521,
                    0.1423715353012085,
                    0.6079328656196594,
                    2.450655698776245
                ],
                [
                    0.6243813633918762,
                    -0.17811104655265808,
                    -0.7605421543121338,
                    -3.0658435821533203
                ],
                [
                    7.450580596923828e-09,
                    0.9736563563346863,
                    -0.22802019119262695,
                    -0.9191787838935852
                ],
                [
                    0.0,
                    0.0,
                    0.0,
                    1.0
                ]
            ]
        },
        {
            "file_path": "/data/shapenet_blender/all_50_random/02958343/5ec3322293a39816ad7e7cea4034d226/r_15",
            "rotation": 0.12566370614359174,
            "transform_matrix": [
                [
                    0.3061458468437195,
                    -0.25100240111351013,
                    -0.918298602104187,
                    -3.701780319213867
                ],
                [
                    -0.9519846439361572,
                    -0.08071910589933395,
                    -0.29531288146972656,
                    -1.1904444694519043
                ],
                [
                    7.450580596923828e-09,
                    0.964614987373352,
                    -0.2636622190475464,
                    -1.0628565549850464
                ],
                [
                    0.0,
                    0.0,
                    0.0,
                    1.0
                ]
            ]
        },
        {
            "file_path": "/data/shapenet_blender/all_50_random/02958343/5ec3322293a39816ad7e7cea4034d226/r_16",
            "rotation": 0.12566370614359174,
            "transform_matrix": [
                [
                    0.9885969758033752,
                    -0.041645877063274384,
                    0.14471231400966644,
                    0.5833539366722107
                ],
                [
                    0.1505856215953827,
                    0.27340584993362427,
                    -0.9500386118888855,
                    -3.8297276496887207
                ],
                [
                    -3.725290076417309e-09,
                    0.9609967470169067,
                    0.2765595018863678,
                    1.1148468255996704
                ],
                [
                    0.0,
                    0.0,
                    0.0,
                    1.0
                ]
            ]
        },
        {
            "file_path": "/data/shapenet_blender/all_50_random/02958343/5ec3322293a39816ad7e7cea4034d226/r_17",
            "rotation": 0.12566370614359174,
            "transform_matrix": [
                [
                    0.5956360697746277,
                    0.0880623385310173,
                    0.7984126210212708,
                    3.2185041904449463
                ],
                [
                    0.8032544255256653,
                    -0.06530073285102844,
                    -0.5920457243919373,
                    -2.3866126537323
                ],
                [
                    0.0,
                    0.9939721822738647,
                    -0.10963194817304611,
                    -0.4419405162334442
                ],
                [
                    0.0,
                    0.0,
                    0.0,
                    1.0
                ]
            ]
        },
        {
            "file_path": "/data/shapenet_blender/all_50_random/02958343/5ec3322293a39816ad7e7cea4034d226/r_18",
            "rotation": 0.12566370614359174,
            "transform_matrix": [
                [
                    0.43927574157714844,
                    -0.8875676989555359,
                    0.13878199458122253,
                    0.5594481229782104
                ],
                [
                    0.8983523845672607,
                    0.43400225043296814,
                    -0.06786152720451355,
                    -0.2735585570335388
                ],
                [
                    3.725290742551124e-09,
                    0.15448471903800964,
                    0.9879951477050781,
                    3.9827358722686768
                ],
                [
                    0.0,
                    0.0,
                    0.0,
                    1.0
                ]
            ]
        },
        {
            "file_path": "/data/shapenet_blender/all_50_random/02958343/5ec3322293a39816ad7e7cea4034d226/r_19",
            "rotation": 0.12566370614359174,
            "transform_matrix": [
                [
                    0.4669044613838196,
                    0.14568772912025452,
                    -0.8722243309020996,
                    -3.5160486698150635
                ],
                [
                    -0.8843078017234802,
                    0.07692146301269531,
                    -0.4605245292186737,
                    -1.8564337491989136
                ],
                [
                    -7.450580596923828e-09,
                    0.9863357543945312,
                    0.16474774479866028,
                    0.6641194224357605
                ],
                [
                    0.0,
                    0.0,
                    0.0,
                    1.0
                ]
            ]
        },
        {
            "file_path": "/data/shapenet_blender/all_50_random/02958343/5ec3322293a39816ad7e7cea4034d226/r_20",
            "rotation": 0.12566370614359174,
            "transform_matrix": [
                [
                    0.7564648389816284,
                    -0.106169193983078,
                    0.6453596353530884,
                    2.6015281677246094
                ],
                [
                    0.654034435749054,
                    0.1227966845035553,
                    -0.7464314103126526,
                    -3.0089614391326904
                ],
                [
                    -7.450581485102248e-09,
                    0.986736536026001,
                    0.16232965886592865,
                    0.6543718576431274
                ],
                [
                    0.0,
                    0.0,
                    0.0,
                    1.0
                ]
            ]
        },
        {
            "file_path": "/data/shapenet_blender/all_50_random/02958343/5ec3322293a39816ad7e7cea4034d226/r_21",
            "rotation": 0.12566370614359174,
            "transform_matrix": [
                [
                    0.981367290019989,
                    -0.07092113047838211,
                    -0.17857319116592407,
                    -0.7198516130447388
                ],
                [
                    -0.1921410858631134,
                    -0.36223211884498596,
                    -0.912068784236908,
                    -3.6766672134399414
                ],
                [
                    0.0,
                    0.9293857216835022,
                    -0.3691096305847168,
                    -1.4879286289215088
                ],
                [
                    0.0,
                    0.0,
                    0.0,
                    1.0
                ]
            ]
        },
        {
            "file_path": "/data/shapenet_blender/all_50_random/02958343/5ec3322293a39816ad7e7cea4034d226/r_22",
            "rotation": 0.12566370614359174,
            "transform_matrix": [
                [
                    -0.03616173937916756,
                    0.1271718442440033,
                    -0.9912213683128357,
                    -3.9957406520843506
                ],
                [
                    -0.9993458986282349,
                    -0.0046017649583518505,
                    0.03586775064468384,
                    0.14458751678466797
                ],
                [
                    0.0,
                    0.9918699860572815,
                    0.12725508213043213,
                    0.5129815936088562
                ],
                [
                    0.0,
                    0.0,
                    0.0,
                    1.0
                ]
            ]
        },
        {
            "file_path": "/data/shapenet_blender/all_50_random/02958343/5ec3322293a39816ad7e7cea4034d226/r_23",
            "rotation": 0.12566370614359174,
            "transform_matrix": [
                [
                    -0.4274844229221344,
                    0.29156142473220825,
                    -0.8557154536247253,
                    -3.4494993686676025
                ],
                [
                    -0.9040226936340332,
                    -0.1378704011440277,
                    0.40464141964912415,
                    1.6311616897583008
                ],
                [
                    -7.450580596923828e-09,
                    0.9465641379356384,
                    0.3225156366825104,
                    1.3001021146774292
                ],
                [
                    0.0,
                    0.0,
                    0.0,
                    1.0
                ]
            ]
        },
        {
            "file_path": "/data/shapenet_blender/all_50_random/02958343/5ec3322293a39816ad7e7cea4034d226/r_24",
            "rotation": 0.12566370614359174,
            "transform_matrix": [
                [
                    0.44162169098854065,
                    -0.5153415203094482,
                    -0.7344341278076172,
                    -2.9605982303619385
                ],
                [
                    -0.8972012996673584,
                    -0.2536621391773224,
                    -0.3615041971206665,
                    -1.4572699069976807
                ],
                [
                    -1.4901160305669237e-08,
                    0.8185832500457764,
                    -0.5743878483772278,
                    -2.3154311180114746
                ],
                [
                    0.0,
                    0.0,
                    0.0,
                    1.0
                ]
            ]
        },
        {
            "file_path": "/data/shapenet_blender/all_50_random/02958343/5ec3322293a39816ad7e7cea4034d226/r_25",
            "rotation": 0.12566370614359174,
            "transform_matrix": [
                [
                    -0.9332726001739502,
                    0.25237298011779785,
                    -0.25555849075317383,
                    -1.0301892757415771
                ],
                [
                    -0.3591688573360443,
                    -0.655771791934967,
                    0.6640490293502808,
                    2.6768672466278076
                ],
                [
                    -2.9802322387695312e-08,
                    0.711527407169342,
                    0.7026583552360535,
                    2.8325064182281494
                ],
                [
                    0.0,
                    0.0,
                    0.0,
                    1.0
                ]
            ]
        },
        {
            "file_path": "/data/shapenet_blender/all_50_random/02958343/5ec3322293a39816ad7e7cea4034d226/r_26",
            "rotation": 0.12566370614359174,
            "transform_matrix": [
                [
                    -0.9978482723236084,
                    0.05172230303287506,
                    -0.040293917059898376,
                    -0.16242998838424683
                ],
                [
                    -0.06556521356105804,
                    -0.7871707081794739,
                    0.6132400631904602,
                    2.4720499515533447
                ],
                [
                    -3.725290298461914e-09,
                    0.6145623922348022,
                    0.7888680696487427,
                    3.1800291538238525
                ],
                [
                    0.0,
                    0.0,
                    0.0,
                    1.0
                ]
            ]
        },
        {
            "file_path": "/data/shapenet_blender/all_50_random/02958343/5ec3322293a39816ad7e7cea4034d226/r_27",
            "rotation": 0.12566370614359174,
            "transform_matrix": [
                [
                    0.9316861629486084,
                    -0.02618613839149475,
                    -0.36231911182403564,
                    -1.460555076599121
                ],
                [
                    -0.36326417326927185,
                    -0.06716121733188629,
                    -0.9292623400688171,
                    -3.745976209640503
                ],
                [
                    0.0,
                    0.9973984360694885,
                    -0.0720856562256813,
                    -0.29058656096458435
                ],
                [
                    0.0,
                    0.0,
                    0.0,
                    1.0
                ]
            ]
        },
        {
            "file_path": "/data/shapenet_blender/all_50_random/02958343/5ec3322293a39816ad7e7cea4034d226/r_28",
            "rotation": 0.12566370614359174,
            "transform_matrix": [
                [
                    0.6348850131034851,
                    -0.3788226246833801,
                    0.6733604669570923,
                    2.7144031524658203
                ],
                [
                    0.7726066708564758,
                    0.3112952709197998,
                    -0.5533300042152405,
                    -2.2305448055267334
                ],
                [
                    0.0,
                    0.8715436458587646,
                    0.49031761288642883,
                    1.9765336513519287
                ],
                [
                    0.0,
                    0.0,
                    0.0,
                    1.0
                ]
            ]
        },
        {
            "file_path": "/data/shapenet_blender/all_50_random/02958343/5ec3322293a39816ad7e7cea4034d226/r_29",
            "rotation": 0.12566370614359174,
            "transform_matrix": [
                [
                    0.9999207854270935,
                    -0.0001942340168170631,
                    -0.01258679386228323,
                    -0.05073899030685425
                ],
                [
                    -0.012588292360305786,
                    -0.0154285142198205,
                    -0.999801754951477,
                    -4.030329704284668
                ],
                [
                    -1.4551914361005114e-11,
                    0.9998809695243835,
                    -0.015429737977683544,
                    -0.06219926476478577
                ],
                [
                    0.0,
                    0.0,
                    0.0,
                    1.0
                ]
            ]
        },
        {
            "file_path": "/data/shapenet_blender/all_50_random/02958343/5ec3322293a39816ad7e7cea4034d226/r_30",
            "rotation": 0.12566370614359174,
            "transform_matrix": [
                [
                    0.1312382072210312,
                    -0.9050840139389038,
                    0.40447431802749634,
                    1.6304881572723389
                ],
                [
                    0.9913508892059326,
                    0.11981792747974396,
                    -0.05354560539126396,
                    -0.21584923565387726
                ],
                [
                    -3.725290742551124e-09,
                    0.40800315141677856,
                    0.9129804372787476,
                    3.680341958999634
                ],
                [
                    0.0,
                    0.0,
                    0.0,
                    1.0
                ]
            ]
        },
        {
            "file_path": "/data/shapenet_blender/all_50_random/02958343/5ec3322293a39816ad7e7cea4034d226/r_31",
            "rotation": 0.12566370614359174,
            "transform_matrix": [
                [
                    -0.6253584623336792,
                    -0.05736937001347542,
                    0.7782257199287415,
                    3.1371285915374756
                ],
                [
                    0.7803375720977783,
                    -0.045975517481565475,
                    0.6236661076545715,
                    2.5140788555145264
                ],
                [
                    0.0,
                    0.9972938299179077,
                    0.07351864129304886,
                    0.29636314511299133
                ],
                [
                    0.0,
                    0.0,
                    0.0,
                    1.0
                ]
            ]
        },
        {
            "file_path": "/data/shapenet_blender/all_50_random/02958343/5ec3322293a39816ad7e7cea4034d226/r_32",
            "rotation": 0.12566370614359174,
            "transform_matrix": [
                [
                    -0.9684678912162781,
                    -0.07920869439840317,
                    0.2362116426229477,
                    0.9521995782852173
                ],
                [
                    0.24913842976093292,
                    -0.3079054355621338,
                    0.9182179570198059,
                    3.7014548778533936
                ],
                [
                    0.0,
                    0.9481139183044434,
                    0.31793051958084106,
                    1.2816189527511597
                ],
                [
                    0.0,
                    0.0,
                    0.0,
                    1.0
                ]
            ]
        },
        {
            "file_path": "/data/shapenet_blender/all_50_random/02958343/5ec3322293a39816ad7e7cea4034d226/r_33",
            "rotation": 0.12566370614359174,
            "transform_matrix": [
                [
                    -0.16408012807369232,
                    0.609798789024353,
                    0.7753857374191284,
                    3.1256802082061768
                ],
                [
                    0.9864469170570374,
                    0.10143056511878967,
                    0.12897337973117828,
                    0.5199083685874939
                ],
                [
                    0.0,
                    0.7860390543937683,
                    -0.6181768178939819,
                    -2.491950750350952
                ],
                [
                    0.0,
                    0.0,
                    0.0,
                    1.0
                ]
            ]
        },
        {
            "file_path": "/data/shapenet_blender/all_50_random/02958343/5ec3322293a39816ad7e7cea4034d226/r_34",
            "rotation": 0.12566370614359174,
            "transform_matrix": [
                [
                    -0.9298822283744812,
                    -0.1838674396276474,
                    -0.3186093866825104,
                    -1.2843555212020874
                ],
                [
                    -0.36785757541656494,
                    0.46478602290153503,
                    0.8053910136222839,
                    3.2466349601745605
                ],
                [
                    0.0,
                    0.8661215305328369,
                    -0.4998333156108856,
                    -2.014892578125
                ],
                [
                    0.0,
                    0.0,
                    0.0,
                    1.0
                ]
            ]
        },
        {
            "file_path": "/data/shapenet_blender/all_50_random/02958343/5ec3322293a39816ad7e7cea4034d226/r_35",
            "rotation": 0.12566370614359174,
            "transform_matrix": [
                [
                    -0.051318854093551636,
                    -0.330306738615036,
                    -0.9424775242805481,
                    -3.799248456954956
                ],
                [
                    -0.9986823201179504,
                    0.016973327845335007,
                    0.048430684953927994,
                    0.19523033499717712
                ],
                [
                    -1.862645149230957e-09,
                    0.9437209963798523,
                    -0.3307425379753113,
                    -1.333265781402588
                ],
                [
                    0.0,
                    0.0,
                    0.0,
                    1.0
                ]
            ]
        },
        {
            "file_path": "/data/shapenet_blender/all_50_random/02958343/5ec3322293a39816ad7e7cea4034d226/r_36",
            "rotation": 0.12566370614359174,
            "transform_matrix": [
                [
                    -0.9919533729553223,
                    0.030931677669286728,
                    0.12276722490787506,
                    0.4948905110359192
                ],
                [
                    0.12660394608974457,
                    0.2423524707555771,
                    0.9618922472000122,
                    3.877511739730835
                ],
                [
                    1.862645149230957e-09,
                    0.969694972038269,
                    -0.24431844055652618,
                    -0.9848791360855103
                ],
                [
                    0.0,
                    0.0,
                    0.0,
                    1.0
                ]
            ]
        },
        {
            "file_path": "/data/shapenet_blender/all_50_random/02958343/5ec3322293a39816ad7e7cea4034d226/r_37",
            "rotation": 0.12566370614359174,
            "transform_matrix": [
                [
                    -0.5158460736274719,
                    0.5236059427261353,
                    0.6780410408973694,
                    2.7332708835601807
                ],
                [
                    0.8566813468933105,
                    0.3152865171432495,
                    0.40827876329421997,
                    1.6458243131637573
                ],
                [
                    0.0,
                    0.7914739847183228,
                    -0.6112027764320374,
                    -2.463837146759033
                ],
                [
                    0.0,
                    0.0,
                    0.0,
                    1.0
                ]
            ]
        },
        {
            "file_path": "/data/shapenet_blender/all_50_random/02958343/5ec3322293a39816ad7e7cea4034d226/r_38",
            "rotation": 0.12566370614359174,
            "transform_matrix": [
                [
                    -0.9798018336296082,
                    0.1939031183719635,
                    0.04888826981186867,
                    0.19707491993904114
                ],
                [
                    0.19997121393680573,
                    0.9500699639320374,
                    0.23953856527805328,
                    0.9656108617782593
                ],
                [
                    -3.725290298461914e-09,
                    0.24447636306285858,
                    -0.9696552157402039,
                    -3.9088051319122314
                ],
                [
                    0.0,
                    0.0,
                    0.0,
                    1.0
                ]
            ]
        },
        {
            "file_path": "/data/shapenet_blender/all_50_random/02958343/5ec3322293a39816ad7e7cea4034d226/r_39",
            "rotation": 0.12566370614359174,
            "transform_matrix": [
                [
                    0.9774922132492065,
                    -0.14246486127376556,
                    0.15560485422611237,
                    0.6272633075714111
                ],
                [
                    0.210971862077713,
                    0.6600799560546875,
                    -0.7209612131118774,
                    -2.906287908554077
                ],
                [
                    -7.450581485102248e-09,
                    0.7375622391700745,
                    0.6752790808677673,
                    2.722137212753296
                ],
                [
                    0.0,
                    0.0,
                    0.0,
                    1.0
                ]
            ]
        },
        {
            "file_path": "/data/shapenet_blender/all_50_random/02958343/5ec3322293a39816ad7e7cea4034d226/r_40",
            "rotation": 0.12566370614359174,
            "transform_matrix": [
                [
                    -0.713579535484314,
                    0.24544702470302582,
                    0.6561707258224487,
                    2.645108699798584
                ],
                [
                    0.7005742788314819,
                    0.2500034272670746,
                    0.6683517098426819,
                    2.694211959838867
                ],
                [
                    0.0,
                    0.9366183280944824,
                    -0.3503512144088745,
                    -1.4123109579086304
                ],
                [
                    0.0,
                    0.0,
                    0.0,
                    1.0
                ]
            ]
        },
        {
            "file_path": "/data/shapenet_blender/all_50_random/02958343/5ec3322293a39816ad7e7cea4034d226/r_41",
            "rotation": 0.12566370614359174,
            "transform_matrix": [
                [
                    -0.5806349515914917,
                    0.22963838279247284,
                    -0.7811076045036316,
                    -3.1487457752227783
                ],
                [
                    -0.8141639232635498,
                    -0.16377054154872894,
