{
    "class": "02958343",
    "model": "d4abda76f4db60086d07c55cf995503e",
    "remove_doubles": true,
    "edge_split": true,
    "denoise": true,
    "camera_angle_x": 0.6911112070083618,
    "scale_factor": 2.2131458803427306,
    "hdri_file": "/data/IndoorHDRDataset2018/AG8A0420-8da77f44e3.exr",
    "center_offset": [
        0.0,
        -1.862645149230957e-09,
        -3.725290298461914e-09
    ],
    "lights": [],
    "frames": [
        {
            "file_path": "/data/shapenet_blender/all_50_random/02958343/d4abda76f4db60086d07c55cf995503e/r_0",
            "rotation": 0.12566370614359174,
            "transform_matrix": [
                [
                    -0.6421366333961487,
                    -0.054471030831336975,
                    0.7646525502204895,
                    3.0824129581451416
                ],
                [
                    0.7665902376174927,
                    -0.04562781751155853,
                    0.6405134797096252,
                    2.5819923877716064
                ],
                [
                    -3.725290298461914e-09,
                    0.99747234582901,
                    0.07105624675750732,
                    0.28643688559532166
                ],
                [
                    0.0,
                    0.0,
                    0.0,
                    1.0
                ]
            ]
        },
        {
            "file_path": "/data/shapenet_blender/all_50_random/02958343/d4abda76f4db60086d07c55cf995503e/r_1",
            "rotation": 0.12566370614359174,
            "transform_matrix": [
                [
                    0.478209525346756,
                    -0.05046578869223595,
                    0.876794695854187,
                    3.5344719886779785
                ],
                [
                    0.8782457113265991,
                    0.027478894218802452,
                    -0.4774194359779358,
                    -1.9245390892028809
                ],
                [
                    0.0,
                    0.9983476400375366,
                    0.05746204033493996,
                    0.2316368669271469
                ],
                [
                    0.0,
                    0.0,
                    0.0,
                    1.0
                ]
            ]
        },
        {
            "file_path": "/data/shapenet_blender/all_50_random/02958343/d4abda76f4db60086d07c55cf995503e/r_2",
            "rotation": 0.12566370614359174,
            "transform_matrix": [
                [
                    -0.003705280600115657,
                    -0.5159235000610352,
                    -0.856626570224762,
                    -3.453172445297241
                ],
                [
                    -0.999993085861206,
                    0.0019116546027362347,
                    0.0031740637496113777,
                    0.012795060873031616
                ],
                [
                    -1.1641531488804091e-10,
                    0.8566324710845947,
                    -0.5159269571304321,
                    -2.079768419265747
                ],
                [
                    0.0,
                    0.0,
                    0.0,
                    1.0
                ]
            ]
        },
        {
            "file_path": "/data/shapenet_blender/all_50_random/02958343/d4abda76f4db60086d07c55cf995503e/r_3",
            "rotation": 0.12566370614359174,
            "transform_matrix": [
                [
                    -0.5387600064277649,
                    0.37550482153892517,
                    -0.7541444301605225,
                    -3.040053367614746
                ],
                [
                    -0.8424593210220337,
                    -0.24013856053352356,
                    0.4822818636894226,
                    1.9441404342651367
                ],
                [
                    0.0,
                    0.8951702117919922,
                    0.4457245171070099,
                    1.7967729568481445
                ],
                [
                    0.0,
                    0.0,
                    0.0,
                    1.0
                ]
            ]
        },
        {
            "file_path": "/data/shapenet_blender/all_50_random/02958343/d4abda76f4db60086d07c55cf995503e/r_4",
            "rotation": 0.12566370614359174,
            "transform_matrix": [
                [
                    0.7791723608970642,
                    -0.5708264112472534,
                    -0.2589353919029236,
                    -1.04380202293396
                ],
                [
                    -0.6268097162246704,
                    -0.7095808386802673,
                    -0.3218764662742615,
                    -1.2975256443023682
                ],
                [
                    0.0,
                    0.4131004512310028,
                    -0.9106853604316711,
                    -3.6710903644561768
                ],
                [
                    0.0,
                    0.0,
                    0.0,
                    1.0
                ]
            ]
        },
        {
            "file_path": "/data/shapenet_blender/all_50_random/02958343/d4abda76f4db60086d07c55cf995503e/r_5",
            "rotation": 0.12566370614359174,
            "transform_matrix": [
                [
                    0.49051129817962646,
                    -0.48963865637779236,
                    0.7208693623542786,
                    2.9059174060821533
                ],
                [
                    0.8714349269866943,
                    0.2756066918373108,
                    -0.4057613015174866,
                    -1.6356761455535889
                ],
                [
                    0.0,
                    0.8272212147712708,
                    0.5618763566017151,
                    2.26499605178833
                ],
                [
                    0.0,
                    0.0,
                    0.0,
                    1.0
                ]
            ]
        },
        {
            "file_path": "/data/shapenet_blender/all_50_random/02958343/d4abda76f4db60086d07c55cf995503e/r_6",
            "rotation": 0.12566370614359174,
            "transform_matrix": [
                [
                    -0.3612229824066162,
                    0.4664962887763977,
                    -0.8074026107788086,
                    -3.254744291305542
                ],
                [
                    -0.9324795007705688,
                    -0.18071088194847107,
                    0.3127708435058594,
                    1.260819673538208
                ],
                [
                    0.0,
                    0.8658663630485535,
                    0.5002751350402832,
                    2.0166738033294678
                ],
                [
                    0.0,
                    0.0,
                    0.0,
                    1.0
                ]
            ]
        },
        {
            "file_path": "/data/shapenet_blender/all_50_random/02958343/d4abda76f4db60086d07c55cf995503e/r_7",
            "rotation": 0.12566370614359174,
            "transform_matrix": [
                [
                    -0.9707491993904114,
                    -0.20741097629070282,
                    0.12094094604253769,
                    0.487528532743454
                ],
                [
                    0.24009588360786438,
                    -0.8385984897613525,
                    0.48898518085479736,
                    1.9711623191833496
                ],
                [
                    0.0,
                    0.5037193298339844,
                    0.8638672828674316,
                    3.482360363006592
                ],
                [
                    0.0,
                    0.0,
                    0.0,
                    1.0
                ]
            ]
        },
        {
            "file_path": "/data/shapenet_blender/all_50_random/02958343/d4abda76f4db60086d07c55cf995503e/r_8",
            "rotation": 0.12566370614359174,
            "transform_matrix": [
                [
                    0.39761313796043396,
                    -0.8308300971984863,
                    0.3893906772136688,
                    1.5696840286254883
                ],
                [
                    0.917553186416626,
                    0.36003249883651733,
                    -0.16873882710933685,
                    -0.6802079677581787
                ],
                [
                    0.0,
                    0.4243793487548828,
                    0.9054844379425049,
                    3.6501245498657227
                ],
                [
                    0.0,
                    0.0,
                    0.0,
                    1.0
                ]
            ]
        },
        {
            "file_path": "/data/shapenet_blender/all_50_random/02958343/d4abda76f4db60086d07c55cf995503e/r_9",
            "rotation": 0.12566370614359174,
            "transform_matrix": [
                [
                    -0.9648215770721436,
                    -0.18948927521705627,
                    0.18224480748176575,
                    0.7346523404121399
                ],
                [
                    0.2629055976867676,
                    -0.6953953504562378,
                    0.6688093543052673,
                    2.696056842803955
                ],
                [
                    -1.4901161193847656e-08,
                    0.6931948661804199,
                    0.7207502126693726,
                    2.9054369926452637
                ],
                [
                    0.0,
                    0.0,
                    0.0,
                    1.0
                ]
            ]
        },
        {
            "file_path": "/data/shapenet_blender/all_50_random/02958343/d4abda76f4db60086d07c55cf995503e/r_10",
            "rotation": 0.12566370614359174,
            "transform_matrix": [
                [
                    -0.013172830455005169,
                    0.42991822957992554,
                    0.9027717113494873,
                    3.6391892433166504
                ],
                [
                    0.9999132752418518,
                    0.005663731135427952,
                    0.011893089860677719,
                    0.04794257879257202
                ],
                [
                    -4.656612873077393e-10,
                    0.9028500914573669,
                    -0.42995551228523254,
                    -1.7332061529159546
                ],
                [
                    0.0,
                    0.0,
                    0.0,
                    1.0
                ]
            ]
        },
        {
            "file_path": "/data/shapenet_blender/all_50_random/02958343/d4abda76f4db60086d07c55cf995503e/r_11",
            "rotation": 0.12566370614359174,
            "transform_matrix": [
                [
                    -0.11466579884290695,
                    -0.48144298791885376,
                    0.8689444065093994,
                    3.5028269290924072
                ],
                [
                    0.9934041500091553,
                    -0.05557159334421158,
                    0.10029977560043335,
                    0.4043213427066803
                ],
                [
                    0.0,
                    0.8747138977050781,
                    0.48463961482048035,
                    1.9536447525024414
                ],
                [
                    0.0,
                    0.0,
                    0.0,
                    1.0
                ]
            ]
        },
        {
            "file_path": "/data/shapenet_blender/all_50_random/02958343/d4abda76f4db60086d07c55cf995503e/r_12",
            "rotation": 0.12566370614359174,
            "transform_matrix": [
                [
                    -0.999700665473938,
                    -0.001777932047843933,
                    -0.024403003975749016,
                    -0.09837165474891663
                ],
                [
                    -0.02446768991649151,
                    0.0726427361369133,
                    0.9970577955245972,
                    4.01926851272583
                ],
                [
                    -1.1641533570472262e-10,
                    0.9973564743995667,
                    -0.07266448438167572,
                    -0.29291990399360657
                ],
                [
                    0.0,
                    0.0,
                    0.0,
                    1.0
                ]
            ]
        },
        {
            "file_path": "/data/shapenet_blender/all_50_random/02958343/d4abda76f4db60086d07c55cf995503e/r_13",
            "rotation": 0.12566370614359174,
            "transform_matrix": [
                [
                    -0.48274797201156616,
                    -0.18341512978076935,
                    0.8563370704650879,
                    3.452005386352539
                ],
                [
                    0.8757594227790833,
                    -0.10110457986593246,
                    0.4720417261123657,
                    1.90286123752594
                ],
                [
                    7.450581485102248e-09,
                    0.9778223633766174,
                    0.20943553745746613,
                    0.8442617058753967
                ],
                [
                    0.0,
                    0.0,
                    0.0,
                    1.0
                ]
            ]
        },
        {
            "file_path": "/data/shapenet_blender/all_50_random/02958343/d4abda76f4db60086d07c55cf995503e/r_14",
            "rotation": 0.12566370614359174,
            "transform_matrix": [
                [
                    0.7833587527275085,
                    -0.1646375060081482,
                    0.5993693470954895,
                    2.41613507270813
                ],
                [
                    0.6215699315071106,
                    0.20749111473560333,
                    -0.7553795576095581,
                    -3.045032501220703
                ],
                [
                    -7.450580596923828e-09,
                    0.9642831683158875,
                    0.2648736536502838,
                    1.0677398443222046
                ],
                [
                    0.0,
                    0.0,
                    0.0,
                    1.0
                ]
            ]
        },
        {
            "file_path": "/data/shapenet_blender/all_50_random/02958343/d4abda76f4db60086d07c55cf995503e/r_15",
            "rotation": 0.12566370614359174,
            "transform_matrix": [
                [
                    -0.8991197943687439,
                    -0.33608168363571167,
                    0.28041520714759827,
                    1.130389928817749
                ],
                [
                    0.43770265579223633,
                    -0.690372109413147,
                    0.5760231614112854,
                    2.322023868560791
                ],
                [
                    1.4901161193847656e-08,
                    0.6406522989273071,
                    0.767831027507782,
                    3.0952260494232178
                ],
                [
                    0.0,
                    0.0,
                    0.0,
                    1.0
                ]
            ]
        },
        {
            "file_path": "/data/shapenet_blender/all_50_random/02958343/d4abda76f4db60086d07c55cf995503e/r_16",
            "rotation": 0.12566370614359174,
            "transform_matrix": [
                [
                    0.7911162972450256,
                    -0.1904193013906479,
                    -0.5812706351280212,
                    -2.34317684173584
                ],
                [
                    -0.6116658449172974,
                    -0.24628449976444244,
                    -0.7518036961555481,
                    -3.0306177139282227
                ],
                [
                    -1.4901162970204496e-08,
                    0.9503074288368225,
                    -0.31131264567375183,
                    -1.254941463470459
                ],
                [
                    0.0,
                    0.0,
                    0.0,
                    1.0
                ]
            ]
        },
        {
            "file_path": "/data/shapenet_blender/all_50_random/02958343/d4abda76f4db60086d07c55cf995503e/r_17",
            "rotation": 0.12566370614359174,
            "transform_matrix": [
                [
                    -0.6714250445365906,
                    -0.036431264132261276,
                    0.7401764988899231,
                    2.9837470054626465
                ],
                [
                    0.7410725355148315,
                    -0.03300737589597702,
                    0.670613169670105,
                    2.7033281326293945
                ],
                [
                    -1.862645149230957e-09,
                    0.9987909197807312,
                    0.049160186201334,
                    0.19817104935646057
                ],
                [
                    0.0,
                    0.0,
                    0.0,
                    1.0
                ]
            ]
        },
        {
            "file_path": "/data/shapenet_blender/all_50_random/02958343/d4abda76f4db60086d07c55cf995503e/r_18",
            "rotation": 0.12566370614359174,
            "transform_matrix": [
                [
                    0.9261780977249146,
                    -0.3334805369377136,
                    0.17602549493312836,
                    0.7095813751220703
                ],
                [
                    0.3770866096019745,
                    0.8190754055976868,
                    -0.43234357237815857,
                    -1.7428324222564697
                ],
                [
                    1.4901162970204496e-08,
                    0.4668040871620178,
                    0.8843609094619751,
                    3.564972400665283
                ],
                [
                    0.0,
                    0.0,
                    0.0,
                    1.0
                ]
            ]
        },
        {
            "file_path": "/data/shapenet_blender/all_50_random/02958343/d4abda76f4db60086d07c55cf995503e/r_19",
            "rotation": 0.12566370614359174,
            "transform_matrix": [
                [
                    0.90885990858078,
                    -0.03685138002038002,
                    0.4154704809188843,
                    1.674815058708191
                ],
                [
                    0.41710165143013,
                    0.08029875159263611,
                    -0.9053056240081787,
                    -3.6494038105010986
                ],
                [
                    3.725290298461914e-09,
                    0.9960893988609314,
                    0.08835108578205109,
                    0.3561546206474304
                ],
                [
                    0.0,
                    0.0,
                    0.0,
                    1.0
                ]
            ]
        },
        {
            "file_path": "/data/shapenet_blender/all_50_random/02958343/d4abda76f4db60086d07c55cf995503e/r_20",
            "rotation": 0.12566370614359174,
            "transform_matrix": [
                [
                    -0.894375205039978,
                    0.4335275888442993,
                    -0.11021272838115692,
                    -0.4442817270755768
                ],
                [
                    -0.44731757044792175,
                    -0.8668032288551331,
                    0.2203613966703415,
                    0.8883051872253418
                ],
                [
                    0.0,
                    0.24638572335243225,
                    0.9691718220710754,
                    3.9068565368652344
                ],
                [
                    0.0,
                    0.0,
                    0.0,
                    1.0
                ]
            ]
        },
        {
            "file_path": "/data/shapenet_blender/all_50_random/02958343/d4abda76f4db60086d07c55cf995503e/r_21",
            "rotation": 0.12566370614359174,
            "transform_matrix": [
                [
                    -0.5591966509819031,
                    -0.37964046001434326,
                    -0.7370021939277649,
                    -2.9709508419036865
                ],
                [
                    -0.8290350437164307,
                    0.2560732066631317,
                    0.49711906909942627,
                    2.003951072692871
                ],
                [
                    0.0,
                    0.8889880180358887,
                    -0.4579305350780487,
                    -1.8459770679473877
                ],
                [
                    0.0,
                    0.0,
                    0.0,
                    1.0
                ]
            ]
        },
        {
            "file_path": "/data/shapenet_blender/all_50_random/02958343/d4abda76f4db60086d07c55cf995503e/r_22",
            "rotation": 0.12566370614359174,
            "transform_matrix": [
                [
                    0.6962344646453857,
                    -0.6782382726669312,
                    0.2350541651248932,
                    0.9475337266921997
                ],
                [
                    0.7178145051002502,
                    0.657848060131073,
                    -0.227987602353096,
                    -0.919047474861145
                ],
                [
                    0.0,
                    0.32745808362960815,
                    0.9448655843734741,
                    3.808875322341919
                ],
                [
                    0.0,
                    0.0,
                    0.0,
                    1.0
                ]
            ]
        },
        {
            "file_path": "/data/shapenet_blender/all_50_random/02958343/d4abda76f4db60086d07c55cf995503e/r_23",
            "rotation": 0.12566370614359174,
            "transform_matrix": [
                [
                    0.996627151966095,
                    0.059174709022045135,
                    -0.0568564347922802,
                    -0.22919559478759766
                ],
                [
                    -0.08206277340650558,
                    0.7186586260795593,
                    -0.6905038952827454,
                    -2.7835099697113037
                ],
                [
                    0.0,
                    0.6928406953811646,
                    0.7210907340049744,
                    2.9068093299865723
                ],
                [
                    0.0,
                    0.0,
                    0.0,
                    1.0
                ]
            ]
        },
        {
            "file_path": "/data/shapenet_blender/all_50_random/02958343/d4abda76f4db60086d07c55cf995503e/r_24",
            "rotation": 0.12566370614359174,
            "transform_matrix": [
                [
                    -0.3726774752140045,
                    0.800278902053833,
                    0.46975022554397583,
                    1.89362370967865
                ],
                [
                    0.927960991859436,
                    0.3213992118835449,
                    0.18865592777729034,
                    0.7604963779449463
                ],
                [
                    0.0,
                    0.5062175989151001,
                    -0.8624057769775391,
                    -3.476468801498413
                ],
                [
                    0.0,
                    0.0,
                    0.0,
                    1.0
                ]
            ]
        },
        {
            "file_path": "/data/shapenet_blender/all_50_random/02958343/d4abda76f4db60086d07c55cf995503e/r_25",
            "rotation": 0.12566370614359174,
            "transform_matrix": [
                [
                    0.47062981128692627,
                    -0.03414222225546837,
                    -0.8816699385643005,
                    -3.5541253089904785
                ],
                [
                    -0.8823308348655701,
                    -0.018211249262094498,
                    -0.4702772796154022,
                    -1.8957483768463135
                ],
                [
                    0.0,
                    0.9992509484291077,
                    -0.03869549185037613,
                    -0.15598651766777039
                ],
                [
                    0.0,
                    0.0,
                    0.0,
                    1.0
                ]
            ]
        },
        {
            "file_path": "/data/shapenet_blender/all_50_random/02958343/d4abda76f4db60086d07c55cf995503e/r_26",
            "rotation": 0.12566370614359174,
            "transform_matrix": [
                [
                    0.7782269716262817,
                    -0.06784511357545853,
                    -0.62430739402771,
                    -2.5166637897491455
                ],
                [
                    -0.6279830932617188,
                    -0.08407694101333618,
                    -0.7736719250679016,
                    -3.118771553039551
                ],
                [
                    3.725290298461914e-09,
                    0.9941468238830566,
                    -0.10803653299808502,
                    -0.43550923466682434
                ],
                [
                    0.0,
                    0.0,
                    0.0,
                    1.0
                ]
            ]
        },
        {
            "file_path": "/data/shapenet_blender/all_50_random/02958343/d4abda76f4db60086d07c55cf995503e/r_27",
            "rotation": 0.12566370614359174,
            "transform_matrix": [
                [
                    -0.9531434774398804,
                    0.20773780345916748,
                    -0.21991513669490814,
                    -0.8865063190460205
                ],
                [
                    -0.30251890420913696,
                    -0.6545174717903137,
                    0.6928845047950745,
                    2.793107032775879
                ],
                [
                    1.4901162970204496e-08,
                    0.7269468307495117,
                    0.6866936087608337,
                    2.768150806427002
                ],
                [
                    0.0,
                    0.0,
                    0.0,
                    1.0
                ]
            ]
        },
        {
            "file_path": "/data/shapenet_blender/all_50_random/02958343/d4abda76f4db60086d07c55cf995503e/r_28",
            "rotation": 0.12566370614359174,
            "transform_matrix": [
                [
                    -0.31967517733573914,
                    0.04112771525979042,
                    -0.9466341733932495,
                    -3.8160042762756348
                ],
                [
                    -0.9475272297859192,
                    -0.013875603675842285,
                    0.3193739056587219,
                    1.2874373197555542
                ],
                [
                    -9.313225746154785e-10,
                    0.999057412147522,
                    0.04340532049536705,
                    0.17497244477272034
                ],
                [
                    0.0,
                    0.0,
                    0.0,
                    1.0
                ]
            ]
        },
        {
            "file_path": "/data/shapenet_blender/all_50_random/02958343/d4abda76f4db60086d07c55cf995503e/r_29",
            "rotation": 0.12566370614359174,
            "transform_matrix": [
                [
                    -0.6046980619430542,
                    0.4101417660713196,
                    -0.6827328205108643,
                    -2.752183675765991
                ],
                [
                    -0.796454906463623,
                    -0.3113948106765747,
                    0.5183560252189636,
                    2.08955979347229
                ],
                [
                    0.0,
                    0.857214629650116,
                    0.5149592757225037,
                    2.075866937637329
                ],
                [
                    0.0,
                    0.0,
                    0.0,
                    1.0
                ]
            ]
        },
        {
            "file_path": "/data/shapenet_blender/all_50_random/02958343/d4abda76f4db60086d07c55cf995503e/r_30",
            "rotation": 0.12566370614359174,
            "transform_matrix": [
                [
                    -0.8593825697898865,
                    0.4781349301338196,
                    -0.18124201893806458,
                    -0.7306100130081177
                ],
                [
                    -0.5113332867622375,
                    -0.803587019443512,
                    0.304608017206192,
                    1.2279143333435059
                ],
                [
                    0.0,
                    0.35444968938827515,
                    0.9350749850273132,
                    3.7694079875946045
                ],
                [
                    0.0,
                    0.0,
                    0.0,
                    1.0
                ]
            ]
        },
        {
            "file_path": "/data/shapenet_blender/all_50_random/02958343/d4abda76f4db60086d07c55cf995503e/r_31",
            "rotation": 0.12566370614359174,
            "transform_matrix": [
                [
                    -0.2854432463645935,
                    0.11984508484601974,
                    -0.9508728981018066,
                    -3.8330912590026855
                ],
                [
                    -0.9583956599235535,
                    -0.03569399565458298,
                    0.2832027077674866,
                    1.1416265964508057
                ],
                [
                    0.0,
                    0.9921507239341736,
                    0.12504760921001434,
                    0.5040830373764038
                ],
                [
                    0.0,
                    0.0,
                    0.0,
                    1.0
                ]
            ]
        },
        {
            "file_path": "/data/shapenet_blender/all_50_random/02958343/d4abda76f4db60086d07c55cf995503e/r_32",
            "rotation": 0.12566370614359174,
            "transform_matrix": [
                [
                    -0.8681522011756897,
                    0.11333093792200089,
                    -0.4831850826740265,
                    -1.9477813243865967
                ],
                [
                    -0.49629801511764526,
                    -0.19824479520320892,
                    0.845214307308197,
                    3.407167911529541
                ],
                [
                    7.450580596923828e-09,
                    0.9735784530639648,
                    0.2283525913953781,
                    0.9205187559127808
                ],
                [
                    0.0,
                    0.0,
                    0.0,
                    1.0
                ]
            ]
        },
        {
            "file_path": "/data/shapenet_blender/all_50_random/02958343/d4abda76f4db60086d07c55cf995503e/r_33",
            "rotation": 0.12566370614359174,
            "transform_matrix": [
                [
                    0.9870434403419495,
                    0.07229528576135635,
                    -0.1432439237833023,
                    -0.5774347186088562
                ],
                [
                    -0.16045382618904114,
                    0.444729745388031,
                    -0.8811753988265991,
                    -3.5521316528320312
                ],
                [
                    7.450581485102248e-09,
                    0.8927422761917114,
                    0.4505675733089447,
                    1.8162959814071655
                ],
                [
                    0.0,
                    0.0,
                    0.0,
                    1.0
                ]
            ]
        },
        {
            "file_path": "/data/shapenet_blender/all_50_random/02958343/d4abda76f4db60086d07c55cf995503e/r_34",
            "rotation": 0.12566370614359174,
            "transform_matrix": [
                [
                    -0.949715256690979,
                    0.04211871325969696,
                    0.31026914715766907,
                    1.2507349252700806
                ],
                [
                    0.31311488151550293,
                    0.12775114178657532,
                    0.9410837888717651,
                    3.7936301231384277
                ],
                [
                    0.0,
                    0.9909114837646484,
                    -0.1345152109861374,
                    -0.5422481298446655
                ],
                [
                    0.0,
                    0.0,
                    0.0,
                    1.0
                ]
            ]
        },
        {
            "file_path": "/data/shapenet_blender/all_50_random/02958343/d4abda76f4db60086d07c55cf995503e/r_35",
            "rotation": 0.12566370614359174,
            "transform_matrix": [
                [
                    0.48273393511772156,
                    -0.2578829824924469,
                    -0.8369374871253967,
                    -3.373802900314331
                ],
                [
                    -0.875767171382904,
                    -0.14214837551116943,
                    -0.4613305330276489,
                    -1.8596829175949097
                ],
                [
                    -1.4901162970204496e-08,
                    0.9556621313095093,
                    -0.2944652736186981,
                    -1.1870274543762207
                ],
                [
                    0.0,
                    0.0,
                    0.0,
                    1.0
                ]
            ]
        },
        {
            "file_path": "/data/shapenet_blender/all_50_random/02958343/d4abda76f4db60086d07c55cf995503e/r_36",
            "rotation": 0.12566370614359174,
            "transform_matrix": [
                [
                    -0.9965304136276245,
                    0.04051613435149193,
                    -0.07270211726427078,
                    -0.29307159781455994
                ],
                [
                    -0.08322951942682266,
                    -0.4851109981536865,
                    0.8704827427864075,
                    3.509028196334839
                ],
                [
                    0.0,
                    0.873513400554657,
                    0.4867999851703644,
                    1.9623534679412842
                ],
                [
                    0.0,
                    0.0,
                    0.0,
                    1.0
                ]
            ]
        },
        {
            "file_path": "/data/shapenet_blender/all_50_random/02958343/d4abda76f4db60086d07c55cf995503e/r_37",
            "rotation": 0.12566370614359174,
            "transform_matrix": [
                [
                    -0.6556267142295837,
                    -0.5739397406578064,
                    -0.4906594157218933,
                    -1.9779115915298462
                ],
                [
                    -0.7550851702690125,
                    0.49834144115448,
                    0.426030695438385,
                    1.717384934425354
                ],
                [
                    -2.9802322387695312e-08,
                    0.6498068571090698,
                    -0.7600992321968079,
                    -3.064058542251587
                ],
                [
                    0.0,
                    0.0,
                    0.0,
                    1.0
                ]
            ]
        },
        {
            "file_path": "/data/shapenet_blender/all_50_random/02958343/d4abda76f4db60086d07c55cf995503e/r_38",
            "rotation": 0.12566370614359174,
            "transform_matrix": [
                [
                    -0.9670116901397705,
                    0.019676554948091507,
                    -0.25397107005119324,
                    -1.0237901210784912
                ],
                [
                    -0.2547321617603302,
                    -0.07469593733549118,
                    0.9641224145889282,
                    3.8865017890930176
                ],
                [
                    0.0,
                    0.9970122575759888,
                    0.07724408805370331,
                    0.31138089299201965
                ],
                [
                    0.0,
                    0.0,
                    0.0,
                    1.0
                ]
            ]
        },
        {
            "file_path": "/data/shapenet_blender/all_50_random/02958343/d4abda76f4db60086d07c55cf995503e/r_39",
            "rotation": 0.12566370614359174,
            "transform_matrix": [
                [
                    0.7527149319648743,
                    0.0026103989221155643,
                    -0.6583414077758789,
                    -2.6538591384887695
                ],
                [
                    -0.6583465933799744,
                    0.002984577091410756,
                    -0.7527089715003967,
                    -3.034266948699951
                ],
                [
                    0.0,
                    0.9999921321868896,
                    0.003965083044022322,
                    0.015983760356903076
                ],
                [
                    0.0,
                    0.0,
                    0.0,
                    1.0
                ]
            ]
        },
        {
            "file_path": "/data/shapenet_blender/all_50_random/02958343/d4abda76f4db60086d07c55cf995503e/r_40",
            "rotation": 0.12566370614359174,
            "transform_matrix": [
                [
                    -0.6737300157546997,
                    -0.2546164095401764,
                    -0.6937279105186462,
                    -2.796506404876709
                ],
                [
                    -0.7389776110649109,
                    0.23213522136211395,
                    0.6324756145477295,
                    2.5495903491973877
                ],
                [
                    1.4901159417490817e-08,
                    0.9387670755386353,
                    -0.34455233812332153,
                    -1.3889347314834595
                ],
                [
                    0.0,
                    0.0,
                    0.0,
                    1.0
                ]
            ]
        },
        {
            "file_path": "/data/shapenet_blender/all_50_random/02958343/d4abda76f4db60086d07c55cf995503e/r_41",
            "rotation": 0.12566370614359174,
            "transform_matrix": [
                [
                    0.8937719464302063,
                    -0.38134366273880005,
                    -0.2361118644475937,
                    -0.9517974257469177
                ],
                [
                    -0.44852182269096375,
                    -0.7599056363105774,
                    -0.4705014228820801,
                    -1.8966519832611084
                ],
                [
