{
    "class": "02958343",
    "model": "e859ef0e793c43dc159a969baa659ca7",
    "remove_doubles": true,
    "edge_split": true,
    "denoise": true,
    "camera_angle_x": 0.6911112070083618,
    "scale_factor": 2.272967453102106,
    "hdri_file": "/data/IndoorHDRDataset2018/9C4A9012-d2b537d2b5.exr",
    "center_offset": [
        0.0,
        -1.1641532182693481e-09,
        -3.725290298461914e-09
    ],
    "lights": [],
    "frames": [
        {
            "file_path": "/data/shapenet_blender/all_50_random/02958343/e859ef0e793c43dc159a969baa659ca7/r_0",
            "rotation": 0.12566370614359174,
            "transform_matrix": [
                [
                    0.9309470057487488,
                    0.156131312251091,
                    -0.33009201288223267,
                    -1.3306434154510498
                ],
                [
                    -0.3651543855667114,
                    0.3980507552623749,
                    -0.8415567874908447,
                    -3.3924238681793213
                ],
                [
                    1.4901161193847656e-08,
                    0.9039792418479919,
                    0.4275762140750885,
                    1.7236148118972778
                ],
                [
                    0.0,
                    0.0,
                    0.0,
                    1.0
                ]
            ]
        },
        {
            "file_path": "/data/shapenet_blender/all_50_random/02958343/e859ef0e793c43dc159a969baa659ca7/r_1",
            "rotation": 0.12566370614359174,
            "transform_matrix": [
                [
                    0.9682741761207581,
                    -0.10154442489147186,
                    0.2283284068107605,
                    0.9204212427139282
                ],
                [
                    0.24989023804664612,
                    0.3934641182422638,
                    -0.8847264051437378,
                    -3.566446304321289
                ],
                [
                    0.0,
                    0.9137148261070251,
                    0.4063560664653778,
                    1.6380736827850342
                ],
                [
                    0.0,
                    0.0,
                    0.0,
                    1.0
                ]
            ]
        },
        {
            "file_path": "/data/shapenet_blender/all_50_random/02958343/e859ef0e793c43dc159a969baa659ca7/r_2",
            "rotation": 0.12566370614359174,
            "transform_matrix": [
                [
                    0.9814229011535645,
                    0.1675088107585907,
                    0.09354103356599808,
                    0.3770759701728821
                ],
                [
                    0.19185705482959747,
                    -0.8568722605705261,
                    -0.4784984886646271,
                    -1.9288891553878784
                ],
                [
                    0.0,
                    0.48755577206611633,
                    -0.8730916976928711,
                    -3.519545316696167
                ],
                [
                    0.0,
                    0.0,
                    0.0,
                    1.0
                ]
            ]
        },
        {
            "file_path": "/data/shapenet_blender/all_50_random/02958343/e859ef0e793c43dc159a969baa659ca7/r_3",
            "rotation": 0.12566370614359174,
            "transform_matrix": [
                [
                    -0.9806748032569885,
                    0.06191505119204521,
                    -0.18558937311172485,
                    -0.7481347322463989
                ],
                [
                    -0.195644810795784,
                    -0.31035083532333374,
                    0.9302716255187988,
                    3.75004506111145
                ],
                [
                    -3.725290298461914e-09,
                    0.9486035108566284,
                    0.3164665997028351,
                    1.2757177352905273
                ],
                [
                    0.0,
                    0.0,
                    0.0,
                    1.0
                ]
            ]
        },
        {
            "file_path": "/data/shapenet_blender/all_50_random/02958343/e859ef0e793c43dc159a969baa659ca7/r_4",
            "rotation": 0.12566370614359174,
            "transform_matrix": [
                [
                    0.5504299998283386,
                    0.49863365292549133,
                    0.669620156288147,
                    2.6993253231048584
                ],
                [
                    0.8348813652992249,
                    -0.3287448287010193,
                    -0.4414747357368469,
                    -1.77964186668396
                ],
                [
                    0.0,
                    0.8020544052124023,
                    -0.5972508788108826,
                    -2.407595634460449
                ],
                [
                    0.0,
                    0.0,
                    0.0,
                    1.0
                ]
            ]
        },
        {
            "file_path": "/data/shapenet_blender/all_50_random/02958343/e859ef0e793c43dc159a969baa659ca7/r_5",
            "rotation": 0.12566370614359174,
            "transform_matrix": [
                [
                    -0.7447587847709656,
                    -0.4619418978691101,
                    -0.4816057085990906,
                    -1.9414148330688477
                ],
                [
                    -0.6673337817192078,
                    0.5155370235443115,
                    0.5374822020530701,
                    2.1666603088378906
                ],
                [
                    2.9802318834981634e-08,
                    0.7216863632202148,
                    -0.6922200918197632,
                    -2.790428638458252
                ],
                [
                    0.0,
                    0.0,
                    0.0,
                    1.0
                ]
            ]
        },
        {
            "file_path": "/data/shapenet_blender/all_50_random/02958343/e859ef0e793c43dc159a969baa659ca7/r_6",
            "rotation": 0.12566370614359174,
            "transform_matrix": [
                [
                    -0.25680676102638245,
                    -0.6980287432670593,
                    -0.6684355735778809,
                    -2.694550037384033
                ],
                [
                    -0.9664627909660339,
                    0.18547895550727844,
                    0.17761550843715668,
                    0.7159910202026367
                ],
                [
                    0.0,
                    0.6916309595108032,
                    -0.7222510576248169,
                    -2.911487102508545
                ],
                [
                    0.0,
                    0.0,
                    0.0,
                    1.0
                ]
            ]
        },
        {
            "file_path": "/data/shapenet_blender/all_50_random/02958343/e859ef0e793c43dc159a969baa659ca7/r_7",
            "rotation": 0.12566370614359174,
            "transform_matrix": [
                [
                    -0.5915040969848633,
                    0.34173983335494995,
                    0.7302990555763245,
                    2.943929672241211
                ],
                [
                    0.806302011013031,
                    0.25070077180862427,
                    0.535748302936554,
                    2.15967059135437
                ],
                [
                    -1.4901161193847656e-08,
                    0.9057389497756958,
                    -0.42383599281311035,
                    -1.7085375785827637
                ],
                [
                    0.0,
                    0.0,
                    0.0,
                    1.0
                ]
            ]
        },
        {
            "file_path": "/data/shapenet_blender/all_50_random/02958343/e859ef0e793c43dc159a969baa659ca7/r_8",
            "rotation": 0.12566370614359174,
            "transform_matrix": [
                [
                    -0.9552991390228271,
                    0.02662445791065693,
                    -0.2944396138191223,
                    -1.1869240999221802
                ],
                [
                    -0.2956409156322479,
                    -0.08603113144636154,
                    0.9514173865318298,
                    3.8352861404418945
                ],
                [
                    -1.862645149230957e-09,
                    0.9959366321563721,
                    0.09005673974752426,
                    0.363030344247818
                ],
                [
                    0.0,
                    0.0,
                    0.0,
                    1.0
                ]
            ]
        },
        {
            "file_path": "/data/shapenet_blender/all_50_random/02958343/e859ef0e793c43dc159a969baa659ca7/r_9",
            "rotation": 0.12566370614359174,
            "transform_matrix": [
                [
                    0.9984057545661926,
                    0.016441071406006813,
                    -0.05399633198976517,
                    -0.21766617894172668
                ],
                [
                    -0.056443892419338226,
                    0.2908172905445099,
                    -0.9551122188568115,
                    -3.8501803874969482
                ],
                [
                    -1.862645149230957e-09,
                    0.9566372632980347,
                    0.29128170013427734,
                    1.174194097518921
                ],
                [
                    0.0,
                    0.0,
                    0.0,
                    1.0
                ]
            ]
        },
        {
            "file_path": "/data/shapenet_blender/all_50_random/02958343/e859ef0e793c43dc159a969baa659ca7/r_10",
            "rotation": 0.12566370614359174,
            "transform_matrix": [
                [
                    -0.2878636121749878,
                    0.24639390408992767,
                    0.9254320859909058,
                    3.7305362224578857
                ],
                [
                    0.9576715230941772,
                    0.07406279444694519,
                    0.2781728208065033,
                    1.121350646018982
                ],
                [
                    7.450581485102248e-09,
                    0.9663355946540833,
                    -0.25728437304496765,
                    -1.0371465682983398
                ],
                [
                    0.0,
                    0.0,
                    0.0,
                    1.0
                ]
            ]
        },
        {
            "file_path": "/data/shapenet_blender/all_50_random/02958343/e859ef0e793c43dc159a969baa659ca7/r_11",
            "rotation": 0.12566370614359174,
            "transform_matrix": [
                [
                    -0.15656620264053345,
                    -0.004183115903288126,
                    0.9876585602760315,
                    3.9813790321350098
                ],
                [
                    0.9876675009727478,
                    -0.0006631124415434897,
                    0.15656478703022003,
                    0.6311328411102295
                ],
                [
                    0.0,
                    0.9999911189079285,
                    0.0042353481985628605,
                    0.017073234543204308
                ],
                [
                    0.0,
                    0.0,
                    0.0,
                    1.0
                ]
            ]
        },
        {
            "file_path": "/data/shapenet_blender/all_50_random/02958343/e859ef0e793c43dc159a969baa659ca7/r_12",
            "rotation": 0.12566370614359174,
            "transform_matrix": [
                [
                    0.8786149621009827,
                    -0.12418755888938904,
                    0.4610999822616577,
                    1.8587534427642822
                ],
                [
                    0.47753092646598816,
                    0.22849419713020325,
                    -0.8483834862709045,
                    -3.419943332672119
                ],
                [
                    7.450581485102248e-09,
                    0.9655919075012207,
                    0.2600618004798889,
                    1.0483427047729492
                ],
                [
                    0.0,
                    0.0,
                    0.0,
                    1.0
                ]
            ]
        },
        {
            "file_path": "/data/shapenet_blender/all_50_random/02958343/e859ef0e793c43dc159a969baa659ca7/r_13",
            "rotation": 0.12566370614359174,
            "transform_matrix": [
                [
                    -0.935183584690094,
                    0.025766218081116676,
                    -0.35322466492652893,
                    -1.4238942861557007
                ],
                [
                    -0.3541632294654846,
                    -0.06803683191537857,
                    0.9327053427696228,
                    3.7598557472229004
                ],
                [
                    1.8626449271863521e-09,
                    0.9973500967025757,
                    0.07275236397981644,
                    0.2932741940021515
                ],
                [
                    0.0,
                    0.0,
                    0.0,
                    1.0
                ]
            ]
        },
        {
            "file_path": "/data/shapenet_blender/all_50_random/02958343/e859ef0e793c43dc159a969baa659ca7/r_14",
            "rotation": 0.12566370614359174,
            "transform_matrix": [
                [
                    0.7230430245399475,
                    -0.6648862957954407,
                    0.1874428689479828,
                    0.7556064128875732
                ],
                [
                    0.6908028721809387,
                    0.6959169507026672,
                    -0.1961909383535385,
                    -0.7908710241317749
                ],
                [
                    0.0,
                    0.27134063839912415,
                    0.962483286857605,
                    3.879894495010376
                ],
                [
                    0.0,
                    0.0,
                    0.0,
                    1.0
                ]
            ]
        },
        {
            "file_path": "/data/shapenet_blender/all_50_random/02958343/e859ef0e793c43dc159a969baa659ca7/r_15",
            "rotation": 0.12566370614359174,
            "transform_matrix": [
                [
                    0.6113712191581726,
                    -0.45671290159225464,
                    -0.6462495923042297,
                    -2.6051154136657715
                ],
                [
                    -0.7913439273834229,
                    -0.35284423828125,
                    -0.49927523732185364,
                    -2.0126428604125977
                ],
                [
                    -1.4901161193847656e-08,
                    0.8166481256484985,
                    -0.5771358013153076,
                    -2.3265087604522705
                ],
                [
                    0.0,
                    0.0,
                    0.0,
                    1.0
                ]
            ]
        },
        {
            "file_path": "/data/shapenet_blender/all_50_random/02958343/e859ef0e793c43dc159a969baa659ca7/r_16",
            "rotation": 0.12566370614359174,
            "transform_matrix": [
                [
                    0.9916012287139893,
                    0.11289576441049576,
                    -0.06310009211301804,
                    -0.25436460971832275
                ],
                [
                    -0.12933321297168732,
                    0.8655749559402466,
                    -0.4837901294231415,
                    -1.9502203464508057
                ],
                [
                    3.725290298461914e-09,
                    0.4878878891468048,
                    0.8729063868522644,
                    3.5187981128692627
                ],
                [
                    0.0,
                    0.0,
                    0.0,
                    1.0
                ]
            ]
        },
        {
            "file_path": "/data/shapenet_blender/all_50_random/02958343/e859ef0e793c43dc159a969baa659ca7/r_17",
            "rotation": 0.12566370614359174,
            "transform_matrix": [
                [
                    -0.9070929884910583,
                    0.05851709842681885,
                    -0.41684290766716003,
                    -1.6803476810455322
                ],
                [
                    -0.42093026638031006,
                    -0.12610271573066711,
                    0.8982848525047302,
                    3.6211023330688477
                ],
                [
                    0.0,
                    0.9902898073196411,
                    0.1390184760093689,
                    0.560401439666748
                ],
                [
                    0.0,
                    0.0,
                    0.0,
                    1.0
                ]
            ]
        },
        {
            "file_path": "/data/shapenet_blender/all_50_random/02958343/e859ef0e793c43dc159a969baa659ca7/r_18",
            "rotation": 0.12566370614359174,
            "transform_matrix": [
                [
                    -0.9987303018569946,
                    -0.0036422088742256165,
                    -0.05024531111121178,
                    -0.20254532992839813
                ],
                [
                    -0.050377149134874344,
                    0.0722070261836052,
                    0.996116578578949,
                    4.015474319458008
                ],
                [
                    -2.3283064365386963e-10,
                    0.9973830580711365,
                    -0.07229882478713989,
                    -0.29144588112831116
                ],
                [
                    0.0,
                    0.0,
                    0.0,
                    1.0
                ]
            ]
        },
        {
            "file_path": "/data/shapenet_blender/all_50_random/02958343/e859ef0e793c43dc159a969baa659ca7/r_19",
            "rotation": 0.12566370614359174,
            "transform_matrix": [
                [
                    -0.9461559057235718,
                    -0.09183806926012039,
                    0.31041085720062256,
                    1.251306176185608
                ],
                [
                    0.3237115144729614,
                    -0.26842767000198364,
                    0.9072802662849426,
                    3.6573636531829834
                ],
                [
                    0.0,
                    0.9589120745658875,
                    0.28370344638824463,
                    1.143645167350769
                ],
                [
                    0.0,
                    0.0,
                    0.0,
                    1.0
                ]
            ]
        },
        {
            "file_path": "/data/shapenet_blender/all_50_random/02958343/e859ef0e793c43dc159a969baa659ca7/r_20",
            "rotation": 0.12566370614359174,
            "transform_matrix": [
                [
                    0.23197662830352783,
                    -0.2743009328842163,
                    -0.9332447648048401,
                    -3.7620301246643066
                ],
                [
                    -0.9727213978767395,
                    -0.0654158666729927,
                    -0.22256216406822205,
                    -0.8971768617630005
                ],
                [
                    -3.725290298461914e-09,
                    0.959416389465332,
                    -0.2819933295249939,
                    -1.1367515325546265
                ],
                [
                    0.0,
                    0.0,
                    0.0,
                    1.0
                ]
            ]
        },
        {
            "file_path": "/data/shapenet_blender/all_50_random/02958343/e859ef0e793c43dc159a969baa659ca7/r_21",
            "rotation": 0.12566370614359174,
            "transform_matrix": [
                [
                    0.8595892786979675,
                    0.007174975238740444,
                    -0.5109353065490723,
                    -2.0596461296081543
                ],
                [
                    -0.5109857320785522,
                    0.012069870717823505,
                    -0.8595044612884521,
                    -3.464773416519165
                ],
                [
                    0.0,
                    0.9999013543128967,
                    0.014041440561413765,
                    0.05660285800695419
                ],
                [
                    0.0,
                    0.0,
                    0.0,
                    1.0
                ]
            ]
        },
        {
            "file_path": "/data/shapenet_blender/all_50_random/02958343/e859ef0e793c43dc159a969baa659ca7/r_22",
            "rotation": 0.12566370614359174,
            "transform_matrix": [
                [
                    0.6888865828514099,
                    0.28910717368125916,
                    0.6647197604179382,
                    2.6795711517333984
                ],
                [
                    0.7248691916465759,
                    -0.2747558355331421,
                    -0.6317229270935059,
                    -2.5465564727783203
                ],
                [
                    0.0,
                    0.9170202612876892,
                    -0.3988405168056488,
                    -1.6077775955200195
                ],
                [
                    0.0,
                    0.0,
                    0.0,
                    1.0
                ]
            ]
        },
        {
            "file_path": "/data/shapenet_blender/all_50_random/02958343/e859ef0e793c43dc159a969baa659ca7/r_23",
            "rotation": 0.12566370614359174,
            "transform_matrix": [
                [
                    0.7820367813110352,
                    -0.17947867512702942,
                    -0.5968297719955444,
                    -2.405897855758667
                ],
                [
                    -0.6232321262359619,
                    -0.22521130740642548,
                    -0.7489068508148193,
                    -3.018939971923828
                ],
                [
                    0.0,
                    0.957636296749115,
                    -0.28798043727874756,
                    -1.160886287689209
                ],
                [
                    0.0,
                    0.0,
                    0.0,
                    1.0
                ]
            ]
        },
        {
            "file_path": "/data/shapenet_blender/all_50_random/02958343/e859ef0e793c43dc159a969baa659ca7/r_24",
            "rotation": 0.12566370614359174,
            "transform_matrix": [
                [
                    -0.9140051007270813,
                    -0.07216536998748779,
                    0.39923298358917236,
                    1.6093597412109375
                ],
                [
                    0.40570294857025146,
                    -0.16258080303668976,
                    0.8994289636611938,
                    3.6257143020629883
                ],
                [
                    0.0,
                    0.9840525984764099,
                    0.17787736654281616,
                    0.7170466780662537
                ],
                [
                    0.0,
                    0.0,
                    0.0,
                    1.0
                ]
            ]
        },
        {
            "file_path": "/data/shapenet_blender/all_50_random/02958343/e859ef0e793c43dc159a969baa659ca7/r_25",
            "rotation": 0.12566370614359174,
            "transform_matrix": [
                [
                    0.7697558403015137,
                    -0.20018534362316132,
                    -0.6061366200447083,
                    -2.4434149265289307
                ],
                [
                    -0.6383382678031921,
                    -0.2413984090089798,
                    -0.7309247255325317,
                    -2.9464516639709473
                ],
                [
                    0.0,
                    0.949553906917572,
                    -0.31360378861427307,
                    -1.2641773223876953
                ],
                [
                    0.0,
                    0.0,
                    0.0,
                    1.0
                ]
            ]
        },
        {
            "file_path": "/data/shapenet_blender/all_50_random/02958343/e859ef0e793c43dc159a969baa659ca7/r_26",
            "rotation": 0.12566370614359174,
            "transform_matrix": [
                [
                    0.628162682056427,
                    -0.4711129367351532,
                    0.6192448735237122,
                    2.496256113052368
                ],
                [
                    0.7780820727348328,
                    0.38033977150917053,
                    -0.49992993474006653,
                    -2.015282154083252
                ],
                [
                    0.0,
                    0.7958607077598572,
                    0.6054797172546387,
                    2.4407670497894287
                ],
                [
                    0.0,
                    0.0,
                    0.0,
                    1.0
                ]
            ]
        },
        {
            "file_path": "/data/shapenet_blender/all_50_random/02958343/e859ef0e793c43dc159a969baa659ca7/r_27",
            "rotation": 0.12566370614359174,
            "transform_matrix": [
                [
                    -0.1042553186416626,
                    -0.3678039312362671,
                    0.9240405559539795,
                    3.7249269485473633
                ],
                [
                    0.9945505857467651,
                    -0.03855562210083008,
                    0.0968639925122261,
                    0.39047127962112427
                ],
                [
                    0.0,
                    0.929103672504425,
                    0.3698192238807678,
                    1.4907890558242798
                ],
                [
                    0.0,
                    0.0,
                    0.0,
                    1.0
                ]
            ]
        },
        {
            "file_path": "/data/shapenet_blender/all_50_random/02958343/e859ef0e793c43dc159a969baa659ca7/r_28",
            "rotation": 0.12566370614359174,
            "transform_matrix": [
                [
                    0.766545295715332,
                    -0.0781279131770134,
                    -0.6374200582504272,
                    -2.5695223808288574
                ],
                [
                    -0.6421902179718018,
                    -0.09325676411390305,
                    -0.7608513832092285,
                    -3.0670900344848633
                ],
                [
                    0.0,
                    0.992572009563446,
                    -0.12165853381156921,
                    -0.49042123556137085
                ],
                [
                    0.0,
                    0.0,
                    0.0,
                    1.0
                ]
            ]
        },
        {
            "file_path": "/data/shapenet_blender/all_50_random/02958343/e859ef0e793c43dc159a969baa659ca7/r_29",
            "rotation": 0.12566370614359174,
            "transform_matrix": [
                [
                    -0.9923766255378723,
                    0.029416020959615707,
                    0.11968067288398743,
                    0.4824482202529907
                ],
                [
                    0.12324271351099014,
                    0.23686407506465912,
                    0.9636942744255066,
                    3.8847758769989014
                ],
                [
                    0.0,
                    0.9710974097251892,
                    -0.23868365585803986,
                    -0.962164580821991
                ],
                [
                    0.0,
                    0.0,
                    0.0,
                    1.0
                ]
            ]
        },
        {
            "file_path": "/data/shapenet_blender/all_50_random/02958343/e859ef0e793c43dc159a969baa659ca7/r_30",
            "rotation": 0.12566370614359174,
            "transform_matrix": [
                [
                    -0.998595118522644,
                    -0.004240033682435751,
                    -0.05282019451260567,
                    -0.2129250168800354
                ],
                [
                    -0.052990108728408813,
                    0.07990315556526184,
                    0.9953930974006653,
                    4.0125579833984375
                ],
                [
                    0.0,
                    0.9967936277389526,
                    -0.08001556992530823,
                    -0.3225530683994293
                ],
                [
                    0.0,
                    0.0,
                    0.0,
                    1.0
                ]
            ]
        },
        {
            "file_path": "/data/shapenet_blender/all_50_random/02958343/e859ef0e793c43dc159a969baa659ca7/r_31",
            "rotation": 0.12566370614359174,
            "transform_matrix": [
                [
                    -0.9816377758979797,
                    0.0018631770508363843,
                    -0.1907454878091812,
                    -0.7689197063446045
                ],
                [
                    -0.19075460731983185,
                    -0.009588050656020641,
                    0.9815908074378967,
                    3.9569194316864014
                ],
                [
                    1.1641532182693481e-10,
                    0.9999523758888245,
                    0.009767400100827217,
                    0.03937365114688873
                ],
                [
                    0.0,
                    0.0,
                    0.0,
                    1.0
                ]
            ]
        },
        {
            "file_path": "/data/shapenet_blender/all_50_random/02958343/e859ef0e793c43dc159a969baa659ca7/r_32",
            "rotation": 0.12566370614359174,
            "transform_matrix": [
                [
                    0.6238138675689697,
                    -0.6892487406730652,
                    0.3685002624988556,
                    1.4854722023010254
                ],
                [
                    0.7815729379653931,
                    0.5501251816749573,
                    -0.2941191792488098,
                    -1.1856324672698975
                ],
                [
                    1.4901161193847656e-08,
                    0.47148531675338745,
                    0.8818737864494324,
                    3.5549471378326416
                ],
                [
                    0.0,
                    0.0,
                    0.0,
                    1.0
                ]
            ]
        },
        {
            "file_path": "/data/shapenet_blender/all_50_random/02958343/e859ef0e793c43dc159a969baa659ca7/r_33",
            "rotation": 0.12566370614359174,
            "transform_matrix": [
                [
                    0.48642322421073914,
                    -0.5898744463920593,
                    -0.644546627998352,
                    -2.598250389099121
                ],
                [
                    -0.8737232089042664,
                    -0.32839763164520264,
                    -0.35883498191833496,
                    -1.4465100765228271
                ],
                [
                    0.0,
                    0.7377011179924011,
                    -0.6751274466514587,
                    -2.7215256690979004
                ],
                [
                    0.0,
                    0.0,
                    0.0,
                    1.0
                ]
            ]
        },
        {
            "file_path": "/data/shapenet_blender/all_50_random/02958343/e859ef0e793c43dc159a969baa659ca7/r_34",
            "rotation": 0.12566370614359174,
            "transform_matrix": [
                [
                    -0.07778481394052505,
                    -0.14662328362464905,
                    -0.9861293435096741,
                    -3.975214719772339
                ],
                [
                    -0.9969701766967773,
                    0.011439725756645203,
                    0.07693899422883987,
                    0.31015104055404663
                ],
                [
                    9.313225746154785e-10,
                    0.9891261458396912,
                    -0.14706890285015106,
                    -0.5928537845611572
                ],
                [
                    0.0,
                    0.0,
                    0.0,
                    1.0
                ]
            ]
        },
        {
            "file_path": "/data/shapenet_blender/all_50_random/02958343/e859ef0e793c43dc159a969baa659ca7/r_35",
            "rotation": 0.12566370614359174,
            "transform_matrix": [
                [
                    0.6377312541007996,
                    -0.05206333473324776,
                    -0.7684972882270813,
                    -3.097911834716797
                ],
                [
                    -0.770258903503418,
                    -0.043105531483888626,
                    -0.6362727880477905,
                    -2.5648977756500244
                ],
                [
                    0.0,
                    0.9977129101753235,
                    -0.06759199500083923,
                    -0.272472083568573
                ],
                [
                    0.0,
                    0.0,
                    0.0,
                    1.0
                ]
            ]
        },
        {
            "file_path": "/data/shapenet_blender/all_50_random/02958343/e859ef0e793c43dc159a969baa659ca7/r_36",
            "rotation": 0.12566370614359174,
            "transform_matrix": [
                [
                    0.4197773337364197,
                    -0.6428860425949097,
                    -0.6406905651092529,
                    -2.5827064514160156
                ],
                [
                    -0.9076271057128906,
                    -0.2973346710205078,
                    -0.29631927609443665,
                    -1.194501280784607
                ],
                [
                    1.4901161193847656e-08,
                    0.705896258354187,
                    -0.7083151340484619,
                    -2.8553099632263184
                ],
                [
                    0.0,
                    0.0,
                    0.0,
                    1.0
                ]
            ]
        },
        {
            "file_path": "/data/shapenet_blender/all_50_random/02958343/e859ef0e793c43dc159a969baa659ca7/r_37",
            "rotation": 0.12566370614359174,
            "transform_matrix": [
                [
                    0.8529384732246399,
                    -0.02287357486784458,
                    -0.5215100049972534,
                    -2.102274179458618
                ],
                [
                    -0.5220112800598145,
                    -0.037374190986156464,
                    -0.8521192669868469,
                    -3.435002565383911
                ],
                [
                    -1.8626450382086546e-09,
                    0.9990395307540894,
                    -0.043818149715662,
                    -0.17663660645484924
                ],
                [
                    0.0,
                    0.0,
                    0.0,
                    1.0
                ]
            ]
        },
        {
            "file_path": "/data/shapenet_blender/all_50_random/02958343/e859ef0e793c43dc159a969baa659ca7/r_38",
            "rotation": 0.12566370614359174,
            "transform_matrix": [
                [
                    0.9988667964935303,
                    0.03167501837015152,
                    -0.03552083671092987,
                    -0.14318907260894775
                ],
                [
                    -0.0475923977792263,
                    0.6647936701774597,
                    -0.7455094456672668,
                    -3.005244493484497
                ],
                [
                    1.8626449271863521e-09,
                    0.7463550567626953,
                    0.6655478477478027,
                    2.6829090118408203
                ],
                [
                    0.0,
                    0.0,
                    0.0,
                    1.0
                ]
            ]
        },
        {
            "file_path": "/data/shapenet_blender/all_50_random/02958343/e859ef0e793c43dc159a969baa659ca7/r_39",
            "rotation": 0.12566370614359174,
            "transform_matrix": [
                [
                    -0.0060823941603302956,
                    0.893743097782135,
                    0.4485377073287964,
                    1.8081134557724
                ],
                [
                    0.9999815225601196,
                    0.005436198320239782,
                    0.0027282333467155695,
                    0.010997861623764038
                ],
                [
                    -2.3283067140944524e-10,
                    0.44854605197906494,
                    -0.8937596678733826,
                    -3.602860689163208
                ],
                [
                    0.0,
                    0.0,
                    0.0,
                    1.0
                ]
            ]
        },
        {
            "file_path": "/data/shapenet_blender/all_50_random/02958343/e859ef0e793c43dc159a969baa659ca7/r_40",
            "rotation": 0.12566370614359174,
            "transform_matrix": [
                [
                    0.05608811229467392,
                    0.5707340836524963,
                    -0.8192170262336731,
                    -3.3023695945739746
                ],
                [
                    -0.9984259009361267,
                    0.0320618636906147,
                    -0.04602077603340149,
                    -0.18551570177078247
                ],
                [
                    0.0,
                    0.8205086588859558,
                    0.5716339349746704,
                    2.304330348968506
                ],
                [
                    0.0,
                    0.0,
                    0.0,
                    1.0
                ]
            ]
        },
        {
            "file_path": "/data/shapenet_blender/all_50_random/02958343/e859ef0e793c43dc159a969baa659ca7/r_41",
            "rotation": 0.12566370614359174,
            "transform_matrix": [
                [
                    -0.9982847571372986,
                    0.0355348140001297,
                    -0.04652829468250275,
                    -0.18756157159805298
                ],
                [
                    -0.058545757085084915,
                    -0.6059168577194214,
                    0.7933706045150757,
