{
    "class": "02958343",
    "model": "53507d1d09b3c2671cd97374110efb0a",
    "remove_doubles": true,
    "edge_split": true,
    "denoise": true,
    "camera_angle_x": 0.6911112070083618,
    "scale_factor": 2.235376208425995,
    "hdri_file": "/data/IndoorHDRDataset2018/9C4A8378-92f902cb9a.exr",
    "center_offset": [
        0.0,
        -2.7939677238464355e-09,
        0.0
    ],
    "lights": [],
    "frames": [
        {
            "file_path": "/data/shapenet_blender/all_50_random/02958343/53507d1d09b3c2671cd97374110efb0a/r_0",
            "rotation": 0.12566370614359174,
            "transform_matrix": [
                [
                    -0.16879436373710632,
                    -0.1418062299489975,
                    0.9753970503807068,
                    3.9319512844085693
                ],
                [
                    0.9856513142585754,
                    -0.024284543469548225,
                    0.16703830659389496,
                    0.6733529567718506
                ],
                [
                    0.0,
                    0.9895964860916138,
                    0.14387057721614838,
                    0.579960823059082
                ],
                [
                    0.0,
                    0.0,
                    0.0,
                    1.0
                ]
            ]
        },
        {
            "file_path": "/data/shapenet_blender/all_50_random/02958343/53507d1d09b3c2671cd97374110efb0a/r_1",
            "rotation": 0.12566370614359174,
            "transform_matrix": [
                [
                    -0.6348152756690979,
                    -0.5807873010635376,
                    -0.5096033215522766,
                    -2.054276704788208
                ],
                [
                    -0.7726640105247498,
                    0.47717082500457764,
                    0.41868650913238525,
                    1.6877793073654175
                ],
                [
                    1.4901162970204496e-08,
                    0.6595407128334045,
                    -0.7516688108444214,
                    -3.030073881149292
                ],
                [
                    0.0,
                    0.0,
                    0.0,
                    1.0
                ]
            ]
        },
        {
            "file_path": "/data/shapenet_blender/all_50_random/02958343/53507d1d09b3c2671cd97374110efb0a/r_2",
            "rotation": 0.12566370614359174,
            "transform_matrix": [
                [
                    0.8867783546447754,
                    0.22921299934387207,
                    -0.40135470032691956,
                    -1.6179125308990479
                ],
                [
                    -0.4621950387954712,
                    0.4397734999656677,
                    -0.7700486779212952,
                    -3.104165554046631
                ],
                [
                    0.0,
                    0.8683665990829468,
                    0.4959227740764618,
                    1.9991286993026733
                ],
                [
                    0.0,
                    0.0,
                    0.0,
                    1.0
                ]
            ]
        },
        {
            "file_path": "/data/shapenet_blender/all_50_random/02958343/53507d1d09b3c2671cd97374110efb0a/r_3",
            "rotation": 0.12566370614359174,
            "transform_matrix": [
                [
                    0.9037573933601379,
                    0.02577941305935383,
                    -0.42726823687553406,
                    -1.722373127937317
                ],
                [
                    -0.42804521322250366,
                    0.054429613053798676,
                    -0.9021168947219849,
                    -3.6365489959716797
                ],
                [
                    1.862645149230957e-09,
                    0.9981846213340759,
                    0.06022593379020691,
                    0.242778480052948
                ],
                [
                    0.0,
                    0.0,
                    0.0,
                    1.0
                ]
            ]
        },
        {
            "file_path": "/data/shapenet_blender/all_50_random/02958343/53507d1d09b3c2671cd97374110efb0a/r_4",
            "rotation": 0.12566370614359174,
            "transform_matrix": [
                [
                    -0.743707001209259,
                    0.06043241173028946,
                    -0.6657685041427612,
                    -2.6837990283966064
                ],
                [
                    -0.6685057878494263,
                    -0.06723054498434067,
                    0.7406618595123291,
                    2.985703706741333
                ],
                [
                    0.0,
                    0.9959055781364441,
                    0.09039923548698425,
                    0.36441099643707275
                ],
                [
                    0.0,
                    0.0,
                    0.0,
                    1.0
                ]
            ]
        },
        {
            "file_path": "/data/shapenet_blender/all_50_random/02958343/53507d1d09b3c2671cd97374110efb0a/r_5",
            "rotation": 0.12566370614359174,
            "transform_matrix": [
                [
                    -0.607273519039154,
                    0.1580510288476944,
                    0.7786133289337158,
                    3.138690710067749
                ],
                [
                    0.7944928407669067,
                    0.12080689519643784,
                    0.5951359868049622,
                    2.3990697860717773
                ],
                [
                    0.0,
                    0.9800129532814026,
                    -0.19893325865268707,
                    -0.8019255995750427
                ],
                [
                    0.0,
                    0.0,
                    0.0,
                    1.0
                ]
            ]
        },
        {
            "file_path": "/data/shapenet_blender/all_50_random/02958343/53507d1d09b3c2671cd97374110efb0a/r_6",
            "rotation": 0.12566370614359174,
            "transform_matrix": [
                [
                    0.41491276025772095,
                    0.004970789887011051,
                    0.909847617149353,
                    3.667713165283203
                ],
                [
                    0.9098612666130066,
                    -0.002266767667606473,
                    -0.4149065315723419,
                    -1.6725417375564575
                ],
                [
                    0.0,
                    0.9999850988388062,
                    -0.005463239271193743,
                    -0.022023022174835205
                ],
                [
                    0.0,
                    0.0,
                    0.0,
                    1.0
                ]
            ]
        },
        {
            "file_path": "/data/shapenet_blender/all_50_random/02958343/53507d1d09b3c2671cd97374110efb0a/r_7",
            "rotation": 0.12566370614359174,
            "transform_matrix": [
                [
                    -0.4960966110229492,
                    -0.5755277276039124,
                    -0.650119960308075,
                    -2.6207172870635986
                ],
                [
                    -0.868267297744751,
                    0.32883578538894653,
                    0.3714551031589508,
                    1.49738347530365
                ],
                [
                    0.0,
                    0.7487555146217346,
                    -0.6628462672233582,
                    -2.6720187664031982
                ],
                [
                    0.0,
                    0.0,
                    0.0,
                    1.0
                ]
            ]
        },
        {
            "file_path": "/data/shapenet_blender/all_50_random/02958343/53507d1d09b3c2671cd97374110efb0a/r_8",
            "rotation": 0.12566370614359174,
            "transform_matrix": [
                [
                    -0.8758759498596191,
                    -0.05676916614174843,
                    -0.47918546199798584,
                    -1.931658387184143
                ],
                [
                    -0.48253655433654785,
                    0.10304451733827591,
                    0.8697932362556458,
                    3.506248712539673
                ],
                [
                    -3.725290742551124e-09,
                    0.9930554032325745,
                    -0.11764740198850632,
                    -0.4742518365383148
                ],
                [
                    0.0,
                    0.0,
                    0.0,
                    1.0
                ]
            ]
        },
        {
            "file_path": "/data/shapenet_blender/all_50_random/02958343/53507d1d09b3c2671cd97374110efb0a/r_9",
            "rotation": 0.12566370614359174,
            "transform_matrix": [
                [
                    0.240946963429451,
                    -0.4048316478729248,
                    0.8820747137069702,
                    3.5557570457458496
                ],
                [
                    0.970538318157196,
                    0.10050397366285324,
                    -0.21898488700389862,
                    -0.8827563524246216
                ],
                [
                    -7.450580596923828e-09,
                    0.9088510274887085,
                    0.41712072491645813,
                    1.6814675331115723
                ],
                [
                    0.0,
                    0.0,
                    0.0,
                    1.0
                ]
            ]
        },
        {
            "file_path": "/data/shapenet_blender/all_50_random/02958343/53507d1d09b3c2671cd97374110efb0a/r_10",
            "rotation": 0.12566370614359174,
            "transform_matrix": [
                [
                    0.8988775610923767,
                    0.030064616352319717,
                    -0.43716737627983093,
                    -1.7622780799865723
                ],
                [
                    -0.4381999671459198,
                    0.06167140603065491,
                    -0.8967593908309937,
                    -3.614952802658081
                ],
                [
                    0.0,
                    0.9976434707641602,
                    0.06860935688018799,
                    0.27657315135002136
                ],
                [
                    0.0,
                    0.0,
                    0.0,
                    1.0
                ]
            ]
        },
        {
            "file_path": "/data/shapenet_blender/all_50_random/02958343/53507d1d09b3c2671cd97374110efb0a/r_11",
            "rotation": 0.12566370614359174,
            "transform_matrix": [
                [
                    0.7362892031669617,
                    0.5195138454437256,
                    0.4335706830024719,
                    1.747779369354248
                ],
                [
                    0.6766669750213623,
                    -0.5652890205383301,
                    -0.47177332639694214,
                    -1.901779055595398
                ],
                [
                    -2.9802322387695312e-08,
                    0.6407444477081299,
                    -0.7677541375160217,
                    -3.0949158668518066
                ],
                [
                    0.0,
                    0.0,
                    0.0,
                    1.0
                ]
            ]
        },
        {
            "file_path": "/data/shapenet_blender/all_50_random/02958343/53507d1d09b3c2671cd97374110efb0a/r_12",
            "rotation": 0.12566370614359174,
            "transform_matrix": [
                [
                    0.753143310546875,
                    0.3693455159664154,
                    0.5443887114524841,
                    2.1945011615753174
                ],
                [
                    0.6578565239906311,
                    -0.4228430986404419,
                    -0.6232402920722961,
                    -2.512362003326416
                ],
                [
                    0.0,
                    0.827518880367279,
                    -0.5614377856254578,
                    -2.263228178024292
                ],
                [
                    0.0,
                    0.0,
                    0.0,
                    1.0
                ]
            ]
        },
        {
            "file_path": "/data/shapenet_blender/all_50_random/02958343/53507d1d09b3c2671cd97374110efb0a/r_13",
            "rotation": 0.12566370614359174,
            "transform_matrix": [
                [
                    0.9562844038009644,
                    0.22394834458827972,
                    -0.18806211650371552,
                    -0.7581026554107666
                ],
                [
                    -0.29243844747543335,
                    0.7323192954063416,
                    -0.6149700284004211,
                    -2.4790234565734863
                ],
                [
                    0.0,
                    0.6430827975273132,
                    0.7657966017723083,
                    3.0870249271392822
                ],
                [
                    0.0,
                    0.0,
                    0.0,
                    1.0
                ]
            ]
        },
        {
            "file_path": "/data/shapenet_blender/all_50_random/02958343/53507d1d09b3c2671cd97374110efb0a/r_14",
            "rotation": 0.12566370614359174,
            "transform_matrix": [
                [
                    0.9511114358901978,
                    -0.02508695423603058,
                    0.3078274130821228,
                    1.2408921718597412
                ],
                [
                    0.3088480234146118,
                    0.07725641131401062,
                    -0.9479684233665466,
                    -3.821383237838745
                ],
                [
                    -1.862645149230957e-09,
                    0.9966956377029419,
                    0.08122748881578445,
                    0.32743850350379944
                ],
                [
                    0.0,
                    0.0,
                    0.0,
                    1.0
                ]
            ]
        },
        {
            "file_path": "/data/shapenet_blender/all_50_random/02958343/53507d1d09b3c2671cd97374110efb0a/r_15",
            "rotation": 0.12566370614359174,
            "transform_matrix": [
                [
                    0.8371614813804626,
                    0.16678856313228607,
                    0.5209052562713623,
                    2.0998363494873047
                ],
                [
                    0.5469558835029602,
                    -0.25528380274772644,
                    -0.7972888350486755,
                    -3.2139739990234375
                ],
                [
                    1.4901161193847656e-08,
                    0.9523717164993286,
                    -0.30493971705436707,
                    -1.2292512655258179
                ],
                [
                    0.0,
                    0.0,
                    0.0,
                    1.0
                ]
            ]
        },
        {
            "file_path": "/data/shapenet_blender/all_50_random/02958343/53507d1d09b3c2671cd97374110efb0a/r_16",
            "rotation": 0.12566370614359174,
            "transform_matrix": [
                [
                    0.1766027957201004,
                    0.09517259895801544,
                    -0.9796701669692993,
                    -3.949176788330078
                ],
                [
                    -0.9842821955680847,
                    0.017076143994927406,
                    -0.17577528953552246,
                    -0.7085728645324707
                ],
                [
                    -1.862645149230957e-09,
                    0.9953142404556274,
                    0.09669239819049835,
                    0.38977953791618347
                ],
                [
                    0.0,
                    0.0,
                    0.0,
                    1.0
                ]
            ]
        },
        {
            "file_path": "/data/shapenet_blender/all_50_random/02958343/53507d1d09b3c2671cd97374110efb0a/r_17",
            "rotation": 0.12566370614359174,
            "transform_matrix": [
                [
                    0.5427940487861633,
                    0.5893582701683044,
                    0.5983572602272034,
                    2.412055253982544
                ],
                [
                    0.8398659229278564,
                    -0.3808943033218384,
                    -0.3867102265357971,
                    -1.558878779411316
                ],
                [
                    0.0,
                    0.7124437689781189,
                    -0.7017291188240051,
                    -2.8287606239318848
                ],
                [
                    0.0,
                    0.0,
                    0.0,
                    1.0
                ]
            ]
        },
        {
            "file_path": "/data/shapenet_blender/all_50_random/02958343/53507d1d09b3c2671cd97374110efb0a/r_18",
            "rotation": 0.12566370614359174,
            "transform_matrix": [
                [
                    0.8329598903656006,
                    -0.3772045373916626,
                    0.40483909845352173,
                    1.6319588422775269
                ],
                [
                    0.553333580493927,
                    0.5678242444992065,
                    -0.6094238758087158,
                    -2.4566664695739746
                ],
                [
                    -2.980232594040899e-08,
                    0.731636643409729,
                    0.6816946864128113,
                    2.747999429702759
                ],
                [
                    0.0,
                    0.0,
                    0.0,
                    1.0
                ]
            ]
        },
        {
            "file_path": "/data/shapenet_blender/all_50_random/02958343/53507d1d09b3c2671cd97374110efb0a/r_19",
            "rotation": 0.12566370614359174,
            "transform_matrix": [
                [
                    -0.7649808526039124,
                    0.26176077127456665,
                    0.5884602665901184,
                    2.372159481048584
                ],
                [
                    0.6440529227256775,
                    0.31090912222862244,
                    0.6989499926567078,
                    2.8175578117370605
                ],
                [
                    2.9802322387695312e-08,
                    0.9136830568313599,
                    -0.4064272940158844,
                    -1.6383609771728516
                ],
                [
                    0.0,
                    0.0,
                    0.0,
                    1.0
                ]
            ]
        },
        {
            "file_path": "/data/shapenet_blender/all_50_random/02958343/53507d1d09b3c2671cd97374110efb0a/r_20",
            "rotation": 0.12566370614359174,
            "transform_matrix": [
                [
                    -0.9757131338119507,
                    -0.024137727916240692,
                    -0.21771839261054993,
                    -0.8776508569717407
                ],
                [
                    -0.21905235946178436,
                    0.10751538723707199,
                    0.9697713851928711,
                    3.909273147583008
                ],
                [
                    0.0,
                    0.9939102530479431,
                    -0.11019161343574524,
                    -0.44419658184051514
                ],
                [
                    0.0,
                    0.0,
                    0.0,
                    1.0
                ]
            ]
        },
        {
            "file_path": "/data/shapenet_blender/all_50_random/02958343/53507d1d09b3c2671cd97374110efb0a/r_21",
            "rotation": 0.12566370614359174,
            "transform_matrix": [
                [
                    0.9732155799865723,
                    -0.050021685659885406,
                    0.2243868112564087,
                    0.9045321941375732
                ],
                [
                    0.22989480197429657,
                    0.21175721287727356,
                    -0.9498985409736633,
                    -3.8291635513305664
                ],
                [
                    0.0,
                    0.9760412573814392,
                    0.21758513152599335,
                    0.8771136999130249
                ],
                [
                    0.0,
                    0.0,
                    0.0,
                    1.0
                ]
            ]
        },
        {
            "file_path": "/data/shapenet_blender/all_50_random/02958343/53507d1d09b3c2671cd97374110efb0a/r_22",
            "rotation": 0.12566370614359174,
            "transform_matrix": [
                [
                    0.2758757472038269,
                    -0.4557661712169647,
                    -0.8462680578231812,
                    -3.4114158153533936
                ],
                [
                    -0.961193323135376,
                    -0.1308111846446991,
                    -0.2428906261920929,
                    -0.9791234731674194
                ],
                [
                    0.0,
                    0.8804348111152649,
                    -0.47416701912879944,
                    -1.9114285707473755
                ],
                [
                    0.0,
                    0.0,
                    0.0,
                    1.0
                ]
            ]
        },
        {
            "file_path": "/data/shapenet_blender/all_50_random/02958343/53507d1d09b3c2671cd97374110efb0a/r_23",
            "rotation": 0.12566370614359174,
            "transform_matrix": [
                [
                    0.06935464590787888,
                    -0.5054830312728882,
                    -0.8600445985794067,
                    -3.4669508934020996
                ],
                [
                    -0.997592031955719,
                    -0.03514222428202629,
                    -0.05979207158088684,
                    -0.2410295605659485
                ],
                [
                    -1.8626450382086546e-09,
                    0.8621206283569336,
                    -0.5067030787467957,
                    -2.042585611343384
                ],
                [
                    0.0,
                    0.0,
                    0.0,
                    1.0
                ]
            ]
        },
        {
            "file_path": "/data/shapenet_blender/all_50_random/02958343/53507d1d09b3c2671cd97374110efb0a/r_24",
            "rotation": 0.12566370614359174,
            "transform_matrix": [
                [
                    0.3108673095703125,
                    0.5410590767860413,
                    -0.781419575214386,
                    -3.15000319480896
                ],
                [
                    -0.9504534006118774,
                    0.1769656240940094,
                    -0.25558096170425415,
                    -1.0302798748016357
                ],
                [
                    0.0,
                    0.8221545815467834,
                    0.5692641139030457,
                    2.2947773933410645
                ],
                [
                    0.0,
                    0.0,
                    0.0,
                    1.0
                ]
            ]
        },
        {
            "file_path": "/data/shapenet_blender/all_50_random/02958343/53507d1d09b3c2671cd97374110efb0a/r_25",
            "rotation": 0.12566370614359174,
            "transform_matrix": [
                [
                    -0.3409801423549652,
                    -0.3287738263607025,
                    0.880704402923584,
                    3.5502328872680664
                ],
                [
                    0.9400704503059387,
                    -0.11925207078456879,
                    0.31944704055786133,
                    1.2877322435379028
                ],
                [
                    -7.450580152834618e-09,
                    0.9368494153022766,
                    0.3497331738471985,
                    1.409819483757019
                ],
                [
                    0.0,
                    0.0,
                    0.0,
                    1.0
                ]
            ]
        },
        {
            "file_path": "/data/shapenet_blender/all_50_random/02958343/53507d1d09b3c2671cd97374110efb0a/r_26",
            "rotation": 0.12566370614359174,
            "transform_matrix": [
                [
                    -0.48699989914894104,
                    -0.6160979866981506,
                    -0.6190752983093262,
                    -2.495572328567505
                ],
                [
                    -0.8734020590782166,
                    0.3435298502445221,
                    0.3451899588108063,
                    1.391505241394043
                ],
                [
                    0.0,
                    0.7088090181350708,
                    -0.7054003477096558,
                    -2.843559741973877
                ],
                [
                    0.0,
                    0.0,
                    0.0,
                    1.0
                ]
            ]
        },
        {
            "file_path": "/data/shapenet_blender/all_50_random/02958343/53507d1d09b3c2671cd97374110efb0a/r_27",
            "rotation": 0.12566370614359174,
            "transform_matrix": [
                [
                    0.418853759765625,
                    0.21869449317455292,
                    -0.8813252449035645,
                    -3.5527358055114746
                ],
                [
                    -0.9080536961555481,
                    0.10087621212005615,
                    -0.4065248668193817,
                    -1.63875412940979
                ],
                [
                    0.0,
                    0.970565140247345,
                    0.24083870649337769,
                    0.9708518981933594
                ],
                [
                    0.0,
                    0.0,
                    0.0,
                    1.0
                ]
            ]
        },
        {
            "file_path": "/data/shapenet_blender/all_50_random/02958343/53507d1d09b3c2671cd97374110efb0a/r_28",
            "rotation": 0.12566370614359174,
            "transform_matrix": [
                [
                    -0.5947467684745789,
                    -0.04525342211127281,
                    -0.8026383519172668,
                    -3.2355387210845947
                ],
                [
                    -0.8039131164550781,
                    0.033479150384664536,
                    0.5938037037849426,
                    2.3936994075775146
                ],
                [
                    0.0,
                    0.9984143972396851,
                    -0.056291431188583374,
                    -0.22691801190376282
                ],
                [
                    0.0,
                    0.0,
                    0.0,
                    1.0
                ]
            ]
        },
        {
            "file_path": "/data/shapenet_blender/all_50_random/02958343/53507d1d09b3c2671cd97374110efb0a/r_29",
            "rotation": 0.12566370614359174,
            "transform_matrix": [
                [
                    -0.20505212247371674,
                    -0.5017863512039185,
                    -0.8403356671333313,
                    -3.3875014781951904
                ],
                [
                    -0.978751003742218,
                    0.10512617975473404,
                    0.17605356872081757,
                    0.7096946239471436
                ],
                [
                    0.0,
                    0.8585795760154724,
                    -0.5126802325248718,
                    -2.0666801929473877
                ],
                [
                    0.0,
                    0.0,
                    0.0,
                    1.0
                ]
            ]
        },
        {
            "file_path": "/data/shapenet_blender/all_50_random/02958343/53507d1d09b3c2671cd97374110efb0a/r_30",
            "rotation": 0.12566370614359174,
            "transform_matrix": [
                [
                    -0.05496542155742645,
                    -0.1349957287311554,
                    0.9893204569816589,
                    3.9880783557891846
                ],
                [
                    0.9984883069992065,
                    -0.007431331556290388,
                    0.05446074157953262,
                    0.21953827142715454
                ],
                [
                    4.656613428188905e-10,
                    0.990818202495575,
                    0.1352001428604126,
                    0.545009195804596
                ],
                [
                    0.0,
                    0.0,
                    0.0,
                    1.0
                ]
            ]
        },
        {
            "file_path": "/data/shapenet_blender/all_50_random/02958343/53507d1d09b3c2671cd97374110efb0a/r_31",
            "rotation": 0.12566370614359174,
            "transform_matrix": [
                [
                    0.5204718112945557,
                    -0.0007822652696631849,
                    0.8538784980773926,
                    3.442094326019287
                ],
                [
                    0.853878915309906,
                    0.0004768205981235951,
                    -0.5204715728759766,
                    -2.098088026046753
                ],
                [
                    0.0,
                    0.9999995827674866,
                    0.0009161314810626209,
                    0.0036930441856384277
                ],
                [
                    0.0,
                    0.0,
                    0.0,
                    1.0
                ]
            ]
        },
        {
            "file_path": "/data/shapenet_blender/all_50_random/02958343/53507d1d09b3c2671cd97374110efb0a/r_32",
            "rotation": 0.12566370614359174,
            "transform_matrix": [
                [
                    -0.9470016956329346,
                    0.23041081428527832,
                    -0.2238275557756424,
                    -0.9022778272628784
                ],
                [
                    -0.3212288022041321,
                    -0.6792647838592529,
                    0.6598569750785828,
                    2.659968852996826
                ],
                [
                    0.0,
                    0.6967855095863342,
                    0.7172794342041016,
                    2.891446113586426
                ],
                [
                    0.0,
                    0.0,
                    0.0,
                    1.0
                ]
            ]
        },
        {
            "file_path": "/data/shapenet_blender/all_50_random/02958343/53507d1d09b3c2671cd97374110efb0a/r_33",
            "rotation": 0.12566370614359174,
            "transform_matrix": [
                [
                    -0.33817538619041443,
                    0.13572901487350464,
                    -0.9312438368797302,
                    -3.7539639472961426
                ],
                [
                    -0.9410831928253174,
                    -0.048773810267448425,
                    0.33463963866233826,
                    1.3489755392074585
                ],
                [
                    0.0,
                    0.989544689655304,
                    0.14422641694545746,
                    0.5813952684402466
                ],
                [
                    0.0,
                    0.0,
                    0.0,
                    1.0
                ]
            ]
        },
        {
            "file_path": "/data/shapenet_blender/all_50_random/02958343/53507d1d09b3c2671cd97374110efb0a/r_34",
            "rotation": 0.12566370614359174,
            "transform_matrix": [
                [
                    0.4001956880092621,
                    -0.3760661780834198,
                    -0.8357138633728027,
                    -3.368870258331299
                ],
                [
                    -0.9164297580718994,
                    -0.16422432661056519,
                    -0.3649478852748871,
                    -1.4711519479751587
                ],
                [
                    0.0,
                    0.9119235873222351,
                    -0.41036006808280945,
                    -1.6542143821716309
                ],
                [
                    0.0,
                    0.0,
                    0.0,
                    1.0
                ]
            ]
        },
        {
            "file_path": "/data/shapenet_blender/all_50_random/02958343/53507d1d09b3c2671cd97374110efb0a/r_35",
            "rotation": 0.12566370614359174,
            "transform_matrix": [
                [
                    -0.9246785640716553,
                    -0.0012286434648558497,
                    -0.38074690103530884,
                    -1.5348398685455322
                ],
                [
                    -0.3807488977909088,
                    0.0029838569462299347,
                    0.9246736764907837,
                    3.7274787425994873
                ],
                [
                    0.0,
                    0.9999947547912598,
                    -0.003226913046091795,
                    -0.013008102774620056
                ],
                [
                    0.0,
                    0.0,
                    0.0,
                    1.0
                ]
            ]
        },
        {
            "file_path": "/data/shapenet_blender/all_50_random/02958343/53507d1d09b3c2671cd97374110efb0a/r_36",
            "rotation": 0.12566370614359174,
            "transform_matrix": [
                [
                    0.5957083106040955,
                    -0.2910977005958557,
                    0.748594343662262,
                    3.0176806449890137
                ],
                [
                    0.8032007813453674,
                    0.21589788794517517,
                    -0.5552085041999817,
                    -2.238117218017578
                ],
                [
                    -1.4901160305669237e-08,
                    0.9320140480995178,
                    0.36242207884788513,
                    1.4609702825546265
                ],
                [
                    0.0,
                    0.0,
                    0.0,
                    1.0
                ]
            ]
        },
        {
            "file_path": "/data/shapenet_blender/all_50_random/02958343/53507d1d09b3c2671cd97374110efb0a/r_37",
            "rotation": 0.12566370614359174,
            "transform_matrix": [
                [
                    -0.5391809940338135,
                    -0.3225356340408325,
                    0.7779809832572937,
                    3.136141777038574
                ],
                [
                    0.8421897888183594,
                    -0.20649157464504242,
                    0.4980736970901489,
                    2.0077993869781494
                ],
                [
                    0.0,
                    0.9237596392631531,
                    0.3829725980758667,
                    1.5438120365142822
                ],
                [
                    0.0,
                    0.0,
                    0.0,
                    1.0
                ]
            ]
        },
        {
            "file_path": "/data/shapenet_blender/all_50_random/02958343/53507d1d09b3c2671cd97374110efb0a/r_38",
            "rotation": 0.12566370614359174,
            "transform_matrix": [
                [
                    0.11125744879245758,
                    0.5389189720153809,
                    0.834977924823761,
                    3.365903615951538
                ],
                [
                    0.9937916994094849,
                    -0.060333311557769775,
                    -0.09347784519195557,
                    -0.37682124972343445
                ],
                [
                    -3.725290742551124e-09,
                    0.8401941657066345,
                    -0.542285680770874,
                    -2.186023473739624
                ],
                [
                    0.0,
                    0.0,
                    0.0,
                    1.0
                ]
            ]
        },
        {
            "file_path": "/data/shapenet_blender/all_50_random/02958343/53507d1d09b3c2671cd97374110efb0a/r_39",
            "rotation": 0.12566370614359174,
            "transform_matrix": [
                [
                    0.582942545413971,
                    -0.315072238445282,
                    0.7489374876022339,
                    3.019063711166382
                ],
                [
                    0.8125133514404297,
                    0.2260504513978958,
                    -0.5373296737670898,
                    -2.1660454273223877
                ],
                [
                    1.4901161193847656e-08,
                    0.9217541217803955,
                    0.3877747654914856,
                    1.5631701946258545
                ],
                [
                    0.0,
                    0.0,
                    0.0,
                    1.0
                ]
            ]
        },
        {
            "file_path": "/data/shapenet_blender/all_50_random/02958343/53507d1d09b3c2671cd97374110efb0a/r_40",
            "rotation": 0.12566370614359174,
            "transform_matrix": [
                [
                    0.2029643952846527,
                    -0.5632206797599792,
                    0.8009918928146362,
                    3.2289011478424072
                ],
                [
                    0.9791861176490784,
                    0.11674364656209946,
                    -0.16602854430675507,
                    -0.6692823767662048
                ],
                [
                    0.0,
                    0.8180179595947266,
                    0.5751927495002747,
                    2.3186757564544678
                ],
                [
                    0.0,
                    0.0,
                    0.0,
                    1.0
                ]
            ]
        },
        {
            "file_path": "/data/shapenet_blender/all_50_random/02958343/53507d1d09b3c2671cd97374110efb0a/r_41",
            "rotation": 0.12566370614359174,
            "transform_matrix": [
                [
                    -0.0659947469830513,
                    -0.3473743200302124,
                    0.9354013800621033,
                    3.770723581314087
                ],
                [
                    0.9978199601173401,
                    -0.022974969819188118,
                    0.061866458505392075,
                    0.24939167499542236
                ],
                [
                    -1.8626450382086546e-09,
                    0.9374451041221619,
