{
    "class": "02958343",
    "model": "f7b9529fb166ee56ac922d597da8f180",
    "remove_doubles": true,
    "edge_split": true,
    "denoise": true,
    "camera_angle_x": 0.6911112070083618,
    "scale_factor": 2.2914966994513426,
    "hdri_file": "/data/IndoorHDRDataset2018/9C4A8546-b936d6d749.exr",
    "center_offset": [
        0.0,
        0.0,
        -1.862645149230957e-09
    ],
    "lights": [],
    "frames": [
        {
            "file_path": "/data/shapenet_blender/all_50_random/02958343/f7b9529fb166ee56ac922d597da8f180/r_0",
            "rotation": 0.12566370614359174,
            "transform_matrix": [
                [
                    -0.7670366764068604,
                    0.08534683287143707,
                    0.6359012722969055,
                    2.5634002685546875
                ],
                [
                    0.6416031122207642,
                    0.10203216224908829,
                    0.7602201104164124,
                    3.0645456314086914
                ],
                [
                    -7.450580596923828e-09,
                    0.9911131262779236,
                    -0.13302119076251984,
                    -0.5362256169319153
                ],
                [
                    0.0,
                    0.0,
                    0.0,
                    1.0
                ]
            ]
        },
        {
            "file_path": "/data/shapenet_blender/all_50_random/02958343/f7b9529fb166ee56ac922d597da8f180/r_1",
            "rotation": 0.12566370614359174,
            "transform_matrix": [
                [
                    -0.962684154510498,
                    0.03886917233467102,
                    0.2678215503692627,
                    1.0796232223510742
                ],
                [
                    0.2706274092197418,
                    0.13826662302017212,
                    0.952703058719635,
                    3.8404688835144043
                ],
                [
                    -3.725290298461914e-09,
                    0.9896319508552551,
                    -0.1436261683702469,
                    -0.5789756178855896
                ],
                [
                    0.0,
                    0.0,
                    0.0,
                    1.0
                ]
            ]
        },
        {
            "file_path": "/data/shapenet_blender/all_50_random/02958343/f7b9529fb166ee56ac922d597da8f180/r_2",
            "rotation": 0.12566370614359174,
            "transform_matrix": [
                [
                    0.8691837787628174,
                    0.46643897891044617,
                    -0.16417789459228516,
                    -0.6618223190307617
                ],
                [
                    -0.4944894015789032,
                    0.8198783993721008,
                    -0.28858205676078796,
                    -1.1633116006851196
                ],
                [
                    -1.4901162970204496e-08,
                    0.33201509714126587,
                    0.9432740211486816,
                    3.802459478378296
                ],
                [
                    0.0,
                    0.0,
                    0.0,
                    1.0
                ]
            ]
        },
        {
            "file_path": "/data/shapenet_blender/all_50_random/02958343/f7b9529fb166ee56ac922d597da8f180/r_3",
            "rotation": 0.12566370614359174,
            "transform_matrix": [
                [
                    -0.5284243226051331,
                    0.7927058339118958,
                    -0.3039495646953583,
                    -1.2252599000930786
                ],
                [
                    -0.8489805459976196,
                    -0.49339765310287476,
                    0.18918493390083313,
                    0.7626288533210754
                ],
                [
                    0.0,
                    0.3580171465873718,
                    0.9337149858474731,
                    3.763925552368164
                ],
                [
                    0.0,
                    0.0,
                    0.0,
                    1.0
                ]
            ]
        },
        {
            "file_path": "/data/shapenet_blender/all_50_random/02958343/f7b9529fb166ee56ac922d597da8f180/r_4",
            "rotation": 0.12566370614359174,
            "transform_matrix": [
                [
                    -0.9734416604042053,
                    -0.20502428710460663,
                    0.10186504572629929,
                    0.41063112020492554
                ],
                [
                    0.22893548011779785,
                    -0.871770441532135,
                    0.43313372135162354,
                    1.7460179328918457
                ],
                [
                    0.0,
                    0.4449508786201477,
                    0.8955549597740173,
                    3.6100974082946777
                ],
                [
                    0.0,
                    0.0,
                    0.0,
                    1.0
                ]
            ]
        },
        {
            "file_path": "/data/shapenet_blender/all_50_random/02958343/f7b9529fb166ee56ac922d597da8f180/r_5",
            "rotation": 0.12566370614359174,
            "transform_matrix": [
                [
                    0.30606698989868164,
                    0.18848930299282074,
                    0.9331637620925903,
                    3.7617037296295166
                ],
                [
                    0.9520100355148315,
                    -0.060598477721214294,
                    -0.30000799894332886,
                    -1.2093710899353027
                ],
                [
                    3.725290298461914e-09,
                    0.9802039265632629,
                    -0.19799084961414337,
                    -0.7981266975402832
                ],
                [
                    0.0,
                    0.0,
                    0.0,
                    1.0
                ]
            ]
        },
        {
            "file_path": "/data/shapenet_blender/all_50_random/02958343/f7b9529fb166ee56ac922d597da8f180/r_6",
            "rotation": 0.12566370614359174,
            "transform_matrix": [
                [
                    -0.9092774987220764,
                    -0.00615626759827137,
                    0.4161449670791626,
                    1.6775339841842651
                ],
                [
                    0.4161905348300934,
                    -0.01344998273998499,
                    0.9091779589653015,
                    3.665013551712036
                ],
                [
                    -4.656612873077393e-10,
                    0.9998906254768372,
                    0.014791945926845074,
                    0.05962824076414108
                ],
                [
                    0.0,
                    0.0,
                    0.0,
                    1.0
                ]
            ]
        },
        {
            "file_path": "/data/shapenet_blender/all_50_random/02958343/f7b9529fb166ee56ac922d597da8f180/r_7",
            "rotation": 0.12566370614359174,
            "transform_matrix": [
                [
                    0.6411989331245422,
                    0.25773146748542786,
                    -0.7227990627288818,
                    -2.9136962890625
                ],
                [
                    -0.7673747539520264,
                    0.21535387635231018,
                    -0.6039525866508484,
                    -2.4346108436584473
                ],
                [
                    -1.4901161193847656e-08,
                    0.9419114589691162,
                    0.33586129546165466,
                    1.3539001941680908
                ],
                [
                    0.0,
                    0.0,
                    0.0,
                    1.0
                ]
            ]
        },
        {
            "file_path": "/data/shapenet_blender/all_50_random/02958343/f7b9529fb166ee56ac922d597da8f180/r_8",
            "rotation": 0.12566370614359174,
            "transform_matrix": [
                [
                    0.9460263252258301,
                    0.07085033506155014,
                    0.31625059247016907,
                    1.2748469114303589
                ],
                [
                    0.32408982515335083,
                    -0.20681388676166534,
                    -0.9231433868408203,
                    -3.7213101387023926
                ],
                [
                    -7.450580596923828e-09,
                    0.9758115410804749,
                    -0.21861326694488525,
                    -0.8812582492828369
                ],
                [
                    0.0,
                    0.0,
                    0.0,
                    1.0
                ]
            ]
        },
        {
            "file_path": "/data/shapenet_blender/all_50_random/02958343/f7b9529fb166ee56ac922d597da8f180/r_9",
            "rotation": 0.12566370614359174,
            "transform_matrix": [
                [
                    0.5928821563720703,
                    -0.24380655586719513,
                    0.7674953937530518,
                    3.0938727855682373
                ],
                [
                    0.8052892088890076,
                    0.17949892580509186,
                    -0.5650569796562195,
                    -2.277817487716675
                ],
                [
                    0.0,
                    0.95306795835495,
                    0.30275648832321167,
                    1.2204504013061523
                ],
                [
                    0.0,
                    0.0,
                    0.0,
                    1.0
                ]
            ]
        },
        {
            "file_path": "/data/shapenet_blender/all_50_random/02958343/f7b9529fb166ee56ac922d597da8f180/r_10",
            "rotation": 0.12566370614359174,
            "transform_matrix": [
                [
                    0.6325295567512512,
                    0.1606992930173874,
                    0.7576820850372314,
                    3.054314136505127
                ],
                [
                    0.7745363712310791,
                    -0.1312360018491745,
                    -0.6187654733657837,
                    -2.494323492050171
                ],
                [
                    -7.450581485102248e-09,
                    0.9782396554946899,
                    -0.20747806131839752,
                    -0.8363708257675171
                ],
                [
                    0.0,
                    0.0,
                    0.0,
                    1.0
                ]
            ]
        },
        {
            "file_path": "/data/shapenet_blender/all_50_random/02958343/f7b9529fb166ee56ac922d597da8f180/r_11",
            "rotation": 0.12566370614359174,
            "transform_matrix": [
                [
                    -0.9742289781570435,
                    -0.016695808619260788,
                    -0.22494284808635712,
                    -0.9067736268043518
                ],
                [
                    -0.22556163370609283,
                    0.07211128622293472,
                    0.9715563654899597,
                    3.916469097137451
                ],
                [
                    -1.862645371275562e-09,
                    0.997256875038147,
                    -0.07401882112026215,
                    -0.29837942123413086
                ],
                [
                    0.0,
                    0.0,
                    0.0,
                    1.0
                ]
            ]
        },
        {
            "file_path": "/data/shapenet_blender/all_50_random/02958343/f7b9529fb166ee56ac922d597da8f180/r_12",
            "rotation": 0.12566370614359174,
            "transform_matrix": [
                [
                    -0.40240347385406494,
                    -0.6306846737861633,
                    -0.6635573506355286,
                    -2.6748852729797363
                ],
                [
                    -0.9154624938964844,
                    0.27722567319869995,
                    0.29167529940605164,
                    1.1757807731628418
                ],
                [
                    -1.4901162970204496e-08,
                    0.7248328328132629,
                    -0.6889246702194214,
                    -2.777144193649292
                ],
                [
                    0.0,
                    0.0,
                    0.0,
                    1.0
                ]
            ]
        },
        {
            "file_path": "/data/shapenet_blender/all_50_random/02958343/f7b9529fb166ee56ac922d597da8f180/r_13",
            "rotation": 0.12566370614359174,
            "transform_matrix": [
                [
                    -0.022462714463472366,
                    0.629020094871521,
                    0.7770643830299377,
                    3.1324470043182373
                ],
                [
                    0.9997477531433105,
                    0.014133064076304436,
                    0.017459379509091377,
                    0.07038101553916931
                ],
                [
                    0.0,
                    0.7772605419158936,
                    -0.6291787624359131,
                    -2.5363008975982666
                ],
                [
                    0.0,
                    0.0,
                    0.0,
                    1.0
                ]
            ]
        },
        {
            "file_path": "/data/shapenet_blender/all_50_random/02958343/f7b9529fb166ee56ac922d597da8f180/r_14",
            "rotation": 0.12566370614359174,
            "transform_matrix": [
                [
                    0.12483327835798264,
                    -0.30550894141197205,
                    -0.9439707398414612,
                    -3.8052680492401123
                ],
                [
                    -0.9921776652336121,
                    -0.03843836113810539,
                    -0.11876799911260605,
                    -0.4787691533565521
                ],
                [
                    0.0,
                    0.9514129161834717,
                    -0.30791759490966797,
                    -1.2412556409835815
                ],
                [
                    0.0,
                    0.0,
                    0.0,
                    1.0
                ]
            ]
        },
        {
            "file_path": "/data/shapenet_blender/all_50_random/02958343/f7b9529fb166ee56ac922d597da8f180/r_15",
            "rotation": 0.12566370614359174,
            "transform_matrix": [
                [
                    0.024309899657964706,
                    0.618525505065918,
                    0.7853885889053345,
                    3.1660027503967285
                ],
                [
                    0.9997045397758484,
                    -0.015040735714137554,
                    -0.01909836009144783,
                    -0.07698795199394226
                ],
                [
                    -9.313225746154785e-10,
                    0.7856207489967346,
                    -0.6187083125114441,
                    -2.4940929412841797
                ],
                [
                    0.0,
                    0.0,
                    0.0,
                    1.0
                ]
            ]
        },
        {
            "file_path": "/data/shapenet_blender/all_50_random/02958343/f7b9529fb166ee56ac922d597da8f180/r_16",
            "rotation": 0.12566370614359174,
            "transform_matrix": [
                [
                    -0.7572115659713745,
                    0.5637590289115906,
                    -0.3298584520816803,
                    -1.3297019004821777
                ],
                [
                    -0.6531698703765869,
                    -0.6535586714744568,
                    0.3824007213115692,
                    1.5415066480636597
                ],
                [
                    1.4901162970204496e-08,
                    0.5050117373466492,
                    0.8631123900413513,
                    3.4793174266815186
                ],
                [
                    0.0,
                    0.0,
                    0.0,
                    1.0
                ]
            ]
        },
        {
            "file_path": "/data/shapenet_blender/all_50_random/02958343/f7b9529fb166ee56ac922d597da8f180/r_17",
            "rotation": 0.12566370614359174,
            "transform_matrix": [
                [
                    0.7891290187835693,
                    -0.5271643400192261,
                    -0.3152351677417755,
                    -1.2707536220550537
                ],
                [
                    -0.6142275929450989,
                    -0.6772744059562683,
                    -0.40499839186668396,
                    -1.6326007843017578
                ],
                [
                    1.4901162970204496e-08,
                    0.5132220387458801,
                    -0.8582558035850525,
                    -3.459739923477173
                ],
                [
                    0.0,
                    0.0,
                    0.0,
                    1.0
                ]
            ]
        },
        {
            "file_path": "/data/shapenet_blender/all_50_random/02958343/f7b9529fb166ee56ac922d597da8f180/r_18",
            "rotation": 0.12566370614359174,
            "transform_matrix": [
                [
                    0.6100814342498779,
                    -0.005946723278611898,
                    -0.7923163771629333,
                    -3.193929433822632
                ],
                [
                    -0.7923386693000793,
                    -0.004578831139951944,
                    -0.6100642085075378,
                    -2.459247589111328
                ],
                [
                    2.3283061589829401e-10,
                    0.9999719262123108,
                    -0.00750527810305357,
                    -0.030254743993282318
                ],
                [
                    0.0,
                    0.0,
                    0.0,
                    1.0
                ]
            ]
        },
        {
            "file_path": "/data/shapenet_blender/all_50_random/02958343/f7b9529fb166ee56ac922d597da8f180/r_19",
            "rotation": 0.12566370614359174,
            "transform_matrix": [
                [
                    -0.023308467119932175,
                    0.5642088055610657,
                    -0.8253030180931091,
                    -3.3269031047821045
                ],
                [
                    -0.9997283220291138,
                    -0.013154415413737297,
                    0.019241776317358017,
                    0.07756608724594116
                ],
                [
                    9.313225746154785e-10,
                    0.8255273699760437,
                    0.5643619894981384,
                    2.2750160694122314
                ],
                [
                    0.0,
                    0.0,
                    0.0,
                    1.0
                ]
            ]
        },
        {
            "file_path": "/data/shapenet_blender/all_50_random/02958343/f7b9529fb166ee56ac922d597da8f180/r_20",
            "rotation": 0.12566370614359174,
            "transform_matrix": [
                [
                    -0.8087275624275208,
                    0.022554589435458183,
                    0.5877508521080017,
                    2.3692996501922607
                ],
                [
                    0.5881835222244263,
                    0.031011611223220825,
                    0.8081326484680176,
                    3.2576870918273926
                ],
                [
                    -1.862645149230957e-09,
                    0.9992645382881165,
                    -0.03834617882966995,
                    -0.15457840263843536
                ],
                [
                    0.0,
                    0.0,
                    0.0,
                    1.0
                ]
            ]
        },
        {
            "file_path": "/data/shapenet_blender/all_50_random/02958343/f7b9529fb166ee56ac922d597da8f180/r_21",
            "rotation": 0.12566370614359174,
            "transform_matrix": [
                [
                    -0.4869692027568817,
                    -0.8354995250701904,
                    0.2545616030693054,
                    1.0261707305908203
                ],
                [
                    0.8734192252159119,
                    -0.4658273160457611,
                    0.14192916452884674,
                    0.5721348524093628
                ],
                [
                    0.0,
                    0.2914540767669678,
                    0.9565846920013428,
                    3.856116533279419
                ],
                [
                    0.0,
                    0.0,
                    0.0,
                    1.0
                ]
            ]
        },
        {
            "file_path": "/data/shapenet_blender/all_50_random/02958343/f7b9529fb166ee56ac922d597da8f180/r_22",
            "rotation": 0.12566370614359174,
            "transform_matrix": [
                [
                    -0.5851796269416809,
                    0.38459745049476624,
                    0.7138974666595459,
                    2.877812623977661
                ],
                [
                    0.8109037280082703,
                    0.2775404751300812,
                    0.5151761770248413,
                    2.0767416954040527
                ],
                [
                    0.0,
                    0.8803726434707642,
                    -0.47428253293037415,
                    -1.9118940830230713
                ],
                [
                    0.0,
                    0.0,
                    0.0,
                    1.0
                ]
            ]
        },
        {
            "file_path": "/data/shapenet_blender/all_50_random/02958343/f7b9529fb166ee56ac922d597da8f180/r_23",
            "rotation": 0.12566370614359174,
            "transform_matrix": [
                [
                    -0.17443516850471497,
                    0.38586071133613586,
                    -0.9059159755706787,
                    -3.6518642902374268
                ],
                [
                    -0.9846687316894531,
                    -0.06835566461086273,
                    0.16048403084278107,
                    0.6469318866729736
                ],
                [
                    -3.725290742551124e-09,
                    0.9200211763381958,
                    0.3918685019016266,
                    1.5796725749969482
                ],
                [
                    0.0,
                    0.0,
                    0.0,
                    1.0
                ]
            ]
        },
        {
            "file_path": "/data/shapenet_blender/all_50_random/02958343/f7b9529fb166ee56ac922d597da8f180/r_24",
            "rotation": 0.12566370614359174,
            "transform_matrix": [
                [
                    -0.37586167454719543,
                    -0.06374745815992355,
                    -0.9244804978370667,
                    -3.7267000675201416
                ],
                [
                    -0.9266758561134338,
                    0.025856105610728264,
                    0.3749712407588959,
                    1.5115573406219482
                ],
                [
                    1.862645149230957e-09,
                    0.9976309537887573,
                    -0.06879155337810516,
                    -0.2773076295852661
                ],
                [
                    0.0,
                    0.0,
                    0.0,
                    1.0
                ]
            ]
        },
        {
            "file_path": "/data/shapenet_blender/all_50_random/02958343/f7b9529fb166ee56ac922d597da8f180/r_25",
            "rotation": 0.12566370614359174,
            "transform_matrix": [
                [
                    0.9826332926750183,
                    0.11832017451524734,
                    -0.14294122159481049,
                    -0.5762145519256592
                ],
                [
                    -0.1855582296848297,
                    0.6265705823898315,
                    -0.7569526433944702,
                    -3.0513739585876465
                ],
                [
                    0.0,
                    0.7703309059143066,
                    0.6376442909240723,
                    2.5704267024993896
                ],
                [
                    0.0,
                    0.0,
                    0.0,
                    1.0
                ]
            ]
        },
        {
            "file_path": "/data/shapenet_blender/all_50_random/02958343/f7b9529fb166ee56ac922d597da8f180/r_26",
            "rotation": 0.12566370614359174,
            "transform_matrix": [
                [
                    -0.2524093985557556,
                    0.02830895408987999,
                    -0.9672062397003174,
                    -3.8989334106445312
                ],
                [
                    -0.9676204919815063,
                    -0.007384554482996464,
                    0.25230133533477783,
                    1.017059326171875
                ],
                [
                    0.0,
                    0.9995719790458679,
                    0.029256252571940422,
                    0.11793573200702667
                ],
                [
                    0.0,
                    0.0,
                    0.0,
                    1.0
                ]
            ]
        },
        {
            "file_path": "/data/shapenet_blender/all_50_random/02958343/f7b9529fb166ee56ac922d597da8f180/r_27",
            "rotation": 0.12566370614359174,
            "transform_matrix": [
                [
                    -0.9621114730834961,
                    0.17819909751415253,
                    0.20636549592018127,
                    0.8318859338760376
                ],
                [
                    0.27265664935112,
                    0.6288032531738281,
                    0.7281928062438965,
                    2.935439109802246
                ],
                [
                    0.0,
                    0.7568694353103638,
                    -0.6535660624504089,
                    -2.6346089839935303
                ],
                [
                    0.0,
                    0.0,
                    0.0,
                    1.0
                ]
            ]
        },
        {
            "file_path": "/data/shapenet_blender/all_50_random/02958343/f7b9529fb166ee56ac922d597da8f180/r_28",
            "rotation": 0.12566370614359174,
            "transform_matrix": [
                [
                    -0.5176416635513306,
                    -0.27558037638664246,
                    -0.81000155210495,
                    -3.2652206420898438
                ],
                [
                    -0.8555974960327148,
                    0.16672782599925995,
                    0.4900558590888977,
                    1.9754784107208252
                ],
                [
                    2.9802322387695312e-08,
                    0.946708619594574,
                    -0.3220911920070648,
                    -1.2983911037445068
                ],
                [
                    0.0,
                    0.0,
                    0.0,
                    1.0
                ]
            ]
        },
        {
            "file_path": "/data/shapenet_blender/all_50_random/02958343/f7b9529fb166ee56ac922d597da8f180/r_29",
            "rotation": 0.12566370614359174,
            "transform_matrix": [
                [
                    -0.23529213666915894,
                    0.0198525357991457,
                    0.9717218279838562,
                    3.9171361923217773
                ],
                [
                    0.9719246625900269,
                    0.00480607757344842,
                    0.235243022441864,
                    0.948294997215271
                ],
                [
                    0.0,
                    0.9997913241386414,
                    -0.02042599953711033,
                    -0.08233984559774399
                ],
                [
                    0.0,
                    0.0,
                    0.0,
                    1.0
                ]
            ]
        },
        {
            "file_path": "/data/shapenet_blender/all_50_random/02958343/f7b9529fb166ee56ac922d597da8f180/r_30",
            "rotation": 0.12566370614359174,
            "transform_matrix": [
                [
                    0.7988482713699341,
                    -0.08670308440923691,
                    -0.5952512621879578,
                    -2.3995347023010254
                ],
                [
                    -0.6015326380729675,
                    -0.1151435449719429,
                    -0.7905064225196838,
                    -3.186633348464966
                ],
                [
                    0.0,
                    0.9895576238632202,
                    -0.1441369652748108,
                    -0.5810347199440002
                ],
                [
                    0.0,
                    0.0,
                    0.0,
                    1.0
                ]
            ]
        },
        {
            "file_path": "/data/shapenet_blender/all_50_random/02958343/f7b9529fb166ee56ac922d597da8f180/r_31",
            "rotation": 0.12566370614359174,
            "transform_matrix": [
                [
                    0.3682936429977417,
                    0.1345999836921692,
                    -0.9199144840240479,
                    -3.7082936763763428
                ],
                [
                    -0.9297094941139221,
                    0.053320225328207016,
                    -0.36441344022750854,
                    -1.4689974784851074
                ],
                [
                    3.7252898543727042e-09,
                    0.9894644021987915,
                    0.14477640390396118,
                    0.583612322807312
                ],
                [
                    0.0,
                    0.0,
                    0.0,
                    1.0
                ]
            ]
        },
        {
            "file_path": "/data/shapenet_blender/all_50_random/02958343/f7b9529fb166ee56ac922d597da8f180/r_32",
            "rotation": 0.12566370614359174,
            "transform_matrix": [
                [
                    0.9999604225158691,
                    -0.007207911461591721,
                    -0.005218773148953915,
                    -0.021037548780441284
                ],
                [
                    -0.008898853324353695,
                    -0.8099499940872192,
                    -0.5864313840866089,
                    -2.363980770111084
                ],
                [
                    0.0,
                    0.5864546298980713,
                    -0.8099818825721741,
                    -3.2651419639587402
                ],
                [
                    0.0,
                    0.0,
                    0.0,
                    1.0
                ]
            ]
        },
        {
            "file_path": "/data/shapenet_blender/all_50_random/02958343/f7b9529fb166ee56ac922d597da8f180/r_33",
            "rotation": 0.12566370614359174,
            "transform_matrix": [
                [
                    -0.5415881276130676,
                    -0.17877556383609772,
                    -0.8214143514633179,
                    -3.3112270832061768
                ],
                [
                    -0.8406439423561096,
                    0.11517685651779175,
                    0.5291993618011475,
                    2.1332709789276123
                ],
                [
                    7.450580596923828e-09,
                    0.9771251082420349,
                    -0.21266503632068634,
                    -0.8572801947593689
                ],
                [
                    0.0,
                    0.0,
                    0.0,
                    1.0
                ]
            ]
        },
        {
            "file_path": "/data/shapenet_blender/all_50_random/02958343/f7b9529fb166ee56ac922d597da8f180/r_34",
            "rotation": 0.12566370614359174,
            "transform_matrix": [
                [
                    -0.9132389426231384,
                    0.07449430972337723,
                    -0.40055611729621887,
                    -1.6146934032440186
                ],
                [
                    -0.40742436051368713,
                    -0.16697849333286285,
                    0.8978438973426819,
                    3.6193244457244873
                ],
                [
                    7.450580596923828e-09,
                    0.9831422567367554,
                    0.18284207582473755,
                    0.737060010433197
                ],
                [
                    0.0,
                    0.0,
                    0.0,
                    1.0
                ]
            ]
        },
        {
            "file_path": "/data/shapenet_blender/all_50_random/02958343/f7b9529fb166ee56ac922d597da8f180/r_35",
            "rotation": 0.12566370614359174,
            "transform_matrix": [
                [
                    0.6390871405601501,
                    -0.7259469628334045,
                    0.2541036903858185,
                    1.0243247747421265
                ],
                [
                    0.7691344618797302,
                    0.6032019257545471,
                    -0.21113915741443634,
                    -0.8511291742324829
                ],
                [
                    0.0,
                    0.3303762376308441,
                    0.9438493251800537,
                    3.8047783374786377
                ],
                [
                    0.0,
                    0.0,
                    0.0,
                    1.0
                ]
            ]
        },
        {
            "file_path": "/data/shapenet_blender/all_50_random/02958343/f7b9529fb166ee56ac922d597da8f180/r_36",
            "rotation": 0.12566370614359174,
            "transform_matrix": [
                [
                    -0.07358162105083466,
                    -0.7141503691673279,
                    0.696114182472229,
                    2.806126117706299
                ],
                [
                    0.9972891807556152,
                    -0.052691180258989334,
                    0.05136044695973396,
                    0.20704057812690735
                ],
                [
                    -3.725290298461914e-09,
                    0.6980063319206238,
                    0.716091513633728,
                    2.886657238006592
                ],
                [
                    0.0,
                    0.0,
                    0.0,
                    1.0
                ]
            ]
        },
        {
            "file_path": "/data/shapenet_blender/all_50_random/02958343/f7b9529fb166ee56ac922d597da8f180/r_37",
            "rotation": 0.12566370614359174,
            "transform_matrix": [
                [
                    -0.09332850575447083,
                    -0.022507499903440475,
                    0.9953808784484863,
                    4.012508869171143
                ],
                [
                    0.9956352710723877,
                    -0.0021097999997437,
                    0.09330465644598007,
                    0.3761231303215027
                ],
                [
                    0.0,
                    0.9997444748878479,
                    0.02260616607964039,
                    0.0911283791065216
                ],
                [
                    0.0,
                    0.0,
                    0.0,
                    1.0
                ]
            ]
        },
        {
            "file_path": "/data/shapenet_blender/all_50_random/02958343/f7b9529fb166ee56ac922d597da8f180/r_38",
            "rotation": 0.12566370614359174,
            "transform_matrix": [
                [
                    0.2896578311920166,
                    -0.5014134645462036,
                    0.8152807950973511,
                    3.2865021228790283
                ],
                [
                    0.9571302533149719,
                    0.1517435610294342,
                    -0.24672973155975342,
                    -0.9945993423461914
                ],
                [
                    0.0,
                    0.8517971038818359,
                    0.5238717198371887,
                    2.1117944717407227
                ],
                [
                    0.0,
                    0.0,
                    0.0,
                    1.0
                ]
            ]
        },
        {
            "file_path": "/data/shapenet_blender/all_50_random/02958343/f7b9529fb166ee56ac922d597da8f180/r_39",
            "rotation": 0.12566370614359174,
            "transform_matrix": [
                [
                    -0.9793466925621033,
                    0.06118212267756462,
                    -0.1927088350057602,
                    -0.7768341898918152
                ],
                [
                    -0.2021879106760025,
                    -0.2963506281375885,
                    0.9334325194358826,
                    3.762786865234375
                ],
                [
                    -3.725290298461914e-09,
                    0.9531174302101135,
                    0.30260032415390015,
                    1.2198209762573242
                ],
                [
                    0.0,
                    0.0,
                    0.0,
                    1.0
                ]
            ]
        },
        {
            "file_path": "/data/shapenet_blender/all_50_random/02958343/f7b9529fb166ee56ac922d597da8f180/r_40",
            "rotation": 0.12566370614359174,
            "transform_matrix": [
                [
                    -0.06618719547986984,
                    -0.0022391900420188904,
                    0.9978047609329224,
                    4.022279262542725
                ],
                [
                    0.9978072643280029,
                    -0.00014853139873594046,
                    0.06618702411651611,
                    0.2668083906173706
                ],
                [
                    1.4551915228366852e-11,
                    0.9999974370002747,
                    0.0022441113833338022,
                    0.009046301245689392
                ],
                [
                    0.0,
                    0.0,
                    0.0,
                    1.0
                ]
            ]
        },
        {
            "file_path": "/data/shapenet_blender/all_50_random/02958343/f7b9529fb166ee56ac922d597da8f180/r_41",
            "rotation": 0.12566370614359174,
            "transform_matrix": [
                [
                    0.43059253692626953,
                    -0.813796877861023,
                    -0.39028799533843994,
                    -1.5733011960983276
                ],
                [
                    -0.9025465250015259,
