{
    "class": "02958343",
    "model": "2f1001870f90e06bc48492b454f1615a",
    "remove_doubles": true,
    "edge_split": true,
    "denoise": true,
    "camera_angle_x": 0.6911112070083618,
    "scale_factor": 2.0415620516990307,
    "hdri_file": "/data/IndoorHDRDataset2018/9C4A9568-2a427f6e7e.exr",
    "center_offset": [
        0.0,
        0.0,
        9.313225746154785e-10
    ],
    "lights": [],
    "frames": [
        {
            "file_path": "/data/shapenet_blender/all_50_random/02958343/2f1001870f90e06bc48492b454f1615a/r_0",
            "rotation": 0.12566370614359174,
            "transform_matrix": [
                [
                    -0.9998230338096619,
                    -0.0024099431466311216,
                    -0.018654223531484604,
                    -0.07519757747650146
                ],
                [
                    -0.018809247761964798,
                    0.12810276448726654,
                    0.9915825128555298,
                    3.997196912765503
                ],
                [
                    0.0,
                    0.9917579889297485,
                    -0.12812542915344238,
                    -0.51649010181427
                ],
                [
                    0.0,
                    0.0,
                    0.0,
                    1.0
                ]
            ]
        },
        {
            "file_path": "/data/shapenet_blender/all_50_random/02958343/2f1001870f90e06bc48492b454f1615a/r_1",
            "rotation": 0.12566370614359174,
            "transform_matrix": [
                [
                    -0.5164225101470947,
                    -0.2682740092277527,
                    -0.8132261633872986,
                    -3.278219699859619
                ],
                [
                    -0.8563339710235596,
                    0.16178585588932037,
                    0.49042582511901855,
                    1.976969838142395
                ],
                [
                    0.0,
                    0.9496601819992065,
                    -0.31328195333480835,
                    -1.2628800868988037
                ],
                [
                    0.0,
                    0.0,
                    0.0,
                    1.0
                ]
            ]
        },
        {
            "file_path": "/data/shapenet_blender/all_50_random/02958343/2f1001870f90e06bc48492b454f1615a/r_2",
            "rotation": 0.12566370614359174,
            "transform_matrix": [
                [
                    -0.7563869953155518,
                    -0.14582855999469757,
                    -0.6376619935035706,
                    -2.570497512817383
                ],
                [
                    -0.65412437915802,
                    0.16862666606903076,
                    0.7373508810997009,
                    2.972356081008911
                ],
                [
                    -7.450580596923828e-09,
                    0.9748327136039734,
                    -0.22293709218502045,
                    -0.8986880779266357
                ],
                [
                    0.0,
                    0.0,
                    0.0,
                    1.0
                ]
            ]
        },
        {
            "file_path": "/data/shapenet_blender/all_50_random/02958343/2f1001870f90e06bc48492b454f1615a/r_3",
            "rotation": 0.12566370614359174,
            "transform_matrix": [
                [
                    0.46494001150131226,
                    -0.35017842054367065,
                    -0.813145637512207,
                    -3.277894973754883
                ],
                [
                    -0.8853422999382019,
                    -0.1838971972465515,
                    -0.4270257353782654,
                    -1.7213958501815796
                ],
                [
                    -1.4901162970204496e-08,
                    0.9184535145759583,
                    -0.3955288827419281,
                    -1.5944279432296753
                ],
                [
                    0.0,
                    0.0,
                    0.0,
                    1.0
                ]
            ]
        },
        {
            "file_path": "/data/shapenet_blender/all_50_random/02958343/2f1001870f90e06bc48492b454f1615a/r_4",
            "rotation": 0.12566370614359174,
            "transform_matrix": [
                [
                    0.7512347102165222,
                    0.02449811063706875,
                    -0.659580409526825,
                    -2.6588540077209473
                ],
                [
                    -0.6600353121757507,
                    0.027883101254701614,
                    -0.7507169246673584,
                    -3.0262370109558105
                ],
                [
                    1.862645371275562e-09,
                    0.9993109107017517,
                    0.037116363644599915,
                    0.14962086081504822
                ],
                [
                    0.0,
                    0.0,
                    0.0,
                    1.0
                ]
            ]
        },
        {
            "file_path": "/data/shapenet_blender/all_50_random/02958343/2f1001870f90e06bc48492b454f1615a/r_5",
            "rotation": 0.12566370614359174,
            "transform_matrix": [
                [
                    -0.7577747106552124,
                    0.2530103921890259,
                    0.6014675498008728,
                    2.424593210220337
                ],
                [
                    0.6525163054466248,
                    0.29382386803627014,
                    0.6984912157058716,
                    2.8157081604003906
                ],
                [
                    1.4901162970204496e-08,
                    0.9217663407325745,
                    -0.3877457082271576,
                    -1.5630528926849365
                ],
                [
                    0.0,
                    0.0,
                    0.0,
                    1.0
                ]
            ]
        },
        {
            "file_path": "/data/shapenet_blender/all_50_random/02958343/2f1001870f90e06bc48492b454f1615a/r_6",
            "rotation": 0.12566370614359174,
            "transform_matrix": [
                [
                    0.9772180914878845,
                    -0.031005065888166428,
                    -0.20996083319187164,
                    -0.846379280090332
                ],
                [
                    -0.21223779022693634,
                    -0.142758309841156,
                    -0.9667341709136963,
                    -3.8970303535461426
                ],
                [
                    0.0,
                    0.9892717003822327,
                    -0.1460864543914795,
                    -0.5888934135437012
                ],
                [
                    0.0,
                    0.0,
                    0.0,
                    1.0
                ]
            ]
        },
        {
            "file_path": "/data/shapenet_blender/all_50_random/02958343/2f1001870f90e06bc48492b454f1615a/r_7",
            "rotation": 0.12566370614359174,
            "transform_matrix": [
                [
                    -0.0959966704249382,
                    0.07469610869884491,
                    0.9925749897956848,
                    4.001197814941406
                ],
                [
                    0.9953815937042236,
                    0.007203847635537386,
                    0.09572599083185196,
                    0.38588380813598633
                ],
                [
                    0.0,
                    0.9971803426742554,
                    -0.07504267245531082,
                    -0.302506685256958
                ],
                [
                    0.0,
                    0.0,
                    0.0,
                    1.0
                ]
            ]
        },
        {
            "file_path": "/data/shapenet_blender/all_50_random/02958343/2f1001870f90e06bc48492b454f1615a/r_8",
            "rotation": 0.12566370614359174,
            "transform_matrix": [
                [
                    -0.5546905994415283,
                    0.34783145785331726,
                    0.7558647990226746,
                    3.0469884872436523
                ],
                [
                    0.8320567011833191,
                    0.23188184201717377,
                    0.5038972496986389,
                    2.0312747955322266
                ],
                [
                    0.0,
                    0.9084294438362122,
                    -0.41803818941116333,
                    -1.6851658821105957
                ],
                [
                    0.0,
                    0.0,
                    0.0,
                    1.0
                ]
            ]
        },
        {
            "file_path": "/data/shapenet_blender/all_50_random/02958343/2f1001870f90e06bc48492b454f1615a/r_9",
            "rotation": 0.12566370614359174,
            "transform_matrix": [
                [
                    -0.6909433007240295,
                    0.12412811815738678,
                    -0.7121723890304565,
                    -2.870858669281006
                ],
                [
                    -0.7229088544845581,
                    -0.11863943189382553,
                    0.680681586265564,
                    2.743915319442749
                ],
                [
                    -7.450580152834618e-09,
                    0.9851481318473816,
                    0.1717064529657364,
                    0.6921708583831787
                ],
                [
                    0.0,
                    0.0,
                    0.0,
                    1.0
                ]
            ]
        },
        {
            "file_path": "/data/shapenet_blender/all_50_random/02958343/2f1001870f90e06bc48492b454f1615a/r_10",
            "rotation": 0.12566370614359174,
            "transform_matrix": [
                [
                    -0.9903609752655029,
                    -0.06534697860479355,
                    -0.1221272349357605,
                    -0.49231064319610596
                ],
                [
                    -0.13851098716259003,
                    0.46723446249961853,
                    0.8732162714004517,
                    3.520047426223755
                ],
                [
                    3.725290742551124e-09,
                    0.8817151188850403,
                    -0.47178205847740173,
                    -1.901814341545105
                ],
                [
                    0.0,
                    0.0,
                    0.0,
                    1.0
                ]
            ]
        },
        {
            "file_path": "/data/shapenet_blender/all_50_random/02958343/2f1001870f90e06bc48492b454f1615a/r_11",
            "rotation": 0.12566370614359174,
            "transform_matrix": [
                [
                    -0.9613131284713745,
                    0.10194826871156693,
                    -0.2558979094028473,
                    -1.0315574407577515
                ],
                [
                    -0.2754581570625305,
                    -0.35578617453575134,
                    0.8930504322052002,
                    3.600001335144043
                ],
                [
                    7.450580596923828e-09,
                    0.9289901256561279,
                    0.37010443210601807,
                    1.4919387102127075
                ],
                [
                    0.0,
                    0.0,
                    0.0,
                    1.0
                ]
            ]
        },
        {
            "file_path": "/data/shapenet_blender/all_50_random/02958343/2f1001870f90e06bc48492b454f1615a/r_12",
            "rotation": 0.12566370614359174,
            "transform_matrix": [
                [
                    0.9042896628379822,
                    -0.033120203763246536,
                    0.4256328344345093,
                    1.7157806158065796
                ],
                [
                    0.42691946029663086,
                    0.0701543465256691,
                    -0.901564359664917,
                    -3.634321689605713
                ],
                [
                    1.8626450382086546e-09,
                    0.9969860911369324,
                    0.07757952809333801,
                    0.3127330541610718
                ],
                [
                    0.0,
                    0.0,
                    0.0,
                    1.0
                ]
            ]
        },
        {
            "file_path": "/data/shapenet_blender/all_50_random/02958343/2f1001870f90e06bc48492b454f1615a/r_13",
            "rotation": 0.12566370614359174,
            "transform_matrix": [
                [
                    0.2708999216556549,
                    -0.7781872153282166,
                    -0.5666020512580872,
                    -2.284045696258545
                ],
                [
                    -0.9626075029373169,
                    -0.21899981796741486,
                    -0.15945488214492798,
                    -0.6427831053733826
                ],
                [
                    7.450580152834618e-09,
                    0.5886115431785583,
                    -0.808415949344635,
                    -3.258828639984131
                ],
                [
                    0.0,
                    0.0,
                    0.0,
                    1.0
                ]
            ]
        },
        {
            "file_path": "/data/shapenet_blender/all_50_random/02958343/2f1001870f90e06bc48492b454f1615a/r_14",
            "rotation": 0.12566370614359174,
            "transform_matrix": [
                [
                    0.5012494921684265,
                    -0.5613607168197632,
                    0.6585006713867188,
                    2.65450119972229
                ],
                [
                    0.8653028011322021,
                    0.3251830041408539,
                    -0.38145387172698975,
                    -1.5376896858215332
                ],
                [
                    -1.4901161193847656e-08,
                    0.7610060572624207,
                    0.6487447619438171,
                    2.615173816680908
                ],
                [
                    0.0,
                    0.0,
                    0.0,
                    1.0
                ]
            ]
        },
        {
            "file_path": "/data/shapenet_blender/all_50_random/02958343/2f1001870f90e06bc48492b454f1615a/r_15",
            "rotation": 0.12566370614359174,
            "transform_matrix": [
                [
                    -0.625643789768219,
                    -0.441567599773407,
                    0.6431078910827637,
                    2.5924510955810547
                ],
                [
                    0.7801089286804199,
                    -0.3541352152824402,
                    0.5157696008682251,
                    2.079133987426758
                ],
                [
                    0.0,
                    0.8243822455406189,
                    0.5660333037376404,
                    2.2817535400390625
                ],
                [
                    0.0,
                    0.0,
                    0.0,
                    1.0
                ]
            ]
        },
        {
            "file_path": "/data/shapenet_blender/all_50_random/02958343/2f1001870f90e06bc48492b454f1615a/r_16",
            "rotation": 0.12566370614359174,
            "transform_matrix": [
                [
                    -0.9999778270721436,
                    -0.005288226995617151,
                    0.004057133104652166,
                    0.01635482907295227
                ],
                [
                    0.006665259134024382,
                    -0.7933839559555054,
                    0.6086850166320801,
                    2.453688144683838
                ],
                [
                    0.0,
                    0.6086986064910889,
                    0.7934014201164246,
                    3.198303699493408
                ],
                [
                    0.0,
                    0.0,
                    0.0,
                    1.0
                ]
            ]
        },
        {
            "file_path": "/data/shapenet_blender/all_50_random/02958343/2f1001870f90e06bc48492b454f1615a/r_17",
            "rotation": 0.12566370614359174,
            "transform_matrix": [
                [
                    0.9983901381492615,
                    -0.000901229097507894,
                    0.05671460181474686,
                    0.2286238670349121
                ],
                [
                    0.0567217692732811,
                    0.01586301252245903,
                    -0.998263955116272,
                    -4.024130821228027
                ],
                [
                    5.820766785236131e-11,
                    0.999873697757721,
                    0.015888594090938568,
                    0.06404896825551987
                ],
                [
                    0.0,
                    0.0,
                    0.0,
                    1.0
                ]
            ]
        },
        {
            "file_path": "/data/shapenet_blender/all_50_random/02958343/2f1001870f90e06bc48492b454f1615a/r_18",
            "rotation": 0.12566370614359174,
            "transform_matrix": [
                [
                    0.9873720407485962,
                    -0.025371918454766273,
                    0.15637362003326416,
                    0.6303622722625732
                ],
                [
                    0.15841858088970184,
                    0.15813499689102173,
                    -0.9746264815330505,
                    -3.928845167160034
                ],
                [
                    1.8626450382086546e-09,
                    0.9870915412902832,
                    0.1601574420928955,
                    0.6456153392791748
                ],
                [
                    0.0,
                    0.0,
                    0.0,
                    1.0
                ]
            ]
        },
        {
            "file_path": "/data/shapenet_blender/all_50_random/02958343/2f1001870f90e06bc48492b454f1615a/r_19",
            "rotation": 0.12566370614359174,
            "transform_matrix": [
                [
                    0.6955954432487488,
                    -0.5841835141181946,
                    -0.4181825518608093,
                    -1.685747742652893
                ],
                [
                    -0.7184336185455322,
                    -0.5656129717826843,
                    -0.4048890173435211,
                    -1.6321598291397095
                ],
                [
                    1.4901160305669237e-08,
                    0.582075297832489,
                    -0.8131348490715027,
                    -3.2778513431549072
                ],
                [
                    0.0,
                    0.0,
                    0.0,
                    1.0
                ]
            ]
        },
        {
            "file_path": "/data/shapenet_blender/all_50_random/02958343/2f1001870f90e06bc48492b454f1615a/r_20",
            "rotation": 0.12566370614359174,
            "transform_matrix": [
                [
                    0.6792492866516113,
                    -0.02680303156375885,
                    -0.7334179282188416,
                    -2.9565024375915527
                ],
                [
                    -0.7339075803756714,
                    -0.024806857109069824,
                    -0.678796112537384,
                    -2.7363150119781494
                ],
                [
                    0.0,
                    0.9993329048156738,
                    -0.036520980298519135,
                    -0.14722079038619995
                ],
                [
                    0.0,
                    0.0,
                    0.0,
                    1.0
                ]
            ]
        },
        {
            "file_path": "/data/shapenet_blender/all_50_random/02958343/2f1001870f90e06bc48492b454f1615a/r_21",
            "rotation": 0.12566370614359174,
            "transform_matrix": [
                [
                    -0.6277835965156555,
                    0.38083842396736145,
                    0.6788591742515564,
                    2.7365691661834717
                ],
                [
                    0.7783880233764648,
                    0.3071528673171997,
                    0.5475118160247803,
                    2.2070908546447754
                ],
                [
                    -1.4901162970204496e-08,
                    0.8721347451210022,
                    -0.4892655611038208,
                    -1.9722926616668701
                ],
                [
                    0.0,
                    0.0,
                    0.0,
                    1.0
                ]
            ]
        },
        {
            "file_path": "/data/shapenet_blender/all_50_random/02958343/2f1001870f90e06bc48492b454f1615a/r_22",
            "rotation": 0.12566370614359174,
            "transform_matrix": [
                [
                    -0.3102020025253296,
                    -0.4222344756126404,
                    -0.8517586588859558,
                    -3.433548927307129
                ],
                [
                    -0.9506707191467285,
                    0.1377742886543274,
                    0.2779271900653839,
                    1.1203603744506836
                ],
                [
                    0.0,
                    0.8959555625915527,
                    -0.44414377212524414,
                    -1.7904008626937866
                ],
                [
                    0.0,
                    0.0,
                    0.0,
                    1.0
                ]
            ]
        },
        {
            "file_path": "/data/shapenet_blender/all_50_random/02958343/2f1001870f90e06bc48492b454f1615a/r_23",
            "rotation": 0.12566370614359174,
            "transform_matrix": [
                [
                    -0.5017048716545105,
                    -0.8461455702781677,
                    0.1798047572374344,
                    0.7248162031173706
                ],
                [
                    0.8650388717651367,
                    -0.49074721336364746,
                    0.10428310185670853,
                    0.4203786551952362
                ],
                [
                    0.0,
                    0.2078574299812317,
                    0.9781590104103088,
                    3.9430854320526123
                ],
                [
                    0.0,
                    0.0,
                    0.0,
                    1.0
                ]
            ]
        },
        {
            "file_path": "/data/shapenet_blender/all_50_random/02958343/2f1001870f90e06bc48492b454f1615a/r_24",
            "rotation": 0.12566370614359174,
            "transform_matrix": [
                [
                    0.8912971019744873,
                    -0.07614041864871979,
                    -0.44698116183280945,
                    -1.8018388748168945
                ],
                [
                    -0.45341983437538147,
                    -0.1496708244085312,
                    -0.8786404132843018,
                    -3.5419130325317383
                ],
                [
                    7.450580596923828e-09,
                    0.9857998490333557,
                    -0.16792473196983337,
                    -0.67692631483078
                ],
                [
                    0.0,
                    0.0,
                    0.0,
                    1.0
                ]
            ]
        },
        {
            "file_path": "/data/shapenet_blender/all_50_random/02958343/2f1001870f90e06bc48492b454f1615a/r_25",
            "rotation": 0.12566370614359174,
            "transform_matrix": [
                [
                    0.9999852180480957,
                    -0.00012388451432343572,
                    -0.00543654290959239,
                    -0.021915405988693237
                ],
                [
                    -0.00543795432895422,
                    -0.022781120613217354,
                    -0.9997256994247437,
                    -4.030023097991943
                ],
                [
                    0.0,
                    0.999740481376648,
                    -0.022781457751989365,
                    -0.09183499217033386
                ],
                [
                    0.0,
                    0.0,
                    0.0,
                    1.0
                ]
            ]
        },
        {
            "file_path": "/data/shapenet_blender/all_50_random/02958343/2f1001870f90e06bc48492b454f1615a/r_26",
            "rotation": 0.12566370614359174,
            "transform_matrix": [
                [
                    -0.9826580286026001,
                    -0.11166999489068985,
                    -0.14803054928779602,
                    -0.5967302322387695
                ],
                [
                    -0.18542717397212982,
                    0.5917871594429016,
                    0.7844772934913635,
                    3.1623291969299316
                ],
                [
                    0.0,
                    0.7983218431472778,
                    -0.6022310256958008,
                    -2.427670955657959
                ],
                [
                    0.0,
                    0.0,
                    0.0,
                    1.0
                ]
            ]
        },
        {
            "file_path": "/data/shapenet_blender/all_50_random/02958343/2f1001870f90e06bc48492b454f1615a/r_27",
            "rotation": 0.12566370614359174,
            "transform_matrix": [
                [
                    0.9835907816886902,
                    -0.13140279054641724,
                    0.12362249940633774,
                    0.49833816289901733
                ],
                [
                    0.18041399121284485,
                    0.7163888216018677,
                    -0.6739717721939087,
                    -2.7168667316436768
                ],
                [
                    0.0,
                    0.6852155327796936,
                    0.7283403277397156,
                    2.9360334873199463
                ],
                [
                    0.0,
                    0.0,
                    0.0,
                    1.0
                ]
            ]
        },
        {
            "file_path": "/data/shapenet_blender/all_50_random/02958343/2f1001870f90e06bc48492b454f1615a/r_28",
            "rotation": 0.12566370614359174,
            "transform_matrix": [
                [
                    0.7089352011680603,
                    0.04850808158516884,
                    -0.7036033868789673,
                    -2.8363161087036133
                ],
                [
                    -0.7052735686302185,
                    0.04875992611050606,
                    -0.7072563767433167,
                    -2.851041793823242
                ],
                [
                    0.0,
                    0.9976320266723633,
                    0.06877908110618591,
                    0.27725738286972046
                ],
                [
                    0.0,
                    0.0,
                    0.0,
                    1.0
                ]
            ]
        },
        {
            "file_path": "/data/shapenet_blender/all_50_random/02958343/2f1001870f90e06bc48492b454f1615a/r_29",
            "rotation": 0.12566370614359174,
            "transform_matrix": [
                [
                    -0.5533037185668945,
                    -0.6074135899543762,
                    -0.5700031518936157,
                    -2.2977564334869385
                ],
                [
                    -0.8329796195030212,
                    0.40347233414649963,
                    0.37862253189086914,
                    1.5262764692306519
                ],
                [
                    1.4901161193847656e-08,
                    0.6842942833900452,
                    -0.729205846786499,
                    -2.9395229816436768
                ],
                [
                    0.0,
                    0.0,
                    0.0,
                    1.0
                ]
            ]
        },
        {
            "file_path": "/data/shapenet_blender/all_50_random/02958343/2f1001870f90e06bc48492b454f1615a/r_30",
            "rotation": 0.12566370614359174,
            "transform_matrix": [
                [
                    -0.36470508575439453,
                    -0.025697659701108932,
                    0.9307684302330017,
                    3.752047300338745
                ],
                [
                    0.9311230182647705,
                    -0.010065336711704731,
                    0.3645661771297455,
                    1.4696131944656372
                ],
                [
                    0.0,
                    0.9996190667152405,
                    0.027598563581705093,
                    0.11125336587429047
                ],
                [
                    0.0,
                    0.0,
                    0.0,
                    1.0
                ]
            ]
        },
        {
            "file_path": "/data/shapenet_blender/all_50_random/02958343/2f1001870f90e06bc48492b454f1615a/r_31",
            "rotation": 0.12566370614359174,
            "transform_matrix": [
                [
                    0.6838983297348022,
                    0.06479562073945999,
                    0.7266942858695984,
                    2.92939829826355
                ],
                [
                    0.7295773029327393,
                    -0.06073876470327377,
                    -0.681195855140686,
                    -2.745988368988037
                ],
                [
                    3.725290298461914e-09,
                    0.9960482716560364,
                    -0.08881257474422455,
                    -0.35801494121551514
                ],
                [
                    0.0,
                    0.0,
                    0.0,
                    1.0
                ]
            ]
        },
        {
            "file_path": "/data/shapenet_blender/all_50_random/02958343/2f1001870f90e06bc48492b454f1615a/r_32",
            "rotation": 0.12566370614359174,
            "transform_matrix": [
                [
                    0.42373088002204895,
                    0.5514469742774963,
                    -0.7185806632041931,
                    -2.8966915607452393
                ],
                [
                    -0.9057881236076355,
                    0.25796884298324585,
                    -0.336154580116272,
                    -1.355082631111145
                ],
                [
                    0.0,
                    0.7933210134506226,
                    0.6088034510612488,
                    2.454165458679199
                ],
                [
                    0.0,
                    0.0,
                    0.0,
                    1.0
                ]
            ]
        },
        {
            "file_path": "/data/shapenet_blender/all_50_random/02958343/2f1001870f90e06bc48492b454f1615a/r_33",
            "rotation": 0.12566370614359174,
            "transform_matrix": [
                [
                    0.5094602108001709,
                    -0.34609779715538025,
                    0.7878239154815674,
                    3.1758198738098145
                ],
                [
                    0.8604941368103027,
                    0.204909086227417,
                    -0.46643543243408203,
                    -1.8802614212036133
                ],
                [
                    0.0,
                    0.9155482649803162,
                    0.402208149433136,
                    1.6213529109954834
                ],
                [
                    0.0,
                    0.0,
                    0.0,
                    1.0
                ]
            ]
        },
        {
            "file_path": "/data/shapenet_blender/all_50_random/02958343/2f1001870f90e06bc48492b454f1615a/r_34",
            "rotation": 0.12566370614359174,
            "transform_matrix": [
                [
                    -0.7653571963310242,
                    -0.3948315978050232,
                    0.5082681179046631,
                    2.0488944053649902
                ],
                [
                    0.6436058282852173,
                    -0.4695221483707428,
                    0.6044175028800964,
                    2.4364848136901855
                ],
                [
                    1.4901161193847656e-08,
                    0.7897195219993591,
                    0.6134680509567261,
                    2.472968816757202
                ],
                [
                    0.0,
                    0.0,
                    0.0,
                    1.0
                ]
            ]
        },
        {
            "file_path": "/data/shapenet_blender/all_50_random/02958343/2f1001870f90e06bc48492b454f1615a/r_35",
            "rotation": 0.12566370614359174,
            "transform_matrix": [
                [
                    0.47344541549682617,
                    -0.4919176697731018,
                    -0.7306616306304932,
                    -2.9453911781311035
                ],
                [
                    -0.8808231353759766,
                    -0.2644073963165283,
                    -0.392733097076416,
                    -1.5831577777862549
                ],
                [
                    0.0,
                    0.8295212388038635,
                    -0.5584750175476074,
                    -2.2512848377227783
                ],
                [
                    0.0,
                    0.0,
                    0.0,
                    1.0
                ]
            ]
        },
        {
            "file_path": "/data/shapenet_blender/all_50_random/02958343/2f1001870f90e06bc48492b454f1615a/r_36",
            "rotation": 0.12566370614359174,
            "transform_matrix": [
                [
                    0.38708457350730896,
                    0.06165052205324173,
                    0.9199808835983276,
                    3.7085611820220947
                ],
                [
                    0.9220441579818726,
                    -0.025881588459014893,
                    -0.386218398809433,
                    -1.5568959712982178
                ],
                [
                    1.8626448161640496e-09,
                    0.9977622032165527,
                    -0.06686287373304367,
                    -0.26953282952308655
                ],
                [
                    0.0,
                    0.0,
                    0.0,
                    1.0
                ]
            ]
        },
        {
            "file_path": "/data/shapenet_blender/all_50_random/02958343/2f1001870f90e06bc48492b454f1615a/r_37",
            "rotation": 0.12566370614359174,
            "transform_matrix": [
                [
                    0.3602554500102997,
                    -0.6858753561973572,
                    0.632290244102478,
                    2.5488433837890625
                ],
                [
                    0.9328536987304688,
                    0.26487576961517334,
                    -0.24418193101882935,
                    -0.9843288660049438
                ],
                [
                    0.0,
                    0.6778021454811096,
                    0.7352442741394043,
                    2.96386456489563
                ],
                [
                    0.0,
                    0.0,
                    0.0,
                    1.0
                ]
            ]
        },
        {
            "file_path": "/data/shapenet_blender/all_50_random/02958343/2f1001870f90e06bc48492b454f1615a/r_38",
            "rotation": 0.12566370614359174,
            "transform_matrix": [
                [
                    -0.7548336982727051,
                    0.5156381726264954,
                    -0.40539291501045227,
                    -1.6341912746429443
                ],
                [
                    -0.6559162139892578,
                    -0.5934005975723267,
                    0.4665294289588928,
                    1.8806403875350952
                ],
                [
                    -1.4901161193847656e-08,
                    0.6180558800697327,
                    0.7861340641975403,
                    3.1690080165863037
                ],
                [
                    0.0,
                    0.0,
                    0.0,
                    1.0
                ]
            ]
        },
        {
            "file_path": "/data/shapenet_blender/all_50_random/02958343/2f1001870f90e06bc48492b454f1615a/r_39",
            "rotation": 0.12566370614359174,
            "transform_matrix": [
                [
                    -0.17295408248901367,
                    0.270616739988327,
                    0.9470235705375671,
                    3.8175735473632812
                ],
                [
                    0.9849299788475037,
                    0.04752040281891823,
                    0.16629770398139954,
                    0.670367419719696
                ],
                [
                    0.0,
                    0.9615135788917542,
                    -0.27475738525390625,
                    -1.1075823307037354
                ],
                [
                    0.0,
                    0.0,
                    0.0,
                    1.0
                ]
            ]
        },
        {
            "file_path": "/data/shapenet_blender/all_50_random/02958343/2f1001870f90e06bc48492b454f1615a/r_40",
            "rotation": 0.12566370614359174,
            "transform_matrix": [
                [
                    -0.5341189503669739,
                    0.5912262201309204,
                    -0.6042916774749756,
                    -2.4359776973724365
                ],
                [
                    -0.8454093933105469,
                    -0.37352925539016724,
                    0.3817838728427887,
                    1.53902006149292
                ],
                [
                    1.4901162970204496e-08,
                    0.7147917747497559,
                    0.6993372440338135,
                    2.8191184997558594
                ],
                [
                    0.0,
                    0.0,
                    0.0,
                    1.0
                ]
            ]
        },
        {
            "file_path": "/data/shapenet_blender/all_50_random/02958343/2f1001870f90e06bc48492b454f1615a/r_41",
            "rotation": 0.12566370614359174,
            "transform_matrix": [
                [
                    -0.9877880811691284,
                    0.047161877155303955,
                    0.14849402010440826,
                    0.5985985398292542
                ],
                [
                    0.15580345690250397,
                    0.29900458455085754,
                    0.9414465427398682,
                    3.7950923442840576
                ],
