{
    "class": "02958343",
    "model": "dc3c6748e5f96cee9b3f352e6fa9112e",
    "remove_doubles": true,
    "edge_split": true,
    "denoise": true,
    "camera_angle_x": 0.6911112070083618,
    "scale_factor": 2.310333075041687,
    "hdri_file": "/data/IndoorHDRDataset2018/AG8A7345-fab0887a58.exr",
    "center_offset": [
        0.0,
        0.0,
        -9.313225746154785e-10
    ],
    "lights": [],
    "frames": [
        {
            "file_path": "/data/shapenet_blender/all_50_random/02958343/dc3c6748e5f96cee9b3f352e6fa9112e/r_0",
            "rotation": 0.12566370614359174,
            "transform_matrix": [
                [
                    -0.9393908977508545,
                    -0.014421983622014523,
                    0.3425445258617401,
                    1.3808411359786987
                ],
                [
                    0.3428479731082916,
                    -0.03951570391654968,
                    0.9385594129562378,
                    3.783453941345215
                ],
                [
                    -9.313225191043273e-10,
                    0.9991149306297302,
                    0.04206524044275284,
                    0.16957040131092072
                ],
                [
                    0.0,
                    0.0,
                    0.0,
                    1.0
                ]
            ]
        },
        {
            "file_path": "/data/shapenet_blender/all_50_random/02958343/dc3c6748e5f96cee9b3f352e6fa9112e/r_1",
            "rotation": 0.12566370614359174,
            "transform_matrix": [
                [
                    0.7959766387939453,
                    0.002662254963070154,
                    -0.6053214073181152,
                    -2.440128803253174
                ],
                [
                    -0.605327308177948,
                    0.0035007386468350887,
                    -0.7959688901901245,
                    -3.208653450012207
                ],
                [
                    0.0,
                    0.9999903440475464,
                    0.004398041404783726,
                    0.017729073762893677
                ],
                [
                    0.0,
                    0.0,
                    0.0,
                    1.0
                ]
            ]
        },
        {
            "file_path": "/data/shapenet_blender/all_50_random/02958343/dc3c6748e5f96cee9b3f352e6fa9112e/r_2",
            "rotation": 0.12566370614359174,
            "transform_matrix": [
                [
                    -0.6589796543121338,
                    -0.2591034173965454,
                    0.7061240673065186,
                    2.8464772701263428
                ],
                [
                    0.7521607875823975,
                    -0.2270045280456543,
                    0.6186462044715881,
                    2.493842601776123
                ],
                [
                    0.0,
                    0.938793957233429,
                    0.3444788157939911,
                    1.3886384963989258
                ],
                [
                    0.0,
                    0.0,
                    0.0,
                    1.0
                ]
            ]
        },
        {
            "file_path": "/data/shapenet_blender/all_50_random/02958343/dc3c6748e5f96cee9b3f352e6fa9112e/r_3",
            "rotation": 0.12566370614359174,
            "transform_matrix": [
                [
                    0.9980559349060059,
                    0.02157176099717617,
                    -0.05847363546490669,
                    -0.23571473360061646
                ],
                [
                    -0.06232581287622452,
                    0.34543997049331665,
                    -0.936369001865387,
                    -3.7746236324310303
                ],
                [
                    3.725290298461914e-09,
                    0.9381929039955139,
                    0.34611284732818604,
                    1.3952254056930542
                ],
                [
                    0.0,
                    0.0,
                    0.0,
                    1.0
                ]
            ]
        },
        {
            "file_path": "/data/shapenet_blender/all_50_random/02958343/dc3c6748e5f96cee9b3f352e6fa9112e/r_4",
            "rotation": 0.12566370614359174,
            "transform_matrix": [
                [
                    -0.9352519512176514,
                    0.14670632779598236,
                    -0.32215073704719543,
                    -1.298631191253662
                ],
                [
                    -0.3539828658103943,
                    -0.38761022686958313,
                    0.8511488437652588,
                    3.431090831756592
                ],
                [
                    7.450581485102248e-09,
                    0.9100743532180786,
                    0.41444477438926697,
                    1.670680284500122
                ],
                [
                    0.0,
                    0.0,
                    0.0,
                    1.0
                ]
            ]
        },
        {
            "file_path": "/data/shapenet_blender/all_50_random/02958343/dc3c6748e5f96cee9b3f352e6fa9112e/r_5",
            "rotation": 0.12566370614359174,
            "transform_matrix": [
                [
                    -0.003553553484380245,
                    0.3489863872528076,
                    -0.9371210932731628,
                    -3.777655839920044
                ],
                [
                    -0.999993622303009,
                    -0.0012401497224345803,
                    0.003330131061375141,
                    0.013424187898635864
                ],
                [
                    0.0,
                    0.9371269345283508,
                    0.3489886224269867,
                    1.406818151473999
                ],
                [
                    0.0,
                    0.0,
                    0.0,
                    1.0
                ]
            ]
        },
        {
            "file_path": "/data/shapenet_blender/all_50_random/02958343/dc3c6748e5f96cee9b3f352e6fa9112e/r_6",
            "rotation": 0.12566370614359174,
            "transform_matrix": [
                [
                    -0.6742532253265381,
                    -0.16853779554367065,
                    -0.719011664390564,
                    -2.898428440093994
                ],
                [
                    -0.7385002970695496,
                    0.15387555956840515,
                    0.6564599871635437,
                    2.6462745666503906
                ],
                [
                    7.450580596923828e-09,
                    0.973610520362854,
                    -0.22821632027626038,
                    -0.9199693202972412
                ],
                [
                    0.0,
                    0.0,
                    0.0,
                    1.0
                ]
            ]
        },
        {
            "file_path": "/data/shapenet_blender/all_50_random/02958343/dc3c6748e5f96cee9b3f352e6fa9112e/r_7",
            "rotation": 0.12566370614359174,
            "transform_matrix": [
                [
                    -0.28723859786987305,
                    0.12793561816215515,
                    -0.9492768049240112,
                    -3.826657295227051
                ],
                [
                    -0.9578590989112854,
                    -0.038364771753549576,
                    0.28466498851776123,
                    1.1475212574005127
                ],
                [
                    3.725290298461914e-09,
                    0.9910401105880737,
                    0.13356412947177887,
                    0.5384142398834229
                ],
                [
                    0.0,
                    0.0,
                    0.0,
                    1.0
                ]
            ]
        },
        {
            "file_path": "/data/shapenet_blender/all_50_random/02958343/dc3c6748e5f96cee9b3f352e6fa9112e/r_8",
            "rotation": 0.12566370614359174,
            "transform_matrix": [
                [
                    -0.8507476449012756,
                    0.04727397486567497,
                    -0.5234439373016357,
                    -2.110069990158081
                ],
                [
                    -0.525574266910553,
                    -0.07652242481708527,
                    0.8472992181777954,
                    3.41557240486145
                ],
                [
                    0.0,
                    0.9959465265274048,
                    0.08994726836681366,
                    0.362589031457901
                ],
                [
                    0.0,
                    0.0,
                    0.0,
                    1.0
                ]
            ]
        },
        {
            "file_path": "/data/shapenet_blender/all_50_random/02958343/dc3c6748e5f96cee9b3f352e6fa9112e/r_9",
            "rotation": 0.12566370614359174,
            "transform_matrix": [
                [
                    -0.44349414110183716,
                    0.7684158086776733,
                    -0.4613567292690277,
                    -1.859788417816162
                ],
                [
                    -0.8962771892547607,
                    -0.3802260160446167,
                    0.22828765213489532,
                    0.9202569723129272
                ],
                [
                    0.0,
                    0.5147477984428406,
                    0.8573416471481323,
                    3.4560546875
                ],
                [
                    0.0,
                    0.0,
                    0.0,
                    1.0
                ]
            ]
        },
        {
            "file_path": "/data/shapenet_blender/all_50_random/02958343/dc3c6748e5f96cee9b3f352e6fa9112e/r_10",
            "rotation": 0.12566370614359174,
            "transform_matrix": [
                [
                    -0.40630730986595154,
                    0.23246896266937256,
                    -0.8836697936058044,
                    -3.562187433242798
                ],
                [
                    -0.9137365818023682,
                    -0.10337097197771072,
                    0.39293763041496277,
                    1.5839824676513672
                ],
                [
                    0.0,
                    0.967094898223877,
                    0.25441572070121765,
                    1.0255826711654663
                ],
                [
                    0.0,
                    0.0,
                    0.0,
                    1.0
                ]
            ]
        },
        {
            "file_path": "/data/shapenet_blender/all_50_random/02958343/dc3c6748e5f96cee9b3f352e6fa9112e/r_11",
            "rotation": 0.12566370614359174,
            "transform_matrix": [
                [
                    -0.45482370257377625,
                    0.36960846185684204,
                    0.8102622628211975,
                    3.2662715911865234
                ],
                [
                    0.8905814290046692,
                    0.18876060843467712,
                    0.41380438208580017,
                    1.6680988073349
                ],
                [
                    1.4901160305669237e-08,
                    0.9098126292228699,
                    -0.41501927375793457,
                    -1.672996163368225
                ],
                [
                    0.0,
                    0.0,
                    0.0,
                    1.0
                ]
            ]
        },
        {
            "file_path": "/data/shapenet_blender/all_50_random/02958343/dc3c6748e5f96cee9b3f352e6fa9112e/r_12",
            "rotation": 0.12566370614359174,
            "transform_matrix": [
                [
                    0.7176715731620789,
                    0.49242550134658813,
                    -0.4924069046974182,
                    -1.9849557876586914
                ],
                [
                    -0.696381688117981,
                    0.5074799656867981,
                    -0.5074607729911804,
                    -2.045639991760254
                ],
                [
                    0.0,
                    0.707093358039856,
                    0.7071200609207153,
                    2.850492477416992
                ],
                [
                    0.0,
                    0.0,
                    0.0,
                    1.0
                ]
            ]
        },
        {
            "file_path": "/data/shapenet_blender/all_50_random/02958343/dc3c6748e5f96cee9b3f352e6fa9112e/r_13",
            "rotation": 0.12566370614359174,
            "transform_matrix": [
                [
                    -0.05679294466972351,
                    -0.41346320509910583,
                    0.9087478518486023,
                    3.6632797718048096
                ],
                [
                    0.998386025428772,
                    -0.02351975440979004,
                    0.05169389769434929,
                    0.20838476717472076
                ],
                [
                    1.862645371275562e-09,
                    0.9102169275283813,
                    0.41413161158561707,
                    1.6694179773330688
                ],
                [
                    0.0,
                    0.0,
                    0.0,
                    1.0
                ]
            ]
        },
        {
            "file_path": "/data/shapenet_blender/all_50_random/02958343/dc3c6748e5f96cee9b3f352e6fa9112e/r_14",
            "rotation": 0.12566370614359174,
            "transform_matrix": [
                [
                    0.9766651391983032,
                    0.08943964540958405,
                    -0.19525860249996185,
                    -0.7871125936508179
                ],
                [
                    -0.2147682011127472,
                    0.4067295789718628,
                    -0.8879445791244507,
                    -3.5794191360473633
                ],
                [
                    7.450581485102248e-09,
                    0.909159779548645,
                    0.41644737124443054,
                    1.6787530183792114
                ],
                [
                    0.0,
                    0.0,
                    0.0,
                    1.0
                ]
            ]
        },
        {
            "file_path": "/data/shapenet_blender/all_50_random/02958343/dc3c6748e5f96cee9b3f352e6fa9112e/r_15",
            "rotation": 0.12566370614359174,
            "transform_matrix": [
                [
                    -0.5966333746910095,
                    -0.34970593452453613,
                    0.722311794757843,
                    2.9117319583892822
                ],
                [
                    0.8025139570236206,
                    -0.2599908113479614,
                    0.537006676197052,
                    2.164743185043335
                ],
                [
                    1.4901161193847656e-08,
                    0.9000614285469055,
                    0.43576309084892273,
                    1.7566171884536743
                ],
                [
                    0.0,
                    0.0,
                    0.0,
                    1.0
                ]
            ]
        },
        {
            "file_path": "/data/shapenet_blender/all_50_random/02958343/dc3c6748e5f96cee9b3f352e6fa9112e/r_16",
            "rotation": 0.12566370614359174,
            "transform_matrix": [
                [
                    -0.8160988092422485,
                    0.2209995687007904,
                    -0.5339869260787964,
                    -2.1525704860687256
                ],
                [
                    -0.5779125690460205,
                    -0.3120843470096588,
                    0.7540692090988159,
                    3.039750337600708
                ],
                [
                    0.0,
                    0.9239925742149353,
                    0.38241007924079895,
                    1.5415444374084473
                ],
                [
                    0.0,
                    0.0,
                    0.0,
                    1.0
                ]
            ]
        },
        {
            "file_path": "/data/shapenet_blender/all_50_random/02958343/dc3c6748e5f96cee9b3f352e6fa9112e/r_17",
            "rotation": 0.12566370614359174,
            "transform_matrix": [
                [
                    -0.6449483633041382,
                    0.6162249445915222,
                    -0.4520048499107361,
                    -1.8220897912979126
                ],
                [
                    -0.7642261385917664,
                    -0.5200467109680176,
                    0.38145750761032104,
                    1.537704348564148
                ],
                [
                    -1.4901161193847656e-08,
                    0.5914543271064758,
                    0.8063384890556335,
                    3.2504544258117676
                ],
                [
                    0.0,
                    0.0,
                    0.0,
                    1.0
                ]
            ]
        },
        {
            "file_path": "/data/shapenet_blender/all_50_random/02958343/dc3c6748e5f96cee9b3f352e6fa9112e/r_18",
            "rotation": 0.12566370614359174,
            "transform_matrix": [
                [
                    0.4456145167350769,
                    -0.0432899184525013,
                    0.8941776156425476,
                    3.6045453548431396
                ],
                [
                    0.8952249884605408,
                    0.021548345685005188,
                    -0.44509318470954895,
                    -1.794227957725525
                ],
                [
                    -1.862645149230957e-09,
                    0.9988301396369934,
                    0.048356469720602036,
                    0.19493116438388824
                ],
                [
                    0.0,
                    0.0,
                    0.0,
                    1.0
                ]
            ]
        },
        {
            "file_path": "/data/shapenet_blender/all_50_random/02958343/dc3c6748e5f96cee9b3f352e6fa9112e/r_19",
            "rotation": 0.12566370614359174,
            "transform_matrix": [
                [
                    -0.6574944257736206,
                    -0.656412661075592,
                    -0.36989647150039673,
                    -1.4911003112792969
                ],
                [
                    -0.7534593939781189,
                    0.5728081464767456,
                    0.32278430461883545,
                    1.301185131072998
                ],
                [
                    1.4901161193847656e-08,
                    0.4909308850765228,
                    -0.8711985945701599,
                    -3.511913776397705
                ],
                [
                    0.0,
                    0.0,
                    0.0,
                    1.0
                ]
            ]
        },
        {
            "file_path": "/data/shapenet_blender/all_50_random/02958343/dc3c6748e5f96cee9b3f352e6fa9112e/r_20",
            "rotation": 0.12566370614359174,
            "transform_matrix": [
                [
                    -0.8883957862854004,
                    0.1312774270772934,
                    0.4399082064628601,
                    1.7733268737792969
                ],
                [
                    0.45907852053642273,
                    0.2540443539619446,
                    0.8512979745864868,
                    3.431692123413086
                ],
                [
                    7.450582373280668e-09,
                    0.9582418203353882,
                    -0.28595855832099915,
                    -1.152735948562622
                ],
                [
                    0.0,
                    0.0,
                    0.0,
                    1.0
                ]
            ]
        },
        {
            "file_path": "/data/shapenet_blender/all_50_random/02958343/dc3c6748e5f96cee9b3f352e6fa9112e/r_21",
            "rotation": 0.12566370614359174,
            "transform_matrix": [
                [
                    -0.9646881222724915,
                    0.0008686604560352862,
                    -0.2633935511112213,
                    -1.061773419380188
                ],
                [
                    -0.2633950114250183,
                    -0.00318148173391819,
                    0.9646828174591064,
                    3.888760805130005
                ],
                [
                    5.820766091346741e-11,
                    0.9999946355819702,
                    0.003297938033938408,
                    0.013294413685798645
                ],
                [
                    0.0,
                    0.0,
                    0.0,
                    1.0
                ]
            ]
        },
        {
            "file_path": "/data/shapenet_blender/all_50_random/02958343/dc3c6748e5f96cee9b3f352e6fa9112e/r_22",
            "rotation": 0.12566370614359174,
            "transform_matrix": [
                [
                    -0.9192121624946594,
                    -0.02073238231241703,
                    0.3932165205478668,
                    1.5851064920425415
                ],
                [
                    0.3937627077102661,
                    -0.04839833080768585,
                    0.9179370999336243,
                    3.7003228664398193
                ],
                [
                    0.0,
                    0.9986129403114319,
                    0.052651967853307724,
                    0.2122468650341034
                ],
                [
                    0.0,
                    0.0,
                    0.0,
                    1.0
                ]
            ]
        },
        {
            "file_path": "/data/shapenet_blender/all_50_random/02958343/dc3c6748e5f96cee9b3f352e6fa9112e/r_23",
            "rotation": 0.12566370614359174,
            "transform_matrix": [
                [
                    0.9156287908554077,
                    -0.20203667879104614,
                    -0.3475702702999115,
                    -1.401100754737854
                ],
                [
                    -0.4020247757434845,
                    -0.4601472318172455,
                    -0.7916063070297241,
                    -3.1910672187805176
                ],
                [
                    1.4901161193847656e-08,
                    0.8645493984222412,
                    -0.5025477409362793,
                    -2.0258350372314453
                ],
                [
                    0.0,
                    0.0,
                    0.0,
                    1.0
                ]
            ]
        },
        {
            "file_path": "/data/shapenet_blender/all_50_random/02958343/dc3c6748e5f96cee9b3f352e6fa9112e/r_24",
            "rotation": 0.12566370614359174,
            "transform_matrix": [
                [
                    0.4996300935745239,
                    0.6867283582687378,
                    0.527990460395813,
                    2.1283974647521973
                ],
                [
                    0.8662388920783997,
                    -0.3960918188095093,
                    -0.30453482270240784,
                    -1.227618932723999
                ],
                [
                    0.0,
                    0.6095204949378967,
                    -0.792770266532898,
                    -3.195758819580078
                ],
                [
                    0.0,
                    0.0,
                    0.0,
                    1.0
                ]
            ]
        },
        {
            "file_path": "/data/shapenet_blender/all_50_random/02958343/dc3c6748e5f96cee9b3f352e6fa9112e/r_25",
            "rotation": 0.12566370614359174,
            "transform_matrix": [
                [
                    -0.8459042310714722,
                    -0.24632997810840607,
                    -0.4730408191680908,
                    -1.906888484954834
                ],
                [
                    -0.5333349108695984,
                    0.3906955420970917,
                    0.7502738833427429,
                    3.0244507789611816
                ],
                [
                    0.0,
                    0.8869488835334778,
                    -0.46186745166778564,
                    -1.8618472814559937
                ],
                [
                    0.0,
                    0.0,
                    0.0,
                    1.0
                ]
            ]
        },
        {
            "file_path": "/data/shapenet_blender/all_50_random/02958343/dc3c6748e5f96cee9b3f352e6fa9112e/r_26",
            "rotation": 0.12566370614359174,
            "transform_matrix": [
                [
                    -0.8533217310905457,
                    -0.16181892156600952,
                    -0.49563756585121155,
                    -1.997978687286377
                ],
                [
                    -0.521384596824646,
                    0.26484018564224243,
                    0.811182975769043,
                    3.2699828147888184
                ],
                [
                    -1.4901158529312397e-08,
                    0.9506179094314575,
                    -0.3103637993335724,
                    -1.251116394996643
                ],
                [
                    0.0,
                    0.0,
                    0.0,
                    1.0
                ]
            ]
        },
        {
            "file_path": "/data/shapenet_blender/all_50_random/02958343/dc3c6748e5f96cee9b3f352e6fa9112e/r_27",
            "rotation": 0.12566370614359174,
            "transform_matrix": [
                [
                    -0.05694630742073059,
                    0.7364160418510437,
                    -0.6741278767585754,
                    -2.717496395111084
                ],
                [
                    -0.9983773231506348,
                    -0.042004331946372986,
                    0.038451485335826874,
                    0.1550028920173645
                ],
                [
                    0.0,
                    0.6752235293388367,
                    0.7376131415367126,
                    2.9734137058258057
                ],
                [
                    0.0,
                    0.0,
                    0.0,
                    1.0
                ]
            ]
        },
        {
            "file_path": "/data/shapenet_blender/all_50_random/02958343/dc3c6748e5f96cee9b3f352e6fa9112e/r_28",
            "rotation": 0.12566370614359174,
            "transform_matrix": [
                [
                    -0.14567434787750244,
                    0.5763064622879028,
                    -0.8041452765464783,
                    -3.2416136264801025
                ],
                [
                    -0.9893326759338379,
                    -0.08485828340053558,
                    0.11840642243623734,
                    0.4773115813732147
                ],
                [
                    0.0,
                    0.8128159046173096,
                    0.5825204849243164,
                    2.348215341567993
                ],
                [
                    0.0,
                    0.0,
                    0.0,
                    1.0
                ]
            ]
        },
        {
            "file_path": "/data/shapenet_blender/all_50_random/02958343/dc3c6748e5f96cee9b3f352e6fa9112e/r_29",
            "rotation": 0.12566370614359174,
            "transform_matrix": [
                [
                    -0.6595617532730103,
                    0.004675448872148991,
                    -0.7516358494758606,
                    -3.0299410820007324
                ],
                [
                    -0.7516504526138306,
                    -0.004102634731680155,
                    0.6595489382743835,
                    2.658726930618286
                ],
                [
                    0.0,
                    0.9999807476997375,
                    0.006220242939889431,
                    0.02507460117340088
                ],
                [
                    0.0,
                    0.0,
                    0.0,
                    1.0
                ]
            ]
        },
        {
            "file_path": "/data/shapenet_blender/all_50_random/02958343/dc3c6748e5f96cee9b3f352e6fa9112e/r_30",
            "rotation": 0.12566370614359174,
            "transform_matrix": [
                [
                    0.33078253269195557,
                    0.4960993528366089,
                    0.8027877807617188,
                    3.2361412048339844
                ],
                [
                    0.9437071084976196,
                    -0.17388977110385895,
                    -0.2813883423805237,
                    -1.1343128681182861
                ],
                [
                    0.0,
                    0.8506749272346497,
                    -0.5256920456886292,
                    -2.1191327571868896
                ],
                [
                    0.0,
                    0.0,
                    0.0,
                    1.0
                ]
            ]
        },
        {
            "file_path": "/data/shapenet_blender/all_50_random/02958343/dc3c6748e5f96cee9b3f352e6fa9112e/r_31",
            "rotation": 0.12566370614359174,
            "transform_matrix": [
                [
                    0.9429159760475159,
                    0.012558369897305965,
                    0.332793653011322,
                    1.34153413772583
                ],
                [
                    0.33303049206733704,
                    -0.035556767135858536,
                    -0.942245364189148,
                    -3.7983126640319824
                ],
                [
                    0.0,
                    0.99928879737854,
                    -0.03770936280488968,
                    -0.15201130509376526
                ],
                [
                    0.0,
                    0.0,
                    0.0,
                    1.0
                ]
            ]
        },
        {
            "file_path": "/data/shapenet_blender/all_50_random/02958343/dc3c6748e5f96cee9b3f352e6fa9112e/r_32",
            "rotation": 0.12566370614359174,
            "transform_matrix": [
                [
                    -0.17349554598331451,
                    -0.019128087908029556,
                    -0.9846488833427429,
                    -3.9692466259002686
                ],
                [
                    -0.984834611415863,
                    0.0033697413746267557,
                    0.17346282303333282,
                    0.6992509961128235
                ],
                [
                    -2.3283061589829401e-10,
                    0.9998113512992859,
                    -0.019422641023993492,
                    -0.07829517126083374
                ],
                [
                    0.0,
                    0.0,
                    0.0,
                    1.0
                ]
            ]
        },
        {
            "file_path": "/data/shapenet_blender/all_50_random/02958343/dc3c6748e5f96cee9b3f352e6fa9112e/r_33",
            "rotation": 0.12566370614359174,
            "transform_matrix": [
                [
                    -0.9216785430908203,
                    0.3334192931652069,
                    -0.19834411144256592,
                    -0.7995507717132568
                ],
                [
                    -0.3879547119140625,
                    -0.7921167016029358,
                    0.47121351957321167,
                    1.8995225429534912
                ],
                [
                    0.0,
                    0.5112559199333191,
                    0.8594284057617188,
                    3.4644670486450195
                ],
                [
                    0.0,
                    0.0,
                    0.0,
                    1.0
                ]
            ]
        },
        {
            "file_path": "/data/shapenet_blender/all_50_random/02958343/dc3c6748e5f96cee9b3f352e6fa9112e/r_34",
            "rotation": 0.12566370614359174,
            "transform_matrix": [
                [
                    -0.43252962827682495,
                    0.6886922121047974,
                    -0.5819116234779358,
                    -2.3457608222961426
                ],
                [
                    -0.9016197919845581,
                    -0.33038294315338135,
                    0.2791576087474823,
                    1.125320315361023
                ],
                [
                    -1.4901162970204496e-08,
                    0.6454069018363953,
                    0.7638388872146606,
                    3.0791330337524414
                ],
                [
                    0.0,
                    0.0,
                    0.0,
                    1.0
                ]
            ]
        },
        {
            "file_path": "/data/shapenet_blender/all_50_random/02958343/dc3c6748e5f96cee9b3f352e6fa9112e/r_35",
            "rotation": 0.12566370614359174,
            "transform_matrix": [
                [
                    0.8604421615600586,
                    0.0201043039560318,
                    -0.5091511607170105,
                    -2.0524542331695557
                ],
                [
                    -0.5095479488372803,
                    0.03394889831542969,
                    -0.8597721457481384,
                    -3.465852737426758
                ],
                [
                    1.8626450382086546e-09,
                    0.9992213845252991,
                    0.039455167949199677,
                    0.1590488851070404
                ],
                [
                    0.0,
                    0.0,
                    0.0,
                    1.0
                ]
            ]
        },
        {
            "file_path": "/data/shapenet_blender/all_50_random/02958343/dc3c6748e5f96cee9b3f352e6fa9112e/r_36",
            "rotation": 0.12566370614359174,
            "transform_matrix": [
                [
                    0.6154946088790894,
                    -0.003448961302638054,
                    0.7881336212158203,
                    3.177067756652832
                ],
                [
                    0.7881410717964172,
                    0.0026934482157230377,
                    -0.6154887676239014,
                    -2.481114387512207
                ],
                [
                    -2.328305881427184e-10,
                    0.9999904632568359,
                    0.004376071505248547,
                    0.017640506848692894
                ],
                [
                    0.0,
                    0.0,
                    0.0,
                    1.0
                ]
            ]
        },
        {
            "file_path": "/data/shapenet_blender/all_50_random/02958343/dc3c6748e5f96cee9b3f352e6fa9112e/r_37",
            "rotation": 0.12566370614359174,
            "transform_matrix": [
                [
                    -0.06652974337339401,
                    0.9198987483978271,
                    -0.3864712417125702,
                    -1.557915449142456
                ],
                [
                    -0.9977844953536987,
                    -0.061336517333984375,
                    0.02576892450451851,
                    0.10387785732746124
                ],
                [
                    1.862645371275562e-09,
                    0.3873293101787567,
                    0.921941339969635,
                    3.7164645195007324
                ],
                [
                    0.0,
                    0.0,
                    0.0,
                    1.0
                ]
            ]
        },
        {
            "file_path": "/data/shapenet_blender/all_50_random/02958343/dc3c6748e5f96cee9b3f352e6fa9112e/r_38",
            "rotation": 0.12566370614359174,
            "transform_matrix": [
                [
                    -0.5630547404289246,
                    -0.324308305978775,
                    -0.7601271867752075,
                    -3.0641708374023438
                ],
                [
                    -0.8264196515083313,
                    0.22095714509487152,
                    0.5178884863853455,
                    2.0876755714416504
                ],
                [
                    -1.4901162970204496e-08,
                    0.9197835922241211,
                    -0.3924257159233093,
                    -1.5819188356399536
                ],
                [
                    0.0,
                    0.0,
                    0.0,
                    1.0
                ]
            ]
        },
        {
            "file_path": "/data/shapenet_blender/all_50_random/02958343/dc3c6748e5f96cee9b3f352e6fa9112e/r_39",
            "rotation": 0.12566370614359174,
            "transform_matrix": [
                [
                    -0.9203583002090454,
                    -0.021955080330371857,
                    -0.39045965671539307,
                    -1.57399320602417
                ],
                [
                    -0.3910764455795288,
                    0.05166902765631676,
                    0.9189067482948303,
                    3.7042315006256104
                ],
                [
                    0.0,
                    0.9984227418899536,
                    -0.05614014342427254,
                    -0.22630815207958221
                ],
                [
                    0.0,
                    0.0,
                    0.0,
                    1.0
                ]
            ]
        },
        {
            "file_path": "/data/shapenet_blender/all_50_random/02958343/dc3c6748e5f96cee9b3f352e6fa9112e/r_40",
            "rotation": 0.12566370614359174,
            "transform_matrix": [
                [
                    -0.7621562480926514,
                    0.08070695400238037,
                    -0.6423428058624268,
                    -2.589366912841797
                ],
                [
                    -0.6473932266235352,
                    -0.095013827085495,
                    0.7562105059623718,
                    3.04838228225708
                ],
                [
                    -3.725290298461914e-09,
                    0.9921990036964417,
                    0.12466449290513992,
                    0.5025386810302734
                ],
                [
                    0.0,
                    0.0,
                    0.0,
                    1.0
                ]
            ]
        },
        {
            "file_path": "/data/shapenet_blender/all_50_random/02958343/dc3c6748e5f96cee9b3f352e6fa9112e/r_41",
            "rotation": 0.12566370614359174,
            "transform_matrix": [
                [
                    -0.8801090121269226,
                    -0.02780708111822605,
                    -0.4739567041397095,
                    -1.9105807542800903
                ],
                [
                    -0.47477176785469055,
                    0.05154742673039436,
                    0.8785980939865112,
