{
    "class": "02958343",
    "model": "e4886a4d0c6ea960fe21694bd5f519d1",
    "remove_doubles": true,
    "edge_split": true,
    "denoise": true,
    "camera_angle_x": 0.6911112070083618,
    "scale_factor": 2.8313534478292253,
    "hdri_file": "/data/IndoorHDRDataset2018/AG8A7212-9a6baaca0c.exr",
    "center_offset": [
        0.0,
        0.0,
        -2.3283064365386963e-10
    ],
    "lights": [],
    "frames": [
        {
            "file_path": "/data/shapenet_blender/all_50_random/02958343/e4886a4d0c6ea960fe21694bd5f519d1/r_0",
            "rotation": 0.12566370614359174,
            "transform_matrix": [
                [
                    0.9128996133804321,
                    0.13281171023845673,
                    0.38597336411476135,
                    1.555908441543579
                ],
                [
                    0.4081842601299286,
                    -0.29703187942504883,
                    -0.8632251620292664,
                    -3.479771852493286
                ],
                [
                    -2.2351741790771484e-08,
                    0.9455861449241638,
                    -0.3253718912601471,
                    -1.311616063117981
                ],
                [
                    0.0,
                    0.0,
                    0.0,
                    1.0
                ]
            ]
        },
        {
            "file_path": "/data/shapenet_blender/all_50_random/02958343/e4886a4d0c6ea960fe21694bd5f519d1/r_1",
            "rotation": 0.12566370614359174,
            "transform_matrix": [
                [
                    0.058112211525440216,
                    -0.14907142519950867,
                    0.9871172904968262,
                    3.9791972637176514
                ],
                [
                    0.9983100891113281,
                    0.008677533827722073,
                    -0.05746067315340042,
                    -0.23163139820098877
                ],
                [
                    9.31322685637781e-10,
                    0.9887883067131042,
                    0.1493237465620041,
                    0.60194331407547
                ],
                [
                    0.0,
                    0.0,
                    0.0,
                    1.0
                ]
            ]
        },
        {
            "file_path": "/data/shapenet_blender/all_50_random/02958343/e4886a4d0c6ea960fe21694bd5f519d1/r_2",
            "rotation": 0.12566370614359174,
            "transform_matrix": [
                [
                    0.9862552285194397,
                    0.05060300976037979,
                    -0.15728938579559326,
                    -0.6340538263320923
                ],
                [
                    -0.16522899270057678,
                    0.3020504117012024,
                    -0.9388635754585266,
                    -3.7846803665161133
                ],
                [
                    3.725290298461914e-09,
                    0.9519478678703308,
                    0.3062598705291748,
                    1.2345731258392334
                ],
                [
                    0.0,
                    0.0,
                    0.0,
                    1.0
                ]
            ]
        },
        {
            "file_path": "/data/shapenet_blender/all_50_random/02958343/e4886a4d0c6ea960fe21694bd5f519d1/r_3",
            "rotation": 0.12566370614359174,
            "transform_matrix": [
                [
                    0.9241812825202942,
                    -0.2160438746213913,
                    -0.31498250365257263,
                    -1.2697350978851318
                ],
                [
                    -0.3819541335105896,
                    -0.5227426290512085,
                    -0.762135922908783,
                    -3.07226824760437
                ],
                [
                    0.0,
                    0.8246605396270752,
                    -0.5656278133392334,
                    -2.280118703842163
                ],
                [
                    0.0,
                    0.0,
                    0.0,
                    1.0
                ]
            ]
        },
        {
            "file_path": "/data/shapenet_blender/all_50_random/02958343/e4886a4d0c6ea960fe21694bd5f519d1/r_4",
            "rotation": 0.12566370614359174,
            "transform_matrix": [
                [
                    0.6161625385284424,
                    -0.5163273811340332,
                    0.5947686433792114,
                    2.3975894451141357
                ],
                [
                    0.7876191139221191,
                    0.4039282202720642,
                    -0.46529364585876465,
                    -1.8756587505340576
                ],
                [
                    0.0,
                    0.7551477551460266,
                    0.6555545926094055,
                    2.642625331878662
                ],
                [
                    0.0,
                    0.0,
                    0.0,
                    1.0
                ]
            ]
        },
        {
            "file_path": "/data/shapenet_blender/all_50_random/02958343/e4886a4d0c6ea960fe21694bd5f519d1/r_5",
            "rotation": 0.12566370614359174,
            "transform_matrix": [
                [
                    -0.9234498739242554,
                    -0.30351731181144714,
                    -0.23477117717266083,
                    -0.9463928937911987
                ],
                [
                    -0.38371899724006653,
                    0.7304382920265198,
                    0.5649952292442322,
                    2.2775685787200928
                ],
                [
                    1.4901160305669237e-08,
                    0.6118309497833252,
                    -0.7909885048866272,
                    -3.1885766983032227
                ],
                [
                    0.0,
                    0.0,
                    0.0,
                    1.0
                ]
            ]
        },
        {
            "file_path": "/data/shapenet_blender/all_50_random/02958343/e4886a4d0c6ea960fe21694bd5f519d1/r_6",
            "rotation": 0.12566370614359174,
            "transform_matrix": [
                [
                    0.9574014544487,
                    -0.12013478577136993,
                    0.26258349418640137,
                    1.0585079193115234
                ],
                [
                    0.2887602150440216,
                    0.3983139395713806,
                    -0.8706110119819641,
                    -3.50954532623291
                ],
                [
                    0.0,
                    0.9093479514122009,
                    0.4160364866256714,
                    1.6770967245101929
                ],
                [
                    0.0,
                    0.0,
                    0.0,
                    1.0
                ]
            ]
        },
        {
            "file_path": "/data/shapenet_blender/all_50_random/02958343/e4886a4d0c6ea960fe21694bd5f519d1/r_7",
            "rotation": 0.12566370614359174,
            "transform_matrix": [
                [
                    0.19165800511837006,
                    0.28680524230003357,
                    0.9386212825775146,
                    3.783703327178955
                ],
                [
                    0.9814617037773132,
                    -0.056006789207458496,
                    -0.1832922101020813,
                    -0.7388745546340942
                ],
                [
                    0.0,
                    0.9563503265380859,
                    -0.2922225296497345,
                    -1.177986741065979
                ],
                [
                    0.0,
                    0.0,
                    0.0,
                    1.0
                ]
            ]
        },
        {
            "file_path": "/data/shapenet_blender/all_50_random/02958343/e4886a4d0c6ea960fe21694bd5f519d1/r_8",
            "rotation": 0.12566370614359174,
            "transform_matrix": [
                [
                    0.9875183701515198,
                    -0.09912019968032837,
                    -0.12240329384803772,
                    -0.4934234917163849
                ],
                [
                    -0.15750357508659363,
                    -0.6214653253555298,
                    -0.767445981502533,
                    -3.0936739444732666
                ],
                [
                    0.0,
                    0.7771461009979248,
                    -0.6293201446533203,
                    -2.5368709564208984
                ],
                [
                    0.0,
                    0.0,
                    0.0,
                    1.0
                ]
            ]
        },
        {
            "file_path": "/data/shapenet_blender/all_50_random/02958343/e4886a4d0c6ea960fe21694bd5f519d1/r_9",
            "rotation": 0.12566370614359174,
            "transform_matrix": [
                [
                    0.3164970278739929,
                    0.061312489211559296,
                    0.9466099143028259,
                    3.8159067630767822
                ],
                [
                    0.9485934972763062,
                    -0.020456835627555847,
                    -0.31583520770072937,
                    -1.2731726169586182
                ],
                [
                    0.0,
                    0.9979089498519897,
                    -0.06463515013456345,
                    -0.26055264472961426
                ],
                [
                    0.0,
                    0.0,
                    0.0,
                    1.0
                ]
            ]
        },
        {
            "file_path": "/data/shapenet_blender/all_50_random/02958343/e4886a4d0c6ea960fe21694bd5f519d1/r_10",
            "rotation": 0.12566370614359174,
            "transform_matrix": [
                [
                    0.9126190543174744,
                    0.15561604499816895,
                    -0.37803441286087036,
                    -1.5239055156707764
                ],
                [
                    -0.40881088376045227,
                    0.34739330410957336,
                    -0.8439143896102905,
                    -3.4019277095794678
                ],
                [
                    1.4901160305669237e-08,
                    0.9247170686721802,
                    0.3806552588939667,
                    1.5344704389572144
                ],
                [
                    0.0,
                    0.0,
                    0.0,
                    1.0
                ]
            ]
        },
        {
            "file_path": "/data/shapenet_blender/all_50_random/02958343/e4886a4d0c6ea960fe21694bd5f519d1/r_11",
            "rotation": 0.12566370614359174,
            "transform_matrix": [
                [
                    0.9925662279129028,
                    -0.01673913560807705,
                    -0.12054978311061859,
                    -0.48595166206359863
                ],
                [
                    -0.12170640379190445,
                    -0.1365145891904831,
                    -0.9831334948539734,
                    -3.96313738822937
                ],
                [
                    1.862645149230957e-09,
                    0.9904965758323669,
                    -0.13753704726696014,
                    -0.5544295310974121
                ],
                [
                    0.0,
                    0.0,
                    0.0,
                    1.0
                ]
            ]
        },
        {
            "file_path": "/data/shapenet_blender/all_50_random/02958343/e4886a4d0c6ea960fe21694bd5f519d1/r_12",
            "rotation": 0.12566370614359174,
            "transform_matrix": [
                [
                    -0.9534669518470764,
                    0.03278094530105591,
                    -0.29970991611480713,
                    -1.2081693410873413
                ],
                [
                    -0.30149731040000916,
                    -0.10366775840520859,
                    0.9478144645690918,
                    3.8207623958587646
                ],
                [
                    0.0,
                    0.9940716028213501,
                    0.10872714966535568,
                    0.4382931590080261
                ],
                [
                    0.0,
                    0.0,
                    0.0,
                    1.0
                ]
            ]
        },
        {
            "file_path": "/data/shapenet_blender/all_50_random/02958343/e4886a4d0c6ea960fe21694bd5f519d1/r_13",
            "rotation": 0.12566370614359174,
            "transform_matrix": [
                [
                    0.15661773085594177,
                    0.413361519575119,
                    0.8969966173171997,
                    3.6159093379974365
                ],
                [
                    0.9876592755317688,
                    -0.06554865837097168,
                    -0.14224092662334442,
                    -0.5733915567398071
                ],
                [
                    0.0,
                    0.9082045555114746,
                    -0.41852641105651855,
                    -1.687134027481079
                ],
                [
                    0.0,
                    0.0,
                    0.0,
                    1.0
                ]
            ]
        },
        {
            "file_path": "/data/shapenet_blender/all_50_random/02958343/e4886a4d0c6ea960fe21694bd5f519d1/r_14",
            "rotation": 0.12566370614359174,
            "transform_matrix": [
                [
                    0.9850255846977234,
                    0.0451476164162159,
                    0.16639231145381927,
                    0.6707489490509033
                ],
                [
                    0.1724085658788681,
                    -0.2579428255558014,
                    -0.9506527781486511,
                    -3.8322041034698486
                ],
                [
                    -3.725290742551124e-09,
                    0.9651046991348267,
                    -0.2618640959262848,
                    -1.0556080341339111
                ],
                [
                    0.0,
                    0.0,
                    0.0,
                    1.0
                ]
            ]
        },
        {
            "file_path": "/data/shapenet_blender/all_50_random/02958343/e4886a4d0c6ea960fe21694bd5f519d1/r_15",
            "rotation": 0.12566370614359174,
            "transform_matrix": [
                [
                    -0.9150657653808594,
                    -0.022268397733569145,
                    0.40268951654434204,
                    1.623293399810791
                ],
                [
                    0.4033048152923584,
                    -0.050525180995464325,
                    0.913669764995575,
                    3.6831207275390625
                ],
                [
                    -1.862645149230957e-09,
                    0.9984745979309082,
                    0.05521480366587639,
                    0.2225779891014099
                ],
                [
                    0.0,
                    0.0,
                    0.0,
                    1.0
                ]
            ]
        },
        {
            "file_path": "/data/shapenet_blender/all_50_random/02958343/e4886a4d0c6ea960fe21694bd5f519d1/r_16",
            "rotation": 0.12566370614359174,
            "transform_matrix": [
                [
                    -0.12680405378341675,
                    -0.2130487859249115,
                    0.968778133392334,
                    3.905269145965576
                ],
                [
                    0.9919277429580688,
                    -0.027235299348831177,
                    0.1238447055220604,
                    0.4992339015007019
                ],
                [
                    -1.8626448161640496e-09,
                    0.9766619801521301,
                    0.21478256583213806,
                    0.8658161163330078
                ],
                [
                    0.0,
                    0.0,
                    0.0,
                    1.0
                ]
            ]
        },
        {
            "file_path": "/data/shapenet_blender/all_50_random/02958343/e4886a4d0c6ea960fe21694bd5f519d1/r_17",
            "rotation": 0.12566370614359174,
            "transform_matrix": [
                [
                    0.3064821660518646,
                    0.0015117311850190163,
                    -0.9518752098083496,
                    -3.8371315002441406
                ],
                [
                    -0.9518764019012451,
                    0.00048674241406843066,
                    -0.3064817488193512,
                    -1.2354674339294434
                ],
                [
                    2.9103826987286752e-11,
                    0.9999988079071045,
                    0.0015881590079516172,
                    0.006402073428034782
                ],
                [
                    0.0,
                    0.0,
                    0.0,
                    1.0
                ]
            ]
        },
        {
            "file_path": "/data/shapenet_blender/all_50_random/02958343/e4886a4d0c6ea960fe21694bd5f519d1/r_18",
            "rotation": 0.12566370614359174,
            "transform_matrix": [
                [
                    0.6654332280158997,
                    0.43002891540527344,
                    -0.6101424098014832,
                    -2.4595627784729004
                ],
                [
                    -0.7464574575424194,
                    0.3833514451980591,
                    -0.5439144968986511,
                    -2.192589521408081
                ],
                [
                    1.4901161193847656e-08,
                    0.8173841238021851,
                    0.5760930180549622,
                    2.322305202484131
                ],
                [
                    0.0,
                    0.0,
                    0.0,
                    1.0
                ]
            ]
        },
        {
            "file_path": "/data/shapenet_blender/all_50_random/02958343/e4886a4d0c6ea960fe21694bd5f519d1/r_19",
            "rotation": 0.12566370614359174,
            "transform_matrix": [
                [
                    0.6948835253715515,
                    0.22411984205245972,
                    -0.6833060383796692,
                    -2.7544946670532227
                ],
                [
                    -0.7191222906112671,
                    0.21656565368175507,
                    -0.6602745056152344,
                    -2.661651611328125
                ],
                [
                    0.0,
                    0.9501944184303284,
                    0.31165751814842224,
                    1.2563316822052002
                ],
                [
                    0.0,
                    0.0,
                    0.0,
                    1.0
                ]
            ]
        },
        {
            "file_path": "/data/shapenet_blender/all_50_random/02958343/e4886a4d0c6ea960fe21694bd5f519d1/r_20",
            "rotation": 0.12566370614359174,
            "transform_matrix": [
                [
                    0.3831395208835602,
                    -0.18541976809501648,
                    0.9048886895179749,
                    3.6477231979370117
                ],
                [
                    0.9236904978752136,
                    0.07691065222024918,
                    -0.37534067034721375,
                    -1.5130467414855957
                ],
                [
                    0.0,
                    0.9796448945999146,
                    0.20073798298835754,
                    0.8092007637023926
                ],
                [
                    0.0,
                    0.0,
                    0.0,
                    1.0
                ]
            ]
        },
        {
            "file_path": "/data/shapenet_blender/all_50_random/02958343/e4886a4d0c6ea960fe21694bd5f519d1/r_21",
            "rotation": 0.12566370614359174,
            "transform_matrix": [
                [
                    0.9909255504608154,
                    -0.009046992287039757,
                    -0.13410711288452148,
                    -0.5406030416488647
                ],
                [
                    -0.13441193103790283,
                    -0.06669716536998749,
                    -0.9886783361434937,
                    -3.985489845275879
                ],
                [
                    9.313225746154785e-10,
                    0.9977322220802307,
                    -0.06730794906616211,
                    -0.27132701873779297
                ],
                [
                    0.0,
                    0.0,
                    0.0,
                    1.0
                ]
            ]
        },
        {
            "file_path": "/data/shapenet_blender/all_50_random/02958343/e4886a4d0c6ea960fe21694bd5f519d1/r_22",
            "rotation": 0.12566370614359174,
            "transform_matrix": [
                [
                    -0.8139249086380005,
                    -0.03595160320401192,
                    -0.5798566341400146,
                    -2.337477207183838
                ],
                [
                    -0.5809701681137085,
                    0.050367310643196106,
                    0.8123648762702942,
                    3.274747848510742
                ],
                [
                    0.0,
                    0.9980835318565369,
                    -0.061882007867097855,
                    -0.24945436418056488
                ],
                [
                    0.0,
                    0.0,
                    0.0,
                    1.0
                ]
            ]
        },
        {
            "file_path": "/data/shapenet_blender/all_50_random/02958343/e4886a4d0c6ea960fe21694bd5f519d1/r_23",
            "rotation": 0.12566370614359174,
            "transform_matrix": [
                [
                    0.363358736038208,
                    -0.6188777685165405,
                    0.6963911652565002,
                    2.8072426319122314
                ],
                [
                    0.9316492676734924,
                    0.24137265980243683,
                    -0.27160418033599854,
                    -1.0948715209960938
                ],
                [
                    0.0,
                    0.7474821209907532,
                    0.6642819046974182,
                    2.6778059005737305
                ],
                [
                    0.0,
                    0.0,
                    0.0,
                    1.0
                ]
            ]
        },
        {
            "file_path": "/data/shapenet_blender/all_50_random/02958343/e4886a4d0c6ea960fe21694bd5f519d1/r_24",
            "rotation": 0.12566370614359174,
            "transform_matrix": [
                [
                    0.7704430222511292,
                    0.4986730217933655,
                    0.3971686065196991,
                    1.6010379791259766
                ],
                [
                    0.6375089883804321,
                    -0.6026568412780762,
                    -0.47998663783073425,
                    -1.9348881244659424
                ],
                [
                    0.0,
                    0.6230008602142334,
                    -0.7822210788726807,
                    -3.1532342433929443
                ],
                [
                    0.0,
                    0.0,
                    0.0,
                    1.0
                ]
            ]
        },
        {
            "file_path": "/data/shapenet_blender/all_50_random/02958343/e4886a4d0c6ea960fe21694bd5f519d1/r_25",
            "rotation": 0.12566370614359174,
            "transform_matrix": [
                [
                    -0.8085194230079651,
                    0.12297507375478745,
                    -0.5754767656326294,
                    -2.3198211193084717
                ],
                [
                    -0.5884695649147034,
                    -0.1689598560333252,
                    0.7906681895256042,
                    3.1872854232788086
                ],
                [
                    0.0,
                    0.9779210686683655,
                    0.2089744210243225,
                    0.8424028158187866
                ],
                [
                    0.0,
                    0.0,
                    0.0,
                    1.0
                ]
            ]
        },
        {
            "file_path": "/data/shapenet_blender/all_50_random/02958343/e4886a4d0c6ea960fe21694bd5f519d1/r_26",
            "rotation": 0.12566370614359174,
            "transform_matrix": [
                [
                    0.8887248635292053,
                    -0.2299254685640335,
                    0.39661353826522827,
                    1.5988003015518188
                ],
                [
                    0.4584408402442932,
                    0.44572922587394714,
                    -0.7688676118850708,
                    -3.0994045734405518
                ],
                [
                    0.0,
                    0.865135669708252,
                    0.5015378594398499,
                    2.021763801574707
                ],
                [
                    0.0,
                    0.0,
                    0.0,
                    1.0
                ]
            ]
        },
        {
            "file_path": "/data/shapenet_blender/all_50_random/02958343/e4886a4d0c6ea960fe21694bd5f519d1/r_27",
            "rotation": 0.12566370614359174,
            "transform_matrix": [
                [
                    -0.7081353068351746,
                    -0.008032819256186485,
                    -0.7060311436653137,
                    -2.846102476119995
                ],
                [
                    -0.7060768604278564,
                    0.008056237362325191,
                    0.7080894112586975,
                    2.8543996810913086
                ],
                [
                    0.0,
                    0.9999353289604187,
                    -0.011376692913472652,
                    -0.04586091637611389
                ],
                [
                    0.0,
                    0.0,
                    0.0,
                    1.0
                ]
            ]
        },
        {
            "file_path": "/data/shapenet_blender/all_50_random/02958343/e4886a4d0c6ea960fe21694bd5f519d1/r_28",
            "rotation": 0.12566370614359174,
            "transform_matrix": [
                [
                    0.8198809623718262,
                    -0.186185821890831,
                    -0.5414149165153503,
                    -2.1825132369995117
                ],
                [
                    -0.5725340843200684,
                    -0.26662200689315796,
                    -0.7753176093101501,
                    -3.1254053115844727
                ],
                [
                    0.0,
                    0.9456465840339661,
                    -0.3251960575580597,
                    -1.310907244682312
                ],
                [
                    0.0,
                    0.0,
                    0.0,
                    1.0
                ]
            ]
        },
        {
            "file_path": "/data/shapenet_blender/all_50_random/02958343/e4886a4d0c6ea960fe21694bd5f519d1/r_29",
            "rotation": 0.12566370614359174,
            "transform_matrix": [
                [
                    -0.42296409606933594,
                    0.7675044536590576,
                    -0.4817035496234894,
                    -1.9418091773986816
                ],
                [
                    -0.9061465263366699,
                    -0.35824981331825256,
                    0.22484587132930756,
                    0.90638267993927
                ],
                [
                    0.0,
                    0.5315956473350525,
                    0.8469982147216797,
                    3.4143590927124023
                ],
                [
                    0.0,
                    0.0,
                    0.0,
                    1.0
                ]
            ]
        },
        {
            "file_path": "/data/shapenet_blender/all_50_random/02958343/e4886a4d0c6ea960fe21694bd5f519d1/r_30",
            "rotation": 0.12566370614359174,
            "transform_matrix": [
                [
                    0.9515021443367004,
                    -0.0012451658258214593,
                    0.3076397776603699,
                    1.240135669708252
                ],
                [
                    0.3076423108577728,
                    0.003851153887808323,
                    -0.9514942765235901,
                    -3.8355960845947266
                ],
                [
                    1.1641532182693481e-10,
                    0.999991774559021,
                    0.004047446884214878,
                    0.016315780580043793
                ],
                [
                    0.0,
                    0.0,
                    0.0,
                    1.0
                ]
            ]
        },
        {
            "file_path": "/data/shapenet_blender/all_50_random/02958343/e4886a4d0c6ea960fe21694bd5f519d1/r_31",
            "rotation": 0.12566370614359174,
            "transform_matrix": [
                [
                    -0.2690311074256897,
                    0.25148046016693115,
                    -0.9297202229499817,
                    -3.7478222846984863
                ],
                [
                    -0.9631314873695374,
                    -0.07024592906236649,
                    0.2596983313560486,
                    1.0468776226043701
                ],
                [
                    0.0,
                    0.9653097987174988,
                    0.26110708713531494,
                    1.0525563955307007
                ],
                [
                    0.0,
                    0.0,
                    0.0,
                    1.0
                ]
            ]
        },
        {
            "file_path": "/data/shapenet_blender/all_50_random/02958343/e4886a4d0c6ea960fe21694bd5f519d1/r_32",
            "rotation": 0.12566370614359174,
            "transform_matrix": [
                [
                    0.6113670468330383,
                    -0.05440467596054077,
                    0.7894748449325562,
                    3.1824748516082764
                ],
                [
                    0.7913472652435303,
                    0.04203113913536072,
                    -0.6099205017089844,
                    -2.4586682319641113
                ],
                [
                    -3.725290298461914e-09,
                    0.9976339340209961,
                    0.06874944269657135,
                    0.2771378755569458
                ],
                [
                    0.0,
                    0.0,
                    0.0,
                    1.0
                ]
            ]
        },
        {
            "file_path": "/data/shapenet_blender/all_50_random/02958343/e4886a4d0c6ea960fe21694bd5f519d1/r_33",
            "rotation": 0.12566370614359174,
            "transform_matrix": [
                [
                    -0.017389679327607155,
                    0.1582403928041458,
                    -0.9872474074363708,
                    -3.979721784591675
                ],
                [
                    -0.9998487830162048,
                    -0.002752165775746107,
                    0.017170511186122894,
                    0.06921654939651489
                ],
                [
                    0.0,
                    0.987396776676178,
                    0.15826429426670074,
                    0.6379838585853577
                ],
                [
                    0.0,
                    0.0,
                    0.0,
                    1.0
                ]
            ]
        },
        {
            "file_path": "/data/shapenet_blender/all_50_random/02958343/e4886a4d0c6ea960fe21694bd5f519d1/r_34",
            "rotation": 0.12566370614359174,
            "transform_matrix": [
                [
                    0.6779637932777405,
                    -0.7076377272605896,
                    -0.1990322470664978,
                    -0.802324652671814
                ],
                [
                    -0.7350951433181763,
                    -0.6526403427124023,
                    -0.18356353044509888,
                    -0.7399682402610779
                ],
                [
                    0.0,
                    0.27075716853141785,
                    -0.9626476764678955,
                    -3.88055682182312
                ],
                [
                    0.0,
                    0.0,
                    0.0,
                    1.0
                ]
            ]
        },
        {
            "file_path": "/data/shapenet_blender/all_50_random/02958343/e4886a4d0c6ea960fe21694bd5f519d1/r_35",
            "rotation": 0.12566370614359174,
            "transform_matrix": [
                [
                    -0.9963819980621338,
                    -0.08232865482568741,
                    0.021090958267450333,
                    0.08502036333084106
                ],
                [
                    0.08498727530241013,
                    -0.9652127027511597,
                    0.2472682148218155,
                    0.9967699646949768
                ],
                [
                    1.8626449271863521e-09,
                    0.2481660097837448,
                    0.9687175750732422,
                    3.905025005340576
                ],
                [
                    0.0,
                    0.0,
                    0.0,
                    1.0
                ]
            ]
        },
        {
            "file_path": "/data/shapenet_blender/all_50_random/02958343/e4886a4d0c6ea960fe21694bd5f519d1/r_36",
            "rotation": 0.12566370614359174,
            "transform_matrix": [
                [
                    -0.14908765256404877,
                    -0.42814549803733826,
                    -0.8913272619247437,
                    -3.593055009841919
                ],
                [
                    -0.9888240098953247,
                    0.06455264985561371,
                    0.1343878209590912,
                    0.5417346358299255
                ],
                [
                    -3.725290298461914e-09,
                    0.9014012813568115,
                    -0.4329845607280731,
                    -1.7454166412353516
                ],
                [
                    0.0,
                    0.0,
                    0.0,
                    1.0
                ]
            ]
        },
        {
            "file_path": "/data/shapenet_blender/all_50_random/02958343/e4886a4d0c6ea960fe21694bd5f519d1/r_37",
            "rotation": 0.12566370614359174,
            "transform_matrix": [
                [
                    -0.9844590425491333,
                    -0.08559013158082962,
                    0.1533442735671997,
                    0.6181504726409912
                ],
                [
                    0.17561358213424683,
                    -0.4798033833503723,
                    0.8596212863922119,
                    3.4652438163757324
                ],
                [
                    0.0,
                    0.8731913566589355,
                    0.4873776137828827,
                    1.9646817445755005
                ],
                [
                    0.0,
                    0.0,
                    0.0,
                    1.0
                ]
            ]
        },
        {
            "file_path": "/data/shapenet_blender/all_50_random/02958343/e4886a4d0c6ea960fe21694bd5f519d1/r_38",
            "rotation": 0.12566370614359174,
            "transform_matrix": [
                [
                    -0.14698781073093414,
                    -0.20899085700511932,
                    -0.9668078422546387,
                    -3.897327184677124
                ],
                [
                    -0.9891383051872253,
                    0.031056437641382217,
                    0.1436694711446762,
                    0.5791501402854919
                ],
                [
                    0.0,
                    0.9774243235588074,
                    -0.2112857848405838,
                    -0.8517202138900757
                ],
                [
                    0.0,
                    0.0,
                    0.0,
                    1.0
                ]
            ]
        },
        {
            "file_path": "/data/shapenet_blender/all_50_random/02958343/e4886a4d0c6ea960fe21694bd5f519d1/r_39",
            "rotation": 0.12566370614359174,
            "transform_matrix": [
                [
                    -0.03674154356122017,
                    -0.08161309361457825,
                    0.9959866404533386,
                    4.014950275421143
                ],
                [
                    0.9993247389793396,
                    -0.0030006172601133585,
                    0.03661881387233734,
                    0.14761516451835632
                ],
                [
                    -2.3283062977608182e-10,
                    0.996659517288208,
                    0.08166823536157608,
                    0.3292151689529419
                ],
                [
                    0.0,
                    0.0,
                    0.0,
                    1.0
                ]
            ]
        },
        {
            "file_path": "/data/shapenet_blender/all_50_random/02958343/e4886a4d0c6ea960fe21694bd5f519d1/r_40",
            "rotation": 0.12566370614359174,
            "transform_matrix": [
                [
                    0.20318599045276642,
                    -0.689723789691925,
                    -0.6949794888496399,
                    -2.8015518188476562
                ],
                [
                    -0.9791401028633118,
                    -0.14312784373760223,
                    -0.14421848952770233,
                    -0.581363320350647
                ],
                [
                    0.0,
                    0.7097854614257812,
                    -0.7044178247451782,
                    -2.839599132537842
                ],
                [
                    0.0,
                    0.0,
                    0.0,
                    1.0
                ]
            ]
        },
        {
            "file_path": "/data/shapenet_blender/all_50_random/02958343/e4886a4d0c6ea960fe21694bd5f519d1/r_41",
            "rotation": 0.12566370614359174,
            "transform_matrix": [
                [
                    -0.954680860042572,
                    -0.03292558714747429,
                    0.2958044409751892,
                    1.1924258470535278
                ],
                [
                    0.29763123393058777,
                    -0.10561198741197586,
                    0.9488212466239929,
                    3.8248207569122314
                ],
                [
