{
    "class": "02958343",
    "model": "29ea7766414de256cb34360716066a25",
    "remove_doubles": true,
    "edge_split": true,
    "denoise": true,
    "camera_angle_x": 0.6911112070083618,
    "scale_factor": 2.2771341189890073,
    "hdri_file": "/data/IndoorHDRDataset2018/AG8A9732-581cf3704d.exr",
    "center_offset": [
        0.0,
        0.0,
        -1.862645149230957e-09
    ],
    "lights": [],
    "frames": [
        {
            "file_path": "/data/shapenet_blender/all_50_random/02958343/29ea7766414de256cb34360716066a25/r_0",
            "rotation": 0.12566370614359174,
            "transform_matrix": [
                [
                    -0.29948854446411133,
                    -0.03101169690489769,
                    -0.953595757484436,
                    -3.844067335128784
                ],
                [
                    -0.9540998935699463,
                    0.009734460152685642,
                    0.29933029413223267,
                    1.206639051437378
                ],
                [
                    0.0,
                    0.9994716048240662,
                    -0.03250361233949661,
                    -0.1310262531042099
                ],
                [
                    0.0,
                    0.0,
                    0.0,
                    1.0
                ]
            ]
        },
        {
            "file_path": "/data/shapenet_blender/all_50_random/02958343/29ea7766414de256cb34360716066a25/r_1",
            "rotation": 0.12566370614359174,
            "transform_matrix": [
                [
                    0.063852459192276,
                    -0.13008931279182434,
                    -0.9894440174102783,
                    -3.988576650619507
                ],
                [
                    -0.9979593753814697,
                    -0.008323508314788342,
                    -0.06330762058496475,
                    -0.25520122051239014
                ],
                [
                    -9.313225746154785e-10,
                    0.991467297077179,
                    -0.13035531342029572,
                    -0.5254791378974915
                ],
                [
                    0.0,
                    0.0,
                    0.0,
                    1.0
                ]
            ]
        },
        {
            "file_path": "/data/shapenet_blender/all_50_random/02958343/29ea7766414de256cb34360716066a25/r_2",
            "rotation": 0.12566370614359174,
            "transform_matrix": [
                [
                    -0.9056724309921265,
                    -0.31008946895599365,
                    0.2891401946544647,
                    1.165561556816101
                ],
                [
                    0.4239782691001892,
                    -0.6623912453651428,
                    0.6176408529281616,
                    2.489790201187134
                ],
                [
                    1.4901162970204496e-08,
                    0.681969404220581,
                    0.7313805818557739,
                    2.948289632797241
                ],
                [
                    0.0,
                    0.0,
                    0.0,
                    1.0
                ]
            ]
        },
        {
            "file_path": "/data/shapenet_blender/all_50_random/02958343/29ea7766414de256cb34360716066a25/r_3",
            "rotation": 0.12566370614359174,
            "transform_matrix": [
                [
                    0.8944405317306519,
                    0.11346845328807831,
                    -0.43255189061164856,
                    -1.743672490119934
                ],
                [
                    -0.44718703627586365,
                    0.22695375978946686,
                    -0.865168035030365,
                    -3.4876039028167725
                ],
                [
                    -7.450581485102248e-09,
                    0.9672728776931763,
                    0.2537382245063782,
                    1.0228514671325684
                ],
                [
                    0.0,
                    0.0,
                    0.0,
                    1.0
                ]
            ]
        },
        {
            "file_path": "/data/shapenet_blender/all_50_random/02958343/29ea7766414de256cb34360716066a25/r_4",
            "rotation": 0.12566370614359174,
            "transform_matrix": [
                [
                    0.4179866909980774,
                    0.8856695294380188,
                    -0.20217949151992798,
                    -0.8150116205215454
                ],
                [
                    -0.9084531664848328,
                    0.40750375390052795,
                    -0.09302442520856857,
                    -0.3749934434890747
                ],
                [
                    0.0,
                    0.222553551197052,
                    0.9749204516410828,
                    3.930030107498169
                ],
                [
                    0.0,
                    0.0,
                    0.0,
                    1.0
                ]
            ]
        },
        {
            "file_path": "/data/shapenet_blender/all_50_random/02958343/29ea7766414de256cb34360716066a25/r_5",
            "rotation": 0.12566370614359174,
            "transform_matrix": [
                [
                    0.93163001537323,
                    -0.26043733954429626,
                    -0.25345203280448914,
                    -1.021697759628296
                ],
                [
                    -0.3634082078933716,
                    -0.667654812335968,
                    -0.649747371673584,
                    -2.6192150115966797
                ],
                [
                    1.4901160305669237e-08,
                    0.6974306106567383,
                    -0.7166523337364197,
                    -2.8889176845550537
                ],
                [
                    0.0,
                    0.0,
                    0.0,
                    1.0
                ]
            ]
        },
        {
            "file_path": "/data/shapenet_blender/all_50_random/02958343/29ea7766414de256cb34360716066a25/r_6",
            "rotation": 0.12566370614359174,
            "transform_matrix": [
                [
                    -0.12818384170532227,
                    0.5593113303184509,
                    0.8189870119094849,
                    3.3014421463012695
                ],
                [
                    0.9917504191398621,
                    0.0722910463809967,
                    0.10585414618253708,
                    0.42671170830726624
                ],
                [
                    -3.725290298461914e-09,
                    0.8257995247840881,
                    -0.563963770866394,
                    -2.2734107971191406
                ],
                [
                    0.0,
                    0.0,
                    0.0,
                    1.0
                ]
            ]
        },
        {
            "file_path": "/data/shapenet_blender/all_50_random/02958343/29ea7766414de256cb34360716066a25/r_7",
            "rotation": 0.12566370614359174,
            "transform_matrix": [
                [
                    -0.8297805190086365,
                    0.1399056613445282,
                    -0.5402690172195435,
                    -2.177893877029419
                ],
                [
                    -0.5580897331237793,
                    -0.20801490545272827,
                    0.8032842874526978,
                    3.238142251968384
                ],
                [
                    1.4901160305669237e-08,
                    0.9680682420730591,
                    0.2506866455078125,
                    1.0105500221252441
                ],
                [
                    0.0,
                    0.0,
                    0.0,
                    1.0
                ]
            ]
        },
        {
            "file_path": "/data/shapenet_blender/all_50_random/02958343/29ea7766414de256cb34360716066a25/r_8",
            "rotation": 0.12566370614359174,
            "transform_matrix": [
                [
                    0.05321603640913963,
                    0.14377392828464508,
                    -0.9881787300109863,
                    -3.98347544670105
                ],
                [
                    -0.9985829591751099,
                    0.007661935407668352,
                    -0.05266157537698746,
                    -0.212285578250885
                ],
                [
                    -4.6566125955216364e-10,
                    0.9895808100700378,
                    0.14397794008255005,
                    0.5803935527801514
                ],
                [
                    0.0,
                    0.0,
                    0.0,
                    1.0
                ]
            ]
        },
        {
            "file_path": "/data/shapenet_blender/all_50_random/02958343/29ea7766414de256cb34360716066a25/r_9",
            "rotation": 0.12566370614359174,
            "transform_matrix": [
                [
                    0.7887526154518127,
                    0.5352151989936829,
                    -0.30234745144844055,
                    -1.218801736831665
                ],
                [
                    -0.6147108674049377,
                    0.6867495179176331,
                    -0.38795045018196106,
                    -1.5638784170150757
                ],
                [
                    0.0,
                    0.49185314774513245,
                    0.8706780672073364,
                    3.5098156929016113
                ],
                [
                    0.0,
                    0.0,
                    0.0,
                    1.0
                ]
            ]
        },
        {
            "file_path": "/data/shapenet_blender/all_50_random/02958343/29ea7766414de256cb34360716066a25/r_10",
            "rotation": 0.12566370614359174,
            "transform_matrix": [
                [
                    0.9963167905807495,
                    -0.0829310342669487,
                    -0.02180219627916813,
                    -0.0878874659538269
                ],
                [
                    -0.08574900776147842,
                    -0.9635748267173767,
                    -0.25331947207450867,
                    -1.0211634635925293
                ],
                [
                    -1.862645149230957e-09,
                    0.25425586104393005,
                    -0.9671369791030884,
                    -3.898653745651245
                ],
                [
                    0.0,
                    0.0,
                    0.0,
                    1.0
                ]
            ]
        },
        {
            "file_path": "/data/shapenet_blender/all_50_random/02958343/29ea7766414de256cb34360716066a25/r_11",
            "rotation": 0.12566370614359174,
            "transform_matrix": [
                [
                    -0.5940092206001282,
                    -0.1646813303232193,
                    0.7874218225479126,
                    3.174198865890503
                ],
                [
                    0.8044582605361938,
                    -0.12160012125968933,
                    0.5814295411109924,
                    2.3438174724578857
                ],
                [
                    0.0,
                    0.9788225293159485,
                    0.20471082627773285,
                    0.825215756893158
                ],
                [
                    0.0,
                    0.0,
                    0.0,
                    1.0
                ]
            ]
        },
        {
            "file_path": "/data/shapenet_blender/all_50_random/02958343/29ea7766414de256cb34360716066a25/r_12",
            "rotation": 0.12566370614359174,
            "transform_matrix": [
                [
                    0.9044303297996521,
                    -0.011673022992908955,
                    -0.4264616072177887,
                    -1.7191216945648193
                ],
                [
                    -0.42662134766578674,
                    -0.024746619164943695,
                    -0.9040917158126831,
                    -3.644510269165039
                ],
                [
                    0.0,
                    0.999625563621521,
                    -0.027361556887626648,
                    -0.11029796302318573
                ],
                [
                    0.0,
                    0.0,
                    0.0,
                    1.0
                ]
            ]
        },
        {
            "file_path": "/data/shapenet_blender/all_50_random/02958343/29ea7766414de256cb34360716066a25/r_13",
            "rotation": 0.12566370614359174,
            "transform_matrix": [
                [
                    0.8973284959793091,
                    -0.14197464287281036,
                    -0.4179052710533142,
                    -1.6846301555633545
                ],
                [
                    -0.4413633942604065,
                    -0.28864625096321106,
                    -0.8496361374855042,
                    -3.4249930381774902
                ],
                [
                    -7.450580596923828e-09,
                    0.9468508958816528,
                    -0.32167285680770874,
                    -1.296704888343811
                ],
                [
                    0.0,
                    0.0,
                    0.0,
                    1.0
                ]
            ]
        },
        {
            "file_path": "/data/shapenet_blender/all_50_random/02958343/29ea7766414de256cb34360716066a25/r_14",
            "rotation": 0.12566370614359174,
            "transform_matrix": [
                [
                    0.9427791833877563,
                    -0.06681706756353378,
                    -0.32665398716926575,
                    -1.316784143447876
                ],
                [
                    -0.3334176242351532,
                    -0.18893343210220337,
                    -0.9236541390419006,
                    -3.7233684062957764
                ],
                [
                    0.0,
                    0.979714035987854,
                    -0.20040053129196167,
                    -0.8078402876853943
                ],
                [
                    0.0,
                    0.0,
                    0.0,
                    1.0
                ]
            ]
        },
        {
            "file_path": "/data/shapenet_blender/all_50_random/02958343/29ea7766414de256cb34360716066a25/r_15",
            "rotation": 0.12566370614359174,
            "transform_matrix": [
                [
                    -0.9837449789047241,
                    -0.010091442614793777,
                    -0.17928773164749146,
                    -0.7227319478988647
                ],
                [
                    -0.1795715093612671,
                    0.05528385564684868,
                    0.9821903109550476,
                    3.9593358039855957
                ],
                [
                    0.0,
                    0.9984195828437805,
                    -0.05619735270738602,
                    -0.2265387773513794
                ],
                [
                    0.0,
                    0.0,
                    0.0,
                    1.0
                ]
            ]
        },
        {
            "file_path": "/data/shapenet_blender/all_50_random/02958343/29ea7766414de256cb34360716066a25/r_16",
            "rotation": 0.12566370614359174,
            "transform_matrix": [
                [
                    -0.9188039302825928,
                    0.12065427750349045,
                    0.3758217990398407,
                    1.5149861574172974
                ],
                [
                    0.3947144150733948,
                    0.2808552384376526,
                    0.874826192855835,
                    3.5265371799468994
                ],
                [
                    -7.450580596923828e-09,
                    0.9521359205245972,
                    -0.30567488074302673,
                    -1.2322148084640503
                ],
                [
                    0.0,
                    0.0,
                    0.0,
                    1.0
                ]
            ]
        },
        {
            "file_path": "/data/shapenet_blender/all_50_random/02958343/29ea7766414de256cb34360716066a25/r_17",
            "rotation": 0.12566370614359174,
            "transform_matrix": [
                [
                    0.9189243316650391,
                    -0.024630239233374596,
                    0.3936643600463867,
                    1.5869117975234985
                ],
                [
                    0.3944341540336609,
                    0.0573817603290081,
                    -0.9171308875083923,
                    -3.697072744369507
                ],
                [
                    -1.862645371275562e-09,
                    0.9980484247207642,
                    0.06244449317455292,
                    0.2517217993736267
                ],
                [
                    0.0,
                    0.0,
                    0.0,
                    1.0
                ]
            ]
        },
        {
            "file_path": "/data/shapenet_blender/all_50_random/02958343/29ea7766414de256cb34360716066a25/r_18",
            "rotation": 0.12566370614359174,
            "transform_matrix": [
                [
                    0.4934156835079193,
                    0.2147693932056427,
                    -0.8428612351417542,
                    -3.3976821899414062
                ],
                [
                    -0.8697935938835144,
                    0.1218341737985611,
                    -0.4781374931335449,
                    -1.927433729171753
                ],
                [
                    7.4505797087454084e-09,
                    0.9690358638763428,
                    0.24691995978355408,
                    0.9953661561012268
                ],
                [
                    0.0,
                    0.0,
                    0.0,
                    1.0
                ]
            ]
        },
        {
            "file_path": "/data/shapenet_blender/all_50_random/02958343/29ea7766414de256cb34360716066a25/r_19",
            "rotation": 0.12566370614359174,
            "transform_matrix": [
                [
                    0.9910996556282043,
                    0.000682669400703162,
                    0.13312022387981415,
                    0.5366247892379761
                ],
                [
                    0.13312196731567383,
                    -0.005082506686449051,
                    -0.9910866618156433,
                    -3.9951977729797363
                ],
                [
                    -1.164153010102531e-10,
                    0.9999868869781494,
                    -0.005128149874508381,
                    -0.020672231912612915
                ],
                [
                    0.0,
                    0.0,
                    0.0,
                    1.0
                ]
            ]
        },
        {
            "file_path": "/data/shapenet_blender/all_50_random/02958343/29ea7766414de256cb34360716066a25/r_20",
            "rotation": 0.12566370614359174,
            "transform_matrix": [
                [
                    -0.8302761316299438,
                    0.47999149560928345,
                    -0.28328365087509155,
                    -1.1419529914855957
                ],
                [
                    -0.5573521256446838,
                    -0.7150335311889648,
                    0.4220018684864044,
                    1.7011440992355347
                ],
                [
                    0.0,
                    0.5082669854164124,
                    0.8611994981765747,
                    3.471606492996216
                ],
                [
                    0.0,
                    0.0,
                    0.0,
                    1.0
                ]
            ]
        },
        {
            "file_path": "/data/shapenet_blender/all_50_random/02958343/29ea7766414de256cb34360716066a25/r_21",
            "rotation": 0.12566370614359174,
            "transform_matrix": [
                [
                    0.42011821269989014,
                    0.3717191219329834,
                    -0.827843964099884,
                    -3.3371458053588867
                ],
                [
                    -0.9074693918228149,
                    0.17208951711654663,
                    -0.38325515389442444,
                    -1.5449509620666504
                ],
                [
                    0.0,
                    0.9122555255889893,
                    0.40962162613868713,
                    1.6512376070022583
                ],
                [
                    0.0,
                    0.0,
                    0.0,
                    1.0
                ]
            ]
        },
        {
            "file_path": "/data/shapenet_blender/all_50_random/02958343/29ea7766414de256cb34360716066a25/r_22",
            "rotation": 0.12566370614359174,
            "transform_matrix": [
                [
                    -0.7920949459075928,
                    -0.4905094504356384,
                    -0.36329856514930725,
                    -1.464503526687622
                ],
                [
                    -0.6103976368904114,
                    0.6365196704864502,
                    0.4714418649673462,
                    1.9004430770874023
                ],
                [
                    -1.4901157641133977e-08,
                    0.5951834321022034,
                    -0.8035898208618164,
                    -3.2393743991851807
                ],
                [
                    0.0,
                    0.0,
                    0.0,
                    1.0
                ]
            ]
        },
        {
            "file_path": "/data/shapenet_blender/all_50_random/02958343/29ea7766414de256cb34360716066a25/r_23",
            "rotation": 0.12566370614359174,
            "transform_matrix": [
                [
                    0.4908449947834015,
                    -0.10166112333536148,
                    0.8652954697608948,
                    3.4881176948547363
                ],
                [
                    0.8712469935417175,
                    0.05727406218647957,
                    -0.48749202489852905,
                    -1.9651432037353516
                ],
                [
                    0.0,
                    0.9931690096855164,
                    0.11668462306261063,
                    0.4703707695007324
                ],
                [
                    0.0,
                    0.0,
                    0.0,
                    1.0
                ]
            ]
        },
        {
            "file_path": "/data/shapenet_blender/all_50_random/02958343/29ea7766414de256cb34360716066a25/r_24",
            "rotation": 0.12566370614359174,
            "transform_matrix": [
                [
                    -0.9535868763923645,
                    -0.08515980839729309,
                    -0.28882521390914917,
                    -1.1642917394638062
                ],
                [
                    -0.30111831426620483,
                    0.2696855962276459,
                    0.914656937122345,
                    3.6871001720428467
                ],
                [
                    -7.450581485102248e-09,
                    0.9591754078865051,
                    -0.2828117907047272,
                    -1.1400508880615234
                ],
                [
                    0.0,
                    0.0,
                    0.0,
                    1.0
                ]
            ]
        },
        {
            "file_path": "/data/shapenet_blender/all_50_random/02958343/29ea7766414de256cb34360716066a25/r_25",
            "rotation": 0.12566370614359174,
            "transform_matrix": [
                [
                    -0.985234260559082,
                    0.11926229298114777,
                    -0.12284088134765625,
                    -0.4951874315738678
                ],
                [
                    -0.17121148109436035,
                    -0.6862933039665222,
                    0.7068862318992615,
                    2.8495495319366455
                ],
                [
                    -7.450580152834618e-09,
                    0.7174803614616394,
                    0.6965787410736084,
                    2.8079986572265625
                ],
                [
                    0.0,
                    0.0,
                    0.0,
                    1.0
                ]
            ]
        },
        {
            "file_path": "/data/shapenet_blender/all_50_random/02958343/29ea7766414de256cb34360716066a25/r_26",
            "rotation": 0.12566370614359174,
            "transform_matrix": [
                [
                    -0.4337453246116638,
                    -0.6251845955848694,
                    -0.6488521695137024,
                    -2.6156067848205566
                ],
                [
                    -0.9010355472564697,
                    0.3009547293186188,
                    0.3123479187488556,
                    1.2591147422790527
                ],
                [
                    1.4901161193847656e-08,
                    0.7201183438301086,
                    -0.6938512921333313,
                    -2.797003984451294
                ],
                [
                    0.0,
                    0.0,
                    0.0,
                    1.0
                ]
            ]
        },
        {
            "file_path": "/data/shapenet_blender/all_50_random/02958343/29ea7766414de256cb34360716066a25/r_27",
            "rotation": 0.12566370614359174,
            "transform_matrix": [
                [
                    0.7032250761985779,
                    0.01901453547179699,
                    -0.7107129096984863,
                    -2.864975690841675
                ],
                [
                    -0.7109673619270325,
                    0.01880747079849243,
                    -0.7029734253883362,
                    -2.8337767124176025
                ],
                [
                    -9.313225746154785e-10,
                    0.9996423125267029,
                    0.026744594797492027,
                    0.10781091451644897
                ],
                [
                    0.0,
                    0.0,
                    0.0,
                    1.0
                ]
            ]
        },
        {
            "file_path": "/data/shapenet_blender/all_50_random/02958343/29ea7766414de256cb34360716066a25/r_28",
            "rotation": 0.12566370614359174,
            "transform_matrix": [
                [
                    0.8939884305000305,
                    0.34755125641822815,
                    0.28283026814460754,
                    1.1401252746582031
                ],
                [
                    0.44809025526046753,
                    -0.6934022307395935,
                    -0.5642768740653992,
                    -2.274672746658325
                ],
                [
                    0.0,
                    0.631190299987793,
                    -0.7756279110908508,
                    -3.1266560554504395
                ],
                [
                    0.0,
                    0.0,
                    0.0,
                    1.0
                ]
            ]
        },
        {
            "file_path": "/data/shapenet_blender/all_50_random/02958343/29ea7766414de256cb34360716066a25/r_29",
            "rotation": 0.12566370614359174,
            "transform_matrix": [
                [
                    0.954009473323822,
                    -0.12989357113838196,
                    -0.2701733112335205,
                    -1.0891034603118896
                ],
                [
                    -0.29977652430534363,
                    -0.41337358951568604,
                    -0.8598001599311829,
                    -3.4659652709960938
                ],
                [
                    7.450580596923828e-09,
                    0.9012490510940552,
                    -0.4333014190196991,
                    -1.7466938495635986
                ],
                [
                    0.0,
                    0.0,
                    0.0,
                    1.0
                ]
            ]
        },
        {
            "file_path": "/data/shapenet_blender/all_50_random/02958343/29ea7766414de256cb34360716066a25/r_30",
            "rotation": 0.12566370614359174,
            "transform_matrix": [
                [
                    0.9959178566932678,
                    -0.046264540404081345,
                    -0.07750637829303741,
                    -0.3124381899833679
                ],
                [
                    -0.09026432037353516,
                    -0.5104528665542603,
                    -0.8551549911499023,
                    -3.447240114212036
                ],
                [
                    -3.725290298461914e-09,
                    0.8586602210998535,
                    -0.5125451683998108,
                    -2.0661356449127197
                ],
                [
                    0.0,
                    0.0,
                    0.0,
                    1.0
                ]
            ]
        },
        {
            "file_path": "/data/shapenet_blender/all_50_random/02958343/29ea7766414de256cb34360716066a25/r_31",
            "rotation": 0.12566370614359174,
            "transform_matrix": [
                [
                    -0.28558725118637085,
                    -0.11649713665246964,
                    -0.9512456655502319,
                    -3.8345940113067627
                ],
                [
                    -0.9583526849746704,
                    0.0347159206867218,
                    0.28346937894821167,
                    1.1427016258239746
                ],
                [
                    0.0,
                    0.9925841093063354,
                    -0.12155976891517639,
                    -0.49002310633659363
                ],
                [
                    0.0,
                    0.0,
                    0.0,
                    1.0
                ]
            ]
        },
        {
            "file_path": "/data/shapenet_blender/all_50_random/02958343/29ea7766414de256cb34360716066a25/r_32",
            "rotation": 0.12566370614359174,
            "transform_matrix": [
                [
                    0.9997137784957886,
                    -0.007002220023423433,
                    -0.022877603769302368,
                    -0.09222255647182465
                ],
                [
                    -0.023925211280584335,
                    -0.29258736968040466,
                    -0.9559394717216492,
                    -3.8535149097442627
                ],
                [
                    4.656612873077393e-10,
                    0.956213116645813,
                    -0.29267120361328125,
                    -1.179795265197754
                ],
                [
                    0.0,
                    0.0,
                    0.0,
                    1.0
                ]
            ]
        },
        {
            "file_path": "/data/shapenet_blender/all_50_random/02958343/29ea7766414de256cb34360716066a25/r_33",
            "rotation": 0.12566370614359174,
            "transform_matrix": [
                [
                    0.9038362503051758,
                    0.006928509566932917,
                    -0.42782244086265564,
                    -1.7246074676513672
                ],
                [
                    -0.42787858843803406,
                    0.014635549858212471,
                    -0.9037176966667175,
                    -3.643002510070801
                ],
                [
                    0.0,
                    0.9998688101768494,
                    0.01619270071387291,
                    0.06527486443519592
                ],
                [
                    0.0,
                    0.0,
                    0.0,
                    1.0
                ]
            ]
        },
        {
            "file_path": "/data/shapenet_blender/all_50_random/02958343/29ea7766414de256cb34360716066a25/r_34",
            "rotation": 0.12566370614359174,
            "transform_matrix": [
                [
                    0.892745852470398,
                    0.2738254964351654,
                    0.3578051030635834,
                    1.4423586130142212
                ],
                [
                    0.4505608081817627,
                    -0.5425606966018677,
                    -0.7089588046073914,
                    -2.8579046726226807
                ],
                [
                    -1.4901164746561335e-08,
                    0.7941329479217529,
                    -0.6077438592910767,
                    -2.4498941898345947
                ],
                [
                    0.0,
                    0.0,
                    0.0,
                    1.0
                ]
            ]
        },
        {
            "file_path": "/data/shapenet_blender/all_50_random/02958343/29ea7766414de256cb34360716066a25/r_35",
            "rotation": 0.12566370614359174,
            "transform_matrix": [
                [
                    0.8340953588485718,
                    0.12980015575885773,
                    0.5361313819885254,
                    2.161214828491211
                ],
                [
                    0.5516203045845032,
                    -0.19626855850219727,
                    -0.8106748461723328,
                    -3.267934799194336
                ],
                [
                    7.450580596923828e-09,
                    0.9719210267066956,
                    -0.23530711233615875,
                    -0.9485533237457275
                ],
                [
                    0.0,
                    0.0,
                    0.0,
                    1.0
                ]
            ]
        },
        {
            "file_path": "/data/shapenet_blender/all_50_random/02958343/29ea7766414de256cb34360716066a25/r_36",
            "rotation": 0.12566370614359174,
            "transform_matrix": [
                [
                    0.1932365745306015,
                    -0.5156405568122864,
                    0.8347300887107849,
                    3.3649048805236816
                ],
                [
                    0.9811522960662842,
                    0.10155468434095383,
                    -0.1643989086151123,
                    -0.6627132296562195
                ],
                [
                    0.0,
                    0.8507652878761292,
                    0.5255458354949951,
                    2.1185433864593506
                ],
                [
                    0.0,
                    0.0,
                    0.0,
                    1.0
                ]
            ]
        },
        {
            "file_path": "/data/shapenet_blender/all_50_random/02958343/29ea7766414de256cb34360716066a25/r_37",
            "rotation": 0.12566370614359174,
            "transform_matrix": [
                [
                    0.8609524965286255,
                    -0.0039047342725098133,
                    0.5086703300476074,
                    2.050515651702881
                ],
                [
                    0.508685290813446,
                    0.006608782801777124,
                    -0.860927164554596,
                    -3.470508337020874
                ],
                [
                    0.0,
                    0.999970555305481,
                    0.007676128763705492,
                    0.03094346448779106
                ],
                [
                    0.0,
                    0.0,
                    0.0,
                    1.0
                ]
            ]
        },
        {
            "file_path": "/data/shapenet_blender/all_50_random/02958343/29ea7766414de256cb34360716066a25/r_38",
            "rotation": 0.12566370614359174,
            "transform_matrix": [
                [
                    -0.9563656449317932,
                    0.10591115057468414,
                    0.2723005712032318,
                    1.0976786613464355
                ],
                [
                    0.29217249155044556,
                    0.3466780185699463,
                    0.8913190364837646,
                    3.593021869659424
                ],
                [
                    0.0,
                    0.9319854974746704,
                    -0.3624953031539917,
                    -1.4612653255462646
                ],
                [
                    0.0,
                    0.0,
                    0.0,
                    1.0
                ]
            ]
        },
        {
            "file_path": "/data/shapenet_blender/all_50_random/02958343/29ea7766414de256cb34360716066a25/r_39",
            "rotation": 0.12566370614359174,
            "transform_matrix": [
                [
                    0.021748192608356476,
                    0.6135393977165222,
                    -0.7893646359443665,
                    -3.18203067779541
                ],
                [
                    -0.999763548374176,
                    0.013346527703106403,
                    -0.017171313986182213,
                    -0.06921978294849396
                ],
                [
                    0.0,
                    0.7895514369010925,
                    0.6136844158172607,
                    2.4738409519195557
                ],
                [
                    0.0,
                    0.0,
                    0.0,
                    1.0
                ]
            ]
        },
        {
            "file_path": "/data/shapenet_blender/all_50_random/02958343/29ea7766414de256cb34360716066a25/r_40",
            "rotation": 0.12566370614359174,
            "transform_matrix": [
                [
                    0.7141863107681274,
                    -0.494536817073822,
                    -0.49534955620765686,
                    -1.996817946434021
                ],
                [
                    -0.6999556422233582,
                    -0.5045911073684692,
                    -0.505420446395874,
                    -2.037415027618408
                ],
                [
                    2.980232594040899e-08,
                    0.7076869606971741,
                    -0.706525981426239,
                    -2.848097324371338
                ],
                [
                    0.0,
                    0.0,
                    0.0,
                    1.0
                ]
            ]
        },
        {
            "file_path": "/data/shapenet_blender/all_50_random/02958343/29ea7766414de256cb34360716066a25/r_41",
            "rotation": 0.12566370614359174,
            "transform_matrix": [
                [
                    0.7336117625236511,
                    -0.008000743575394154,
                    -0.6795217394828796,
                    -2.7392396926879883
                ],
                [
                    -0.679568886756897,
                    -0.008637003600597382,
