{
    "class": "02958343",
    "model": "85f6145747a203becc08ff8f1f541268",
    "remove_doubles": true,
    "edge_split": true,
    "denoise": true,
    "camera_angle_x": 0.6911112070083618,
    "scale_factor": 2.2749298017526645,
    "hdri_file": "/data/IndoorHDRDataset2018/AG8A5794-8963521f7b.exr",
    "center_offset": [
        0.0,
        -1.862645149230957e-09,
        0.0
    ],
    "lights": [],
    "frames": [
        {
            "file_path": "/data/shapenet_blender/all_50_random/02958343/85f6145747a203becc08ff8f1f541268/r_0",
            "rotation": 0.12566370614359174,
            "transform_matrix": [
                [
                    0.9791264533996582,
                    0.07767976075410843,
                    0.18782252073287964,
                    0.757136881351471
                ],
                [
                    0.20325219631195068,
                    -0.3742066025733948,
                    -0.9047971367835999,
                    -3.6473541259765625
                ],
                [
                    7.450580596923828e-09,
                    0.9240861535072327,
                    -0.3821841776371002,
                    -1.5406337976455688
                ],
                [
                    0.0,
                    0.0,
                    0.0,
                    1.0
                ]
            ]
        },
        {
            "file_path": "/data/shapenet_blender/all_50_random/02958343/85f6145747a203becc08ff8f1f541268/r_1",
            "rotation": 0.12566370614359174,
            "transform_matrix": [
                [
                    -0.2720056176185608,
                    0.11086855083703995,
                    0.955887496471405,
                    3.8533060550689697
                ],
                [
                    0.962295651435852,
                    0.031338464468717575,
                    0.27019426226615906,
                    1.0891879796981812
                ],
                [
                    0.0,
                    0.9933407306671143,
                    -0.1152125671505928,
                    -0.46443673968315125
                ],
                [
                    0.0,
                    0.0,
                    0.0,
                    1.0
                ]
            ]
        },
        {
            "file_path": "/data/shapenet_blender/all_50_random/02958343/85f6145747a203becc08ff8f1f541268/r_2",
            "rotation": 0.12566370614359174,
            "transform_matrix": [
                [
                    -0.686518132686615,
                    0.3692263662815094,
                    0.626390278339386,
                    2.525059938430786
                ],
                [
                    0.7271127104759216,
                    0.348612517118454,
                    0.591418981552124,
                    2.3840861320495605
                ],
                [
                    -1.4901161193847656e-08,
                    0.8614760637283325,
                    -0.5077980160713196,
                    -2.046999216079712
                ],
                [
                    0.0,
                    0.0,
                    0.0,
                    1.0
                ]
            ]
        },
        {
            "file_path": "/data/shapenet_blender/all_50_random/02958343/85f6145747a203becc08ff8f1f541268/r_3",
            "rotation": 0.12566370614359174,
            "transform_matrix": [
                [
                    -0.8089045882225037,
                    0.2976119816303253,
                    0.5070505738258362,
                    2.0439865589141846
                ],
                [
                    0.5879397988319397,
                    0.40946313738822937,
                    0.697614848613739,
                    2.812175750732422
                ],
                [
                    0.0,
                    0.8624192476272583,
                    -0.5061944723129272,
                    -2.0405354499816895
                ],
                [
                    0.0,
                    0.0,
                    0.0,
                    1.0
                ]
            ]
        },
        {
            "file_path": "/data/shapenet_blender/all_50_random/02958343/85f6145747a203becc08ff8f1f541268/r_4",
            "rotation": 0.12566370614359174,
            "transform_matrix": [
                [
                    -0.9816892147064209,
                    -0.10117056220769882,
                    -0.1614031344652176,
                    -0.6506369113922119
                ],
                [
                    -0.19049008190631866,
                    0.5213817954063416,
                    0.8317899107933044,
                    3.3530526161193848
                ],
                [
                    0.0,
                    0.8473048806190491,
                    -0.5311067700386047,
                    -2.140960216522217
                ],
                [
                    0.0,
                    0.0,
                    0.0,
                    1.0
                ]
            ]
        },
        {
            "file_path": "/data/shapenet_blender/all_50_random/02958343/85f6145747a203becc08ff8f1f541268/r_5",
            "rotation": 0.12566370614359174,
            "transform_matrix": [
                [
                    0.6867092847824097,
                    0.014720216393470764,
                    -0.7267830967903137,
                    -2.9297564029693604
                ],
                [
                    -0.726932168006897,
                    0.013905712403357029,
                    -0.6865684390068054,
                    -2.767645835876465
                ],
                [
                    9.31322685637781e-10,
                    0.9997949004173279,
                    0.020249782130122185,
                    0.08162948489189148
                ],
                [
                    0.0,
                    0.0,
                    0.0,
                    1.0
                ]
            ]
        },
        {
            "file_path": "/data/shapenet_blender/all_50_random/02958343/85f6145747a203becc08ff8f1f541268/r_6",
            "rotation": 0.12566370614359174,
            "transform_matrix": [
                [
                    0.9993947744369507,
                    -0.014123443514108658,
                    -0.03179319575428963,
                    -0.1281624734401703
                ],
                [
                    -0.0347890667617321,
                    -0.40572792291641235,
                    -0.9133315682411194,
                    -3.6817572116851807
                ],
                [
                    -9.31322685637781e-10,
                    0.9138847589492798,
                    -0.4059736728668213,
                    -1.636532187461853
                ],
                [
                    0.0,
                    0.0,
                    0.0,
                    1.0
                ]
            ]
        },
        {
            "file_path": "/data/shapenet_blender/all_50_random/02958343/85f6145747a203becc08ff8f1f541268/r_7",
            "rotation": 0.12566370614359174,
            "transform_matrix": [
                [
                    -0.3425166606903076,
                    -0.33712539076805115,
                    -0.8769428730010986,
                    -3.535069704055786
                ],
                [
                    -0.9395117163658142,
                    0.12290540337562561,
                    0.3197060227394104,
                    1.288776159286499
                ],
                [
                    -7.4505792646561986e-09,
                    0.9334028363227844,
                    -0.35883036255836487,
                    -1.4464913606643677
                ],
                [
                    0.0,
                    0.0,
                    0.0,
                    1.0
                ]
            ]
        },
        {
            "file_path": "/data/shapenet_blender/all_50_random/02958343/85f6145747a203becc08ff8f1f541268/r_8",
            "rotation": 0.12566370614359174,
            "transform_matrix": [
                [
                    -0.7738568782806396,
                    0.1930450201034546,
                    0.603223979473114,
                    2.431673526763916
                ],
                [
                    0.6333605051040649,
                    0.23586760461330414,
                    0.7370352745056152,
                    2.9710841178894043
                ],
                [
                    -1.4901159417490817e-08,
                    0.9524180293083191,
                    -0.30479487776756287,
                    -1.2286674976348877
                ],
                [
                    0.0,
                    0.0,
                    0.0,
                    1.0
                ]
            ]
        },
        {
            "file_path": "/data/shapenet_blender/all_50_random/02958343/85f6145747a203becc08ff8f1f541268/r_9",
            "rotation": 0.12566370614359174,
            "transform_matrix": [
                [
                    0.6840198040008545,
                    -0.6910377144813538,
                    0.23363164067268372,
                    0.9417992830276489
                ],
                [
                    0.7294633388519287,
                    0.647987961769104,
                    -0.21907703578472137,
                    -0.8831278085708618
                ],
                [
                    0.0,
                    0.3202788531780243,
                    0.9473232626914978,
                    3.818782329559326
                ],
                [
                    0.0,
                    0.0,
                    0.0,
                    1.0
                ]
            ]
        },
        {
            "file_path": "/data/shapenet_blender/all_50_random/02958343/85f6145747a203becc08ff8f1f541268/r_10",
            "rotation": 0.12566370614359174,
            "transform_matrix": [
                [
                    -0.9804657101631165,
                    -0.16721321642398834,
                    -0.10356978327035904,
                    -0.4175031781196594
                ],
                [
                    -0.19668999314308167,
                    0.833528995513916,
                    0.5162774324417114,
                    2.081181049346924
                ],
                [
                    7.4505797087454084e-09,
                    0.5265634655952454,
                    -0.8501357436180115,
                    -3.427006959915161
                ],
                [
                    0.0,
                    0.0,
                    0.0,
                    1.0
                ]
            ]
        },
        {
            "file_path": "/data/shapenet_blender/all_50_random/02958343/85f6145747a203becc08ff8f1f541268/r_11",
            "rotation": 0.12566370614359174,
            "transform_matrix": [
                [
                    -0.3455106019973755,
                    -0.29801586270332336,
                    -0.8898364901542664,
                    -3.587045669555664
                ],
                [
                    -0.9384148716926575,
                    0.10972506552934647,
                    0.32762473821640015,
                    1.320697546005249
                ],
                [
                    0.0,
                    0.9482336640357971,
                    -0.3175736367702484,
                    -1.2801803350448608
                ],
                [
                    0.0,
                    0.0,
                    0.0,
                    1.0
                ]
            ]
        },
        {
            "file_path": "/data/shapenet_blender/all_50_random/02958343/85f6145747a203becc08ff8f1f541268/r_12",
            "rotation": 0.12566370614359174,
            "transform_matrix": [
                [
                    0.45488083362579346,
                    -0.3645799160003662,
                    0.812505304813385,
                    3.2753138542175293
                ],
                [
                    0.8905524015426636,
                    0.18622195720672607,
                    -0.4150155484676361,
                    -1.6729812622070312
                ],
                [
                    1.4901162970204496e-08,
                    0.9123610258102417,
                    0.4093863368034363,
                    1.6502891778945923
                ],
                [
                    0.0,
                    0.0,
                    0.0,
                    1.0
                ]
            ]
        },
        {
            "file_path": "/data/shapenet_blender/all_50_random/02958343/85f6145747a203becc08ff8f1f541268/r_13",
            "rotation": 0.12566370614359174,
            "transform_matrix": [
                [
                    0.9916157126426697,
                    0.10819179564714432,
                    0.07065928727388382,
                    0.28483670949935913
                ],
                [
                    0.12922149896621704,
                    -0.8302385807037354,
                    -0.5422228574752808,
                    -2.185770273208618
                ],
                [
                    3.725290298461914e-09,
                    0.5468072891235352,
                    -0.8372583389282227,
                    -3.375096321105957
                ],
                [
                    0.0,
                    0.0,
                    0.0,
                    1.0
                ]
            ]
        },
        {
            "file_path": "/data/shapenet_blender/all_50_random/02958343/85f6145747a203becc08ff8f1f541268/r_14",
            "rotation": 0.12566370614359174,
            "transform_matrix": [
                [
                    0.8325985670089722,
                    0.05812576040625572,
                    -0.5508183836936951,
                    -2.2204201221466064
                ],
                [
                    -0.5538768172264099,
                    0.08737578988075256,
                    -0.828001081943512,
                    -3.3377792835235596
                ],
                [
                    0.0,
                    0.9944782257080078,
                    0.10494346171617508,
                    0.4230406582355499
                ],
                [
                    0.0,
                    0.0,
                    0.0,
                    1.0
                ]
            ]
        },
        {
            "file_path": "/data/shapenet_blender/all_50_random/02958343/85f6145747a203becc08ff8f1f541268/r_15",
            "rotation": 0.12566370614359174,
            "transform_matrix": [
                [
                    -0.7830371856689453,
                    -0.42851147055625916,
                    0.45081114768981934,
                    1.8172779083251953
                ],
                [
                    0.6219749450683594,
                    -0.5394757390022278,
                    0.567550003528595,
                    2.287867307662964
                ],
                [
                    0.0,
                    0.7248059511184692,
                    0.6889530420303345,
                    2.7772586345672607
                ],
                [
                    0.0,
                    0.0,
                    0.0,
                    1.0
                ]
            ]
        },
        {
            "file_path": "/data/shapenet_blender/all_50_random/02958343/85f6145747a203becc08ff8f1f541268/r_16",
            "rotation": 0.12566370614359174,
            "transform_matrix": [
                [
                    -0.10336818546056747,
                    0.013431517407298088,
                    0.9945523738861084,
                    4.009169101715088
                ],
                [
                    0.9946432113647461,
                    0.0013958688359707594,
                    0.10335873812437057,
                    0.4166524410247803
                ],
                [
                    1.1641532182693481e-10,
                    0.9999088644981384,
                    -0.013503854162991047,
                    -0.05443578213453293
                ],
                [
                    0.0,
                    0.0,
                    0.0,
                    1.0
                ]
            ]
        },
        {
            "file_path": "/data/shapenet_blender/all_50_random/02958343/85f6145747a203becc08ff8f1f541268/r_17",
            "rotation": 0.12566370614359174,
            "transform_matrix": [
                [
                    -0.03769269958138466,
                    -0.088095523416996,
                    -0.9953987002372742,
                    -4.012579917907715
                ],
                [
                    -0.9992893934249878,
                    0.003322919365018606,
                    0.03754594549536705,
                    0.15135252475738525
                ],
                [
                    -2.3283061589829401e-10,
                    0.9961064457893372,
                    -0.08815817534923553,
                    -0.3553769290447235
                ],
                [
                    0.0,
                    0.0,
                    0.0,
                    1.0
                ]
            ]
        },
        {
            "file_path": "/data/shapenet_blender/all_50_random/02958343/85f6145747a203becc08ff8f1f541268/r_18",
            "rotation": 0.12566370614359174,
            "transform_matrix": [
                [
                    0.43026214838027954,
                    -0.017097381874918938,
                    -0.9025420546531677,
                    -3.638263463973999
                ],
                [
                    -0.9027040004730225,
                    -0.008149245753884315,
                    -0.4301849603652954,
                    -1.734131097793579
                ],
                [
                    -4.656612873077393e-10,
                    0.9998205900192261,
                    -0.018940186128020287,
                    -0.07635033130645752
                ],
                [
                    0.0,
                    0.0,
                    0.0,
                    1.0
                ]
            ]
        },
        {
            "file_path": "/data/shapenet_blender/all_50_random/02958343/85f6145747a203becc08ff8f1f541268/r_19",
            "rotation": 0.12566370614359174,
            "transform_matrix": [
                [
                    -0.6536799669265747,
                    0.4733903408050537,
                    -0.5904269814491272,
                    -2.3800876140594482
                ],
                [
                    -0.7567712068557739,
                    -0.40890273451805115,
                    0.5099959969520569,
                    2.0558598041534424
                ],
                [
                    -1.4901162970204496e-08,
                    0.7801922559738159,
                    0.6255396008491516,
                    2.5216310024261475
                ],
                [
                    0.0,
                    0.0,
                    0.0,
                    1.0
                ]
            ]
        },
        {
            "file_path": "/data/shapenet_blender/all_50_random/02958343/85f6145747a203becc08ff8f1f541268/r_20",
            "rotation": 0.12566370614359174,
            "transform_matrix": [
                [
                    0.7171809077262878,
                    0.13392658531665802,
                    -0.683897078037262,
                    -2.7568771839141846
                ],
                [
                    -0.6968871355056763,
                    0.13782662153244019,
                    -0.7038126587867737,
                    -2.8371596336364746
                ],
                [
                    -7.450580596923828e-09,
                    0.9813600182533264,
                    0.19217833876609802,
                    0.774695634841919
                ],
                [
                    0.0,
                    0.0,
                    0.0,
                    1.0
                ]
            ]
        },
        {
            "file_path": "/data/shapenet_blender/all_50_random/02958343/85f6145747a203becc08ff8f1f541268/r_21",
            "rotation": 0.12566370614359174,
            "transform_matrix": [
                [
                    0.9924463033676147,
                    0.01059823576360941,
                    0.12222184240818024,
                    0.4926919937133789
                ],
                [
                    0.12268050760030746,
                    -0.08573636412620544,
                    -0.9887359142303467,
                    -3.985722064971924
                ],
                [
                    0.0,
                    0.9962615370750427,
                    -0.08638891577720642,
                    -0.348244845867157
                ],
                [
                    0.0,
                    0.0,
                    0.0,
                    1.0
                ]
            ]
        },
        {
            "file_path": "/data/shapenet_blender/all_50_random/02958343/85f6145747a203becc08ff8f1f541268/r_22",
            "rotation": 0.12566370614359174,
            "transform_matrix": [
                [
                    -0.3819282054901123,
                    -0.5245378017425537,
                    -0.7609145045280457,
                    -3.0673446655273438
                ],
                [
                    -0.9241920709609985,
                    0.21676857769489288,
                    0.31445273756980896,
                    1.2675997018814087
                ],
                [
                    0.0,
                    0.823329508304596,
                    -0.5675635933876038,
                    -2.2879223823547363
                ],
                [
                    0.0,
                    0.0,
                    0.0,
                    1.0
                ]
            ]
        },
        {
            "file_path": "/data/shapenet_blender/all_50_random/02958343/85f6145747a203becc08ff8f1f541268/r_23",
            "rotation": 0.12566370614359174,
            "transform_matrix": [
                [
                    0.8032473921775818,
                    0.13700345158576965,
                    0.5796753764152527,
                    2.3367462158203125
                ],
                [
                    0.5956454873085022,
                    -0.1847536712884903,
                    -0.781711220741272,
                    -3.1511788368225098
                ],
                [
                    7.4505797087454084e-09,
                    0.9731886386871338,
                    -0.23000839352607727,
                    -0.9271935224533081
                ],
                [
                    0.0,
                    0.0,
                    0.0,
                    1.0
                ]
            ]
        },
        {
            "file_path": "/data/shapenet_blender/all_50_random/02958343/85f6145747a203becc08ff8f1f541268/r_24",
            "rotation": 0.12566370614359174,
            "transform_matrix": [
                [
                    0.18275302648544312,
                    0.20992828905582428,
                    -0.9604849219322205,
                    -3.8718388080596924
                ],
                [
                    -0.9831588268280029,
                    0.03902221471071243,
                    -0.17853832244873047,
                    -0.7197110652923584
                ],
                [
                    0.0,
                    0.9769375920295715,
                    0.21352431178092957,
                    0.8607441186904907
                ],
                [
                    0.0,
                    0.0,
                    0.0,
                    1.0
                ]
            ]
        },
        {
            "file_path": "/data/shapenet_blender/all_50_random/02958343/85f6145747a203becc08ff8f1f541268/r_25",
            "rotation": 0.12566370614359174,
            "transform_matrix": [
                [
                    0.9018306136131287,
                    -0.07704155147075653,
                    0.4251661002635956,
                    1.7138993740081787
                ],
                [
                    0.43208983540534973,
                    0.16079625487327576,
                    -0.8873798251152039,
                    -3.5771424770355225
                ],
                [
                    0.0,
                    0.9839761257171631,
                    0.17829985916614532,
                    0.7187497019767761
                ],
                [
                    0.0,
                    0.0,
                    0.0,
                    1.0
                ]
            ]
        },
        {
            "file_path": "/data/shapenet_blender/all_50_random/02958343/85f6145747a203becc08ff8f1f541268/r_26",
            "rotation": 0.12566370614359174,
            "transform_matrix": [
                [
                    -0.4404338598251343,
                    -0.8025857210159302,
                    -0.40233588218688965,
                    -1.6218678951263428
                ],
                [
                    -0.8977850675582886,
                    0.39373111724853516,
                    0.19737723469734192,
                    0.7956531643867493
                ],
                [
                    0.0,
                    0.44814276695251465,
                    -0.8939619064331055,
                    -3.6036758422851562
                ],
                [
                    0.0,
                    0.0,
                    0.0,
                    1.0
                ]
            ]
        },
        {
            "file_path": "/data/shapenet_blender/all_50_random/02958343/85f6145747a203becc08ff8f1f541268/r_27",
            "rotation": 0.12566370614359174,
            "transform_matrix": [
                [
                    0.9915239810943604,
                    0.03654550015926361,
                    0.12467848509550095,
                    0.502595067024231
                ],
                [
                    0.1299242228269577,
                    -0.27889904379844666,
                    -0.9514908790588379,
                    -3.835582733154297
                ],
                [
                    0.0,
                    0.9596247673034668,
                    -0.2812831997871399,
                    -1.1338889598846436
                ],
                [
                    0.0,
                    0.0,
                    0.0,
                    1.0
                ]
            ]
        },
        {
            "file_path": "/data/shapenet_blender/all_50_random/02958343/85f6145747a203becc08ff8f1f541268/r_28",
            "rotation": 0.12566370614359174,
            "transform_matrix": [
                [
                    0.9413511753082275,
                    0.3244589865207672,
                    -0.09265205264091492,
                    -0.37349236011505127
                ],
                [
                    -0.33742856979370117,
                    0.9051688313484192,
                    -0.25847873091697693,
                    -1.0419610738754272
                ],
                [
                    0.0,
                    0.2745826244354248,
                    0.9615634679794312,
                    3.8761863708496094
                ],
                [
                    0.0,
                    0.0,
                    0.0,
                    1.0
                ]
            ]
        },
        {
            "file_path": "/data/shapenet_blender/all_50_random/02958343/85f6145747a203becc08ff8f1f541268/r_29",
            "rotation": 0.12566370614359174,
            "transform_matrix": [
                [
                    0.057522766292095184,
                    0.7183037996292114,
                    0.6933475732803345,
                    2.794973373413086
                ],
                [
                    0.9983441829681396,
                    -0.04138735309243202,
                    -0.03994942083954811,
                    -0.161041259765625
                ],
                [
                    1.8626449271863521e-09,
                    0.6944974660873413,
                    -0.7194951772689819,
                    -2.9003777503967285
                ],
                [
                    0.0,
                    0.0,
                    0.0,
                    1.0
                ]
            ]
        },
        {
            "file_path": "/data/shapenet_blender/all_50_random/02958343/85f6145747a203becc08ff8f1f541268/r_30",
            "rotation": 0.12566370614359174,
            "transform_matrix": [
                [
                    0.329709529876709,
                    0.5864248275756836,
                    -0.7398631572723389,
                    -2.9824838638305664
                ],
                [
                    -0.9440824389457703,
                    0.20480188727378845,
                    -0.2583884000778198,
                    -1.0415970087051392
                ],
                [
                    0.0,
                    0.7836849093437195,
                    0.6211585402488708,
                    2.503970146179199
                ],
                [
                    0.0,
                    0.0,
                    0.0,
                    1.0
                ]
            ]
        },
        {
            "file_path": "/data/shapenet_blender/all_50_random/02958343/85f6145747a203becc08ff8f1f541268/r_31",
            "rotation": 0.12566370614359174,
            "transform_matrix": [
                [
                    0.4401107132434845,
                    -0.782513439655304,
                    -0.44042596220970154,
                    -1.7754138708114624
                ],
                [
                    -0.8979434967041016,
                    -0.3835347890853882,
                    -0.2158668041229248,
                    -0.8701869249343872
                ],
                [
                    0.0,
                    0.490482896566391,
                    -0.8714507818222046,
                    -3.512930393218994
                ],
                [
                    0.0,
                    0.0,
                    0.0,
                    1.0
                ]
            ]
        },
        {
            "file_path": "/data/shapenet_blender/all_50_random/02958343/85f6145747a203becc08ff8f1f541268/r_32",
            "rotation": 0.12566370614359174,
            "transform_matrix": [
                [
                    0.8672658205032349,
                    -0.000805484305601567,
                    -0.4978446662425995,
                    -2.006875991821289
                ],
                [
                    -0.497845321893692,
                    -0.0014031849568709731,
                    -0.8672646880149841,
                    -3.496055841445923
                ],
                [
                    -5.820766091346741e-11,
                    0.9999986290931702,
                    -0.0016179410740733147,
                    -0.006522129289805889
                ],
                [
                    0.0,
                    0.0,
                    0.0,
                    1.0
                ]
            ]
        },
        {
            "file_path": "/data/shapenet_blender/all_50_random/02958343/85f6145747a203becc08ff8f1f541268/r_33",
            "rotation": 0.12566370614359174,
            "transform_matrix": [
                [
                    0.6965829133987427,
                    -0.3120468556880951,
                    -0.6460641622543335,
                    -2.604368209838867
                ],
                [
                    -0.7174762487411499,
                    -0.3029598593711853,
                    -0.6272503733634949,
                    -2.52852725982666
                ],
                [
                    0.0,
                    0.9004676342010498,
                    -0.43492287397384644,
                    -1.753230333328247
                ],
                [
                    0.0,
                    0.0,
                    0.0,
                    1.0
                ]
            ]
        },
        {
            "file_path": "/data/shapenet_blender/all_50_random/02958343/85f6145747a203becc08ff8f1f541268/r_34",
            "rotation": 0.12566370614359174,
            "transform_matrix": [
                [
                    -0.1671731173992157,
                    0.45217689871788025,
                    0.8761215806007385,
                    3.531759262084961
                ],
                [
                    0.9859275221824646,
                    0.07667077332735062,
                    0.1485545039176941,
                    0.598842442035675
                ],
                [
                    0.0,
                    0.888626754283905,
                    -0.4586309492588043,
                    -1.8488006591796875
                ],
                [
                    0.0,
                    0.0,
                    0.0,
                    1.0
                ]
            ]
        },
        {
            "file_path": "/data/shapenet_blender/all_50_random/02958343/85f6145747a203becc08ff8f1f541268/r_35",
            "rotation": 0.12566370614359174,
            "transform_matrix": [
                [
                    0.9731979370117188,
                    -0.11293391138315201,
                    -0.20032943785190582,
                    -0.807553768157959
                ],
                [
                    -0.22996947169303894,
                    -0.47792014479637146,
                    -0.8477655053138733,
                    -3.417452096939087
                ],
                [
                    0.0,
                    0.8711131811141968,
                    -0.49108222126960754,
                    -1.9796158075332642
                ],
                [
                    0.0,
                    0.0,
                    0.0,
                    1.0
                ]
            ]
        },
        {
            "file_path": "/data/shapenet_blender/all_50_random/02958343/85f6145747a203becc08ff8f1f541268/r_36",
            "rotation": 0.12566370614359174,
            "transform_matrix": [
                [
                    -0.9927524924278259,
                    0.020762376487255096,
                    -0.11837006360292435,
                    -0.47716498374938965
                ],
                [
                    -0.12017716467380524,
                    -0.171512633562088,
                    0.9778245687484741,
                    3.941736936569214
                ],
                [
                    0.0,
                    0.984963059425354,
                    0.17276474833488464,
                    0.6964370012283325
                ],
                [
                    0.0,
                    0.0,
                    0.0,
                    1.0
                ]
            ]
        },
        {
            "file_path": "/data/shapenet_blender/all_50_random/02958343/85f6145747a203becc08ff8f1f541268/r_37",
            "rotation": 0.12566370614359174,
            "transform_matrix": [
                [
                    -0.2508833110332489,
                    -0.11090987175703049,
                    -0.9616426229476929,
                    -3.8765053749084473
                ],
                [
                    -0.9680172801017761,
                    0.0287447702139616,
                    0.24923117458820343,
                    1.004683017730713
                ],
                [
                    -1.8626450382086546e-09,
                    0.9934146404266357,
                    -0.11457426846027374,
                    -0.46186363697052
                ],
                [
                    0.0,
                    0.0,
                    0.0,
                    1.0
                ]
            ]
        },
        {
            "file_path": "/data/shapenet_blender/all_50_random/02958343/85f6145747a203becc08ff8f1f541268/r_38",
            "rotation": 0.12566370614359174,
            "transform_matrix": [
                [
                    0.9112830758094788,
                    0.022724758833646774,
                    -0.411153107881546,
                    -1.6574113368988037
                ],
                [
                    -0.4117807149887085,
                    0.05029056966304779,
                    -0.9098941683769226,
                    -3.667901039123535
                ],
                [
                    -1.862645371275562e-09,
                    0.9984760284423828,
                    0.05518655851483345,
                    0.22246414422988892
                ],
                [
                    0.0,
                    0.0,
                    0.0,
                    1.0
                ]
            ]
        },
        {
            "file_path": "/data/shapenet_blender/all_50_random/02958343/85f6145747a203becc08ff8f1f541268/r_39",
            "rotation": 0.12566370614359174,
            "transform_matrix": [
                [
                    0.8238316774368286,
                    -0.08324414491653442,
                    0.5606887340545654,
                    2.2602086067199707
                ],
                [
                    0.5668346285820007,
                    0.12098618596792221,
                    -0.8148992657661438,
                    -3.284964084625244
                ],
                [
                    0.0,
                    0.989157497882843,
                    0.14685791730880737,
                    0.5920032262802124
                ],
                [
                    0.0,
                    0.0,
                    0.0,
                    1.0
                ]
            ]
        },
        {
            "file_path": "/data/shapenet_blender/all_50_random/02958343/85f6145747a203becc08ff8f1f541268/r_40",
            "rotation": 0.12566370614359174,
            "transform_matrix": [
                [
                    -0.47054925560951233,
                    -0.7949542999267578,
                    -0.382924348115921,
                    -1.5436174869537354
                ],
                [
                    -0.8823737502098083,
                    0.42393049597740173,
                    0.20420458912849426,
                    0.8231750726699829
                ],
                [
                    0.0,
                    0.43397068977355957,
                    -0.9009268879890442,
                    -3.6317527294158936
                ],
                [
                    0.0,
                    0.0,
                    0.0,
                    1.0
                ]
            ]
        },
        {
            "file_path": "/data/shapenet_blender/all_50_random/02958343/85f6145747a203becc08ff8f1f541268/r_41",
            "rotation": 0.12566370614359174,
            "transform_matrix": [
                [
                    -0.25569120049476624,
                    0.7427428364753723,
                    0.6188336610794067,
                    2.494598150253296
                ],
                [
                    0.9667584300041199,
                    0.1964428573846817,
                    0.16367100179195404,
                    0.659778892993927
                ],
                [
