{
    "class": "02958343",
    "model": "7ee2193b072afa652935bed12a852dcf",
    "remove_doubles": true,
    "edge_split": true,
    "denoise": true,
    "camera_angle_x": 0.6911112070083618,
    "scale_factor": 2.241780466816678,
    "hdri_file": "/data/IndoorHDRDataset2018/AG8A9113-5dab59de72.exr",
    "center_offset": [
        0.0,
        0.0,
        -4.656612873077393e-10
    ],
    "lights": [],
    "frames": [
        {
            "file_path": "/data/shapenet_blender/all_50_random/02958343/7ee2193b072afa652935bed12a852dcf/r_0",
            "rotation": 0.12566370614359174,
            "transform_matrix": [
                [
                    0.7134714722633362,
                    0.281307190656662,
                    -0.6417356729507446,
                    -2.5869193077087402
                ],
                [
                    -0.7006842494010925,
                    0.2864409387111664,
                    -0.6534470915794373,
                    -2.634129524230957
                ],
                [
                    0.0,
                    0.915869951248169,
                    0.4014749825000763,
                    1.6183974742889404
                ],
                [
                    0.0,
                    0.0,
                    0.0,
                    1.0
                ]
            ]
        },
        {
            "file_path": "/data/shapenet_blender/all_50_random/02958343/7ee2193b072afa652935bed12a852dcf/r_1",
            "rotation": 0.12566370614359174,
            "transform_matrix": [
                [
                    0.3953801095485687,
                    0.6390470862388611,
                    0.659767746925354,
                    2.659608840942383
                ],
                [
                    0.9185175895690918,
                    -0.27508074045181274,
                    -0.28400006890296936,
                    -1.1448408365249634
                ],
                [
                    -2.9802320611338473e-08,
                    0.7182962894439697,
                    -0.695737361907959,
                    -2.8046069145202637
                ],
                [
                    0.0,
                    0.0,
                    0.0,
                    1.0
                ]
            ]
        },
        {
            "file_path": "/data/shapenet_blender/all_50_random/02958343/7ee2193b072afa652935bed12a852dcf/r_2",
            "rotation": 0.12566370614359174,
            "transform_matrix": [
                [
                    0.2450934797525406,
                    0.24965021014213562,
                    -0.9368051886558533,
                    -3.7763824462890625
                ],
                [
                    -0.9694994688034058,
                    0.06311260163784027,
                    -0.23682822287082672,
                    -0.9546850919723511
                ],
                [
                    0.0,
                    0.9662770628929138,
                    0.25750425457954407,
                    1.03803288936615
                ],
                [
                    0.0,
                    0.0,
                    0.0,
                    1.0
                ]
            ]
        },
        {
            "file_path": "/data/shapenet_blender/all_50_random/02958343/7ee2193b072afa652935bed12a852dcf/r_3",
            "rotation": 0.12566370614359174,
            "transform_matrix": [
                [
                    0.17735350131988525,
                    0.15407134592533112,
                    0.9720122814178467,
                    3.918306350708008
                ],
                [
                    0.9841471314430237,
                    -0.027765249833464622,
                    -0.17516666650772095,
                    -0.7061193585395813
                ],
                [
                    0.0,
                    0.9876695871353149,
                    -0.15655314922332764,
                    -0.6310858726501465
                ],
                [
                    0.0,
                    0.0,
                    0.0,
                    1.0
                ]
            ]
        },
        {
            "file_path": "/data/shapenet_blender/all_50_random/02958343/7ee2193b072afa652935bed12a852dcf/r_4",
            "rotation": 0.12566370614359174,
            "transform_matrix": [
                [
                    -0.7468251585960388,
                    0.11344453692436218,
                    -0.6552727818489075,
                    -2.641489028930664
                ],
                [
                    -0.6650202870368958,
                    -0.12739945948123932,
                    0.735878586769104,
                    2.966421365737915
                ],
                [
                    0.0,
                    0.9853423833847046,
                    0.17058806121349335,
                    0.6876624822616577
                ],
                [
                    0.0,
                    0.0,
                    0.0,
                    1.0
                ]
            ]
        },
        {
            "file_path": "/data/shapenet_blender/all_50_random/02958343/7ee2193b072afa652935bed12a852dcf/r_5",
            "rotation": 0.12566370614359174,
            "transform_matrix": [
                [
                    -0.22529295086860657,
                    0.08983244746923447,
                    -0.9701407551765442,
                    -3.9107627868652344
                ],
                [
                    -0.9742910861968994,
                    -0.02077265828847885,
                    0.2243332415819168,
                    0.9043163061141968
                ],
                [
                    1.862645149230957e-09,
                    0.9957402348518372,
                    0.09220287203788757,
                    0.37168169021606445
                ],
                [
                    0.0,
                    0.0,
                    0.0,
                    1.0
                ]
            ]
        },
        {
            "file_path": "/data/shapenet_blender/all_50_random/02958343/7ee2193b072afa652935bed12a852dcf/r_6",
            "rotation": 0.12566370614359174,
            "transform_matrix": [
                [
                    0.8334296345710754,
                    -0.4684099853038788,
                    -0.293235719203949,
                    -1.1820709705352783
                ],
                [
                    -0.5526256561279297,
                    -0.7064216732978821,
                    -0.44223669171333313,
                    -1.7827131748199463
                ],
                [
                    0.0,
                    0.5306226015090942,
                    -0.8476081490516663,
                    -3.4168176651000977
                ],
                [
                    0.0,
                    0.0,
                    0.0,
                    1.0
                ]
            ]
        },
        {
            "file_path": "/data/shapenet_blender/all_50_random/02958343/7ee2193b072afa652935bed12a852dcf/r_7",
            "rotation": 0.12566370614359174,
            "transform_matrix": [
                [
                    -0.9999998807907104,
                    -0.0001594492350704968,
                    0.0004560770757962018,
                    0.0018385052680969238
                ],
                [
                    0.00048314628656953573,
                    -0.3300226628780365,
                    0.9439729452133179,
                    3.8052761554718018
                ],
                [
                    0.0,
                    0.9439729452133179,
                    0.3300227224826813,
                    1.3303639888763428
                ],
                [
                    0.0,
                    0.0,
                    0.0,
                    1.0
                ]
            ]
        },
        {
            "file_path": "/data/shapenet_blender/all_50_random/02958343/7ee2193b072afa652935bed12a852dcf/r_8",
            "rotation": 0.12566370614359174,
            "transform_matrix": [
                [
                    -0.9526436924934387,
                    -0.24692991375923157,
                    0.17746968567371368,
                    0.7154032588005066
                ],
                [
                    0.3040885627269745,
                    -0.7735779881477356,
                    0.5559740662574768,
                    2.2412033081054688
                ],
                [
                    1.4901158529312397e-08,
                    0.5836117267608643,
                    0.8120327591896057,
                    3.273408889770508
                ],
                [
                    0.0,
                    0.0,
                    0.0,
                    1.0
                ]
            ]
        },
        {
            "file_path": "/data/shapenet_blender/all_50_random/02958343/7ee2193b072afa652935bed12a852dcf/r_9",
            "rotation": 0.12566370614359174,
            "transform_matrix": [
                [
                    -0.12141110002994537,
                    -0.9551113843917847,
                    -0.27022480964660645,
                    -1.089311122894287
                ],
                [
                    -0.9926022887229919,
                    0.11682536453008652,
                    0.03305280581116676,
                    0.13324013352394104
                ],
                [
                    0.0,
                    0.2722387909889221,
                    -0.9622296690940857,
                    -3.8788721561431885
                ],
                [
                    0.0,
                    0.0,
                    0.0,
                    1.0
                ]
            ]
        },
        {
            "file_path": "/data/shapenet_blender/all_50_random/02958343/7ee2193b072afa652935bed12a852dcf/r_10",
            "rotation": 0.12566370614359174,
            "transform_matrix": [
                [
                    -0.5263413190841675,
                    -0.198787122964859,
                    0.8267093896865845,
                    3.3325724601745605
                ],
                [
                    0.8502734899520874,
                    -0.1230543777346611,
                    0.5117545127868652,
                    2.062948703765869
                ],
                [
                    0.0,
                    0.9722866415977478,
                    0.23379197716712952,
                    0.9424456357955933
                ],
                [
                    0.0,
                    0.0,
                    0.0,
                    1.0
                ]
            ]
        },
        {
            "file_path": "/data/shapenet_blender/all_50_random/02958343/7ee2193b072afa652935bed12a852dcf/r_11",
            "rotation": 0.12566370614359174,
            "transform_matrix": [
                [
                    -0.8813204765319824,
                    -0.06204407289624214,
                    -0.46842798590660095,
                    -1.8882936239242554
                ],
                [
                    -0.47251906991004944,
                    0.1157217025756836,
                    0.8736900091171265,
                    3.5219571590423584
                ],
                [
                    -3.725290298461914e-09,
                    0.9913420677185059,
                    -0.13130490481853485,
                    -0.5293070077896118
                ],
                [
                    0.0,
                    0.0,
                    0.0,
                    1.0
                ]
            ]
        },
        {
            "file_path": "/data/shapenet_blender/all_50_random/02958343/7ee2193b072afa652935bed12a852dcf/r_12",
            "rotation": 0.12566370614359174,
            "transform_matrix": [
                [
                    -0.7139396667480469,
                    0.6468191742897034,
                    -0.26816970109939575,
                    -1.0810267925262451
                ],
                [
                    -0.7002072334289551,
                    -0.6595045924186707,
                    0.2734290361404419,
                    1.102227807044983
                ],
                [
                    -1.4901161193847656e-08,
                    0.3829863667488098,
                    0.9237540364265442,
                    3.723771810531616
                ],
                [
                    0.0,
                    0.0,
                    0.0,
                    1.0
                ]
            ]
        },
        {
            "file_path": "/data/shapenet_blender/all_50_random/02958343/7ee2193b072afa652935bed12a852dcf/r_13",
            "rotation": 0.12566370614359174,
            "transform_matrix": [
                [
                    0.9294227361679077,
                    -0.0062644993886351585,
                    -0.3689638376235962,
                    -1.4873408079147339
                ],
                [
                    -0.3690170347690582,
                    -0.01577804610133171,
                    -0.9292886853218079,
                    -3.7460825443267822
                ],
                [
                    0.0,
                    0.9998558759689331,
                    -0.01697617955505848,
                    -0.06843316555023193
                ],
                [
                    0.0,
                    0.0,
                    0.0,
                    1.0
                ]
            ]
        },
        {
            "file_path": "/data/shapenet_blender/all_50_random/02958343/7ee2193b072afa652935bed12a852dcf/r_14",
            "rotation": 0.12566370614359174,
            "transform_matrix": [
                [
                    -0.904955267906189,
                    -0.06954821199178696,
                    -0.4197845757007599,
                    -1.6922059059143066
                ],
                [
                    -0.4255068898200989,
                    0.14791305363178253,
                    0.8927852511405945,
                    3.5989327430725098
                ],
                [
                    0.0,
                    0.9865519404411316,
                    -0.16344790160655975,
                    -0.6588796377182007
                ],
                [
                    0.0,
                    0.0,
                    0.0,
                    1.0
                ]
            ]
        },
        {
            "file_path": "/data/shapenet_blender/all_50_random/02958343/7ee2193b072afa652935bed12a852dcf/r_15",
            "rotation": 0.12566370614359174,
            "transform_matrix": [
                [
                    -0.8138619065284729,
                    -0.31158414483070374,
                    0.49045300483703613,
                    1.9770793914794922
                ],
                [
                    0.5810584425926208,
                    -0.43642163276672363,
                    0.6869550347328186,
                    2.769204616546631
                ],
                [
                    0.0,
                    0.8440683484077454,
                    0.5362354516983032,
                    2.1616344451904297
                ],
                [
                    0.0,
                    0.0,
                    0.0,
                    1.0
                ]
            ]
        },
        {
            "file_path": "/data/shapenet_blender/all_50_random/02958343/7ee2193b072afa652935bed12a852dcf/r_16",
            "rotation": 0.12566370614359174,
            "transform_matrix": [
                [
                    -0.9750345349311829,
                    -0.05033774673938751,
                    -0.2162722647190094,
                    -0.8718212842941284
                ],
                [
                    -0.22205309569835663,
                    0.22103290259838104,
                    0.9496509432792664,
                    3.828165054321289
                ],
                [
                    -3.725290076417309e-09,
                    0.9739664196968079,
                    -0.22669237852096558,
                    -0.9138261079788208
                ],
                [
                    0.0,
                    0.0,
                    0.0,
                    1.0
                ]
            ]
        },
        {
            "file_path": "/data/shapenet_blender/all_50_random/02958343/7ee2193b072afa652935bed12a852dcf/r_17",
            "rotation": 0.12566370614359174,
            "transform_matrix": [
                [
                    0.9652873277664185,
                    0.007797192316502333,
                    -0.2610740661621094,
                    -1.0524232387542725
                ],
                [
                    -0.2611904740333557,
                    0.02881625108420849,
                    -0.9648570418357849,
                    -3.889463186264038
                ],
                [
                    0.0,
                    0.9995542168617249,
                    0.02985251508653164,
                    0.12033933401107788
                ],
                [
                    0.0,
                    0.0,
                    0.0,
                    1.0
                ]
            ]
        },
        {
            "file_path": "/data/shapenet_blender/all_50_random/02958343/7ee2193b072afa652935bed12a852dcf/r_18",
            "rotation": 0.12566370614359174,
            "transform_matrix": [
                [
                    -0.2526880204677582,
                    -0.08445634692907333,
                    0.9638546705245972,
                    3.885422468185425
                ],
                [
                    0.9675477743148804,
                    -0.022056905552744865,
                    0.2517235577106476,
                    1.0147300958633423
                ],
                [
                    -1.8626450382086546e-09,
                    0.9961830377578735,
                    0.08728905767202377,
                    0.3518734574317932
                ],
                [
                    0.0,
                    0.0,
                    0.0,
                    1.0
                ]
            ]
        },
        {
            "file_path": "/data/shapenet_blender/all_50_random/02958343/7ee2193b072afa652935bed12a852dcf/r_19",
            "rotation": 0.12566370614359174,
            "transform_matrix": [
                [
                    -0.9082757830619812,
                    0.12413182109594345,
                    0.3995325267314911,
                    1.6105672121047974
                ],
                [
                    0.4183717966079712,
                    0.2694873809814453,
                    0.8673762083053589,
                    3.4965054988861084
                ],
                [
                    7.450580152834618e-09,
                    0.9549700021743774,
                    -0.29670214653015137,
                    -1.196044683456421
                ],
                [
                    0.0,
                    0.0,
                    0.0,
                    1.0
                ]
            ]
        },
        {
            "file_path": "/data/shapenet_blender/all_50_random/02958343/7ee2193b072afa652935bed12a852dcf/r_20",
            "rotation": 0.12566370614359174,
            "transform_matrix": [
                [
                    0.2985658347606659,
                    -0.48913997411727905,
                    0.8195123672485352,
                    3.3035600185394287
                ],
                [
                    0.9543890953063965,
                    0.15301986038684845,
                    -0.25637173652648926,
                    -1.0334675312042236
                ],
                [
                    0.0,
                    0.8586774468421936,
                    0.5125163197517395,
                    2.066019296646118
                ],
                [
                    0.0,
                    0.0,
                    0.0,
                    1.0
                ]
            ]
        },
        {
            "file_path": "/data/shapenet_blender/all_50_random/02958343/7ee2193b072afa652935bed12a852dcf/r_21",
            "rotation": 0.12566370614359174,
            "transform_matrix": [
                [
                    0.19880181550979614,
                    -0.7497422695159912,
                    -0.631161093711853,
                    -2.5442919731140137
                ],
                [
                    -0.9800397157669067,
                    -0.1520857959985733,
                    -0.12803150713443756,
                    -0.5161115527153015
                ],
                [
                    0.0,
                    0.6440157890319824,
                    -0.7650120854377747,
                    -3.083862543106079
                ],
                [
                    0.0,
                    0.0,
                    0.0,
                    1.0
                ]
            ]
        },
        {
            "file_path": "/data/shapenet_blender/all_50_random/02958343/7ee2193b072afa652935bed12a852dcf/r_22",
            "rotation": 0.12566370614359174,
            "transform_matrix": [
                [
                    -0.5450135469436646,
                    0.6346435546875,
                    -0.5478938817977905,
                    -2.2086305618286133
                ],
                [
                    -0.8384271860122681,
                    -0.41254547238349915,
                    0.3561544716358185,
                    1.4357044696807861
                ],
                [
                    0.0,
                    0.6534780859947205,
                    0.7569454908370972,
                    3.051344394683838
                ],
                [
                    0.0,
                    0.0,
                    0.0,
                    1.0
                ]
            ]
        },
        {
            "file_path": "/data/shapenet_blender/all_50_random/02958343/7ee2193b072afa652935bed12a852dcf/r_23",
            "rotation": 0.12566370614359174,
            "transform_matrix": [
                [
                    -0.7736052870750427,
                    0.12226695567369461,
                    -0.6217600107192993,
                    -2.506394863128662
                ],
                [
                    -0.6336676478385925,
                    -0.14926809072494507,
                    0.7590680122375488,
                    3.059900999069214
                ],
                [
                    0.0,
                    0.9812083840370178,
                    0.19295120239257812,
                    0.7778111696243286
                ],
                [
                    0.0,
                    0.0,
                    0.0,
                    1.0
                ]
            ]
        },
        {
            "file_path": "/data/shapenet_blender/all_50_random/02958343/7ee2193b072afa652935bed12a852dcf/r_24",
            "rotation": 0.12566370614359174,
            "transform_matrix": [
                [
                    0.9844304323196411,
                    -0.08028044551610947,
                    -0.1563703417778015,
                    -0.6303490400314331
                ],
                [
                    -0.17577438056468964,
                    -0.44961339235305786,
                    -0.8757574558258057,
                    -3.5302913188934326
                ],
                [
                    0.0,
                    0.8896083235740662,
                    -0.4567243456840515,
                    -1.8411147594451904
                ],
                [
                    0.0,
                    0.0,
                    0.0,
                    1.0
                ]
            ]
        },
        {
            "file_path": "/data/shapenet_blender/all_50_random/02958343/7ee2193b072afa652935bed12a852dcf/r_25",
            "rotation": 0.12566370614359174,
            "transform_matrix": [
                [
                    0.2468077838420868,
                    -0.7200577855110168,
                    0.6485388875007629,
                    2.6143441200256348
                ],
                [
                    0.9690644145011902,
                    0.1833890974521637,
                    -0.165174201130867,
                    -0.6658385396003723
                ],
                [
                    7.450580152834618e-09,
                    0.6692422032356262,
                    0.7430441975593567,
                    2.995307207107544
                ],
                [
                    0.0,
                    0.0,
                    0.0,
                    1.0
                ]
            ]
        },
        {
            "file_path": "/data/shapenet_blender/all_50_random/02958343/7ee2193b072afa652935bed12a852dcf/r_26",
            "rotation": 0.12566370614359174,
            "transform_matrix": [
                [
                    -0.9245494604110718,
                    -0.16498391330242157,
                    0.3434946537017822,
                    1.3846713304519653
                ],
                [
                    0.38106203079223633,
                    -0.40029123425483704,
                    0.8334017992019653,
                    3.3595502376556396
                ],
                [
                    0.0,
                    0.9014139771461487,
                    0.43295812606811523,
                    1.7453101873397827
                ],
                [
                    0.0,
                    0.0,
                    0.0,
                    1.0
                ]
            ]
        },
        {
            "file_path": "/data/shapenet_blender/all_50_random/02958343/7ee2193b072afa652935bed12a852dcf/r_27",
            "rotation": 0.12566370614359174,
            "transform_matrix": [
                [
                    0.629363477230072,
                    0.15871009230613708,
                    -0.7607316970825195,
                    -3.0666074752807617
                ],
                [
                    -0.7771111130714417,
                    0.1285354644060135,
                    -0.6160982251167297,
                    -2.4835712909698486
                ],
                [
                    0.0,
                    0.9789227843284607,
                    0.2042308896780014,
                    0.8232810497283936
                ],
                [
                    0.0,
                    0.0,
                    0.0,
                    1.0
                ]
            ]
        },
        {
            "file_path": "/data/shapenet_blender/all_50_random/02958343/7ee2193b072afa652935bed12a852dcf/r_28",
            "rotation": 0.12566370614359174,
            "transform_matrix": [
                [
                    0.13192759454250336,
                    0.44385746121406555,
                    0.886332631111145,
                    3.5729212760925293
                ],
                [
                    0.9912593364715576,
                    -0.05907338485121727,
                    -0.1179627999663353,
                    -0.47552329301834106
                ],
                [
                    0.0,
                    0.8941482305526733,
                    -0.44777122139930725,
                    -1.8050236701965332
                ],
                [
                    0.0,
                    0.0,
                    0.0,
                    1.0
                ]
            ]
        },
        {
            "file_path": "/data/shapenet_blender/all_50_random/02958343/7ee2193b072afa652935bed12a852dcf/r_29",
            "rotation": 0.12566370614359174,
            "transform_matrix": [
                [
                    -0.999993085861206,
                    0.0005610749358311296,
                    -0.003664858639240265,
                    -0.014773517847061157
                ],
                [
                    -0.0037075590807944536,
                    -0.15133164823055267,
                    0.988476037979126,
                    3.9846744537353516
                ],
                [
                    0.0,
                    0.9884828925132751,
                    0.15133269131183624,
                    0.610041618347168
                ],
                [
                    0.0,
                    0.0,
                    0.0,
                    1.0
                ]
            ]
        },
        {
            "file_path": "/data/shapenet_blender/all_50_random/02958343/7ee2193b072afa652935bed12a852dcf/r_30",
            "rotation": 0.12566370614359174,
            "transform_matrix": [
                [
                    0.48263025283813477,
                    0.007342705503106117,
                    0.8757933974266052,
                    3.5304360389709473
                ],
                [
                    0.8758242726325989,
                    -0.004046258982270956,
                    -0.4826132655143738,
                    -1.9454762935638428
                ],
                [
                    0.0,
                    0.9999648332595825,
                    -0.008383765816688538,
                    -0.0337960422039032
                ],
                [
                    0.0,
                    0.0,
                    0.0,
                    1.0
                ]
            ]
        },
        {
            "file_path": "/data/shapenet_blender/all_50_random/02958343/7ee2193b072afa652935bed12a852dcf/r_31",
            "rotation": 0.12566370614359174,
            "transform_matrix": [
                [
                    -0.9793685078620911,
                    0.06597776710987091,
                    -0.19100859761238098,
                    -0.7699803709983826
                ],
                [
                    -0.202082559466362,
                    -0.3197532296180725,
                    0.9256999492645264,
                    3.7316160202026367
                ],
                [
                    0.0,
                    0.9452007412910461,
                    0.3264892101287842,
                    1.3161202669143677
                ],
                [
                    0.0,
                    0.0,
                    0.0,
                    1.0
                ]
            ]
        },
        {
            "file_path": "/data/shapenet_blender/all_50_random/02958343/7ee2193b072afa652935bed12a852dcf/r_32",
            "rotation": 0.12566370614359174,
            "transform_matrix": [
                [
                    -0.20291300117969513,
                    -0.38873177766799927,
                    0.8987289667129517,
                    3.622892379760742
                ],
                [
                    0.9791967272758484,
                    -0.0805545374751091,
                    0.18623816967010498,
                    0.7507500648498535
                ],
                [
                    7.450580152834618e-09,
                    0.9178225994110107,
                    0.3969905376434326,
                    1.6003201007843018
                ],
                [
                    0.0,
                    0.0,
                    0.0,
                    1.0
                ]
            ]
        },
        {
            "file_path": "/data/shapenet_blender/all_50_random/02958343/7ee2193b072afa652935bed12a852dcf/r_33",
            "rotation": 0.12566370614359174,
            "transform_matrix": [
                [
                    -0.6756463050842285,
                    0.5855252146720886,
                    -0.4479532241821289,
                    -1.8057571649551392
                ],
                [
                    -0.7372257709503174,
                    -0.5366171002388,
                    0.4105363190174103,
                    1.6549248695373535
                ],
                [
                    0.0,
                    0.6076199412345886,
                    0.7942277789115906,
                    3.201634645462036
                ],
                [
                    0.0,
                    0.0,
                    0.0,
                    1.0
                ]
            ]
        },
        {
            "file_path": "/data/shapenet_blender/all_50_random/02958343/7ee2193b072afa652935bed12a852dcf/r_34",
            "rotation": 0.12566370614359174,
            "transform_matrix": [
                [
                    -0.20006494224071503,
                    0.001088887918740511,
                    0.979781985282898,
                    3.9496278762817383
                ],
                [
                    0.9797826409339905,
                    0.00022234348580241203,
                    0.2000647932291031,
                    0.8064870834350586
                ],
                [
                    1.4551915228366852e-11,
                    0.9999994039535522,
                    -0.0011113565415143967,
                    -0.004480022005736828
                ],
                [
                    0.0,
                    0.0,
                    0.0,
                    1.0
                ]
            ]
        },
        {
            "file_path": "/data/shapenet_blender/all_50_random/02958343/7ee2193b072afa652935bed12a852dcf/r_35",
            "rotation": 0.12566370614359174,
            "transform_matrix": [
                [
                    -0.9251802563667297,
                    0.25698989629745483,
                    -0.27928096055984497,
                    -1.1258175373077393
                ],
                [
                    -0.379528284072876,
                    -0.6264671087265015,
                    0.6808062791824341,
                    2.744417905807495
                ],
                [
                    0.0,
                    0.735863447189331,
                    0.677129864692688,
                    2.729597806930542
                ],
                [
                    0.0,
                    0.0,
                    0.0,
                    1.0
                ]
            ]
        },
        {
            "file_path": "/data/shapenet_blender/all_50_random/02958343/7ee2193b072afa652935bed12a852dcf/r_36",
            "rotation": 0.12566370614359174,
            "transform_matrix": [
                [
                    -0.19206276535987854,
                    -0.10425715893507004,
                    -0.975829005241394,
                    -3.933692693710327
                ],
                [
                    -0.9813826680183411,
                    0.020403780043125153,
                    0.1909758746623993,
                    0.7698484063148499
                ],
                [
                    -1.862645149230957e-09,
                    0.9943410158157349,
                    -0.10623496770858765,
                    -0.4282468855381012
                ],
                [
                    0.0,
                    0.0,
                    0.0,
                    1.0
                ]
            ]
        },
        {
            "file_path": "/data/shapenet_blender/all_50_random/02958343/7ee2193b072afa652935bed12a852dcf/r_37",
            "rotation": 0.12566370614359174,
            "transform_matrix": [
                [
                    0.8615183234214783,
                    0.37951698899269104,
                    0.33727291226387024,
                    1.359590768814087
                ],
                [
                    0.5077264904975891,
                    -0.6439703702926636,
                    -0.5722899436950684,
                    -2.3069748878479004
                ],
                [
                    0.0,
                    0.6642807722091675,
                    -0.7474830150604248,
                    -3.0132007598876953
                ],
                [
                    0.0,
                    0.0,
                    0.0,
                    1.0
                ]
            ]
        },
        {
            "file_path": "/data/shapenet_blender/all_50_random/02958343/7ee2193b072afa652935bed12a852dcf/r_38",
            "rotation": 0.12566370614359174,
            "transform_matrix": [
                [
                    0.6047647595405579,
                    -0.23919887840747833,
                    -0.7596337795257568,
                    -3.0621814727783203
                ],
                [
                    -0.7964041233062744,
                    -0.18164025247097015,
                    -0.5768424868583679,
                    -2.325326442718506
                ],
                [
                    0.0,
                    0.9538294672966003,
                    -0.3003486096858978,
                    -1.2107439041137695
                ],
                [
                    0.0,
                    0.0,
                    0.0,
                    1.0
                ]
            ]
        },
        {
            "file_path": "/data/shapenet_blender/all_50_random/02958343/7ee2193b072afa652935bed12a852dcf/r_39",
            "rotation": 0.12566370614359174,
            "transform_matrix": [
                [
                    0.21164223551750183,
                    0.7622742056846619,
                    -0.6116743683815002,
                    -2.465738296508789
                ],
                [
                    -0.9773473143577576,
                    0.16506865620613098,
                    -0.13245663046836853,
                    -0.5339497327804565
                ],
                [
                    -7.450581485102248e-09,
                    0.6258516311645508,
                    0.7799420356750488,
                    3.1440470218658447
                ],
                [
                    0.0,
                    0.0,
                    0.0,
                    1.0
                ]
            ]
        },
        {
            "file_path": "/data/shapenet_blender/all_50_random/02958343/7ee2193b072afa652935bed12a852dcf/r_40",
            "rotation": 0.12566370614359174,
            "transform_matrix": [
                [
                    0.9770218729972839,
                    -0.04947401210665703,
                    0.20731793344020844,
                    0.8357253074645996
                ],
                [
                    0.21313942968845367,
                    0.22678673267364502,
                    -0.9503363966941833,
                    -3.8309285640716553
                ],
                [
                    0.0,
                    0.9726869463920593,
                    0.23212046921253204,
                    0.9357075691223145
                ],
                [
                    0.0,
                    0.0,
                    0.0,
                    1.0
                ]
            ]
        },
        {
            "file_path": "/data/shapenet_blender/all_50_random/02958343/7ee2193b072afa652935bed12a852dcf/r_41",
            "rotation": 0.12566370614359174,
            "transform_matrix": [
                [
                    -0.23653998970985413,
                    -0.395788311958313,
                    0.8873558640480042,
                    3.5770459175109863
                ],
                [
                    0.9716217517852783,
                    -0.09635412693023682,
                    0.21602557599544525,
                    0.8708269596099854
                ],
                [
                    0.0,
                    0.9132729172706604,
                    0.4073481559753418,
