{
    "class": "02958343",
    "model": "7219c2a7e7e04850374462542bf2aa29",
    "remove_doubles": true,
    "edge_split": true,
    "denoise": true,
    "camera_angle_x": 0.6911112070083618,
    "scale_factor": 2.2808580059437222,
    "hdri_file": "/data/IndoorHDRDataset2018/AG8A0327-4c1ce87b15.exr",
    "center_offset": [
        0.0,
        0.0,
        1.862645149230957e-09
    ],
    "lights": [],
    "frames": [
        {
            "file_path": "/data/shapenet_blender/all_50_random/02958343/7219c2a7e7e04850374462542bf2aa29/r_0",
            "rotation": 0.12566370614359174,
            "transform_matrix": [
                [
                    0.4154799282550812,
                    -0.2001296877861023,
                    0.8873130679130554,
                    3.576873540878296
                ],
                [
                    0.9096023440361023,
                    0.09141342341899872,
                    -0.4052988290786743,
                    -1.6338119506835938
                ],
                [
                    0.0,
                    0.9754956364631653,
                    0.2200188785791397,
                    0.8869245052337646
                ],
                [
                    0.0,
                    0.0,
                    0.0,
                    1.0
                ]
            ]
        },
        {
            "file_path": "/data/shapenet_blender/all_50_random/02958343/7219c2a7e7e04850374462542bf2aa29/r_1",
            "rotation": 0.12566370614359174,
            "transform_matrix": [
                [
                    0.5186895728111267,
                    0.8448214530944824,
                    0.13129228353500366,
                    0.5292561054229736
                ],
                [
                    0.8549625277519226,
                    -0.5125371813774109,
                    -0.07965255528688431,
                    -0.3210897147655487
                ],
                [
                    -7.450580152834618e-09,
                    0.15356509387493134,
                    -0.9881384968757629,
                    -3.983313798904419
                ],
                [
                    0.0,
                    0.0,
                    0.0,
                    1.0
                ]
            ]
        },
        {
            "file_path": "/data/shapenet_blender/all_50_random/02958343/7219c2a7e7e04850374462542bf2aa29/r_2",
            "rotation": 0.12566370614359174,
            "transform_matrix": [
                [
                    0.6229884028434753,
                    -0.18061158061027527,
                    -0.7610945701599121,
                    -3.068070411682129
                ],
                [
                    -0.7822310924530029,
                    -0.14384357631206512,
                    -0.60615473985672,
                    -2.4434878826141357
                ],
                [
                    0.0,
                    0.9729791879653931,
                    -0.2308928668498993,
                    -0.9307588934898376
                ],
                [
                    0.0,
                    0.0,
                    0.0,
                    1.0
                ]
            ]
        },
        {
            "file_path": "/data/shapenet_blender/all_50_random/02958343/7219c2a7e7e04850374462542bf2aa29/r_3",
            "rotation": 0.12566370614359174,
            "transform_matrix": [
                [
                    -0.13717542588710785,
                    0.09966998547315598,
                    -0.985519528388977,
                    -3.9727561473846436
                ],
                [
                    -0.9905468225479126,
                    -0.013802751898765564,
                    0.1364792138338089,
                    0.5501652956008911
                ],
                [
                    0.0,
                    0.994924783706665,
                    0.10062117874622345,
                    0.4056169390678406
                ],
                [
                    0.0,
                    0.0,
                    0.0,
                    1.0
                ]
            ]
        },
        {
            "file_path": "/data/shapenet_blender/all_50_random/02958343/7219c2a7e7e04850374462542bf2aa29/r_4",
            "rotation": 0.12566370614359174,
            "transform_matrix": [
                [
                    -0.8084105253219604,
                    -0.08564065396785736,
                    -0.5823555588722229,
                    -2.347550392150879
                ],
                [
                    -0.5886189937591553,
                    0.11761905997991562,
                    0.7998083829879761,
                    3.224130630493164
                ],
                [
                    0.0,
                    0.9893590807914734,
                    -0.14549420773983002,
                    -0.5865058898925781
                ],
                [
                    0.0,
                    0.0,
                    0.0,
                    1.0
                ]
            ]
        },
        {
            "file_path": "/data/shapenet_blender/all_50_random/02958343/7219c2a7e7e04850374462542bf2aa29/r_5",
            "rotation": 0.12566370614359174,
            "transform_matrix": [
                [
                    -0.9913186430931091,
                    -0.07382314652204514,
                    0.10880032181739807,
                    0.43858811259269714
                ],
                [
                    0.13148143887519836,
                    -0.5565976500511169,
                    0.8203119039535522,
                    3.3067829608917236
                ],
                [
                    -3.725290298461914e-09,
                    0.8274956345558167,
                    0.5614720582962036,
                    2.263366222381592
                ],
                [
                    0.0,
                    0.0,
                    0.0,
                    1.0
                ]
            ]
        },
        {
            "file_path": "/data/shapenet_blender/all_50_random/02958343/7219c2a7e7e04850374462542bf2aa29/r_6",
            "rotation": 0.12566370614359174,
            "transform_matrix": [
                [
                    -0.7338653206825256,
                    0.18310365080833435,
                    -0.654151976108551,
                    -2.6369709968566895
                ],
                [
                    -0.6792950630187988,
                    -0.197813019156456,
                    0.7067023515701294,
                    2.8488082885742188
                ],
                [
                    0.0,
                    0.9629865884780884,
                    0.2695494592189789,
                    1.0865886211395264
                ],
                [
                    0.0,
                    0.0,
                    0.0,
                    1.0
                ]
            ]
        },
        {
            "file_path": "/data/shapenet_blender/all_50_random/02958343/7219c2a7e7e04850374462542bf2aa29/r_7",
            "rotation": 0.12566370614359174,
            "transform_matrix": [
                [
                    0.9732618927955627,
                    -0.07362905144691467,
                    0.21757768094539642,
                    0.8770837783813477
                ],
                [
                    0.2296982705593109,
                    0.31197598576545715,
                    -0.9219053387641907,
                    -3.7163197994232178
                ],
                [
                    0.0,
                    0.9472326636314392,
                    0.3205467760562897,
                    1.2921655178070068
                ],
                [
                    0.0,
                    0.0,
                    0.0,
                    1.0
                ]
            ]
        },
        {
            "file_path": "/data/shapenet_blender/all_50_random/02958343/7219c2a7e7e04850374462542bf2aa29/r_8",
            "rotation": 0.12566370614359174,
            "transform_matrix": [
                [
                    0.12005657702684402,
                    0.32365936040878296,
                    -0.9385259747505188,
                    -3.7833192348480225
                ],
                [
                    -0.9927670955657959,
                    0.03914053738117218,
                    -0.11349713802337646,
                    -0.45752158761024475
                ],
                [
                    0.0,
                    0.9453637003898621,
                    0.32601743936538696,
                    1.314218282699585
                ],
                [
                    0.0,
                    0.0,
                    0.0,
                    1.0
                ]
            ]
        },
        {
            "file_path": "/data/shapenet_blender/all_50_random/02958343/7219c2a7e7e04850374462542bf2aa29/r_9",
            "rotation": 0.12566370614359174,
            "transform_matrix": [
                [
                    -0.19529379904270172,
                    0.9214041233062744,
                    0.33596861362457275,
                    1.3543329238891602
                ],
                [
                    0.9807447791099548,
                    0.18347741663455963,
                    0.06690078228712082,
                    0.2696857154369354
                ],
                [
                    3.725290076417309e-09,
                    0.34256479144096375,
                    -0.9394941329956055,
                    -3.787222146987915
                ],
                [
                    0.0,
                    0.0,
                    0.0,
                    1.0
                ]
            ]
        },
        {
            "file_path": "/data/shapenet_blender/all_50_random/02958343/7219c2a7e7e04850374462542bf2aa29/r_10",
            "rotation": 0.12566370614359174,
            "transform_matrix": [
                [
                    0.16871005296707153,
                    0.17047560214996338,
                    0.9708114862442017,
                    3.913466215133667
                ],
                [
                    0.9856657385826111,
                    -0.02917921170592308,
                    -0.16616755723953247,
                    -0.6698428392410278
                ],
                [
                    0.0,
                    0.9849298000335693,
                    -0.17295478284358978,
                    -0.6972030401229858
                ],
                [
                    0.0,
                    0.0,
                    0.0,
                    1.0
                ]
            ]
        },
        {
            "file_path": "/data/shapenet_blender/all_50_random/02958343/7219c2a7e7e04850374462542bf2aa29/r_11",
            "rotation": 0.12566370614359174,
            "transform_matrix": [
                [
                    0.9687727689743042,
                    0.07758356630802155,
                    0.2355000376701355,
                    0.9493310451507568
                ],
                [
                    0.24795058369636536,
                    -0.30312833189964294,
                    -0.9201269745826721,
                    -3.709150552749634
                ],
                [
                    0.0,
                    0.9497862458229065,
                    -0.3128993809223175,
                    -1.2613377571105957
                ],
                [
                    0.0,
                    0.0,
                    0.0,
                    1.0
                ]
            ]
        },
        {
            "file_path": "/data/shapenet_blender/all_50_random/02958343/7219c2a7e7e04850374462542bf2aa29/r_12",
            "rotation": 0.12566370614359174,
            "transform_matrix": [
                [
                    0.8493208289146423,
                    -0.4056038558483124,
                    0.33784568309783936,
                    1.361899495124817
                ],
                [
                    0.5278770923614502,
                    0.6525909304618835,
                    -0.5435723066329956,
                    -2.1912100315093994
                ],
                [
                    -1.4901161193847656e-08,
                    0.6400081515312195,
                    0.7683680653572083,
                    3.097390651702881
                ],
                [
                    0.0,
                    0.0,
                    0.0,
                    1.0
                ]
            ]
        },
        {
            "file_path": "/data/shapenet_blender/all_50_random/02958343/7219c2a7e7e04850374462542bf2aa29/r_13",
            "rotation": 0.12566370614359174,
            "transform_matrix": [
                [
                    -0.6715341210365295,
                    0.5768634080886841,
                    0.4650488793849945,
                    1.8746720552444458
                ],
                [
                    0.7409736514091492,
                    0.5228033065795898,
                    0.4214673340320587,
                    1.6989891529083252
                ],
                [
                    -1.4901162970204496e-08,
                    0.6276185512542725,
                    -0.7785208821296692,
                    -3.1383180618286133
                ],
                [
                    0.0,
                    0.0,
                    0.0,
                    1.0
                ]
            ]
        },
        {
            "file_path": "/data/shapenet_blender/all_50_random/02958343/7219c2a7e7e04850374462542bf2aa29/r_14",
            "rotation": 0.12566370614359174,
            "transform_matrix": [
                [
                    0.45579174160957336,
                    0.03357982635498047,
                    0.8894528150558472,
                    3.5854990482330322
                ],
                [
                    0.8900865316390991,
                    -0.017195412889122963,
                    -0.45546719431877136,
                    -1.8360469341278076
                ],
                [
                    -9.31322685637781e-10,
                    0.999288022518158,
                    -0.03772647678852081,
                    -0.15208029747009277
                ],
                [
                    0.0,
                    0.0,
                    0.0,
                    1.0
                ]
            ]
        },
        {
            "file_path": "/data/shapenet_blender/all_50_random/02958343/7219c2a7e7e04850374462542bf2aa29/r_15",
            "rotation": 0.12566370614359174,
            "transform_matrix": [
                [
                    -0.9782809019088745,
                    0.13332754373550415,
                    0.15871454775333405,
                    0.6397988200187683
                ],
                [
                    0.20728373527526855,
                    0.6292427182197571,
                    0.749057412147522,
                    3.0195469856262207
                ],
                [
                    7.450580596923828e-09,
                    0.7656875252723694,
                    -0.6432127356529236,
                    -2.5928735733032227
                ],
                [
                    0.0,
                    0.0,
                    0.0,
                    1.0
                ]
            ]
        },
        {
            "file_path": "/data/shapenet_blender/all_50_random/02958343/7219c2a7e7e04850374462542bf2aa29/r_16",
            "rotation": 0.12566370614359174,
            "transform_matrix": [
                [
                    0.17218047380447388,
                    -0.038921236991882324,
                    -0.9842962026596069,
                    -3.967824935913086
                ],
                [
                    -0.9850653409957886,
                    -0.006803078576922417,
                    -0.17204603552818298,
                    -0.6935397386550903
                ],
                [
                    4.656612040410124e-10,
                    0.9992191195487976,
                    -0.03951132297515869,
                    -0.15927523374557495
                ],
                [
                    0.0,
                    0.0,
                    0.0,
                    1.0
                ]
            ]
        },
        {
            "file_path": "/data/shapenet_blender/all_50_random/02958343/7219c2a7e7e04850374462542bf2aa29/r_17",
            "rotation": 0.12566370614359174,
            "transform_matrix": [
                [
                    0.439546674489975,
                    0.35614532232284546,
                    -0.8245964050292969,
                    -3.324054479598999
                ],
                [
                    -0.8982198238372803,
                    0.1742808222770691,
                    -0.40351882576942444,
                    -1.6266363859176636
                ],
                [
                    0.0,
                    0.9180341362953186,
                    0.3965013027191162,
                    1.5983479022979736
                ],
                [
                    0.0,
                    0.0,
                    0.0,
                    1.0
                ]
            ]
        },
        {
            "file_path": "/data/shapenet_blender/all_50_random/02958343/7219c2a7e7e04850374462542bf2aa29/r_18",
            "rotation": 0.12566370614359174,
            "transform_matrix": [
                [
                    -0.31823205947875977,
                    -0.05235447362065315,
                    -0.9465660452842712,
                    -3.815729856491089
                ],
                [
                    -0.9480128884315491,
                    0.017574520781636238,
                    0.3177463710308075,
                    1.280876636505127
                ],
                [
                    0.0,
                    0.9984739422798157,
                    -0.05522548779845238,
                    -0.22262106835842133
                ],
                [
                    0.0,
                    0.0,
                    0.0,
                    1.0
                ]
            ]
        },
        {
            "file_path": "/data/shapenet_blender/all_50_random/02958343/7219c2a7e7e04850374462542bf2aa29/r_19",
            "rotation": 0.12566370614359174,
            "transform_matrix": [
                [
                    0.6087462902069092,
                    0.13010448217391968,
                    0.7826242446899414,
                    3.1548595428466797
                ],
                [
                    0.793364942073822,
                    -0.09982873499393463,
                    -0.6005049347877502,
                    -2.420712947845459
                ],
                [
                    0.0,
                    0.986461877822876,
                    -0.16399070620536804,
                    -0.6610677242279053
                ],
                [
                    0.0,
                    0.0,
                    0.0,
                    1.0
                ]
            ]
        },
        {
            "file_path": "/data/shapenet_blender/all_50_random/02958343/7219c2a7e7e04850374462542bf2aa29/r_20",
            "rotation": 0.12566370614359174,
            "transform_matrix": [
                [
                    -0.9333645701408386,
                    -0.2284313142299652,
                    0.2768568694591522,
                    1.1160457134246826
                ],
                [
                    0.35892975330352783,
                    -0.5940150618553162,
                    0.7199413180351257,
                    2.9021763801574707
                ],
                [
                    1.4901161193847656e-08,
                    0.7713398933410645,
                    0.6364233493804932,
                    2.565504550933838
                ],
                [
                    0.0,
                    0.0,
                    0.0,
                    1.0
                ]
            ]
        },
        {
            "file_path": "/data/shapenet_blender/all_50_random/02958343/7219c2a7e7e04850374462542bf2aa29/r_21",
            "rotation": 0.12566370614359174,
            "transform_matrix": [
                [
                    0.13015413284301758,
                    -0.2886199653148651,
                    -0.9485560059547424,
                    -3.823751449584961
                ],
                [
                    -0.991493821144104,
                    -0.03788735717535019,
                    -0.12451764941215515,
                    -0.5019466876983643
                ],
                [
                    -3.725290298461914e-09,
                    0.9566938281059265,
                    -0.29109612107276917,
                    -1.1734459400177002
                ],
                [
                    0.0,
                    0.0,
                    0.0,
                    1.0
                ]
            ]
        },
        {
            "file_path": "/data/shapenet_blender/all_50_random/02958343/7219c2a7e7e04850374462542bf2aa29/r_22",
            "rotation": 0.12566370614359174,
            "transform_matrix": [
                [
                    0.9964441657066345,
                    -0.038422223180532455,
                    -0.07498600333929062,
                    -0.3022782504558563
                ],
                [
                    -0.08425656706094742,
                    -0.45439305901527405,
                    -0.8868076205253601,
                    -3.574835777282715
                ],
                [
                    0.0,
                    0.8899722099304199,
                    -0.45601463317871094,
                    -1.8382537364959717
                ],
                [
                    0.0,
                    0.0,
                    0.0,
                    1.0
                ]
            ]
        },
        {
            "file_path": "/data/shapenet_blender/all_50_random/02958343/7219c2a7e7e04850374462542bf2aa29/r_23",
            "rotation": 0.12566370614359174,
            "transform_matrix": [
                [
                    -0.9427781105041504,
                    0.03639141842722893,
                    -0.3314289450645447,
                    -1.3360328674316406
                ],
                [
                    -0.33342090249061584,
                    -0.10290007293224335,
                    0.9371457099914551,
                    3.7777552604675293
                ],
                [
                    0.0,
                    0.9940257668495178,
                    0.10914559662342072,
                    0.4399799704551697
                ],
                [
                    0.0,
                    0.0,
                    0.0,
                    1.0
                ]
            ]
        },
        {
            "file_path": "/data/shapenet_blender/all_50_random/02958343/7219c2a7e7e04850374462542bf2aa29/r_24",
            "rotation": 0.12566370614359174,
            "transform_matrix": [
                [
                    -0.8680488467216492,
                    0.20490440726280212,
                    -0.45222270488739014,
                    -1.8229681253433228
                ],
                [
                    -0.4964788258075714,
                    -0.3582570254802704,
                    0.7906709313392639,
                    3.1872966289520264
                ],
                [
                    0.0,
                    0.9108599424362183,
                    0.4127153158187866,
                    1.6637088060379028
                ],
                [
                    0.0,
                    0.0,
                    0.0,
                    1.0
                ]
            ]
        },
        {
            "file_path": "/data/shapenet_blender/all_50_random/02958343/7219c2a7e7e04850374462542bf2aa29/r_25",
            "rotation": 0.12566370614359174,
            "transform_matrix": [
                [
                    0.8490837812423706,
                    0.4206792116165161,
                    -0.3195085823535919,
                    -1.287980318069458
                ],
                [
                    -0.5282582640647888,
                    0.6761690378189087,
                    -0.5135547518730164,
                    -2.0702054500579834
                ],
                [
                    1.4901162970204496e-08,
                    0.6048340201377869,
                    0.7963514924049377,
                    3.210195541381836
                ],
                [
                    0.0,
                    0.0,
                    0.0,
                    1.0
                ]
            ]
        },
        {
            "file_path": "/data/shapenet_blender/all_50_random/02958343/7219c2a7e7e04850374462542bf2aa29/r_26",
            "rotation": 0.12566370614359174,
            "transform_matrix": [
                [
                    0.32547539472579956,
                    0.22684967517852783,
                    0.9179350733757019,
                    3.700314998626709
                ],
                [
                    0.9455505609512329,
                    -0.07808571308851242,
                    -0.31596964597702026,
                    -1.273714542388916
                ],
                [
                    0.0,
                    0.9707942605018616,
                    -0.23991282284259796,
                    -0.967119574546814
                ],
                [
                    0.0,
                    0.0,
                    0.0,
                    1.0
                ]
            ]
        },
        {
            "file_path": "/data/shapenet_blender/all_50_random/02958343/7219c2a7e7e04850374462542bf2aa29/r_27",
            "rotation": 0.12566370614359174,
            "transform_matrix": [
                [
                    0.9138197898864746,
                    -0.20939791202545166,
                    -0.3479739725589752,
                    -1.4027280807495117
                ],
                [
                    -0.4061199724674225,
                    -0.4711710512638092,
                    -0.78298419713974,
                    -3.156310558319092
                ],
                [
                    0.0,
                    0.8568257093429565,
                    -0.5156059861183167,
                    -2.078474521636963
                ],
                [
                    0.0,
                    0.0,
                    0.0,
                    1.0
                ]
            ]
        },
        {
            "file_path": "/data/shapenet_blender/all_50_random/02958343/7219c2a7e7e04850374462542bf2aa29/r_28",
            "rotation": 0.12566370614359174,
            "transform_matrix": [
                [
                    0.5516380071640015,
                    0.4686662256717682,
                    -0.6899619698524475,
                    -2.781325578689575
                ],
                [
                    -0.8340836763381958,
                    0.30996179580688477,
                    -0.456320196390152,
                    -1.8394855260849
                ],
                [
                    -1.4901161193847656e-08,
                    0.82720947265625,
                    0.5618935823440552,
                    2.2650654315948486
                ],
                [
                    0.0,
                    0.0,
                    0.0,
                    1.0
                ]
            ]
        },
        {
            "file_path": "/data/shapenet_blender/all_50_random/02958343/7219c2a7e7e04850374462542bf2aa29/r_29",
            "rotation": 0.12566370614359174,
            "transform_matrix": [
                [
                    -0.04708176106214523,
                    0.47536346316337585,
                    0.8785287737846375,
                    3.5414628982543945
                ],
                [
                    0.9988911151885986,
                    0.02240579016506672,
                    0.04140859469771385,
                    0.1669234037399292
                ],
                [
                    1.862645371275562e-09,
                    0.8795040249824524,
                    -0.47589126229286194,
                    -1.9183791875839233
                ],
                [
                    0.0,
                    0.0,
                    0.0,
                    1.0
                ]
            ]
        },
        {
            "file_path": "/data/shapenet_blender/all_50_random/02958343/7219c2a7e7e04850374462542bf2aa29/r_30",
            "rotation": 0.12566370614359174,
            "transform_matrix": [
                [
                    -0.20156171917915344,
                    -0.4264149069786072,
                    -0.8817840218544006,
                    -3.5545852184295654
                ],
                [
                    -0.9794758558273315,
                    0.0877499133348465,
                    0.18145816028118134,
                    0.7314813137054443
                ],
                [
                    7.450581485102248e-09,
                    0.9002611041069031,
                    -0.4353501498699188,
                    -1.7549526691436768
                ],
                [
                    0.0,
                    0.0,
                    0.0,
                    1.0
                ]
            ]
        },
        {
            "file_path": "/data/shapenet_blender/all_50_random/02958343/7219c2a7e7e04850374462542bf2aa29/r_31",
            "rotation": 0.12566370614359174,
            "transform_matrix": [
                [
                    -0.3544359505176544,
                    -0.025029871612787247,
                    0.9347452521324158,
                    3.768078565597534
                ],
                [
                    0.935080349445343,
                    -0.009487406350672245,
                    0.35430896282196045,
                    1.42826509475708
                ],
                [
                    0.0,
                    0.9996415972709656,
                    0.02676762081682682,
                    0.10790373384952545
                ],
                [
                    0.0,
                    0.0,
                    0.0,
                    1.0
                ]
            ]
        },
        {
            "file_path": "/data/shapenet_blender/all_50_random/02958343/7219c2a7e7e04850374462542bf2aa29/r_32",
            "rotation": 0.12566370614359174,
            "transform_matrix": [
                [
                    -0.17136578261852264,
                    0.8546780943870544,
                    0.4900599718093872,
                    1.9754949808120728
                ],
                [
                    0.9852075576782227,
                    0.14866164326667786,
                    0.08524040877819061,
                    0.3436150848865509
                ],
                [
                    -7.450582373280668e-09,
                    0.49741795659065247,
                    -0.8675109148025513,
                    -3.4970483779907227
                ],
                [
                    0.0,
                    0.0,
                    0.0,
                    1.0
                ]
            ]
        },
        {
            "file_path": "/data/shapenet_blender/all_50_random/02958343/7219c2a7e7e04850374462542bf2aa29/r_33",
            "rotation": 0.12566370614359174,
            "transform_matrix": [
                [
                    -0.23681509494781494,
                    0.7023561596870422,
                    0.6712781190872192,
                    2.7060089111328125
                ],
                [
                    0.9715547561645508,
                    0.17119832336902618,
                    0.16362309455871582,
                    0.6595858335494995
                ],
                [
                    0.0,
                    0.6909319758415222,
                    -0.722919762134552,
                    -2.9141829013824463
                ],
                [
                    0.0,
                    0.0,
                    0.0,
                    1.0
                ]
            ]
        },
        {
            "file_path": "/data/shapenet_blender/all_50_random/02958343/7219c2a7e7e04850374462542bf2aa29/r_34",
            "rotation": 0.12566370614359174,
            "transform_matrix": [
                [
                    0.16741108894348145,
                    -0.6212599277496338,
                    -0.7655126452445984,
                    -3.0858802795410156
                ],
                [
                    -0.9858871698379517,
                    -0.10549464076757431,
                    -0.1299898326396942,
                    -0.5240057706832886
                ],
                [
                    -7.450580596923828e-09,
                    0.7764708399772644,
                    -0.6301531791687012,
                    -2.5402286052703857
                ],
                [
                    0.0,
                    0.0,
                    0.0,
                    1.0
                ]
            ]
        },
        {
            "file_path": "/data/shapenet_blender/all_50_random/02958343/7219c2a7e7e04850374462542bf2aa29/r_35",
            "rotation": 0.12566370614359174,
            "transform_matrix": [
                [
                    0.2748132050037384,
                    -0.7401389479637146,
                    0.6137361526489258,
                    2.4740495681762695
                ],
                [
                    0.9614976644515991,
                    0.211544930934906,
                    -0.1754167526960373,
                    -0.707127571105957
                ],
                [
                    0.0,
                    0.6383126974105835,
                    0.7697771787643433,
                    3.1030709743499756
                ],
                [
                    0.0,
                    0.0,
                    0.0,
                    1.0
                ]
            ]
        },
        {
            "file_path": "/data/shapenet_blender/all_50_random/02958343/7219c2a7e7e04850374462542bf2aa29/r_36",
            "rotation": 0.12566370614359174,
            "transform_matrix": [
                [
                    -0.3743914067745209,
                    -0.5475519299507141,
                    -0.7483434677124023,
                    -3.0166690349578857
                ],
                [
                    -0.9272707104682922,
                    0.221077561378479,
                    0.30214840173721313,
                    1.2179992198944092
                ],
                [
                    0.0,
                    0.8070388436317444,
                    -0.5904983878135681,
                    -2.3803751468658447
                ],
                [
                    0.0,
                    0.0,
                    0.0,
                    1.0
                ]
            ]
        },
        {
            "file_path": "/data/shapenet_blender/all_50_random/02958343/7219c2a7e7e04850374462542bf2aa29/r_37",
            "rotation": 0.12566370614359174,
            "transform_matrix": [
                [
                    0.7070406675338745,
                    0.7029625177383423,
                    -0.077053964138031,
                    -0.3106144666671753
                ],
                [
                    -0.7071729302406311,
                    0.702830970287323,
                    -0.07703954726457596,
                    -0.3105563521385193
                ],
                [
                    0.0,
                    0.10896062105894089,
                    0.9940460324287415,
                    4.00712776184082
                ],
                [
                    0.0,
                    0.0,
                    0.0,
                    1.0
                ]
            ]
        },
        {
            "file_path": "/data/shapenet_blender/all_50_random/02958343/7219c2a7e7e04850374462542bf2aa29/r_38",
            "rotation": 0.12566370614359174,
            "transform_matrix": [
                [
                    0.7907213568687439,
                    -0.2736659646034241,
                    0.5476008057594299,
                    2.207449436187744
                ],
                [
                    0.6121761798858643,
                    0.3534823954105377,
                    -0.7073121070861816,
                    -2.851266384124756
                ],
                [
                    1.4901161193847656e-08,
                    0.8945149183273315,
                    0.4470379054546356,
                    1.8020673990249634
                ],
                [
                    0.0,
                    0.0,
                    0.0,
                    1.0
                ]
            ]
        },
        {
            "file_path": "/data/shapenet_blender/all_50_random/02958343/7219c2a7e7e04850374462542bf2aa29/r_39",
            "rotation": 0.12566370614359174,
            "transform_matrix": [
                [
                    -0.7842288017272949,
                    -0.10228362679481506,
                    0.6119829416275024,
                    2.466982126235962
                ],
                [
                    0.6204715967178345,
                    -0.12927870452404022,
                    0.7734997868537903,
                    3.118077278137207
                ],
                [
                    -7.450580152834618e-09,
                    0.9863189458847046,
                    0.164848193526268,
                    0.6645243167877197
                ],
                [
                    0.0,
                    0.0,
                    0.0,
                    1.0
                ]
            ]
        },
        {
            "file_path": "/data/shapenet_blender/all_50_random/02958343/7219c2a7e7e04850374462542bf2aa29/r_40",
            "rotation": 0.12566370614359174,
            "transform_matrix": [
                [
                    0.031396087259054184,
                    0.36189624667167664,
                    0.9316895604133606,
                    3.755760669708252
                ],
                [
                    0.9995070695877075,
                    -0.011367729865014553,
                    -0.029265832155942917,
                    -0.11797434091567993
                ],
                [
                    0.0,
                    0.9321489930152893,
                    -0.3620747923851013,
                    -1.4595701694488525
                ],
                [
                    0.0,
                    0.0,
                    0.0,
                    1.0
                ]
            ]
        },
        {
            "file_path": "/data/shapenet_blender/all_50_random/02958343/7219c2a7e7e04850374462542bf2aa29/r_41",
            "rotation": 0.12566370614359174,
            "transform_matrix": [
                [
                    -0.8190087080001831,
                    0.3269123435020447,
                    -0.4715433120727539,
                    -1.900851845741272
                ],
                [
                    -0.5737811326980591,
                    -0.4666309654712677,
                    0.6730755567550659,
                    2.713254451751709
                ],
                [
                    -1.4901161193847656e-08,
