{
    "class": "02958343",
    "model": "7bf415dbff028a3d4470fce578e2b84c",
    "remove_doubles": true,
    "edge_split": true,
    "denoise": true,
    "camera_angle_x": 0.6911112070083618,
    "scale_factor": 2.2962218009198456,
    "hdri_file": "/data/IndoorHDRDataset2018/9C4A4895-b235532a3a.exr",
    "center_offset": [
        0.0,
        0.0,
        -1.1641532182693481e-09
    ],
    "lights": [],
    "frames": [
        {
            "file_path": "/data/shapenet_blender/all_50_random/02958343/7bf415dbff028a3d4470fce578e2b84c/r_0",
            "rotation": 0.12566370614359174,
            "transform_matrix": [
                [
                    0.6572235226631165,
                    0.12471860647201538,
                    -0.7433050870895386,
                    -2.996358633041382
                ],
                [
                    -0.7536957263946533,
                    0.10875476896762848,
                    -0.6481629014015198,
                    -2.612828254699707
                ],
                [
                    0.0,
                    0.9862138628959656,
                    0.16547605395317078,
                    0.6670553088188171
                ],
                [
                    0.0,
                    0.0,
                    0.0,
                    1.0
                ]
            ]
        },
        {
            "file_path": "/data/shapenet_blender/all_50_random/02958343/7bf415dbff028a3d4470fce578e2b84c/r_1",
            "rotation": 0.12566370614359174,
            "transform_matrix": [
                [
                    0.02890278771519661,
                    -0.00868797954171896,
                    -0.9995443820953369,
                    -4.029292583465576
                ],
                [
                    -0.9995822310447693,
                    -0.00025121174985542893,
                    -0.02890169247984886,
                    -0.11650645732879639
                ],
                [
                    0.0,
                    0.9999622106552124,
                    -0.008691609837114811,
                    -0.035037003457546234
                ],
                [
                    0.0,
                    0.0,
                    0.0,
                    1.0
                ]
            ]
        },
        {
            "file_path": "/data/shapenet_blender/all_50_random/02958343/7bf415dbff028a3d4470fce578e2b84c/r_2",
            "rotation": 0.12566370614359174,
            "transform_matrix": [
                [
                    -0.3124597370624542,
                    0.4951488971710205,
                    -0.8106765747070312,
                    -3.26794171333313
                ],
                [
                    -0.9499310851097107,
                    -0.16286875307559967,
                    0.266654908657074,
                    1.0749202966690063
                ],
                [
                    0.0,
                    0.8534057140350342,
                    0.5212472081184387,
                    2.101214647293091
                ],
                [
                    0.0,
                    0.0,
                    0.0,
                    1.0
                ]
            ]
        },
        {
            "file_path": "/data/shapenet_blender/all_50_random/02958343/7bf415dbff028a3d4470fce578e2b84c/r_3",
            "rotation": 0.12566370614359174,
            "transform_matrix": [
                [
                    -0.9695854187011719,
                    -0.018568851053714752,
                    0.24404801428318024,
                    0.9837890267372131
                ],
                [
                    0.2447534203529358,
                    -0.07356010377407074,
                    0.9667909145355225,
                    3.897258758544922
                ],
                [
                    1.862645149230957e-09,
                    0.9971179366111755,
                    0.07586758583784103,
                    0.30583202838897705
                ],
                [
                    0.0,
                    0.0,
                    0.0,
                    1.0
                ]
            ]
        },
        {
            "file_path": "/data/shapenet_blender/all_50_random/02958343/7bf415dbff028a3d4470fce578e2b84c/r_4",
            "rotation": 0.12566370614359174,
            "transform_matrix": [
                [
                    0.9891185164451599,
                    -0.060553181916475296,
                    -0.13408148288726807,
                    -0.5404998064041138
                ],
                [
                    -0.14712081849575043,
                    -0.40710940957069397,
                    -0.9014528393745422,
                    -3.6338729858398438
                ],
                [
                    0.0,
                    0.911370038986206,
                    -0.41158801317214966,
                    -1.6591644287109375
                ],
                [
                    0.0,
                    0.0,
                    0.0,
                    1.0
                ]
            ]
        },
        {
            "file_path": "/data/shapenet_blender/all_50_random/02958343/7bf415dbff028a3d4470fce578e2b84c/r_5",
            "rotation": 0.12566370614359174,
            "transform_matrix": [
                [
                    -0.8050878047943115,
                    -0.008535729721188545,
                    0.5930941700935364,
                    2.390839099884033
                ],
                [
                    0.593155562877655,
                    -0.011585514061152935,
                    0.8050044775009155,
                    3.2450766563415527
                ],
                [
                    4.656612040410124e-10,
                    0.9998964667320251,
                    0.014390372671186924,
                    0.058009445667266846
                ],
                [
                    0.0,
                    0.0,
                    0.0,
                    1.0
                ]
            ]
        },
        {
            "file_path": "/data/shapenet_blender/all_50_random/02958343/7bf415dbff028a3d4470fce578e2b84c/r_6",
            "rotation": 0.12566370614359174,
            "transform_matrix": [
                [
                    -0.9960319995880127,
                    -0.07031179219484329,
                    0.05455828830599785,
                    0.21993151307106018
                ],
                [
                    0.08899638801813126,
                    -0.7869173288345337,
                    0.6106067895889282,
                    2.461434841156006
                ],
                [
                    3.725290742551124e-09,
                    0.6130394339561462,
                    0.7900522351264954,
                    3.184802770614624
                ],
                [
                    0.0,
                    0.0,
                    0.0,
                    1.0
                ]
            ]
        },
        {
            "file_path": "/data/shapenet_blender/all_50_random/02958343/7bf415dbff028a3d4470fce578e2b84c/r_7",
            "rotation": 0.12566370614359174,
            "transform_matrix": [
                [
                    0.7721883058547974,
                    0.6095789670944214,
                    0.17927244305610657,
                    0.7226701974868774
                ],
                [
                    0.6353936195373535,
                    -0.7408159971237183,
                    -0.21786823868751526,
                    -0.8782547116279602
                ],
                [
                    0.0,
                    0.28214389085769653,
                    -0.9593722820281982,
                    -3.8673524856567383
                ],
                [
                    0.0,
                    0.0,
                    0.0,
                    1.0
                ]
            ]
        },
        {
            "file_path": "/data/shapenet_blender/all_50_random/02958343/7bf415dbff028a3d4470fce578e2b84c/r_8",
            "rotation": 0.12566370614359174,
            "transform_matrix": [
                [
                    -0.6491762399673462,
                    -0.5373416543006897,
                    0.5383623838424683,
                    2.170208215713501
                ],
                [
                    0.7606379985809326,
                    -0.4586011469364166,
                    0.45947232842445374,
                    1.8521921634674072
                ],
                [
                    -1.4901161193847656e-08,
                    0.7077774405479431,
                    0.70643550157547,
                    2.8477325439453125
                ],
                [
                    0.0,
                    0.0,
                    0.0,
                    1.0
                ]
            ]
        },
        {
            "file_path": "/data/shapenet_blender/all_50_random/02958343/7bf415dbff028a3d4470fce578e2b84c/r_9",
            "rotation": 0.12566370614359174,
            "transform_matrix": [
                [
                    0.8002042174339294,
                    0.49580520391464233,
                    -0.33741721510887146,
                    -1.3601722717285156
                ],
                [
                    -0.5997275114059448,
                    0.6615427732467651,
                    -0.4502089321613312,
                    -1.8148502111434937
                ],
                [
                    -1.4901160305669237e-08,
                    0.5626175403594971,
                    0.8267173171043396,
                    3.332604169845581
                ],
                [
                    0.0,
                    0.0,
                    0.0,
                    1.0
                ]
            ]
        },
        {
            "file_path": "/data/shapenet_blender/all_50_random/02958343/7bf415dbff028a3d4470fce578e2b84c/r_10",
            "rotation": 0.12566370614359174,
            "transform_matrix": [
                [
                    0.6190693974494934,
                    -0.6191611886024475,
                    0.48310697078704834,
                    1.9474666118621826
                ],
                [
                    0.7853362560272217,
                    0.48807597160339355,
                    -0.38082635402679443,
                    -1.5351603031158447
                ],
                [
                    0.0,
                    0.6151593327522278,
                    0.7884026765823364,
                    3.1781530380249023
                ],
                [
                    0.0,
                    0.0,
                    0.0,
                    1.0
                ]
            ]
        },
        {
            "file_path": "/data/shapenet_blender/all_50_random/02958343/7bf415dbff028a3d4470fce578e2b84c/r_11",
            "rotation": 0.12566370614359174,
            "transform_matrix": [
                [
                    -0.6111001968383789,
                    -0.785722017288208,
                    0.09590347856283188,
                    0.3865993022918701
                ],
                [
                    0.7915531992912292,
                    -0.6065983772277832,
                    0.07404004782438278,
                    0.29846498370170593
                ],
                [
                    -3.725290076417309e-09,
                    0.12115832418203354,
                    0.9926332235336304,
                    4.001432418823242
                ],
                [
                    0.0,
                    0.0,
                    0.0,
                    1.0
                ]
            ]
        },
        {
            "file_path": "/data/shapenet_blender/all_50_random/02958343/7bf415dbff028a3d4470fce578e2b84c/r_12",
            "rotation": 0.12566370614359174,
            "transform_matrix": [
                [
                    0.31504058837890625,
                    -0.19097404181957245,
                    -0.9296656250953674,
                    -3.7476022243499756
                ],
                [
                    -0.9490782022476196,
                    -0.06339264661073685,
                    -0.3085967004299164,
                    -1.2439931631088257
                ],
                [
                    0.0,
                    0.9795458316802979,
                    -0.2012205719947815,
                    -0.8111461400985718
                ],
                [
                    0.0,
                    0.0,
                    0.0,
                    1.0
                ]
            ]
        },
        {
            "file_path": "/data/shapenet_blender/all_50_random/02958343/7bf415dbff028a3d4470fce578e2b84c/r_13",
            "rotation": 0.12566370614359174,
            "transform_matrix": [
                [
                    0.2866400182247162,
                    -0.36788246035575867,
                    -0.8845902681350708,
                    -3.5658974647521973
                ],
                [
                    -0.9580383896827698,
                    -0.11006849259138107,
                    -0.26466473937034607,
                    -1.0668976306915283
                ],
                [
                    -7.450581485102248e-09,
                    0.9233348965644836,
                    -0.38399556279182434,
                    -1.5479356050491333
                ],
                [
                    0.0,
                    0.0,
                    0.0,
                    1.0
                ]
            ]
        },
        {
            "file_path": "/data/shapenet_blender/all_50_random/02958343/7bf415dbff028a3d4470fce578e2b84c/r_14",
            "rotation": 0.12566370614359174,
            "transform_matrix": [
                [
                    0.0284724161028862,
                    -0.39189910888671875,
                    -0.9195674657821655,
                    -3.706895112991333
                ],
                [
                    -0.9995946288108826,
                    -0.011162839829921722,
                    -0.02619292587041855,
                    -0.10558706521987915
                ],
                [
                    0.0,
                    0.9199404716491699,
                    -0.39205801486968994,
                    -1.5804364681243896
                ],
                [
                    0.0,
                    0.0,
                    0.0,
                    1.0
                ]
            ]
        },
        {
            "file_path": "/data/shapenet_blender/all_50_random/02958343/7bf415dbff028a3d4470fce578e2b84c/r_15",
            "rotation": 0.12566370614359174,
            "transform_matrix": [
                [
                    -0.5466373562812805,
                    -0.010621132329106331,
                    0.8373020887374878,
                    3.375272750854492
                ],
                [
                    0.837369441986084,
                    -0.006933507043868303,
                    0.5465933680534363,
                    2.2033884525299072
                ],
                [
                    -9.313225746154785e-10,
                    0.999919593334198,
                    0.012683924287557602,
                    0.05113053321838379
                ],
                [
                    0.0,
                    0.0,
                    0.0,
                    1.0
                ]
            ]
        },
        {
            "file_path": "/data/shapenet_blender/all_50_random/02958343/7bf415dbff028a3d4470fce578e2b84c/r_16",
            "rotation": 0.12566370614359174,
            "transform_matrix": [
                [
                    -0.934788703918457,
                    0.09041464328765869,
                    -0.34350454807281494,
                    -1.3847112655639648
                ],
                [
                    -0.3552044630050659,
                    -0.23794347047805786,
                    0.903998076915741,
                    3.6441330909729004
                ],
                [
                    -7.450581485102248e-09,
                    0.9670615196228027,
                    0.2545424997806549,
                    1.0260937213897705
                ],
                [
                    0.0,
                    0.0,
                    0.0,
                    1.0
                ]
            ]
        },
        {
            "file_path": "/data/shapenet_blender/all_50_random/02958343/7bf415dbff028a3d4470fce578e2b84c/r_17",
            "rotation": 0.12566370614359174,
            "transform_matrix": [
                [
                    -0.12285380065441132,
                    0.7065061330795288,
                    0.6969619989395142,
                    2.8095436096191406
                ],
                [
                    0.9924247860908508,
                    0.0874594897031784,
                    0.08627800643444061,
                    0.34779778122901917
                ],
                [
                    0.0,
                    0.7022820115089417,
                    -0.711898922920227,
                    -2.8697564601898193
                ],
                [
                    0.0,
                    0.0,
                    0.0,
                    1.0
                ]
            ]
        },
        {
            "file_path": "/data/shapenet_blender/all_50_random/02958343/7bf415dbff028a3d4470fce578e2b84c/r_18",
            "rotation": 0.12566370614359174,
            "transform_matrix": [
                [
                    -0.8244150876998901,
                    0.13605926930904388,
                    0.5493885278701782,
                    2.214656114578247
                ],
                [
                    0.5659858584403992,
                    0.19818395376205444,
                    0.8002393841743469,
                    3.2258684635162354
                ],
                [
                    -7.450581485102248e-09,
                    0.9706754684448242,
                    -0.2403934746980667,
                    -0.9690571427345276
                ],
                [
                    0.0,
                    0.0,
                    0.0,
                    1.0
                ]
            ]
        },
        {
            "file_path": "/data/shapenet_blender/all_50_random/02958343/7bf415dbff028a3d4470fce578e2b84c/r_19",
            "rotation": 0.12566370614359174,
            "transform_matrix": [
                [
                    0.3120332658290863,
                    0.15558797121047974,
                    0.9372446537017822,
                    3.778154134750366
                ],
                [
                    0.9500710964202881,
                    -0.0510999970138073,
                    -0.3078206777572632,
                    -1.240864872932434
                ],
                [
                    3.725290298461914e-09,
                    0.9864993095397949,
                    -0.1637645661830902,
                    -0.6601560711860657
                ],
                [
                    0.0,
                    0.0,
                    0.0,
                    1.0
                ]
            ]
        },
        {
            "file_path": "/data/shapenet_blender/all_50_random/02958343/7bf415dbff028a3d4470fce578e2b84c/r_20",
            "rotation": 0.12566370614359174,
            "transform_matrix": [
                [
                    0.9649458527565002,
                    0.19233545660972595,
                    -0.17856831848621368,
                    -0.7198320031166077
                ],
                [
                    -0.2624492049217224,
                    0.7071589231491089,
                    -0.6565413475036621,
                    -2.6466031074523926
                ],
                [
                    0.0,
                    0.6803919076919556,
                    0.7328482866287231,
                    2.9542062282562256
                ],
                [
                    0.0,
                    0.0,
                    0.0,
                    1.0
                ]
            ]
        },
        {
            "file_path": "/data/shapenet_blender/all_50_random/02958343/7bf415dbff028a3d4470fce578e2b84c/r_21",
            "rotation": 0.12566370614359174,
            "transform_matrix": [
                [
                    0.79817795753479,
                    -0.12626975774765015,
                    0.5890398025512695,
                    2.3744957447052
                ],
                [
                    0.6024218797683716,
                    0.16730092465877533,
                    -0.7804474234580994,
                    -3.1460845470428467
                ],
                [
                    7.450581485102248e-09,
                    0.9777863621711731,
                    0.20960354804992676,
                    0.8449389934539795
                ],
                [
                    0.0,
                    0.0,
                    0.0,
                    1.0
                ]
            ]
        },
        {
            "file_path": "/data/shapenet_blender/all_50_random/02958343/7bf415dbff028a3d4470fce578e2b84c/r_22",
            "rotation": 0.12566370614359174,
            "transform_matrix": [
                [
                    -0.7275122404098511,
                    -0.6418313980102539,
                    0.2424425333738327,
                    0.9773170948028564
                ],
                [
                    0.6860946416854858,
                    -0.6805769801139832,
                    0.2570781111717224,
                    1.0363149642944336
                ],
                [
                    1.4901158529312397e-08,
                    0.35336610674858093,
                    0.9354851245880127,
                    3.7710611820220947
                ],
                [
                    0.0,
                    0.0,
                    0.0,
                    1.0
                ]
            ]
        },
        {
            "file_path": "/data/shapenet_blender/all_50_random/02958343/7bf415dbff028a3d4470fce578e2b84c/r_23",
            "rotation": 0.12566370614359174,
            "transform_matrix": [
                [
                    0.3155227601528168,
                    -0.3205845057964325,
                    -0.8931241631507874,
                    -3.6002988815307617
                ],
                [
                    -0.9489181041717529,
                    -0.10659688711166382,
                    -0.29697084426879883,
                    -1.1971279382705688
                ],
                [
                    0.0,
                    0.941202700138092,
                    -0.3378421366214752,
                    -1.3618853092193604
                ],
                [
                    0.0,
                    0.0,
                    0.0,
                    1.0
                ]
            ]
        },
        {
            "file_path": "/data/shapenet_blender/all_50_random/02958343/7bf415dbff028a3d4470fce578e2b84c/r_24",
            "rotation": 0.12566370614359174,
            "transform_matrix": [
                [
                    0.302301824092865,
                    -0.7592102289199829,
                    0.576379656791687,
                    2.323460817337036
                ],
                [
                    0.9532122611999512,
                    0.24077601730823517,
                    -0.18279312551021576,
                    -0.7368626594543457
                ],
                [
                    0.0,
                    0.6046707630157471,
                    0.7964754104614258,
                    3.2106950283050537
                ],
                [
                    0.0,
                    0.0,
                    0.0,
                    1.0
                ]
            ]
        },
        {
            "file_path": "/data/shapenet_blender/all_50_random/02958343/7bf415dbff028a3d4470fce578e2b84c/r_25",
            "rotation": 0.12566370614359174,
            "transform_matrix": [
                [
                    0.34801656007766724,
                    -0.8351129293441772,
                    -0.42599406838417053,
                    -1.7172369956970215
                ],
                [
                    -0.9374884963035583,
                    -0.31001248955726624,
                    -0.1581384688615799,
                    -0.6374765634536743
                ],
                [
                    0.0,
                    0.4543991684913635,
                    -0.8907981514930725,
                    -3.5909221172332764
                ],
                [
                    0.0,
                    0.0,
                    0.0,
                    1.0
                ]
            ]
        },
        {
            "file_path": "/data/shapenet_blender/all_50_random/02958343/7bf415dbff028a3d4470fce578e2b84c/r_26",
            "rotation": 0.12566370614359174,
            "transform_matrix": [
                [
                    -0.648829996585846,
                    -0.7498035430908203,
                    -0.12967036664485931,
                    -0.5227179527282715
                ],
                [
                    -0.760933518409729,
                    0.6393396854400635,
                    0.11056684702634811,
                    0.445709228515625
                ],
                [
                    0.0,
                    0.1704096496105194,
                    -0.9853732585906982,
                    -3.9721667766571045
                ],
                [
                    0.0,
                    0.0,
                    0.0,
                    1.0
                ]
            ]
        },
        {
            "file_path": "/data/shapenet_blender/all_50_random/02958343/7bf415dbff028a3d4470fce578e2b84c/r_27",
            "rotation": 0.12566370614359174,
            "transform_matrix": [
                [
                    -0.20479528605937958,
                    0.08337584882974625,
                    -0.9752473831176758,
                    -3.9313478469848633
                ],
                [
                    -0.978804886341095,
                    -0.017444726079702377,
                    0.2040509581565857,
                    0.8225557208061218
                ],
                [
                    -1.862645149230957e-09,
                    0.9963654279708862,
                    0.08518129587173462,
                    0.3433767855167389
                ],
                [
                    0.0,
                    0.0,
                    0.0,
                    1.0
                ]
            ]
        },
        {
            "file_path": "/data/shapenet_blender/all_50_random/02958343/7bf415dbff028a3d4470fce578e2b84c/r_28",
            "rotation": 0.12566370614359174,
            "transform_matrix": [
                [
                    0.7104658484458923,
                    -0.2919406294822693,
                    -0.6403193473815918,
                    -2.581209659576416
                ],
                [
                    -0.7037315964698792,
                    -0.29473429918289185,
                    -0.6464467644691467,
                    -2.605910062789917
                ],
                [
                    0.0,
                    0.9098913073539734,
                    -0.4148465692996979,
                    -1.672299861907959
                ],
                [
                    0.0,
                    0.0,
                    0.0,
                    1.0
                ]
            ]
        },
        {
            "file_path": "/data/shapenet_blender/all_50_random/02958343/7bf415dbff028a3d4470fce578e2b84c/r_29",
            "rotation": 0.12566370614359174,
            "transform_matrix": [
                [
                    -0.6903162002563477,
                    0.15940475463867188,
                    -0.7057291269302368,
                    -2.8448851108551025
                ],
                [
                    -0.7235077619552612,
                    -0.15209190547466278,
                    0.6733531951904297,
                    2.7143735885620117
                ],
                [
                    7.450580596923828e-09,
                    0.9754271507263184,
                    0.22032208740711212,
                    0.8881467580795288
                ],
                [
                    0.0,
                    0.0,
                    0.0,
                    1.0
                ]
            ]
        },
        {
            "file_path": "/data/shapenet_blender/all_50_random/02958343/7bf415dbff028a3d4470fce578e2b84c/r_30",
            "rotation": 0.12566370614359174,
            "transform_matrix": [
                [
                    0.8217310309410095,
                    -0.29820847511291504,
                    -0.4856232702732086,
                    -1.957610011100769
                ],
                [
                    -0.5698756575584412,
                    -0.43000108003616333,
                    -0.7002434134483337,
                    -2.8227715492248535
                ],
                [
                    0.0,
                    0.8521565198898315,
                    -0.5232869386672974,
                    -2.1094372272491455
                ],
                [
                    0.0,
                    0.0,
                    0.0,
                    1.0
                ]
            ]
        },
        {
            "file_path": "/data/shapenet_blender/all_50_random/02958343/7bf415dbff028a3d4470fce578e2b84c/r_31",
            "rotation": 0.12566370614359174,
            "transform_matrix": [
                [
                    0.2687849700450897,
                    0.21891482174396515,
                    -0.937993049621582,
                    -3.7811708450317383
                ],
                [
                    -0.9632002711296082,
                    0.06108907237648964,
                    -0.2617507874965668,
                    -1.0551512241363525
                ],
                [
                    0.0,
                    0.9738298058509827,
                    0.22727860510349274,
                    0.9161893725395203
                ],
                [
                    0.0,
                    0.0,
                    0.0,
                    1.0
                ]
            ]
        },
        {
            "file_path": "/data/shapenet_blender/all_50_random/02958343/7bf415dbff028a3d4470fce578e2b84c/r_32",
            "rotation": 0.12566370614359174,
            "transform_matrix": [
                [
                    0.5180895328521729,
                    0.6779465675354004,
                    0.5215089917182922,
                    2.1022698879241943
                ],
                [
                    0.8553264141082764,
                    -0.41064679622650146,
                    -0.3158892095088959,
                    -1.2733901739120483
                ],
                [
                    0.0,
                    0.6097192168235779,
                    -0.7926174998283386,
                    -3.195143222808838
                ],
                [
                    0.0,
                    0.0,
                    0.0,
                    1.0
                ]
            ]
        },
        {
            "file_path": "/data/shapenet_blender/all_50_random/02958343/7bf415dbff028a3d4470fce578e2b84c/r_33",
            "rotation": 0.12566370614359174,
            "transform_matrix": [
                [
                    0.9009420871734619,
                    0.011371413245797157,
                    0.4337904453277588,
                    1.7486653327941895
                ],
                [
                    0.43393951654434204,
                    -0.02360924519598484,
                    -0.9006325602531433,
                    -3.630566120147705
                ],
                [
                    0.0,
                    0.9996564984321594,
                    -0.026205066591501236,
                    -0.10563600808382034
                ],
                [
                    0.0,
                    0.0,
                    0.0,
                    1.0
                ]
            ]
        },
        {
            "file_path": "/data/shapenet_blender/all_50_random/02958343/7bf415dbff028a3d4470fce578e2b84c/r_34",
            "rotation": 0.12566370614359174,
            "transform_matrix": [
                [
                    -0.9856584072113037,
                    0.03587844967842102,
                    -0.16489462554454803,
                    -0.6647114753723145
                ],
                [
                    -0.1687527745962143,
                    -0.20956039428710938,
                    0.9631235599517822,
                    3.8824751377105713
                ],
                [
                    -3.725290298461914e-09,
                    0.9771372079849243,
                    0.21260957419872284,
                    0.8570566177368164
                ],
                [
                    0.0,
                    0.0,
                    0.0,
                    1.0
                ]
            ]
        },
        {
            "file_path": "/data/shapenet_blender/all_50_random/02958343/7bf415dbff028a3d4470fce578e2b84c/r_35",
            "rotation": 0.12566370614359174,
            "transform_matrix": [
                [
                    0.777061939239502,
                    0.31586021184921265,
                    0.5444328784942627,
                    2.194679021835327
                ],
                [
                    0.6294242739677429,
                    -0.3899483382701874,
                    -0.6721349954605103,
                    -2.709462881088257
                ],
                [
                    0.0,
                    0.8649696111679077,
                    -0.5018240809440613,
                    -2.0229175090789795
                ],
                [
                    0.0,
                    0.0,
                    0.0,
                    1.0
                ]
            ]
        },
        {
            "file_path": "/data/shapenet_blender/all_50_random/02958343/7bf415dbff028a3d4470fce578e2b84c/r_36",
            "rotation": 0.12566370614359174,
            "transform_matrix": [
                [
                    0.049442730844020844,
                    -0.043541282415390015,
                    -0.9978274703025818,
                    -4.0223708152771
                ],
                [
                    -0.9987769722938538,
                    -0.002155436435714364,
                    -0.04939572885632515,
                    -0.19912052154541016
                ],
                [
                    -4.6566123179658803e-10,
                    0.9990493655204773,
                    -0.0435945987701416,
                    -0.17573542892932892
                ],
                [
                    0.0,
                    0.0,
                    0.0,
                    1.0
                ]
            ]
        },
        {
            "file_path": "/data/shapenet_blender/all_50_random/02958343/7bf415dbff028a3d4470fce578e2b84c/r_37",
            "rotation": 0.12566370614359174,
            "transform_matrix": [
                [
                    -0.908927321434021,
                    0.1178615614771843,
                    0.3999496400356293,
                    1.6122485399246216
                ],
                [
                    0.41695448756217957,
                    0.2569287419319153,
                    0.8718581199645996,
                    3.5145723819732666
                ],
                [
                    0.0,
                    0.9592165350914001,
                    -0.2826724648475647,
                    -1.1394891738891602
                ],
                [
                    0.0,
                    0.0,
                    0.0,
                    1.0
                ]
            ]
        },
        {
            "file_path": "/data/shapenet_blender/all_50_random/02958343/7bf415dbff028a3d4470fce578e2b84c/r_38",
            "rotation": 0.12566370614359174,
            "transform_matrix": [
                [
                    -0.6688458919525146,
                    0.3614720106124878,
                    -0.6496021151542664,
                    -2.6186301708221436
                ],
                [
                    -0.7434009313583374,
                    -0.3252202868461609,
                    0.5844541192054749,
                    2.3560101985931396
                ],
                [
                    2.9802322387695312e-08,
                    0.8738246560096741,
                    0.4862409234046936,
                    1.9600999355316162
                ],
                [
                    0.0,
                    0.0,
                    0.0,
                    1.0
                ]
            ]
        },
        {
            "file_path": "/data/shapenet_blender/all_50_random/02958343/7bf415dbff028a3d4470fce578e2b84c/r_39",
            "rotation": 0.12566370614359174,
            "transform_matrix": [
                [
                    0.9155357480049133,
                    -0.23427750170230865,
                    0.32696855068206787,
                    1.3180524110794067
                ],
                [
                    0.4022367596626282,
                    0.5332417488098145,
                    -0.7442169785499573,
                    -3.0000345706939697
                ],
                [
                    1.4901161193847656e-08,
                    0.8128759860992432,
                    0.5824368596076965,
                    2.3478779792785645
                ],
                [
                    0.0,
                    0.0,
                    0.0,
                    1.0
                ]
            ]
        },
        {
            "file_path": "/data/shapenet_blender/all_50_random/02958343/7bf415dbff028a3d4470fce578e2b84c/r_40",
            "rotation": 0.12566370614359174,
            "transform_matrix": [
                [
                    -0.34193140268325806,
                    -0.21291498839855194,
                    0.9152868390083313,
                    3.6896395683288574
                ],
                [
                    0.9397249817848206,
                    -0.07747194916009903,
                    0.333039253950119,
                    1.3425242900848389
                ],
                [
                    7.450580596923828e-09,
                    0.9739945530891418,
                    0.22657158970832825,
                    0.913339376449585
                ],
                [
                    0.0,
                    0.0,
                    0.0,
                    1.0
                ]
            ]
        },
        {
            "file_path": "/data/shapenet_blender/all_50_random/02958343/7bf415dbff028a3d4470fce578e2b84c/r_41",
            "rotation": 0.12566370614359174,
            "transform_matrix": [
                [
                    -0.9170728921890259,
                    0.14653638005256653,
                    -0.37081602215766907,
                    -1.494807243347168
                ],
                [
                    -0.39871975779533386,
                    -0.33704009652137756,
                    0.852893054485321,
                    3.438121795654297
                ],
                [
