{
    "class": "02958343",
    "model": "58d9741ad324623e9872e22d6b8eb647",
    "remove_doubles": true,
    "edge_split": true,
    "denoise": true,
    "camera_angle_x": 0.6911112070083618,
    "scale_factor": 2.2375018187720213,
    "hdri_file": "/data/IndoorHDRDataset2018/AG8A6635-3f90581acd.exr",
    "center_offset": [
        0.0,
        -2.3283064365386963e-09,
        -3.725290298461914e-09
    ],
    "lights": [],
    "frames": [
        {
            "file_path": "/data/shapenet_blender/all_50_random/02958343/58d9741ad324623e9872e22d6b8eb647/r_0",
            "rotation": 0.12566370614359174,
            "transform_matrix": [
                [
                    -0.9586610794067383,
                    0.10104359686374664,
                    0.26600584387779236,
                    1.0723038911819458
                ],
                [
                    0.28455036878585815,
                    0.3404197096824646,
                    0.8961837887763977,
                    3.6126325130462646
                ],
                [
                    0.0,
                    0.9348286390304565,
                    -0.3550991117954254,
                    -1.4314502477645874
                ],
                [
                    0.0,
                    0.0,
                    0.0,
                    1.0
                ]
            ]
        },
        {
            "file_path": "/data/shapenet_blender/all_50_random/02958343/58d9741ad324623e9872e22d6b8eb647/r_1",
            "rotation": 0.12566370614359174,
            "transform_matrix": [
                [
                    -0.6199352145195007,
                    0.5215357542037964,
                    0.5862428545951843,
                    2.363220453262329
                ],
                [
                    0.7846530675888062,
                    0.412052720785141,
                    0.4631761908531189,
                    1.8671228885650635
                ],
                [
                    0.0,
                    0.7471363544464111,
                    -0.6646707057952881,
                    -2.679373264312744
                ],
                [
                    0.0,
                    0.0,
                    0.0,
                    1.0
                ]
            ]
        },
        {
            "file_path": "/data/shapenet_blender/all_50_random/02958343/58d9741ad324623e9872e22d6b8eb647/r_2",
            "rotation": 0.12566370614359174,
            "transform_matrix": [
                [
                    -0.16037023067474365,
                    0.2180938720703125,
                    0.96266108751297,
                    3.8806111812591553
                ],
                [
                    0.9870569705963135,
                    0.03543439134955406,
                    0.15640653669834137,
                    0.6304949522018433
                ],
                [
                    -3.725290298461914e-09,
                    0.9752842783927917,
                    -0.22095367312431335,
                    -0.8906928300857544
                ],
                [
                    0.0,
                    0.0,
                    0.0,
                    1.0
                ]
            ]
        },
        {
            "file_path": "/data/shapenet_blender/all_50_random/02958343/58d9741ad324623e9872e22d6b8eb647/r_3",
            "rotation": 0.12566370614359174,
            "transform_matrix": [
                [
                    -0.9998391270637512,
                    -0.010871673934161663,
                    0.014269627630710602,
                    0.057522714138031006
                ],
                [
                    0.017939219251275063,
                    -0.605930745601654,
                    0.7953150868415833,
                    3.2060179710388184
                ],
                [
                    -9.313225746154785e-10,
                    0.7954431176185608,
                    0.606028139591217,
                    2.4429779052734375
                ],
                [
                    0.0,
                    0.0,
                    0.0,
                    1.0
                ]
            ]
        },
        {
            "file_path": "/data/shapenet_blender/all_50_random/02958343/58d9741ad324623e9872e22d6b8eb647/r_4",
            "rotation": 0.12566370614359174,
            "transform_matrix": [
                [
                    0.4026603102684021,
                    -0.41678306460380554,
                    -0.8149579167366028,
                    -3.285200595855713
                ],
                [
                    -0.9153494834899902,
                    -0.18334200978279114,
                    -0.3584982752799988,
                    -1.4451528787612915
                ],
                [
                    0.0,
                    0.8903244733810425,
                    -0.4553266763687134,
                    -1.8354806900024414
                ],
                [
                    0.0,
                    0.0,
                    0.0,
                    1.0
                ]
            ]
        },
        {
            "file_path": "/data/shapenet_blender/all_50_random/02958343/58d9741ad324623e9872e22d6b8eb647/r_5",
            "rotation": 0.12566370614359174,
            "transform_matrix": [
                [
                    0.9980849623680115,
                    -0.024982476606965065,
                    0.05658914893865585,
                    0.2281181514263153
                ],
                [
                    0.06185835227370262,
                    0.4030924141407013,
                    -0.9130662679672241,
                    -3.68068790435791
                ],
                [
                    0.0,
                    0.9148181080818176,
                    0.40386587381362915,
                    1.6280354261398315
                ],
                [
                    0.0,
                    0.0,
                    0.0,
                    1.0
                ]
            ]
        },
        {
            "file_path": "/data/shapenet_blender/all_50_random/02958343/58d9741ad324623e9872e22d6b8eb647/r_6",
            "rotation": 0.12566370614359174,
            "transform_matrix": [
                [
                    0.3898252844810486,
                    0.5982441306114197,
                    -0.7001001238822937,
                    -2.8221938610076904
                ],
                [
                    -0.9208889603614807,
                    0.25324517488479614,
                    -0.2963622510433197,
                    -1.1946744918823242
                ],
                [
                    0.0,
                    0.7602437734603882,
                    0.649637758731842,
                    2.6187734603881836
                ],
                [
                    0.0,
                    0.0,
                    0.0,
                    1.0
                ]
            ]
        },
        {
            "file_path": "/data/shapenet_blender/all_50_random/02958343/58d9741ad324623e9872e22d6b8eb647/r_7",
            "rotation": 0.12566370614359174,
            "transform_matrix": [
                [
                    -0.997870683670044,
                    -0.020574862137436867,
                    -0.06189368665218353,
                    -0.24950143694877625
                ],
                [
                    -0.06522388011217117,
                    0.3147781789302826,
                    0.9469215869903564,
                    3.8171629905700684
                ],
                [
                    1.862645371275562e-09,
                    0.9489421248435974,
                    -0.31544992327690125,
                    -1.2716193199157715
                ],
                [
                    0.0,
                    0.0,
                    0.0,
                    1.0
                ]
            ]
        },
        {
            "file_path": "/data/shapenet_blender/all_50_random/02958343/58d9741ad324623e9872e22d6b8eb647/r_8",
            "rotation": 0.12566370614359174,
            "transform_matrix": [
                [
                    0.9749209880828857,
                    -0.07793032377958298,
                    0.2084609568119049,
                    0.8403329849243164
                ],
                [
                    0.2225513756275177,
                    0.3413859009742737,
                    -0.9131957292556763,
                    -3.6812098026275635
                ],
                [
                    7.450580596923828e-09,
                    0.9366869926452637,
                    0.35016778111457825,
                    1.4115715026855469
                ],
                [
                    0.0,
                    0.0,
                    0.0,
                    1.0
                ]
            ]
        },
        {
            "file_path": "/data/shapenet_blender/all_50_random/02958343/58d9741ad324623e9872e22d6b8eb647/r_9",
            "rotation": 0.12566370614359174,
            "transform_matrix": [
                [
                    0.988549530506134,
                    0.018289703875780106,
                    -0.1497841477394104,
                    -0.6037992238998413
                ],
                [
                    -0.15089666843414307,
                    0.11981893330812454,
                    -0.9812611937522888,
                    -3.9555904865264893
                ],
                [
                    0.0,
                    0.9926272034645081,
                    0.12120681256055832,
                    0.4886002838611603
                ],
                [
                    0.0,
                    0.0,
                    0.0,
                    1.0
                ]
            ]
        },
        {
            "file_path": "/data/shapenet_blender/all_50_random/02958343/58d9741ad324623e9872e22d6b8eb647/r_10",
            "rotation": 0.12566370614359174,
            "transform_matrix": [
                [
                    0.9327476024627686,
                    -0.2831570506095886,
                    -0.2231682538986206,
                    -0.8996200561523438
                ],
                [
                    -0.36053013801574707,
                    -0.7325713634490967,
                    -0.5773710012435913,
                    -2.3274571895599365
                ],
                [
                    0.0,
                    0.6190003752708435,
                    -0.7853906154632568,
                    -3.166011095046997
                ],
                [
                    0.0,
                    0.0,
                    0.0,
                    1.0
                ]
            ]
        },
        {
            "file_path": "/data/shapenet_blender/all_50_random/02958343/58d9741ad324623e9872e22d6b8eb647/r_11",
            "rotation": 0.12566370614359174,
            "transform_matrix": [
                [
                    0.5886030793190002,
                    -0.1899874061346054,
                    -0.785780668258667,
                    -3.1675829887390137
                ],
                [
                    -0.8084221482276917,
                    -0.1383276730775833,
                    -0.5721179842948914,
                    -2.306281328201294
                ],
                [
                    7.4505797087454084e-09,
                    0.9719929099082947,
                    -0.23501014709472656,
                    -0.9473561644554138
                ],
                [
                    0.0,
                    0.0,
                    0.0,
                    1.0
                ]
            ]
        },
        {
            "file_path": "/data/shapenet_blender/all_50_random/02958343/58d9741ad324623e9872e22d6b8eb647/r_12",
            "rotation": 0.12566370614359174,
            "transform_matrix": [
                [
                    -0.9241147637367249,
                    -0.2848197817802429,
                    0.25473442673683167,
                    1.0268672704696655
                ],
                [
                    0.38211506605148315,
                    -0.6888138651847839,
                    0.6160548329353333,
                    2.483396530151367
                ],
                [
                    0.0,
                    0.6666432619094849,
                    0.7453769445419312,
                    3.0047106742858887
                ],
                [
                    0.0,
                    0.0,
                    0.0,
                    1.0
                ]
            ]
        },
        {
            "file_path": "/data/shapenet_blender/all_50_random/02958343/58d9741ad324623e9872e22d6b8eb647/r_13",
            "rotation": 0.12566370614359174,
            "transform_matrix": [
                [
                    0.23981106281280518,
                    -0.043096452951431274,
                    0.9698626399040222,
                    3.9096407890319824
                ],
                [
                    0.9708196520805359,
                    0.010645649395883083,
                    -0.23957465589046478,
                    -0.9657562375068665
                ],
                [
                    9.313225746154785e-10,
                    0.999014139175415,
                    0.044391825795173645,
                    0.17894914746284485
                ],
                [
                    0.0,
                    0.0,
                    0.0,
                    1.0
                ]
            ]
        },
        {
            "file_path": "/data/shapenet_blender/all_50_random/02958343/58d9741ad324623e9872e22d6b8eb647/r_14",
            "rotation": 0.12566370614359174,
            "transform_matrix": [
                [
                    0.14511166512966156,
                    -0.06260958313941956,
                    0.9874323010444641,
                    3.9804670810699463
                ],
                [
                    0.9894152879714966,
                    0.009182577021420002,
                    -0.14482083916664124,
                    -0.5837915539741516
                ],
                [
                    -9.313225191043273e-10,
                    0.9979958534240723,
                    0.06327936798334122,
                    0.25508731603622437
                ],
                [
                    0.0,
                    0.0,
                    0.0,
                    1.0
                ]
            ]
        },
        {
            "file_path": "/data/shapenet_blender/all_50_random/02958343/58d9741ad324623e9872e22d6b8eb647/r_15",
            "rotation": 0.12566370614359174,
            "transform_matrix": [
                [
                    -0.27404433488845825,
                    -0.2770616114139557,
                    -0.9209432005882263,
                    -3.7124409675598145
                ],
                [
                    -0.9617170095443726,
                    0.07894960045814514,
                    0.2624257206916809,
                    1.0578720569610596
                ],
                [
                    0.0,
                    0.9576030373573303,
                    -0.2880905568599701,
                    -1.1613303422927856
                ],
                [
                    0.0,
                    0.0,
                    0.0,
                    1.0
                ]
            ]
        },
        {
            "file_path": "/data/shapenet_blender/all_50_random/02958343/58d9741ad324623e9872e22d6b8eb647/r_16",
            "rotation": 0.12566370614359174,
            "transform_matrix": [
                [
                    0.8958256244659424,
                    0.1664002388715744,
                    0.4120770990848541,
                    1.6611359119415283
                ],
                [
                    0.4444059133529663,
                    -0.3354266583919525,
                    -0.8306577801704407,
                    -3.3484885692596436
                ],
                [
                    -1.4901162970204496e-08,
                    0.9272538423538208,
                    -0.37443307042121887,
                    -1.5093879699707031
                ],
                [
                    0.0,
                    0.0,
                    0.0,
                    1.0
                ]
            ]
        },
        {
            "file_path": "/data/shapenet_blender/all_50_random/02958343/58d9741ad324623e9872e22d6b8eb647/r_17",
            "rotation": 0.12566370614359174,
            "transform_matrix": [
                [
                    0.7062417268753052,
                    0.5293524265289307,
                    0.4701155424118042,
                    1.8950964212417603
                ],
                [
                    0.7079707384109497,
                    -0.5280595421791077,
                    -0.46896740794181824,
                    -1.8904681205749512
                ],
                [
                    -4.470348713425665e-08,
                    0.6640323996543884,
                    -0.7477037906646729,
                    -3.0140902996063232
                ],
                [
                    0.0,
                    0.0,
                    0.0,
                    1.0
                ]
            ]
        },
        {
            "file_path": "/data/shapenet_blender/all_50_random/02958343/58d9741ad324623e9872e22d6b8eb647/r_18",
            "rotation": 0.12566370614359174,
            "transform_matrix": [
                [
                    0.5876709818840027,
                    -0.6543451547622681,
                    0.47589415311813354,
                    1.9183907508850098
                ],
                [
                    0.8090999722480774,
                    0.4752684235572815,
                    -0.34565469622612,
                    -1.3933786153793335
                ],
                [
                    0.0,
                    0.5881771445274353,
                    0.8087320923805237,
                    3.260103225708008
                ],
                [
                    0.0,
                    0.0,
                    0.0,
                    1.0
                ]
            ]
        },
        {
            "file_path": "/data/shapenet_blender/all_50_random/02958343/58d9741ad324623e9872e22d6b8eb647/r_19",
            "rotation": 0.12566370614359174,
            "transform_matrix": [
                [
                    -0.9917088747024536,
                    0.05002171918749809,
                    -0.1183696761727333,
                    -0.4771633744239807
                ],
                [
                    -0.12850505113601685,
                    -0.3860313296318054,
                    0.9134913086891174,
                    3.682400703430176
                ],
                [
                    3.725290076417309e-09,
                    0.9211283922195435,
                    0.38925883173942566,
                    1.5691523551940918
                ],
                [
                    0.0,
                    0.0,
                    0.0,
                    1.0
                ]
            ]
        },
        {
            "file_path": "/data/shapenet_blender/all_50_random/02958343/58d9741ad324623e9872e22d6b8eb647/r_20",
            "rotation": 0.12566370614359174,
            "transform_matrix": [
                [
                    -0.48100894689559937,
                    -0.4314386546611786,
                    0.7632110714912415,
                    3.0766022205352783
                ],
                [
                    0.8767156600952148,
                    -0.23670828342437744,
                    0.4187347888946533,
                    1.687973976135254
                ],
                [
                    1.4901159417490817e-08,
                    0.8705343008041382,
                    0.4921078085899353,
                    1.9837499856948853
                ],
                [
                    0.0,
                    0.0,
                    0.0,
                    1.0
                ]
            ]
        },
        {
            "file_path": "/data/shapenet_blender/all_50_random/02958343/58d9741ad324623e9872e22d6b8eb647/r_21",
            "rotation": 0.12566370614359174,
            "transform_matrix": [
                [
                    0.4527600109577179,
                    0.006720104720443487,
                    -0.8916071057319641,
                    -3.5941832065582275
                ],
                [
                    -0.8916324973106384,
                    0.0034123866353183985,
                    -0.452747106552124,
                    -1.8250819444656372
                ],
                [
                    2.3283064365386963e-10,
                    0.9999716281890869,
                    0.007536855526268482,
                    0.03038203716278076
                ],
                [
                    0.0,
                    0.0,
                    0.0,
                    1.0
                ]
            ]
        },
        {
            "file_path": "/data/shapenet_blender/all_50_random/02958343/58d9741ad324623e9872e22d6b8eb647/r_22",
            "rotation": 0.12566370614359174,
            "transform_matrix": [
                [
                    -0.9670223593711853,
                    0.049803413450717926,
                    -0.24977444112300873,
                    -1.0068730115890503
                ],
                [
                    -0.2546912729740143,
                    -0.1890956610441208,
                    0.9483538866043091,
                    3.82293701171875
                ],
                [
                    0.0,
                    0.9806948900222778,
                    0.19554421305656433,
                    0.7882639765739441
                ],
                [
                    0.0,
                    0.0,
                    0.0,
                    1.0
                ]
            ]
        },
        {
            "file_path": "/data/shapenet_blender/all_50_random/02958343/58d9741ad324623e9872e22d6b8eb647/r_23",
            "rotation": 0.12566370614359174,
            "transform_matrix": [
                [
                    -0.6791548132896423,
                    -0.015625538304448128,
                    0.7338286638259888,
                    2.958158016204834
                ],
                [
                    0.7339949607849121,
                    -0.014458082616329193,
                    0.6790009140968323,
                    2.73714017868042
                ],
                [
                    0.0,
                    0.9997732639312744,
                    0.021288346499204636,
                    0.08581607043743134
                ],
                [
                    0.0,
                    0.0,
                    0.0,
                    1.0
                ]
            ]
        },
        {
            "file_path": "/data/shapenet_blender/all_50_random/02958343/58d9741ad324623e9872e22d6b8eb647/r_24",
            "rotation": 0.12566370614359174,
            "transform_matrix": [
                [
                    0.9935441017150879,
                    -0.008728941902518272,
                    0.11311101913452148,
                    0.455965131521225
                ],
                [
                    0.11344733834266663,
                    0.07644593715667725,
                    -0.9905986189842224,
                    -3.9932310581207275
                ],
                [
                    0.0,
                    0.9970355033874512,
                    0.07694267481565475,
                    0.3101658821105957
                ],
                [
                    0.0,
                    0.0,
                    0.0,
                    1.0
                ]
            ]
        },
        {
            "file_path": "/data/shapenet_blender/all_50_random/02958343/58d9741ad324623e9872e22d6b8eb647/r_25",
            "rotation": 0.12566370614359174,
            "transform_matrix": [
                [
                    -0.6317928433418274,
                    0.022666484117507935,
                    0.7748059034347534,
                    3.1233420372009277
                ],
                [
                    0.7751373052597046,
                    0.018474821001291275,
                    0.6315227150917053,
                    2.5457491874694824
                ],
                [
                    -9.313224635931761e-10,
                    0.9995723366737366,
                    -0.029241902753710747,
                    -0.11787786334753036
                ],
                [
                    0.0,
                    0.0,
                    0.0,
                    1.0
                ]
            ]
        },
        {
            "file_path": "/data/shapenet_blender/all_50_random/02958343/58d9741ad324623e9872e22d6b8eb647/r_26",
            "rotation": 0.12566370614359174,
            "transform_matrix": [
                [
                    0.04837048798799515,
                    0.35114312171936035,
                    0.9350714087486267,
                    3.7693936824798584
                ],
                [
                    0.9988294243812561,
                    -0.017004868015646935,
                    -0.045282863080501556,
                    -0.18254107236862183
                ],
                [
                    0.0,
                    0.936167299747467,
                    -0.35155463218688965,
                    -1.4171621799468994
                ],
                [
                    0.0,
                    0.0,
                    0.0,
                    1.0
                ]
            ]
        },
        {
            "file_path": "/data/shapenet_blender/all_50_random/02958343/58d9741ad324623e9872e22d6b8eb647/r_27",
            "rotation": 0.12566370614359174,
            "transform_matrix": [
                [
                    0.1444793939590454,
                    -0.37581074237823486,
                    -0.9153642654418945,
                    -3.6899518966674805
                ],
                [
                    -0.989507794380188,
                    -0.05487264320254326,
                    -0.13365359604358673,
                    -0.5387749671936035
                ],
                [
                    0.0,
                    0.9250704646110535,
                    -0.37979552149772644,
                    -1.5310049057006836
                ],
                [
                    0.0,
                    0.0,
                    0.0,
                    1.0
                ]
            ]
        },
        {
            "file_path": "/data/shapenet_blender/all_50_random/02958343/58d9741ad324623e9872e22d6b8eb647/r_28",
            "rotation": 0.12566370614359174,
            "transform_matrix": [
                [
                    -0.9945825934410095,
                    -0.03830454498529434,
                    -0.09663387387990952,
                    -0.3895435929298401
                ],
                [
                    -0.10394874960184097,
                    0.3664982318878174,
                    0.9245938062667847,
                    3.727156639099121
                ],
                [
                    -3.725290076417309e-09,
                    0.9296298623085022,
                    -0.3684944808483124,
                    -1.4854487180709839
                ],
                [
                    0.0,
                    0.0,
                    0.0,
                    1.0
                ]
            ]
        },
        {
            "file_path": "/data/shapenet_blender/all_50_random/02958343/58d9741ad324623e9872e22d6b8eb647/r_29",
            "rotation": 0.12566370614359174,
            "transform_matrix": [
                [
                    0.761922299861908,
                    -0.14644595980644226,
                    -0.6308946013450623,
                    -2.543217420578003
                ],
                [
                    -0.6476683616638184,
                    -0.1722802072763443,
                    -0.7421894669532776,
                    -2.991861343383789
                ],
                [
                    -7.450580152834618e-09,
                    0.9741010665893555,
                    -0.22611260414123535,
                    -0.9114890694618225
                ],
                [
                    0.0,
                    0.0,
                    0.0,
                    1.0
                ]
            ]
        },
        {
            "file_path": "/data/shapenet_blender/all_50_random/02958343/58d9741ad324623e9872e22d6b8eb647/r_30",
            "rotation": 0.12566370614359174,
            "transform_matrix": [
                [
                    -0.5800480842590332,
                    0.06606475263834,
                    -0.8118988275527954,
                    -3.2728686332702637
                ],
                [
                    -0.8145822286605835,
                    -0.04704342037439346,
                    0.5781372785568237,
                    2.3305459022521973
                ],
                [
                    0.0,
                    0.9967056512832642,
                    0.0811026394367218,
                    0.32693520188331604
                ],
                [
                    0.0,
                    0.0,
                    0.0,
                    1.0
                ]
            ]
        },
        {
            "file_path": "/data/shapenet_blender/all_50_random/02958343/58d9741ad324623e9872e22d6b8eb647/r_31",
            "rotation": 0.12566370614359174,
            "transform_matrix": [
                [
                    0.10055232793092728,
                    -0.44712942838668823,
                    -0.8887994885444641,
                    -3.582864999771118
                ],
                [
                    -0.9949317574501038,
                    -0.04518892988562584,
                    -0.08982611447572708,
                    -0.36210060119628906
                ],
                [
                    0.0,
                    0.893326997756958,
                    -0.4494071900844574,
                    -1.8116180896759033
                ],
                [
                    0.0,
                    0.0,
                    0.0,
                    1.0
                ]
            ]
        },
        {
            "file_path": "/data/shapenet_blender/all_50_random/02958343/58d9741ad324623e9872e22d6b8eb647/r_32",
            "rotation": 0.12566370614359174,
            "transform_matrix": [
                [
                    0.49867451190948486,
                    0.1914060264825821,
                    -0.8453918099403381,
                    -3.407883644104004
                ],
                [
                    -0.8667894005775452,
                    0.11011822521686554,
                    -0.4863642156124115,
                    -1.960597038269043
                ],
                [
                    7.450581485102248e-09,
                    0.9753141403198242,
                    0.220821812748909,
                    0.8901612758636475
                ],
                [
                    0.0,
                    0.0,
                    0.0,
                    1.0
                ]
            ]
        },
        {
            "file_path": "/data/shapenet_blender/all_50_random/02958343/58d9741ad324623e9872e22d6b8eb647/r_33",
            "rotation": 0.12566370614359174,
            "transform_matrix": [
                [
                    0.9996914863586426,
                    -0.01975569687783718,
                    0.015053771436214447,
                    0.06068369746208191
                ],
                [
                    0.024837544187903404,
                    0.7951511740684509,
                    -0.605902373790741,
                    -2.4424707889556885
                ],
                [
                    0.0,
                    0.6060892939567566,
                    0.7953965067863464,
                    3.206346035003662
                ],
                [
                    0.0,
                    0.0,
                    0.0,
                    1.0
                ]
            ]
        },
        {
            "file_path": "/data/shapenet_blender/all_50_random/02958343/58d9741ad324623e9872e22d6b8eb647/r_34",
            "rotation": 0.12566370614359174,
            "transform_matrix": [
                [
                    0.9997233748435974,
                    0.005713784135878086,
                    -0.02281278930604458,
                    -0.09196129441261292
                ],
                [
                    -0.02351745218038559,
                    0.2428920865058899,
                    -0.969768226146698,
                    -3.9092607498168945
                ],
                [
                    0.0,
                    0.9700364470481873,
                    0.24295929074287415,
                    0.9794002175331116
                ],
                [
                    0.0,
                    0.0,
                    0.0,
                    1.0
                ]
            ]
        },
        {
            "file_path": "/data/shapenet_blender/all_50_random/02958343/58d9741ad324623e9872e22d6b8eb647/r_35",
            "rotation": 0.12566370614359174,
            "transform_matrix": [
                [
                    -0.38436007499694824,
                    0.10374034941196442,
                    -0.9173358678817749,
                    -3.697899580001831
                ],
                [
                    -0.923183262348175,
                    -0.04319147765636444,
                    0.3819255530834198,
                    1.5395914316177368
                ],
                [
                    0.0,
                    0.9936662316322327,
                    0.11237241327762604,
                    0.45298776030540466
                ],
                [
                    0.0,
                    0.0,
                    0.0,
                    1.0
                ]
            ]
        },
        {
            "file_path": "/data/shapenet_blender/all_50_random/02958343/58d9741ad324623e9872e22d6b8eb647/r_36",
            "rotation": 0.12566370614359174,
            "transform_matrix": [
                [
                    0.2860851287841797,
                    -0.7831194996833801,
                    -0.5521587133407593,
                    -2.225822925567627
                ],
                [
                    -0.9582042694091797,
                    -0.2338111698627472,
                    -0.16485461592674255,
                    -0.6645501852035522
                ],
                [
                    -1.4901161193847656e-08,
                    0.5762432217597961,
                    -0.817278265953064,
                    -3.2945539951324463
                ],
                [
                    0.0,
                    0.0,
                    0.0,
                    1.0
                ]
            ]
        },
        {
            "file_path": "/data/shapenet_blender/all_50_random/02958343/58d9741ad324623e9872e22d6b8eb647/r_37",
            "rotation": 0.12566370614359174,
            "transform_matrix": [
                [
                    0.5524165630340576,
                    -0.12917372584342957,
                    -0.8234986662864685,
                    -3.319629192352295
                ],
                [
                    -0.8335681557655334,
                    -0.08560513705015182,
                    -0.5457434058189392,
                    -2.1999621391296387
                ],
                [
                    -7.450580152834618e-09,
                    0.9879199862480164,
                    -0.15496481955051422,
                    -0.624683141708374
                ],
                [
                    0.0,
                    0.0,
                    0.0,
                    1.0
                ]
            ]
        },
        {
            "file_path": "/data/shapenet_blender/all_50_random/02958343/58d9741ad324623e9872e22d6b8eb647/r_38",
            "rotation": 0.12566370614359174,
            "transform_matrix": [
                [
                    0.04024003446102142,
                    -0.5369214415550232,
                    0.8426719903945923,
                    3.3969194889068604
                ],
                [
                    0.9991900324821472,
                    0.02162325382232666,
                    -0.03393663838505745,
                    -0.13680297136306763
                ],
                [
                    0.0,
                    0.8433550596237183,
                    0.5373566746711731,
                    2.166154146194458
                ],
                [
                    0.0,
                    0.0,
                    0.0,
                    1.0
                ]
            ]
        },
        {
            "file_path": "/data/shapenet_blender/all_50_random/02958343/58d9741ad324623e9872e22d6b8eb647/r_39",
            "rotation": 0.12566370614359174,
            "transform_matrix": [
                [
                    -0.8135386109352112,
                    -0.1696390062570572,
                    0.5562171339988708,
                    2.242182731628418
                ],
                [
                    0.5815107822418213,
                    -0.2373264580965042,
                    0.778152585029602,
                    3.1368329524993896
                ],
                [
                    1.4901158529312397e-08,
                    0.9565033912658691,
                    0.2917211949825287,
                    1.175965666770935
                ],
                [
                    0.0,
                    0.0,
                    0.0,
                    1.0
                ]
            ]
        },
        {
            "file_path": "/data/shapenet_blender/all_50_random/02958343/58d9741ad324623e9872e22d6b8eb647/r_40",
            "rotation": 0.12566370614359174,
            "transform_matrix": [
                [
                    0.3852539658546448,
                    0.8282122015953064,
                    0.40699371695518494,
                    1.6406441926956177
                ],
                [
                    0.9228106737136841,
                    -0.34576109051704407,
                    -0.16991128027439117,
                    -0.6849342584609985
                ],
                [
                    0.0,
                    0.4410370886325836,
                    -0.8974888324737549,
                    -3.6178932189941406
                ],
                [
                    0.0,
                    0.0,
                    0.0,
                    1.0
                ]
            ]
        },
        {
            "file_path": "/data/shapenet_blender/all_50_random/02958343/58d9741ad324623e9872e22d6b8eb647/r_41",
            "rotation": 0.12566370614359174,
            "transform_matrix": [
                [
                    0.7737696766853333,
                    0.33388668298721313,
                    -0.5383309721946716,
                    -2.170081853866577
                ],
                [
                    -0.6334671974182129,
                    0.40783703327178955,
                    -0.6575623154640198,
                    -2.6507186889648438
                ],
