{
    "class": "02958343",
    "model": "552233e882a65b6431f5c3d8b8dbfe3",
    "remove_doubles": true,
    "edge_split": true,
    "denoise": true,
    "camera_angle_x": 0.6911112070083618,
    "scale_factor": 2.299009014761868,
    "hdri_file": "/data/IndoorHDRDataset2018/9C4A3459-006926b10e.exr",
    "center_offset": [
        0.0,
        -1.862645149230957e-09,
        0.0
    ],
    "lights": [],
    "frames": [
        {
            "file_path": "/data/shapenet_blender/all_50_random/02958343/552233e882a65b6431f5c3d8b8dbfe3/r_0",
            "rotation": 0.12566370614359174,
            "transform_matrix": [
                [
                    -0.9493980407714844,
                    0.1521480679512024,
                    -0.2747626006603241,
                    -1.1076034307479858
                ],
                [
                    -0.3140757083892822,
                    -0.4599180519580841,
                    0.8305611610412598,
                    3.3480992317199707
                ],
                [
                    -1.4901162970204496e-08,
                    0.8748293519020081,
                    0.4844312369823456,
                    1.9528048038482666
                ],
                [
                    0.0,
                    0.0,
                    0.0,
                    1.0
                ]
            ]
        },
        {
            "file_path": "/data/shapenet_blender/all_50_random/02958343/552233e882a65b6431f5c3d8b8dbfe3/r_1",
            "rotation": 0.12566370614359174,
            "transform_matrix": [
                [
                    -0.6157342791557312,
                    0.43216657638549805,
                    -0.6588650941848755,
                    -2.6559700965881348
                ],
                [
                    -0.7879537343978882,
                    -0.337709903717041,
                    0.5148599743843079,
                    2.0754668712615967
                ],
                [
                    0.0,
                    0.8361722826957703,
                    0.5484669208526611,
                    2.2109408378601074
                ],
                [
                    0.0,
                    0.0,
                    0.0,
                    1.0
                ]
            ]
        },
        {
            "file_path": "/data/shapenet_blender/all_50_random/02958343/552233e882a65b6431f5c3d8b8dbfe3/r_2",
            "rotation": 0.12566370614359174,
            "transform_matrix": [
                [
                    0.6330692768096924,
                    0.5397825837135315,
                    -0.5548495650291443,
                    -2.2366702556610107
                ],
                [
                    -0.7740952968597412,
                    0.4414440989494324,
                    -0.4537661075592041,
                    -1.829189658164978
                ],
                [
                    1.4901162970204496e-08,
                    0.7167717814445496,
                    0.697307825088501,
                    2.8109376430511475
                ],
                [
                    0.0,
                    0.0,
                    0.0,
                    1.0
                ]
            ]
        },
        {
            "file_path": "/data/shapenet_blender/all_50_random/02958343/552233e882a65b6431f5c3d8b8dbfe3/r_3",
            "rotation": 0.12566370614359174,
            "transform_matrix": [
                [
                    -0.6158937811851501,
                    -0.06740640103816986,
                    0.784940242767334,
                    3.1641952991485596
                ],
                [
                    0.7878292202949524,
                    -0.052695661783218384,
                    0.6136353015899658,
                    2.4736430644989014
                ],
                [
                    -3.725290298461914e-09,
                    0.9963330626487732,
                    0.0855596512556076,
                    0.344901978969574
                ],
                [
                    0.0,
                    0.0,
                    0.0,
                    1.0
                ]
            ]
        },
        {
            "file_path": "/data/shapenet_blender/all_50_random/02958343/552233e882a65b6431f5c3d8b8dbfe3/r_4",
            "rotation": 0.12566370614359174,
            "transform_matrix": [
                [
                    0.436540424823761,
                    -0.5936018228530884,
                    -0.6760690212249756,
                    -2.7253215312957764
                ],
                [
                    -0.899684727191925,
                    -0.2880244553089142,
                    -0.3280387818813324,
                    -1.322366714477539
                ],
                [
                    1.4901161193847656e-08,
                    0.7514512538909912,
                    -0.6597886085510254,
                    -2.6596932411193848
                ],
                [
                    0.0,
                    0.0,
                    0.0,
                    1.0
                ]
            ]
        },
        {
            "file_path": "/data/shapenet_blender/all_50_random/02958343/552233e882a65b6431f5c3d8b8dbfe3/r_5",
            "rotation": 0.12566370614359174,
            "transform_matrix": [
                [
                    -0.8767417669296265,
                    0.032117705792188644,
                    -0.4798879325389862,
                    -1.9344900846481323
                ],
                [
                    -0.48096153140068054,
                    -0.058547165244817734,
                    0.8747847080230713,
                    3.526370048522949
                ],
                [
                    0.0,
                    0.9977678060531616,
                    0.06677812337875366,
                    0.2691912353038788
                ],
                [
                    0.0,
                    0.0,
                    0.0,
                    1.0
                ]
            ]
        },
        {
            "file_path": "/data/shapenet_blender/all_50_random/02958343/552233e882a65b6431f5c3d8b8dbfe3/r_6",
            "rotation": 0.12566370614359174,
            "transform_matrix": [
                [
                    -0.9730411767959595,
                    0.0016607895959168673,
                    0.23062536120414734,
                    0.9296807050704956
                ],
                [
                    0.23063136637210846,
                    0.007006924599409103,
                    0.9730158448219299,
                    3.9223527908325195
                ],
                [
                    1.1641530794914701e-10,
                    0.9999741315841675,
                    -0.007201055064797401,
                    -0.029028385877609253
                ],
                [
                    0.0,
                    0.0,
                    0.0,
                    1.0
                ]
            ]
        },
        {
            "file_path": "/data/shapenet_blender/all_50_random/02958343/552233e882a65b6431f5c3d8b8dbfe3/r_7",
            "rotation": 0.12566370614359174,
            "transform_matrix": [
                [
                    0.5065367817878723,
                    -0.11500358581542969,
                    0.8545143008232117,
                    3.444657325744629
                ],
                [
                    0.86221843957901,
                    0.06756240129470825,
                    -0.5020107626914978,
                    -2.023670196533203
                ],
                [
                    0.0,
                    0.9910647869110107,
                    0.13338105380535126,
                    0.537676215171814
                ],
                [
                    0.0,
                    0.0,
                    0.0,
                    1.0
                ]
            ]
        },
        {
            "file_path": "/data/shapenet_blender/all_50_random/02958343/552233e882a65b6431f5c3d8b8dbfe3/r_8",
            "rotation": 0.12566370614359174,
            "transform_matrix": [
                [
                    -0.02152891270816326,
                    -0.023710446432232857,
                    -0.9994869232177734,
                    -4.0290608406066895
                ],
                [
                    -0.9997681975364685,
                    0.0005105785094201565,
                    0.021522855386137962,
                    0.08676141500473022
                ],
                [
                    0.0,
                    0.9997187256813049,
                    -0.02371593937277794,
                    -0.09560202062129974
                ],
                [
                    0.0,
                    0.0,
                    0.0,
                    1.0
                ]
            ]
        },
        {
            "file_path": "/data/shapenet_blender/all_50_random/02958343/552233e882a65b6431f5c3d8b8dbfe3/r_9",
            "rotation": 0.12566370614359174,
            "transform_matrix": [
                [
                    -0.6509700417518616,
                    0.27755865454673767,
                    -0.7065402865409851,
                    -2.8481550216674805
                ],
                [
                    -0.7591034770011902,
                    -0.23802074790000916,
                    0.6058944463729858,
                    2.4424386024475098
                ],
                [
                    1.4901161193847656e-08,
                    0.9307563304901123,
                    0.3656400740146637,
                    1.4739422798156738
                ],
                [
                    0.0,
                    0.0,
                    0.0,
                    1.0
                ]
            ]
        },
        {
            "file_path": "/data/shapenet_blender/all_50_random/02958343/552233e882a65b6431f5c3d8b8dbfe3/r_10",
            "rotation": 0.12566370614359174,
            "transform_matrix": [
                [
                    0.3991042375564575,
                    0.013683538883924484,
                    -0.9168035387992859,
                    -3.6957528591156006
                ],
                [
                    -0.9169055819511414,
                    0.005956074222922325,
                    -0.39905980229377747,
                    -1.6086612939834595
                ],
                [
                    0.0,
                    0.9998886585235596,
                    0.014923607930541039,
                    0.06015897914767265
                ],
                [
                    0.0,
                    0.0,
                    0.0,
                    1.0
                ]
            ]
        },
        {
            "file_path": "/data/shapenet_blender/all_50_random/02958343/552233e882a65b6431f5c3d8b8dbfe3/r_11",
            "rotation": 0.12566370614359174,
            "transform_matrix": [
                [
                    0.24756884574890137,
                    -0.10490071773529053,
                    0.9631747007369995,
                    3.882681369781494
                ],
                [
                    0.9688703417778015,
                    0.026804568246006966,
                    -0.24611347913742065,
                    -0.9921151399612427
                ],
                [
                    -1.862645149230957e-09,
                    0.9941213726997375,
                    0.10827117413282394,
                    0.4364550709724426
                ],
                [
                    0.0,
                    0.0,
                    0.0,
                    1.0
                ]
            ]
        },
        {
            "file_path": "/data/shapenet_blender/all_50_random/02958343/552233e882a65b6431f5c3d8b8dbfe3/r_12",
            "rotation": 0.12566370614359174,
            "transform_matrix": [
                [
                    0.6796934008598328,
                    0.6902344822883606,
                    -0.24817954003810883,
                    -1.000443696975708
                ],
                [
                    -0.7334961891174316,
                    0.639604926109314,
                    -0.22997526824474335,
                    -0.9270599484443665
                ],
                [
                    0.0,
                    0.338351309299469,
                    0.9410197734832764,
                    3.79337215423584
                ],
                [
                    0.0,
                    0.0,
                    0.0,
                    1.0
                ]
            ]
        },
        {
            "file_path": "/data/shapenet_blender/all_50_random/02958343/552233e882a65b6431f5c3d8b8dbfe3/r_13",
            "rotation": 0.12566370614359174,
            "transform_matrix": [
                [
                    -0.9268408417701721,
                    0.03714288771152496,
                    -0.37361276149749756,
                    -1.506081223487854
                ],
                [
                    -0.3754545748233795,
                    -0.09169032424688339,
                    0.9222942590713501,
                    3.7178871631622314
                ],
                [
                    -3.725290742551124e-09,
                    0.9950945377349854,
                    0.098927803337574,
                    0.39879071712493896
                ],
                [
                    0.0,
                    0.0,
                    0.0,
                    1.0
                ]
            ]
        },
        {
            "file_path": "/data/shapenet_blender/all_50_random/02958343/552233e882a65b6431f5c3d8b8dbfe3/r_14",
            "rotation": 0.12566370614359174,
            "transform_matrix": [
                [
                    -0.05536118894815445,
                    0.4741332232952118,
                    -0.8787108659744263,
                    -3.542196750640869
                ],
                [
                    -0.9984664916992188,
                    -0.026288894936442375,
                    0.04872119426727295,
                    0.1964014172554016
                ],
                [
                    0.0,
                    0.8800605535507202,
                    0.4748615026473999,
                    1.9142279624938965
                ],
                [
                    0.0,
                    0.0,
                    0.0,
                    1.0
                ]
            ]
        },
        {
            "file_path": "/data/shapenet_blender/all_50_random/02958343/552233e882a65b6431f5c3d8b8dbfe3/r_15",
            "rotation": 0.12566370614359174,
            "transform_matrix": [
                [
                    -0.9098865389823914,
                    -0.011856148950755596,
                    0.4146878123283386,
                    1.6716601848602295
                ],
                [
                    0.41485729813575745,
                    -0.02600352093577385,
                    0.9095147848129272,
                    3.6663715839385986
                ],
                [
                    0.0,
                    0.9995914697647095,
                    0.0285788606852293,
                    0.1152050793170929
                ],
                [
                    0.0,
                    0.0,
                    0.0,
                    1.0
                ]
            ]
        },
        {
            "file_path": "/data/shapenet_blender/all_50_random/02958343/552233e882a65b6431f5c3d8b8dbfe3/r_16",
            "rotation": 0.12566370614359174,
            "transform_matrix": [
                [
                    0.3506067991256714,
                    0.5179781317710876,
                    0.7802393436431885,
                    3.1452455520629883
                ],
                [
                    0.9365227222442627,
                    -0.1939159333705902,
                    -0.29209885001182556,
                    -1.1774882078170776
                ],
                [
                    1.4901160305669237e-08,
                    0.8331236839294434,
                    -0.5530865788459778,
                    -2.2295634746551514
                ],
                [
                    0.0,
                    0.0,
                    0.0,
                    1.0
                ]
            ]
        },
        {
            "file_path": "/data/shapenet_blender/all_50_random/02958343/552233e882a65b6431f5c3d8b8dbfe3/r_17",
            "rotation": 0.12566370614359174,
            "transform_matrix": [
                [
                    -0.9449926018714905,
                    -0.07665026187896729,
                    -0.31798407435417175,
                    -1.2818348407745361
                ],
                [
                    -0.3270919620990753,
                    0.22144821286201477,
                    0.9186791777610779,
                    3.7033143043518066
                ],
                [
                    0.0,
                    0.972154974937439,
                    -0.23433858156204224,
                    -0.9446490406990051
                ],
                [
                    0.0,
                    0.0,
                    0.0,
                    1.0
                ]
            ]
        },
        {
            "file_path": "/data/shapenet_blender/all_50_random/02958343/552233e882a65b6431f5c3d8b8dbfe3/r_18",
            "rotation": 0.12566370614359174,
            "transform_matrix": [
                [
                    0.9834964871406555,
                    0.004681565798819065,
                    -0.18086712062358856,
                    -0.7290986776351929
                ],
                [
                    -0.18092769384384155,
                    0.025448303669691086,
                    -0.9831671118736267,
                    -3.963273286819458
                ],
                [
                    0.0,
                    0.9996650815010071,
                    0.02587534300982952,
                    0.10430684685707092
                ],
                [
                    0.0,
                    0.0,
                    0.0,
                    1.0
                ]
            ]
        },
        {
            "file_path": "/data/shapenet_blender/all_50_random/02958343/552233e882a65b6431f5c3d8b8dbfe3/r_19",
            "rotation": 0.12566370614359174,
            "transform_matrix": [
                [
                    0.03527650237083435,
                    -0.5339915752410889,
                    0.8447535634040833,
                    3.40531063079834
                ],
                [
                    0.9993775486946106,
                    0.0188490878790617,
                    -0.029818514361977577,
                    -0.12020227313041687
                ],
                [
                    1.8626450382086546e-09,
                    0.8452797532081604,
                    0.534324049949646,
                    2.1539292335510254
                ],
                [
                    0.0,
                    0.0,
                    0.0,
                    1.0
                ]
            ]
        },
        {
            "file_path": "/data/shapenet_blender/all_50_random/02958343/552233e882a65b6431f5c3d8b8dbfe3/r_20",
            "rotation": 0.12566370614359174,
            "transform_matrix": [
                [
                    -0.9775708913803101,
                    0.11828314512968063,
                    -0.17425385117530823,
                    -0.7024397253990173
                ],
                [
                    -0.21060702204704285,
                    -0.5490328073501587,
                    0.8088310360908508,
                    3.2605020999908447
                ],
                [
                    0.0,
                    0.8273887038230896,
                    0.5616297125816345,
                    2.2640018463134766
                ],
                [
                    0.0,
                    0.0,
                    0.0,
                    1.0
                ]
            ]
        },
        {
            "file_path": "/data/shapenet_blender/all_50_random/02958343/552233e882a65b6431f5c3d8b8dbfe3/r_21",
            "rotation": 0.12566370614359174,
            "transform_matrix": [
                [
                    0.10480502992868423,
                    -0.7467085123062134,
                    -0.6568425297737122,
                    -2.6478166580200195
                ],
                [
                    -0.994492769241333,
                    -0.07869219034910202,
                    -0.0692216232419014,
                    -0.27904126048088074
                ],
                [
                    0.0,
                    0.6604799032211304,
                    -0.7508437633514404,
                    -3.026747703552246
                ],
                [
                    0.0,
                    0.0,
                    0.0,
                    1.0
                ]
            ]
        },
        {
            "file_path": "/data/shapenet_blender/all_50_random/02958343/552233e882a65b6431f5c3d8b8dbfe3/r_22",
            "rotation": 0.12566370614359174,
            "transform_matrix": [
                [
                    -0.9721493124961853,
                    0.10869122296571732,
                    -0.2076341211795807,
                    -0.8369998931884766
                ],
                [
                    -0.23436233401298523,
                    -0.45085781812667847,
                    0.8612790107727051,
                    3.471926689147949
                ],
                [
                    0.0,
                    0.8859533667564392,
                    0.46377432346343994,
                    1.8695341348648071
                ],
                [
                    0.0,
                    0.0,
                    0.0,
                    1.0
                ]
            ]
        },
        {
            "file_path": "/data/shapenet_blender/all_50_random/02958343/552233e882a65b6431f5c3d8b8dbfe3/r_23",
            "rotation": 0.12566370614359174,
            "transform_matrix": [
                [
                    0.3258351981639862,
                    -0.06464007496833801,
                    -0.9432142376899719,
                    -3.802218198776245
                ],
                [
                    -0.9454265832901001,
                    -0.02227778732776642,
                    -0.325072705745697,
                    -1.3104100227355957
                ],
                [
                    0.0,
                    0.9976599216461182,
                    -0.06837133318185806,
                    -0.2756136655807495
                ],
                [
                    0.0,
                    0.0,
                    0.0,
                    1.0
                ]
            ]
        },
        {
            "file_path": "/data/shapenet_blender/all_50_random/02958343/552233e882a65b6431f5c3d8b8dbfe3/r_24",
            "rotation": 0.12566370614359174,
            "transform_matrix": [
                [
                    -0.5291357040405273,
                    0.06018901243805885,
                    -0.8463997840881348,
                    -3.411947011947632
                ],
                [
                    -0.848537266254425,
                    -0.037533003836870193,
                    0.5278027653694153,
                    2.127641201019287
                ],
                [
                    3.725290742551124e-09,
                    0.9974809885025024,
                    0.07093267142772675,
                    0.2859387695789337
                ],
                [
                    0.0,
                    0.0,
                    0.0,
                    1.0
                ]
            ]
        },
        {
            "file_path": "/data/shapenet_blender/all_50_random/02958343/552233e882a65b6431f5c3d8b8dbfe3/r_25",
            "rotation": 0.12566370614359174,
            "transform_matrix": [
                [
                    -0.1197919249534607,
                    0.14167508482933044,
                    0.9826383590698242,
                    3.961141586303711
                ],
                [
                    0.9927991032600403,
                    0.017094627022743225,
                    0.11856592446565628,
                    0.4779545068740845
                ],
                [
                    1.862645149230957e-09,
                    0.9897655844688416,
                    -0.14270268380641937,
                    -0.575252890586853
                ],
                [
                    0.0,
                    0.0,
                    0.0,
                    1.0
                ]
            ]
        },
        {
            "file_path": "/data/shapenet_blender/all_50_random/02958343/552233e882a65b6431f5c3d8b8dbfe3/r_26",
            "rotation": 0.12566370614359174,
            "transform_matrix": [
                [
                    0.9430315494537354,
                    0.2479189783334732,
                    -0.22187307476997375,
                    -0.8943990468978882
                ],
                [
                    -0.33270329236984253,
                    0.7027143836021423,
                    -0.6288885474205017,
                    -2.5351309776306152
                ],
                [
                    0.0,
                    0.6668796539306641,
                    0.7451652884483337,
                    3.0038576126098633
                ],
                [
                    0.0,
                    0.0,
                    0.0,
                    1.0
                ]
            ]
        },
        {
            "file_path": "/data/shapenet_blender/all_50_random/02958343/552233e882a65b6431f5c3d8b8dbfe3/r_27",
            "rotation": 0.12566370614359174,
            "transform_matrix": [
                [
                    0.6205482482910156,
                    0.6196651458740234,
                    -0.4805568754673004,
                    -1.9371867179870605
                ],
                [
                    -0.7841682434082031,
                    0.49036940932273865,
                    -0.38028669357299805,
                    -1.532984733581543
                ],
                [
                    -1.4901161193847656e-08,
                    0.6128237247467041,
                    0.7902197241783142,
                    3.1854774951934814
                ],
                [
                    0.0,
                    0.0,
                    0.0,
                    1.0
                ]
            ]
        },
        {
            "file_path": "/data/shapenet_blender/all_50_random/02958343/552233e882a65b6431f5c3d8b8dbfe3/r_28",
            "rotation": 0.12566370614359174,
            "transform_matrix": [
                [
                    0.6255728602409363,
                    -0.32838332653045654,
                    0.7076884508132935,
                    2.852783441543579
                ],
                [
                    0.7801657915115356,
                    0.2633128762245178,
                    -0.5674571990966797,
                    -2.2874932289123535
                ],
                [
                    0.0,
                    0.9071001410484314,
                    0.42091482877731323,
                    1.696761965751648
                ],
                [
                    0.0,
                    0.0,
                    0.0,
                    1.0
                ]
            ]
        },
        {
            "file_path": "/data/shapenet_blender/all_50_random/02958343/552233e882a65b6431f5c3d8b8dbfe3/r_29",
            "rotation": 0.12566370614359174,
            "transform_matrix": [
                [
                    0.9779481291770935,
                    0.19907064735889435,
                    0.06315366923809052,
                    0.25458061695098877
                ],
                [
                    0.20884805917739868,
                    -0.9321646094322205,
                    -0.29572221636772156,
                    -1.1920945644378662
                ],
                [
                    3.725290298461914e-09,
                    0.3023904860019684,
                    -0.9531840682029724,
                    -3.8424081802368164
                ],
                [
                    0.0,
                    0.0,
                    0.0,
                    1.0
                ]
            ]
        },
        {
            "file_path": "/data/shapenet_blender/all_50_random/02958343/552233e882a65b6431f5c3d8b8dbfe3/r_30",
            "rotation": 0.12566370614359174,
            "transform_matrix": [
                [
                    -0.9956924319267273,
                    0.0018505239859223366,
                    0.09270023554563522,
                    0.37368661165237427
                ],
                [
                    0.0927187129855156,
                    0.019872501492500305,
                    0.99549400806427,
                    4.012964725494385
                ],
                [
                    -1.1641533570472262e-10,
                    0.9998007416725159,
                    -0.019958477467298508,
                    -0.08045519888401031
                ],
                [
                    0.0,
                    0.0,
                    0.0,
                    1.0
                ]
            ]
        },
        {
            "file_path": "/data/shapenet_blender/all_50_random/02958343/552233e882a65b6431f5c3d8b8dbfe3/r_31",
            "rotation": 0.12566370614359174,
            "transform_matrix": [
                [
                    -0.9995608925819397,
                    0.016699185594916344,
                    0.024478070437908173,
                    0.09867426007986069
                ],
                [
                    0.0296317208558321,
                    0.5633102655410767,
                    0.8257138729095459,
                    3.328559160232544
                ],
                [
                    9.313225191043273e-10,
                    0.8260766267776489,
                    -0.5635578036308289,
                    -2.2717740535736084
                ],
                [
                    0.0,
                    0.0,
                    0.0,
                    1.0
                ]
            ]
        },
        {
            "file_path": "/data/shapenet_blender/all_50_random/02958343/552233e882a65b6431f5c3d8b8dbfe3/r_32",
            "rotation": 0.12566370614359174,
            "transform_matrix": [
                [
                    0.5953714847564697,
                    -0.04938556253910065,
                    -0.8019313216209412,
                    -3.2326886653900146
                ],
                [
                    -0.8034506440162659,
                    -0.03659559413790703,
                    -0.5942456126213074,
                    -2.3954806327819824
                ],
                [
                    0.0,
                    0.9981091618537903,
                    -0.061466824263334274,
                    -0.2477806955575943
                ],
                [
                    0.0,
                    0.0,
                    0.0,
                    1.0
                ]
            ]
        },
        {
            "file_path": "/data/shapenet_blender/all_50_random/02958343/552233e882a65b6431f5c3d8b8dbfe3/r_33",
            "rotation": 0.12566370614359174,
            "transform_matrix": [
                [
                    0.6256943345069885,
                    -0.21714657545089722,
                    -0.7492356300354004,
                    -3.0202653408050537
                ],
                [
                    -0.7800684571266174,
                    -0.17417368292808533,
                    -0.600963294506073,
                    -2.422560453414917
                ],
                [
                    0.0,
                    0.9604742527008057,
                    -0.27836865186691284,
                    -1.1221399307250977
                ],
                [
                    0.0,
                    0.0,
                    0.0,
                    1.0
                ]
            ]
        },
        {
            "file_path": "/data/shapenet_blender/all_50_random/02958343/552233e882a65b6431f5c3d8b8dbfe3/r_34",
            "rotation": 0.12566370614359174,
            "transform_matrix": [
                [
                    0.9734554886817932,
                    0.009923390112817287,
                    -0.2286611646413803,
                    -0.9217626452445984
                ],
                [
                    -0.22887639701366425,
                    0.04220609366893768,
                    -0.9725400805473328,
                    -3.9204344749450684
                ],
                [
                    0.0,
                    0.9990594983100891,
                    0.043356988579034805,
                    0.17477761209011078
                ],
                [
                    0.0,
                    0.0,
                    0.0,
                    1.0
                ]
            ]
        },
        {
            "file_path": "/data/shapenet_blender/all_50_random/02958343/552233e882a65b6431f5c3d8b8dbfe3/r_35",
            "rotation": 0.12566370614359174,
            "transform_matrix": [
                [
                    0.3066403865814209,
                    -0.12553676962852478,
                    0.9435105919837952,
                    3.803412914276123
                ],
                [
                    0.9518254995346069,
                    0.04044295847415924,
                    -0.3039616346359253,
                    -1.2253085374832153
                ],
                [
                    0.0,
                    0.9912642240524292,
                    0.13189053535461426,
                    0.5316677689552307
                ],
                [
                    0.0,
                    0.0,
                    0.0,
                    1.0
                ]
            ]
        },
        {
            "file_path": "/data/shapenet_blender/all_50_random/02958343/552233e882a65b6431f5c3d8b8dbfe3/r_36",
            "rotation": 0.12566370614359174,
            "transform_matrix": [
                [
                    -0.331407755613327,
                    -0.31395483016967773,
                    -0.8897197246551514,
                    -3.5865750312805176
                ],
                [
                    -0.9434876441955566,
                    0.11027920991182327,
                    0.3125213384628296,
                    1.2598137855529785
                ],
                [
                    7.450581485102248e-09,
                    0.9430115222930908,
                    -0.33275988698005676,
                    -1.341398000717163
                ],
                [
                    0.0,
                    0.0,
                    0.0,
                    1.0
                ]
            ]
        },
        {
            "file_path": "/data/shapenet_blender/all_50_random/02958343/552233e882a65b6431f5c3d8b8dbfe3/r_37",
            "rotation": 0.12566370614359174,
            "transform_matrix": [
                [
                    -0.9961097240447998,
                    0.043279871344566345,
                    0.07676225155591965,
                    0.3094385266304016
                ],
                [
                    0.08812259137630463,
                    0.4892219007015228,
                    0.8676959872245789,
                    3.4977943897247314
                ],
                [
                    -3.725290742551124e-09,
                    0.8710847496986389,
                    -0.49113261699676514,
                    -1.9798189401626587
                ],
                [
                    0.0,
                    0.0,
                    0.0,
                    1.0
                ]
            ]
        },
        {
            "file_path": "/data/shapenet_blender/all_50_random/02958343/552233e882a65b6431f5c3d8b8dbfe3/r_38",
            "rotation": 0.12566370614359174,
            "transform_matrix": [
                [
                    0.450435996055603,
                    0.2813423275947571,
                    -0.8473215699195862,
                    -3.4156625270843506
                ],
                [
                    -0.8928087949752808,
                    0.1419415920972824,
                    -0.42748698592185974,
                    -1.7232551574707031
                ],
                [
                    -1.4901162970204496e-08,
                    0.9490516185760498,
                    0.31512048840522766,
                    1.2702913284301758
                ],
                [
                    0.0,
                    0.0,
                    0.0,
                    1.0
                ]
            ]
        },
        {
            "file_path": "/data/shapenet_blender/all_50_random/02958343/552233e882a65b6431f5c3d8b8dbfe3/r_39",
            "rotation": 0.12566370614359174,
            "transform_matrix": [
                [
                    -0.5434169769287109,
                    -0.0004469759587664157,
                    0.8394628763198853,
                    3.3839826583862305
                ],
                [
                    0.83946293592453,
                    -0.000289344898192212,
                    0.5434169173240662,
                    2.1905834674835205
                ],
                [
                    0.0,
                    0.9999999403953552,
                    0.000532454636413604,
                    0.002146393060684204
                ],
                [
                    0.0,
                    0.0,
                    0.0,
                    1.0
                ]
            ]
        },
        {
            "file_path": "/data/shapenet_blender/all_50_random/02958343/552233e882a65b6431f5c3d8b8dbfe3/r_40",
            "rotation": 0.12566370614359174,
            "transform_matrix": [
                [
                    -0.11011049151420593,
                    -0.5366405248641968,
                    -0.836595892906189,
                    -3.3724257946014404
                ],
                [
                    -0.9939193725585938,
                    0.05945125222206116,
                    0.09268154203891754,
                    0.3736112415790558
                ],
                [
                    3.725290298461914e-09,
                    0.8417140245437622,
                    -0.5399236083030701,
                    -2.176501750946045
                ],
                [
                    0.0,
                    0.0,
                    0.0,
                    1.0
                ]
            ]
        },
        {
            "file_path": "/data/shapenet_blender/all_50_random/02958343/552233e882a65b6431f5c3d8b8dbfe3/r_41",
            "rotation": 0.12566370614359174,
            "transform_matrix": [
                [
                    -0.11027347296476364,
                    -0.3542000353336334,
                    0.9286451935768127,
                    3.7434887886047363
                ],
                [
                    0.9939013719558716,
                    -0.039298538118600845,
                    0.10303329676389694,
                    0.4153405427932739
                ],
                [
