{
    "class": "02958343",
    "model": "5e87b04efd58cc8922412d2a728de1d5",
    "remove_doubles": true,
    "edge_split": true,
    "denoise": true,
    "camera_angle_x": 0.6911112070083618,
    "scale_factor": 2.231236483019707,
    "hdri_file": "/data/IndoorHDRDataset2018/9C4A7895-3e4cf03b48.exr",
    "center_offset": [
        0.0,
        -3.725290298461914e-09,
        -3.725290298461914e-09
    ],
    "lights": [],
    "frames": [
        {
            "file_path": "/data/shapenet_blender/all_50_random/02958343/5e87b04efd58cc8922412d2a728de1d5/r_0",
            "rotation": 0.12566370614359174,
            "transform_matrix": [
                [
                    -0.9758133292198181,
                    0.014005491510033607,
                    -0.21815623342990875,
                    -0.8794159889221191
                ],
                [
                    -0.21860535442829132,
                    -0.06251788884401321,
                    0.9738085269927979,
                    3.9255480766296387
                ],
                [
                    0.0,
                    0.9979455471038818,
                    0.06406745314598083,
                    0.2582641839981079
                ],
                [
                    0.0,
                    0.0,
                    0.0,
                    1.0
                ]
            ]
        },
        {
            "file_path": "/data/shapenet_blender/all_50_random/02958343/5e87b04efd58cc8922412d2a728de1d5/r_1",
            "rotation": 0.12566370614359174,
            "transform_matrix": [
                [
                    0.5890194773674011,
                    -0.299911767244339,
                    -0.7504058480262756,
                    -3.0249826908111572
                ],
                [
                    -0.8081188797950745,
                    -0.2185988873243332,
                    -0.5469537973403931,
                    -2.204841375350952
                ],
                [
                    -1.4901161193847656e-08,
                    0.9285835027694702,
                    -0.371123343706131,
                    -1.4960460662841797
                ],
                [
                    0.0,
                    0.0,
                    0.0,
                    1.0
                ]
            ]
        },
        {
            "file_path": "/data/shapenet_blender/all_50_random/02958343/5e87b04efd58cc8922412d2a728de1d5/r_2",
            "rotation": 0.12566370614359174,
            "transform_matrix": [
                [
                    -0.6053946614265442,
                    0.17723730206489563,
                    0.7759408950805664,
                    3.127917766571045
                ],
                [
                    0.7959254384040833,
                    0.13480974733829498,
                    0.590194046497345,
                    2.379148244857788
                ],
                [
                    7.450580596923828e-09,
                    0.9748914241790771,
                    -0.22268076241016388,
                    -0.8976548910140991
                ],
                [
                    0.0,
                    0.0,
                    0.0,
                    1.0
                ]
            ]
        },
        {
            "file_path": "/data/shapenet_blender/all_50_random/02958343/5e87b04efd58cc8922412d2a728de1d5/r_3",
            "rotation": 0.12566370614359174,
            "transform_matrix": [
                [
                    0.6595672369003296,
                    -0.2582080066204071,
                    0.7059033513069153,
                    2.8455874919891357
                ],
                [
                    0.7516454458236694,
                    0.22657695412635803,
                    -0.6194286942481995,
                    -2.4969968795776367
                ],
                [
                    1.4901161193847656e-08,
                    0.93914395570755,
                    0.34352365136146545,
                    1.384788155555725
                ],
                [
                    0.0,
                    0.0,
                    0.0,
                    1.0
                ]
            ]
        },
        {
            "file_path": "/data/shapenet_blender/all_50_random/02958343/5e87b04efd58cc8922412d2a728de1d5/r_4",
            "rotation": 0.12566370614359174,
            "transform_matrix": [
                [
                    -0.2900528311729431,
                    0.32866740226745605,
                    0.8988031148910522,
                    3.6231913566589355
                ],
                [
                    0.9570107460021973,
                    0.09961321204900742,
                    0.27241116762161255,
                    1.0981245040893555
                ],
                [
                    7.450582373280668e-09,
                    0.9391776919364929,
                    -0.343431293964386,
                    -1.384415864944458
                ],
                [
                    0.0,
                    0.0,
                    0.0,
                    1.0
                ]
            ]
        },
        {
            "file_path": "/data/shapenet_blender/all_50_random/02958343/5e87b04efd58cc8922412d2a728de1d5/r_5",
            "rotation": 0.12566370614359174,
            "transform_matrix": [
                [
                    0.12480475753545761,
                    -0.22888584434986115,
                    0.9654196500778198,
                    3.891731023788452
                ],
                [
                    0.9921813607215881,
                    0.028791148215532303,
                    -0.12143843621015549,
                    -0.4895339906215668
                ],
                [
                    -1.862645149230957e-09,
                    0.9730274081230164,
                    0.23068955540657043,
                    0.929939329624176
                ],
                [
                    0.0,
                    0.0,
                    0.0,
                    1.0
                ]
            ]
        },
        {
            "file_path": "/data/shapenet_blender/all_50_random/02958343/5e87b04efd58cc8922412d2a728de1d5/r_6",
            "rotation": 0.12566370614359174,
            "transform_matrix": [
                [
                    -0.7768193483352661,
                    0.5723002552986145,
                    0.2627241909503937,
                    1.059075117111206
                ],
                [
                    0.629723310470581,
                    0.7059829831123352,
                    0.3240935206413269,
                    1.3064627647399902
                ],
                [
                    0.0,
                    0.41720569133758545,
                    -0.9088121056556702,
                    -3.663538694381714
                ],
                [
                    0.0,
                    0.0,
                    0.0,
                    1.0
                ]
            ]
        },
        {
            "file_path": "/data/shapenet_blender/all_50_random/02958343/5e87b04efd58cc8922412d2a728de1d5/r_7",
            "rotation": 0.12566370614359174,
            "transform_matrix": [
                [
                    -0.3065313994884491,
                    -0.7480291128158569,
                    0.5886346697807312,
                    2.3728623390197754
                ],
                [
                    0.9518604874610901,
                    -0.24089078605175018,
                    0.18956035375595093,
                    0.7641422152519226
                ],
                [
                    0.0,
                    0.6184043288230896,
                    0.7858600616455078,
                    3.167903184890747
                ],
                [
                    0.0,
                    0.0,
                    0.0,
                    1.0
                ]
            ]
        },
        {
            "file_path": "/data/shapenet_blender/all_50_random/02958343/5e87b04efd58cc8922412d2a728de1d5/r_8",
            "rotation": 0.12566370614359174,
            "transform_matrix": [
                [
                    -0.7218578457832336,
                    0.024612855166196823,
                    -0.6916034817695618,
                    -2.787943124771118
                ],
                [
                    -0.6920413970947266,
                    -0.025673294439911842,
                    0.7214010953903198,
                    2.9080610275268555
                ],
                [
                    0.0,
                    0.9993672966957092,
                    0.0355655811727047,
                    0.14336945116519928
                ],
                [
                    0.0,
                    0.0,
                    0.0,
                    1.0
                ]
            ]
        },
        {
            "file_path": "/data/shapenet_blender/all_50_random/02958343/5e87b04efd58cc8922412d2a728de1d5/r_9",
            "rotation": 0.12566370614359174,
            "transform_matrix": [
                [
                    -0.9660840630531311,
                    -0.07109135389328003,
                    -0.24824915826320648,
                    -1.0007244348526
                ],
                [
                    -0.2582278847694397,
                    0.2659674882888794,
                    0.9287515878677368,
                    3.74391770362854
                ],
                [
                    0.0,
                    0.9613569378852844,
                    -0.2753046751022339,
                    -1.1097887754440308
                ],
                [
                    0.0,
                    0.0,
                    0.0,
                    1.0
                ]
            ]
        },
        {
            "file_path": "/data/shapenet_blender/all_50_random/02958343/5e87b04efd58cc8922412d2a728de1d5/r_10",
            "rotation": 0.12566370614359174,
            "transform_matrix": [
                [
                    -0.08321141451597214,
                    -0.3060910403728485,
                    -0.9483586549758911,
                    -3.822956085205078
                ],
                [
                    -0.9965318441390991,
                    0.025558913126587868,
                    0.07918891310691833,
                    0.31922072172164917
                ],
                [
                    0.0,
                    0.9516590237617493,
                    -0.3071562945842743,
                    -1.2381865978240967
                ],
                [
                    0.0,
                    0.0,
                    0.0,
                    1.0
                ]
            ]
        },
        {
            "file_path": "/data/shapenet_blender/all_50_random/02958343/5e87b04efd58cc8922412d2a728de1d5/r_11",
            "rotation": 0.12566370614359174,
            "transform_matrix": [
                [
                    -0.00829123891890049,
                    -0.6165935397148132,
                    0.7872379422187805,
                    3.1734578609466553
                ],
                [
                    0.9999656677246094,
                    -0.005112499929964542,
                    0.006527401506900787,
                    0.026312798261642456
                ],
                [
                    4.656613428188905e-10,
                    0.7872650027275085,
                    0.6166146397590637,
                    2.4856534004211426
                ],
                [
                    0.0,
                    0.0,
                    0.0,
                    1.0
                ]
            ]
        },
        {
            "file_path": "/data/shapenet_blender/all_50_random/02958343/5e87b04efd58cc8922412d2a728de1d5/r_12",
            "rotation": 0.12566370614359174,
            "transform_matrix": [
                [
                    0.5598809123039246,
                    -0.026371359825134277,
                    0.8281533122062683,
                    3.338392496109009
                ],
                [
                    0.8285729885101318,
                    0.01781957969069481,
                    -0.559597373008728,
                    -2.2558088302612305
                ],
                [
                    -9.313224635931761e-10,
                    0.9994933009147644,
                    0.031827446073293686,
                    0.1283005177974701
                ],
                [
                    0.0,
                    0.0,
                    0.0,
                    1.0
                ]
            ]
        },
        {
            "file_path": "/data/shapenet_blender/all_50_random/02958343/5e87b04efd58cc8922412d2a728de1d5/r_13",
            "rotation": 0.12566370614359174,
            "transform_matrix": [
                [
                    -0.6769343018531799,
                    -0.21249015629291534,
                    0.7047041058540344,
                    2.8407533168792725
                ],
                [
                    0.7360435128211975,
                    -0.19542576372623444,
                    0.6481116414070129,
                    2.612621784210205
                ],
                [
                    0.0,
                    0.9574219584465027,
                    0.2886923551559448,
                    1.163756251335144
                ],
                [
                    0.0,
                    0.0,
                    0.0,
                    1.0
                ]
            ]
        },
        {
            "file_path": "/data/shapenet_blender/all_50_random/02958343/5e87b04efd58cc8922412d2a728de1d5/r_14",
            "rotation": 0.12566370614359174,
            "transform_matrix": [
                [
                    0.9964834451675415,
                    -0.03307699039578438,
                    -0.07698546350002289,
                    -0.3103383183479309
                ],
                [
                    -0.08379051089286804,
                    -0.39337000250816345,
                    -0.9155539870262146,
                    -3.69071626663208
                ],
                [
                    -1.862645149230957e-09,
                    0.9187850952148438,
                    -0.3947581648826599,
                    -1.5913211107254028
                ],
                [
                    0.0,
                    0.0,
                    0.0,
                    1.0
                ]
            ]
        },
        {
            "file_path": "/data/shapenet_blender/all_50_random/02958343/5e87b04efd58cc8922412d2a728de1d5/r_15",
            "rotation": 0.12566370614359174,
            "transform_matrix": [
                [
                    -0.983702540397644,
                    0.11900908499956131,
                    -0.13478197157382965,
                    -0.5433235168457031
                ],
                [
                    -0.17980363965034485,
                    -0.6510965824127197,
                    0.7373898029327393,
                    2.972513437271118
                ],
                [
                    0.0,
                    0.7496064305305481,
                    0.6618837118148804,
                    2.6681385040283203
                ],
                [
                    0.0,
                    0.0,
                    0.0,
                    1.0
                ]
            ]
        },
        {
            "file_path": "/data/shapenet_blender/all_50_random/02958343/5e87b04efd58cc8922412d2a728de1d5/r_16",
            "rotation": 0.12566370614359174,
            "transform_matrix": [
                [
                    0.9524695873260498,
                    0.16873684525489807,
                    0.2536328434944153,
                    1.022426724433899
                ],
                [
                    0.30463382601737976,
                    -0.5275734066963196,
                    -0.7930096983909607,
                    -3.1967244148254395
                ],
                [
                    -1.4901162970204496e-08,
                    0.8325827121734619,
                    -0.5539005994796753,
                    -2.232844829559326
                ],
                [
                    0.0,
                    0.0,
                    0.0,
                    1.0
                ]
            ]
        },
        {
            "file_path": "/data/shapenet_blender/all_50_random/02958343/5e87b04efd58cc8922412d2a728de1d5/r_17",
            "rotation": 0.12566370614359174,
            "transform_matrix": [
                [
                    0.7488887310028076,
                    0.24797353148460388,
                    -0.6145524978637695,
                    -2.4773404598236084
                ],
                [
                    -0.6626957654953003,
                    0.28022605180740356,
                    -0.6944838166236877,
                    -2.799553871154785
                ],
                [
                    1.4901161193847656e-08,
                    0.9273524284362793,
                    0.3741891086101532,
                    1.5084044933319092
                ],
                [
                    0.0,
                    0.0,
                    0.0,
                    1.0
                ]
            ]
        },
        {
            "file_path": "/data/shapenet_blender/all_50_random/02958343/5e87b04efd58cc8922412d2a728de1d5/r_18",
            "rotation": 0.12566370614359174,
            "transform_matrix": [
                [
                    -0.47178977727890015,
                    -0.11139463633298874,
                    -0.8746459484100342,
                    -3.525810718536377
                ],
                [
                    -0.8817111849784851,
                    0.059605516493320465,
                    0.4680092930793762,
                    1.886605978012085
                ],
                [
                    0.0,
                    0.9919870495796204,
                    -0.1263391375541687,
                    -0.5092893838882446
                ],
                [
                    0.0,
                    0.0,
                    0.0,
                    1.0
                ]
            ]
        },
        {
            "file_path": "/data/shapenet_blender/all_50_random/02958343/5e87b04efd58cc8922412d2a728de1d5/r_19",
            "rotation": 0.12566370614359174,
            "transform_matrix": [
                [
                    0.7144708633422852,
                    -0.4859742224216461,
                    -0.5033491849899292,
                    -2.0290653705596924
                ],
                [
                    -0.6996651887893677,
                    -0.4962579905986786,
                    -0.5140005946159363,
                    -2.072002649307251
                ],
                [
                    -1.4901161193847656e-08,
                    0.7194142937660217,
                    -0.6945812106132507,
                    -2.7999463081359863
                ],
                [
                    0.0,
                    0.0,
                    0.0,
                    1.0
                ]
            ]
        },
        {
            "file_path": "/data/shapenet_blender/all_50_random/02958343/5e87b04efd58cc8922412d2a728de1d5/r_20",
            "rotation": 0.12566370614359174,
            "transform_matrix": [
                [
                    0.3620099127292633,
                    0.4289005398750305,
                    -0.827643096446991,
                    -3.336336135864258
                ],
                [
                    -0.9321743249893188,
                    0.16656354069709778,
                    -0.3214152455329895,
                    -1.2956663370132446
                ],
                [
                    -1.4901162970204496e-08,
                    0.8878629803657532,
                    0.4601077139377594,
                    1.8547534942626953
                ],
                [
                    0.0,
                    0.0,
                    0.0,
                    1.0
                ]
            ]
        },
        {
            "file_path": "/data/shapenet_blender/all_50_random/02958343/5e87b04efd58cc8922412d2a728de1d5/r_21",
            "rotation": 0.12566370614359174,
            "transform_matrix": [
                [
                    0.6926097869873047,
                    0.3615310490131378,
                    -0.6241690516471863,
                    -2.516105890274048
                ],
                [
                    -0.7213125228881836,
                    0.34714487195014954,
                    -0.5993319153785706,
                    -2.4159841537475586
                ],
                [
                    -1.4901161193847656e-08,
                    0.8653240203857422,
                    0.5012128353118896,
                    2.020453453063965
                ],
                [
                    0.0,
                    0.0,
                    0.0,
                    1.0
                ]
            ]
        },
        {
            "file_path": "/data/shapenet_blender/all_50_random/02958343/5e87b04efd58cc8922412d2a728de1d5/r_22",
            "rotation": 0.12566370614359174,
            "transform_matrix": [
                [
                    -0.969907283782959,
                    0.19694678485393524,
                    0.14314992725849152,
                    0.577055811882019
                ],
                [
                    0.24347473680973053,
                    0.7845582962036133,
                    0.5702528357505798,
                    2.298762798309326
                ],
                [
                    0.0,
                    0.5879457592964172,
                    -0.8089003562927246,
                    -3.2607815265655518
                ],
                [
                    0.0,
                    0.0,
                    0.0,
                    1.0
                ]
            ]
        },
        {
            "file_path": "/data/shapenet_blender/all_50_random/02958343/5e87b04efd58cc8922412d2a728de1d5/r_23",
            "rotation": 0.12566370614359174,
            "transform_matrix": [
                [
                    0.690381646156311,
                    -0.10939502716064453,
                    -0.7151264548301697,
                    -2.8827669620513916
                ],
                [
                    -0.7234453558921814,
                    -0.10439532995223999,
                    -0.6824429631233215,
                    -2.7510156631469727
                ],
                [
                    7.450581485102248e-09,
                    0.9885010123252869,
                    -0.15121394395828247,
                    -0.6095629334449768
                ],
                [
                    0.0,
                    0.0,
                    0.0,
                    1.0
                ]
            ]
        },
        {
            "file_path": "/data/shapenet_blender/all_50_random/02958343/5e87b04efd58cc8922412d2a728de1d5/r_24",
            "rotation": 0.12566370614359174,
            "transform_matrix": [
                [
                    0.408204048871994,
                    -0.000549070246051997,
                    0.9128905534744263,
                    3.6799795627593994
                ],
                [
                    0.9128907918930054,
                    0.0002455197391100228,
                    -0.40820395946502686,
                    -1.6455228328704834
                ],
                [
                    0.0,
                    0.9999998807907104,
                    0.0006014632526785135,
                    0.0024245758540928364
                ],
                [
                    0.0,
                    0.0,
                    0.0,
                    1.0
                ]
            ]
        },
        {
            "file_path": "/data/shapenet_blender/all_50_random/02958343/5e87b04efd58cc8922412d2a728de1d5/r_25",
            "rotation": 0.12566370614359174,
            "transform_matrix": [
                [
                    0.9973171949386597,
                    0.05180097743868828,
                    0.05172270908951759,
                    0.2085009068250656
                ],
                [
                    0.07320233434438705,
                    -0.705742597579956,
                    -0.7046762704849243,
                    -2.8406410217285156
                ],
                [
                    0.0,
                    0.7065720558166504,
                    -0.7076411247253418,
                    -2.852592706680298
                ],
                [
                    0.0,
                    0.0,
                    0.0,
                    1.0
                ]
            ]
        },
        {
            "file_path": "/data/shapenet_blender/all_50_random/02958343/5e87b04efd58cc8922412d2a728de1d5/r_26",
            "rotation": 0.12566370614359174,
            "transform_matrix": [
                [
                    -0.441054105758667,
                    0.1506570279598236,
                    0.8847449421882629,
                    3.566521167755127
                ],
                [
                    0.8974806070327759,
                    0.07403825968503952,
                    0.4347953498363495,
                    1.7527161836624146
                ],
                [
                    0.0,
                    0.9858096241950989,
                    -0.16786663234233856,
                    -0.6766921281814575
                ],
                [
                    0.0,
                    0.0,
                    0.0,
                    1.0
                ]
            ]
        },
        {
            "file_path": "/data/shapenet_blender/all_50_random/02958343/5e87b04efd58cc8922412d2a728de1d5/r_27",
            "rotation": 0.12566370614359174,
            "transform_matrix": [
                [
                    0.6269055008888245,
                    0.10655635595321655,
                    -0.7717739939689636,
                    -3.1111207008361816
                ],
                [
                    -0.7790952920913696,
                    0.08574146032333374,
                    -0.6210143566131592,
                    -2.5033891201019287
                ],
                [
                    0.0,
                    0.9906028509140015,
                    0.1367693394422531,
                    0.5513349175453186
                ],
                [
                    0.0,
                    0.0,
                    0.0,
                    1.0
                ]
            ]
        },
        {
            "file_path": "/data/shapenet_blender/all_50_random/02958343/5e87b04efd58cc8922412d2a728de1d5/r_28",
            "rotation": 0.12566370614359174,
            "transform_matrix": [
                [
                    0.5117354393005371,
                    0.10714378207921982,
                    0.8524359464645386,
                    3.436279296875
                ],
                [
                    0.8591431975364685,
                    -0.0638185441493988,
                    -0.5077403783798218,
                    -2.046766996383667
                ],
                [
                    -7.450581485102248e-09,
                    0.9921931028366089,
                    -0.12471006065607071,
                    -0.5027223229408264
                ],
                [
                    0.0,
                    0.0,
                    0.0,
                    1.0
                ]
            ]
        },
        {
            "file_path": "/data/shapenet_blender/all_50_random/02958343/5e87b04efd58cc8922412d2a728de1d5/r_29",
            "rotation": 0.12566370614359174,
            "transform_matrix": [
                [
                    0.42053747177124023,
                    -0.014737538062036037,
                    0.9071553945541382,
                    3.656860589981079
                ],
                [
                    0.9072752594947815,
                    0.006831099279224873,
                    -0.42048192024230957,
                    -1.6950169801712036
                ],
                [
                    -4.656613428188905e-10,
                    0.9998679757118225,
                    0.01624373346567154,
                    0.06548058986663818
                ],
                [
                    0.0,
                    0.0,
                    0.0,
                    1.0
                ]
            ]
        },
        {
            "file_path": "/data/shapenet_blender/all_50_random/02958343/5e87b04efd58cc8922412d2a728de1d5/r_30",
            "rotation": 0.12566370614359174,
            "transform_matrix": [
                [
                    -0.1901034712791443,
                    -0.2583721876144409,
                    -0.9471559524536133,
                    -3.818107843399048
                ],
                [
                    -0.9817640781402588,
                    0.05002979189157486,
                    0.1834021359682083,
                    0.7393176555633545
                ],
                [
                    3.725290298461914e-09,
                    0.9647490978240967,
                    -0.26317137479782104,
                    -1.060877799987793
                ],
                [
                    0.0,
                    0.0,
                    0.0,
                    1.0
                ]
            ]
        },
        {
            "file_path": "/data/shapenet_blender/all_50_random/02958343/5e87b04efd58cc8922412d2a728de1d5/r_31",
            "rotation": 0.12566370614359174,
            "transform_matrix": [
                [
                    -0.9084346890449524,
                    -0.01053124014288187,
                    0.417894184589386,
                    1.6845853328704834
                ],
                [
                    0.4180268347263336,
                    -0.02288595400750637,
                    0.9081463813781738,
                    3.6608550548553467
                ],
                [
                    -9.313225746154785e-10,
                    0.999682605266571,
                    0.025192739441990852,
                    0.10155518352985382
                ],
                [
                    0.0,
                    0.0,
                    0.0,
                    1.0
                ]
            ]
        },
        {
            "file_path": "/data/shapenet_blender/all_50_random/02958343/5e87b04efd58cc8922412d2a728de1d5/r_32",
            "rotation": 0.12566370614359174,
            "transform_matrix": [
                [
                    0.9136407971382141,
                    0.03876104578375816,
                    0.40467023849487305,
                    1.6312776803970337
                ],
                [
                    0.40652230381965637,
                    -0.08711372315883636,
                    -0.9094783663749695,
                    -3.666224241256714
                ],
                [
                    -3.725290076417309e-09,
                    0.9954439401626587,
                    -0.09534791111946106,
                    -0.3843596875667572
                ],
                [
                    0.0,
                    0.0,
                    0.0,
                    1.0
                ]
            ]
        },
        {
            "file_path": "/data/shapenet_blender/all_50_random/02958343/5e87b04efd58cc8922412d2a728de1d5/r_33",
            "rotation": 0.12566370614359174,
            "transform_matrix": [
                [
                    0.958920419216156,
                    -0.26300033926963806,
                    -0.106313057243824,
                    -0.42856162786483765
                ],
                [
                    -0.28367528319358826,
                    -0.8890319466590881,
                    -0.3593748211860657,
                    -1.4486862421035767
                ],
                [
                    -7.450580596923828e-09,
                    0.37477025389671326,
                    -0.9271177053451538,
                    -3.737330913543701
                ],
                [
                    0.0,
                    0.0,
                    0.0,
                    1.0
                ]
            ]
        },
        {
            "file_path": "/data/shapenet_blender/all_50_random/02958343/5e87b04efd58cc8922412d2a728de1d5/r_34",
            "rotation": 0.12566370614359174,
            "transform_matrix": [
                [
                    0.8957650661468506,
                    -0.10547587275505066,
                    -0.4318331480026245,
                    -1.740775227546692
                ],
                [
                    -0.4445279538631439,
                    -0.21254368126392365,
                    -0.8701838850975037,
                    -3.5078237056732178
                ],
                [
                    0.0,
                    0.9714421033859253,
                    -0.23727618157863617,
                    -0.9564909338951111
                ],
                [
                    0.0,
                    0.0,
                    0.0,
                    1.0
                ]
            ]
        },
        {
            "file_path": "/data/shapenet_blender/all_50_random/02958343/5e87b04efd58cc8922412d2a728de1d5/r_35",
            "rotation": 0.12566370614359174,
            "transform_matrix": [
                [
                    -0.9852758049964905,
                    0.16550222039222717,
                    0.042903393507003784,
                    0.17294910550117493
                ],
                [
                    0.1709727644920349,
                    0.9537502527236938,
                    0.24724213778972626,
                    0.9966649413108826
                ],
                [
                    0.0,
                    0.25093701481819153,
                    -0.9680033922195435,
                    -3.902146577835083
                ],
                [
                    0.0,
                    0.0,
                    0.0,
                    1.0
                ]
            ]
        },
        {
            "file_path": "/data/shapenet_blender/all_50_random/02958343/5e87b04efd58cc8922412d2a728de1d5/r_36",
            "rotation": 0.12566370614359174,
            "transform_matrix": [
                [
                    -0.42161253094673157,
                    -0.3166520297527313,
                    0.8496907353401184,
                    3.425212860107422
                ],
                [
                    0.9067760705947876,
                    -0.14722980558872223,
                    0.39507025480270386,
                    1.5925791263580322
                ],
                [
                    0.0,
                    0.9370458126068115,
                    0.34920641779899597,
                    1.4076961278915405
                ],
                [
                    0.0,
                    0.0,
                    0.0,
                    1.0
                ]
            ]
        },
        {
            "file_path": "/data/shapenet_blender/all_50_random/02958343/5e87b04efd58cc8922412d2a728de1d5/r_37",
            "rotation": 0.12566370614359174,
            "transform_matrix": [
                [
                    -0.0648985356092453,
                    0.31647148728370667,
                    0.9463794231414795,
                    3.8149774074554443
                ],
                [
                    0.997891902923584,
                    0.0205819271504879,
                    0.0615483894944191,
                    0.24810948967933655
                ],
                [
                    -1.862645149230957e-09,
                    0.9483786821365356,
                    -0.3171400725841522,
                    -1.2784324884414673
                ],
                [
                    0.0,
                    0.0,
                    0.0,
                    1.0
                ]
            ]
        },
        {
            "file_path": "/data/shapenet_blender/all_50_random/02958343/5e87b04efd58cc8922412d2a728de1d5/r_38",
            "rotation": 0.12566370614359174,
            "transform_matrix": [
                [
                    0.8088241815567017,
                    0.5390555262565613,
                    0.2349948287010193,
                    0.9472944736480713
                ],
                [
                    0.5880505442619324,
                    -0.7414348125457764,
                    -0.3232196569442749,
                    -1.3029401302337646
                ],
                [
                    0.0,
                    0.3996167480945587,
                    -0.9166823029518127,
                    -3.6952645778656006
                ],
                [
                    0.0,
                    0.0,
                    0.0,
                    1.0
                ]
            ]
        },
        {
            "file_path": "/data/shapenet_blender/all_50_random/02958343/5e87b04efd58cc8922412d2a728de1d5/r_39",
            "rotation": 0.12566370614359174,
            "transform_matrix": [
                [
                    0.7051373720169067,
                    0.047420524060726166,
                    0.7074832320213318,
                    2.8519561290740967
                ],
                [
                    0.7090707421302795,
                    -0.04715747386217117,
                    -0.7035586833953857,
                    -2.8361358642578125
                ],
                [
                    0.0,
                    0.9977613091468811,
                    -0.06687699258327484,
                    -0.26958978176116943
                ],
                [
                    0.0,
                    0.0,
                    0.0,
                    1.0
                ]
            ]
        },
        {
            "file_path": "/data/shapenet_blender/all_50_random/02958343/5e87b04efd58cc8922412d2a728de1d5/r_40",
            "rotation": 0.12566370614359174,
            "transform_matrix": [
                [
                    0.7902896404266357,
                    -0.4437757432460785,
                    0.42249900102615356,
                    1.7031481266021729
                ],
                [
                    0.6127334833145142,
                    0.5723718404769897,
                    -0.5449295043945312,
                    -2.196681261062622
                ],
                [
                    -2.9802322387695312e-08,
                    0.6895314455032349,
                    0.7242556810379028,
                    2.9195683002471924
                ],
                [
                    0.0,
                    0.0,
                    0.0,
                    1.0
                ]
            ]
        },
        {
            "file_path": "/data/shapenet_blender/all_50_random/02958343/5e87b04efd58cc8922412d2a728de1d5/r_41",
            "rotation": 0.12566370614359174,
            "transform_matrix": [
                [
                    -0.19383452832698822,
                    -0.08845853060483932,
                    -0.9770380258560181,
                    -3.938566207885742
                ],
                [
                    -0.9810342788696289,
                    0.017477795481681824,
                    0.19304494559764862,
                    0.7781890630722046
