{
    "class": "02958343",
    "model": "ba3e00431d584664c0f081c0bea90dfe",
    "remove_doubles": true,
    "edge_split": true,
    "denoise": true,
    "camera_angle_x": 0.6911112070083618,
    "scale_factor": 2.2389697428694397,
    "hdri_file": "/data/IndoorHDRDataset2018/9C4A4391-b5f7a6eecd.exr",
    "center_offset": [
        0.0,
        -1.862645149230957e-09,
        -3.725290298461914e-09
    ],
    "lights": [],
    "frames": [
        {
            "file_path": "/data/shapenet_blender/all_50_random/02958343/ba3e00431d584664c0f081c0bea90dfe/r_0",
            "rotation": 0.12566370614359174,
            "transform_matrix": [
                [
                    -0.4946700632572174,
                    0.13398848474025726,
                    0.8586900234222412,
                    3.4614903926849365
                ],
                [
                    0.8690809011459351,
                    0.07626459002494812,
                    0.4887557029724121,
                    1.970237374305725
                ],
                [
                    -7.450580596923828e-09,
                    0.9880439639091492,
                    -0.1541726291179657,
                    -0.6214898228645325
                ],
                [
                    0.0,
                    0.0,
                    0.0,
                    1.0
                ]
            ]
        },
        {
            "file_path": "/data/shapenet_blender/all_50_random/02958343/ba3e00431d584664c0f081c0bea90dfe/r_1",
            "rotation": 0.12566370614359174,
            "transform_matrix": [
                [
                    0.9538139700889587,
                    0.1283629685640335,
                    0.27159130573272705,
                    1.0948195457458496
                ],
                [
                    0.3003979027271271,
                    -0.4075740575790405,
                    -0.862348198890686,
                    -3.476236581802368
                ],
                [
                    -7.450580596923828e-09,
                    0.9041051268577576,
                    -0.42730987071990967,
                    -1.722541093826294
                ],
                [
                    0.0,
                    0.0,
                    0.0,
                    1.0
                ]
            ]
        },
        {
            "file_path": "/data/shapenet_blender/all_50_random/02958343/ba3e00431d584664c0f081c0bea90dfe/r_2",
            "rotation": 0.12566370614359174,
            "transform_matrix": [
                [
                    -0.9817260503768921,
                    -0.03686804324388504,
                    -0.18669432401657104,
                    -0.7525889277458191
                ],
                [
                    -0.1902998685836792,
                    0.19019626080989838,
                    0.9631257653236389,
                    3.8824844360351562
                ],
                [
                    0.0,
                    0.9810535311698914,
                    -0.19373659789562225,
                    -0.7809772491455078
                ],
                [
                    0.0,
                    0.0,
                    0.0,
                    1.0
                ]
            ]
        },
        {
            "file_path": "/data/shapenet_blender/all_50_random/02958343/ba3e00431d584664c0f081c0bea90dfe/r_3",
            "rotation": 0.12566370614359174,
            "transform_matrix": [
                [
                    -0.8438767790794373,
                    0.10466688871383667,
                    -0.5262289643287659,
                    -2.1212968826293945
                ],
                [
                    -0.5365371704101562,
                    -0.1646222621202469,
                    0.8276638388633728,
                    3.3364195823669434
                ],
                [
                    -7.450581485102248e-09,
                    0.9807875752449036,
                    0.19507856667041779,
                    0.7863868474960327
                ],
                [
                    0.0,
                    0.0,
                    0.0,
                    1.0
                ]
            ]
        },
        {
            "file_path": "/data/shapenet_blender/all_50_random/02958343/ba3e00431d584664c0f081c0bea90dfe/r_4",
            "rotation": 0.12566370614359174,
            "transform_matrix": [
                [
                    0.2015235871076584,
                    -0.6234651803970337,
                    0.7554331421852112,
                    3.045248508453369
                ],
                [
                    0.9794836044311523,
                    0.12827467918395996,
                    -0.15542639791965485,
                    -0.6265438795089722
                ],
                [
                    7.450580152834618e-09,
                    0.7712565660476685,
                    0.6365243792533875,
                    2.5659117698669434
                ],
                [
                    0.0,
                    0.0,
                    0.0,
                    1.0
                ]
            ]
        },
        {
            "file_path": "/data/shapenet_blender/all_50_random/02958343/ba3e00431d584664c0f081c0bea90dfe/r_5",
            "rotation": 0.12566370614359174,
            "transform_matrix": [
                [
                    0.5467857718467712,
                    0.22677268087863922,
                    0.8059772849082947,
                    3.2489984035491943
                ],
                [
                    0.8372724652290344,
                    -0.1480952650308609,
                    -0.5263482928276062,
                    -2.1217777729034424
                ],
                [
                    7.450580152834618e-09,
                    0.9626224637031555,
                    -0.2708469033241272,
                    -1.0918188095092773
                ],
                [
                    0.0,
                    0.0,
                    0.0,
                    1.0
                ]
            ]
        },
        {
            "file_path": "/data/shapenet_blender/all_50_random/02958343/ba3e00431d584664c0f081c0bea90dfe/r_6",
            "rotation": 0.12566370614359174,
            "transform_matrix": [
                [
                    -0.21594077348709106,
                    0.2945091724395752,
                    -0.9309317469596863,
                    -3.7527058124542236
                ],
                [
                    -0.976406455039978,
                    -0.06513326615095139,
                    0.20588365197181702,
                    0.8299435377120972
                ],
                [
                    0.0,
                    0.9534264206886292,
                    0.3016255795955658,
                    1.2158915996551514
                ],
                [
                    0.0,
                    0.0,
                    0.0,
                    1.0
                ]
            ]
        },
        {
            "file_path": "/data/shapenet_blender/all_50_random/02958343/ba3e00431d584664c0f081c0bea90dfe/r_7",
            "rotation": 0.12566370614359174,
            "transform_matrix": [
                [
                    -0.8789805769920349,
                    0.17004366219043732,
                    -0.4455088973045349,
                    -1.7959039211273193
                ],
                [
                    -0.4768574833869934,
                    -0.3134376108646393,
                    0.821196436882019,
                    3.3103489875793457
                ],
                [
                    0.0,
                    0.9342600703239441,
                    0.35659217834472656,
                    1.4374691247940063
                ],
                [
                    0.0,
                    0.0,
                    0.0,
                    1.0
                ]
            ]
        },
        {
            "file_path": "/data/shapenet_blender/all_50_random/02958343/ba3e00431d584664c0f081c0bea90dfe/r_8",
            "rotation": 0.12566370614359174,
            "transform_matrix": [
                [
                    -0.8430700302124023,
                    -0.44791483879089355,
                    0.2976662516593933,
                    1.1999311447143555
                ],
                [
                    0.5378037691116333,
                    -0.7021586298942566,
                    0.46662649512290955,
                    1.8810316324234009
                ],
                [
                    0.0,
                    0.5534848570823669,
                    0.8328591585159302,
                    3.357362985610962
                ],
                [
                    0.0,
                    0.0,
                    0.0,
                    1.0
                ]
            ]
        },
        {
            "file_path": "/data/shapenet_blender/all_50_random/02958343/ba3e00431d584664c0f081c0bea90dfe/r_9",
            "rotation": 0.12566370614359174,
            "transform_matrix": [
                [
                    0.9483975768089294,
                    0.11964505910873413,
                    -0.29364457726478577,
                    -1.1837191581726074
                ],
                [
                    -0.3170837163925171,
                    0.35785844922065735,
                    -0.878291130065918,
                    -3.5405046939849854
                ],
                [
                    -7.450580596923828e-09,
                    0.9260790348052979,
                    0.377329558134079,
                    1.521064043045044
                ],
                [
                    0.0,
                    0.0,
                    0.0,
                    1.0
                ]
            ]
        },
        {
            "file_path": "/data/shapenet_blender/all_50_random/02958343/ba3e00431d584664c0f081c0bea90dfe/r_10",
            "rotation": 0.12566370614359174,
            "transform_matrix": [
                [
                    0.7127614617347717,
                    0.620772659778595,
                    -0.32651546597480774,
                    -1.3162258863449097
                ],
                [
                    -0.7014065384864807,
                    0.6308222413063049,
                    -0.3318013548851013,
                    -1.3375340700149536
                ],
                [
                    1.4901162970204496e-08,
                    0.46551525592803955,
                    0.8850398063659668,
                    3.5677096843719482
                ],
                [
                    0.0,
                    0.0,
                    0.0,
                    1.0
                ]
            ]
        },
        {
            "file_path": "/data/shapenet_blender/all_50_random/02958343/ba3e00431d584664c0f081c0bea90dfe/r_11",
            "rotation": 0.12566370614359174,
            "transform_matrix": [
                [
                    -0.9772582054138184,
                    -0.18118636310100555,
                    -0.11017254739999771,
                    -0.44411978125572205
                ],
                [
                    -0.2120530605316162,
                    0.83500736951828,
                    0.5077362656593323,
                    2.046750545501709
                ],
                [
                    0.0,
                    0.5195518732070923,
                    -0.854438841342926,
                    -3.4443533420562744
                ],
                [
                    0.0,
                    0.0,
                    0.0,
                    1.0
                ]
            ]
        },
        {
            "file_path": "/data/shapenet_blender/all_50_random/02958343/ba3e00431d584664c0f081c0bea90dfe/r_12",
            "rotation": 0.12566370614359174,
            "transform_matrix": [
                [
                    -0.4351009428501129,
                    0.6517342329025269,
                    0.621232271194458,
                    2.504267692565918
                ],
                [
                    0.9003816843032837,
                    0.31494438648223877,
                    0.30020463466644287,
                    1.2101637125015259
                ],
                [
                    2.9802322387695312e-08,
                    0.6899654865264893,
                    -0.7238421440124512,
                    -2.9179012775421143
                ],
                [
                    0.0,
                    0.0,
                    0.0,
                    1.0
                ]
            ]
        },
        {
            "file_path": "/data/shapenet_blender/all_50_random/02958343/ba3e00431d584664c0f081c0bea90dfe/r_13",
            "rotation": 0.12566370614359174,
            "transform_matrix": [
                [
                    0.9723602533340454,
                    0.06805869936943054,
                    0.22334593534469604,
                    0.9003362655639648
                ],
                [
                    0.23348531126976013,
                    -0.28343355655670166,
                    -0.9301344156265259,
                    -3.7494916915893555
                ],
                [
                    -7.450580152834618e-09,
                    0.9565737247467041,
                    -0.2914902865886688,
                    -1.1750348806381226
                ],
                [
                    0.0,
                    0.0,
                    0.0,
                    1.0
                ]
            ]
        },
        {
            "file_path": "/data/shapenet_blender/all_50_random/02958343/ba3e00431d584664c0f081c0bea90dfe/r_14",
            "rotation": 0.12566370614359174,
            "transform_matrix": [
                [
                    -0.8773589730262756,
                    0.007866148836910725,
                    -0.47977006435394287,
                    -1.9340150356292725
                ],
                [
                    -0.47983452677726746,
                    -0.01438294816762209,
                    0.8772410750389099,
                    3.536271810531616
                ],
                [
                    9.313225191043273e-10,
                    0.9998656511306763,
                    0.01639345847070217,
                    0.06608414649963379
                ],
                [
                    0.0,
                    0.0,
                    0.0,
                    1.0
                ]
            ]
        },
        {
            "file_path": "/data/shapenet_blender/all_50_random/02958343/ba3e00431d584664c0f081c0bea90dfe/r_15",
            "rotation": 0.12566370614359174,
            "transform_matrix": [
                [
                    0.9992693066596985,
                    0.030398190021514893,
                    -0.02317105419933796,
                    -0.09340550005435944
                ],
                [
                    -0.03822235018014908,
                    0.7947177290916443,
                    -0.605774462223053,
                    -2.4419548511505127
                ],
                [
                    0.0,
                    0.6062173843383789,
                    0.7952988743782043,
                    3.2059524059295654
                ],
                [
                    0.0,
                    0.0,
                    0.0,
                    1.0
                ]
            ]
        },
        {
            "file_path": "/data/shapenet_blender/all_50_random/02958343/ba3e00431d584664c0f081c0bea90dfe/r_16",
            "rotation": 0.12566370614359174,
            "transform_matrix": [
                [
                    -0.005162281449884176,
                    0.3321777880191803,
                    0.9432026743888855,
                    3.802171230316162
                ],
                [
                    0.9999867677688599,
                    0.0017148180631920695,
                    0.004869142081588507,
                    0.019628137350082397
                ],
                [
                    0.0,
                    0.9432151317596436,
                    -0.33218228816986084,
                    -1.3390694856643677
                ],
                [
                    0.0,
                    0.0,
                    0.0,
                    1.0
                ]
            ]
        },
        {
            "file_path": "/data/shapenet_blender/all_50_random/02958343/ba3e00431d584664c0f081c0bea90dfe/r_17",
            "rotation": 0.12566370614359174,
            "transform_matrix": [
                [
                    0.515377938747406,
                    0.7854624390602112,
                    0.3426871597766876,
                    1.3814160823822021
                ],
                [
                    0.8569630980491638,
                    -0.4723774194717407,
                    -0.20609219372272491,
                    -0.8307842016220093
                ],
                [
                    0.0,
                    0.3998855948448181,
                    -0.9165650606155396,
                    -3.6947920322418213
                ],
                [
                    0.0,
                    0.0,
                    0.0,
                    1.0
                ]
            ]
        },
        {
            "file_path": "/data/shapenet_blender/all_50_random/02958343/ba3e00431d584664c0f081c0bea90dfe/r_18",
            "rotation": 0.12566370614359174,
            "transform_matrix": [
                [
                    -0.9993098974227905,
                    -0.014467714354395866,
                    0.03421260043978691,
                    0.13791541755199432
                ],
                [
                    0.037145890295505524,
                    -0.38921481370925903,
                    0.9203976988792419,
                    3.7102420330047607
                ],
                [
                    0.0,
                    0.9210334420204163,
                    0.38948357105255127,
                    1.5700585842132568
                ],
                [
                    0.0,
                    0.0,
                    0.0,
                    1.0
                ]
            ]
        },
        {
            "file_path": "/data/shapenet_blender/all_50_random/02958343/ba3e00431d584664c0f081c0bea90dfe/r_19",
            "rotation": 0.12566370614359174,
            "transform_matrix": [
                [
                    -0.6552871465682983,
                    0.23458120226860046,
                    0.7180323600769043,
                    2.8944809436798096
                ],
                [
                    0.7553799748420715,
                    0.20349763333797455,
                    0.6228883266448975,
                    2.5109431743621826
                ],
                [
                    0.0,
                    0.9505578279495239,
                    -0.3105473220348358,
                    -1.2518563270568848
                ],
                [
                    0.0,
                    0.0,
                    0.0,
                    1.0
                ]
            ]
        },
        {
            "file_path": "/data/shapenet_blender/all_50_random/02958343/ba3e00431d584664c0f081c0bea90dfe/r_20",
            "rotation": 0.12566370614359174,
            "transform_matrix": [
                [
                    0.7044821381568909,
                    0.09458697587251663,
                    -0.7033905982971191,
                    -2.8354578018188477
                ],
                [
                    -0.7097216844558716,
                    0.09388867765665054,
                    -0.6981977224349976,
                    -2.8145246505737305
                ],
                [
                    0.0,
                    0.9910793900489807,
                    0.13327333331108093,
                    0.5372419357299805
                ],
                [
                    0.0,
                    0.0,
                    0.0,
                    1.0
                ]
            ]
        },
        {
            "file_path": "/data/shapenet_blender/all_50_random/02958343/ba3e00431d584664c0f081c0bea90dfe/r_21",
            "rotation": 0.12566370614359174,
            "transform_matrix": [
                [
                    0.11339105665683746,
                    0.15660879015922546,
                    0.9811300039291382,
                    3.955061435699463
                ],
                [
                    0.9935504198074341,
                    -0.017873311415314674,
                    -0.11197355389595032,
                    -0.45137980580329895
                ],
                [
                    -1.8626450382086546e-09,
                    0.987498939037323,
                    -0.15762539207935333,
                    -0.6354082822799683
                ],
                [
                    0.0,
                    0.0,
                    0.0,
                    1.0
                ]
            ]
        },
        {
            "file_path": "/data/shapenet_blender/all_50_random/02958343/ba3e00431d584664c0f081c0bea90dfe/r_22",
            "rotation": 0.12566370614359174,
            "transform_matrix": [
                [
                    0.9464094042778015,
                    -0.04649866372346878,
                    0.3196045458316803,
                    1.2883672714233398
                ],
                [
                    0.32296937704086304,
                    0.13625679910182953,
                    -0.9365493655204773,
                    -3.7753515243530273
                ],
                [
                    0.0,
                    0.989581823348999,
                    0.14397233724594116,
                    0.5803711414337158
                ],
                [
                    0.0,
                    0.0,
                    0.0,
                    1.0
                ]
            ]
        },
        {
            "file_path": "/data/shapenet_blender/all_50_random/02958343/ba3e00431d584664c0f081c0bea90dfe/r_23",
            "rotation": 0.12566370614359174,
            "transform_matrix": [
                [
                    -0.8249098658561707,
                    0.20139986276626587,
                    -0.5281683802604675,
                    -2.129115104675293
                ],
                [
                    -0.5652644038200378,
                    -0.2939097285270691,
                    0.7707743048667908,
                    3.107090950012207
                ],
                [
                    0.0,
                    0.9343741536140442,
                    0.3562931716442108,
                    1.4362637996673584
                ],
                [
                    0.0,
                    0.0,
                    0.0,
                    1.0
                ]
            ]
        },
        {
            "file_path": "/data/shapenet_blender/all_50_random/02958343/ba3e00431d584664c0f081c0bea90dfe/r_24",
            "rotation": 0.12566370614359174,
            "transform_matrix": [
                [
                    0.9769014120101929,
                    -0.08172522485256195,
                    0.19744525849819183,
                    0.7959272861480713
                ],
                [
                    0.21369054913520813,
                    0.373612642288208,
                    -0.9026349782943726,
                    -3.6386380195617676
                ],
                [
                    7.450580596923828e-09,
                    0.9239774942398071,
                    0.38244664669036865,
                    1.541691780090332
                ],
                [
                    0.0,
                    0.0,
                    0.0,
                    1.0
                ]
            ]
        },
        {
            "file_path": "/data/shapenet_blender/all_50_random/02958343/ba3e00431d584664c0f081c0bea90dfe/r_25",
            "rotation": 0.12566370614359174,
            "transform_matrix": [
                [
                    -0.8781367540359497,
                    0.1930149346590042,
                    0.4377455711364746,
                    1.7646088600158691
                ],
                [
                    0.47840985655784607,
                    0.3542851209640503,
                    0.8034961223602295,
                    3.2389965057373047
                ],
                [
                    1.4901162970204496e-08,
                    0.9150012135505676,
                    -0.40345099568367004,
                    -1.6263630390167236
                ],
                [
                    0.0,
                    0.0,
                    0.0,
                    1.0
                ]
            ]
        },
        {
            "file_path": "/data/shapenet_blender/all_50_random/02958343/ba3e00431d584664c0f081c0bea90dfe/r_26",
            "rotation": 0.12566370614359174,
            "transform_matrix": [
                [
                    -0.09679161757230759,
                    0.048072442412376404,
                    0.9941429495811462,
                    4.007518768310547
                ],
                [
                    0.9953047037124634,
                    0.0046749599277973175,
                    0.09667863696813583,
                    0.38972407579421997
                ],
                [
                    0.0,
                    0.9988327622413635,
                    -0.04829922690987587,
                    -0.1947004199028015
                ],
                [
                    0.0,
                    0.0,
                    0.0,
                    1.0
                ]
            ]
        },
        {
            "file_path": "/data/shapenet_blender/all_50_random/02958343/ba3e00431d584664c0f081c0bea90dfe/r_27",
            "rotation": 0.12566370614359174,
            "transform_matrix": [
                [
                    -0.4625352621078491,
                    -0.15354909002780914,
                    -0.8732032179832458,
                    -3.5199947357177734
                ],
                [
                    -0.886600911617279,
                    0.08010578155517578,
                    0.45554572343826294,
                    1.8363635540008545
                ],
                [
                    0.0,
                    0.9848887324333191,
                    -0.1731884926557541,
                    -0.6981451511383057
                ],
                [
                    0.0,
                    0.0,
                    0.0,
                    1.0
                ]
            ]
        },
        {
            "file_path": "/data/shapenet_blender/all_50_random/02958343/ba3e00431d584664c0f081c0bea90dfe/r_28",
            "rotation": 0.12566370614359174,
            "transform_matrix": [
                [
                    0.9416148066520691,
                    0.07410667836666107,
                    0.32843542098999023,
                    1.3239655494689941
                ],
                [
                    0.3366921842098236,
                    -0.2072514444589615,
                    -0.9185234308242798,
                    -3.702686309814453
                ],
                [
                    -7.450580596923828e-09,
                    0.9754768013954163,
                    -0.22010216116905212,
                    -0.8872601985931396
                ],
                [
                    0.0,
                    0.0,
                    0.0,
                    1.0
                ]
            ]
        },
        {
            "file_path": "/data/shapenet_blender/all_50_random/02958343/ba3e00431d584664c0f081c0bea90dfe/r_29",
            "rotation": 0.12566370614359174,
            "transform_matrix": [
                [
                    -0.7722009420394897,
                    -0.05551096796989441,
                    0.6329487562179565,
                    2.5514976978302
                ],
                [
                    0.6353781819343567,
                    -0.06746473163366318,
                    0.769248366355896,
                    3.1009390354156494
                ],
                [
                    -3.7252896323280993e-09,
                    0.9961761832237244,
                    0.08736680448055267,
                    0.35218679904937744
                ],
                [
                    0.0,
                    0.0,
                    0.0,
                    1.0
                ]
            ]
        },
        {
            "file_path": "/data/shapenet_blender/all_50_random/02958343/ba3e00431d584664c0f081c0bea90dfe/r_30",
            "rotation": 0.12566370614359174,
            "transform_matrix": [
                [
                    0.986545979976654,
                    0.11947338283061981,
                    0.1115943118929863,
                    0.44985106587409973
                ],
                [
                    0.16348449885845184,
                    -0.7209612131118774,
                    -0.6734150052070618,
                    -2.714622735977173
                ],
                [
                    0.0,
                    0.6825986504554749,
                    -0.7307934165000916,
                    -2.945922374725342
                ],
                [
                    0.0,
                    0.0,
                    0.0,
                    1.0
                ]
            ]
        },
        {
            "file_path": "/data/shapenet_blender/all_50_random/02958343/ba3e00431d584664c0f081c0bea90dfe/r_31",
            "rotation": 0.12566370614359174,
            "transform_matrix": [
                [
                    -0.14161095023155212,
                    -0.008090963587164879,
                    -0.9898893237113953,
                    -3.9903714656829834
                ],
                [
                    -0.9899224638938904,
                    0.0011574331438168883,
                    0.14160621166229248,
                    0.5708329081535339
                ],
                [
                    0.0,
                    0.9999666810035706,
                    -0.008173330686986446,
                    -0.03294774889945984
                ],
                [
                    0.0,
                    0.0,
                    0.0,
                    1.0
                ]
            ]
        },
        {
            "file_path": "/data/shapenet_blender/all_50_random/02958343/ba3e00431d584664c0f081c0bea90dfe/r_32",
            "rotation": 0.12566370614359174,
            "transform_matrix": [
                [
                    -0.3126804828643799,
                    -0.2503599524497986,
                    -0.9162700772285461,
                    -3.6936028003692627
                ],
                [
                    -0.9498584270477295,
                    0.08241509646177292,
                    0.301623672246933,
                    1.2158839702606201
                ],
                [
                    0.0,
                    0.9646385908126831,
                    -0.26357609033584595,
                    -1.0625091791152954
                ],
                [
                    0.0,
                    0.0,
                    0.0,
                    1.0
                ]
            ]
        },
        {
            "file_path": "/data/shapenet_blender/all_50_random/02958343/ba3e00431d584664c0f081c0bea90dfe/r_33",
            "rotation": 0.12566370614359174,
            "transform_matrix": [
                [
                    -0.3846460282802582,
                    -0.41600680351257324,
                    0.8240058422088623,
                    3.32167387008667
                ],
                [
                    0.9230640530586243,
                    -0.1733524054288864,
                    0.34336796402931213,
                    1.3841605186462402
                ],
                [
                    -1.4901158529312397e-08,
                    0.8926854133605957,
                    0.4506802558898926,
                    1.8167502880096436
                ],
                [
                    0.0,
                    0.0,
                    0.0,
                    1.0
                ]
            ]
        },
        {
            "file_path": "/data/shapenet_blender/all_50_random/02958343/ba3e00431d584664c0f081c0bea90dfe/r_34",
            "rotation": 0.12566370614359174,
            "transform_matrix": [
                [
                    0.24216125905513763,
                    -0.8634424805641174,
                    0.4425211548805237,
                    1.7838598489761353
                ],
                [
                    0.9702360033988953,
                    0.2155066579580307,
                    -0.11044887453317642,
                    -0.44523364305496216
                ],
                [
                    -7.450580596923828e-09,
                    0.4560963213443756,
                    0.8899303674697876,
                    3.5874240398406982
                ],
                [
                    0.0,
                    0.0,
                    0.0,
                    1.0
                ]
            ]
        },
        {
            "file_path": "/data/shapenet_blender/all_50_random/02958343/ba3e00431d584664c0f081c0bea90dfe/r_35",
            "rotation": 0.12566370614359174,
            "transform_matrix": [
                [
                    -0.08644603937864304,
                    0.34261804819107056,
                    0.9354891180992126,
                    3.7710773944854736
                ],
                [
                    0.9962565302848816,
                    0.029729265719652176,
                    0.08117319643497467,
                    0.3272196650505066
                ],
                [
                    -1.862645149230957e-09,
                    0.9390041828155518,
                    -0.3439054787158966,
                    -1.3863275051116943
                ],
                [
                    0.0,
                    0.0,
                    0.0,
                    1.0
                ]
            ]
        },
        {
            "file_path": "/data/shapenet_blender/all_50_random/02958343/ba3e00431d584664c0f081c0bea90dfe/r_36",
            "rotation": 0.12566370614359174,
            "transform_matrix": [
                [
                    -0.888224184513092,
                    -0.23718993365764618,
                    0.39344462752342224,
                    1.5860261917114258
                ],
                [
                    0.4594102203845978,
                    -0.4585832357406616,
                    0.7606862187385559,
                    3.0664243698120117
                ],
                [
                    -1.4901161193847656e-08,
                    0.8564124703407288,
                    0.516292154788971,
                    2.08124041557312
                ],
                [
                    0.0,
                    0.0,
                    0.0,
                    1.0
                ]
            ]
        },
        {
            "file_path": "/data/shapenet_blender/all_50_random/02958343/ba3e00431d584664c0f081c0bea90dfe/r_37",
            "rotation": 0.12566370614359174,
            "transform_matrix": [
                [
                    0.31791672110557556,
                    -0.03810762241482735,
                    -0.9473525285720825,
                    -3.8189001083374023
                ],
                [
                    -0.9481186866760254,
                    -0.012777989730238914,
                    -0.31765982508659363,
                    -1.2805277109146118
                ],
                [
                    0.0,
                    0.9991918802261353,
                    -0.04019288718700409,
                    -0.16202270984649658
                ],
                [
                    0.0,
                    0.0,
                    0.0,
                    1.0
                ]
            ]
        },
        {
            "file_path": "/data/shapenet_blender/all_50_random/02958343/ba3e00431d584664c0f081c0bea90dfe/r_38",
            "rotation": 0.12566370614359174,
            "transform_matrix": [
                [
                    0.7720435261726379,
                    0.11723130941390991,
                    0.6246644258499146,
                    2.5181028842926025
                ],
                [
                    0.63556969165802,
                    -0.1424039900302887,
                    -0.7587965130805969,
                    -3.0588066577911377
                ],
                [
                    0.0,
                    0.9828417897224426,
                    -0.18445073068141937,
                    -0.7435446977615356
                ],
                [
                    0.0,
                    0.0,
                    0.0,
                    1.0
                ]
            ]
        },
        {
            "file_path": "/data/shapenet_blender/all_50_random/02958343/ba3e00431d584664c0f081c0bea90dfe/r_39",
            "rotation": 0.12566370614359174,
            "transform_matrix": [
                [
                    0.3457401692867279,
                    0.22161497175693512,
                    -0.911784291267395,
                    -3.6755199432373047
                ],
                [
                    -0.9383304119110107,
                    0.08165695518255234,
                    -0.33595892786979675,
                    -1.354293704032898
                ],
                [
                    0.0,
                    0.9717091917991638,
                    0.2361801415681839,
                    0.9520726203918457
                ],
                [
                    0.0,
                    0.0,
                    0.0,
                    1.0
                ]
            ]
        },
        {
            "file_path": "/data/shapenet_blender/all_50_random/02958343/ba3e00431d584664c0f081c0bea90dfe/r_40",
            "rotation": 0.12566370614359174,
            "transform_matrix": [
                [
                    -0.9060385823249817,
                    -0.3829655647277832,
                    -0.18008749186992645,
                    -0.7259559035301208
                ],
                [
                    -0.4231951832771301,
                    0.8199090957641602,
                    0.3855578303337097,
                    1.5542333126068115
                ],
                [
                    0.0,
                    0.4255424439907074,
                    -0.9049384593963623,
                    -3.647923707962036
                ],
                [
                    0.0,
                    0.0,
                    0.0,
                    1.0
                ]
            ]
        },
        {
            "file_path": "/data/shapenet_blender/all_50_random/02958343/ba3e00431d584664c0f081c0bea90dfe/r_41",
            "rotation": 0.12566370614359174,
            "transform_matrix": [
                [
                    0.6073251962661743,
                    0.09525462239980698,
                    -0.7887221574783325,
                    -3.17944073677063
                ],
                [
                    -0.7944533824920654,
                    0.07281804084777832,
                    -0.6029439568519592,
                    -2.430544853210449
                ],
                [
