{
    "class": "02958343",
    "model": "957a686c3c9f956a3d982653fc5fd75b",
    "remove_doubles": true,
    "edge_split": true,
    "denoise": true,
    "camera_angle_x": 0.6911112070083618,
    "scale_factor": 2.099069762611866,
    "hdri_file": "/data/IndoorHDRDataset2018/9C4A6393-b903bc6eeb.exr",
    "center_offset": [
        0.0,
        0.0,
        -4.656612873077393e-10
    ],
    "lights": [],
    "frames": [
        {
            "file_path": "/data/shapenet_blender/all_50_random/02958343/957a686c3c9f956a3d982653fc5fd75b/r_0",
            "rotation": 0.12566370614359174,
            "transform_matrix": [
                [
                    0.9236943125724792,
                    0.02760067954659462,
                    0.38213473558425903,
                    1.5404343605041504
                ],
                [
                    0.38313019275665283,
                    -0.06654288619756699,
                    -0.9212943315505981,
                    -3.7138562202453613
                ],
                [
                    0.0,
                    0.997401773929596,
                    -0.07203993946313858,
                    -0.29040229320526123
                ],
                [
                    0.0,
                    0.0,
                    0.0,
                    1.0
                ]
            ]
        },
        {
            "file_path": "/data/shapenet_blender/all_50_random/02958343/957a686c3c9f956a3d982653fc5fd75b/r_1",
            "rotation": 0.12566370614359174,
            "transform_matrix": [
                [
                    0.12610311806201935,
                    -0.005049376282840967,
                    -0.9920042753219604,
                    -3.998897075653076
                ],
                [
                    -0.9920171499252319,
                    -0.000641866005025804,
                    -0.12610147893428802,
                    -0.508331298828125
                ],
                [
                    0.0,
                    0.9999870657920837,
                    -0.005090008955448866,
                    -0.020518481731414795
                ],
                [
                    0.0,
                    0.0,
                    0.0,
                    1.0
                ]
            ]
        },
        {
            "file_path": "/data/shapenet_blender/all_50_random/02958343/957a686c3c9f956a3d982653fc5fd75b/r_2",
            "rotation": 0.12566370614359174,
            "transform_matrix": [
                [
                    -0.9298017024993896,
                    0.1888125091791153,
                    0.3159407377243042,
                    1.2735978364944458
                ],
                [
                    0.36806073784828186,
                    0.47698158025741577,
                    0.7981352210044861,
                    3.21738600730896
                ],
                [
                    0.0,
                    0.8583929538726807,
                    -0.5129927396774292,
                    -2.0679399967193604
                ],
                [
                    0.0,
                    0.0,
                    0.0,
                    1.0
                ]
            ]
        },
        {
            "file_path": "/data/shapenet_blender/all_50_random/02958343/957a686c3c9f956a3d982653fc5fd75b/r_3",
            "rotation": 0.12566370614359174,
            "transform_matrix": [
                [
                    -0.15307362377643585,
                    0.17445646226406097,
                    0.9726939797401428,
                    3.9210543632507324
                ],
                [
                    0.9882147908210754,
                    0.027023157104849815,
                    0.15066945552825928,
                    0.6073679327964783
                ],
                [
                    -1.8626449271863521e-09,
                    0.9842939972877502,
                    -0.17653700709342957,
                    -0.7116433382034302
                ],
                [
                    0.0,
                    0.0,
                    0.0,
                    1.0
                ]
            ]
        },
        {
            "file_path": "/data/shapenet_blender/all_50_random/02958343/957a686c3c9f956a3d982653fc5fd75b/r_4",
            "rotation": 0.12566370614359174,
            "transform_matrix": [
                [
                    0.855159342288971,
                    0.17140358686447144,
                    -0.4892069101333618,
                    -1.9720561504364014
                ],
                [
                    -0.5183653235435486,
                    0.28276845812797546,
                    -0.8070560097694397,
                    -3.2533469200134277
                ],
                [
                    -1.4901161193847656e-08,
                    0.9437493681907654,
                    0.33066174387931824,
                    1.3329401016235352
                ],
                [
                    0.0,
                    0.0,
                    0.0,
                    1.0
                ]
            ]
        },
        {
            "file_path": "/data/shapenet_blender/all_50_random/02958343/957a686c3c9f956a3d982653fc5fd75b/r_5",
            "rotation": 0.12566370614359174,
            "transform_matrix": [
                [
                    -0.8855852484703064,
                    0.1044744998216629,
                    -0.45257455110549927,
                    -1.824386477470398
                ],
                [
                    -0.4644767642021179,
                    -0.19919420778751373,
                    0.8628921508789062,
                    3.4784297943115234
                ],
                [
                    -7.450580152834618e-09,
                    0.9743750095367432,
                    0.22492942214012146,
                    0.9067195653915405
                ],
                [
                    0.0,
                    0.0,
                    0.0,
                    1.0
                ]
            ]
        },
        {
            "file_path": "/data/shapenet_blender/all_50_random/02958343/957a686c3c9f956a3d982653fc5fd75b/r_6",
            "rotation": 0.12566370614359174,
            "transform_matrix": [
                [
                    -0.7767184972763062,
                    -0.4632572829723358,
                    0.42673301696777344,
                    1.7202157974243164
                ],
                [
                    0.6298479437828064,
                    -0.5712814927101135,
                    0.5262404084205627,
                    2.121342897415161
                ],
                [
                    -1.4901161193847656e-08,
                    0.6775175333023071,
                    0.7355065941810608,
                    2.9649219512939453
                ],
                [
                    0.0,
                    0.0,
                    0.0,
                    1.0
                ]
            ]
        },
        {
            "file_path": "/data/shapenet_blender/all_50_random/02958343/957a686c3c9f956a3d982653fc5fd75b/r_7",
            "rotation": 0.12566370614359174,
            "transform_matrix": [
                [
                    0.03423704952001572,
                    -0.45900359749794006,
                    0.8877744078636169,
                    3.578733444213867
                ],
                [
                    0.9994136691093445,
                    0.015724148601293564,
                    -0.03041260875761509,
                    -0.12259715795516968
                ],
                [
                    9.313225191043273e-10,
                    0.8882952928543091,
                    0.4592728018760681,
                    1.8513879776000977
                ],
                [
                    0.0,
                    0.0,
                    0.0,
                    1.0
                ]
            ]
        },
        {
            "file_path": "/data/shapenet_blender/all_50_random/02958343/957a686c3c9f956a3d982653fc5fd75b/r_8",
            "rotation": 0.12566370614359174,
            "transform_matrix": [
                [
                    -0.16917051374912262,
                    0.28592774271965027,
                    -0.9432002305984497,
                    -3.802161693572998
                ],
                [
                    -0.9855868220329285,
                    -0.04907791316509247,
                    0.16189509630203247,
                    0.6526200175285339
                ],
                [
                    3.725290298461914e-09,
                    0.9569934606552124,
                    0.29010918736457825,
                    1.169467568397522
                ],
                [
                    0.0,
                    0.0,
                    0.0,
                    1.0
                ]
            ]
        },
        {
            "file_path": "/data/shapenet_blender/all_50_random/02958343/957a686c3c9f956a3d982653fc5fd75b/r_9",
            "rotation": 0.12566370614359174,
            "transform_matrix": [
                [
                    -0.4753515124320984,
                    0.6240867376327515,
                    0.6201262474060059,
                    2.4998087882995605
                ],
                [
                    0.879796028137207,
                    0.33719247579574585,
                    0.33505260944366455,
                    1.3506402969360352
                ],
                [
                    -1.4901162970204496e-08,
                    0.7048522233963013,
                    -0.709354043006897,
                    -2.859497547149658
                ],
                [
                    0.0,
                    0.0,
                    0.0,
                    1.0
                ]
            ]
        },
        {
            "file_path": "/data/shapenet_blender/all_50_random/02958343/957a686c3c9f956a3d982653fc5fd75b/r_10",
            "rotation": 0.12566370614359174,
            "transform_matrix": [
                [
                    -0.9966661930084229,
                    0.0062197609804570675,
                    -0.08135117590427399,
                    -0.3279370665550232
                ],
                [
                    -0.08158860355615616,
                    -0.07597906142473221,
                    0.9937658309936523,
                    4.005998134613037
                ],
                [
                    0.0,
                    0.9970899820327759,
                    0.07623321563005447,
                    0.3073059320449829
                ],
                [
                    0.0,
                    0.0,
                    0.0,
                    1.0
                ]
            ]
        },
        {
            "file_path": "/data/shapenet_blender/all_50_random/02958343/957a686c3c9f956a3d982653fc5fd75b/r_11",
            "rotation": 0.12566370614359174,
            "transform_matrix": [
                [
                    0.9530682563781738,
                    -0.030591903254389763,
                    0.301206111907959,
                    1.2142006158828735
                ],
                [
                    0.3027556538581848,
                    0.09630264341831207,
                    -0.9481902718544006,
                    -3.822277307510376
                ],
                [
                    0.0,
                    0.9948817491531372,
                    0.10104487836360931,
                    0.4073249399662018
                ],
                [
                    0.0,
                    0.0,
                    0.0,
                    1.0
                ]
            ]
        },
        {
            "file_path": "/data/shapenet_blender/all_50_random/02958343/957a686c3c9f956a3d982653fc5fd75b/r_12",
            "rotation": 0.12566370614359174,
            "transform_matrix": [
                [
                    0.694609522819519,
                    0.6774580478668213,
                    0.24200843274593353,
                    0.9755672216415405
                ],
                [
                    0.719386875629425,
                    -0.6541248559951782,
                    -0.2336731106042862,
                    -0.9419664144515991
                ],
                [
                    1.4901160305669237e-08,
                    0.3364091217517853,
                    -0.9417158961296082,
                    -3.796178102493286
                ],
                [
                    0.0,
                    0.0,
                    0.0,
                    1.0
                ]
            ]
        },
        {
            "file_path": "/data/shapenet_blender/all_50_random/02958343/957a686c3c9f956a3d982653fc5fd75b/r_13",
            "rotation": 0.12566370614359174,
            "transform_matrix": [
                [
                    0.39694106578826904,
                    0.07148772478103638,
                    -0.9150558114051819,
                    -3.6887083053588867
                ],
                [
                    -0.9178441166877747,
                    0.030916376039385796,
                    -0.3957351744174957,
                    -1.595259666442871
                ],
                [
                    1.862645371275562e-09,
                    0.9969621300697327,
                    0.07788656651973724,
                    0.3139708340167999
                ],
                [
                    0.0,
                    0.0,
                    0.0,
                    1.0
                ]
            ]
        },
        {
            "file_path": "/data/shapenet_blender/all_50_random/02958343/957a686c3c9f956a3d982653fc5fd75b/r_14",
            "rotation": 0.12566370614359174,
            "transform_matrix": [
                [
                    -0.8738704919815063,
                    0.010161071084439754,
                    -0.48605263233184814,
                    -1.9593408107757568
                ],
                [
                    -0.4861588180065155,
                    -0.0182645246386528,
                    0.8736795783042908,
                    3.5219149589538574
                ],
                [
                    0.0,
                    0.9997815489768982,
                    0.020900722593069077,
                    0.08425350487232208
                ],
                [
                    0.0,
                    0.0,
                    0.0,
                    1.0
                ]
            ]
        },
        {
            "file_path": "/data/shapenet_blender/all_50_random/02958343/957a686c3c9f956a3d982653fc5fd75b/r_15",
            "rotation": 0.12566370614359174,
            "transform_matrix": [
                [
                    0.7718670964241028,
                    0.0038620163686573505,
                    -0.6357722282409668,
                    -2.562879800796509
                ],
                [
                    -0.6357840299606323,
                    0.0046886419877409935,
                    -0.7718528509140015,
                    -3.111438274383545
                ],
                [
                    0.0,
                    0.9999815225601196,
                    0.006074417382478714,
                    0.024486759677529335
                ],
                [
                    0.0,
                    0.0,
                    0.0,
                    1.0
                ]
            ]
        },
        {
            "file_path": "/data/shapenet_blender/all_50_random/02958343/957a686c3c9f956a3d982653fc5fd75b/r_16",
            "rotation": 0.12566370614359174,
            "transform_matrix": [
                [
                    -0.5371711850166321,
                    0.18160392343997955,
                    0.8236910700798035,
                    3.3204052448272705
                ],
                [
                    0.8434732556343079,
                    0.11565560102462769,
                    0.5245727896690369,
                    2.1146206855773926
                ],
                [
                    -7.450580596923828e-09,
                    0.9765468835830688,
                    -0.215304896235466,
                    -0.8679218292236328
                ],
                [
                    0.0,
                    0.0,
                    0.0,
                    1.0
                ]
            ]
        },
        {
            "file_path": "/data/shapenet_blender/all_50_random/02958343/957a686c3c9f956a3d982653fc5fd75b/r_17",
            "rotation": 0.12566370614359174,
            "transform_matrix": [
                [
                    -0.8739135265350342,
                    0.30691808462142944,
                    -0.37693044543266296,
                    -1.5194551944732666
                ],
                [
                    -0.48608162999153137,
                    -0.5518000721931458,
                    0.6776734590530396,
                    2.7317891120910645
                ],
                [
                    -1.4901162970204496e-08,
                    0.7754468321800232,
                    0.6314127445220947,
                    2.5453062057495117
                ],
                [
                    0.0,
                    0.0,
                    0.0,
                    1.0
                ]
            ]
        },
        {
            "file_path": "/data/shapenet_blender/all_50_random/02958343/957a686c3c9f956a3d982653fc5fd75b/r_18",
            "rotation": 0.12566370614359174,
            "transform_matrix": [
                [
                    -0.5692228078842163,
                    -0.22099784016609192,
                    -0.7919250726699829,
                    -3.192352056503296
                ],
                [
                    -0.8221833109855652,
                    0.15300361812114716,
                    0.5482740998268127,
                    2.2101635932922363
                ],
                [
                    7.450580596923828e-09,
                    0.9631975889205933,
                    -0.26879391074180603,
                    -1.0835429430007935
                ],
                [
                    0.0,
                    0.0,
                    0.0,
                    1.0
                ]
            ]
        },
        {
            "file_path": "/data/shapenet_blender/all_50_random/02958343/957a686c3c9f956a3d982653fc5fd75b/r_19",
            "rotation": 0.12566370614359174,
            "transform_matrix": [
                [
                    -0.33418744802474976,
                    -0.002514231251552701,
                    -0.9425032734870911,
                    -3.7993521690368652
                ],
                [
                    -0.9425066709518433,
                    0.0008914785576052964,
                    0.33418622612953186,
                    1.347147822380066
                ],
                [
                    0.0,
                    0.9999964237213135,
                    -0.0026676005218178034,
                    -0.010753441601991653
                ],
                [
                    0.0,
                    0.0,
                    0.0,
                    1.0
                ]
            ]
        },
        {
            "file_path": "/data/shapenet_blender/all_50_random/02958343/957a686c3c9f956a3d982653fc5fd75b/r_20",
            "rotation": 0.12566370614359174,
            "transform_matrix": [
                [
                    0.80293869972229,
                    0.03781227022409439,
                    0.5948611497879028,
                    2.3979620933532715
                ],
                [
                    0.5960617065429688,
                    -0.050935883074998856,
                    -0.8013213872909546,
                    -3.2302298545837402
                ],
                [
                    -3.725290298461914e-09,
                    0.9979858994483948,
                    -0.0634368285536766,
                    -0.2557220458984375
                ],
                [
                    0.0,
                    0.0,
                    0.0,
                    1.0
                ]
            ]
        },
        {
            "file_path": "/data/shapenet_blender/all_50_random/02958343/957a686c3c9f956a3d982653fc5fd75b/r_21",
            "rotation": 0.12566370614359174,
            "transform_matrix": [
                [
                    -0.09877966344356537,
                    0.028552891686558723,
                    0.9946995377540588,
                    4.009762287139893
                ],
                [
                    0.9951093792915344,
                    0.002834306564182043,
                    0.09873898327350616,
                    0.3980295956134796
                ],
                [
                    0.0,
                    0.9995881915092468,
                    -0.028693219646811485,
                    -0.11566607654094696
                ],
                [
                    0.0,
                    0.0,
                    0.0,
                    1.0
                ]
            ]
        },
        {
            "file_path": "/data/shapenet_blender/all_50_random/02958343/957a686c3c9f956a3d982653fc5fd75b/r_22",
            "rotation": 0.12566370614359174,
            "transform_matrix": [
                [
                    -0.2101200520992279,
                    0.08795595169067383,
                    0.9737110137939453,
                    3.9251549243927
                ],
                [
                    0.9776756167411804,
                    0.01890331320464611,
                    0.2092679888010025,
                    0.8435863256454468
                ],
                [
                    1.862645371275562e-09,
                    0.9959449172019958,
                    -0.08996434509754181,
                    -0.36265790462493896
                ],
                [
                    0.0,
                    0.0,
                    0.0,
                    1.0
                ]
            ]
        },
        {
            "file_path": "/data/shapenet_blender/all_50_random/02958343/957a686c3c9f956a3d982653fc5fd75b/r_23",
            "rotation": 0.12566370614359174,
            "transform_matrix": [
                [
                    0.4384702146053314,
                    0.21997027099132538,
                    0.8714109063148499,
                    3.5127696990966797
                ],
                [
                    0.8987457752227783,
                    -0.10731668025255203,
                    -0.4251343905925751,
                    -1.7137715816497803
                ],
                [
                    0.0,
                    0.9695855379104614,
                    -0.24475254118442535,
                    -0.986629068851471
                ],
                [
                    0.0,
                    0.0,
                    0.0,
                    1.0
                ]
            ]
        },
        {
            "file_path": "/data/shapenet_blender/all_50_random/02958343/957a686c3c9f956a3d982653fc5fd75b/r_24",
            "rotation": 0.12566370614359174,
            "transform_matrix": [
                [
                    -0.9047390222549438,
                    -0.16166821122169495,
                    -0.3940947651863098,
                    -1.5886468887329102
                ],
                [
                    -0.42596635222435,
                    0.34337812662124634,
                    0.8370447754859924,
                    3.3742356300354004
                ],
                [
                    -1.4901161193847656e-08,
                    0.9251781702041626,
                    -0.3795328438282013,
                    -1.529945969581604
                ],
                [
                    0.0,
                    0.0,
                    0.0,
                    1.0
                ]
            ]
        },
        {
            "file_path": "/data/shapenet_blender/all_50_random/02958343/957a686c3c9f956a3d982653fc5fd75b/r_25",
            "rotation": 0.12566370614359174,
            "transform_matrix": [
                [
                    -0.939095675945282,
                    -0.2912505269050598,
                    0.18240760266780853,
                    0.7353086471557617
                ],
                [
                    0.34365594387054443,
                    -0.7958893179893494,
                    0.4984583258628845,
                    2.009350061416626
                ],
                [
                    1.4901161193847656e-08,
                    0.5307854413986206,
                    0.8475059866905212,
                    3.4164063930511475
                ],
                [
                    0.0,
                    0.0,
                    0.0,
                    1.0
                ]
            ]
        },
        {
            "file_path": "/data/shapenet_blender/all_50_random/02958343/957a686c3c9f956a3d982653fc5fd75b/r_26",
            "rotation": 0.12566370614359174,
            "transform_matrix": [
                [
                    0.7554176449775696,
                    -0.03175343573093414,
                    0.6544736623764038,
                    2.638267993927002
                ],
                [
                    0.6552436351776123,
                    0.03660791739821434,
                    -0.7545300126075745,
                    -3.0416080951690674
                ],
                [
                    1.862645149230957e-09,
                    0.998825192451477,
                    0.04846049100160599,
                    0.1953504979610443
                ],
                [
                    0.0,
                    0.0,
                    0.0,
                    1.0
                ]
            ]
        },
        {
            "file_path": "/data/shapenet_blender/all_50_random/02958343/957a686c3c9f956a3d982653fc5fd75b/r_27",
            "rotation": 0.12566370614359174,
            "transform_matrix": [
                [
                    0.6315140128135681,
                    0.47294333577156067,
                    0.6144222021102905,
                    2.4768152236938477
                ],
                [
                    0.7753644585609436,
                    -0.3851999342441559,
                    -0.5004307627677917,
                    -2.017300844192505
                ],
                [
                    0.0,
                    0.7924302220344543,
                    -0.6099625825881958,
                    -2.4588377475738525
                ],
                [
                    0.0,
                    0.0,
                    0.0,
                    1.0
                ]
            ]
        },
        {
            "file_path": "/data/shapenet_blender/all_50_random/02958343/957a686c3c9f956a3d982653fc5fd75b/r_28",
            "rotation": 0.12566370614359174,
            "transform_matrix": [
                [
                    0.34118711948394775,
                    -0.831106960773468,
                    0.4391498267650604,
                    1.7702698707580566
                ],
                [
                    0.9399954080581665,
                    0.30166423320770264,
                    -0.15939681231975555,
                    -0.6425491571426392
                ],
                [
                    0.0,
                    0.46718302369117737,
                    0.8841604590415955,
                    3.5641653537750244
                ],
                [
                    0.0,
                    0.0,
                    0.0,
                    1.0
                ]
            ]
        },
        {
            "file_path": "/data/shapenet_blender/all_50_random/02958343/957a686c3c9f956a3d982653fc5fd75b/r_29",
            "rotation": 0.12566370614359174,
            "transform_matrix": [
                [
                    0.9999993443489075,
                    0.0007699637790210545,
                    -0.0008709156536497176,
                    -0.003510773181915283
                ],
                [
                    -0.0011624706676229835,
                    0.6623506546020508,
                    -0.7491930723190308,
                    -3.0200939178466797
                ],
                [
                    0.0,
                    0.7491934895515442,
                    0.662351131439209,
                    2.67002272605896
                ],
                [
                    0.0,
                    0.0,
                    0.0,
                    1.0
                ]
            ]
        },
        {
            "file_path": "/data/shapenet_blender/all_50_random/02958343/957a686c3c9f956a3d982653fc5fd75b/r_30",
            "rotation": 0.12566370614359174,
            "transform_matrix": [
                [
                    0.9951180219650269,
                    0.045849092304706573,
                    -0.08739618211984634,
                    -0.3523052930831909
                ],
                [
                    -0.0986926257610321,
                    0.4622965455055237,
                    -0.8812159895896912,
                    -3.552295207977295
                ],
                [
                    0.0,
                    0.8855391144752502,
                    0.46456462144851685,
                    1.8727198839187622
                ],
                [
                    0.0,
                    0.0,
                    0.0,
                    1.0
                ]
            ]
        },
        {
            "file_path": "/data/shapenet_blender/all_50_random/02958343/957a686c3c9f956a3d982653fc5fd75b/r_31",
            "rotation": 0.12566370614359174,
            "transform_matrix": [
                [
                    -0.988947331905365,
                    0.12959788739681244,
                    0.07202409207820892,
                    0.290338397026062
                ],
                [
                    0.14826692640781403,
                    0.864423930644989,
                    0.4804040491580963,
                    1.936570644378662
                ],
                [
                    3.725290076417309e-09,
                    0.4857730567455292,
                    -0.8740849494934082,
                    -3.5235490798950195
                ],
                [
                    0.0,
                    0.0,
                    0.0,
                    1.0
                ]
            ]
        },
        {
            "file_path": "/data/shapenet_blender/all_50_random/02958343/957a686c3c9f956a3d982653fc5fd75b/r_32",
            "rotation": 0.12566370614359174,
            "transform_matrix": [
                [
                    0.9948635697364807,
                    -0.024544155225157738,
                    -0.09820423275232315,
                    -0.3958739638328552
                ],
                [
                    -0.10122494399547577,
                    -0.2412259876728058,
                    -0.9651753306388855,
                    -3.8907463550567627
                ],
                [
                    0.0,
                    0.9701584577560425,
                    -0.24247145652770996,
                    -0.9774337410926819
                ],
                [
                    0.0,
                    0.0,
                    0.0,
                    1.0
                ]
            ]
        },
        {
            "file_path": "/data/shapenet_blender/all_50_random/02958343/957a686c3c9f956a3d982653fc5fd75b/r_33",
            "rotation": 0.12566370614359174,
            "transform_matrix": [
                [
                    0.5958189964294434,
                    0.2830915153026581,
                    -0.7515708804130554,
                    -3.029679298400879
                ],
                [
                    -0.8031187057495117,
                    0.21002040803432465,
                    -0.557576596736908,
                    -2.2476634979248047
                ],
                [
                    0.0,
                    0.9358153939247131,
                    0.35249024629592896,
                    1.420933723449707
                ],
                [
                    0.0,
                    0.0,
                    0.0,
                    1.0
                ]
            ]
        },
        {
            "file_path": "/data/shapenet_blender/all_50_random/02958343/957a686c3c9f956a3d982653fc5fd75b/r_34",
            "rotation": 0.12566370614359174,
            "transform_matrix": [
                [
                    -0.3425697684288025,
                    -0.1929284632205963,
                    0.9194697141647339,
                    3.706501007080078
                ],
                [
                    0.9394924640655518,
                    -0.07034803926944733,
                    0.3352687954902649,
                    1.3515117168426514
                ],
                [
                    0.0,
                    0.9786877632141113,
                    0.20535393059253693,
                    0.8278082013130188
                ],
                [
                    0.0,
                    0.0,
                    0.0,
                    1.0
                ]
            ]
        },
        {
            "file_path": "/data/shapenet_blender/all_50_random/02958343/957a686c3c9f956a3d982653fc5fd75b/r_35",
            "rotation": 0.12566370614359174,
            "transform_matrix": [
                [
                    -0.5311360955238342,
                    -0.2580990791320801,
                    -0.8070186972618103,
                    -3.2531967163085938
                ],
                [
                    -0.847286581993103,
                    0.16179382801055908,
                    0.5058934688568115,
                    2.0393221378326416
                ],
                [
                    0.0,
                    0.9524745345115662,
                    -0.30461835861206055,
                    -1.2279560565948486
                ],
                [
                    0.0,
                    0.0,
                    0.0,
                    1.0
                ]
            ]
        },
        {
            "file_path": "/data/shapenet_blender/all_50_random/02958343/957a686c3c9f956a3d982653fc5fd75b/r_36",
            "rotation": 0.12566370614359174,
            "transform_matrix": [
                [
                    -0.15664228796958923,
                    -0.8897485136985779,
                    -0.42873138189315796,
                    -1.728271484375
                ],
                [
                    -0.9876554012298584,
                    0.1411142498254776,
                    0.06799686700105667,
                    0.27410414814949036
                ],
                [
                    0.0,
                    0.4340899884700775,
                    -0.9008694887161255,
                    -3.631520986557007
                ],
                [
                    0.0,
                    0.0,
                    0.0,
                    1.0
                ]
            ]
        },
        {
            "file_path": "/data/shapenet_blender/all_50_random/02958343/957a686c3c9f956a3d982653fc5fd75b/r_37",
            "rotation": 0.12566370614359174,
            "transform_matrix": [
                [
                    0.2448182851076126,
                    0.007737104780972004,
                    -0.9695380330085754,
                    -3.9083330631256104
                ],
                [
                    -0.9695689678192139,
                    0.0019536358304321766,
                    -0.24481047689914703,
                    -0.9868626594543457
                ],
                [
                    -1.1641532182693481e-10,
                    0.9999681711196899,
                    0.007979940623044968,
                    0.03216817229986191
                ],
                [
                    0.0,
                    0.0,
                    0.0,
                    1.0
                ]
            ]
        },
        {
            "file_path": "/data/shapenet_blender/all_50_random/02958343/957a686c3c9f956a3d982653fc5fd75b/r_38",
            "rotation": 0.12566370614359174,
            "transform_matrix": [
                [
                    -0.09097187966108322,
                    -0.28644686937332153,
                    -0.9537673592567444,
                    -3.844759464263916
                ],
                [
                    -0.9958534836769104,
                    0.026167115196585655,
                    0.08712728321552277,
                    0.35122135281562805
                ],
                [
                    1.862645371275562e-09,
                    0.9577385783195496,
                    -0.2876396179199219,
                    -1.1595125198364258
                ],
                [
                    0.0,
                    0.0,
                    0.0,
                    1.0
                ]
            ]
        },
        {
            "file_path": "/data/shapenet_blender/all_50_random/02958343/957a686c3c9f956a3d982653fc5fd75b/r_39",
            "rotation": 0.12566370614359174,
            "transform_matrix": [
                [
                    -0.9467059373855591,
                    0.06301917135715485,
                    0.31587404012680054,
                    1.2733290195465088
                ],
                [
                    0.32209908962249756,
                    0.18522444367408752,
                    0.9284093976020813,
                    3.7425379753112793
                ],
                [
                    -3.725290298461914e-09,
                    0.9806734919548035,
                    -0.19565147161483765,
                    -0.7886962890625
                ],
                [
                    0.0,
                    0.0,
                    0.0,
                    1.0
                ]
            ]
        },
        {
            "file_path": "/data/shapenet_blender/all_50_random/02958343/957a686c3c9f956a3d982653fc5fd75b/r_40",
            "rotation": 0.12566370614359174,
            "transform_matrix": [
                [
                    -0.4212551712989807,
                    -0.782713770866394,
                    0.4581518769264221,
                    1.8468692302703857
                ],
                [
                    0.9069420695304871,
                    -0.3635537922382355,
                    0.2128017395734787,
                    0.8578312397003174
                ],
                [
                    0.0,
                    0.5051611065864563,
                    0.8630250692367554,
                    3.4789652824401855
                ],
                [
                    0.0,
                    0.0,
                    0.0,
                    1.0
                ]
            ]
        },
        {
            "file_path": "/data/shapenet_blender/all_50_random/02958343/957a686c3c9f956a3d982653fc5fd75b/r_41",
            "rotation": 0.12566370614359174,
            "transform_matrix": [
                [
                    0.3627898097038269,
                    -0.6963716149330139,
                    0.6192334294319153,
                    2.4962100982666016
                ],
                [
                    0.9318709969520569,
                    0.2711067497730255,
                    -0.24107585847377777,
                    -0.9718079566955566
